retweetContacts,commentContacts,quoteContacts,otherContacts,sumContacts
4569,17,1,0,4587
1,0,0,0,1
150,184,4,0,338
8,0,0,0,8
1,2,1,0,4
4,5,0,0,9
9,0,0,0,9
1,0,0,0,1
11,0,0,0,11
1,0,0,0,1
4127,197,33,0,4357
3,0,0,0,3
3855,0,0,0,3855
1,0,0,0,1
22,0,0,0,22
2,0,0,0,2
423,7,13,0,443
4,0,0,0,4
3150,0,0,0,3150
1,0,0,0,1
12,8,2,0,22
1,0,0,0,1
797,3,3,0,803
1,0,0,0,1
3217,22,10,0,3249
1,0,0,0,1
723,28,18,0,769
3,0,0,0,3
36,0,0,0,36
1,0,0,0,1
4963,29,7,0,4999
1,0,0,0,1
32,4,1,0,37
1,0,0,0,1
448,28,2,0,478
1,0,0,0,1
1,1,0,0,2
275,20,4,0,299
1170,74,18,0,1262
5,0,0,0,5
1990,24,0,0,2014
2,0,0,0,2
592,0,0,0,592
1,0,0,0,1
643,0,0,0,643
2,0,0,0,2
1,0,0,0,1
9,3,0,0,12
1,0,0,0,1
42,2,0,0,44
3,0,0,0,3
104,0,0,0,104
1,0,0,0,1
11062,57,16,0,11135
1,0,0,0,1
25,0,0,0,25
1,0,0,0,1
100,0,0,0,100
1,0,0,0,1
32,1,1,0,34
1,0,0,0,1
22,0,0,0,22
1,0,0,0,1
108,0,1,0,109
1,0,0,0,1
1649,2,1,0,1652
2,0,0,0,2
3,0,0,0,3
1370,142,26,0,1538
9,0,0,0,9
123,52,2,0,177
4,0,0,0,4
1,0,0,0,1
217,3,0,0,220
4,0,0,0,4
1987,3,0,0,1990
1,0,0,0,1
872,12,11,0,895
2,1,0,0,3
9,0,0,0,9
1,0,0,0,1
5511,29,7,0,5547
1,0,0,0,1
18,6,1,0,25
6,1,0,0,7
1,0,0,0,1
2029,70,20,0,2119
1,0,0,0,1
510,1,0,0,511
4,2,0,0,6
126,8,0,0,134
2,0,0,0,2
479,7,2,0,488
3,8,0,0,11
91,0,0,0,91
1,0,0,0,1
680,1,2,0,683
4,0,0,0,4
2603,37,13,0,2653
4,0,0,0,4
429,4,0,0,433
54,0,0,0,54
2,0,0,0,2
182,4,1,0,187
5,0,0,0,5
275,17,1,0,293
117,12,2,0,131
2,0,0,0,2
463,25,6,0,494
2,0,0,0,2
219,11,0,0,230
1,0,0,0,1
2186,6,0,0,2192
1,0,0,0,1
7,9,1,0,17
1,0,0,0,1
4581,267,25,0,4873
7,0,0,0,7
2,0,0,0,2
75,2,0,0,77
4,0,0,0,4
34,24,13,0,71
14,5,2,0,21
271,5,0,0,276
1,0,0,0,1
1,1,0,0,2
1,0,0,0,1
249,23,5,0,277
2,0,0,0,2
37,3,0,0,40
1,0,0,0,1
1,0,0,0,1
2274,108,1,0,2383
1,26,0,0,27
20,0,0,0,20
34,0,0,0,34
1,0,0,0,1
2612,1,1,0,2614
2,0,0,0,2
2,56,0,0,58
1,0,0,0,1
1,0,0,0,1
41,1,0,0,42
1,0,0,0,1
106,29,6,0,141
5,0,0,0,5
2,0,0,0,2
5,1,0,0,6
2,0,0,0,2
2,0,0,0,2
1,0,0,0,1
1,0,0,0,1
1467,61,7,0,1535
1,0,0,0,1
916,4,1,0,921
1,0,0,0,1
228,1,0,0,229
3,3,0,0,6
12268,39,23,0,12330
1,0,0,0,1
187,1,2,0,190
2,0,0,0,2
22,2,0,0,24
3,0,0,0,3
90,2,0,0,92
1,0,0,0,1
844,290,81,0,1215
1,0,0,0,1
8,0,0,0,8
155,12,1,0,168
1,0,0,0,1
477,4,1,0,482
4,0,0,0,4
1,0,0,0,1
993,28,10,0,1031
1,0,0,0,1
427,19,1,0,447
1,0,0,0,1
55,20,10,0,85
4,0,0,0,4
553,0,0,0,553
2,0,0,0,2
71,3,1,0,75
4,0,0,0,4
31,9,0,0,40
2,0,0,0,2
844,31,10,0,885
1,0,0,0,1
142,15,4,0,161
1,0,0,0,1
104,7,2,0,113
11,0,0,0,11
667,4,0,0,671
2,0,0,0,2
624,0,0,0,624
1,0,0,0,1
19,3,0,0,22
1,0,0,0,1
1,0,0,0,1
2675,2,0,0,2677
3,0,0,0,3
4759,615,15,0,5389
1,0,0,0,1
1,0,0,0,1
2,0,0,0,2
3,23,1,0,27
13,2,1,0,16
4,2,0,0,6
19,0,0,0,19
2,0,0,0,2
33,1,0,0,34
17,0,1,0,18
1,0,0,0,1
15,0,1,0,16
1,0,0,0,1
542,37,9,0,588
42,0,0,0,42
1,0,0,0,1
1,0,0,0,1
1,0,0,0,1
511,4,1,0,516
3,0,0,0,3
137,88,4,0,229
1,0,0,0,1
365,44,2,0,411
1,0,0,0,1
4055,210,23,0,4288
1,0,0,0,1
5,0,0,0,5
52,3,1,0,56
58,235,1,0,294
1,0,0,0,1
3,0,0,0,3
33,0,0,0,33
1,0,0,0,1
2,0,0,0,2
1,0,0,0,1
63,1,0,0,64
3,5,0,0,8
370,0,0,0,370
1,0,0,0,1
71,2,0,0,73
1,0,0,0,1
1,0,0,0,1
533,3,2,0,538
4,0,0,0,4
8,1,0,0,9
1,0,0,0,1
1157,68,2,0,1227
7,0,0,0,7
4,0,0,0,4
7,0,0,0,7
28,0,0,0,28
1,0,0,0,1
1,0,0,0,1
120,10,1,0,131
2,0,0,0,2
1,0,0,0,1
243,2,0,0,245
1,0,0,0,1
6,0,0,0,6
1,0,0,0,1
7,6,1,0,14
14,16,0,0,30
91,0,0,0,91
6,0,0,0,6
441,37,9,0,487
4,0,0,0,4
1,0,0,0,1
1796,16,1,0,1813
2,0,0,0,2
1079,6,0,0,1085
1,0,0,0,1
263,31,19,0,313
1,0,0,0,1
3,0,0,0,3
11,0,0,0,11
1,0,0,0,1
1,0,0,0,1
288,19,0,0,307
1,0,0,0,1
1,0,0,0,1
1,0,0,0,1
1489,4,0,0,1493
1,0,0,0,1
1,0,0,0,1
134,0,0,0,134
1,0,0,0,1
1,0,0,0,1
22,0,0,0,22
2,0,0,0,2
107,14,1,0,122
3,1,0,0,4
3,0,0,0,3
652,9,2,0,663
1,0,0,0,1
137,0,0,0,137
1,0,0,0,1
2,0,0,0,2
18,2,1,0,21
1,0,0,0,1
1,0,0,0,1
2,0,0,0,2
1,0,0,0,1
675,38,6,0,719
2,0,0,0,2
74,0,0,0,74
4,0,0,0,4
90,69,2,0,161
1,0,0,0,1
216,19,1,0,236
1,0,0,0,1
1,0,0,0,1
68,8,0,0,76
1,0,0,0,1
379,9,6,0,394
2,0,0,0,2
229,17,3,0,249
2,7,0,0,9
367,62,2,0,431
1,0,0,0,1
49,0,0,0,49
6,0,0,0,6
4,0,0,0,4
4,0,0,0,4
1,0,0,0,1
142,1,0,0,143
1,0,0,0,1
1,0,0,0,1
368,51,2,0,421
5,1,1,0,7
3,0,0,0,3
1,0,0,0,1
1,0,0,0,1
5,0,0,0,5
580,0,0,0,580
1,0,0,0,1
15,0,0,0,15
5,0,0,0,5
277,11,0,0,288
1,0,0,0,1
476,1,1,0,478
2,0,0,0,2
234,7,20,0,261
15,0,0,0,15
108,0,0,0,108
1,0,0,0,1
1259,9,0,0,1268
3,0,0,0,3
5,0,0,0,5
2,0,0,0,2
291,8,2,0,301
3,0,0,0,3
52,3,0,0,55
2,0,0,0,2
152,0,0,0,152
1,0,0,0,1
3,1,0,0,4
171,4,3,0,178
3,0,0,0,3
3,0,0,0,3
37,4,9,0,50
4,46,0,0,50
1,0,0,0,1
1,0,0,0,1
7,6,0,0,13
1,0,0,0,1
171,0,0,0,171
1,0,0,0,1
1,0,0,0,1
7,0,0,0,7
73,3,1,0,77
1,0,0,0,1
186,5,0,0,191
2,0,0,0,2
6,0,0,0,6
9,0,0,0,9
3,0,0,0,3
13,0,4,0,17
2,0,0,0,2
65,6,0,0,71
1,0,0,0,1
49,2,0,0,51
529,9,2,0,540
4,14,0,0,18
86,16,0,0,102
2,0,0,0,2
1,0,0,0,1
2,4,0,0,6
21,0,0,0,21
1,0,0,0,1
83,0,0,0,83
1,0,0,0,1
506,1,0,0,507
1,0,0,0,1
2460,90,24,0,2574
2,0,0,0,2
1,0,0,0,1
79,2,0,0,81
1,0,0,0,1
191,1,1,0,193
1,0,0,0,1
4,0,0,0,4
1,0,0,0,1
3,0,0,0,3
94,0,0,0,94
1,0,0,0,1
2,0,0,0,2
42,7,0,0,49
1,0,0,0,1
4,0,0,0,4
2,0,0,0,2
394,1,0,0,395
1,0,0,0,1
7,0,0,0,7
2,12,0,0,14
2,0,0,0,2
2,0,0,0,2
887,5,1,0,893
1,0,0,0,1
1954,67,16,0,2037
3,0,0,0,3
1,0,0,0,1
1,0,0,0,1
968,19,4,0,991
1,0,0,0,1
579,1,0,0,580
10,0,0,0,10
26,0,0,0,26
27,0,0,0,27
1,0,0,0,1
3,4,0,0,7
7,0,0,0,7
990,61,22,0,1073
4,4,0,0,8
253,1,1,0,255
2,0,0,0,2
1,0,0,0,1
4,0,0,0,4
1,0,0,0,1
1,0,0,0,1
3,0,0,0,3
3105,63,3,0,3171
11,2,1,0,14
47,0,0,0,47
2,0,0,0,2
1,0,0,0,1
79,5,2,0,86
2,0,0,0,2
1,0,0,0,1
74,4,0,0,78
1,0,0,0,1
2,0,0,0,2
6,0,0,0,6
18,2,0,0,20
7,0,0,0,7
106,2,1,0,109
3,0,0,0,3
1863,13,2,0,1878
1,8,0,0,9
14,0,0,0,14
1,0,0,0,1
5,0,0,0,5
1,0,0,0,1
11,0,0,0,11
3,0,0,0,3
20,2,0,0,22
19,8,0,0,27
272,0,0,0,272
1,0,0,0,1
3,5,2,0,10
41,0,0,0,41
1,0,0,0,1
271,5,0,0,276
1,0,0,0,1
1,0,0,0,1
183,0,0,0,183
2,2,0,0,4
1,0,0,0,1
2,0,0,0,2
1,0,0,0,1
299,12,10,0,321
13,0,0,0,13
10,0,0,0,10
1,0,0,0,1
5,0,0,0,5
3,0,0,0,3
723,3,0,0,726
1,0,0,0,1
21,0,0,0,21
1,0,0,0,1
1,0,0,0,1
1,0,0,0,1
914,70,17,0,1001
22,18,0,0,40
728,1,0,0,729
3,0,0,0,3
1,0,0,0,1
232,29,0,0,261
6,2,0,0,8
47,17,3,0,67
12,0,0,0,12
69,29,3,0,101
31,1,0,0,32
1,0,0,0,1
1,0,0,0,1
1285,0,1,0,1286
1,0,0,0,1
76,2,0,0,78
2,0,0,0,2
238,1,0,0,239
1,0,0,0,1
1,0,0,0,1
1,0,0,0,1
1,0,0,0,1
89,15,3,0,107
2,0,0,0,2
3,1,0,0,4
592,31,7,0,630
1,0,0,0,1
458,63,3,0,524
2,0,0,0,2
2,0,0,0,2
302,89,8,0,399
2,0,0,0,2
8,0,0,0,8
369,20,1,0,390
2,0,0,0,2
52,4,0,0,56
1,0,0,0,1
1,0,0,0,1
1,0,0,0,1
1,0,0,0,1
1069,64,3,0,1136
1,0,0,0,1
1,0,0,0,1
2,0,0,0,2
346,0,0,0,346
1,0,0,0,1
1,0,0,0,1
3,0,0,0,3
1081,3,1,0,1085
3,0,0,0,3
1,0,0,0,1
5,0,0,0,5
2,0,0,0,2
1,0,0,0,1
1,0,0,0,1
1,0,0,0,1
40,2,0,0,42
4,0,0,0,4
4,0,0,0,4
1,0,0,0,1
5,0,0,0,5
238,0,1,0,239
1,0,0,0,1
89,0,0,0,89
5,0,2,0,7
5,1,0,0,6
161,35,45,0,241
18,0,0,0,18
2,0,0,0,2
20,11,2,0,33
2,0,0,0,2
219,16,1,0,236
1,0,0,0,1
1,0,0,0,1
223,8,3,0,234
1,0,0,0,1
32,0,0,0,32
1,0,0,0,1
1,0,0,0,1
1088,16,9,0,1113
16,3,0,0,19
1,0,0,0,1
33,8,1,0,42
5,0,0,0,5
132,11,8,0,151
3,3,0,0,6
1,0,0,0,1
1,0,0,0,1
446,34,17,0,497
14,0,0,0,14
1,0,0,0,1
1,0,0,0,1
1,0,0,0,1
1,0,0,0,1
48,42,10,0,100
1,0,0,0,1
87,4,1,0,92
6,0,0,0,6
1,0,0,0,1
1,0,0,0,1
4,0,0,0,4
5,0,0,0,5
1,0,0,0,1
268,16,2,0,286
1,0,0,0,1
23,2,0,0,25
6,0,0,0,6
1,0,0,0,1
1,0,0,0,1
11,0,0,0,11
1,0,0,0,1
3,0,0,0,3
26,19,0,0,45
5,0,0,0,5
67,6,0,0,73
11,10,0,0,21
96,10,0,0,106
298,12,2,0,312
4,0,0,0,4
1,0,0,0,1
1,0,0,0,1
2,0,0,0,2
643,37,7,0,687
1,0,0,0,1
7,0,0,0,7
1217,22,5,0,1244
10,7,0,0,17
1,0,0,0,1
37,0,0,0,37
1,0,0,0,1
942,0,1,0,943
4,0,0,0,4
119,2,0,0,121
1,0,0,0,1
3,0,0,0,3
36,0,0,0,36
3,0,0,0,3
1,0,0,0,1
324,8,1,0,333
1,0,0,0,1
49,1,0,0,50
3,0,0,0,3
2,0,0,0,2
1,0,0,0,1
48,22,0,0,70
3,0,0,0,3
1,0,0,0,1
210,1,0,0,211
2,0,0,0,2
19,0,1,0,20
1,0,0,0,1
2,19,0,0,21
1,0,0,0,1
1,0,0,0,1
714,18,1,0,733
1,0,0,0,1
365,32,23,0,420
1,0,0,0,1
1,0,0,0,1
162,4,3,0,169
7,0,0,0,7
228,19,6,0,253
8,0,0,0,8
177,11,1,0,189
2,0,0,0,2
103,2,0,0,105
1,0,0,0,1
1,0,0,0,1
135,0,0,0,135
1,0,0,0,1
1,0,0,0,1
304,9,1,0,314
5,0,0,0,5
929,7,3,0,939
1,7,0,0,8
1,0,0,0,1
1,0,0,0,1
1,0,0,0,1
171,0,1,0,172
1,0,0,0,1
31,0,0,0,31
64,0,0,0,64
4,0,0,0,4
1,0,0,0,1
310,0,0,0,310
1,0,0,0,1
279,14,0,0,293
2,0,0,0,2
1,0,0,0,1
510,38,7,0,555
1,0,0,0,1
247,11,3,0,261
6,0,0,0,6
1,0,0,0,1
2,0,0,0,2
1,0,0,0,1
1,0,0,0,1
2,0,0,0,2
17,0,0,0,17
1,0,0,0,1
8,2,1,0,11
770,1,0,0,771
1,0,1,0,2
1,0,0,0,1
1,0,0,0,1
36,0,0,0,36
1,0,0,0,1
2,0,0,0,2
13,1,0,0,14
1,0,0,0,1
1,0,0,0,1
3,0,0,0,3
3,0,0,0,3
1,0,0,0,1
43,1,0,0,44
1,0,0,0,1
3,0,0,0,3
3,0,0,0,3
7,0,0,0,7
2,0,0,0,2
1603,102,5,0,1710
1,0,0,0,1
3,0,0,0,3
1,0,0,0,1
1,0,0,0,1
1,0,0,0,1
25,0,0,0,25
1,0,0,0,1
2,0,0,0,2
1,0,0,0,1
1,0,0,0,1
4,0,0,0,4
2,0,0,0,2
36,0,0,0,36
2,0,0,0,2
8,0,0,0,8
71,5,0,0,76
1,0,0,0,1
36,1,2,0,39
32,0,0,0,32
1,0,0,0,1
70,3,0,0,73
2,0,0,0,2
2,0,0,0,2
103,0,0,0,103
1,0,0,0,1
30,1,0,0,31
1,0,0,0,1
45,19,0,0,64
2,0,0,0,2
1,0,0,0,1
1022,12,0,0,1034
2,0,0,0,2
2,2,0,0,4
240,52,7,0,299
1,0,0,0,1
138,41,0,0,179
37,0,0,0,37
55,4,1,0,60
97,0,0,0,97
2,5,0,0,7
2,0,0,0,2
3,0,0,0,3
1,0,0,0,1
1,0,0,0,1
2,0,0,0,2
7,0,0,0,7
106,59,4,0,169
1,0,0,0,1
3,0,0,0,3
5,11,0,0,16
1,0,1,0,2
2,0,0,0,2
6,0,0,0,6
5,0,0,0,5
1,0,0,0,1
290,1,0,0,291
20,0,0,0,20
20,0,0,0,20
1,0,0,0,1
181,1,0,0,182
1,0,0,0,1
180,17,1,0,198
2,0,0,0,2
7,4,0,0,11
116,1,0,0,117
20,0,0,0,20
1,0,0,0,1
4,0,0,0,4
1,0,0,0,1
33,30,0,0,63
3,0,0,0,3
1,0,0,0,1
2,0,0,0,2
5,0,0,0,5
4,0,0,0,4
6,0,0,0,6
38,34,4,0,76
1,0,0,0,1
22,7,2,0,31
10,0,0,0,10
10,0,0,0,10
1,0,0,0,1
1,0,0,0,1
418,21,4,0,443
1,0,0,0,1
2,0,0,0,2
1,0,0,0,1
4,0,0,0,4
1,0,0,0,1
1,0,0,0,1
339,20,5,0,364
6,0,0,0,6
170,1,1,0,172
1,0,0,0,1
36,12,0,0,48
1,0,0,0,1
354,2,0,0,356
4,0,0,0,4
17,1,0,0,18
1,0,0,0,1
6,0,0,0,6
14,28,2,0,44
1,6,0,0,7
2,0,0,0,2
1,0,0,0,1
115,19,4,0,138
3,1,0,0,4
91,6,1,0,98
1,0,0,0,1
2,0,0,0,2
193,2,0,0,195
9,1,0,0,10
130,1,0,0,131
2,0,0,0,2
3,1,0,0,4
1,0,0,0,1
232,49,0,0,281
5,0,0,0,5
21,0,0,0,21
1,0,0,0,1
35,1,0,0,36
1,0,0,0,1
2,0,0,0,2
1,0,0,0,1
2082,16,2,0,2100
1,0,0,0,1
124,6,6,0,136
1,0,0,0,1
61,0,1,0,62
1,0,0,0,1
181,15,1,0,197
8,0,0,0,8
92,7,2,0,101
1,0,0,0,1
88,19,0,0,107
2,0,0,0,2
1,0,0,0,1
1,0,0,0,1
212,6,0,0,218
1,0,0,0,1
1,0,0,0,1
1,0,0,0,1
1,0,0,0,1
76,4,2,0,82
2,4,0,0,6
1,0,0,0,1
1,0,0,0,1
440,66,1,0,507
1,0,0,0,1
1,0,0,0,1
3,0,0,0,3
1,0,0,0,1
3,0,0,0,3
8,0,0,0,8
217,5,3,0,225
7,0,0,0,7
427,7,0,0,434
1,0,0,0,1
1,0,0,0,1
236,15,0,0,251
6,1,0,0,7
6,0,0,0,6
1,0,0,0,1
3,0,0,0,3
1,0,0,0,1
1,0,0,0,1
67,69,9,0,145
3,0,0,0,3
50,0,0,0,50
1,0,0,0,1
16,23,1,0,40
7,9,2,0,18
148,0,0,0,148
1,0,0,0,1
1,0,0,0,1
16,2,0,0,18
1,0,0,0,1
5,61,0,0,66
285,5,0,0,290
6,0,1,0,7
1,0,0,0,1
436,0,1,0,437
1,0,0,0,1
625,0,1,0,626
2,0,0,0,2
9,1,0,0,10
1,0,0,0,1
1,0,0,0,1
11,2,0,0,13
9,0,0,0,9
3,0,0,0,3
42,3,1,0,46
1,0,0,0,1
1,0,0,0,1
4,0,0,0,4
1,0,0,0,1
255,27,3,0,285
7,0,0,0,7
2,0,0,0,2
244,31,1,0,276
1,0,0,0,1
107,5,3,0,115
2,0,0,0,2
5,0,0,0,5
316,9,1,0,326
9,0,0,0,9
121,1,1,0,123
1,0,0,0,1
1,0,0,0,1
62,3,1,0,66
1,0,0,0,1
1105,1,0,0,1106
1,0,0,0,1
5,61,3,0,69
2,0,0,0,2
1,0,0,0,1
90,0,0,0,90
1,0,0,0,1
110,0,0,0,110
2,0,0,0,2
1,0,0,0,1
2,0,0,0,2
1,0,0,0,1
51,0,1,0,52
2,0,0,0,2
3,0,0,0,3
168,3,0,0,171
1,0,0,0,1
11,5,0,0,16
1,0,0,0,1
20,1,0,0,21
12,0,0,0,12
1,0,0,0,1
29,3445,12,0,3486
2,0,0,0,2
18,0,0,0,18
1,0,0,0,1
1,0,0,0,1
9,0,0,0,9
1,0,0,0,1
3,0,0,0,3
89,0,2,0,91
6,22,4,0,32
29,124,1,0,154
1,0,0,0,1
5,0,0,0,5
1,4,0,0,5
1,0,0,0,1
1,0,0,0,1
2,0,0,0,2
1,0,0,0,1
1,0,0,0,1
1,0,0,0,1
64,1,3,0,68
5,0,0,0,5
17,12,2,0,31
1,0,0,0,1
165,1,0,0,166
1,0,0,0,1
18,0,0,0,18
1,0,0,0,1
15,5,1,0,21
1,0,0,0,1
45,28,1,0,74
5,0,0,0,5
31,5,2,0,38
1,0,0,0,1
1,0,0,0,1
1,0,0,0,1
73,59,8,0,140
1,0,0,0,1
2,0,0,0,2
167,2,0,0,169
2,0,0,0,2
1,0,0,0,1
21,15,1,0,37
4,1,0,0,5
150,2,2,0,154
1,0,0,0,1
1,0,0,0,1
1,0,0,0,1
591,34,0,0,625
2,0,0,0,2
328,4,1,0,333
1,0,0,0,1
1,0,0,0,1
1,0,0,0,1
7,1,0,0,8
1,0,0,0,1
1,0,0,0,1
3,0,0,0,3
37,4,0,0,41
2,0,0,0,2
1,0,0,0,1
234,2,0,0,236
2,0,0,0,2
80,33,8,0,121
2,0,0,0,2
1,0,0,0,1
165,2,0,0,167
1,0,0,0,1
1,0,0,0,1
1,0,0,0,1
287,21,21,0,329
2,0,0,0,2
9,1,0,0,10
111,10,2,0,123
10,0,0,0,10
586,5,1,0,592
2,0,0,0,2
1,0,0,0,1
37,0,0,0,37
1,0,0,0,1
415,0,0,0,415
1,0,0,0,1
512,1,0,0,513
1,0,0,0,1
214,0,0,0,214
1,0,0,0,1
205,0,9,0,214
1,4,0,0,5
20,0,0,0,20
2,0,0,0,2
3,0,0,0,3
1,0,0,0,1
13,1,0,0,14
9,0,0,0,9
1,0,0,0,1
1,0,0,0,1
1,0,0,0,1
3,0,0,0,3
2,0,0,0,2
1,0,0,0,1
1,0,0,0,1
13,0,0,0,13
4,0,0,0,4
1,0,0,0,1
38,0,2,0,40
1,0,0,0,1
1,0,0,0,1
4,0,0,0,4
1,0,0,0,1
1,0,0,0,1
1,0,0,0,1
377,2,2,0,381
1,0,0,0,1
1,0,0,0,1
1,0,0,0,1
3,0,0,0,3
1,0,0,0,1
2,0,0,0,2
2,0,0,0,2
1,0,0,0,1
1,0,0,0,1
48,27,4,0,79
73,5,7,0,85
3,0,0,0,3
20,3,1,0,24
1,0,0,0,1
3,0,0,0,3
1,0,0,0,1
1,0,0,0,1
1,0,0,0,1
1,0,0,0,1
178,0,0,0,178
1,0,0,0,1
1,0,0,0,1
321,9,3,0,333
2,0,0,0,2
20,1,0,0,21
14,0,1,0,15
1,0,0,0,1
28,8,0,0,36
2,0,0,0,2
9,1,1,0,11
2,1,0,0,3
1,0,0,0,1
1,0,0,0,1
39,0,0,0,39
1,0,0,0,1
1,0,0,0,1
1,0,0,0,1
2,0,0,0,2
294,5,1,0,300
2,0,0,0,2
84,0,0,0,84
2,0,0,0,2
2,0,0,0,2
1,0,0,0,1
2,0,0,0,2
10,0,0,0,10
1,0,0,0,1
89,12,4,0,105
1,0,0,0,1
1,0,0,0,1
1,0,0,0,1
1,0,0,0,1
338,68,2,0,408
2,0,0,0,2
1,0,0,0,1
1,0,0,0,1
1,0,0,0,1
4,0,0,0,4
1,0,0,0,1
2,0,0,0,2
2,0,0,0,2
1,0,0,0,1
1229,13,1,0,1243
5,0,0,0,5
327,1,0,0,328
1,0,0,0,1
477,1,0,0,478
1,0,0,0,1
1,0,0,0,1
2,0,0,0,2
1,0,0,0,1
1,0,0,0,1
1,0,0,0,1
1,0,0,0,1
1,0,0,0,1
281,18,0,0,299
14,0,0,0,14
1,0,0,0,1
3,7,2,0,12
1,0,0,0,1
1,0,0,0,1
1,0,0,0,1
2,0,0,0,2
77,0,1,0,78
1,0,0,0,1
1,0,0,0,1
22,65,1,0,88
8,0,0,0,8
11,28,1,0,40
1,0,0,0,1
42,0,0,0,42
1,0,0,0,1
61,1,0,0,62
2,0,0,0,2
1,0,0,0,1
687,2,1,0,690
1,0,0,0,1
28,0,0,0,28
6,0,0,0,6
4,1,0,0,5
2,0,0,0,2
55,3,6,0,64
13,2,0,0,15
8,0,0,0,8
1,0,0,0,1
121,19,4,0,144
2,0,0,0,2
1,0,0,0,1
1,0,0,0,1
6,0,0,0,6
1,0,0,0,1
267,1,0,0,268
1,0,0,0,1
129,4,2,0,135
5,0,0,0,5
248,7,4,0,259
13,0,0,0,13
1,0,0,0,1
1,0,0,0,1
2,0,0,0,2
1,0,0,0,1
3,0,0,0,3
72,2,0,0,74
3,0,0,0,3
1,0,0,0,1
467,0,0,0,467
3,0,0,0,3
74,0,0,0,74
2,0,0,0,2
1,0,0,0,1
82,4,2,0,88
1,0,0,0,1
39,0,0,0,39
8,0,0,0,8
29,3,0,0,32
1,0,0,0,1
19,0,0,0,19
1,0,0,0,1
2,0,0,0,2
22,0,1,0,23
1,0,0,0,1
2,0,0,0,2
512,32,1,0,545
2,0,0,0,2
2,0,0,0,2
9,0,0,0,9
1,0,0,0,1
1,0,0,0,1
56,23,20,0,99
1,1,0,0,2
22,7,0,0,29
2,0,0,0,2
1,0,0,0,1
132,2,0,0,134
1,0,0,0,1
87,2,5,0,94
5,0,0,0,5
8,0,0,0,8
2,0,0,0,2
2,0,0,0,2
1,0,0,0,1
1,4,0,0,5
1,0,0,0,1
1,0,0,0,1
66,0,0,0,66
1,0,0,0,1
2,0,0,0,2
1,0,0,0,1
3,0,0,0,3
1,0,0,0,1
1,0,0,0,1
16,1,0,0,17
1,0,0,0,1
2,2,0,0,4
22,0,0,0,22
1,13,0,0,14
1,0,0,0,1
27,29,0,0,56
2,0,0,0,2
5,0,0,0,5
1,0,0,0,1
11,0,0,0,11
768,13,0,0,781
1,0,0,0,1
7,0,0,0,7
140,0,0,0,140
115,135,17,0,267
6,0,0,0,6
2,0,0,0,2
1,0,0,0,1
3,0,0,0,3
68,6,1,0,75
1,0,0,0,1
58,261,0,0,319
5,0,0,0,5
2,0,0,0,2
1,0,0,0,1
1,0,0,0,1
38,0,0,0,38
1,0,0,0,1
1,0,0,0,1
28,0,0,0,28
1,0,0,0,1
4,0,0,0,4
2,0,0,0,2
16,21,1,0,38
2,0,0,0,2
8,0,0,0,8
1,0,0,0,1
88,1,0,0,89
1,0,0,0,1
12,0,0,0,12
1,0,0,0,1
31,3,3,0,37
3,0,0,0,3
1,0,0,0,1
32,2,0,0,34
2,0,0,0,2
218,5,0,0,223
5,0,0,0,5
186,5,2,0,193
5,0,0,0,5
18,6,0,0,24
1,0,0,0,1
24,0,0,0,24
1,0,0,0,1
8,20,0,0,28
2,0,0,0,2
392,8,1,0,401
1,0,0,0,1
1,0,0,0,1
1,0,0,0,1
1,0,0,0,1
8,0,0,0,8
1,0,0,0,1
159,75,13,0,247
4,0,0,0,4
1,0,0,0,1
19,5,1,0,25
1,0,0,0,1
2,0,0,0,2
26,0,0,0,26
7,1,0,0,8
1,0,0,0,1
83,2,0,0,85
1,0,0,0,1
130,1,0,0,131
1,0,0,0,1
2,0,0,0,2
1,0,0,0,1
1,0,0,0,1
1,0,0,0,1
1,0,0,0,1
276,23,6,0,305
1,0,0,0,1
1,0,0,0,1
1,0,0,0,1
1,0,0,0,1
2,0,0,0,2
1,0,0,0,1
89,51,7,0,147
34,0,0,0,34
567,109,13,0,689
1,0,0,0,1
2,0,0,0,2
3,0,0,0,3
476,6,1,0,483
1,0,0,0,1
3,8,0,0,11
6,0,0,0,6
2,0,0,0,2
11,39,1,0,51
8,0,0,0,8
582,8,5,0,595
1,0,0,0,1
28,0,0,0,28
2,0,0,0,2
9,0,0,0,9
3,0,0,0,3
4,0,0,0,4
36,0,0,0,36
1,0,0,0,1
1,0,0,0,1
2,0,0,0,2
24,10,0,0,34
4,0,0,0,4
6,0,0,0,6
2,0,0,0,2
1,0,0,0,1
118,4,0,0,122
12,1,1,0,14
1,0,0,0,1
132,14,1,0,147
199,67,5,0,271
1,0,0,0,1
7,0,0,0,7
4,0,0,0,4
6,0,0,0,6
1,0,0,0,1
1,0,0,0,1
3,0,0,0,3
20,0,0,0,20
1,0,0,0,1
1,0,0,0,1
1,0,0,0,1
9,0,0,0,9
1,0,0,0,1
42,0,0,0,42
1,0,0,0,1
1,0,0,0,1
1,0,0,0,1
1,0,0,0,1
120,4,0,0,124
4,0,0,0,4
1,0,0,0,1
3,0,0,0,3
1,0,0,0,1
1,0,0,0,1
1,0,0,0,1
3,0,0,0,3
99,0,0,0,99
1,0,0,0,1
1,0,0,0,1
1,0,0,0,1
168,40,4,0,212
1,0,0,0,1
3,0,0,0,3
1,0,0,0,1
30,0,2,0,32
1,0,0,0,1
336,107,7,0,450
2,0,0,0,2
19,0,3,0,22
1,0,0,0,1
41,15,3,0,59
1,0,0,0,1
1,0,0,0,1
179,13,1,0,193
1,0,0,0,1
1,0,0,0,1
1,3,0,0,4
40,10,0,0,50
1,0,0,0,1
2,0,0,0,2
6,0,1,0,7
1,0,0,0,1
1,0,0,0,1
1,0,0,0,1
12,5,0,0,17
1,0,0,0,1
149,3,1,0,153
1,0,0,0,1
2,0,0,0,2
6,0,0,0,6
136,6,0,0,142
8,1,0,0,9
1,0,0,0,1
8,0,0,0,8
1,0,0,0,1
1,0,0,0,1
5,0,0,0,5
7,1,1,0,9
1,0,0,0,1
3,0,0,0,3
1,0,0,0,1
1,0,0,0,1
1,0,0,0,1
7,0,0,0,7
15,0,0,0,15
1,0,0,0,1
260,4,0,0,264
2,0,0,0,2
1,0,0,0,1
1,0,0,0,1
1,0,0,0,1
1,0,0,0,1
546,3,1,0,550
19,1,4,0,24
11,0,0,0,11
1,0,0,0,1
57,0,0,0,57
1,0,0,0,1
2,0,0,0,2
1,0,0,0,1
7,0,0,0,7
1,0,0,0,1
170,0,0,0,170
2,0,0,0,2
8,0,0,0,8
1,0,0,0,1
1,0,0,0,1
1,0,0,0,1
1,0,0,0,1
75,0,0,0,75
1,0,0,0,1
1,0,0,0,1
2,0,0,0,2
40,71,5,0,116
1,0,0,0,1
2,0,0,0,2
54,0,0,0,54
2,0,0,0,2
2,0,0,0,2
363,21,1,0,385
2,0,0,0,2
2,0,0,0,2
2,0,0,0,2
275,25,2,0,302
1,0,0,0,1
31,3,0,0,34
1,0,0,0,1
74,1,2,0,77
1,0,0,0,1
2,0,0,0,2
1,0,0,0,1
1,0,0,0,1
183,24,13,0,220
2,0,0,0,2
10,36,0,0,46
12,0,0,0,12
1,0,0,0,1
2,0,0,0,2
1,0,0,0,1
1,0,0,0,1
74,649,0,0,723
1,0,0,0,1
628,0,0,0,628
1,0,0,0,1
1,0,0,0,1
13,0,0,0,13
1,0,0,0,1
113,6,0,0,119
1,6,0,0,7
2,0,0,0,2
1,0,0,0,1
1,0,0,0,1
2,0,0,0,2
2,65,0,0,67
74,0,1,0,75
2,0,0,0,2
89,13,9,0,111
5,0,0,0,5
353,15,1,0,369
5,0,0,0,5
1,0,0,0,1
2,0,0,0,2
1,0,0,0,1
5,0,0,0,5
341,2,5,0,348
3,0,0,0,3
20,1,0,0,21
2,0,0,0,2
5,0,0,0,5
44,6,0,0,50
1,0,0,0,1
77,6,0,0,83
6,0,0,0,6
9,0,0,0,9
1,0,0,0,1
1,0,0,0,1
4,0,0,0,4
1,0,0,0,1
1,0,0,0,1
18,0,0,0,18
3,0,0,0,3
56,0,0,0,56
1,0,0,0,1
323,0,0,0,323
1,0,0,0,1
13,1,0,0,14
1,0,0,0,1
2,2,0,0,4
9,10,2,0,21
1,0,0,0,1
146,56,1,0,203
2,0,0,0,2
1,0,0,0,1
104,65,0,0,169
1,0,0,0,1
696,14,0,0,710
1,0,0,0,1
1,0,0,0,1
86,1,0,0,87
7,0,0,0,7
4,0,0,0,4
1,0,0,0,1
125,8,0,0,133
1,0,0,0,1
77,3,0,0,80
1,0,0,0,1
41,4,0,0,45
278,0,0,0,278
3,0,0,0,3
1,0,0,0,1
1,0,0,0,1
3,2,0,0,5
1,0,0,0,1
1,0,0,0,1
1,0,0,0,1
25,3,0,0,28
1,0,0,0,1
1,0,0,0,1
2,1,0,0,3
1,0,0,0,1
3,0,0,0,3
1,0,0,0,1
1,0,0,0,1
1,0,0,0,1
2,0,0,0,2
1,0,0,0,1
4,0,0,0,4
1,0,0,0,1
1,0,0,0,1
2,0,0,0,2
365,11,1,0,377
2,0,0,0,2
165,7,0,0,172
1,0,0,0,1
89,16,4,0,109
1,0,0,0,1
1,0,0,0,1
1,0,0,0,1
13,3,0,0,16
1,0,0,0,1
130,89,28,0,247
15,1,1,0,17
2,0,0,0,2
3,0,0,0,3
1,0,0,0,1
52,0,0,0,52
1,0,0,0,1
2,0,0,0,2
1,0,0,0,1
13,687,1,0,701
85,2,4,0,91
2,0,0,0,2
92,0,0,0,92
2,0,0,0,2
1,0,0,0,1
1,0,0,0,1
6,0,0,0,6
121,22,8,0,151
1,0,0,0,1
1,0,0,0,1
4,3,0,0,7
77,0,0,0,77
2,0,0,0,2
158,0,0,0,158
1,0,0,0,1
3,0,0,0,3
35,0,0,0,35
3,0,0,0,3
1,0,0,0,1
1,0,0,0,1
137,52,1,0,190
8,4,0,0,12
5,0,0,0,5
2,0,0,0,2
1,0,0,0,1
4,0,0,0,4
3,0,0,0,3
1,0,0,0,1
1,0,0,0,1
126,0,1,0,127
1,0,0,0,1
1,0,0,0,1
1,0,0,0,1
2,0,0,0,2
23,0,0,0,23
1,0,0,0,1
209,0,0,0,209
1,0,0,0,1
375,2,1,0,378
1,0,0,0,1
24,0,0,0,24
22,0,1,0,23
1,0,0,0,1
2,0,0,0,2
1,0,0,0,1
1,0,0,0,1
4,0,0,0,4
1,0,0,0,1
5,0,0,0,5
238,16,12,0,266
8,2,0,0,10
1,0,0,0,1
1,0,0,0,1
1,0,0,0,1
104,2,2,0,108
1,0,0,0,1
5,0,0,0,5
1,0,0,0,1
3,0,0,0,3
5,2,0,0,7
1,0,0,0,1
1,0,0,0,1
20,5,0,0,25
1,0,0,0,1
11,0,0,0,11
1,0,0,0,1
2,0,0,0,2
1,0,0,0,1
3,0,0,0,3
6,26,0,0,32
6,0,0,0,6
1,0,0,0,1
1,0,0,0,1
3,0,0,0,3
1,0,0,0,1
2,0,0,0,2
1,0,0,0,1
2,0,0,0,2
2,0,0,0,2
244,60,3,0,307
1,0,0,0,1
1,0,0,0,1
3,0,0,0,3
3,7,0,0,10
309,26,2,0,337
3,0,0,0,3
2,0,0,0,2
1,0,0,0,1
3,0,0,0,3
53,2,0,0,55
11,2,0,0,13
1,0,0,0,1
47,0,0,0,47
1,0,0,0,1
85,0,0,0,85
4,0,0,0,4
1,0,0,0,1
1,0,0,0,1
1,0,0,0,1
13,0,0,0,13
1,0,0,0,1
254,0,0,0,254
1,0,0,0,1
161,25,4,0,190
1,0,0,0,1
1,0,0,0,1
1,0,0,0,1
1,0,0,0,1
1,0,0,0,1
28,12,0,0,40
445,0,0,0,445
1,0,0,0,1
29,1,0,0,30
1,0,0,0,1
763,53,23,0,839
4,30,0,0,34
136,3,0,0,139
1,0,0,0,1
2,0,0,0,2
1,0,0,0,1
1,0,0,0,1
3,0,0,0,3
3,0,0,0,3
125,5,1,0,131
1,0,0,0,1
1,0,0,0,1
1,0,0,0,1
2,0,1,0,3
3,0,0,0,3
420,2,0,0,422
2,0,0,0,2
4,0,0,0,4
193,8,1,0,202
1,0,0,0,1
4,0,2,0,6
5,0,0,0,5
3,0,0,0,3
63,0,0,0,63
4,0,0,0,4
2,0,0,0,2
115,0,0,0,115
1,0,0,0,1
10,6,0,0,16
5,23,0,0,28
44,0,0,0,44
5,0,0,0,5
1,0,0,0,1
1,0,0,0,1
1,0,0,0,1
138,0,0,0,138
2,0,0,0,2
37,0,0,0,37
1,0,0,0,1
1,0,0,0,1
1,0,0,0,1
1,0,0,0,1
19,8,3,0,30
21,0,0,0,21
1,0,0,0,1
1,0,0,0,1
46,0,0,0,46
1,0,0,0,1
1,0,0,0,1
4,0,0,0,4
3,0,0,0,3
1,0,0,0,1
21,0,0,0,21
3,0,0,0,3
113,1,0,0,114
1,0,0,0,1
4,6,0,0,10
2,0,0,0,2
7,0,0,0,7
5,0,0,0,5
1,0,0,0,1
1,0,0,0,1
317,1,0,0,318
1,0,0,0,1
2,0,0,0,2
1,0,0,0,1
1,0,0,0,1
1,0,0,0,1
1,0,0,0,1
3,0,0,0,3
1,0,0,0,1
90,31,0,0,121
10,30,1,0,41
1,0,0,0,1
11,0,0,0,11
2,0,0,0,2
4,0,1,0,5
3,0,0,0,3
1,0,0,0,1
68,2,0,0,70
10,0,0,0,10
1,0,0,0,1
1,0,0,0,1
1,0,0,0,1
2,0,0,0,2
1,0,0,0,1
282,8,1,0,291
1,0,0,0,1
1,0,0,0,1
6,0,0,0,6
1,0,0,0,1
54,12,0,0,66
6,0,0,0,6
32,0,0,0,32
1,0,0,0,1
6,0,0,0,6
1,0,0,0,1
1,0,0,0,1
1,0,0,0,1
2,68,1,0,71
2,0,0,0,2
1,0,0,0,1
1,0,0,0,1
2,0,0,0,2
2,0,0,0,2
1,4,1,0,6
1,0,0,0,1
1,1,0,0,2
2,3,1,0,6
60,4,0,0,64
1,0,0,0,1
46,3,1,0,50
2,0,0,0,2
77,6,0,0,83
6,3,1,0,10
3,0,0,0,3
1,0,0,0,1
1,0,0,0,1
1,0,0,0,1
7,0,0,0,7
1,0,0,0,1
1,0,0,0,1
3,0,0,0,3
57,6,1,0,64
1,0,0,0,1
3,0,0,0,3
3,0,0,0,3
1,0,0,0,1
40,0,0,0,40
1,0,0,0,1
1,0,0,0,1
1,0,0,0,1
11,0,0,0,11
1,0,0,0,1
4,0,0,0,4
1,0,0,0,1
6,0,0,0,6
5,0,0,0,5
1,0,0,0,1
4,0,0,0,4
1,33,0,0,34
7,133,4,0,144
1,0,0,0,1
5,8,0,0,13
3,0,0,0,3
78,1,3,0,82
3,0,0,0,3
57,67,11,0,135
4,0,0,0,4
12,0,1,0,13
2,0,0,0,2
3,0,0,0,3
5,0,0,0,5
1,0,0,0,1
2,0,0,0,2
2,0,0,0,2
2,0,0,0,2
117,4,1,0,122
1,0,0,0,1
1,0,0,0,1
1,0,0,0,1
102,0,0,0,102
1,0,0,0,1
8,3,0,0,11
3,0,0,0,3
1,0,0,0,1
2,0,0,0,2
1,0,0,0,1
2,0,0,0,2
3,0,0,0,3
1,0,0,0,1
120,104,3,0,227
1,0,0,0,1
1,0,0,0,1
2,0,0,0,2
1,0,0,0,1
1,0,0,0,1
1,0,0,0,1
155,4,0,0,159
1,0,0,0,1
1,0,0,0,1
1,0,0,0,1
1,0,0,0,1
1,0,0,0,1
145,11,2,0,158
5,0,0,0,5
1,0,0,0,1
1,0,0,0,1
22,3,0,0,25
1,0,0,0,1
1,0,0,0,1
1,0,0,0,1
1,2,0,0,3
2,0,0,0,2
2,0,0,0,2
1,0,0,0,1
20,0,0,0,20
20,0,0,0,20
94,1,0,0,95
1,0,0,0,1
1,0,0,0,1
1,0,0,0,1
36,3,1,0,40
1,4,1,0,6
63,28,1,0,92
27,0,0,0,27
1,0,0,0,1
114,597,0,0,711
1,0,0,0,1
9,0,0,0,9
2,0,0,0,2
1,0,0,0,1
1,0,0,0,1
3,0,0,0,3
1,0,0,0,1
2,0,0,0,2
32,47,0,0,79
1,0,0,0,1
12,2,0,0,14
91,0,0,0,91
1,0,0,0,1
3,0,0,0,3
55,0,0,0,55
6,0,0,0,6
1,0,0,0,1
1,0,0,0,1
2,0,0,0,2
1,0,0,0,1
1,0,0,0,1
2,0,0,0,2
105,22,0,0,127
3,0,0,0,3
1,0,0,0,1
1,0,0,0,1
32,0,0,0,32
46,0,0,0,46
1,0,0,0,1
1,0,0,0,1
1,0,0,0,1
7,0,0,0,7
2,0,0,0,2
22,0,0,0,22
12,1,0,0,13
3,0,0,0,3
34,18,3,0,55
2,0,0,0,2
133,5,2,0,140
29,6,0,0,35
81,2,1,0,84
1,0,0,0,1
33,18,12,0,63
1,0,0,0,1
3,0,0,0,3
1,0,0,0,1
388,12,1,0,401
1,0,0,0,1
1,0,0,0,1
209,3,0,0,212
1,0,0,0,1
1,0,0,0,1
2,0,0,0,2
1,0,0,0,1
6,0,0,0,6
11,3,0,0,14
4,0,0,0,4
1,0,0,0,1
1,0,0,0,1
29,0,0,0,29
2,0,0,0,2
2,0,0,0,2
3,0,0,0,3
9,0,0,0,9
5,0,0,0,5
3,0,0,0,3
1,0,0,0,1
1,0,0,0,1
6,0,0,0,6
4,0,0,0,4
3,0,0,0,3
6,0,0,0,6
31,0,0,0,31
1,0,0,0,1
1,0,0,0,1
1,0,0,0,1
1,0,0,0,1
6,0,0,0,6
1,0,0,0,1
451,5,0,0,456
1,0,0,0,1
3,0,0,0,3
1,0,0,0,1
17,2,0,0,19
32,0,0,0,32
29,28,1,0,58
5,0,0,0,5
1,0,0,0,1
37,27,1,0,65
6,0,0,0,6
2,0,0,0,2
7,0,1,0,8
4,0,0,0,4
2,0,0,0,2
3,0,0,0,3
6,5,2,0,13
2,0,0,0,2
6,0,0,0,6
1,0,0,0,1
3,0,0,0,3
2,0,0,0,2
2,0,0,0,2
21,120,3,0,144
2,0,0,0,2
1,0,0,0,1
1,0,0,0,1
9,0,0,0,9
5,9,1,0,15
1,0,0,0,1
6,0,0,0,6
4,0,0,0,4
266,42,3,0,311
1,0,0,0,1
1,0,0,0,1
16,1,0,0,17
1,0,0,0,1
165,1,1,0,167
2,1,1,0,4
1,1,1,0,3
1,0,0,0,1
1,0,0,0,1
493,4,4,0,501
4,0,0,0,4
110,19,2,0,131
1,0,0,0,1
61,1,0,0,62
1,0,0,0,1
380,10,5,0,395
3,0,0,0,3
1,0,0,0,1
1,0,0,0,1
1,0,0,0,1
82,15,2,0,99
2,0,0,0,2
4,0,0,0,4
4,0,0,0,4
16,0,0,0,16
1,0,0,0,1
6,0,0,0,6
5,0,0,0,5
16,0,0,0,16
2,0,0,0,2
1,0,0,0,1
1,0,0,0,1
23,0,0,0,23
1,0,0,0,1
18,50,0,0,68
4,0,0,0,4
2,0,0,0,2
4,0,0,0,4
1,0,0,0,1
22,3,0,0,25
1,0,0,0,1
7,0,0,0,7
4,0,0,0,4
4,0,0,0,4
64,6,0,0,70
1,0,0,0,1
1,0,0,0,1
13,0,0,0,13
4,0,0,0,4
1,0,0,0,1
1,0,0,0,1
2,0,0,0,2
1,0,0,0,1
3,1,0,0,4
4,0,0,0,4
29,0,2,0,31
15,0,0,0,15
87,0,0,0,87
6,0,0,0,6
1,0,0,0,1
1,0,0,0,1
2,0,0,0,2
3,0,0,0,3
1,0,0,0,1
1,0,0,0,1
11,0,0,0,11
1,0,0,0,1
2,0,0,0,2
1,0,0,0,1
1,0,0,0,1
3,0,0,0,3
1,0,0,0,1
4,1,0,0,5
2,0,0,0,2
3,0,0,0,3
1,0,0,0,1
1,0,0,0,1
1,0,0,0,1
41,1,0,0,42
2,0,0,0,2
103,6,3,0,112
2,0,0,0,2
6,0,0,0,6
68,0,0,0,68
2,0,0,0,2
1,0,0,0,1
2,0,0,0,2
2,0,0,0,2
1,0,0,0,1
1,0,0,0,1
10,0,0,0,10
79,53,7,0,139
43,0,1,0,44
1,0,0,0,1
1,0,0,0,1
14,90,1,0,105
3,0,0,0,3
4,0,0,0,4
1,0,0,0,1
1,0,0,0,1
21,2,0,0,23
3,0,0,0,3
16,0,0,0,16
1,0,0,0,1
1,0,0,0,1
1,4,0,0,5
39,2,5,0,46
1,0,0,0,1
15,0,0,0,15
4,0,0,0,4
1,1,0,0,2
4,0,0,0,4
1,0,0,0,1
1,0,0,0,1
7,2,0,0,9
1,0,0,0,1
44,0,0,0,44
54,1,0,0,55
262,136,12,0,410
2,0,0,0,2
16,0,0,0,16
3,0,0,0,3
28,0,0,0,28
1,0,0,0,1
2,0,0,0,2
1,0,0,0,1
1,0,0,0,1
4,0,0,0,4
3,1,0,0,4
3,0,0,0,3
136,7,3,0,146
1,0,0,0,1
159,0,0,0,159
4,0,0,0,4
1,0,0,0,1
1,0,0,0,1
1,0,0,0,1
3,0,0,0,3
2,0,0,0,2
1,0,0,0,1
1,0,0,0,1
1,0,0,0,1
1,17,0,0,18
1,0,0,0,1
55,0,0,0,55
1,0,0,0,1
1,0,0,0,1
2,0,0,0,2
9,0,0,0,9
1,0,0,0,1
4,0,0,0,4
1,2,0,0,3
2,0,0,0,2
1,0,0,0,1
1,0,0,0,1
2,0,0,0,2
1,0,0,0,1
1,0,0,0,1
4,25,0,0,29
4,0,0,0,4
2,0,0,0,2
7,0,0,0,7
128,63,4,0,195
1,0,0,0,1
1,0,0,0,1
2,0,0,0,2
5,0,0,0,5
2,0,0,0,2
1,0,0,0,1
106,0,0,0,106
1,0,0,0,1
35,4,1,0,40
1,0,0,0,1
1,0,0,0,1
160,1,0,0,161
2,0,0,0,2
1,0,0,0,1
8,0,0,0,8
1,0,0,0,1
3,52,2,0,57
19,4,0,0,23
1,0,0,0,1
43,0,0,0,43
1,0,0,0,1
24,6,0,0,30
1,0,0,0,1
2,0,0,0,2
7,0,0,0,7
36,1,0,0,37
1,0,0,0,1
2,0,0,0,2
2,0,0,0,2
2,2,0,0,4
1,0,0,0,1
2,0,0,0,2
1,0,0,0,1
1,0,0,0,1
1,0,0,0,1
1,0,0,0,1
16,1,1,0,18
1,0,0,0,1
3,0,0,0,3
5,8,1,0,14
1,0,0,0,1
16,0,0,0,16
12,0,0,0,12
1,0,0,0,1
2,0,0,0,2
2,0,0,0,2
59,11,0,0,70
1,0,0,0,1
2,0,0,0,2
1,0,0,0,1
3,0,0,0,3
1,0,0,0,1
1,0,0,0,1
12,0,0,0,12
1,0,0,0,1
5,0,0,0,5
271,11,4,0,286
4,4,2,0,10
25,3,0,0,28
27,0,1,0,28
1,0,0,0,1
2,0,0,0,2
1,0,0,0,1
24,7,0,0,31
15,0,0,0,15
1,0,0,0,1
2,0,0,0,2
2,0,0,0,2
39,3,1,0,43
4,0,0,0,4
1,0,0,0,1
1,0,0,0,1
2,0,0,0,2
1,0,0,0,1
1,0,0,0,1
19,0,0,0,19
2,0,0,0,2
116,37,7,0,160
3,0,0,0,3
2,0,0,0,2
1,0,0,0,1
1,0,0,0,1
1,0,0,0,1
1,0,0,0,1
47,9,0,0,56
1,0,0,0,1
2,1,1,0,4
2,0,0,0,2
1,0,0,0,1
1,0,0,0,1
2,0,0,0,2
3,0,0,0,3
1,0,0,0,1
1,0,0,0,1
1,0,0,0,1
390,12,21,0,423
4,0,0,0,4
1,0,0,0,1
2,0,0,0,2
56,22,8,0,86
4,0,0,0,4
1,0,0,0,1
80,17,2,0,99
1,0,0,0,1
1,0,0,0,1
1,0,0,0,1
1,0,0,0,1
2,0,0,0,2
1,0,0,0,1
1,0,0,0,1
10,0,0,0,10
1,0,0,0,1
12,0,0,0,12
4,0,0,0,4
8,21,2,0,31
2,0,0,0,2
283,31,18,0,332
4,0,0,0,4
1,0,0,0,1
10,0,0,0,10
15,2,0,0,17
5,0,0,0,5
2,0,0,0,2
13,17,1,0,31
98,0,0,0,98
1,0,0,0,1
2,0,0,0,2
116,1,0,0,117
1,0,0,0,1
1,0,0,0,1
1,0,0,0,1
1,0,0,0,1
9,25,1,0,35
18,22,2,0,42
2,0,0,0,2
2,0,0,0,2
4,0,0,0,4
1,0,0,0,1
1,0,0,0,1
1,0,0,0,1
1,0,0,0,1
1,0,0,0,1
1,0,0,0,1
1,0,0,0,1
1,0,0,0,1
1,0,0,0,1
1,0,0,0,1
1,0,0,0,1
44,2,0,0,46
1,0,0,0,1
8,0,0,0,8
1,2,0,0,3
285,57,1,0,343
3,0,0,0,3
1,0,0,0,1
1,0,0,0,1
134,33,1,0,168
1,0,0,0,1
3,0,0,0,3
1,0,0,0,1
19,0,1,0,20
1,0,0,0,1
322,8,0,0,330
1,0,0,0,1
1,0,0,0,1
1,3,0,0,4
21,0,0,0,21
2,0,0,0,2
2,0,0,0,2
4,1,0,0,5
1,0,0,0,1
1,0,0,0,1
2,0,0,0,2
228,5,1,0,234
1,0,0,0,1
2,0,0,0,2
1,0,0,0,1
1,3,0,0,4
2,0,0,0,2
2,0,0,0,2
67,0,1,0,68
1,0,0,0,1
28,0,0,0,28
1,0,0,0,1
247,1,0,0,248
1,0,0,0,1
49,0,0,0,49
1,0,0,0,1
1,0,0,0,1
15,0,0,0,15
3,0,0,0,3
4,1,0,0,5
42,12,2,0,56
5,10,3,0,18
5,0,0,0,5
1,0,0,0,1
2,0,0,0,2
14,0,0,0,14
98,5,0,0,103
7,1,0,0,8
3,0,0,0,3
2,0,0,0,2
69,1,0,0,70
1,0,0,0,1
1,0,0,0,1
1,0,0,0,1
1,0,0,0,1
6,0,0,0,6
2,0,0,0,2
1,0,0,0,1
1,0,0,0,1
97,45,0,0,142
1,0,0,0,1
8,1,0,0,9
1,0,0,0,1
1,0,0,0,1
2,0,0,0,2
1,0,0,0,1
56,14,1,0,71
1,0,0,0,1
1,0,0,0,1
1,0,0,0,1
1,0,0,0,1
2,0,0,0,2
16,1,0,0,17
1,0,0,0,1
52,14,2,0,68
3,0,0,0,3
1,0,0,0,1
1,0,0,0,1
2,0,0,0,2
2,0,0,0,2
1,0,0,0,1
5,7,1,0,13
1,0,0,0,1
5,0,0,0,5
2,0,0,0,2
1,0,0,0,1
171,0,0,0,171
1,0,0,0,1
1,0,0,0,1
1,0,0,0,1
9,0,0,0,9
3,0,0,0,3
1,0,0,0,1
1,0,0,0,1
4,0,0,0,4
1,0,0,0,1
1,0,0,0,1
5,0,0,0,5
46,3,0,0,49
2,0,0,0,2
11,0,0,0,11
1,0,0,0,1
1,0,0,0,1
1,0,0,0,1
2,0,0,0,2
1,0,0,0,1
1,0,0,0,1
57,5,1,0,63
2,2,1,0,5
4,0,0,0,4
2,0,0,0,2
3,0,0,0,3
5,0,0,0,5
8,0,0,0,8
1,0,0,0,1
12,1,0,0,13
1,0,0,0,1
70,0,0,0,70
1,0,0,0,1
1,0,0,0,1
3,0,0,0,3
1,0,0,0,1
24,37,4,0,65
1,0,0,0,1
9,0,1,0,10
3,0,0,0,3
1,0,0,0,1
1,0,0,0,1
1,0,0,0,1
1,0,0,0,1
2,0,0,0,2
1,0,0,0,1
1,0,0,0,1
1,0,0,0,1
153,2,0,0,155
2,0,0,0,2
1,0,0,0,1
1,0,0,0,1
4,0,0,0,4
1,0,0,0,1
1,0,0,0,1
209,1,1,0,211
2,0,0,0,2
1,0,0,0,1
2,0,0,0,2
390,142,50,0,582
20,0,0,0,20
1,0,0,0,1
79,3,0,0,82
2,0,0,0,2
58,13,1,0,72
1,0,0,0,1
2,1,0,0,3
1,0,0,0,1
1,0,0,0,1
1,0,0,0,1
1,0,0,0,1
29,1,1,0,31
1,3,0,0,4
1,0,0,0,1
82,14,3,0,99
1,0,0,0,1
1,0,0,0,1
27,2,0,0,29
4,0,0,0,4
2,0,0,0,2
3,0,0,0,3
53,15,0,0,68
3,0,0,0,3
4,0,0,0,4
959,11,6,0,976
1,0,0,0,1
29,0,0,0,29
1,0,0,0,1
8,0,0,0,8
30,0,0,0,30
12,36,2,0,50
3,0,0,0,3
2,0,0,0,2
3,0,0,0,3
38,4,1,0,43
8,0,0,0,8
27,0,0,0,27
1,0,0,0,1
4,0,0,0,4
1,0,0,0,1
2,0,0,0,2
1,0,0,0,1
5,0,0,0,5
1,0,0,0,1
49,6,3,0,58
1,0,0,0,1
3,0,0,0,3
1,0,0,0,1
1,0,0,0,1
4,0,0,0,4
3,0,0,0,3
1,0,0,0,1
1,0,0,0,1
1,0,0,0,1
20,2,2,0,24
1,0,0,0,1
26,0,0,0,26
2,0,0,0,2
1,0,0,0,1
1,0,0,0,1
1,0,0,0,1
6,2,0,0,8
115,3,3,0,121
1,0,0,0,1
12,0,0,0,12
2,1,0,0,3
24,0,0,0,24
1,0,0,0,1
2,0,0,0,2
2,0,0,0,2
32,719,20,0,771
7,6,0,0,13
1,0,0,0,1
1,0,0,0,1
2,0,0,0,2
5,0,1,0,6
1,0,0,0,1
4,0,0,0,4
1,0,0,0,1
1,0,0,0,1
1,0,0,0,1
1,0,0,0,1
51,0,1,0,52
2,0,0,0,2
3,0,0,0,3
1,0,0,0,1
1,0,0,0,1
1,0,0,0,1
37,0,0,0,37
1,0,0,0,1
470,51,0,0,521
1,0,0,0,1
2,0,0,0,2
5,0,0,0,5
1,0,0,0,1
6,0,0,0,6
384,18,6,0,408
7,0,0,0,7
7,1,0,0,8
1,0,0,0,1
2,0,0,0,2
1,0,0,0,1
2,0,0,0,2
2,0,0,0,2
73,11,0,0,84
4,3,0,0,7
2,2,0,0,4
9,0,0,0,9
1,0,0,0,1
172,14,2,0,188
1,0,0,0,1
166,30,6,0,202
6,0,0,0,6
7,0,0,0,7
1,0,0,0,1
3,0,0,0,3
46,0,0,0,46
1,3,0,0,4
3,0,0,0,3
1,0,0,0,1
1,0,0,0,1
1,0,0,0,1
36,0,0,0,36
7,0,0,0,7
1,0,0,0,1
1,0,0,0,1
1,0,0,0,1
28,0,0,0,28
1,0,0,0,1
1,0,0,0,1
3,0,0,0,3
2,0,0,0,2
72,4,0,0,76
2,0,0,0,2
12,12,0,0,24
1,0,0,0,1
1,0,0,0,1
1,0,0,0,1
14,0,0,0,14
1,0,0,0,1
249,10,5,0,264
2,0,0,0,2
16,7,0,0,23
1,0,0,0,1
106,1,0,0,107
1,0,0,0,1
1,0,0,0,1
4,0,0,0,4
1,0,0,0,1
2,0,0,0,2
1,0,0,0,1
1,0,0,0,1
3,0,0,0,3
18,2,0,0,20
1,0,0,0,1
4,0,0,0,4
5,0,0,0,5
1,0,0,0,1
28,5,1,0,34
4,0,0,0,4
2,0,0,0,2
13,0,0,0,13
1,0,0,0,1
2,0,0,0,2
1,0,0,0,1
27,46,0,0,73
2,0,0,0,2
4,0,0,0,4
1,0,0,0,1
1,0,0,0,1
34,5,0,0,39
1,0,0,0,1
2,0,0,0,2
76,7,1,0,84
5,0,0,0,5
4,0,0,0,4
1,0,0,0,1
443,2,4,0,449
1,0,0,0,1
1,0,0,0,1
1,0,0,0,1
26,1,0,0,27
4,0,0,0,4
2,0,0,0,2
2,0,0,0,2
22,0,0,0,22
2,0,0,0,2
15,0,0,0,15
3,0,0,0,3
1,0,0,0,1
1,0,0,0,1
3,0,0,0,3
4,0,0,0,4
1,0,0,0,1
191,8,2,0,201
1,0,0,0,1
6,0,0,0,6
1,0,0,0,1
1,0,0,0,1
6,0,0,0,6
1,0,0,0,1
1,0,0,0,1
3,0,0,0,3
2,0,0,0,2
3,0,0,0,3
44,0,0,0,44
3,0,0,0,3
1,0,0,0,1
2,0,0,0,2
3,0,0,0,3
1,0,0,0,1
55,2,0,0,57
1,0,0,0,1
1,0,0,0,1
1,0,0,0,1
185,2,1,0,188
114,10,0,0,124
68,5,0,0,73
108,54,2,0,164
1,0,0,0,1
514,14,5,0,533
26,18,1,0,45
1,0,0,0,1
1,0,0,0,1
1,0,0,0,1
2,0,0,0,2
1,0,0,0,1
1,0,0,0,1
1,0,0,0,1
4,0,0,0,4
7,0,0,0,7
1,0,0,0,1
1,0,0,0,1
43,0,0,0,43
1,0,0,0,1
1,0,0,0,1
1,0,0,0,1
5,0,0,0,5
1,0,0,0,1
158,2,1,0,161
3,0,0,0,3
9,5,0,0,14
1,0,0,0,1
3,0,0,0,3
1,0,0,0,1
2,0,0,0,2
1,0,0,0,1
3,0,0,0,3
1,0,0,0,1
3,0,0,0,3
8,4,0,0,12
25,5,1,0,31
2,0,0,0,2
1,0,0,0,1
1,0,0,0,1
21,9,0,0,30
10,0,0,0,10
1,0,0,0,1
2,0,0,0,2
1,0,0,0,1
1,0,0,0,1
3,3,0,0,6
1,0,0,0,1
1,0,0,0,1
1,0,0,0,1
29,0,0,0,29
4,0,0,0,4
1,0,0,0,1
1,0,0,0,1
6,0,0,0,6
2,0,0,0,2
1,0,0,0,1
9,5,1,0,15
3,0,0,0,3
9,19,0,0,28
9,0,0,0,9
1,0,0,0,1
2,0,0,0,2
2,0,0,0,2
1,0,0,0,1
1,0,0,0,1
9,0,0,0,9
3,0,0,0,3
1,0,0,0,1
7,0,0,0,7
2,0,0,0,2
2,0,0,0,2
1,0,0,0,1
1,0,0,0,1
3,0,0,0,3
1,0,0,0,1
22,3,0,0,25
1,0,0,0,1
1,0,0,0,1
82,40,22,0,144
2,0,0,0,2
7,0,0,0,7
1,0,0,0,1
39,1,2,0,42
1,0,0,0,1
1,0,0,0,1
2,0,0,0,2
36,0,0,0,36
2,0,0,0,2
2,0,0,0,2
1,0,0,0,1
1,0,0,0,1
33,1,0,0,34
1,0,0,0,1
1,0,0,0,1
2,0,0,0,2
1,0,0,0,1
1,0,0,0,1
1,0,0,0,1
258,5,1,0,264
2,0,0,0,2
1,0,0,0,1
9,1,0,0,10
2,0,0,0,2
111,0,0,0,111
1,0,0,0,1
2,0,0,0,2
101,0,0,0,101
1,0,0,0,1
1,0,0,0,1
159,2,0,0,161
1,0,0,0,1
1,34,0,0,35
9,0,0,0,9
1,0,0,0,1
1,0,0,0,1
1,0,0,0,1
19,3,1,0,23
1,0,0,0,1
1,0,0,0,1
8,7,0,0,15
51,0,0,0,51
2,0,0,0,2
3,0,0,0,3
47,2,1,0,50
2,0,0,0,2
2,0,0,0,2
2,0,0,0,2
1,0,0,0,1
47,0,0,0,47
8,0,0,0,8
3,0,0,0,3
1,0,0,0,1
3,0,0,0,3
236,3,0,0,239
1,0,0,0,1
1,0,0,0,1
19,1,0,0,20
29,0,0,0,29
1,0,0,0,1
1,0,0,0,1
4,0,0,0,4
1,0,0,0,1
3,0,0,0,3
48,6,4,0,58
2,0,0,0,2
4,0,0,0,4
1,0,0,0,1
10,0,0,0,10
32,0,0,0,32
1,6,0,0,7
15,3,3,0,21
3,0,0,0,3
1,0,0,0,1
4,0,0,0,4
1,0,0,0,1
1,0,0,0,1
65,4,3,0,72
2,0,0,0,2
15,0,0,0,15
1,0,0,0,1
4,0,0,0,4
1,0,0,0,1
107,42,0,0,149
2,0,0,0,2
1,0,0,0,1
2,0,0,0,2
11,0,0,0,11
1,0,0,0,1
34,7,0,0,41
1,0,0,0,1
7,0,0,0,7
7,0,0,0,7
6,0,0,0,6
92,2,0,0,94
1,0,0,0,1
31,0,0,0,31
7,0,0,0,7
2,0,0,0,2
1,0,0,0,1
32,18,2,0,52
1,0,0,0,1
8,0,0,0,8
1,9,0,0,10
2,0,0,0,2
1,0,0,0,1
124,10,0,0,134
3,32,1,0,36
1,0,0,0,1
1,0,0,0,1
23,29,6,0,58
6,1,2,0,9
1,0,0,0,1
1,0,0,0,1
207,26,5,0,238
3,0,0,0,3
38,1,0,0,39
2,0,0,0,2
1,0,0,0,1
53,2,1,0,56
2,0,0,0,2
1,0,0,0,1
1,0,0,0,1
1,0,0,0,1
20,0,0,0,20
12,0,0,0,12
1,0,0,0,1
50,11,11,0,72
15,0,0,0,15
1,0,0,0,1
1,0,0,0,1
1,0,0,0,1
1,0,0,0,1
1,0,0,0,1
8,0,0,0,8
17,1,0,0,18
1,0,0,0,1
1,0,0,0,1
1,0,0,0,1
1,0,0,0,1
2,2,0,0,4
1,0,0,0,1
1,0,0,0,1
43,1,3,0,47
1,0,0,0,1
6,0,0,0,6
1,0,0,0,1
1,0,0,0,1
2,0,0,0,2
1,0,0,0,1
1,8,0,0,9
2,0,0,0,2
1,0,0,0,1
1,0,0,0,1
1,0,0,0,1
11,0,0,0,11
2,0,0,0,2
3,0,0,0,3
3,0,0,0,3
57,1,1,0,59
1,0,0,0,1
1,0,0,0,1
5,0,0,0,5
1,0,0,0,1
2,0,0,0,2
24,3,0,0,27
1,0,0,0,1
3,0,0,0,3
1,0,0,0,1
10,56,2,0,68
269,0,0,0,269
1,0,0,0,1
1,0,0,0,1
8,0,0,0,8
1,0,0,0,1
1,0,0,0,1
1,0,0,0,1
4,0,0,0,4
4,0,0,0,4
1,0,0,0,1
1,0,0,0,1
2,3,0,0,5
1,0,0,0,1
1,0,0,0,1
69,1,4,0,74
1,0,0,0,1
30,0,0,0,30
1,0,0,0,1
9,2,0,0,11
3,0,0,0,3
1,0,0,0,1
7,6,1,0,14
3,29,0,0,32
4,0,0,0,4
1,0,0,0,1
26,0,0,0,26
1,0,0,0,1
1,0,0,0,1
4,0,0,0,4
10,3,0,0,13
22,38,4,0,64
6,0,0,0,6
1,0,0,0,1
1,0,0,0,1
2,1,0,0,3
1,0,0,0,1
10,0,0,0,10
3,0,0,0,3
1,0,0,0,1
2,0,0,0,2
1,0,0,0,1
17,0,0,0,17
1,0,0,0,1
1,0,0,0,1
2,0,0,0,2
61,11,3,0,75
6,0,0,0,6
1,0,0,0,1
115,700,3,0,818
1,0,0,0,1
158,10,1,0,169
3,0,0,0,3
2,0,0,0,2
1,0,0,0,1
78,0,0,0,78
1,0,0,0,1
1,0,0,0,1
1,0,0,0,1
5,0,0,0,5
2,0,0,0,2
47,1,0,0,48
1,0,0,0,1
1,0,0,0,1
26,14,1,0,41
1,0,0,0,1
17,21,0,0,38
3,0,0,0,3
11,0,0,0,11
1,0,0,0,1
4,0,0,0,4
2,0,0,0,2
1,0,0,0,1
82,8,2,0,92
68,1,0,0,69
1,0,0,0,1
1,0,0,0,1
1,0,0,0,1
8,0,2,0,10
13,0,0,0,13
1,0,0,0,1
21,0,0,0,21
1,0,0,0,1
14,1,0,0,15
1,0,0,0,1
2,0,1,0,3
180,25,3,0,208
7,0,0,0,7
1,0,0,0,1
14,0,0,0,14
1,0,0,0,1
2,0,0,0,2
1,0,0,0,1
16,4,0,0,20
1,0,0,0,1
5,0,0,0,5
10,28,7,0,45
1,0,0,0,1
1,0,0,0,1
1,6,0,0,7
2,2,1,0,5
36,0,1,0,37
1,0,0,0,1
3,0,0,0,3
1,0,0,0,1
2,5,0,0,7
10,0,0,0,10
1,0,0,0,1
1,0,0,0,1
1,0,0,0,1
4,0,0,0,4
44,0,1,0,45
1,0,0,0,1
14,0,0,0,14
129,0,0,0,129
1,0,0,0,1
3,0,0,0,3
2,0,0,0,2
15,0,0,0,15
122,2,0,0,124
1,0,0,0,1
104,39,17,0,160
1,0,0,0,1
6,5,2,0,13
1,11,1,0,13
4,0,0,0,4
1,0,0,0,1
4,0,0,0,4
1,0,0,0,1
1,0,0,0,1
1,0,0,0,1
2,0,0,0,2
1,0,0,0,1
1,0,0,0,1
10,0,0,0,10
2,0,0,0,2
1,0,0,0,1
8,0,0,0,8
1,0,0,0,1
1,0,0,0,1
1,0,0,0,1
20,1,1,0,22
25,2,0,0,27
2,0,0,0,2
50,0,0,0,50
1,0,0,0,1
1,0,0,0,1
102,0,0,0,102
2,0,0,0,2
1,0,0,0,1
3,0,0,0,3
4,0,0,0,4
3,2,0,0,5
1,0,0,0,1
3,0,0,0,3
1,0,0,0,1
1,0,0,0,1
1,0,0,0,1
2,0,0,0,2
2,0,0,0,2
34,0,0,0,34
39,0,0,0,39
1,0,0,0,1
1,0,0,0,1
3,0,0,0,3
4,0,0,0,4
9,0,0,0,9
1,0,0,0,1
177,11,1,0,189
1,0,0,0,1
461,3,3,0,467
1,0,0,0,1
375,5,7,0,387
2,2,0,0,4
300,6,0,0,306
3,0,0,0,3
3,0,0,0,3
1,0,0,0,1
1,0,0,0,1
46,5,1,0,52
1,0,0,0,1
27,0,0,0,27
1,0,0,0,1
132,2,1,0,135
5,0,0,0,5
1,0,0,0,1
3,0,0,0,3
15,1,0,0,16
1,0,0,0,1
2,0,0,0,2
24,0,0,0,24
2,0,0,0,2
1,0,0,0,1
1,0,0,0,1
2,0,0,0,2
2,0,0,0,2
2,0,0,0,2
1,0,0,0,1
1,0,0,0,1
6,0,0,0,6
1,0,0,0,1
1,0,0,0,1
3,0,0,0,3
1,0,0,0,1
1,0,0,0,1
1,0,0,0,1
2,0,0,0,2
1,0,0,0,1
1,0,0,0,1
36,1,0,0,37
3,0,0,0,3
1,0,0,0,1
8,0,0,0,8
3,0,0,0,3
126,1,0,0,127
3,0,0,0,3
3,0,0,0,3
1,0,0,0,1
5,0,0,0,5
1,0,0,0,1
1,0,0,0,1
1,0,0,0,1
40,0,0,0,40
1,0,0,0,1
1,0,0,0,1
6,0,0,0,6
1,0,0,0,1
63,2,0,0,65
5,0,0,0,5
2,0,0,0,2
2,0,0,0,2
1,0,0,0,1
1,0,0,0,1
13,0,0,0,13
1,0,0,0,1
189,5,0,0,194
1,0,0,0,1
23,16,1,0,40
44,120,0,0,164
3,0,0,0,3
7,0,0,0,7
3,2,0,0,5
16,0,0,0,16
1,0,0,0,1
1,0,0,0,1
1,0,0,0,1
1,0,0,0,1
1,0,0,0,1
2,0,0,0,2
2,0,0,0,2
8,0,0,0,8
4,0,0,0,4
1,0,0,0,1
13,0,0,0,13
1,0,0,0,1
1,0,0,0,1
3,0,0,0,3
1,0,0,0,1
1,0,0,0,1
3,2,0,0,5
2,9,1,0,12
28,0,0,0,28
3,0,0,0,3
91,1,0,0,92
2,0,0,0,2
1,0,0,0,1
39,0,1,0,40
1,0,0,0,1
1,0,0,0,1
114,1,0,0,115
1,0,0,0,1
11,6,0,0,17
1,0,0,0,1
1,0,0,0,1
7,0,0,0,7
1,0,0,0,1
1,1,3,0,5
1,0,0,0,1
2,0,0,0,2
1,0,0,0,1
2,0,0,0,2
10,0,0,0,10
3,0,0,0,3
10,0,0,0,10
1,0,0,0,1
1,0,0,0,1
1,0,0,0,1
1,0,0,0,1
11,0,0,0,11
8,0,0,0,8
1,0,0,0,1
4,0,0,0,4
12,0,0,0,12
1,0,0,0,1
8,0,0,0,8
1,0,0,0,1
4,0,0,0,4
1,0,0,0,1
5,0,0,0,5
1,0,0,0,1
18,4,0,0,22
3,0,0,0,3
1,0,0,0,1
1,0,0,0,1
1,0,0,0,1
1,0,0,0,1
364,7,4,0,375
2,0,0,0,2
23,3,0,0,26
3,0,0,0,3
2,0,0,0,2
2,0,0,0,2
1,0,0,0,1
1,0,0,0,1
2,0,0,0,2
14,0,0,0,14
1,0,0,0,1
1,0,0,0,1
1,0,0,0,1
1,0,0,0,1
1,0,0,0,1
2,0,0,0,2
4,1,0,0,5
2,0,0,0,2
2,5,0,0,7
23,0,0,0,23
1,0,0,0,1
1,0,0,0,1
64,0,0,0,64
1,0,0,0,1
1,0,0,0,1
1,0,0,0,1
1,0,0,0,1
2,2,0,0,4
2,0,0,0,2
59,0,0,0,59
1,0,0,0,1
1,0,0,0,1
3,1,0,0,4
33,4,1,0,38
1,0,0,0,1
9,0,0,0,9
1,0,0,0,1
1,0,0,0,1
136,2,0,0,138
3,0,0,0,3
1,0,0,0,1
1,0,0,0,1
299,9,0,0,308
8,6,0,0,14
3,0,0,0,3
5,0,0,0,5
1,0,0,0,1
384,12,4,0,400
3,0,0,0,3
1,0,0,0,1
2,0,0,0,2
1,0,0,0,1
1,0,0,0,1
9,0,0,0,9
2,0,0,0,2
21,7,0,0,28
1,0,0,0,1
1,0,0,0,1
1,0,0,0,1
1,0,0,0,1
3,0,0,0,3
214,0,0,0,214
2,0,0,0,2
1,0,0,0,1
87,3,0,0,90
1,0,0,0,1
2,0,0,0,2
1,0,0,0,1
2,0,0,0,2
2,0,0,0,2
16,0,0,0,16
5,0,0,0,5
1,0,0,0,1
1,0,0,0,1
5,0,0,0,5
2,0,0,0,2
5,0,0,0,5
2,0,0,0,2
1,0,0,0,1
26,5,0,0,31
4,0,0,0,4
11,0,0,0,11
1,0,0,0,1
4,0,0,0,4
1,0,0,0,1
7,0,0,0,7
1,0,0,0,1
90,0,2,0,92
1,0,0,0,1
1,0,0,0,1
7,0,0,0,7
1,0,0,0,1
1,0,0,0,1
1,0,0,0,1
12,0,0,0,12
1,0,0,0,1
1,0,0,0,1
1,0,0,0,1
1,0,0,0,1
3,0,0,0,3
15,0,0,0,15
1,0,0,0,1
3,0,0,0,3
2,0,0,0,2
10,0,0,0,10
1,0,0,0,1
3,0,0,0,3
8,1,0,0,9
1,2,0,0,3
47,0,1,0,48
1,0,0,0,1
21,0,0,0,21
1,0,0,0,1
8,90,0,0,98
1,0,0,0,1
2,0,0,0,2
1,0,0,0,1
1,0,0,0,1
1,0,0,0,1
1,0,0,0,1
8,0,0,0,8
1,0,0,0,1
181,12,5,0,198
10,0,0,0,10
1,0,0,0,1
7,0,0,0,7
24,0,0,0,24
2,0,0,0,2
1,0,0,0,1
1,0,0,0,1
2,0,0,0,2
1,0,0,0,1
2,0,0,0,2
10,0,0,0,10
2,0,0,0,2
4,0,0,0,4
6,0,0,0,6
2,0,0,0,2
2,0,0,0,2
2,24,0,0,26
2,0,0,0,2
2,0,0,0,2
32,0,0,0,32
1,0,0,0,1
1,0,0,0,1
36,0,0,0,36
1,0,0,0,1
1,0,0,0,1
3,0,0,0,3
1,0,0,0,1
620,5,6,0,631
2,0,0,0,2
1,0,0,0,1
6,4,0,0,10
1,0,0,0,1
1,0,0,0,1
336,6,0,0,342
1,0,0,0,1
1,0,0,0,1
40,15,0,0,55
14,0,0,0,14
1,0,0,0,1
55,0,0,0,55
1,0,0,0,1
1,0,0,0,1
96,28,26,0,150
19,4,1,0,24
287,10,3,0,300
1,0,0,0,1
100,7,6,0,113
1,0,0,0,1
2,0,0,0,2
1,0,0,0,1
1,0,0,0,1
1,0,0,0,1
1,0,0,0,1
1,0,0,0,1
3,0,0,0,3
14,0,0,0,14
1,0,0,0,1
1,0,0,0,1
1,3,0,0,4
1,0,0,0,1
40,4,1,0,45
2,0,0,0,2
12,0,1,0,13
1,0,0,0,1
11,0,0,0,11
2,0,0,0,2
1,0,0,0,1
2,0,0,0,2
2,0,0,0,2
10,0,0,0,10
1,0,0,0,1
1,0,0,0,1
1,0,0,0,1
74,55,20,0,149
1,0,0,0,1
1,0,0,0,1
2,0,0,0,2
1,0,0,0,1
123,0,0,0,123
2,0,0,0,2
1,0,0,0,1
1,0,0,0,1
2,0,0,0,2
1,0,0,0,1
1,0,0,0,1
13,12,0,0,25
8,0,0,0,8
3,0,0,0,3
1,0,0,0,1
6,15,0,0,21
3,0,0,0,3
1,0,0,0,1
1,0,0,0,1
7,1,0,0,8
96,0,0,0,96
1,0,0,0,1
1,0,0,0,1
7,0,0,0,7
1,0,0,0,1
2,0,0,0,2
2,0,0,0,2
1,0,0,0,1
1,0,0,0,1
3,0,0,0,3
1,0,0,0,1
7,0,0,0,7
1,0,0,0,1
46,1,2,0,49
4,0,0,0,4
1,0,0,0,1
57,0,0,0,57
1,0,0,0,1
1,0,0,0,1
2,0,0,0,2
5,0,0,0,5
2,0,0,0,2
10,5,0,0,15
4,0,0,0,4
1,0,0,0,1
74,9,5,0,88
2,2,0,0,4
1,0,0,0,1
5,0,0,0,5
79,0,0,0,79
6,0,0,0,6
1,0,0,0,1
34,1,0,0,35
1,0,0,0,1
1,0,0,0,1
3,0,0,0,3
88,5,1,0,94
1,0,0,0,1
1,0,0,0,1
1,0,0,0,1
1,0,0,0,1
6,0,0,0,6
13,0,0,0,13
19,0,0,0,19
3,0,0,0,3
1,0,0,0,1
1,0,0,0,1
3,0,0,0,3
3,0,0,0,3
1,0,0,0,1
20,0,0,0,20
1,0,0,0,1
6,0,2,0,8
1,0,0,0,1
1,0,0,0,1
2,0,0,0,2
4,23,1,0,28
8,0,0,0,8
1,0,0,0,1
2,3,1,0,6
1,0,0,0,1
3,14,1,0,18
4,0,0,0,4
2,0,0,0,2
2,0,0,0,2
14,0,0,0,14
35,0,1,0,36
1,0,0,0,1
1,0,0,0,1
49,2,0,0,51
12,4,1,0,17
4,0,0,0,4
1,0,0,0,1
2,0,0,0,2
75,1,0,0,76
1,0,0,0,1
1,0,0,0,1
1,0,0,0,1
12,0,0,0,12
2,50,0,0,52
2,0,0,0,2
6,0,0,0,6
1,1,0,0,2
1,1,1,0,3
1,0,0,0,1
1,0,0,0,1
3,0,0,0,3
2,0,0,0,2
1,0,0,0,1
1,0,0,0,1
2,0,0,0,2
330,1,0,0,331
2,0,0,0,2
4,0,0,0,4
1,0,0,0,1
1,0,0,0,1
7,0,0,0,7
33,3,0,0,36
1,0,0,0,1
1,0,0,0,1
1,0,0,0,1
113,3,0,0,116
1,0,0,0,1
1,308,0,0,309
1,0,0,0,1
42,12,0,0,54
7,0,0,0,7
1,0,0,0,1
1,1,0,0,2
1,1,0,0,2
24,6,0,0,30
3,0,0,0,3
2,0,0,0,2
4,4,3,0,11
2,0,0,0,2
4,0,0,0,4
45,0,0,0,45
3,0,0,0,3
63,3,0,0,66
2,0,0,0,2
2,0,0,0,2
2,0,0,0,2
1,0,0,0,1
1,1,0,0,2
9,0,0,0,9
62,3,0,0,65
3,0,0,0,3
27,0,0,0,27
2,2,0,0,4
17,0,0,0,17
3,1,1,0,5
1,0,0,0,1
2,0,0,0,2
58,1,3,0,62
1,0,0,0,1
7,24,1,0,32
1,2,0,0,3
5,0,0,0,5
176,11,35,0,222
1,0,0,0,1
1,0,0,0,1
1,0,0,0,1
1,0,0,0,1
1,0,0,0,1
1,0,0,0,1
2,0,0,0,2
23,1,1,0,25
1,0,0,0,1
1,0,0,0,1
1,0,0,0,1
2,0,0,0,2
1,3,0,0,4
1,0,0,0,1
7,3,0,0,10
9,0,0,0,9
1,0,0,0,1
2,2,0,0,4
3,0,0,0,3
5,0,0,0,5
1,0,0,0,1
3,0,0,0,3
1,0,0,0,1
48,0,2,0,50
2,0,0,0,2
67,3,1,0,71
1,0,0,0,1
11,0,0,0,11
1,0,0,0,1
2,0,0,0,2
3,0,0,0,3
1,0,0,0,1
4,0,0,0,4
45,0,0,0,45
1,2,0,0,3
1,0,0,0,1
2,0,0,0,2
3,0,0,0,3
1,0,0,0,1
12,1,1,0,14
3,0,0,0,3
1,0,0,0,1
2,0,0,0,2
1,0,0,0,1
90,1,0,0,91
7,15,0,0,22
1,0,0,0,1
2,0,0,0,2
14,1,0,0,15
58,1,0,0,59
1,0,0,0,1
1,0,0,0,1
106,0,0,0,106
2,0,0,0,2
1,0,0,0,1
8,76,0,0,84
1,0,0,0,1
112,1,1,0,114
61,14,0,0,75
168,1,2,0,171
2,0,0,0,2
1,0,0,0,1
7,0,0,0,7
1,0,0,0,1
4,0,0,0,4
1,0,0,0,1
1,0,0,0,1
3,0,0,0,3
1,0,0,0,1
1,0,0,0,1
6,0,0,0,6
1,0,0,0,1
128,0,0,0,128
1,0,0,0,1
1,0,0,0,1
84,0,0,0,84
1,0,0,0,1
26,1,0,0,27
1,0,0,0,1
1,0,0,0,1
4,31,27,0,62
2,0,0,0,2
2,0,0,0,2
1,0,0,0,1
4,0,0,0,4
1,0,0,0,1
51,0,0,0,51
1,0,0,0,1
1,0,0,0,1
1,0,0,0,1
1,0,0,0,1
1,0,0,0,1
3,0,0,0,3
33,60,1,0,94
6,2,1,0,9
1,0,0,0,1
11,0,0,0,11
8,0,0,0,8
1,0,0,0,1
1,0,0,0,1
1,3,0,0,4
7,0,0,0,7
3,0,0,0,3
15,24,2,0,41
6,4,0,0,10
1,0,0,0,1
2,0,0,0,2
4,39,1,0,44
12,0,0,0,12
1,0,0,0,1
5,0,0,0,5
1,0,0,0,1
1,0,0,0,1
81,5,0,0,86
1,0,0,0,1
1,0,0,0,1
2,15,0,0,17
2,2,0,0,4
2,0,0,0,2
1,0,0,0,1
1,0,0,0,1
1,0,0,0,1
2,0,0,0,2
1,0,0,0,1
14,2,0,0,16
1,0,0,0,1
3,0,0,0,3
80,1,1,0,82
95,16,3,0,114
2,0,0,0,2
2,0,0,0,2
1,0,0,0,1
2,0,0,0,2
291,16,1,0,308
1,0,0,0,1
242,2,2,0,246
3,0,0,0,3
1,0,0,0,1
1,0,0,0,1
1,0,0,0,1
2,0,0,0,2
5,0,0,0,5
1,0,0,0,1
41,6,0,0,47
4,19,2,0,25
2,0,0,0,2
1,0,0,0,1
6,0,0,0,6
14,2,0,0,16
2,0,0,0,2
4,0,0,0,4
89,26,11,0,126
3,0,0,0,3
3,0,0,0,3
5,3,0,0,8
1,0,0,0,1
28,0,0,0,28
1,0,0,0,1
2,0,0,0,2
2,0,0,0,2
12,2,0,0,14
1,0,0,0,1
1,0,0,0,1
1,0,0,0,1
2,0,0,0,2
3,0,0,0,3
5,0,0,0,5
2,0,0,0,2
27,9,0,0,36
1,0,0,0,1
1,0,0,0,1
1,0,0,0,1
1,0,0,0,1
1,0,0,0,1
5,0,0,0,5
3,6,0,0,9
1,0,0,0,1
7,0,0,0,7
1,0,0,0,1
1,0,0,0,1
1,0,0,0,1
2,0,0,0,2
54,3,0,0,57
5,0,0,0,5
2,0,0,0,2
50,2,0,0,52
1,0,0,0,1
1,0,0,0,1
7,5,1,0,13
4,0,0,0,4
1,0,0,0,1
30,42,16,0,88
24,2,6,0,32
6,0,0,0,6
1,0,0,0,1
44,2,0,0,46
1,0,0,0,1
1,0,0,0,1
1,0,0,0,1
54,0,0,0,54
1,0,0,0,1
3,10,0,0,13
1,0,0,0,1
2,0,0,0,2
77,0,1,0,78
2,0,0,0,2
1,0,0,0,1
14,1,0,0,15
1,0,0,0,1
81,0,1,0,82
1,0,0,0,1
26,0,0,0,26
1,0,0,0,1
6,0,0,0,6
1,0,0,0,1
16,17,3,0,36
2,0,0,0,2
3,0,0,0,3
25,0,0,0,25
1,0,0,0,1
1,0,0,0,1
21,0,0,0,21
1,0,0,0,1
1,0,0,0,1
1,0,0,0,1
1,0,0,0,1
1,0,0,0,1
1,0,0,0,1
3,0,0,0,3
5,18,0,0,23
5,1,0,0,6
1,0,0,0,1
22,2,0,0,24
1,0,0,0,1
1,0,0,0,1
2,0,0,0,2
1,0,0,0,1
7,0,0,0,7
1,0,0,0,1
2,0,0,0,2
2,0,0,0,2
15,0,0,0,15
24,13,1,0,38
11,1,3,0,15
6,6,0,0,12
3,0,0,0,3
9,0,0,0,9
1,0,0,0,1
36,0,0,0,36
1,0,0,0,1
2,0,0,0,2
1,0,0,0,1
1,0,0,0,1
10,0,0,0,10
1,0,0,0,1
66,7,1,0,74
3,13,0,0,16
1,0,0,0,1
23,89,1,0,113
117,2,1,0,120
1,0,0,0,1
2,0,0,0,2
1,0,0,0,1
127,58,4,0,189
3,0,0,0,3
1,0,0,0,1
1,0,0,0,1
1,0,0,0,1
3,0,0,0,3
1,0,0,0,1
1,0,0,0,1
3,1,0,0,4
1,0,0,0,1
81,0,0,0,81
8,0,0,0,8
85,6,0,0,91
5,0,0,0,5
1,0,0,0,1
64,0,0,0,64
2,0,0,0,2
1,0,0,0,1
1,0,0,0,1
8,11,0,0,19
2,1,1,0,4
4,1,0,0,5
1,0,0,0,1
1,0,0,0,1
1,0,0,0,1
5,7,0,0,12
1,0,0,0,1
9,1,0,0,10
6,5,0,0,11
25,2,0,0,27
1,0,0,0,1
1,0,0,0,1
54,0,0,0,54
12,0,0,0,12
9,0,0,0,9
1,0,0,0,1
1,0,0,0,1
1,0,0,0,1
12,12,0,0,24
13,1,0,0,14
4,0,0,0,4
1,0,0,0,1
320,13,0,0,333
1,0,0,0,1
2,0,0,0,2
18,0,0,0,18
20,0,0,0,20
1,0,0,0,1
1,0,0,0,1
1,0,0,0,1
20,2,2,0,24
2,0,0,0,2
54,4,0,0,58
6,0,0,0,6
8,0,0,0,8
4,0,0,0,4
1,0,0,0,1
76,0,0,0,76
1,0,0,0,1
58,0,0,0,58
1,0,0,0,1
1,0,0,0,1
1,0,0,0,1
7,59,0,0,66
2,0,0,0,2
10,0,0,0,10
23,0,0,0,23
1,0,0,0,1
1,0,0,0,1
1,0,0,0,1
21,3,0,0,24
7,0,0,0,7
65,8,0,0,73
1,0,0,0,1
1,0,0,0,1
1,0,0,0,1
1,0,0,0,1
8,0,0,0,8
1,0,0,0,1
3,0,0,0,3
2,0,0,0,2
9,1,0,0,10
16,0,0,0,16
5,0,0,0,5
30,0,0,0,30
1,0,0,0,1
1,0,0,0,1
11,0,0,0,11
1,0,0,0,1
6,2,0,0,8
1,0,0,0,1
24,0,0,0,24
2,0,0,0,2
1,0,0,0,1
2,2,1,0,5
1,0,0,0,1
1,0,0,0,1
16,3,0,0,19
1,0,0,0,1
8,1,0,0,9
6,0,2,0,8
1,0,0,0,1
61,0,0,0,61
1,0,0,0,1
1,0,2,0,3
2,0,0,0,2
1,0,0,0,1
3,0,0,0,3
1,0,0,0,1
1,0,0,0,1
1,0,0,0,1
2,0,0,0,2
1,0,0,0,1
2,0,0,0,2
1,0,0,0,1
1,0,0,0,1
7,0,0,0,7
1,0,0,0,1
1,0,0,0,1
8,1,0,0,9
157,18,0,0,175
1,0,0,0,1
5,0,0,0,5
2,0,0,0,2
2,0,0,0,2
1,0,0,0,1
2,0,0,0,2
2,0,0,0,2
2,0,0,0,2
33,3,1,0,37
1,0,0,0,1
1,0,0,0,1
9,6,4,0,19
32,0,0,0,32
1,0,0,0,1
1,0,0,0,1
3,0,0,0,3
1,0,0,0,1
1,0,0,0,1
15,2,0,0,17
1,1,0,0,2
1,0,0,0,1
6,2,0,0,8
3,0,0,0,3
6,2,0,0,8
52,26,4,0,82
2,0,0,0,2
55,2,2,0,59
1,0,0,0,1
1,0,0,0,1
1,0,0,0,1
3,0,0,0,3
1,0,0,0,1
4,0,1,0,5
192,65,0,0,257
1,0,0,0,1
1,0,0,0,1
1,0,0,0,1
5,2,0,0,7
3,0,0,0,3
1,0,0,0,1
2,0,0,0,2
57,102,9,0,168
18,0,0,0,18
7,0,0,0,7
2,0,0,0,2
1,0,0,0,1
4,4,0,0,8
1,0,0,0,1
3,0,0,0,3
48,0,0,0,48
1,0,0,0,1
14,1,0,0,15
1,0,0,0,1
2,0,0,0,2
1,0,0,0,1
9,8,0,0,17
5,2,0,0,7
115,2,0,0,117
1,0,0,0,1
7,0,0,0,7
1,0,0,0,1
63,6,1,0,70
6,0,0,0,6
92,0,0,0,92
1,0,0,0,1
1,0,0,0,1
3,0,0,0,3
10,0,0,0,10
1,0,0,0,1
10,5,2,0,17
1,0,0,0,1
1,0,0,0,1
32,0,0,0,32
3,0,0,0,3
3,0,0,0,3
15,3,2,0,20
1,0,0,0,1
1,0,0,0,1
1,0,0,0,1
1,0,0,0,1
13,8,0,0,21
1,1,1,0,3
1,0,0,0,1
1,0,0,0,1
3,0,0,0,3
1,0,0,0,1
1,0,0,0,1
1,0,0,0,1
24,0,0,0,24
1,0,0,0,1
1,0,0,0,1
1,0,0,0,1
2,0,0,0,2
1,0,0,0,1
1,0,0,0,1
2,0,0,0,2
2,0,0,0,2
1,0,0,0,1
7,0,0,0,7
1,0,0,0,1
3,0,0,0,3
1,0,0,0,1
1,0,0,0,1
1,0,0,0,1
1,0,0,0,1
2,0,0,0,2
52,0,0,0,52
1,0,0,0,1
1,0,0,0,1
1,0,0,0,1
22,0,0,0,22
1,0,0,0,1
1,12,0,0,13
1,0,0,0,1
26,51,9,0,86
1,0,0,0,1
30,39,0,0,69
1,0,0,0,1
1,0,0,0,1
1,0,0,0,1
8,0,0,0,8
94,0,0,0,94
1,0,0,0,1
2,0,0,0,2
20,2,0,0,22
2,0,0,0,2
1,0,0,0,1
1,0,0,0,1
4,0,0,0,4
1,0,0,0,1
3,1,0,0,4
2,0,0,0,2
1,0,0,0,1
1,0,0,0,1
8,0,0,0,8
2,0,0,0,2
3,0,0,0,3
1,0,0,0,1
1,0,0,0,1
87,1,2,0,90
1,0,0,0,1
14,36,1,0,51
5,0,1,0,6
20,16,1,0,37
14,3,1,0,18
3,0,0,0,3
1,0,0,0,1
1,0,0,0,1
1,0,0,0,1
14,0,0,0,14
7,1,0,0,8
70,9,15,0,94
1,0,0,0,1
12,0,0,0,12
3,4,0,0,7
3,0,0,0,3
2,0,0,0,2
1,0,0,0,1
1,0,0,0,1
20,0,0,0,20
1,0,0,0,1
2,0,0,0,2
1,0,0,0,1
2,1,0,0,3
1,0,0,0,1
5,0,0,0,5
1,0,0,0,1
31,1,0,0,32
3,0,0,0,3
2,0,0,0,2
27,4,1,0,32
1,0,0,0,1
24,0,0,0,24
1,0,0,0,1
45,34,1,0,80
3,2,0,0,5
278,4,0,0,282
1,0,0,0,1
3,0,0,0,3
6,0,0,0,6
2,0,0,0,2
2,0,0,0,2
85,2,1,0,88
2,0,0,0,2
16,0,0,0,16
3,0,0,0,3
1,0,0,0,1
1,0,0,0,1
61,0,0,0,61
2,0,0,0,2
2,0,0,0,2
12,1,2,0,15
237,0,0,0,237
3,0,0,0,3
1,0,0,0,1
1,0,0,0,1
1,0,0,0,1
20,1,0,0,21
1,0,0,0,1
38,0,1,0,39
1,0,0,0,1
1,0,0,0,1
3,0,0,0,3
1,0,0,0,1
1,0,0,0,1
1,0,0,0,1
57,114,0,0,171
68,11,4,0,83
4,0,0,0,4
1,0,0,0,1
3,0,0,0,3
1,0,0,0,1
6,0,0,0,6
2,0,0,0,2
1,0,0,0,1
1,0,0,0,1
2,0,0,0,2
1,0,0,0,1
3,0,0,0,3
1,0,0,0,1
1,0,0,0,1
1,0,0,0,1
1,0,0,0,1
1,0,0,0,1
1,0,0,0,1
1,0,0,0,1
71,22,1,0,94
4,0,0,0,4
1,0,0,0,1
18,10,0,0,28
1,0,0,0,1
115,0,0,0,115
1,0,0,0,1
1,0,0,0,1
5,0,0,0,5
1,0,0,0,1
1,0,0,0,1
1,0,0,0,1
2,0,0,0,2
2,0,0,0,2
2,0,0,0,2
1,0,0,0,1
1,0,0,0,1
1,0,0,0,1
1,0,0,0,1
1,0,0,0,1
5,0,0,0,5
2,0,0,0,2
2,0,0,0,2
1,0,0,0,1
89,66,9,0,164
1,0,0,0,1
1,0,0,0,1
102,0,0,0,102
1,0,0,0,1
83,0,0,0,83
1,0,0,0,1
1,0,0,0,1
1,0,0,0,1
1,0,0,0,1
1,0,0,0,1
1,0,0,0,1
1,0,0,0,1
20,7,3,0,30
3,0,0,0,3
3,0,0,0,3
1,0,0,0,1
4,0,0,0,4
27,0,0,0,27
2,0,0,0,2
1,0,0,0,1
2,0,0,0,2
27,3,0,0,30
1,0,0,0,1
9,3,1,0,13
1,0,0,0,1
2,0,0,0,2
78,27,4,0,109
73,4,0,0,77
1,0,0,0,1
1,15,0,0,16
7,0,0,0,7
7,0,0,0,7
1,0,0,0,1
45,36,1,0,82
2,0,0,0,2
1,0,0,0,1
1,0,0,0,1
1,0,0,0,1
1,0,0,0,1
2,0,0,0,2
3,0,0,0,3
1,0,0,0,1
56,0,0,0,56
2,0,0,0,2
1,0,0,0,1
1,0,0,0,1
1,0,0,0,1
1,0,0,0,1
1,0,0,0,1
2,0,0,0,2
1,0,0,0,1
1,0,0,0,1
2,0,0,0,2
1,0,0,0,1
4,0,0,0,4
1,0,0,0,1
1,0,0,0,1
1,0,0,0,1
3,0,0,0,3
13,0,0,0,13
4,0,0,0,4
1,0,0,0,1
3,0,0,0,3
3,0,0,0,3
3,0,0,0,3
11,4,0,0,15
1,0,0,0,1
1,0,0,0,1
6,4,0,0,10
1,0,0,0,1
7,0,0,0,7
2,0,0,0,2
44,5,0,0,49
3,0,0,0,3
10,0,0,0,10
57,3,0,0,60
26,0,0,0,26
4,0,0,0,4
7,0,0,0,7
1,0,0,0,1
105,1,0,0,106
5,0,0,0,5
2,1,0,0,3
9,19,1,0,29
8,0,0,0,8
1,0,0,0,1
1,0,0,0,1
1,0,0,0,1
115,6,4,0,125
1,0,0,0,1
8,0,0,0,8
1,0,0,0,1
5,0,0,0,5
1,2,0,0,3
5,0,0,0,5
1,0,0,0,1
27,0,0,0,27
1,0,0,0,1
1,0,0,0,1
1,0,0,0,1
5,0,0,0,5
12,3,1,0,16
5,0,0,0,5
1,0,0,0,1
1,0,0,0,1
89,0,1,0,90
1,0,0,0,1
1,0,0,0,1
1,0,0,0,1
2,0,0,0,2
1,0,0,0,1
1,0,0,0,1
4,1,0,0,5
1,0,0,0,1
4,0,0,0,4
47,1,0,0,48
1,0,0,0,1
47,3,1,0,51
1,0,0,0,1
1,0,0,0,1
1,0,0,0,1
77,1,1,0,79
2,0,0,0,2
1,2,0,0,3
1,0,0,0,1
9,0,0,0,9
1,0,0,0,1
1,0,0,0,1
1,0,0,0,1
2,0,0,0,2
3,0,0,0,3
1,0,0,0,1
1,0,0,0,1
3,0,0,0,3
1,0,0,0,1
4,0,0,0,4
3,0,0,0,3
3,0,0,0,3
85,9,3,0,97
1,0,0,0,1
2,0,0,0,2
1,0,0,0,1
29,0,0,0,29
10,0,0,0,10
51,13,8,0,72
4,0,0,0,4
4,0,0,0,4
3,0,0,0,3
4,0,0,0,4
11,0,0,0,11
1,0,0,0,1
7,0,0,0,7
2,0,0,0,2
3,0,0,0,3
19,3,1,0,23
1,0,0,0,1
4,3,1,0,8
54,0,0,0,54
94,0,0,0,94
2,0,0,0,2
1,0,0,0,1
1,0,0,0,1
2,0,0,0,2
2,0,0,0,2
26,31,0,0,57
1,0,0,0,1
2,0,0,0,2
2,0,0,0,2
88,12,1,0,101
148,2,0,0,150
2,0,0,0,2
1,0,0,0,1
7,1,1,0,9
1,0,0,0,1
3,0,0,0,3
1,0,0,0,1
1,0,0,0,1
1,0,0,0,1
1,0,0,0,1
35,746,1,0,782
2,0,0,0,2
4,0,0,0,4
23,1,0,0,24
1,0,0,0,1
4,0,0,0,4
2,0,0,0,2
1,0,0,0,1
1,0,0,0,1
2,0,0,0,2
1,0,0,0,1
3,0,0,0,3
1,0,0,0,1
2,0,0,0,2
1,0,0,0,1
1,0,0,0,1
1,0,0,0,1
26,7,0,0,33
2,0,0,0,2
1,29,0,0,30
2,22,0,0,24
2,1,0,0,3
1,0,0,0,1
1,0,0,0,1
97,1,5,0,103
1,0,0,0,1
302,2,0,0,304
1,0,0,0,1
2,0,0,0,2
1,0,0,0,1
26,0,0,0,26
2,0,0,0,2
1,0,0,0,1
2,0,0,0,2
1,0,0,0,1
3,0,0,0,3
1,0,0,0,1
1,0,0,0,1
1,0,0,0,1
1,0,0,0,1
5,4,0,0,9
1,0,0,0,1
564,44,5,0,613
3,4,1,0,8
3,0,0,0,3
27,89,0,0,116
15,2,0,0,17
1,0,0,0,1
2,1,0,0,3
2,0,0,0,2
5,0,1,0,6
1,0,0,0,1
1,0,0,0,1
17,0,0,0,17
1,0,0,0,1
1,0,0,0,1
1,0,0,0,1
4,0,0,0,4
1,0,0,0,1
1,0,0,0,1
12,0,0,0,12
2,0,0,0,2
1,0,0,0,1
4,0,0,0,4
1,0,0,0,1
9,0,0,0,9
1,0,0,0,1
14,0,0,0,14
2,0,0,0,2
34,0,0,0,34
14,1,0,0,15
40,0,0,0,40
1,0,0,0,1
1,0,0,0,1
2,0,0,0,2
1,0,0,0,1
1,0,0,0,1
48,0,0,0,48
1,0,0,0,1
1,0,0,0,1
1,0,0,0,1
6,0,0,0,6
1,0,0,0,1
8,159,0,0,167
1,0,0,0,1
1,0,0,0,1
8,0,0,0,8
31,0,0,0,31
5,2,1,0,8
1,0,0,0,1
5,2,0,0,7
1,0,0,0,1
2,0,0,0,2
6,0,0,0,6
1,0,0,0,1
5,0,0,0,5
3,0,0,0,3
4,0,0,0,4
10,0,0,0,10
1,0,0,0,1
2,0,0,0,2
1,0,0,0,1
1,0,0,0,1
4,0,0,0,4
1,0,0,0,1
1,0,0,0,1
1,0,0,0,1
2,0,0,0,2
1,0,0,0,1
47,1,0,0,48
8,0,0,0,8
5,0,0,0,5
1,0,0,0,1
1,0,0,0,1
3,0,0,0,3
135,9,2,0,146
5,0,0,0,5
1,0,0,0,1
1,0,0,0,1
1,0,0,0,1
1,1,0,0,2
1,0,0,0,1
1,0,0,0,1
1,0,0,0,1
90,1,0,0,91
2,0,0,0,2
20,0,0,0,20
1,0,0,0,1
69,11,10,0,90
1,0,0,0,1
1,0,0,0,1
63,20,2,0,85
2,0,0,0,2
1,0,0,0,1
1,0,0,0,1
1,0,0,0,1
1,0,0,0,1
63,4,1,0,68
2,0,0,0,2
1,0,0,0,1
1,0,0,0,1
2,0,0,0,2
4,17,3,0,24
2,0,0,0,2
1,0,0,0,1
56,0,0,0,56
1,0,0,0,1
93,1,0,0,94
2,0,0,0,2
1,0,0,0,1
1,0,0,0,1
2,0,0,0,2
59,1,0,0,60
1,0,0,0,1
8,0,0,0,8
3,0,0,0,3
4,0,0,0,4
2,0,0,0,2
11,0,0,0,11
12,0,0,0,12
10,1,0,0,11
2,0,0,0,2
1,0,0,0,1
2,0,0,0,2
1,0,0,0,1
3,4,0,0,7
6,0,0,0,6
13,0,0,0,13
3,0,0,0,3
1,0,0,0,1
2,0,0,0,2
6,0,0,0,6
1,0,0,0,1
2,0,0,0,2
2,0,0,0,2
10,0,0,0,10
90,6,0,0,96
2,0,0,0,2
1,0,0,0,1
2,0,0,0,2
56,0,0,0,56
1,0,0,0,1
118,1,1,0,120
2,0,0,0,2
2,0,0,0,2
1,0,0,0,1
1,9,1,0,11
2,0,0,0,2
137,16,7,0,160
2,0,0,0,2
1,0,0,0,1
3,0,0,0,3
6,2,0,0,8
2,0,0,0,2
1,0,0,0,1
26,0,0,0,26
2,0,0,0,2
2,0,0,0,2
1,0,0,0,1
1,0,0,0,1
1,0,0,0,1
7,0,0,0,7
1,0,0,0,1
1,0,0,0,1
1,0,0,0,1
2,0,0,0,2
2,0,0,0,2
1,0,0,0,1
36,0,1,0,37
6,2,0,0,8
1,0,0,0,1
1,3,0,0,4
9,0,0,0,9
2,0,0,0,2
11,0,0,0,11
1,0,0,0,1
2,0,0,0,2
7,0,0,0,7
84,1,0,0,85
4,0,0,0,4
1,0,0,0,1
13,0,0,0,13
6,0,0,0,6
1,0,0,0,1
5,4,1,0,10
1,0,0,0,1
1,0,0,0,1
1,0,0,0,1
1,0,0,0,1
2,0,0,0,2
2,0,0,0,2
25,2,1,0,28
1,0,0,0,1
81,0,0,0,81
1,0,0,0,1
1,0,0,0,1
2,3,0,0,5
4,0,0,0,4
1,0,0,0,1
8,32,3,0,43
1,0,0,0,1
1,0,0,0,1
1,0,0,0,1
1,0,0,0,1
7,0,0,0,7
1,0,0,0,1
17,5,0,0,22
2,0,0,0,2
1,0,0,0,1
2,0,0,0,2
1,0,0,0,1
1,0,0,0,1
1,0,0,0,1
3,0,0,0,3
1,0,0,0,1
1,0,0,0,1
1,0,0,0,1
31,9,3,0,43
7,0,0,0,7
1,0,0,0,1
1,0,0,0,1
4,0,0,0,4
10,0,0,0,10
4,0,0,0,4
10,0,0,0,10
1,0,0,0,1
2,0,0,0,2
76,34,1,0,111
2,0,0,0,2
92,0,0,0,92
1,0,0,0,1
1,0,0,0,1
2,0,0,0,2
1,0,0,0,1
1,0,0,0,1
1,0,0,0,1
3,0,0,0,3
4,0,0,0,4
3,0,0,0,3
12,0,0,0,12
2,0,0,0,2
21,0,0,0,21
7,0,0,0,7
34,2,0,0,36
2,0,0,0,2
1,0,0,0,1
1,0,0,0,1
1,0,0,0,1
19,41,4,0,64
1,0,0,0,1
3,0,0,0,3
22,56,12,0,90
10,6,2,0,18
1,0,0,0,1
1,0,0,0,1
1,0,0,0,1
1,0,0,0,1
103,48,0,0,151
5,0,0,0,5
2,0,0,0,2
22,0,0,0,22
1,0,0,0,1
1,0,0,0,1
5,0,0,0,5
1,0,0,0,1
8,2,0,0,10
4,0,0,0,4
2,0,0,0,2
150,4,2,0,156
1,0,0,0,1
2,0,0,0,2
21,0,0,0,21
5,16,0,0,21
15,3,0,0,18
2,0,0,0,2
46,0,0,0,46
1,0,0,0,1
1,0,0,0,1
10,0,0,0,10
1,0,0,0,1
16,1,0,0,17
125,20,1,0,146
11,0,0,0,11
1,0,0,0,1
1,0,0,0,1
2,0,0,0,2
3,11,0,0,14
1,0,0,0,1
13,4,2,0,19
3,0,0,0,3
38,2,0,0,40
1,0,0,0,1
11,0,0,0,11
1,0,0,0,1
7,0,0,0,7
1,0,0,0,1
15,0,0,0,15
3,0,0,0,3
1,0,0,0,1
1,0,0,0,1
3,0,0,0,3
2,0,0,0,2
1,0,0,0,1
1,22,0,0,23
1,3,0,0,4
4,0,0,0,4
1,0,0,0,1
1,0,0,0,1
2,0,0,0,2
1,5,0,0,6
1,2,0,0,3
5,0,0,0,5
1,0,0,0,1
2,0,0,0,2
2,0,0,0,2
4,0,0,0,4
1,0,0,0,1
1,0,0,0,1
1,0,0,0,1
1,0,0,0,1
1,0,0,0,1
1,0,0,0,1
1,0,0,0,1
40,5,0,0,45
1,0,0,0,1
5,0,0,0,5
1,0,0,0,1
1,0,0,0,1
2,0,0,0,2
11,0,0,0,11
1,0,0,0,1
6,0,0,0,6
3,0,0,0,3
6,0,0,0,6
31,0,0,0,31
1,0,0,0,1
1,0,0,0,1
1,0,0,0,1
193,0,1,0,194
1,0,0,0,1
1,0,0,0,1
1,0,0,0,1
24,0,0,0,24
11,0,0,0,11
2,0,0,0,2
1,0,0,0,1
123,15,0,0,138
29,4,2,0,35
1,0,0,0,1
2,0,0,0,2
86,22,0,0,108
36,0,1,0,37
3,0,0,0,3
7,1,1,0,9
5,0,0,0,5
2,0,0,0,2
5,0,0,0,5
1,0,0,0,1
1,0,0,0,1
1,0,0,0,1
1,0,0,0,1
46,2,0,0,48
12,0,0,0,12
4,0,0,0,4
60,5,3,0,68
3,0,0,0,3
2,0,0,0,2
1,0,0,0,1
27,1,1,0,29
1,0,0,0,1
4,0,0,0,4
22,1,1,0,24
1,0,0,0,1
1,0,0,0,1
2,0,0,0,2
2,0,0,0,2
1,0,0,0,1
1,0,0,0,1
2,0,0,0,2
4,0,0,0,4
73,1,2,0,76
2,0,0,0,2
122,1,0,0,123
3,0,0,0,3
1,0,0,0,1
7,0,0,0,7
1,0,0,0,1
16,0,0,0,16
7,6,0,0,13
1,0,0,0,1
1,0,0,0,1
2,0,0,0,2
1,0,0,0,1
3,0,0,0,3
6,0,0,0,6
3,0,0,0,3
1,0,0,0,1
1,0,0,0,1
28,10,6,0,44
1,0,0,0,1
63,5,0,0,68
1,0,0,0,1
4,0,0,0,4
10,0,0,0,10
2,7,0,0,9
1,0,0,0,1
1,0,0,0,1
1,0,0,0,1
2,0,0,0,2
1,0,0,0,1
1,0,0,0,1
1,0,0,0,1
7,0,0,0,7
1,0,0,0,1
1,0,0,0,1
3,0,0,0,3
17,2,2,0,21
1,0,0,0,1
6,0,0,0,6
1,0,0,0,1
1,0,0,0,1
2,0,0,0,2
1,0,0,0,1
4,0,0,0,4
1,0,0,0,1
5,1,1,0,7
2,0,0,0,2
1,0,0,0,1
3,0,0,0,3
2,0,0,0,2
1,0,0,0,1
1,0,0,0,1
1,0,1,0,2
1,0,0,0,1
8,0,0,0,8
2,0,0,0,2
4,0,0,0,4
5,0,0,0,5
1,0,0,0,1
92,8,1,0,101
28,2,0,0,30
1,0,0,0,1
1,0,0,0,1
2,0,0,0,2
2,0,0,0,2
23,0,0,0,23
3,0,0,0,3
2,0,0,0,2
2,0,0,0,2
3,0,0,0,3
5,0,0,0,5
1,0,0,0,1
1,0,0,0,1
2,0,0,0,2
1,0,0,0,1
1,0,0,0,1
15,7,1,0,23
2,0,0,0,2
3,0,0,0,3
19,0,0,0,19
1,0,0,0,1
152,7,2,0,161
1,0,0,0,1
5,0,0,0,5
1,0,0,0,1
1,0,0,0,1
1,0,0,0,1
1,0,0,0,1
1,0,0,0,1
1,10,1,0,12
2,0,0,0,2
6,1,0,0,7
2,0,0,0,2
3,0,0,0,3
2,0,0,0,2
4,4,0,0,8
1,0,0,0,1
9,0,0,0,9
1,0,0,0,1
2,0,0,0,2
3,0,0,0,3
3,0,0,0,3
5,0,0,0,5
4,0,0,0,4
8,0,0,0,8
1,0,0,0,1
2,0,0,0,2
54,6,0,0,60
1,0,0,0,1
2,0,0,0,2
11,0,0,0,11
2,0,0,0,2
9,1,3,0,13
1,2,0,0,3
1,0,0,0,1
10,0,0,0,10
1,0,0,0,1
1,0,0,0,1
1,0,0,0,1
55,2,6,0,63
1,0,0,0,1
12,0,0,0,12
2,0,0,0,2
12,0,0,0,12
1,0,0,0,1
48,71,13,0,132
2,0,0,0,2
17,3,0,0,20
1,0,0,0,1
3,0,0,0,3
9,0,0,0,9
2,0,0,0,2
1,0,0,0,1
34,33,1,0,68
75,18,2,0,95
5,0,0,0,5
1,0,0,0,1
2,0,0,0,2
5,0,0,0,5
11,0,0,0,11
1,2,1,0,4
1,0,0,0,1
2,0,0,0,2
1,0,0,0,1
2,0,0,0,2
1,0,0,0,1
2,0,0,0,2
1,0,0,0,1
1,0,0,0,1
1,0,0,0,1
1,0,0,0,1
1,0,0,0,1
9,0,0,0,9
2,0,0,0,2
1,2,0,0,3
1,0,0,0,1
23,5,1,0,29
3,0,0,0,3
4,0,0,0,4
1,0,0,0,1
19,0,0,0,19
1,0,0,0,1
1,0,0,0,1
1,0,0,0,1
2,0,0,0,2
1,0,0,0,1
250,8,0,0,258
1,0,0,0,1
1,0,0,0,1
1,0,0,0,1
1,0,0,0,1
1,0,0,0,1
44,1,0,0,45
3,1,0,0,4
1,0,0,0,1
2,0,0,0,2
1,0,0,0,1
3,0,0,0,3
1,1,1,0,3
2,0,0,0,2
1,0,0,0,1
4,0,0,0,4
2,0,0,0,2
1,0,0,0,1
1,0,0,0,1
3,0,0,0,3
3,0,0,0,3
1,0,0,0,1
12,0,0,0,12
34,0,0,0,34
2,0,0,0,2
1,0,0,0,1
14,0,0,0,14
4,0,0,0,4
10,2,2,0,14
3,0,0,0,3
6,0,0,0,6
1,0,0,0,1
1,0,0,0,1
1,0,0,0,1
9,1,0,0,10
1,0,0,0,1
1,0,0,0,1
1,0,0,0,1
2,0,0,0,2
1,0,0,0,1
1,0,0,0,1
7,0,0,0,7
1,0,0,0,1
1,0,0,0,1
3,0,0,0,3
1,0,0,0,1
4,0,0,0,4
79,1,0,0,80
1,0,0,0,1
10,105,0,0,115
3,0,0,0,3
1,0,0,0,1
29,633,0,0,662
3,0,0,0,3
4,0,0,0,4
1,0,0,0,1
6,1,0,0,7
1,0,0,0,1
1,0,0,0,1
118,12,2,0,132
1,0,0,0,1
2,2,0,0,4
6,0,0,0,6
2,0,0,0,2
3,0,0,0,3
1,0,0,0,1
3,0,0,0,3
1,0,0,0,1
40,62,1,0,103
4,0,0,0,4
1,0,0,0,1
99,0,0,0,99
2,0,0,0,2
2,0,0,0,2
2,0,0,0,2
2,0,0,0,2
2,0,0,0,2
1,0,0,0,1
1,0,0,0,1
1,0,0,0,1
2,0,0,0,2
1,0,0,0,1
1,0,0,0,1
1,0,0,0,1
2,0,0,0,2
1,0,0,0,1
10,0,0,0,10
5,0,0,0,5
1,0,0,0,1
15,0,0,0,15
1,0,0,0,1
4,0,0,0,4
3,0,0,0,3
153,8,2,0,163
1,0,0,0,1
1,0,0,0,1
1,0,0,0,1
1,0,0,0,1
1,1,0,0,2
2,0,0,0,2
6,1,0,0,7
1,0,0,0,1
23,8,1,0,32
1,0,0,0,1
3,0,0,0,3
32,0,0,0,32
1,0,0,0,1
1,0,0,0,1
1,0,0,0,1
1,0,1,0,2
1,0,0,0,1
54,0,0,0,54
2,0,0,0,2
1,0,0,0,1
21,59,1,0,81
12,1,0,0,13
1,0,0,0,1
3,0,0,0,3
5,0,0,0,5
1,0,0,0,1
1,0,0,0,1
1,0,0,0,1
1,0,0,0,1
1,0,0,0,1
3,0,0,0,3
10,0,0,0,10
10,3,1,0,14
1,0,0,0,1
3,0,0,0,3
1,0,0,0,1
20,2,0,0,22
2,0,0,0,2
1,0,0,0,1
1,0,0,0,1
2,0,0,0,2
3,0,0,0,3
1,0,0,0,1
1,0,0,0,1
18,0,0,0,18
1,0,0,0,1
1,0,0,0,1
1,0,0,0,1
1,0,0,0,1
1,10,0,0,11
22,83,1,0,106
2,0,0,0,2
38,8,0,0,46
8,0,0,0,8
1,0,0,0,1
8,0,0,0,8
1,0,0,0,1
2,0,0,0,2
1,0,0,0,1
1,0,0,0,1
1,0,0,0,1
1,0,0,0,1
2,0,0,0,2
1,0,0,0,1
1,0,0,0,1
1,0,0,0,1
1,0,0,0,1
1,0,0,0,1
2,0,0,0,2
1,0,0,0,1
3,0,0,0,3
2,0,0,0,2
1,0,0,0,1
4,1,0,0,5
29,0,0,0,29
1,0,0,0,1
1,0,0,0,1
1,0,0,0,1
1,0,0,0,1
1,0,0,0,1
5,0,0,0,5
10,0,0,0,10
4,0,0,0,4
2,0,0,0,2
1,0,0,0,1
1,0,0,0,1
2,0,0,0,2
2,0,0,0,2
1,0,0,0,1
1,0,0,0,1
3,163,0,0,166
3,4,0,0,7
1,0,0,0,1
1,0,0,0,1
3,0,1,0,4
16,9,7,0,32
11,0,0,0,11
69,23,0,0,92
13,0,0,0,13
1,0,0,0,1
1,0,0,0,1
29,11,0,0,40
2,0,0,0,2
2,0,0,0,2
74,1,0,0,75
2,0,0,0,2
1,6,0,0,7
2,0,0,0,2
5,0,0,0,5
1,0,0,0,1
1,0,0,0,1
13,9,1,0,23
1,0,0,0,1
1,0,0,0,1
1,0,0,0,1
1,0,0,0,1
1,0,0,0,1
1,0,0,0,1
16,2,1,0,19
1,0,0,0,1
1,0,0,0,1
2,0,0,0,2
4,0,0,0,4
3,0,0,0,3
2,0,0,0,2
1,0,0,0,1
129,1,0,0,130
1,0,0,0,1
49,0,0,0,49
1,0,0,0,1
1,0,0,0,1
3,4,1,0,8
1,0,0,0,1
3,0,0,0,3
18,2,0,0,20
2,0,0,0,2
6,0,0,0,6
9,1,0,0,10
1,0,0,0,1
1,0,0,0,1
1,0,0,0,1
1,0,0,0,1
1,0,0,0,1
172,3,0,0,175
1,0,0,0,1
4,0,0,0,4
1,0,0,0,1
1,0,0,0,1
58,0,0,0,58
1,0,0,0,1
42,1,2,0,45
1,0,0,0,1
40,19,0,0,59
1,0,0,0,1
1,0,0,0,1
1,0,0,0,1
10,0,0,0,10
7,1,0,0,8
1,0,0,0,1
1,0,0,0,1
17,0,0,0,17
2,0,0,0,2
2,0,0,0,2
1,0,0,0,1
1,0,0,0,1
3,0,0,0,3
1,0,0,0,1
1,0,0,0,1
1,0,0,0,1
1,0,0,0,1
2,0,0,0,2
105,0,0,0,105
9,0,0,0,9
1,0,0,0,1
3,0,0,0,3
1,0,0,0,1
59,65,3,0,127
6,2,0,0,8
5,0,0,0,5
51,4,0,0,55
2,0,0,0,2
2,0,0,0,2
1,0,0,0,1
1,0,0,0,1
5,0,0,0,5
1,0,0,0,1
3,0,0,0,3
8,0,0,0,8
1,0,0,0,1
54,1,0,0,55
1,0,0,0,1
1,0,0,0,1
96,10,2,0,108
1,0,0,0,1
2,0,0,0,2
2,0,0,0,2
1,4,0,0,5
1,0,0,0,1
2,0,0,0,2
1,0,0,0,1
6,1,0,0,7
24,0,0,0,24
2,0,0,0,2
14,1,0,0,15
6,3,0,0,9
3,0,0,0,3
8,0,0,0,8
1,0,0,0,1
1,0,0,0,1
3,0,0,0,3
1,0,0,0,1
1,0,0,0,1
1,0,0,0,1
1,0,0,0,1
1,0,0,0,1
78,8,0,0,86
1,0,0,0,1
2,0,0,0,2
6,18,1,0,25
8,0,2,0,10
2,0,0,0,2
112,76,3,0,191
3,0,0,0,3
2,0,0,0,2
5,50,1,0,56
3,0,0,0,3
1,0,0,0,1
8,14,4,0,26
4,2,0,0,6
3,0,0,0,3
2,0,0,0,2
1,0,0,0,1
1,0,0,0,1
6,0,0,0,6
8,0,0,0,8
21,0,0,0,21
12,1,0,0,13
6,0,0,0,6
1,0,0,0,1
14,0,0,0,14
35,19,0,0,54
7,0,0,0,7
1,0,0,0,1
2,0,0,0,2
9,0,0,0,9
38,16,5,0,59
5,0,0,0,5
1,5,0,0,6
8,0,0,0,8
10,4,0,0,14
3,0,0,0,3
1,0,0,0,1
1,0,0,0,1
1,0,0,0,1
1,8,0,0,9
1,0,0,0,1
1,0,0,0,1
1,0,0,0,1
1,0,0,0,1
1,0,0,0,1
1,0,0,0,1
2,0,0,0,2
1,0,0,0,1
48,1,1,0,50
2,0,0,0,2
211,0,0,0,211
1,0,0,0,1
5,0,0,0,5
1,0,0,0,1
1,0,0,0,1
7,0,0,0,7
5,0,0,0,5
1,0,0,0,1
2,0,0,0,2
3,0,0,0,3
1,0,0,0,1
1,0,0,0,1
1,0,0,0,1
40,0,0,0,40
1,0,0,0,1
8,0,0,0,8
1,0,0,0,1
39,23,1,0,63
3,0,0,0,3
2,0,0,0,2
1,0,0,0,1
2,0,0,0,2
7,1,0,0,8
1,0,0,0,1
15,0,0,0,15
1,0,0,0,1
2,0,0,0,2
2,0,0,0,2
1,0,0,0,1
38,16,2,0,56
1,0,0,0,1
19,9,0,0,28
1,0,0,0,1
1,0,0,0,1
57,41,2,0,100
4,0,0,0,4
6,0,0,0,6
3,0,0,0,3
1,0,0,0,1
4,0,0,0,4
1,0,0,0,1
123,0,0,0,123
6,1,1,0,8
1,0,0,0,1
8,38,0,0,46
20,0,0,0,20
39,0,0,0,39
2,0,0,0,2
1,0,0,0,1
14,0,0,0,14
5,0,0,0,5
3,0,0,0,3
17,1,1,0,19
3,0,0,0,3
4,0,0,0,4
5,0,0,0,5
1,0,0,0,1
1,0,0,0,1
1,0,0,0,1
1,0,0,0,1
2,0,0,0,2
2,0,0,0,2
2,0,0,0,2
1,0,0,0,1
10,24,0,0,34
6,7,0,0,13
3,0,0,0,3
1,0,0,0,1
1,0,0,0,1
1,0,0,0,1
1,0,0,0,1
1,0,0,0,1
1,0,0,0,1
1,0,0,0,1
16,0,0,0,16
1,0,0,0,1
2,0,0,0,2
1,0,0,0,1
1,0,0,0,1
2,0,0,0,2
2,0,0,0,2
3,32,9,0,44
1,0,0,0,1
1,0,0,0,1
3,0,0,0,3
9,0,0,0,9
13,4,3,0,20
1,0,0,0,1
2,0,0,0,2
1,0,0,0,1
8,2,0,0,10
5,0,0,0,5
1,0,0,0,1
1,0,0,0,1
1,0,0,0,1
1,0,0,0,1
63,5,0,0,68
1,0,0,0,1
12,0,2,0,14
1,0,0,0,1
1,0,0,0,1
3,0,0,0,3
2,0,0,0,2
2,0,0,0,2
1,0,0,0,1
3,0,0,0,3
3,0,0,0,3
1,0,0,0,1
2,0,0,0,2
1,0,0,0,1
1,0,0,0,1
1,0,0,0,1
1,0,0,0,1
3,0,0,0,3
1,0,0,0,1
6,0,0,0,6
1,0,0,0,1
1,0,0,0,1
2,0,0,0,2
1,0,0,0,1
2,0,0,0,2
2,0,0,0,2
1,0,0,0,1
14,1,0,0,15
1,0,0,0,1
1,0,0,0,1
13,0,0,0,13
3,0,0,0,3
123,12,2,0,137
4,3,0,0,7
12,3,0,0,15
1,0,0,0,1
4,0,0,0,4
1,0,0,0,1
1,0,0,0,1
5,2,2,0,9
1,0,0,0,1
1,0,0,0,1
1,0,0,0,1
4,0,0,0,4
4,0,0,0,4
2,0,0,0,2
1,0,0,0,1
1,0,0,0,1
1,0,0,0,1
1,0,0,0,1
1,0,0,0,1
3,5,0,0,8
13,0,0,0,13
2,0,0,0,2
1,0,0,0,1
11,0,0,0,11
1,0,0,0,1
1,0,0,0,1
1,0,0,0,1
1,0,0,0,1
13,6,1,0,20
1,2,0,0,3
5,0,0,0,5
6,0,0,0,6
6,0,0,0,6
2,0,0,0,2
2,0,0,0,2
3,0,0,0,3
2,0,0,0,2
3,0,0,0,3
10,0,0,0,10
1,0,0,0,1
34,1,0,0,35
1,0,0,0,1
1,0,0,0,1
1,0,0,0,1
3,0,0,0,3
2,0,0,0,2
1,0,0,0,1
12,0,0,0,12
12,1,0,0,13
1,0,0,0,1
3,0,0,0,3
29,2,0,0,31
1,0,0,0,1
2,0,0,0,2
1,0,0,0,1
1,0,0,0,1
1,0,0,0,1
1,0,0,0,1
1,0,0,0,1
1,0,0,0,1
19,0,0,0,19
1,0,0,0,1
2,0,0,0,2
2,13,0,0,15
3,0,0,0,3
2,0,0,0,2
1,0,0,0,1
1,0,0,0,1
1,0,0,0,1
3,0,0,0,3
4,0,0,0,4
1,0,0,0,1
1,0,0,0,1
1,0,0,0,1
2,0,0,0,2
1,0,0,0,1
50,15,3,0,68
1,0,0,0,1
18,1,0,0,19
2,0,0,0,2
15,0,0,0,15
1,0,0,0,1
2,0,0,0,2
1,0,0,0,1
1,0,0,0,1
2,0,0,0,2
1,0,0,0,1
6,0,0,0,6
4,17,3,0,24
161,2,0,0,163
1,0,0,0,1
1,0,0,0,1
99,1,0,0,100
1,0,0,0,1
1,0,0,0,1
3,0,0,0,3
2,0,0,0,2
1,0,0,0,1
1,0,0,0,1
14,0,0,0,14
1,2,0,0,3
8,0,0,0,8
2,0,0,0,2
1,0,0,0,1
68,4,0,0,72
10,0,0,0,10
1,0,0,0,1
1,0,0,0,1
122,0,0,0,122
1,0,0,0,1
6,0,0,0,6
1,0,0,0,1
3,0,0,0,3
2,0,0,0,2
4,0,0,0,4
2,0,0,0,2
1,0,0,0,1
1,0,0,0,1
2,0,0,0,2
199,4,1,0,204
6,0,0,0,6
38,3,1,0,42
3,0,0,0,3
3,2,0,0,5
4,0,0,0,4
6,0,0,0,6
3,4864,8,0,4875
9,0,0,0,9
1,0,0,0,1
1,0,0,0,1
1,0,0,0,1
1,0,0,0,1
59,1,1,0,61
296,16,13,0,325
2,0,0,0,2
2,1,0,0,3
1,0,0,0,1
23,0,0,0,23
6,0,0,0,6
4,0,0,0,4
1,0,0,0,1
2,0,0,0,2
30,0,0,0,30
1,0,0,0,1
1,0,0,0,1
1,0,0,0,1
6,2,3,0,11
20,16,3,0,39
1,0,0,0,1
3,0,0,0,3
7,0,1,0,8
1,0,0,0,1
1,0,0,0,1
1,0,0,0,1
114,7,2,0,123
3,0,0,0,3
29,2,0,0,31
2,0,0,0,2
33,9,2,0,44
3,0,0,0,3
9,0,0,0,9
10,0,0,0,10
1,0,0,0,1
4,0,0,0,4
1,0,0,0,1
3,0,0,0,3
6,0,0,0,6
1,0,0,0,1
13,0,0,0,13
3,0,0,0,3
1,50,0,0,51
3,2,0,0,5
2,0,0,0,2
4,0,0,0,4
4,4,0,0,8
1,0,0,0,1
8,0,0,0,8
2,0,0,0,2
3,0,0,0,3
6,0,0,0,6
1,0,0,0,1
5,0,0,0,5
1,0,0,0,1
3,0,0,0,3
1,0,0,0,1
2,0,0,0,2
1,0,0,0,1
1,0,0,0,1
24,1,1,0,26
1,0,0,0,1
14,5,2,0,21
1,0,0,0,1
1,0,0,0,1
1,0,0,0,1
1,0,0,0,1
1,0,0,0,1
1,1,1,0,3
1,0,0,0,1
5,0,0,0,5
10,0,0,0,10
1,0,0,0,1
1,0,0,0,1
3,0,0,0,3
1,0,0,0,1
1,0,0,0,1
2,0,0,0,2
2,0,0,0,2
2,0,0,0,2
1,0,0,0,1
1,0,0,0,1
3,0,0,0,3
2,0,0,0,2
1,0,0,0,1
1,0,0,0,1
20,0,0,0,20
52,0,0,0,52
1,0,0,0,1
2,0,0,0,2
1,0,0,0,1
1,0,0,0,1
1,0,0,0,1
16,0,0,0,16
2,0,0,0,2
1,0,0,0,1
1,0,0,0,1
1,0,0,0,1
1,0,0,0,1
3,3,0,0,6
1,0,0,0,1
28,7,1,0,36
1,0,0,0,1
8,0,0,0,8
1,0,0,0,1
1,0,0,0,1
2,0,0,0,2
11,0,0,0,11
49,0,0,0,49
2,0,0,0,2
2,0,0,0,2
1,0,0,0,1
1,0,0,0,1
7,4,0,0,11
1,0,0,0,1
1,1,0,0,2
2,0,0,0,2
27,0,0,0,27
1,0,0,0,1
1,0,0,0,1
9,1,0,0,10
5,0,0,0,5
1,0,0,0,1
36,1,1,0,38
1,0,0,0,1
4,0,0,0,4
25,0,0,0,25
1,0,0,0,1
1,1,0,0,2
2,0,0,0,2
3,0,0,0,3
46,0,0,0,46
5,0,0,0,5
1,0,0,0,1
3,0,0,0,3
1,0,0,0,1
1,0,0,0,1
7,0,0,0,7
36,0,0,0,36
7,4,0,0,11
1,0,0,0,1
2,0,0,0,2
13,1,0,0,14
1,0,0,0,1
1,0,0,0,1
3,0,0,0,3
3,0,0,0,3
2,0,0,0,2
68,16,8,0,92
3,0,0,0,3
1,0,0,0,1
3,0,0,0,3
1,0,0,0,1
1,0,0,0,1
2,0,0,0,2
1,0,0,0,1
5,0,0,0,5
1,0,0,0,1
69,53,0,0,122
1,0,0,0,1
1,0,0,0,1
1,0,0,0,1
2,0,0,0,2
7,0,0,0,7
1,0,0,0,1
1,0,0,0,1
2,2,0,0,4
46,1,0,0,47
2,0,0,0,2
1,0,0,0,1
60,452,0,0,512
8,0,0,0,8
2,6,0,0,8
1,0,0,0,1
1,0,0,0,1
1,0,0,0,1
7,0,0,0,7
4,0,0,0,4
1,0,0,0,1
19,0,0,0,19
1,0,0,0,1
1,0,0,0,1
1,0,0,0,1
11,0,0,0,11
2,0,0,0,2
2,0,0,0,2
1,0,0,0,1
1,0,0,0,1
1,0,0,0,1
3,0,0,0,3
1,0,0,0,1
2,0,0,0,2
2,0,0,0,2
19,6,2,0,27
8,0,0,0,8
2,0,0,0,2
1,0,0,0,1
1,0,0,0,1
1,0,0,0,1
23,0,0,0,23
1,0,0,0,1
21,10,2,0,33
1,0,0,0,1
2,0,0,0,2
1,0,0,0,1
6,0,0,0,6
2,0,0,0,2
1,0,0,0,1
1,0,0,0,1
63,1,0,0,64
1,0,0,0,1
27,0,0,0,27
3,0,0,0,3
32,1,0,0,33
9,0,0,0,9
13,2,0,0,15
3,0,0,0,3
19,0,0,0,19
1,0,0,0,1
2,0,0,0,2
1,0,0,0,1
2,0,0,0,2
32,7,0,0,39
1,0,0,0,1
1,0,0,0,1
3,0,0,0,3
1,6,1,0,8
1,0,0,0,1
1,0,0,0,1
2,0,0,0,2
17,0,0,0,17
1,0,0,0,1
12,0,0,0,12
1,0,0,0,1
1,5,0,0,6
1,13,0,0,14
1,1,0,0,2
2,16,0,0,18
2,0,0,0,2
7,0,0,0,7
3,0,0,0,3
2,0,0,0,2
2,0,0,0,2
1,0,0,0,1
6,0,0,0,6
2,0,0,0,2
23,0,0,0,23
1,0,0,0,1
13,0,0,0,13
2,0,0,0,2
1,0,0,0,1
3,0,0,0,3
15,0,0,0,15
1,0,0,0,1
8,0,0,0,8
8,0,0,0,8
1,0,0,0,1
3,0,0,0,3
2,0,0,0,2
19,1,0,0,20
62,0,0,0,62
2,0,0,0,2
75,20,4,0,99
2,0,0,0,2
6,0,0,0,6
5,0,0,0,5
8,0,0,0,8
4,0,0,0,4
1,0,0,0,1
3,0,0,0,3
1,0,0,0,1
44,0,0,0,44
3,0,0,0,3
1,0,0,0,1
7,0,0,0,7
1,0,0,0,1
1,0,0,0,1
1,0,0,0,1
2,0,0,0,2
1,0,0,0,1
1,0,0,0,1
117,12,1,0,130
9,0,0,0,9
1,0,0,0,1
1,0,0,0,1
1,0,0,0,1
27,0,0,0,27
2,0,0,0,2
1,0,0,0,1
3,0,0,0,3
3,0,0,0,3
41,1,0,0,42
1,0,0,0,1
1,0,0,0,1
1,0,0,0,1
1,0,0,0,1
1,0,0,0,1
24,0,0,0,24
1,0,0,0,1
2,0,0,0,2
5,0,2,0,7
1,0,0,0,1
8,0,0,0,8
1,0,0,0,1
14,13,0,0,27
6,0,0,0,6
1,0,0,0,1
2,0,0,0,2
3,0,1,0,4
11,0,0,0,11
49,12,3,0,64
1,0,0,0,1
13,0,0,0,13
2,0,0,0,2
3,0,0,0,3
1,0,0,0,1
3,0,0,0,3
1,0,0,0,1
8,0,0,0,8
1,0,0,0,1
25,0,0,0,25
1,0,0,0,1
5,0,0,0,5
1,0,0,0,1
35,2,0,0,37
3,2,0,0,5
1,0,0,0,1
1,0,0,0,1
1,0,0,0,1
1,0,0,0,1
2,0,0,0,2
4,0,0,0,4
1,0,0,0,1
2,0,0,0,2
3,0,0,0,3
2,0,0,0,2
1,2,0,0,3
1,0,0,0,1
41,19,1,0,61
1,0,0,0,1
1,0,0,0,1
1,0,0,0,1
5,0,0,0,5
1,0,0,0,1
1,0,0,0,1
2,2,0,0,4
1,0,0,0,1
24,3,0,0,27
31,13,0,0,44
1,0,0,0,1
4,0,0,0,4
1,0,0,0,1
11,0,0,0,11
1,0,0,0,1
1,0,0,0,1
12,0,0,0,12
1,1,0,0,2
1,0,0,0,1
1,0,0,0,1
3,0,0,0,3
3,0,0,0,3
1,3,0,0,4
1,0,0,0,1
2,0,0,0,2
47,0,0,0,47
4,0,0,0,4
1,0,0,0,1
1,0,0,0,1
1,0,0,0,1
61,16,0,0,77
1,0,0,0,1
1,0,0,0,1
4,0,0,0,4
2,0,0,0,2
2,0,0,0,2
1,0,0,0,1
1,0,0,0,1
9,2,0,0,11
4,0,0,0,4
79,439,27,0,545
6,10,0,0,16
44,4,0,0,48
1,0,0,0,1
6,0,0,0,6
1,0,0,0,1
30,1,0,0,31
1,0,0,0,1
2,0,0,0,2
7,0,0,0,7
4,0,0,0,4
1,0,0,0,1
1,0,0,0,1
1,0,0,0,1
2,0,0,0,2
2,0,0,0,2
1,0,0,0,1
1,0,0,0,1
2,0,0,0,2
4,0,0,0,4
1,0,0,0,1
2,0,0,0,2
33,0,2,0,35
1,0,0,0,1
4,0,0,0,4
1,0,0,0,1
1,1,3,0,5
4,0,0,0,4
1,0,0,0,1
2,2,0,0,4
2,1,2,0,5
1,0,0,0,1
2,0,0,0,2
2,0,0,0,2
1,0,0,0,1
3,0,0,0,3
85,3,2,0,90
6,0,0,0,6
1,0,0,0,1
1,0,0,0,1
1,0,0,0,1
1,0,0,0,1
8,0,0,0,8
6,3,1,0,10
2,0,0,0,2
1,0,0,0,1
1,0,0,0,1
1,0,0,0,1
1,0,0,0,1
1,0,0,0,1
66,0,0,0,66
1,0,0,0,1
1,0,0,0,1
1,0,0,0,1
5,1,0,0,6
2,0,0,0,2
2,5,0,0,7
2,7,1,0,10
1,0,0,0,1
8,0,0,0,8
8,0,0,0,8
6,0,0,0,6
11,0,0,0,11
2,0,0,0,2
1,0,0,0,1
21,0,0,0,21
1,0,0,0,1
1,0,0,0,1
1,0,0,0,1
29,0,0,0,29
1,0,0,0,1
2,0,0,0,2
1,0,0,0,1
9,15,0,0,24
31,0,0,0,31
1,0,0,0,1
1,0,0,0,1
2,0,0,0,2
40,23,0,0,63
1,0,0,0,1
1,0,0,0,1
2,0,0,0,2
1,0,0,0,1
1,0,0,0,1
2,0,0,0,2
3,0,0,0,3
3,0,0,0,3
12,0,0,0,12
1,0,0,0,1
1,0,0,0,1
3,3,0,0,6
1,0,0,0,1
4,0,0,0,4
6,0,0,0,6
1,0,0,0,1
1,0,0,0,1
2,2,0,0,4
2,0,0,0,2
1,0,0,0,1
2,0,0,0,2
2,133,2,0,137
2,0,0,0,2
4,0,0,0,4
2,0,0,0,2
11,1,0,0,12
1,0,0,0,1
2,0,0,0,2
1,0,0,0,1
7,71,0,0,78
68,0,0,0,68
2,0,0,0,2
1,0,0,0,1
1,0,0,0,1
14,0,0,0,14
2,0,0,0,2
1,0,0,0,1
1,0,0,0,1
3,0,0,0,3
2,0,0,0,2
1,0,0,0,1
9,0,0,0,9
2,0,0,0,2
1,0,0,0,1
1,0,0,0,1
14,1,0,0,15
2,0,0,0,2
1,0,0,0,1
1,0,0,0,1
1,0,0,0,1
1,0,0,0,1
2,0,0,0,2
170,14,4,0,188
7,10,0,0,17
3,0,0,0,3
44,0,1,0,45
2,0,0,0,2
1,0,0,0,1
13,0,0,0,13
2,0,0,0,2
1,0,0,0,1
13,0,0,0,13
4,0,0,0,4
1,0,0,0,1
41,7,1,0,49
1,0,0,0,1
2,0,0,0,2
2,0,0,0,2
1,0,0,0,1
1,0,0,0,1
18,0,0,0,18
4,0,0,0,4
1,0,0,0,1
2,0,0,0,2
1,0,0,0,1
1,0,0,0,1
4,0,0,0,4
1,0,0,0,1
1,0,0,0,1
7,0,0,0,7
1,0,0,0,1
1,0,0,0,1
23,0,0,0,23
1,0,0,0,1
1,0,0,0,1
1,0,0,0,1
26,8,2,0,36
1,0,0,0,1
9,0,0,0,9
1,0,0,0,1
1,0,0,0,1
5,0,0,0,5
1,0,0,0,1
136,50,0,0,186
5,5,0,0,10
1,0,0,0,1
1,0,0,0,1
20,2,0,0,22
5,0,0,0,5
2,0,0,0,2
9,0,0,0,9
1,0,0,0,1
2,0,0,0,2
12,0,0,0,12
2,0,0,0,2
2,0,0,0,2
1,0,0,0,1
7,4,1,0,12
2,0,0,0,2
1,0,0,0,1
13,0,0,0,13
3,0,0,0,3
5,0,0,0,5
1,0,0,0,1
2,0,0,0,2
1,4,0,0,5
1,0,0,0,1
108,345,7,0,460
1,0,0,0,1
1,0,0,0,1
19,2,0,0,21
1,0,0,0,1
72,2,1,0,75
7,0,0,0,7
1,0,0,0,1
2,0,0,0,2
1,0,0,0,1
7,0,0,0,7
1,0,0,0,1
7,2,1,0,10
1,0,0,0,1
2,0,0,0,2
1,0,0,0,1
3,0,0,0,3
1,0,0,0,1
3,0,0,0,3
5,1,0,0,6
1,0,0,0,1
16,0,0,0,16
3,0,0,0,3
1,0,0,0,1
1,0,0,0,1
1,0,0,0,1
1,0,0,0,1
1,0,0,0,1
1,0,0,0,1
1,0,0,0,1
1,1,0,0,2
1,0,0,0,1
1,0,0,0,1
2,0,0,0,2
1,0,0,0,1
1,0,0,0,1
5,0,0,0,5
2,0,0,0,2
1,0,0,0,1
5,3,0,0,8
1,0,0,0,1
1,0,0,0,1
5,0,0,0,5
2,0,0,0,2
5,0,0,0,5
1,0,0,0,1
1,0,0,0,1
44,0,1,0,45
1,0,0,0,1
3,0,0,0,3
1,0,0,0,1
1,0,0,0,1
4,0,0,0,4
3,0,0,0,3
34,0,0,0,34
1,0,0,0,1
3,0,0,0,3
6,0,0,0,6
207,10,2,0,219
1,0,0,0,1
1,0,0,0,1
2,0,0,0,2
110,1,0,0,111
2,0,0,0,2
1,0,0,0,1
17,0,0,0,17
2,0,0,0,2
5,0,0,0,5
2,0,0,0,2
1,0,0,0,1
1,0,0,0,1
1,0,0,0,1
1,0,0,0,1
2,0,0,0,2
4,0,0,0,4
15,2,0,0,17
160,4,1,0,165
1,0,0,0,1
2,0,0,0,2
1,0,0,0,1
2,0,0,0,2
2,0,0,0,2
1,0,0,0,1
1,0,0,0,1
3,0,0,0,3
9,55,0,0,64
1,0,0,0,1
1,0,0,0,1
9,0,0,0,9
6,0,0,0,6
7,0,0,0,7
10,0,0,0,10
1,0,0,0,1
1,0,0,0,1
1,0,0,0,1
9,5,0,0,14
34,0,0,0,34
11,0,0,0,11
1,0,0,0,1
9,0,0,0,9
2,0,0,0,2
1,0,0,0,1
1,0,0,0,1
2,0,0,0,2
9,0,0,0,9
2,0,0,0,2
2,0,0,0,2
1,0,0,0,1
2,0,0,0,2
1,0,0,0,1
1,0,0,0,1
1,0,0,0,1
1,0,0,0,1
1,0,0,0,1
1,0,0,0,1
3,0,0,0,3
1,0,0,0,1
1,0,0,0,1
1,0,0,0,1
1,0,0,0,1
3,0,0,0,3
2,0,0,0,2
1,0,0,0,1
1,0,0,0,1
1,0,0,0,1
6,0,0,0,6
1,0,0,0,1
1,0,0,0,1
1,0,0,0,1
1,0,0,0,1
50,6,1,0,57
2,0,0,0,2
31,20,1,0,52
6,0,1,0,7
2,0,0,0,2
2,0,0,0,2
3,0,0,0,3
6,0,0,0,6
33,0,0,0,33
1,0,0,0,1
12,0,2,0,14
2,0,0,0,2
1,0,0,0,1
4,0,0,0,4
26,1,0,0,27
3,0,0,0,3
1,0,0,0,1
1,0,0,0,1
18,5,0,0,23
2,0,0,0,2
1,0,0,0,1
2,0,0,0,2
1,0,0,0,1
2,0,0,0,2
1,0,0,0,1
2,0,0,0,2
1,0,0,0,1
1,0,0,0,1
1,0,0,0,1
18,4,0,0,22
1,0,0,0,1
20,0,0,0,20
2,0,0,0,2
3,2,0,0,5
1,0,0,0,1
8,0,0,0,8
9,0,0,0,9
1,0,0,0,1
11,17,0,0,28
2,0,0,0,2
2,2,0,0,4
1,0,0,0,1
3,0,0,0,3
2,0,0,0,2
1,0,0,0,1
2,0,0,0,2
2,0,0,0,2
1,0,0,0,1
2,0,0,0,2
1,0,0,0,1
1,0,0,0,1
1,0,0,0,1
1,23,0,0,24
4,0,0,0,4
2,0,0,0,2
2,0,0,0,2
1,0,0,0,1
2,0,0,0,2
1,0,0,0,1
1,0,0,0,1
8,0,0,0,8
1,0,0,0,1
1,0,0,0,1
20,0,1,0,21
8,0,0,0,8
1,0,0,0,1
17,0,0,0,17
1,0,0,0,1
2,0,0,0,2
1,0,0,0,1
6,0,0,0,6
1,0,0,0,1
2,0,0,0,2
3,0,0,0,3
1,0,0,0,1
1,0,0,0,1
3,0,0,0,3
1,0,0,0,1
17,0,0,0,17
7,0,0,0,7
11,29,0,0,40
4,0,0,0,4
1,0,0,0,1
3,0,0,0,3
1,0,0,0,1
1,0,0,0,1
77,2,0,0,79
1,0,0,0,1
1,0,0,0,1
17,5,0,0,22
11,0,0,0,11
8,0,0,0,8
6,7,0,0,13
1,0,0,0,1
1,0,0,0,1
2,0,0,0,2
1,0,0,0,1
2,0,0,0,2
1,0,0,0,1
2,0,0,0,2
2,0,0,0,2
1,0,0,0,1
4,0,0,0,4
8,0,0,0,8
4,0,0,0,4
3,0,0,0,3
1,0,0,0,1
3,0,0,0,3
6,0,0,0,6
13,0,0,0,13
1,0,0,0,1
27,12,0,0,39
2,0,0,0,2
1,0,0,0,1
5,10,0,0,15
10,0,0,0,10
5,0,0,0,5
1,0,0,0,1
4,0,0,0,4
5,0,0,0,5
2,0,0,0,2
1,0,0,0,1
1,0,0,0,1
1,0,0,0,1
4,0,0,0,4
1,0,0,0,1
45,19,0,0,64
1,0,0,0,1
51,46,11,0,108
18,3,0,0,21
1,0,0,0,1
2,0,0,0,2
1,0,0,0,1
1,0,0,0,1
1,0,0,0,1
25,3,0,0,28
2,0,0,0,2
1,0,0,0,1
2,0,0,0,2
1,0,0,0,1
1,0,0,0,1
47,35,1,0,83
5,0,0,0,5
5,0,0,0,5
1,0,0,0,1
1,0,0,0,1
1,0,0,0,1
2,0,0,0,2
4,44,3,0,51
1,0,0,0,1
1,0,0,0,1
1,1,0,0,2
1,0,0,0,1
1,0,0,0,1
1,0,0,0,1
4,0,0,0,4
11,0,0,0,11
1,0,0,0,1
1,0,0,0,1
32,3,2,0,37
1,0,0,0,1
12,7,0,0,19
1,0,0,0,1
3,0,0,0,3
1,0,0,0,1
1,0,0,0,1
41,109,1,0,151
1,0,0,0,1
7,6,2,0,15
5,0,0,0,5
1,0,0,0,1
1,0,0,0,1
3,0,0,0,3
1,0,0,0,1
45,1,1,0,47
2,0,0,0,2
1,0,0,0,1
25,0,0,0,25
1,0,0,0,1
1,0,0,0,1
1,0,0,0,1
2,0,0,0,2
10,0,0,0,10
2,0,0,0,2
3,5,0,0,8
9,4,0,0,13
4,0,0,0,4
93,3,0,0,96
1,0,0,0,1
3,0,0,0,3
1,0,0,0,1
2,0,0,0,2
21,0,0,0,21
1,0,0,0,1
1,0,0,0,1
1,0,0,0,1
19,7,7,0,33
5,14,0,0,19
2,0,0,0,2
1,0,0,0,1
11,6,1,0,18
1,0,0,0,1
9,0,0,0,9
1,0,0,0,1
2,0,0,0,2
2,0,0,0,2
3,0,0,0,3
9,0,0,0,9
28,0,0,0,28
8,0,0,0,8
2,0,0,0,2
5,0,0,0,5
1,0,0,0,1
1,0,0,0,1
2,0,0,0,2
1,0,0,0,1
1,0,0,0,1
1,0,0,0,1
1,0,0,0,1
3,0,0,0,3
9,0,0,0,9
2,0,0,0,2
1,0,0,0,1
1,0,0,0,1
4,0,0,0,4
6,0,0,0,6
1,0,0,0,1
2,0,0,0,2
30,0,0,0,30
1,0,0,0,1
1,0,0,0,1
1,0,0,0,1
1,0,0,0,1
1,0,0,0,1
2,0,0,0,2
16,13,0,0,29
3,0,0,0,3
2,0,0,0,2
2,0,0,0,2
6,0,0,0,6
5,0,0,0,5
4,0,0,0,4
4,0,0,0,4
40,87,140,0,267
1,0,0,0,1
22,0,0,0,22
1,0,0,0,1
1,0,0,0,1
2,0,0,0,2
1,0,0,0,1
1,0,0,0,1
3,0,0,0,3
5,0,0,0,5
1,0,0,0,1
1,0,0,0,1
3,0,0,0,3
1,0,0,0,1
1,0,0,0,1
104,12,1,0,117
1,0,0,0,1
4,0,0,0,4
1,0,0,0,1
167,0,0,0,167
4,0,0,0,4
3,0,0,0,3
1,0,0,0,1
1,0,0,0,1
1,0,0,0,1
3,0,0,0,3
1,0,0,0,1
1,0,0,0,1
84,39,19,0,142
5,6,1,0,12
3,0,0,0,3
1,0,0,0,1
88,3,3,0,94
1,0,0,0,1
3,2,0,0,5
2,0,0,0,2
2,0,0,0,2
2,0,0,0,2
4,0,0,0,4
1,0,0,0,1
80,0,0,0,80
1,0,0,0,1
3,1,0,0,4
22,19,9,0,50
3,0,0,0,3
1,0,0,0,1
1,0,0,0,1
1,0,0,0,1
1,0,0,0,1
52,3,2,0,57
1,0,0,0,1
14,1,0,0,15
1,0,0,0,1
93,0,0,0,93
2,0,0,0,2
2,0,0,0,2
1,0,0,0,1
3,0,0,0,3
1,0,0,0,1
2,0,0,0,2
4,0,0,0,4
14,1,0,0,15
10,0,0,0,10
1,0,0,0,1
1,0,0,0,1
6,0,0,0,6
1,0,0,0,1
1,0,0,0,1
15,1,1,0,17
1,0,0,0,1
1,0,0,0,1
1,0,0,0,1
1,0,0,0,1
3,0,0,0,3
4,13,0,0,17
2,0,0,0,2
1,0,0,0,1
3,5,0,0,8
1,0,0,0,1
4,0,0,0,4
1,0,0,0,1
12,0,0,0,12
2,0,0,0,2
14,3,0,0,17
1,0,0,0,1
1,0,0,0,1
36,5,0,0,41
5,0,0,0,5
30,2,0,0,32
2,0,0,0,2
72,0,0,0,72
2,0,0,0,2
2,0,0,0,2
1,0,0,0,1
1,0,0,0,1
4,0,0,0,4
2,1,1,0,4
2,0,0,0,2
107,0,0,0,107
1,0,0,0,1
1,0,0,0,1
1,0,0,0,1
1,0,0,0,1
1,0,0,0,1
1,0,0,0,1
1,0,0,0,1
20,12,7,0,39
1,0,0,0,1
1,0,0,0,1
2,0,0,0,2
3,0,0,0,3
2,0,0,0,2
1,0,0,0,1
15,0,1,0,16
1,0,0,0,1
1,0,0,0,1
6,0,0,0,6
3,3,0,0,6
10,12,1,0,23
4,0,0,0,4
1,0,0,0,1
7,0,0,0,7
14,1,0,0,15
3,0,0,0,3
1,0,0,0,1
11,3,0,0,14
1,0,0,0,1
2,0,0,0,2
1,3,0,0,4
1,0,0,0,1
3,0,0,0,3
7,0,0,0,7
2,0,0,0,2
1,0,0,0,1
1,0,0,0,1
1,51,0,0,52
1,0,0,0,1
31,1,1,0,33
6,0,0,0,6
2,0,0,0,2
1,0,0,0,1
1,0,0,0,1
1,1,1,0,3
1,0,0,0,1
54,8,0,0,62
3,0,0,0,3
2,0,0,0,2
1,0,0,0,1
1,0,0,0,1
2,0,0,0,2
1,0,0,0,1
1,0,0,0,1
4,0,0,0,4
1,0,0,0,1
4,0,0,0,4
57,0,0,0,57
2,0,0,0,2
1,0,0,0,1
1,0,0,0,1
7,0,0,0,7
1,0,0,0,1
75,6,3,0,84
1,0,0,0,1
6,1,0,0,7
1,0,0,0,1
12,4,0,0,16
2,0,0,0,2
1,0,0,0,1
22,0,0,0,22
1,0,0,0,1
2,0,0,0,2
5,4,0,0,9
6,0,0,0,6
3,0,0,0,3
1,0,0,0,1
27,1,0,0,28
1,0,0,0,1
1,0,0,0,1
4,0,0,0,4
469,16,0,0,485
2,8,0,0,10
2,0,0,0,2
1,0,0,0,1
50,0,0,0,50
4,0,0,0,4
5,0,0,0,5
1,0,0,0,1
1,0,0,0,1
1,0,0,0,1
2,0,0,0,2
3,0,0,0,3
10,20,0,0,30
4,0,0,0,4
3,3,0,0,6
2,1,0,0,3
3,0,0,0,3
1,0,0,0,1
10,0,0,0,10
1,0,0,0,1
1,0,0,0,1
1,0,0,0,1
1,0,0,0,1
1,0,0,0,1
1,0,0,0,1
3,0,0,0,3
3,0,0,0,3
1,0,0,0,1
1,0,0,0,1
1,0,0,0,1
1,0,0,0,1
1,0,0,0,1
1,0,0,0,1
24,20,2,0,46
3,0,0,0,3
2,0,0,0,2
1,0,0,0,1
2,0,0,0,2
10,0,0,0,10
1,0,0,0,1
1,0,0,0,1
1,0,0,0,1
1,0,0,0,1
43,4,2,0,49
1,0,0,0,1
1,0,0,0,1
1,0,0,0,1
3,0,0,0,3
2,0,0,0,2
1,0,0,0,1
1,0,0,0,1
1,0,0,0,1
4,0,0,0,4
1,0,0,0,1
1,0,0,0,1
1,0,0,0,1
1,0,0,0,1
1,0,0,0,1
42,0,1,0,43
1,0,0,0,1
1,0,0,0,1
1,0,0,0,1
18,0,0,0,18
4,0,0,0,4
9,2,0,0,11
1,0,0,0,1
2,0,0,0,2
1,0,0,0,1
33,12,1,0,46
1,0,0,0,1
8,0,0,0,8
12,4,2,0,18
1,0,0,0,1
3,0,0,0,3
1,0,0,0,1
1,0,0,0,1
6,0,0,0,6
1,0,0,0,1
4,36,1,0,41
5,0,1,0,6
1,0,0,0,1
1,0,0,0,1
6,0,0,0,6
1,0,0,0,1
1,0,0,0,1
1,0,0,0,1
4,0,0,0,4
1,0,0,0,1
1,0,0,0,1
2,0,0,0,2
1,0,0,0,1
1,0,0,0,1
2,0,0,0,2
23,26,2,0,51
1,0,0,0,1
1,0,0,0,1
3,0,0,0,3
17,46,0,0,63
1,0,0,0,1
3,0,0,0,3
1,0,0,0,1
1,0,0,0,1
19,4,0,0,23
4,0,0,0,4
2,0,0,0,2
1,0,0,0,1
35,11,0,0,46
3,0,0,0,3
18,1,0,0,19
1,0,0,0,1
1,0,0,0,1
1,0,0,0,1
1,1,0,0,2
1,0,0,0,1
4,0,0,0,4
1,0,0,0,1
11,0,0,0,11
3,0,0,0,3
1,0,0,0,1
2,0,0,0,2
26,3,0,0,29
5,0,0,0,5
2,0,0,0,2
3,0,0,0,3
1,0,0,0,1
1,0,0,0,1
26,13,0,0,39
1,0,0,0,1
1,0,0,0,1
23,1,1,0,25
1,0,0,0,1
3,0,0,0,3
1,0,0,0,1
2,0,0,0,2
3,2,0,0,5
11,9,0,0,20
1,0,0,0,1
2,0,0,0,2
1,0,0,0,1
1,0,0,0,1
1,0,0,0,1
1,0,0,0,1
4,1,0,0,5
3,0,0,0,3
1,0,0,0,1
7,0,0,0,7
1,0,0,0,1
6,0,0,0,6
12,93,0,0,105
11,93,0,0,104
1,0,0,0,1
3,0,0,0,3
12,0,0,0,12
1,0,0,0,1
3,0,0,0,3
5,0,0,0,5
1,0,0,0,1
1,0,0,0,1
2,0,0,0,2
1,0,0,0,1
3,0,0,0,3
1,0,0,0,1
2,0,0,0,2
1,0,0,0,1
1,0,0,0,1
1,0,0,0,1
3,0,0,0,3
2,0,0,0,2
12,0,0,0,12
14,0,0,0,14
1,0,0,0,1
11,0,0,0,11
1,9,0,0,10
1,0,0,0,1
2,0,0,0,2
7,0,0,0,7
13,9,0,0,22
1,0,0,0,1
1,0,0,0,1
2,0,0,0,2
2,0,0,0,2
1,0,0,0,1
1,0,0,0,1
85,2,0,0,87
1,0,0,0,1
2,0,0,0,2
5,0,0,0,5
2,0,0,0,2
1,0,0,0,1
4,0,0,0,4
2,0,0,0,2
1,0,0,0,1
1,0,0,0,1
28,40,3,0,71
1,0,0,0,1
2,0,0,0,2
20,0,0,0,20
5,0,3,0,8
5,1,0,0,6
1,0,0,0,1
4,0,0,0,4
2,0,0,0,2
1,0,0,0,1
1,0,0,0,1
1,0,0,0,1
1,0,0,0,1
1,0,0,0,1
2,0,0,0,2
5,1,1,0,7
1,12,0,0,13
4,0,0,0,4
13,0,0,0,13
2,0,0,0,2
1,0,0,0,1
1,0,0,0,1
7,0,0,0,7
2,0,0,0,2
1,0,0,0,1
1,0,0,0,1
10,0,0,0,10
2,0,0,0,2
1,0,0,0,1
1,0,0,0,1
2,0,0,0,2
4,7,1,0,12
1,0,0,0,1
1,0,0,0,1
40,13,1,0,54
1,0,0,0,1
3,0,0,0,3
4,0,0,0,4
1,0,0,0,1
1,0,0,0,1
1,0,0,0,1
1,0,0,0,1
1,0,0,0,1
7,4,1,0,12
34,2,0,0,36
11,3,0,0,14
1,0,0,0,1
1,0,0,0,1
3,0,0,0,3
9,0,0,0,9
1,0,0,0,1
1,0,0,0,1
21,0,0,0,21
24,0,0,0,24
25,4,0,0,29
2,0,0,0,2
1,0,0,0,1
37,2,0,0,39
5,0,0,0,5
19,0,0,0,19
1,0,0,0,1
7,0,0,0,7
20,0,0,0,20
1,0,0,0,1
1,0,0,0,1
12,0,0,0,12
2,0,0,0,2
2,0,0,0,2
4,0,0,0,4
1,0,0,0,1
3,0,0,0,3
1,0,0,0,1
1,0,0,0,1
1,0,0,0,1
1,0,0,0,1
3,4,0,0,7
6,0,0,0,6
3,0,0,0,3
2,0,0,0,2
61,9,2,0,72
7,2,0,0,9
1,0,0,0,1
3,0,0,0,3
50,20,1,0,71
2,0,0,0,2
3,0,0,0,3
1,0,0,0,1
7,0,0,0,7
93,78,1,0,172
1,0,0,0,1
1,0,0,0,1
3,0,0,0,3
3,0,0,0,3
1,0,0,0,1
1,0,0,0,1
9,0,0,0,9
28,0,0,0,28
2,0,0,0,2
1,0,0,0,1
1,0,0,0,1
6,3,0,0,9
1,0,0,0,1
5,0,0,0,5
1,0,0,0,1
3,0,0,0,3
1,0,0,0,1
1,0,0,0,1
1,0,0,0,1
1,0,0,0,1
1,0,0,0,1
4,0,0,0,4
49,12,2,0,63
1,0,0,0,1
2,0,0,0,2
2,0,0,0,2
2,0,0,0,2
1,0,0,0,1
1,0,0,0,1
56,4,0,0,60
3,0,0,0,3
1,0,0,0,1
3,0,0,0,3
1,0,0,0,1
35,6,0,0,41
1,0,0,0,1
6,0,0,0,6
1,0,0,0,1
1,0,0,0,1
4,118,0,0,122
2,0,0,0,2
6,0,0,0,6
1,0,0,0,1
1,0,0,0,1
2,0,0,0,2
1,0,0,0,1
1,0,0,0,1
34,2,0,0,36
3,0,0,0,3
2,2,0,0,4
37,0,0,0,37
1,0,0,0,1
1,0,0,0,1
1,0,0,0,1
6,0,0,0,6
1,0,0,0,1
5,0,0,0,5
1,0,0,0,1
2,0,0,0,2
2,0,0,0,2
1,0,0,0,1
3,0,0,0,3
1,0,0,0,1
9,12,0,0,21
1,0,0,0,1
11,0,0,0,11
17,0,0,0,17
6,1,0,0,7
5,0,0,0,5
1,0,0,0,1
189,7,0,0,196
2,0,0,0,2
1,0,0,0,1
3,0,0,0,3
1,0,0,0,1
1,0,0,0,1
2,0,0,0,2
1,5,0,0,6
3,0,0,0,3
3,8,0,0,11
1,0,0,0,1
1,0,0,0,1
1,0,0,0,1
182,3,0,0,185
7,0,0,0,7
49,19,0,0,68
1,0,0,0,1
3,0,0,0,3
2,0,0,0,2
1,0,0,0,1
2,0,0,0,2
1,0,0,0,1
1,0,0,0,1
2,0,0,0,2
2,0,0,0,2
3,0,0,0,3
1,0,0,0,1
1,2,0,0,3
1,2,0,0,3
2,0,0,0,2
1,0,0,0,1
4,0,0,0,4
14,0,1,0,15
1,0,0,0,1
2,0,0,0,2
1,0,0,0,1
26,0,0,0,26
1,0,0,0,1
1,0,0,0,1
6,0,0,0,6
1,0,0,0,1
1,0,0,0,1
1,0,0,0,1
1,0,0,0,1
1,0,0,0,1
1,0,0,0,1
3,0,0,0,3
1,0,0,0,1
1,0,0,0,1
1,2,0,0,3
1,0,0,0,1
1,0,0,0,1
7,0,0,0,7
3,0,0,0,3
1,0,0,0,1
1,0,0,0,1
1,0,0,0,1
1,0,0,0,1
1,0,0,0,1
1,0,0,0,1
1,0,0,0,1
2,3,0,0,5
1,0,0,0,1
33,5,2,0,40
2,0,0,0,2
1,0,0,0,1
3,0,0,0,3
1,0,0,0,1
67,1,0,0,68
5,0,0,0,5
5,0,0,0,5
2,0,0,0,2
7,0,0,0,7
1,0,0,0,1
1,0,0,0,1
13,0,0,0,13
1,0,0,0,1
1,0,0,0,1
1,0,0,0,1
2,2,1,0,5
57,9,0,0,66
1,0,0,0,1
1,0,0,0,1
3,0,0,0,3
6,0,0,0,6
1,0,0,0,1
1,0,0,0,1
1,0,0,0,1
1,0,0,0,1
6,0,0,0,6
13,0,0,0,13
10,0,0,0,10
1,0,0,0,1
2,0,0,0,2
1,0,0,0,1
21,3,1,0,25
10,3,0,0,13
3,0,0,0,3
1,0,0,0,1
29,0,0,0,29
1,0,0,0,1
1,0,0,0,1
95,16,3,0,114
1,0,0,0,1
1,0,0,0,1
1,0,0,0,1
24,0,0,0,24
1,0,0,0,1
2,0,0,0,2
2,0,0,0,2
14,1,0,0,15
1,0,0,0,1
5,1,0,0,6
1,0,0,0,1
8,0,0,0,8
1,0,0,0,1
3,11,4,0,18
1,3,2,0,6
7,0,0,0,7
1,0,0,0,1
60,0,0,0,60
1,0,0,0,1
3,0,0,0,3
5,0,0,0,5
1,0,0,0,1
1,0,0,0,1
1,0,0,0,1
2,0,0,0,2
24,0,0,0,24
1,0,0,0,1
1,0,0,0,1
1,0,0,0,1
1,0,0,0,1
2,0,0,0,2
1,0,0,0,1
1,0,0,0,1
2,0,0,0,2
2,0,0,0,2
1,0,0,0,1
2,98,0,0,100
3,0,0,0,3
3,0,0,0,3
1,0,0,0,1
1,0,0,0,1
4,0,0,0,4
1,0,0,0,1
23,271,33,0,327
1,4,0,0,5
1,0,0,0,1
92,5,0,0,97
7,0,0,0,7
1,0,0,0,1
1,0,0,0,1
1,0,0,0,1
4,3,0,0,7
5,2,0,0,7
2,0,0,0,2
2,0,0,0,2
3,0,0,0,3
1,0,0,0,1
21,0,0,0,21
2,0,0,0,2
1,0,0,0,1
9,1,0,0,10
1,0,0,0,1
3,0,0,0,3
4,0,0,0,4
1,0,0,0,1
1,0,0,0,1
2,1,0,0,3
2,0,0,0,2
5,0,0,0,5
27,0,0,0,27
1,0,0,0,1
2,0,0,0,2
1,0,0,0,1
8,1,0,0,9
1,0,0,0,1
16,0,0,0,16
1,0,0,0,1
1,0,0,0,1
1,0,0,0,1
2,0,0,0,2
3,0,0,0,3
3,0,0,0,3
1,0,0,0,1
1,0,0,0,1
62,1,0,0,63
1,0,0,0,1
26,1,0,0,27
1,0,0,0,1
3,0,0,0,3
1,0,0,0,1
2,0,0,0,2
12,2,0,0,14
1,0,0,0,1
1,0,0,0,1
1,0,0,0,1
1,0,0,0,1
2,4,0,0,6
2,0,0,0,2
14,5,0,0,19
1,0,0,0,1
1,6,0,0,7
2,0,0,0,2
1,0,0,0,1
1,1,1,0,3
1,0,0,0,1
2,0,0,0,2
10,0,0,0,10
1,0,0,0,1
92,5,2,0,99
2,0,0,0,2
2,0,0,0,2
1,0,0,0,1
5,4,2,0,11
4,0,0,0,4
1,0,0,0,1
7,0,0,0,7
1,0,0,0,1
1,0,0,0,1
1,0,0,0,1
7,0,0,0,7
37,3,1,0,41
3,0,0,0,3
2,0,0,0,2
1,0,0,0,1
3,0,0,0,3
1,0,0,0,1
1,0,0,0,1
107,0,0,0,107
2,0,0,0,2
4,0,0,0,4
3,0,0,0,3
1,0,0,0,1
1,0,0,0,1
1,0,0,0,1
7,44,0,0,51
2,0,0,0,2
2,0,0,0,2
2,0,0,0,2
1,0,0,0,1
1,0,0,0,1
1,0,0,0,1
41,2,0,0,43
1,0,0,0,1
1,0,0,0,1
5,0,0,0,5
1,0,0,0,1
1,0,0,0,1
1,0,0,0,1
2,0,0,0,2
2,0,0,0,2
9,1,0,0,10
1,0,0,0,1
34,16,2,0,52
1,0,0,0,1
1,0,0,0,1
6,0,0,0,6
3,0,0,0,3
4,0,0,0,4
1,0,0,0,1
12,0,0,0,12
1,0,0,0,1
3,0,0,0,3
44,0,0,0,44
1,0,0,0,1
1,0,0,0,1
1,0,0,0,1
1,0,0,0,1
1,0,0,0,1
4,0,0,0,4
38,5,0,0,43
1,0,0,0,1
26,0,0,0,26
6,43,1,0,50
1,0,1,0,2
1,0,0,0,1
2,0,0,0,2
2,0,0,0,2
5,0,0,0,5
2,0,0,0,2
8,0,1,0,9
8,0,0,0,8
2,0,0,0,2
2,7,0,0,9
1,0,0,0,1
1,0,0,0,1
2,0,0,0,2
7,0,0,0,7
2,0,0,0,2
7,0,0,0,7
1,0,0,0,1
81,0,0,0,81
3,0,0,0,3
2,0,0,0,2
2,0,0,0,2
7,0,0,0,7
1,0,0,0,1
1,0,0,0,1
2,0,0,0,2
13,593,0,0,606
6,0,0,0,6
27,0,0,0,27
1,0,0,0,1
8,0,0,0,8
1,0,0,0,1
1,0,0,0,1
4,1,0,0,5
1,0,0,0,1
20,4,1,0,25
20,1,0,0,21
6,0,0,0,6
3,0,0,0,3
28,2,1,0,31
1,0,0,0,1
1,0,0,0,1
8,0,0,0,8
1,0,0,0,1
1,0,0,0,1
1,0,0,0,1
2,0,0,0,2
3,0,0,0,3
1,0,0,0,1
1,0,0,0,1
2,6,0,0,8
1,0,0,0,1
17,0,0,0,17
1,0,0,0,1
1,0,0,0,1
1,0,0,0,1
1,0,0,0,1
1,0,0,0,1
11,0,0,0,11
2,0,0,0,2
4,0,0,0,4
9,0,0,0,9
1,0,0,0,1
5,0,0,0,5
3,0,0,0,3
1,0,0,0,1
2,0,0,0,2
2,0,0,0,2
6,0,0,0,6
1,0,0,0,1
1,0,0,0,1
3,0,0,0,3
7,0,0,0,7
1,3,0,0,4
4,0,0,0,4
1,0,0,0,1
1,0,0,0,1
3,0,0,0,3
2,0,0,0,2
1,0,0,0,1
7,0,0,0,7
1,0,0,0,1
1,0,0,0,1
39,0,0,0,39
1,0,0,0,1
6,0,0,0,6
1,0,0,0,1
5,0,0,0,5
2,1,0,0,3
2,0,0,0,2
2,0,0,0,2
16,7,0,0,23
2,0,0,0,2
20,20,2,0,42
1,0,0,0,1
5,0,0,0,5
1,0,0,0,1
1,0,0,0,1
21,4,0,0,25
2,0,0,0,2
66,36,3,0,105
1,0,0,0,1
1,0,0,0,1
7,0,0,0,7
1,0,0,0,1
7,0,0,0,7
2,0,0,0,2
3,0,0,0,3
1,0,0,0,1
1,0,0,0,1
72,2,0,0,74
1,0,0,0,1
1,0,0,0,1
1,0,0,0,1
11,0,0,0,11
1,0,0,0,1
7,0,0,0,7
9,4,0,0,13
3,0,0,0,3
1,0,0,0,1
1,0,0,0,1
1,0,0,0,1
2,0,0,0,2
2,0,0,0,2
1,0,0,0,1
10,0,0,0,10
2,0,0,0,2
1,0,0,0,1
2,0,0,0,2
1,0,0,0,1
9,0,0,0,9
122,10,3,0,135
2,0,0,0,2
1,0,0,0,1
4,0,0,0,4
1,0,0,0,1
1,0,0,0,1
17,4,0,0,21
1,0,0,0,1
1,0,0,0,1
6,0,0,0,6
1,0,0,0,1
99,0,0,0,99
8,0,0,0,8
1,0,0,0,1
2,0,0,0,2
1,0,0,0,1
6,0,0,0,6
2,0,0,0,2
8,0,0,0,8
1,0,0,0,1
1,0,0,0,1
1,0,0,0,1
2,0,0,0,2
14,0,0,0,14
2,0,0,0,2
2,0,0,0,2
38,0,0,0,38
1,0,0,0,1
2,0,0,0,2
1,0,0,0,1
5,0,0,0,5
3,0,0,0,3
4,0,0,0,4
1,0,0,0,1
1,0,0,0,1
1,0,0,0,1
1,0,0,0,1
1,0,0,0,1
1,0,0,0,1
25,0,0,0,25
1,0,0,0,1
3,0,0,0,3
4,1,0,0,5
2,0,0,0,2
1,0,0,0,1
6,0,0,0,6
5,6,1,0,12
4,0,0,0,4
4,0,0,0,4
1,0,0,0,1
2,0,0,0,2
1,0,0,0,1
2,0,0,0,2
34,0,2,0,36
1,0,0,0,1
1,0,0,0,1
1,0,0,0,1
5,0,0,0,5
1,0,0,0,1
1,0,0,0,1
32,0,0,0,32
4,0,0,0,4
1,0,0,0,1
1,0,0,0,1
7,0,0,0,7
11,0,0,0,11
1,0,0,0,1
6,0,0,0,6
1,0,0,0,1
44,0,0,0,44
2,0,0,0,2
1,0,0,0,1
6,0,0,0,6
1,0,0,0,1
1,0,0,0,1
28,5,0,0,33
1,0,0,0,1
3,0,0,0,3
1,0,0,0,1
4,0,0,0,4
1,0,0,0,1
1,0,0,0,1
1,0,0,0,1
1,0,0,0,1
14,0,0,0,14
1,0,0,0,1
1,0,0,0,1
1,0,0,0,1
7,0,0,0,7
55,0,0,0,55
11,18,0,0,29
2,0,0,0,2
1,0,0,0,1
3,0,0,0,3
7,3,2,0,12
1,0,0,0,1
1,0,0,0,1
1,0,0,0,1
7,0,0,0,7
1,0,0,0,1
1,0,0,0,1
20,23,0,0,43
2,0,0,0,2
7,3,0,0,10
1,0,0,0,1
1,0,0,0,1
1,0,0,0,1
2,0,0,0,2
2,0,0,0,2
1,0,0,0,1
1,0,0,0,1
1,0,0,0,1
1,0,0,0,1
9,0,0,0,9
2,0,0,0,2
1,0,0,0,1
3,1,0,0,4
1,0,0,0,1
3,0,0,0,3
8,24,0,0,32
17,43,1,0,61
5,0,0,0,5
1,0,0,0,1
2,0,0,0,2
6,1,0,0,7
1,0,0,0,1
3,0,0,0,3
2,1,0,0,3
3,0,0,0,3
1,0,0,0,1
24,0,0,0,24
1,0,0,0,1
1,0,0,0,1
4,0,0,0,4
2,20,0,0,22
1,1,0,0,2
2,0,0,0,2
2,0,0,0,2
4,0,0,0,4
2,0,0,0,2
2,0,0,0,2
2,1,0,0,3
4,0,0,0,4
1,0,0,0,1
1,0,0,0,1
1,0,0,0,1
30,0,1,0,31
1,0,0,0,1
1,0,0,0,1
1,0,0,0,1
1,0,0,0,1
35,3,1,0,39
2,0,0,0,2
3,0,0,0,3
2,0,0,0,2
2,0,0,0,2
10,0,0,0,10
4,0,0,0,4
1,0,0,0,1
1,0,0,0,1
1,0,0,0,1
2,0,0,0,2
3,0,0,0,3
2,0,0,0,2
1,0,0,0,1
1,0,0,0,1
1,0,0,0,1
37,0,0,0,37
1,0,0,0,1
3,0,0,0,3
2,32,0,0,34
2,0,0,0,2
1,0,0,0,1
3,0,0,0,3
2,0,0,0,2
11,0,0,0,11
1,0,0,0,1
1,0,0,0,1
1,0,0,0,1
4,0,0,0,4
1,0,0,0,1
4,3,0,0,7
3,0,0,0,3
14,0,2,0,16
9,30,1,0,40
1,0,0,0,1
1,0,0,0,1
4,53,0,0,57
5,0,0,0,5
11,0,0,0,11
2,0,0,0,2
2,0,0,0,2
1,0,0,0,1
7,0,0,0,7
4,0,0,0,4
4,0,0,0,4
1,0,0,0,1
1,0,0,0,1
1,0,0,0,1
12,0,0,0,12
2,0,0,0,2
1,0,0,0,1
1,1,0,0,2
10,1,1,0,12
1,0,0,0,1
13,0,0,0,13
3,0,0,0,3
3,0,1,0,4
6,0,0,0,6
14,2,0,0,16
2,4,0,0,6
1,0,0,0,1
3,4,0,0,7
9,1,0,0,10
2,0,0,0,2
7,0,0,0,7
3,0,0,0,3
1,0,0,0,1
6,0,1,0,7
12,0,0,0,12
1,0,0,0,1
3,0,0,0,3
1,0,0,0,1
77,0,0,0,77
1,0,0,0,1
1,0,0,0,1
1,0,0,0,1
8,0,0,0,8
1,0,0,0,1
1,0,0,0,1
8,1,0,0,9
2,0,0,0,2
2,0,0,0,2
1,0,0,0,1
2,0,0,0,2
3,0,0,0,3
3,0,0,0,3
1,0,0,0,1
1,0,0,0,1
1,0,0,0,1
1,0,0,0,1
1,0,0,0,1
2,2,0,0,4
1,0,0,0,1
1,0,0,0,1
2,0,0,0,2
60,3,0,0,63
1,0,0,0,1
1,0,0,0,1
1,0,0,0,1
11,0,0,0,11
1,0,0,0,1
1,0,0,0,1
1,0,0,0,1
3,0,0,0,3
88,0,1,0,89
1,0,0,0,1
1,0,0,0,1
1,0,0,0,1
1,0,0,0,1
47,4,1,0,52
3,0,0,0,3
2,3,0,0,5
1,0,0,0,1
4,0,0,0,4
1,0,0,0,1
10,0,0,0,10
3,0,0,0,3
3,0,0,0,3
1,0,0,0,1
8,0,0,0,8
1,0,0,0,1
1,0,0,0,1
6,0,0,0,6
1,0,0,0,1
49,5,1,0,55
1,0,0,0,1
17,0,0,0,17
2,15,0,0,17
1,0,0,0,1
1,23,0,0,24
1,0,0,0,1
1,0,0,0,1
15,19,1,0,35
2,0,0,0,2
1,0,0,0,1
1,0,0,0,1
2,0,0,0,2
2,0,0,0,2
1,0,0,0,1
7,0,0,0,7
1,0,0,0,1
27,0,2,0,29
3,0,0,0,3
2,0,0,0,2
1,0,0,0,1
47,0,0,0,47
1,1,0,0,2
1,0,0,0,1
10,10,0,0,20
1,0,0,0,1
4,0,0,0,4
11,1,1,0,13
1,0,0,0,1
1,0,0,0,1
1,0,0,0,1
1,0,0,0,1
1,0,0,0,1
1,0,0,0,1
1,0,0,0,1
1,0,0,0,1
5,0,0,0,5
10,0,0,0,10
3,0,0,0,3
1,7,0,0,8
3,0,0,0,3
1,0,0,0,1
1,0,0,0,1
2,1,0,0,3
1,0,0,0,1
1,0,0,0,1
1,0,0,0,1
1,0,0,0,1
1,0,0,0,1
2,0,0,0,2
36,21,0,0,57
10,3,0,0,13
3,0,0,0,3
1,0,0,0,1
87,0,0,0,87
1,33,0,0,34
3,0,0,0,3
1,0,0,0,1
1,0,0,0,1
1,1,1,0,3
1,0,0,0,1
1,0,0,0,1
1,0,0,0,1
1,3,0,0,4
2,0,0,0,2
1,0,0,0,1
2,0,0,0,2
1,0,0,0,1
1,0,0,0,1
1,0,0,0,1
3,0,0,0,3
1,0,0,0,1
1,0,0,0,1
1,0,0,0,1
3,0,0,0,3
3,0,0,0,3
1,0,0,0,1
1,0,0,0,1
2,0,0,0,2
43,4,0,0,47
1,0,0,0,1
4,0,0,0,4
1,0,0,0,1
1,0,0,0,1
4,0,0,0,4
4,0,0,0,4
1,0,0,0,1
41,3,0,0,44
1,0,0,0,1
2,0,0,0,2
1,0,0,0,1
3,0,0,0,3
3,0,0,0,3
1,0,0,0,1
5,0,0,0,5
5,8,2,0,15
5,0,0,0,5
3,0,0,0,3
1,0,0,0,1
1,0,0,0,1
3,0,0,0,3
1,0,0,0,1
3,0,0,0,3
1,0,0,0,1
1,0,0,0,1
14,1,0,0,15
2,0,0,0,2
1,0,0,0,1
1,0,0,0,1
1,0,0,0,1
1,0,0,0,1
1,0,0,0,1
2,0,0,0,2
2,6,1,0,9
1,0,0,0,1
1,0,0,0,1
52,0,0,0,52
1,0,0,0,1
1,0,0,0,1
3,0,0,0,3
1,0,0,0,1
5,0,0,0,5
2,0,0,0,2
1,0,0,0,1
5,1,1,0,7
1,0,0,0,1
20,0,1,0,21
1,0,0,0,1
1,0,0,0,1
35,0,0,0,35
3,6,3,0,12
1,0,0,0,1
3,0,0,0,3
1,0,0,0,1
2,12,0,0,14
1,0,0,0,1
11,6,0,0,17
2,0,0,0,2
3,0,0,0,3
2,0,0,0,2
1,0,0,0,1
2,0,0,0,2
1,0,0,0,1
12,0,0,0,12
3,0,0,0,3
1,0,0,0,1
1,0,0,0,1
2,0,0,0,2
2,0,0,0,2
24,3,0,0,27
2,0,0,0,2
1,0,0,0,1
1,0,0,0,1
58,8,2,0,68
2,0,0,0,2
41,0,0,0,41
1,0,0,0,1
23,0,0,0,23
1,0,0,0,1
1,0,0,0,1
1,0,0,0,1
2,0,0,0,2
3,0,0,0,3
3,0,0,0,3
1,0,0,0,1
43,3,1,0,47
2,0,0,0,2
1,0,0,0,1
1,0,0,0,1
1,0,0,0,1
96,0,0,0,96
19,0,0,0,19
2,0,0,0,2
2,0,0,0,2
8,3,0,0,11
1,0,0,0,1
1,0,0,0,1
2,15,1,0,18
2,0,0,0,2
100,108,6,0,214
4,0,0,0,4
1,0,0,0,1
1,0,0,0,1
2,0,0,0,2
4,2,0,0,6
1,0,0,0,1
2,0,0,0,2
1,0,0,0,1
57,0,0,0,57
1,0,0,0,1
1,0,0,0,1
2,8,4,0,14
14,0,0,0,14
1,0,0,0,1
1,0,0,0,1
1,0,0,0,1
5,0,0,0,5
2,0,0,0,2
8,0,0,0,8
1,0,0,0,1
1,0,0,0,1
1,3,0,0,4
16,0,0,0,16
1,0,0,0,1
4,0,0,0,4
14,0,0,0,14
1,0,0,0,1
1,0,0,0,1
3,5,0,0,8
1,0,0,0,1
4,32,0,0,36
5,0,0,0,5
59,7,0,0,66
1,0,0,0,1
1,0,0,0,1
2,0,0,0,2
6,0,0,0,6
1,0,0,0,1
18,4,4,0,26
2,0,0,0,2
6,5,0,0,11
96,0,0,0,96
1,0,0,0,1
5,1,0,0,6
1,0,0,0,1
3,0,0,0,3
72,2,0,0,74
2,0,0,0,2
33,2,1,0,36
3,5,0,0,8
5,0,0,0,5
4,0,0,0,4
5,0,0,0,5
1,0,0,0,1
17,0,0,0,17
2,0,0,0,2
3,0,0,0,3
1,0,0,0,1
1,0,0,0,1
89,23,10,0,122
5,0,0,0,5
1,0,0,0,1
2,0,0,0,2
3,0,0,0,3
1,0,0,0,1
5,0,0,0,5
2,0,0,0,2
1,0,0,0,1
31,0,0,0,31
1,0,0,0,1
1,0,0,0,1
1,0,0,0,1
1,0,0,0,1
1,0,0,0,1
21,2,2,0,25
2,0,0,0,2
1,0,0,0,1
1,0,0,0,1
1,0,0,0,1
3,0,0,0,3
1,0,0,0,1
1,0,0,0,1
1,0,0,0,1
3,0,0,0,3
1,0,0,0,1
3,0,0,0,3
1,0,0,0,1
18,1,0,0,19
2,0,0,0,2
1,0,0,0,1
1,0,0,0,1
1,0,0,0,1
1,0,0,0,1
1,0,0,0,1
1,0,0,0,1
1,0,0,0,1
1,0,0,0,1
17,0,0,0,17
1,0,0,0,1
1,0,0,0,1
7,0,0,0,7
1,0,0,0,1
2,0,0,0,2
8,1,3,0,12
11,29,6,0,46
1,0,0,0,1
1,0,0,0,1
3,0,0,0,3
43,41,2,0,86
1,0,0,0,1
2,0,0,0,2
1,0,0,0,1
1,0,0,0,1
1,0,0,0,1
12,3,1,0,16
63,0,0,0,63
1,0,0,0,1
5,0,0,0,5
1,0,0,0,1
2,0,0,0,2
2,0,0,0,2
18,0,0,0,18
1,0,0,0,1
5,0,0,0,5
1,0,0,0,1
3,0,0,0,3
1,0,0,0,1
2,0,0,0,2
29,3,0,0,32
1,0,0,0,1
9,4,0,0,13
1,0,0,0,1
1,0,0,0,1
1,0,0,0,1
1,0,0,0,1
1,0,0,0,1
1,0,0,0,1
1,0,0,0,1
2,0,0,0,2
2,0,0,0,2
7,0,0,0,7
1,0,0,0,1
1,0,0,0,1
1,0,0,0,1
1,0,0,0,1
8,0,0,0,8
2,0,0,0,2
2,0,0,0,2
1,0,0,0,1
2,0,0,0,2
9,0,0,0,9
1,0,0,0,1
9,28,1,0,38
1,0,0,0,1
6,0,0,0,6
18,0,0,0,18
1,0,0,0,1
1,0,0,0,1
1,0,0,0,1
1,0,0,0,1
1,0,0,0,1
5,0,0,0,5
3,0,0,0,3
2,0,0,0,2
8,7,0,0,15
1,0,0,0,1
65,3,1,0,69
2,0,0,0,2
2,2,0,0,4
1,0,0,0,1
1,0,0,0,1
2,0,0,0,2
3,0,0,0,3
2,0,0,0,2
3,0,0,0,3
1,0,0,0,1
5,0,0,0,5
1,0,0,0,1
1,0,0,0,1
26,8,0,0,34
3,0,0,0,3
6,0,0,0,6
4,0,0,0,4
1,0,0,0,1
10,0,0,0,10
2,0,0,0,2
1,0,0,0,1
50,5,0,0,55
1,0,0,0,1
5,0,0,0,5
2,0,0,0,2
1,0,0,0,1
1,0,0,0,1
30,0,1,0,31
3,0,0,0,3
1,0,0,0,1
3,0,0,0,3
1,0,0,0,1
1,0,0,0,1
2,0,0,0,2
1,0,0,0,1
7,0,0,0,7
8,0,0,0,8
1,2,0,0,3
1,0,0,0,1
1,0,0,0,1
8,0,0,0,8
3,0,0,0,3
1,0,0,0,1
1,0,0,0,1
8,0,0,0,8
2,0,0,0,2
7,2,0,0,9
4,0,2,0,6
6,0,0,0,6
8,0,0,0,8
1,0,0,0,1
1,0,0,0,1
1,0,0,0,1
2,0,0,0,2
5,1,1,0,7
36,0,0,0,36
2,0,0,0,2
6,0,0,0,6
2,0,0,0,2
1,4,0,0,5
3,2,0,0,5
1,0,0,0,1
1,0,0,0,1
1,0,0,0,1
1,0,0,0,1
1,0,0,0,1
1,0,0,0,1
1,0,0,0,1
1,0,0,0,1
1,0,0,0,1
26,0,0,0,26
4,0,0,0,4
1,0,0,0,1
3,0,0,0,3
8,0,0,0,8
1,0,0,0,1
1,0,0,0,1
1,0,0,0,1
1,0,0,0,1
1,0,0,0,1
12,0,0,0,12
2,0,0,0,2
30,31,12,0,73
7,2,0,0,9
1,0,0,0,1
1,0,0,0,1
1,0,0,0,1
1,0,0,0,1
2,5,2,0,9
2,0,0,0,2
1,0,0,0,1
11,0,0,0,11
1,0,0,0,1
6,3,0,0,9
2,0,0,0,2
1,0,0,0,1
1,0,0,0,1
1,0,0,0,1
1,0,0,0,1
1,0,0,0,1
2,0,0,0,2
42,1,0,0,43
1,0,0,0,1
10,0,0,0,10
1,0,0,0,1
1,0,0,0,1
1,0,0,0,1
1,0,0,0,1
19,0,0,0,19
7,0,0,0,7
1,0,0,0,1
1,0,0,0,1
2,0,0,0,2
1,0,0,0,1
9,0,0,0,9
1,0,0,0,1
14,67,4,0,85
14,0,0,0,14
1,0,0,0,1
1,0,0,0,1
3,0,0,0,3
1,0,0,0,1
3,0,0,0,3
1,0,0,0,1
1,0,0,0,1
66,0,0,0,66
15,0,0,0,15
1,0,0,0,1
1,0,0,0,1
1,0,0,0,1
5,0,0,0,5
1,0,0,0,1
1,0,0,0,1
1,0,0,0,1
14,0,0,0,14
1,0,0,0,1
10,0,0,0,10
2,0,0,0,2
2,0,0,0,2
4,0,0,0,4
1,0,0,0,1
2,0,0,0,2
1,0,0,0,1
5,0,0,0,5
1,0,0,0,1
4,714,1,0,719
1,0,0,0,1
3,0,0,0,3
1,0,0,0,1
1,0,0,0,1
4,0,0,0,4
1,0,0,0,1
58,0,0,0,58
14,3,16,0,33
3,0,0,0,3
3,0,0,0,3
1,0,0,0,1
1,0,0,0,1
7,0,0,0,7
1,0,0,0,1
1,0,0,0,1
1,0,0,0,1
37,2,0,0,39
3,0,0,0,3
1,0,0,0,1
3,0,0,0,3
1,0,0,0,1
10,2,0,0,12
1,0,0,0,1
1,0,0,0,1
1,0,0,0,1
1,0,0,0,1
4,1,0,0,5
1,0,0,0,1
6,1,2,0,9
42,0,0,0,42
3,0,0,0,3
1,0,0,0,1
1,0,0,0,1
1,0,0,0,1
2,15,0,0,17
4,0,0,0,4
1,0,0,0,1
1,0,0,0,1
2,0,0,0,2
1,0,0,0,1
5,0,0,0,5
1,0,0,0,1
10,10,1,0,21
2,0,0,0,2
4,0,0,0,4
1,0,0,0,1
3,0,0,0,3
1,0,0,0,1
46,3,3,0,52
1,0,0,0,1
1,0,0,0,1
1,0,0,0,1
3,0,0,0,3
4,0,0,0,4
4,0,0,0,4
7,0,0,0,7
1,0,0,0,1
5,0,0,0,5
1,0,0,0,1
15,1,0,0,16
105,63,9,0,177
7,0,0,0,7
1,0,0,0,1
6,0,0,0,6
16,9,0,0,25
10,0,0,0,10
1,0,0,0,1
1,0,0,0,1
3,0,0,0,3
1,0,0,0,1
2,0,0,0,2
1,0,0,0,1
16,4,0,0,20
1,0,0,0,1
9,0,0,0,9
21,9,1,0,31
55,31,1,0,87
1,0,0,0,1
1,1,1,0,3
1,0,0,0,1
8,2,0,0,10
1,0,0,0,1
2,0,0,0,2
1,0,0,0,1
1,2,0,0,3
1,0,0,0,1
1,0,0,0,1
14,0,0,0,14
2,0,0,0,2
12,0,0,0,12
2,0,0,0,2
2,0,0,0,2
1,0,0,0,1
5,0,0,0,5
1,0,0,0,1
1,2,0,0,3
1,0,0,0,1
3,0,0,0,3
2,0,0,0,2
1,0,0,0,1
1,0,0,0,1
1,0,0,0,1
1,0,0,0,1
2,0,0,0,2
1,0,0,0,1
1,0,0,0,1
1,0,0,0,1
1,0,0,0,1
4,0,0,0,4
1,0,0,0,1
13,0,0,0,13
1,0,0,0,1
4,0,0,0,4
1,0,0,0,1
5,0,0,0,5
1,0,0,0,1
1,0,0,0,1
1,0,0,0,1
6,0,0,0,6
1,0,0,0,1
1,0,0,0,1
5,0,0,0,5
6,83,0,0,89
4,0,0,0,4
9,0,0,0,9
1,0,0,0,1
1,0,0,0,1
1,0,0,0,1
2,0,0,0,2
2,0,0,0,2
2,0,0,0,2
1,0,0,0,1
1,0,0,0,1
1,0,0,0,1
1,0,0,0,1
1,0,0,0,1
6,0,0,0,6
5,0,0,0,5
1,0,0,0,1
2,0,0,0,2
2,2,0,0,4
6,0,0,0,6
1,0,0,0,1
3,0,0,0,3
1,0,0,0,1
18,1,0,0,19
1,0,0,0,1
1,0,0,0,1
7,0,0,0,7
1,0,0,0,1
29,27,0,0,56
5,0,0,0,5
8,0,0,0,8
1,0,0,0,1
2,0,0,0,2
3,0,0,0,3
1,0,0,0,1
1,0,0,0,1
2,0,0,0,2
1,0,0,0,1
2,0,0,0,2
1,0,0,0,1
2,0,0,0,2
2,0,0,0,2
1,0,0,0,1
1,0,0,0,1
1,0,0,0,1
1,0,0,0,1
1,0,0,0,1
3,0,0,0,3
1,0,0,0,1
1,0,0,0,1
1,0,0,0,1
1,0,0,0,1
17,4,2,0,23
3,0,0,0,3
6,0,0,0,6
6,0,0,0,6
1,0,0,0,1
2,0,0,0,2
50,36,1,0,87
1,4,0,0,5
12,5,1,0,18
15,17,5,0,37
1,0,0,0,1
1,0,0,0,1
1,0,0,0,1
1,0,0,0,1
18,0,0,0,18
1,0,0,0,1
24,24,3,0,51
1,0,0,0,1
1,0,0,0,1
1,0,0,0,1
1,0,0,0,1
2,0,0,0,2
1,0,0,0,1
1,0,0,0,1
2,0,0,0,2
2,0,0,0,2
4,0,0,0,4
4,0,0,0,4
40,0,0,0,40
2,0,0,0,2
6,0,0,0,6
1,0,0,0,1
19,0,0,0,19
1,0,0,0,1
1,0,0,0,1
17,0,0,0,17
4,0,0,0,4
11,0,0,0,11
1,0,0,0,1
1,0,0,0,1
1,0,0,0,1
3,0,0,0,3
1,0,0,0,1
8,0,0,0,8
1,0,0,0,1
1,0,0,0,1
1,0,0,0,1
2,0,0,0,2
1,0,0,0,1
4,0,0,0,4
1,0,0,0,1
1,0,0,0,1
3,0,0,0,3
1,0,0,0,1
3,0,0,0,3
1,0,0,0,1
4,0,0,0,4
6,0,0,0,6
8,0,0,0,8
6,0,0,0,6
2,0,0,0,2
1,0,0,0,1
1,0,0,0,1
1,0,0,0,1
1,0,0,0,1
1,0,0,0,1
1,0,0,0,1
1,0,0,0,1
1,0,0,0,1
1,0,0,0,1
1,0,0,0,1
1,0,0,0,1
1,0,0,0,1
1,0,0,0,1
1,0,0,0,1
1,0,0,0,1
8,0,0,0,8
1,0,0,0,1
2,0,0,0,2
1,0,0,0,1
5,0,0,0,5
1,0,0,0,1
1,0,0,0,1
50,3,0,0,53
1,0,0,0,1
1,0,0,0,1
1,0,0,0,1
3,0,0,0,3
1,0,0,0,1
28,0,0,0,28
1,0,0,0,1
4,0,0,0,4
1,0,0,0,1
2,0,0,0,2
107,1,0,0,108
9,0,0,0,9
1,0,0,0,1
1,0,0,0,1
2,0,0,0,2
1,0,0,0,1
1,2,0,0,3
1,0,0,0,1
1,0,0,0,1
1,0,0,0,1
1,0,0,0,1
1,0,0,0,1
1,0,0,0,1
2,0,0,0,2
6,0,0,0,6
2,0,0,0,2
3,0,0,0,3
2,0,0,0,2
4,0,0,0,4
1,0,0,0,1
46,0,0,0,46
1,0,0,0,1
1,0,0,0,1
1,0,0,0,1
1,0,0,0,1
2,0,0,0,2
2,0,0,0,2
6,0,0,0,6
2,0,0,0,2
3,0,0,0,3
2,0,0,0,2
4,0,0,0,4
1,0,0,0,1
50,0,0,0,50
1,0,0,0,1
1,0,0,0,1
9,4,0,0,13
1,0,0,0,1
1,3,0,0,4
32,21,0,0,53
1,0,0,0,1
1,0,0,0,1
1,0,0,0,1
2,0,0,0,2
1,0,0,0,1
1,0,0,0,1
2,0,0,0,2
1,0,0,0,1
1,0,0,0,1
1,0,0,0,1
1,0,0,0,1
1,0,0,0,1
1,0,0,0,1
1,0,0,0,1
2,0,0,0,2
1,0,0,0,1
14,0,0,0,14
4,0,0,0,4
5,0,0,0,5
1,0,0,0,1
17,0,0,0,17
1,0,0,0,1
4,0,0,0,4
1,0,0,0,1
3,0,0,0,3
6,0,0,0,6
1,0,0,0,1
1,0,0,0,1
3,0,0,0,3
1,0,0,0,1
1,0,0,0,1
1,0,0,0,1
1,0,0,0,1
1,0,0,0,1
6,3,0,0,9
1,0,0,0,1
1,0,0,0,1
4,0,0,0,4
1,0,0,0,1
1,0,0,0,1
3,0,0,0,3
1,0,0,0,1
1,0,0,0,1
1,0,0,0,1
2,0,0,0,2
68,0,0,0,68
2,0,0,0,2
3,0,0,0,3
2,0,0,0,2
12,0,0,0,12
1,0,0,0,1
15,0,0,0,15
1,0,0,0,1
1,0,0,0,1
1,0,0,0,1
1,0,0,0,1
3,0,0,0,3
2,0,0,0,2
1,0,0,0,1
8,0,0,0,8
1,0,0,0,1
18,54,0,0,72
1,0,0,0,1
1,0,0,0,1
2,0,0,0,2
1,0,0,0,1
1,0,0,0,1
1,0,0,0,1
4,4,0,0,8
2,0,0,0,2
62,3,0,0,65
1,0,0,0,1
1,0,0,0,1
24,3,3,0,30
1,0,0,0,1
1,0,0,0,1
2,0,0,0,2
4,0,0,0,4
14,0,0,0,14
1,0,0,0,1
4,0,0,0,4
1,0,0,0,1
1,0,0,0,1
5,1,0,0,6
1,0,0,0,1
1,0,0,0,1
1,0,0,0,1
1,0,0,0,1
12,0,0,0,12
1,0,0,0,1
1,0,0,0,1
1,0,0,0,1
3,0,0,0,3
2,0,0,0,2
7,0,0,0,7
1,0,0,0,1
2,0,0,0,2
1,0,0,0,1
3,0,0,0,3
1,0,0,0,1
1,0,0,0,1
5,0,0,0,5
1,0,0,0,1
4,0,0,0,4
1,0,0,0,1
19,0,0,0,19
1,0,0,0,1
2,0,0,0,2
1,36,0,0,37
27,0,0,0,27
2,0,0,0,2
2,0,0,0,2
4,0,0,0,4
1,0,0,0,1
15,1,0,0,16
2,0,0,0,2
2,0,0,0,2
2,0,0,0,2
9,0,0,0,9
1,0,0,0,1
8,10,3,0,21
11,33,1,0,45
11,1,0,0,12
4,0,0,0,4
1,2,1,0,4
1,0,0,0,1
2,0,0,0,2
1,0,0,0,1
61,0,0,0,61
5,0,0,0,5
1,0,0,0,1
4,0,0,0,4
2,0,0,0,2
1,0,0,0,1
1,0,0,0,1
35,23,0,0,58
9,25,0,0,34
4,7,2,0,13
23,0,0,0,23
7,1,1,0,9
1,0,0,0,1
15,0,0,0,15
4,0,0,0,4
1,0,0,0,1
2,0,0,0,2
2,0,0,0,2
3,8,0,0,11
1,0,0,0,1
2,0,0,0,2
1,0,0,0,1
2,0,0,0,2
39,4,4,0,47
2,0,0,0,2
1,0,0,0,1
4,0,0,0,4
1,0,0,0,1
1,0,0,0,1
1,0,0,0,1
1,0,0,0,1
34,0,0,0,34
1,0,0,0,1
2,0,0,0,2
1,0,0,0,1
2,0,0,0,2
27,16,0,0,43
6,0,0,0,6
2,0,0,0,2
1,0,0,0,1
3,0,0,0,3
3,0,0,0,3
19,0,0,0,19
1,0,0,0,1
1,0,0,0,1
14,0,0,0,14
3,0,2,0,5
9,2,1,0,12
1,0,0,0,1
1,0,0,0,1
1,6,0,0,7
1,0,0,0,1
1,0,0,0,1
6,0,0,0,6
36,1,0,0,37
3,0,0,0,3
10,2,1,0,13
3,0,0,0,3
2,0,0,0,2
1,0,0,0,1
1,0,0,0,1
1,0,0,0,1
19,0,0,0,19
1,0,0,0,1
1,0,0,0,1
1,0,0,0,1
5,1,0,0,6
1,0,0,0,1
1,0,0,0,1
1,0,0,0,1
2,0,0,0,2
1,0,0,0,1
28,0,0,0,28
1,0,0,0,1
1,0,0,0,1
2,0,0,0,2
1,0,0,0,1
11,4,0,0,15
1,0,0,0,1
1,0,0,0,1
1,0,0,0,1
1,0,0,0,1
26,17,2,0,45
2,0,0,0,2
88,1,0,0,89
1,1,0,0,2
14,338,6,0,358
1,0,0,0,1
33,15,4,0,52
1,0,0,0,1
8,0,0,0,8
1,0,0,0,1
1,0,0,0,1
6,0,0,0,6
14,0,0,0,14
2,0,0,0,2
3,0,0,0,3
1,0,0,0,1
1,0,0,0,1
2,0,0,0,2
2,0,0,0,2
1,0,0,0,1
20,0,0,0,20
6,0,0,0,6
4,0,0,0,4
1,0,0,0,1
3,0,0,0,3
43,0,0,0,43
5,0,0,0,5
1,0,0,0,1
1,0,0,0,1
2,0,0,0,2
1,0,0,0,1
1,0,0,0,1
29,50,0,0,79
9,0,0,0,9
2,0,0,0,2
34,0,0,0,34
4,0,0,0,4
1,0,0,0,1
1,0,0,0,1
1,0,0,0,1
5,0,0,0,5
3,0,0,0,3
5,5,0,0,10
3,0,0,0,3
1,0,0,0,1
4,0,0,0,4
7,0,0,0,7
2,0,0,0,2
1,0,0,0,1
34,0,0,0,34
1,0,0,0,1
2,0,0,0,2
2,0,0,0,2
47,0,0,0,47
1,0,0,0,1
1,0,0,0,1
1,0,0,0,1
1,0,0,0,1
1,0,0,0,1
1,0,0,0,1
1,2,2,0,5
2,0,0,0,2
1,0,0,0,1
1,0,0,0,1
1,0,0,0,1
6,0,0,0,6
2,0,0,0,2
1,0,0,0,1
2,0,0,0,2
4,1,0,0,5
2,0,0,0,2
1,0,0,0,1
2,0,0,0,2
1,0,0,0,1
1,0,0,0,1
5,0,0,0,5
1,0,0,0,1
1,0,0,0,1
1,0,0,0,1
3,3,1,0,7
1,0,0,0,1
11,11,4,0,26
1,0,0,0,1
27,1,0,0,28
18,1,0,0,19
1,0,0,0,1
20,0,0,0,20
1,0,0,0,1
98,0,0,0,98
1,0,0,0,1
1,0,0,0,1
1,0,0,0,1
4,0,0,0,4
3,0,0,0,3
6,1,0,0,7
1,0,0,0,1
2,0,0,0,2
1,0,0,0,1
1,0,0,0,1
1,0,0,0,1
1,0,0,0,1
1,0,0,0,1
20,0,0,0,20
1,0,0,0,1
2,0,0,0,2
1,0,0,0,1
4,1,0,0,5
1,0,0,0,1
1,0,0,0,1
2,0,0,0,2
2,0,0,0,2
3,0,0,0,3
1,0,0,0,1
2,0,0,0,2
1,0,0,0,1
2,0,0,0,2
1,0,0,0,1
27,0,0,0,27
2,0,0,0,2
68,2,2,0,72
1,0,0,0,1
126,2,1,0,129
1,0,0,0,1
5,0,0,0,5
1,3,0,0,4
1,0,0,0,1
22,0,0,0,22
4,0,0,0,4
26,7,0,0,33
2,0,0,0,2
1,0,0,0,1
2,0,0,0,2
40,0,0,0,40
1,0,0,0,1
1,0,0,0,1
1,0,0,0,1
2,0,0,0,2
4,0,0,0,4
3,0,0,0,3
1,0,0,0,1
29,22,0,0,51
1,0,0,0,1
1,0,0,0,1
1,0,0,0,1
1,0,0,0,1
1,0,0,0,1
1,0,0,0,1
4,2,0,0,6
1,0,0,0,1
1,0,0,0,1
1,0,0,0,1
1,0,0,0,1
1,0,0,0,1
4,0,0,0,4
1,0,0,0,1
3,0,0,0,3
2,0,0,0,2
1,0,0,0,1
1,0,0,0,1
11,3,0,0,14
3,0,0,0,3
8,0,0,0,8
11,6,0,0,17
7,3,0,0,10
14,0,0,0,14
1,0,0,0,1
18,0,0,0,18
1,0,0,0,1
1,0,0,0,1
2,0,0,0,2
1,0,0,0,1
1,0,0,0,1
2,0,0,0,2
33,0,0,0,33
1,0,0,0,1
3,0,0,0,3
1,0,0,0,1
2,0,0,0,2
1,0,0,0,1
2,0,0,0,2
3,0,0,0,3
2,0,0,0,2
5,0,0,0,5
1,0,0,0,1
1,0,0,0,1
3,0,0,0,3
2,0,0,0,2
3,3,2,0,8
59,12,0,0,71
4,0,0,0,4
1,0,0,0,1
19,0,0,0,19
27,0,0,0,27
3,0,0,0,3
19,0,0,0,19
1,0,0,0,1
42,5,1,0,48
3,0,0,0,3
10,12,0,0,22
2,3,0,0,5
1,0,0,0,1
4,0,0,0,4
2,0,0,0,2
1,0,0,0,1
1,0,0,0,1
2,67,2,0,71
1,0,0,0,1
1,0,0,0,1
1,0,0,0,1
1,0,0,0,1
9,0,0,0,9
91,1,1,0,93
16,0,1,0,17
1,0,0,0,1
1,0,0,0,1
2,0,0,0,2
3,1,1,0,5
4,0,0,0,4
1,0,0,0,1
24,0,0,0,24
1,0,0,0,1
1,0,0,0,1
3,0,0,0,3
19,5,6,0,30
1,0,0,0,1
2,0,0,0,2
1,0,0,0,1
7,0,0,0,7
4,0,0,0,4
1,0,0,0,1
1,0,0,0,1
1,0,0,0,1
1,0,0,0,1
2,0,0,0,2
1,0,0,0,1
2,0,0,0,2
1,0,0,0,1
1,0,0,0,1
3,0,0,0,3
2,0,0,0,2
22,0,0,0,22
1,0,0,0,1
1,0,0,0,1
8,0,0,0,8
2,0,0,0,2
3,0,0,0,3
15,0,0,0,15
2,0,0,0,2
3,3,0,0,6
1,0,0,0,1
1,0,0,0,1
1,0,0,0,1
5,0,0,0,5
1,0,0,0,1
1,0,0,0,1
1,0,0,0,1
1,0,0,0,1
18,1,1,0,20
2,0,0,0,2
1,0,0,0,1
1,0,0,0,1
1,0,0,0,1
2,0,0,0,2
1,0,0,0,1
2,0,0,0,2
1,0,0,0,1
88,25,0,0,113
6,0,0,0,6
3,0,0,0,3
2,0,1,0,3
1,0,0,0,1
1,0,0,0,1
1,0,0,0,1
1,0,0,0,1
1,0,0,0,1
2,0,0,0,2
1,0,0,0,1
1,0,0,0,1
1,0,0,0,1
12,0,0,0,12
3,0,0,0,3
4,9,0,0,13
1,0,0,0,1
1,0,0,0,1
1,0,0,0,1
1,0,0,0,1
3,0,0,0,3
4,0,0,0,4
16,3,0,0,19
1,0,0,0,1
5,0,1,0,6
1,0,0,0,1
5,0,0,0,5
1,0,0,0,1
2,0,0,0,2
1,0,0,0,1
35,3,0,0,38
1,0,0,0,1
1,0,0,0,1
1,0,0,0,1
1,0,0,0,1
418,5,2,0,425
1,0,0,0,1
1,0,0,0,1
1,0,0,0,1
1,0,0,0,1
2,0,0,0,2
10,1,0,0,11
5,0,0,0,5
1,0,0,0,1
92,5,0,0,97
3,0,0,0,3
1,0,0,0,1
4,0,0,0,4
2,0,0,0,2
4,0,0,0,4
1,0,0,0,1
1,0,0,0,1
3,0,0,0,3
29,75,1,0,105
1,0,0,0,1
1,0,0,0,1
1,0,0,0,1
1,0,0,0,1
1,0,0,0,1
1,0,0,0,1
1,0,0,0,1
3,0,0,0,3
2,0,0,0,2
1,0,0,0,1
1,0,0,0,1
1,0,0,0,1
1,0,0,0,1
2,11,0,0,13
1,0,0,0,1
1,0,0,0,1
1,0,0,0,1
5,0,0,0,5
1,0,0,0,1
4,0,0,0,4
1,0,0,0,1
1,0,0,0,1
1,0,0,0,1
2,0,0,0,2
1,0,0,0,1
1,0,0,0,1
1,0,0,0,1
1,0,0,0,1
4,0,0,0,4
1,0,0,0,1
1,0,0,0,1
2,0,0,0,2
2,0,0,0,2
10,1,0,0,11
1,0,0,0,1
11,0,0,0,11
2,0,0,0,2
2,0,0,0,2
2,0,0,0,2
10,0,0,0,10
19,9,0,0,28
3,0,0,0,3
5,0,0,0,5
1,0,0,0,1
1,0,0,0,1
2,0,0,0,2
18,0,1,0,19
1,0,0,0,1
1,0,0,0,1
1,0,0,0,1
1,0,0,0,1
1,0,0,0,1
1,0,0,0,1
1,0,0,0,1
3,0,0,0,3
1,0,0,0,1
1,0,0,0,1
8,1,0,0,9
2,0,0,0,2
1,0,0,0,1
1,0,0,0,1
6,0,0,0,6
1,0,0,0,1
1,0,0,0,1
1,0,0,0,1
1,0,0,0,1
1,0,0,0,1
1,0,0,0,1
33,0,0,0,33
1,0,0,0,1
2,0,0,0,2
7,0,0,0,7
1,0,0,0,1
3,0,1,0,4
1,0,0,0,1
5,0,0,0,5
1,0,0,0,1
5,0,0,0,5
1,0,0,0,1
5,0,0,0,5
23,0,0,0,23
1,0,0,0,1
45,6,0,0,51
1,0,0,0,1
12,1,0,0,13
1,0,0,0,1
4,0,0,0,4
2,0,0,0,2
3,0,0,0,3
7,2,0,0,9
1,0,0,0,1
13,10,0,0,23
3,5,0,0,8
1,0,0,0,1
1,0,0,0,1
4,5,0,0,9
3,0,0,0,3
3,0,0,0,3
2,0,0,0,2
5,0,0,0,5
1,0,0,0,1
2,0,0,0,2
2,30,0,0,32
1,0,0,0,1
1,0,0,0,1
1,0,0,0,1
1,0,0,0,1
36,2,0,0,38
1,2,0,0,3
1,0,0,0,1
1,0,0,0,1
1,0,0,0,1
13,1,0,0,14
1,0,0,0,1
4,0,0,0,4
8,0,0,0,8
2,0,0,0,2
1,0,0,0,1
3,0,0,0,3
1,0,0,0,1
1,0,0,0,1
10,0,0,0,10
1,0,0,0,1
2,0,0,0,2
2,0,0,0,2
2,0,0,0,2
2,4,0,0,6
1,0,0,0,1
4,0,0,0,4
1,0,0,0,1
1,0,0,0,1
1,0,0,0,1
4,0,0,0,4
1,0,0,0,1
29,4,0,0,33
1,0,0,0,1
2,0,0,0,2
10,0,0,0,10
1,0,0,0,1
14,9,0,0,23
2,0,0,0,2
2,0,0,0,2
2,0,0,0,2
23,0,0,0,23
1,0,0,0,1
8,0,1,0,9
1,0,0,0,1
1,0,0,0,1
1,0,0,0,1
1,0,0,0,1
1,0,0,0,1
1,0,0,0,1
1,0,0,0,1
1,0,0,0,1
1,0,0,0,1
4,0,0,0,4
1,0,0,0,1
55,24,6,0,85
11,0,0,0,11
1,0,0,0,1
1,0,0,0,1
1,0,0,0,1
6,0,0,0,6
1,0,0,0,1
2,0,0,0,2
1,0,0,0,1
2,0,0,0,2
2,0,0,0,2
1,0,0,0,1
2,0,0,0,2
4,0,0,0,4
1,1,0,0,2
1,0,0,0,1
1,0,0,0,1
1,0,0,0,1
1,0,0,0,1
1,0,0,0,1
1,0,0,0,1
1,0,0,0,1
10,0,0,0,10
3,14,0,0,17
1,0,0,0,1
2,0,0,0,2
1,0,0,0,1
1,0,0,0,1
1,0,0,0,1
15,0,0,0,15
1,0,0,0,1
1,0,0,0,1
7,4,0,0,11
4,0,0,0,4
2,0,0,0,2
1,0,0,0,1
1,0,0,0,1
15,3,5,0,23
4,0,0,0,4
1,0,0,0,1
1,0,0,0,1
1,0,0,0,1
1,0,0,0,1
1,0,0,0,1
1,0,0,0,1
1,0,0,0,1
1,0,0,0,1
1,0,0,0,1
1,0,0,0,1
1,0,0,0,1
2,1,0,0,3
1,0,0,0,1
1,0,0,0,1
2,0,0,0,2
4,1,0,0,5
1,46,0,0,47
1,0,0,0,1
1,0,0,0,1
1,0,0,0,1
3,0,0,0,3
4,0,0,0,4
1,0,0,0,1
5,0,0,0,5
4,0,0,0,4
6,8,1,0,15
3,0,0,0,3
24,12,1,0,37
5,0,0,0,5
1,0,0,0,1
1,0,0,0,1
15,1,0,0,16
8,0,0,0,8
1,0,0,0,1
1,0,0,0,1
6,1,1,0,8
29,0,0,0,29
1,0,0,0,1
2,0,0,0,2
1,0,0,0,1
4,0,0,0,4
17,0,0,0,17
1,0,0,0,1
8,0,0,0,8
2,0,0,0,2
1,0,0,0,1
1,0,0,0,1
2,0,0,0,2
53,0,0,0,53
4,0,0,0,4
1,3,0,0,4
3,0,0,0,3
3,0,0,0,3
17,10,0,0,27
1,0,0,0,1
33,3,0,0,36
1,0,0,0,1
2,0,0,0,2
2,0,0,0,2
14,0,0,0,14
1,0,0,0,1
4,0,0,0,4
2,0,0,0,2
19,0,0,0,19
1,0,0,0,1
1,0,0,0,1
1,0,0,0,1
1,0,0,0,1
1,0,0,0,1
26,1,1,0,28
1,0,0,0,1
114,1,0,0,115
1,0,0,0,1
1,0,0,0,1
6,0,0,0,6
1,0,0,0,1
1,0,0,0,1
35,0,0,0,35
11,0,0,0,11
3,0,0,0,3
2,0,0,0,2
90,1,0,0,91
2,0,0,0,2
1,0,0,0,1
2,0,0,0,2
9,3,1,0,13
3,0,0,0,3
1,0,0,0,1
2,0,0,0,2
1,0,0,0,1
1,0,0,0,1
1,0,0,0,1
1,1,0,0,2
7,0,0,0,7
1,0,0,0,1
2,0,0,0,2
2,0,0,0,2
1,0,0,0,1
1,0,0,0,1
4,0,0,0,4
1,0,0,0,1
1,0,0,0,1
1,0,0,0,1
10,0,0,0,10
1,0,0,0,1
1,0,0,0,1
3,0,0,0,3
2,0,0,0,2
1,0,0,0,1
5,0,0,0,5
2,0,0,0,2
1,0,0,0,1
2,0,0,0,2
1,0,0,0,1
2,0,0,0,2
1,0,0,0,1
1,0,0,0,1
2,0,0,0,2
69,1,1,0,71
1,0,0,0,1
14,0,0,0,14
4,0,0,0,4
5,0,0,0,5
1,0,0,0,1
1,0,0,0,1
12,2,6,0,20
2,0,0,0,2
3,0,0,0,3
1,0,0,0,1
9,0,0,0,9
1,0,0,0,1
2,0,0,0,2
1,0,0,0,1
5,0,0,0,5
22,0,0,0,22
4,0,0,0,4
2,0,0,0,2
1,0,0,0,1
1,0,0,0,1
2,0,0,0,2
6,0,0,0,6
6,0,0,0,6
1,0,0,0,1
2,0,0,0,2
11,0,0,0,11
1,0,0,0,1
1,0,0,0,1
17,1,0,0,18
1,0,0,0,1
3,0,0,0,3
9,1,0,0,10
2,0,0,0,2
11,9,0,0,20
11,3,0,0,14
2,0,0,0,2
2,0,0,0,2
1,0,0,0,1
1,0,0,0,1
1,0,0,0,1
11,0,0,0,11
11,0,0,0,11
1,0,0,0,1
2,0,0,0,2
1,0,0,0,1
2,0,0,0,2
5,0,0,0,5
1,2,0,0,3
1,0,0,0,1
1,2,0,0,3
2,0,0,0,2
3,10,0,0,13
2,0,0,0,2
1,0,0,0,1
1,0,0,0,1
1,0,0,0,1
1,0,0,0,1
2,0,0,0,2
1,0,0,0,1
1,0,0,0,1
4,6,0,0,10
1,0,0,0,1
1,0,0,0,1
1,0,0,0,1
2,0,0,0,2
1,0,0,0,1
1,0,0,0,1
1,0,0,0,1
27,9,4,0,40
2,0,0,0,2
1,0,0,0,1
8,0,0,0,8
5,20,0,0,25
2,0,0,0,2
1,0,0,0,1
10,0,0,0,10
1,0,0,0,1
1,0,0,0,1
7,0,0,0,7
1,0,0,0,1
2,0,0,0,2
12,1,0,0,13
3,0,0,0,3
3,0,0,0,3
1,0,0,0,1
1,0,0,0,1
6,0,0,0,6
1,0,0,0,1
7,1,0,0,8
1,0,0,0,1
1,0,0,0,1
22,2,1,0,25
8,5,0,0,13
1,0,0,0,1
1,0,0,0,1
1,0,0,0,1
4,0,0,0,4
11,0,1,0,12
1,0,0,0,1
2,0,0,0,2
1,0,0,0,1
2,0,0,0,2
1,0,0,0,1
2,0,0,0,2
9,1,0,0,10
2,0,0,0,2
1,2,0,0,3
4,0,0,0,4
1,0,0,0,1
2,2,0,0,4
1,0,0,0,1
1,0,0,0,1
1,1,0,0,2
2,0,0,0,2
11,0,0,0,11
1,0,0,0,1
1,0,0,0,1
25,0,0,0,25
3,2,0,0,5
1,0,0,0,1
10,0,0,0,10
2,0,0,0,2
25,1,0,0,26
1,0,0,0,1
1,0,0,0,1
1,0,0,0,1
3,0,0,0,3
1,0,0,0,1
4,0,0,0,4
1,0,0,0,1
1,0,0,0,1
66,1,1,0,68
1,0,0,0,1
6,0,0,0,6
1,0,0,0,1
10,0,0,0,10
1,6,1,0,8
1,0,0,0,1
3,0,0,0,3
2,0,0,0,2
1,0,0,0,1
3,0,0,0,3
12,0,0,0,12
1,0,0,0,1
1,0,0,0,1
4,0,0,0,4
1,0,0,0,1
1,0,0,0,1
4,0,0,0,4
17,16,0,0,33
1,0,0,0,1
1,0,0,0,1
1,0,0,0,1
1,0,0,0,1
2,0,0,0,2
3,0,0,0,3
1,0,0,0,1
1,0,0,0,1
4,0,0,0,4
3,0,0,0,3
10,0,0,0,10
1,0,0,0,1
1,0,0,0,1
7,1,0,0,8
1,0,0,0,1
2,171,0,0,173
1,0,0,0,1
7,0,0,0,7
1,1,0,0,2
93,0,0,0,93
1,4,0,0,5
14,0,0,0,14
2,0,0,0,2
1,0,0,0,1
2,0,0,0,2
1,0,0,0,1
13,0,0,0,13
6,0,0,0,6
15,0,0,0,15
1,0,0,0,1
3,0,0,0,3
1,0,0,0,1
3,0,0,0,3
1,0,0,0,1
26,0,0,0,26
1,0,0,0,1
2,0,0,0,2
1,0,0,0,1
1,0,0,0,1
1,0,0,0,1
3,0,0,0,3
1,0,0,0,1
4,0,0,0,4
1,0,0,0,1
13,3,0,0,16
1,0,0,0,1
2,0,0,0,2
1,0,0,0,1
1,0,0,0,1
1,2,0,0,3
4,6,0,0,10
1,0,0,0,1
1,0,0,0,1
1,0,0,0,1
3,0,0,0,3
1,0,0,0,1
1,0,0,0,1
1,0,0,0,1
4,0,0,0,4
8,0,0,0,8
1,0,0,0,1
1,0,0,0,1
5,33,0,0,38
2,0,0,0,2
1,0,0,0,1
1,0,0,0,1
2,0,0,0,2
3,0,0,0,3
1,0,0,0,1
7,1,0,0,8
1,0,0,0,1
1,0,0,0,1
1,0,0,0,1
1,0,0,0,1
1,0,0,0,1
1,0,0,0,1
1,0,0,0,1
5,0,0,0,5
1,0,0,0,1
1,0,0,0,1
1,0,0,0,1
1,0,0,0,1
1,0,0,0,1
1,0,0,0,1
1,0,0,0,1
1,0,0,0,1
7,1,0,0,8
1,0,0,0,1
1,0,0,0,1
16,0,0,0,16
1,0,0,0,1
1,0,0,0,1
2,0,0,0,2
47,0,0,0,47
1,0,0,0,1
3,0,0,0,3
4,0,0,0,4
1,0,0,0,1
27,0,1,0,28
1,0,0,0,1
35,3971,40,0,4046
5,0,0,0,5
2,0,0,0,2
5,0,0,0,5
1,0,0,0,1
8,43,0,0,51
1,1,0,0,2
8,1,0,0,9
1,0,0,0,1
1,0,0,0,1
1,0,0,0,1
5,1,0,0,6
38,2,0,0,40
1,0,0,0,1
2,0,0,0,2
2,0,0,0,2
2,0,0,0,2
1,0,0,0,1
43,2,0,0,45
1,0,0,0,1
1,5,0,0,6
2,0,0,0,2
1,0,0,0,1
1,0,0,0,1
1,0,0,0,1
1,0,0,0,1
1,0,0,0,1
1,0,0,0,1
5,0,0,0,5
1,2,0,0,3
8,7,8,0,23
2,0,2,0,4
108,0,0,0,108
1,2,0,0,3
4,0,0,0,4
1,0,0,0,1
19,0,0,0,19
1,0,0,0,1
1,0,0,0,1
1,0,0,0,1
1,0,0,0,1
2,0,0,0,2
1,0,0,0,1
1,0,0,0,1
1,0,0,0,1
1,0,0,0,1
1,0,0,0,1
1,0,0,0,1
1,0,0,0,1
1,0,0,0,1
21,1,1,0,23
2,0,0,0,2
1,0,0,0,1
2,0,0,0,2
5,6,0,0,11
1,0,0,0,1
5,0,0,0,5
1,0,0,0,1
1,0,0,0,1
1,0,0,0,1
2,0,0,0,2
3,0,0,0,3
2,3,0,0,5
1,0,0,0,1
1,0,0,0,1
1,0,0,0,1
56,3,0,0,59
2,0,0,0,2
4,3,0,0,7
6,0,0,0,6
2,0,0,0,2
1,0,0,0,1
1,0,0,0,1
1,0,0,0,1
18,0,0,0,18
2,0,0,0,2
1,0,0,0,1
28,0,0,0,28
2,0,0,0,2
2,0,0,0,2
3,0,0,0,3
1,0,0,0,1
60,1,1,0,62
1,0,0,0,1
7,0,1,0,8
2,0,0,0,2
1,0,0,0,1
1,0,0,0,1
1,0,0,0,1
2,0,0,0,2
1,0,0,0,1
1,0,0,0,1
1,0,0,0,1
4,0,0,0,4
1,0,0,0,1
4,7,2,0,13
1,0,0,0,1
1,0,0,0,1
1,0,0,0,1
3,0,1,0,4
7,0,0,0,7
5,0,0,0,5
1,0,0,0,1
1,0,0,0,1
1,0,0,0,1
2,0,0,0,2
6,0,0,0,6
1,0,0,0,1
1,0,0,0,1
1,0,0,0,1
2,0,0,0,2
1,8,0,0,9
1,0,0,0,1
7,0,0,0,7
1,0,0,0,1
86,1,0,0,87
1,0,0,0,1
38,2,0,0,40
1,0,0,0,1
2,0,0,0,2
6,0,1,0,7
9,0,0,0,9
1,0,0,0,1
1,0,0,0,1
1,0,0,0,1
2,0,0,0,2
2,0,0,0,2
2,0,0,0,2
1,0,0,0,1
6,0,0,0,6
1,0,0,0,1
1,0,0,0,1
3,0,0,0,3
1,0,0,0,1
3,0,0,0,3
1,0,0,0,1
1,0,0,0,1
1,0,0,0,1
1,0,0,0,1
1,0,0,0,1
53,1,0,0,54
4,0,0,0,4
1,0,0,0,1
1,0,0,0,1
2,2,0,0,4
3,0,0,0,3
2,0,0,0,2
1,0,0,0,1
3,0,0,0,3
7,0,0,0,7
5,0,0,0,5
9,0,0,0,9
2,0,0,0,2
1,0,0,0,1
1,0,0,0,1
1,0,0,0,1
4,0,0,0,4
1,0,0,0,1
2,0,0,0,2
11,0,0,0,11
3,0,0,0,3
1,0,0,0,1
1,0,0,0,1
1,0,0,0,1
1,0,0,0,1
1,0,0,0,1
1,0,0,0,1
16,0,0,0,16
5,0,0,0,5
1,0,0,0,1
1,0,0,0,1
1,0,0,0,1
1,0,0,0,1
14,0,0,0,14
1,0,0,0,1
3,45,0,0,48
2,0,0,0,2
1,0,0,0,1
1,0,0,0,1
1,0,0,0,1
6,0,0,0,6
1,0,0,0,1
1,0,0,0,1
10,0,0,0,10
1,0,0,0,1
6,1,0,0,7
3,0,0,0,3
1,0,0,0,1
1,0,0,0,1
2,0,0,0,2
7,0,0,0,7
18,0,0,0,18
3,0,0,0,3
1,0,0,0,1
1,0,0,0,1
9,0,0,0,9
1,0,0,0,1
66,2,1,0,69
1,0,0,0,1
1,0,0,0,1
9,0,0,0,9
1,0,0,0,1
1,0,0,0,1
1,0,0,0,1
1,0,0,0,1
1,0,0,0,1
24,0,0,0,24
2,0,0,0,2
1,0,0,0,1
4,0,0,0,4
8,0,0,0,8
5,0,0,0,5
6,0,0,0,6
2,0,0,0,2
37,2,0,0,39
6,1,0,0,7
21,1,0,0,22
18,0,0,0,18
1,0,0,0,1
2,0,0,0,2
7,2,2,0,11
1,0,0,0,1
3,0,0,0,3
1,0,0,0,1
1,0,0,0,1
2,0,0,0,2
4,0,0,0,4
44,0,0,0,44
5,0,0,0,5
2,0,0,0,2
2,0,0,0,2
7,0,1,0,8
1,0,0,0,1
4,0,0,0,4
30,1,0,0,31
1,0,0,0,1
1,0,0,0,1
1,2,0,0,3
12,3,3,0,18
1,0,0,0,1
1,0,0,0,1
17,0,0,0,17
13,10,1,0,24
43,0,0,0,43
1,0,0,0,1
1,0,0,0,1
1,0,0,0,1
6,0,0,0,6
1,0,0,0,1
3,0,0,0,3
1,0,0,0,1
2,0,0,0,2
7,0,0,0,7
1,0,0,0,1
1,0,0,0,1
4,1,0,0,5
18,0,0,0,18
3,0,0,0,3
7,0,0,0,7
1,0,0,0,1
8,0,0,0,8
2,0,0,0,2
6,0,0,0,6
1,0,0,0,1
4,0,0,0,4
1,0,0,0,1
1,0,0,0,1
6,2,0,0,8
2,0,0,0,2
16,0,0,0,16
1,0,0,0,1
1,0,0,0,1
1,0,0,0,1
48,0,0,0,48
4,0,0,0,4
1,0,0,0,1
1,0,0,0,1
2,0,0,0,2
4,0,0,0,4
1,0,0,0,1
2,0,0,0,2
1,0,0,0,1
21,0,0,0,21
9,31,5,0,45
1,0,0,0,1
1,0,0,0,1
2,0,0,0,2
49,0,0,0,49
1,0,0,0,1
2,0,0,0,2
86,9,2,0,97
1,0,0,0,1
1,0,0,0,1
1,0,0,0,1
1,0,0,0,1
9,0,0,0,9
2,0,0,0,2
1,0,0,0,1
5,0,0,0,5
1,0,0,0,1
1,0,0,0,1
4,0,0,0,4
1,0,0,0,1
1,0,0,0,1
1,0,0,0,1
61,0,0,0,61
1,0,0,0,1
37,0,0,0,37
18,5,0,0,23
6,0,0,0,6
1,0,2,0,3
1,0,0,0,1
1,0,0,0,1
4,0,0,0,4
1,0,0,0,1
4,0,0,0,4
1,0,0,0,1
8,0,0,0,8
1,0,0,0,1
5,0,0,0,5
2,0,0,0,2
12,0,0,0,12
1,0,0,0,1
2,2,0,0,4
2,0,0,0,2
15,0,0,0,15
1,0,0,0,1
2,0,0,0,2
1,0,0,0,1
13,0,0,0,13
4,0,0,0,4
1,0,0,0,1
23,4,1,0,28
1,0,0,0,1
27,14,1,0,42
1,0,0,0,1
1,0,0,0,1
1,0,0,0,1
5,0,0,0,5
1,0,0,0,1
1,0,0,0,1
1,0,0,0,1
1,0,0,0,1
1,0,0,0,1
1,0,0,0,1
1,0,0,0,1
1,0,0,0,1
1,0,0,0,1
3,0,0,0,3
2,0,0,0,2
1,0,0,0,1
31,0,0,0,31
1,0,0,0,1
1,0,0,0,1
1,2,0,0,3
2,0,1,0,3
1,0,0,0,1
3,0,0,0,3
3,0,0,0,3
20,4,2,0,26
1,0,0,0,1
18,0,0,0,18
1,0,0,0,1
1,0,0,0,1
1,0,0,0,1
33,0,0,0,33
1,0,0,0,1
1,0,0,0,1
3,0,0,0,3
1,0,0,0,1
1,0,0,0,1
1,0,0,0,1
1,0,0,0,1
1,0,0,0,1
4,0,0,0,4
6,1,0,0,7
3,0,0,0,3
2,0,0,0,2
4,0,0,0,4
2,0,0,0,2
5,0,0,0,5
2,0,0,0,2
1,0,0,0,1
2,0,0,0,2
1,0,0,0,1
2,0,0,0,2
1,0,0,0,1
26,3,0,0,29
1,0,0,0,1
1,0,0,0,1
9,0,0,0,9
1,0,0,0,1
1,0,0,0,1
8,1,0,0,9
1,0,0,0,1
4,0,0,0,4
1,0,0,0,1
3,0,0,0,3
1,0,0,0,1
1,0,0,0,1
3,0,0,0,3
13,0,0,0,13
3,0,0,0,3
6,0,0,0,6
1,0,0,0,1
1,0,0,0,1
1,0,0,0,1
1,0,0,0,1
3,0,0,0,3
10,0,1,0,11
1,0,0,0,1
1,0,0,0,1
1,0,0,0,1
2,0,0,0,2
2,0,0,0,2
1,0,0,0,1
1,0,0,0,1
1,0,0,0,1
1,0,0,0,1
2,0,0,0,2
2,23,5,0,30
2,0,0,0,2
37,104,0,0,141
1,0,0,0,1
1,0,0,0,1
13,1,1,0,15
2,0,0,0,2
12,0,0,0,12
3,0,0,0,3
1,0,0,0,1
1,0,0,0,1
2,0,0,0,2
38,0,0,0,38
1,0,0,0,1
1,0,0,0,1
1,0,0,0,1
9,0,0,0,9
1,0,0,0,1
2,0,0,0,2
1,0,0,0,1
2,0,0,0,2
1,0,0,0,1
1,0,0,0,1
1,0,0,0,1
2,0,0,0,2
9,0,0,0,9
3,0,0,0,3
1,0,0,0,1
1,0,0,0,1
1,0,0,0,1
4,0,0,0,4
2,0,0,0,2
3,0,0,0,3
2,0,0,0,2
1,0,0,0,1
1,0,0,0,1
2,0,0,0,2
1,7,0,0,8
1,0,0,0,1
1,0,0,0,1
1,0,0,0,1
1,0,0,0,1
27,0,0,0,27
1,0,0,0,1
32,0,0,0,32
12,0,0,0,12
7,0,0,0,7
2,0,0,0,2
31,0,0,0,31
1,0,0,0,1
1,0,0,0,1
2,0,0,0,2
6,0,0,0,6
1,0,0,0,1
3,0,0,0,3
7,1,1,0,9
1,0,0,0,1
2,0,0,0,2
6,0,0,0,6
1,0,0,0,1
20,0,2,0,22
2,0,0,0,2
65,0,1,0,66
8,0,0,0,8
20,1,0,0,21
5,0,0,0,5
2,0,0,0,2
1,0,0,0,1
1,0,0,0,1
2,0,0,0,2
10,0,0,0,10
14,0,0,0,14
1,0,0,0,1
17,4,3,0,24
2,0,0,0,2
1,0,0,0,1
1,0,0,0,1
1,0,0,0,1
3,0,0,0,3
2,0,0,0,2
6,0,0,0,6
1,0,0,0,1
5,0,0,0,5
1,0,0,0,1
32,4,4,0,40
1,0,0,0,1
1,0,0,0,1
1,0,0,0,1
2,0,0,0,2
1,0,0,0,1
1,0,0,0,1
1,0,0,0,1
1,0,0,0,1
1,0,0,0,1
1,0,0,0,1
4,0,0,0,4
245,2,2,0,249
1,0,0,0,1
3,0,0,0,3
2,0,0,0,2
1,0,0,0,1
4,0,0,0,4
3,0,0,0,3
2,0,0,0,2
5,0,0,0,5
24,0,0,0,24
6,0,0,0,6
3,6,0,0,9
1,0,0,0,1
1,0,0,0,1
3,0,0,0,3
1,15,0,0,16
1,0,0,0,1
1,0,0,0,1
2,0,0,0,2
6,14,2,0,22
2,0,0,0,2
5,0,0,0,5
5,0,0,0,5
2,0,0,0,2
1,0,0,0,1
1,0,0,0,1
21,0,0,0,21
1,0,0,0,1
2,0,0,0,2
2,0,0,0,2
1,7,1,0,9
2,0,0,0,2
4,0,0,0,4
3,0,0,0,3
1,0,0,0,1
2,0,0,0,2
1,0,0,0,1
1,11,0,0,12
6,4,0,0,10
6,0,0,0,6
1,0,0,0,1
7,10,0,0,17
3,0,0,0,3
1,0,0,0,1
1,0,0,0,1
1,0,0,0,1
15,0,0,0,15
3,0,0,0,3
16,35,0,0,51
5,22,0,0,27
1,0,0,0,1
52,7,2,0,61
1,0,0,0,1
1,0,0,0,1
1,0,0,0,1
1,0,0,0,1
1,0,0,0,1
1,0,0,0,1
4,0,0,0,4
1,0,0,0,1
2,0,0,0,2
1,0,0,0,1
11,1,1,0,13
1,0,0,0,1
1,0,0,0,1
1,0,0,0,1
7,0,0,0,7
1,0,0,0,1
1,0,0,0,1
21,1,1,0,23
2,0,0,0,2
2,0,0,0,2
2,0,1,0,3
1,0,0,0,1
4,0,0,0,4
11,1,0,0,12
6,0,0,0,6
1,0,0,0,1
3,0,0,0,3
1,0,0,0,1
1,0,0,0,1
1,0,0,0,1
1,0,0,0,1
122,1,0,0,123
2,0,0,0,2
1,3,0,0,4
1,0,0,0,1
1,0,0,0,1
5,0,0,0,5
1,0,0,0,1
2,0,0,0,2
2,0,0,0,2
1,0,0,0,1
1,0,0,0,1
16,0,0,0,16
1,0,0,0,1
1,0,0,0,1
1,0,0,0,1
2,0,0,0,2
7,0,0,0,7
16,1,0,0,17
5,0,0,0,5
1,0,0,0,1
1,0,0,0,1
1,0,0,0,1
1,0,0,0,1
2,0,0,0,2
1,0,0,0,1
3,0,0,0,3
3,0,0,0,3
1,0,0,0,1
1,0,0,0,1
2,0,0,0,2
2,0,0,0,2
3,0,0,0,3
1,0,0,0,1
1,0,0,0,1
1,0,0,0,1
5,0,0,0,5
8,0,0,0,8
1,0,0,0,1
1,0,0,0,1
1,0,0,0,1
1,0,0,0,1
16,0,0,0,16
1,0,0,0,1
1,2,0,0,3
4,0,0,0,4
4,0,0,0,4
2,0,0,0,2
1,0,0,0,1
5,0,0,0,5
4,0,0,0,4
2,0,0,0,2
2,0,0,0,2
1,0,0,0,1
1,0,0,0,1
2,1,0,0,3
5,6,0,0,11
1,0,0,0,1
1,0,0,0,1
1,0,0,0,1
11,31,2,0,44
3,2,0,0,5
1,0,0,0,1
12,1,0,0,13
1,0,0,0,1
3,0,0,0,3
1,0,0,0,1
7,0,0,0,7
3,0,0,0,3
2,0,0,0,2
2,0,0,0,2
1,0,0,0,1
3,2,0,0,5
1,0,0,0,1
16,0,0,0,16
2,0,0,0,2
3,0,0,0,3
3,0,0,0,3
1,0,0,0,1
3,0,0,0,3
1,0,0,0,1
4,0,0,0,4
2,0,0,0,2
11,0,0,0,11
1,0,0,0,1
1,3,0,0,4
1,0,0,0,1
12,0,0,0,12
1,0,0,0,1
3,0,0,0,3
1,0,0,0,1
16,0,0,0,16
6,0,1,0,7
2,0,0,0,2
1,0,0,0,1
1,0,0,0,1
1,0,0,0,1
2,0,0,0,2
2,0,0,0,2
18,4,0,0,22
1,0,0,0,1
1,1,0,0,2
3,595,0,0,598
2,0,0,0,2
3,2,0,0,5
8,0,0,0,8
1,0,0,0,1
1,0,0,0,1
2,0,0,0,2
27,10,1,0,38
1,0,0,0,1
57,0,0,0,57
2,0,0,0,2
1,0,0,0,1
1,0,0,0,1
1,0,0,0,1
1,0,0,0,1
22,1,1,0,24
1,0,0,0,1
1,0,0,0,1
1,0,0,0,1
1,0,0,0,1
1,0,0,0,1
3,0,0,0,3
3,0,0,0,3
1,0,0,0,1
1,0,0,0,1
1,0,0,0,1
1,0,0,0,1
2,0,0,0,2
1,0,0,0,1
2,10,2,0,14
2,0,0,0,2
1,0,0,0,1
6,1,0,0,7
2,0,0,0,2
1,0,0,0,1
1,0,0,0,1
1,0,0,0,1
155,3,3,0,161
4,0,0,0,4
1,1,0,0,2
1,0,0,0,1
1,0,0,0,1
4,0,0,0,4
1,0,0,0,1
1,0,0,0,1
8,0,0,0,8
1,0,0,0,1
1,0,0,0,1
10,0,0,0,10
1,2,0,0,3
1,0,0,0,1
1,0,0,0,1
1,0,0,0,1
1,0,0,0,1
1,3,0,0,4
4,0,0,0,4
1,0,0,0,1
1,0,0,0,1
2,0,0,0,2
9,0,0,0,9
2,0,0,0,2
2,0,0,0,2
2,0,0,0,2
2,0,0,0,2
1,0,0,0,1
2,0,0,0,2
1,0,0,0,1
16,0,0,0,16
1,0,0,0,1
3,2,2,0,7
8,5,0,0,13
1,0,0,0,1
1,0,0,0,1
7,0,0,0,7
1,0,0,0,1
1,0,0,0,1
1,0,0,0,1
1,0,0,0,1
1,0,0,0,1
43,0,0,0,43
3,0,0,0,3
3,0,1,0,4
2,0,0,0,2
1,0,0,0,1
1,0,0,0,1
7,2,0,0,9
1,0,0,0,1
1,0,0,0,1
1,0,0,0,1
1,1,2,0,4
1,0,0,0,1
1,0,0,0,1
2,0,0,0,2
4,0,0,0,4
1,0,0,0,1
5,0,0,0,5
1,0,0,0,1
10,3,0,0,13
1,0,0,0,1
7,3,0,0,10
3,0,0,0,3
1,0,0,0,1
5,0,0,0,5
1,0,0,0,1
3,0,0,0,3
3,0,0,0,3
1,0,0,0,1
41,1,0,0,42
1,0,0,0,1
1,3,0,0,4
1,0,0,0,1
1,0,0,0,1
1,0,0,0,1
1,0,0,0,1
5,0,0,0,5
1,0,0,0,1
1,0,0,0,1
1,0,0,0,1
1,0,0,0,1
18,0,0,0,18
1,0,0,0,1
5,0,0,0,5
4,0,0,0,4
1,0,0,0,1
3,0,0,0,3
1,0,0,0,1
4,0,0,0,4
1,0,0,0,1
85,7,1,0,93
3,0,0,0,3
1,0,0,0,1
2,0,0,0,2
4,2,0,0,6
1,0,0,0,1
5,0,0,0,5
2,0,0,0,2
10,68,2,0,80
1,0,0,0,1
1,0,0,0,1
22,0,0,0,22
15,1,0,0,16
2,0,0,0,2
2,0,0,0,2
2,0,0,0,2
6,0,0,0,6
1,0,0,0,1
1,0,0,0,1
1,0,0,0,1
1,0,0,0,1
2,0,0,0,2
1,0,0,0,1
4,0,0,0,4
2,0,0,0,2
1,0,0,0,1
6,1,1,0,8
3,0,0,0,3
1,0,0,0,1
2,0,0,0,2
9,0,0,0,9
1,0,0,0,1
1,0,0,0,1
2,0,0,0,2
2,0,0,0,2
2,0,0,0,2
1,0,0,0,1
1,0,0,0,1
2,0,0,0,2
1,0,0,0,1
5,0,0,0,5
2,0,0,0,2
1,0,0,0,1
1,0,0,0,1
2,0,0,0,2
4,0,0,0,4
8,1,0,0,9
1,0,0,0,1
1,0,0,0,1
2,0,0,0,2
1,0,0,0,1
5,0,0,0,5
3,0,0,0,3
21,0,0,0,21
1,0,0,0,1
2,0,0,0,2
1,0,0,0,1
1,0,0,0,1
2,0,0,0,2
1,0,0,0,1
1,0,0,0,1
1,0,0,0,1
1,0,0,0,1
1,0,0,0,1
1,0,0,0,1
5,0,0,0,5
3,0,0,0,3
2,0,0,0,2
1,0,0,0,1
1,0,0,0,1
7,0,0,0,7
64,1,0,0,65
1,0,0,0,1
17,0,0,0,17
3,0,0,0,3
2,0,0,0,2
1,0,0,0,1
3,0,0,0,3
1,0,0,0,1
1,0,0,0,1
1,0,0,0,1
7,0,0,0,7
1,0,0,0,1
2,0,0,0,2
48,1,0,0,49
1,0,0,0,1
1,0,0,0,1
1,0,0,0,1
1,1,0,0,2
32,1,1,0,34
1,0,0,0,1
1,0,0,0,1
1,0,0,0,1
4,0,0,0,4
1,0,0,0,1
12,0,0,0,12
2,0,0,0,2
4,0,0,0,4
1,0,0,0,1
1,0,0,0,1
82,2,0,0,84
1,0,0,0,1
2,1,0,0,3
1,0,0,0,1
1,0,0,0,1
1,0,0,0,1
2,0,0,0,2
1,0,0,0,1
1,0,0,0,1
1,0,0,0,1
1,0,0,0,1
3,0,0,0,3
1,0,0,0,1
1,0,0,0,1
1,0,0,0,1
1,0,0,0,1
2,0,0,0,2
32,0,0,0,32
10,0,0,0,10
1,0,0,0,1
1,0,0,0,1
1,0,0,0,1
2,0,0,0,2
1,0,0,0,1
2,0,0,0,2
1,0,0,0,1
29,0,0,0,29
1,0,0,0,1
3,0,0,0,3
7,0,0,0,7
3,0,0,0,3
33,2,0,0,35
1,0,0,0,1
6,0,0,0,6
1,0,0,0,1
1,0,0,0,1
1,0,0,0,1
1,0,0,0,1
3,0,0,0,3
23,1,0,0,24
112,19,4,0,135
3,2,0,0,5
1,0,0,0,1
1,0,0,0,1
8,60,1,0,69
1,0,0,0,1
1,0,0,0,1
1,0,0,0,1
13,6,0,0,19
3,5,0,0,8
64,0,0,0,64
1,0,0,0,1
2,0,0,0,2
1,0,0,0,1
1,0,0,0,1
1,0,0,0,1
1,0,0,0,1
1,0,0,0,1
57,9,1,0,67
1,0,0,0,1
1,0,0,0,1
1,0,0,0,1
1,0,0,0,1
1,0,0,0,1
1,0,0,0,1
26,3,1,0,30
1,0,0,0,1
1,0,0,0,1
1,0,0,0,1
2,0,0,0,2
17,1,0,0,18
1,0,0,0,1
1,0,0,0,1
1,0,0,0,1
2,0,0,0,2
24,0,0,0,24
7,1,0,0,8
1,0,0,0,1
16,0,0,0,16
1,0,0,0,1
1,0,0,0,1
4,3,0,0,7
1,2,0,0,3
1,0,0,0,1
4,0,1,0,5
1,0,0,0,1
1,0,0,0,1
1,0,0,0,1
9,0,0,0,9
46,4,0,0,50
1,0,0,0,1
11,1,0,0,12
1,0,0,0,1
1,0,0,0,1
1,0,0,0,1
9,0,0,0,9
1,0,0,0,1
1,0,0,0,1
1,0,0,0,1
1,0,0,0,1
1,0,0,0,1
3,0,0,0,3
6,0,0,0,6
2,6,0,0,8
12,85,9,0,106
1,0,0,0,1
6,1,0,0,7
4,0,0,0,4
6,0,0,0,6
1,0,1,0,2
1,0,0,0,1
1,0,0,0,1
19,0,0,0,19
2,0,0,0,2
1,0,0,0,1
21,0,0,0,21
1,0,0,0,1
4,0,0,0,4
2,0,0,0,2
2,0,0,0,2
2,0,0,0,2
3,0,0,0,3
1,0,0,0,1
7,0,0,0,7
1,0,0,0,1
20,0,0,0,20
2,0,0,0,2
17,6,5,0,28
5,0,0,0,5
1,0,0,0,1
1,0,0,0,1
2,0,0,0,2
1,0,0,0,1
1,0,0,0,1
1,0,0,0,1
1,0,0,0,1
2,0,0,0,2
1,0,0,0,1
2,0,0,0,2
7,0,0,0,7
1,0,0,0,1
1,0,0,0,1
1,0,0,0,1
5,0,0,0,5
1,0,0,0,1
1,0,0,0,1
1,0,0,0,1
3,18,1,0,22
2,0,0,0,2
3,0,0,0,3
1,0,0,0,1
1,0,0,0,1
2,0,0,0,2
2,0,0,0,2
1,0,0,0,1
2,0,0,0,2
1,0,0,0,1
1,0,0,0,1
5,2,0,0,7
9,0,0,0,9
4,0,0,0,4
7,0,0,0,7
2,0,0,0,2
2,0,0,0,2
1,0,0,0,1
1,0,0,0,1
1,0,0,0,1
1,0,0,0,1
2,1,0,0,3
1,0,0,0,1
1,0,0,0,1
1,0,0,0,1
1,0,0,0,1
1,0,0,0,1
2,0,0,0,2
2,0,0,0,2
3,0,0,0,3
74,2,0,0,76
1,0,0,0,1
3,0,0,0,3
1,0,0,0,1
11,3,2,0,16
1,0,0,0,1
8,0,0,0,8
1,0,0,0,1
2,0,0,0,2
2,0,0,0,2
1,0,0,0,1
10,0,0,0,10
1,0,0,0,1
1,0,0,0,1
2,0,0,0,2
1,0,0,0,1
1,0,0,0,1
2,0,0,0,2
4,0,0,0,4
1,0,0,0,1
13,1,0,0,14
2,0,0,0,2
8,0,0,0,8
1,0,0,0,1
1,0,0,0,1
1,0,0,0,1
5,0,0,0,5
1,0,0,0,1
1,0,0,0,1
1,0,0,0,1
2,0,0,0,2
1,0,0,0,1
1,0,0,0,1
1,0,0,0,1
1,0,0,0,1
1,0,0,0,1
5,0,0,0,5
1,0,0,0,1
7,0,0,0,7
1,0,0,0,1
1,0,0,0,1
1,0,0,0,1
1,0,0,0,1
1,0,0,0,1
5,0,0,0,5
1,0,0,0,1
1,0,0,0,1
1,0,0,0,1
3,0,0,0,3
2,0,0,0,2
4,0,0,0,4
4,0,0,0,4
2,0,0,0,2
1,0,0,0,1
3,0,0,0,3
1,0,0,0,1
3,0,0,0,3
1,0,0,0,1
7,0,0,0,7
6,3,0,0,9
16,13,1,0,30
1,0,0,0,1
31,0,0,0,31
1,0,0,0,1
6,0,0,0,6
3,40,0,0,43
1,0,0,0,1
1,0,0,0,1
1,0,0,0,1
2,594,0,0,596
3,1,1,0,5
1,0,0,0,1
1,0,0,0,1
1,0,0,0,1
1,0,0,0,1
1,0,0,0,1
1,0,0,0,1
2,0,0,0,2
4,5,0,0,9
1,0,0,0,1
5,0,0,0,5
1,0,0,0,1
1,0,0,0,1
1,0,0,0,1
2,2,2,0,6
2,0,0,0,2
2,1,0,0,3
58,3,2,0,63
1,0,0,0,1
1,0,0,0,1
1,0,0,0,1
3,0,0,0,3
3,0,0,0,3
3,0,0,0,3
11,629,2,0,642
5,2,0,0,7
1,0,0,0,1
72,3,1,0,76
2,0,0,0,2
9,0,0,0,9
1,0,0,0,1
1,0,0,0,1
49,3,0,0,52
1,0,0,0,1
16,4,0,0,20
9,0,0,0,9
2,0,0,0,2
21,1,1,0,23
1,0,0,0,1
8,0,0,0,8
1,0,0,0,1
5,605,0,0,610
1,0,0,0,1
2,0,0,0,2
1,0,0,0,1
1,0,0,0,1
6,0,0,0,6
1,0,0,0,1
2,0,0,0,2
3,0,0,0,3
19,1,0,0,20
1,0,0,0,1
1,0,0,0,1
1,0,0,0,1
1,0,0,0,1
1,0,0,0,1
1,0,0,0,1
32,75,2,0,109
4,0,0,0,4
2,0,0,0,2
1,0,0,0,1
1,0,0,0,1
1,0,0,0,1
2,3,0,0,5
2,0,0,0,2
1,0,0,0,1
1,0,0,0,1
1,0,0,0,1
40,42,1,0,83
1,0,0,0,1
1,0,0,0,1
1,0,0,0,1
6,0,0,0,6
2,0,0,0,2
1,0,0,0,1
4,0,0,0,4
1,0,0,0,1
1,0,0,0,1
1,0,0,0,1
1,0,0,0,1
5,0,0,0,5
1,0,1,0,2
1,0,0,0,1
3,0,0,0,3
1,0,0,0,1
1,0,0,0,1
10,4,0,0,14
2,0,0,0,2
1,0,0,0,1
12,0,0,0,12
2,0,0,0,2
1,0,0,0,1
2,0,0,0,2
1,0,0,0,1
1,0,0,0,1
1,0,0,0,1
10,0,0,0,10
1,0,0,0,1
1,0,0,0,1
1,0,0,0,1
1,0,0,0,1
15,0,0,0,15
1,0,0,0,1
1,0,0,0,1
1,0,0,0,1
1,0,0,0,1
4,86,0,0,90
1,0,0,0,1
20,10,0,0,30
1,0,0,0,1
3,2,0,0,5
1,0,0,0,1
17,17,0,0,34
1,0,0,0,1
9,9,0,0,18
2,0,0,0,2
1,0,0,0,1
5,4,0,0,9
2,11,0,0,13
1,0,0,0,1
9,1,2,0,12
1,0,0,0,1
1,0,0,0,1
2,0,0,0,2
1,0,0,0,1
1,0,0,0,1
2,0,0,0,2
1,0,0,0,1
1,0,0,0,1
1,0,0,0,1
2,0,0,0,2
23,0,0,0,23
1,0,0,0,1
42,1,0,0,43
1,0,0,0,1
2,0,0,0,2
54,2,0,0,56
1,0,0,0,1
12,1,0,0,13
1,0,0,0,1
1,0,0,0,1
2,1,0,0,3
22,0,0,0,22
1,0,0,0,1
1,0,0,0,1
1,0,0,0,1
1,0,0,0,1
2,0,0,0,2
43,26,4,0,73
2,0,0,0,2
1,0,0,0,1
1,0,0,0,1
6,0,0,0,6
4,0,0,0,4
11,0,0,0,11
1,0,0,0,1
24,0,0,0,24
1,0,0,0,1
2,0,0,0,2
1,0,0,0,1
1,0,0,0,1
3,0,0,0,3
2,2,0,0,4
1,0,0,0,1
3,1,0,0,4
1,0,0,0,1
16,0,0,0,16
4,0,0,0,4
4,0,0,0,4
1,0,0,0,1
76,0,0,0,76
1,0,0,0,1
1,0,0,0,1
1,0,0,0,1
3,0,0,0,3
2,0,0,0,2
1,0,0,0,1
1,0,0,0,1
5,3,0,0,8
1,0,0,0,1
3,0,0,0,3
4,3,0,0,7
1,0,0,0,1
2,0,0,0,2
1,0,0,0,1
5,0,0,0,5
1,0,0,0,1
1,0,0,0,1
6,0,0,0,6
1,0,0,0,1
1,0,0,0,1
1,0,0,0,1
4,0,0,0,4
5,0,0,0,5
1,0,0,0,1
1,0,0,0,1
2,0,0,0,2
28,0,1,0,29
7,0,0,0,7
2,0,0,0,2
1,0,0,0,1
2,0,0,0,2
1,0,0,0,1
1,0,0,0,1
1,0,0,0,1
2,0,0,0,2
1,0,0,0,1
2,0,0,0,2
9,3,0,0,12
90,1,0,0,91
3,0,0,0,3
1,0,0,0,1
1,0,0,0,1
1,0,0,0,1
2,0,0,0,2
4,0,0,0,4
1,0,0,0,1
5,1,0,0,6
4,0,0,0,4
1,0,0,0,1
1,0,0,0,1
2,0,0,0,2
3,0,0,0,3
2,0,0,0,2
4,8,0,0,12
3,0,0,0,3
38,36,1,0,75
1,0,0,0,1
1,0,0,0,1
1,0,0,0,1
1,0,0,0,1
1,0,0,0,1
1,0,0,0,1
1,2,0,0,3
2,0,0,0,2
1,1,0,0,2
2,0,0,0,2
1,0,0,0,1
1,0,0,0,1
1,0,0,0,1
1,0,0,0,1
1,0,0,0,1
3,0,0,0,3
1,0,0,0,1
11,0,0,0,11
1,0,0,0,1
2,0,0,0,2
1,0,0,0,1
15,0,0,0,15
1,0,0,0,1
2,0,0,0,2
1,0,0,0,1
1,0,0,0,1
2,0,0,0,2
1,1,0,0,2
17,0,0,0,17
1,0,0,0,1
2,0,0,0,2
11,0,0,0,11
1,0,0,0,1
1,0,0,0,1
2,0,0,0,2
1,0,0,0,1
1,0,0,0,1
3,0,0,0,3
2,0,0,0,2
3,0,0,0,3
1,0,0,0,1
7,0,0,0,7
1,0,0,0,1
47,0,1,0,48
1,0,0,0,1
3,6,1,0,10
5,0,0,0,5
3,0,0,0,3
1,0,0,0,1
2,0,0,0,2
2,0,0,0,2
1,0,0,0,1
1,0,0,0,1
1,0,0,0,1
1,0,0,0,1
1,0,0,0,1
1,0,0,0,1
1,0,0,0,1
1,0,0,0,1
2,0,0,0,2
1,0,0,0,1
24,2,1,0,27
11,11,0,0,22
1,0,0,0,1
1,0,0,0,1
4,0,0,0,4
2,0,0,0,2
2,0,0,0,2
1,0,0,0,1
2,0,0,0,2
1,0,0,0,1
8,0,0,0,8
2,0,0,0,2
4,0,0,0,4
1,0,0,0,1
1,0,0,0,1
4,0,0,0,4
3,0,0,0,3
45,0,0,0,45
4,0,0,0,4
42,0,0,0,42
1,0,0,0,1
4,0,0,0,4
13,1,1,0,15
2,0,0,0,2
1,0,0,0,1
1,0,0,0,1
24,7,0,0,31
1,0,0,0,1
7,0,0,0,7
4,8,0,0,12
1,0,0,0,1
1,0,0,0,1
1,0,0,0,1
1,0,0,0,1
9,0,0,0,9
14,0,0,0,14
7,0,0,0,7
2,0,0,0,2
4,0,0,0,4
1,0,0,0,1
2,0,0,0,2
4,0,0,0,4
1,0,0,0,1
7,0,0,0,7
1,0,0,0,1
1,0,0,0,1
1,0,0,0,1
1,0,0,0,1
2,5,0,0,7
3,0,0,0,3
1,0,3,0,4
1,0,0,0,1
58,5,0,0,63
1,0,0,0,1
20,2,0,0,22
1,0,0,0,1
22,692,2,0,716
1,0,0,0,1
1,0,0,0,1
2,1,0,0,3
2,0,0,0,2
2,0,0,0,2
1,0,0,0,1
1,0,0,0,1
1,0,0,0,1
102,0,0,0,102
1,0,0,0,1
9,34,2,0,45
22,2,2,0,26
26,15,2,0,43
1,0,0,0,1
2,0,0,0,2
59,2,1,0,62
1,0,0,0,1
5,0,0,0,5
1,0,0,0,1
1,0,0,0,1
25,5,0,0,30
1,0,0,0,1
1,0,0,0,1
1,0,0,0,1
6,0,0,0,6
2,0,0,0,2
74,0,0,0,74
1,0,0,0,1
47,0,0,0,47
6,0,0,0,6
1,0,0,0,1
2,0,0,0,2
10,2,0,0,12
2,1,0,0,3
1,0,0,0,1
1,0,0,0,1
77,8,3,0,88
1,0,0,0,1
1,0,0,0,1
1,0,0,0,1
1,0,0,0,1
6,3,0,0,9
1,0,0,0,1
1,0,0,0,1
10,0,0,0,10
1,0,0,0,1
13,7,0,0,20
1,0,0,0,1
1,0,0,0,1
1,0,0,0,1
5,0,0,0,5
2,2,0,0,4
1,1,1,0,3
16,0,0,0,16
1,0,0,0,1
2,0,0,0,2
1,0,0,0,1
1,0,0,0,1
1,0,0,0,1
4,0,0,0,4
1,0,0,0,1
3,0,0,0,3
2,6,0,0,8
2,0,0,0,2
1,0,0,0,1
4,16,4,0,24
1,0,0,0,1
4,0,0,0,4
1,0,0,0,1
2,0,0,0,2
6,0,0,0,6
2,0,0,0,2
1,0,0,0,1
6,31,1,0,38
2,0,0,0,2
34,0,0,0,34
1,0,0,0,1
1,0,0,0,1
1,0,0,0,1
1,0,0,0,1
1,0,0,0,1
1,0,0,0,1
1,0,0,0,1
8,10,1,0,19
1,0,0,0,1
18,0,0,0,18
1,0,0,0,1
1,6,0,0,7
9,0,0,0,9
3,0,0,0,3
2,0,0,0,2
1,0,0,0,1
1,0,0,0,1
3,0,0,0,3
1,0,0,0,1
1,0,0,0,1
1,0,0,0,1
8,0,0,0,8
1,0,0,0,1
3,0,0,0,3
1,0,0,0,1
2,0,0,0,2
5,0,0,0,5
9,0,0,0,9
1,0,0,0,1
2,0,0,0,2
1,0,0,0,1
1,0,0,0,1
2,0,0,0,2
1,0,0,0,1
1,0,0,0,1
4,1,0,0,5
12,12,1,0,25
2,0,0,0,2
3,0,0,0,3
5,0,0,0,5
24,1,1,0,26
3,0,0,0,3
3,0,0,0,3
1,0,0,0,1
2,0,0,0,2
9,0,0,0,9
1,0,0,0,1
1,0,0,0,1
1,0,0,0,1
2,0,0,0,2
1,0,0,0,1
3,0,0,0,3
1,0,0,0,1
8,0,0,0,8
1,0,0,0,1
2,30,2,0,34
16,1,0,0,17
26,1,0,0,27
1,0,0,0,1
1,0,0,0,1
25,0,0,0,25
1,0,0,0,1
4,0,0,0,4
1,0,0,0,1
2,0,0,0,2
1,0,0,0,1
1,0,0,0,1
3,1,0,0,4
5,4,0,0,9
15,2,1,0,18
1,0,0,0,1
1,0,0,0,1
15,0,0,0,15
4,0,0,0,4
2,0,0,0,2
3,0,0,0,3
1,0,0,0,1
1,0,0,0,1
17,13,0,0,30
2,0,0,0,2
1,0,0,0,1
1,0,0,0,1
26,0,2,0,28
1,0,0,0,1
3,0,0,0,3
6,0,0,0,6
1,0,0,0,1
1,0,0,0,1
5,0,0,0,5
4,0,0,0,4
4,0,0,0,4
10,0,0,0,10
10,0,0,0,10
1,0,0,0,1
1,0,0,0,1
15,1,0,0,16
1,0,0,0,1
1,2,0,0,3
3,0,0,0,3
3,0,0,0,3
3,3,2,0,8
15,1,0,0,16
1,0,0,0,1
1,0,0,0,1
2,0,0,0,2
1,0,0,0,1
1,0,0,0,1
35,8,0,0,43
3,3,0,0,6
1,0,0,0,1
4,0,0,0,4
1,0,0,0,1
1,0,0,0,1
1,0,0,0,1
8,0,0,0,8
7,0,0,0,7
1,0,0,0,1
1,0,0,0,1
3,0,0,0,3
4,0,0,0,4
4,0,0,0,4
19,40,0,0,59
1,0,0,0,1
1,0,0,0,1
1,0,0,0,1
1,0,0,0,1
1,0,0,0,1
2,0,0,0,2
5,0,0,0,5
1,0,0,0,1
1,0,0,0,1
14,3,0,0,17
3,0,0,0,3
1,0,0,0,1
1,0,0,0,1
1,0,0,0,1
1,0,0,0,1
1,0,0,0,1
10,0,0,0,10
1,0,0,0,1
1,0,0,0,1
1,0,0,0,1
2,0,0,0,2
5,0,0,0,5
1,0,0,0,1
3,0,0,0,3
4,0,0,0,4
8,0,0,0,8
3,0,0,0,3
5,0,0,0,5
1,0,0,0,1
1,0,0,0,1
4,1,0,0,5
1,0,0,0,1
34,1,0,0,35
1,0,0,0,1
6,0,0,0,6
6,0,0,0,6
7,0,0,0,7
1,0,0,0,1
1,0,0,0,1
4,5,0,0,9
1,0,0,0,1
3,0,1,0,4
41,0,0,0,41
1,0,0,0,1
32,7,0,0,39
12,0,0,0,12
1,0,0,0,1
4,0,0,0,4
9,9,0,0,18
3,0,0,0,3
1,0,0,0,1
12,11,4,0,27
23,0,0,0,23
4,0,0,0,4
3,0,0,0,3
4,11,0,0,15
3,0,0,0,3
2,0,0,0,2
1,0,0,0,1
1,0,0,0,1
1,0,0,0,1
1,0,0,0,1
1,0,0,0,1
1,0,0,0,1
1,0,0,0,1
3,0,0,0,3
8,0,0,0,8
1,0,0,0,1
6,3,0,0,9
1,0,0,0,1
2,0,0,0,2
1,0,0,0,1
2,1,0,0,3
1,0,0,0,1
12,0,0,0,12
5,0,0,0,5
2,0,0,0,2
2,0,0,0,2
1,4,0,0,5
1,0,0,0,1
1,0,0,0,1
1,0,0,0,1
1,0,0,0,1
2,0,0,0,2
1,0,0,0,1
1,0,0,0,1
3,0,0,0,3
10,0,0,0,10
1,0,0,0,1
5,0,0,0,5
3,0,0,0,3
2,0,0,0,2
1,0,0,0,1
1,0,0,0,1
1,0,0,0,1
1,0,0,0,1
1,0,0,0,1
1,0,0,0,1
3,0,0,0,3
1,0,0,0,1
1,0,0,0,1
3,1,1,0,5
1,0,0,0,1
21,4,1,0,26
5,0,0,0,5
1,0,0,0,1
6,1,0,0,7
3,0,0,0,3
1,0,0,0,1
9,2,1,0,12
1,0,0,0,1
1,0,0,0,1
5,0,0,0,5
11,0,0,0,11
1,0,0,0,1
14,0,0,0,14
1,0,0,0,1
7,18,2,0,27
3,0,0,0,3
13,5,0,0,18
1,0,0,0,1
6,4,0,0,10
13,2,0,0,15
1,0,0,0,1
1,0,0,0,1
2,0,0,0,2
3,3,0,0,6
1,0,0,0,1
1,0,0,0,1
1,0,0,0,1
2,0,0,0,2
1,0,0,0,1
2,0,0,0,2
1,0,0,0,1
2,0,0,0,2
1,0,0,0,1
2,0,0,0,2
1,0,0,0,1
1,0,0,0,1
3,0,0,0,3
7,1,0,0,8
1,0,0,0,1
2,0,0,0,2
1,0,0,0,1
1,0,0,0,1
4,0,0,0,4
1,0,0,0,1
1,0,0,0,1
1,0,0,0,1
2,0,0,0,2
1,0,0,0,1
1,0,0,0,1
1,0,0,0,1
5,0,0,0,5
1,0,0,0,1
1,0,0,0,1
133,0,0,0,133
1,0,0,0,1
1,0,0,0,1
1,0,0,0,1
1,0,0,0,1
6,0,0,0,6
1,4,0,0,5
1,0,0,0,1
5,5,0,0,10
2,0,0,0,2
3,0,0,0,3
1,0,0,0,1
1,0,0,0,1
1,0,0,0,1
1,0,0,0,1
4,0,0,0,4
55,158,0,0,213
1,0,0,0,1
12,0,0,0,12
6,0,0,0,6
1,0,0,0,1
9,0,0,0,9
1,0,0,0,1
9,3,0,0,12
1,0,0,0,1
1,0,0,0,1
1,0,0,0,1
57,0,0,0,57
1,0,0,0,1
1,0,0,0,1
6,0,0,0,6
2,0,0,0,2
3,0,0,0,3
1,0,0,0,1
12,11,0,0,23
15,0,0,0,15
2,0,0,0,2
1,0,0,0,1
1,0,0,0,1
2,0,0,0,2
3,0,0,0,3
6,0,0,0,6
1,0,0,0,1
1,0,0,0,1
1,0,0,0,1
2,0,0,0,2
1,0,0,0,1
1,0,0,0,1
1,0,0,0,1
1,0,0,0,1
1,0,0,0,1
1,0,0,0,1
2,0,0,0,2
56,3,0,0,59
2,0,0,0,2
7,2,0,0,9
1,0,0,0,1
8,2,0,0,10
1,0,0,0,1
5,0,0,0,5
1,0,0,0,1
3,0,0,0,3
1,0,0,0,1
6,0,0,0,6
1,0,0,0,1
1,0,0,0,1
1,0,0,0,1
1,0,0,0,1
1,0,0,0,1
1,0,0,0,1
1,0,0,0,1
3,3,0,0,6
1,0,0,0,1
1,0,0,0,1
1,0,0,0,1
2,0,0,0,2
3,0,0,0,3
1,0,0,0,1
3,1,0,0,4
1,0,0,0,1
1,0,0,0,1
12,2,1,0,15
10,1,0,0,11
1,0,0,0,1
1,0,0,0,1
2,0,0,0,2
2,0,0,0,2
2,0,0,0,2
1,0,0,0,1
1,0,0,0,1
4,0,0,0,4
11,0,0,0,11
1,0,0,0,1
1,0,0,0,1
1,0,0,0,1
1,0,0,0,1
2,0,0,0,2
1,0,0,0,1
1,0,0,0,1
1,0,0,0,1
1,0,0,0,1
3,0,0,0,3
8,0,0,0,8
9,0,0,0,9
3,0,0,0,3
1,0,0,0,1
1,0,0,0,1
8,20,0,0,28
1,0,0,0,1
1,0,0,0,1
1,0,0,0,1
1,0,0,0,1
4,0,0,0,4
1,0,0,0,1
51,0,0,0,51
1,0,0,0,1
5,0,0,0,5
1,0,0,0,1
2,0,0,0,2
12,0,0,0,12
10,0,0,0,10
2,0,0,0,2
1,0,0,0,1
2,0,0,0,2
1,0,0,0,1
2,0,0,0,2
1,0,0,0,1
1,0,0,0,1
1,0,0,0,1
1,0,0,0,1
8,0,0,0,8
2,0,0,0,2
1,0,0,0,1
1,0,0,0,1
1,0,0,0,1
1,0,0,0,1
1,0,0,0,1
3,0,0,0,3
2,0,0,0,2
1,0,0,0,1
1,0,0,0,1
16,0,1,0,17
9,2,0,0,11
1,0,0,0,1
1,0,0,0,1
1,0,0,0,1
1,0,0,0,1
9,0,0,0,9
1,0,0,0,1
6,0,0,0,6
5,0,0,0,5
2,0,0,0,2
3,0,0,0,3
1,0,0,0,1
1,0,0,0,1
1,0,0,0,1
1,0,0,0,1
1,0,0,0,1
1,0,0,0,1
11,0,0,0,11
6,10,0,0,16
1,0,0,0,1
1,0,0,0,1
2,0,0,0,2
25,0,0,0,25
7,0,0,0,7
1,0,0,0,1
5,3,0,0,8
5,1,0,0,6
1,0,0,0,1
1,4,10,0,15
1,0,0,0,1
1,0,0,0,1
2,0,0,0,2
1,0,0,0,1
40,7,2,0,49
1,0,0,0,1
1,0,0,0,1
1,0,0,0,1
1,0,0,0,1
3,0,0,0,3
76,1,1,0,78
1,0,0,0,1
1,0,0,0,1
36,6,2,0,44
5,0,0,0,5
8,2,0,0,10
3,0,0,0,3
6,0,0,0,6
1,0,0,0,1
1,0,0,0,1
2,0,0,0,2
1,0,0,0,1
1,0,0,0,1
13,1,1,0,15
2,0,0,0,2
1,0,0,0,1
1,0,0,0,1
1,0,0,0,1
1,1,1,0,3
1,0,0,0,1
13,1,0,0,14
2,0,0,0,2
1,0,0,0,1
1,0,0,0,1
1,0,0,0,1
1,0,0,0,1
1,0,0,0,1
16,0,0,0,16
1,0,0,0,1
1,0,0,0,1
12,0,1,0,13
1,0,0,0,1
1,0,0,0,1
4,0,0,0,4
21,0,0,0,21
2,0,0,0,2
1,0,0,0,1
4,5,1,0,10
1,0,0,0,1
3,0,0,0,3
3,0,0,0,3
13,3,0,0,16
1,0,0,0,1
11,0,0,0,11
2,0,0,0,2
1,0,0,0,1
1,0,0,0,1
1,0,0,0,1
27,7,1,0,35
2,0,0,0,2
1,0,0,0,1
1,0,0,0,1
5,0,0,0,5
2,0,0,0,2
12,0,0,0,12
12,2,1,0,15
1,0,0,0,1
1,0,0,0,1
1,0,0,0,1
2,0,0,0,2
25,168,0,0,193
2,0,0,0,2
3,0,0,0,3
2,0,0,0,2
3,0,0,0,3
6,0,0,0,6
1,0,0,0,1
1,2,0,0,3
1,0,0,0,1
1,0,0,0,1
1,0,0,0,1
4,0,0,0,4
1,0,0,0,1
1,0,0,0,1
3,0,0,0,3
1,0,0,0,1
1,0,0,0,1
1,6,0,0,7
2,0,0,0,2
7,0,0,0,7
1,0,0,0,1
4,0,0,0,4
4,0,1,0,5
1,0,0,0,1
6,0,0,0,6
1,0,0,0,1
2,1,0,0,3
1,0,0,0,1
15,2,1,0,18
1,0,0,0,1
5,0,0,0,5
2,0,0,0,2
1,0,0,0,1
1,0,0,0,1
1,0,0,0,1
1,0,0,0,1
1,0,0,0,1
9,74,0,0,83
1,2,0,0,3
1,0,0,0,1
3,0,0,0,3
1,7,0,0,8
3,0,0,0,3
2,0,0,0,2
1,0,0,0,1
2,0,0,0,2
6,0,0,0,6
1,0,0,0,1
2,0,0,0,2
1,0,0,0,1
1,0,0,0,1
10,8,1,0,19
1,0,0,0,1
2,0,0,0,2
1,0,0,0,1
1,0,0,0,1
1,0,0,0,1
1,0,0,0,1
16,0,0,0,16
2,0,0,0,2
3,0,0,0,3
1,0,0,0,1
2,0,0,0,2
2,0,0,0,2
79,1,0,0,80
1,0,0,0,1
1,0,0,0,1
1,0,0,0,1
1,0,0,0,1
1,0,0,0,1
1,0,0,0,1
1,0,0,0,1
1,0,0,0,1
8,0,0,0,8
1,0,0,0,1
1,0,0,0,1
2,0,0,0,2
1,0,0,0,1
6,0,0,0,6
20,3,0,0,23
1,0,0,0,1
4,0,0,0,4
1,0,0,0,1
1,0,0,0,1
1,0,0,0,1
1,0,0,0,1
7,0,0,0,7
1,0,0,0,1
2,0,0,0,2
2,0,0,0,2
1,0,0,0,1
1,0,0,0,1
1,0,0,0,1
5,0,0,0,5
1,0,0,0,1
1,0,0,0,1
1,0,0,0,1
1,0,0,0,1
1,0,0,0,1
47,9,3,0,59
3,0,0,0,3
26,2,0,0,28
1,0,0,0,1
1,0,0,0,1
1,38,0,0,39
15,2,0,0,17
2,0,0,0,2
2,0,0,0,2
1,0,0,0,1
1,0,0,0,1
1,0,0,0,1
1,0,0,0,1
2,0,0,0,2
19,0,0,0,19
1,0,0,0,1
2,0,0,0,2
67,0,0,0,67
1,0,0,0,1
22,4,2,0,28
1,0,0,0,1
1,0,0,0,1
6,0,0,0,6
12,4,2,0,18
1,0,0,0,1
1,0,0,0,1
5,0,0,0,5
1,0,0,0,1
1,0,0,0,1
2,0,0,0,2
1,0,0,0,1
1,0,0,0,1
2,0,0,0,2
5,0,0,0,5
1,1,0,0,2
94,5,0,0,99
1,0,0,0,1
1,0,0,0,1
17,2,0,0,19
17,6,0,0,23
1,0,0,0,1
1,0,0,0,1
1,0,0,0,1
1,0,0,0,1
4,0,0,0,4
1,0,0,0,1
1,0,0,0,1
42,1,0,0,43
1,0,0,0,1
1,0,0,0,1
1,0,0,0,1
1,0,0,0,1
5,3,0,0,8
129,0,0,0,129
1,0,0,0,1
1,0,0,0,1
7,17,1,0,25
7,0,0,0,7
1,0,0,0,1
1,0,0,0,1
2,0,0,0,2
1,0,0,0,1
3,0,0,0,3
1,0,0,0,1
1,0,0,0,1
2,0,0,0,2
10,0,0,0,10
1,0,0,0,1
2,0,0,0,2
1,0,0,0,1
1,0,0,0,1
2,0,0,0,2
1,0,0,0,1
2,0,0,0,2
3,0,0,0,3
2,0,0,0,2
26,3,1,0,30
2,0,0,0,2
1,0,0,0,1
2,0,0,0,2
1,0,0,0,1
2,0,0,0,2
2,0,0,0,2
3,0,0,0,3
1,0,0,0,1
2,0,0,0,2
1,0,0,0,1
2,0,0,0,2
2,0,0,0,2
1,0,0,0,1
3,0,0,0,3
3,0,0,0,3
3,0,0,0,3
1,0,0,0,1
2,0,0,0,2
1,0,0,0,1
1,0,0,0,1
21,0,0,0,21
1,0,0,0,1
4,2,0,0,6
1,0,0,0,1
21,1,1,0,23
1,2,0,0,3
2,0,0,0,2
16,0,0,0,16
1,0,0,0,1
3,0,0,0,3
6,0,0,0,6
3,0,0,0,3
15,0,0,0,15
1,0,0,0,1
1,17,0,0,18
9,3,0,0,12
1,0,0,0,1
1,0,0,0,1
1,0,0,0,1
7,1,0,0,8
9,0,0,0,9
1,0,0,0,1
1,0,0,0,1
3,0,0,0,3
1,0,0,0,1
10,2,1,0,13
3,0,0,0,3
15,0,0,0,15
12,0,0,0,12
17,0,0,0,17
22,4,1,0,27
1,0,0,0,1
4,0,0,0,4
1,0,0,0,1
12,0,0,0,12
3,0,0,0,3
3,0,0,0,3
2,0,0,0,2
8,0,0,0,8
1,0,0,0,1
59,2,0,0,61
6,0,0,0,6
1,0,0,0,1
1,0,0,0,1
1,0,0,0,1
2,0,0,0,2
1,0,0,0,1
1,0,0,0,1
2,0,0,0,2
4,0,0,0,4
11,0,0,0,11
6,0,0,0,6
1,0,0,0,1
1,0,0,0,1
2,0,0,0,2
1,0,0,0,1
1,0,0,0,1
2,0,0,0,2
1,0,0,0,1
1,0,0,0,1
10,0,0,0,10
1,0,0,0,1
13,0,0,0,13
2,0,0,0,2
2,0,0,0,2
3,4,2,0,9
6,2,0,0,8
43,10,0,0,53
1,0,0,0,1
3,0,0,0,3
1,0,0,0,1
1,0,0,0,1
2,0,0,0,2
22,0,0,0,22
2,0,0,0,2
3,0,0,0,3
1,0,0,0,1
7,0,0,0,7
1,0,0,0,1
4,0,0,0,4
1,0,0,0,1
1,0,0,0,1
2,0,0,0,2
1,0,0,0,1
3,0,0,0,3
2,0,0,0,2
5,0,0,0,5
1,0,0,0,1
1,0,0,0,1
1,0,0,0,1
6,0,0,0,6
3,0,0,0,3
1,0,0,0,1
2,0,0,0,2
1,0,0,0,1
2,0,0,0,2
4,0,0,0,4
1,0,0,0,1
1,0,0,0,1
9,6,0,0,15
1,0,0,0,1
1,0,0,0,1
9,0,1,0,10
1,0,0,0,1
2,0,0,0,2
1,0,0,0,1
24,0,0,0,24
5,0,0,0,5
1,0,0,0,1
7,0,0,0,7
1,0,0,0,1
2,0,0,0,2
1,0,0,0,1
1,0,0,0,1
1,0,0,0,1
1,0,0,0,1
1,0,0,0,1
1,0,0,0,1
2,0,0,0,2
8,0,0,0,8
1,0,0,0,1
13,0,0,0,13
1,0,0,0,1
6,4,4,0,14
1,16,0,0,17
3,0,0,0,3
3,0,0,0,3
1,0,0,0,1
1,0,0,0,1
1,0,0,0,1
12,0,0,0,12
1,0,0,0,1
2,0,0,0,2
1,0,0,0,1
1,0,0,0,1
1,0,0,0,1
1,0,0,0,1
2,0,0,0,2
4,0,1,0,5
14,0,0,0,14
2,0,0,0,2
2,0,0,0,2
5,0,0,0,5
1,0,0,0,1
4,0,0,0,4
5,0,0,0,5
1,0,0,0,1
2,0,0,0,2
1,0,0,0,1
1,0,0,0,1
1,0,0,0,1
3,0,0,0,3
10,0,0,0,10
2,2,0,0,4
9,0,0,0,9
1,0,0,0,1
5,0,1,0,6
5,0,0,0,5
3,0,0,0,3
16,2,0,0,18
1,0,0,0,1
12,0,0,0,12
4,0,0,0,4
10,0,0,0,10
2,0,0,0,2
3,0,0,0,3
4,0,0,0,4
33,11,0,0,44
1,0,0,0,1
1,0,0,0,1
1,0,0,0,1
17,0,0,0,17
1,0,0,0,1
1,0,0,0,1
1,0,0,0,1
4,0,0,0,4
1,1,1,0,3
1,0,0,0,1
2,0,0,0,2
1,0,0,0,1
1,0,0,0,1
1,0,0,0,1
1,0,0,0,1
2,0,0,0,2
1,0,0,0,1
1,0,0,0,1
13,10,1,0,24
1,0,0,0,1
1,0,0,0,1
2,0,0,0,2
1,0,0,0,1
1,0,0,0,1
27,0,0,0,27
2,0,0,0,2
36,6,2,0,44
5,0,0,0,5
1,0,0,0,1
6,0,0,0,6
1,0,0,0,1
11,0,0,0,11
6,0,0,0,6
1,0,0,0,1
6,17,2,0,25
23,0,1,0,24
1,0,0,0,1
2,0,0,0,2
3,0,0,0,3
2,0,0,0,2
13,0,0,0,13
26,0,0,0,26
2,0,0,0,2
1,0,0,0,1
1,0,0,0,1
2,0,0,0,2
1,0,0,0,1
1,0,0,0,1
1,0,0,0,1
1,0,0,0,1
20,0,0,0,20
14,0,0,0,14
1,0,0,0,1
2,0,0,0,2
2,0,0,0,2
2,0,0,0,2
1,0,0,0,1
1,0,0,0,1
2,0,0,0,2
1,0,0,0,1
24,0,0,0,24
5,0,0,0,5
2,0,0,0,2
1,8,1,0,10
1,0,0,0,1
7,0,0,0,7
3,0,0,0,3
1,0,0,0,1
3,0,0,0,3
1,0,0,0,1
1,0,0,0,1
1,0,0,0,1
6,0,0,0,6
1,0,0,0,1
7,3,0,0,10
1,0,0,0,1
2,3,0,0,5
8,0,0,0,8
2,0,0,0,2
1,0,0,0,1
1,0,0,0,1
3,0,0,0,3
2,0,0,0,2
7,0,0,0,7
1,0,0,0,1
13,1,1,0,15
1,0,0,0,1
10,0,0,0,10
1,0,0,0,1
1,0,0,0,1
1,0,0,0,1
1,0,0,0,1
4,0,0,0,4
1,0,0,0,1
7,0,0,0,7
19,1,0,0,20
1,0,0,0,1
1,0,0,0,1
1,0,0,0,1
1,0,0,0,1
1,0,0,0,1
3,0,0,0,3
7,0,0,0,7
66,34,0,0,100
30,3,2,0,35
1,0,0,0,1
1,0,0,0,1
11,3,0,0,14
1,0,0,0,1
1,0,0,0,1
5,0,0,0,5
1,0,0,0,1
7,0,0,0,7
14,4,0,0,18
1,0,0,0,1
7,6,1,0,14
1,0,0,0,1
1,0,0,0,1
4,0,0,0,4
2,0,0,0,2
1,8,0,0,9
4,1,0,0,5
1,0,0,0,1
1,0,0,0,1
1,0,0,0,1
2,3,1,0,6
1,0,0,0,1
1,0,0,0,1
1,0,0,0,1
90,1,0,0,91
1,0,0,0,1
108,64,0,0,172
23,0,0,0,23
1,0,0,0,1
1,0,0,0,1
8,0,0,0,8
17,5,0,0,22
5,0,0,0,5
1,0,0,0,1
1,0,0,0,1
1,0,0,0,1
13,1,1,0,15
7,0,0,0,7
3,0,0,0,3
1,0,0,0,1
54,8,4,0,66
1,0,0,0,1
1,0,0,0,1
1,0,0,0,1
1,1,1,0,3
1,0,0,0,1
1,0,0,0,1
1,0,0,0,1
1,0,0,0,1
1,0,0,0,1
1,0,0,0,1
3,0,0,0,3
1,0,0,0,1
1,0,0,0,1
1,0,0,0,1
1,0,0,0,1
1,0,0,0,1
2,0,0,0,2
6,0,0,0,6
3,0,0,0,3
1,0,0,0,1
12,1,0,0,13
3,0,0,0,3
1,0,0,0,1
1,0,0,0,1
4,0,0,0,4
5,0,0,0,5
14,0,0,0,14
1,0,0,0,1
1,0,0,0,1
2,0,0,0,2
1,0,0,0,1
1,0,0,0,1
2,3,0,0,5
2,0,0,0,2
2,0,0,0,2
1,2,0,0,3
6,1,1,0,8
4,0,0,0,4
1,0,0,0,1
14,0,0,0,14
1,0,0,0,1
50,3,2,0,55
1,0,0,0,1
1,0,0,0,1
1,0,0,0,1
5,0,0,0,5
1,0,0,0,1
1,0,0,0,1
1,0,0,0,1
1,2,0,0,3
1,0,0,0,1
1,0,0,0,1
2,0,0,0,2
7,0,0,0,7
2,0,0,0,2
8,0,0,0,8
1,0,0,0,1
20,0,0,0,20
1,0,0,0,1
1,0,0,0,1
35,1,0,0,36
5,0,0,0,5
1,0,0,0,1
1,0,0,0,1
1,0,0,0,1
15,0,0,0,15
1,0,0,0,1
1,0,0,0,1
1,0,0,0,1
2,0,0,0,2
7,0,0,0,7
1,0,0,0,1
14,6,0,0,20
2,0,0,0,2
1,0,0,0,1
35,0,1,0,36
7,3,0,0,10
4,0,0,0,4
1,0,0,0,1
6,0,0,0,6
1,0,0,0,1
4,0,0,0,4
7,0,0,0,7
4,0,0,0,4
11,0,0,0,11
4,0,0,0,4
6,2,0,0,8
1,2,0,0,3
2,0,0,0,2
2,0,0,0,2
1,0,0,0,1
7,18,0,0,25
1,0,0,0,1
1,0,0,0,1
1,0,0,0,1
3,0,0,0,3
2,0,0,0,2
1,0,0,0,1
1,0,0,0,1
1,0,0,0,1
1,0,0,0,1
2,0,0,0,2
1,0,0,0,1
1,0,0,0,1
34,0,0,0,34
1,0,0,0,1
2,0,0,0,2
2,0,0,0,2
1,0,0,0,1
1,0,0,0,1
1,0,0,0,1
1,0,0,0,1
2,0,0,0,2
4,0,0,0,4
6,0,0,0,6
37,19,0,0,56
1,0,0,0,1
3,0,0,0,3
5,0,0,0,5
1,0,0,0,1
2,0,0,0,2
1,0,0,0,1
1,0,0,0,1
12,0,0,0,12
1,0,0,0,1
23,0,0,0,23
1,0,0,0,1
1,0,0,0,1
1,0,0,0,1
3,0,0,0,3
16,2,0,0,18
1,0,0,0,1
5,0,0,0,5
1,0,0,0,1
2,0,0,0,2
1,0,0,0,1
2,0,0,0,2
5,0,0,0,5
4,0,0,0,4
1,0,0,0,1
1,0,0,0,1
1,0,0,0,1
1,3,1,0,5
2,0,0,0,2
1,0,0,0,1
1,0,0,0,1
1,0,0,0,1
1,0,0,0,1
5,3,0,0,8
17,4,0,0,21
1,0,0,0,1
1,0,0,0,1
2,0,0,0,2
3,0,0,0,3
1,0,0,0,1
13,13,0,0,26
2,0,0,0,2
1,0,0,0,1
4,0,0,0,4
1,0,0,0,1
1,0,0,0,1
1,0,0,0,1
2,0,0,0,2
31,20,0,0,51
1,0,0,0,1
1,0,0,0,1
1,0,0,0,1
2,0,0,0,2
1,0,0,0,1
3,9,2,0,14
2,2,0,0,4
1,0,0,0,1
7,0,0,0,7
1,0,0,0,1
1,0,0,0,1
1,0,0,0,1
1,0,0,0,1
1,0,0,0,1
2,0,0,0,2
1,0,0,0,1
1,0,0,0,1
3,0,0,0,3
1,0,0,0,1
1,0,0,0,1
1,0,0,0,1
3,0,0,0,3
3,0,0,0,3
1,0,0,0,1
4,0,0,0,4
3,0,0,0,3
1,0,0,0,1
1,0,0,0,1
4,0,0,0,4
3,3,1,0,7
3,7,0,0,10
1,0,0,0,1
1,0,0,0,1
1,8,0,0,9
1,0,0,0,1
1,0,0,0,1
4,0,0,0,4
1,0,0,0,1
14,0,0,0,14
15,0,0,0,15
3,0,0,0,3
1,0,0,0,1
1,0,0,0,1
3,0,0,0,3
1,0,0,0,1
1,0,0,0,1
1,0,0,0,1
1,0,0,0,1
2,0,0,0,2
9,0,0,0,9
9,0,0,0,9
3,0,0,0,3
1,0,0,0,1
15,0,0,0,15
1,0,0,0,1
1,0,0,0,1
3,0,0,0,3
1,0,0,0,1
19,0,0,0,19
22,0,0,0,22
1,0,0,0,1
1,0,0,0,1
2,0,0,0,2
1,0,0,0,1
1,0,0,0,1
7,0,0,0,7
1,0,0,0,1
3,0,0,0,3
1,0,0,0,1
3,0,0,0,3
1,0,0,0,1
4,0,0,0,4
3,0,0,0,3
1,7,0,0,8
1,0,0,0,1
5,0,0,0,5
4,0,0,0,4
1,3,0,0,4
1,0,0,0,1
1,0,0,0,1
5,0,0,0,5
6,0,0,0,6
14,0,0,0,14
1,0,0,0,1
5,0,0,0,5
1,0,0,0,1
1,0,0,0,1
2,0,0,0,2
15,0,0,0,15
1,0,0,0,1
9,0,0,0,9
1,0,0,0,1
1,0,0,0,1
4,0,0,0,4
2,0,0,0,2
10,0,0,0,10
2,0,0,0,2
1,0,0,0,1
3,0,0,0,3
1,0,0,0,1
1,0,0,0,1
4,0,0,0,4
1,0,0,0,1
1,0,0,0,1
2,0,0,0,2
10,0,0,0,10
1,0,0,0,1
3,0,0,0,3
1,0,0,0,1
1,0,0,0,1
1,0,0,0,1
1,0,0,0,1
2,0,0,0,2
2,0,0,0,2
1,0,0,0,1
2,0,0,0,2
1,0,0,0,1
24,19,3,0,46
2,0,0,0,2
1,0,0,0,1
1,0,0,0,1
1,0,0,0,1
2,0,0,0,2
1,0,0,0,1
3,0,0,0,3
11,6,2,0,19
1,0,0,0,1
4,0,0,0,4
1,0,0,0,1
5,0,0,0,5
1,0,0,0,1
1,0,0,0,1
61,0,0,0,61
1,0,0,0,1
1,0,0,0,1
77,3,2,0,82
1,0,0,0,1
9,0,0,0,9
5,0,0,0,5
2,10,0,0,12
3,0,0,0,3
1,0,0,0,1
1,0,0,0,1
1,0,0,0,1
1,0,0,0,1
8,11,0,0,19
1,0,0,0,1
12,0,0,0,12
1,0,0,0,1
1,0,0,0,1
1,0,0,0,1
1,0,0,0,1
1,0,0,0,1
1,0,0,0,1
1,0,0,0,1
1,0,0,0,1
1,0,0,0,1
7,0,0,0,7
5,0,0,0,5
6,2,1,0,9
2,0,0,0,2
9,2,7,0,18
1,0,0,0,1
7,0,0,0,7
2,0,0,0,2
1,0,0,0,1
2,0,0,0,2
1,0,0,0,1
65,6,1,0,72
3,0,0,0,3
8,0,0,0,8
1,0,0,0,1
1,0,0,0,1
2,1,0,0,3
1,0,0,0,1
1,0,0,0,1
1,0,0,0,1
4,0,0,0,4
3,0,0,0,3
5,0,0,0,5
2,0,0,0,2
14,0,0,0,14
4,0,0,0,4
4,633,0,0,637
1,0,0,0,1
1,0,0,0,1
1,0,0,0,1
5,0,0,0,5
1,0,0,0,1
32,0,0,0,32
1,0,0,0,1
1,0,0,0,1
7,0,0,0,7
1,0,0,0,1
2,0,0,0,2
1,0,0,0,1
2,0,0,0,2
2,0,0,0,2
1,0,0,0,1
1,20,0,0,21
3,0,0,0,3
1,0,0,0,1
1,0,0,0,1
3,0,0,0,3
1,0,0,0,1
3,0,0,0,3
2,0,0,0,2
1,0,0,0,1
1,0,0,0,1
7,0,0,0,7
1,0,0,0,1
3,0,0,0,3
2,0,0,0,2
22,0,0,0,22
4,4,0,0,8
1,0,0,0,1
2,0,0,0,2
1,0,0,0,1
9,0,0,0,9
1,0,0,0,1
6,0,0,0,6
2,0,0,0,2
17,0,0,0,17
2,0,0,0,2
1,0,0,0,1
1,0,0,0,1
1,0,0,0,1
5,0,0,0,5
1,0,0,0,1
1,0,0,0,1
1,0,0,0,1
2,0,0,0,2
3,0,0,0,3
1,0,0,0,1
40,7,2,0,49
1,0,0,0,1
3,2,0,0,5
1,0,0,0,1
23,0,0,0,23
1,0,0,0,1
3,31,3,0,37
1,0,0,0,1
2,0,0,0,2
50,13,1,0,64
6,2,0,0,8
2,0,0,0,2
2,0,0,0,2
1,0,0,0,1
1,0,0,0,1
1,0,0,0,1
1,0,0,0,1
1,0,0,0,1
1,0,0,0,1
1,0,0,0,1
1,0,0,0,1
1,0,0,0,1
1,4,1,0,6
1,0,0,0,1
1,0,0,0,1
2,0,0,0,2
1,0,0,0,1
2,0,0,0,2
2,0,0,0,2
1,0,0,0,1
5,0,0,0,5
3,0,0,0,3
1,0,0,0,1
7,0,0,0,7
1,0,0,0,1
1,0,0,0,1
2,0,0,0,2
1,0,0,0,1
5,0,0,0,5
10,0,0,0,10
1,0,0,0,1
1,0,0,0,1
1,0,0,0,1
1,0,0,0,1
1,0,0,0,1
1,0,0,0,1
3,0,0,0,3
3,0,0,0,3
1,0,0,0,1
38,0,0,0,38
1,0,0,0,1
2,0,0,0,2
1,0,0,0,1
1,0,0,0,1
53,239,0,0,292
13,0,0,0,13
16,1,0,0,17
1,0,0,0,1
25,21,0,0,46
1,0,0,0,1
1,0,0,0,1
1,0,0,0,1
2,0,0,0,2
2,0,0,0,2
4,0,0,0,4
1,0,0,0,1
1,0,0,0,1
1,0,0,0,1
7,1434,21,0,1462
23,5,0,0,28
130,5,0,0,135
2,0,0,0,2
4,0,0,0,4
3,0,0,0,3
4,0,0,0,4
1,0,0,0,1
2,0,0,0,2
6,0,0,0,6
1,0,0,0,1
3,0,0,0,3
21,0,0,0,21
5,0,0,0,5
3,0,0,0,3
1,2,0,0,3
1,0,0,0,1
4,0,0,0,4
9,0,0,0,9
1,0,0,0,1
1,0,0,0,1
2,3,0,0,5
1,158,0,0,159
1,0,0,0,1
1,0,0,0,1
1,0,0,0,1
2,0,0,0,2
1,0,0,0,1
1,0,0,0,1
9,0,0,0,9
1,0,0,0,1
2,0,0,0,2
1,0,0,0,1
1,0,0,0,1
2,0,0,0,2
2,0,0,0,2
1,0,0,0,1
47,1,0,0,48
3,0,0,0,3
1,0,0,0,1
1,0,0,0,1
21,0,0,0,21
3,0,0,0,3
1,0,0,0,1
3,0,0,0,3
1,0,0,0,1
1,0,0,0,1
3,0,0,0,3
1,0,0,0,1
2,0,0,0,2
1,0,0,0,1
1,0,0,0,1
9,0,0,0,9
1,0,0,0,1
3,0,0,0,3
1,0,0,0,1
2,0,0,0,2
3,0,0,0,3
15,5,2,0,22
4,0,0,0,4
11,0,0,0,11
1,0,0,0,1
10,4,1,0,15
7,0,0,0,7
2,0,0,0,2
3,0,0,0,3
1,0,0,0,1
1,0,0,0,1
3,0,0,0,3
1,0,0,0,1
1,0,0,0,1
4,0,0,0,4
66,89,4,0,159
1,0,0,0,1
19,1,0,0,20
1,0,0,0,1
1,0,0,0,1
19,0,0,0,19
41,0,0,0,41
6,0,0,0,6
2,0,0,0,2
1,0,0,0,1
2,0,0,0,2
1,0,0,0,1
2,0,0,0,2
3,64,2,0,69
64,0,0,0,64
4,0,0,0,4
1,0,0,0,1
1,0,0,0,1
1,0,0,0,1
1,0,0,0,1
1,0,0,0,1
1,0,0,0,1
1,0,0,0,1
1,0,0,0,1
1,0,0,0,1
1,0,0,0,1
5,0,0,0,5
1,0,0,0,1
1,0,0,0,1
1,0,0,0,1
1,0,0,0,1
3,0,0,0,3
1,0,0,0,1
1,0,0,0,1
2,0,0,0,2
9,4,0,0,13
7,0,0,0,7
1,0,0,0,1
16,1,0,0,17
1,3,2,0,6
1,2,4,0,7
8,0,0,0,8
1,0,0,0,1
1,0,0,0,1
1,0,0,0,1
1,0,0,0,1
18,1,0,0,19
1,0,0,0,1
1,0,0,0,1
1,0,0,0,1
1,0,0,0,1
3,0,0,0,3
1,0,0,0,1
1,0,0,0,1
1,0,0,0,1
1,0,0,0,1
6,0,0,0,6
1,0,0,0,1
1,0,0,0,1
8,0,0,0,8
2,0,0,0,2
1,0,0,0,1
5,0,0,0,5
1,0,0,0,1
1,0,0,0,1
2,0,0,0,2
1,0,0,0,1
1,0,0,0,1
1,2,0,0,3
2,0,0,0,2
1,0,0,0,1
25,0,0,0,25
1,0,0,0,1
5,12,0,0,17
3,0,0,0,3
38,4,0,0,42
18,0,0,0,18
1,0,0,0,1
6,2,0,0,8
9,4,0,0,13
2,0,0,0,2
1,0,0,0,1
1,0,0,0,1
1,0,0,0,1
3,1,0,0,4
1,0,0,0,1
1,0,0,0,1
4,1,0,0,5
2,0,0,0,2
1,0,0,0,1
1,0,0,0,1
1,0,0,0,1
1,0,0,0,1
4,0,0,0,4
1,0,0,0,1
1,0,0,0,1
18,0,0,0,18
2,0,0,0,2
1,0,0,0,1
4,0,0,0,4
4,0,0,0,4
1,0,0,0,1
2,0,0,0,2
1,0,0,0,1
2,0,0,0,2
25,0,0,0,25
1,0,0,0,1
1,0,0,0,1
1,0,0,0,1
1,0,0,0,1
1,0,0,0,1
1,0,0,0,1
1,0,0,0,1
1,0,0,0,1
2,0,0,0,2
1,0,0,0,1
1,0,0,0,1
3,0,0,0,3
1,0,0,0,1
2,0,0,0,2
1,0,0,0,1
6,0,0,0,6
1,0,0,0,1
1,0,0,0,1
1,0,0,0,1
1,0,0,0,1
1,0,0,0,1
1,0,0,0,1
8,0,0,0,8
1,0,0,0,1
4,2,0,0,6
2,0,0,0,2
2,0,0,0,2
1,0,0,0,1
1,0,0,0,1
1,0,0,0,1
2,0,0,0,2
2,0,0,0,2
2,0,1,0,3
5,0,0,0,5
1,0,0,0,1
9,0,1,0,10
1,0,0,0,1
3,0,0,0,3
2,0,0,0,2
11,0,0,0,11
1,0,0,0,1
1,0,0,0,1
1,0,0,0,1
7,14,0,0,21
4,0,0,0,4
1,0,0,0,1
4,0,0,0,4
3,0,0,0,3
1,0,0,0,1
1,0,0,0,1
3,0,0,0,3
1,0,0,0,1
1,0,0,0,1
1,0,0,0,1
6,25,0,0,31
1,0,0,0,1
9,0,0,0,9
8,0,0,0,8
1,0,0,0,1
10,1,0,0,11
1,0,0,0,1
1,0,0,0,1
1,0,0,0,1
2,0,0,0,2
1,0,0,0,1
3,0,0,0,3
1,2,0,0,3
1,0,0,0,1
1,0,0,0,1
1,0,0,0,1
1,0,0,0,1
1,0,0,0,1
31,1,0,0,32
5,0,0,0,5
1,0,0,0,1
2,2,0,0,4
1,0,0,0,1
9,0,0,0,9
7,3,0,0,10
4,0,0,0,4
6,0,0,0,6
16,11,0,0,27
1,0,0,0,1
16,0,0,0,16
4,0,0,0,4
4,0,0,0,4
3,0,0,0,3
1,0,0,0,1
1,0,0,0,1
2,0,0,0,2
6,0,0,0,6
1,0,0,0,1
1,0,0,0,1
1,0,0,0,1
1,0,0,0,1
1,0,0,0,1
13,0,0,0,13
1,0,0,0,1
1,0,0,0,1
1,0,0,0,1
3,0,0,0,3
4,0,0,0,4
3,0,0,0,3
1,0,0,0,1
1,0,0,0,1
1,0,0,0,1
21,0,0,0,21
1,0,0,0,1
1,0,0,0,1
10,0,0,0,10
1,0,0,0,1
1,0,0,0,1
5,0,0,0,5
14,21,0,0,35
6,0,0,0,6
1,0,0,0,1
7,0,0,0,7
2,0,0,0,2
1,0,0,0,1
1,0,0,0,1
11,0,0,0,11
2,0,0,0,2
4,0,0,0,4
2,0,0,0,2
1,0,0,0,1
1,0,0,0,1
3,0,0,0,3
2,0,0,0,2
25,0,0,0,25
2,0,0,0,2
2,0,0,0,2
2,0,0,0,2
1,0,0,0,1
1,0,0,0,1
24,0,0,0,24
1,0,0,0,1
2,0,0,0,2
13,0,0,0,13
10,0,0,0,10
2,0,0,0,2
4,0,0,0,4
2,0,0,0,2
1,0,0,0,1
1,0,0,0,1
1,0,0,0,1
1,0,0,0,1
1,0,0,0,1
1,0,0,0,1
1,0,0,0,1
2,0,0,0,2
7,0,0,0,7
3,0,0,0,3
7,0,0,0,7
1,0,0,0,1
6,96,1,0,103
2,5,0,0,7
6,0,0,0,6
1,0,0,0,1
1,0,0,0,1
3,0,0,0,3
1,0,0,0,1
1,0,0,0,1
26,0,0,0,26
1,0,0,0,1
2,0,0,0,2
4,9,0,0,13
2,0,0,0,2
1,0,0,0,1
1,0,0,0,1
1,0,0,0,1
23,1,1,0,25
1,0,0,0,1
1,0,0,0,1
1,0,0,0,1
1,0,0,0,1
1,0,0,0,1
3,0,0,0,3
2,0,0,0,2
1,0,0,0,1
7,0,0,0,7
1,0,0,0,1
1,0,0,0,1
1,0,0,0,1
1,0,0,0,1
2,0,0,0,2
2,0,0,0,2
1,0,0,0,1
1,0,0,0,1
1,0,0,0,1
1,0,0,0,1
1,0,0,0,1
17,0,0,0,17
1,0,0,0,1
1,0,0,0,1
159,8,17,0,184
1,0,0,0,1
1,0,0,0,1
3,0,0,0,3
1,0,0,0,1
1,0,0,0,1
21,21,0,0,42
1,0,0,0,1
2,0,0,0,2
1,0,0,0,1
12,0,0,0,12
2,0,0,0,2
1,0,0,0,1
1,0,0,0,1
1,0,0,0,1
1,0,0,0,1
17,0,0,0,17
1,0,0,0,1
7,0,0,0,7
1,4,0,0,5
2,2,0,0,4
1,0,0,0,1
2,0,0,0,2
1,0,0,0,1
4,0,0,0,4
1,0,0,0,1
2,0,0,0,2
1,0,0,0,1
1,0,0,0,1
1,0,0,0,1
1,0,0,0,1
7,0,0,0,7
24,0,0,0,24
1,0,0,0,1
1,0,0,0,1
1,0,0,0,1
1,0,0,0,1
1,0,0,0,1
13,0,0,0,13
16,0,0,0,16
2,0,0,0,2
4,0,0,0,4
2,4,0,0,6
3,0,0,0,3
10,0,0,0,10
2,0,0,0,2
1,0,0,0,1
58,2,0,0,60
1,0,0,0,1
30,1,2,0,33
1,0,0,0,1
7,0,0,0,7
13,0,0,0,13
1,0,0,0,1
17,5,3,0,25
1,0,0,0,1
1,0,0,0,1
1,0,0,0,1
1,1,0,0,2
24,3,1,0,28
1,0,0,0,1
2,0,0,0,2
3,0,0,0,3
2,0,0,0,2
3,0,0,0,3
1,0,0,0,1
2,0,0,0,2
1,0,0,0,1
1,0,0,0,1
17,0,0,0,17
1,0,0,0,1
5,0,0,0,5
2,0,0,0,2
1,0,0,0,1
1,16,0,0,17
1,0,0,0,1
1,0,0,0,1
6,0,0,0,6
16,0,0,0,16
1,0,0,0,1
3,0,0,0,3
4,0,0,0,4
1,0,0,0,1
4,0,0,0,4
1,0,0,0,1
1,0,0,0,1
1,0,0,0,1
1,0,0,0,1
1,0,0,0,1
1,0,0,0,1
29,18,2,0,49
5,3,1,0,9
3,0,0,0,3
2,0,0,0,2
1,0,0,0,1
2,0,0,0,2
1,0,0,0,1
7,0,0,0,7
1,0,0,0,1
2,0,0,0,2
2,0,0,0,2
3,1,0,0,4
1,0,0,0,1
6,0,0,0,6
18,0,0,0,18
7,0,0,0,7
1,0,0,0,1
2,0,0,0,2
1,0,0,0,1
1,0,0,0,1
1,1,0,0,2
3,0,0,0,3
1,0,0,0,1
1,0,0,0,1
5,0,0,0,5
1,0,0,0,1
1,0,0,0,1
2,0,0,0,2
1,0,0,0,1
1,0,0,0,1
3,0,0,0,3
1,0,0,0,1
5,1,0,0,6
1,0,0,0,1
1,0,0,0,1
1,0,0,0,1
4,0,0,0,4
1,0,0,0,1
1,0,0,0,1
3,0,0,0,3
1,0,0,0,1
1,0,0,0,1
2,0,0,0,2
1,0,0,0,1
2,0,0,0,2
1,0,0,0,1
14,3,0,0,17
2,0,0,0,2
1,0,0,0,1
1,0,0,0,1
1,0,0,0,1
2,0,0,0,2
2,0,0,0,2
2,0,0,0,2
7,0,0,0,7
1,0,0,0,1
19,0,0,0,19
13,0,0,0,13
1,0,0,0,1
2,3,0,0,5
74,0,0,0,74
1,0,0,0,1
1,0,0,0,1
3,0,0,0,3
1,0,0,0,1
1,0,0,0,1
1,0,0,0,1
3,0,0,0,3
1,0,0,0,1
14,5,1,0,20
2,0,0,0,2
1,0,0,0,1
7,0,0,0,7
2,2,0,0,4
2,0,0,0,2
1,0,0,0,1
1,0,0,0,1
4,0,0,0,4
4,2,0,0,6
2,0,0,0,2
1,0,0,0,1
1,0,0,0,1
2,0,0,0,2
6,1,0,0,7
4,0,0,0,4
1,0,0,0,1
1,0,0,0,1
1,0,0,0,1
2,0,0,0,2
5,0,0,0,5
1,0,0,0,1
1,0,0,0,1
2,0,0,0,2
9,18,4,0,31
5,0,0,0,5
1,0,0,0,1
2,0,1,0,3
1,0,0,0,1
1,0,0,0,1
1,0,0,0,1
1,0,0,0,1
1,0,0,0,1
3,0,0,0,3
1,0,0,0,1
13,0,0,0,13
1,0,0,0,1
1,0,0,0,1
3,0,0,0,3
5,18,2,0,25
3,0,0,0,3
4,0,0,0,4
1,0,0,0,1
1,0,0,0,1
4,0,0,0,4
2,0,0,0,2
3,0,0,0,3
74,0,0,0,74
1,0,0,0,1
1,0,0,0,1
1,0,0,0,1
3,0,0,0,3
1,0,0,0,1
15,0,1,0,16
1,0,0,0,1
1,0,0,0,1
1,0,0,0,1
1,0,0,0,1
1,0,0,0,1
4,0,0,0,4
3,0,0,0,3
2,0,0,0,2
3,0,0,0,3
2,0,0,0,2
2,16,1,0,19
1,0,0,0,1
1,0,0,0,1
1,0,0,0,1
1,0,0,0,1
1,0,0,0,1
1,0,0,0,1
41,0,0,0,41
1,0,0,0,1
1,0,0,0,1
1,0,0,0,1
1,0,0,0,1
1,1,0,0,2
3,0,0,0,3
1,0,0,0,1
2,0,0,0,2
2,0,0,0,2
3,0,0,0,3
1,0,0,0,1
1,0,0,0,1
1,0,0,0,1
3,0,0,0,3
1,0,0,0,1
1,0,0,0,1
1,0,0,0,1
1,0,0,0,1
1,0,0,0,1
1,0,0,0,1
2,0,0,0,2
1,0,0,0,1
3,0,0,0,3
1,0,0,0,1
2,0,0,0,2
2,0,0,0,2
1,0,0,0,1
7,0,0,0,7
1,0,0,0,1
27,1,0,0,28
2,0,0,0,2
1,0,0,0,1
1,0,0,0,1
3,0,0,0,3
1,0,0,0,1
2,0,0,0,2
3,0,0,0,3
1,0,0,0,1
1,0,0,0,1
9,22,4,0,35
11,0,0,0,11
4,0,0,0,4
14,0,0,0,14
4,0,0,0,4
1,0,0,0,1
1,0,0,0,1
1,0,0,0,1
1,0,0,0,1
4,174,0,0,178
7,0,0,0,7
14,0,0,0,14
1,0,0,0,1
1,0,0,0,1
2,0,0,0,2
2,0,0,0,2
2,0,0,0,2
1,0,0,0,1
2,0,0,0,2
1,0,0,0,1
1,3,0,0,4
4,0,0,0,4
1,0,0,0,1
26,279,1,0,306
2,0,0,0,2
39,0,0,0,39
2,0,0,0,2
2,0,0,0,2
1,0,0,0,1
1,0,0,0,1
1,0,0,0,1
1,0,0,0,1
2,0,0,0,2
1,0,0,0,1
6,0,0,0,6
1,0,0,0,1
1,0,0,0,1
1,0,0,0,1
2,0,0,0,2
3,0,0,0,3
5,0,0,0,5
4,0,0,0,4
2,12,0,0,14
1,0,0,0,1
42,1,0,0,43
1,0,0,0,1
8,0,0,0,8
1,0,0,0,1
45,2,2,0,49
1,0,0,0,1
1,0,0,0,1
1,0,0,0,1
1,0,0,0,1
30,7,0,0,37
1,0,0,0,1
1,0,0,0,1
4,0,0,0,4
1,0,0,0,1
1,0,0,0,1
2,0,0,0,2
21,0,0,0,21
1,0,0,0,1
1,0,0,0,1
5,0,0,0,5
1,0,0,0,1
1,0,0,0,1
4,0,1,0,5
1,0,0,0,1
1,0,0,0,1
4,0,0,0,4
14,0,0,0,14
7,0,0,0,7
3,0,0,0,3
1,0,0,0,1
2,0,0,0,2
18,1,0,0,19
1,0,0,0,1
1,0,0,0,1
4,0,0,0,4
1,0,0,0,1
1,0,0,0,1
6,1,1,0,8
7,0,0,0,7
6,0,0,0,6
2,0,0,0,2
18,20,1,0,39
9,0,0,0,9
1,0,0,0,1
2,0,0,0,2
14,0,0,0,14
3,0,0,0,3
2,0,0,0,2
1,0,0,0,1
1,0,0,0,1
1,0,0,0,1
2,0,0,0,2
2,0,0,0,2
1,0,0,0,1
1,0,1,0,2
6,0,0,0,6
51,0,0,0,51
1,0,0,0,1
3,0,0,0,3
1,0,0,0,1
1,0,0,0,1
6,0,0,0,6
1,0,0,0,1
2,0,0,0,2
11,0,0,0,11
1,0,0,0,1
66,2,2,0,70
1,0,0,0,1
1,0,0,0,1
1,0,0,0,1
1,0,0,0,1
1,0,0,0,1
1,0,0,0,1
1,0,0,0,1
1,0,0,0,1
8,1,1,0,10
13,0,0,0,13
4,0,0,0,4
4,0,0,0,4
3,0,0,0,3
2,0,0,0,2
3,0,0,0,3
1,0,0,0,1
1,0,0,0,1
1,1,0,0,2
1,0,0,0,1
4,0,0,0,4
1,0,0,0,1
2,0,0,0,2
3,0,0,0,3
22,3,0,0,25
1,0,0,0,1
1,0,0,0,1
46,1,1,0,48
1,0,0,0,1
1,0,0,0,1
1,6,0,0,7
9,0,0,0,9
1,0,0,0,1
1,0,0,0,1
1,0,0,0,1
2,0,0,0,2
33,0,0,0,33
1,0,0,0,1
1,0,0,0,1
2,0,0,0,2
2,0,0,0,2
3,0,0,0,3
1,0,0,0,1
2,0,0,0,2
5,0,0,0,5
3,11,0,0,14
1,0,0,0,1
1,0,0,0,1
1,0,0,0,1
1,0,0,0,1
50,0,0,0,50
8,0,0,0,8
1,0,0,0,1
3,0,0,0,3
1,0,0,0,1
1,0,0,0,1
1,0,0,0,1
4,0,0,0,4
1,0,0,0,1
4,0,0,0,4
1,0,0,0,1
1,0,0,0,1
1,0,0,0,1
1,0,0,0,1
3,0,0,0,3
1,0,0,0,1
2,0,0,0,2
1,0,0,0,1
1,0,0,0,1
8,0,0,0,8
1,0,0,0,1
8,0,0,0,8
2,0,0,0,2
3,1,0,0,4
1,0,0,0,1
3,0,0,0,3
1,0,0,0,1
1,0,0,0,1
1,0,0,0,1
2,0,0,0,2
11,0,0,0,11
2,0,0,0,2
1,0,0,0,1
3,0,1,0,4
2,1,0,0,3
2,0,0,0,2
1,0,0,0,1
2,0,0,0,2
1,0,0,0,1
1,0,0,0,1
6,0,0,0,6
2,0,0,0,2
1,0,0,0,1
6,2,0,0,8
1,0,0,0,1
3,0,0,0,3
1,0,2,0,3
1,0,0,0,1
1,0,0,0,1
1,0,0,0,1
1,0,0,0,1
2,0,0,0,2
6,1,0,0,7
1,0,1,0,2
1,0,0,0,1
1,0,0,0,1
2,0,0,0,2
1,0,0,0,1
1,0,0,0,1
1,0,0,0,1
2,0,0,0,2
3,0,0,0,3
2,0,0,0,2
23,593,0,0,616
1,0,0,0,1
3,0,0,0,3
1,1,0,0,2
1,0,0,0,1
5,0,0,0,5
3,0,0,0,3
3,0,2,0,5
1,0,0,0,1
3,0,0,0,3
1,0,0,0,1
1,0,0,0,1
1,0,0,0,1
1,0,0,0,1
1,0,0,0,1
18,24,0,0,42
1,0,0,0,1
3,0,0,0,3
6,0,0,0,6
2,0,0,0,2
1,1,0,0,2
2,0,0,0,2
16,30,8,0,54
1,0,0,0,1
8,1,2,0,11
1,0,0,0,1
1,0,0,0,1
1,0,0,0,1
1,0,0,0,1
1,0,0,0,1
1,0,0,0,1
3,1,1,0,5
1,0,0,0,1
4,0,0,0,4
19,0,0,0,19
1,0,0,0,1
1,0,0,0,1
1,0,0,0,1
1,0,0,0,1
2,0,0,0,2
18,11,1,0,30
1,0,0,0,1
1,0,0,0,1
10,0,0,0,10
1,0,0,0,1
11,1,0,0,12
1,0,0,0,1
2,0,0,0,2
1,0,0,0,1
2,0,1,0,3
2,0,0,0,2
1,0,0,0,1
1,0,0,0,1
1,0,0,0,1
2,0,0,0,2
1,0,0,0,1
3,0,0,0,3
4,0,0,0,4
1,0,0,0,1
1,0,0,0,1
1,0,0,0,1
11,0,1,0,12
1,0,0,0,1
1,0,0,0,1
2,1,0,0,3
1,0,0,0,1
1,0,0,0,1
2,0,0,0,2
1,0,0,0,1
1,0,0,0,1
5,54,0,0,59
1,0,0,0,1
2,0,0,0,2
7,8,0,0,15
1,0,0,0,1
2,0,0,0,2
2,0,0,0,2
23,0,0,0,23
1,0,0,0,1
1,0,0,0,1
1,0,0,0,1
6,16,0,0,22
1,0,0,0,1
2,0,0,0,2
1,0,0,0,1
5,0,0,0,5
5,0,0,0,5
1,0,0,0,1
11,0,0,0,11
2,0,0,0,2
1,0,0,0,1
3,0,0,0,3
1,0,0,0,1
15,0,0,0,15
4,0,0,0,4
1,0,0,0,1
1,0,0,0,1
2,0,0,0,2
1,0,0,0,1
1,0,0,0,1
3,0,0,0,3
1,0,0,0,1
46,1,0,0,47
2,2,0,0,4
1,0,0,0,1
1,0,0,0,1
1,0,0,0,1
2,2,0,0,4
1,0,0,0,1
4,0,0,0,4
3,0,0,0,3
1,0,0,0,1
2,0,0,0,2
5,4,0,0,9
2,0,0,0,2
1,0,0,0,1
1,0,0,0,1
1,0,0,0,1
2,0,0,0,2
1,0,0,0,1
3,0,0,0,3
1,0,0,0,1
1,0,0,0,1
4,0,0,0,4
1,0,0,0,1
1,0,0,0,1
22,0,0,0,22
1,0,0,0,1
1,0,0,0,1
13,0,0,0,13
2,0,0,0,2
1,0,0,0,1
1,0,0,0,1
1,0,0,0,1
3,0,0,0,3
3,0,0,0,3
6,1,0,0,7
2,0,0,0,2
1,0,0,0,1
4,0,0,0,4
1,0,0,0,1
1,0,0,0,1
1,0,0,0,1
1,0,0,0,1
22,0,0,0,22
1,3,0,0,4
8,0,0,0,8
1,0,0,0,1
1,0,0,0,1
93,1,0,0,94
1,0,0,0,1
1,0,0,0,1
7,13,2,0,22
16,0,0,0,16
2,0,0,0,2
1,1,0,0,2
1,0,0,0,1
4,7,0,0,11
1,0,0,0,1
87,0,0,0,87
1,0,0,0,1
1,0,0,0,1
6,0,0,0,6
3,0,0,0,3
1,0,0,0,1
4,0,0,0,4
1,0,0,0,1
3,48,0,0,51
1,1,0,0,2
1,0,0,0,1
1,0,0,0,1
9,1,2,0,12
2,0,0,0,2
3,0,0,0,3
2,0,0,0,2
1,0,0,0,1
1,0,0,0,1
1,594,0,0,595
1,0,0,0,1
1,0,0,0,1
1,0,0,0,1
2,0,0,0,2
1,0,0,0,1
1,0,0,0,1
1,0,0,0,1
2,4,0,0,6
34,0,2,0,36
1,0,0,0,1
1,0,0,0,1
1,0,0,0,1
1,0,0,0,1
1,0,0,0,1
3,0,0,0,3
2,0,0,0,2
10,0,0,0,10
1,0,0,0,1
1,0,0,0,1
11,1,1,0,13
1,0,0,0,1
3,0,0,0,3
2,1,0,0,3
4,3,0,0,7
1,0,0,0,1
13,0,0,0,13
2,0,0,0,2
7,1,0,0,8
2,0,0,0,2
4,0,0,0,4
1,0,0,0,1
1,0,0,0,1
1,0,0,0,1
2,0,0,0,2
2,0,0,0,2
31,0,3,0,34
1,0,0,0,1
1,0,0,0,1
1,0,0,0,1
1,0,0,0,1
8,0,1,0,9
5,0,0,0,5
3,0,0,0,3
3,0,0,0,3
1,0,0,0,1
2,0,0,0,2
1,0,0,0,1
1,0,0,0,1
1,0,0,0,1
1,0,0,0,1
1,0,0,0,1
1,0,0,0,1
1,0,0,0,1
13,5,1,0,19
2,0,0,0,2
1,0,0,0,1
2,0,0,0,2
1,0,0,0,1
4,0,0,0,4
1,0,0,0,1
1,0,0,0,1
2,0,0,0,2
4,0,0,0,4
20,0,0,0,20
3,0,0,0,3
1,0,0,0,1
4,0,0,0,4
3,0,0,0,3
1,0,0,0,1
1,0,0,0,1
6,12,2,0,20
2,4,1,0,7
1,0,0,0,1
14,0,0,0,14
1,0,0,0,1
4,0,0,0,4
1,0,0,0,1
51,1,0,0,52
3,0,0,0,3
2,0,0,0,2
1,0,0,0,1
41,0,0,0,41
1,0,0,0,1
1,0,0,0,1
1,0,0,0,1
1,0,0,0,1
1,0,0,0,1
1,0,0,0,1
1,0,0,0,1
1,0,0,0,1
1,0,0,0,1
5,0,0,0,5
59,1,0,0,60
1,0,0,0,1
1,0,0,0,1
2,0,0,0,2
1,0,0,0,1
3,0,0,0,3
6,0,0,0,6
1,0,0,0,1
1,0,0,0,1
1,0,0,0,1
1,0,0,0,1
1,0,0,0,1
3,0,0,0,3
1,0,0,0,1
18,21,1,0,40
3,0,0,0,3
1,0,0,0,1
3,0,0,0,3
1,0,0,0,1
1,0,0,0,1
43,0,0,0,43
2,0,0,0,2
2,0,0,0,2
1,0,0,0,1
6,0,0,0,6
1,0,0,0,1
2,0,0,0,2
22,0,0,0,22
2,0,0,0,2
1,0,0,0,1
1,0,0,0,1
2,0,0,0,2
1,0,0,0,1
1,0,0,0,1
2,0,0,0,2
2,0,0,0,2
4,0,0,0,4
4,0,0,0,4
57,1,0,0,58
1,0,0,0,1
1,0,0,0,1
1,0,0,0,1
1,0,0,0,1
1,0,0,0,1
3,4,0,0,7
5,2,0,0,7
1,0,0,0,1
1,0,0,0,1
3,0,0,0,3
1,0,0,0,1
6,1,0,0,7
1,0,0,0,1
79,7,2,0,88
1,0,0,0,1
2,0,0,0,2
1,0,0,0,1
13,0,0,0,13
2,0,0,0,2
2,0,0,0,2
1,0,0,0,1
1,0,0,0,1
1,0,0,0,1
1,0,0,0,1
1,0,0,0,1
1,0,0,0,1
34,1,0,0,35
3,0,0,0,3
1,0,0,0,1
1,0,0,0,1
1,0,0,0,1
1,0,0,0,1
1,0,0,0,1
1,0,0,0,1
1,0,0,0,1
1,6,0,0,7
4,0,0,0,4
1,0,0,0,1
3,5,0,0,8
3,0,0,0,3
1,0,0,0,1
1,2,0,0,3
2,0,0,0,2
6,1,0,0,7
1,0,0,0,1
4,0,0,0,4
1,0,0,0,1
12,0,0,0,12
1,0,0,0,1
1,0,0,0,1
9,13,0,0,22
1,0,0,0,1
1,0,0,0,1
2,0,0,0,2
1,0,0,0,1
1,0,0,0,1
2,0,0,0,2
1,0,0,0,1
5,0,0,0,5
2,0,0,0,2
6,0,0,0,6
1,0,0,0,1
1,0,0,0,1
1,0,0,0,1
2,0,0,0,2
126,0,0,0,126
1,0,0,0,1
1,0,0,0,1
1,0,0,0,1
1,0,0,0,1
1,0,0,0,1
2,0,0,0,2
1,0,0,0,1
1,0,0,0,1
11,0,0,0,11
1,0,0,0,1
2,0,0,0,2
1,0,0,0,1
1,0,0,0,1
1,0,0,0,1
1,0,0,0,1
2,0,0,0,2
4,0,0,0,4
1,0,0,0,1
4,0,0,0,4
2,0,0,0,2
1,0,0,0,1
2,0,0,0,2
2,0,0,0,2
5,0,0,0,5
1,0,0,0,1
2,0,0,0,2
1,0,0,0,1
3,0,0,0,3
1,0,0,0,1
1,0,0,0,1
4,0,0,0,4
2,0,0,0,2
1,0,0,0,1
30,1,2,0,33
2,0,0,0,2
1,0,0,0,1
2,0,0,0,2
2,0,0,0,2
2,0,0,0,2
1,0,0,0,1
1,0,0,0,1
1,0,0,0,1
1,0,0,0,1
5,0,0,0,5
1,0,0,0,1
2,0,0,0,2
4,0,0,0,4
1,0,0,0,1
2,1,0,0,3
1,0,0,0,1
60,2,0,0,62
1,0,0,0,1
2,0,0,0,2
18,0,0,0,18
1,0,0,0,1
1,0,0,0,1
7,0,0,0,7
13,0,0,0,13
1,0,0,0,1
4,0,0,0,4
1,0,0,0,1
1,0,0,0,1
2,0,0,0,2
1,0,0,0,1
1,0,0,0,1
1,0,0,0,1
2,302,0,0,304
1,0,0,0,1
1,0,0,0,1
1,0,0,0,1
1,0,0,0,1
1,0,0,0,1
3,0,0,0,3
1,0,0,0,1
1,0,0,0,1
10,0,0,0,10
1,0,0,0,1
3,0,0,0,3
3,0,0,0,3
3,0,0,0,3
37,18,2,0,57
1,0,0,0,1
1,0,0,0,1
13,2,0,0,15
1,0,0,0,1
3,0,0,0,3
2,0,0,0,2
11,0,0,0,11
3,0,0,0,3
1,0,0,0,1
4,0,0,0,4
1,0,0,0,1
1,0,0,0,1
1,0,0,0,1
13,2,0,0,15
1,0,0,0,1
1,0,0,0,1
1,0,0,0,1
4,0,0,0,4
1,0,0,0,1
6,0,0,0,6
1,0,0,0,1
7,2,2,0,11
1,0,0,0,1
2,0,0,0,2
2,0,0,0,2
2,0,0,0,2
2,0,0,0,2
1,2,0,0,3
2,0,0,0,2
2,0,0,0,2
1,0,0,0,1
1,0,0,0,1
2,0,0,0,2
2,0,0,0,2
1,0,0,0,1
7,0,0,0,7
1,0,0,0,1
8,5,1,0,14
1,0,0,0,1
2,22,0,0,24
8,1,0,0,9
3,0,0,0,3
1,0,0,0,1
26,1,1,0,28
2,0,0,0,2
1,0,0,0,1
3,0,0,0,3
6,0,0,0,6
1,0,0,0,1
1,0,0,0,1
1,0,0,0,1
1,0,0,0,1
1,0,0,0,1
1,0,0,0,1
1,0,0,0,1
1,0,0,0,1
2,0,0,0,2
2,0,0,0,2
1,0,0,0,1
1,0,0,0,1
1,7,0,0,8
1,0,0,0,1
14,11,1,0,26
1,0,0,0,1
5,2,0,0,7
1,0,0,0,1
1,0,0,0,1
1,0,0,0,1
10,0,0,0,10
2,0,0,0,2
2,0,0,0,2
3,0,0,0,3
1,0,0,0,1
3,0,0,0,3
2,0,0,0,2
2,0,0,0,2
1,0,0,0,1
4,5,0,0,9
1,0,0,0,1
2,0,0,0,2
10,0,0,0,10
1,0,0,0,1
1,0,0,0,1
45,1,2,0,48
1,0,0,0,1
1,0,0,0,1
2,0,0,0,2
3,0,0,0,3
30,0,0,0,30
2,0,0,0,2
1,0,0,0,1
1,0,0,0,1
21,0,0,0,21
1,0,0,0,1
2,0,0,0,2
1,0,0,0,1
16,12,1,0,29
3,0,0,0,3
1,0,0,0,1
1,0,0,0,1
15,4,1,0,20
1,0,0,0,1
10,1,1,0,12
1,0,0,0,1
2,0,0,0,2
1,0,0,0,1
1,0,0,0,1
2,0,0,0,2
1,0,0,0,1
3,0,0,0,3
1,0,0,0,1
1,0,0,0,1
1,0,0,0,1
11,0,0,0,11
1,0,0,0,1
1,0,0,0,1
13,2,0,0,15
1,0,0,0,1
1,3,0,0,4
1,0,0,0,1
1,0,0,0,1
5,0,0,0,5
2,0,0,0,2
1,0,0,0,1
4,0,0,0,4
3,0,0,0,3
1,0,0,0,1
2,0,0,0,2
1,0,0,0,1
1,0,0,0,1
6,0,0,0,6
4,0,0,0,4
1,0,0,0,1
1,0,0,0,1
1,0,0,0,1
1,0,0,0,1
2,0,0,0,2
1,0,0,0,1
2,0,0,0,2
1,0,0,0,1
1,0,0,0,1
1,0,0,0,1
6,0,0,0,6
1,0,0,0,1
4,0,0,0,4
1,0,0,0,1
6,0,0,0,6
1,0,0,0,1
4,13,0,0,17
30,0,0,0,30
13,65,2,0,80
1,0,0,0,1
4,4,0,0,8
2,13,0,0,15
2,0,0,0,2
1,0,0,0,1
1,0,0,0,1
1,0,0,0,1
1,0,0,0,1
5,0,0,0,5
4,0,0,0,4
1,0,0,0,1
7,0,0,0,7
4,1,0,0,5
1,0,0,0,1
3,0,0,0,3
1,0,0,0,1
1,0,0,0,1
9,2,0,0,11
1,0,0,0,1
1,2,0,0,3
4,0,0,0,4
1,0,0,0,1
1,0,0,0,1
3,0,0,0,3
3,0,0,0,3
1,0,0,0,1
2,0,0,0,2
1,0,0,0,1
2,0,0,0,2
2,0,0,0,2
24,3,0,0,27
1,0,0,0,1
10,0,0,0,10
1,0,0,0,1
1,0,0,0,1
3,0,0,0,3
3,1,0,0,4
1,0,0,0,1
1,0,0,0,1
4,0,0,0,4
1,0,0,0,1
1,0,0,0,1
4,0,0,0,4
2,0,0,0,2
1,0,0,0,1
1,0,0,0,1
3,0,0,0,3
1,0,0,0,1
3,1,6,0,10
1,0,0,0,1
15,0,0,0,15
90,3,2,0,95
1,0,0,0,1
4,0,0,0,4
1,0,0,0,1
2,1,0,0,3
1,0,0,0,1
17,0,0,0,17
5,0,0,0,5
1,0,0,0,1
1,0,0,0,1
1,0,0,0,1
4,0,0,0,4
13,0,0,0,13
1,0,0,0,1
8,0,0,0,8
1,0,0,0,1
1,0,0,0,1
1,0,0,0,1
1,0,0,0,1
1,0,0,0,1
11,0,0,0,11
2,0,0,0,2
1,0,0,0,1
2,0,0,0,2
1,0,0,0,1
7,5,0,0,12
1,0,0,0,1
8,0,0,0,8
4,0,0,0,4
1,0,0,0,1
1,0,0,0,1
27,0,0,0,27
1,0,0,0,1
3,0,0,0,3
2,0,0,0,2
1,0,0,0,1
1,0,0,0,1
1,0,0,0,1
1,0,0,0,1
12,7,1,0,20
22,0,0,0,22
1,0,0,0,1
1,0,0,0,1
3,0,0,0,3
1,0,0,0,1
5,0,0,0,5
2,0,0,0,2
1,0,0,0,1
4,0,0,0,4
5,0,0,0,5
4,0,0,0,4
1,0,0,0,1
1,0,0,0,1
1,0,0,0,1
3,0,0,0,3
9,0,0,0,9
1,0,0,0,1
1,0,0,0,1
1,0,0,0,1
1,0,0,0,1
1,0,0,0,1
2,0,0,0,2
1,0,0,0,1
1,0,0,0,1
2,0,0,0,2
1,0,0,0,1
4,0,0,0,4
1,0,0,0,1
4,0,0,0,4
1,0,0,0,1
6,0,0,0,6
1,0,0,0,1
1,0,0,0,1
1,0,0,0,1
1,0,0,0,1
2,0,0,0,2
23,0,0,0,23
1,0,0,0,1
11,0,0,0,11
1,0,0,0,1
5,0,0,0,5
2,0,0,0,2
4,0,0,0,4
1,0,0,0,1
3,0,0,0,3
1,0,0,0,1
1,0,0,0,1
1,0,0,0,1
1,0,0,0,1
3,0,0,0,3
13,0,0,0,13
1,0,0,0,1
1,0,0,0,1
20,0,0,0,20
2,5,0,0,7
1,0,0,0,1
1,0,0,0,1
1,0,0,0,1
3,0,0,0,3
10,1,0,0,11
1,0,0,0,1
22,5,0,0,27
2,0,0,0,2
5,0,0,0,5
1,0,0,0,1
2,0,0,0,2
1,0,0,0,1
1,0,0,0,1
1,0,0,0,1
1,0,0,0,1
1,0,0,0,1
2,0,0,0,2
4,0,0,0,4
1,0,1,0,2
1,0,0,0,1
1,0,0,0,1
1,0,0,0,1
1,0,0,0,1
1,0,0,0,1
1,0,0,0,1
1,0,0,0,1
1,0,0,0,1
13,3,0,0,16
2,0,0,0,2
1,4,0,0,5
4,4,0,0,8
2,0,0,0,2
35,0,0,0,35
1,0,0,0,1
2,0,0,0,2
2,0,0,0,2
2,0,0,0,2
2,0,0,0,2
7,0,0,0,7
1,0,0,0,1
2,0,0,0,2
2,0,0,0,2
2,0,0,0,2
1,0,0,0,1
1,0,0,0,1
1,0,0,0,1
1,0,0,0,1
1,0,0,0,1
20,2,1,0,23
4,0,0,0,4
1,0,0,0,1
4,0,0,0,4
1,0,0,0,1
8,0,0,0,8
14,0,3,0,17
1,0,0,0,1
2,0,0,0,2
3,0,0,0,3
1,0,0,0,1
1,0,0,0,1
2,0,0,0,2
1,0,0,0,1
1,0,0,0,1
1,0,0,0,1
1,0,0,0,1
1,0,0,0,1
1,0,0,0,1
2,0,0,0,2
8,0,0,0,8
1,0,0,0,1
29,0,0,0,29
1,0,0,0,1
2,0,0,0,2
5,0,0,0,5
1,0,0,0,1
2,0,0,0,2
3,0,0,0,3
1,0,0,0,1
3,0,0,0,3
4,0,0,0,4
7,0,0,0,7
2,11,0,0,13
2,0,0,0,2
1,0,0,0,1
1,0,0,0,1
1,0,0,0,1
4,6,0,0,10
2,0,0,0,2
1,0,0,0,1
1,0,0,0,1
1,0,0,0,1
1,0,0,0,1
1,0,0,0,1
1,0,0,0,1
2,0,0,0,2
1,0,0,0,1
1,0,0,0,1
1,0,0,0,1
1,0,0,0,1
1,0,0,0,1
1,0,0,0,1
1,0,0,0,1
4,0,0,0,4
1,0,0,0,1
1,0,0,0,1
3,13,0,0,16
1,0,0,0,1
16,4,0,0,20
1,0,0,0,1
1,0,0,0,1
1,0,0,0,1
4,0,0,0,4
2,0,0,0,2
5,0,0,0,5
2,0,0,0,2
4,1,0,0,5
1,0,0,0,1
1,0,0,0,1
3,8,0,0,11
1,0,0,0,1
1,0,0,0,1
1,0,0,0,1
1,0,0,0,1
1,0,0,0,1
1,0,0,0,1
18,2,0,0,20
1,0,0,0,1
1,0,0,0,1
7,0,0,0,7
1,0,0,0,1
1,0,0,0,1
1,0,0,0,1
2,0,0,0,2
2,0,0,0,2
1,0,0,0,1
1,0,0,0,1
1,0,0,0,1
1,0,0,0,1
1,0,0,0,1
2,0,0,0,2
5,0,0,0,5
3,0,0,0,3
1,0,0,0,1
1,0,0,0,1
1,0,0,0,1
1,0,0,0,1
4,0,0,0,4
6,0,0,0,6
1,0,0,0,1
1,0,0,0,1
7,19,1,0,27
10,2,0,0,12
5,0,0,0,5
1,0,0,0,1
15,10,1,0,26
4,2,0,0,6
1,0,0,0,1
1,0,0,0,1
20,0,0,0,20
1,0,0,0,1
1,0,0,0,1
2,0,0,0,2
4,0,0,0,4
1,0,0,0,1
2,9,1,0,12
25,0,0,0,25
1,0,0,0,1
4,0,0,0,4
1,0,0,0,1
4,0,0,0,4
1,0,0,0,1
3,0,0,0,3
1,1,0,0,2
1,0,0,0,1
29,1,0,0,30
3,0,0,0,3
1,0,0,0,1
2,0,0,0,2
11,0,0,0,11
1,0,0,0,1
1,0,0,0,1
1,0,0,0,1
1,0,0,0,1
6,0,1,0,7
1,0,0,0,1
1,0,0,0,1
2,0,0,0,2
5,0,0,0,5
6,0,0,0,6
1,0,0,0,1
1,0,0,0,1
10,0,0,0,10
1,0,0,0,1
8,1,0,0,9
8,0,0,0,8
8,0,0,0,8
1,0,0,0,1
1,0,0,0,1
1,0,0,0,1
1,0,0,0,1
2,0,0,0,2
1,0,0,0,1
1,0,0,0,1
1,0,0,0,1
1,0,0,0,1
3,1,0,0,4
1,0,0,0,1
3,0,0,0,3
4,3,0,0,7
1,0,0,0,1
1,0,0,0,1
5,0,0,0,5
1,0,0,0,1
20,0,0,0,20
2,0,0,0,2
1,0,0,0,1
4,0,0,0,4
1,0,0,0,1
7,1,0,0,8
2,0,0,0,2
2,0,0,0,2
1,0,0,0,1
2,0,0,0,2
2,0,0,0,2
3,0,0,0,3
1,0,0,0,1
3,0,0,0,3
13,2,0,0,15
1,0,0,0,1
1,0,0,0,1
29,0,0,0,29
1,0,0,0,1
7,0,0,0,7
1,0,0,0,1
2,0,0,0,2
1,0,0,0,1
1,2,0,0,3
2,0,0,0,2
11,1,0,0,12
1,0,0,0,1
17,0,0,0,17
6,0,0,0,6
1,0,0,0,1
92,2,1,0,95
1,0,0,0,1
2,0,0,0,2
1,0,0,0,1
1,0,0,0,1
2,0,0,0,2
1,0,0,0,1
10,0,0,0,10
2,0,0,0,2
2,0,0,0,2
1,0,0,0,1
13,0,0,0,13
2,0,0,0,2
2,0,0,0,2
1,0,0,0,1
1,0,0,0,1
1,0,0,0,1
21,0,0,0,21
22,0,0,0,22
2,0,0,0,2
2,0,0,0,2
1,0,0,0,1
1,0,0,0,1
1,0,0,0,1
1,0,0,0,1
4,0,0,0,4
1,0,0,0,1
1,0,0,0,1
3,0,0,0,3
1,0,0,0,1
1,0,0,0,1
45,1,0,0,46
1,0,0,0,1
2,0,0,0,2
1,0,0,0,1
1,0,0,0,1
1,0,0,0,1
1,0,0,0,1
11,24,0,0,35
1,0,0,0,1
1,0,0,0,1
3,0,0,0,3
1,0,0,0,1
1,0,0,0,1
1,0,0,0,1
9,0,0,0,9
6,0,0,0,6
4,0,0,0,4
1,0,0,0,1
1,0,0,0,1
2,1,0,0,3
1,0,0,0,1
1,0,0,0,1
14,0,0,0,14
1,0,0,0,1
3,0,0,0,3
1,0,0,0,1
1,0,0,0,1
2,0,0,0,2
9,0,0,0,9
3,0,0,0,3
6,0,0,0,6
1,0,0,0,1
1,1,0,0,2
1,6,1,0,8
1,0,0,0,1
1,0,0,0,1
58,0,0,0,58
1,0,0,0,1
1,0,0,0,1
1,0,0,0,1
1,0,0,0,1
1,0,0,0,1
1,0,0,0,1
1,0,0,0,1
2,0,0,0,2
2,0,0,0,2
1,0,0,0,1
17,11,0,0,28
1,0,0,0,1
1,0,0,0,1
1,0,0,0,1
1,0,0,0,1
1,0,0,0,1
1,0,0,0,1
1,0,0,0,1
13,1,0,0,14
5,0,0,0,5
1,0,0,0,1
4,108,0,0,112
1,0,0,0,1
1,0,0,0,1
4,0,0,0,4
3,0,0,0,3
1,0,0,0,1
1,0,0,0,1
4,0,0,0,4
2,0,0,0,2
1,0,0,0,1
1,0,0,0,1
6,6,0,0,12
1,0,0,0,1
4,0,0,0,4
1,0,0,0,1
10,0,0,0,10
3,0,0,0,3
1,0,0,0,1
1,0,0,0,1
1,0,0,0,1
1,0,0,0,1
2,0,0,0,2
1,0,0,0,1
2,0,0,0,2
1,0,0,0,1
1,0,0,0,1
4,4,1,0,9
1,0,0,0,1
5,0,0,0,5
1,0,0,0,1
1,0,0,0,1
1,0,0,0,1
25,2,0,0,27
2,0,0,0,2
1,0,0,0,1
4,0,0,0,4
1,0,0,0,1
2,0,0,0,2
1,0,0,0,1
5,0,0,0,5
1,0,0,0,1
4,0,0,0,4
2,0,0,0,2
5,0,0,0,5
1,0,0,0,1
1,0,0,0,1
1,0,0,0,1
1,0,0,0,1
3,0,0,0,3
5,0,0,0,5
1,0,0,0,1
2,0,0,0,2
4,0,0,0,4
1,0,0,0,1
7,4,3,0,14
23,0,0,0,23
4,0,0,0,4
2,0,0,0,2
19,0,0,0,19
1,0,0,0,1
1,0,0,0,1
5,0,0,0,5
1,0,0,0,1
3,0,0,0,3
30,0,0,0,30
1,0,0,0,1
2,0,0,0,2
20,10,0,0,30
1,0,0,0,1
1,0,0,0,1
1,0,0,0,1
1,0,0,0,1
1,0,0,0,1
2,0,0,0,2
1,0,0,0,1
1,0,0,0,1
1,0,0,0,1
1,0,0,0,1
2,0,0,0,2
1,0,0,0,1
1,0,0,0,1
5,1,1,0,7
14,39,4,0,57
1,0,0,0,1
1,0,0,0,1
1,0,0,0,1
1,0,0,0,1
1,0,0,0,1
1,0,0,0,1
1,0,0,0,1
2,0,0,0,2
1,0,0,0,1
2,3,0,0,5
20,5,0,0,25
1,0,0,0,1
1,0,0,0,1
2,0,0,0,2
10,0,0,0,10
6,0,0,0,6
26,0,0,0,26
1,0,0,0,1
1,0,0,0,1
4,0,0,0,4
1,0,0,0,1
20,0,0,0,20
1,0,0,0,1
65,226,11,0,302
11,0,0,0,11
3,0,0,0,3
15,3,0,0,18
1,0,0,0,1
1,0,0,0,1
1,0,0,0,1
1,0,0,0,1
1,0,0,0,1
1,0,0,0,1
1,0,0,0,1
1,0,0,0,1
11,0,0,0,11
1,0,0,0,1
2,0,0,0,2
3,1,0,0,4
7,0,0,0,7
1,0,0,0,1
15,0,2,0,17
1,0,0,0,1
1,0,0,0,1
2,0,0,0,2
2,0,0,0,2
1,0,0,0,1
1,0,0,0,1
18,0,0,0,18
3,0,0,0,3
5,0,0,0,5
2,0,0,0,2
1,0,0,0,1
2,0,0,0,2
33,1,0,0,34
3,0,0,0,3
2,0,0,0,2
15,0,0,0,15
1,0,0,0,1
1,0,0,0,1
2,0,0,0,2
12,2,0,0,14
1,0,0,0,1
1,0,0,0,1
12,0,0,0,12
2,0,0,0,2
2,0,0,0,2
1,0,0,0,1
5,0,0,0,5
2,0,0,0,2
1,0,0,0,1
1,0,0,0,1
5,0,0,0,5
13,4,0,0,17
1,0,0,0,1
4,0,0,0,4
17,1,0,0,18
13,0,0,0,13
2,0,0,0,2
1,0,0,0,1
3,0,0,0,3
1,0,0,0,1
10,0,2,0,12
2,0,0,0,2
1,0,0,0,1
8,0,0,0,8
1,0,0,0,1
3,0,0,0,3
1,0,0,0,1
1,0,0,0,1
1,0,0,0,1
1,0,0,0,1
1,0,0,0,1
2,0,0,0,2
1,0,0,0,1
4,0,0,0,4
32,22,6,0,60
1,0,0,0,1
1,0,0,0,1
15,2,0,0,17
2,0,0,0,2
2,0,0,0,2
1,0,0,0,1
5,0,0,0,5
1,0,0,0,1
3,0,0,0,3
1,0,0,0,1
24,1,1,0,26
1,0,0,0,1
3,0,0,0,3
1,0,0,0,1
1,0,0,0,1
25,25,0,0,50
1,0,0,0,1
1,0,0,0,1
3,0,0,0,3
12,0,0,0,12
7,0,0,0,7
1,0,0,0,1
4,0,0,0,4
1,0,0,0,1
3,0,0,0,3
47,3,1,0,51
2,0,0,0,2
3,0,0,0,3
1,0,0,0,1
1,0,0,0,1
1,0,0,0,1
1,0,0,0,1
1,0,0,0,1
28,7,0,0,35
1,0,0,0,1
1,0,0,0,1
9,0,0,0,9
3,0,0,0,3
2,0,0,0,2
1,0,0,0,1
3,172,0,0,175
42,1,0,0,43
1,0,0,0,1
1,0,0,0,1
1,0,0,0,1
1,0,0,0,1
12,0,0,0,12
37,2,0,0,39
3,0,0,0,3
2,2,0,0,4
1,2,0,0,3
2,0,0,0,2
4,0,0,0,4
11,25,0,0,36
3,0,0,0,3
9,0,0,0,9
8,0,1,0,9
24,0,1,0,25
10,0,0,0,10
13,0,0,0,13
3,0,0,0,3
1,0,0,0,1
1,0,0,0,1
1,0,0,0,1
1,0,0,0,1
2,0,0,0,2
2,0,0,0,2
1,0,0,0,1
3,0,0,0,3
2,0,0,0,2
2,0,1,0,3
6,0,0,0,6
2,0,0,0,2
2,0,0,0,2
1,0,0,0,1
60,0,0,0,60
1,0,0,0,1
10,0,0,0,10
1,0,0,0,1
1,0,0,0,1
16,3,1,0,20
2,0,0,0,2
1,0,0,0,1
3,0,0,0,3
1,0,0,0,1
1,0,0,0,1
1,0,0,0,1
1,0,0,0,1
1,2,0,0,3
3,1,0,0,4
4,0,0,0,4
1,0,0,0,1
1,0,0,0,1
1,0,0,0,1
1,0,0,0,1
1,0,0,0,1
77,0,0,0,77
1,0,0,0,1
2,0,0,0,2
1,0,0,0,1
2,0,0,0,2
3,0,0,0,3
3,3,1,0,7
1,0,0,0,1
1,0,0,0,1
7,0,0,0,7
1,0,0,0,1
30,45,0,0,75
1,0,0,0,1
10,7,0,0,17
1,0,0,0,1
1,0,0,0,1
1,0,0,0,1
12,0,0,0,12
12,0,0,0,12
2,0,0,0,2
2,0,0,0,2
1,0,0,0,1
3,0,0,0,3
2,23,0,0,25
11,6,1,0,18
5,0,0,0,5
1,0,0,0,1
9,0,0,0,9
1,0,0,0,1
2,152,2,0,156
1,0,0,0,1
4,0,0,0,4
4,0,0,0,4
1,0,0,0,1
3,0,0,0,3
1,0,0,0,1
6,0,0,0,6
3,0,0,0,3
10,0,0,0,10
2,0,0,0,2
5,0,0,0,5
1,0,0,0,1
1,0,0,0,1
1,0,0,0,1
1,0,0,0,1
20,12,0,0,32
2,0,0,0,2
5,0,0,0,5
1,0,0,0,1
3,0,0,0,3
8,0,0,0,8
2,0,0,0,2
4,0,0,0,4
1,0,0,0,1
3,0,0,0,3
6,0,0,0,6
14,0,0,0,14
3,0,0,0,3
1,0,0,0,1
1,0,0,0,1
1,0,0,0,1
3,7,0,0,10
1,0,0,0,1
4,0,0,0,4
4,1,1,0,6
38,141,11,0,190
1,0,0,0,1
1,0,0,0,1
2,1,1,0,4
1,0,0,0,1
1,0,0,0,1
1,0,0,0,1
1,0,0,0,1
1,0,0,0,1
2,0,0,0,2
1,0,0,0,1
1,0,0,0,1
1,0,0,0,1
1,0,0,0,1
1,5,0,0,6
4,0,0,0,4
1,0,0,0,1
8,24,1,0,33
1,0,0,0,1
3,0,0,0,3
1,0,0,0,1
2,1,0,0,3
1,0,0,0,1
1,0,0,0,1
11,0,0,0,11
3,0,0,0,3
2,0,0,0,2
1,0,0,0,1
1,0,0,0,1
3,0,0,0,3
1,0,0,0,1
1,0,0,0,1
1,0,0,0,1
1,0,0,0,1
1,0,0,0,1
1,0,0,0,1
2,0,0,0,2
1,0,0,0,1
1,0,0,0,1
2,0,0,0,2
23,0,0,0,23
2,0,0,0,2
5,0,0,0,5
28,0,0,0,28
3,0,0,0,3
1,0,0,0,1
2,0,0,0,2
1,0,0,0,1
16,1,0,0,17
2,0,0,0,2
1,0,0,0,1
1,0,0,0,1
4,0,0,0,4
8,1,0,0,9
1,0,0,0,1
4,0,0,0,4
1,0,0,0,1
1,1,0,0,2
3,0,0,0,3
1,0,0,0,1
1,0,0,0,1
2,0,0,0,2
3,2,0,0,5
2,3,1,0,6
2,0,0,0,2
1,0,0,0,1
4,0,0,0,4
2,0,0,0,2
13,3,0,0,16
3,0,0,0,3
1,0,0,0,1
1,0,0,0,1
2,0,0,0,2
2,0,0,0,2
1,0,0,0,1
1,0,0,0,1
1,0,0,0,1
9,0,0,0,9
1,0,0,0,1
7,30,0,0,37
7,0,0,0,7
1,0,0,0,1
7,0,0,0,7
6,0,0,0,6
1,0,0,0,1
3,0,0,0,3
1,0,0,0,1
1,0,0,0,1
1,0,0,0,1
2,0,0,0,2
2,2,0,0,4
2,0,0,0,2
3,0,0,0,3
5,0,0,0,5
2,0,0,0,2
1,0,0,0,1
2,0,0,0,2
2,0,0,0,2
1,0,0,0,1
15,0,0,0,15
1,0,0,0,1
4,0,0,0,4
2,0,0,0,2
4,0,0,0,4
1,0,0,0,1
2,0,0,0,2
9,10,0,0,19
1,0,0,0,1
1,0,0,0,1
1,0,0,0,1
6,0,0,0,6
1,0,0,0,1
5,0,0,0,5
5,0,0,0,5
2,0,0,0,2
7,0,0,0,7
1,0,0,0,1
1,0,0,0,1
7,10,0,0,17
8,0,0,0,8
8,0,0,0,8
1,0,0,0,1
1,0,0,0,1
3,0,0,0,3
3,0,0,0,3
1,0,0,0,1
1,0,0,0,1
1,0,0,0,1
7,4,0,0,11
1,0,0,0,1
1,0,0,0,1
2,0,0,0,2
8,49,0,0,57
4,0,0,0,4
2,0,0,0,2
2,0,0,0,2
1,0,0,0,1
18,7,0,0,25
2,0,0,0,2
1,0,0,0,1
1,0,0,0,1
1,0,0,0,1
1,0,0,0,1
2,0,0,0,2
12,0,0,0,12
1,0,0,0,1
76,1,0,0,77
1,0,0,0,1
11,0,0,0,11
1,0,0,0,1
29,1,0,0,30
1,0,0,0,1
27,22,1,0,50
8,0,0,0,8
2,0,0,0,2
1,0,0,0,1
4,0,0,0,4
13,0,0,0,13
1,0,0,0,1
3,0,0,0,3
1,0,0,0,1
1,0,0,0,1
3,0,0,0,3
1,0,0,0,1
1,0,0,0,1
1,0,0,0,1
1,0,0,0,1
1,1,0,0,2
1,0,0,0,1
34,0,0,0,34
1,0,0,0,1
3,0,0,0,3
1,0,0,0,1
1,0,0,0,1
1,0,0,0,1
15,2,0,0,17
2,0,0,0,2
1,0,0,0,1
4,0,0,0,4
4,0,0,0,4
2,0,0,0,2
1,0,0,0,1
1,0,0,0,1
6,29,0,0,35
1,0,0,0,1
1,0,0,0,1
3,0,0,0,3
1,0,0,0,1
1,0,0,0,1
2,3,0,0,5
6,0,0,0,6
1,0,0,0,1
1,0,0,0,1
1,0,0,0,1
12,6,5,0,23
8,0,0,0,8
1,0,0,0,1
3,0,0,0,3
29,1,0,0,30
4,0,0,0,4
1,0,0,0,1
2,0,0,0,2
16,0,0,0,16
1,0,0,0,1
5,0,0,0,5
1,0,0,0,1
2,0,0,0,2
13,0,0,0,13
1,0,0,0,1
1,0,0,0,1
1,0,0,0,1
2,0,0,0,2
1,0,0,0,1
1,0,0,0,1
1,0,0,0,1
1,0,0,0,1
1,0,0,0,1
1,0,0,0,1
8,0,0,0,8
2,0,0,0,2
5,0,0,0,5
1,0,0,0,1
2,0,0,0,2
2,0,0,0,2
18,0,0,0,18
2,0,0,0,2
1,0,0,0,1
1,0,0,0,1
3,0,0,0,3
2,0,0,0,2
24,2,1,0,27
1,0,0,0,1
1,4,0,0,5
1,0,0,0,1
1,0,0,0,1
4,1,0,0,5
18,0,0,0,18
24,3,1,0,28
1,0,0,0,1
1,0,0,0,1
77,147,8,0,232
1,0,0,0,1
1,0,0,0,1
1,0,0,0,1
1,0,0,0,1
1,0,0,0,1
1,0,0,0,1
1,0,0,0,1
2,0,0,0,2
1,0,0,0,1
1,0,0,0,1
4,0,0,0,4
6,6,1,0,13
1,0,0,0,1
1,0,0,0,1
1,0,0,0,1
1,0,0,0,1
2,0,0,0,2
1,0,0,0,1
3,0,0,0,3
1,0,0,0,1
2,0,0,0,2
8,0,0,0,8
2,0,0,0,2
3,0,0,0,3
2,0,0,0,2
1,0,0,0,1
1,0,0,0,1
1,0,0,0,1
1,0,0,0,1
1,0,0,0,1
2,0,0,0,2
1,0,0,0,1
1,0,0,0,1
12,439,1,0,452
1,0,0,0,1
3,0,0,0,3
4,0,0,0,4
2,0,0,0,2
4,0,0,0,4
1,0,0,0,1
1,4,0,0,5
21,0,0,0,21
10,0,0,0,10
1,0,0,0,1
1,0,0,0,1
5,0,0,0,5
3,0,0,0,3
5,0,0,0,5
1,0,0,0,1
1,0,0,0,1
1,0,0,0,1
2,0,0,0,2
5,0,0,0,5
1,0,0,0,1
3,7,0,0,10
2,0,0,0,2
1,0,0,0,1
1,0,0,0,1
1,0,0,0,1
5,1,0,0,6
2,0,0,0,2
2,0,0,0,2
1,0,0,0,1
44,2,0,0,46
2,0,0,0,2
1,0,0,0,1
2,0,0,0,2
1,0,0,0,1
1,0,0,0,1
10,1,0,0,11
1,0,0,0,1
2,0,0,0,2
1,0,0,0,1
1,0,0,0,1
1,0,0,0,1
1,0,0,0,1
1,0,0,0,1
2,0,0,0,2
1,0,0,0,1
1,0,0,0,1
5,0,0,0,5
5,1,0,0,6
2,0,0,0,2
1,0,0,0,1
7,0,0,0,7
1,0,0,0,1
27,1,0,0,28
1,0,0,0,1
2,0,0,0,2
4,204,0,0,208
4,0,0,0,4
19,0,0,0,19
1,0,0,0,1
1,0,0,0,1
1,0,0,0,1
1,0,0,0,1
2,0,0,0,2
4,0,0,0,4
1,0,0,0,1
3,0,0,0,3
2,0,0,0,2
1,0,0,0,1
2,0,0,0,2
51,4,1,0,56
4,0,0,0,4
1,0,0,0,1
2,0,0,0,2
2,0,0,0,2
10,6,0,0,16
1,0,0,0,1
10,0,0,0,10
1,0,0,0,1
3,0,0,0,3
1,0,0,0,1
1,0,0,0,1
5,0,0,0,5
1,0,0,0,1
1,0,0,0,1
1,0,0,0,1
2,0,0,0,2
3,1,0,0,4
6,0,0,0,6
3,3,0,0,6
1,0,0,0,1
1,0,0,0,1
9,0,0,0,9
1,0,0,0,1
3,0,0,0,3
1,0,0,0,1
1,0,0,0,1
1,0,0,0,1
1,0,0,0,1
2,0,0,0,2
1,0,0,0,1
27,0,0,0,27
1,0,0,0,1
4,1,0,0,5
1,0,0,0,1
1,0,0,0,1
5,0,0,0,5
1,0,0,0,1
1,0,0,0,1
1,0,0,0,1
2,0,0,0,2
3,0,0,0,3
4,0,0,0,4
1,0,0,0,1
1,0,0,0,1
2,5,0,0,7
31,2,0,0,33
1,0,0,0,1
1,0,0,0,1
1,0,0,0,1
1,0,0,0,1
1,0,0,0,1
1,0,0,0,1
1,0,0,0,1
2,0,0,0,2
4,0,0,0,4
1,0,0,0,1
4,0,0,0,4
1,0,0,0,1
1,0,0,0,1
6,0,0,0,6
1,0,0,0,1
2,0,0,0,2
2,0,0,0,2
1,0,0,0,1
8,3,0,0,11
6,0,0,0,6
1,0,0,0,1
1,0,0,0,1
1,0,0,0,1
1,0,0,0,1
9,0,0,0,9
1,0,0,0,1
2,0,0,0,2
7,0,0,0,7
2,0,0,0,2
2,0,0,0,2
1,0,0,0,1
2,0,0,0,2
2,0,0,0,2
1,0,0,0,1
1,0,0,0,1
1,0,0,0,1
2,2,0,0,4
1,0,0,0,1
3,0,0,0,3
1,0,0,0,1
1,0,0,0,1
1,0,0,0,1
1,0,0,0,1
4,0,0,0,4
2,0,0,0,2
10,0,0,0,10
2,0,0,0,2
1,0,0,0,1
2,0,0,0,2
1,0,0,0,1
1,0,0,0,1
1,0,0,0,1
5,0,0,0,5
5,0,0,0,5
1,0,0,0,1
1,0,0,0,1
1,0,0,0,1
1,0,0,0,1
1,0,0,0,1
1,0,0,0,1
26,0,0,0,26
1,0,0,0,1
2,0,0,0,2
1,0,0,0,1
1,0,0,0,1
1,0,0,0,1
1,0,0,0,1
2,0,0,0,2
28,40,2,0,70
2,0,0,0,2
5,0,0,0,5
1,0,0,0,1
2,0,0,0,2
1,0,0,0,1
5,6,1,0,12
4,0,0,0,4
1,0,0,0,1
2,0,0,0,2
1,0,0,0,1
2,0,0,0,2
1,0,0,0,1
5,0,0,0,5
1,0,0,0,1
2,0,0,0,2
1,0,0,0,1
72,1,0,0,73
1,0,0,0,1
8,0,0,0,8
1,0,0,0,1
5,0,0,0,5
2,0,0,0,2
5,0,0,0,5
3,0,0,0,3
2,0,0,0,2
5,29,2,0,36
1,0,0,0,1
1,0,0,0,1
1,0,0,0,1
24,2,3,0,29
1,0,0,0,1
1,0,0,0,1
1,0,0,0,1
2,0,0,0,2
2,0,0,0,2
2,0,0,0,2
1,0,0,0,1
1,0,0,0,1
2,4,1,0,7
7,1,0,0,8
1,0,0,0,1
1,0,0,0,1
1,0,0,0,1
10,0,0,0,10
2,0,0,0,2
15,0,0,0,15
1,0,0,0,1
2,0,0,0,2
1,0,0,0,1
10,0,0,0,10
1,0,0,0,1
1,0,0,0,1
2,0,0,0,2
7,0,0,0,7
2,0,0,0,2
4,0,0,0,4
2,7,0,0,9
2,0,0,0,2
1,0,0,0,1
5,0,0,0,5
1,0,0,0,1
35,0,0,0,35
1,0,0,0,1
2,0,0,0,2
1,0,0,0,1
1,0,0,0,1
2,0,0,0,2
1,0,0,0,1
1,0,0,0,1
10,0,0,0,10
5,0,0,0,5
1,0,0,0,1
1,0,0,0,1
50,4,0,0,54
8,0,0,0,8
1,0,0,0,1
1,0,0,0,1
4,0,0,0,4
1,0,0,0,1
1,0,0,0,1
1,0,0,0,1
1,0,0,0,1
2,0,0,0,2
2,0,0,0,2
1,0,0,0,1
1,0,0,0,1
1,0,0,0,1
1,0,0,0,1
5,0,0,0,5
1,0,0,0,1
1,0,0,0,1
1,0,0,0,1
1,0,0,0,1
79,4,2,0,85
1,0,0,0,1
1,0,0,0,1
1,0,0,0,1
2,0,0,0,2
1,0,0,0,1
1,0,0,0,1
1,0,0,0,1
4,0,0,0,4
1,0,0,0,1
44,0,0,0,44
1,0,0,0,1
1,0,0,0,1
1,0,0,0,1
1,0,0,0,1
2,38,0,0,40
5,0,0,0,5
1,0,0,0,1
10,0,0,0,10
1,0,0,0,1
2,0,0,0,2
1,0,0,0,1
5,0,0,0,5
1,0,0,0,1
1,0,0,0,1
1,0,0,0,1
1,0,0,0,1
13,2,0,0,15
10,0,1,0,11
2,0,0,0,2
2,0,0,0,2
4,0,0,0,4
1,0,0,0,1
1,0,0,0,1
15,0,1,0,16
5,0,0,0,5
1,0,0,0,1
4,0,0,0,4
1,0,0,0,1
2,0,0,0,2
1,0,0,0,1
8,0,0,0,8
3,0,0,0,3
1,0,0,0,1
9,2,0,0,11
1,0,0,0,1
1,0,0,0,1
1,0,0,0,1
1,0,0,0,1
1,0,0,0,1
1,0,0,0,1
2,1,0,0,3
1,0,0,0,1
4,0,0,0,4
1,0,0,0,1
2,0,0,0,2
13,0,0,0,13
1,0,0,0,1
1,0,0,0,1
1,0,0,0,1
1,0,0,0,1
1,0,0,0,1
1,0,0,0,1
3,0,0,0,3
4,3,0,0,7
3,0,0,0,3
1,0,0,0,1
1,0,0,0,1
6,0,0,0,6
6,0,0,0,6
1,0,0,0,1
1,0,0,0,1
1,0,0,0,1
1,0,0,0,1
2,0,0,0,2
3,0,0,0,3
1,1,0,0,2
2,0,0,0,2
3,0,0,0,3
4,0,0,0,4
1,0,0,0,1
1,0,0,0,1
22,19,0,0,41
2,0,0,0,2
1,0,0,0,1
1,0,0,0,1
27,0,0,0,27
1,0,0,0,1
1,0,0,0,1
1,0,0,0,1
3,0,0,0,3
1,0,0,0,1
1,0,0,0,1
2,0,0,0,2
8,0,0,0,8
30,0,0,0,30
1,0,0,0,1
1,0,0,0,1
31,0,0,0,31
14,0,0,0,14
1,0,0,0,1
15,0,0,0,15
1,0,0,0,1
1,0,0,0,1
1,2,0,0,3
1,0,0,0,1
1,0,0,0,1
2,0,0,0,2
1,0,0,0,1
1,0,0,0,1
5,0,0,0,5
1,0,0,0,1
4,0,0,0,4
1,0,0,0,1
1,0,0,0,1
18,0,0,0,18
1,0,0,0,1
1,0,0,0,1
1,0,0,0,1
2,0,0,0,2
1,0,0,0,1
1,0,0,0,1
2,0,0,0,2
11,0,0,0,11
1,0,0,0,1
3,0,0,0,3
1,0,0,0,1
1,0,0,0,1
1,0,0,0,1
1,0,0,0,1
2,1,1,0,4
2,0,0,0,2
1,0,0,0,1
1,0,0,0,1
1,3,1,0,5
17,0,0,0,17
1,0,0,0,1
1,0,0,0,1
1,0,0,0,1
1,0,0,0,1
8,0,0,0,8
1,0,0,0,1
6,0,0,0,6
1,0,0,0,1
2,0,0,0,2
4,0,0,0,4
1,0,0,0,1
1,0,0,0,1
1,0,0,0,1
7,0,0,0,7
1,0,0,0,1
3,0,0,0,3
1,0,0,0,1
1,0,0,0,1
1,0,0,0,1
1,0,0,0,1
10,2,0,0,12
5,0,0,0,5
1,0,0,0,1
4,0,0,0,4
1,0,0,0,1
29,7,2,0,38
1,0,0,0,1
1,0,0,0,1
43,0,0,0,43
1,0,0,0,1
1,2,0,0,3
1,0,0,0,1
1,0,0,0,1
53,0,1,0,54
1,0,0,0,1
1,0,0,0,1
1,0,0,0,1
1,0,0,0,1
9,0,0,0,9
1,0,0,0,1
3,0,0,0,3
2,0,0,0,2
5,0,0,0,5
1,0,0,0,1
15,0,0,0,15
1,0,0,0,1
3,0,0,0,3
22,0,0,0,22
1,0,0,0,1
8,0,0,0,8
2,0,0,0,2
2,0,0,0,2
2,0,1,0,3
1,0,0,0,1
1,0,0,0,1
3,0,0,0,3
4,0,0,0,4
1,0,0,0,1
3,0,0,0,3
3,0,0,0,3
1,0,0,0,1
8,0,0,0,8
1,0,0,0,1
1,0,0,0,1
1,0,0,0,1
1,0,0,0,1
1,0,0,0,1
1,0,0,0,1
2,0,0,0,2
2,0,0,0,2
2,0,0,0,2
1,2,0,0,3
1,0,0,0,1
61,4,0,0,65
2,0,0,0,2
2,0,0,0,2
2,2,0,0,4
52,56,4,0,112
10,0,0,0,10
3,0,0,0,3
8,0,0,0,8
54,9,1,0,64
6,0,0,0,6
4,0,0,0,4
1,0,0,0,1
1,0,0,0,1
1,0,0,0,1
5,0,0,0,5
1,0,0,0,1
16,3,0,0,19
1,0,0,0,1
1,0,0,0,1
5,0,0,0,5
1,0,0,0,1
10,0,2,0,12
2,0,0,0,2
1,1,0,0,2
10,0,0,0,10
2,1,1,0,4
1,0,0,0,1
1,0,0,0,1
1,0,0,0,1
1,0,0,0,1
1,0,0,0,1
4,0,0,0,4
101,39,6,0,146
5,0,0,0,5
1,3,0,0,4
1,0,0,0,1
1,0,0,0,1
34,14,1,0,49
1,0,0,0,1
1,0,0,0,1
2,0,0,0,2
1,0,0,0,1
4,0,0,0,4
1,0,0,0,1
2,0,0,0,2
1,0,0,0,1
2,0,0,0,2
2,0,0,0,2
1,0,0,0,1
1,0,0,0,1
1,0,0,0,1
1,0,0,0,1
3,0,0,0,3
13,0,0,0,13
4,2,0,0,6
3,0,0,0,3
3,0,0,0,3
1,0,0,0,1
2,0,0,0,2
2,0,0,0,2
6,0,0,0,6
2,4,0,0,6
1,0,0,0,1
1,0,0,0,1
3,0,0,0,3
1,0,0,0,1
3,0,0,0,3
1,0,0,0,1
1,0,0,0,1
4,0,0,0,4
1,0,0,0,1
1,0,0,0,1
4,6,0,0,10
4,0,0,0,4
1,5,0,0,6
2,0,0,0,2
37,1,1,0,39
1,0,0,0,1
10,0,0,0,10
1,0,0,0,1
1,0,0,0,1
2,0,0,0,2
1,0,0,0,1
1,0,0,0,1
1,0,0,0,1
1,0,0,0,1
4,0,0,0,4
3,0,0,0,3
1,0,0,0,1
10,0,0,0,10
4,0,0,0,4
1,0,0,0,1
35,1,0,0,36
1,0,0,0,1
1,0,0,0,1
2,0,0,0,2
1,0,0,0,1
1,0,0,0,1
6,0,0,0,6
1,0,0,0,1
1,0,0,0,1
1,0,0,0,1
15,0,0,0,15
5,0,0,0,5
1,0,0,0,1
2,0,0,0,2
2,0,0,0,2
3,0,0,0,3
1,0,0,0,1
1,0,0,0,1
1,0,0,0,1
1,0,0,0,1
2,0,0,0,2
1,0,0,0,1
3,0,1,0,4
1,0,0,0,1
4,0,0,0,4
7,0,0,0,7
1,0,0,0,1
1,0,0,0,1
1,0,0,0,1
1,0,0,0,1
1,0,0,0,1
1,0,0,0,1
1,0,0,0,1
1,0,0,0,1
1,0,0,0,1
2,0,0,0,2
1,0,0,0,1
7,0,0,0,7
2,0,0,0,2
1,0,0,0,1
2,0,0,0,2
16,7,2,0,25
1,0,0,0,1
2,0,0,0,2
2,0,0,0,2
2,0,0,0,2
23,0,0,0,23
1,12,0,0,13
1,0,0,0,1
1,0,0,0,1
1,0,0,0,1
1,0,0,0,1
1,0,0,0,1
3,0,0,0,3
1,0,0,0,1
1,0,0,0,1
8,0,0,0,8
4,0,0,0,4
2,0,0,0,2
20,10,0,0,30
1,0,0,0,1
4,0,0,0,4
3,0,0,0,3
5,0,0,0,5
1,0,0,0,1
16,0,0,0,16
2,5,0,0,7
3,0,0,0,3
1,0,0,0,1
1,0,0,0,1
1,0,0,0,1
1,0,0,0,1
1,0,0,0,1
6,0,0,0,6
1,0,0,0,1
27,0,0,0,27
1,0,0,0,1
4,0,0,0,4
6,0,0,0,6
1,0,0,0,1
2,0,0,0,2
5,0,0,0,5
1,0,0,0,1
5,0,0,0,5
3,0,0,0,3
1,0,0,0,1
70,0,0,0,70
26,0,0,0,26
8,7,2,0,17
9,2,0,0,11
1,0,0,0,1
6,0,0,0,6
3,0,0,0,3
1,0,0,0,1
1,2,0,0,3
10,0,0,0,10
25,0,1,0,26
1,0,0,0,1
1,0,0,0,1
9,3,2,0,14
1,0,0,0,1
1,0,0,0,1
1,0,0,0,1
13,0,0,0,13
10,2,1,0,13
1,0,0,0,1
3,0,0,0,3
3,6,0,0,9
2,0,0,0,2
12,72,1,0,85
14,4,2,0,20
4,0,0,0,4
1,0,0,0,1
1,0,0,0,1
1,0,0,0,1
4,0,0,0,4
2,1,0,0,3
2,0,0,0,2
4,5,1,0,10
2,0,0,0,2
4,0,0,0,4
5,1,0,0,6
2,0,0,0,2
13,0,0,0,13
1,0,0,0,1
1,0,0,0,1
2,0,0,0,2
1,0,0,0,1
1,0,0,0,1
12,0,0,0,12
2,0,0,0,2
4,0,0,0,4
1,0,0,0,1
6,0,0,0,6
4,3,0,0,7
8,0,0,0,8
6,0,0,0,6
3,0,0,0,3
1,0,0,0,1
1,0,0,0,1
2,0,0,0,2
4,0,0,0,4
1,0,0,0,1
16,0,0,0,16
12,0,0,0,12
1,0,0,0,1
17,1,0,0,18
1,0,0,0,1
3,0,0,0,3
1,0,0,0,1
1,0,0,0,1
1,0,0,0,1
3,0,0,0,3
2,0,0,0,2
2,4,0,0,6
2,0,0,0,2
2,0,0,0,2
1,0,0,0,1
1,0,0,0,1
1,0,0,0,1
2,0,0,0,2
1,0,0,0,1
22,3,1,0,26
4,0,0,0,4
8,24,0,0,32
2,0,0,0,2
38,173,3,0,214
1,0,0,0,1
1,0,0,0,1
3,4,0,0,7
2,0,0,0,2
1,0,0,0,1
3,0,0,0,3
1,0,0,0,1
1,0,0,0,1
1,0,0,0,1
1,0,0,0,1
1,0,0,0,1
40,0,0,0,40
3,0,0,0,3
1,0,0,0,1
3,0,0,0,3
2,0,0,0,2
4,8,2,0,14
4,0,0,0,4
27,0,0,0,27
2,0,0,0,2
1,0,0,0,1
3,0,0,0,3
1,0,0,0,1
1,0,0,0,1
1,0,0,0,1
2,0,0,0,2
2,0,0,0,2
1,0,0,0,1
7,0,0,0,7
2,0,0,0,2
19,0,0,0,19
7,0,0,0,7
1,0,0,0,1
1,0,0,0,1
1,0,0,0,1
3,0,0,0,3
1,0,0,0,1
3,0,0,0,3
1,0,0,0,1
1,0,0,0,1
1,0,0,0,1
1,0,0,0,1
6,1,0,0,7
1,0,0,0,1
2,0,0,0,2
2,0,0,0,2
5,0,0,0,5
2,13,0,0,15
4,0,0,0,4
1,0,0,0,1
1,0,0,0,1
1,0,0,0,1
3,0,0,0,3
2,0,0,0,2
1,0,0,0,1
1,0,0,0,1
1,0,0,0,1
27,0,0,0,27
1,0,0,0,1
20,26,2,0,48
2,0,0,0,2
6,0,0,0,6
1,0,0,0,1
1,0,0,0,1
2,0,0,0,2
1,0,0,0,1
1,1,0,0,2
2,0,0,0,2
1,0,0,0,1
1,0,0,0,1
1,0,0,0,1
1,0,0,0,1
1,0,0,0,1
1,0,0,0,1
1,0,0,0,1
1,0,0,0,1
1,0,0,0,1
5,0,0,0,5
1,0,0,0,1
3,0,0,0,3
1,0,0,0,1
2,0,0,0,2
4,0,0,0,4
1,0,0,0,1
1,0,0,0,1
1,0,0,0,1
1,2,0,0,3
2,0,0,0,2
3,0,0,0,3
3,0,0,0,3
1,0,0,0,1
3,0,0,0,3
3,0,0,0,3
4,0,0,0,4
7,6,0,0,13
42,0,0,0,42
1,0,0,0,1
4,0,0,0,4
2,0,0,0,2
1,0,0,0,1
4,0,0,0,4
1,0,0,0,1
4,0,0,0,4
1,0,0,0,1
1,0,0,0,1
5,0,0,0,5
1,0,0,0,1
2,0,0,0,2
1,12,0,0,13
1,0,0,0,1
1,0,0,0,1
1,0,0,0,1
2,0,0,0,2
2,0,0,0,2
3,0,0,0,3
3,0,0,0,3
1,0,0,0,1
1,0,0,0,1
6,0,0,0,6
6,0,0,0,6
6,0,0,0,6
3,0,0,0,3
3,0,0,0,3
1,0,0,0,1
1,0,0,0,1
21,3,0,0,24
1,0,0,0,1
1,0,0,0,1
1,0,0,0,1
2,0,0,0,2
1,0,0,0,1
3,0,0,0,3
1,0,0,0,1
1,0,0,0,1
1,0,0,0,1
1,0,0,0,1
1,0,0,0,1
2,0,0,0,2
1,0,0,0,1
4,0,1,0,5
1,0,0,0,1
7,0,0,0,7
9,1,0,0,10
1,0,0,0,1
1,0,0,0,1
1,0,0,0,1
1,0,0,0,1
1,0,0,0,1
5,0,0,0,5
1,0,0,0,1
3,0,0,0,3
10,1,0,0,11
1,0,0,0,1
1,0,0,0,1
2,0,0,0,2
1,0,0,0,1
6,0,0,0,6
1,0,0,0,1
2,0,0,0,2
1,2,0,0,3
2,0,0,0,2
1,0,0,0,1
1,0,0,0,1
3,0,0,0,3
1,0,0,0,1
1,0,0,0,1
1,0,0,0,1
1,5,0,0,6
1,0,0,0,1
1,0,0,0,1
2,8,1,0,11
1,0,0,0,1
3,0,0,0,3
1,0,0,0,1
8,0,0,0,8
1,0,0,0,1
2,0,0,0,2
1,0,0,0,1
2,0,0,0,2
1,0,0,0,1
1,0,0,0,1
1,0,0,0,1
1,0,0,0,1
9,0,0,0,9
2,0,0,0,2
2,0,0,0,2
7,0,0,0,7
38,9,1,0,48
1,0,0,0,1
1,0,0,0,1
2,0,0,0,2
1,0,0,0,1
1,0,0,0,1
4,0,0,0,4
2,0,0,0,2
1,0,0,0,1
1,0,0,0,1
2,0,0,0,2
1,0,0,0,1
1,0,0,0,1
2,0,0,0,2
1,0,0,0,1
1,0,0,0,1
1,0,0,0,1
1,0,0,0,1
2,0,0,0,2
2,0,0,0,2
4,0,0,0,4
1,0,0,0,1
1,0,0,0,1
1,0,0,0,1
4,0,0,0,4
2,0,0,0,2
1,0,0,0,1
2,0,0,0,2
1,0,0,0,1
1,0,0,0,1
4,10,0,0,14
3,0,0,0,3
1,0,0,0,1
1,0,0,0,1
6,0,0,0,6
1,0,0,0,1
9,1,1,0,11
1,0,0,0,1
3,0,1,0,4
1,0,0,0,1
1,0,0,0,1
8,0,0,0,8
2,0,0,0,2
5,0,0,0,5
1,0,0,0,1
1,0,0,0,1
1,0,0,0,1
16,0,0,0,16
2,0,0,0,2
1,0,0,0,1
1,0,0,0,1
1,0,0,0,1
3,0,0,0,3
1,0,0,0,1
2,0,0,0,2
1,0,0,0,1
1,0,0,0,1
2,0,0,0,2
1,0,0,0,1
1,0,0,0,1
3,0,0,0,3
36,6,0,0,42
2,0,0,0,2
6,0,0,0,6
1,0,0,0,1
2,0,0,0,2
1,0,0,0,1
1,0,0,0,1
1,0,0,0,1
1,0,0,0,1
2,0,0,0,2
1,0,0,0,1
1,0,0,0,1
1,0,0,0,1
1,0,0,0,1
2,0,0,0,2
1,0,0,0,1
1,0,0,0,1
1,0,0,0,1
7,0,0,0,7
1,0,0,0,1
1,0,0,0,1
1,0,0,0,1
5,0,0,0,5
1,0,0,0,1
1,0,0,0,1
1,0,0,0,1
1,1,1,0,3
1,0,0,0,1
1,0,0,0,1
1,0,0,0,1
1,0,0,0,1
1,0,0,0,1
67,593,28,0,688
22,29,0,0,51
2,0,0,0,2
1,2,0,0,3
1,0,0,0,1
2,0,0,0,2
1,0,0,0,1
8,2,0,0,10
2,0,0,0,2
1,0,0,0,1
1,0,0,0,1
5,0,0,0,5
3,1,0,0,4
1,0,0,0,1
1,0,0,0,1
1,0,0,0,1
1,0,0,0,1
1,0,0,0,1
3,0,0,0,3
34,6,0,0,40
4,0,0,0,4
24,0,0,0,24
1,0,0,0,1
1,0,0,0,1
1,0,0,0,1
2,0,0,0,2
2,0,1,0,3
4,0,0,0,4
1,0,0,0,1
4,0,0,0,4
2,0,0,0,2
2,0,0,0,2
1,0,0,0,1
3,163,0,0,166
1,0,0,0,1
1,0,0,0,1
9,11,0,0,20
9,1,1,0,11
20,3,0,0,23
1,0,0,0,1
1,0,0,0,1
4,0,0,0,4
1,0,0,0,1
2,0,0,0,2
3,1,0,0,4
1,0,0,0,1
4,0,0,0,4
2,0,0,0,2
1,0,0,0,1
3,0,0,0,3
1,0,0,0,1
2,0,0,0,2
1,0,0,0,1
1,0,0,0,1
1,0,0,0,1
5,7,0,0,12
2,0,0,0,2
5,0,0,0,5
15,0,0,0,15
2,0,0,0,2
25,8,0,0,33
1,0,0,0,1
1,0,0,0,1
1,0,0,0,1
10,0,0,0,10
13,5,0,0,18
3,0,0,0,3
1,0,0,0,1
1,0,0,0,1
4,0,0,0,4
1,0,0,0,1
1,0,0,0,1
5,0,0,0,5
1,0,0,0,1
2,0,0,0,2
2,0,0,0,2
2,0,0,0,2
1,0,0,0,1
1,0,0,0,1
1,0,0,0,1
1,0,0,0,1
7,0,0,0,7
1,0,0,0,1
1,0,0,0,1
2,0,0,0,2
80,455,0,0,535
1,0,0,0,1
1,0,0,0,1
1,0,0,0,1
3,0,0,0,3
5,0,0,0,5
1,0,0,0,1
1,0,0,0,1
9,3,0,0,12
1,0,0,0,1
2,1,0,0,3
6,0,0,0,6
4,0,0,0,4
1,0,0,0,1
1,0,0,0,1
1,0,0,0,1
1,0,0,0,1
4,0,0,0,4
3,0,1,0,4
1,0,0,0,1
34,21,2,0,57
3,0,0,0,3
3,0,0,0,3
5,0,0,0,5
1,0,0,0,1
1,0,0,0,1
3,0,0,0,3
7,0,0,0,7
1,0,0,0,1
1,0,0,0,1
2,0,0,0,2
3,0,0,0,3
3,0,0,0,3
1,0,0,0,1
2,0,0,0,2
1,0,0,0,1
1,0,0,0,1
1,0,0,0,1
1,0,0,0,1
3,0,0,0,3
17,0,0,0,17
2,0,0,0,2
1,0,0,0,1
5,2,3,0,10
2,0,0,0,2
70,4,1,0,75
1,0,0,0,1
3,0,0,0,3
1,0,0,0,1
2,0,0,0,2
2,0,0,0,2
1,0,0,0,1
1,0,0,0,1
21,5,0,0,26
3,0,0,0,3
4,0,0,0,4
2,0,0,0,2
4,0,0,0,4
3,0,0,0,3
1,0,0,0,1
1,0,0,0,1
22,2,3,0,27
15,0,0,0,15
1,0,0,0,1
2,0,0,0,2
2,1,0,0,3
3,2,0,0,5
2,0,0,0,2
1,0,0,0,1
1,0,0,0,1
1,0,0,0,1
4,0,0,0,4
4,0,0,0,4
66,5,0,0,71
1,0,0,0,1
3,0,0,0,3
1,0,0,0,1
2,0,0,0,2
1,0,0,0,1
1,0,0,0,1
1,0,0,0,1
1,0,0,0,1
8,0,0,0,8
3,0,0,0,3
1,0,0,0,1
2,0,0,0,2
1,0,0,0,1
1,0,0,0,1
2,0,0,0,2
1,0,0,0,1
5,0,0,0,5
4,0,0,0,4
2,0,0,0,2
1,0,0,0,1
2,0,0,0,2
1,0,0,0,1
1,0,0,0,1
4,0,0,0,4
1,0,0,0,1
1,0,0,0,1
1,0,0,0,1
16,1,0,0,17
2,0,0,0,2
2,0,0,0,2
2,0,0,0,2
1,0,0,0,1
9,0,0,0,9
1,0,0,0,1
5,0,0,0,5
1,0,0,0,1
2,0,0,0,2
5,0,0,0,5
1,0,0,0,1
3,0,0,0,3
3,0,0,0,3
1,0,0,0,1
2,0,0,0,2
1,0,0,0,1
1,0,0,0,1
1,0,0,0,1
1,0,0,0,1
34,4,0,0,38
1,0,0,0,1
1,0,0,0,1
2,0,0,0,2
1,0,0,0,1
2,0,0,0,2
1,0,0,0,1
2,3,0,0,5
14,0,0,0,14
3,0,0,0,3
2,0,0,0,2
1,0,0,0,1
32,0,0,0,32
1,0,0,0,1
2,0,0,0,2
3,0,0,0,3
1,0,0,0,1
1,0,0,0,1
2,0,0,0,2
2,0,0,0,2
3,0,0,0,3
1,0,0,0,1
1,0,0,0,1
5,0,0,0,5
2,0,0,0,2
10,0,0,0,10
4,0,0,0,4
1,0,0,0,1
2,0,0,0,2
1,0,0,0,1
1,0,0,0,1
4,0,0,0,4
10,0,0,0,10
7,0,0,0,7
1,0,0,0,1
5,0,0,0,5
1,0,0,0,1
2,0,0,0,2
1,0,0,0,1
19,3,2,0,24
1,0,0,0,1
2,0,0,0,2
5,0,0,0,5
1,0,1,0,2
2,0,0,0,2
2,0,0,0,2
1,0,0,0,1
1,0,0,0,1
1,0,0,0,1
1,0,0,0,1
1,0,0,0,1
1,0,0,0,1
3,2,1,0,6
1,0,0,0,1
1,0,0,0,1
1,0,0,0,1
57,2,0,0,59
1,0,0,0,1
1,0,0,0,1
1,0,0,0,1
1,0,0,0,1
1,0,0,0,1
1,0,0,0,1
1,0,0,0,1
1,0,0,0,1
1,2,0,0,3
1,0,0,0,1
22,1,0,0,23
1,0,0,0,1
3,0,0,0,3
1,0,0,0,1
1,0,0,0,1
2,12,0,0,14
1,0,0,0,1
1,0,0,0,1
2,2,1,0,5
1,0,0,0,1
1,0,0,0,1
1,0,0,0,1
14,10,0,0,24
2,0,0,0,2
1,0,0,0,1
1,0,0,0,1
4,0,0,0,4
1,0,0,0,1
2,0,0,0,2
1,0,0,0,1
15,0,0,0,15
10,0,0,0,10
16,0,0,0,16
1,0,0,0,1
39,0,0,0,39
2,0,0,0,2
2,0,0,0,2
15,0,0,0,15
4,0,0,0,4
2,0,0,0,2
1,0,0,0,1
9,4,0,0,13
1,0,0,0,1
1,0,0,0,1
1,0,0,0,1
1,0,0,0,1
1,0,0,0,1
1,0,0,0,1
2,0,0,0,2
2,0,0,0,2
1,0,0,0,1
8,1,1,0,10
2,0,0,0,2
1,0,0,0,1
2,0,0,0,2
6,0,0,0,6
3,0,0,0,3
1,0,0,0,1
1,0,0,0,1
1,0,0,0,1
4,0,0,0,4
1,0,0,0,1
6,0,0,0,6
1,0,0,0,1
1,164,1,0,166
1,0,0,0,1
1,0,0,0,1
1,0,0,0,1
17,4,0,0,21
1,0,0,0,1
2,0,0,0,2
8,0,0,0,8
1,0,0,0,1
1,0,0,0,1
1,0,0,0,1
4,0,0,0,4
4,0,0,0,4
2,0,0,0,2
1,0,0,0,1
32,1,0,0,33
1,57,0,0,58
1,0,0,0,1
1,0,0,0,1
5,0,0,0,5
2,0,0,0,2
1,0,0,0,1
2,0,0,0,2
1,0,0,0,1
1,0,0,0,1
1,0,0,0,1
1,0,0,0,1
1,0,0,0,1
2,0,0,0,2
1,0,0,0,1
1,0,0,0,1
2,0,0,0,2
1,0,0,0,1
2,0,0,0,2
1,0,0,0,1
2,0,0,0,2
7,0,1,0,8
1,0,0,0,1
4,0,0,0,4
1,0,0,0,1
1,2,0,0,3
1,0,0,0,1
3,0,0,0,3
2,0,0,0,2
1,0,0,0,1
10,35,3,0,48
1,0,0,0,1
1,0,0,0,1
2,0,0,0,2
1,0,0,0,1
3,0,0,0,3
3,0,0,0,3
2,0,0,0,2
44,9,58,0,111
2,0,0,0,2
1,0,0,0,1
7,0,0,0,7
12,0,0,0,12
1,0,0,0,1
1,0,0,0,1
63,23,1,0,87
2,0,0,0,2
3,0,0,0,3
1,0,0,0,1
3,0,0,0,3
2,0,0,0,2
1,0,0,0,1
1,0,0,0,1
1,0,0,0,1
1,0,0,0,1
5,0,0,0,5
1,0,0,0,1
1,0,0,0,1
2,0,0,0,2
20,0,0,0,20
1,0,0,0,1
2,0,0,0,2
1,0,0,0,1
8,7,1,0,16
1,0,0,0,1
1,0,0,0,1
1,0,0,0,1
1,0,0,0,1
1,0,0,0,1
1,0,0,0,1
6,0,0,0,6
1,0,0,0,1
1,0,0,0,1
2,0,0,0,2
1,0,0,0,1
1,0,0,0,1
3,10,0,0,13
11,0,0,0,11
1,0,0,0,1
2,0,0,0,2
15,0,0,0,15
1,0,0,0,1
1,0,0,0,1
1,0,0,0,1
1,0,0,0,1
1,0,0,0,1
1,0,0,0,1
1,0,0,0,1
1,0,0,0,1
1,0,0,0,1
1,0,0,0,1
2,0,0,0,2
36,64,2,0,102
1,0,0,0,1
1,0,0,0,1
1,0,0,0,1
1,0,0,0,1
2,0,0,0,2
1,0,0,0,1
1,0,0,0,1
13,0,0,0,13
6,0,0,0,6
6,0,0,0,6
2,0,0,0,2
1,0,0,0,1
4,0,0,0,4
1,0,0,0,1
28,9,1,0,38
2,0,0,0,2
18,4,1,0,23
2,0,0,0,2
5,3,0,0,8
30,4,0,0,34
1,0,0,0,1
6,0,0,0,6
1,0,0,0,1
1,0,0,0,1
1,0,0,0,1
1,0,0,0,1
1,0,0,0,1
1,0,0,0,1
4,0,0,0,4
1,0,0,0,1
1,3,1,0,5
3,0,0,0,3
5,0,0,0,5
1,0,0,0,1
1,0,0,0,1
1,0,0,0,1
2,0,0,0,2
7,9,0,0,16
1,0,0,0,1
1,0,0,0,1
15,2,0,0,17
2,0,0,0,2
1,0,0,0,1
1,0,0,0,1
2,0,0,0,2
2,0,0,0,2
1,0,0,0,1
2,0,0,0,2
2,0,0,0,2
1,0,0,0,1
1,0,0,0,1
1,2,0,0,3
1,0,0,0,1
9,0,0,0,9
1,0,0,0,1
2,0,0,0,2
1,0,0,0,1
1,0,0,0,1
1,0,0,0,1
1,0,0,0,1
1,0,0,0,1
5,0,0,0,5
1,0,0,0,1
8,0,0,0,8
3,0,0,0,3
2,0,0,0,2
1,0,0,0,1
1,0,0,0,1
1,0,0,0,1
15,0,0,0,15
2,0,0,0,2
1,0,0,0,1
39,0,0,0,39
2,4,0,0,6
2,0,0,0,2
1,0,0,0,1
1,0,0,0,1
1,0,0,0,1
2,0,0,0,2
2,0,0,0,2
1,0,0,0,1
1,0,0,0,1
1,0,0,0,1
8,3,1,0,12
1,0,0,0,1
5,0,1,0,6
8,0,0,0,8
5,0,0,0,5
1,0,0,0,1
1,0,0,0,1
1,0,0,0,1
10,1,0,0,11
6,0,0,0,6
2,0,0,0,2
4,0,0,0,4
33,3,1,0,37
3,0,0,0,3
3,0,0,0,3
1,0,0,0,1
2,0,0,0,2
1,0,0,0,1
1,0,0,0,1
1,0,0,0,1
3,0,0,0,3
1,0,0,0,1
1,0,0,0,1
11,1,0,0,12
1,0,0,0,1
1,0,0,0,1
1,0,0,0,1
4,0,0,0,4
1,0,0,0,1
2,0,0,0,2
1,0,0,0,1
1,0,0,0,1
5,0,0,0,5
1,0,0,0,1
1,0,0,0,1
5,9,0,0,14
7,167,20,0,194
1,0,0,0,1
1,0,0,0,1
1,0,0,0,1
1,0,0,0,1
1,0,0,0,1
1,0,0,0,1
1,0,0,0,1
3,0,0,0,3
3,0,0,0,3
1,0,0,0,1
1,0,0,0,1
7,0,0,0,7
6,0,0,0,6
1,0,0,0,1
1,0,0,0,1
20,1,0,0,21
1,0,0,0,1
1,0,0,0,1
1,0,0,0,1
5,0,0,0,5
1,0,0,0,1
5,2,2,0,9
3,0,0,0,3
1,0,0,0,1
1,0,0,0,1
2,0,0,0,2
5,0,0,0,5
2,0,0,0,2
1,0,0,0,1
5,0,0,0,5
1,0,0,0,1
1,0,0,0,1
1,0,0,0,1
31,13,1,0,45
1,0,0,0,1
1,0,0,0,1
1,0,0,0,1
1,0,0,0,1
1,0,0,0,1
1,0,0,0,1
1,0,0,0,1
4,0,0,0,4
2,0,0,0,2
2,0,0,0,2
2,0,0,0,2
16,0,0,0,16
1,0,0,0,1
1,10,0,0,11
6,0,0,0,6
2,0,0,0,2
3,0,0,0,3
1,0,0,0,1
9,3,0,0,12
5,6,0,0,11
1,0,0,0,1
1,0,0,0,1
1,0,0,0,1
1,0,0,0,1
9,0,0,0,9
1,0,0,0,1
2,0,0,0,2
15,5,0,0,20
1,0,0,0,1
2,0,0,0,2
1,0,0,0,1
1,0,0,0,1
1,0,0,0,1
4,0,0,0,4
3,0,0,0,3
1,0,0,0,1
2,0,0,0,2
2,0,0,0,2
1,0,0,0,1
1,0,0,0,1
5,0,0,0,5
3,0,0,0,3
1,0,0,0,1
1,0,0,0,1
1,0,0,0,1
1,0,0,0,1
3,0,0,0,3
1,0,0,0,1
1,42,0,0,43
1,0,0,0,1
1,0,0,0,1
1,0,0,0,1
1,0,0,0,1
16,1,0,0,17
1,0,0,0,1
4,0,0,0,4
6,0,0,0,6
3,0,0,0,3
4,0,0,0,4
2,0,0,0,2
1,0,0,0,1
1,0,0,0,1
23,0,0,0,23
1,0,0,0,1
2,0,0,0,2
2,0,0,0,2
22,0,0,0,22
2,0,0,0,2
6,2,4,0,12
2,0,0,0,2
1,0,0,0,1
3,0,0,0,3
1,0,0,0,1
3,0,0,0,3
1,0,0,0,1
1,0,0,0,1
1,0,0,0,1
24,4,2,0,30
1,0,0,0,1
22,97,0,0,119
4,0,0,0,4
3,0,0,0,3
2,0,0,0,2
3,0,0,0,3
1,0,0,0,1
19,0,0,0,19
1,0,0,0,1
1,0,0,0,1
1,0,0,0,1
1,0,0,0,1
1,0,0,0,1
1,0,0,0,1
1,0,0,0,1
2,0,0,0,2
1,0,0,0,1
1,0,0,0,1
1,0,0,0,1
1,0,0,0,1
4,0,0,0,4
5,0,0,0,5
4,0,0,0,4
3,0,0,0,3
1,0,0,0,1
1,0,0,0,1
1,0,0,0,1
3,5,0,0,8
1,0,0,0,1
1,0,0,0,1
1,0,0,0,1
3,0,0,0,3
6,3,0,0,9
1,10,0,0,11
7,50,1,0,58
2,0,0,0,2
5,1,0,0,6
7,4,3,0,14
5,1,0,0,6
1,0,0,0,1
1,0,0,0,1
2,123,0,0,125
5,0,0,0,5
1,0,0,0,1
1,0,0,0,1
12,0,0,0,12
2,0,0,0,2
13,0,0,0,13
1,0,0,0,1
6,1,0,0,7
1,0,0,0,1
9,5,0,0,14
1,0,0,0,1
1,0,0,0,1
4,0,0,0,4
3,0,0,0,3
2,0,0,0,2
5,0,0,0,5
2,0,0,0,2
1,0,0,0,1
1,0,0,0,1
4,0,0,0,4
1,0,0,0,1
5,0,0,0,5
1,0,0,0,1
1,0,0,0,1
1,0,0,0,1
15,0,0,0,15
3,0,0,0,3
1,0,0,0,1
1,0,0,0,1
1,0,0,0,1
2,0,0,0,2
6,0,0,0,6
1,0,0,0,1
8,1,1,0,10
1,0,0,0,1
1,0,0,0,1
45,4,1,0,50
2,0,0,0,2
1,0,0,0,1
17,1,0,0,18
1,0,0,0,1
1,0,0,0,1
1,2,2,0,5
1,0,0,0,1
20,0,0,0,20
4,0,0,0,4
1,0,0,0,1
11,0,0,0,11
11,0,0,0,11
1,0,0,0,1
1,0,0,0,1
14,4,0,0,18
1,0,0,0,1
8,0,0,0,8
1,0,0,0,1
1,0,0,0,1
1,0,0,0,1
2,0,0,0,2
26,3,0,0,29
1,0,0,0,1
1,0,0,0,1
10,1,2,0,13
3,0,0,0,3
2,0,0,0,2
1,0,0,0,1
1,0,0,0,1
1,0,0,0,1
1,0,0,0,1
2,0,0,0,2
1,0,0,0,1
2,0,0,0,2
1,0,0,0,1
1,0,0,0,1
1,0,0,0,1
6,1,0,0,7
1,0,0,0,1
1,0,0,0,1
7,0,0,0,7
62,0,0,0,62
1,0,0,0,1
4,0,2,0,6
1,0,0,0,1
2,0,0,0,2
1,0,0,0,1
12,0,0,0,12
1,0,0,0,1
13,1,0,0,14
4,3,0,0,7
47,2,2,0,51
1,0,0,0,1
2,0,0,0,2
6,0,2,0,8
1,0,0,0,1
1,0,0,0,1
1,0,0,0,1
1,0,0,0,1
6,0,0,0,6
1,0,0,0,1
2,0,0,0,2
1,0,0,0,1
12,0,0,0,12
1,0,0,0,1
1,0,0,0,1
2,0,0,0,2
1,0,0,0,1
1,0,0,0,1
12,23,1,0,36
3,0,0,0,3
1,0,0,0,1
7,0,0,0,7
1,0,0,0,1
1,0,0,0,1
3,0,0,0,3
1,0,0,0,1
1,0,0,0,1
1,0,0,0,1
1,0,0,0,1
1,0,0,0,1
1,0,0,0,1
1,0,0,0,1
2,0,0,0,2
1,0,0,0,1
6,0,0,0,6
2,4,1,0,7
1,0,0,0,1
11,0,0,0,11
2,0,0,0,2
1,0,0,0,1
4,0,0,0,4
1,0,0,0,1
2,0,0,0,2
1,0,0,0,1
56,3,0,0,59
1,0,0,0,1
3,0,0,0,3
6,1,0,0,7
11,1,4,0,16
1,0,0,0,1
1,0,0,0,1
1,0,0,0,1
1,0,0,0,1
1,0,0,0,1
2,0,0,0,2
1,0,0,0,1
2,0,0,0,2
1,0,0,0,1
1,1,1,0,3
1,0,0,0,1
1,0,0,0,1
1,0,0,0,1
2,0,0,0,2
15,1,0,0,16
1,3,0,0,4
1,0,0,0,1
3,2,0,0,5
1,0,0,0,1
2,0,0,0,2
2,5,0,0,7
4,0,0,0,4
5,0,0,0,5
1,0,0,0,1
1,0,0,0,1
15,0,3,0,18
1,0,0,0,1
2,0,0,0,2
2,0,0,0,2
1,0,0,0,1
1,0,0,0,1
4,5,0,0,9
8,12,0,0,20
2,0,0,0,2
1,0,0,0,1
1,0,0,0,1
1,0,0,0,1
22,18,2,0,42
1,0,0,0,1
1,0,0,0,1
42,7,2,0,51
2,0,0,0,2
1,0,0,0,1
1,0,0,0,1
3,0,0,0,3
1,0,0,0,1
1,0,0,0,1
1,0,0,0,1
1,0,0,0,1
1,0,0,0,1
1,0,0,0,1
1,0,0,0,1
1,0,0,0,1
2,0,0,0,2
23,0,0,0,23
1,0,0,0,1
1,0,0,0,1
1,0,0,0,1
1,0,0,0,1
2,12,1,0,15
1,0,0,0,1
2,0,0,0,2
4,0,0,0,4
4,0,0,0,4
1,0,0,0,1
6,0,0,0,6
2,0,0,0,2
2,0,0,0,2
3,0,0,0,3
7,0,0,0,7
1,0,0,0,1
2,0,0,0,2
1,0,0,0,1
10,0,0,0,10
1,0,0,0,1
1,0,0,0,1
6,1,0,0,7
11,0,0,0,11
7,19,0,0,26
4,0,0,0,4
1,0,0,0,1
1,0,0,0,1
1,0,0,0,1
2,0,0,0,2
1,0,0,0,1
1,0,0,0,1
2,0,0,0,2
17,0,0,0,17
1,0,0,0,1
51,0,0,0,51
1,0,0,0,1
1,0,0,0,1
1,0,0,0,1
1,0,0,0,1
2,0,0,0,2
21,0,0,0,21
5,5,1,0,11
1,0,0,0,1
1,0,0,0,1
1,0,0,0,1
1,0,0,0,1
1,0,0,0,1
1,0,0,0,1
12,0,0,0,12
1,0,0,0,1
1,0,0,0,1
1,0,0,0,1
2,0,0,0,2
1,0,0,0,1
1,0,0,0,1
1,0,0,0,1
7,0,0,0,7
1,0,0,0,1
3,0,0,0,3
3,0,0,0,3
1,0,0,0,1
8,0,0,0,8
1,0,0,0,1
1,0,0,0,1
1,0,0,0,1
11,1,0,0,12
1,0,0,0,1
1,0,0,0,1
2,0,0,0,2
6,0,0,0,6
4,0,0,0,4
1,0,0,0,1
2,0,0,0,2
1,0,0,0,1
2,0,0,0,2
1,0,0,0,1
1,0,0,0,1
4,0,0,0,4
12,0,0,0,12
1,0,0,0,1
3,0,0,0,3
1,0,0,0,1
2,0,0,0,2
2,0,0,0,2
2,0,0,0,2
1,0,0,0,1
5,4,0,0,9
1,0,0,0,1
1,0,0,0,1
2,0,0,0,2
1,0,0,0,1
4,0,0,0,4
2,0,0,0,2
1,0,0,0,1
1,0,0,0,1
1,0,0,0,1
2,0,0,0,2
1,0,0,0,1
2,0,0,0,2
6,0,0,0,6
14,0,1,0,15
2,0,0,0,2
1,0,0,0,1
21,0,0,0,21
1,0,0,0,1
2,0,0,0,2
1,0,0,0,1
1,0,0,0,1
1,0,0,0,1
1,0,0,0,1
5,1,2,0,8
1,0,0,0,1
1,0,0,0,1
5,0,0,0,5
1,0,0,0,1
1,0,0,0,1
2,0,0,0,2
1,0,0,0,1
1,0,0,0,1
42,13,1,0,56
1,0,0,0,1
2,0,0,0,2
1,0,0,0,1
2,0,0,0,2
4,0,0,0,4
1,0,0,0,1
1,0,0,0,1
1,0,0,0,1
2,0,0,0,2
4,0,0,0,4
1,0,0,0,1
1,0,0,0,1
8,0,0,0,8
1,0,0,0,1
1,0,0,0,1
30,4,3,0,37
1,0,0,0,1
1,0,0,0,1
5,0,0,0,5
1,0,0,0,1
1,0,0,0,1
5,0,0,0,5
2,0,0,0,2
1,0,0,0,1
1,0,0,0,1
46,1,0,0,47
4,0,0,0,4
1,0,0,0,1
1,0,0,0,1
1,0,0,0,1
7,0,0,0,7
1,0,0,0,1
2,0,0,0,2
1,0,0,0,1
2,0,0,0,2
5,0,0,0,5
1,0,0,0,1
1,6,0,0,7
4,0,0,0,4
1,0,0,0,1
1,2,0,0,3
2,0,0,0,2
2,0,0,0,2
3,0,0,0,3
1,0,0,0,1
1,0,0,0,1
2,0,0,0,2
1,0,0,0,1
3,0,0,0,3
20,1,1,0,22
1,0,0,0,1
3,0,0,0,3
2,0,0,0,2
3,0,0,0,3
1,0,0,0,1
1,0,0,0,1
9,3,2,0,14
1,0,0,0,1
1,0,0,0,1
2,0,0,0,2
1,0,0,0,1
1,0,0,0,1
4,0,0,0,4
21,2,0,0,23
1,0,0,0,1
1,0,0,0,1
1,0,0,0,1
2,0,0,0,2
4,0,0,0,4
1,0,0,0,1
8,2,0,0,10
1,0,0,0,1
3,0,0,0,3
2,0,0,0,2
28,3,0,0,31
1,0,0,0,1
2,0,0,0,2
1,0,0,0,1
3,0,0,0,3
5,0,0,0,5
1,0,0,0,1
2,0,0,0,2
1,0,0,0,1
1,0,0,0,1
10,0,0,0,10
1,0,0,0,1
7,1,1,0,9
1,0,0,0,1
2,0,0,0,2
1,0,0,0,1
2,0,0,0,2
3,0,0,0,3
3,0,0,0,3
1,0,0,0,1
1,0,0,0,1
12,10,0,0,22
1,0,0,0,1
14,15,0,0,29
3,76,0,0,79
1,0,0,0,1
4,0,0,0,4
2,0,0,0,2
4,0,0,0,4
19,3,1,0,23
9,0,0,0,9
2,0,0,0,2
1,8,0,0,9
1,0,0,0,1
1,0,0,0,1
1,0,0,0,1
1,0,0,0,1
1,0,0,0,1
1,0,0,0,1
1,0,0,0,1
1,0,0,0,1
1,0,0,0,1
1,0,0,0,1
2,0,0,0,2
1,0,0,0,1
1,0,0,0,1
1,0,0,0,1
1,0,0,0,1
1,0,0,0,1
3,0,0,0,3
4,0,0,0,4
1,0,0,0,1
2,0,0,0,2
26,1,0,0,27
2,0,0,0,2
16,0,1,0,17
1,0,0,0,1
1,0,0,0,1
3,0,0,0,3
1,0,0,0,1
1,0,0,0,1
1,0,0,0,1
1,0,0,0,1
44,43,4,0,91
3,3,0,0,6
1,0,0,0,1
4,0,0,0,4
3,0,0,0,3
1,0,0,0,1
1,0,0,0,1
1,0,0,0,1
1,0,0,0,1
2,0,0,0,2
2,0,0,0,2
7,0,0,0,7
3,0,0,0,3
1,0,0,0,1
2,0,0,0,2
1,0,0,0,1
1,0,0,0,1
3,0,0,0,3
3,0,0,0,3
1,0,0,0,1
1,0,0,0,1
5,0,0,0,5
4,0,0,0,4
4,0,0,0,4
2,0,0,0,2
6,0,0,0,6
1,0,0,0,1
4,0,0,0,4
2,1,1,0,4
1,0,0,0,1
2,0,0,0,2
1,0,0,0,1
17,1,0,0,18
3,55,0,0,58
6,0,0,0,6
1,0,0,0,1
2,0,0,0,2
2,0,0,0,2
1,0,0,0,1
1,0,0,0,1
89,1,0,0,90
3,0,0,0,3
23,0,0,0,23
1,0,0,0,1
1,1,0,0,2
3,0,0,0,3
4,0,0,0,4
1,0,0,0,1
1,0,0,0,1
1,0,0,0,1
1,0,0,0,1
13,4,1,0,18
13,1,0,0,14
4,0,0,0,4
1,0,0,0,1
1,0,0,0,1
2,0,0,0,2
8,0,0,0,8
3,0,0,0,3
1,0,0,0,1
1,0,0,0,1
1,0,0,0,1
4,0,0,0,4
9,5,0,0,14
1,1,0,0,2
2,1,1,0,4
1,0,0,0,1
18,1,0,0,19
1,0,0,0,1
12,28,7,0,47
1,0,0,0,1
2,1,0,0,3
1,0,0,0,1
1,0,0,0,1
1,0,0,0,1
2,0,0,0,2
25,4,1,0,30
4,0,0,0,4
1,0,0,0,1
2,0,0,0,2
2,0,0,0,2
1,0,0,0,1
1,0,0,0,1
1,0,0,0,1
4,0,0,0,4
1,0,0,0,1
3,0,0,0,3
2,0,0,0,2
3,0,0,0,3
2,0,0,0,2
1,0,0,0,1
4,0,0,0,4
1,0,0,0,1
4,0,0,0,4
1,1,0,0,2
1,0,0,0,1
1,0,0,0,1
1,0,0,0,1
3,0,0,0,3
1,0,0,0,1
10,0,0,0,10
1,0,0,0,1
1,0,0,0,1
11,0,0,0,11
1,0,0,0,1
1,6,0,0,7
1,0,0,0,1
2,0,0,0,2
1,0,0,0,1
11,0,0,0,11
1,0,0,0,1
7,0,0,0,7
1,0,0,0,1
1,0,0,0,1
1,0,0,0,1
2,0,0,0,2
13,1,0,0,14
3,0,0,0,3
2,0,0,0,2
2,0,0,0,2
1,0,0,0,1
5,0,0,0,5
5,0,0,0,5
2,0,0,0,2
1,0,0,0,1
1,0,0,0,1
14,0,0,0,14
1,27,0,0,28
1,0,0,0,1
3,0,0,0,3
4,0,0,0,4
1,0,0,0,1
3,0,0,0,3
2,0,0,0,2
2,0,0,0,2
1,0,0,0,1
5,0,0,0,5
1,0,0,0,1
1,0,0,0,1
4,7,0,0,11
1,0,0,0,1
4,1,0,0,5
2,3,1,0,6
1,1,0,0,2
1,1,0,0,2
15,12,0,0,27
1,0,0,0,1
1,0,0,0,1
2,0,0,0,2
1,0,0,0,1
20,0,0,0,20
1,0,0,0,1
1,0,0,0,1
3,0,0,0,3
1,0,0,0,1
4,0,0,0,4
2,0,0,0,2
4,0,0,0,4
1,0,0,0,1
1,0,0,0,1
1,0,0,0,1
1,0,0,0,1
1,0,0,0,1
9,0,0,0,9
1,0,0,0,1
2,0,0,0,2
4,1,0,0,5
2,0,0,0,2
1,0,0,0,1
1,0,0,0,1
2,0,0,0,2
1,0,0,0,1
5,0,0,0,5
2,0,0,0,2
1,0,0,0,1
1,0,0,0,1
2,0,0,0,2
38,9,0,0,47
9,0,0,0,9
2,0,0,0,2
2,0,0,0,2
3,0,0,0,3
1,0,0,0,1
2,0,0,0,2
2,0,0,0,2
1,0,0,0,1
6,0,0,0,6
1,0,0,0,1
4,0,0,0,4
1,0,0,0,1
6,0,0,0,6
2,0,0,0,2
1,0,0,0,1
3,0,0,0,3
20,0,0,0,20
1,0,0,0,1
1,0,0,0,1
8,0,0,0,8
2,0,0,0,2
3,0,0,0,3
2,0,0,0,2
2,0,0,0,2
1,0,0,0,1
3,0,0,0,3
1,0,0,0,1
2,0,0,0,2
21,0,0,0,21
1,0,0,0,1
1,0,0,0,1
4,0,0,0,4
6,0,0,0,6
5,0,0,0,5
3,0,0,0,3
6,0,0,0,6
1,0,0,0,1
2,0,0,0,2
5,0,0,0,5
1,0,0,0,1
2,0,0,0,2
2,0,0,0,2
1,0,0,0,1
1,0,0,0,1
1,0,0,0,1
1,0,0,0,1
1,0,0,0,1
3,0,0,0,3
1,0,0,0,1
1,0,0,0,1
1,0,0,0,1
13,0,0,0,13
1,0,0,0,1
1,0,0,0,1
2,0,0,0,2
2,0,0,0,2
5,1,0,0,6
6,0,0,0,6
1,0,0,0,1
3,1,0,0,4
1,0,0,0,1
1,0,0,0,1
7,1,0,0,8
1,0,0,0,1
1,0,0,0,1
6,0,0,0,6
4,0,0,0,4
1,0,0,0,1
1,0,0,0,1
1,0,0,0,1
44,0,0,0,44
1,0,0,0,1
3,0,0,0,3
1,0,0,0,1
1,0,0,0,1
4,0,0,0,4
2,0,0,0,2
1,0,0,0,1
3,0,0,0,3
3,0,0,0,3
4,0,0,0,4
1,0,0,0,1
2,0,0,0,2
1,0,0,0,1
25,3,0,0,28
6,1,0,0,7
1,0,0,0,1
1,0,0,0,1
4,0,0,0,4
2,0,0,0,2
4,0,0,0,4
2,0,0,0,2
5,0,0,0,5
4,0,0,0,4
2,0,0,0,2
1,0,0,0,1
6,0,0,0,6
2,0,0,0,2
50,0,0,0,50
1,0,0,0,1
10,0,0,0,10
3,0,0,0,3
23,4,0,0,27
1,0,0,0,1
2,0,0,0,2
47,0,0,0,47
1,0,0,0,1
2,0,0,0,2
6,0,0,0,6
10,0,0,0,10
5,0,0,0,5
1,0,0,0,1
1,0,0,0,1
2,0,0,0,2
3,0,0,0,3
1,0,0,0,1
3,0,0,0,3
2,0,0,0,2
2,0,0,0,2
2,0,0,0,2
8,0,0,0,8
1,0,0,0,1
1,0,0,0,1
1,0,0,0,1
8,0,0,0,8
1,0,0,0,1
1,0,0,0,1
2,0,0,0,2
4,0,0,0,4
2,0,0,0,2
2,0,0,0,2
1,0,0,0,1
1,0,0,0,1
1,0,0,0,1
15,0,2,0,17
1,0,0,0,1
18,0,0,0,18
1,0,0,0,1
1,0,0,0,1
1,0,0,0,1
2,0,0,0,2
1,0,0,0,1
4,0,0,0,4
5,0,0,0,5
1,0,0,0,1
29,1,1,0,31
1,0,0,0,1
9,0,0,0,9
1,0,0,0,1
1,0,0,0,1
2,0,0,0,2
1,0,0,0,1
1,0,0,0,1
2,0,0,0,2
1,0,0,0,1
7,0,0,0,7
1,0,0,0,1
1,0,0,0,1
4,0,0,0,4
2,0,0,0,2
3,0,0,0,3
12,0,0,0,12
1,0,0,0,1
1,0,0,0,1
1,0,0,0,1
1,0,0,0,1
6,0,0,0,6
2,0,0,0,2
2,0,0,0,2
1,0,0,0,1
3,1,0,0,4
1,0,0,0,1
1,0,0,0,1
1,0,0,0,1
3,0,0,0,3
1,0,0,0,1
5,0,0,0,5
1,0,0,0,1
3,0,0,0,3
2,0,0,0,2
1,0,0,0,1
1,0,0,0,1
1,0,0,0,1
1,0,0,0,1
2,0,0,0,2
1,0,0,0,1
2,0,0,0,2
1,0,0,0,1
2,0,0,0,2
2,0,0,0,2
2,0,0,0,2
1,0,0,0,1
1,0,0,0,1
1,0,0,0,1
1,0,0,0,1
1,0,0,0,1
1,0,0,0,1
1,0,0,0,1
2,0,0,0,2
1,0,0,0,1
7,1,0,0,8
2,0,0,0,2
1,0,0,0,1
1,0,0,0,1
1,0,0,0,1
1,0,0,0,1
1,0,0,0,1
1,0,0,0,1
2,0,0,0,2
6,10,0,0,16
3,0,0,0,3
7,11,0,0,18
3,0,0,0,3
1,0,0,0,1
4,0,0,0,4
5,0,0,0,5
1,0,0,0,1
52,6,0,0,58
3,0,0,0,3
1,0,0,0,1
1,0,0,0,1
14,0,0,0,14
1,0,0,0,1
1,0,0,0,1
2,0,0,0,2
1,0,0,0,1
1,0,0,0,1
4,0,0,0,4
3,0,0,0,3
1,0,0,0,1
1,0,0,0,1
1,0,0,0,1
1,0,0,0,1
1,0,0,0,1
2,0,0,0,2
1,0,0,0,1
1,0,0,0,1
1,0,0,0,1
1,0,0,0,1
1,0,0,0,1
13,0,0,0,13
1,0,0,0,1
11,0,0,0,11
16,0,0,0,16
1,0,0,0,1
6,0,0,0,6
2,0,0,0,2
13,1,0,0,14
12,18,0,0,30
2,0,0,0,2
1,0,0,0,1
6,0,0,0,6
5,0,0,0,5
1,0,0,0,1
3,0,0,0,3
1,0,0,0,1
1,0,0,0,1
1,0,0,0,1
2,0,0,0,2
1,0,0,0,1
1,0,0,0,1
3,0,0,0,3
13,0,0,0,13
7,0,0,0,7
1,0,0,0,1
1,0,0,0,1
1,0,0,0,1
1,0,0,0,1
3,0,0,0,3
5,6,1,0,12
5,1,0,0,6
1,0,0,0,1
2,0,0,0,2
1,0,0,0,1
1,0,0,0,1
1,0,0,0,1
1,0,0,0,1
4,0,0,0,4
11,0,0,0,11
1,0,0,0,1
1,0,0,0,1
6,4,1,0,11
14,0,0,0,14
1,0,0,0,1
6,5,2,0,13
1,0,0,0,1
2,0,0,0,2
2,0,0,0,2
3,0,0,0,3
6,0,0,0,6
1,0,0,0,1
1,0,0,0,1
1,0,0,0,1
4,0,0,0,4
1,0,0,0,1
3,0,0,0,3
1,0,0,0,1
1,0,0,0,1
2,0,1,0,3
1,0,0,0,1
2,0,0,0,2
1,0,0,0,1
1,0,0,0,1
7,0,0,0,7
35,0,0,0,35
1,0,0,0,1
1,0,0,0,1
1,0,0,0,1
1,0,0,0,1
1,0,0,0,1
12,21,0,0,33
11,3,0,0,14
1,0,0,0,1
1,0,0,0,1
1,0,0,0,1
3,0,0,0,3
3,0,0,0,3
1,0,0,0,1
1,0,0,0,1
9,1,0,0,10
10,0,0,0,10
1,0,0,0,1
1,0,0,0,1
9,0,0,0,9
2,0,0,0,2
1,0,0,0,1
1,0,0,0,1
1,0,0,0,1
6,0,0,0,6
1,0,0,0,1
1,0,0,0,1
1,0,0,0,1
1,0,0,0,1
2,0,0,0,2
1,0,0,0,1
3,0,0,0,3
3,0,0,0,3
6,1,1,0,8
1,0,0,0,1
2,0,0,0,2
5,0,0,0,5
3,0,0,0,3
4,0,0,0,4
1,0,0,0,1
9,10,0,0,19
1,0,0,0,1
1,0,0,0,1
3,0,0,0,3
3,0,0,0,3
3,0,0,0,3
2,0,0,0,2
4,0,0,0,4
1,0,0,0,1
1,0,0,0,1
7,0,0,0,7
2,0,0,0,2
1,0,0,0,1
1,0,0,0,1
8,0,0,0,8
1,0,0,0,1
15,5,3,0,23
2,0,0,0,2
1,0,0,0,1
1,0,0,0,1
1,0,0,0,1
9,0,0,0,9
1,0,0,0,1
3,2,0,0,5
1,0,0,0,1
1,0,0,0,1
2,0,0,0,2
1,0,0,0,1
4,1,0,0,5
1,0,0,0,1
2,0,0,0,2
15,0,0,0,15
1,0,0,0,1
1,0,0,0,1
13,0,0,0,13
2,0,0,0,2
8,0,0,0,8
1,0,0,0,1
2,0,0,0,2
3,0,0,0,3
1,0,0,0,1
1,0,0,0,1
1,0,0,0,1
1,0,0,0,1
1,0,0,0,1
6,0,0,0,6
2,0,0,0,2
2,0,0,0,2
2,0,0,0,2
1,0,0,0,1
4,0,0,0,4
3,19,0,0,22
1,0,0,0,1
1,0,0,0,1
1,0,0,0,1
1,0,0,0,1
1,0,0,0,1
1,0,0,0,1
5,4,0,0,9
2,0,0,0,2
1,0,0,0,1
12,0,0,0,12
1,0,0,0,1
1,0,0,0,1
1,0,0,0,1
2,0,0,0,2
3,0,0,0,3
1,0,0,0,1
1,0,0,0,1
2,0,0,0,2
2,0,0,0,2
3,49,0,0,52
4,0,0,0,4
2,0,0,0,2
8,0,0,0,8
1,0,0,0,1
38,0,0,0,38
1,0,0,0,1
10,18,2,0,30
1,0,0,0,1
1,0,0,0,1
1,0,0,0,1
5,1,0,0,6
1,0,0,0,1
7,0,0,0,7
1,0,0,0,1
25,0,0,0,25
7,1,0,0,8
3,0,0,0,3
1,0,0,0,1
4,0,0,0,4
1,0,0,0,1
2,0,0,0,2
1,0,0,0,1
8,0,0,0,8
1,0,0,0,1
9,0,0,0,9
1,0,0,0,1
2,0,0,0,2
3,0,0,0,3
2,0,0,0,2
4,0,0,0,4
2,0,0,0,2
1,0,0,0,1
1,0,0,0,1
1,0,0,0,1
1,0,0,0,1
1,0,0,0,1
26,0,0,0,26
2,2,0,0,4
1,0,0,0,1
1,0,0,0,1
3,0,0,0,3
1,7,0,0,8
1,0,0,0,1
5,9,2,0,16
1,0,0,0,1
2,0,0,0,2
3,3,0,0,6
8,0,0,0,8
2,0,0,0,2
2,0,0,0,2
1,0,0,0,1
2,0,0,0,2
1,0,0,0,1
5,0,0,0,5
2,0,0,0,2
1,0,0,0,1
2,0,0,0,2
1,0,0,0,1
3,0,0,0,3
1,0,0,0,1
1,0,0,0,1
1,0,0,0,1
2,6,0,0,8
1,0,0,0,1
1,0,0,0,1
6,0,0,0,6
1,0,0,0,1
1,0,0,0,1
27,0,0,0,27
1,0,0,0,1
3,0,0,0,3
4,0,0,0,4
1,0,0,0,1
1,0,0,0,1
1,0,0,0,1
1,0,0,0,1
1,0,0,0,1
1,0,0,0,1
3,0,0,0,3
6,0,0,0,6
1,0,0,0,1
1,0,0,0,1
3,0,0,0,3
1,0,0,0,1
1,0,0,0,1
2,0,0,0,2
1,0,0,0,1
2,171,0,0,173
8,0,0,0,8
1,0,0,0,1
2,0,0,0,2
1,0,0,0,1
10,1,0,0,11
4,4,0,0,8
2,0,0,0,2
2,0,0,0,2
1,0,0,0,1
3,0,0,0,3
3,0,0,0,3
1,0,0,0,1
1,0,0,0,1
1,0,0,0,1
1,0,0,0,1
7,0,0,0,7
1,0,0,0,1
1,0,0,0,1
1,0,0,0,1
1,0,0,0,1
1,0,0,0,1
1,0,0,0,1
1,0,0,0,1
1,0,0,0,1
1,0,0,0,1
1,0,0,0,1
1,0,0,0,1
2,0,0,0,2
3,0,0,0,3
21,1,0,0,22
1,0,0,0,1
9,40,9,0,58
1,0,0,0,1
17,0,0,0,17
1,0,0,0,1
4,0,0,0,4
1,0,0,0,1
1,0,0,0,1
19,0,0,0,19
1,0,0,0,1
2,0,0,0,2
1,0,0,0,1
1,0,0,0,1
8,2,1,0,11
1,0,0,0,1
7,2,0,0,9
4,0,0,0,4
11,1,0,0,12
1,0,0,0,1
1,0,0,0,1
1,0,0,0,1
2,0,0,0,2
1,0,0,0,1
4,0,0,0,4
15,0,0,0,15
2,0,0,0,2
1,0,0,0,1
3,0,0,0,3
1,0,0,0,1
1,0,0,0,1
1,0,0,0,1
16,0,0,0,16
11,0,0,0,11
3,0,0,0,3
1,0,0,0,1
1,0,0,0,1
5,0,0,0,5
1,0,0,0,1
1,0,0,0,1
1,0,0,0,1
1,0,0,0,1
2,0,0,0,2
2,0,0,0,2
14,0,0,0,14
5,0,0,0,5
1,0,0,0,1
3,1,0,0,4
1,0,0,0,1
1,0,0,0,1
1,0,0,0,1
2,0,0,0,2
1,0,0,0,1
2,0,0,0,2
5,0,0,0,5
13,1,0,0,14
1,0,0,0,1
1,0,0,0,1
1,0,0,0,1
1,0,0,0,1
1,0,0,0,1
1,0,0,0,1
4,0,0,0,4
3,0,0,0,3
1,0,0,0,1
1,0,0,0,1
1,0,0,0,1
1,0,0,0,1
1,0,0,0,1
5,0,0,0,5
1,0,0,0,1
3,0,0,0,3
1,0,0,0,1
1,0,0,0,1
20,1,0,0,21
2,0,0,0,2
1,0,0,0,1
1,0,0,0,1
6,31,4,0,41
2,0,0,0,2
1,0,0,0,1
2,0,0,0,2
3,0,0,0,3
38,0,0,0,38
1,0,0,0,1
1,0,0,0,1
5,1,0,0,6
2,0,0,0,2
1,0,0,0,1
1,0,0,0,1
2,0,0,0,2
2,0,0,0,2
2,0,0,0,2
2,0,0,0,2
11,0,0,0,11
18,0,0,0,18
7,0,0,0,7
1,0,0,0,1
3,0,0,0,3
2,0,0,0,2
109,1,0,0,110
1,0,0,0,1
1,0,0,0,1
6,0,0,0,6
2,0,0,0,2
1,0,0,0,1
6,0,0,0,6
1,0,0,0,1
4,0,0,0,4
2,0,0,0,2
2,0,0,0,2
1,0,0,0,1
3,0,0,0,3
2,0,0,0,2
1,0,0,0,1
7,0,0,0,7
1,0,0,0,1
4,0,0,0,4
2,0,0,0,2
1,0,0,0,1
4,0,0,0,4
2,0,0,0,2
7,0,0,0,7
1,0,0,0,1
3,0,0,0,3
1,0,0,0,1
1,0,0,0,1
3,0,0,0,3
1,0,0,0,1
1,0,0,0,1
2,0,0,0,2
1,0,0,0,1
5,0,0,0,5
1,0,0,0,1
1,0,0,0,1
19,0,0,0,19
4,0,0,0,4
1,0,0,0,1
1,0,0,0,1
5,0,0,0,5
1,0,0,0,1
1,0,0,0,1
2,0,0,0,2
5,0,0,0,5
1,0,0,0,1
8,0,0,0,8
5,3,0,0,8
1,0,0,0,1
1,0,0,0,1
3,0,0,0,3
3,0,0,0,3
26,0,0,0,26
7,0,0,0,7
13,0,0,0,13
1,0,0,0,1
1,0,0,0,1
1,0,0,0,1
1,0,0,0,1
1,0,0,0,1
2,0,0,0,2
9,0,0,0,9
1,0,0,0,1
2,0,0,0,2
2,0,0,0,2
8,1,0,0,9
2,0,0,0,2
2,0,0,0,2
1,0,0,0,1
1,0,0,0,1
1,0,0,0,1
11,1,0,0,12
2,0,0,0,2
3,0,0,0,3
2,0,0,0,2
1,0,0,0,1
1,0,0,0,1
1,0,0,0,1
1,0,0,0,1
1,0,0,0,1
4,0,0,0,4
1,0,0,0,1
1,0,0,0,1
4,0,0,0,4
2,0,0,0,2
26,1,1,0,28
1,0,0,0,1
10,1,0,0,11
2,0,0,0,2
1,0,0,0,1
3,0,0,0,3
4,0,0,0,4
1,0,0,0,1
1,0,0,0,1
1,0,0,0,1
1,0,0,0,1
1,0,0,0,1
1,0,0,0,1
1,0,0,0,1
1,0,0,0,1
2,0,0,0,2
1,0,0,0,1
26,2,0,0,28
1,0,0,0,1
4,2,0,0,6
1,0,0,0,1
17,0,0,0,17
9,0,0,0,9
1,0,0,0,1
1,0,0,0,1
2,0,0,0,2
2,0,0,0,2
1,0,0,0,1
2,0,0,0,2
1,0,0,0,1
1,0,0,0,1
1,0,0,0,1
5,0,0,0,5
1,0,0,0,1
1,0,0,0,1
1,0,0,0,1
1,0,0,0,1
1,0,0,0,1
1,0,0,0,1
1,0,0,0,1
1,0,0,0,1
2,0,0,0,2
5,0,0,0,5
1,0,0,0,1
4,0,0,0,4
1,0,0,0,1
2,0,0,0,2
2,0,0,0,2
2,4,0,0,6
1,3,3,0,7
2,0,0,0,2
10,0,0,0,10
3,0,0,0,3
1,0,0,0,1
1,0,0,0,1
3,0,0,0,3
1,0,0,0,1
1,0,0,0,1
1,0,0,0,1
1,0,0,0,1
1,0,0,0,1
10,0,0,0,10
1,0,0,0,1
5,0,0,0,5
1,0,0,0,1
3,0,0,0,3
1,0,0,0,1
4,0,0,0,4
5,4,1,0,10
1,0,0,0,1
1,0,0,0,1
9,2,0,0,11
6,0,0,0,6
8,1,0,0,9
1,0,0,0,1
3,0,0,0,3
1,0,0,0,1
1,0,0,0,1
3,0,0,0,3
2,0,0,0,2
12,0,0,0,12
3,0,0,0,3
1,0,0,0,1
7,0,0,0,7
1,0,0,0,1
2,0,0,0,2
2,0,0,0,2
1,0,0,0,1
1,0,0,0,1
1,0,0,0,1
1,0,0,0,1
2,3,2,0,7
9,0,0,0,9
1,0,0,0,1
1,0,0,0,1
2,0,0,0,2
1,0,0,0,1
15,25,0,0,40
1,0,0,0,1
1,0,0,0,1
10,0,0,0,10
1,0,0,0,1
2,0,0,0,2
7,0,0,0,7
5,9,1,0,15
2,0,0,0,2
4,0,0,0,4
1,0,0,0,1
1,0,0,0,1
4,0,0,0,4
2,0,0,0,2
3,0,0,0,3
1,0,0,0,1
1,0,0,0,1
30,0,0,0,30
2,0,0,0,2
18,0,0,0,18
2,0,0,0,2
2,0,0,0,2
1,0,0,0,1
1,0,0,0,1
1,0,0,0,1
9,4,0,0,13
1,0,0,0,1
1,0,0,0,1
4,0,0,0,4
3,0,0,0,3
1,0,0,0,1
1,0,0,0,1
3,0,0,0,3
2,0,0,0,2
1,0,0,0,1
2,0,0,0,2
1,0,0,0,1
1,0,0,0,1
1,0,0,0,1
6,8,0,0,14
1,1,0,0,2
1,0,0,0,1
1,0,0,0,1
1,0,0,0,1
9,0,0,0,9
2,0,0,0,2
3,0,0,0,3
1,0,0,0,1
1,0,0,0,1
1,0,0,0,1
1,0,0,0,1
16,0,0,0,16
1,0,0,0,1
2,0,0,0,2
5,3,0,0,8
2,0,0,0,2
1,0,0,0,1
4,0,0,0,4
26,5,0,0,31
1,0,0,0,1
1,0,0,0,1
1,0,0,0,1
1,0,0,0,1
9,0,0,0,9
2,0,0,0,2
1,0,0,0,1
11,0,0,0,11
2,0,0,0,2
3,0,0,0,3
9,1,0,0,10
1,0,0,0,1
1,0,0,0,1
6,0,0,0,6
3,0,0,0,3
2,0,0,0,2
4,0,0,0,4
17,6,1,0,24
2,0,0,0,2
4,0,0,0,4
1,0,0,0,1
1,0,0,0,1
1,0,0,0,1
1,0,0,0,1
1,0,0,0,1
4,0,0,0,4
1,0,0,0,1
1,0,0,0,1
1,0,0,0,1
6,0,0,0,6
1,0,0,0,1
4,0,0,0,4
1,0,0,0,1
52,35,2,0,89
2,0,0,0,2
15,0,0,0,15
1,0,0,0,1
7,1,1,0,9
2,0,0,0,2
2,0,0,0,2
1,0,0,0,1
6,0,0,0,6
1,0,0,0,1
1,0,0,0,1
1,0,0,0,1
2,0,0,0,2
1,0,0,0,1
1,0,0,0,1
1,0,0,0,1
1,0,0,0,1
10,2,0,0,12
2,0,0,0,2
3,4,0,0,7
1,0,0,0,1
3,0,0,0,3
5,0,0,0,5
1,0,0,0,1
5,1,0,0,6
2,0,0,0,2
3,0,0,0,3
2,0,0,0,2
4,0,0,0,4
1,0,0,0,1
5,0,0,0,5
1,0,0,0,1
1,0,0,0,1
1,2,0,0,3
2,0,0,0,2
6,0,0,0,6
1,0,0,0,1
2,0,0,0,2
1,0,0,0,1
1,0,0,0,1
1,0,0,0,1
1,0,0,0,1
1,1,0,0,2
1,0,0,0,1
74,17,0,0,91
3,0,0,0,3
1,0,0,0,1
1,0,0,0,1
1,0,0,0,1
1,0,0,0,1
1,0,0,0,1
3,0,0,0,3
3,0,0,0,3
1,0,0,0,1
3,0,0,0,3
7,0,0,0,7
2,0,0,0,2
1,0,0,0,1
11,1,0,0,12
2,0,0,0,2
1,0,0,0,1
13,0,0,0,13
1,1,0,0,2
2,0,0,0,2
1,0,0,0,1
1,0,0,0,1
1,0,0,0,1
1,0,0,0,1
6,0,0,0,6
3,0,0,0,3
1,0,0,0,1
2,0,0,0,2
1,0,0,0,1
3,0,0,0,3
1,0,0,0,1
2,0,0,0,2
5,4,0,0,9
4,1,0,0,5
1,0,0,0,1
4,0,0,0,4
1,0,0,0,1
20,0,0,0,20
1,0,0,0,1
1,0,0,0,1
12,0,0,0,12
10,8,7,0,25
10,0,0,0,10
4,0,0,0,4
3,0,0,0,3
2,0,0,0,2
4,0,0,0,4
1,0,0,0,1
1,0,0,0,1
1,0,0,0,1
1,0,0,0,1
1,0,0,0,1
2,0,0,0,2
1,0,0,0,1
1,0,0,0,1
1,0,0,0,1
1,0,0,0,1
5,0,0,0,5
14,0,0,0,14
3,0,0,0,3
1,0,0,0,1
1,0,0,0,1
2,0,0,0,2
3,0,0,0,3
1,0,0,0,1
13,0,0,0,13
31,0,0,0,31
3,0,0,0,3
1,0,0,0,1
1,0,0,0,1
1,0,0,0,1
1,0,0,0,1
1,0,0,0,1
1,0,0,0,1
2,0,0,0,2
1,0,0,0,1
2,0,0,0,2
1,0,0,0,1
1,0,0,0,1
1,0,0,0,1
2,0,0,0,2
1,0,0,0,1
2,0,0,0,2
2,0,0,0,2
1,0,0,0,1
2,0,0,0,2
1,0,0,0,1
14,0,0,0,14
1,0,0,0,1
3,0,0,0,3
1,0,0,0,1
1,0,0,0,1
1,0,0,0,1
2,1,0,0,3
3,0,0,0,3
1,0,0,0,1
2,0,0,0,2
10,3,1,0,14
3,0,0,0,3
16,0,0,0,16
16,14,0,0,30
1,4,0,0,5
1,0,0,0,1
1,0,0,0,1
5,0,0,0,5
3,0,0,0,3
65,0,0,0,65
1,0,0,0,1
5,0,0,0,5
1,0,0,0,1
3,0,0,0,3
1,0,0,0,1
1,0,0,0,1
1,0,0,0,1
2,0,0,0,2
7,3,0,0,10
1,0,0,0,1
1,0,0,0,1
1,0,0,0,1
38,11,0,0,49
1,0,0,0,1
1,0,0,0,1
1,0,0,0,1
1,0,0,0,1
1,0,0,0,1
1,0,0,0,1
23,0,0,0,23
2,0,0,0,2
1,0,0,0,1
11,4,0,0,15
1,0,0,0,1
1,0,0,0,1
1,0,0,0,1
1,0,0,0,1
2,0,0,0,2
1,0,0,0,1
1,0,0,0,1
4,0,0,0,4
1,0,0,0,1
10,0,0,0,10
3,0,0,0,3
2,0,0,0,2
1,0,0,0,1
1,0,0,0,1
3,0,0,0,3
1,0,0,0,1
5,0,0,0,5
3,0,0,0,3
9,0,0,0,9
2,0,0,0,2
2,6,0,0,8
2,0,0,0,2
68,1,0,0,69
1,0,0,0,1
1,0,0,0,1
1,0,0,0,1
1,0,0,0,1
1,0,0,0,1
5,0,0,0,5
1,0,0,0,1
2,0,0,0,2
1,0,0,0,1
1,0,0,0,1
1,0,0,0,1
1,0,0,0,1
2,5,0,0,7
1,0,0,0,1
1,0,0,0,1
2,0,0,0,2
4,0,0,0,4
14,0,0,0,14
25,0,0,0,25
6,0,0,0,6
1,0,0,0,1
3,0,0,0,3
3,108,11,0,122
2,0,0,0,2
2,0,0,0,2
1,0,0,0,1
1,0,0,0,1
1,0,0,0,1
1,0,0,0,1
6,0,0,0,6
2,0,0,0,2
1,0,0,0,1
7,0,0,0,7
1,0,0,0,1
1,0,0,0,1
1,0,0,0,1
1,0,0,0,1
7,0,0,0,7
1,0,0,0,1
1,0,0,0,1
1,0,0,0,1
2,0,0,0,2
3,0,0,0,3
1,0,0,0,1
6,0,0,0,6
2,0,0,0,2
1,0,0,0,1
1,0,0,0,1
1,0,0,0,1
1,0,0,0,1
1,0,0,0,1
1,0,0,0,1
2,0,0,0,2
1,0,0,0,1
1,0,0,0,1
1,0,0,0,1
7,8,1,0,16
2,0,0,0,2
6,0,0,0,6
2,0,0,0,2
11,0,0,0,11
1,0,0,0,1
1,0,0,0,1
1,0,0,0,1
1,0,0,0,1
1,0,0,0,1
3,0,0,0,3
1,0,0,0,1
1,0,0,0,1
1,0,0,0,1
4,0,0,0,4
2,0,0,0,2
15,0,0,0,15
1,0,0,0,1
1,0,0,0,1
1,0,0,0,1
3,0,0,0,3
1,0,0,0,1
3,0,0,0,3
1,0,0,0,1
1,0,0,0,1
15,0,0,0,15
1,0,0,0,1
1,0,0,0,1
21,5,0,0,26
1,0,0,0,1
2,21,1,0,24
1,0,0,0,1
1,1,1,0,3
1,0,0,0,1
1,0,0,0,1
1,0,0,0,1
1,0,0,0,1
1,0,0,0,1
1,0,0,0,1
2,0,0,0,2
1,0,0,0,1
1,0,0,0,1
1,0,0,0,1
4,0,0,0,4
2,0,0,0,2
4,1,0,0,5
1,0,0,0,1
3,0,0,0,3
2,0,0,0,2
4,1,0,0,5
3,0,0,0,3
1,0,0,0,1
2,1,0,0,3
1,0,0,0,1
1,0,0,0,1
1,0,0,0,1
1,0,0,0,1
3,0,0,0,3
2,0,0,0,2
1,0,0,0,1
4,0,0,0,4
1,0,0,0,1
1,0,0,0,1
2,0,0,0,2
1,0,0,0,1
1,0,0,0,1
2,5,0,0,7
3,0,0,0,3
1,0,0,0,1
7,0,0,0,7
5,2,0,0,7
1,0,0,0,1
1,0,0,0,1
3,0,0,0,3
1,0,0,0,1
4,0,0,0,4
1,0,0,0,1
1,0,0,0,1
13,1,2,0,16
2,0,0,0,2
27,0,0,0,27
1,0,0,0,1
1,0,0,0,1
8,0,0,0,8
2,0,0,0,2
3,0,0,0,3
1,0,0,0,1
1,0,0,0,1
1,0,0,0,1
3,0,0,0,3
27,0,0,0,27
1,0,0,0,1
5,0,0,0,5
1,0,0,0,1
3,0,0,0,3
1,0,0,0,1
1,0,0,0,1
1,0,0,0,1
1,0,0,0,1
1,0,0,0,1
5,10,1,0,16
1,0,0,0,1
2,0,0,0,2
1,0,0,0,1
2,0,0,0,2
1,0,0,0,1
2,0,0,0,2
3,0,0,0,3
1,0,0,0,1
1,0,0,0,1
10,0,0,0,10
1,0,0,0,1
1,0,0,0,1
1,0,0,0,1
1,0,0,0,1
2,36,3,0,41
1,0,0,0,1
3,0,0,0,3
4,26,0,0,30
4,0,0,0,4
2,0,0,0,2
1,0,0,0,1
1,0,0,0,1
11,0,0,0,11
5,0,0,0,5
1,0,0,0,1
1,0,0,0,1
1,0,0,0,1
1,2,0,0,3
1,0,1,0,2
13,2,2,0,17
1,0,0,0,1
1,0,0,0,1
1,0,0,0,1
1,0,0,0,1
2,0,0,0,2
2,0,0,0,2
1,0,0,0,1
15,2,0,0,17
2,0,0,0,2
1,0,0,0,1
1,0,0,0,1
3,0,0,0,3
3,0,0,0,3
2,0,0,0,2
1,0,0,0,1
2,0,0,0,2
1,0,0,0,1
1,0,0,0,1
2,0,0,0,2
1,0,0,0,1
20,6,1,0,27
1,0,0,0,1
1,0,0,0,1
1,0,0,0,1
1,0,0,0,1
1,0,0,0,1
1,0,0,0,1
1,0,0,0,1
6,0,0,0,6
1,0,0,0,1
1,0,0,0,1
1,0,0,0,1
1,0,0,0,1
1,0,0,0,1
1,0,0,0,1
2,0,0,0,2
1,0,0,0,1
7,0,0,0,7
2,0,0,0,2
1,0,0,0,1
28,0,0,0,28
1,0,0,0,1
1,0,0,0,1
1,0,0,0,1
1,0,0,0,1
4,0,0,0,4
9,2,0,0,11
2,0,0,0,2
1,0,0,0,1
1,0,0,0,1
1,0,0,0,1
1,0,0,0,1
1,0,0,0,1
1,0,0,0,1
2,0,0,0,2
1,0,0,0,1
2,0,0,0,2
1,0,0,0,1
1,0,0,0,1
23,0,0,0,23
1,0,0,0,1
2,0,0,0,2
1,0,0,0,1
3,0,0,0,3
1,0,0,0,1
2,4,0,0,6
2,0,0,0,2
1,0,0,0,1
2,0,0,0,2
1,0,0,0,1
2,0,0,0,2
1,0,0,0,1
2,0,0,0,2
1,0,0,0,1
1,0,0,0,1
1,2,0,0,3
3,0,0,0,3
1,0,0,0,1
3,0,0,0,3
7,0,0,0,7
1,0,0,0,1
1,0,0,0,1
4,0,0,0,4
6,0,0,0,6
1,0,0,0,1
1,0,0,0,1
1,0,0,0,1
4,0,0,0,4
1,0,0,0,1
1,0,0,0,1
1,0,0,0,1
2,0,0,0,2
1,0,0,0,1
1,0,0,0,1
2,0,0,0,2
1,0,0,0,1
2,0,0,0,2
1,0,0,0,1
1,0,0,0,1
17,4,1,0,22
1,0,0,0,1
1,0,0,0,1
3,0,0,0,3
7,0,0,0,7
3,0,0,0,3
4,0,0,0,4
1,0,0,0,1
1,0,0,0,1
2,0,0,0,2
5,0,0,0,5
2,0,0,0,2
1,0,0,0,1
1,0,0,0,1
3,0,0,0,3
8,0,0,0,8
2,0,0,0,2
4,2,1,0,7
2,0,0,0,2
5,10,2,0,17
4,1,0,0,5
1,0,0,0,1
4,0,0,0,4
3,21,1,0,25
1,0,0,0,1
1,0,0,0,1
1,0,0,0,1
1,0,0,0,1
20,1,0,0,21
1,0,0,0,1
1,0,0,0,1
4,0,0,0,4
2,0,0,0,2
2,0,0,0,2
1,0,0,0,1
5,0,0,0,5
2,0,0,0,2
7,2,0,0,9
1,0,0,0,1
1,0,0,0,1
1,0,0,0,1
1,0,0,0,1
1,0,0,0,1
5,0,0,0,5
1,0,0,0,1
3,0,0,0,3
6,0,0,0,6
1,0,0,0,1
1,0,0,0,1
2,0,0,0,2
1,0,0,0,1
1,0,0,0,1
1,0,0,0,1
1,0,0,0,1
2,0,0,0,2
4,0,0,0,4
1,0,0,0,1
1,0,0,0,1
4,0,0,0,4
1,0,0,0,1
2,0,0,0,2
1,0,0,0,1
1,0,0,0,1
1,0,0,0,1
1,0,0,0,1
1,0,0,0,1
1,0,0,0,1
10,0,0,0,10
1,0,0,0,1
1,0,0,0,1
1,0,0,0,1
6,0,0,0,6
1,0,0,0,1
6,4,0,0,10
2,0,0,0,2
1,0,0,0,1
1,0,0,0,1
1,0,0,0,1
1,0,0,0,1
1,0,0,0,1
1,0,0,0,1
4,0,0,0,4
1,0,0,0,1
7,0,0,0,7
2,0,0,0,2
1,0,0,0,1
2,0,0,0,2
1,0,0,0,1
16,6,2,0,24
2,0,0,0,2
1,0,0,0,1
1,0,0,0,1
3,0,0,0,3
1,0,0,0,1
1,0,0,0,1
10,0,0,0,10
1,0,0,0,1
1,0,0,0,1
1,0,0,0,1
1,0,0,0,1
8,0,0,0,8
5,0,0,0,5
2,0,0,0,2
3,0,0,0,3
1,0,0,0,1
2,0,0,0,2
1,0,0,0,1
1,0,0,0,1
1,0,0,0,1
39,2,0,0,41
3,0,0,0,3
1,0,0,0,1
7,1,2,0,10
1,0,0,0,1
1,0,0,0,1
3,17,2,0,22
1,31,0,0,32
1,0,0,0,1
1,0,0,0,1
13,0,0,0,13
1,0,0,0,1
1,0,0,0,1
1,0,0,0,1
20,1,0,0,21
1,0,0,0,1
1,0,0,0,1
3,0,0,0,3
2,0,0,0,2
1,0,0,0,1
1,0,0,0,1
2,0,0,0,2
8,0,0,0,8
1,0,0,0,1
4,0,0,0,4
4,0,0,0,4
2,0,0,0,2
4,0,0,0,4
2,0,0,0,2
1,0,0,0,1
7,592,4,0,603
1,0,0,0,1
1,0,0,0,1
1,0,0,0,1
2,0,0,0,2
1,0,0,0,1
1,0,0,0,1
1,0,0,0,1
8,9,0,0,17
1,0,0,0,1
1,0,0,0,1
8,0,0,0,8
1,0,0,0,1
2,0,0,0,2
12,0,0,0,12
3,3,0,0,6
9,0,0,0,9
2,0,0,0,2
1,0,0,0,1
3,0,0,0,3
1,0,0,0,1
16,0,0,0,16
2,0,0,0,2
1,0,0,0,1
1,0,0,0,1
1,0,0,0,1
1,0,0,0,1
1,0,0,0,1
1,0,0,0,1
2,0,0,0,2
7,1,0,0,8
1,0,0,0,1
3,1,0,0,4
4,0,0,0,4
1,0,0,0,1
1,0,0,0,1
3,0,0,0,3
2,0,0,0,2
2,0,0,0,2
1,0,0,0,1
11,0,0,0,11
5,0,0,0,5
2,0,0,0,2
1,0,0,0,1
1,0,0,0,1
1,0,0,0,1
1,0,0,0,1
1,0,0,0,1
1,0,0,0,1
1,0,0,0,1
1,0,0,0,1
1,0,0,0,1
2,0,0,0,2
1,0,0,0,1
1,0,0,0,1
1,0,0,0,1
2,0,0,0,2
1,0,0,0,1
28,0,0,0,28
2,0,0,0,2
1,0,0,0,1
1,0,0,0,1
4,1,1,0,6
1,0,0,0,1
1,0,0,0,1
7,0,0,0,7
1,0,0,0,1
1,0,0,0,1
2,1,0,0,3
9,35,1,0,45
1,0,0,0,1
1,0,0,0,1
1,0,0,0,1
1,0,0,0,1
96,0,0,0,96
1,0,0,0,1
1,0,0,0,1
9,0,0,0,9
1,0,0,0,1
1,0,0,0,1
1,0,0,0,1
1,0,0,0,1
3,0,0,0,3
1,0,0,0,1
1,0,0,0,1
1,0,0,0,1
2,0,0,0,2
7,0,0,0,7
6,0,0,0,6
2,0,0,0,2
1,0,0,0,1
1,0,0,0,1
1,0,0,0,1
1,0,0,0,1
1,0,0,0,1
2,0,0,0,2
1,0,0,0,1
2,0,0,0,2
1,0,0,0,1
1,0,0,0,1
1,0,0,0,1
4,0,0,0,4
1,0,0,0,1
2,0,0,0,2
1,0,0,0,1
1,0,0,0,1
1,0,0,0,1
10,20,0,0,30
3,0,0,0,3
1,0,0,0,1
2,0,0,0,2
12,0,0,0,12
1,0,0,0,1
2,0,0,0,2
6,0,0,0,6
1,0,0,0,1
21,4,1,0,26
9,0,0,0,9
1,0,0,0,1
1,0,0,0,1
1,0,0,0,1
16,0,0,0,16
2,0,0,0,2
1,0,0,0,1
3,2,1,0,6
1,0,0,0,1
2,0,0,0,2
1,0,0,0,1
1,0,0,0,1
1,0,0,0,1
3,0,0,0,3
1,0,0,0,1
1,0,0,0,1
5,0,0,0,5
8,0,0,0,8
9,0,0,0,9
2,0,0,0,2
2,0,0,0,2
2,0,0,0,2
1,0,0,0,1
1,0,0,0,1
1,0,0,0,1
2,0,0,0,2
1,0,0,0,1
11,0,0,0,11
1,0,0,0,1
1,0,0,0,1
12,0,0,0,12
12,6,0,0,18
1,0,0,0,1
3,0,0,0,3
1,0,0,0,1
4,0,0,0,4
4,0,0,0,4
6,0,0,0,6
1,0,0,0,1
1,0,0,0,1
1,0,0,0,1
5,0,0,0,5
1,0,0,0,1
1,0,0,0,1
1,0,0,0,1
3,0,0,0,3
1,0,0,0,1
2,0,0,0,2
1,0,0,0,1
1,0,0,0,1
2,0,0,0,2
9,0,0,0,9
31,33,0,0,64
5,0,0,0,5
1,0,0,0,1
9,0,0,0,9
1,0,0,0,1
4,0,0,0,4
1,0,0,0,1
1,0,0,0,1
1,0,0,0,1
6,1,0,0,7
6,0,0,0,6
1,3,0,0,4
1,0,0,0,1
1,0,0,0,1
1,0,0,0,1
1,0,0,0,1
1,0,0,0,1
1,0,0,0,1
8,5,0,0,13
1,0,0,0,1
1,0,0,0,1
21,0,0,0,21
7,0,0,0,7
1,0,0,0,1
1,0,0,0,1
2,0,0,0,2
1,0,0,0,1
1,0,0,0,1
1,0,0,0,1
1,0,0,0,1
5,0,0,0,5
1,0,0,0,1
1,0,0,0,1
3,0,0,0,3
1,0,0,0,1
1,0,0,0,1
2,0,0,0,2
1,0,0,0,1
1,0,0,0,1
1,0,0,0,1
1,0,0,0,1
3,0,0,0,3
1,0,0,0,1
1,0,0,0,1
1,0,0,0,1
1,0,0,0,1
1,0,0,0,1
1,0,0,0,1
5,0,0,0,5
2,0,0,0,2
1,0,0,0,1
2,0,0,0,2
5,1,1,0,7
1,0,0,0,1
5,0,0,0,5
12,0,0,0,12
1,0,0,0,1
1,0,0,0,1
1,0,0,0,1
4,0,0,0,4
1,0,0,0,1
2,0,0,0,2
2,0,0,0,2
2,0,0,0,2
5,0,0,0,5
4,0,0,0,4
1,0,0,0,1
3,0,0,0,3
2,0,0,0,2
2,0,0,0,2
4,0,0,0,4
1,0,0,0,1
1,0,0,0,1
1,0,0,0,1
3,0,0,0,3
41,0,0,0,41
1,0,0,0,1
7,15,0,0,22
15,0,0,0,15
8,0,0,0,8
5,0,0,0,5
1,0,0,0,1
3,0,0,0,3
3,0,0,0,3
1,0,0,0,1
1,0,0,0,1
15,0,0,0,15
14,0,0,0,14
2,0,0,0,2
2,0,0,0,2
3,0,0,0,3
1,0,0,0,1
2,0,0,0,2
1,0,0,0,1
2,0,0,0,2
1,0,0,0,1
1,0,0,0,1
13,1,0,0,14
2,0,0,0,2
1,0,0,0,1
5,0,0,0,5
1,0,0,0,1
1,0,0,0,1
1,0,0,0,1
3,0,0,0,3
10,48,2,0,60
30,3,3,0,36
1,0,0,0,1
3,0,0,0,3
3,0,0,0,3
1,0,0,0,1
1,0,0,0,1
1,0,0,0,1
29,1,1,0,31
2,0,0,0,2
1,0,0,0,1
5,0,0,0,5
7,0,0,0,7
2,0,0,0,2
3,0,0,0,3
1,0,0,0,1
1,0,0,0,1
2,0,0,0,2
4,0,0,0,4
11,0,0,0,11
2,0,0,0,2
1,0,0,0,1
1,0,0,0,1
1,0,0,0,1
1,0,0,0,1
1,0,0,0,1
1,0,0,0,1
1,0,0,0,1
4,1,4,0,9
10,11,0,0,21
1,0,0,0,1
15,0,1,0,16
1,0,0,0,1
23,1,0,0,24
1,0,0,0,1
1,0,0,0,1
4,6,0,0,10
1,0,0,0,1
1,2,0,0,3
2,0,0,0,2
8,1,0,0,9
1,0,0,0,1
1,0,0,0,1
4,0,0,0,4
1,0,0,0,1
11,0,0,0,11
1,0,0,0,1
1,0,0,0,1
38,1,0,0,39
1,0,0,0,1
1,0,0,0,1
1,0,0,0,1
1,0,0,0,1
7,0,0,0,7
18,0,0,0,18
1,0,0,0,1
1,0,0,0,1
2,0,0,0,2
22,0,0,0,22
1,0,0,0,1
1,0,0,0,1
1,0,0,0,1
3,0,0,0,3
15,0,0,0,15
1,0,0,0,1
1,0,0,0,1
1,0,0,0,1
7,0,0,0,7
1,0,0,0,1
1,0,0,0,1
1,0,0,0,1
1,0,0,0,1
2,0,0,0,2
8,0,0,0,8
1,0,0,0,1
15,0,0,0,15
3,0,0,0,3
1,0,0,0,1
3,0,0,0,3
1,0,0,0,1
3,0,0,0,3
1,0,0,0,1
1,0,0,0,1
1,0,0,0,1
2,0,0,0,2
5,3,0,0,8
1,0,0,0,1
1,0,0,0,1
23,0,0,0,23
1,0,0,0,1
6,0,0,0,6
2,0,0,0,2
2,0,0,0,2
2,0,0,0,2
1,0,0,0,1
3,17,5,0,25
1,0,0,0,1
1,0,0,0,1
1,0,0,0,1
1,0,0,0,1
1,0,0,0,1
3,0,0,0,3
1,0,0,0,1
1,0,0,0,1
1,0,0,0,1
1,3,0,0,4
1,0,0,0,1
2,0,0,0,2
1,0,0,0,1
19,1,0,0,20
1,0,0,0,1
3,0,0,0,3
1,0,0,0,1
9,0,0,0,9
5,0,0,0,5
1,0,0,0,1
9,0,0,0,9
2,0,0,0,2
1,0,0,0,1
3,0,0,0,3
5,0,0,0,5
1,0,0,0,1
8,0,0,0,8
1,0,0,0,1
1,0,0,0,1
20,0,0,0,20
1,0,0,0,1
14,0,0,0,14
1,0,0,0,1
1,0,0,0,1
1,0,0,0,1
5,0,0,0,5
4,0,0,0,4
1,0,0,0,1
3,0,0,0,3
1,0,0,0,1
10,0,0,0,10
1,0,0,0,1
1,0,0,0,1
4,4,0,0,8
1,0,0,0,1
2,0,0,0,2
1,0,0,0,1
3,0,0,0,3
1,0,0,0,1
1,0,0,0,1
1,0,0,0,1
2,0,0,0,2
1,0,0,0,1
1,0,0,0,1
5,0,0,0,5
1,0,0,0,1
1,0,0,0,1
1,0,0,0,1
1,0,0,0,1
8,0,0,0,8
3,0,0,0,3
1,0,0,0,1
2,0,0,0,2
3,0,0,0,3
1,0,0,0,1
2,0,0,0,2
4,0,0,0,4
1,0,0,0,1
1,0,0,0,1
4,0,0,0,4
8,0,0,0,8
1,0,0,0,1
4,0,0,0,4
1,0,0,0,1
3,0,0,0,3
2,0,0,0,2
1,0,0,0,1
1,0,0,0,1
2,0,0,0,2
5,1,1,0,7
2,0,0,0,2
2,0,0,0,2
29,47,2,0,78
22,0,0,0,22
42,0,0,0,42
1,0,0,0,1
2,0,0,0,2
1,0,0,0,1
19,0,1,0,20
9,0,0,0,9
1,0,0,0,1
1,0,0,0,1
1,0,0,0,1
3,0,0,0,3
1,0,0,0,1
2,0,0,0,2
4,0,0,0,4
1,0,0,0,1
1,0,0,0,1
2,0,0,0,2
1,0,0,0,1
2,0,0,0,2
23,0,0,0,23
1,0,0,0,1
1,0,0,0,1
1,0,0,0,1
1,0,0,0,1
1,0,0,0,1
1,0,0,0,1
1,0,0,0,1
1,0,0,0,1
2,0,0,0,2
2,0,0,0,2
1,0,0,0,1
1,0,0,0,1
1,0,0,0,1
1,0,0,0,1
6,0,0,0,6
1,0,0,0,1
9,0,0,0,9
1,0,0,0,1
1,0,0,0,1
1,0,0,0,1
2,0,0,0,2
20,1,0,0,21
1,0,0,0,1
1,13,0,0,14
1,0,0,0,1
2,0,0,0,2
1,0,0,0,1
1,0,0,0,1
2,0,0,0,2
1,0,0,0,1
4,0,0,0,4
3,0,0,0,3
5,0,0,0,5
1,0,0,0,1
1,0,0,0,1
1,0,0,0,1
3,1,0,0,4
1,0,0,0,1
2,0,0,0,2
1,0,0,0,1
1,0,0,0,1
1,7,0,0,8
1,0,0,0,1
1,0,0,0,1
1,0,0,0,1
10,7,2,0,19
4,0,0,0,4
1,0,0,0,1
3,0,0,0,3
51,2,1,0,54
1,0,0,0,1
2,0,0,0,2
2,1,0,0,3
1,0,0,0,1
7,0,0,0,7
5,0,0,0,5
1,0,0,0,1
2,0,0,0,2
5,0,0,0,5
5,0,0,0,5
1,0,0,0,1
3,0,0,0,3
1,5,0,0,6
3,0,0,0,3
3,0,0,0,3
4,0,0,0,4
5,0,0,0,5
1,0,0,0,1
1,0,0,0,1
1,0,0,0,1
22,33,2,0,57
2,4,0,0,6
3,0,0,0,3
2,0,0,0,2
1,0,0,0,1
1,0,0,0,1
1,0,0,0,1
23,0,1,0,24
1,0,0,0,1
3,0,0,0,3
1,1,1,0,3
4,0,0,0,4
14,0,0,0,14
1,0,0,0,1
7,0,0,0,7
1,0,0,0,1
1,0,0,0,1
9,0,0,0,9
1,0,0,0,1
1,0,0,0,1
2,0,0,0,2
2,0,0,0,2
3,0,0,0,3
1,0,0,0,1
1,0,0,0,1
1,0,0,0,1
3,1,0,0,4
1,0,0,0,1
1,0,0,0,1
8,0,0,0,8
2,0,0,0,2
1,0,0,0,1
1,0,0,0,1
2,0,0,0,2
1,0,0,0,1
13,1,0,0,14
9,0,0,0,9
13,2,0,0,15
5,0,0,0,5
1,0,0,0,1
1,0,0,0,1
1,0,0,0,1
28,0,0,0,28
1,0,0,0,1
1,0,0,0,1
1,0,0,0,1
2,1,1,0,4
16,30,3,0,49
2,5,0,0,7
1,0,0,0,1
1,0,0,0,1
5,0,0,0,5
10,0,0,0,10
1,0,0,0,1
1,0,0,0,1
2,0,0,0,2
1,0,0,0,1
5,0,0,0,5
2,0,0,0,2
1,0,0,0,1
5,0,0,0,5
2,0,0,0,2
9,0,0,0,9
1,42,0,0,43
2,0,0,0,2
2,0,0,0,2
1,0,0,0,1
3,1,0,0,4
1,0,0,0,1
3,0,0,0,3
8,0,0,0,8
2,0,0,0,2
1,0,0,0,1
1,0,0,0,1
1,0,0,0,1
5,0,0,0,5
8,0,1,0,9
1,0,0,0,1
1,0,0,0,1
1,0,0,0,1
2,0,0,0,2
1,0,0,0,1
1,0,0,0,1
2,0,0,0,2
5,0,0,0,5
1,0,0,0,1
2,3,0,0,5
1,0,0,0,1
2,0,0,0,2
1,0,0,0,1
1,0,0,0,1
11,1,0,0,12
2,0,0,0,2
1,3,0,0,4
1,0,0,0,1
7,0,0,0,7
1,0,0,0,1
2,0,0,0,2
1,0,0,0,1
8,0,0,0,8
1,0,0,0,1
3,0,0,0,3
1,0,0,0,1
1,0,0,0,1
4,0,0,0,4
2,0,0,0,2
1,0,0,0,1
1,0,0,0,1
2,3,0,0,5
11,4,0,0,15
1,0,0,0,1
4,1,0,0,5
1,0,0,0,1
1,0,0,0,1
1,0,0,0,1
1,0,0,0,1
2,0,0,0,2
1,0,0,0,1
1,0,0,0,1
1,0,0,0,1
3,0,0,0,3
1,0,0,0,1
5,4,0,0,9
1,0,0,0,1
1,0,0,0,1
5,0,0,0,5
1,0,0,0,1
1,0,0,0,1
1,0,0,0,1
1,0,0,0,1
1,0,0,0,1
1,0,0,0,1
2,0,0,0,2
7,2,0,0,9
4,0,0,0,4
10,0,0,0,10
1,0,0,0,1
2,0,0,0,2
3,0,0,0,3
3,0,0,0,3
1,0,0,0,1
8,0,0,0,8
2,0,0,0,2
1,0,0,0,1
2,2,0,0,4
1,0,0,0,1
2,0,0,0,2
3,0,0,0,3
1,0,0,0,1
1,0,0,0,1
5,0,0,0,5
6,0,0,0,6
11,0,0,0,11
1,0,0,0,1
3,0,0,0,3
6,0,0,0,6
1,0,0,0,1
1,0,0,0,1
3,0,0,0,3
1,0,0,0,1
1,0,0,0,1
1,0,0,0,1
1,0,0,0,1
1,0,0,0,1
1,0,0,0,1
3,0,0,0,3
6,0,0,0,6
1,0,0,0,1
1,0,0,0,1
2,0,0,0,2
1,0,0,0,1
2,0,0,0,2
1,0,0,0,1
1,0,0,0,1
1,0,0,0,1
5,4,0,0,9
1,0,0,0,1
1,0,0,0,1
7,0,0,0,7
5,0,0,0,5
1,0,0,0,1
2,0,0,0,2
1,0,0,0,1
3,0,0,0,3
5,0,0,0,5
1,0,0,0,1
1,0,0,0,1
1,0,0,0,1
2,0,0,0,2
1,0,0,0,1
2,0,0,0,2
33,0,0,0,33
3,0,0,0,3
1,0,0,0,1
69,3,0,0,72
7,0,0,0,7
1,0,0,0,1
2,0,0,0,2
2,0,0,0,2
6,0,0,0,6
1,0,0,0,1
4,0,0,0,4
7,0,0,0,7
4,0,1,0,5
1,0,0,0,1
5,0,0,0,5
2,0,0,0,2
4,3,0,0,7
1,0,0,0,1
1,0,0,0,1
5,0,0,0,5
2,0,0,0,2
1,0,0,0,1
1,0,0,0,1
1,0,0,0,1
1,0,0,0,1
4,0,0,0,4
2,0,0,0,2
1,0,0,0,1
1,0,0,0,1
1,0,0,0,1
2,0,0,0,2
1,0,0,0,1
1,0,0,0,1
1,0,0,0,1
1,0,0,0,1
3,0,0,0,3
1,0,0,0,1
1,0,0,0,1
2,0,0,0,2
1,0,0,0,1
14,3,0,0,17
1,0,0,0,1
1,0,0,0,1
2,0,0,0,2
1,0,0,0,1
1,0,0,0,1
1,0,0,0,1
1,0,0,0,1
9,0,0,0,9
1,0,0,0,1
1,0,0,0,1
1,0,0,0,1
1,0,0,0,1
2,0,0,0,2
3,0,0,0,3
1,0,0,0,1
1,0,0,0,1
1,0,0,0,1
1,0,0,0,1
2,0,0,0,2
1,0,0,0,1
1,0,0,0,1
3,0,0,0,3
1,0,0,0,1
1,0,0,0,1
1,0,0,0,1
2,0,0,0,2
1,0,0,0,1
1,0,0,0,1
1,0,0,0,1
1,0,0,0,1
2,4,0,0,6
12,0,1,0,13
3,0,0,0,3
6,0,0,0,6
4,0,0,0,4
11,0,0,0,11
1,0,0,0,1
1,0,0,0,1
2,0,0,0,2
2,0,0,0,2
1,0,0,0,1
3,0,0,0,3
3,0,0,0,3
2,0,0,0,2
9,0,0,0,9
1,0,0,0,1
1,2,0,0,3
1,0,0,0,1
1,0,0,0,1
3,0,0,0,3
1,0,0,0,1
1,0,0,0,1
2,0,0,0,2
1,0,0,0,1
1,0,0,0,1
1,0,0,0,1
1,0,0,0,1
1,0,0,0,1
1,0,0,0,1
1,0,0,0,1
1,0,0,0,1
1,0,0,0,1
16,0,0,0,16
1,0,0,0,1
4,4,0,0,8
1,0,0,0,1
1,0,0,0,1
2,0,0,0,2
2,0,0,0,2
2,0,0,0,2
2,0,0,0,2
3,0,0,0,3
1,0,0,0,1
1,0,0,0,1
1,0,0,0,1
1,0,0,0,1
2,0,0,0,2
12,1,1,0,14
2,0,0,0,2
1,0,0,0,1
1,0,0,0,1
1,0,0,0,1
1,0,0,0,1
9,0,0,0,9
1,0,0,0,1
3,1,1,0,5
1,0,0,0,1
2,0,0,0,2
1,0,0,0,1
2,1,1,0,4
1,0,0,0,1
1,0,0,0,1
1,0,0,0,1
1,0,0,0,1
3,0,0,0,3
1,0,0,0,1
1,0,0,0,1
2,0,0,0,2
7,0,0,0,7
3,0,0,0,3
3,0,0,0,3
1,0,0,0,1
2,0,0,0,2
4,0,0,0,4
1,0,0,0,1
1,0,0,0,1
1,0,0,0,1
1,0,0,0,1
3,0,0,0,3
1,0,0,0,1
1,0,0,0,1
1,0,0,0,1
8,0,0,0,8
1,0,0,0,1
1,0,0,0,1
6,0,0,0,6
1,0,0,0,1
1,0,0,0,1
7,0,0,0,7
1,0,0,0,1
1,0,0,0,1
3,0,0,0,3
1,0,0,0,1
1,0,0,0,1
5,0,0,0,5
1,0,0,0,1
3,0,0,0,3
4,0,0,0,4
1,0,0,0,1
2,0,0,0,2
4,0,0,0,4
2,0,0,0,2
2,6,0,0,8
1,0,0,0,1
2,0,0,0,2
4,0,0,0,4
1,0,0,0,1
1,0,0,0,1
2,0,0,0,2
1,0,0,0,1
1,0,0,0,1
1,0,0,0,1
1,0,0,0,1
1,0,0,0,1
1,0,0,0,1
1,0,0,0,1
1,0,0,0,1
6,0,0,0,6
2,0,0,0,2
2,0,0,0,2
1,0,0,0,1
1,0,0,0,1
5,0,0,0,5
2,0,0,0,2
2,0,0,0,2
8,0,0,0,8
1,0,0,0,1
1,0,0,0,1
1,0,0,0,1
5,0,0,0,5
2,0,0,0,2
1,0,0,0,1
1,0,0,0,1
1,0,0,0,1
1,0,0,0,1
1,0,0,0,1
22,1,0,0,23
8,2,0,0,10
2,0,0,0,2
6,0,0,0,6
14,1,1,0,16
1,0,0,0,1
18,2,1,0,21
1,0,0,0,1
2,0,0,0,2
1,0,0,0,1
1,0,0,0,1
1,0,0,0,1
10,0,0,0,10
1,2,0,0,3
1,0,0,0,1
2,0,0,0,2
1,0,0,0,1
11,0,0,0,11
1,0,0,0,1
4,0,0,0,4
1,0,0,0,1
9,0,0,0,9
1,0,0,0,1
3,3,0,0,6
1,0,0,0,1
2,0,0,0,2
1,0,0,0,1
1,0,0,0,1
1,0,0,0,1
1,0,0,0,1
2,0,0,0,2
1,0,0,0,1
2,0,0,0,2
2,0,0,0,2
1,3,0,0,4
1,0,0,0,1
2,0,0,0,2
1,0,0,0,1
1,3,1,0,5
2,1,0,0,3
1,0,0,0,1
3,8,0,0,11
1,0,0,0,1
1,0,0,0,1
1,0,0,0,1
3,2,0,0,5
1,0,0,0,1
2,2,0,0,4
3,2,2,0,7
1,4,0,0,5
2,0,0,0,2
2,0,0,0,2
3,13,3,0,19
1,0,0,0,1
1,0,0,0,1
2,0,0,0,2
2,0,0,0,2
1,0,0,0,1
4,3,0,0,7
2,0,0,0,2
2,0,0,0,2
1,0,0,0,1
3,0,0,0,3
1,0,0,0,1
3,0,0,0,3
1,0,0,0,1
3,0,0,0,3
1,0,0,0,1
1,0,0,0,1
1,0,0,0,1
19,0,0,0,19
1,0,0,0,1
4,0,0,0,4
1,0,0,0,1
1,0,0,0,1
1,0,0,0,1
51,0,0,0,51
1,0,0,0,1
1,0,0,0,1
2,0,0,0,2
1,0,0,0,1
1,0,0,0,1
1,0,0,0,1
1,0,0,0,1
1,4,0,0,5
1,0,0,0,1
12,2,0,0,14
1,0,0,0,1
1,0,0,0,1
22,0,0,0,22
3,3,0,0,6
2,0,0,0,2
1,0,0,0,1
1,0,0,0,1
1,0,0,0,1
1,0,0,0,1
1,0,0,0,1
1,0,0,0,1
1,0,0,0,1
1,0,0,0,1
30,1,1,0,32
2,0,0,0,2
2,0,0,0,2
1,0,0,0,1
13,0,0,0,13
1,0,0,0,1
2,0,0,0,2
1,0,0,0,1
1,0,0,0,1
2,0,0,0,2
1,0,0,0,1
1,0,0,0,1
1,0,0,0,1
1,0,0,0,1
1,0,0,0,1
1,0,0,0,1
1,0,0,0,1
1,0,0,0,1
1,0,0,0,1
1,0,0,0,1
1,0,0,0,1
1,0,0,0,1
8,0,0,0,8
1,0,0,0,1
1,0,0,0,1
1,0,0,0,1
1,0,0,0,1
1,0,0,0,1
1,0,0,0,1
1,0,0,0,1
1,0,0,0,1
2,0,0,0,2
3,0,0,0,3
1,0,0,0,1
2,0,0,0,2
1,0,0,0,1
1,0,0,0,1
5,0,0,0,5
7,0,0,0,7
8,0,0,0,8
3,0,0,0,3
1,0,0,0,1
4,0,0,0,4
1,0,0,0,1
1,0,0,0,1
1,0,0,0,1
3,1,0,0,4
1,0,0,0,1
2,0,0,0,2
1,0,0,0,1
1,0,0,0,1
3,0,0,0,3
1,0,0,0,1
2,0,0,0,2
2,0,0,0,2
2,0,0,0,2
4,0,0,0,4
9,0,1,0,10
1,0,0,0,1
1,1,1,0,3
1,0,0,0,1
1,0,0,0,1
1,0,0,0,1
1,0,0,0,1
2,0,0,0,2
1,0,0,0,1
1,0,0,0,1
7,0,0,0,7
1,0,0,0,1
1,0,0,0,1
1,0,0,0,1
10,0,0,0,10
5,0,0,0,5
1,0,0,0,1
1,0,0,0,1
3,0,0,0,3
1,0,0,0,1
1,0,0,0,1
3,0,0,0,3
1,0,0,0,1
1,0,0,0,1
1,0,0,0,1
4,0,0,0,4
1,0,0,0,1
1,0,0,0,1
2,0,0,0,2
6,1,1,0,8
1,0,0,0,1
1,7,0,0,8
4,0,0,0,4
4,0,0,0,4
1,0,0,0,1
1,0,0,0,1
1,0,0,0,1
2,0,0,0,2
1,0,0,0,1
2,0,0,0,2
1,0,0,0,1
1,0,0,0,1
1,0,0,0,1
3,0,0,0,3
4,1,0,0,5
3,0,0,0,3
1,0,0,0,1
2,0,0,0,2
1,0,0,0,1
1,0,0,0,1
1,5,0,0,6
1,0,0,0,1
2,26,0,0,28
1,0,0,0,1
1,0,0,0,1
2,0,0,0,2
1,0,0,0,1
2,0,0,0,2
1,0,0,0,1
1,0,0,0,1
2,0,0,0,2
1,0,0,0,1
3,0,0,0,3
4,0,0,0,4
1,0,0,0,1
17,0,0,0,17
2,0,0,0,2
5,0,0,0,5
1,0,0,0,1
1,0,0,0,1
1,0,0,0,1
2,0,0,0,2
2,0,0,0,2
1,0,0,0,1
3,0,0,0,3
1,0,0,0,1
1,0,0,0,1
2,0,0,0,2
2,0,0,0,2
3,0,0,0,3
1,0,0,0,1
2,0,0,0,2
1,0,0,0,1
1,43,0,0,44
1,0,0,0,1
2,0,0,0,2
1,0,0,0,1
1,0,0,0,1
1,0,0,0,1
7,1,0,0,8
3,0,0,0,3
3,0,0,0,3
1,0,0,0,1
1,0,0,0,1
1,0,0,0,1
1,0,0,0,1
1,0,0,0,1
4,0,0,0,4
1,0,0,0,1
1,0,0,0,1
7,0,0,0,7
2,0,0,0,2
1,0,0,0,1
3,0,0,0,3
18,77,0,0,95
4,6,0,0,10
1,0,0,0,1
1,0,0,0,1
3,10,1,0,14
1,0,0,0,1
1,0,0,0,1
2,0,0,0,2
2,0,0,0,2
1,0,0,0,1
2,0,0,0,2
3,0,0,0,3
4,0,0,0,4
2,0,0,0,2
1,0,0,0,1
1,0,0,0,1
2,0,0,0,2
1,0,0,0,1
1,0,0,0,1
2,0,0,0,2
1,0,0,0,1
1,0,0,0,1
2,0,0,0,2
1,0,0,0,1
1,0,0,0,1
1,0,0,0,1
1,0,0,0,1
1,0,0,0,1
1,0,0,0,1
1,0,0,0,1
1,0,0,0,1
2,0,0,0,2
1,0,0,0,1
2,0,0,0,2
3,0,0,0,3
3,0,0,0,3
2,0,0,0,2
5,1,0,0,6
1,0,0,0,1
23,3,0,0,26
1,0,0,0,1
20,0,0,0,20
2,0,0,0,2
2,0,0,0,2
2,0,0,0,2
7,0,0,0,7
1,0,0,0,1
1,0,0,0,1
1,0,0,0,1
1,0,0,0,1
1,0,0,0,1
1,0,0,0,1
1,0,0,0,1
1,0,0,0,1
3,0,0,0,3
8,0,0,0,8
1,0,0,0,1
4,3,0,0,7
6,0,0,0,6
2,0,0,0,2
1,0,0,0,1
1,0,0,0,1
1,0,0,0,1
1,0,0,0,1
2,0,0,0,2
3,5,1,0,9
3,0,0,0,3
1,0,0,0,1
1,0,0,0,1
1,0,0,0,1
11,0,0,0,11
2,0,0,0,2
3,0,0,0,3
1,0,0,0,1
1,0,0,0,1
5,0,0,0,5
1,0,0,0,1
1,0,0,0,1
2,0,0,0,2
1,0,0,0,1
4,0,0,0,4
4,0,0,0,4
1,0,0,0,1
1,0,0,0,1
2,0,0,0,2
2,0,0,0,2
1,0,0,0,1
3,0,0,0,3
1,0,0,0,1
1,0,0,0,1
1,0,0,0,1
1,0,0,0,1
11,6,0,0,17
1,0,0,0,1
1,0,0,0,1
1,0,0,0,1
1,0,0,0,1
3,0,3,0,6
4,0,0,0,4
1,0,0,0,1
2,0,0,0,2
15,15,1,0,31
1,0,0,0,1
3,2,0,0,5
2,0,0,0,2
1,0,0,0,1
11,3,0,0,14
4,0,0,0,4
4,0,0,0,4
1,0,0,0,1
3,0,0,0,3
1,0,0,0,1
1,1,0,0,2
1,0,0,0,1
1,0,0,0,1
1,0,0,0,1
1,0,0,0,1
1,0,0,0,1
1,0,0,0,1
11,2,0,0,13
11,1,0,0,12
1,0,0,0,1
6,0,0,0,6
1,0,0,0,1
1,0,0,0,1
1,0,0,0,1
1,0,0,0,1
1,0,0,0,1
1,0,0,0,1
1,0,0,0,1
3,0,0,0,3
2,0,0,0,2
1,0,0,0,1
3,0,0,0,3
1,0,0,0,1
1,1,2,0,4
1,0,0,0,1
2,8,0,0,10
3,0,0,0,3
1,0,0,0,1
3,0,0,0,3
1,0,0,0,1
1,0,0,0,1
4,0,0,0,4
3,0,0,0,3
2,0,0,0,2
3,5,0,0,8
1,0,0,0,1
2,0,0,0,2
16,9,4,0,29
1,0,0,0,1
2,0,0,0,2
5,0,0,0,5
13,0,0,0,13
2,0,0,0,2
2,0,0,0,2
7,0,0,0,7
1,0,0,0,1
1,0,0,0,1
3,0,0,0,3
4,0,0,0,4
1,0,0,0,1
1,0,0,0,1
5,0,0,0,5
1,0,0,0,1
4,0,0,0,4
14,3,0,0,17
1,0,0,0,1
2,0,0,0,2
1,0,0,0,1
5,0,0,0,5
1,0,0,0,1
1,0,0,0,1
2,2,0,0,4
2,0,0,0,2
1,0,0,0,1
1,0,0,0,1
12,0,0,0,12
13,0,0,0,13
1,0,0,0,1
1,0,0,0,1
2,0,0,0,2
1,0,0,0,1
2,0,0,0,2
1,0,0,0,1
3,0,0,0,3
3,6,1,0,10
3,0,0,0,3
2,0,0,0,2
10,22,3,0,35
1,0,0,0,1
1,0,0,0,1
2,0,0,0,2
1,0,0,0,1
14,0,1,0,15
2,0,0,0,2
21,0,0,0,21
1,0,0,0,1
4,0,0,0,4
2,0,0,0,2
1,0,0,0,1
1,0,0,0,1
1,0,0,0,1
1,0,0,0,1
4,0,0,0,4
1,0,0,0,1
1,0,0,0,1
6,0,0,0,6
4,0,0,0,4
4,1,1,0,6
1,0,0,0,1
2,0,0,0,2
4,0,0,0,4
3,0,0,0,3
6,0,0,0,6
1,0,0,0,1
1,0,0,0,1
1,0,0,0,1
1,0,0,0,1
1,0,0,0,1
1,0,0,0,1
1,0,0,0,1
2,0,0,0,2
1,0,0,0,1
2,0,0,0,2
3,0,0,0,3
2,0,0,0,2
1,0,0,0,1
1,0,0,0,1
1,0,0,0,1
6,13,2,0,21
2,0,0,0,2
20,7,1,0,28
5,0,0,0,5
1,0,0,0,1
1,0,0,0,1
1,0,0,0,1
24,0,0,0,24
1,0,0,0,1
1,0,0,0,1
28,5,1,0,34
2,1,0,0,3
3,0,0,0,3
1,0,0,0,1
8,0,0,0,8
1,0,0,0,1
1,0,0,0,1
2,0,0,0,2
1,0,0,0,1
1,0,0,0,1
1,0,0,0,1
1,0,0,0,1
2,0,0,0,2
5,0,0,0,5
2,0,0,0,2
3,0,0,0,3
2,0,0,0,2
2,0,0,0,2
1,0,0,0,1
1,0,0,0,1
1,0,0,0,1
4,0,0,0,4
1,0,0,0,1
1,0,0,0,1
1,1,0,0,2
1,0,0,0,1
4,0,0,0,4
1,0,0,0,1
1,0,0,0,1
31,0,0,0,31
8,0,0,0,8
1,0,0,0,1
1,0,0,0,1
1,0,0,0,1
1,0,0,0,1
4,11,0,0,15
1,0,0,0,1
1,0,0,0,1
1,0,0,0,1
3,0,0,0,3
1,0,0,0,1
1,0,0,0,1
2,0,0,0,2
1,0,0,0,1
1,2,1,0,4
2,0,0,0,2
10,0,0,0,10
1,0,0,0,1
1,0,0,0,1
3,0,0,0,3
4,0,0,0,4
1,0,0,0,1
2,0,0,0,2
1,0,0,0,1
1,0,0,0,1
6,2,1,0,9
1,0,0,0,1
2,0,0,0,2
1,0,0,0,1
1,0,0,0,1
1,0,0,0,1
2,0,0,0,2
1,0,0,0,1
3,0,0,0,3
6,1,0,0,7
1,0,0,0,1
3,0,0,0,3
2,0,0,0,2
1,0,0,0,1
1,0,0,0,1
4,3,0,0,7
1,0,0,0,1
17,0,0,0,17
1,0,0,0,1
2,0,0,0,2
1,0,0,0,1
1,0,0,0,1
2,0,0,0,2
1,0,0,0,1
1,0,0,0,1
10,0,0,0,10
4,0,0,0,4
3,0,0,0,3
1,0,0,0,1
2,0,0,0,2
1,0,0,0,1
1,0,0,0,1
1,0,0,0,1
24,4,1,0,29
1,0,0,0,1
1,0,0,0,1
1,0,0,0,1
12,0,0,0,12
1,0,0,0,1
1,0,0,0,1
1,0,0,0,1
4,0,0,0,4
1,0,0,0,1
9,11,1,0,21
3,0,0,0,3
1,0,0,0,1
1,0,0,0,1
1,0,0,0,1
6,1,0,0,7
5,0,0,0,5
2,0,0,0,2
1,0,0,0,1
1,0,0,0,1
3,0,0,0,3
4,0,0,0,4
53,6,0,0,59
1,0,0,0,1
4,0,0,0,4
9,0,0,0,9
3,0,0,0,3
1,0,0,0,1
1,2,0,0,3
1,0,0,0,1
4,0,0,0,4
1,0,0,0,1
1,0,0,0,1
2,0,0,0,2
1,0,0,0,1
1,0,0,0,1
11,9,0,0,20
1,0,0,0,1
3,0,0,0,3
2,0,0,0,2
1,0,0,0,1
4,0,0,0,4
1,0,0,0,1
2,0,0,0,2
2,0,0,0,2
1,0,0,0,1
1,0,0,0,1
1,0,0,0,1
26,0,0,0,26
1,0,0,0,1
2,0,0,0,2
1,0,0,0,1
1,0,0,0,1
1,0,0,0,1
1,0,0,0,1
1,0,0,0,1
8,1,0,0,9
1,0,0,0,1
3,0,0,0,3
1,0,0,0,1
1,0,0,0,1
1,0,0,0,1
1,0,0,0,1
5,0,0,0,5
2,1,0,0,3
1,0,0,0,1
1,0,0,0,1
1,0,0,0,1
1,0,0,0,1
1,0,0,0,1
10,0,2,0,12
15,0,0,0,15
1,0,0,0,1
1,0,0,0,1
1,0,0,0,1
1,0,0,0,1
2,0,0,0,2
1,0,0,0,1
9,0,0,0,9
1,0,0,0,1
1,0,0,0,1
1,0,0,0,1
4,1,0,0,5
1,0,0,0,1
3,0,0,0,3
10,1,1,0,12
8,1,0,0,9
1,0,0,0,1
1,0,0,0,1
1,0,0,0,1
1,0,0,0,1
12,2,2,0,16
1,0,0,0,1
2,0,0,0,2
1,0,0,0,1
4,0,0,0,4
1,0,0,0,1
6,0,0,0,6
8,0,0,0,8
1,0,0,0,1
1,0,0,0,1
1,0,0,0,1
1,0,0,0,1
4,0,0,0,4
6,0,0,0,6
2,0,0,0,2
1,0,0,0,1
2,0,0,0,2
1,0,0,0,1
2,0,0,0,2
1,0,0,0,1
1,0,0,0,1
1,0,0,0,1
1,0,0,0,1
1,0,0,0,1
1,0,0,0,1
2,0,0,0,2
16,0,0,0,16
1,0,0,0,1
17,0,0,0,17
2,0,0,0,2
3,0,0,0,3
6,0,0,0,6
5,7,0,0,12
2,0,0,0,2
2,0,0,0,2
1,0,0,0,1
3,0,0,0,3
2,0,0,0,2
1,0,0,0,1
1,0,0,0,1
1,0,0,0,1
1,0,0,0,1
1,0,0,0,1
8,46,0,0,54
9,0,0,0,9
2,0,0,0,2
1,0,0,0,1
2,0,0,0,2
2,0,0,0,2
1,0,0,0,1
2,0,0,0,2
1,0,0,0,1
1,0,0,0,1
1,0,0,0,1
19,0,0,0,19
2,0,0,0,2
1,0,0,0,1
5,0,0,0,5
1,0,0,0,1
2,0,0,0,2
1,0,0,0,1
1,0,0,0,1
1,0,0,0,1
1,0,0,0,1
1,0,0,0,1
1,0,0,0,1
2,0,0,0,2
1,0,0,0,1
1,0,0,0,1
52,2,1,0,55
1,0,0,0,1
1,0,0,0,1
2,0,0,0,2
1,0,0,0,1
4,0,0,0,4
1,0,0,0,1
2,0,0,0,2
1,0,0,0,1
7,0,0,0,7
2,0,0,0,2
6,0,0,0,6
1,0,0,0,1
1,0,0,0,1
6,0,0,0,6
2,0,0,0,2
3,0,0,0,3
1,0,0,0,1
2,0,0,0,2
1,0,0,0,1
2,0,0,0,2
1,0,0,0,1
2,0,0,0,2
3,5,0,0,8
1,0,0,0,1
1,0,0,0,1
1,0,0,0,1
1,0,0,0,1
1,0,0,0,1
1,0,0,0,1
2,0,0,0,2
1,0,0,0,1
1,0,0,0,1
1,0,0,0,1
1,0,0,0,1
2,0,0,0,2
3,0,0,0,3
1,0,0,0,1
1,0,0,0,1
1,0,0,0,1
1,0,0,0,1
2,0,0,0,2
2,0,0,0,2
1,0,0,0,1
2,0,0,0,2
3,0,0,0,3
8,0,0,0,8
35,35,8,0,78
3,0,2,0,5
4,0,0,0,4
2,0,0,0,2
7,0,0,0,7
1,0,0,0,1
1,0,0,0,1
1,0,0,0,1
6,1,0,0,7
1,4,0,0,5
7,0,0,0,7
1,0,0,0,1
35,5,2,0,42
2,0,0,0,2
1,0,0,0,1
1,0,0,0,1
1,0,0,0,1
1,0,0,0,1
1,3,0,0,4
1,0,0,0,1
1,0,0,0,1
1,0,0,0,1
7,0,0,0,7
2,0,0,0,2
6,0,0,0,6
1,0,0,0,1
2,4,2,0,8
12,2,1,0,15
1,0,0,0,1
1,0,0,0,1
3,0,0,0,3
1,1,1,0,3
1,0,0,0,1
1,0,0,0,1
3,0,0,0,3
1,0,0,0,1
12,0,0,0,12
1,0,0,0,1
5,0,0,0,5
1,0,0,0,1
1,0,0,0,1
6,0,0,0,6
1,0,0,0,1
11,0,0,0,11
7,0,0,0,7
1,0,0,0,1
1,0,0,0,1
1,0,0,0,1
1,0,0,0,1
1,0,0,0,1
1,0,0,0,1
1,0,0,0,1
1,0,0,0,1
1,0,0,0,1
1,0,0,0,1
1,0,0,0,1
4,1,1,0,6
1,0,0,0,1
1,0,0,0,1
2,0,0,0,2
5,0,0,0,5
1,0,0,0,1
1,0,0,0,1
2,0,0,0,2
3,0,0,0,3
3,0,0,0,3
1,0,0,0,1
1,8,0,0,9
1,0,0,0,1
1,0,0,0,1
1,0,0,0,1
8,0,0,0,8
3,0,0,0,3
3,0,0,0,3
1,0,0,0,1
11,0,0,0,11
1,0,0,0,1
1,0,0,0,1
1,0,0,0,1
2,0,0,0,2
1,0,0,0,1
8,1,2,0,11
22,0,0,0,22
4,1,0,0,5
1,0,0,0,1
2,0,0,0,2
1,0,0,0,1
18,5,0,0,23
1,7,0,0,8
18,1,0,0,19
12,2,1,0,15
17,10,0,0,27
1,0,0,0,1
12,3,1,0,16
10,25,1,0,36
1,0,0,0,1
4,0,0,0,4
1,0,0,0,1
2,0,0,0,2
51,64,6,0,121
1,0,0,0,1
2,0,0,0,2
1,0,0,0,1
3,0,0,0,3
1,0,0,0,1
2,0,0,0,2
1,0,0,0,1
1,0,0,0,1
5,440,0,0,445
1,0,0,0,1
1,0,0,0,1
5,1,0,0,6
1,0,0,0,1
1,0,0,0,1
3,0,0,0,3
1,0,0,0,1
3,0,0,0,3
1,0,0,0,1
2,2,0,0,4
1,0,0,0,1
1,0,0,0,1
7,0,0,0,7
1,0,0,0,1
2,0,0,0,2
2,0,0,0,2
1,0,0,0,1
1,0,0,0,1
1,0,0,0,1
3,0,0,0,3
1,0,0,0,1
5,3,0,0,8
4,0,0,0,4
1,0,0,0,1
1,0,0,0,1
3,0,0,0,3
1,0,0,0,1
2,0,0,0,2
1,0,0,0,1
3,0,0,0,3
5,0,0,0,5
1,0,0,0,1
1,0,0,0,1
13,64,2,0,79
3,0,0,0,3
1,1,0,0,2
1,0,0,0,1
1,0,0,0,1
2,0,0,0,2
4,0,0,0,4
3,35,0,0,38
13,0,0,0,13
1,0,0,0,1
1,0,0,0,1
1,0,0,0,1
1,0,0,0,1
3,0,0,0,3
3,0,0,0,3
2,0,0,0,2
2,0,0,0,2
1,0,0,0,1
1,0,0,0,1
2,0,0,0,2
3,0,0,0,3
4,0,0,0,4
3,0,0,0,3
1,0,0,0,1
1,0,0,0,1
1,0,0,0,1
1,0,0,0,1
1,0,0,0,1
2,0,0,0,2
5,0,0,0,5
2,0,0,0,2
1,0,0,0,1
1,0,0,0,1
1,0,0,0,1
1,1,0,0,2
17,9,0,0,26
9,14,0,0,23
3,0,0,0,3
2,0,0,0,2
3,0,0,0,3
1,0,0,0,1
1,0,0,0,1
1,0,0,0,1
1,0,0,0,1
1,0,0,0,1
1,0,0,0,1
1,0,0,0,1
1,0,0,0,1
6,0,0,0,6
3,0,0,0,3
1,0,0,0,1
2,2,0,0,4
1,0,0,0,1
1,0,0,0,1
7,1,0,0,8
2,0,0,0,2
1,0,0,0,1
1,0,0,0,1
1,0,0,0,1
1,0,0,0,1
1,0,0,0,1
1,0,0,0,1
1,0,0,0,1
2,0,0,0,2
1,0,0,0,1
8,0,1,0,9
1,0,0,0,1
10,0,0,0,10
2,0,0,0,2
1,0,0,0,1
1,1,0,0,2
1,0,0,0,1
4,0,0,0,4
3,1,0,0,4
9,0,0,0,9
1,0,0,0,1
1,0,0,0,1
2,0,0,0,2
1,0,0,0,1
1,0,0,0,1
1,0,0,0,1
1,0,0,0,1
4,0,0,0,4
1,0,0,0,1
6,0,0,0,6
5,0,0,0,5
1,0,0,0,1
2,0,0,0,2
5,0,0,0,5
1,0,0,0,1
1,0,0,0,1
1,3,0,0,4
3,0,0,0,3
1,0,0,0,1
1,0,0,0,1
1,0,0,0,1
2,0,0,0,2
1,0,0,0,1
1,0,0,0,1
4,0,0,0,4
1,0,0,0,1
1,0,0,0,1
1,0,0,0,1
1,0,0,0,1
1,0,0,0,1
4,0,0,0,4
1,0,0,0,1
3,0,0,0,3
1,0,0,0,1
1,0,0,0,1
1,0,0,0,1
1,0,0,0,1
1,0,0,0,1
1,0,0,0,1
1,0,0,0,1
1,0,0,0,1
1,0,0,0,1
1,0,0,0,1
1,0,0,0,1
3,0,0,0,3
1,0,0,0,1
1,0,0,0,1
3,0,0,0,3
1,0,0,0,1
3,0,0,0,3
15,7,0,0,22
2,0,0,0,2
2,0,0,0,2
1,0,0,0,1
15,0,0,0,15
1,0,0,0,1
13,0,0,0,13
2,0,0,0,2
25,0,2,0,27
1,0,0,0,1
1,0,0,0,1
2,0,0,0,2
1,0,0,0,1
7,0,0,0,7
1,0,0,0,1
9,0,0,0,9
4,0,0,0,4
1,0,0,0,1
2,0,0,0,2
1,0,0,0,1
1,0,0,0,1
1,0,0,0,1
1,0,0,0,1
1,0,0,0,1
5,0,0,0,5
1,0,0,0,1
14,0,0,0,14
1,0,0,0,1
2,0,0,0,2
2,0,0,0,2
2,0,0,0,2
1,0,0,0,1
24,0,0,0,24
4,0,0,0,4
1,0,0,0,1
1,0,0,0,1
1,0,0,0,1
1,0,0,0,1
3,0,0,0,3
24,0,0,0,24
2,0,0,0,2
1,0,0,0,1
2,0,0,0,2
1,0,0,0,1
1,0,0,0,1
1,0,0,0,1
7,0,0,0,7
2,0,0,0,2
1,3,0,0,4
1,2,0,0,3
1,0,0,0,1
1,0,0,0,1
5,0,0,0,5
2,0,0,0,2
13,0,0,0,13
1,0,0,0,1
2,0,0,0,2
1,0,0,0,1
1,0,0,0,1
1,0,0,0,1
1,0,0,0,1
5,0,0,0,5
1,0,0,0,1
1,0,0,0,1
1,0,0,0,1
4,0,0,0,4
1,0,0,0,1
1,0,0,0,1
7,0,0,0,7
1,0,0,0,1
7,3,0,0,10
1,0,0,0,1
1,0,0,0,1
1,0,0,0,1
1,0,0,0,1
2,0,0,0,2
1,0,0,0,1
12,0,0,0,12
6,0,0,0,6
2,17,0,0,19
2,0,0,0,2
3,0,0,0,3
3,1,0,0,4
1,0,0,0,1
2,6,1,0,9
1,0,0,0,1
1,0,0,0,1
2,0,0,0,2
1,0,0,0,1
1,0,0,0,1
1,0,0,0,1
19,7,1,0,27
4,0,0,0,4
2,0,0,0,2
2,0,0,0,2
1,0,0,0,1
54,1,0,0,55
1,0,0,0,1
1,0,0,0,1
1,0,0,0,1
1,0,0,0,1
11,0,0,0,11
2,0,0,0,2
1,0,0,0,1
1,0,0,0,1
16,0,0,0,16
2,0,0,0,2
4,0,0,0,4
2,0,0,0,2
1,0,0,0,1
8,0,0,0,8
2,0,0,0,2
1,0,0,0,1
9,1,0,0,10
1,0,0,0,1
1,0,0,0,1
2,0,0,0,2
9,24,1,0,34
1,0,0,0,1
4,6,1,0,11
29,0,0,0,29
2,0,0,0,2
2,0,0,0,2
1,0,0,0,1
8,0,0,0,8
6,0,0,0,6
1,0,0,0,1
2,0,0,0,2
1,0,0,0,1
4,0,0,0,4
1,0,0,0,1
2,0,0,0,2
5,0,0,0,5
2,0,0,0,2
8,0,0,0,8
1,0,0,0,1
3,0,0,0,3
1,0,0,0,1
1,0,0,0,1
8,0,0,0,8
1,0,0,0,1
1,0,0,0,1
6,0,0,0,6
8,0,0,0,8
1,0,0,0,1
1,0,0,0,1
1,0,1,0,2
1,0,0,0,1
10,0,0,0,10
9,1,0,0,10
1,0,0,0,1
5,0,0,0,5
1,0,0,0,1
1,0,0,0,1
1,0,0,0,1
43,0,0,0,43
1,0,0,0,1
2,0,0,0,2
1,0,0,0,1
1,0,0,0,1
4,0,0,0,4
3,0,0,0,3
23,0,0,0,23
2,0,0,0,2
1,3,0,0,4
25,1,0,0,26
1,0,0,0,1
1,0,0,0,1
1,0,0,0,1
1,0,0,0,1
4,0,0,0,4
5,0,0,0,5
1,0,0,0,1
1,0,0,0,1
1,0,0,0,1
6,1,0,0,7
1,0,0,0,1
1,0,0,0,1
3,0,0,0,3
8,0,0,0,8
1,0,0,0,1
1,0,0,0,1
1,0,0,0,1
1,0,0,0,1
1,0,0,0,1
1,0,0,0,1
1,0,0,0,1
2,0,0,0,2
1,0,0,0,1
1,0,0,0,1
17,0,0,0,17
1,0,2,0,3
1,0,0,0,1
1,0,0,0,1
1,0,0,0,1
1,0,0,0,1
6,0,0,0,6
17,0,1,0,18
1,0,1,0,2
4,0,0,0,4
2,0,0,0,2
1,0,0,0,1
1,0,0,0,1
1,0,0,0,1
1,0,0,0,1
1,0,0,0,1
1,0,0,0,1
1,0,0,0,1
5,58,0,0,63
21,0,0,0,21
1,0,0,0,1
1,0,0,0,1
1,0,0,0,1
1,0,0,0,1
2,0,0,0,2
4,0,0,0,4
1,0,0,0,1
1,0,0,0,1
5,0,0,0,5
2,0,0,0,2
1,1,0,0,2
1,0,0,0,1
2,0,0,0,2
1,0,0,0,1
2,0,0,0,2
1,0,0,0,1
6,0,0,0,6
1,0,0,0,1
5,0,0,0,5
2,0,0,0,2
11,0,0,0,11
1,0,0,0,1
1,0,0,0,1
1,0,0,0,1
5,0,0,0,5
3,0,0,0,3
36,0,0,0,36
1,0,0,0,1
1,0,0,0,1
3,0,0,0,3
1,0,0,0,1
1,0,0,0,1
1,0,0,0,1
1,0,0,0,1
3,3,1,0,7
1,0,0,0,1
11,3,0,0,14
8,0,0,0,8
2,0,0,0,2
4,0,0,0,4
1,0,0,0,1
5,0,0,0,5
1,2,0,0,3
1,2,1,0,4
4,0,0,0,4
1,0,0,0,1
6,13,0,0,19
6,0,0,0,6
5,0,0,0,5
1,0,0,0,1
5,0,0,0,5
3,0,0,0,3
1,0,0,0,1
1,0,0,0,1
1,0,0,0,1
1,1,0,0,2
1,0,0,0,1
2,0,0,0,2
1,0,0,0,1
1,0,0,0,1
1,0,0,0,1
1,0,0,0,1
9,1,0,0,10
1,0,0,0,1
1,0,0,0,1
2,3,0,0,5
78,1,0,0,79
1,0,0,0,1
1,0,0,0,1
1,0,0,0,1
2,0,0,0,2
1,0,0,0,1
1,0,0,0,1
1,0,0,0,1
6,0,0,0,6
2,0,0,0,2
1,0,0,0,1
1,0,0,0,1
1,0,0,0,1
26,34,8,0,68
3,0,0,0,3
1,0,0,0,1
2,0,0,0,2
1,0,0,0,1
1,0,0,0,1
1,0,0,0,1
1,0,0,0,1
12,0,0,0,12
1,0,0,0,1
3,0,0,0,3
1,0,0,0,1
1,0,0,0,1
2,0,0,0,2
1,0,0,0,1
1,0,0,0,1
2,0,0,0,2
2,3,0,0,5
1,0,0,0,1
1,7,0,0,8
4,0,0,0,4
8,0,0,0,8
1,0,0,0,1
15,1,2,0,18
1,0,0,0,1
1,0,0,0,1
1,0,0,0,1
2,0,0,0,2
5,17,0,0,22
1,0,0,0,1
2,0,0,0,2
1,0,0,0,1
1,0,0,0,1
6,1,0,0,7
2,0,0,0,2
1,0,0,0,1
2,0,0,0,2
4,0,0,0,4
2,0,0,0,2
5,0,0,0,5
1,0,0,0,1
1,0,0,0,1
1,0,0,0,1
11,0,0,0,11
6,3,0,0,9
1,0,0,0,1
1,0,0,0,1
1,0,0,0,1
1,0,0,0,1
3,0,0,0,3
1,0,0,0,1
1,0,0,0,1
9,0,0,0,9
4,0,0,0,4
1,0,0,0,1
2,0,0,0,2
1,0,0,0,1
1,0,0,0,1
1,0,0,0,1
7,0,0,0,7
1,0,0,0,1
1,0,0,0,1
5,0,0,0,5
1,0,0,0,1
8,7,0,0,15
1,0,0,0,1
3,0,0,0,3
1,0,0,0,1
4,0,0,0,4
1,0,0,0,1
1,0,0,0,1
4,0,0,0,4
3,0,0,0,3
3,0,0,0,3
1,0,0,0,1
7,0,0,0,7
1,0,0,0,1
1,0,0,0,1
1,0,0,0,1
1,0,0,0,1
1,0,0,0,1
7,5,0,0,12
1,0,0,0,1
1,0,0,0,1
1,0,0,0,1
9,0,0,0,9
1,0,0,0,1
1,0,0,0,1
1,0,0,0,1
1,0,0,0,1
1,0,0,0,1
1,0,0,0,1
1,0,0,0,1
1,0,0,0,1
3,0,0,0,3
1,0,0,0,1
1,0,0,0,1
1,0,0,0,1
4,0,0,0,4
1,0,0,0,1
1,0,0,0,1
1,0,0,0,1
1,0,0,0,1
2,0,0,0,2
2,12,0,0,14
1,0,0,0,1
3,0,0,0,3
2,0,0,0,2
3,0,0,0,3
1,0,0,0,1
1,0,0,0,1
1,0,0,0,1
1,0,0,0,1
15,3,0,0,18
1,0,0,0,1
2,0,0,0,2
4,0,0,0,4
1,0,0,0,1
4,0,0,0,4
2,9,0,0,11
6,0,0,0,6
1,0,0,0,1
1,0,0,0,1
2,0,0,0,2
1,0,0,0,1
1,0,0,0,1
6,0,0,0,6
1,0,0,0,1
3,0,0,0,3
5,1,0,0,6
1,0,0,0,1
3,0,0,0,3
2,0,0,0,2
1,0,0,0,1
1,0,0,0,1
3,0,0,0,3
2,0,0,0,2
1,0,0,0,1
3,0,0,0,3
1,0,0,0,1
3,0,0,0,3
1,0,0,0,1
1,0,0,0,1
2,3,1,0,6
1,0,0,0,1
1,0,0,0,1
1,0,0,0,1
5,0,0,0,5
5,0,0,0,5
1,0,0,0,1
2,0,1,0,3
1,0,0,0,1
1,0,0,0,1
1,0,0,0,1
1,0,0,0,1
6,0,0,0,6
1,0,0,0,1
1,0,0,0,1
4,0,0,0,4
1,0,0,0,1
3,0,0,0,3
1,0,0,0,1
1,0,0,0,1
8,0,0,0,8
1,0,0,0,1
3,0,0,0,3
1,0,0,0,1
1,0,0,0,1
2,0,0,0,2
3,0,0,0,3
1,0,0,0,1
2,0,0,0,2
1,0,0,0,1
1,0,0,0,1
3,0,0,0,3
6,0,0,0,6
1,0,0,0,1
2,1,0,0,3
1,0,0,0,1
2,0,0,0,2
1,0,0,0,1
4,0,0,0,4
2,0,0,0,2
1,0,0,0,1
6,0,0,0,6
1,0,0,0,1
1,0,0,0,1
1,0,0,0,1
1,0,0,0,1
3,0,0,0,3
3,1,1,0,5
3,0,0,0,3
2,0,0,0,2
17,0,0,0,17
1,0,0,0,1
1,0,0,0,1
3,0,0,0,3
6,9,0,0,15
1,0,0,0,1
1,0,0,0,1
1,0,0,0,1
1,0,0,0,1
1,0,0,0,1
1,0,0,0,1
1,0,0,0,1
1,0,0,0,1
6,108,0,0,114
1,0,0,0,1
1,0,0,0,1
1,0,0,0,1
3,0,0,0,3
1,0,0,0,1
1,0,0,0,1
1,0,0,0,1
2,0,0,0,2
2,0,0,0,2
1,0,0,0,1
2,0,0,0,2
1,0,0,0,1
1,0,0,0,1
2,0,0,0,2
1,0,0,0,1
1,0,0,0,1
1,0,0,0,1
1,0,0,0,1
2,0,0,0,2
4,0,0,0,4
2,0,0,0,2
3,0,0,0,3
2,0,0,0,2
1,0,0,0,1
1,0,0,0,1
1,0,0,0,1
1,0,0,0,1
7,3,0,0,10
3,0,0,0,3
1,0,0,0,1
1,0,0,0,1
1,0,0,0,1
1,0,0,0,1
1,0,0,0,1
1,0,0,0,1
3,0,0,0,3
11,0,0,0,11
1,0,0,0,1
1,0,0,0,1
6,0,0,0,6
1,0,0,0,1
1,0,0,0,1
4,0,0,0,4
1,0,0,0,1
7,1,1,0,9
1,0,0,0,1
1,0,0,0,1
2,0,0,0,2
5,0,0,0,5
2,0,0,0,2
1,0,0,0,1
1,0,0,0,1
3,17,0,0,20
3,2,0,0,5
1,0,0,0,1
11,0,0,0,11
3,0,0,0,3
1,0,0,0,1
21,136,5,0,162
78,1,0,0,79
1,0,0,0,1
7,0,0,0,7
4,0,0,0,4
2,0,0,0,2
3,0,0,0,3
1,0,0,0,1
1,0,0,0,1
1,0,0,0,1
2,0,0,0,2
1,0,0,0,1
1,0,0,0,1
3,0,0,0,3
1,0,0,0,1
1,0,0,0,1
1,3,0,0,4
2,0,0,0,2
1,0,0,0,1
1,4,0,0,5
1,0,0,0,1
2,0,0,0,2
5,0,0,0,5
1,0,0,0,1
17,1,0,0,18
2,0,0,0,2
1,0,0,0,1
1,8,0,0,9
1,0,0,0,1
4,0,0,0,4
1,0,0,0,1
5,0,0,0,5
2,0,0,0,2
1,0,0,0,1
2,0,0,0,2
4,0,0,0,4
5,0,0,0,5
15,0,0,0,15
1,0,0,0,1
2,0,0,0,2
4,0,0,0,4
1,0,0,0,1
9,0,0,0,9
11,0,0,0,11
1,0,0,0,1
1,0,0,0,1
1,0,0,0,1
3,0,0,0,3
3,0,0,0,3
1,0,0,0,1
1,0,0,0,1
1,0,0,0,1
1,0,0,0,1
1,0,0,0,1
1,0,0,0,1
1,0,0,0,1
1,0,0,0,1
1,0,0,0,1
4,0,0,0,4
2,0,0,0,2
4,0,0,0,4
40,0,0,0,40
1,0,0,0,1
5,2,0,0,7
1,0,0,0,1
5,0,0,0,5
3,0,0,0,3
1,0,0,0,1
2,0,0,0,2
36,0,0,0,36
1,0,0,0,1
2,10,0,0,12
1,0,0,0,1
1,0,0,0,1
1,0,0,0,1
1,0,0,0,1
1,0,0,0,1
1,0,0,0,1
3,0,0,0,3
1,0,0,0,1
5,0,0,0,5
1,3,0,0,4
2,3,0,0,5
3,14,0,0,17
17,12,0,0,29
1,0,0,0,1
2,0,0,0,2
1,1,0,0,2
2,0,0,0,2
3,0,0,0,3
8,4,0,0,12
7,9,0,0,16
1,0,0,0,1
1,0,0,0,1
5,0,0,0,5
1,0,0,0,1
4,0,0,0,4
1,0,0,0,1
19,8,1,0,28
16,31,3,0,50
1,2,0,0,3
21,0,0,0,21
9,2,0,0,11
1,0,0,0,1
1,0,0,0,1
1,0,0,0,1
1,0,0,0,1
1,0,0,0,1
1,0,0,0,1
5,0,0,0,5
1,0,0,0,1
1,0,0,0,1
1,0,0,0,1
4,0,0,0,4
1,0,0,0,1
3,0,0,0,3
1,0,0,0,1
1,0,0,0,1
29,0,0,0,29
1,0,0,0,1
2,0,0,0,2
2,0,0,0,2
1,0,0,0,1
1,0,0,0,1
4,0,0,0,4
6,0,0,0,6
1,0,0,0,1
1,0,0,0,1
1,0,0,0,1
1,0,0,0,1
1,0,0,0,1
1,57,0,0,58
1,0,0,0,1
2,0,0,0,2
2,0,0,0,2
1,0,0,0,1
1,0,0,0,1
1,0,0,0,1
1,0,0,0,1
1,0,0,0,1
4,0,0,0,4
4,0,0,0,4
1,0,0,0,1
2,0,0,0,2
1,0,0,0,1
12,0,0,0,12
2,0,0,0,2
1,0,0,0,1
1,0,0,0,1
3,0,0,0,3
1,0,0,0,1
12,0,0,0,12
1,0,0,0,1
7,0,0,0,7
1,0,0,0,1
1,0,0,0,1
1,0,0,0,1
1,0,0,0,1
1,0,0,0,1
1,0,0,0,1
1,6,0,0,7
1,0,0,0,1
1,0,0,0,1
1,0,0,0,1
10,0,0,0,10
41,0,0,0,41
1,0,0,0,1
3,0,0,0,3
2,0,0,0,2
1,1,0,0,2
8,8,0,0,16
1,0,0,0,1
1,0,0,0,1
1,0,0,0,1
2,0,0,0,2
1,0,0,0,1
1,0,0,0,1
3,0,0,0,3
19,0,0,0,19
2,0,0,0,2
1,0,0,0,1
1,0,0,0,1
3,0,0,0,3
17,0,0,0,17
3,0,0,0,3
4,0,0,0,4
5,0,0,0,5
1,0,0,0,1
1,0,0,0,1
2,0,0,0,2
1,0,0,0,1
1,0,0,0,1
1,0,0,0,1
3,0,0,0,3
1,0,0,0,1
1,0,0,0,1
1,0,0,0,1
1,0,0,0,1
1,0,0,0,1
10,597,1,0,608
1,0,0,0,1
2,0,0,0,2
2,0,0,0,2
1,0,0,0,1
1,0,0,0,1
2,0,0,0,2
2,0,0,0,2
1,0,0,0,1
1,0,0,0,1
2,0,0,0,2
6,0,0,0,6
1,0,0,0,1
1,0,0,0,1
1,0,0,0,1
1,0,0,0,1
1,0,0,0,1
7,0,0,0,7
1,0,0,0,1
1,0,0,0,1
27,0,0,0,27
1,0,0,0,1
7,0,0,0,7
1,0,0,0,1
1,0,0,0,1
1,0,0,0,1
1,0,0,0,1
1,0,0,0,1
3,0,0,0,3
5,0,0,0,5
1,0,0,0,1
4,0,0,0,4
1,0,0,0,1
2,0,0,0,2
1,0,0,0,1
1,0,0,0,1
3,0,0,0,3
1,0,0,0,1
1,0,0,0,1
1,0,0,0,1
1,0,0,0,1
3,0,0,0,3
2,0,0,0,2
2,0,0,0,2
1,0,0,0,1
8,0,0,0,8
12,0,0,0,12
1,0,0,0,1
1,0,0,0,1
1,0,0,0,1
1,0,0,0,1
2,0,0,0,2
1,0,0,0,1
1,0,0,0,1
1,0,0,0,1
1,0,0,0,1
2,0,0,0,2
3,0,0,0,3
2,0,0,0,2
3,0,0,0,3
1,0,0,0,1
1,0,0,0,1
4,1,0,0,5
1,0,0,0,1
2,0,0,0,2
25,11,2,0,38
4,0,0,0,4
6,7,1,0,14
1,0,0,0,1
2,0,0,0,2
1,3,0,0,4
2,0,0,0,2
2,0,0,0,2
1,0,0,0,1
1,0,0,0,1
1,0,0,0,1
2,0,0,0,2
1,0,0,0,1
1,0,0,0,1
1,0,0,0,1
24,0,0,0,24
1,0,0,0,1
2,0,0,0,2
1,0,0,0,1
1,0,0,0,1
2,0,0,0,2
1,0,0,0,1
2,0,0,0,2
1,0,0,0,1
2,0,0,0,2
1,0,0,0,1
15,1,0,0,16
11,1,0,0,12
1,0,0,0,1
1,0,0,0,1
2,0,0,0,2
3,0,0,0,3
1,0,0,0,1
1,0,0,0,1
8,74,5,0,87
14,2,0,0,16
1,0,0,0,1
1,0,0,0,1
1,0,0,0,1
1,0,0,0,1
17,12,0,0,29
1,0,0,0,1
2,0,0,0,2
1,0,0,0,1
2,0,0,0,2
1,0,0,0,1
5,0,0,0,5
2,0,0,0,2
1,0,0,0,1
4,0,0,0,4
1,0,0,0,1
1,0,0,0,1
1,0,0,0,1
2,0,0,0,2
1,0,0,0,1
1,0,0,0,1
1,0,0,0,1
5,0,0,0,5
1,0,0,0,1
2,0,0,0,2
3,0,0,0,3
22,1,0,0,23
1,0,0,0,1
3,0,0,0,3
1,0,0,0,1
2,0,0,0,2
2,0,0,0,2
1,0,0,0,1
15,0,0,0,15
1,0,0,0,1
1,0,0,0,1
7,0,0,0,7
1,0,0,0,1
1,0,0,0,1
1,0,0,0,1
1,0,0,0,1
1,0,0,0,1
2,0,0,0,2
1,0,0,0,1
1,0,0,0,1
1,0,0,0,1
1,0,0,0,1
1,0,0,0,1
2,0,0,0,2
1,0,0,0,1
3,0,0,0,3
20,2,0,0,22
1,0,0,0,1
1,0,0,0,1
1,0,0,0,1
1,0,0,0,1
1,0,0,0,1
3,0,0,0,3
1,0,0,0,1
1,0,0,0,1
1,0,0,0,1
1,0,0,0,1
1,0,0,0,1
6,0,0,0,6
1,0,0,0,1
2,0,0,0,2
1,0,0,0,1
5,0,0,0,5
1,0,0,0,1
1,0,0,0,1
1,0,0,0,1
1,0,0,0,1
38,3,0,0,41
2,0,0,0,2
2,0,0,0,2
2,0,0,0,2
1,0,0,0,1
1,0,0,0,1
1,0,0,0,1
1,0,0,0,1
2,0,0,0,2
1,0,0,0,1
1,0,0,0,1
1,29,0,0,30
1,0,0,0,1
2,0,0,0,2
1,0,0,0,1
8,0,0,0,8
1,0,0,0,1
1,0,0,0,1
2,0,0,0,2
2,0,0,0,2
2,2,0,0,4
1,0,0,0,1
1,0,0,0,1
1,0,0,0,1
2,0,0,0,2
2,0,0,0,2
6,0,0,0,6
1,0,0,0,1
1,0,0,0,1
1,0,0,0,1
2,0,0,0,2
1,0,0,0,1
4,0,0,0,4
2,0,0,0,2
2,0,0,0,2
1,0,0,0,1
2,0,0,0,2
1,0,0,0,1
5,0,0,0,5
2,0,0,0,2
3,0,0,0,3
6,1,0,0,7
1,0,0,0,1
1,0,0,0,1
10,4,3,0,17
36,1,0,0,37
3,8,0,0,11
3,0,0,0,3
10,0,0,0,10
1,0,0,0,1
3,0,0,0,3
1,0,0,0,1
16,85,0,0,101
1,0,0,0,1
2,0,0,0,2
1,0,0,0,1
1,0,0,0,1
2,0,0,0,2
2,0,0,0,2
3,0,0,0,3
12,0,0,0,12
7,28,3,0,38
1,0,0,0,1
1,0,0,0,1
1,0,0,0,1
1,0,0,0,1
2,0,0,0,2
2,0,0,0,2
1,0,0,0,1
1,0,0,0,1
1,4,0,0,5
1,0,0,0,1
2,0,0,0,2
1,0,0,0,1
1,0,0,0,1
3,0,0,0,3
2,0,0,0,2
3,0,0,0,3
1,0,0,0,1
1,0,0,0,1
1,0,0,0,1
1,0,0,0,1
9,8,0,0,17
1,0,0,0,1
2,0,0,0,2
1,0,0,0,1
1,0,0,0,1
4,0,0,0,4
1,0,0,0,1
1,0,0,0,1
5,0,0,0,5
1,0,0,0,1
1,0,0,0,1
1,0,0,0,1
2,0,0,0,2
1,0,0,0,1
1,0,0,0,1
17,0,0,0,17
1,0,0,0,1
8,3,1,0,12
2,0,0,0,2
3,0,0,0,3
14,0,0,0,14
1,0,0,0,1
3,0,0,0,3
1,0,0,0,1
1,0,0,0,1
3,0,0,0,3
7,0,0,0,7
1,0,0,0,1
1,0,0,0,1
1,2,0,0,3
1,0,0,0,1
6,0,1,0,7
1,0,0,0,1
1,0,0,0,1
2,0,0,0,2
4,0,0,0,4
6,0,0,0,6
2,0,0,0,2
1,0,0,0,1
1,0,0,0,1
2,1,0,0,3
7,0,0,0,7
15,6,0,0,21
4,0,0,0,4
23,0,0,0,23
4,0,0,0,4
4,1,0,0,5
1,0,0,0,1
1,0,0,0,1
1,0,0,0,1
1,0,0,0,1
1,0,0,0,1
1,0,0,0,1
1,0,0,0,1
1,0,0,0,1
4,0,0,0,4
1,0,0,0,1
1,0,0,0,1
1,0,0,0,1
4,0,0,0,4
21,0,0,0,21
1,0,0,0,1
1,0,0,0,1
1,0,0,0,1
1,0,0,0,1
1,0,0,0,1
10,0,0,0,10
1,0,0,0,1
4,0,0,0,4
1,0,0,0,1
6,6,0,0,12
2,0,0,0,2
1,0,0,0,1
3,0,0,0,3
3,0,0,0,3
19,2,0,0,21
1,0,0,0,1
1,0,0,0,1
1,0,0,0,1
5,3,1,0,9
5,0,0,0,5
3,0,0,0,3
1,0,0,0,1
1,0,0,0,1
1,0,0,0,1
3,0,0,0,3
1,0,0,0,1
1,0,0,0,1
4,0,0,0,4
1,0,0,0,1
2,0,0,0,2
1,0,0,0,1
1,0,0,0,1
1,0,0,0,1
6,0,1,0,7
1,0,0,0,1
1,0,0,0,1
1,0,0,0,1
2,0,0,0,2
9,0,0,0,9
1,0,0,0,1
4,0,0,0,4
1,0,0,0,1
1,0,0,0,1
2,0,0,0,2
2,1,0,0,3
1,0,0,0,1
17,0,0,0,17
1,0,0,0,1
1,0,0,0,1
1,0,0,0,1
3,0,0,0,3
1,0,0,0,1
2,0,0,0,2
8,0,0,0,8
14,0,0,0,14
1,0,0,0,1
1,0,0,0,1
1,0,0,0,1
1,0,0,0,1
1,5,0,0,6
1,0,0,0,1
2,0,0,0,2
2,0,0,0,2
1,0,0,0,1
3,0,0,0,3
5,0,0,0,5
1,0,0,0,1
1,0,0,0,1
9,0,0,0,9
3,32,1,0,36
3,0,0,0,3
2,438,0,0,440
1,0,0,0,1
1,0,0,0,1
3,0,0,0,3
2,0,0,0,2
3,0,0,0,3
1,0,0,0,1
3,0,0,0,3
1,0,0,0,1
1,0,0,0,1
1,0,0,0,1
1,0,0,0,1
2,0,0,0,2
1,0,0,0,1
3,0,0,0,3
1,0,0,0,1
1,0,0,0,1
9,0,0,0,9
2,0,0,0,2
4,0,0,0,4
1,0,0,0,1
1,0,0,0,1
1,0,0,0,1
5,0,0,0,5
7,0,0,0,7
1,0,0,0,1
1,0,0,0,1
1,0,0,0,1
1,0,0,0,1
1,0,0,0,1
4,0,0,0,4
1,0,0,0,1
1,0,0,0,1
1,0,0,0,1
2,12,2,0,16
1,0,0,0,1
1,0,0,0,1
1,0,0,0,1
24,0,0,0,24
1,0,0,0,1
1,0,0,0,1
5,0,0,0,5
11,13,0,0,24
3,0,0,0,3
1,0,0,0,1
1,0,0,0,1
1,0,0,0,1
1,0,0,0,1
1,0,0,0,1
2,0,0,0,2
1,0,0,0,1
19,1,0,0,20
6,0,0,0,6
10,0,0,0,10
1,0,0,0,1
2,0,0,0,2
1,0,0,0,1
1,0,0,0,1
1,0,0,0,1
1,0,0,0,1
1,0,0,0,1
4,0,0,0,4
2,0,0,0,2
3,0,0,0,3
1,0,0,0,1
2,1,0,0,3
1,0,0,0,1
5,0,0,0,5
1,0,0,0,1
1,0,0,0,1
4,0,0,0,4
1,0,0,0,1
1,0,0,0,1
1,0,0,0,1
1,0,0,0,1
7,0,0,0,7
1,0,0,0,1
2,0,0,0,2
1,0,0,0,1
1,0,0,0,1
1,0,0,0,1
1,0,0,0,1
2,0,0,0,2
1,0,0,0,1
1,2,0,0,3
11,0,0,0,11
1,0,0,0,1
1,0,0,0,1
1,0,0,0,1
1,0,0,0,1
2,0,0,0,2
2,0,0,0,2
1,0,0,0,1
1,0,0,0,1
1,0,0,0,1
1,0,0,0,1
49,0,0,0,49
4,0,0,0,4
1,0,0,0,1
1,0,0,0,1
1,0,0,0,1
1,0,0,0,1
1,0,0,0,1
1,0,0,0,1
1,0,0,0,1
1,0,0,0,1
4,3,0,0,7
2,0,0,0,2
10,0,0,0,10
1,0,0,0,1
1,0,0,0,1
1,0,0,0,1
1,0,0,0,1
6,0,0,0,6
10,0,0,0,10
1,0,0,0,1
1,0,0,0,1
2,0,0,0,2
2,1,0,0,3
1,0,0,0,1
1,0,0,0,1
2,0,0,0,2
1,0,0,0,1
14,2,0,0,16
1,0,0,0,1
2,0,0,0,2
1,0,0,0,1
1,0,0,0,1
1,0,0,0,1
1,0,0,0,1
5,1,0,0,6
7,0,0,0,7
4,0,0,0,4
2,0,0,0,2
1,0,0,0,1
1,0,0,0,1
21,0,0,0,21
2,0,0,0,2
1,0,0,0,1
2,0,0,0,2
1,0,0,0,1
1,0,0,0,1
1,0,0,0,1
3,0,0,0,3
1,0,0,0,1
3,0,0,0,3
2,0,0,0,2
2,0,0,0,2
1,0,0,0,1
2,0,0,0,2
1,0,0,0,1
2,0,0,0,2
2,0,0,0,2
1,0,0,0,1
1,0,0,0,1
1,0,0,0,1
4,0,0,0,4
1,0,0,0,1
3,0,0,0,3
2,0,0,0,2
2,0,0,0,2
1,0,0,0,1
3,0,0,0,3
1,0,0,0,1
1,0,0,0,1
14,0,0,0,14
1,0,0,0,1
1,0,0,0,1
1,0,0,0,1
1,0,0,0,1
2,0,0,0,2
1,0,0,0,1
1,0,0,0,1
2,0,0,0,2
1,0,0,0,1
1,0,0,0,1
1,0,0,0,1
1,0,0,0,1
4,0,0,0,4
1,0,0,0,1
18,3,0,0,21
1,0,0,0,1
1,0,0,0,1
2,0,0,0,2
4,0,0,0,4
5,0,0,0,5
1,0,0,0,1
3,0,0,0,3
1,0,0,0,1
3,0,0,0,3
3,0,0,0,3
1,0,0,0,1
3,1,1,0,5
1,2,0,0,3
4,0,0,0,4
5,4,0,0,9
3,0,0,0,3
1,0,0,0,1
7,1,0,0,8
1,0,0,0,1
4,0,0,0,4
1,0,0,0,1
1,0,0,0,1
1,0,0,0,1
2,0,0,0,2
3,0,0,0,3
1,0,0,0,1
1,0,0,0,1
1,0,0,0,1
1,0,0,0,1
2,0,0,0,2
4,0,0,0,4
1,0,0,0,1
2,0,0,0,2
5,2,0,0,7
1,0,0,0,1
16,0,0,0,16
9,3,3,0,15
1,0,0,0,1
9,0,0,0,9
4,0,0,0,4
1,0,0,0,1
1,0,0,0,1
1,0,0,0,1
4,0,0,0,4
1,0,0,0,1
1,0,0,0,1
1,0,0,0,1
8,0,0,0,8
1,0,0,0,1
8,1,0,0,9
1,0,0,0,1
1,0,0,0,1
33,1,0,0,34
2,0,0,0,2
7,0,0,0,7
1,0,0,0,1
1,8,0,0,9
1,0,0,0,1
2,0,0,0,2
1,0,0,0,1
1,0,0,0,1
1,0,0,0,1
1,0,0,0,1
1,0,0,0,1
2,0,0,0,2
1,0,0,0,1
1,0,0,0,1
3,10,0,0,13
2,0,0,0,2
2,0,0,0,2
1,0,0,0,1
8,0,0,0,8
1,0,0,0,1
1,0,0,0,1
1,0,0,0,1
1,0,0,0,1
1,0,0,0,1
1,0,0,0,1
1,0,0,0,1
1,0,0,0,1
3,0,0,0,3
1,0,0,0,1
1,2,0,0,3
9,1,0,0,10
1,0,0,0,1
3,0,0,0,3
4,0,0,0,4
2,0,0,0,2
2,0,0,0,2
3,0,0,0,3
1,0,0,0,1
1,0,0,0,1
5,0,0,0,5
1,0,0,0,1
1,0,0,0,1
1,0,0,0,1
2,0,0,0,2
1,0,0,0,1
8,0,0,0,8
1,0,0,0,1
5,0,0,0,5
10,1,0,0,11
1,0,0,0,1
9,0,0,0,9
1,0,0,0,1
1,0,0,0,1
9,1,0,0,10
1,0,0,0,1
1,0,0,0,1
1,0,0,0,1
1,0,0,0,1
1,0,0,0,1
4,0,0,0,4
1,0,0,0,1
3,0,0,0,3
1,0,0,0,1
1,0,0,0,1
1,0,0,0,1
2,0,0,0,2
1,0,0,0,1
1,0,0,0,1
2,0,0,0,2
1,0,0,0,1
31,138,0,0,169
40,0,0,0,40
5,0,0,0,5
1,0,0,0,1
10,0,0,0,10
1,0,0,0,1
1,0,0,0,1
2,0,0,0,2
6,0,0,0,6
3,3,1,0,7
10,0,0,0,10
1,0,0,0,1
3,0,0,0,3
1,0,0,0,1
1,0,0,0,1
1,0,0,0,1
5,0,0,0,5
1,0,0,0,1
1,0,0,0,1
1,0,0,0,1
2,0,0,0,2
1,0,0,0,1
2,0,0,0,2
1,0,0,0,1
2,0,0,0,2
1,0,0,0,1
3,0,0,0,3
2,0,0,0,2
1,0,0,0,1
1,0,0,0,1
1,0,0,0,1
15,0,0,0,15
19,0,0,0,19
2,0,0,0,2
3,2,0,0,5
1,0,0,0,1
2,0,0,0,2
2,0,0,0,2
4,0,0,0,4
3,0,0,0,3
1,0,0,0,1
1,0,0,0,1
2,0,0,0,2
2,0,0,0,2
1,0,0,0,1
1,0,0,0,1
1,0,0,0,1
5,0,0,0,5
1,0,0,0,1
3,0,0,0,3
1,0,0,0,1
1,0,0,0,1
1,19,0,0,20
5,0,0,0,5
2,0,0,0,2
1,0,0,0,1
3,0,0,0,3
2,0,0,0,2
2,0,0,0,2
1,0,0,0,1
1,0,0,0,1
1,0,0,0,1
3,0,0,0,3
4,0,0,0,4
1,0,0,0,1
2,0,0,0,2
2,0,0,0,2
1,5,1,0,7
1,0,0,0,1
1,0,0,0,1
1,0,0,0,1
1,0,0,0,1
4,0,0,0,4
11,0,0,0,11
13,0,0,0,13
3,0,0,0,3
1,0,0,0,1
1,0,0,0,1
2,0,0,0,2
4,0,0,0,4
2,0,0,0,2
2,0,0,0,2
1,0,0,0,1
1,0,0,0,1
2,4,1,0,7
2,0,0,0,2
4,93,0,0,97
15,0,0,0,15
2,0,0,0,2
2,0,0,0,2
1,0,0,0,1
1,0,0,0,1
1,0,0,0,1
1,0,0,0,1
2,0,0,0,2
2,0,0,0,2
12,0,0,0,12
4,0,0,0,4
1,0,0,0,1
1,0,0,0,1
1,0,0,0,1
1,0,0,0,1
1,0,0,0,1
1,0,0,0,1
5,0,0,0,5
1,0,0,0,1
1,0,0,0,1
7,0,0,0,7
1,0,0,0,1
1,0,0,0,1
1,0,0,0,1
1,0,0,0,1
1,0,0,0,1
1,0,0,0,1
6,0,0,0,6
1,0,0,0,1
1,0,0,0,1
1,0,0,0,1
4,0,0,0,4
6,0,0,0,6
10,0,0,0,10
2,0,0,0,2
1,0,0,0,1
2,0,0,0,2
1,0,0,0,1
8,0,0,0,8
3,0,0,0,3
3,0,0,0,3
2,0,0,0,2
2,0,0,0,2
1,0,0,0,1
2,3,0,0,5
1,0,0,0,1
1,0,0,0,1
5,0,0,0,5
1,0,0,0,1
1,0,0,0,1
7,3,1,0,11
1,0,0,0,1
1,0,0,0,1
5,0,0,0,5
12,0,0,0,12
1,0,0,0,1
1,0,0,0,1
1,0,0,0,1
1,0,0,0,1
1,0,0,0,1
3,0,0,0,3
3,0,0,0,3
1,0,0,0,1
1,0,0,0,1
1,0,0,0,1
1,0,0,0,1
1,0,0,0,1
4,0,0,0,4
1,0,0,0,1
2,0,0,0,2
1,0,0,0,1
1,0,0,0,1
2,0,0,0,2
3,0,0,0,3
3,0,0,0,3
1,0,0,0,1
1,0,0,0,1
11,0,0,0,11
2,0,0,0,2
1,0,0,0,1
1,0,0,0,1
20,5,0,0,25
2,0,0,0,2
1,0,0,0,1
1,0,0,0,1
1,0,0,0,1
2,0,0,0,2
1,0,0,0,1
3,0,0,0,3
2,0,0,0,2
18,0,0,0,18
1,0,0,0,1
1,0,0,0,1
1,0,0,0,1
1,0,0,0,1
8,1,0,0,9
1,0,0,0,1
2,0,0,0,2
1,0,0,0,1
1,0,0,0,1
1,0,0,0,1
2,0,0,0,2
1,0,0,0,1
1,0,0,0,1
1,0,0,0,1
1,0,0,0,1
1,0,0,0,1
1,0,0,0,1
3,0,0,0,3
3,0,0,0,3
1,0,0,0,1
3,0,0,0,3
1,0,0,0,1
1,0,0,0,1
37,62,2,0,101
3,0,0,0,3
1,0,0,0,1
1,0,0,0,1
1,0,0,0,1
1,0,0,0,1
1,0,0,0,1
2,0,0,0,2
1,0,0,0,1
2,0,0,0,2
2,0,0,0,2
1,0,0,0,1
1,0,0,0,1
1,0,0,0,1
1,0,0,0,1
1,0,0,0,1
1,0,0,0,1
1,0,0,0,1
2,0,0,0,2
1,0,0,0,1
1,0,0,0,1
2,0,0,0,2
1,0,0,0,1
1,0,0,0,1
1,0,0,0,1
1,0,0,0,1
1,0,0,0,1
2,0,0,0,2
4,0,0,0,4
3,0,0,0,3
2,0,0,0,2
2,0,0,0,2
1,0,0,0,1
1,0,0,0,1
1,0,0,0,1
1,0,0,0,1
1,0,0,0,1
1,0,0,0,1
3,0,0,0,3
1,0,0,0,1
2,0,0,0,2
12,1,0,0,13
13,0,0,0,13
1,0,0,0,1
1,0,0,0,1
1,0,0,0,1
1,0,0,0,1
2,0,0,0,2
1,0,0,0,1
2,0,0,0,2
1,0,0,0,1
1,0,0,0,1
1,0,0,0,1
30,0,0,0,30
1,0,0,0,1
1,0,0,0,1
1,0,0,0,1
1,0,0,0,1
1,0,0,0,1
1,0,0,0,1
1,0,0,0,1
4,0,0,0,4
1,0,0,0,1
4,0,0,0,4
3,0,0,0,3
1,0,0,0,1
1,0,0,0,1
1,0,0,0,1
1,0,0,0,1
2,0,0,0,2
1,0,0,0,1
11,0,0,0,11
2,0,0,0,2
2,0,0,0,2
1,0,0,0,1
3,1,0,0,4
2,0,0,0,2
3,0,0,0,3
1,0,0,0,1
3,0,0,0,3
6,0,0,0,6
5,0,0,0,5
1,0,0,0,1
4,0,0,0,4
1,0,0,0,1
5,0,0,0,5
1,0,0,0,1
6,0,0,0,6
2,0,0,0,2
1,0,0,0,1
1,0,0,0,1
1,0,0,0,1
2,0,0,0,2
2,0,0,0,2
1,0,0,0,1
2,0,0,0,2
2,0,0,0,2
9,7,0,0,16
3,4,0,0,7
2,0,0,0,2
2,0,0,0,2
1,0,0,0,1
1,0,0,0,1
2,0,0,0,2
1,0,0,0,1
1,0,0,0,1
2,0,0,0,2
14,0,0,0,14
11,2,0,0,13
4,0,0,0,4
1,0,0,0,1
1,0,0,0,1
8,0,0,0,8
2,0,0,0,2
1,0,0,0,1
1,0,0,0,1
5,0,1,0,6
1,0,0,0,1
3,0,0,0,3
7,5,0,0,12
1,1,0,0,2
1,0,0,0,1
1,0,0,0,1
3,0,0,0,3
6,0,0,0,6
1,0,0,0,1
3,0,0,0,3
4,0,0,0,4
2,0,0,0,2
1,0,0,0,1
3,6,2,0,11
7,0,0,0,7
2,0,0,0,2
1,0,0,0,1
1,0,0,0,1
1,0,0,0,1
2,0,0,0,2
1,0,0,0,1
1,0,0,0,1
22,8,0,0,30
2,0,0,0,2
18,0,0,0,18
1,0,0,0,1
3,0,0,0,3
27,1,0,0,28
2,0,0,0,2
1,0,0,0,1
2,0,0,0,2
15,0,0,0,15
1,2,0,0,3
1,0,0,0,1
1,6,0,0,7
2,0,0,0,2
1,0,0,0,1
4,0,0,0,4
20,6,0,0,26
3,4,0,0,7
1,0,0,0,1
2,0,0,0,2
6,0,0,0,6
1,0,0,0,1
1,0,0,0,1
2,0,0,0,2
7,0,0,0,7
1,0,0,0,1
1,0,0,0,1
2,0,0,0,2
1,0,0,0,1
1,0,0,0,1
1,0,0,0,1
1,0,0,0,1
1,0,0,0,1
11,0,0,0,11
1,0,0,0,1
2,0,0,0,2
3,0,0,0,3
1,0,0,0,1
1,0,0,0,1
8,12,1,0,21
1,0,0,0,1
1,0,0,0,1
1,0,0,0,1
3,3,0,0,6
3,0,0,0,3
1,0,0,0,1
2,0,0,0,2
2,0,0,0,2
1,0,0,0,1
1,0,0,0,1
12,0,0,0,12
1,0,0,0,1
2,0,0,0,2
1,0,0,0,1
1,0,0,0,1
1,0,0,0,1
4,0,0,0,4
2,0,0,0,2
1,0,0,0,1
4,0,0,0,4
7,0,0,0,7
5,10,1,0,16
14,0,0,0,14
4,0,0,0,4
2,0,0,0,2
1,0,0,0,1
1,0,0,0,1
1,0,0,0,1
3,0,0,0,3
1,0,0,0,1
6,0,0,0,6
1,0,0,0,1
1,0,0,0,1
1,0,0,0,1
1,0,0,0,1
1,0,0,0,1
1,0,0,0,1
2,0,0,0,2
1,0,0,0,1
2,0,0,0,2
1,0,0,0,1
1,0,0,0,1
1,0,0,0,1
2,0,0,0,2
2,0,0,0,2
2,0,0,0,2
3,0,0,0,3
1,0,0,0,1
2,0,0,0,2
1,0,0,0,1
1,0,0,0,1
1,0,0,0,1
2,0,0,0,2
1,0,0,0,1
1,0,0,0,1
1,0,0,0,1
1,0,0,0,1
1,0,0,0,1
1,0,0,0,1
11,0,0,0,11
2,0,0,0,2
1,0,0,0,1
1,0,0,0,1
1,0,0,0,1
6,4,0,0,10
1,0,0,0,1
1,0,0,0,1
1,0,0,0,1
1,0,0,0,1
3,0,0,0,3
2,0,0,0,2
1,0,0,0,1
1,0,0,0,1
3,0,0,0,3
13,3,1,0,17
2,1,2,0,5
1,0,0,0,1
3,20,0,0,23
1,0,0,0,1
5,0,0,0,5
1,0,0,0,1
2,0,0,0,2
6,0,0,0,6
1,0,0,0,1
15,0,0,0,15
2,0,0,0,2
4,0,0,0,4
7,14,0,0,21
1,0,0,0,1
3,0,0,0,3
5,7,1,0,13
12,0,0,0,12
1,0,0,0,1
1,0,0,0,1
1,0,0,0,1
4,0,0,0,4
1,0,0,0,1
5,1,0,0,6
1,0,0,0,1
13,0,0,0,13
1,0,0,0,1
3,0,0,0,3
4,2,1,0,7
2,0,0,0,2
1,0,0,0,1
6,0,0,0,6
1,0,0,0,1
2,0,0,0,2
2,0,0,0,2
1,0,0,0,1
3,0,0,0,3
1,0,0,0,1
4,4,0,0,8
1,0,0,0,1
1,1,1,0,3
1,1,4,0,6
1,0,0,0,1
1,3,1,0,5
5,0,0,0,5
1,0,0,0,1
2,0,0,0,2
1,0,0,0,1
2,0,0,0,2
1,0,0,0,1
1,0,0,0,1
17,0,0,0,17
4,0,0,0,4
1,0,0,0,1
1,0,0,0,1
30,0,2,0,32
2,0,0,0,2
3,0,0,0,3
1,0,0,0,1
1,0,0,0,1
8,0,0,0,8
2,0,0,0,2
2,0,0,0,2
2,0,0,0,2
1,0,0,0,1
1,0,0,0,1
1,0,0,0,1
3,0,0,0,3
2,0,0,0,2
1,0,0,0,1
4,0,0,0,4
1,0,0,0,1
2,0,0,0,2
2,0,0,0,2
2,0,0,0,2
1,0,0,0,1
1,0,0,0,1
1,0,0,0,1
3,0,0,0,3
1,0,0,0,1
3,0,0,0,3
1,0,0,0,1
1,0,0,0,1
6,9,0,0,15
1,0,0,0,1
1,0,0,0,1
3,0,0,0,3
1,0,0,0,1
2,0,0,0,2
2,0,0,0,2
1,0,0,0,1
7,0,0,0,7
1,0,0,0,1
4,0,0,0,4
1,0,0,0,1
1,0,0,0,1
6,4,0,0,10
2,0,0,0,2
1,0,0,0,1
2,0,0,0,2
1,0,0,0,1
1,0,0,0,1
8,0,0,0,8
1,0,0,0,1
1,0,0,0,1
1,0,0,0,1
2,0,0,0,2
19,0,0,0,19
1,0,0,0,1
1,0,0,0,1
1,0,0,0,1
2,0,0,0,2
1,0,0,0,1
4,0,0,0,4
6,0,0,0,6
4,0,0,0,4
8,2,1,0,11
8,0,0,0,8
1,0,0,0,1
1,0,0,0,1
1,0,0,0,1
2,1,0,0,3
7,2,0,0,9
8,0,0,0,8
1,0,0,0,1
2,0,0,0,2
1,0,0,0,1
1,0,0,0,1
3,0,0,0,3
3,0,0,0,3
1,0,0,0,1
7,0,0,0,7
1,0,0,0,1
3,0,0,0,3
3,1,0,0,4
1,0,0,0,1
1,0,0,0,1
1,0,0,0,1
1,0,0,0,1
1,0,0,0,1
3,0,0,0,3
3,0,0,0,3
1,0,0,0,1
1,0,0,0,1
4,0,0,0,4
2,0,0,0,2
1,0,0,0,1
3,0,0,0,3
1,0,0,0,1
1,0,0,0,1
1,0,0,0,1
4,5,0,0,9
2,0,0,0,2
1,0,0,0,1
1,0,0,0,1
1,0,0,0,1
1,0,0,0,1
4,0,0,0,4
1,0,0,0,1
1,0,0,0,1
1,0,0,0,1
1,0,0,0,1
1,0,0,0,1
1,0,0,0,1
1,0,0,0,1
7,4,0,0,11
1,0,0,0,1
1,0,0,0,1
1,0,0,0,1
2,0,0,0,2
1,0,0,0,1
1,0,0,0,1
3,0,0,0,3
22,19,1,0,42
2,0,0,0,2
1,0,0,0,1
1,0,0,0,1
3,0,0,0,3
1,0,0,0,1
8,2,0,0,10
1,0,0,0,1
1,0,0,0,1
1,0,0,0,1
2,0,0,0,2
1,0,0,0,1
3,0,0,0,3
2,0,0,0,2
1,0,0,0,1
9,0,0,0,9
1,0,0,0,1
1,0,0,0,1
1,0,0,0,1
7,0,0,0,7
1,0,0,0,1
20,0,0,0,20
1,0,0,0,1
2,0,0,0,2
1,0,0,0,1
1,66,0,0,67
2,0,0,0,2
1,0,0,0,1
2,0,0,0,2
1,0,0,0,1
1,0,0,0,1
1,0,0,0,1
1,0,0,0,1
7,0,0,0,7
2,0,0,0,2
1,0,0,0,1
4,3,1,0,8
1,0,0,0,1
1,0,0,0,1
1,0,0,0,1
1,0,0,0,1
3,0,0,0,3
1,0,0,0,1
3,0,0,0,3
1,4,0,0,5
28,8,3,0,39
1,0,0,0,1
1,0,0,0,1
1,0,0,0,1
4,0,0,0,4
1,0,0,0,1
2,0,0,0,2
1,0,0,0,1
1,0,0,0,1
2,0,0,0,2
1,0,0,0,1
1,0,0,0,1
1,0,0,0,1
1,0,0,0,1
1,0,0,0,1
1,0,0,0,1
1,0,0,0,1
5,0,0,0,5
1,0,0,0,1
1,0,0,0,1
1,0,0,0,1
20,2,1,0,23
1,0,0,0,1
1,0,0,0,1
1,0,0,0,1
2,0,0,0,2
3,0,0,0,3
3,0,0,0,3
4,0,0,0,4
1,0,0,0,1
3,0,0,0,3
1,0,0,0,1
3,0,0,0,3
1,0,0,0,1
1,0,0,0,1
1,0,0,0,1
1,0,0,0,1
1,0,0,0,1
1,0,0,0,1
7,0,0,0,7
1,0,0,0,1
1,0,0,0,1
1,0,0,0,1
15,3,0,0,18
1,0,0,0,1
1,0,0,0,1
1,0,0,0,1
1,0,0,0,1
1,0,0,0,1
1,0,0,0,1
1,0,0,0,1
5,0,0,0,5
1,0,0,0,1
1,0,0,0,1
6,0,0,0,6
1,0,0,0,1
1,0,0,0,1
4,2,0,0,6
1,0,0,0,1
1,0,0,0,1
3,0,0,0,3
4,0,0,0,4
1,0,0,0,1
5,0,0,0,5
1,0,0,0,1
1,0,0,0,1
1,0,0,0,1
1,0,0,0,1
11,0,0,0,11
2,0,0,0,2
13,4,0,0,17
1,0,0,0,1
1,0,0,0,1
2,0,0,0,2
1,0,0,0,1
1,0,0,0,1
32,1,0,0,33
5,0,0,0,5
1,0,0,0,1
1,0,0,0,1
1,0,0,0,1
6,7,0,0,13
5,4,0,0,9
17,40,0,0,57
1,0,0,0,1
6,0,0,0,6
1,0,0,0,1
11,0,0,0,11
1,0,0,0,1
1,0,0,0,1
1,0,0,0,1
1,0,0,0,1
2,1,1,0,4
5,0,0,0,5
1,0,0,0,1
1,0,0,0,1
3,1,4,0,8
1,0,0,0,1
1,0,0,0,1
2,0,0,0,2
1,0,0,0,1
1,0,0,0,1
14,0,0,0,14
2,0,0,0,2
2,0,0,0,2
13,0,0,0,13
2,0,0,0,2
2,0,0,0,2
1,0,0,0,1
2,0,0,0,2
1,0,0,0,1
1,0,0,0,1
1,0,0,0,1
1,0,0,0,1
3,0,0,0,3
4,0,1,0,5
1,0,0,0,1
7,0,0,0,7
1,0,0,0,1
1,0,0,0,1
1,0,0,0,1
6,0,0,0,6
1,0,0,0,1
1,0,0,0,1
9,2,0,0,11
1,0,0,0,1
6,0,0,0,6
1,0,0,0,1
2,0,0,0,2
1,0,0,0,1
2,0,0,0,2
1,0,0,0,1
1,0,0,0,1
9,0,0,0,9
1,0,0,0,1
1,0,0,0,1
1,0,0,0,1
1,0,0,0,1
4,0,0,0,4
1,0,0,0,1
1,0,0,0,1
1,0,0,0,1
6,0,0,0,6
1,0,0,0,1
1,3,2,0,6
1,0,0,0,1
11,1,1,0,13
2,0,0,0,2
1,0,0,0,1
1,0,0,0,1
12,0,0,0,12
1,0,0,0,1
2,0,0,0,2
2,0,0,0,2
2,0,0,0,2
21,0,0,0,21
1,0,0,0,1
1,0,0,0,1
1,0,0,0,1
1,0,0,0,1
1,0,0,0,1
9,0,0,0,9
5,0,0,0,5
2,0,0,0,2
2,0,0,0,2
7,0,0,0,7
1,0,0,0,1
1,0,0,0,1
1,0,0,0,1
2,0,0,0,2
1,0,0,0,1
1,0,0,0,1
1,0,0,0,1
1,0,0,0,1
7,0,0,0,7
12,9,0,0,21
1,0,0,0,1
1,0,0,0,1
1,0,0,0,1
6,0,0,0,6
2,0,0,0,2
1,0,0,0,1
5,0,0,0,5
1,0,0,0,1
3,0,0,0,3
1,0,0,0,1
3,0,0,0,3
1,0,0,0,1
12,4,0,0,16
1,0,0,0,1
5,0,0,0,5
2,0,0,0,2
14,8,0,0,22
1,0,0,0,1
2,0,0,0,2
1,0,0,0,1
1,0,0,0,1
1,0,0,0,1
1,0,0,0,1
1,0,0,0,1
1,0,0,0,1
2,0,0,0,2
3,0,0,0,3
1,0,0,0,1
7,3,0,0,10
1,0,0,0,1
1,0,0,0,1
1,0,0,0,1
1,0,0,0,1
19,0,0,0,19
2,0,0,0,2
1,0,0,0,1
2,3,0,0,5
1,0,0,0,1
1,0,0,0,1
1,0,0,0,1
1,0,0,0,1
5,0,0,0,5
1,0,0,0,1
1,0,0,0,1
1,0,0,0,1
22,0,0,0,22
1,0,0,0,1
2,0,0,0,2
1,0,0,0,1
1,0,0,0,1
41,1,1,0,43
1,0,0,0,1
2,0,0,0,2
1,0,0,0,1
1,0,0,0,1
2,0,0,0,2
1,0,0,0,1
1,0,0,0,1
12,0,0,0,12
1,0,0,0,1
2,0,0,0,2
1,0,1,0,2
1,0,0,0,1
1,0,0,0,1
1,0,0,0,1
3,0,0,0,3
1,0,0,0,1
1,0,0,0,1
7,0,0,0,7
1,0,0,0,1
4,1,1,0,6
1,0,0,0,1
2,0,0,0,2
6,0,0,0,6
2,1,1,0,4
1,0,0,0,1
4,0,0,0,4
4,0,0,0,4
1,0,0,0,1
2,0,0,0,2
2,2,0,0,4
6,1,0,0,7
3,0,0,0,3
2,0,0,0,2
1,0,0,0,1
4,4,0,0,8
1,0,0,0,1
1,0,0,0,1
1,0,0,0,1
2,0,0,0,2
1,0,0,0,1
4,0,0,0,4
1,0,0,0,1
2,0,0,0,2
1,0,0,0,1
1,0,0,0,1
1,0,0,0,1
1,0,0,0,1
6,0,0,0,6
1,0,0,0,1
1,0,0,0,1
8,0,0,0,8
4,0,0,0,4
3,2,0,0,5
2,0,0,0,2
1,0,0,0,1
2,0,0,0,2
1,0,0,0,1
1,0,0,0,1
2,0,0,0,2
14,0,0,0,14
1,0,0,0,1
2,0,0,0,2
8,0,0,0,8
1,0,0,0,1
5,0,0,0,5
1,0,0,0,1
4,11,1,0,16
1,0,0,0,1
1,0,0,0,1
1,0,0,0,1
1,0,0,0,1
1,0,0,0,1
6,0,0,0,6
1,0,0,0,1
2,0,0,0,2
1,0,0,0,1
1,0,0,0,1
1,0,0,0,1
1,0,0,0,1
1,0,0,0,1
2,0,0,0,2
5,0,0,0,5
2,0,0,0,2
1,0,0,0,1
1,0,0,0,1
1,0,0,0,1
1,0,0,0,1
9,0,0,0,9
4,0,0,0,4
1,0,0,0,1
1,0,0,0,1
2,0,0,0,2
1,0,0,0,1
1,0,0,0,1
11,3,0,0,14
1,0,0,0,1
4,2,0,0,6
16,1,0,0,17
28,0,0,0,28
2,0,0,0,2
1,0,0,0,1
1,0,0,0,1
1,0,0,0,1
4,0,0,0,4
2,0,0,0,2
3,1,0,0,4
1,0,0,0,1
4,0,0,0,4
7,0,0,0,7
1,0,0,0,1
1,0,0,0,1
10,0,0,0,10
2,0,0,0,2
3,0,0,0,3
1,0,0,0,1
1,0,0,0,1
22,18,0,0,40
1,0,0,0,1
10,0,0,0,10
1,0,0,0,1
1,0,0,0,1
6,0,0,0,6
1,0,0,0,1
1,0,0,0,1
2,0,0,0,2
1,0,0,0,1
1,0,0,0,1
1,0,0,0,1
1,0,0,0,1
18,0,0,0,18
1,0,0,0,1
3,0,0,0,3
1,0,0,0,1
1,0,0,0,1
1,0,0,0,1
2,0,0,0,2
19,0,0,0,19
1,0,0,0,1
2,0,0,0,2
1,0,0,0,1
1,0,0,0,1
1,0,0,0,1
2,0,0,0,2
1,0,0,0,1
2,1,0,0,3
1,0,0,0,1
5,0,0,0,5
1,0,0,0,1
1,0,0,0,1
1,0,0,0,1
2,0,0,0,2
1,0,0,0,1
2,0,0,0,2
3,0,1,0,4
4,0,0,0,4
3,0,0,0,3
15,0,0,0,15
1,0,0,0,1
8,5,0,0,13
1,0,0,0,1
1,0,0,0,1
1,0,0,0,1
2,0,0,0,2
3,4,0,0,7
1,0,0,0,1
8,1,2,0,11
1,0,0,0,1
2,0,0,0,2
26,0,0,0,26
8,0,0,0,8
4,0,0,0,4
1,0,0,0,1
1,0,0,0,1
1,0,0,0,1
1,0,0,0,1
2,0,0,0,2
1,0,0,0,1
3,0,0,0,3
1,0,0,0,1
1,0,0,0,1
1,0,0,0,1
1,0,0,0,1
1,0,0,0,1
1,0,0,0,1
7,0,0,0,7
3,0,0,0,3
1,0,0,0,1
2,0,0,0,2
2,0,0,0,2
1,0,0,0,1
1,0,0,0,1
2,0,0,0,2
1,0,0,0,1
1,0,0,0,1
1,0,0,0,1
1,0,0,0,1
1,0,0,0,1
3,0,0,0,3
1,0,0,0,1
3,0,0,0,3
3,0,0,0,3
12,0,0,0,12
14,49,0,0,63
1,0,0,0,1
1,0,0,0,1
1,0,0,0,1
14,9,0,0,23
7,0,0,0,7
1,0,0,0,1
1,0,0,0,1
3,0,0,0,3
2,0,0,0,2
3,0,0,0,3
2,0,0,0,2
1,0,0,0,1
1,0,0,0,1
1,0,0,0,1
3,0,0,0,3
1,0,0,0,1
1,0,0,0,1
1,0,0,0,1
1,0,0,0,1
11,1,0,0,12
1,0,0,0,1
9,0,0,0,9
3,0,0,0,3
1,0,0,0,1
2,0,0,0,2
1,0,0,0,1
1,0,0,0,1
7,0,0,0,7
1,0,0,0,1
2,0,0,0,2
2,0,0,0,2
1,0,0,0,1
1,0,0,0,1
1,0,0,0,1
1,0,0,0,1
12,0,0,0,12
13,0,0,0,13
2,0,0,0,2
14,0,0,0,14
1,0,0,0,1
2,0,0,0,2
1,0,0,0,1
1,0,0,0,1
12,0,0,0,12
5,0,0,0,5
1,0,0,0,1
4,0,0,0,4
1,2,0,0,3
1,0,0,0,1
2,0,0,0,2
5,0,0,0,5
4,0,0,0,4
1,0,0,0,1
1,0,0,0,1
1,0,0,0,1
9,1311,0,0,1320
1,0,0,0,1
1,0,0,0,1
1,0,0,0,1
1,0,0,0,1
2,0,0,0,2
3,11,0,0,14
1,0,0,0,1
2,0,0,0,2
5,1,1,0,7
1,0,0,0,1
1,0,0,0,1
1,0,0,0,1
5,1,0,0,6
1,0,0,0,1
2,0,0,0,2
2,0,0,0,2
1,0,0,0,1
1,1,0,0,2
1,0,0,0,1
1,0,0,0,1
2,0,0,0,2
1,0,0,0,1
1,0,0,0,1
10,0,0,0,10
2,0,0,0,2
1,0,0,0,1
7,0,0,0,7
2,0,0,0,2
1,0,0,0,1
1,0,0,0,1
1,0,0,0,1
2,0,0,0,2
1,0,0,0,1
1,0,0,0,1
7,0,0,0,7
3,0,0,0,3
3,0,0,0,3
1,0,0,0,1
2,0,0,0,2
4,2,1,0,7
1,51,0,0,52
1,0,0,0,1
2,0,0,0,2
6,0,0,0,6
2,0,0,0,2
1,0,0,0,1
1,0,0,0,1
2,0,0,0,2
2,0,0,0,2
1,0,0,0,1
3,0,0,0,3
1,0,0,0,1
5,0,0,0,5
4,0,0,0,4
1,0,0,0,1
4,4,0,0,8
1,0,0,0,1
15,0,0,0,15
8,0,0,0,8
1,0,0,0,1
5,0,0,0,5
2,0,0,0,2
2,19,0,0,21
9,0,0,0,9
1,0,0,0,1
1,0,0,0,1
1,0,0,0,1
9,0,0,0,9
1,0,0,0,1
7,0,0,0,7
1,0,0,0,1
1,0,0,0,1
1,0,0,0,1
1,0,0,0,1
2,0,0,0,2
1,0,0,0,1
1,0,0,0,1
1,0,0,0,1
1,0,0,0,1
1,0,0,0,1
1,0,0,0,1
1,0,0,0,1
1,0,0,0,1
1,0,0,0,1
1,0,0,0,1
1,0,0,0,1
1,0,0,0,1
1,0,0,0,1
3,0,0,0,3
2,0,0,0,2
1,9,0,0,10
1,0,0,0,1
4,0,0,0,4
3,0,0,0,3
1,0,0,0,1
1,0,0,0,1
1,0,0,0,1
6,0,0,0,6
5,5,0,0,10
1,0,0,0,1
2,0,0,0,2
8,0,0,0,8
2,0,0,0,2
1,0,0,0,1
1,0,0,0,1
7,0,0,0,7
1,0,0,0,1
1,0,0,0,1
1,0,0,0,1
1,0,0,0,1
1,0,0,0,1
1,0,0,0,1
1,0,0,0,1
3,0,0,0,3
1,0,0,0,1
1,0,0,0,1
1,0,0,0,1
1,0,0,0,1
1,0,0,0,1
1,0,0,0,1
3,0,0,0,3
1,0,0,0,1
1,0,0,0,1
2,0,0,0,2
11,0,0,0,11
1,0,0,0,1
1,0,0,0,1
2,0,0,0,2
1,0,0,0,1
1,0,0,0,1
1,0,0,0,1
31,1,0,0,32
1,0,0,0,1
1,0,0,0,1
2,0,0,0,2
1,0,0,0,1
2,0,0,0,2
1,0,0,0,1
1,0,0,0,1
2,0,0,0,2
1,0,0,0,1
1,0,0,0,1
1,0,0,0,1
1,0,0,0,1
1,0,0,0,1
1,0,0,0,1
1,0,0,0,1
1,0,0,0,1
2,1,0,0,3
3,0,0,0,3
1,0,0,0,1
1,0,0,0,1
1,0,0,0,1
2,0,0,0,2
1,0,0,0,1
1,0,0,0,1
1,0,0,0,1
19,20,5,0,44
1,0,0,0,1
1,0,0,0,1
1,0,0,0,1
1,0,0,0,1
1,0,0,0,1
1,0,0,0,1
1,0,0,0,1
1,0,0,0,1
3,0,0,0,3
2,0,0,0,2
2,0,0,0,2
1,0,0,0,1
1,0,0,0,1
1,0,0,0,1
4,0,0,0,4
1,0,0,0,1
1,0,0,0,1
1,0,0,0,1
35,14,0,0,49
1,0,0,0,1
1,0,0,0,1
1,0,0,0,1
2,0,0,0,2
1,0,0,0,1
1,0,0,0,1
1,0,0,0,1
1,0,0,0,1
1,0,0,0,1
1,0,0,0,1
1,0,0,0,1
1,0,0,0,1
5,0,0,0,5
2,0,0,0,2
5,0,0,0,5
5,0,0,0,5
1,0,0,0,1
1,0,0,0,1
1,0,0,0,1
1,0,0,0,1
1,0,0,0,1
3,0,0,0,3
1,0,0,0,1
1,0,0,0,1
4,2,0,0,6
1,0,0,0,1
1,0,0,0,1
5,0,0,0,5
1,0,0,0,1
2,0,0,0,2
4,0,0,0,4
2,0,0,0,2
2,0,0,0,2
2,0,0,0,2
3,0,0,0,3
1,0,0,0,1
2,0,0,0,2
3,0,0,0,3
1,0,0,0,1
1,0,0,0,1
4,0,0,0,4
4,0,0,0,4
3,0,0,0,3
1,0,0,0,1
1,0,0,0,1
2,0,0,0,2
1,2,0,0,3
3,0,0,0,3
1,0,0,0,1
13,0,0,0,13
1,0,0,0,1
5,4,0,0,9
1,0,0,0,1
1,0,0,0,1
9,0,0,0,9
2,0,0,0,2
1,0,0,0,1
1,0,0,0,1
1,0,0,0,1
1,0,0,0,1
7,1,0,0,8
1,0,0,0,1
5,0,0,0,5
1,0,0,0,1
1,0,0,0,1
1,0,0,0,1
1,0,0,0,1
1,0,0,0,1
4,0,0,0,4
1,0,0,0,1
1,0,0,0,1
1,0,0,0,1
5,0,0,0,5
1,0,0,0,1
1,0,0,0,1
2,0,0,0,2
5,0,0,0,5
2,0,0,0,2
1,0,0,0,1
3,0,0,0,3
1,55,0,0,56
2,0,0,0,2
3,0,0,0,3
1,0,0,0,1
1,0,0,0,1
1,0,0,0,1
7,0,0,0,7
2,0,0,0,2
3,0,0,0,3
1,0,0,0,1
1,0,0,0,1
11,160,0,0,171
1,0,0,0,1
1,0,0,0,1
6,0,0,0,6
2,0,0,0,2
1,0,0,0,1
1,0,0,0,1
1,2,0,0,3
2,0,0,0,2
26,0,0,0,26
1,0,0,0,1
2,0,0,0,2
2,0,0,0,2
1,0,0,0,1
1,0,0,0,1
1,0,0,0,1
2,0,0,0,2
1,0,0,0,1
8,12,0,0,20
1,0,0,0,1
2,0,0,0,2
1,0,0,0,1
3,0,0,0,3
3,86,0,0,89
1,0,0,0,1
1,0,0,0,1
1,0,0,0,1
2,0,0,0,2
1,0,0,0,1
3,0,0,0,3
1,0,0,0,1
2,0,0,0,2
7,5,0,0,12
1,0,0,0,1
1,0,0,0,1
3,57,0,0,60
1,0,0,0,1
13,0,0,0,13
3,0,0,0,3
60,1,0,0,61
1,0,0,0,1
1,0,0,0,1
1,0,0,0,1
2,0,0,0,2
3,0,0,0,3
5,0,0,0,5
2,0,0,0,2
1,0,0,0,1
1,0,0,0,1
2,0,0,0,2
8,0,0,0,8
16,0,0,0,16
3,0,0,0,3
3,0,0,0,3
1,0,0,0,1
1,0,0,0,1
2,0,0,0,2
1,0,0,0,1
1,0,0,0,1
1,0,0,0,1
1,0,0,0,1
2,0,0,0,2
1,0,0,0,1
1,0,0,0,1
4,7,0,0,11
1,0,0,0,1
27,1,0,0,28
1,0,0,0,1
11,0,0,0,11
3,0,0,0,3
5,1,0,0,6
1,0,0,0,1
1,0,0,0,1
1,0,0,0,1
1,0,0,0,1
1,0,0,0,1
4,0,0,0,4
3,0,0,0,3
7,0,0,0,7
11,7,0,0,18
1,0,0,0,1
1,0,0,0,1
1,0,0,0,1
1,0,0,0,1
1,0,0,0,1
1,0,0,0,1
4,0,0,0,4
3,0,0,0,3
1,0,0,0,1
2,0,0,0,2
1,0,0,0,1
3,0,0,0,3
1,0,0,0,1
10,0,0,0,10
4,3,0,0,7
2,0,0,0,2
1,0,0,0,1
1,0,0,0,1
1,0,0,0,1
4,0,0,0,4
4,0,0,0,4
1,0,0,0,1
1,0,0,0,1
2,0,0,0,2
1,0,0,0,1
4,0,0,0,4
6,0,0,0,6
1,0,0,0,1
2,0,0,0,2
1,0,0,0,1
2,0,0,0,2
2,0,0,0,2
1,0,0,0,1
6,0,0,0,6
2,0,0,0,2
2,0,0,0,2
3,0,0,0,3
1,0,0,0,1
3,0,0,0,3
2,0,0,0,2
1,0,0,0,1
1,0,0,0,1
1,0,0,0,1
1,0,0,0,1
1,0,0,0,1
18,3,2,0,23
3,0,0,0,3
1,0,0,0,1
1,0,0,0,1
1,0,0,0,1
1,0,0,0,1
7,0,0,0,7
1,0,0,0,1
1,0,0,0,1
11,0,0,0,11
1,0,0,0,1
1,0,0,0,1
1,0,0,0,1
3,0,0,0,3
1,0,0,0,1
2,0,0,0,2
3,0,0,0,3
1,0,0,0,1
39,1,3,0,43
3,0,0,0,3
1,0,0,0,1
1,0,0,0,1
22,0,0,0,22
8,0,0,0,8
1,0,0,0,1
1,0,0,0,1
2,0,0,0,2
1,0,0,0,1
21,0,0,0,21
1,0,0,0,1
2,0,0,0,2
59,0,0,0,59
1,0,0,0,1
1,0,0,0,1
1,0,0,0,1
2,0,0,0,2
24,3,0,0,27
3,0,0,0,3
3,5,0,0,8
43,3,7,0,53
13,6,1,0,20
1,0,0,0,1
1,0,0,0,1
1,0,0,0,1
1,0,0,0,1
2,4,0,0,6
1,0,0,0,1
1,0,0,0,1
1,2,0,0,3
1,0,0,0,1
1,0,0,0,1
5,0,0,0,5
5,0,0,0,5
1,0,0,0,1
4,0,1,0,5
1,0,0,0,1
9,3,1,0,13
1,0,0,0,1
1,0,0,0,1
1,0,0,0,1
3,0,0,0,3
1,0,0,0,1
1,0,0,0,1
1,0,0,0,1
1,0,0,0,1
1,0,0,0,1
4,0,0,0,4
2,0,0,0,2
3,0,0,0,3
1,0,0,0,1
1,0,0,0,1
4,0,0,0,4
1,0,0,0,1
9,0,0,0,9
1,0,0,0,1
19,0,0,0,19
1,0,2,0,3
10,0,0,0,10
1,0,0,0,1
1,0,0,0,1
2,0,0,0,2
18,1,0,0,19
6,0,0,0,6
1,0,0,0,1
1,0,0,0,1
2,0,0,0,2
6,0,0,0,6
1,0,0,0,1
7,0,0,0,7
3,0,0,0,3
1,0,0,0,1
1,0,0,0,1
2,0,0,0,2
3,0,0,0,3
1,0,0,0,1
1,0,0,0,1
2,0,0,0,2
5,0,0,0,5
6,0,0,0,6
1,0,0,0,1
1,0,0,0,1
4,0,0,0,4
1,0,0,0,1
1,0,0,0,1
15,0,0,0,15
3,0,0,0,3
2,0,0,0,2
1,0,0,0,1
1,0,0,0,1
1,0,0,0,1
3,0,0,0,3
3,0,0,0,3
1,0,0,0,1
1,0,0,0,1
69,1,1,0,71
3,0,0,0,3
30,10,1,0,41
1,0,0,0,1
3,39,0,0,42
2,0,0,0,2
1,1,0,0,2
1,0,0,0,1
1,0,0,0,1
3,0,0,0,3
1,0,0,0,1
2,0,0,0,2
1,0,0,0,1
3,0,0,0,3
2,0,0,0,2
12,0,0,0,12
1,0,0,0,1
8,0,0,0,8
1,0,0,0,1
1,0,0,0,1
3,0,0,0,3
1,1,0,0,2
1,0,0,0,1
4,0,0,0,4
1,0,0,0,1
1,0,0,0,1
1,0,0,0,1
1,0,0,0,1
9,0,0,0,9
1,0,0,0,1
1,0,0,0,1
1,0,0,0,1
2,2,0,0,4
1,0,0,0,1
23,1,0,0,24
1,0,0,0,1
1,0,0,0,1
23,9,1,0,33
1,0,0,0,1
1,0,0,0,1
1,0,0,0,1
2,0,0,0,2
1,0,0,0,1
1,0,0,0,1
1,0,0,0,1
1,0,0,0,1
3,1,0,0,4
2,0,0,0,2
1,0,0,0,1
1,0,0,0,1
1,0,0,0,1
30,0,0,0,30
2,0,0,0,2
1,0,0,0,1
1,0,0,0,1
5,0,1,0,6
2,0,0,0,2
3,0,0,0,3
1,0,0,0,1
2,0,0,0,2
1,0,0,0,1
1,0,0,0,1
1,0,0,0,1
1,0,0,0,1
1,0,0,0,1
1,0,0,0,1
1,0,0,0,1
1,0,0,0,1
2,0,0,0,2
2,0,0,0,2
9,21,4,0,34
1,0,0,0,1
3,0,0,0,3
4,0,0,0,4
1,0,0,0,1
1,0,0,0,1
1,0,0,0,1
2,0,0,0,2
11,1,0,0,12
10,0,0,0,10
1,0,0,0,1
13,0,2,0,15
1,0,0,0,1
1,0,0,0,1
11,1,0,0,12
1,0,0,0,1
8,0,0,0,8
1,0,0,0,1
10,0,0,0,10
2,0,0,0,2
1,0,0,0,1
1,0,0,0,1
2,0,0,0,2
1,0,0,0,1
8,0,0,0,8
6,0,0,0,6
9,0,0,0,9
1,0,0,0,1
1,0,0,0,1
1,0,0,0,1
13,12,0,0,25
2,0,0,0,2
2,0,0,0,2
1,0,0,0,1
3,0,0,0,3
5,0,0,0,5
1,0,0,0,1
1,0,0,0,1
1,0,0,0,1
1,0,0,0,1
1,0,0,0,1
2,0,0,0,2
1,0,0,0,1
1,0,0,0,1
2,0,0,0,2
10,0,0,0,10
1,0,0,0,1
7,0,0,0,7
1,0,0,0,1
1,0,0,0,1
1,0,0,0,1
1,0,0,0,1
1,0,0,0,1
1,0,0,0,1
20,19,2,0,41
1,0,0,0,1
2,9,0,0,11
1,0,0,0,1
4,0,0,0,4
1,0,0,0,1
4,0,0,0,4
1,0,0,0,1
1,0,0,0,1
3,0,0,0,3
2,2,0,0,4
7,52,11,0,70
1,0,0,0,1
1,0,0,0,1
1,0,0,0,1
2,15,0,0,17
1,0,0,0,1
15,54,3,0,72
1,0,0,0,1
2,0,0,0,2
1,0,0,0,1
1,0,0,0,1
2,0,0,0,2
2,0,0,0,2
6,0,0,0,6
1,0,0,0,1
1,0,0,0,1
1,0,0,0,1
1,0,0,0,1
3,0,0,0,3
5,11,1,0,17
1,0,0,0,1
1,2,0,0,3
1,11,0,0,12
2,0,0,0,2
1,0,0,0,1
13,10,0,0,23
4,0,0,0,4
4,0,0,0,4
15,0,0,0,15
1,0,0,0,1
1,0,0,0,1
1,0,0,0,1
1,0,0,0,1
1,0,0,0,1
1,0,0,0,1
1,0,0,0,1
3,0,0,0,3
4,0,0,0,4
2,0,0,0,2
1,0,0,0,1
7,0,0,0,7
1,0,0,0,1
2,0,0,0,2
1,0,0,0,1
1,0,0,0,1
2,0,0,0,2
2,0,0,0,2
3,0,0,0,3
13,0,0,0,13
5,3,0,0,8
1,0,0,0,1
2,0,0,0,2
2,0,0,0,2
2,0,0,0,2
8,0,0,0,8
1,0,0,0,1
1,0,0,0,1
28,0,0,0,28
1,0,0,0,1
1,0,0,0,1
2,0,0,0,2
1,0,0,0,1
9,2,0,0,11
1,0,0,0,1
1,0,0,0,1
1,0,0,0,1
1,0,0,0,1
2,0,0,0,2
1,0,0,0,1
1,0,0,0,1
7,0,0,0,7
1,0,0,0,1
1,0,0,0,1
1,0,0,0,1
2,0,0,0,2
3,0,0,0,3
8,31,0,0,39
1,0,0,0,1
4,0,0,0,4
14,0,0,0,14
1,0,0,0,1
1,0,0,0,1
1,0,0,0,1
4,0,0,0,4
4,0,0,0,4
1,0,0,0,1
4,0,0,0,4
1,0,0,0,1
1,0,0,0,1
8,2,1,0,11
37,0,0,0,37
2,0,0,0,2
1,0,0,0,1
1,0,0,0,1
2,0,0,0,2
1,0,0,0,1
1,0,0,0,1
4,1,0,0,5
1,0,0,0,1
1,0,0,0,1
1,0,0,0,1
9,0,0,0,9
2,0,0,0,2
3,0,0,0,3
1,0,0,0,1
2,2,0,0,4
3,0,0,0,3
44,46,5,0,95
4,2,1,0,7
2,0,0,0,2
5,0,0,0,5
12,3,2,0,17
1,0,0,0,1
1,0,0,0,1
1,0,0,0,1
1,0,0,0,1
8,0,0,0,8
2,0,0,0,2
4,0,0,0,4
1,0,0,0,1
5,2,1,0,8
4,0,0,0,4
1,0,0,0,1
1,0,0,0,1
8,2,0,0,10
6,0,0,0,6
1,0,0,0,1
1,0,0,0,1
2,0,0,0,2
1,0,0,0,1
1,0,0,0,1
1,0,0,0,1
1,0,0,0,1
1,0,0,0,1
4,0,0,0,4
1,0,0,0,1
13,16,1,0,30
1,0,0,0,1
1,0,0,0,1
5,0,0,0,5
1,0,0,0,1
2,0,0,0,2
2,0,0,0,2
6,0,0,0,6
1,0,0,0,1
1,0,0,0,1
1,0,0,0,1
3,0,0,0,3
4,0,0,0,4
1,0,0,0,1
2,0,0,0,2
1,5,0,0,6
2,5,1,0,8
25,7,0,0,32
1,0,0,0,1
27,9,3,0,39
1,0,0,0,1
3,0,0,0,3
1,0,0,0,1
14,0,0,0,14
1,0,0,0,1
2,0,0,0,2
2,0,0,0,2
1,0,0,0,1
1,0,0,0,1
3,0,0,0,3
1,0,0,0,1
10,0,0,0,10
5,0,0,0,5
4,0,0,0,4
1,0,0,0,1
4,0,0,0,4
1,0,0,0,1
6,0,0,0,6
1,0,0,0,1
1,0,0,0,1
2,0,0,0,2
3,0,0,0,3
6,0,0,0,6
2,0,0,0,2
1,0,0,0,1
1,0,0,0,1
6,4,0,0,10
2,1,0,0,3
11,0,0,0,11
1,0,0,0,1
22,0,1,0,23
1,0,0,0,1
1,0,0,0,1
6,20,4,0,30
1,0,0,0,1
1,0,0,0,1
3,81,1,0,85
5,0,0,0,5
1,0,0,0,1
1,0,0,0,1
1,0,0,0,1
3,0,0,0,3
3,0,0,0,3
1,0,0,0,1
1,0,0,0,1
1,0,0,0,1
2,0,0,0,2
1,0,0,0,1
4,0,0,0,4
1,0,0,0,1
6,0,0,0,6
1,0,0,0,1
2,0,0,0,2
1,0,0,0,1
3,0,0,0,3
3,0,0,0,3
6,0,0,0,6
1,0,0,0,1
3,0,0,0,3
2,0,0,0,2
4,0,0,0,4
1,0,0,0,1
1,0,0,0,1
4,0,0,0,4
3,0,0,0,3
1,0,0,0,1
1,0,0,0,1
3,0,0,0,3
1,0,0,0,1
1,0,0,0,1
1,0,0,0,1
1,0,0,0,1
1,0,0,0,1
1,0,0,0,1
2,0,0,0,2
1,0,0,0,1
18,0,0,0,18
1,0,0,0,1
1,0,0,0,1
3,0,0,0,3
1,0,0,0,1
4,0,0,0,4
2,0,0,0,2
1,0,0,0,1
1,0,0,0,1
2,0,0,0,2
2,0,0,0,2
2,0,0,0,2
1,0,0,0,1
6,0,0,0,6
1,0,0,0,1
1,0,0,0,1
1,1,0,0,2
2,0,0,0,2
2,0,0,0,2
1,0,0,0,1
4,0,0,0,4
1,0,0,0,1
1,0,0,0,1
1,0,0,0,1
3,0,0,0,3
1,0,0,0,1
1,0,0,0,1
4,0,0,0,4
14,0,0,0,14
11,2,0,0,13
1,0,0,0,1
1,0,0,0,1
1,0,0,0,1
22,3,2,0,27
5,0,0,0,5
1,0,0,0,1
1,0,0,0,1
1,0,0,0,1
1,0,0,0,1
5,0,0,0,5
2,0,0,0,2
1,0,0,0,1
2,0,0,0,2
1,0,0,0,1
4,0,0,0,4
1,0,0,0,1
2,0,0,0,2
3,0,0,0,3
1,0,0,0,1
3,0,0,0,3
1,0,0,0,1
1,0,0,0,1
3,130,0,0,133
1,0,0,0,1
1,0,0,0,1
1,0,0,0,1
2,0,0,0,2
5,0,0,0,5
7,0,0,0,7
1,0,0,0,1
1,0,0,0,1
8,0,0,0,8
1,0,0,0,1
2,0,0,0,2
2,0,0,0,2
1,0,0,0,1
3,0,0,0,3
2,0,0,0,2
2,0,0,0,2
1,0,0,0,1
2,0,0,0,2
1,0,0,0,1
3,0,0,0,3
2,0,0,0,2
15,0,0,0,15
2,0,0,0,2
6,0,0,0,6
3,0,0,0,3
1,0,0,0,1
1,0,0,0,1
2,0,0,0,2
1,0,0,0,1
1,0,0,0,1
1,0,0,0,1
14,0,0,0,14
1,0,0,0,1
1,0,0,0,1
1,0,0,0,1
1,0,0,0,1
1,0,0,0,1
1,0,0,0,1
1,0,0,0,1
3,0,0,0,3
2,0,0,0,2
3,0,0,0,3
6,0,0,0,6
2,0,0,0,2
1,0,0,0,1
2,0,0,0,2
3,0,0,0,3
1,0,0,0,1
1,0,0,0,1
1,0,0,0,1
1,0,0,0,1
1,0,0,0,1
1,0,0,0,1
2,0,0,0,2
1,0,0,0,1
1,0,0,0,1
3,0,0,0,3
3,0,0,0,3
3,0,0,0,3
1,0,0,0,1
1,0,0,0,1
1,0,0,0,1
3,0,0,0,3
1,0,0,0,1
1,0,0,0,1
1,0,0,0,1
1,0,0,0,1
1,0,0,0,1
5,0,0,0,5
1,0,0,0,1
1,0,0,0,1
1,0,0,0,1
1,0,0,0,1
1,0,0,0,1
1,0,0,0,1
2,0,0,0,2
6,0,0,0,6
2,0,0,0,2
39,1,0,0,40
1,0,0,0,1
1,0,0,0,1
1,0,0,0,1
7,0,0,0,7
3,0,0,0,3
1,1,0,0,2
3,0,0,0,3
4,0,0,0,4
1,0,0,0,1
1,0,0,0,1
1,0,0,0,1
5,0,0,0,5
1,24,0,0,25
7,0,0,0,7
7,37,0,0,44
1,0,0,0,1
1,0,0,0,1
15,0,0,0,15
2,0,0,0,2
1,0,0,0,1
1,0,0,0,1
1,0,0,0,1
1,0,0,0,1
1,0,0,0,1
8,0,0,0,8
1,0,0,0,1
1,0,0,0,1
1,0,0,0,1
1,0,0,0,1
2,0,0,0,2
1,0,0,0,1
2,0,0,0,2
1,0,0,0,1
1,0,0,0,1
1,0,0,0,1
2,0,0,0,2
1,0,0,0,1
1,0,0,0,1
1,0,0,0,1
2,0,0,0,2
1,0,0,0,1
2,0,0,0,2
3,0,0,0,3
18,0,0,0,18
13,1,0,0,14
1,0,0,0,1
1,0,0,0,1
5,0,0,0,5
3,0,0,0,3
1,0,0,0,1
13,1,0,0,14
1,0,0,0,1
1,0,0,0,1
17,0,0,0,17
3,0,0,0,3
1,0,0,0,1
14,0,1,0,15
1,2,1,0,4
6,0,0,0,6
1,0,0,0,1
3,0,0,0,3
7,0,0,0,7
1,0,0,0,1
1,0,0,0,1
3,0,0,0,3
1,0,0,0,1
1,0,0,0,1
1,0,0,0,1
4,0,0,0,4
1,0,0,0,1
1,0,0,0,1
1,0,0,0,1
1,0,0,0,1
20,14,0,0,34
8,0,0,0,8
1,0,0,0,1
11,0,1,0,12
5,0,0,0,5
1,0,0,0,1
1,0,0,0,1
2,0,0,0,2
2,0,0,0,2
2,0,0,0,2
2,0,0,0,2
1,0,0,0,1
1,0,0,0,1
2,0,0,0,2
1,0,0,0,1
3,0,0,0,3
2,0,0,0,2
1,0,0,0,1
1,0,0,0,1
1,0,0,0,1
1,0,0,0,1
1,0,0,0,1
1,0,0,0,1
3,0,0,0,3
2,0,0,0,2
1,0,0,0,1
1,0,0,0,1
1,0,0,0,1
2,0,0,0,2
1,0,0,0,1
1,0,0,0,1
1,0,0,0,1
1,0,0,0,1
16,0,0,0,16
7,0,0,0,7
1,0,0,0,1
1,0,0,0,1
1,0,0,0,1
2,0,0,0,2
1,0,0,0,1
1,2,0,0,3
1,0,0,0,1
1,0,0,0,1
1,0,0,0,1
1,0,0,0,1
1,0,0,0,1
1,0,0,0,1
1,0,0,0,1
1,0,0,0,1
2,0,0,0,2
2,0,0,0,2
3,0,0,0,3
1,0,0,0,1
1,0,0,0,1
5,0,0,0,5
1,0,0,0,1
4,0,0,0,4
1,0,0,0,1
2,0,0,0,2
1,0,0,0,1
3,0,0,0,3
1,0,0,0,1
1,0,0,0,1
1,0,0,0,1
1,0,0,0,1
3,0,0,0,3
9,0,0,0,9
2,0,0,0,2
1,0,0,0,1
2,0,0,0,2
1,0,0,0,1
1,0,0,0,1
2,0,0,0,2
1,0,0,0,1
34,0,0,0,34
1,0,0,0,1
1,0,0,0,1
1,0,0,0,1
3,0,0,0,3
3,0,0,0,3
1,0,0,0,1
5,3,2,0,10
1,0,0,0,1
1,1,1,0,3
3,0,0,0,3
1,0,0,0,1
1,0,0,0,1
1,0,0,0,1
2,0,0,0,2
8,0,0,0,8
3,0,0,0,3
1,0,0,0,1
2,591,0,0,593
2,0,0,0,2
1,0,0,0,1
11,2,0,0,13
3,0,0,0,3
1,0,0,0,1
1,46,0,0,47
30,0,0,0,30
7,0,0,0,7
2,0,0,0,2
1,0,0,0,1
3,2,0,0,5
1,0,0,0,1
2,0,0,0,2
1,0,0,0,1
1,0,0,0,1
1,0,0,0,1
3,0,0,0,3
2,0,0,0,2
3,0,0,0,3
1,0,0,0,1
2,0,0,0,2
1,0,0,0,1
3,0,0,0,3
2,0,0,0,2
1,0,0,0,1
1,0,0,0,1
2,0,0,0,2
2,0,0,0,2
16,0,0,0,16
1,0,0,0,1
1,0,0,0,1
3,3,0,0,6
1,4,0,0,5
1,0,0,0,1
1,0,0,0,1
1,0,0,0,1
1,0,0,0,1
1,0,0,0,1
1,0,0,0,1
7,11,0,0,18
2,0,0,0,2
1,0,0,0,1
1,0,0,0,1
1,0,0,0,1
12,9,0,0,21
1,19,0,0,20
1,0,0,0,1
9,1,1,0,11
4,0,0,0,4
2,0,0,0,2
1,0,0,0,1
1,0,0,0,1
2,0,0,0,2
2,0,0,0,2
2,0,0,0,2
1,0,0,0,1
2,0,0,0,2
5,0,0,0,5
1,0,0,0,1
1,0,0,0,1
16,6,0,0,22
1,0,0,0,1
11,0,0,0,11
1,0,0,0,1
2,0,0,0,2
1,0,0,0,1
2,0,0,0,2
1,0,0,0,1
2,0,0,0,2
4,0,0,0,4
3,0,0,0,3
6,0,0,0,6
20,1,3,0,24
2,0,0,0,2
1,0,0,0,1
3,0,0,0,3
2,0,0,0,2
1,0,0,0,1
2,0,0,0,2
5,0,0,0,5
1,0,0,0,1
69,169,0,0,238
1,0,0,0,1
2,11,0,0,13
1,0,0,0,1
1,0,0,0,1
1,0,0,0,1
1,0,0,0,1
2,0,0,0,2
1,0,0,0,1
1,0,0,0,1
1,0,0,0,1
6,2,0,0,8
1,0,0,0,1
7,0,0,0,7
1,1,0,0,2
1,0,0,0,1
1,0,0,0,1
1,0,0,0,1
4,2,0,0,6
1,0,0,0,1
1,61,0,0,62
3,0,0,0,3
8,1,1,0,10
1,0,0,0,1
2,0,0,0,2
1,0,0,0,1
1,0,0,0,1
1,0,0,0,1
4,0,0,0,4
1,0,0,0,1
1,0,0,0,1
3,0,0,0,3
5,0,0,0,5
5,0,0,0,5
1,0,0,0,1
43,1,3,0,47
2,0,0,0,2
1,0,0,0,1
1,0,0,0,1
1,0,0,0,1
1,0,0,0,1
1,0,0,0,1
1,0,0,0,1
2,0,0,0,2
1,0,0,0,1
1,0,0,0,1
1,0,0,0,1
1,0,0,0,1
1,0,0,0,1
1,0,0,0,1
1,0,0,0,1
2,0,0,0,2
2,0,0,0,2
2,0,0,0,2
14,0,0,0,14
2,0,0,0,2
1,0,0,0,1
1,0,0,0,1
3,0,0,0,3
1,0,0,0,1
1,0,0,0,1
1,0,0,0,1
3,6,0,0,9
2,0,0,0,2
3,0,0,0,3
1,0,0,0,1
1,0,0,0,1
1,0,0,0,1
1,0,0,0,1
1,0,0,0,1
1,0,0,0,1
4,0,0,0,4
1,0,0,0,1
1,0,0,0,1
3,0,0,0,3
1,0,0,0,1
1,0,0,0,1
2,0,0,0,2
1,0,0,0,1
2,0,0,0,2
2,0,0,0,2
2,0,0,0,2
1,0,0,0,1
2,0,0,0,2
2,0,0,0,2
1,0,0,0,1
3,0,0,0,3
2,0,0,0,2
7,30,0,0,37
3,0,0,0,3
34,20,1,0,55
1,0,0,0,1
1,0,0,0,1
4,0,0,0,4
5,0,0,0,5
2,0,0,0,2
1,0,0,0,1
1,0,0,0,1
1,0,0,0,1
8,14,3,0,25
8,1,1,0,10
1,2,0,0,3
1,0,0,0,1
1,0,0,0,1
1,0,0,0,1
1,0,0,0,1
1,0,0,0,1
1,0,0,0,1
9,0,0,0,9
1,0,0,0,1
1,0,0,0,1
2,0,0,0,2
1,0,0,0,1
8,0,0,0,8
1,0,0,0,1
1,0,0,0,1
3,0,0,0,3
1,0,0,0,1
3,0,0,0,3
1,0,0,0,1
1,0,0,0,1
2,0,0,0,2
2,1,0,0,3
1,0,0,0,1
3,0,0,0,3
1,0,0,0,1
2,0,0,0,2
2,0,0,0,2
14,176,0,0,190
1,0,0,0,1
1,0,0,0,1
1,0,0,0,1
5,0,0,0,5
1,0,0,0,1
1,0,0,0,1
2,0,0,0,2
1,0,0,0,1
4,0,0,0,4
4,0,0,0,4
1,0,0,0,1
1,0,0,0,1
1,0,0,0,1
6,0,0,0,6
1,0,0,0,1
1,0,0,0,1
4,0,0,0,4
1,0,0,0,1
2,0,0,0,2
2,0,0,0,2
3,0,0,0,3
4,0,0,0,4
1,0,0,0,1
1,0,0,0,1
1,0,0,0,1
2,0,0,0,2
10,1,0,0,11
8,0,0,0,8
1,0,0,0,1
1,0,0,0,1
1,0,0,0,1
1,0,0,0,1
1,0,0,0,1
4,0,0,0,4
3,1,0,0,4
2,0,0,0,2
1,0,0,0,1
1,0,0,0,1
1,2,0,0,3
5,2,0,0,7
1,0,0,0,1
1,0,0,0,1
8,6,0,0,14
2,0,0,0,2
3,0,0,0,3
1,0,0,0,1
6,5,2,0,13
2,0,0,0,2
2,0,0,0,2
4,0,0,0,4
1,0,0,0,1
1,0,0,0,1
1,0,0,0,1
3,0,0,0,3
1,0,0,0,1
2,1,2,0,5
1,0,0,0,1
3,0,0,0,3
2,0,0,0,2
1,0,0,0,1
7,0,0,0,7
1,0,0,0,1
1,0,0,0,1
10,2,0,0,12
13,3,0,0,16
7,2,0,0,9
1,0,0,0,1
1,0,0,0,1
4,0,0,0,4
1,0,0,0,1
3,0,0,0,3
2,0,0,0,2
1,0,0,0,1
2,0,0,0,2
2,0,0,0,2
1,0,0,0,1
4,0,0,0,4
2,0,0,0,2
1,0,0,0,1
9,0,0,0,9
1,1,0,0,2
1,0,0,0,1
1,0,0,0,1
1,0,0,0,1
1,0,0,0,1
2,0,0,0,2
1,0,0,0,1
29,1,0,0,30
1,0,0,0,1
8,0,0,0,8
1,0,0,0,1
1,0,0,0,1
1,0,0,0,1
5,0,0,0,5
1,0,0,0,1
1,0,0,0,1
1,0,0,0,1
1,0,0,0,1
2,0,0,0,2
1,0,0,0,1
1,0,0,0,1
1,0,0,0,1
1,0,0,0,1
1,10,0,0,11
1,0,0,0,1
1,0,0,0,1
2,0,0,0,2
2,0,0,0,2
1,0,0,0,1
1,0,0,0,1
1,0,0,0,1
1,0,0,0,1
38,16,6,0,60
1,0,0,0,1
1,0,0,0,1
1,0,0,0,1
1,0,0,0,1
20,0,0,0,20
1,0,0,0,1
1,0,0,0,1
4,0,0,0,4
1,0,0,0,1
8,0,0,0,8
1,0,0,0,1
5,0,0,0,5
1,0,0,0,1
22,24,1,0,47
1,0,0,0,1
4,0,0,0,4
1,0,0,0,1
5,0,0,0,5
1,0,0,0,1
1,0,0,0,1
2,3,0,0,5
10,2,5,0,17
1,0,0,0,1
2,1,0,0,3
5,0,0,0,5
7,11,0,0,18
3,0,0,0,3
10,0,0,0,10
6,28,4,0,38
2,0,0,0,2
2,0,0,0,2
1,0,0,0,1
2,6,1,0,9
3,0,0,0,3
1,0,0,0,1
1,0,0,0,1
1,0,0,0,1
3,0,0,0,3
2,0,0,0,2
1,0,0,0,1
2,0,0,0,2
1,0,0,0,1
1,0,0,0,1
7,0,0,0,7
1,0,0,0,1
3,16,0,0,19
2,0,0,0,2
1,0,0,0,1
1,0,0,0,1
2,0,0,0,2
2,0,0,0,2
2,0,0,0,2
1,0,0,0,1
3,0,0,0,3
2,0,0,0,2
1,0,0,0,1
1,0,0,0,1
1,0,0,0,1
2,0,0,0,2
1,0,0,0,1
1,0,0,0,1
2,0,0,0,2
4,4,0,0,8
1,0,0,0,1
1,0,0,0,1
4,3,0,0,7
6,0,0,0,6
1,0,0,0,1
3,0,0,0,3
3,0,0,0,3
1,0,0,0,1
2,0,0,0,2
1,0,0,0,1
2,0,0,0,2
1,0,0,0,1
2,0,0,0,2
2,0,0,0,2
1,0,0,0,1
1,0,0,0,1
1,0,0,0,1
2,0,0,0,2
1,0,0,0,1
5,0,0,0,5
2,0,0,0,2
10,0,0,0,10
1,0,0,0,1
1,0,0,0,1
2,0,0,0,2
4,0,0,0,4
2,0,0,0,2
1,0,0,0,1
1,0,0,0,1
1,0,0,0,1
1,0,0,0,1
1,0,0,0,1
1,0,0,0,1
5,18,0,0,23
15,0,1,0,16
1,0,0,0,1
1,0,0,0,1
1,0,0,0,1
2,0,0,0,2
2,0,0,0,2
1,89,1,0,91
5,6,0,0,11
2,1,0,0,3
1,0,0,0,1
3,0,0,0,3
2,0,0,0,2
1,1,0,0,2
1,0,0,0,1
2,0,0,0,2
1,0,0,0,1
4,0,0,0,4
2,0,0,0,2
2,0,0,0,2
2,0,0,0,2
14,0,0,0,14
1,0,0,0,1
5,0,0,0,5
12,0,0,0,12
7,0,0,0,7
2,0,0,0,2
1,0,0,0,1
1,0,0,0,1
1,0,0,0,1
1,4,0,0,5
1,0,0,0,1
2,0,0,0,2
1,0,0,0,1
1,0,0,0,1
1,0,0,0,1
1,0,0,0,1
1,0,0,0,1
1,0,0,0,1
1,0,0,0,1
1,0,0,0,1
1,0,0,0,1
1,0,0,0,1
1,0,0,0,1
1,0,0,0,1
1,0,0,0,1
1,0,0,0,1
3,0,0,0,3
2,0,0,0,2
2,1,1,0,4
10,0,0,0,10
1,0,0,0,1
1,0,0,0,1
1,0,0,0,1
1,0,0,0,1
7,0,0,0,7
1,0,0,0,1
1,0,0,0,1
3,0,0,0,3
4,0,0,0,4
1,0,0,0,1
3,0,0,0,3
1,0,0,0,1
1,0,0,0,1
3,0,0,0,3
1,0,0,0,1
1,0,0,0,1
1,0,0,0,1
1,0,0,0,1
1,0,0,0,1
1,0,0,0,1
1,0,0,0,1
2,0,0,0,2
14,0,0,0,14
1,0,0,0,1
2,0,0,0,2
16,1,0,0,17
38,0,0,0,38
1,0,0,0,1
1,0,0,0,1
1,0,0,0,1
1,0,0,0,1
2,0,0,0,2
3,0,0,0,3
3,11,2,0,16
1,0,0,0,1
1,0,0,0,1
2,0,0,0,2
1,0,0,0,1
1,0,0,0,1
1,0,0,0,1
1,0,0,0,1
1,0,0,0,1
1,0,0,0,1
7,0,0,0,7
2,0,0,0,2
5,1,0,0,6
3,0,0,0,3
1,0,0,0,1
3,0,0,0,3
2,0,0,0,2
1,0,0,0,1
1,0,0,0,1
1,0,0,0,1
12,3,1,0,16
1,0,0,0,1
3,0,0,0,3
1,0,0,0,1
1,0,0,0,1
3,0,0,0,3
1,0,0,0,1
1,0,0,0,1
3,0,0,0,3
10,0,0,0,10
2,0,0,0,2
15,0,0,0,15
3,0,0,0,3
1,0,0,0,1
1,0,0,0,1
1,0,0,0,1
1,0,0,0,1
1,0,0,0,1
1,0,0,0,1
1,0,0,0,1
1,0,0,0,1
1,0,0,0,1
8,0,0,0,8
1,0,0,0,1
1,0,0,0,1
1,0,0,0,1
1,0,0,0,1
1,0,0,0,1
1,0,0,0,1
4,0,0,0,4
4,0,0,0,4
2,1,0,0,3
2,0,0,0,2
4,0,0,0,4
34,5,4,0,43
1,0,0,0,1
1,0,0,0,1
2,0,0,0,2
1,0,0,0,1
1,0,0,0,1
1,0,0,0,1
2,0,0,0,2
4,0,0,0,4
1,0,0,0,1
3,0,0,0,3
1,0,0,0,1
1,0,0,0,1
1,0,0,0,1
2,0,0,0,2
19,2,7,0,28
2,0,0,0,2
18,0,0,0,18
3,0,0,0,3
1,0,0,0,1
2,0,0,0,2
24,0,0,0,24
1,0,0,0,1
5,0,0,0,5
1,0,0,0,1
1,0,0,0,1
12,11,0,0,23
2,0,0,0,2
1,0,0,0,1
2,0,0,0,2
44,0,0,0,44
1,0,0,0,1
1,0,0,0,1
1,0,0,0,1
2,0,0,0,2
1,0,0,0,1
2,0,0,0,2
1,0,0,0,1
1,0,0,0,1
1,0,0,0,1
2,0,0,0,2
1,0,0,0,1
1,0,0,0,1
1,0,0,0,1
2,0,0,0,2
1,0,0,0,1
2,0,0,0,2
16,6,0,0,22
1,0,0,0,1
1,0,0,0,1
1,0,0,0,1
1,0,0,0,1
3,0,0,0,3
14,8,0,0,22
1,0,0,0,1
2,0,0,0,2
1,0,0,0,1
1,0,0,0,1
1,0,0,0,1
4,0,0,0,4
6,0,0,0,6
1,0,0,0,1
8,0,0,0,8
2,0,0,0,2
9,1,1,0,11
5,0,0,0,5
1,0,0,0,1
1,0,0,0,1
1,0,0,0,1
4,0,0,0,4
1,24,0,0,25
3,0,0,0,3
2,0,0,0,2
1,0,0,0,1
1,0,0,0,1
4,0,0,0,4
1,0,0,0,1
2,0,0,0,2
1,0,0,0,1
2,0,0,0,2
1,0,0,0,1
1,0,0,0,1
1,0,0,0,1
1,0,0,0,1
1,0,0,0,1
1,0,0,0,1
1,0,0,0,1
10,0,0,0,10
2,0,0,0,2
1,0,0,0,1
1,0,0,0,1
9,0,0,0,9
1,0,0,0,1
2,0,0,0,2
2,11,0,0,13
5,0,0,0,5
13,0,0,0,13
1,0,0,0,1
1,0,0,0,1
1,0,0,0,1
2,0,0,0,2
1,0,0,0,1
1,0,0,0,1
1,0,0,0,1
1,0,0,0,1
1,0,0,0,1
5,0,0,0,5
1,0,0,0,1
3,2,0,0,5
4,0,0,0,4
1,0,0,0,1
1,0,0,0,1
1,0,0,0,1
3,0,1,0,4
3,0,0,0,3
1,0,0,0,1
3,0,0,0,3
1,0,0,0,1
5,17,0,0,22
1,0,0,0,1
3,0,0,0,3
1,0,0,0,1
1,0,0,0,1
2,0,0,0,2
5,0,0,0,5
3,0,0,0,3
1,0,0,0,1
1,0,0,0,1
1,0,0,0,1
5,0,2,0,7
3,0,0,0,3
22,0,0,0,22
1,0,0,0,1
1,0,0,0,1
1,0,0,0,1
1,0,0,0,1
2,0,0,0,2
1,0,0,0,1
1,0,0,0,1
1,0,0,0,1
3,3,0,0,6
1,0,0,0,1
7,0,0,0,7
2,0,0,0,2
2,1,0,0,3
1,0,0,0,1
1,0,0,0,1
2,0,0,0,2
1,0,0,0,1
2,0,0,0,2
1,0,0,0,1
1,0,0,0,1
1,6,0,0,7
1,0,0,0,1
3,4,0,0,7
2,1,0,0,3
1,0,0,0,1
4,0,0,0,4
64,4,1,0,69
26,13,0,0,39
1,0,0,0,1
6,0,0,0,6
1,0,0,0,1
1,0,0,0,1
1,0,0,0,1
1,0,0,0,1
8,0,0,0,8
4,0,0,0,4
2,0,0,0,2
4,0,0,0,4
1,0,0,0,1
1,0,0,0,1
6,0,0,0,6
2,0,0,0,2
1,0,0,0,1
1,0,0,0,1
1,0,0,0,1
1,0,0,0,1
1,0,0,0,1
1,0,0,0,1
1,0,0,0,1
4,0,0,0,4
1,0,0,0,1
1,0,0,0,1
1,0,0,0,1
2,7,0,0,9
11,0,0,0,11
1,0,0,0,1
1,0,0,0,1
1,0,0,0,1
1,0,0,0,1
1,0,0,0,1
1,0,0,0,1
2,0,0,0,2
1,0,0,0,1
1,0,0,0,1
2,0,0,0,2
1,0,0,0,1
1,0,0,0,1
50,0,0,0,50
2,0,0,0,2
1,0,0,0,1
1,0,0,0,1
1,0,0,0,1
1,0,0,0,1
1,0,0,0,1
4,0,0,0,4
1,0,0,0,1
1,0,0,0,1
3,0,0,0,3
2,0,0,0,2
1,0,0,0,1
4,0,0,0,4
3,0,0,0,3
4,0,0,0,4
8,0,0,0,8
2,0,0,0,2
1,0,0,0,1
3,0,0,0,3
1,0,0,0,1
1,0,0,0,1
4,0,0,0,4
1,0,0,0,1
1,0,0,0,1
1,0,0,0,1
3,0,0,0,3
1,0,0,0,1
1,0,0,0,1
1,0,0,0,1
1,0,0,0,1
1,0,0,0,1
1,0,0,0,1
1,0,0,0,1
1,0,0,0,1
1,0,0,0,1
3,3,0,0,6
3,0,0,0,3
2,0,0,0,2
2,0,0,0,2
1,0,0,0,1
1,1,0,0,2
1,0,0,0,1
1,0,0,0,1
5,0,0,0,5
2,0,0,0,2
1,16,1,0,18
1,0,0,0,1
5,0,0,0,5
2,0,0,0,2
5,0,0,0,5
15,3,0,0,18
1,0,0,0,1
2,0,0,0,2
1,0,0,0,1
1,0,0,0,1
1,0,0,0,1
2,0,0,0,2
3,0,0,0,3
1,0,0,0,1
6,2,0,0,8
1,0,0,0,1
1,0,0,0,1
1,0,0,0,1
4,0,0,0,4
2,0,0,0,2
1,0,0,0,1
2,0,0,0,2
1,0,0,0,1
4,0,0,0,4
1,0,0,0,1
7,3,0,0,10
2,0,0,0,2
1,0,0,0,1
1,0,0,0,1
1,0,0,0,1
2,0,0,0,2
1,0,0,0,1
3,0,0,0,3
1,0,0,0,1
1,0,0,0,1
1,0,0,0,1
1,0,0,0,1
2,0,0,0,2
1,0,0,0,1
5,0,0,0,5
2,0,0,0,2
2,0,0,0,2
4,0,0,0,4
14,1,1,0,16
2,0,0,0,2
2,2,0,0,4
2,1,0,0,3
1,0,0,0,1
1,0,0,0,1
1,0,0,0,1
15,1,0,0,16
1,0,0,0,1
1,0,0,0,1
3,0,0,0,3
9,0,0,0,9
1,0,0,0,1
1,1,1,0,3
1,0,0,0,1
1,0,0,0,1
1,0,0,0,1
1,0,0,0,1
3,0,0,0,3
5,0,0,0,5
1,0,0,0,1
7,0,0,0,7
9,0,0,0,9
1,0,0,0,1
8,0,0,0,8
1,0,0,0,1
10,0,0,0,10
1,0,0,0,1
2,0,0,0,2
1,0,0,0,1
1,0,0,0,1
1,0,0,0,1
3,0,0,0,3
3,0,0,0,3
1,0,0,0,1
2,0,0,0,2
18,0,0,0,18
1,0,0,0,1
1,0,0,0,1
6,0,0,0,6
1,0,0,0,1
1,0,0,0,1
1,0,0,0,1
2,0,0,0,2
1,0,0,0,1
1,0,0,0,1
1,0,0,0,1
1,0,0,0,1
1,0,0,0,1
1,0,0,0,1
7,0,0,0,7
1,0,0,0,1
1,0,0,0,1
3,0,0,0,3
1,0,0,0,1
2,0,0,0,2
20,0,0,0,20
1,0,0,0,1
2,0,0,0,2
1,0,0,0,1
1,0,0,0,1
1,0,0,0,1
2,0,0,0,2
1,0,0,0,1
1,0,0,0,1
1,0,0,0,1
1,0,0,0,1
1,0,0,0,1
1,0,0,0,1
3,0,0,0,3
1,0,0,0,1
1,0,0,0,1
1,0,0,0,1
1,0,0,0,1
1,0,0,0,1
2,0,0,0,2
7,11,0,0,18
2,0,0,0,2
1,0,0,0,1
1,0,0,0,1
1,0,0,0,1
3,0,0,0,3
1,0,0,0,1
9,0,1,0,10
3,0,0,0,3
1,0,0,0,1
1,2,0,0,3
2,0,0,0,2
1,0,0,0,1
2,0,0,0,2
1,0,0,0,1
1,0,0,0,1
1,0,0,0,1
1,0,0,0,1
1,0,0,0,1
1,0,0,0,1
4,0,0,0,4
2,0,0,0,2
1,0,0,0,1
1,0,0,0,1
1,0,0,0,1
1,0,0,0,1
1,1,0,0,2
4,0,0,0,4
1,0,0,0,1
1,0,0,0,1
1,0,0,0,1
2,0,0,0,2
4,0,0,0,4
2,0,0,0,2
1,0,0,0,1
1,0,0,0,1
1,0,0,0,1
1,0,0,0,1
1,8,0,0,9
1,0,0,0,1
21,0,0,0,21
1,0,0,0,1
1,0,0,0,1
1,0,0,0,1
1,0,0,0,1
3,0,0,0,3
1,0,0,0,1
1,0,0,0,1
22,0,0,0,22
3,0,0,0,3
2,8,0,0,10
2,0,0,0,2
1,0,0,0,1
1,0,0,0,1
1,0,0,0,1
3,0,0,0,3
1,0,0,0,1
1,0,0,0,1
1,0,0,0,1
1,0,0,0,1
1,0,0,0,1
47,0,0,0,47
1,0,0,0,1
1,0,0,0,1
3,0,0,0,3
2,0,0,0,2
1,0,0,0,1
1,0,0,0,1
1,0,0,0,1
3,5,0,0,8
1,0,0,0,1
8,0,0,0,8
9,0,0,0,9
1,0,0,0,1
4,0,0,0,4
4,10,0,0,14
9,0,0,0,9
1,0,0,0,1
1,0,0,0,1
1,0,0,0,1
1,0,0,0,1
5,0,0,0,5
2,0,0,0,2
1,0,0,0,1
2,0,0,0,2
6,0,0,0,6
4,0,0,0,4
3,3,0,0,6
3,0,0,0,3
1,0,0,0,1
2,0,0,0,2
1,0,0,0,1
1,0,0,0,1
1,0,0,0,1
1,0,0,0,1
1,0,0,0,1
1,0,0,0,1
1,0,0,0,1
1,0,0,0,1
1,0,0,0,1
2,0,0,0,2
1,0,0,0,1
1,0,0,0,1
1,0,0,0,1
1,0,0,0,1
1,0,0,0,1
1,0,0,0,1
3,0,0,0,3
3,1,0,0,4
2,0,0,0,2
1,0,0,0,1
1,0,0,0,1
1,0,0,0,1
1,0,0,0,1
8,0,0,0,8
2,0,0,0,2
3,0,0,0,3
1,0,0,0,1
1,0,0,0,1
1,0,0,0,1
3,0,0,0,3
3,0,0,0,3
6,0,0,0,6
1,0,0,0,1
8,0,0,0,8
2,0,0,0,2
1,0,0,0,1
10,0,0,0,10
1,0,0,0,1
7,15,0,0,22
1,0,0,0,1
9,0,0,0,9
1,0,0,0,1
9,0,0,0,9
1,0,0,0,1
1,0,0,0,1
1,0,0,0,1
1,0,0,0,1
2,0,0,0,2
1,0,0,0,1
1,0,0,0,1
1,0,0,0,1
1,0,0,0,1
1,4,0,0,5
3,0,0,0,3
7,0,0,0,7
1,0,0,0,1
2,0,0,0,2
4,0,0,0,4
1,0,0,0,1
5,0,0,0,5
2,0,0,0,2
1,0,0,0,1
7,0,0,0,7
1,0,0,0,1
15,0,0,0,15
1,0,0,0,1
1,0,0,0,1
1,0,0,0,1
1,0,0,0,1
23,0,0,0,23
1,0,0,0,1
3,0,0,0,3
1,2,0,0,3
1,0,0,0,1
1,0,0,0,1
4,0,0,0,4
6,0,0,0,6
1,0,0,0,1
10,0,0,0,10
2,0,0,0,2
14,5,0,0,19
1,0,0,0,1
2,0,0,0,2
1,0,0,0,1
1,0,0,0,1
1,0,0,0,1
1,0,0,0,1
1,0,0,0,1
1,0,0,0,1
1,0,0,0,1
1,0,0,0,1
1,0,0,0,1
1,0,0,0,1
3,0,0,0,3
1,0,0,0,1
1,0,0,0,1
1,0,0,0,1
1,0,0,0,1
7,0,0,0,7
9,19,0,0,28
1,0,0,0,1
1,0,0,0,1
3,0,0,0,3
1,0,0,0,1
1,0,0,0,1
1,0,0,0,1
1,0,0,0,1
1,0,0,0,1
3,3,0,0,6
1,0,0,0,1
1,0,0,0,1
1,0,0,0,1
2,0,0,0,2
1,0,0,0,1
2,0,0,0,2
1,0,0,0,1
3,0,0,0,3
8,0,0,0,8
1,0,0,0,1
1,3,0,0,4
1,0,0,0,1
2,0,0,0,2
1,0,0,0,1
3,0,0,0,3
1,0,0,0,1
1,0,0,0,1
1,0,0,0,1
1,0,0,0,1
1,0,0,0,1
1,0,0,0,1
1,0,0,0,1
14,2,0,0,16
10,0,0,0,10
1,0,0,0,1
1,0,0,0,1
3,0,0,0,3
4,0,0,0,4
18,1,0,0,19
2,0,0,0,2
1,0,0,0,1
1,0,0,0,1
14,0,0,0,14
3,2,0,0,5
1,0,0,0,1
1,0,0,0,1
8,47,1,0,56
7,10,0,0,17
8,0,0,0,8
3,0,0,0,3
2,2,1,0,5
1,0,0,0,1
1,0,0,0,1
15,4,8,0,27
1,0,0,0,1
18,40,0,0,58
2,0,0,0,2
4,0,0,0,4
1,0,0,0,1
1,0,0,0,1
2,0,0,0,2
1,0,0,0,1
3,0,0,0,3
4,0,0,0,4
1,0,0,0,1
1,0,0,0,1
7,3,0,0,10
1,0,0,0,1
2,0,0,0,2
1,0,0,0,1
31,0,0,0,31
18,1,0,0,19
1,0,0,0,1
3,0,0,0,3
4,0,0,0,4
6,1,1,0,8
1,0,0,0,1
1,0,0,0,1
2,0,0,0,2
1,0,0,0,1
1,0,0,0,1
17,1,0,0,18
1,0,0,0,1
1,0,0,0,1
1,0,0,0,1
4,0,0,0,4
2,0,0,0,2
3,0,0,0,3
3,0,0,0,3
1,0,0,0,1
1,0,0,0,1
1,0,0,0,1
7,0,0,0,7
5,2,0,0,7
4,0,0,0,4
2,4,0,0,6
1,0,0,0,1
1,0,0,0,1
1,0,0,0,1
1,0,0,0,1
1,0,0,0,1
1,0,0,0,1
1,0,0,0,1
1,0,0,0,1
13,1,0,0,14
3,0,0,0,3
1,0,0,0,1
2,0,0,0,2
2,0,0,0,2
1,0,0,0,1
1,0,0,0,1
6,0,0,0,6
1,0,0,0,1
4,0,0,0,4
3,0,0,0,3
1,0,0,0,1
3,0,0,0,3
1,0,0,0,1
4,0,0,0,4
1,0,0,0,1
3,0,0,0,3
3,0,0,0,3
1,0,0,0,1
1,0,0,0,1
2,0,0,0,2
1,0,0,0,1
2,0,0,0,2
1,0,0,0,1
2,0,0,0,2
1,0,0,0,1
1,0,0,0,1
1,0,0,0,1
9,0,0,0,9
1,0,0,0,1
3,0,0,0,3
27,0,0,0,27
1,0,0,0,1
3,13,0,0,16
2,0,0,0,2
6,0,0,0,6
1,0,0,0,1
1,0,0,0,1
6,0,0,0,6
4,0,0,0,4
2,0,0,0,2
1,0,0,0,1
3,0,0,0,3
3,0,0,0,3
2,0,0,0,2
5,0,0,0,5
1,0,0,0,1
2,0,0,0,2
1,0,0,0,1
1,0,0,0,1
3,0,0,0,3
1,0,0,0,1
1,0,0,0,1
2,0,0,0,2
2,1,1,0,4
1,0,0,0,1
2,0,0,0,2
1,0,0,0,1
1,0,0,0,1
1,0,0,0,1
3,0,0,0,3
4,0,0,0,4
1,0,0,0,1
1,0,0,0,1
4,0,0,0,4
3,0,0,0,3
1,0,0,0,1
3,0,0,0,3
1,0,0,0,1
1,0,0,0,1
1,0,0,0,1
14,0,0,0,14
1,0,0,0,1
1,0,0,0,1
1,0,0,0,1
3,0,0,0,3
1,0,0,0,1
1,0,0,0,1
2,0,0,0,2
1,0,0,0,1
6,0,0,0,6
9,26,0,0,35
3,0,0,0,3
1,0,0,0,1
1,0,0,0,1
1,0,0,0,1
1,0,0,0,1
2,0,0,0,2
1,0,0,0,1
4,0,0,0,4
3,0,0,0,3
1,0,0,0,1
1,0,0,0,1
1,0,0,0,1
1,0,0,0,1
23,14,1,0,38
1,0,0,0,1
1,0,0,0,1
2,0,0,0,2
1,0,0,0,1
3,0,0,0,3
1,0,0,0,1
2,0,0,0,2
2,0,0,0,2
15,0,0,0,15
1,0,0,0,1
1,0,0,0,1
1,0,0,0,1
1,0,0,0,1
1,0,0,0,1
7,0,0,0,7
1,0,0,0,1
1,0,0,0,1
3,0,0,0,3
1,0,0,0,1
4,0,0,0,4
1,0,0,0,1
1,0,0,0,1
1,0,0,0,1
2,0,0,0,2
4,0,0,0,4
1,0,0,0,1
1,0,0,0,1
1,0,0,0,1
1,0,0,0,1
1,0,0,0,1
2,0,0,0,2
1,0,0,0,1
3,0,0,0,3
1,0,0,0,1
10,0,0,0,10
1,0,0,0,1
2,0,0,0,2
1,0,0,0,1
1,0,0,0,1
1,0,0,0,1
1,0,0,0,1
2,0,0,0,2
1,0,0,0,1
7,0,0,0,7
1,0,0,0,1
6,0,0,0,6
2,0,0,0,2
1,0,0,0,1
2,0,0,0,2
1,0,0,0,1
4,0,0,0,4
1,0,0,0,1
1,0,0,0,1
3,0,0,0,3
3,3,0,0,6
1,0,0,0,1
1,0,0,0,1
2,0,0,0,2
1,0,0,0,1
1,0,0,0,1
1,0,0,0,1
2,0,0,0,2
2,0,0,0,2
4,0,0,0,4
31,0,0,0,31
1,0,0,0,1
1,0,0,0,1
1,0,0,0,1
23,0,1,0,24
1,0,0,0,1
1,0,0,0,1
2,0,0,0,2
2,0,0,0,2
1,0,0,0,1
1,0,0,0,1
1,0,0,0,1
1,0,0,0,1
1,0,0,0,1
2,0,0,0,2
7,0,0,0,7
1,0,0,0,1
3,0,0,0,3
3,0,0,0,3
1,0,0,0,1
1,0,0,0,1
1,0,0,0,1
1,0,0,0,1
1,4,0,0,5
3,0,0,0,3
1,0,0,0,1
2,0,0,0,2
3,0,0,0,3
10,0,0,0,10
1,0,0,0,1
3,0,0,0,3
1,0,0,0,1
1,0,0,0,1
1,0,0,0,1
5,0,0,0,5
1,0,0,0,1
1,0,0,0,1
1,0,0,0,1
2,0,0,0,2
2,2,0,0,4
5,0,0,0,5
2,0,0,0,2
1,0,0,0,1
1,0,0,0,1
1,0,0,0,1
3,0,0,0,3
1,0,0,0,1
6,0,0,0,6
5,0,0,0,5
8,0,0,0,8
6,0,0,0,6
1,0,0,0,1
4,0,0,0,4
6,1,0,0,7
3,0,0,0,3
2,2,0,0,4
1,0,0,0,1
1,0,0,0,1
1,0,0,0,1
9,3,0,0,12
1,0,0,0,1
2,0,0,0,2
1,0,0,0,1
1,0,0,0,1
1,0,0,0,1
1,0,0,0,1
1,0,0,0,1
1,0,0,0,1
1,0,0,0,1
2,0,0,0,2
1,0,0,0,1
1,0,0,0,1
2,0,0,0,2
1,0,0,0,1
1,0,0,0,1
4,0,0,0,4
1,0,0,0,1
1,0,0,0,1
1,0,0,0,1
2,0,0,0,2
32,3,3,0,38
1,0,0,0,1
1,0,0,0,1
3,0,0,0,3
3,0,0,0,3
7,0,0,0,7
7,1,0,0,8
1,0,0,0,1
1,0,0,0,1
2,2,0,0,4
2,0,0,0,2
1,0,0,0,1
4,3,1,0,8
4,0,0,0,4
1,0,0,0,1
1,0,0,0,1
1,0,0,0,1
1,0,0,0,1
5,0,0,0,5
14,2,1,0,17
1,0,0,0,1
1,0,0,0,1
11,0,0,0,11
3,0,0,0,3
1,0,0,0,1
1,0,0,0,1
1,0,0,0,1
2,0,0,0,2
1,0,0,0,1
11,0,0,0,11
2,0,0,0,2
1,0,0,0,1
1,0,0,0,1
1,0,0,0,1
2,0,0,0,2
1,0,0,0,1
6,0,0,0,6
1,0,0,0,1
1,0,0,0,1
3,0,0,0,3
1,0,0,0,1
1,0,0,0,1
1,0,0,0,1
2,0,0,0,2
1,0,0,0,1
1,0,0,0,1
1,0,0,0,1
2,0,0,0,2
6,0,0,0,6
1,0,0,0,1
1,0,0,0,1
3,0,0,0,3
1,0,0,0,1
1,0,0,0,1
1,0,0,0,1
1,0,0,0,1
1,0,0,0,1
16,10,1,0,27
1,0,0,0,1
1,0,0,0,1
2,0,0,0,2
1,0,0,0,1
3,1,0,0,4
1,0,0,0,1
1,0,0,0,1
2,0,0,0,2
8,0,0,0,8
1,0,0,0,1
1,0,0,0,1
1,0,0,0,1
4,0,0,0,4
1,0,0,0,1
1,0,0,0,1
1,0,0,0,1
1,0,0,0,1
28,2,0,0,30
9,0,0,0,9
1,0,0,0,1
1,0,0,0,1
1,0,0,0,1
1,0,0,0,1
5,0,0,0,5
1,0,0,0,1
5,1,0,0,6
2,0,0,0,2
1,0,0,0,1
1,0,0,0,1
12,0,0,0,12
2,0,0,0,2
4,0,0,0,4
44,3,3,0,50
2,0,0,0,2
1,0,0,0,1
3,22,2,0,27
1,0,0,0,1
4,0,0,0,4
1,0,0,0,1
1,0,0,0,1
1,0,0,0,1
7,8,0,0,15
6,17,2,0,25
12,1,1,0,14
1,0,0,0,1
1,0,0,0,1
1,0,0,0,1
3,0,0,0,3
1,0,0,0,1
2,0,0,0,2
2,0,0,0,2
1,0,0,0,1
17,0,1,0,18
1,0,0,0,1
1,0,0,0,1
1,0,0,0,1
1,0,0,0,1
1,1,0,0,2
1,0,0,0,1
5,0,0,0,5
1,0,0,0,1
1,0,0,0,1
3,0,0,0,3
1,57,10,0,68
1,14,2,0,17
2,0,0,0,2
7,0,0,0,7
1,0,0,0,1
1,0,0,0,1
2,0,0,0,2
1,0,0,0,1
1,0,0,0,1
5,0,0,0,5
1,0,0,0,1
1,0,0,0,1
9,4,0,0,13
5,0,0,0,5
4,0,0,0,4
4,0,0,0,4
15,0,0,0,15
2,0,0,0,2
1,0,0,0,1
1,0,0,0,1
1,0,0,0,1
1,0,0,0,1
4,2,0,0,6
1,0,0,0,1
14,1,0,0,15
2,0,0,0,2
1,0,0,0,1
2,0,0,0,2
1,0,0,0,1
1,0,0,0,1
2,0,0,0,2
2,0,0,0,2
1,0,0,0,1
1,0,0,0,1
1,0,0,0,1
2,0,0,0,2
1,0,0,0,1
1,0,0,0,1
1,0,0,0,1
1,0,0,0,1
8,0,0,0,8
1,0,0,0,1
5,0,0,0,5
3,0,0,0,3
2,0,0,0,2
2,0,0,0,2
1,0,0,0,1
1,0,0,0,1
1,0,0,0,1
1,0,0,0,1
5,0,0,0,5
1,0,0,0,1
3,26,6,0,35
1,0,0,0,1
1,0,0,0,1
1,1,0,0,2
1,0,0,0,1
1,0,0,0,1
1,0,0,0,1
1,0,0,0,1
4,2,0,0,6
2,1,1,0,4
2,0,0,0,2
2,3,0,0,5
2,0,0,0,2
11,0,0,0,11
1,0,0,0,1
1,0,0,0,1
1,0,0,0,1
20,0,0,0,20
1,0,0,0,1
1,0,0,0,1
1,0,0,0,1
1,0,0,0,1
1,0,0,0,1
1,0,0,0,1
1,0,0,0,1
1,0,0,0,1
10,0,0,0,10
4,0,0,0,4
1,0,0,0,1
2,0,0,0,2
1,0,0,0,1
1,0,0,0,1
11,0,0,0,11
1,0,0,0,1
1,0,0,0,1
2,0,0,0,2
9,0,0,0,9
3,0,0,0,3
32,9,1,0,42
1,0,0,0,1
2,0,0,0,2
2,0,0,0,2
2,0,0,0,2
1,0,0,0,1
1,0,0,0,1
1,0,0,0,1
1,0,0,0,1
1,0,0,0,1
1,0,0,0,1
1,0,0,0,1
2,0,0,0,2
2,0,0,0,2
1,0,0,0,1
2,0,0,0,2
1,0,0,0,1
4,0,0,0,4
1,0,0,0,1
1,0,0,0,1
1,0,0,0,1
6,0,0,0,6
3,0,0,0,3
2,0,0,0,2
4,5,1,0,10
3,7,0,0,10
1,0,0,0,1
2,0,0,0,2
8,6,1,0,15
1,0,0,0,1
1,0,0,0,1
1,0,0,0,1
5,0,0,0,5
1,7,1,0,9
1,0,0,0,1
1,0,0,0,1
7,0,0,0,7
5,0,0,0,5
5,1,0,0,6
11,2,0,0,13
1,0,0,0,1
3,0,0,0,3
1,0,0,0,1
1,0,0,0,1
1,0,0,0,1
2,0,0,0,2
1,0,0,0,1
1,0,0,0,1
8,0,0,0,8
1,0,0,0,1
1,0,0,0,1
11,0,0,0,11
2,0,0,0,2
4,0,0,0,4
2,0,0,0,2
13,29,1,0,43
1,0,0,0,1
1,0,0,0,1
1,1,0,0,2
3,4,0,0,7
1,0,0,0,1
1,0,0,0,1
9,78,0,0,87
3,0,0,0,3
1,0,0,0,1
1,0,0,0,1
1,0,0,0,1
1,0,0,0,1
2,0,0,0,2
3,0,0,0,3
1,0,0,0,1
16,0,0,0,16
2,0,0,0,2
1,0,0,0,1
3,3,0,0,6
3,0,0,0,3
1,1,0,0,2
3,0,0,0,3
1,0,0,0,1
12,2,0,0,14
4,20,2,0,26
9,0,0,0,9
10,0,0,0,10
2,0,0,0,2
1,0,0,0,1
2,0,0,0,2
47,5,0,0,52
2,0,0,0,2
1,0,0,0,1
12,0,0,0,12
1,0,0,0,1
2,0,0,0,2
1,0,0,0,1
1,0,0,0,1
3,29,0,0,32
1,0,0,0,1
2,0,0,0,2
4,0,0,0,4
3,0,0,0,3
1,0,0,0,1
1,0,0,0,1
1,0,0,0,1
1,0,0,0,1
4,45,0,0,49
2,0,0,0,2
1,0,0,0,1
1,0,0,0,1
1,0,0,0,1
1,0,0,0,1
2,0,0,0,2
1,0,0,0,1
1,0,0,0,1
2,1,0,0,3
1,0,0,0,1
1,0,0,0,1
2,0,0,0,2
1,0,0,0,1
1,1,0,0,2
2,0,0,0,2
1,0,0,0,1
1,0,0,0,1
1,0,0,0,1
1,0,0,0,1
3,0,0,0,3
1,0,0,0,1
1,0,0,0,1
4,0,0,0,4
6,4,0,0,10
1,0,0,0,1
1,0,0,0,1
6,0,0,0,6
1,0,0,0,1
1,0,0,0,1
3,0,0,0,3
1,0,0,0,1
4,6,0,0,10
1,0,0,0,1
1,0,0,0,1
2,2,0,0,4
8,0,0,0,8
3,0,0,0,3
3,0,0,0,3
1,0,0,0,1
1,0,0,0,1
10,19,0,0,29
2,0,0,0,2
5,0,0,0,5
2,0,0,0,2
1,0,0,0,1
1,0,0,0,1
4,0,0,0,4
10,0,0,0,10
1,0,0,0,1
1,0,0,0,1
1,0,0,0,1
8,2,0,0,10
9,0,0,0,9
3,3,0,0,6
13,0,0,0,13
1,0,0,0,1
1,0,0,0,1
1,0,0,0,1
1,0,0,0,1
1,0,0,0,1
1,0,0,0,1
1,0,0,0,1
3,0,0,0,3
1,0,0,0,1
1,0,0,0,1
1,0,0,0,1
1,0,0,0,1
1,0,0,0,1
2,0,0,0,2
1,0,0,0,1
1,0,0,0,1
4,0,0,0,4
1,0,0,0,1
5,1,1,0,7
2,0,0,0,2
1,0,0,0,1
12,4,1,0,17
1,0,0,0,1
1,0,0,0,1
1,0,0,0,1
13,0,0,0,13
1,0,0,0,1
1,0,0,0,1
2,0,0,0,2
1,0,0,0,1
1,0,0,0,1
3,0,0,0,3
1,0,0,0,1
1,0,0,0,1
11,0,0,0,11
1,0,0,0,1
14,0,0,0,14
1,0,0,0,1
1,0,0,0,1
2,0,0,0,2
2,0,0,0,2
1,0,0,0,1
1,0,0,0,1
1,0,0,0,1
1,0,0,0,1
17,9,0,0,26
2,0,0,0,2
1,0,0,0,1
2,0,0,0,2
1,0,0,0,1
3,0,0,0,3
1,0,0,0,1
2,0,0,0,2
2,0,0,0,2
1,0,0,0,1
1,0,0,0,1
3,0,0,0,3
1,0,0,0,1
1,0,0,0,1
10,0,0,0,10
3,0,0,0,3
1,0,0,0,1
3,8,1,0,12
2,0,0,0,2
2,0,0,0,2
1,0,0,0,1
1,0,0,0,1
1,0,0,0,1
1,0,0,0,1
1,0,0,0,1
1,0,0,0,1
1,0,0,0,1
1,0,0,0,1
7,0,0,0,7
1,0,0,0,1
11,2,0,0,13
1,0,0,0,1
16,2,0,0,18
1,0,0,0,1
25,0,0,0,25
29,6,0,0,35
20,0,0,0,20
2,0,0,0,2
1,0,0,0,1
13,0,0,0,13
8,0,0,0,8
1,0,0,0,1
1,0,0,0,1
3,2,0,0,5
1,0,0,0,1
1,0,0,0,1
1,0,0,0,1
1,0,0,0,1
29,0,0,0,29
1,0,0,0,1
1,0,0,0,1
1,0,0,0,1
1,0,0,0,1
1,0,0,0,1
20,0,0,0,20
1,0,0,0,1
1,0,0,0,1
1,0,0,0,1
1,2,0,0,3
1,0,0,0,1
1,0,0,0,1
1,0,0,0,1
6,0,0,0,6
1,0,0,0,1
1,0,0,0,1
1,0,0,0,1
1,0,0,0,1
1,0,0,0,1
1,0,0,0,1
1,0,0,0,1
2,0,0,0,2
1,0,0,0,1
1,0,0,0,1
2,0,0,0,2
19,0,0,0,19
1,0,0,0,1
6,0,0,0,6
1,0,0,0,1
1,0,0,0,1
3,0,0,0,3
7,0,0,0,7
2,0,0,0,2
9,1,0,0,10
1,0,0,0,1
1,0,0,0,1
1,0,0,0,1
1,0,0,0,1
1,0,0,0,1
1,0,0,0,1
1,1,0,0,2
12,0,0,0,12
5,0,0,0,5
8,2,1,0,11
1,0,0,0,1
1,0,0,0,1
2,0,0,0,2
1,0,0,0,1
16,3,0,0,19
2,0,0,0,2
3,0,0,0,3
2,0,0,0,2
1,0,0,0,1
1,0,0,0,1
11,1,0,0,12
1,0,0,0,1
1,0,0,0,1
5,0,0,0,5
7,1,0,0,8
1,0,0,0,1
2,0,0,0,2
1,0,0,0,1
1,0,0,0,1
2,0,0,0,2
1,0,0,0,1
1,0,0,0,1
18,0,0,0,18
1,0,0,0,1
1,0,0,0,1
3,0,0,0,3
6,0,0,0,6
3,0,0,0,3
1,0,0,0,1
1,0,0,0,1
4,0,0,0,4
1,0,0,0,1
1,0,0,0,1
1,4,0,0,5
1,0,0,0,1
1,0,0,0,1
1,0,0,0,1
1,0,0,0,1
1,0,0,0,1
1,0,0,0,1
1,0,0,0,1
3,0,0,0,3
3,4,0,0,7
1,0,0,0,1
4,0,0,0,4
3,0,0,0,3
2,0,0,0,2
1,0,0,0,1
1,0,0,0,1
1,0,0,0,1
2,0,0,0,2
3,0,0,0,3
1,0,0,0,1
5,2,0,0,7
1,0,0,0,1
2,0,0,0,2
3,0,0,0,3
1,0,0,0,1
1,0,0,0,1
10,0,0,0,10
1,0,0,0,1
1,0,0,0,1
1,0,0,0,1
3,0,0,0,3
1,0,0,0,1
1,0,0,0,1
1,0,0,0,1
4,0,0,0,4
1,0,0,0,1
1,0,0,0,1
8,8,0,0,16
4,0,0,0,4
3,0,0,0,3
1,0,0,0,1
1,0,0,0,1
1,0,0,0,1
1,0,0,0,1
1,0,0,0,1
1,0,0,0,1
1,0,0,0,1
1,0,0,0,1
17,0,0,0,17
1,0,0,0,1
2,0,0,0,2
2,0,0,0,2
2,0,0,0,2
12,0,0,0,12
1,0,0,0,1
1,0,0,0,1
1,0,0,0,1
1,0,0,0,1
10,0,0,0,10
1,0,0,0,1
3,0,0,0,3
1,0,0,0,1
1,0,0,0,1
1,0,0,0,1
14,0,2,0,16
1,0,0,0,1
2,0,0,0,2
4,0,0,0,4
8,1,0,0,9
2,0,0,0,2
2,0,0,0,2
1,0,0,0,1
1,0,0,0,1
1,0,0,0,1
1,0,0,0,1
4,0,0,0,4
1,0,0,0,1
1,0,0,0,1
12,3,0,0,15
2,43,0,0,45
14,0,0,0,14
2,0,0,0,2
10,0,0,0,10
4,0,0,0,4
1,0,0,0,1
21,24,1,0,46
2,0,0,0,2
6,3,0,0,9
1,29,0,0,30
4,0,0,0,4
1,0,0,0,1
1,0,0,0,1
4,12,0,0,16
5,0,0,0,5
1,0,0,0,1
3,0,0,0,3
3,0,0,0,3
1,0,0,0,1
2,0,0,0,2
24,16,2,0,42
1,0,0,0,1
2,0,0,0,2
2,0,0,0,2
3,0,0,0,3
1,0,0,0,1
1,0,0,0,1
1,0,0,0,1
2,0,0,0,2
3,0,0,0,3
1,0,0,0,1
8,6,1,0,15
1,0,0,0,1
7,0,0,0,7
1,0,0,0,1
1,0,0,0,1
1,0,0,0,1
1,0,0,0,1
1,0,0,0,1
1,0,0,0,1
3,0,0,0,3
1,0,0,0,1
4,0,0,0,4
1,0,0,0,1
1,0,0,0,1
1,0,0,0,1
4,0,0,0,4
1,0,0,0,1
2,0,0,0,2
1,0,0,0,1
7,1,1,0,9
2,0,0,0,2
1,0,0,0,1
1,0,0,0,1
1,0,0,0,1
1,0,0,0,1
2,0,0,0,2
1,1,0,0,2
1,0,0,0,1
1,0,0,0,1
1,0,0,0,1
1,0,0,0,1
1,0,0,0,1
2,0,0,0,2
1,0,0,0,1
2,0,0,0,2
3,0,0,0,3
2,0,0,0,2
3,0,0,0,3
1,0,0,0,1
1,0,0,0,1
1,0,0,0,1
1,0,0,0,1
13,6,0,0,19
1,1,0,0,2
20,1,0,0,21
1,0,0,0,1
4,0,0,0,4
1,0,0,0,1
3,0,0,0,3
1,0,0,0,1
1,0,0,0,1
11,0,0,0,11
7,1,0,0,8
3,0,0,0,3
2,0,0,0,2
2,0,0,0,2
1,0,0,0,1
1,0,0,0,1
1,0,0,0,1
1,0,0,0,1
1,0,0,0,1
1,0,0,0,1
1,0,0,0,1
8,0,0,0,8
1,0,0,0,1
1,0,0,0,1
1,0,0,0,1
9,0,0,0,9
1,0,0,0,1
4,0,0,0,4
2,0,0,0,2
3,0,0,0,3
1,0,0,0,1
2,0,0,0,2
3,0,0,0,3
1,0,0,0,1
1,0,0,0,1
2,0,0,0,2
1,0,0,0,1
1,0,0,0,1
1,0,0,0,1
1,0,0,0,1
1,0,0,0,1
1,0,0,0,1
1,0,0,0,1
1,0,0,0,1
6,0,0,0,6
1,0,0,0,1
1,0,0,0,1
1,0,0,0,1
23,16,0,0,39
1,0,0,0,1
1,0,0,0,1
2,0,0,0,2
1,0,0,0,1
1,0,0,0,1
1,0,0,0,1
1,0,0,0,1
1,0,0,0,1
6,1,1,0,8
3,0,0,0,3
3,0,0,0,3
1,0,0,0,1
2,0,0,0,2
2,0,0,0,2
18,30,1,0,49
6,1,0,0,7
1,0,0,0,1
1,0,0,0,1
1,0,0,0,1
3,0,0,0,3
1,0,0,0,1
1,0,0,0,1
1,0,0,0,1
1,0,0,0,1
1,0,0,0,1
4,0,0,0,4
1,0,0,0,1
1,0,0,0,1
18,0,0,0,18
6,10,1,0,17
1,0,0,0,1
1,0,0,0,1
15,0,0,0,15
1,0,0,0,1
1,0,0,0,1
5,0,0,0,5
1,0,0,0,1
1,0,0,0,1
1,0,0,0,1
1,0,0,0,1
1,0,0,0,1
1,0,0,0,1
1,0,0,0,1
8,3,0,0,11
2,0,0,0,2
2,0,0,0,2
1,0,0,0,1
6,0,0,0,6
26,1,0,0,27
1,0,0,0,1
28,1,0,0,29
1,0,0,0,1
1,0,0,0,1
1,0,0,0,1
1,0,0,0,1
5,0,0,0,5
2,0,0,0,2
1,0,0,0,1
8,0,0,0,8
1,0,0,0,1
1,0,0,0,1
4,0,0,0,4
1,0,0,0,1
1,0,0,0,1
2,0,0,0,2
1,0,0,0,1
1,0,0,0,1
1,0,0,0,1
1,0,0,0,1
2,0,0,0,2
1,0,0,0,1
8,0,0,0,8
1,0,0,0,1
1,0,0,0,1
1,0,0,0,1
1,0,0,0,1
1,0,0,0,1
1,0,0,0,1
1,0,0,0,1
2,0,0,0,2
4,0,0,0,4
1,0,0,0,1
2,0,0,0,2
1,0,0,0,1
1,0,0,0,1
2,0,0,0,2
1,0,0,0,1
1,0,0,0,1
3,0,0,0,3
2,0,0,0,2
6,0,0,0,6
1,0,0,0,1
1,15,0,0,16
1,0,0,0,1
1,0,0,0,1
2,0,0,0,2
1,0,0,0,1
1,0,0,0,1
1,0,0,0,1
2,0,0,0,2
1,0,0,0,1
3,0,0,0,3
1,0,0,0,1
1,0,0,0,1
1,0,0,0,1
3,0,0,0,3
1,0,0,0,1
5,0,0,0,5
2,0,0,0,2
1,0,0,0,1
1,0,0,0,1
1,0,0,0,1
1,0,0,0,1
1,0,0,0,1
1,0,0,0,1
1,0,0,0,1
4,0,0,0,4
3,0,0,0,3
1,0,0,0,1
1,0,0,0,1
1,0,0,0,1
1,0,0,0,1
1,0,0,0,1
1,0,0,0,1
1,0,0,0,1
1,0,0,0,1
1,0,0,0,1
1,0,0,0,1
3,0,0,0,3
1,0,0,0,1
18,21,0,0,39
1,0,0,0,1
1,0,0,0,1
2,0,0,0,2
1,0,0,0,1
10,23,1,0,34
3,0,0,0,3
1,0,0,0,1
1,0,0,0,1
1,0,0,0,1
2,0,0,0,2
1,0,0,0,1
2,3,0,0,5
2,4,0,0,6
5,0,0,0,5
1,0,0,0,1
1,0,0,0,1
1,0,0,0,1
1,0,0,0,1
3,0,0,0,3
4,0,0,0,4
2,0,0,0,2
3,3,1,0,7
1,0,0,0,1
4,0,0,0,4
1,0,0,0,1
1,0,0,0,1
3,0,0,0,3
1,0,0,0,1
1,0,0,0,1
1,0,0,0,1
1,0,0,0,1
1,0,0,0,1
1,0,0,0,1
1,0,0,0,1
1,0,0,0,1
1,0,0,0,1
1,0,0,0,1
4,0,0,0,4
1,0,0,0,1
1,0,0,0,1
1,0,0,0,1
1,0,0,0,1
2,0,0,0,2
6,0,0,0,6
1,0,0,0,1
4,0,0,0,4
1,0,0,0,1
1,0,0,0,1
1,0,0,0,1
1,0,0,0,1
1,0,0,0,1
1,0,0,0,1
3,0,0,0,3
2,0,0,0,2
6,0,0,0,6
2,0,0,0,2
4,0,0,0,4
2,0,0,0,2
4,0,0,0,4
1,0,0,0,1
1,13,0,0,14
1,0,0,0,1
1,0,0,0,1
1,0,0,0,1
1,0,0,0,1
6,1,0,0,7
3,0,0,0,3
1,0,0,0,1
1,0,0,0,1
1,0,0,0,1
15,3,0,0,18
1,0,0,0,1
1,1,0,0,2
14,55,1,0,70
1,5,0,0,6
1,0,0,0,1
4,0,0,0,4
1,0,0,0,1
1,0,0,0,1
1,0,0,0,1
1,0,0,0,1
1,0,0,0,1
1,0,0,0,1
4,0,0,0,4
1,0,0,0,1
1,0,0,0,1
25,1,1,0,27
2,0,0,0,2
1,0,0,0,1
1,0,0,0,1
1,0,0,0,1
1,0,0,0,1
1,0,0,0,1
1,0,0,0,1
1,0,0,0,1
1,0,0,0,1
3,0,0,0,3
8,10,0,0,18
3,0,0,0,3
1,0,0,0,1
1,0,0,0,1
3,0,0,0,3
1,0,0,0,1
3,0,0,0,3
4,0,0,0,4
2,0,0,0,2
2,0,0,0,2
1,0,0,0,1
1,0,0,0,1
2,0,0,0,2
22,0,0,0,22
1,0,0,0,1
6,0,0,0,6
1,0,0,0,1
4,0,0,0,4
14,1,0,0,15
1,0,0,0,1
1,0,0,0,1
2,0,0,0,2
1,0,0,0,1
1,0,0,0,1
2,0,0,0,2
1,0,0,0,1
1,0,0,0,1
1,0,0,0,1
1,0,0,0,1
1,0,0,0,1
4,0,0,0,4
2,0,0,0,2
1,0,0,0,1
1,0,0,0,1
4,0,0,0,4
3,0,0,0,3
1,0,0,0,1
1,0,0,0,1
1,0,0,0,1
1,0,0,0,1
3,0,0,0,3
9,0,0,0,9
1,0,0,0,1
1,0,0,0,1
2,0,0,0,2
2,0,0,0,2
1,0,0,0,1
1,0,0,0,1
1,1,0,0,2
2,0,0,0,2
20,0,0,0,20
1,0,0,0,1
3,0,0,0,3
1,0,0,0,1
1,0,0,0,1
9,16,0,0,25
1,0,0,0,1
1,0,0,0,1
1,0,0,0,1
1,0,0,0,1
1,0,0,0,1
1,0,0,0,1
1,0,0,0,1
1,0,0,0,1
9,18,0,0,27
1,0,0,0,1
1,0,0,0,1
1,0,0,0,1
1,0,0,0,1
1,0,0,0,1
4,0,0,0,4
1,0,0,0,1
1,0,0,0,1
1,1,0,0,2
2,0,0,0,2
7,6,0,0,13
3,0,0,0,3
1,2,0,0,3
2,0,0,0,2
2,0,0,0,2
2,0,0,0,2
1,0,0,0,1
2,0,0,0,2
2,0,0,0,2
1,0,0,0,1
4,0,0,0,4
1,0,0,0,1
2,0,0,0,2
2,0,0,0,2
1,0,0,0,1
1,0,0,0,1
1,0,0,0,1
1,0,0,0,1
1,0,0,0,1
1,0,0,0,1
3,0,0,0,3
1,0,0,0,1
1,0,0,0,1
7,1,1,0,9
1,0,0,0,1
7,0,1,0,8
1,0,0,0,1
1,0,0,0,1
1,0,0,0,1
1,0,0,0,1
10,166,0,0,176
4,0,0,0,4
1,0,0,0,1
1,0,0,0,1
1,0,0,0,1
3,0,0,0,3
1,0,0,0,1
2,0,0,0,2
1,0,0,0,1
1,0,0,0,1
2,0,0,0,2
1,0,0,0,1
2,0,0,0,2
1,0,0,0,1
2,0,0,0,2
1,1,0,0,2
3,0,0,0,3
1,0,0,0,1
1,0,0,0,1
1,0,0,0,1
1,0,0,0,1
1,0,0,0,1
2,0,0,0,2
1,0,0,0,1
1,0,0,0,1
1,0,0,0,1
1,0,0,0,1
3,0,0,0,3
1,0,0,0,1
1,0,0,0,1
2,0,0,0,2
1,0,0,0,1
4,0,0,0,4
6,0,0,0,6
2,0,0,0,2
1,0,0,0,1
1,0,0,0,1
32,0,0,0,32
3,0,0,0,3
7,0,1,0,8
7,0,0,0,7
1,0,0,0,1
1,0,0,0,1
1,0,0,0,1
1,0,0,0,1
3,0,0,0,3
2,0,0,0,2
1,0,0,0,1
1,0,0,0,1
2,4,0,0,6
1,0,0,0,1
4,0,0,0,4
2,0,0,0,2
1,0,0,0,1
4,0,0,0,4
2,0,0,0,2
1,0,0,0,1
2,0,0,0,2
1,0,0,0,1
8,2,0,0,10
1,0,0,0,1
1,0,0,0,1
1,0,0,0,1
6,0,0,0,6
3,0,0,0,3
2,0,0,0,2
2,0,0,0,2
1,0,0,0,1
4,0,0,0,4
1,0,0,0,1
1,0,0,0,1
2,0,0,0,2
6,0,0,0,6
1,0,0,0,1
1,0,0,0,1
2,0,0,0,2
2,0,0,0,2
2,0,0,0,2
1,0,0,0,1
1,0,0,0,1
1,0,0,0,1
2,0,0,0,2
2,7,0,0,9
1,0,0,0,1
9,0,0,0,9
2,0,0,0,2
1,0,0,0,1
2,0,0,0,2
1,0,0,0,1
1,0,0,0,1
1,0,0,0,1
1,0,0,0,1
2,0,0,0,2
3,0,0,0,3
1,0,0,0,1
1,0,0,0,1
1,0,0,0,1
9,0,0,0,9
1,0,0,0,1
1,0,0,0,1
3,0,0,0,3
2,0,0,0,2
1,0,0,0,1
1,0,0,0,1
9,12,0,0,21
1,0,0,0,1
2,0,0,0,2
1,0,0,0,1
1,3,0,0,4
1,0,0,0,1
4,2,0,0,6
2,0,0,0,2
1,0,0,0,1
1,0,0,0,1
7,0,0,0,7
1,0,0,0,1
6,0,0,0,6
2,0,0,0,2
3,0,0,0,3
1,0,0,0,1
1,0,0,0,1
4,0,0,0,4
2,0,0,0,2
1,0,0,0,1
1,0,0,0,1
1,0,0,0,1
1,0,0,0,1
1,0,0,0,1
1,0,0,0,1
3,0,0,0,3
2,1,0,0,3
1,0,0,0,1
4,0,0,0,4
1,0,0,0,1
2,0,0,0,2
1,0,0,0,1
2,0,0,0,2
2,0,0,0,2
2,0,0,0,2
2,0,0,0,2
7,14,0,0,21
1,0,0,0,1
7,0,0,0,7
2,0,0,0,2
1,0,0,0,1
12,194,0,0,206
1,0,0,0,1
1,0,0,0,1
3,0,0,0,3
7,0,0,0,7
1,0,0,0,1
1,0,0,0,1
2,0,0,0,2
10,642,0,0,652
11,0,0,0,11
2,0,0,0,2
1,0,0,0,1
1,0,0,0,1
1,0,0,0,1
1,0,0,0,1
1,0,0,0,1
1,0,0,0,1
1,0,0,0,1
1,0,0,0,1
1,0,0,0,1
1,123,0,0,124
2,0,0,0,2
3,0,0,0,3
2,0,0,0,2
1,1,0,0,2
5,0,0,0,5
1,0,0,0,1
2,0,0,0,2
2,0,0,0,2
8,0,0,0,8
8,1,0,0,9
9,0,0,0,9
1,0,0,0,1
5,0,0,0,5
28,2,2,0,32
1,0,0,0,1
1,0,0,0,1
1,0,0,0,1
2,0,0,0,2
1,0,0,0,1
8,5,3,0,16
1,0,0,0,1
1,0,0,0,1
1,0,0,0,1
6,0,0,0,6
1,0,0,0,1
2,2,0,0,4
1,0,0,0,1
2,0,0,0,2
1,34,0,0,35
1,0,0,0,1
2,0,0,0,2
1,0,0,0,1
3,0,0,0,3
2,0,0,0,2
4,0,0,0,4
1,0,0,0,1
13,1,0,0,14
1,0,0,0,1
2,0,0,0,2
1,0,0,0,1
3,0,0,0,3
2,0,0,0,2
1,0,0,0,1
1,0,0,0,1
6,0,0,0,6
1,0,0,0,1
8,0,0,0,8
6,0,0,0,6
1,0,0,0,1
1,0,0,0,1
1,0,0,0,1
3,0,0,0,3
2,0,0,0,2
1,0,0,0,1
3,0,0,0,3
1,0,0,0,1
1,0,0,0,1
3,0,0,0,3
1,0,0,0,1
1,0,0,0,1
2,0,0,0,2
1,0,0,0,1
1,0,0,0,1
2,0,0,0,2
33,7,0,0,40
1,0,0,0,1
1,0,0,0,1
8,9,0,0,17
2,0,0,0,2
5,2,0,0,7
3,0,0,0,3
3,0,0,0,3
1,31,0,0,32
1,0,0,0,1
1,0,0,0,1
1,0,0,0,1
4,0,0,0,4
2,0,0,0,2
1,0,0,0,1
2,0,0,0,2
1,0,0,0,1
4,13,0,0,17
3,0,0,0,3
1,0,0,0,1
1,0,0,0,1
1,0,0,0,1
2,0,0,0,2
14,0,0,0,14
3,0,0,0,3
1,0,0,0,1
2,0,0,0,2
3,0,0,0,3
1,0,0,0,1
1,0,0,0,1
10,4,0,0,14
1,0,0,0,1
1,0,0,0,1
1,0,0,0,1
1,0,0,0,1
8,1,0,0,9
1,0,0,0,1
3,0,0,0,3
1,0,0,0,1
7,0,0,0,7
1,0,0,0,1
2,0,0,0,2
3,0,0,0,3
4,0,0,0,4
1,0,0,0,1
1,0,0,0,1
1,0,0,0,1
2,0,0,0,2
1,0,0,0,1
2,0,0,0,2
13,102,0,0,115
1,0,0,0,1
1,0,0,0,1
1,0,0,0,1
1,0,0,0,1
3,0,0,0,3
1,0,0,0,1
1,0,0,0,1
1,0,0,0,1
1,0,0,0,1
1,0,0,0,1
2,0,0,0,2
1,0,0,0,1
1,0,0,0,1
2,0,0,0,2
1,0,0,0,1
19,6,1,0,26
1,0,0,0,1
1,0,0,0,1
1,0,0,0,1
1,0,0,0,1
9,0,0,0,9
1,0,0,0,1
1,0,0,0,1
2,0,0,0,2
1,0,0,0,1
6,0,0,0,6
2,0,0,0,2
1,0,0,0,1
1,0,0,0,1
1,0,0,0,1
2,0,0,0,2
4,0,0,0,4
1,0,0,0,1
1,0,0,0,1
4,0,0,0,4
2,0,0,0,2
3,4,0,0,7
1,0,0,0,1
4,0,0,0,4
1,0,0,0,1
1,0,0,0,1
2,0,0,0,2
1,0,0,0,1
1,0,0,0,1
3,0,0,0,3
2,0,0,0,2
1,0,0,0,1
1,0,0,0,1
1,0,0,0,1
1,0,0,0,1
1,0,0,0,1
6,0,0,0,6
1,0,0,0,1
5,0,0,0,5
1,0,0,0,1
6,2,0,0,8
1,0,0,0,1
6,63,0,0,69
1,0,0,0,1
1,0,0,0,1
5,615,0,0,620
16,0,0,0,16
1,0,0,0,1
1,0,0,0,1
1,0,0,0,1
3,0,0,0,3
11,9,8,0,28
2,0,0,0,2
3,0,0,0,3
1,0,0,0,1
1,0,0,0,1
1,0,0,0,1
4,0,0,0,4
1,0,0,0,1
4,0,0,0,4
7,0,0,0,7
1,0,0,0,1
5,0,0,0,5
1,0,0,0,1
1,2,0,0,3
1,0,0,0,1
3,0,0,0,3
2,0,0,0,2
2,0,0,0,2
1,0,0,0,1
1,0,0,0,1
1,0,0,0,1
2,0,0,0,2
2,0,0,0,2
1,0,0,0,1
3,1,0,0,4
1,0,0,0,1
1,0,0,0,1
1,0,0,0,1
1,0,0,0,1
3,0,0,0,3
1,0,0,0,1
1,0,0,0,1
1,0,0,0,1
1,0,0,0,1
1,0,0,0,1
6,0,0,0,6
3,0,0,0,3
2,0,0,0,2
2,0,0,0,2
1,0,0,0,1
2,0,0,0,2
1,0,0,0,1
3,0,0,0,3
1,0,0,0,1
1,0,0,0,1
1,0,0,0,1
1,0,0,0,1
1,0,0,0,1
7,0,0,0,7
1,0,0,0,1
1,2,1,0,4
1,0,0,0,1
2,0,0,0,2
5,1,0,0,6
3,0,0,0,3
2,0,0,0,2
1,0,0,0,1
2,0,0,0,2
3,0,0,0,3
1,0,0,0,1
1,0,0,0,1
1,7,1,0,9
2,0,0,0,2
61,1,1,0,63
26,2,0,0,28
1,0,0,0,1
1,0,0,0,1
1,0,0,0,1
4,0,0,0,4
5,0,0,0,5
2,0,0,0,2
7,6,0,0,13
1,0,0,0,1
1,4,0,0,5
1,0,0,0,1
1,0,0,0,1
1,0,0,0,1
1,0,0,0,1
10,3,0,0,13
2,0,0,0,2
3,0,0,0,3
3,0,0,0,3
1,0,0,0,1
2,0,0,0,2
1,0,0,0,1
2,0,0,0,2
1,0,0,0,1
8,0,0,0,8
3,0,0,0,3
1,0,0,0,1
2,0,0,0,2
3,0,0,0,3
4,0,0,0,4
8,0,0,0,8
1,0,0,0,1
2,0,0,0,2
1,0,0,0,1
4,0,0,0,4
2,4,0,0,6
1,1,0,0,2
2,0,1,0,3
2,0,0,0,2
1,0,0,0,1
1,0,0,0,1
1,0,0,0,1
2,0,0,0,2
7,16,1,0,24
1,0,0,0,1
6,0,0,0,6
1,0,0,0,1
1,0,0,0,1
1,0,0,0,1
54,0,0,0,54
1,0,0,0,1
1,0,0,0,1
1,0,0,0,1
6,0,0,0,6
1,0,0,0,1
1,0,0,0,1
4,0,0,0,4
2,0,0,0,2
3,0,0,0,3
1,0,0,0,1
1,0,0,0,1
1,0,0,0,1
1,0,0,0,1
1,0,0,0,1
28,0,0,0,28
1,0,0,0,1
6,0,0,0,6
2,0,0,0,2
1,0,0,0,1
1,0,0,0,1
3,0,0,0,3
1,0,0,0,1
1,0,0,0,1
1,0,0,0,1
3,0,0,0,3
2,0,0,0,2
2,0,0,0,2
3,0,0,0,3
1,0,0,0,1
2,0,0,0,2
4,0,0,0,4
1,0,0,0,1
19,39,0,0,58
6,0,0,0,6
1,4,0,0,5
1,0,0,0,1
1,0,0,0,1
5,1,0,0,6
2,0,0,0,2
1,0,0,0,1
1,2,0,0,3
2,0,0,0,2
2,0,0,0,2
3,0,0,0,3
4,0,0,0,4
1,0,0,0,1
1,0,0,0,1
1,1,1,0,3
1,0,0,0,1
1,0,0,0,1
1,0,0,0,1
2,0,0,0,2
1,0,0,0,1
4,0,0,0,4
1,0,0,0,1
1,0,0,0,1
13,0,0,0,13
1,0,0,0,1
1,0,0,0,1
1,0,0,0,1
1,0,0,0,1
1,1,0,0,2
1,0,0,0,1
3,0,0,0,3
32,0,0,0,32
1,0,0,0,1
1,0,0,0,1
1,0,0,0,1
5,0,0,0,5
1,0,0,0,1
4,0,0,0,4
3,0,0,0,3
1,0,0,0,1
9,6,0,0,15
6,0,0,0,6
1,0,0,0,1
1,0,0,0,1
6,0,0,0,6
2,0,0,0,2
15,5,6,0,26
2,0,0,0,2
3,0,0,0,3
2,0,0,0,2
2,0,0,0,2
9,13,0,0,22
1,0,0,0,1
1,0,0,0,1
1,0,0,0,1
1,0,0,0,1
3,0,0,0,3
1,0,0,0,1
4,3,0,0,7
21,0,0,0,21
1,0,0,0,1
4,0,0,0,4
1,0,0,0,1
1,0,0,0,1
2,0,0,0,2
2,0,0,0,2
1,0,0,0,1
1,0,0,0,1
1,0,0,0,1
2,0,1,0,3
38,0,0,0,38
1,0,0,0,1
1,0,0,0,1
1,0,0,0,1
1,0,0,0,1
1,0,0,0,1
1,0,0,0,1
1,0,0,0,1
5,0,0,0,5
2,0,0,0,2
2,0,0,0,2
1,0,0,0,1
1,0,0,0,1
2,0,0,0,2
1,0,0,0,1
1,0,0,0,1
1,0,0,0,1
1,0,0,0,1
3,0,0,0,3
13,0,0,0,13
1,0,0,0,1
8,0,0,0,8
1,0,0,0,1
1,0,0,0,1
4,0,0,0,4
1,0,0,0,1
4,0,0,0,4
3,0,0,0,3
1,0,0,0,1
1,0,0,0,1
2,0,0,0,2
2,0,0,0,2
2,0,0,0,2
1,0,0,0,1
1,0,0,0,1
3,0,0,0,3
1,0,0,0,1
10,0,0,0,10
1,0,0,0,1
1,0,0,0,1
1,0,0,0,1
4,31,0,0,35
1,0,0,0,1
2,0,0,0,2
6,0,0,0,6
1,0,0,0,1
2,0,0,0,2
2,0,0,0,2
1,0,0,0,1
1,0,0,0,1
3,11,2,0,16
1,0,0,0,1
1,0,0,0,1
3,0,0,0,3
1,0,0,0,1
1,0,0,0,1
3,0,0,0,3
2,0,0,0,2
1,0,0,0,1
2,0,0,0,2
2,0,0,0,2
1,0,0,0,1
1,0,0,0,1
1,0,0,0,1
1,0,0,0,1
1,0,0,0,1
2,0,0,0,2
3,3,0,0,6
13,0,0,0,13
17,0,0,0,17
2,0,0,0,2
3,0,0,0,3
2,0,0,0,2
1,0,0,0,1
1,0,0,0,1
1,0,0,0,1
3,0,0,0,3
8,0,0,0,8
1,0,0,0,1
1,0,0,0,1
21,1,0,0,22
1,0,0,0,1
5,0,0,0,5
9,0,0,0,9
1,0,0,0,1
1,0,0,0,1
1,0,0,0,1
1,0,0,0,1
9,0,0,0,9
2,0,0,0,2
1,0,0,0,1
1,99,0,0,100
7,0,0,0,7
2,0,0,0,2
1,0,0,0,1
5,0,0,0,5
1,0,0,0,1
1,0,0,0,1
1,0,0,0,1
13,0,0,0,13
3,0,0,0,3
1,0,0,0,1
2,0,0,0,2
11,0,1,0,12
1,0,0,0,1
1,0,0,0,1
3,0,0,0,3
1,0,0,0,1
1,0,0,0,1
3,0,0,0,3
1,0,0,0,1
4,72,0,0,76
1,0,0,0,1
7,1,3,0,11
2,0,0,0,2
1,0,0,0,1
1,0,0,0,1
1,0,0,0,1
7,1,0,0,8
4,0,0,0,4
1,0,0,0,1
1,0,0,0,1
1,0,0,0,1
1,0,0,0,1
1,0,0,0,1
1,0,0,0,1
3,0,0,0,3
1,0,0,0,1
1,0,0,0,1
1,0,0,0,1
2,0,0,0,2
2,0,0,0,2
2,0,0,0,2
1,0,0,0,1
1,0,0,0,1
1,0,0,0,1
2,0,0,0,2
1,0,0,0,1
1,0,0,0,1
1,0,0,0,1
1,0,0,0,1
1,0,0,0,1
1,0,0,0,1
1,0,0,0,1
1,0,0,0,1
1,0,0,0,1
1,0,0,0,1
1,0,0,0,1
1,6,1,0,8
1,0,0,0,1
7,0,0,0,7
1,0,0,0,1
1,0,0,0,1
4,0,0,0,4
2,0,0,0,2
2,0,0,0,2
1,0,0,0,1
1,0,0,0,1
19,4,0,0,23
1,0,0,0,1
6,2,0,0,8
1,0,0,0,1
1,0,0,0,1
2,0,0,0,2
1,0,0,0,1
10,4,0,0,14
1,0,0,0,1
1,0,0,0,1
1,0,0,0,1
1,0,0,0,1
1,0,0,0,1
1,0,0,0,1
1,0,0,0,1
1,0,0,0,1
1,0,0,0,1
23,0,0,0,23
1,0,0,0,1
2,0,0,0,2
1,0,0,0,1
3,4,1,0,8
2,0,0,0,2
1,0,0,0,1
4,0,0,0,4
8,0,0,0,8
2,0,0,0,2
1,0,0,0,1
1,0,0,0,1
5,0,0,0,5
1,0,0,0,1
2,0,0,0,2
1,0,0,0,1
1,0,0,0,1
2,0,0,0,2
1,0,0,0,1
10,0,0,0,10
1,0,0,0,1
1,0,0,0,1
1,0,0,0,1
2,0,0,0,2
6,0,0,0,6
2,0,0,0,2
1,0,0,0,1
1,0,0,0,1
1,0,0,0,1
1,0,0,0,1
2,0,0,0,2
2,0,0,0,2
3,0,0,0,3
10,0,0,0,10
1,0,0,0,1
4,0,0,0,4
1,0,0,0,1
1,0,0,0,1
2,0,0,0,2
1,0,0,0,1
6,0,0,0,6
4,0,0,0,4
1,0,0,0,1
15,78,0,0,93
1,0,0,0,1
1,0,0,0,1
1,0,0,0,1
1,1,0,0,2
1,0,0,0,1
2,0,0,0,2
1,0,0,0,1
1,0,0,0,1
3,0,0,0,3
1,0,0,0,1
1,9,2,0,12
1,0,0,0,1
1,0,0,0,1
1,0,0,0,1
1,0,0,0,1
3,0,0,0,3
6,0,0,0,6
1,0,0,0,1
1,0,0,0,1
3,0,0,0,3
8,0,0,0,8
1,0,0,0,1
1,0,0,0,1
5,0,0,0,5
1,0,0,0,1
2,1,0,0,3
2,0,0,0,2
1,0,0,0,1
13,0,0,0,13
7,0,0,0,7
2,0,0,0,2
1,0,0,0,1
1,0,0,0,1
1,0,0,0,1
1,0,0,0,1
3,21,0,0,24
3,0,0,0,3
3,0,0,0,3
1,0,0,0,1
4,0,0,0,4
1,0,0,0,1
1,0,0,0,1
1,0,0,0,1
1,0,0,0,1
1,0,0,0,1
2,0,0,0,2
5,0,0,0,5
1,0,0,0,1
1,0,0,0,1
1,0,0,0,1
1,0,0,0,1
1,0,0,0,1
1,0,0,0,1
1,0,0,0,1
1,0,0,0,1
1,0,0,0,1
9,2,2,0,13
1,0,0,0,1
1,0,0,0,1
7,0,0,0,7
1,0,0,0,1
7,0,0,0,7
1,0,0,0,1
2,0,0,0,2
3,0,0,0,3
1,0,0,0,1
1,0,0,0,1
9,0,0,0,9
1,0,0,0,1
1,0,0,0,1
2,0,0,0,2
1,0,0,0,1
2,37,0,0,39
2,0,0,0,2
2,0,0,0,2
1,0,0,0,1
2,0,0,0,2
1,0,0,0,1
1,0,0,0,1
1,0,0,0,1
1,0,0,0,1
1,0,0,0,1
3,0,0,0,3
2,0,0,0,2
1,0,0,0,1
6,0,0,0,6
1,0,0,0,1
2,0,0,0,2
1,0,0,0,1
1,0,0,0,1
2,0,0,0,2
1,0,0,0,1
2,0,0,0,2
1,0,0,0,1
3,0,0,0,3
2,0,0,0,2
1,2,0,0,3
1,0,0,0,1
11,0,0,0,11
1,0,0,0,1
2,0,0,0,2
2,0,0,0,2
3,0,0,0,3
30,1,0,0,31
1,0,0,0,1
1,0,0,0,1
1,0,0,0,1
11,0,0,0,11
1,0,0,0,1
5,0,0,0,5
2,0,0,0,2
1,0,0,0,1
8,0,0,0,8
2,0,0,0,2
8,0,0,0,8
1,0,0,0,1
1,0,0,0,1
1,0,0,0,1
2,0,0,0,2
1,0,0,0,1
2,0,0,0,2
1,0,0,0,1
2,0,0,0,2
2,0,0,0,2
1,0,0,0,1
6,0,0,0,6
1,0,0,0,1
1,0,0,0,1
1,0,0,0,1
1,0,0,0,1
5,10,4,0,19
1,0,0,0,1
3,0,0,0,3
2,0,0,0,2
1,0,0,0,1
1,0,0,0,1
1,0,0,0,1
1,0,0,0,1
1,0,0,0,1
4,8,0,0,12
5,0,0,0,5
2,0,0,0,2
1,0,0,0,1
1,0,0,0,1
2,0,0,0,2
3,0,0,0,3
1,0,0,0,1
1,0,0,0,1
2,0,0,0,2
1,0,0,0,1
1,0,0,0,1
1,0,0,0,1
1,2,0,0,3
1,0,0,0,1
2,0,0,0,2
11,1,0,0,12
2,0,0,0,2
4,0,0,0,4
1,0,0,0,1
1,0,0,0,1
2,0,0,0,2
2,0,0,0,2
1,0,0,0,1
1,0,0,0,1
2,0,0,0,2
1,0,0,0,1
8,0,0,0,8
1,0,0,0,1
2,0,0,0,2
4,0,0,0,4
1,0,0,0,1
2,0,0,0,2
1,0,0,0,1
1,0,0,0,1
2,0,0,0,2
1,0,0,0,1
1,0,0,0,1
1,0,0,0,1
2,0,0,0,2
1,0,0,0,1
2,0,0,0,2
1,0,0,0,1
3,0,0,0,3
1,0,0,0,1
1,2,0,0,3
4,0,0,0,4
13,0,0,0,13
15,64,0,0,79
1,0,0,0,1
2,0,0,0,2
1,0,0,0,1
7,0,0,0,7
1,0,0,0,1
7,0,0,0,7
2,0,0,0,2
2,0,0,0,2
3,0,0,0,3
1,0,0,0,1
1,0,1,0,2
1,0,0,0,1
1,0,0,0,1
1,0,0,0,1
3,0,0,0,3
1,0,0,0,1
1,0,0,0,1
2,0,0,0,2
1,0,0,0,1
1,0,0,0,1
1,0,0,0,1
4,2,0,0,6
1,0,0,0,1
2,0,0,0,2
2,0,0,0,2
7,0,0,0,7
7,0,0,0,7
9,0,1,0,10
1,0,0,0,1
1,0,0,0,1
1,0,0,0,1
1,0,0,0,1
2,0,0,0,2
4,0,0,0,4
3,0,0,0,3
4,0,0,0,4
1,0,0,0,1
3,0,0,0,3
4,0,0,0,4
1,0,0,0,1
2,0,0,0,2
3,0,0,0,3
1,0,0,0,1
2,0,0,0,2
1,0,0,0,1
3,2,1,0,6
2,0,0,0,2
1,0,0,0,1
1,0,0,0,1
1,0,0,0,1
1,0,0,0,1
1,0,0,0,1
1,0,0,0,1
19,0,0,0,19
1,0,0,0,1
1,0,0,0,1
19,3,0,0,22
1,0,0,0,1
4,0,0,0,4
1,0,0,0,1
3,0,0,0,3
2,0,0,0,2
1,0,0,0,1
7,0,0,0,7
1,0,0,0,1
3,0,0,0,3
1,0,0,0,1
2,0,0,0,2
1,0,0,0,1
1,0,0,0,1
8,0,0,0,8
3,0,0,0,3
1,0,0,0,1
1,0,0,0,1
1,0,0,0,1
5,13,0,0,18
1,0,0,0,1
1,0,0,0,1
5,0,0,0,5
4,0,0,0,4
8,3,0,0,11
5,0,0,0,5
3,0,0,0,3
1,0,0,0,1
2,0,0,0,2
1,0,0,0,1
1,0,0,0,1
3,0,0,0,3
4,5,2,0,11
1,0,0,0,1
3,0,0,0,3
2,0,0,0,2
2,0,0,0,2
1,0,0,0,1
1,0,0,0,1
2,0,0,0,2
4,0,0,0,4
1,0,0,0,1
1,0,0,0,1
1,0,0,0,1
2,0,0,0,2
2,0,0,0,2
1,0,0,0,1
2,9,0,0,11
1,0,0,0,1
11,6,0,0,17
2,0,0,0,2
1,0,0,0,1
1,0,0,0,1
3,0,0,0,3
1,0,0,0,1
1,0,0,0,1
1,0,0,0,1
4,0,0,0,4
4,0,0,0,4
2,1,0,0,3
5,0,0,0,5
1,0,0,0,1
1,0,0,0,1
1,0,0,0,1
1,0,0,0,1
26,0,0,0,26
1,0,0,0,1
1,0,0,0,1
7,0,0,0,7
1,0,0,0,1
3,0,0,0,3
1,0,0,0,1
1,0,0,0,1
6,0,0,0,6
1,0,0,0,1
1,0,0,0,1
3,0,0,0,3
1,0,0,0,1
3,0,0,0,3
2,0,0,0,2
17,0,0,0,17
1,0,0,0,1
1,0,0,0,1
2,0,0,0,2
7,10,0,0,17
1,0,0,0,1
1,0,0,0,1
4,0,0,0,4
1,0,0,0,1
4,0,0,0,4
1,0,0,0,1
1,0,0,0,1
51,32,3,0,86
1,0,0,0,1
1,0,0,0,1
1,0,0,0,1
1,0,0,0,1
4,0,0,0,4
1,0,0,0,1
3,0,0,0,3
2,0,0,0,2
1,0,0,0,1
1,0,0,0,1
1,0,0,0,1
8,0,0,0,8
4,0,0,0,4
2,0,0,0,2
1,0,0,0,1
1,0,0,0,1
2,0,0,0,2
1,0,0,0,1
2,0,0,0,2
1,0,0,0,1
1,0,0,0,1
1,0,0,0,1
2,19,0,0,21
1,0,0,0,1
1,0,0,0,1
1,0,0,0,1
2,0,0,0,2
1,0,0,0,1
10,0,0,0,10
1,0,0,0,1
12,43,0,0,55
2,0,0,0,2
1,0,0,0,1
1,0,0,0,1
1,0,0,0,1
1,0,0,0,1
9,0,0,0,9
1,0,0,0,1
1,0,0,0,1
1,0,0,0,1
1,0,0,0,1
1,0,0,0,1
1,0,0,0,1
1,0,0,0,1
1,0,0,0,1
1,0,0,0,1
2,0,0,0,2
1,0,0,0,1
7,0,0,0,7
1,0,0,0,1
1,0,0,0,1
1,0,0,0,1
1,0,0,0,1
1,0,0,0,1
1,0,0,0,1
2,0,0,0,2
5,0,0,0,5
1,0,0,0,1
1,0,0,0,1
1,0,0,0,1
1,0,0,0,1
2,0,0,0,2
1,0,0,0,1
2,0,0,0,2
3,0,0,0,3
7,0,0,0,7
1,0,0,0,1
1,0,0,0,1
2,0,0,0,2
15,3,0,0,18
1,0,0,0,1
9,2,0,0,11
1,0,0,0,1
1,0,0,0,1
1,0,0,0,1
2,0,0,0,2
1,0,0,0,1
1,0,0,0,1
1,0,0,0,1
10,0,0,0,10
1,0,0,0,1
1,20,0,0,21
1,0,0,0,1
1,0,0,0,1
8,1,0,0,9
1,3,0,0,4
1,0,0,0,1
2,0,0,0,2
1,0,0,0,1
1,0,0,0,1
1,0,0,0,1
2,0,0,0,2
1,0,0,0,1
2,0,0,0,2
1,0,0,0,1
1,0,0,0,1
4,4,0,0,8
1,0,0,0,1
1,0,0,0,1
3,0,0,0,3
8,4,8,0,20
6,0,0,0,6
3,0,0,0,3
2,0,0,0,2
3,0,0,0,3
1,0,0,0,1
1,0,0,0,1
1,0,0,0,1
2,0,0,0,2
1,0,0,0,1
29,0,0,0,29
11,3,0,0,14
1,0,0,0,1
1,0,0,0,1
5,0,0,0,5
3,0,0,0,3
1,1,0,0,2
1,0,0,0,1
1,0,0,0,1
5,0,0,0,5
2,0,0,0,2
14,0,0,0,14
1,0,0,0,1
2,0,0,0,2
1,0,0,0,1
3,0,0,0,3
1,0,0,0,1
2,0,0,0,2
1,0,0,0,1
1,0,0,0,1
1,0,0,0,1
1,0,0,0,1
4,0,0,0,4
1,0,0,0,1
1,0,0,0,1
3,0,0,0,3
1,0,0,0,1
1,0,0,0,1
4,0,0,0,4
1,0,0,0,1
4,0,0,0,4
1,0,0,0,1
5,0,0,0,5
4,0,0,0,4
2,0,0,0,2
2,2,0,0,4
1,0,0,0,1
7,0,0,0,7
4,0,0,0,4
1,0,0,0,1
2,0,0,0,2
1,0,0,0,1
1,0,0,0,1
1,0,0,0,1
4,0,0,0,4
1,0,0,0,1
3,0,0,0,3
2,0,0,0,2
2,0,0,0,2
1,0,0,0,1
2,0,0,0,2
2,1,1,0,4
1,0,0,0,1
3,0,0,0,3
1,0,0,0,1
1,0,0,0,1
1,0,0,0,1
1,0,0,0,1
1,0,0,0,1
1,0,0,0,1
2,0,0,0,2
1,0,0,0,1
1,0,0,0,1
1,0,0,0,1
3,0,0,0,3
1,0,0,0,1
1,0,0,0,1
15,0,0,0,15
5,0,0,0,5
1,0,0,0,1
1,0,0,0,1
1,0,0,0,1
1,0,0,0,1
2,0,0,0,2
23,13,5,0,41
8,0,0,0,8
1,0,0,0,1
1,0,0,0,1
1,0,0,0,1
2,0,0,0,2
1,0,0,0,1
1,0,0,0,1
1,0,0,0,1
1,0,0,0,1
1,0,0,0,1
1,0,0,0,1
1,0,0,0,1
1,0,0,0,1
1,1,1,0,3
2,0,0,0,2
1,0,0,0,1
1,0,0,0,1
2,0,0,0,2
1,0,0,0,1
1,0,0,0,1
1,0,0,0,1
1,0,0,0,1
1,0,0,0,1
2,0,0,0,2
2,0,0,0,2
1,0,0,0,1
4,0,0,0,4
2,0,0,0,2
1,0,0,0,1
1,0,0,0,1
1,1,0,0,2
4,9,0,0,13
1,0,0,0,1
1,0,0,0,1
1,0,0,0,1
1,0,0,0,1
1,0,0,0,1
1,0,0,0,1
1,0,0,0,1
2,0,0,0,2
1,0,0,0,1
1,0,0,0,1
1,0,0,0,1
4,0,0,0,4
1,0,0,0,1
12,0,0,0,12
1,0,0,0,1
2,0,0,0,2
1,0,0,0,1
1,0,0,0,1
1,0,0,0,1
1,0,0,0,1
2,0,0,0,2
1,0,0,0,1
1,0,0,0,1
2,0,0,0,2
1,0,0,0,1
1,0,0,0,1
1,0,0,0,1
1,0,0,0,1
1,0,0,0,1
1,0,0,0,1
1,0,0,0,1
1,0,0,0,1
1,0,0,0,1
1,0,0,0,1
1,0,0,0,1
4,0,0,0,4
3,0,0,0,3
1,0,0,0,1
1,0,0,0,1
1,0,0,0,1
1,0,0,0,1
1,0,0,0,1
12,0,0,0,12
1,0,0,0,1
2,0,0,0,2
1,0,0,0,1
7,0,0,0,7
2,0,0,0,2
13,12,1,0,26
1,0,0,0,1
1,0,0,0,1
6,7,0,0,13
8,0,0,0,8
1,0,0,0,1
3,0,0,0,3
1,0,0,0,1
1,0,0,0,1
1,0,0,0,1
1,0,0,0,1
3,0,0,0,3
2,0,0,0,2
1,0,0,0,1
1,0,0,0,1
2,0,0,0,2
1,0,0,0,1
2,0,0,0,2
1,0,0,0,1
2,0,0,0,2
5,0,0,0,5
1,0,0,0,1
1,0,0,0,1
1,0,0,0,1
12,86,0,0,98
1,0,0,0,1
1,0,0,0,1
1,0,0,0,1
1,0,0,0,1
1,0,0,0,1
1,0,0,0,1
1,0,0,0,1
2,0,0,0,2
4,0,0,0,4
1,0,0,0,1
1,0,0,0,1
1,0,0,0,1
1,0,0,0,1
2,0,0,0,2
1,0,0,0,1
3,0,0,0,3
1,0,0,0,1
1,0,0,0,1
1,0,0,0,1
1,2,0,0,3
1,0,0,0,1
2,0,0,0,2
1,0,0,0,1
1,0,0,0,1
1,0,0,0,1
1,0,0,0,1
1,0,0,0,1
3,0,0,0,3
1,0,0,0,1
1,0,0,0,1
1,0,0,0,1
14,0,0,0,14
1,0,0,0,1
2,0,0,0,2
9,0,0,0,9
1,0,0,0,1
1,0,0,0,1
1,0,0,0,1
1,0,0,0,1
5,0,0,0,5
1,0,0,0,1
1,0,0,0,1
1,0,0,0,1
1,0,0,0,1
1,0,0,0,1
1,0,0,0,1
1,0,0,0,1
1,0,0,0,1
2,0,0,0,2
1,0,0,0,1
6,0,0,0,6
1,0,0,0,1
1,0,0,0,1
1,0,0,0,1
1,0,0,0,1
1,0,0,0,1
1,2,0,0,3
2,0,0,0,2
1,0,0,0,1
1,0,0,0,1
1,0,0,0,1
1,0,0,0,1
1,0,0,0,1
2,0,0,0,2
2,0,0,0,2
1,0,0,0,1
2,0,0,0,2
1,0,0,0,1
7,1,1,0,9
3,0,0,0,3
1,0,0,0,1
1,0,0,0,1
1,0,0,0,1
1,1,1,0,3
1,0,0,0,1
3,0,0,0,3
1,0,0,0,1
5,0,0,0,5
1,0,0,0,1
1,0,0,0,1
2,0,0,0,2
5,0,0,0,5
2,0,0,0,2
2,0,0,0,2
1,0,0,0,1
2,1,0,0,3
2,0,0,0,2
4,0,0,0,4
10,0,0,0,10
1,0,0,0,1
2,0,0,0,2
1,4,0,0,5
1,0,0,0,1
1,0,0,0,1
3,0,0,0,3
3,0,0,0,3
1,0,0,0,1
1,0,0,0,1
1,0,0,0,1
3,0,0,0,3
3,0,0,0,3
4,5,0,0,9
2,0,0,0,2
1,0,0,0,1
1,0,0,0,1
1,0,0,0,1
3,3,0,0,6
1,0,0,0,1
5,0,0,0,5
1,0,0,0,1
1,0,0,0,1
1,0,0,0,1
5,0,0,0,5
1,0,0,0,1
2,0,0,0,2
1,0,0,0,1
2,0,0,0,2
1,0,0,0,1
1,0,0,0,1
1,0,0,0,1
2,0,0,0,2
1,0,0,0,1
1,0,0,0,1
5,9,0,0,14
1,0,0,0,1
3,0,0,0,3
1,0,0,0,1
1,0,0,0,1
1,0,0,0,1
1,0,0,0,1
1,0,0,0,1
2,0,0,0,2
1,0,0,0,1
1,0,0,0,1
1,0,0,0,1
1,0,0,0,1
7,0,0,0,7
2,0,0,0,2
1,0,0,0,1
11,0,0,0,11
1,0,0,0,1
2,0,0,0,2
1,0,0,0,1
1,0,0,0,1
11,0,0,0,11
3,1,0,0,4
1,0,0,0,1
1,0,0,0,1
1,0,0,0,1
1,0,0,0,1
9,0,0,0,9
1,0,0,0,1
1,0,0,0,1
1,0,0,0,1
9,0,0,0,9
1,0,0,0,1
3,0,0,0,3
2,0,0,0,2
1,0,0,0,1
1,0,0,0,1
2,0,0,0,2
1,0,0,0,1
1,0,0,0,1
1,0,0,0,1
3,0,0,0,3
1,0,0,0,1
1,0,0,0,1
1,0,0,0,1
1,0,0,0,1
1,0,0,0,1
1,0,0,0,1
2,0,0,0,2
1,0,0,0,1
2,0,0,0,2
1,0,0,0,1
1,0,0,0,1
1,0,0,0,1
12,0,0,0,12
1,0,0,0,1
1,0,0,0,1
1,0,0,0,1
22,0,0,0,22
2,0,0,0,2
1,0,0,0,1
1,0,0,0,1
3,0,0,0,3
1,0,0,0,1
8,0,0,0,8
2,0,0,0,2
4,0,0,0,4
5,0,0,0,5
1,0,0,0,1
1,0,0,0,1
1,0,0,0,1
1,0,0,0,1
3,0,0,0,3
1,0,0,0,1
6,0,0,0,6
2,0,0,0,2
1,0,0,0,1
5,0,0,0,5
8,0,0,0,8
2,0,0,0,2
1,0,0,0,1
1,0,0,0,1
1,0,0,0,1
1,0,0,0,1
1,0,0,0,1
2,0,0,0,2
3,0,0,0,3
12,0,0,0,12
1,0,0,0,1
1,0,0,0,1
1,0,0,0,1
1,0,0,0,1
1,0,0,0,1
1,0,0,0,1
1,0,0,0,1
1,0,0,0,1
2,0,0,0,2
1,0,0,0,1
1,0,0,0,1
1,0,0,0,1
1,0,0,0,1
1,0,0,0,1
7,0,0,0,7
1,0,0,0,1
1,0,0,0,1
2,0,0,0,2
1,0,0,0,1
2,0,0,0,2
7,0,0,0,7
4,0,0,0,4
1,0,0,0,1
2,0,0,0,2
2,0,0,0,2
1,0,0,0,1
1,0,0,0,1
1,0,0,0,1
1,0,0,0,1
1,0,0,0,1
1,0,0,0,1
1,0,0,0,1
1,0,0,0,1
1,0,0,0,1
1,0,0,0,1
1,0,0,0,1
7,0,0,0,7
1,0,0,0,1
1,0,0,0,1
1,0,0,0,1
1,0,0,0,1
3,0,0,0,3
1,0,0,0,1
5,0,0,0,5
3,0,0,0,3
1,0,0,0,1
1,0,0,0,1
21,3,0,0,24
3,0,0,0,3
1,0,0,0,1
1,0,0,0,1
3,1,0,0,4
3,0,0,0,3
1,0,0,0,1
1,0,0,0,1
2,0,0,0,2
1,0,0,0,1
2,0,0,0,2
1,0,0,0,1
3,0,0,0,3
1,0,0,0,1
2,0,0,0,2
3,0,0,0,3
1,0,0,0,1
1,0,0,0,1
3,0,0,0,3
1,0,0,0,1
1,0,0,0,1
17,0,0,0,17
14,2,0,0,16
13,0,0,0,13
1,0,0,0,1
1,0,0,0,1
1,0,0,0,1
1,0,0,0,1
2,0,0,0,2
1,0,0,0,1
1,0,0,0,1
1,0,0,0,1
1,0,0,0,1
1,0,0,0,1
1,0,0,0,1
1,0,0,0,1
1,0,0,0,1
1,5,0,0,6
2,0,0,0,2
1,0,0,0,1
1,0,0,0,1
1,0,0,0,1
2,0,0,0,2
4,0,0,0,4
3,0,0,0,3
2,0,0,0,2
2,0,0,0,2
15,0,0,0,15
1,0,0,0,1
1,0,0,0,1
2,13,0,0,15
4,0,0,0,4
4,0,0,0,4
1,0,0,0,1
2,0,0,0,2
1,0,0,0,1
2,0,0,0,2
1,0,0,0,1
4,0,0,0,4
1,0,0,0,1
2,0,0,0,2
1,0,0,0,1
1,0,0,0,1
1,3,3,0,7
1,0,0,0,1
4,1,0,0,5
2,0,0,0,2
1,0,0,0,1
1,0,0,0,1
2,0,0,0,2
1,0,0,0,1
2,0,0,0,2
2,0,0,0,2
1,0,0,0,1
1,0,0,0,1
2,0,0,0,2
1,0,0,0,1
3,0,0,0,3
1,0,0,0,1
1,0,0,0,1
1,0,0,0,1
1,0,0,0,1
1,0,0,0,1
3,0,0,0,3
1,0,0,0,1
1,0,0,0,1
2,0,0,0,2
1,0,0,0,1
1,0,0,0,1
5,0,0,0,5
13,0,0,0,13
1,0,0,0,1
1,0,0,0,1
1,0,0,0,1
1,0,0,0,1
1,0,0,0,1
26,26,0,0,52
5,0,0,0,5
2,0,0,0,2
1,0,0,0,1
3,0,0,0,3
1,0,0,0,1
4,0,0,0,4
1,0,0,0,1
1,0,0,0,1
2,0,0,0,2
1,0,0,0,1
1,0,0,0,1
1,0,0,0,1
1,0,0,0,1
10,0,0,0,10
2,0,0,0,2
13,0,0,0,13
1,0,0,0,1
2,2,0,0,4
2,0,0,0,2
3,0,0,0,3
2,0,0,0,2
3,0,0,0,3
3,0,0,0,3
8,0,0,0,8
2,0,0,0,2
1,0,0,0,1
1,0,0,0,1
6,0,0,0,6
45,0,0,0,45
1,0,0,0,1
1,0,0,0,1
2,0,0,0,2
1,0,0,0,1
2,0,0,0,2
1,0,0,0,1
2,0,0,0,2
1,0,0,0,1
1,0,0,0,1
7,0,0,0,7
2,0,0,0,2
1,0,0,0,1
4,0,0,0,4
1,0,0,0,1
7,0,0,0,7
4,0,0,0,4
1,0,0,0,1
1,0,0,0,1
2,0,0,0,2
1,0,0,0,1
1,0,0,0,1
2,0,0,0,2
1,0,0,0,1
1,0,0,0,1
2,0,0,0,2
1,0,0,0,1
1,0,0,0,1
2,0,0,0,2
2,0,0,0,2
33,7,0,0,40
2,0,0,0,2
1,0,0,0,1
2,0,0,0,2
1,0,0,0,1
1,0,0,0,1
7,0,0,0,7
3,0,0,0,3
1,0,0,0,1
2,0,0,0,2
2,0,0,0,2
1,0,0,0,1
1,0,0,0,1
1,0,0,0,1
1,14,0,0,15
1,1,0,0,2
6,1,0,0,7
1,0,0,0,1
1,0,0,0,1
4,0,0,0,4
1,0,0,0,1
1,0,0,0,1
1,0,0,0,1
1,0,0,0,1
1,0,0,0,1
1,0,0,0,1
1,0,0,0,1
1,0,0,0,1
1,0,0,0,1
1,0,0,0,1
11,0,0,0,11
1,0,0,0,1
1,0,0,0,1
1,0,0,0,1
1,68,0,0,69
2,0,0,0,2
2,0,0,0,2
1,0,0,0,1
1,0,0,0,1
1,0,0,0,1
1,0,0,0,1
1,0,0,0,1
1,0,0,0,1
1,0,0,0,1
2,0,0,0,2
1,0,0,0,1
1,0,0,0,1
1,0,0,0,1
3,0,0,0,3
1,0,0,0,1
1,0,0,0,1
2,0,0,0,2
10,0,0,0,10
1,0,0,0,1
1,0,0,0,1
6,0,0,0,6
1,0,0,0,1
4,0,0,0,4
4,0,0,0,4
6,0,0,0,6
1,0,0,0,1
1,0,0,0,1
1,0,0,0,1
5,0,0,0,5
2,0,0,0,2
4,0,0,0,4
3,0,0,0,3
2,0,0,0,2
3,0,0,0,3
1,0,0,0,1
1,0,0,0,1
1,0,0,0,1
1,0,0,0,1
6,0,0,0,6
1,2,0,0,3
3,0,0,0,3
1,0,0,0,1
4,0,0,0,4
3,0,0,0,3
2,0,0,0,2
1,0,0,0,1
2,0,0,0,2
1,0,0,0,1
4,0,0,0,4
1,0,0,0,1
7,0,0,0,7
6,0,0,0,6
2,0,0,0,2
2,0,0,0,2
1,0,0,0,1
1,2,0,0,3
1,0,0,0,1
1,0,0,0,1
1,27,0,0,28
2,0,0,0,2
2,0,0,0,2
1,0,0,0,1
1,0,0,0,1
1,0,0,0,1
3,0,0,0,3
3,0,0,0,3
3,2,1,0,6
2,0,0,0,2
2,4,0,0,6
12,0,0,0,12
1,0,0,0,1
2,0,0,0,2
3,0,0,0,3
2,0,0,0,2
1,0,0,0,1
1,0,0,0,1
7,1,1,0,9
2,0,0,0,2
1,0,0,0,1
1,0,0,0,1
7,0,0,0,7
1,0,0,0,1
1,0,0,0,1
1,0,0,0,1
1,0,0,0,1
1,0,0,0,1
1,0,0,0,1
3,1,0,0,4
1,0,0,0,1
1,0,0,0,1
5,0,0,0,5
2,0,0,0,2
19,2,1,0,22
4,0,0,0,4
5,0,0,0,5
3,0,0,0,3
1,0,0,0,1
2,2,0,0,4
1,0,0,0,1
7,0,0,0,7
1,0,0,0,1
1,0,0,0,1
1,0,0,0,1
1,0,0,0,1
9,0,1,0,10
1,0,0,0,1
1,0,0,0,1
4,0,0,0,4
2,54,0,0,56
1,0,0,0,1
1,0,0,0,1
1,0,0,0,1
1,0,0,0,1
4,2,0,0,6
1,0,0,0,1
2,0,0,0,2
1,0,0,0,1
2,0,0,0,2
2,0,0,0,2
1,0,0,0,1
1,0,0,0,1
2,0,0,0,2
1,0,0,0,1
1,0,0,0,1
13,0,0,0,13
1,0,0,0,1
1,0,0,0,1
6,58,1,0,65
1,0,0,0,1
1,0,0,0,1
1,0,0,0,1
3,0,0,0,3
4,1,0,0,5
2,0,0,0,2
2,0,0,0,2
14,6,0,0,20
2,9,0,0,11
4,6,0,0,10
2,0,0,0,2
1,0,0,0,1
1,0,0,0,1
2,0,0,0,2
1,0,0,0,1
1,0,0,0,1
1,0,0,0,1
3,0,0,0,3
1,0,0,0,1
1,0,0,0,1
1,0,0,0,1
5,0,0,0,5
2,0,0,0,2
2,0,0,0,2
1,0,0,0,1
1,0,0,0,1
1,0,0,0,1
1,0,0,0,1
1,0,0,0,1
1,0,0,0,1
1,0,0,0,1
3,0,0,0,3
1,0,0,0,1
1,0,0,0,1
1,0,0,0,1
1,0,0,0,1
3,0,0,0,3
3,7,0,0,10
3,0,0,0,3
1,0,0,0,1
1,0,0,0,1
1,0,0,0,1
1,2,0,0,3
1,10,0,0,11
1,0,0,0,1
1,0,0,0,1
1,0,0,0,1
6,1,0,0,7
1,0,0,0,1
2,0,0,0,2
2,8,0,0,10
1,0,0,0,1
4,0,0,0,4
1,0,0,0,1
1,1,0,0,2
2,0,0,0,2
1,0,0,0,1
13,1,0,0,14
1,0,0,0,1
1,0,0,0,1
2,0,0,0,2
2,0,0,0,2
1,0,0,0,1
1,0,0,0,1
6,0,0,0,6
1,0,0,0,1
19,0,0,0,19
3,0,0,0,3
1,0,0,0,1
1,0,0,0,1
1,0,0,0,1
22,0,0,0,22
1,0,0,0,1
1,0,0,0,1
3,0,0,0,3
2,0,0,0,2
1,3,1,0,5
5,0,0,0,5
1,0,0,0,1
2,1,0,0,3
3,2,0,0,5
1,0,0,0,1
1,0,0,0,1
1,0,0,0,1
1,0,0,0,1
25,5,0,0,30
2,0,0,0,2
1,0,0,0,1
1,0,0,0,1
4,0,0,0,4
1,0,0,0,1
1,0,0,0,1
1,0,0,0,1
1,0,0,0,1
2,0,0,0,2
2,0,0,0,2
1,0,0,0,1
6,0,0,0,6
1,0,0,0,1
1,0,0,0,1
1,0,0,0,1
3,0,0,0,3
3,2,1,0,6
7,0,0,0,7
1,0,0,0,1
3,0,0,0,3
1,0,0,0,1
5,0,0,0,5
1,0,0,0,1
1,0,0,0,1
2,2,1,0,5
3,0,0,0,3
1,0,0,0,1
16,3,6,0,25
1,0,0,0,1
5,0,0,0,5
1,0,0,0,1
5,2,1,0,8
1,0,0,0,1
1,0,0,0,1
1,0,0,0,1
18,13,0,0,31
1,0,0,0,1
3,0,0,0,3
1,0,0,0,1
1,0,0,0,1
1,0,0,0,1
1,0,0,0,1
5,6,1,0,12
1,0,0,0,1
3,3,0,0,6
5,0,0,0,5
1,0,0,0,1
1,0,0,0,1
1,0,0,0,1
2,0,0,0,2
2,0,0,0,2
1,0,0,0,1
1,0,0,0,1
1,0,0,0,1
2,0,0,0,2
3,0,0,0,3
1,0,0,0,1
2,0,0,0,2
1,0,0,0,1
7,7,0,0,14
1,0,0,0,1
4,0,1,0,5
1,0,0,0,1
1,0,0,0,1
1,0,0,0,1
2,0,0,0,2
1,0,0,0,1
1,0,0,0,1
1,0,0,0,1
3,0,0,0,3
1,0,0,0,1
1,0,0,0,1
2,0,0,0,2
1,0,0,0,1
1,0,0,0,1
1,0,0,0,1
1,0,0,0,1
1,3,0,0,4
1,0,0,0,1
2,0,0,0,2
1,0,0,0,1
2,0,0,0,2
6,0,0,0,6
1,0,0,0,1
1,0,0,0,1
1,0,0,0,1
1,0,0,0,1
1,0,0,0,1
1,0,0,0,1
1,0,0,0,1
5,6,0,0,11
1,0,0,0,1
1,0,0,0,1
2,0,0,0,2
1,0,0,0,1
1,0,0,0,1
1,0,0,0,1
2,0,0,0,2
10,4,0,0,14
2,0,0,0,2
1,0,0,0,1
2,0,0,0,2
1,1,0,0,2
1,0,0,0,1
1,0,0,0,1
1,0,0,0,1
1,0,0,0,1
33,0,0,0,33
4,0,0,0,4
3,0,0,0,3
10,0,0,0,10
1,0,0,0,1
1,0,0,0,1
1,0,0,0,1
1,0,0,0,1
1,0,0,0,1
2,0,0,0,2
1,0,0,0,1
1,0,0,0,1
2,0,0,0,2
1,0,0,0,1
1,0,0,0,1
1,0,0,0,1
1,0,0,0,1
1,0,0,0,1
1,0,0,0,1
2,0,0,0,2
1,0,0,0,1
1,0,0,0,1
1,0,0,0,1
3,0,0,0,3
2,1,0,0,3
2,0,0,0,2
1,0,0,0,1
1,0,0,0,1
4,0,0,0,4
4,0,0,0,4
1,0,0,0,1
1,0,0,0,1
2,0,0,0,2
3,1,0,0,4
1,2,0,0,3
1,0,0,0,1
1,0,0,0,1
1,0,0,0,1
1,0,0,0,1
1,0,0,0,1
1,0,0,0,1
1,0,0,0,1
9,0,0,0,9
1,0,0,0,1
14,0,0,0,14
1,0,0,0,1
1,0,0,0,1
8,0,0,0,8
2,0,0,0,2
1,0,0,0,1
1,0,0,0,1
2,0,0,0,2
7,0,0,0,7
4,0,0,0,4
1,0,0,0,1
1,0,0,0,1
4,0,0,0,4
1,0,0,0,1
1,0,0,0,1
1,0,0,0,1
1,0,0,0,1
1,0,0,0,1
1,0,0,0,1
2,0,0,0,2
1,0,0,0,1
2,0,0,0,2
1,0,0,0,1
1,0,0,0,1
2,0,0,0,2
1,0,0,0,1
5,0,0,0,5
3,0,0,0,3
2,0,0,0,2
1,0,0,0,1
1,0,0,0,1
1,0,0,0,1
1,0,0,0,1
1,0,0,0,1
4,0,0,0,4
1,3,0,0,4
1,0,0,0,1
1,0,0,0,1
2,1030,1,0,1033
1,0,0,0,1
3,1,0,0,4
1,0,0,0,1
1,0,0,0,1
2,0,0,0,2
4,22,0,0,26
1,0,0,0,1
3,0,0,0,3
1,0,0,0,1
1,0,0,0,1
1,0,0,0,1
1,0,0,0,1
1,0,0,0,1
1,0,0,0,1
2,0,0,0,2
1,0,0,0,1
1,0,0,0,1
1,0,0,0,1
1,0,0,0,1
1,0,0,0,1
1,0,0,0,1
1,0,0,0,1
5,0,0,0,5
1,0,0,0,1
2,0,0,0,2
3,0,0,0,3
5,0,0,0,5
1,0,0,0,1
1,0,0,0,1
6,0,0,0,6
3,0,0,0,3
1,0,0,0,1
6,0,0,0,6
1,1,0,0,2
1,0,0,0,1
1,0,0,0,1
1,0,0,0,1
1,0,0,0,1
2,0,0,0,2
1,0,0,0,1
4,0,0,0,4
1,0,0,0,1
1,0,0,0,1
1,0,0,0,1
3,0,0,0,3
2,0,0,0,2
1,0,0,0,1
5,0,0,0,5
1,0,0,0,1
1,11,0,0,12
1,0,0,0,1
1,0,0,0,1
1,0,0,0,1
28,0,0,0,28
2,0,0,0,2
3,0,0,0,3
1,0,0,0,1
6,0,0,0,6
3,0,0,0,3
1,0,0,0,1
1,0,0,0,1
2,0,0,0,2
1,0,0,0,1
18,2,0,0,20
1,0,0,0,1
3,0,0,0,3
1,0,0,0,1
1,0,0,0,1
1,0,0,0,1
1,0,0,0,1
1,0,0,0,1
9,0,0,0,9
1,0,0,0,1
3,0,0,0,3
1,0,0,0,1
2,0,0,0,2
1,0,0,0,1
1,0,0,0,1
1,0,0,0,1
1,0,0,0,1
2,0,0,0,2
1,0,0,0,1
1,0,0,0,1
1,0,0,0,1
1,0,0,0,1
1,0,0,0,1
2,0,0,0,2
1,0,0,0,1
8,0,0,0,8
8,0,0,0,8
2,0,0,0,2
1,2,1,0,4
3,0,0,0,3
2,0,0,0,2
2,0,0,0,2
1,0,0,0,1
2,0,0,0,2
1,0,0,0,1
3,0,0,0,3
2,0,0,0,2
1,0,0,0,1
3,0,0,0,3
3,0,0,0,3
1,0,0,0,1
1,0,0,0,1
3,0,0,0,3
3,0,0,0,3
1,0,0,0,1
1,0,0,0,1
2,0,0,0,2
1,0,0,0,1
1,0,0,0,1
1,0,0,0,1
1,0,0,0,1
3,0,0,0,3
1,0,0,0,1
1,0,0,0,1
1,0,0,0,1
1,0,0,0,1
2,0,0,0,2
15,1,1,0,17
1,0,0,0,1
1,0,0,0,1
3,0,0,0,3
1,0,0,0,1
1,0,0,0,1
2,0,0,0,2
1,2,0,0,3
1,0,0,0,1
1,0,0,0,1
1,2,0,0,3
1,0,0,0,1
1,0,0,0,1
1,0,0,0,1
1,0,0,0,1
1,0,0,0,1
1,0,0,0,1
1,0,0,0,1
3,0,0,0,3
2,4,0,0,6
9,0,0,0,9
1,0,0,0,1
1,0,0,0,1
1,0,0,0,1
1,0,0,0,1
2,0,0,0,2
3,0,0,0,3
2,0,0,0,2
2,0,0,0,2
1,0,0,0,1
1,0,0,0,1
1,0,0,0,1
7,0,0,0,7
1,0,0,0,1
3,0,0,0,3
1,0,0,0,1
1,0,0,0,1
2,0,0,0,2
1,0,0,0,1
1,0,0,0,1
1,11,0,0,12
1,0,0,0,1
1,0,0,0,1
1,0,0,0,1
2,0,0,0,2
1,0,0,0,1
1,0,0,0,1
3,0,0,0,3
2,0,0,0,2
1,0,0,0,1
6,0,0,0,6
1,0,0,0,1
4,1,0,0,5
10,0,0,0,10
2,0,0,0,2
2,0,0,0,2
1,0,0,0,1
10,0,0,0,10
1,0,0,0,1
1,0,0,0,1
1,0,0,0,1
1,0,0,0,1
2,0,0,0,2
1,0,0,0,1
15,0,0,0,15
1,0,0,0,1
1,0,0,0,1
1,0,0,0,1
1,0,0,0,1
1,0,0,0,1
4,0,0,0,4
6,0,0,0,6
1,0,0,0,1
2,0,0,0,2
1,0,0,0,1
1,0,0,0,1
1,0,0,0,1
4,26,0,0,30
3,0,0,0,3
1,0,0,0,1
2,0,0,0,2
1,0,0,0,1
1,0,0,0,1
1,0,0,0,1
5,0,0,0,5
4,0,0,0,4
1,0,0,0,1
1,0,0,0,1
1,0,0,0,1
5,3,0,0,8
1,0,0,0,1
2,0,0,0,2
1,0,0,0,1
2,0,0,0,2
1,0,0,0,1
1,0,0,0,1
1,0,0,0,1
2,0,0,0,2
1,0,0,0,1
3,0,0,0,3
1,2,0,0,3
1,0,0,0,1
7,0,0,0,7
1,0,0,0,1
2,0,0,0,2
2,0,0,0,2
1,0,0,0,1
1,0,0,0,1
1,0,0,0,1
1,0,0,0,1
4,0,0,0,4
4,0,0,0,4
2,0,0,0,2
1,0,0,0,1
1,0,0,0,1
1,0,0,0,1
5,0,0,0,5
3,0,0,0,3
1,0,0,0,1
1,0,0,0,1
1,0,0,0,1
1,0,0,0,1
1,0,0,0,1
3,0,0,0,3
1,0,0,0,1
1,0,0,0,1
1,0,0,0,1
1,0,0,0,1
11,0,0,0,11
2,0,0,0,2
1,0,0,0,1
3,0,0,0,3
1,0,0,0,1
2,5,3,0,10
1,0,0,0,1
1,0,0,0,1
46,3,1,0,50
3,1,0,0,4
1,0,0,0,1
9,0,0,0,9
2,0,0,0,2
2,0,0,0,2
1,0,0,0,1
1,4,0,0,5
1,0,0,0,1
1,0,0,0,1
1,0,0,0,1
6,0,0,0,6
1,0,0,0,1
1,0,0,0,1
1,0,0,0,1
1,0,0,0,1
1,1,0,0,2
2,3,0,0,5
3,0,0,0,3
1,0,0,0,1
2,0,0,0,2
1,0,0,0,1
2,0,0,0,2
1,0,0,0,1
2,0,0,0,2
15,0,0,0,15
1,0,0,0,1
1,0,0,0,1
1,0,0,0,1
4,1,0,0,5
1,0,0,0,1
1,0,0,0,1
1,0,0,0,1
8,34,2,0,44
1,0,0,0,1
1,0,0,0,1
2,0,0,0,2
2,0,0,0,2
1,0,0,0,1
13,0,0,0,13
1,0,0,0,1
2,0,0,0,2
1,0,0,0,1
6,0,0,0,6
2,0,0,0,2
3,2,0,0,5
1,0,0,0,1
1,0,0,0,1
2,0,0,0,2
1,0,0,0,1
1,0,0,0,1
14,0,0,0,14
1,0,0,0,1
1,0,0,0,1
2,0,0,0,2
1,0,0,0,1
5,0,0,0,5
4,0,0,0,4
1,0,0,0,1
2,0,0,0,2
3,0,0,0,3
3,0,0,0,3
5,2,0,0,7
2,0,0,0,2
1,0,0,0,1
1,0,0,0,1
13,2,1,0,16
1,0,0,0,1
2,0,0,0,2
1,0,0,0,1
9,0,0,0,9
3,0,0,0,3
1,0,0,0,1
1,0,0,0,1
1,0,0,0,1
1,0,0,0,1
1,0,0,0,1
2,0,0,0,2
1,0,0,0,1
2,0,0,0,2
1,0,0,0,1
1,0,0,0,1
1,0,0,0,1
1,0,0,0,1
3,0,0,0,3
2,0,0,0,2
1,0,0,0,1
2,0,0,0,2
13,0,0,0,13
2,0,0,0,2
1,0,0,0,1
1,0,0,0,1
2,0,0,0,2
3,0,0,0,3
2,0,0,0,2
2,13,0,0,15
1,0,0,0,1
1,0,0,0,1
2,4,0,0,6
10,0,0,0,10
1,3,0,0,4
1,0,0,0,1
1,0,0,0,1
1,0,0,0,1
8,3,0,0,11
6,0,0,0,6
1,0,0,0,1
1,0,0,0,1
1,0,0,0,1
3,0,0,0,3
2,0,0,0,2
1,0,0,0,1
1,0,0,0,1
1,0,0,0,1
1,0,0,0,1
1,0,0,0,1
1,0,0,0,1
2,0,0,0,2
2,0,0,0,2
3,0,0,0,3
1,0,0,0,1
2,0,0,0,2
1,0,0,0,1
8,0,0,0,8
1,0,0,0,1
4,12,2,0,18
2,0,0,0,2
1,0,0,0,1
1,0,0,0,1
2,0,0,0,2
1,0,0,0,1
1,0,0,0,1
2,0,0,0,2
1,0,0,0,1
1,0,0,0,1
1,0,0,0,1
1,0,0,0,1
2,2,0,0,4
1,0,0,0,1
1,0,0,0,1
9,0,0,0,9
1,0,0,0,1
1,0,0,0,1
3,0,0,0,3
1,0,0,0,1
1,0,0,0,1
7,0,0,0,7
1,0,0,0,1
1,0,0,0,1
1,1,0,0,2
2,0,0,0,2
1,0,0,0,1
5,0,0,0,5
7,0,0,0,7
1,0,0,0,1
1,0,0,0,1
2,46,0,0,48
1,0,0,0,1
1,1,0,0,2
1,0,0,0,1
1,0,0,0,1
1,0,0,0,1
1,0,0,0,1
1,0,0,0,1
1,0,0,0,1
6,0,0,0,6
1,0,0,0,1
1,0,0,0,1
1,0,0,0,1
19,1,0,0,20
1,0,0,0,1
1,0,0,0,1
2,0,0,0,2
3,21,3,0,27
1,0,0,0,1
1,0,0,0,1
1,0,0,0,1
1,0,0,0,1
1,0,0,0,1
1,0,0,0,1
5,0,0,0,5
1,0,0,0,1
1,0,0,0,1
6,0,0,0,6
2,0,0,0,2
9,7,2,0,18
1,0,0,0,1
1,0,0,0,1
1,0,0,0,1
2,0,0,0,2
1,0,0,0,1
1,0,0,0,1
4,0,0,0,4
1,0,0,0,1
2,0,0,0,2
7,10,2,0,19
1,0,0,0,1
2,6,0,0,8
1,0,0,0,1
1,0,0,0,1
2,0,0,0,2
3,0,0,0,3
1,0,0,0,1
16,2,1,0,19
3,1,0,0,4
1,0,0,0,1
2,0,0,0,2
1,0,0,0,1
1,0,0,0,1
1,0,0,0,1
2,0,0,0,2
1,0,0,0,1
3,0,0,0,3
1,0,0,0,1
2,0,0,0,2
14,0,0,0,14
14,0,0,0,14
3,0,0,0,3
1,0,0,0,1
1,0,0,0,1
1,0,0,0,1
1,0,0,0,1
1,0,0,0,1
1,0,0,0,1
7,0,0,0,7
1,0,0,0,1
3,0,0,0,3
1,0,0,0,1
1,0,0,0,1
1,0,0,0,1
1,0,0,0,1
1,0,0,0,1
4,0,0,0,4
1,0,0,0,1
1,0,0,0,1
1,0,0,0,1
1,0,0,0,1
1,0,0,0,1
2,0,0,0,2
1,0,0,0,1
1,0,0,0,1
1,0,0,0,1
1,0,0,0,1
4,0,0,0,4
1,0,0,0,1
2,0,0,0,2
9,1,0,0,10
1,0,0,0,1
1,0,0,0,1
2,6,0,0,8
4,15,0,0,19
1,0,0,0,1
2,0,0,0,2
2,0,0,0,2
1,0,0,0,1
7,0,0,0,7
1,0,0,0,1
1,0,0,0,1
1,0,0,0,1
2,0,0,0,2
2,0,0,0,2
3,0,0,0,3
1,0,0,0,1
1,0,0,0,1
2,0,0,0,2
2,0,0,0,2
7,0,0,0,7
2,0,0,0,2
1,0,0,0,1
3,0,0,0,3
10,0,0,0,10
1,0,0,0,1
1,0,0,0,1
2,0,0,0,2
1,0,0,0,1
2,0,0,0,2
1,0,0,0,1
7,4,1,0,12
1,0,0,0,1
1,0,0,0,1
4,9,0,0,13
1,0,0,0,1
1,0,0,0,1
2,0,0,0,2
1,0,0,0,1
4,0,0,0,4
1,0,0,0,1
1,0,0,0,1
1,0,0,0,1
5,0,0,0,5
1,0,0,0,1
1,0,0,0,1
1,1,0,0,2
1,0,0,0,1
1,0,0,0,1
1,0,0,0,1
1,2,0,0,3
1,0,0,0,1
8,0,0,0,8
1,0,0,0,1
2,0,0,0,2
1,0,0,0,1
4,0,0,0,4
1,0,0,0,1
1,0,0,0,1
2,0,0,0,2
1,0,0,0,1
1,0,0,0,1
4,26,0,0,30
1,0,0,0,1
3,0,0,0,3
1,0,0,0,1
13,0,0,0,13
1,0,0,0,1
1,0,0,0,1
3,0,0,0,3
3,0,0,0,3
1,0,0,0,1
9,0,1,0,10
1,0,0,0,1
6,9,0,0,15
1,0,0,0,1
20,2,0,0,22
3,0,0,0,3
1,0,0,0,1
1,35,0,0,36
2,0,0,0,2
1,0,0,0,1
5,0,0,0,5
1,0,0,0,1
1,0,0,0,1
8,0,0,0,8
1,0,0,0,1
1,0,0,0,1
1,0,0,0,1
2,0,0,0,2
1,0,0,0,1
1,0,0,0,1
1,0,0,0,1
1,0,0,0,1
5,0,0,0,5
3,0,0,0,3
1,0,0,0,1
1,0,0,0,1
1,0,0,0,1
1,0,0,0,1
1,0,0,0,1
1,0,0,0,1
1,0,0,0,1
1,0,0,0,1
20,27,1,0,48
16,0,0,0,16
1,0,0,0,1
1,0,0,0,1
3,12,0,0,15
4,0,0,0,4
2,0,0,0,2
2,0,0,0,2
3,0,0,0,3
1,0,0,0,1
5,0,0,0,5
1,0,0,0,1
1,0,0,0,1
5,0,0,0,5
1,0,0,0,1
1,0,0,0,1
2,0,0,0,2
1,0,0,0,1
1,0,0,0,1
1,0,0,0,1
2,0,0,0,2
7,0,0,0,7
4,0,0,0,4
1,0,0,0,1
1,0,0,0,1
9,2,0,0,11
1,0,0,0,1
1,0,0,0,1
9,3,0,0,12
2,0,0,0,2
1,0,0,0,1
6,0,0,0,6
4,3,0,0,7
1,0,0,0,1
4,0,1,0,5
1,0,0,0,1
4,0,0,0,4
1,1,0,0,2
1,0,0,0,1
1,0,0,0,1
1,0,0,0,1
2,1,0,0,3
1,0,0,0,1
1,0,0,0,1
2,0,0,0,2
1,0,0,0,1
1,0,0,0,1
1,0,0,0,1
7,0,0,0,7
8,0,0,0,8
2,0,0,0,2
2,0,0,0,2
1,0,0,0,1
1,0,0,0,1
2,0,0,0,2
1,0,0,0,1
1,0,0,0,1
2,0,0,0,2
1,0,0,0,1
1,0,0,0,1
6,0,0,0,6
1,0,0,0,1
1,0,0,0,1
1,0,0,0,1
3,0,0,0,3
3,0,0,0,3
1,0,0,0,1
6,0,0,0,6
1,0,0,0,1
1,0,0,0,1
18,0,0,0,18
2,3,0,0,5
1,0,0,0,1
1,0,0,0,1
3,0,0,0,3
2,0,0,0,2
1,0,0,0,1
1,0,0,0,1
1,0,0,0,1
3,0,0,0,3
1,0,0,0,1
1,0,0,0,1
2,0,0,0,2
1,0,0,0,1
3,6,1,0,10
1,0,0,0,1
3,0,0,0,3
1,0,0,0,1
2,0,0,0,2
2,0,0,0,2
1,0,0,0,1
6,0,0,0,6
2,0,0,0,2
1,346,1,0,348
1,0,0,0,1
1,0,0,0,1
5,0,0,0,5
1,0,0,0,1
1,0,0,0,1
1,0,0,0,1
7,0,0,0,7
1,0,0,0,1
2,2,0,0,4
1,0,0,0,1
2,0,0,0,2
1,0,0,0,1
1,0,0,0,1
2,0,0,0,2
2,0,0,0,2
2,0,0,0,2
2,0,0,0,2
1,0,0,0,1
2,0,0,0,2
5,2,1,0,8
7,0,0,0,7
1,0,0,0,1
1,0,0,0,1
2,0,0,0,2
2,6,0,0,8
1,0,0,0,1
1,0,0,0,1
1,0,0,0,1
3,0,0,0,3
12,0,0,0,12
1,2,0,0,3
3,0,0,0,3
1,0,0,0,1
2,0,0,0,2
1,0,0,0,1
1,0,0,0,1
1,0,0,0,1
1,0,0,0,1
1,0,0,0,1
3,0,0,0,3
1,0,0,0,1
1,3,0,0,4
3,0,0,0,3
2,0,0,0,2
1,0,0,0,1
1,0,0,0,1
1,0,0,0,1
1,0,0,0,1
1,0,0,0,1
1,0,0,0,1
2,0,0,0,2
8,0,0,0,8
1,0,0,0,1
1,0,0,0,1
2,0,0,0,2
7,2,0,0,9
1,0,0,0,1
2,0,0,0,2
2,0,0,0,2
9,0,0,0,9
1,0,0,0,1
1,0,0,0,1
2,0,0,0,2
1,0,0,0,1
4,1,0,0,5
1,0,0,0,1
13,0,0,0,13
1,0,0,0,1
1,0,0,0,1
1,2,0,0,3
1,0,0,0,1
1,0,0,0,1
1,0,0,0,1
1,0,0,0,1
8,0,0,0,8
2,0,0,0,2
1,0,0,0,1
10,0,0,0,10
3,0,0,0,3
1,0,0,0,1
10,0,0,0,10
2,0,0,0,2
2,0,0,0,2
5,5,0,0,10
1,0,0,0,1
2,4,0,0,6
1,0,0,0,1
2,0,0,0,2
3,0,0,0,3
1,0,0,0,1
1,0,0,0,1
1,0,0,0,1
4,0,0,0,4
1,0,0,0,1
1,0,0,0,1
1,0,0,0,1
1,0,0,0,1
2,0,0,0,2
1,0,0,0,1
1,0,0,0,1
6,0,0,0,6
1,0,0,0,1
1,0,0,0,1
2,0,0,0,2
1,0,0,0,1
1,0,0,0,1
1,0,0,0,1
12,2,0,0,14
1,0,0,0,1
1,0,0,0,1
1,0,0,0,1
1,0,0,0,1
1,0,0,0,1
2,0,0,0,2
1,0,0,0,1
1,0,0,0,1
1,0,0,0,1
3,0,0,0,3
1,0,0,0,1
1,0,0,0,1
1,0,0,0,1
1,0,0,0,1
1,0,0,0,1
1,0,0,0,1
1,0,0,0,1
4,0,0,0,4
1,0,0,0,1
1,0,0,0,1
1,0,0,0,1
3,0,0,0,3
2,0,0,0,2
1,2,0,0,3
1,0,0,0,1
1,0,0,0,1
6,0,0,0,6
5,0,0,0,5
2,0,0,0,2
4,0,0,0,4
2,0,0,0,2
4,0,0,0,4
1,0,0,0,1
2,0,0,0,2
1,0,0,0,1
2,0,0,0,2
6,0,0,0,6
1,0,0,0,1
3,0,0,0,3
1,0,0,0,1
1,0,0,0,1
2,0,0,0,2
1,0,0,0,1
3,0,0,0,3
3,0,0,0,3
3,0,0,0,3
5,0,0,0,5
1,0,0,0,1
1,2,0,0,3
1,0,0,0,1
3,0,0,0,3
2,0,0,0,2
2,0,0,0,2
1,0,0,0,1
3,0,0,0,3
1,0,0,0,1
1,0,0,0,1
1,0,0,0,1
1,0,0,0,1
2,6,0,0,8
1,0,0,0,1
1,0,0,0,1
1,0,0,0,1
1,0,0,0,1
3,2,1,0,6
1,0,0,0,1
1,0,0,0,1
1,0,0,0,1
2,0,0,0,2
2,0,0,0,2
3,0,0,0,3
1,0,0,0,1
1,0,0,0,1
2,3,0,0,5
6,0,0,0,6
2,0,0,0,2
2,0,0,0,2
1,0,0,0,1
2,0,0,0,2
1,0,0,0,1
1,0,0,0,1
1,0,0,0,1
1,0,0,0,1
2,0,0,0,2
1,0,0,0,1
1,0,0,0,1
1,1,2,0,4
1,0,0,0,1
2,0,0,0,2
2,0,0,0,2
1,0,0,0,1
1,0,0,0,1
4,0,0,0,4
1,0,0,0,1
1,0,0,0,1
4,0,0,0,4
1,0,0,0,1
1,0,0,0,1
1,0,0,0,1
1,0,0,0,1
2,0,2,0,4
2,0,0,0,2
1,0,0,0,1
2,0,0,0,2
2,0,0,0,2
2,0,0,0,2
15,0,0,0,15
1,0,0,0,1
1,0,0,0,1
1,0,0,0,1
2,0,0,0,2
1,0,0,0,1
3,0,0,0,3
1,0,0,0,1
1,0,0,0,1
1,0,0,0,1
2,0,0,0,2
2,0,0,0,2
2,2,0,0,4
3,5,0,0,8
1,0,0,0,1
1,0,0,0,1
2,0,0,0,2
1,0,0,0,1
1,0,0,0,1
1,2,0,0,3
1,0,0,0,1
1,0,0,0,1
1,0,0,0,1
1,0,0,0,1
1,0,0,0,1
1,0,0,0,1
1,0,0,0,1
7,0,0,0,7
2,0,0,0,2
1,0,0,0,1
1,0,0,0,1
5,0,0,0,5
4,0,0,0,4
2,0,0,0,2
1,0,0,0,1
3,0,0,0,3
5,0,0,0,5
2,0,0,0,2
1,0,0,0,1
1,0,0,0,1
1,0,0,0,1
1,0,0,0,1
1,0,0,0,1
1,0,0,0,1
1,0,0,0,1
2,0,0,0,2
4,20,0,0,24
1,0,0,0,1
1,0,0,0,1
7,0,0,0,7
8,0,0,0,8
1,0,0,0,1
1,0,0,0,1
3,0,0,0,3
1,0,0,0,1
3,0,0,0,3
1,0,0,0,1
1,0,0,0,1
2,0,0,0,2
1,0,0,0,1
1,0,0,0,1
4,1,0,0,5
2,1,0,0,3
1,0,0,0,1
6,0,0,0,6
2,0,0,0,2
5,0,0,0,5
1,0,0,0,1
3,0,0,0,3
1,0,0,0,1
1,0,0,0,1
1,0,0,0,1
1,0,0,0,1
1,0,0,0,1
1,0,0,0,1
1,0,0,0,1
1,0,0,0,1
1,0,0,0,1
1,0,0,0,1
3,0,0,0,3
1,0,0,0,1
2,0,0,0,2
8,2,0,0,10
1,0,0,0,1
1,0,0,0,1
1,0,0,0,1
7,0,0,0,7
3,0,0,0,3
2,0,0,0,2
1,0,0,0,1
1,0,0,0,1
2,0,0,0,2
1,0,0,0,1
1,0,0,0,1
1,0,0,0,1
1,0,0,0,1
3,0,0,0,3
1,0,0,0,1
1,0,0,0,1
1,0,0,0,1
2,0,0,0,2
19,33,2,0,54
1,0,0,0,1
1,0,0,0,1
2,0,0,0,2
5,0,0,0,5
1,0,0,0,1
1,0,0,0,1
2,1,1,0,4
1,0,0,0,1
11,3,0,0,14
1,0,0,0,1
1,0,0,0,1
1,0,0,0,1
2,0,0,0,2
1,0,0,0,1
2,22,0,0,24
1,0,0,0,1
2,0,0,0,2
1,0,0,0,1
1,0,0,0,1
1,0,0,0,1
1,0,0,0,1
1,0,0,0,1
1,0,0,0,1
1,0,0,0,1
1,0,0,0,1
1,0,0,0,1
1,0,0,0,1
5,0,1,0,6
1,2,0,0,3
2,0,0,0,2
2,0,0,0,2
1,0,0,0,1
1,0,0,0,1
2,0,0,0,2
2,0,0,0,2
1,0,0,0,1
2,0,0,0,2
2,0,0,0,2
1,0,0,0,1
1,0,0,0,1
1,0,0,0,1
1,0,0,0,1
10,2,0,0,12
1,0,0,0,1
2,0,0,0,2
2,0,0,0,2
2,0,0,0,2
1,0,0,0,1
11,0,0,0,11
1,0,0,0,1
48,5,0,0,53
1,0,0,0,1
1,0,0,0,1
3,2,0,0,5
8,16,2,0,26
2,0,0,0,2
1,0,0,0,1
1,0,0,0,1
7,0,0,0,7
1,0,0,0,1
1,0,0,0,1
3,0,0,0,3
1,0,0,0,1
1,0,0,0,1
2,0,0,0,2
1,0,0,0,1
1,0,0,0,1
2,0,0,0,2
1,0,0,0,1
1,0,0,0,1
2,0,0,0,2
1,0,0,0,1
1,0,0,0,1
1,0,0,0,1
2,0,0,0,2
1,0,0,0,1
1,0,0,0,1
2,0,0,0,2
3,0,0,0,3
1,0,0,0,1
1,0,0,0,1
1,0,0,0,1
2,0,0,0,2
1,0,0,0,1
1,0,0,0,1
1,0,0,0,1
1,0,0,0,1
1,0,0,0,1
1,0,0,0,1
1,0,0,0,1
1,0,0,0,1
2,0,0,0,2
4,10,0,0,14
2,0,0,0,2
4,0,0,0,4
1,0,0,0,1
2,0,0,0,2
1,0,0,0,1
1,0,0,0,1
2,0,0,0,2
3,0,0,0,3
1,0,0,0,1
1,0,0,0,1
1,0,0,0,1
3,0,0,0,3
1,0,0,0,1
1,0,0,0,1
1,0,0,0,1
3,0,0,0,3
2,0,0,0,2
1,0,0,0,1
8,0,0,0,8
17,0,2,0,19
15,0,0,0,15
8,0,0,0,8
2,0,0,0,2
1,4,0,0,5
1,0,0,0,1
1,0,0,0,1
1,0,0,0,1
1,0,0,0,1
1,0,0,0,1
1,0,0,0,1
1,0,0,0,1
3,0,0,0,3
1,0,0,0,1
2,0,0,0,2
1,0,0,0,1
5,55,1,0,61
1,0,0,0,1
2,0,0,0,2
1,0,0,0,1
6,2,0,0,8
5,0,0,0,5
2,0,0,0,2
1,0,0,0,1
1,0,0,0,1
1,0,0,0,1
2,0,0,0,2
1,0,0,0,1
1,0,0,0,1
5,0,0,0,5
1,0,0,0,1
1,0,0,0,1
1,0,0,0,1
1,0,0,0,1
1,0,0,0,1
2,0,0,0,2
2,0,0,0,2
1,0,0,0,1
1,0,0,0,1
4,0,0,0,4
1,0,0,0,1
3,0,0,0,3
2,0,0,0,2
2,0,0,0,2
1,0,0,0,1
3,0,0,0,3
1,0,0,0,1
3,0,0,0,3
3,0,0,0,3
1,0,0,0,1
1,0,0,0,1
5,0,0,0,5
1,0,0,0,1
1,0,0,0,1
2,0,0,0,2
14,0,0,0,14
1,0,0,0,1
5,8,0,0,13
1,0,0,0,1
2,0,0,0,2
3,0,0,0,3
1,0,0,0,1
1,0,0,0,1
2,0,0,0,2
2,0,0,0,2
1,0,0,0,1
5,1,0,0,6
2,0,0,0,2
1,0,0,0,1
23,0,0,0,23
1,0,0,0,1
1,0,0,0,1
2,0,0,0,2
1,0,0,0,1
2,0,0,0,2
16,0,0,0,16
1,0,0,0,1
2,0,0,0,2
1,0,0,0,1
1,0,0,0,1
4,0,0,0,4
1,0,1,0,2
4,0,0,0,4
2,0,0,0,2
1,0,0,0,1
1,0,0,0,1
1,0,0,0,1
1,0,0,0,1
1,0,0,0,1
1,0,0,0,1
6,0,0,0,6
1,0,0,0,1
30,0,0,0,30
1,0,0,0,1
1,0,0,0,1
1,0,0,0,1
1,0,0,0,1
6,0,0,0,6
3,0,0,0,3
1,0,0,0,1
3,0,0,0,3
2,0,0,0,2
7,10,0,0,17
1,2,1,0,4
1,0,0,0,1
1,0,0,0,1
3,0,0,0,3
1,0,0,0,1
1,0,0,0,1
3,0,0,0,3
2,0,0,0,2
1,0,0,0,1
1,0,0,0,1
1,0,0,0,1
3,0,0,0,3
2,0,0,0,2
1,0,0,0,1
1,0,0,0,1
2,0,0,0,2
1,0,0,0,1
1,0,0,0,1
5,463,0,0,468
1,0,0,0,1
1,0,0,0,1
3,0,0,0,3
1,0,0,0,1
1,5,4,0,10
2,0,0,0,2
1,0,0,0,1
1,0,0,0,1
2,0,0,0,2
3,0,0,0,3
3,0,0,0,3
1,2,0,0,3
24,0,0,0,24
4,2,0,0,6
2,0,0,0,2
3,0,0,0,3
1,0,0,0,1
1,0,0,0,1
1,0,0,0,1
4,6,1,0,11
1,0,0,0,1
1,0,0,0,1
4,0,0,0,4
2,0,0,0,2
1,0,0,0,1
1,0,0,0,1
7,10,2,0,19
1,0,0,0,1
8,0,0,0,8
1,0,0,0,1
3,0,2,0,5
1,0,0,0,1
1,0,0,0,1
1,0,0,0,1
1,0,0,0,1
1,0,0,0,1
1,0,0,0,1
1,0,0,0,1
1,0,0,0,1
9,1,1,0,11
5,4,0,0,9
3,0,0,0,3
1,0,0,0,1
1,0,0,0,1
2,0,0,0,2
1,0,0,0,1
1,0,0,0,1
3,0,0,0,3
1,0,0,0,1
1,0,0,0,1
1,0,0,0,1
2,0,0,0,2
1,0,0,0,1
4,0,0,0,4
1,0,0,0,1
3,0,0,0,3
1,0,0,0,1
3,0,0,0,3
1,0,0,0,1
1,0,0,0,1
1,0,0,0,1
2,0,0,0,2
2,0,0,0,2
1,0,0,0,1
2,0,0,0,2
4,0,0,0,4
2,0,0,0,2
1,0,0,0,1
2,0,0,0,2
2,0,0,0,2
1,0,0,0,1
2,0,0,0,2
1,0,0,0,1
2,0,0,0,2
1,0,0,0,1
1,0,0,0,1
1,0,0,0,1
1,0,0,0,1
8,3,3,0,14
1,0,0,0,1
1,0,0,0,1
1,0,0,0,1
3,0,0,0,3
2,0,0,0,2
1,0,0,0,1
1,0,0,0,1
4,2,0,0,6
1,0,0,0,1
1,0,0,0,1
3,0,0,0,3
1,0,0,0,1
1,0,0,0,1
1,0,0,0,1
1,0,0,0,1
1,0,0,0,1
1,0,0,0,1
1,0,0,0,1
3,0,0,0,3
4,0,0,0,4
2,0,0,0,2
1,0,0,0,1
1,0,0,0,1
3,0,0,0,3
2,0,0,0,2
1,1,1,0,3
2,0,0,0,2
5,0,0,0,5
1,0,0,0,1
1,0,0,0,1
1,0,0,0,1
1,0,0,0,1
4,0,0,0,4
3,0,0,0,3
1,0,0,0,1
3,0,0,0,3
1,0,0,0,1
2,0,0,0,2
1,0,0,0,1
3,0,0,0,3
3,0,0,0,3
5,0,0,0,5
1,0,0,0,1
1,0,0,0,1
16,1,0,0,17
2,3,0,0,5
3,0,0,0,3
2,0,0,0,2
1,0,0,0,1
1,0,0,0,1
1,0,0,0,1
1,0,0,0,1
2,0,0,0,2
2,0,0,0,2
6,0,0,0,6
2,0,0,0,2
1,0,0,0,1
1,0,0,0,1
1,0,0,0,1
5,0,0,0,5
2,0,0,0,2
1,0,0,0,1
1,0,0,0,1
2,0,0,0,2
2,0,0,0,2
1,0,0,0,1
2,0,0,0,2
1,0,0,0,1
1,0,0,0,1
1,0,0,0,1
5,0,0,0,5
2,0,0,0,2
8,0,0,0,8
3,0,0,0,3
18,0,0,0,18
3,0,0,0,3
2,0,0,0,2
1,0,0,0,1
1,0,0,0,1
1,0,0,0,1
1,0,0,0,1
1,0,0,0,1
1,0,0,0,1
6,0,0,0,6
1,1,0,0,2
1,0,0,0,1
2,0,0,0,2
1,0,0,0,1
1,0,0,0,1
2,0,0,0,2
2,0,0,0,2
2,0,0,0,2
2,1,0,0,3
5,0,0,0,5
3,0,0,0,3
5,0,0,0,5
4,0,0,0,4
1,0,0,0,1
1,0,0,0,1
1,0,0,0,1
2,0,0,0,2
1,0,0,0,1
5,0,0,0,5
12,0,0,0,12
1,0,0,0,1
1,0,0,0,1
1,0,0,0,1
1,0,0,0,1
2,0,0,0,2
2,0,0,0,2
1,0,0,0,1
1,0,0,0,1
2,0,0,0,2
1,0,0,0,1
1,0,0,0,1
1,0,0,0,1
1,0,0,0,1
1,0,0,0,1
1,0,0,0,1
3,0,0,0,3
11,0,0,0,11
1,0,0,0,1
1,0,0,0,1
4,0,0,0,4
3,0,0,0,3
6,2,0,0,8
1,0,0,0,1
1,0,0,0,1
1,0,0,0,1
1,0,0,0,1
7,44,2,0,53
1,0,0,0,1
1,0,0,0,1
1,0,0,0,1
1,0,0,0,1
1,0,0,0,1
1,0,0,0,1
8,0,0,0,8
1,0,0,0,1
2,1,0,0,3
1,0,0,0,1
2,0,0,0,2
1,0,0,0,1
1,0,0,0,1
1,0,0,0,1
1,0,0,0,1
1,0,0,0,1
1,0,0,0,1
7,2,0,0,9
2,0,0,0,2
1,0,0,0,1
1,0,0,0,1
4,0,0,0,4
1,0,0,0,1
1,0,0,0,1
1,0,0,0,1
1,0,0,0,1
1,0,0,0,1
1,0,0,0,1
1,0,0,0,1
1,0,0,0,1
2,0,0,0,2
3,0,0,0,3
1,0,0,0,1
1,0,0,0,1
1,0,0,0,1
1,0,0,0,1
3,0,0,0,3
2,0,0,0,2
2,0,0,0,2
7,0,0,0,7
1,0,0,0,1
2,0,0,0,2
1,0,0,0,1
2,0,0,0,2
3,1,0,0,4
1,0,0,0,1
1,0,0,0,1
1,0,0,0,1
1,0,0,0,1
1,0,0,0,1
1,0,0,0,1
1,0,0,0,1
1,0,0,0,1
1,0,0,0,1
1,0,0,0,1
4,0,0,0,4
1,0,0,0,1
1,0,0,0,1
7,639,0,0,646
1,0,0,0,1
1,0,0,0,1
6,0,0,0,6
1,0,0,0,1
1,0,0,0,1
5,7,0,0,12
4,0,0,0,4
1,0,0,0,1
2,0,0,0,2
1,0,0,0,1
2,0,0,0,2
4,0,0,0,4
1,0,0,0,1
1,0,0,0,1
3,0,0,0,3
2,0,0,0,2
1,0,0,0,1
5,2,0,0,7
1,0,0,0,1
10,0,1,0,11
2,0,0,0,2
1,0,0,0,1
1,0,0,0,1
1,60,0,0,61
1,0,0,0,1
1,0,0,0,1
1,0,0,0,1
1,0,0,0,1
2,14,0,0,16
1,0,0,0,1
1,0,0,0,1
3,0,0,0,3
1,0,0,0,1
1,0,0,0,1
3,0,0,0,3
1,0,0,0,1
1,0,0,0,1
4,0,0,0,4
1,0,0,0,1
2,0,0,0,2
1,0,0,0,1
1,0,0,0,1
1,0,0,0,1
18,2,7,0,27
1,0,0,0,1
9,0,0,0,9
1,0,0,0,1
6,0,0,0,6
1,0,0,0,1
1,0,0,0,1
7,0,0,0,7
1,0,0,0,1
1,0,0,0,1
2,0,0,0,2
10,0,0,0,10
1,0,0,0,1
9,1,0,0,10
1,0,0,0,1
3,0,0,0,3
2,1,0,0,3
1,0,0,0,1
1,0,0,0,1
7,0,0,0,7
3,0,0,0,3
1,0,0,0,1
5,0,0,0,5
1,12,0,0,13
2,0,0,0,2
7,0,0,0,7
2,0,0,0,2
10,7,0,0,17
2,0,0,0,2
1,0,0,0,1
2,0,0,0,2
1,5,0,0,6
1,0,0,0,1
1,0,0,0,1
2,0,0,0,2
1,0,0,0,1
1,0,0,0,1
1,0,0,0,1
2,0,1,0,3
1,0,0,0,1
1,0,0,0,1
2,0,0,0,2
1,0,0,0,1
7,0,0,0,7
1,0,0,0,1
2,0,0,0,2
1,0,0,0,1
3,0,0,0,3
1,0,0,0,1
1,0,0,0,1
10,0,0,0,10
6,0,1,0,7
1,0,0,0,1
2,3,0,0,5
1,0,0,0,1
1,0,0,0,1
1,0,0,0,1
1,0,0,0,1
4,0,0,0,4
1,0,0,0,1
3,0,0,0,3
1,0,0,0,1
6,0,0,0,6
2,0,0,0,2
1,0,0,0,1
1,0,0,0,1
1,0,0,0,1
1,0,0,0,1
1,0,0,0,1
14,0,0,0,14
2,0,0,0,2
1,0,0,0,1
3,1,0,0,4
2,0,0,0,2
1,0,0,0,1
1,0,0,0,1
2,0,0,0,2
1,0,0,0,1
1,0,0,0,1
1,0,0,0,1
5,0,0,0,5
2,0,0,0,2
1,4,1,0,6
2,0,0,0,2
1,0,0,0,1
1,0,0,0,1
12,0,0,0,12
1,0,0,0,1
1,0,0,0,1
1,0,0,0,1
3,0,0,0,3
1,0,0,0,1
2,0,0,0,2
5,6,0,0,11
1,0,0,0,1
2,0,0,0,2
2,1,0,0,3
4,0,0,0,4
1,0,0,0,1
1,0,0,0,1
3,0,0,0,3
1,0,0,0,1
4,0,0,0,4
3,0,0,0,3
3,0,0,0,3
1,0,0,0,1
1,0,0,0,1
1,0,0,0,1
2,0,0,0,2
1,0,0,0,1
1,0,0,0,1
1,0,0,0,1
1,0,0,0,1
1,0,0,0,1
1,0,0,0,1
2,0,0,0,2
8,0,0,0,8
1,0,0,0,1
1,0,0,0,1
9,0,0,0,9
1,0,0,0,1
1,0,0,0,1
14,0,0,0,14
1,0,0,0,1
1,0,0,0,1
1,3,0,0,4
1,0,0,0,1
5,0,0,0,5
1,0,0,0,1
1,0,1,0,2
1,0,0,0,1
1,0,0,0,1
2,0,0,0,2
8,2,0,0,10
2,0,0,0,2
1,0,0,0,1
1,0,0,0,1
5,0,0,0,5
2,0,0,0,2
2,0,0,0,2
1,0,0,0,1
11,0,0,0,11
1,0,0,0,1
1,0,0,0,1
1,0,0,0,1
3,1,2,0,6
1,0,0,0,1
7,0,0,0,7
1,0,0,0,1
1,0,0,0,1
1,0,0,0,1
1,0,0,0,1
1,0,0,0,1
1,0,0,0,1
4,0,0,0,4
1,0,0,0,1
1,0,0,0,1
1,0,0,0,1
1,0,0,0,1
1,0,0,0,1
2,0,0,0,2
2,0,0,0,2
9,0,0,0,9
12,3,1,0,16
1,0,0,0,1
1,0,0,0,1
1,0,0,0,1
1,0,0,0,1
1,16,0,0,17
1,0,0,0,1
2,0,0,0,2
2,0,0,0,2
3,0,0,0,3
1,0,0,0,1
2,45,0,0,47
1,0,0,0,1
1,0,0,0,1
1,0,0,0,1
1,0,0,0,1
2,10,1,0,13
7,0,0,0,7
1,0,0,0,1
2,0,0,0,2
1,0,0,0,1
1,0,0,0,1
1,0,0,0,1
4,31,0,0,35
8,23,1,0,32
1,0,0,0,1
1,0,0,0,1
12,0,0,0,12
1,0,0,0,1
8,0,0,0,8
2,0,0,0,2
2,0,2,0,4
1,0,0,0,1
1,0,0,0,1
1,0,0,0,1
1,0,0,0,1
15,0,0,0,15
1,0,0,0,1
1,0,0,0,1
1,0,0,0,1
1,2,0,0,3
1,0,0,0,1
1,0,0,0,1
6,0,0,0,6
4,0,0,0,4
1,0,0,0,1
4,0,0,0,4
1,0,0,0,1
1,0,0,0,1
8,0,0,0,8
9,4,1,0,14
2,1,1,0,4
1,0,0,0,1
1,0,0,0,1
1,0,0,0,1
1,0,0,0,1
1,0,0,0,1
4,0,0,0,4
1,0,0,0,1
3,0,0,0,3
1,0,0,0,1
1,0,0,0,1
2,3,0,0,5
1,0,0,0,1
2,0,0,0,2
1,0,0,0,1
1,0,0,0,1
14,0,0,0,14
1,0,0,0,1
1,0,0,0,1
1,0,0,0,1
10,89,0,0,99
1,0,0,0,1
3,0,0,0,3
1,0,0,0,1
4,0,0,0,4
9,6,5,0,20
1,0,0,0,1
1,0,0,0,1
9,9,0,0,18
2,0,0,0,2
3,0,0,0,3
1,0,0,0,1
3,0,0,0,3
7,0,0,0,7
2,0,0,0,2
5,0,0,0,5
5,2,1,0,8
4,0,0,0,4
2,0,0,0,2
1,0,0,0,1
1,0,0,0,1
1,0,0,0,1
1,0,0,0,1
3,0,0,0,3
2,0,0,0,2
2,0,0,0,2
3,0,0,0,3
1,0,0,0,1
1,0,0,0,1
1,0,0,0,1
4,0,0,0,4
1,0,0,0,1
1,0,0,0,1
1,0,0,0,1
4,0,0,0,4
1,0,0,0,1
1,0,0,0,1
1,0,0,0,1
1,0,0,0,1
2,0,0,0,2
2,0,0,0,2
3,0,0,0,3
1,0,0,0,1
2,2,1,0,5
5,4,2,0,11
1,0,0,0,1
1,0,0,0,1
1,0,0,0,1
1,0,0,0,1
2,0,0,0,2
1,0,0,0,1
1,0,0,0,1
2,0,0,0,2
1,0,0,0,1
1,0,0,0,1
1,0,0,0,1
1,0,0,0,1
1,0,0,0,1
3,0,0,0,3
2,0,0,0,2
8,2,1,0,11
1,0,0,0,1
1,0,0,0,1
1,0,0,0,1
5,0,0,0,5
5,0,0,0,5
1,0,0,0,1
2,0,0,0,2
14,0,0,0,14
1,0,0,0,1
2,0,0,0,2
6,7,0,0,13
1,0,0,0,1
1,0,0,0,1
3,0,0,0,3
4,0,0,0,4
4,0,0,0,4
4,0,0,0,4
4,0,0,0,4
1,0,0,0,1
3,0,0,0,3
1,0,0,0,1
2,0,0,0,2
1,0,0,0,1
2,0,0,0,2
1,0,0,0,1
1,0,0,0,1
1,0,0,0,1
3,0,0,0,3
10,24,2,0,36
3,1,0,0,4
19,0,0,0,19
1,0,0,0,1
1,0,0,0,1
1,0,0,0,1
1,0,0,0,1
1,0,0,0,1
1,0,0,0,1
3,0,0,0,3
20,0,0,0,20
1,0,0,0,1
5,0,0,0,5
1,0,0,0,1
1,2,0,0,3
1,0,0,0,1
1,0,0,0,1
1,0,0,0,1
1,0,0,0,1
3,0,0,0,3
1,0,0,0,1
1,0,0,0,1
1,0,0,0,1
1,0,0,0,1
1,0,0,0,1
1,0,0,0,1
1,0,0,0,1
1,0,0,0,1
13,13,2,0,28
1,0,0,0,1
9,0,0,0,9
2,0,0,0,2
2,0,0,0,2
8,0,0,0,8
4,0,0,0,4
3,0,0,0,3
1,0,0,0,1
6,0,0,0,6
1,0,0,0,1
8,0,0,0,8
1,0,0,0,1
2,0,0,0,2
4,0,0,0,4
1,0,0,0,1
2,0,0,0,2
1,0,0,0,1
1,0,0,0,1
1,0,0,0,1
1,0,0,0,1
13,0,0,0,13
1,0,0,0,1
2,0,0,0,2
1,0,0,0,1
1,0,0,0,1
1,0,0,0,1
1,0,0,0,1
1,0,0,0,1
1,0,0,0,1
1,0,0,0,1
2,0,0,0,2
3,0,0,0,3
2,0,0,0,2
1,0,0,0,1
1,0,0,0,1
3,0,0,0,3
1,0,0,0,1
1,0,0,0,1
1,0,0,0,1
2,0,0,0,2
1,0,0,0,1
2,0,0,0,2
1,0,0,0,1
1,0,0,0,1
1,0,0,0,1
2,0,0,0,2
4,0,0,0,4
8,0,0,0,8
2,0,0,0,2
1,0,0,0,1
1,0,0,0,1
1,0,0,0,1
1,0,0,0,1
1,0,0,0,1
16,1,0,0,17
1,0,0,0,1
1,0,0,0,1
1,0,0,0,1
1,0,0,0,1
1,0,0,0,1
2,0,0,0,2
5,62,1,0,68
3,0,0,0,3
1,0,0,0,1
3,0,0,0,3
1,0,0,0,1
1,0,0,0,1
1,0,0,0,1
2,0,0,0,2
5,0,0,0,5
2,0,0,0,2
1,0,0,0,1
1,0,0,0,1
1,0,0,0,1
5,6,0,0,11
1,0,0,0,1
1,0,0,0,1
2,0,0,0,2
2,0,0,0,2
16,0,0,0,16
4,0,0,0,4
1,0,0,0,1
6,0,0,0,6
2,0,0,0,2
1,0,0,0,1
1,0,0,0,1
2,0,0,0,2
1,0,0,0,1
1,0,0,0,1
1,0,0,0,1
1,0,0,0,1
1,0,0,0,1
1,0,0,0,1
9,0,0,0,9
1,0,0,0,1
2,0,0,0,2
1,0,0,0,1
1,0,0,0,1
1,0,0,0,1
12,0,0,0,12
2,0,0,0,2
1,0,0,0,1
1,0,0,0,1
1,0,0,0,1
1,0,0,0,1
1,0,0,0,1
3,1,1,0,5
2,0,0,0,2
1,0,0,0,1
1,0,0,0,1
7,0,0,0,7
2,0,0,0,2
5,9,0,0,14
1,0,0,0,1
2,0,0,0,2
1,3,2,0,6
4,0,0,0,4
1,0,0,0,1
1,0,0,0,1
3,0,0,0,3
1,0,0,0,1
1,0,0,0,1
10,0,0,0,10
1,0,0,0,1
4,0,0,0,4
10,3,0,0,13
1,0,0,0,1
1,0,0,0,1
5,0,0,0,5
3,10,0,0,13
2,0,0,0,2
1,0,0,0,1
1,0,0,0,1
1,0,0,0,1
1,0,0,0,1
5,2,0,0,7
9,0,0,0,9
17,1,0,0,18
3,0,0,0,3
1,0,0,0,1
1,0,0,0,1
1,0,0,0,1
6,0,0,0,6
1,0,0,0,1
1,0,0,0,1
1,0,0,0,1
1,0,0,0,1
1,0,0,0,1
2,0,0,0,2
1,0,0,0,1
1,0,0,0,1
1,0,0,0,1
1,0,0,0,1
1,0,0,0,1
2,0,0,0,2
1,0,0,0,1
2,0,0,0,2
3,0,0,0,3
1,0,0,0,1
3,0,0,0,3
1,0,0,0,1
2,0,0,0,2
1,0,0,0,1
1,0,0,0,1
1,0,0,0,1
1,0,0,0,1
1,0,0,0,1
6,0,0,0,6
1,0,0,0,1
10,0,0,0,10
9,0,0,0,9
1,0,0,0,1
1,0,0,0,1
1,0,0,0,1
1,0,0,0,1
1,0,0,0,1
1,0,0,0,1
1,0,0,0,1
3,0,0,0,3
1,0,0,0,1
8,0,0,0,8
1,0,0,0,1
1,0,0,0,1
2,4,1,0,7
1,0,0,0,1
1,0,0,0,1
2,0,0,0,2
1,0,0,0,1
4,0,0,0,4
1,0,0,0,1
3,0,0,0,3
1,0,0,0,1
3,0,0,0,3
1,0,0,0,1
3,0,0,0,3
1,0,0,0,1
1,0,0,0,1
1,0,0,0,1
1,0,0,0,1
1,0,0,0,1
1,0,0,0,1
2,3,0,0,5
4,0,0,0,4
1,0,0,0,1
2,1,0,0,3
2,0,0,0,2
1,0,0,0,1
1,0,0,0,1
1,0,0,0,1
1,0,0,0,1
2,0,0,0,2
1,0,0,0,1
1,0,0,0,1
2,0,0,0,2
1,0,0,0,1
1,0,0,0,1
2,0,0,0,2
2,0,0,0,2
9,12,1,0,22
3,0,0,0,3
1,0,0,0,1
5,0,0,0,5
1,0,0,0,1
1,0,0,0,1
3,0,0,0,3
4,0,0,0,4
1,0,0,0,1
1,0,0,0,1
2,0,0,0,2
1,0,0,0,1
1,2,0,0,3
5,0,0,0,5
1,0,0,0,1
2,0,0,0,2
3,0,0,0,3
3,0,0,0,3
4,1,0,0,5
3,0,0,0,3
2,0,0,0,2
1,0,0,0,1
1,0,0,0,1
1,0,0,0,1
1,0,0,0,1
8,0,0,0,8
1,0,0,0,1
4,0,0,0,4
2,0,0,0,2
1,0,0,0,1
1,0,0,0,1
2,0,0,0,2
1,0,0,0,1
3,0,0,0,3
1,0,0,0,1
1,0,0,0,1
1,0,0,0,1
2,0,0,0,2
8,0,0,0,8
1,0,0,0,1
2,0,0,0,2
1,0,0,0,1
2,0,0,0,2
3,2,0,0,5
3,0,0,0,3
1,0,0,0,1
3,0,0,0,3
1,0,0,0,1
1,0,0,0,1
1,0,0,0,1
1,0,0,0,1
1,0,0,0,1
1,0,0,0,1
1,0,0,0,1
1,0,0,0,1
1,0,0,0,1
1,0,0,0,1
1,0,0,0,1
1,0,0,0,1
4,0,0,0,4
1,0,0,0,1
1,0,0,0,1
1,0,0,0,1
3,9,0,0,12
17,0,0,0,17
1,0,0,0,1
1,0,0,0,1
1,0,0,0,1
1,0,0,0,1
1,0,0,0,1
1,0,0,0,1
1,0,0,0,1
1,0,0,0,1
4,0,0,0,4
2,0,0,0,2
2,2,0,0,4
6,1,0,0,7
2,1,1,0,4
1,0,0,0,1
1,0,0,0,1
3,0,0,0,3
1,0,0,0,1
1,0,0,0,1
3,0,0,0,3
2,0,0,0,2
1,0,0,0,1
1,0,0,0,1
1,0,0,0,1
1,0,0,0,1
5,0,0,0,5
1,0,0,0,1
2,0,0,0,2
2,0,0,0,2
1,0,0,0,1
1,0,0,0,1
3,0,0,0,3
1,0,0,0,1
2,0,0,0,2
1,0,0,0,1
1,0,0,0,1
1,0,0,0,1
1,0,0,0,1
1,0,0,0,1
1,0,0,0,1
3,6,0,0,9
1,0,0,0,1
6,0,0,0,6
6,0,0,0,6
1,0,0,0,1
3,0,0,0,3
1,0,0,0,1
4,0,0,0,4
2,0,0,0,2
1,0,0,0,1
1,0,0,0,1
1,0,0,0,1
6,0,0,0,6
1,0,0,0,1
1,0,0,0,1
3,0,0,0,3
4,0,0,0,4
6,0,0,0,6
2,0,0,0,2
1,0,0,0,1
2,0,0,0,2
1,0,0,0,1
4,0,0,0,4
1,0,0,0,1
2,0,0,0,2
1,0,0,0,1
3,2,0,0,5
1,0,0,0,1
3,0,0,0,3
1,0,0,0,1
2,0,0,0,2
3,0,0,0,3
4,0,0,0,4
1,0,0,0,1
6,0,0,0,6
1,0,0,0,1
1,80,1,0,82
1,0,0,0,1
4,0,0,0,4
1,0,0,0,1
1,0,0,0,1
1,0,0,0,1
1,0,0,0,1
1,0,0,0,1
3,0,0,0,3
1,0,0,0,1
1,0,0,0,1
1,0,0,0,1
2,0,0,0,2
2,0,0,0,2
1,0,0,0,1
1,0,0,0,1
1,0,0,0,1
1,0,0,0,1
8,0,0,0,8
8,0,0,0,8
2,0,0,0,2
1,0,0,0,1
1,0,0,0,1
2,0,0,0,2
1,2,0,0,3
5,2,1,0,8
3,0,0,0,3
2,0,0,0,2
1,0,0,0,1
1,0,0,0,1
1,0,0,0,1
1,0,0,0,1
2,0,0,0,2
1,0,0,0,1
7,0,0,0,7
1,0,0,0,1
1,0,0,0,1
1,0,0,0,1
1,0,0,0,1
1,0,0,0,1
19,4,0,0,23
1,0,0,0,1
2,2,0,0,4
1,0,0,0,1
1,0,0,0,1
3,0,0,0,3
1,0,0,0,1
4,49,2,0,55
6,0,0,0,6
6,0,0,0,6
1,0,0,0,1
1,0,0,0,1
1,0,0,0,1
2,0,0,0,2
4,0,0,0,4
2,0,0,0,2
1,0,0,0,1
6,0,0,0,6
1,0,0,0,1
5,0,1,0,6
4,0,0,0,4
8,0,0,0,8
2,0,0,0,2
3,4,0,0,7
2,0,0,0,2
1,0,0,0,1
7,1,0,0,8
1,0,0,0,1
1,0,0,0,1
1,0,0,0,1
1,0,0,0,1
1,0,0,0,1
1,0,0,0,1
1,0,0,0,1
5,0,0,0,5
1,0,0,0,1
1,0,0,0,1
4,0,0,0,4
1,0,1,0,2
1,0,0,0,1
1,0,0,0,1
1,0,0,0,1
2,3,0,0,5
1,0,0,0,1
3,0,0,0,3
1,0,0,0,1
13,0,0,0,13
3,0,0,0,3
1,0,0,0,1
1,0,0,0,1
1,0,0,0,1
1,0,0,0,1
5,0,0,0,5
3,0,0,0,3
1,0,0,0,1
2,0,0,0,2
2,0,0,0,2
1,0,0,0,1
1,0,0,0,1
1,0,0,0,1
3,0,0,0,3
1,0,0,0,1
1,0,0,0,1
1,0,0,0,1
1,0,0,0,1
2,0,0,0,2
1,0,0,0,1
1,0,0,0,1
3,0,0,0,3
1,0,0,0,1
3,1,0,0,4
1,0,0,0,1
1,0,0,0,1
4,0,0,0,4
6,0,0,0,6
1,0,0,0,1
1,0,0,0,1
1,0,0,0,1
2,0,0,0,2
1,0,0,0,1
17,16,2,0,35
4,46,0,0,50
1,0,0,0,1
1,0,0,0,1
1,0,0,0,1
1,0,0,0,1
5,1,0,0,6
1,0,0,0,1
1,0,0,0,1
2,0,0,0,2
1,0,0,0,1
1,0,0,0,1
1,0,0,0,1
8,0,0,0,8
2,3,1,0,6
3,0,0,0,3
1,0,0,0,1
3,0,0,0,3
2,0,0,0,2
31,0,1,0,32
3,0,0,0,3
2,0,0,0,2
1,0,0,0,1
1,0,0,0,1
1,0,0,0,1
27,0,0,0,27
4,0,0,0,4
1,0,0,0,1
1,0,0,0,1
3,0,0,0,3
2,0,0,0,2
6,0,0,0,6
1,0,0,0,1
2,0,0,0,2
1,0,0,0,1
1,0,0,0,1
1,0,0,0,1
5,2,0,0,7
1,0,0,0,1
1,0,0,0,1
2,0,0,0,2
1,0,0,0,1
4,0,0,0,4
13,0,0,0,13
4,0,0,0,4
1,0,0,0,1
1,0,0,0,1
2,0,0,0,2
1,0,0,0,1
3,0,0,0,3
2,0,0,0,2
2,0,0,0,2
2,0,0,0,2
3,0,0,0,3
1,0,0,0,1
3,0,0,0,3
1,0,0,0,1
3,0,0,0,3
1,0,0,0,1
4,0,0,0,4
1,0,0,0,1
1,0,0,0,1
1,1,0,0,2
1,0,0,0,1
7,0,0,0,7
2,0,0,0,2
5,0,0,0,5
1,0,0,0,1
1,0,0,0,1
1,0,0,0,1
1,0,0,0,1
1,0,0,0,1
2,0,0,0,2
3,0,0,0,3
1,0,0,0,1
1,0,0,0,1
2,0,0,0,2
1,0,0,0,1
1,0,0,0,1
5,0,0,0,5
1,0,0,0,1
1,0,0,0,1
1,0,0,0,1
1,0,0,0,1
3,0,0,0,3
1,0,0,0,1
1,0,1,0,2
6,0,0,0,6
11,97,0,0,108
1,0,0,0,1
1,13,0,0,14
2,0,0,0,2
3,0,0,0,3
1,0,0,0,1
2,0,0,0,2
1,0,0,0,1
1,0,0,0,1
1,0,0,0,1
2,0,0,0,2
1,0,0,0,1
2,0,0,0,2
2,2,0,0,4
1,0,0,0,1
1,0,0,0,1
1,0,0,0,1
1,0,0,0,1
4,0,0,0,4
3,0,0,0,3
1,0,0,0,1
1,0,0,0,1
4,0,0,0,4
1,0,0,0,1
1,0,0,0,1
1,0,0,0,1
1,0,0,0,1
17,0,0,0,17
1,0,0,0,1
1,0,0,0,1
4,0,0,0,4
1,0,0,0,1
7,1,1,0,9
1,0,0,0,1
1,0,0,0,1
2,0,0,0,2
1,0,0,0,1
2,0,0,0,2
3,0,0,0,3
1,0,0,0,1
1,0,0,0,1
1,0,0,0,1
2,0,0,0,2
1,0,0,0,1
5,0,0,0,5
6,6,0,0,12
1,0,0,0,1
1,0,0,0,1
2,0,0,0,2
3,0,0,0,3
2,0,0,0,2
1,0,0,0,1
1,0,0,0,1
1,0,0,0,1
5,0,0,0,5
2,0,0,0,2
3,0,0,0,3
2,0,0,0,2
2,0,0,0,2
10,0,0,0,10
1,1,0,0,2
1,0,0,0,1
1,0,0,0,1
1,0,0,0,1
5,0,0,0,5
1,0,0,0,1
1,0,0,0,1
1,0,0,0,1
1,0,0,0,1
1,0,0,0,1
6,0,0,0,6
1,0,0,0,1
1,0,0,0,1
6,0,0,0,6
2,0,0,0,2
1,11,0,0,12
5,0,0,0,5
1,0,0,0,1
1,0,0,0,1
1,0,0,0,1
2,0,0,0,2
4,1,0,0,5
3,0,0,0,3
1,0,0,0,1
1,0,0,0,1
2,0,0,0,2
10,6,0,0,16
2,5,0,0,7
2,0,0,0,2
2,0,0,0,2
1,0,0,0,1
14,3,0,0,17
2,0,0,0,2
1,0,0,0,1
1,0,0,0,1
1,0,0,0,1
5,0,0,0,5
1,0,0,0,1
1,0,0,0,1
1,0,0,0,1
12,0,0,0,12
2,0,0,0,2
1,2,0,0,3
1,0,0,0,1
3,0,0,0,3
1,0,0,0,1
1,0,0,0,1
1,0,0,0,1
2,0,0,0,2
2,0,0,0,2
1,0,0,0,1
1,0,0,0,1
15,1,0,0,16
2,0,0,0,2
3,0,0,0,3
1,0,0,0,1
1,0,0,0,1
2,0,0,0,2
1,0,0,0,1
1,1,0,0,2
1,4,0,0,5
1,0,0,0,1
1,0,0,0,1
1,0,0,0,1
1,0,0,0,1
2,0,0,0,2
1,0,0,0,1
2,0,0,0,2
2,0,0,0,2
2,0,0,0,2
2,0,0,0,2
1,0,0,0,1
6,0,0,0,6
2,0,0,0,2
2,0,0,0,2
4,0,0,0,4
1,0,0,0,1
1,0,0,0,1
4,0,0,0,4
1,0,0,0,1
4,0,0,0,4
5,0,0,0,5
2,0,0,0,2
2,5,0,0,7
1,0,0,0,1
1,0,0,0,1
1,0,0,0,1
6,7,0,0,13
6,0,0,0,6
2,2,0,0,4
1,0,0,0,1
1,0,0,0,1
1,0,0,0,1
1,0,0,0,1
8,0,0,0,8
1,0,0,0,1
2,0,0,0,2
6,0,0,0,6
1,0,0,0,1
4,0,0,0,4
2,0,0,0,2
2,0,0,0,2
1,0,0,0,1
5,0,0,0,5
6,0,1,0,7
1,0,0,0,1
5,0,0,0,5
1,0,0,0,1
2,0,0,0,2
1,0,0,0,1
2,0,0,0,2
1,0,0,0,1
2,0,0,0,2
3,0,0,0,3
1,0,0,0,1
1,0,0,0,1
1,0,0,0,1
1,0,0,0,1
3,0,0,0,3
1,0,0,0,1
10,0,0,0,10
4,0,0,0,4
1,0,0,0,1
2,0,0,0,2
1,0,0,0,1
2,0,0,0,2
4,0,0,0,4
1,0,0,0,1
2,0,0,0,2
3,0,0,0,3
2,0,0,0,2
1,0,0,0,1
3,7,1,0,11
2,0,0,0,2
1,0,0,0,1
2,0,0,0,2
1,0,0,0,1
3,0,0,0,3
1,0,0,0,1
11,0,0,0,11
1,0,0,0,1
1,0,0,0,1
1,0,0,0,1
1,0,0,0,1
1,0,0,0,1
1,0,0,0,1
6,0,0,0,6
1,0,0,0,1
2,29,0,0,31
8,0,0,0,8
6,0,0,0,6
4,0,0,0,4
1,0,0,0,1
1,0,0,0,1
1,0,0,0,1
1,0,0,0,1
1,0,0,0,1
1,0,0,0,1
1,0,0,0,1
1,0,0,0,1
3,0,0,0,3
1,0,0,0,1
3,0,0,0,3
3,0,0,0,3
2,0,0,0,2
2,0,0,0,2
1,0,0,0,1
1,0,0,0,1
2,0,0,0,2
3,0,0,0,3
1,0,0,0,1
4,0,0,0,4
1,0,0,0,1
1,0,0,0,1
1,0,0,0,1
1,0,0,0,1
1,0,0,0,1
1,0,0,0,1
1,0,0,0,1
1,0,0,0,1
1,0,0,0,1
1,0,0,0,1
94,69,51,0,214
2,0,0,0,2
1,0,0,0,1
11,0,0,0,11
1,0,0,0,1
4,0,0,0,4
1,0,0,0,1
1,0,0,0,1
1,0,0,0,1
1,0,0,0,1
6,17,0,0,23
5,0,0,0,5
9,4,0,0,13
3,0,0,0,3
1,0,0,0,1
1,0,0,0,1
1,0,0,0,1
1,0,0,0,1
1,0,0,0,1
1,0,0,0,1
1,0,0,0,1
1,0,0,0,1
1,0,0,0,1
2,0,0,0,2
12,0,0,0,12
2,0,0,0,2
5,0,0,0,5
1,0,0,0,1
1,0,0,0,1
1,0,0,0,1
1,0,0,0,1
2,0,0,0,2
3,1,4,0,8
1,0,0,0,1
12,0,0,0,12
3,0,0,0,3
1,0,0,0,1
1,0,0,0,1
2,0,0,0,2
3,0,0,0,3
1,89,0,0,90
1,0,0,0,1
2,86,1,0,89
2,0,0,0,2
1,0,0,0,1
1,0,0,0,1
1,0,0,0,1
9,0,0,0,9
7,1,1,0,9
1,0,0,0,1
1,0,0,0,1
1,0,0,0,1
1,0,0,0,1
2,0,0,0,2
1,0,0,0,1
26,0,0,0,26
1,0,0,0,1
1,0,0,0,1
2,0,0,0,2
1,0,0,0,1
2,8,0,0,10
1,0,0,0,1
2,0,0,0,2
1,0,0,0,1
1,0,0,0,1
1,0,0,0,1
1,0,0,0,1
1,0,0,0,1
5,0,0,0,5
3,0,0,0,3
1,0,0,0,1
1,0,0,0,1
1,0,0,0,1
2,0,0,0,2
2,0,0,0,2
1,26,0,0,27
1,0,0,0,1
1,0,0,0,1
1,0,0,0,1
1,0,0,0,1
1,0,0,0,1
1,0,0,0,1
1,0,0,0,1
1,0,0,0,1
2,0,0,0,2
3,0,0,0,3
3,0,0,0,3
1,0,0,0,1
5,0,0,0,5
1,0,0,0,1
2,0,0,0,2
1,0,0,0,1
1,0,0,0,1
1,0,1,0,2
1,0,0,0,1
1,0,0,0,1
1,0,0,0,1
1,0,0,0,1
1,0,0,0,1
2,0,0,0,2
2,0,0,0,2
1,0,0,0,1
2,0,0,0,2
1,0,0,0,1
1,0,0,0,1
2,2,0,0,4
1,0,0,0,1
5,2,0,0,7
1,0,0,0,1
1,0,0,0,1
1,0,0,0,1
4,0,0,0,4
1,0,0,0,1
9,5,1,0,15
2,0,0,0,2
1,0,0,0,1
1,0,0,0,1
1,0,0,0,1
1,0,0,0,1
1,0,0,0,1
2,0,0,0,2
2,0,0,0,2
1,0,0,0,1
1,0,0,0,1
1,0,0,0,1
1,0,0,0,1
3,0,0,0,3
2,0,0,0,2
2,0,0,0,2
1,0,0,0,1
2,0,0,0,2
1,0,0,0,1
1,0,0,0,1
1,0,0,0,1
2,0,0,0,2
2,0,0,0,2
1,1,1,0,3
1,0,0,0,1
3,0,0,0,3
1,0,0,0,1
1,0,0,0,1
13,3,0,0,16
1,0,0,0,1
1,0,0,0,1
4,0,0,0,4
1,0,0,0,1
1,0,0,0,1
1,0,0,0,1
5,0,0,0,5
1,1,0,0,2
1,0,0,0,1
1,0,0,0,1
1,0,0,0,1
1,0,0,0,1
1,0,0,0,1
3,0,0,0,3
1,0,0,0,1
2,0,0,0,2
1,0,0,0,1
6,0,0,0,6
1,0,0,0,1
3,0,0,0,3
1,0,0,0,1
11,6,1,0,18
2,0,0,0,2
1,0,0,0,1
3,0,0,0,3
1,0,0,0,1
1,0,0,0,1
1,0,0,0,1
1,0,0,0,1
1,0,0,0,1
1,0,0,0,1
5,0,0,0,5
1,0,0,0,1
1,0,0,0,1
5,0,0,0,5
1,0,0,0,1
2,0,0,0,2
1,0,0,0,1
2,0,0,0,2
4,0,0,0,4
1,0,0,0,1
2,0,0,0,2
1,0,0,0,1
2,0,0,0,2
1,0,0,0,1
1,0,0,0,1
1,0,0,0,1
1,0,0,0,1
1,0,0,0,1
1,0,0,0,1
1,0,0,0,1
1,0,0,0,1
6,0,0,0,6
2,0,0,0,2
2,0,0,0,2
2,0,0,0,2
1,0,0,0,1
6,0,0,0,6
1,0,0,0,1
2,0,0,0,2
1,0,0,0,1
1,0,0,0,1
3,0,0,0,3
2,0,0,0,2
1,0,0,0,1
7,0,0,0,7
3,0,0,0,3
1,0,0,0,1
1,0,0,0,1
1,0,0,0,1
2,0,0,0,2
1,0,0,0,1
1,0,0,0,1
1,0,0,0,1
12,10,0,0,22
1,0,0,0,1
1,0,0,0,1
1,0,0,0,1
1,0,0,0,1
1,0,0,0,1
1,0,0,0,1
2,0,0,0,2
1,0,0,0,1
1,0,0,0,1
1,0,0,0,1
1,0,0,0,1
1,0,0,0,1
1,0,0,0,1
1,0,0,0,1
1,0,0,0,1
3,0,0,0,3
7,0,0,0,7
12,0,0,0,12
2,0,0,0,2
1,0,0,0,1
1,0,0,0,1
2,0,0,0,2
1,0,0,0,1
1,0,0,0,1
1,0,0,0,1
2,0,0,0,2
2,3,0,0,5
1,0,0,0,1
1,0,0,0,1
1,0,0,0,1
2,0,0,0,2
1,0,0,0,1
2,0,0,0,2
1,0,0,0,1
1,0,0,0,1
3,0,0,0,3
2,0,0,0,2
1,0,0,0,1
2,0,0,0,2
1,0,0,0,1
11,0,0,0,11
1,0,0,0,1
1,0,0,0,1
5,0,0,0,5
1,0,0,0,1
1,0,0,0,1
1,0,0,0,1
1,0,0,0,1
2,0,0,0,2
4,0,0,0,4
1,0,0,0,1
1,0,0,0,1
1,0,0,0,1
1,0,0,0,1
4,0,0,0,4
25,4,0,0,29
1,0,0,0,1
1,0,0,0,1
1,0,0,0,1
1,0,0,0,1
3,0,0,0,3
2,0,0,0,2
1,0,0,0,1
3,0,0,0,3
1,0,0,0,1
22,0,1,0,23
2,0,0,0,2
1,0,0,0,1
5,0,0,0,5
1,0,0,0,1
1,0,0,0,1
2,0,0,0,2
1,0,0,0,1
1,0,0,0,1
6,4,1,0,11
1,0,0,0,1
1,0,0,0,1
4,0,0,0,4
1,0,0,0,1
1,0,0,0,1
1,0,0,0,1
4,0,0,0,4
1,0,0,0,1
3,0,0,0,3
2,0,0,0,2
1,0,0,0,1
7,3,0,0,10
4,1,0,0,5
1,0,0,0,1
1,0,0,0,1
2,0,0,0,2
6,0,0,0,6
1,0,0,0,1
1,0,0,0,1
3,0,0,0,3
7,5,0,0,12
31,0,0,0,31
1,0,0,0,1
2,0,0,0,2
1,0,0,0,1
2,2,0,0,4
3,0,0,0,3
3,0,0,0,3
1,0,0,0,1
1,0,0,0,1
1,0,0,0,1
95,2,1,0,98
1,0,0,0,1
1,0,0,0,1
2,0,0,0,2
3,2,1,0,6
1,0,0,0,1
7,7,0,0,14
2,0,0,0,2
1,0,0,0,1
8,1,1,0,10
2,0,0,0,2
2,0,0,0,2
1,0,0,0,1
12,0,0,0,12
1,0,0,0,1
1,0,0,0,1
2,0,0,0,2
1,0,0,0,1
1,0,0,0,1
5,0,0,0,5
12,0,0,0,12
1,0,0,0,1
3,0,0,0,3
3,0,0,0,3
3,0,0,0,3
3,0,0,0,3
2,0,0,0,2
4,4,0,0,8
1,0,0,0,1
3,0,1,0,4
1,0,0,0,1
1,0,0,0,1
12,0,0,0,12
1,0,0,0,1
1,0,0,0,1
1,0,0,0,1
24,0,0,0,24
2,0,0,0,2
1,0,0,0,1
3,0,0,0,3
2,0,0,0,2
1,0,0,0,1
1,0,0,0,1
5,0,0,0,5
2,0,0,0,2
1,0,0,0,1
5,0,0,0,5
1,0,0,0,1
1,0,0,0,1
4,1,0,0,5
3,4,0,0,7
1,0,0,0,1
1,0,0,0,1
4,0,0,0,4
1,0,0,0,1
4,0,0,0,4
1,0,0,0,1
1,0,0,0,1
1,0,0,0,1
25,4,2,0,31
4,0,1,0,5
1,0,0,0,1
1,0,0,0,1
1,0,0,0,1
1,0,0,0,1
1,0,0,0,1
4,0,0,0,4
16,0,0,0,16
1,0,0,0,1
1,0,0,0,1
1,0,0,0,1
2,0,0,0,2
1,0,0,0,1
1,0,0,0,1
1,0,0,0,1
1,0,0,0,1
1,0,0,0,1
2,0,0,0,2
1,0,0,0,1
4,0,0,0,4
1,0,0,0,1
3,0,0,0,3
6,0,0,0,6
4,0,0,0,4
1,0,0,0,1
3,0,0,0,3
7,0,0,0,7
1,0,0,0,1
1,0,0,0,1
1,0,0,0,1
5,0,0,0,5
2,0,0,0,2
1,0,0,0,1
1,0,0,0,1
1,0,0,0,1
1,0,0,0,1
2,0,0,0,2
5,1,0,0,6
2,0,0,0,2
1,0,0,0,1
3,1,0,0,4
1,0,0,0,1
3,0,0,0,3
1,0,0,0,1
4,0,0,0,4
1,0,0,0,1
1,0,0,0,1
2,13,1,0,16
1,0,0,0,1
11,0,0,0,11
1,0,0,0,1
1,1,0,0,2
2,0,0,0,2
21,23,0,0,44
5,0,0,0,5
4,0,0,0,4
1,0,0,0,1
1,0,0,0,1
5,0,1,0,6
9,0,0,0,9
6,4,0,0,10
1,13,0,0,14
1,0,0,0,1
1,0,0,0,1
1,0,0,0,1
1,0,0,0,1
3,0,0,0,3
3,0,0,0,3
1,0,0,0,1
1,0,0,0,1
3,0,0,0,3
2,0,0,0,2
1,0,0,0,1
1,0,0,0,1
1,0,0,0,1
1,0,0,0,1
2,0,0,0,2
1,0,0,0,1
1,0,0,0,1
1,0,0,0,1
2,0,0,0,2
1,0,0,0,1
1,0,0,0,1
1,0,0,0,1
1,0,0,0,1
1,0,0,0,1
1,0,0,0,1
1,0,0,0,1
2,0,0,0,2
2,0,0,0,2
12,0,0,0,12
6,0,0,0,6
1,0,0,0,1
1,0,0,0,1
1,0,0,0,1
1,0,0,0,1
1,0,0,0,1
13,0,0,0,13
1,4,0,0,5
2,0,0,0,2
1,0,0,0,1
3,0,0,0,3
1,0,0,0,1
3,0,0,0,3
2,0,0,0,2
1,0,0,0,1
1,0,0,0,1
8,0,0,0,8
1,0,0,0,1
6,0,0,0,6
1,0,0,0,1
1,2,0,0,3
1,0,0,0,1
1,0,0,0,1
1,0,0,0,1
1,0,0,0,1
2,0,0,0,2
1,0,0,0,1
1,57,0,0,58
2,59,0,0,61
1,0,0,0,1
1,0,0,0,1
1,0,0,0,1
1,0,0,0,1
1,0,0,0,1
1,0,0,0,1
2,0,0,0,2
1,0,0,0,1
1,1,0,0,2
3,0,0,0,3
9,0,0,0,9
1,0,0,0,1
1,0,0,0,1
5,3,0,0,8
2,0,0,0,2
1,0,0,0,1
1,0,0,0,1
3,0,0,0,3
1,0,0,0,1
1,0,0,0,1
1,0,0,0,1
1,0,0,0,1
1,0,0,0,1
2,0,0,0,2
13,0,0,0,13
2,0,0,0,2
1,0,0,0,1
1,0,0,0,1
3,3,0,0,6
1,0,0,0,1
4,0,0,0,4
1,0,0,0,1
1,0,0,0,1
2,0,0,0,2
1,0,0,0,1
1,0,0,0,1
1,0,0,0,1
1,0,0,0,1
1,1,0,0,2
1,0,0,0,1
1,0,0,0,1
1,0,0,0,1
1,0,0,0,1
1,0,0,0,1
2,0,0,0,2
1,0,0,0,1
4,0,0,0,4
1,0,0,0,1
1,0,0,0,1
24,2,0,0,26
1,0,0,0,1
1,0,0,0,1
1,0,0,0,1
5,0,0,0,5
1,0,0,0,1
1,0,0,0,1
1,0,0,0,1
2,0,0,0,2
4,0,0,0,4
2,0,0,0,2
5,0,0,0,5
1,0,0,0,1
1,0,0,0,1
1,0,0,0,1
1,0,0,0,1
1,0,0,0,1
1,0,0,0,1
3,0,0,0,3
1,0,0,0,1
1,0,0,0,1
1,0,0,0,1
12,0,0,0,12
7,0,0,0,7
1,0,0,0,1
1,0,0,0,1
1,3,1,0,5
1,0,0,0,1
2,0,0,0,2
1,0,0,0,1
2,1,1,0,4
1,0,0,0,1
1,0,0,0,1
1,0,0,0,1
2,0,0,0,2
1,0,0,0,1
2,0,0,0,2
1,0,0,0,1
2,0,0,0,2
1,0,0,0,1
2,0,0,0,2
1,0,0,0,1
3,0,0,0,3
1,0,0,0,1
1,0,0,0,1
3,0,0,0,3
6,0,0,0,6
1,0,0,0,1
2,0,0,0,2
1,1,1,0,3
1,0,0,0,1
1,0,0,0,1
2,0,0,0,2
1,0,0,0,1
1,0,0,0,1
2,0,0,0,2
1,0,0,0,1
5,0,0,0,5
1,0,0,0,1
1,0,0,0,1
1,0,0,0,1
1,0,0,0,1
15,2,0,0,17
1,0,0,0,1
1,0,0,0,1
4,0,0,0,4
2,0,0,0,2
1,0,0,0,1
12,0,0,0,12
1,0,0,0,1
1,0,0,0,1
1,0,0,0,1
1,0,0,0,1
3,0,0,0,3
1,0,0,0,1
1,0,0,0,1
3,0,0,0,3
1,0,0,0,1
1,0,0,0,1
1,0,0,0,1
1,0,0,0,1
6,0,0,0,6
1,0,0,0,1
1,0,0,0,1
1,0,0,0,1
1,0,0,0,1
1,0,0,0,1
1,0,0,0,1
3,0,0,0,3
2,0,0,0,2
1,0,0,0,1
1,0,0,0,1
1,0,0,0,1
1,0,0,0,1
1,0,0,0,1
1,0,0,0,1
1,0,0,0,1
4,0,0,0,4
1,0,0,0,1
2,9,0,0,11
1,0,0,0,1
1,0,0,0,1
1,0,0,0,1
1,0,0,0,1
1,0,0,0,1
2,0,0,0,2
23,4,2,0,29
3,0,0,0,3
1,0,0,0,1
1,0,0,0,1
1,0,0,0,1
6,0,0,0,6
2,0,0,0,2
1,0,0,0,1
1,0,0,0,1
7,0,0,0,7
2,0,0,0,2
4,0,0,0,4
1,0,0,0,1
1,0,0,0,1
9,0,0,0,9
2,0,0,0,2
2,0,0,0,2
1,0,0,0,1
10,0,0,0,10
1,0,0,0,1
3,0,0,0,3
1,0,0,0,1
2,0,0,0,2
7,0,0,0,7
4,0,0,0,4
10,0,0,0,10
3,0,0,0,3
1,0,0,0,1
6,5,0,0,11
1,0,0,0,1
1,0,0,0,1
1,0,0,0,1
2,0,0,0,2
1,0,0,0,1
3,0,0,0,3
2,0,0,0,2
1,0,0,0,1
1,0,0,0,1
1,0,0,0,1
1,0,0,0,1
3,0,0,0,3
2,0,0,0,2
3,5,1,0,9
1,0,0,0,1
8,0,0,0,8
1,0,0,0,1
2,3,0,0,5
1,0,0,0,1
1,0,0,0,1
3,0,0,0,3
2,0,0,0,2
2,0,0,0,2
1,0,0,0,1
4,0,0,0,4
3,1,0,0,4
1,0,0,0,1
1,0,0,0,1
1,0,0,0,1
10,28,0,0,38
1,0,0,0,1
4,0,1,0,5
1,0,0,0,1
1,0,0,0,1
2,0,0,0,2
2,0,0,0,2
2,0,0,0,2
1,0,0,0,1
1,0,0,0,1
1,3,0,0,4
1,0,0,0,1
4,0,0,0,4
1,0,0,0,1
1,0,0,0,1
4,8,0,0,12
3,0,0,0,3
3,0,0,0,3
1,0,0,0,1
1,0,0,0,1
16,0,0,0,16
2,0,0,0,2
1,0,0,0,1
4,0,0,0,4
2,0,0,0,2
2,0,0,0,2
1,0,0,0,1
15,0,0,0,15
1,0,0,0,1
1,0,0,0,1
1,0,0,0,1
2,0,0,0,2
7,0,0,0,7
1,0,0,0,1
2,0,0,0,2
7,0,0,0,7
1,0,0,0,1
1,0,0,0,1
1,0,0,0,1
1,0,0,0,1
1,0,0,0,1
1,0,0,0,1
9,4,0,0,13
20,11,2,0,33
9,0,0,0,9
1,0,0,0,1
1,0,0,0,1
1,0,0,0,1
1,0,0,0,1
1,0,0,0,1
2,0,0,0,2
3,0,0,0,3
5,0,0,0,5
1,0,0,0,1
2,0,0,0,2
2,0,0,0,2
1,0,0,0,1
1,0,0,0,1
1,0,0,0,1
6,1,1,0,8
1,0,0,0,1
1,0,0,0,1
2,0,0,0,2
4,1,0,0,5
1,0,0,0,1
2,0,0,0,2
1,0,0,0,1
33,0,0,0,33
1,0,0,0,1
1,0,0,0,1
1,0,0,0,1
12,0,0,0,12
1,0,0,0,1
1,0,0,0,1
1,0,0,0,1
1,0,0,0,1
1,0,0,0,1
1,0,0,0,1
4,0,0,0,4
1,0,0,0,1
3,0,0,0,3
1,0,0,0,1
1,0,0,0,1
10,0,0,0,10
1,0,0,0,1
2,0,0,0,2
1,0,0,0,1
1,0,0,0,1
1,0,0,0,1
3,0,0,0,3
2,0,0,0,2
1,0,0,0,1
1,0,0,0,1
2,0,0,0,2
3,0,0,0,3
1,0,0,0,1
5,0,0,0,5
1,0,0,0,1
1,0,0,0,1
5,0,0,0,5
2,17,0,0,19
2,0,0,0,2
2,0,0,0,2
1,0,0,0,1
1,0,0,0,1
6,0,0,0,6
1,0,0,0,1
1,0,0,0,1
1,0,0,0,1
1,0,0,0,1
1,0,0,0,1
5,0,0,0,5
1,0,0,0,1
6,0,0,0,6
1,0,0,0,1
1,0,0,0,1
6,0,0,0,6
1,0,0,0,1
1,0,0,0,1
14,0,0,0,14
1,0,0,0,1
6,0,0,0,6
28,0,0,0,28
4,0,0,0,4
7,0,0,0,7
1,0,0,0,1
1,0,0,0,1
1,0,0,0,1
1,0,0,0,1
1,0,0,0,1
5,0,0,0,5
1,3,1,0,5
1,0,0,0,1
1,0,0,0,1
1,0,0,0,1
2,0,1,0,3
1,0,0,0,1
3,0,0,0,3
1,0,0,0,1
2,0,0,0,2
1,0,0,0,1
3,1,0,0,4
1,0,0,0,1
2,0,0,0,2
1,0,0,0,1
2,0,0,0,2
1,0,0,0,1
4,0,0,0,4
2,7,0,0,9
1,0,0,0,1
1,0,0,0,1
10,0,0,0,10
20,0,0,0,20
1,0,0,0,1
1,0,0,0,1
1,0,0,0,1
2,0,0,0,2
1,0,0,0,1
1,0,0,0,1
6,0,0,0,6
2,0,0,0,2
1,0,0,0,1
5,0,0,0,5
1,0,0,0,1
1,0,0,0,1
1,0,0,0,1
7,0,0,0,7
1,0,0,0,1
1,0,0,0,1
1,0,0,0,1
2,0,0,0,2
1,0,0,0,1
1,0,0,0,1
1,0,0,0,1
7,0,0,0,7
1,0,0,0,1
1,0,0,0,1
10,4,0,0,14
31,0,1,0,32
5,0,0,0,5
13,0,0,0,13
1,0,0,0,1
2,0,0,0,2
1,0,0,0,1
6,0,0,0,6
1,0,0,0,1
1,0,0,0,1
1,0,0,0,1
1,0,0,0,1
1,0,0,0,1
1,0,0,0,1
3,0,0,0,3
4,0,0,0,4
1,0,0,0,1
1,0,0,0,1
4,0,0,0,4
1,0,0,0,1
2,0,0,0,2
2,3,0,0,5
1,0,0,0,1
1,0,0,0,1
1,0,0,0,1
2,0,0,0,2
5,0,0,0,5
7,5,0,0,12
1,0,0,0,1
1,0,0,0,1
1,0,0,0,1
1,0,0,0,1
1,0,0,0,1
4,3,0,0,7
1,0,0,0,1
2,0,0,0,2
1,0,0,0,1
1,0,0,0,1
8,0,0,0,8
1,0,0,0,1
1,0,0,0,1
1,0,0,0,1
1,0,0,0,1
2,0,0,0,2
1,0,0,0,1
1,0,0,0,1
2,209,1,0,212
3,14,0,0,17
8,0,0,0,8
2,0,0,0,2
3,0,0,0,3
2,0,0,0,2
2,0,0,0,2
1,0,0,0,1
1,0,0,0,1
3,0,0,0,3
1,0,0,0,1
4,0,0,0,4
1,0,0,0,1
6,0,0,0,6
1,0,0,0,1
21,0,0,0,21
1,0,0,0,1
1,0,0,0,1
1,0,0,0,1
4,0,0,0,4
1,0,0,0,1
1,0,0,0,1
1,0,0,0,1
1,0,0,0,1
1,0,0,0,1
5,0,0,0,5
3,0,0,0,3
1,0,0,0,1
5,0,0,0,5
1,0,0,0,1
1,0,0,0,1
1,0,0,0,1
1,0,0,0,1
3,0,0,0,3
1,0,0,0,1
3,0,0,0,3
8,0,0,0,8
1,0,0,0,1
1,0,0,0,1
1,0,0,0,1
3,0,0,0,3
3,0,0,0,3
1,0,0,0,1
4,0,0,0,4
3,0,0,0,3
2,0,0,0,2
2,0,0,0,2
1,0,0,0,1
1,0,0,0,1
7,0,0,0,7
9,0,0,0,9
1,0,0,0,1
3,0,0,0,3
3,0,0,0,3
1,0,0,0,1
1,0,0,0,1
1,0,0,0,1
9,6,1,0,16
1,0,0,0,1
1,0,0,0,1
11,0,0,0,11
1,0,0,0,1
3,0,0,0,3
6,0,0,0,6
1,0,0,0,1
3,2,0,0,5
1,0,0,0,1
5,0,0,0,5
3,0,0,0,3
7,0,0,0,7
1,0,0,0,1
9,0,0,0,9
4,0,0,0,4
1,0,0,0,1
1,0,0,0,1
1,0,0,0,1
1,0,0,0,1
1,0,0,0,1
7,0,0,0,7
1,0,0,0,1
1,0,0,0,1
1,0,0,0,1
1,0,0,0,1
2,0,0,0,2
1,0,0,0,1
6,0,0,0,6
4,0,0,0,4
1,0,0,0,1
3,1,0,0,4
4,0,0,0,4
1,0,0,0,1
2,0,0,0,2
1,0,0,0,1
1,0,0,0,1
1,0,0,0,1
4,3,0,0,7
4,0,0,0,4
1,0,0,0,1
1,0,0,0,1
1,0,0,0,1
1,0,0,0,1
1,0,0,0,1
3,0,0,0,3
1,0,0,0,1
2,1,0,0,3
1,0,0,0,1
1,0,0,0,1
1,0,0,0,1
1,0,0,0,1
1,0,0,0,1
2,0,0,0,2
1,0,0,0,1
1,0,0,0,1
7,0,0,0,7
1,0,0,0,1
4,0,0,0,4
1,0,0,0,1
2,0,0,0,2
2,0,0,0,2
1,0,0,0,1
3,0,0,0,3
1,0,0,0,1
1,0,0,0,1
1,0,0,0,1
1,0,0,0,1
1,0,0,0,1
1,0,0,0,1
1,0,0,0,1
2,0,0,0,2
4,0,0,0,4
1,0,0,0,1
3,0,0,0,3
2,0,0,0,2
1,0,0,0,1
1,0,0,0,1
1,0,0,0,1
1,0,0,0,1
3,0,0,0,3
1,0,0,0,1
2,0,0,0,2
1,0,0,0,1
6,1,0,0,7
1,0,0,0,1
2,0,0,0,2
5,1,1,0,7
1,0,0,0,1
1,0,0,0,1
1,0,0,0,1
1,0,0,0,1
2,1,0,0,3
13,0,0,0,13
2,0,0,0,2
1,0,0,0,1
1,0,0,0,1
3,0,0,0,3
1,0,0,0,1
2,0,0,0,2
1,0,0,0,1
1,0,0,0,1
1,0,0,0,1
2,0,0,0,2
1,0,0,0,1
1,0,0,0,1
3,0,0,0,3
1,0,0,0,1
3,0,0,0,3
1,0,0,0,1
1,0,0,0,1
1,0,0,0,1
1,2,0,0,3
1,0,0,0,1
1,0,0,0,1
1,0,0,0,1
1,0,0,0,1
4,0,0,0,4
3,0,0,0,3
1,0,0,0,1
2,0,0,0,2
2,0,0,0,2
1,0,0,0,1
1,0,0,0,1
2,0,0,0,2
2,0,0,0,2
2,0,0,0,2
1,0,0,0,1
1,0,0,0,1
7,0,0,0,7
6,0,0,0,6
1,0,0,0,1
4,0,0,0,4
4,0,0,0,4
1,0,0,0,1
1,0,0,0,1
2,0,0,0,2
1,0,0,0,1
1,0,0,0,1
3,0,0,0,3
1,0,0,0,1
1,7,1,0,9
1,0,0,0,1
1,0,0,0,1
1,0,0,0,1
1,0,0,0,1
1,0,0,0,1
2,0,0,0,2
2,0,0,0,2
2,0,0,0,2
6,0,0,0,6
9,3,1,0,13
2,0,0,0,2
1,0,0,0,1
4,0,0,0,4
3,0,0,0,3
1,0,0,0,1
1,0,0,0,1
1,0,0,0,1
1,0,0,0,1
1,0,0,0,1
3,0,0,0,3
3,0,0,0,3
1,0,0,0,1
1,0,0,0,1
1,0,0,0,1
1,0,0,0,1
1,0,0,0,1
3,0,0,0,3
1,32,0,0,33
1,0,0,0,1
6,0,0,0,6
1,0,0,0,1
1,0,0,0,1
2,0,0,0,2
1,0,0,0,1
1,0,0,0,1
1,0,0,0,1
3,1,0,0,4
2,0,1,0,3
1,2,0,0,3
1,2,0,0,3
1,0,0,0,1
1,0,0,0,1
3,0,0,0,3
1,0,0,0,1
1,0,0,0,1
4,0,0,0,4
1,0,0,0,1
5,0,0,0,5
16,4,0,0,20
1,0,0,0,1
1,0,0,0,1
10,0,0,0,10
1,0,0,0,1
2,0,0,0,2
2,0,0,0,2
3,0,0,0,3
1,0,0,0,1
1,2,0,0,3
1,0,0,0,1
1,0,0,0,1
1,0,0,0,1
1,0,0,0,1
1,0,0,0,1
1,0,0,0,1
21,635,0,0,656
4,0,0,0,4
1,0,0,0,1
1,0,0,0,1
1,0,0,0,1
3,0,0,0,3
1,0,0,0,1
3,0,0,0,3
1,0,0,0,1
1,0,0,0,1
1,0,0,0,1
3,0,0,0,3
1,0,0,0,1
1,0,0,0,1
4,0,0,0,4
1,0,0,0,1
2,0,0,0,2
1,0,0,0,1
1,0,0,0,1
1,0,0,0,1
1,0,0,0,1
6,0,0,0,6
1,0,0,0,1
1,0,0,0,1
2,0,0,0,2
3,9,0,0,12
6,0,0,0,6
1,0,0,0,1
1,0,0,0,1
8,1,0,0,9
1,0,0,0,1
2,0,0,0,2
5,0,0,0,5
1,0,0,0,1
1,0,0,0,1
2,0,0,0,2
1,0,0,0,1
6,0,0,0,6
6,0,0,0,6
1,0,0,0,1
12,0,0,0,12
1,0,0,0,1
1,0,0,0,1
1,0,0,0,1
1,0,0,0,1
1,0,0,0,1
3,0,0,0,3
1,0,0,0,1
1,0,0,0,1
2,0,0,0,2
1,0,0,0,1
4,0,0,0,4
1,0,0,0,1
1,0,0,0,1
6,0,0,0,6
2,0,0,0,2
1,0,0,0,1
1,0,0,0,1
3,0,0,0,3
1,0,0,0,1
3,0,0,0,3
1,0,0,0,1
1,0,0,0,1
3,0,0,0,3
2,0,0,0,2
1,0,0,0,1
1,0,0,0,1
1,0,0,0,1
1,0,0,0,1
1,0,0,0,1
1,0,0,0,1
1,0,0,0,1
1,0,0,0,1
1,0,0,0,1
4,0,0,0,4
2,0,0,0,2
1,0,0,0,1
1,0,0,0,1
2,0,0,0,2
1,0,0,0,1
1,0,0,0,1
1,0,0,0,1
1,0,0,0,1
16,0,0,0,16
1,0,0,0,1
1,0,0,0,1
1,0,0,0,1
5,4,1,0,10
3,1,1,0,5
1,0,0,0,1
17,1,0,0,18
2,0,0,0,2
5,0,0,0,5
2,0,0,0,2
1,0,0,0,1
6,0,0,0,6
1,0,0,0,1
2,0,0,0,2
2,0,0,0,2
21,0,0,0,21
1,0,0,0,1
1,0,0,0,1
1,0,0,0,1
2,0,0,0,2
1,0,0,0,1
1,0,0,0,1
1,0,0,0,1
1,0,0,0,1
1,0,0,0,1
1,0,0,0,1
7,0,0,0,7
1,0,0,0,1
2,0,0,0,2
14,0,0,0,14
5,1,0,0,6
2,0,0,0,2
9,2,4,0,15
6,1,1,0,8
3,0,0,0,3
1,0,0,0,1
3,0,0,0,3
2,0,0,0,2
9,0,0,0,9
1,0,0,0,1
2,0,0,0,2
1,0,0,0,1
2,0,0,0,2
1,0,0,0,1
1,0,0,0,1
4,0,0,0,4
1,14,0,0,15
2,0,0,0,2
14,0,0,0,14
1,0,0,0,1
11,1,0,0,12
1,0,0,0,1
1,0,0,0,1
1,11,0,0,12
2,0,0,0,2
2,0,0,0,2
3,0,0,0,3
1,0,0,0,1
1,0,0,0,1
5,0,0,0,5
2,0,0,0,2
2,0,0,0,2
10,1,0,0,11
1,0,0,0,1
1,0,0,0,1
1,0,0,0,1
1,0,0,0,1
2,0,0,0,2
3,0,0,0,3
4,0,0,0,4
1,0,0,0,1
1,0,0,0,1
1,0,0,0,1
2,0,0,0,2
3,1,0,0,4
9,0,0,0,9
4,0,0,0,4
1,0,0,0,1
1,0,0,0,1
1,0,0,0,1
3,0,0,0,3
3,1,0,0,4
1,0,0,0,1
2,2,0,0,4
1,0,0,0,1
3,2,0,0,5
7,0,0,0,7
1,0,0,0,1
1,0,0,0,1
6,0,0,0,6
1,0,0,0,1
2,0,0,0,2
1,0,0,0,1
2,0,0,0,2
10,0,0,0,10
2,0,0,0,2
2,0,0,0,2
10,0,0,0,10
4,9,0,0,13
2,0,0,0,2
3,0,0,0,3
1,0,0,0,1
1,0,0,0,1
1,0,0,0,1
1,0,0,0,1
1,0,0,0,1
1,0,0,0,1
2,0,0,0,2
1,0,0,0,1
1,0,0,0,1
3,0,0,0,3
4,0,0,0,4
2,0,0,0,2
2,0,0,0,2
1,0,0,0,1
1,0,0,0,1
1,0,0,0,1
3,9,0,0,12
1,0,0,0,1
1,0,0,0,1
1,0,0,0,1
1,0,0,0,1
1,0,0,0,1
1,0,0,0,1
1,0,0,0,1
1,0,0,0,1
6,0,0,0,6
2,0,0,0,2
1,0,0,0,1
1,0,0,0,1
5,0,0,0,5
1,0,0,0,1
1,0,0,0,1
1,0,0,0,1
1,0,0,0,1
1,0,0,0,1
1,0,0,0,1
1,0,0,0,1
2,1,0,0,3
1,0,0,0,1
2,0,0,0,2
1,0,0,0,1
4,0,0,0,4
2,0,0,0,2
1,0,0,0,1
1,0,0,0,1
1,0,0,0,1
1,0,0,0,1
2,0,0,0,2
2,0,0,0,2
1,0,0,0,1
1,0,0,0,1
1,0,0,0,1
5,15,0,0,20
3,0,0,0,3
1,0,0,0,1
1,0,0,0,1
5,1,0,0,6
6,0,0,0,6
2,0,0,0,2
6,12,1,0,19
8,0,0,0,8
1,0,0,0,1
1,0,0,0,1
9,0,0,0,9
1,0,0,0,1
1,0,0,0,1
1,0,0,0,1
1,0,0,0,1
2,0,0,0,2
1,0,0,0,1
3,0,0,0,3
2,0,0,0,2
1,0,0,0,1
1,0,0,0,1
1,0,0,0,1
1,0,0,0,1
14,1,0,0,15
2,2,0,0,4
12,63,0,0,75
1,0,0,0,1
1,0,0,0,1
1,0,0,0,1
2,0,0,0,2
1,0,0,0,1
1,0,0,0,1
17,0,0,0,17
4,0,0,0,4
1,0,0,0,1
1,0,0,0,1
1,0,0,0,1
1,0,0,0,1
1,0,0,0,1
1,0,0,0,1
1,0,0,0,1
3,0,0,0,3
2,0,0,0,2
1,0,0,0,1
2,0,0,0,2
3,0,0,0,3
1,0,0,0,1
1,0,0,0,1
2,0,0,0,2
3,1,0,0,4
2,0,0,0,2
1,0,0,0,1
2,0,0,0,2
1,0,0,0,1
1,0,0,0,1
1,0,0,0,1
2,0,0,0,2
4,0,0,0,4
1,0,0,0,1
2,0,0,0,2
4,0,0,0,4
3,0,0,0,3
1,0,0,0,1
1,0,0,0,1
4,0,0,0,4
1,0,0,0,1
3,0,0,0,3
1,0,0,0,1
1,0,0,0,1
1,0,0,0,1
1,0,0,0,1
1,0,0,0,1
7,0,0,0,7
1,0,0,0,1
1,0,0,0,1
1,0,0,0,1
1,0,0,0,1
2,10,0,0,12
2,0,0,0,2
25,7,0,0,32
4,0,0,0,4
5,0,0,0,5
1,0,0,0,1
1,0,0,0,1
1,0,0,0,1
2,0,0,0,2
1,0,0,0,1
1,0,0,0,1
1,2,0,0,3
19,0,0,0,19
1,0,0,0,1
4,0,0,0,4
1,0,0,0,1
1,0,0,0,1
5,0,0,0,5
2,0,0,0,2
1,0,0,0,1
6,0,0,0,6
1,0,0,0,1
1,0,0,0,1
1,0,0,0,1
3,3,0,0,6
1,0,0,0,1
1,0,0,0,1
1,0,0,0,1
1,0,0,0,1
1,0,0,0,1
1,0,0,0,1
1,0,0,0,1
1,0,0,0,1
8,0,0,0,8
7,0,0,0,7
1,0,0,0,1
1,0,0,0,1
1,0,0,0,1
1,0,0,0,1
1,0,0,0,1
1,0,0,0,1
1,0,0,0,1
1,0,0,0,1
1,0,0,0,1
1,226,0,0,227
1,0,0,0,1
1,0,0,0,1
1,0,0,0,1
1,0,0,0,1
2,2,0,0,4
5,0,0,0,5
1,0,0,0,1
3,163,0,0,166
1,0,0,0,1
1,0,0,0,1
1,0,0,0,1
1,0,0,0,1
1,0,0,0,1
10,9,0,0,19
1,0,0,0,1
6,2,0,0,8
1,0,0,0,1
1,0,0,0,1
2,0,0,0,2
1,0,0,0,1
1,0,0,0,1
2,0,0,0,2
1,0,0,0,1
1,0,0,0,1
1,0,0,0,1
2,0,0,0,2
1,0,0,0,1
2,0,0,0,2
3,0,0,0,3
1,0,0,0,1
2,0,0,0,2
1,0,0,0,1
2,0,0,0,2
1,0,0,0,1
5,0,0,0,5
1,0,0,0,1
2,0,0,0,2
2,0,0,0,2
1,1,0,0,2
1,0,0,0,1
1,0,0,0,1
2,0,0,0,2
2,0,0,0,2
1,0,0,0,1
6,0,0,0,6
2,0,0,0,2
1,0,0,0,1
1,10,0,0,11
6,0,0,0,6
3,0,0,0,3
1,0,0,0,1
19,0,0,0,19
1,0,0,0,1
1,0,0,0,1
2,0,0,0,2
2,0,0,0,2
1,0,0,0,1
1,0,0,0,1
2,0,0,0,2
1,0,0,0,1
1,0,0,0,1
1,0,0,0,1
1,0,0,0,1
1,0,0,0,1
1,0,0,0,1
1,0,0,0,1
2,0,0,0,2
1,0,0,0,1
2,0,0,0,2
6,0,0,0,6
1,0,0,0,1
1,0,0,0,1
1,0,0,0,1
1,0,0,0,1
4,0,0,0,4
1,0,0,0,1
1,0,0,0,1
1,0,0,0,1
2,0,0,0,2
1,7,0,0,8
1,0,0,0,1
1,0,0,0,1
6,0,0,0,6
1,0,0,0,1
1,0,0,0,1
1,0,0,0,1
1,0,0,0,1
1,0,0,0,1
1,0,0,0,1
1,0,0,0,1
1,0,0,0,1
1,0,0,0,1
1,0,0,0,1
3,0,0,0,3
1,0,0,0,1
1,0,0,0,1
1,0,0,0,1
1,0,0,0,1
1,0,0,0,1
4,0,0,0,4
1,0,0,0,1
1,0,0,0,1
4,0,0,0,4
1,0,0,0,1
2,0,0,0,2
3,0,0,0,3
1,0,0,0,1
1,0,0,0,1
1,0,0,0,1
4,0,0,0,4
1,0,0,0,1
1,0,0,0,1
1,0,0,0,1
1,0,0,0,1
6,0,0,0,6
1,0,0,0,1
2,0,0,0,2
9,0,0,0,9
3,0,0,0,3
1,0,0,0,1
1,0,0,0,1
2,1,0,0,3
1,0,0,0,1
1,0,0,0,1
2,0,0,0,2
4,0,0,0,4
3,0,0,0,3
2,0,0,0,2
1,0,0,0,1
1,0,0,0,1
2,0,0,0,2
1,0,0,0,1
2,0,0,0,2
1,0,0,0,1
1,0,0,0,1
12,8,1,0,21
1,0,0,0,1
1,0,0,0,1
1,0,0,0,1
5,0,0,0,5
1,0,0,0,1
1,0,0,0,1
2,0,0,0,2
4,0,0,0,4
1,0,0,0,1
1,0,0,0,1
5,0,0,0,5
1,0,0,0,1
1,0,0,0,1
1,0,0,0,1
2,0,0,0,2
2,0,0,0,2
1,0,0,0,1
3,0,0,0,3
1,0,0,0,1
1,0,0,0,1
3,0,0,0,3
1,0,0,0,1
1,0,0,0,1
6,0,0,0,6
1,0,0,0,1
1,0,0,0,1
7,1,0,0,8
2,4,0,0,6
1,0,0,0,1
4,0,0,0,4
1,0,0,0,1
3,1,0,0,4
1,0,0,0,1
1,0,0,0,1
1,0,0,0,1
1,0,0,0,1
2,0,0,0,2
5,0,0,0,5
1,0,0,0,1
22,0,0,0,22
1,0,0,0,1
4,0,0,0,4
2,0,0,0,2
3,0,0,0,3
1,0,0,0,1
1,0,0,0,1
1,0,0,0,1
1,0,0,0,1
1,0,0,0,1
2,0,0,0,2
1,0,0,0,1
23,0,0,0,23
1,0,0,0,1
3,0,0,0,3
7,0,0,0,7
3,0,0,0,3
1,0,0,0,1
1,0,0,0,1
1,0,0,0,1
1,0,0,0,1
1,0,0,0,1
1,0,0,0,1
1,0,0,0,1
1,0,0,0,1
23,0,0,0,23
1,0,0,0,1
1,0,0,0,1
3,1,1,0,5
7,0,0,0,7
3,1,0,0,4
1,1,0,0,2
1,0,0,0,1
1,0,0,0,1
7,1,1,0,9
4,0,0,0,4
1,0,0,0,1
1,0,0,0,1
2,2,0,0,4
1,0,0,0,1
55,105,49,0,209
4,0,0,0,4
1,0,0,0,1
2,0,0,0,2
2,0,0,0,2
1,0,0,0,1
1,0,0,0,1
38,4,3,0,45
2,0,0,0,2
1,0,0,0,1
2,0,0,0,2
1,0,0,0,1
5,0,0,0,5
1,0,0,0,1
1,0,0,0,1
1,0,0,0,1
1,0,0,0,1
2,0,0,0,2
6,0,0,0,6
2,4,0,0,6
2,0,0,0,2
2,0,0,0,2
1,0,0,0,1
1,0,0,0,1
1,0,0,0,1
1,0,0,0,1
2,4,0,0,6
1,0,0,0,1
1,0,0,0,1
1,0,0,0,1
1,0,0,0,1
1,0,0,0,1
4,0,0,0,4
5,0,0,0,5
2,24,0,0,26
25,3,2,0,30
1,0,0,0,1
3,0,0,0,3
1,0,0,0,1
1,5,0,0,6
1,0,0,0,1
1,0,0,0,1
4,0,0,0,4
1,0,0,0,1
1,0,0,0,1
6,0,0,0,6
1,0,0,0,1
3,0,0,0,3
5,2,0,0,7
1,0,0,0,1
1,0,0,0,1
1,0,0,0,1
1,0,0,0,1
16,0,0,0,16
1,0,0,0,1
2,0,0,0,2
2,0,0,0,2
1,0,0,0,1
1,0,0,0,1
1,0,0,0,1
3,0,0,0,3
1,0,0,0,1
2,0,0,0,2
1,0,0,0,1
2,0,0,0,2
2,0,0,0,2
1,0,0,0,1
2,0,0,0,2
2,0,0,0,2
1,0,0,0,1
2,0,0,0,2
2,0,0,0,2
1,0,0,0,1
1,0,0,0,1
1,0,0,0,1
1,0,0,0,1
19,2,2,0,23
3,0,0,0,3
1,0,0,0,1
1,0,0,0,1
3,0,0,0,3
1,0,0,0,1
2,0,0,0,2
2,0,0,0,2
1,0,0,0,1
1,0,0,0,1
1,0,0,0,1
2,0,0,0,2
1,0,0,0,1
1,0,0,0,1
1,0,0,0,1
10,0,0,0,10
4,0,0,0,4
1,0,0,0,1
1,0,0,0,1
1,0,0,0,1
12,1,0,0,13
1,0,0,0,1
1,0,0,0,1
2,0,0,0,2
1,0,0,0,1
1,0,0,0,1
9,0,0,0,9
1,0,0,0,1
1,0,0,0,1
2,0,0,0,2
1,0,0,0,1
6,0,0,0,6
2,0,0,0,2
2,0,0,0,2
2,0,0,0,2
1,0,0,0,1
1,0,0,0,1
1,0,0,0,1
26,0,0,0,26
5,0,0,0,5
1,0,0,0,1
2,0,0,0,2
3,0,0,0,3
2,0,0,0,2
3,0,0,0,3
1,0,0,0,1
1,0,0,0,1
5,0,0,0,5
1,0,0,0,1
1,0,0,0,1
1,0,0,0,1
1,0,0,0,1
28,1,0,0,29
1,0,0,0,1
1,0,0,0,1
1,0,0,0,1
1,0,0,0,1
1,0,0,0,1
4,0,0,0,4
1,0,0,0,1
4,0,0,0,4
1,0,0,0,1
1,0,0,0,1
5,0,0,0,5
1,0,0,0,1
1,0,0,0,1
2,0,0,0,2
2,0,0,0,2
1,0,0,0,1
1,0,0,0,1
21,2,1,0,24
2,0,0,0,2
1,0,0,0,1
1,0,0,0,1
1,0,0,0,1
2,4,0,0,6
3,0,0,0,3
1,0,0,0,1
1,0,0,0,1
2,0,0,0,2
1,0,0,0,1
1,0,0,0,1
2,0,0,0,2
4,3,0,0,7
1,0,0,0,1
2,0,0,0,2
1,32,0,0,33
16,17,1,0,34
1,0,0,0,1
1,0,0,0,1
1,0,0,0,1
1,0,0,0,1
6,0,0,0,6
1,0,0,0,1
1,0,0,0,1
1,0,0,0,1
1,0,0,0,1
4,0,0,0,4
1,0,0,0,1
3,0,0,0,3
1,0,0,0,1
4,0,0,0,4
3,0,0,0,3
1,0,0,0,1
3,0,0,0,3
1,0,0,0,1
1,0,0,0,1
1,0,0,0,1
2,0,0,0,2
1,0,0,0,1
2,0,0,0,2
3,12,0,0,15
1,0,0,0,1
1,0,0,0,1
1,0,0,0,1
1,0,0,0,1
3,0,0,0,3
4,0,0,0,4
2,0,0,0,2
1,0,0,0,1
3,2,0,0,5
6,0,0,0,6
2,0,0,0,2
1,0,0,0,1
1,0,0,0,1
2,0,0,0,2
2,1,0,0,3
1,0,0,0,1
1,0,0,0,1
1,0,0,0,1
1,0,0,0,1
1,0,0,0,1
2,0,0,0,2
2,0,0,0,2
1,0,0,0,1
2,0,0,0,2
1,0,0,0,1
4,0,0,0,4
1,0,0,0,1
3,0,0,0,3
2,0,0,0,2
4,0,0,0,4
1,0,0,0,1
2,0,0,0,2
2,0,0,0,2
2,0,0,0,2
2,0,0,0,2
2,0,0,0,2
12,18,3,0,33
1,0,0,0,1
1,0,0,0,1
1,0,0,0,1
12,0,0,0,12
1,0,0,0,1
1,0,0,0,1
2,2,1,0,5
1,0,0,0,1
1,0,0,0,1
1,0,0,0,1
1,0,0,0,1
2,0,0,0,2
1,0,0,0,1
1,0,0,0,1
3,0,0,0,3
3,0,0,0,3
1,0,0,0,1
3,17,0,0,20
2,0,0,0,2
2,0,0,0,2
1,0,0,0,1
1,0,0,0,1
23,0,0,0,23
7,0,0,0,7
2,0,0,0,2
1,0,0,0,1
1,0,0,0,1
1,1,0,0,2
1,2,0,0,3
1,0,0,0,1
1,0,0,0,1
1,0,0,0,1
1,0,0,0,1
1,0,0,0,1
1,0,0,0,1
3,0,0,0,3
4,0,0,0,4
1,0,0,0,1
1,0,0,0,1
1,0,0,0,1
5,0,0,0,5
1,0,0,0,1
3,0,0,0,3
2,0,0,0,2
1,0,0,0,1
1,0,0,0,1
1,0,0,0,1
1,0,0,0,1
1,0,0,0,1
1,0,0,0,1
1,0,0,0,1
4,0,0,0,4
5,0,0,0,5
1,0,0,0,1
1,0,0,0,1
1,0,0,0,1
3,0,0,0,3
1,0,0,0,1
1,0,0,0,1
1,0,0,0,1
1,0,0,0,1
1,0,0,0,1
10,2,0,0,12
6,2,0,0,8
1,0,0,0,1
13,3,1,0,17
4,1,1,0,6
11,0,0,0,11
3,0,0,0,3
1,0,0,0,1
1,0,0,0,1
5,0,0,0,5
1,0,0,0,1
1,0,0,0,1
1,0,0,0,1
1,0,0,0,1
2,0,0,0,2
5,3,0,0,8
2,0,0,0,2
1,0,0,0,1
3,0,0,0,3
1,0,0,0,1
1,0,0,0,1
1,0,0,0,1
1,0,0,0,1
20,0,0,0,20
1,0,0,0,1
1,171,1,0,173
1,0,0,0,1
1,0,0,0,1
1,0,0,0,1
1,0,0,0,1
1,25,0,0,26
1,0,0,0,1
5,2,0,0,7
1,0,0,0,1
3,0,0,0,3
1,0,0,0,1
1,0,0,0,1
3,0,0,0,3
1,0,0,0,1
1,0,0,0,1
1,0,0,0,1
1,0,0,0,1
1,0,0,0,1
1,0,0,0,1
2,0,0,0,2
6,0,0,0,6
1,0,0,0,1
6,0,0,0,6
1,0,0,0,1
6,0,0,0,6
1,0,0,0,1
17,2,1,0,20
1,0,0,0,1
1,0,0,0,1
1,0,0,0,1
7,10,0,0,17
1,0,0,0,1
1,0,0,0,1
1,0,0,0,1
1,0,0,0,1
1,0,0,0,1
1,0,0,0,1
1,0,0,0,1
5,0,0,0,5
1,0,0,0,1
2,0,0,0,2
4,0,0,0,4
2,2,0,0,4
1,0,0,0,1
1,0,0,0,1
1,0,0,0,1
1,0,0,0,1
1,0,0,0,1
2,0,0,0,2
1,0,0,0,1
1,0,0,0,1
1,0,0,0,1
5,0,0,0,5
1,0,0,0,1
3,7,0,0,10
2,0,0,0,2
4,0,0,0,4
1,0,0,0,1
1,0,0,0,1
2,0,0,0,2
1,0,0,0,1
1,0,0,0,1
1,0,0,0,1
1,0,0,0,1
1,0,0,0,1
2,0,0,0,2
1,0,0,0,1
2,0,0,0,2
1,0,0,0,1
5,0,0,0,5
11,0,0,0,11
1,0,0,0,1
1,0,0,0,1
19,5,0,0,24
1,0,0,0,1
2,0,0,0,2
1,0,0,0,1
2,0,0,0,2
1,0,0,0,1
1,0,0,0,1
1,0,0,0,1
3,0,0,0,3
1,0,0,0,1
1,0,0,0,1
1,0,0,0,1
2,5,0,0,7
1,0,0,0,1
1,0,0,0,1
1,0,0,0,1
1,0,0,0,1
6,44,0,0,50
1,0,0,0,1
1,0,0,0,1
1,0,0,0,1
8,0,0,0,8
1,0,0,0,1
2,0,0,0,2
3,0,0,0,3
8,2,0,0,10
1,0,0,0,1
1,0,0,0,1
7,0,0,0,7
1,0,0,0,1
1,0,0,0,1
4,7,0,0,11
2,0,0,0,2
14,0,0,0,14
3,0,0,0,3
1,0,0,0,1
4,0,0,0,4
1,0,0,0,1
1,0,0,0,1
3,0,0,0,3
3,0,0,0,3
1,0,0,0,1
2,0,0,0,2
1,0,0,0,1
4,0,0,0,4
3,0,0,0,3
2,0,0,0,2
2,0,0,0,2
2,0,0,0,2
2,0,0,0,2
1,0,0,0,1
1,0,0,0,1
1,3,0,0,4
1,0,0,0,1
1,0,0,0,1
4,0,0,0,4
2,0,0,0,2
1,0,0,0,1
1,0,0,0,1
1,0,0,0,1
1,0,0,0,1
1,0,0,0,1
1,0,0,0,1
2,0,0,0,2
1,0,0,0,1
1,0,0,0,1
2,0,0,0,2
1,2,0,0,3
1,0,0,0,1
4,0,0,0,4
1,0,0,0,1
1,0,0,0,1
1,0,0,0,1
2,0,0,0,2
1,0,0,0,1
2,0,0,0,2
1,0,0,0,1
2,0,0,0,2
4,0,0,0,4
1,0,0,0,1
6,0,0,0,6
2,0,0,0,2
1,0,0,0,1
5,0,0,0,5
1,0,0,0,1
8,0,0,0,8
12,0,0,0,12
2,0,0,0,2
1,0,0,0,1
1,0,0,0,1
1,0,0,0,1
1,0,0,0,1
1,0,0,0,1
1,0,0,0,1
1,0,0,0,1
1,0,0,0,1
1,0,0,0,1
1,0,0,0,1
11,0,0,0,11
1,0,0,0,1
2,0,0,0,2
2,0,0,0,2
2,0,0,0,2
1,0,0,0,1
1,0,0,0,1
1,0,0,0,1
2,0,0,0,2
1,0,0,0,1
1,0,0,0,1
1,0,0,0,1
1,0,0,0,1
5,0,1,0,6
1,0,0,0,1
1,0,0,0,1
1,0,0,0,1
1,0,0,0,1
1,0,0,0,1
4,0,0,0,4
1,0,0,0,1
13,0,0,0,13
1,0,0,0,1
7,0,1,0,8
1,0,0,0,1
1,0,0,0,1
1,3,3,0,7
1,0,0,0,1
1,0,0,0,1
1,0,0,0,1
2,0,0,0,2
1,0,0,0,1
2,0,0,0,2
1,0,0,0,1
14,7,1,0,22
2,4,0,0,6
1,0,0,0,1
1,0,0,0,1
22,3,3,0,28
1,0,0,0,1
11,3,1,0,15
5,0,0,0,5
4,0,0,0,4
1,0,0,0,1
2,0,0,0,2
2,0,0,0,2
1,0,0,0,1
2,0,0,0,2
2,0,0,0,2
2,0,0,0,2
3,0,0,0,3
1,0,0,0,1
2,0,0,0,2
1,0,0,0,1
5,0,0,0,5
1,0,0,0,1
4,0,0,0,4
1,0,0,0,1
1,0,0,0,1
1,0,0,0,1
2,0,0,0,2
2,0,0,0,2
1,0,0,0,1
1,1,0,0,2
1,1,1,0,3
5,0,0,0,5
1,0,0,0,1
1,0,0,0,1
3,0,0,0,3
2,0,0,0,2
1,0,0,0,1
5,0,0,0,5
1,0,0,0,1
2,0,0,0,2
1,0,0,0,1
1,0,0,0,1
1,0,0,0,1
1,0,0,0,1
1,0,0,0,1
2,0,0,0,2
1,0,0,0,1
1,0,0,0,1
2,0,0,0,2
1,0,0,0,1
1,0,0,0,1
1,0,0,0,1
1,0,0,0,1
1,0,0,0,1
1,0,0,0,1
1,0,0,0,1
1,0,0,0,1
8,0,0,0,8
1,0,0,0,1
1,0,0,0,1
1,0,0,0,1
2,0,0,0,2
3,0,0,0,3
9,0,0,0,9
1,0,0,0,1
4,0,0,0,4
9,0,0,0,9
2,0,0,0,2
2,0,0,0,2
1,0,0,0,1
1,0,0,0,1
3,1,0,0,4
4,1,0,0,5
1,0,0,0,1
1,0,0,0,1
1,0,0,0,1
1,0,0,0,1
1,0,0,0,1
2,0,0,0,2
1,0,0,0,1
1,0,0,0,1
1,0,0,0,1
1,0,0,0,1
1,0,0,0,1
2,8,0,0,10
1,0,0,0,1
1,0,0,0,1
1,0,0,0,1
1,0,0,0,1
1,0,0,0,1
2,0,0,0,2
1,0,0,0,1
2,0,0,0,2
12,0,0,0,12
1,0,0,0,1
5,0,0,0,5
1,0,0,0,1
1,0,0,0,1
17,0,0,0,17
1,0,0,0,1
1,0,0,0,1
1,0,0,0,1
1,3,0,0,4
2,0,0,0,2
1,0,0,0,1
1,0,0,0,1
1,0,0,0,1
1,0,0,0,1
1,0,0,0,1
3,0,0,0,3
2,0,0,0,2
1,0,0,0,1
1,0,0,0,1
2,0,0,0,2
1,0,0,0,1
1,0,0,0,1
2,0,0,0,2
2,0,0,0,2
1,0,0,0,1
1,2,0,0,3
1,0,0,0,1
1,0,0,0,1
1,0,0,0,1
1,0,0,0,1
1,0,0,0,1
3,0,0,0,3
2,0,0,0,2
3,4,0,0,7
1,0,0,0,1
1,0,0,0,1
1,0,0,0,1
3,1,0,0,4
2,0,0,0,2
1,0,0,0,1
1,0,0,0,1
9,0,0,0,9
1,0,0,0,1
8,1,1,0,10
1,0,0,0,1
1,0,0,0,1
1,0,0,0,1
1,0,0,0,1
10,0,0,0,10
4,0,0,0,4
1,0,0,0,1
3,0,0,0,3
1,0,0,0,1
1,0,0,0,1
1,0,0,0,1
9,0,0,0,9
1,0,0,0,1
1,0,0,0,1
1,0,0,0,1
1,0,0,0,1
1,0,0,0,1
1,0,0,0,1
1,0,0,0,1
10,0,0,0,10
1,0,0,0,1
3,0,0,0,3
2,0,0,0,2
4,0,0,0,4
1,0,0,0,1
1,0,0,0,1
1,1,0,0,2
3,0,0,0,3
2,0,0,0,2
1,0,0,0,1
3,0,0,0,3
2,0,0,0,2
3,0,0,0,3
1,0,0,0,1
8,2,0,0,10
1,0,0,0,1
2,0,0,0,2
1,0,0,0,1
1,0,0,0,1
1,0,0,0,1
1,0,0,0,1
1,0,0,0,1
1,0,0,0,1
3,0,0,0,3
3,0,0,0,3
1,0,0,0,1
2,0,0,0,2
2,0,0,0,2
1,0,0,0,1
3,0,0,0,3
1,0,0,0,1
1,0,0,0,1
5,0,0,0,5
1,0,0,0,1
1,0,0,0,1
1,0,0,0,1
1,0,0,0,1
1,0,0,0,1
1,0,0,0,1
1,0,0,0,1
2,0,0,0,2
1,0,0,0,1
1,0,0,0,1
2,3,0,0,5
1,0,0,0,1
2,0,0,0,2
1,0,0,0,1
1,0,0,0,1
1,0,0,0,1
2,0,0,0,2
2,0,0,0,2
1,0,0,0,1
6,0,0,0,6
1,0,0,0,1
11,1,1,0,13
1,0,0,0,1
1,0,0,0,1
2,0,0,0,2
6,0,0,0,6
1,0,0,0,1
1,0,0,0,1
3,0,0,0,3
1,0,0,0,1
4,0,0,0,4
4,0,0,0,4
3,0,0,0,3
2,0,0,0,2
1,0,0,0,1
1,0,0,0,1
1,0,0,0,1
1,1,0,0,2
1,0,0,0,1
10,4,0,0,14
1,0,0,0,1
5,0,0,0,5
2,0,0,0,2
3,0,0,0,3
3,0,0,0,3
3,0,0,0,3
1,0,0,0,1
12,0,0,0,12
1,0,0,0,1
21,0,0,0,21
1,0,0,0,1
5,0,0,0,5
2,0,0,0,2
1,0,0,0,1
1,0,0,0,1
1,0,0,0,1
1,0,0,0,1
1,0,0,0,1
4,0,0,0,4
2,0,0,0,2
1,0,0,0,1
1,0,0,0,1
1,0,0,0,1
1,0,0,0,1
2,0,0,0,2
1,0,0,0,1
3,0,0,0,3
1,0,0,0,1
9,0,0,0,9
1,0,0,0,1
1,0,0,0,1
1,0,0,0,1
1,0,0,0,1
1,0,0,0,1
2,0,0,0,2
1,0,0,0,1
1,0,0,0,1
1,2,0,0,3
1,0,0,0,1
1,0,0,0,1
1,0,0,0,1
2,0,0,0,2
3,0,0,0,3
7,0,0,0,7
1,0,0,0,1
2,0,0,0,2
1,0,0,0,1
1,0,0,0,1
2,0,0,0,2
1,0,0,0,1
1,0,0,0,1
1,0,0,0,1
1,0,0,0,1
2,0,0,0,2
2,0,0,0,2
6,2,0,0,8
3,0,0,0,3
1,0,0,0,1
1,0,0,0,1
1,0,0,0,1
3,8,0,0,11
5,0,0,0,5
1,0,0,0,1
22,1,0,0,23
1,0,0,0,1
2,0,0,0,2
2,0,0,0,2
2,0,0,0,2
2,0,0,0,2
5,0,0,0,5
1,0,0,0,1
2,0,0,0,2
1,0,0,0,1
7,4,0,0,11
3,0,0,0,3
4,0,0,0,4
1,0,0,0,1
2,0,0,0,2
1,0,0,0,1
1,0,0,0,1
1,0,0,0,1
1,0,0,0,1
1,0,0,0,1
1,0,0,0,1
1,0,0,0,1
2,0,0,0,2
1,0,0,0,1
6,0,0,0,6
3,0,0,0,3
1,0,0,0,1
2,0,0,0,2
1,0,0,0,1
16,23,0,0,39
2,0,0,0,2
1,0,0,0,1
1,0,0,0,1
2,0,0,0,2
1,0,0,0,1
3,0,0,0,3
1,0,0,0,1
1,0,0,0,1
2,0,0,0,2
1,0,0,0,1
2,0,0,0,2
1,0,0,0,1
2,0,0,0,2
4,0,0,0,4
1,0,0,0,1
1,0,0,0,1
1,0,0,0,1
1,0,0,0,1
1,0,0,0,1
1,0,0,0,1
1,0,0,0,1
26,1,0,0,27
2,0,0,0,2
5,0,0,0,5
1,0,0,0,1
5,0,0,0,5
1,1,0,0,2
1,0,0,0,1
7,0,0,0,7
2,1,1,0,4
1,0,0,0,1
1,0,0,0,1
1,0,0,0,1
4,0,0,0,4
3,0,0,0,3
1,0,0,0,1
1,0,0,0,1
1,0,0,0,1
1,0,0,0,1
1,0,0,0,1
1,0,0,0,1
1,0,0,0,1
1,0,0,0,1
5,4,0,0,9
3,0,0,0,3
1,0,0,0,1
1,0,0,0,1
2,0,0,0,2
5,0,0,0,5
1,0,0,0,1
2,0,0,0,2
1,0,0,0,1
1,0,0,0,1
1,0,0,0,1
1,0,0,0,1
1,0,0,0,1
1,0,0,0,1
1,0,0,0,1
2,0,0,0,2
1,0,0,0,1
1,0,0,0,1
1,0,0,0,1
1,0,0,0,1
10,0,0,0,10
1,0,0,0,1
1,0,0,0,1
1,0,0,0,1
1,0,0,0,1
1,0,0,0,1
3,0,0,0,3
3,0,0,0,3
1,0,0,0,1
1,0,0,0,1
1,0,0,0,1
1,0,0,0,1
2,0,0,0,2
3,0,0,0,3
1,0,0,0,1
2,0,0,0,2
1,0,0,0,1
1,0,0,0,1
1,0,0,0,1
1,0,0,0,1
3,0,0,0,3
1,0,0,0,1
2,0,0,0,2
36,1,0,0,37
2,0,0,0,2
1,0,0,0,1
1,0,0,0,1
2,0,0,0,2
10,4,0,0,14
1,0,0,0,1
1,0,0,0,1
1,0,0,0,1
3,0,0,0,3
1,439,0,0,440
1,0,0,0,1
5,0,0,0,5
1,0,0,0,1
2,0,0,0,2
1,0,0,0,1
1,0,0,0,1
1,0,0,0,1
1,0,0,0,1
5,0,0,0,5
2,0,0,0,2
2,0,0,0,2
1,0,0,0,1
2,0,0,0,2
1,0,0,0,1
1,0,0,0,1
1,0,0,0,1
1,0,0,0,1
1,0,0,0,1
1,0,0,0,1
1,0,0,0,1
1,0,0,0,1
3,6,0,0,9
2,0,0,0,2
1,0,0,0,1
1,1,0,0,2
1,0,0,0,1
9,0,0,0,9
1,0,0,0,1
3,0,0,0,3
1,0,0,0,1
1,0,0,0,1
3,0,0,0,3
1,0,0,0,1
1,0,0,0,1
1,0,0,0,1
1,0,0,0,1
1,0,0,0,1
1,0,0,0,1
1,0,0,0,1
2,0,0,0,2
4,0,0,0,4
1,0,0,0,1
8,1,0,0,9
2,0,0,0,2
1,0,0,0,1
3,0,0,0,3
2,0,0,0,2
2,0,0,0,2
1,0,0,0,1
4,0,0,0,4
1,0,0,0,1
1,0,0,0,1
1,0,0,0,1
1,0,0,0,1
1,0,0,0,1
1,0,0,0,1
1,0,0,0,1
1,0,0,0,1
3,0,0,0,3
1,0,0,0,1
1,0,0,0,1
1,0,0,0,1
1,0,0,0,1
1,0,0,0,1
2,0,0,0,2
10,0,0,0,10
10,0,0,0,10
1,0,0,0,1
1,0,0,0,1
1,0,0,0,1
1,0,0,0,1
1,0,0,0,1
2,0,0,0,2
3,0,0,0,3
1,0,0,0,1
14,3,0,0,17
13,30,0,0,43
9,5,1,0,15
1,0,0,0,1
1,0,0,0,1
1,0,0,0,1
3,0,0,0,3
5,17,2,0,24
1,0,0,0,1
4,0,0,0,4
1,0,0,0,1
1,0,0,0,1
4,0,0,0,4
1,3,0,0,4
1,1,0,0,2
1,0,0,0,1
1,0,0,0,1
5,0,0,0,5
2,0,1,0,3
5,67,0,0,72
1,0,0,0,1
1,0,0,0,1
1,0,0,0,1
1,0,0,0,1
1,0,0,0,1
1,0,0,0,1
1,0,0,0,1
1,0,0,0,1
2,0,0,0,2
1,0,0,0,1
25,1,0,0,26
1,0,0,0,1
1,0,0,0,1
2,0,0,0,2
1,5,2,0,8
1,0,0,0,1
2,0,0,0,2
3,0,0,0,3
7,0,0,0,7
1,0,0,0,1
4,0,0,0,4
1,0,0,0,1
1,0,0,0,1
3,0,0,0,3
3,0,0,0,3
3,0,0,0,3
1,0,0,0,1
2,0,0,0,2
1,0,0,0,1
1,0,1,0,2
2,0,0,0,2
1,0,0,0,1
3,0,0,0,3
1,3,1,0,5
5,0,0,0,5
1,0,0,0,1
4,0,0,0,4
1,0,0,0,1
1,0,0,0,1
1,0,0,0,1
11,9,0,0,20
2,0,0,0,2
1,0,0,0,1
2,0,0,0,2
5,0,1,0,6
2,0,0,0,2
3,0,0,0,3
1,0,0,0,1
16,2,2,0,20
1,0,0,0,1
1,0,0,0,1
1,0,0,0,1
1,0,0,0,1
6,19,0,0,25
1,0,0,0,1
1,0,0,0,1
1,0,0,0,1
1,0,0,0,1
1,0,0,0,1
3,0,0,0,3
2,0,0,0,2
1,0,0,0,1
1,0,0,0,1
2,0,0,0,2
1,0,0,0,1
10,1,0,0,11
1,0,0,0,1
1,0,0,0,1
1,0,0,0,1
1,0,0,0,1
1,0,0,0,1
1,0,0,0,1
1,0,0,0,1
1,0,0,0,1
7,0,0,0,7
1,0,0,0,1
2,0,0,0,2
1,0,0,0,1
2,0,0,0,2
1,3,0,0,4
1,0,0,0,1
1,0,0,0,1
10,33,0,0,43
1,0,0,0,1
1,0,0,0,1
1,0,0,0,1
1,0,0,0,1
1,0,0,0,1
1,0,0,0,1
1,0,0,0,1
5,18,4,0,27
1,0,0,0,1
3,0,0,0,3
1,0,0,0,1
1,0,0,0,1
1,0,0,0,1
1,0,0,0,1
1,0,0,0,1
1,0,0,0,1
1,0,0,0,1
1,0,0,0,1
1,0,0,0,1
1,0,0,0,1
1,0,0,0,1
1,0,0,0,1
1,0,0,0,1
1,0,0,0,1
1,0,0,0,1
3,0,0,0,3
1,0,0,0,1
10,0,0,0,10
1,0,0,0,1
6,0,0,0,6
2,0,0,0,2
1,0,0,0,1
1,0,0,0,1
1,0,0,0,1
1,0,0,0,1
1,0,0,0,1
1,0,0,0,1
5,0,0,0,5
5,6,0,0,11
1,0,0,0,1
6,0,0,0,6
2,0,0,0,2
1,0,0,0,1
1,0,0,0,1
1,0,0,0,1
2,0,0,0,2
1,0,0,0,1
2,0,0,0,2
2,0,0,0,2
1,0,0,0,1
2,0,0,0,2
11,0,0,0,11
4,0,0,0,4
4,0,0,0,4
2,0,0,0,2
1,0,0,0,1
1,0,0,0,1
1,0,0,0,1
9,0,0,0,9
2,0,0,0,2
1,0,0,0,1
1,0,0,0,1
2,0,0,0,2
1,0,0,0,1
1,0,0,0,1
5,0,0,0,5
1,0,0,0,1
1,0,0,0,1
1,0,0,0,1
1,0,0,0,1
1,0,0,0,1
1,0,0,0,1
4,0,0,0,4
1,0,0,0,1
1,0,0,0,1
4,0,0,0,4
1,0,0,0,1
3,0,0,0,3
1,0,0,0,1
2,0,0,0,2
1,0,0,0,1
10,0,0,0,10
3,1,0,0,4
1,0,0,0,1
2,0,0,0,2
1,0,0,0,1
1,0,0,0,1
3,0,0,0,3
1,0,0,0,1
1,0,0,0,1
1,0,0,0,1
2,0,0,0,2
1,3,1,0,5
9,1,0,0,10
4,0,0,0,4
2,0,0,0,2
2,0,0,0,2
1,0,0,0,1
12,0,0,0,12
1,0,0,0,1
1,0,0,0,1
1,0,0,0,1
14,0,0,0,14
1,0,0,0,1
1,0,0,0,1
8,0,3,0,11
1,0,0,0,1
1,0,0,0,1
1,0,0,0,1
1,0,0,0,1
9,0,0,0,9
2,0,0,0,2
2,0,0,0,2
1,0,0,0,1
3,0,1,0,4
1,0,0,0,1
6,0,0,0,6
1,0,0,0,1
13,2,1,0,16
3,0,0,0,3
1,0,0,0,1
3,0,0,0,3
4,0,0,0,4
1,0,0,0,1
1,0,0,0,1
6,4,0,0,10
2,0,0,0,2
1,0,0,0,1
1,0,0,0,1
2,0,0,0,2
9,0,0,0,9
1,0,0,0,1
11,0,0,0,11
1,0,0,0,1
1,0,0,0,1
1,0,0,0,1
2,0,0,0,2
1,0,0,0,1
1,0,0,0,1
1,0,0,0,1
5,12,0,0,17
1,0,0,0,1
1,0,0,0,1
1,0,0,0,1
1,0,0,0,1
1,0,0,0,1
2,0,0,0,2
1,0,0,0,1
1,0,0,0,1
1,0,0,0,1
2,0,0,0,2
1,0,0,0,1
1,0,0,0,1
1,0,0,0,1
1,0,0,0,1
1,0,0,0,1
1,0,0,0,1
4,0,0,0,4
1,0,0,0,1
1,0,0,0,1
1,0,0,0,1
4,0,0,0,4
1,0,0,0,1
1,0,0,0,1
1,0,0,0,1
1,0,0,0,1
1,0,0,0,1
2,0,0,0,2
2,0,0,0,2
1,0,0,0,1
1,0,0,0,1
1,0,0,0,1
4,0,0,0,4
5,0,0,0,5
1,0,0,0,1
1,0,0,0,1
1,0,0,0,1
2,0,0,0,2
1,0,0,0,1
1,0,0,0,1
12,0,2,0,14
1,0,0,0,1
2,0,0,0,2
1,0,0,0,1
1,0,0,0,1
1,0,0,0,1
1,0,0,0,1
4,2,0,0,6
1,0,0,0,1
1,0,0,0,1
1,0,0,0,1
1,0,0,0,1
3,0,0,0,3
2,0,0,0,2
1,0,0,0,1
5,0,0,0,5
1,0,0,0,1
1,0,0,0,1
1,0,0,0,1
1,0,0,0,1
6,0,0,0,6
18,0,1,0,19
1,0,0,0,1
2,0,0,0,2
1,0,0,0,1
2,0,0,0,2
5,0,0,0,5
2,0,0,0,2
3,0,0,0,3
3,0,0,0,3
1,0,0,0,1
1,0,0,0,1
1,0,0,0,1
2,0,0,0,2
1,0,0,0,1
14,0,0,0,14
1,0,0,0,1
1,0,0,0,1
4,0,0,0,4
1,0,0,0,1
3,0,0,0,3
1,0,0,0,1
5,0,0,0,5
6,0,0,0,6
1,0,0,0,1
3,0,0,0,3
1,0,0,0,1
1,0,0,0,1
2,0,0,0,2
1,0,0,0,1
7,0,0,0,7
1,0,0,0,1
2,0,0,0,2
1,0,0,0,1
1,0,0,0,1
1,0,0,0,1
2,0,0,0,2
2,0,0,0,2
2,0,0,0,2
1,1,0,0,2
1,0,0,0,1
1,0,0,0,1
1,0,0,0,1
2,0,0,0,2
1,0,0,0,1
2,0,0,0,2
1,0,0,0,1
1,0,0,0,1
3,0,0,0,3
1,0,0,0,1
2,1,0,0,3
2,0,0,0,2
1,0,0,0,1
1,0,0,0,1
1,0,0,0,1
1,0,0,0,1
1,0,0,0,1
1,0,0,0,1
2,0,0,0,2
2,0,0,0,2
1,0,0,0,1
1,0,0,0,1
1,0,0,0,1
1,0,0,0,1
6,11,0,0,17
1,0,0,0,1
2,0,0,0,2
2,4,0,0,6
1,0,0,0,1
9,0,0,0,9
1,0,0,0,1
3,0,0,0,3
1,0,0,0,1
1,0,0,0,1
4,0,0,0,4
1,0,0,0,1
1,0,0,0,1
7,0,0,0,7
1,0,0,0,1
2,0,0,0,2
1,0,0,0,1
1,0,0,0,1
2,0,0,0,2
2,0,0,0,2
1,0,0,0,1
1,0,0,0,1
2,0,0,0,2
1,0,0,0,1
1,0,0,0,1
1,0,0,0,1
1,0,0,0,1
2,0,0,0,2
1,0,0,0,1
1,0,0,0,1
1,0,0,0,1
1,0,0,0,1
7,0,0,0,7
3,0,0,0,3
2,0,0,0,2
1,0,0,0,1
1,0,0,0,1
1,0,0,0,1
1,0,0,0,1
7,0,0,0,7
1,0,0,0,1
1,0,0,0,1
5,0,0,0,5
3,0,0,0,3
4,0,0,0,4
1,0,0,0,1
12,1,0,0,13
1,0,0,0,1
1,0,0,0,1
1,0,0,0,1
8,0,0,0,8
1,0,0,0,1
1,0,0,0,1
2,0,0,0,2
1,0,0,0,1
2,0,0,0,2
1,0,0,0,1
11,0,0,0,11
1,0,0,0,1
5,0,0,0,5
2,0,0,0,2
2,0,0,0,2
1,0,0,0,1
3,0,0,0,3
3,3,0,0,6
1,0,0,0,1
4,4,0,0,8
8,0,0,0,8
2,1,1,0,4
1,0,0,0,1
15,0,0,0,15
1,0,0,0,1
1,0,0,0,1
2,0,0,0,2
1,0,0,0,1
14,0,0,0,14
1,0,0,0,1
1,0,0,0,1
6,1,1,0,8
1,0,0,0,1
2,0,0,0,2
1,0,0,0,1
1,0,0,0,1
1,0,0,0,1
1,0,0,0,1
15,2,1,0,18
4,0,0,0,4
6,0,0,0,6
1,0,0,0,1
3,0,0,0,3
3,0,0,0,3
2,0,0,0,2
2,0,0,0,2
8,0,0,0,8
1,0,0,0,1
1,0,0,0,1
9,0,0,0,9
5,0,0,0,5
4,0,2,0,6
1,0,0,0,1
1,0,0,0,1
1,0,0,0,1
1,0,0,0,1
2,0,0,0,2
1,0,0,0,1
1,0,0,0,1
1,0,0,0,1
1,0,0,0,1
4,40,0,0,44
1,0,0,0,1
8,0,0,0,8
2,0,0,0,2
2,0,0,0,2
2,0,0,0,2
2,0,0,0,2
1,0,0,0,1
1,0,0,0,1
3,0,0,0,3
1,0,0,0,1
1,0,0,0,1
1,0,0,0,1
17,0,0,0,17
2,0,0,0,2
2,0,0,0,2
1,0,0,0,1
1,0,0,0,1
14,0,0,0,14
1,0,0,0,1
1,0,0,0,1
1,0,0,0,1
3,0,0,0,3
1,0,0,0,1
1,0,0,0,1
1,0,0,0,1
6,0,0,0,6
1,0,0,0,1
1,0,0,0,1
2,0,0,0,2
1,0,0,0,1
1,0,0,0,1
1,0,0,0,1
3,0,0,0,3
2,0,0,0,2
1,0,0,0,1
10,4,0,0,14
3,0,0,0,3
1,0,0,0,1
1,0,0,0,1
3,0,0,0,3
1,0,0,0,1
1,0,0,0,1
1,0,0,0,1
6,1,0,0,7
1,0,0,0,1
1,0,0,0,1
2,0,0,0,2
1,0,0,0,1
1,0,0,0,1
1,0,0,0,1
1,0,0,0,1
1,0,0,0,1
1,0,0,0,1
1,0,0,0,1
1,0,0,0,1
1,0,0,0,1
1,0,0,0,1
2,0,0,0,2
1,0,0,0,1
2,0,0,0,2
1,0,0,0,1
1,8,3,0,12
1,0,0,0,1
4,2,0,0,6
4,0,0,0,4
2,0,0,0,2
4,0,0,0,4
3,10,0,0,13
1,0,0,0,1
1,0,0,0,1
1,0,0,0,1
2,0,0,0,2
2,0,0,0,2
3,0,0,0,3
1,0,0,0,1
7,0,0,0,7
4,0,0,0,4
9,0,0,0,9
2,0,0,0,2
2,4,0,0,6
1,0,0,0,1
1,0,0,0,1
1,0,0,0,1
2,0,0,0,2
1,0,0,0,1
3,0,0,0,3
1,0,0,0,1
2,0,0,0,2
1,0,0,0,1
1,0,0,0,1
12,4,0,0,16
1,0,0,0,1
7,0,0,0,7
1,0,0,0,1
1,0,0,0,1
2,0,0,0,2
2,0,0,0,2
10,18,0,0,28
4,0,0,0,4
2,0,0,0,2
1,0,0,0,1
2,0,0,0,2
2,0,0,0,2
2,0,0,0,2
1,0,0,0,1
1,0,0,0,1
12,0,0,0,12
2,0,0,0,2
1,0,0,0,1
1,0,0,0,1
3,0,0,0,3
7,0,0,0,7
22,0,0,0,22
1,0,0,0,1
1,0,0,0,1
6,0,0,0,6
1,0,0,0,1
1,0,0,0,1
1,0,0,0,1
3,0,0,0,3
1,0,0,0,1
1,0,0,0,1
6,0,0,0,6
1,0,0,0,1
1,0,0,0,1
1,0,0,0,1
2,8,0,0,10
3,0,0,0,3
2,0,0,0,2
13,0,0,0,13
1,0,0,0,1
2,0,0,0,2
1,0,0,0,1
6,3,0,0,9
2,0,0,0,2
1,0,0,0,1
1,0,0,0,1
4,0,0,0,4
1,0,0,0,1
1,0,0,0,1
1,0,0,0,1
1,0,0,0,1
3,0,0,0,3
16,11,1,0,28
1,0,0,0,1
13,0,0,0,13
1,0,0,0,1
1,0,0,0,1
2,0,0,0,2
3,0,0,0,3
1,0,0,0,1
2,0,0,0,2
1,0,0,0,1
2,0,0,0,2
1,0,0,0,1
2,0,0,0,2
1,154,1,0,156
3,35,0,0,38
14,0,0,0,14
1,0,0,0,1
3,0,0,0,3
1,1,1,0,3
2,0,0,0,2
1,0,0,0,1
3,0,0,0,3
1,0,0,0,1
1,0,0,0,1
1,0,0,0,1
1,0,0,0,1
6,0,0,0,6
2,0,0,0,2
1,0,0,0,1
1,0,0,0,1
1,0,0,0,1
1,0,0,0,1
1,0,0,0,1
3,0,0,0,3
4,0,0,0,4
2,0,0,0,2
1,0,0,0,1
2,0,0,0,2
1,0,0,0,1
3,0,0,0,3
1,0,0,0,1
1,0,0,0,1
2,1,0,0,3
9,5,0,0,14
3,0,0,0,3
2,4,0,0,6
1,0,0,0,1
5,1,1,0,7
1,0,0,0,1
4,0,0,0,4
1,0,0,0,1
8,0,0,0,8
1,0,0,0,1
10,5,0,0,15
12,0,0,0,12
1,0,0,0,1
2,0,0,0,2
11,0,0,0,11
1,0,0,0,1
1,0,0,0,1
1,0,0,0,1
1,0,0,0,1
1,0,0,0,1
6,0,0,0,6
1,0,0,0,1
3,0,0,0,3
1,0,0,0,1
1,0,0,0,1
2,0,0,0,2
1,0,0,0,1
2,0,0,0,2
4,0,0,0,4
1,0,0,0,1
1,0,0,0,1
1,0,0,0,1
1,0,0,0,1
1,0,0,0,1
1,0,0,0,1
1,0,0,0,1
2,0,0,0,2
2,0,0,0,2
2,0,0,0,2
3,0,0,0,3
4,0,0,0,4
1,0,0,0,1
2,0,0,0,2
1,0,0,0,1
1,0,0,0,1
1,0,0,0,1
1,0,0,0,1
1,0,0,0,1
3,0,0,0,3
1,0,0,0,1
1,0,0,0,1
6,0,0,0,6
10,0,0,0,10
2,0,0,0,2
3,0,0,0,3
1,0,0,0,1
1,0,0,0,1
1,0,0,0,1
1,0,0,0,1
7,0,0,0,7
1,0,0,0,1
2,4,0,0,6
1,0,0,0,1
1,0,0,0,1
2,0,0,0,2
2,0,0,0,2
3,0,0,0,3
1,0,0,0,1
1,0,0,0,1
1,0,0,0,1
2,0,0,0,2
2,0,0,0,2
3,0,0,0,3
1,0,0,0,1
1,0,0,0,1
1,0,0,0,1
6,0,0,0,6
3,2,0,0,5
2,0,0,0,2
1,0,0,0,1
1,0,0,0,1
1,0,0,0,1
1,0,0,0,1
1,0,0,0,1
1,0,0,0,1
1,0,0,0,1
1,0,0,0,1
1,0,0,0,1
1,0,0,0,1
3,0,0,0,3
1,0,0,0,1
5,0,0,0,5
9,0,0,0,9
1,0,0,0,1
1,0,0,0,1
1,0,0,0,1
6,0,0,0,6
2,0,0,0,2
1,0,0,0,1
1,0,0,0,1
2,0,0,0,2
1,0,0,0,1
1,0,0,0,1
2,0,0,0,2
1,0,0,0,1
4,2,0,0,6
2,0,0,0,2
1,0,0,0,1
1,0,0,0,1
1,0,0,0,1
2,0,0,0,2
4,0,0,0,4
1,0,0,0,1
1,0,0,0,1
1,0,0,0,1
1,0,0,0,1
1,0,0,0,1
1,0,0,0,1
2,0,0,0,2
2,0,0,0,2
1,2,0,0,3
6,0,0,0,6
1,0,0,0,1
2,19,0,0,21
1,0,0,0,1
1,0,0,0,1
1,0,0,0,1
1,0,0,0,1
1,0,0,0,1
1,0,0,0,1
2,0,0,0,2
1,0,0,0,1
1,0,0,0,1
1,0,0,0,1
1,0,0,0,1
1,0,0,0,1
1,0,0,0,1
1,0,0,0,1
1,0,0,0,1
1,0,0,0,1
1,0,0,0,1
2,0,0,0,2
1,0,0,0,1
5,0,0,0,5
1,0,0,0,1
1,0,0,0,1
21,33,1,0,55
6,0,0,0,6
1,0,0,0,1
1,0,0,0,1
2,0,0,0,2
1,0,0,0,1
3,4,0,0,7
1,0,0,0,1
1,0,0,0,1
1,0,0,0,1
5,0,0,0,5
1,0,0,0,1
1,0,0,0,1
5,0,0,0,5
7,0,0,0,7
1,0,0,0,1
1,0,0,0,1
1,0,0,0,1
2,0,0,0,2
1,0,0,0,1
1,0,0,0,1
1,0,0,0,1
2,1,0,0,3
1,0,0,0,1
2,0,0,0,2
2,0,0,0,2
2,0,0,0,2
1,0,0,0,1
3,0,0,0,3
1,0,0,0,1
4,0,0,0,4
1,0,0,0,1
2,0,0,0,2
1,0,0,0,1
1,0,0,0,1
2,0,0,0,2
1,2,0,0,3
1,0,0,0,1
1,0,0,0,1
17,0,0,0,17
1,0,0,0,1
1,0,0,0,1
1,0,0,0,1
11,0,0,0,11
1,0,0,0,1
1,0,0,0,1
2,0,0,0,2
1,0,0,0,1
2,0,0,0,2
3,0,0,0,3
1,0,0,0,1
1,0,0,0,1
1,0,0,0,1
2,0,0,0,2
2,0,0,0,2
1,0,0,0,1
1,0,0,0,1
1,0,0,0,1
1,0,0,0,1
1,0,0,0,1
1,0,0,0,1
2,0,0,0,2
8,0,0,0,8
2,0,0,0,2
3,1,0,0,4
5,0,0,0,5
4,0,0,0,4
1,0,0,0,1
2,8,0,0,10
1,0,0,0,1
1,0,0,0,1
11,0,0,0,11
1,0,0,0,1
1,0,0,0,1
2,0,0,0,2
1,0,0,0,1
3,0,0,0,3
1,0,0,0,1
1,0,0,0,1
1,0,0,0,1
1,0,0,0,1
1,0,0,0,1
2,0,0,0,2
1,0,0,0,1
3,0,0,0,3
1,0,0,0,1
1,0,0,0,1
1,0,0,0,1
3,0,0,0,3
1,0,0,0,1
1,0,0,0,1
1,0,0,0,1
2,0,0,0,2
1,0,0,0,1
1,0,0,0,1
2,0,0,0,2
2,0,0,0,2
2,0,0,0,2
2,0,0,0,2
1,0,0,0,1
9,0,0,0,9
1,0,0,0,1
3,0,0,0,3
1,0,0,0,1
5,0,0,0,5
5,0,0,0,5
4,0,0,0,4
1,0,0,0,1
5,0,0,0,5
4,0,0,0,4
2,0,0,0,2
4,12,1,0,17
1,0,0,0,1
4,0,0,0,4
2,0,0,0,2
1,0,0,0,1
4,0,0,0,4
1,0,0,0,1
1,0,0,0,1
1,0,0,0,1
1,0,0,0,1
3,0,0,0,3
1,0,0,0,1
1,0,0,0,1
1,0,0,0,1
3,0,0,0,3
1,0,0,0,1
1,0,0,0,1
14,2,0,0,16
2,0,0,0,2
5,1,0,0,6
1,0,0,0,1
1,0,0,0,1
3,0,0,0,3
1,0,0,0,1
1,0,0,0,1
1,0,0,0,1
1,0,0,0,1
1,0,0,0,1
3,0,0,0,3
1,0,0,0,1
3,0,0,0,3
12,9,0,0,21
2,0,0,0,2
10,0,0,0,10
1,0,0,0,1
2,0,0,0,2
2,0,0,0,2
1,0,0,0,1
1,0,0,0,1
1,0,0,0,1
2,0,0,0,2
1,0,0,0,1
3,0,0,0,3
2,0,0,0,2
1,0,0,0,1
8,2,0,0,10
1,0,0,0,1
25,0,0,0,25
2,0,0,0,2
1,0,0,0,1
1,0,0,0,1
3,0,1,0,4
2,0,0,0,2
1,0,0,0,1
2,0,0,0,2
1,0,0,0,1
2,0,0,0,2
1,0,0,0,1
1,0,0,0,1
12,1,0,0,13
4,0,0,0,4
6,0,0,0,6
1,0,0,0,1
1,0,0,0,1
2,0,0,0,2
5,0,0,0,5
1,0,0,0,1
5,4,0,0,9
3,0,0,0,3
1,1,1,0,3
3,0,0,0,3
1,0,0,0,1
7,0,0,0,7
1,0,0,0,1
1,0,0,0,1
1,0,0,0,1
2,0,0,0,2
1,0,0,0,1
1,0,0,0,1
1,0,0,0,1
1,0,0,0,1
1,0,0,0,1
5,0,0,0,5
6,0,0,0,6
1,0,0,0,1
1,0,0,0,1
13,0,1,0,14
1,0,0,0,1
1,4,0,0,5
2,0,0,0,2
1,0,0,0,1
2,0,0,0,2
1,0,0,0,1
12,1,0,0,13
4,0,0,0,4
1,0,0,0,1
1,0,0,0,1
1,0,0,0,1
5,0,0,0,5
3,0,0,0,3
1,0,0,0,1
1,0,0,0,1
7,0,0,0,7
1,0,0,0,1
2,0,0,0,2
1,0,0,0,1
1,0,0,0,1
1,0,0,0,1
1,0,0,0,1
1,0,0,0,1
1,0,0,0,1
5,0,0,0,5
1,0,0,0,1
1,0,0,0,1
1,0,0,0,1
1,0,0,0,1
2,0,0,0,2
2,0,0,0,2
1,0,0,0,1
1,0,0,0,1
1,0,0,0,1
1,0,0,0,1
1,0,0,0,1
1,0,0,0,1
1,0,0,0,1
3,0,0,0,3
3,0,0,0,3
2,0,0,0,2
1,0,0,0,1
13,0,0,0,13
4,0,0,0,4
1,24,0,0,25
1,0,0,0,1
1,0,0,0,1
5,0,0,0,5
2,0,0,0,2
1,0,0,0,1
1,0,0,0,1
1,0,0,0,1
1,0,0,0,1
1,0,0,0,1
1,0,0,0,1
2,0,0,0,2
2,0,0,0,2
1,0,0,0,1
2,0,0,0,2
1,0,0,0,1
1,0,0,0,1
2,0,0,0,2
2,0,0,0,2
1,0,0,0,1
2,0,0,0,2
3,0,0,0,3
6,11,0,0,17
3,0,0,0,3
1,0,0,0,1
1,0,0,0,1
2,0,0,0,2
1,0,0,0,1
1,0,0,0,1
5,0,0,0,5
1,0,0,0,1
1,0,0,0,1
4,0,0,0,4
2,7,1,0,10
1,0,0,0,1
1,0,0,0,1
7,0,0,0,7
12,1,1,0,14
1,0,0,0,1
1,0,0,0,1
5,0,0,0,5
2,0,0,0,2
1,0,0,0,1
1,0,0,0,1
1,0,0,0,1
1,0,0,0,1
1,0,0,0,1
1,0,0,0,1
1,0,0,0,1
1,0,0,0,1
1,0,0,0,1
2,0,0,0,2
1,0,0,0,1
1,0,0,0,1
16,0,0,0,16
1,0,0,0,1
6,10,0,0,16
1,0,0,0,1
3,2,0,0,5
1,0,0,0,1
1,0,0,0,1
2,0,0,0,2
4,0,0,0,4
5,0,0,0,5
1,0,0,0,1
3,0,0,0,3
1,0,0,0,1
4,0,0,0,4
1,0,0,0,1
3,0,0,0,3
1,0,0,0,1
1,0,0,0,1
1,0,0,0,1
1,0,0,0,1
1,0,0,0,1
1,0,0,0,1
1,0,0,0,1
1,0,0,0,1
2,0,0,0,2
1,0,0,0,1
7,0,0,0,7
3,1,0,0,4
14,0,0,0,14
1,0,0,0,1
1,0,0,0,1
1,0,0,0,1
1,0,0,0,1
10,0,0,0,10
2,0,0,0,2
1,0,0,0,1
1,0,0,0,1
1,0,0,0,1
2,0,0,0,2
1,0,0,0,1
5,0,0,0,5
1,0,0,0,1
1,0,0,0,1
2,0,0,0,2
1,0,0,0,1
1,0,0,0,1
1,0,0,0,1
2,0,0,0,2
2,5,0,0,7
12,13,1,0,26
1,0,0,0,1
1,0,0,0,1
6,0,0,0,6
1,0,0,0,1
2,0,0,0,2
4,0,0,0,4
1,0,0,0,1
2,0,0,0,2
2,0,0,0,2
9,0,0,0,9
10,0,0,0,10
1,0,0,0,1
1,0,0,0,1
1,592,0,0,593
1,0,0,0,1
1,0,0,0,1
2,1,0,0,3
5,5,0,0,10
1,0,0,0,1
1,0,0,0,1
1,0,0,0,1
1,0,0,0,1
1,0,0,0,1
4,0,0,0,4
1,0,0,0,1
1,0,0,0,1
1,0,0,0,1
3,0,0,0,3
1,0,0,0,1
1,0,0,0,1
1,0,0,0,1
1,0,0,0,1
1,0,0,0,1
1,0,0,0,1
1,0,0,0,1
5,15,0,0,20
3,0,0,0,3
9,3,0,0,12
1,0,0,0,1
5,5,0,0,10
3,0,0,0,3
1,0,0,0,1
1,0,0,0,1
1,0,0,0,1
1,0,0,0,1
2,0,0,0,2
1,0,0,0,1
1,0,0,0,1
2,0,0,0,2
1,0,0,0,1
1,0,0,0,1
1,0,0,0,1
2,0,0,0,2
1,0,0,0,1
1,0,0,0,1
1,0,0,0,1
2,0,0,0,2
1,0,0,0,1
2,0,0,0,2
1,0,0,0,1
1,0,0,0,1
1,0,0,0,1
4,0,0,0,4
2,0,0,0,2
2,0,0,0,2
1,0,0,0,1
1,0,0,0,1
1,0,0,0,1
6,0,0,0,6
8,0,0,0,8
1,0,0,0,1
1,0,0,0,1
1,0,0,0,1
1,0,0,0,1
14,23,1,0,38
18,4,0,0,22
1,0,0,0,1
2,0,0,0,2
1,0,0,0,1
1,0,0,0,1
1,0,0,0,1
1,0,0,0,1
2,0,0,0,2
1,0,0,0,1
2,0,0,0,2
8,1,0,0,9
1,0,0,0,1
1,0,0,0,1
1,0,0,0,1
1,0,0,0,1
2,0,0,0,2
2,0,0,0,2
1,0,0,0,1
2,0,0,0,2
1,0,0,0,1
3,0,0,0,3
3,19,4,0,26
1,0,0,0,1
2,0,0,0,2
2,0,0,0,2
2,0,0,0,2
2,0,0,0,2
1,0,0,0,1
1,0,0,0,1
1,0,0,0,1
1,0,0,0,1
1,0,0,0,1
3,0,0,0,3
1,0,0,0,1
1,0,0,0,1
1,0,0,0,1
1,0,0,0,1
1,0,0,0,1
1,0,0,0,1
1,0,0,0,1
1,0,0,0,1
1,0,0,0,1
2,0,1,0,3
1,0,0,0,1
1,0,0,0,1
1,0,0,0,1
1,0,0,0,1
1,0,0,0,1
1,0,0,0,1
1,0,0,0,1
1,0,0,0,1
10,0,0,0,10
1,0,0,0,1
1,0,0,0,1
1,0,0,0,1
1,0,0,0,1
21,2,0,0,23
2,0,0,0,2
1,0,0,0,1
1,0,0,0,1
1,0,0,0,1
1,0,0,0,1
5,0,0,0,5
4,0,0,0,4
18,1,0,0,19
1,0,0,0,1
4,0,0,0,4
1,0,0,0,1
4,13,0,0,17
5,0,0,0,5
1,0,0,0,1
1,0,0,0,1
1,0,0,0,1
15,17,0,0,32
1,3,0,0,4
5,0,0,0,5
1,0,0,0,1
3,0,0,0,3
1,0,0,0,1
3,0,0,0,3
1,0,0,0,1
1,0,0,0,1
2,24,0,0,26
1,0,0,0,1
2,0,0,0,2
5,0,0,0,5
1,0,0,0,1
1,0,0,0,1
3,0,0,0,3
1,0,0,0,1
2,0,0,0,2
1,0,0,0,1
1,0,0,0,1
1,0,0,0,1
3,0,0,0,3
1,0,0,0,1
5,0,0,0,5
2,2,0,0,4
11,1,0,0,12
3,0,0,0,3
1,0,0,0,1
12,1,0,0,13
4,0,0,0,4
1,0,0,0,1
2,0,0,0,2
1,0,0,0,1
4,0,0,0,4
1,0,0,0,1
2,0,0,0,2
1,0,0,0,1
3,0,0,0,3
1,0,0,0,1
1,0,0,0,1
2,0,0,0,2
2,0,0,0,2
1,0,0,0,1
1,0,0,0,1
5,0,0,0,5
1,0,0,0,1
1,0,0,0,1
2,2,0,0,4
1,0,0,0,1
2,0,0,0,2
3,0,0,0,3
2,0,0,0,2
11,0,0,0,11
1,0,0,0,1
1,0,0,0,1
3,0,0,0,3
4,0,0,0,4
1,0,0,0,1
1,0,0,0,1
1,0,0,0,1
3,0,0,0,3
1,0,0,0,1
1,0,0,0,1
1,0,0,0,1
8,0,0,0,8
1,0,0,0,1
1,0,0,0,1
1,0,0,0,1
1,0,0,0,1
1,0,0,0,1
8,0,0,0,8
2,226,0,0,228
1,0,0,0,1
1,0,0,0,1
8,1,0,0,9
1,0,0,0,1
28,0,0,0,28
1,0,0,0,1
1,0,0,0,1
1,0,0,0,1
1,0,0,0,1
1,0,0,0,1
1,0,0,0,1
1,0,0,0,1
13,2,0,0,15
2,0,0,0,2
1,0,0,0,1
1,0,0,0,1
8,1,0,0,9
1,0,0,0,1
1,0,0,0,1
2,0,0,0,2
1,0,0,0,1
1,0,0,0,1
1,0,0,0,1
3,0,0,0,3
1,0,0,0,1
2,0,0,0,2
6,0,0,0,6
10,0,0,0,10
9,2,0,0,11
5,332,0,0,337
1,0,0,0,1
1,0,0,0,1
3,2,0,0,5
1,0,0,0,1
1,0,0,0,1
2,0,0,0,2
3,0,0,0,3
1,0,0,0,1
1,1,0,0,2
1,0,0,0,1
1,0,0,0,1
2,1,0,0,3
1,0,0,0,1
10,0,0,0,10
1,0,0,0,1
6,0,0,0,6
1,0,0,0,1
1,0,0,0,1
1,0,0,0,1
1,0,0,0,1
5,0,0,0,5
1,0,0,0,1
2,0,0,0,2
1,0,0,0,1
1,0,0,0,1
1,0,0,0,1
1,0,0,0,1
1,0,0,0,1
1,0,0,0,1
1,0,0,0,1
1,0,0,0,1
10,0,0,0,10
1,0,0,0,1
2,0,0,0,2
2,0,0,0,2
5,0,0,0,5
1,0,0,0,1
1,0,0,0,1
2,0,0,0,2
6,0,0,0,6
1,0,0,0,1
1,0,0,0,1
1,0,0,0,1
1,0,0,0,1
1,0,0,0,1
5,0,0,0,5
1,0,0,0,1
1,0,0,0,1
2,0,0,0,2
2,0,0,0,2
1,0,0,0,1
7,0,0,0,7
1,0,0,0,1
2,0,0,0,2
8,36,0,0,44
2,0,0,0,2
1,0,0,0,1
1,0,0,0,1
1,0,0,0,1
1,0,0,0,1
1,0,0,0,1
4,0,0,0,4
1,0,0,0,1
1,0,0,0,1
1,0,0,0,1
2,0,0,0,2
1,0,0,0,1
1,0,0,0,1
1,0,0,0,1
1,0,0,0,1
1,0,0,0,1
1,0,0,0,1
1,0,0,0,1
1,0,0,0,1
1,0,0,0,1
1,0,0,0,1
2,0,0,0,2
3,0,1,0,4
1,1,1,0,3
1,0,0,0,1
2,0,0,0,2
12,0,0,0,12
1,0,0,0,1
2,0,0,0,2
1,0,0,0,1
1,0,0,0,1
10,0,0,0,10
13,9,0,0,22
1,0,0,0,1
2,0,0,0,2
5,0,0,0,5
1,0,0,0,1
1,0,0,0,1
2,0,0,0,2
2,0,0,0,2
2,0,0,0,2
1,0,0,0,1
1,0,0,0,1
1,0,0,0,1
1,0,0,0,1
4,0,0,0,4
1,0,0,0,1
5,0,0,0,5
2,7,1,0,10
3,0,0,0,3
2,0,0,0,2
1,0,0,0,1
1,0,0,0,1
1,0,0,0,1
1,0,0,0,1
1,0,0,0,1
2,0,0,0,2
1,0,0,0,1
1,0,0,0,1
3,0,0,0,3
1,0,0,0,1
1,0,0,0,1
3,0,0,0,3
3,1,1,0,5
1,0,0,0,1
1,0,0,0,1
1,0,0,0,1
2,0,0,0,2
1,0,0,0,1
2,0,0,0,2
1,0,0,0,1
4,0,0,0,4
2,0,0,0,2
1,0,0,0,1
1,0,0,0,1
1,0,0,0,1
2,0,0,0,2
1,0,0,0,1
1,0,0,0,1
1,0,0,0,1
1,0,0,0,1
2,0,0,0,2
2,0,0,0,2
1,2,0,0,3
1,0,0,0,1
1,0,0,0,1
2,0,0,0,2
3,0,0,0,3
2,0,0,0,2
1,0,0,0,1
3,0,0,0,3
1,0,0,0,1
1,0,0,0,1
8,0,0,0,8
7,0,0,0,7
1,0,0,0,1
2,0,0,0,2
1,0,0,0,1
1,0,0,0,1
4,2,0,0,6
2,0,0,0,2
6,0,0,0,6
1,0,0,0,1
1,0,0,0,1
2,0,0,0,2
17,0,0,0,17
2,0,0,0,2
1,27,1,0,29
1,0,0,0,1
1,0,0,0,1
2,0,0,0,2
3,0,0,0,3
2,0,0,0,2
4,0,0,0,4
1,0,0,0,1
2,0,0,0,2
1,0,0,0,1
2,0,0,0,2
1,0,0,0,1
3,0,0,0,3
1,0,0,0,1
1,0,0,0,1
1,0,0,0,1
1,0,0,0,1
1,0,0,0,1
1,0,0,0,1
1,0,0,0,1
1,0,0,0,1
1,0,0,0,1
4,0,0,0,4
4,0,0,0,4
1,0,0,0,1
2,0,0,0,2
1,0,0,0,1
1,0,0,0,1
1,0,0,0,1
1,0,0,0,1
5,0,0,0,5
1,0,0,0,1
1,1,0,0,2
1,0,0,0,1
5,0,0,0,5
1,0,0,0,1
1,0,0,0,1
1,0,0,0,1
1,0,0,0,1
1,0,0,0,1
2,0,0,0,2
1,0,0,0,1
5,0,0,0,5
1,0,0,0,1
1,0,0,0,1
1,0,0,0,1
1,15,0,0,16
1,0,0,0,1
1,0,0,0,1
1,0,0,0,1
1,0,0,0,1
1,0,0,0,1
1,0,0,0,1
3,0,0,0,3
5,11,1,0,17
1,0,0,0,1
3,10,0,0,13
19,9,0,0,28
1,0,0,0,1
1,0,0,0,1
1,0,0,0,1
1,0,0,0,1
1,0,0,0,1
1,0,0,0,1
5,0,0,0,5
1,0,0,0,1
1,0,0,0,1
1,0,0,0,1
2,1,0,0,3
2,0,0,0,2
1,0,0,0,1
1,0,0,0,1
1,0,0,0,1
1,0,0,0,1
1,0,0,0,1
1,0,0,0,1
10,2,0,0,12
1,0,0,0,1
4,0,0,0,4
3,0,0,0,3
1,0,0,0,1
1,4,0,0,5
2,4,0,0,6
1,0,0,0,1
1,0,0,0,1
1,0,0,0,1
2,0,0,0,2
3,0,0,0,3
1,0,0,0,1
1,0,0,0,1
2,0,0,0,2
1,0,0,0,1
1,0,0,0,1
1,0,0,0,1
1,0,0,0,1
3,0,0,0,3
1,0,0,0,1
1,0,0,0,1
10,0,0,0,10
1,0,0,0,1
1,0,0,0,1
4,0,0,0,4
1,0,0,0,1
1,0,0,0,1
1,0,0,0,1
1,0,0,0,1
1,0,0,0,1
1,0,0,0,1
1,3,3,0,7
1,0,0,0,1
14,0,0,0,14
1,0,0,0,1
1,0,0,0,1
1,0,0,0,1
1,0,0,0,1
5,0,0,0,5
1,0,0,0,1
1,0,0,0,1
1,0,0,0,1
2,2,0,0,4
1,0,0,0,1
1,0,0,0,1
15,0,0,0,15
1,0,0,0,1
1,0,0,0,1
1,0,0,0,1
1,0,0,0,1
1,0,0,0,1
1,0,0,0,1
1,0,0,0,1
1,0,0,0,1
2,0,0,0,2
3,0,0,0,3
4,0,0,0,4
2,0,0,0,2
1,0,0,0,1
1,0,0,0,1
1,0,0,0,1
15,0,0,0,15
1,0,0,0,1
1,0,0,0,1
1,0,0,0,1
1,0,0,0,1
27,2,0,0,29
4,0,0,0,4
1,0,0,0,1
12,0,0,0,12
4,0,0,0,4
3,0,0,0,3
1,0,0,0,1
2,0,0,0,2
1,0,0,0,1
1,0,0,0,1
2,0,0,0,2
1,0,0,0,1
2,0,0,0,2
1,0,0,0,1
7,0,0,0,7
1,0,0,0,1
1,0,0,0,1
1,0,0,0,1
1,0,0,0,1
1,0,0,0,1
1,0,0,0,1
2,0,0,0,2
10,0,0,0,10
1,0,0,0,1
1,2,0,0,3
3,0,0,0,3
1,0,0,0,1
1,0,0,0,1
1,0,0,0,1
1,0,0,0,1
3,0,0,0,3
1,0,0,0,1
2,0,0,0,2
1,0,0,0,1
1,0,0,0,1
1,0,0,0,1
3,7,0,0,10
2,0,0,0,2
1,0,0,0,1
1,0,0,0,1
1,0,0,0,1
2,0,0,0,2
2,0,0,0,2
4,0,0,0,4
1,0,0,0,1
1,0,0,0,1
1,0,0,0,1
1,0,0,0,1
3,0,0,0,3
1,0,0,0,1
2,0,0,0,2
1,0,0,0,1
1,0,0,0,1
1,0,0,0,1
1,0,0,0,1
2,0,0,0,2
1,0,0,0,1
1,0,0,0,1
8,0,0,0,8
1,0,0,0,1
2,0,0,0,2
1,0,0,0,1
1,0,0,0,1
1,0,0,0,1
1,0,0,0,1
2,0,0,0,2
1,0,0,0,1
1,0,0,0,1
1,0,0,0,1
23,4,0,0,27
1,0,0,0,1
7,0,0,0,7
1,0,0,0,1
1,0,0,0,1
1,0,0,0,1
2,0,0,0,2
1,0,0,0,1
1,0,0,0,1
2,0,0,0,2
6,19,0,0,25
1,0,0,0,1
1,0,0,0,1
1,0,0,0,1
1,0,0,0,1
2,0,0,0,2
7,8,0,0,15
2,0,0,0,2
1,0,0,0,1
3,0,0,0,3
1,0,0,0,1
1,0,0,0,1
3,1,1,0,5
2,2,0,0,4
3,0,0,0,3
2,0,0,0,2
3,0,0,0,3
1,0,0,0,1
1,0,0,0,1
2,0,0,0,2
9,0,0,0,9
1,0,0,0,1
7,0,0,0,7
1,0,0,0,1
1,0,0,0,1
3,0,0,0,3
1,0,0,0,1
1,0,0,0,1
5,0,0,0,5
7,2,0,0,9
1,0,0,0,1
1,0,0,0,1
2,0,0,0,2
1,0,0,0,1
1,0,0,0,1
1,1,0,0,2
1,0,0,0,1
2,0,0,0,2
3,0,0,0,3
1,0,0,0,1
4,0,0,0,4
2,0,0,0,2
3,0,0,0,3
1,0,0,0,1
1,0,0,0,1
1,0,0,0,1
4,0,0,0,4
1,0,0,0,1
1,0,0,0,1
1,0,0,0,1
6,0,0,0,6
1,0,0,0,1
1,0,0,0,1
7,1,0,0,8
1,0,0,0,1
2,0,0,0,2
1,0,0,0,1
2,0,0,0,2
2,0,0,0,2
3,0,0,0,3
1,0,0,0,1
1,0,0,0,1
2,0,0,0,2
18,3,3,0,24
1,0,0,0,1
4,0,1,0,5
3,0,0,0,3
9,0,2,0,11
2,0,0,0,2
1,0,0,0,1
1,2,0,0,3
9,0,0,0,9
1,0,0,0,1
1,0,0,0,1
3,0,0,0,3
1,0,0,0,1
2,0,0,0,2
3,0,0,0,3
3,0,0,0,3
1,0,0,0,1
1,0,0,0,1
1,0,0,0,1
3,0,0,0,3
1,0,0,0,1
1,0,0,0,1
1,0,0,0,1
3,0,0,0,3
1,0,0,0,1
5,1,1,0,7
1,0,0,0,1
1,0,0,0,1
5,1,0,0,6
1,0,0,0,1
5,0,0,0,5
7,0,0,0,7
4,0,0,0,4
1,0,0,0,1
2,0,0,0,2
1,0,0,0,1
1,0,0,0,1
2,0,0,0,2
1,0,0,0,1
1,0,0,0,1
1,0,0,0,1
1,0,0,0,1
1,0,0,0,1
2,0,0,0,2
1,0,0,0,1
1,0,0,0,1
6,0,0,0,6
2,0,0,0,2
2,0,0,0,2
8,57,0,0,65
1,0,0,0,1
1,13,0,0,14
6,0,0,0,6
2,15,0,0,17
2,0,0,0,2
1,0,0,0,1
8,0,0,0,8
1,0,0,0,1
2,0,0,0,2
1,0,0,0,1
3,0,0,0,3
1,0,0,0,1
2,0,0,0,2
1,2,0,0,3
1,0,0,0,1
1,0,0,0,1
1,0,0,0,1
1,0,0,0,1
1,0,0,0,1
11,1,0,0,12
2,0,0,0,2
7,7,3,0,17
1,0,0,0,1
1,0,0,0,1
9,4,0,0,13
6,0,0,0,6
1,0,0,0,1
2,0,0,0,2
3,0,0,0,3
1,0,0,0,1
1,0,0,0,1
2,0,0,0,2
4,0,0,0,4
1,0,0,0,1
1,0,0,0,1
1,0,0,0,1
1,0,0,0,1
1,0,0,0,1
3,0,0,0,3
1,0,0,0,1
1,0,0,0,1
1,0,0,0,1
1,0,0,0,1
1,0,0,0,1
2,0,0,0,2
1,0,0,0,1
1,0,0,0,1
1,0,0,0,1
1,0,0,0,1
1,0,0,0,1
3,9,0,0,12
2,0,0,0,2
1,0,0,0,1
14,0,0,0,14
2,0,0,0,2
1,0,0,0,1
10,0,1,0,11
1,0,0,0,1
1,0,0,0,1
1,0,0,0,1
1,0,0,0,1
1,0,0,0,1
1,0,0,0,1
2,0,0,0,2
5,0,0,0,5
1,0,0,0,1
3,0,0,0,3
1,0,0,0,1
1,0,0,0,1
2,0,0,0,2
1,0,0,0,1
1,0,0,0,1
3,0,0,0,3
1,0,0,0,1
14,19,0,0,33
1,0,0,0,1
2,0,0,0,2
1,0,0,0,1
1,0,0,0,1
3,0,0,0,3
2,0,0,0,2
1,0,0,0,1
1,0,0,0,1
1,0,0,0,1
1,0,0,0,1
1,0,0,0,1
1,0,0,0,1
1,0,0,0,1
1,0,0,0,1
1,0,0,0,1
1,0,0,0,1
13,3,0,0,16
1,0,0,0,1
4,0,0,0,4
1,0,0,0,1
2,0,0,0,2
2,0,0,0,2
1,0,0,0,1
1,0,0,0,1
2,3,0,0,5
1,0,0,0,1
21,1,1,0,23
2,0,0,0,2
1,0,0,0,1
1,0,0,0,1
1,0,0,0,1
2,0,0,0,2
1,0,0,0,1
2,0,0,0,2
1,0,0,0,1
1,0,0,0,1
3,0,0,0,3
7,0,0,0,7
1,0,0,0,1
1,0,0,0,1
2,0,0,0,2
2,0,0,0,2
1,0,0,0,1
4,0,0,0,4
1,0,0,0,1
1,0,0,0,1
3,3,0,0,6
2,12,0,0,14
1,0,0,0,1
1,0,0,0,1
1,0,0,0,1
1,0,0,0,1
1,0,0,0,1
1,0,0,0,1
9,0,0,0,9
2,14,2,0,18
1,0,0,0,1
1,0,0,0,1
4,0,0,0,4
12,4,2,0,18
2,0,0,0,2
1,0,0,0,1
3,0,0,0,3
1,0,0,0,1
2,0,0,0,2
2,1,0,0,3
1,0,0,0,1
1,0,0,0,1
1,0,0,0,1
1,0,0,0,1
1,0,0,0,1
1,0,0,0,1
10,3,1,0,14
1,0,0,0,1
1,0,0,0,1
1,0,0,0,1
2,0,0,0,2
1,0,0,0,1
1,0,0,0,1
1,0,0,0,1
1,0,0,0,1
2,1,0,0,3
12,0,0,0,12
1,0,0,0,1
4,0,0,0,4
1,0,0,0,1
1,0,0,0,1
3,0,0,0,3
1,0,0,0,1
2,0,0,0,2
3,0,0,0,3
4,0,0,0,4
1,0,0,0,1
2,3,0,0,5
1,0,0,0,1
20,3,0,0,23
3,0,0,0,3
1,0,0,0,1
2,0,0,0,2
1,0,0,0,1
1,0,0,0,1
2,0,0,0,2
4,0,0,0,4
6,0,0,0,6
1,0,0,0,1
1,0,0,0,1
2,0,0,0,2
1,0,0,0,1
7,0,0,0,7
1,0,0,0,1
5,0,0,0,5
1,0,0,0,1
1,0,0,0,1
2,0,0,0,2
2,0,0,0,2
1,0,0,0,1
2,0,0,0,2
1,0,0,0,1
1,0,0,0,1
7,0,0,0,7
1,0,0,0,1
1,0,0,0,1
1,0,0,0,1
6,10,0,0,16
1,0,0,0,1
1,0,0,0,1
1,0,0,0,1
2,0,0,0,2
2,0,0,0,2
1,0,0,0,1
1,0,0,0,1
1,0,0,0,1
1,0,0,0,1
4,0,0,0,4
8,0,0,0,8
1,0,0,0,1
2,0,0,0,2
4,0,0,0,4
3,0,0,0,3
1,0,0,0,1
1,0,0,0,1
3,0,0,0,3
7,1,0,0,8
18,0,0,0,18
2,0,0,0,2
1,0,0,0,1
1,0,0,0,1
1,0,0,0,1
1,0,0,0,1
1,127,0,0,128
4,0,0,0,4
1,0,0,0,1
1,0,0,0,1
1,0,0,0,1
1,0,0,0,1
1,0,0,0,1
1,0,0,0,1
1,0,0,0,1
1,0,0,0,1
1,0,0,0,1
5,0,0,0,5
1,0,0,0,1
1,0,0,0,1
11,5,1,0,17
1,0,0,0,1
2,0,0,0,2
1,0,0,0,1
1,0,0,0,1
1,0,0,0,1
1,0,0,0,1
1,0,0,0,1
2,0,0,0,2
1,0,0,0,1
2,0,0,0,2
1,0,0,0,1
1,0,0,0,1
1,0,0,0,1
9,0,0,0,9
5,0,0,0,5
1,0,0,0,1
1,0,0,0,1
3,0,0,0,3
1,0,0,0,1
1,0,0,0,1
1,0,0,0,1
19,0,0,0,19
1,0,0,0,1
1,0,0,0,1
1,0,0,0,1
1,0,0,0,1
4,0,0,0,4
1,0,0,0,1
1,0,0,0,1
10,46,0,0,56
1,0,0,0,1
1,0,0,0,1
1,0,0,0,1
1,0,0,0,1
5,0,0,0,5
1,0,0,0,1
2,0,0,0,2
1,0,0,0,1
1,0,0,0,1
1,0,0,0,1
1,0,0,0,1
2,0,0,0,2
1,0,0,0,1
1,0,0,0,1
1,0,0,0,1
1,0,0,0,1
17,0,0,0,17
1,0,0,0,1
1,0,0,0,1
1,2,0,0,3
1,0,0,0,1
2,0,0,0,2
2,0,0,0,2
1,0,0,0,1
3,0,0,0,3
2,0,0,0,2
3,0,0,0,3
1,0,0,0,1
1,0,0,0,1
17,0,0,0,17
2,0,0,0,2
8,0,0,0,8
6,0,0,0,6
7,0,0,0,7
1,0,0,0,1
1,0,0,0,1
6,0,0,0,6
1,0,0,0,1
1,0,0,0,1
9,0,0,0,9
1,0,0,0,1
1,0,0,0,1
4,0,0,0,4
2,0,0,0,2
1,0,0,0,1
1,0,0,0,1
2,0,0,0,2
4,0,0,0,4
1,0,0,0,1
1,0,0,0,1
4,1,0,0,5
2,1,0,0,3
2,0,0,0,2
5,7,1,0,13
1,0,0,0,1
1,0,0,0,1
3,0,0,0,3
1,0,0,0,1
1,0,0,0,1
1,0,0,0,1
1,0,0,0,1
1,0,0,0,1
1,0,0,0,1
1,0,0,0,1
1,0,0,0,1
3,0,0,0,3
1,0,0,0,1
2,0,0,0,2
1,0,0,0,1
1,0,0,0,1
2,0,0,0,2
1,0,0,0,1
3,0,0,0,3
1,0,0,0,1
2,0,0,0,2
1,0,0,0,1
4,0,0,0,4
1,0,0,0,1
2,0,0,0,2
1,0,0,0,1
2,0,0,0,2
1,0,0,0,1
1,0,0,0,1
1,2,1,0,4
1,0,0,0,1
7,0,0,0,7
3,0,0,0,3
1,0,0,0,1
5,0,0,0,5
1,0,0,0,1
1,0,0,0,1
2,0,0,0,2
6,0,0,0,6
1,0,0,0,1
1,0,0,0,1
2,0,0,0,2
1,0,0,0,1
6,0,0,0,6
1,0,0,0,1
1,0,0,0,1
1,0,0,0,1
1,0,0,0,1
1,0,0,0,1
1,0,0,0,1
1,0,0,0,1
2,0,0,0,2
1,0,0,0,1
1,0,0,0,1
5,0,0,0,5
1,0,0,0,1
1,0,0,0,1
1,0,0,0,1
2,0,0,0,2
1,0,0,0,1
3,0,0,0,3
1,0,0,0,1
2,0,0,0,2
1,0,0,0,1
6,1,0,0,7
1,0,0,0,1
2,0,0,0,2
1,0,0,0,1
1,0,0,0,1
1,0,0,0,1
4,0,0,0,4
1,0,0,0,1
1,0,0,0,1
2,0,0,0,2
1,0,0,0,1
3,0,0,0,3
1,0,0,0,1
1,0,0,0,1
1,0,0,0,1
5,0,0,0,5
1,0,0,0,1
1,0,0,0,1
1,0,0,0,1
2,1,0,0,3
1,0,0,0,1
2,0,0,0,2
1,0,0,0,1
1,0,0,0,1
1,0,0,0,1
3,0,0,0,3
1,0,0,0,1
1,0,0,0,1
1,0,0,0,1
2,1,1,0,4
1,0,0,0,1
1,0,0,0,1
1,0,0,0,1
6,1,0,0,7
1,0,0,0,1
1,0,0,0,1
1,0,0,0,1
1,0,0,0,1
1,0,0,0,1
1,0,0,0,1
1,0,0,0,1
3,0,0,0,3
1,0,0,0,1
1,0,0,0,1
1,0,0,0,1
1,0,0,0,1
1,0,0,0,1
1,0,0,0,1
1,0,0,0,1
1,0,0,0,1
2,0,0,0,2
1,0,0,0,1
1,0,0,0,1
4,0,0,0,4
11,1,0,0,12
4,0,0,0,4
3,0,0,0,3
2,0,0,0,2
2,0,0,0,2
3,0,1,0,4
1,0,0,0,1
4,0,0,0,4
2,0,0,0,2
1,0,0,0,1
1,0,0,0,1
2,0,0,0,2
1,0,1,0,2
1,0,0,0,1
1,0,0,0,1
1,0,0,0,1
2,0,0,0,2
2,0,0,0,2
7,0,0,0,7
1,0,0,0,1
1,0,0,0,1
2,0,0,0,2
1,0,0,0,1
2,0,0,0,2
1,0,0,0,1
1,0,0,0,1
1,0,0,0,1
1,0,0,0,1
2,0,0,0,2
9,7,0,0,16
2,0,0,0,2
3,0,0,0,3
1,0,0,0,1
1,13,0,0,14
7,16,1,0,24
6,0,0,0,6
1,0,0,0,1
2,0,0,0,2
1,0,0,0,1
1,0,0,0,1
1,0,0,0,1
3,1,0,0,4
1,0,0,0,1
1,0,0,0,1
4,0,0,0,4
1,0,0,0,1
1,0,0,0,1
2,0,0,0,2
1,0,0,0,1
1,0,0,0,1
3,0,0,0,3
3,17,0,0,20
1,0,0,0,1
6,8,2,0,16
4,9,0,0,13
1,0,0,0,1
31,5,3,0,39
2,0,0,0,2
1,0,0,0,1
1,0,0,0,1
1,0,0,0,1
1,0,0,0,1
2,0,0,0,2
1,0,0,0,1
1,0,0,0,1
1,0,0,0,1
1,0,0,0,1
2,0,0,0,2
6,0,0,0,6
1,0,0,0,1
4,0,0,0,4
2,0,0,0,2
1,0,0,0,1
1,0,0,0,1
1,0,0,0,1
1,0,0,0,1
1,0,0,0,1
1,0,0,0,1
1,0,0,0,1
1,0,0,0,1
1,0,0,0,1
1,0,0,0,1
2,0,0,0,2
1,0,0,0,1
1,0,0,0,1
2,0,0,0,2
1,0,0,0,1
5,0,0,0,5
1,0,0,0,1
1,0,0,0,1
3,0,0,0,3
5,0,0,0,5
1,0,0,0,1
2,0,0,0,2
1,0,0,0,1
2,0,0,0,2
2,0,0,0,2
5,0,0,0,5
14,155,6,0,175
1,0,0,0,1
1,0,0,0,1
3,5,0,0,8
1,0,0,0,1
1,0,0,0,1
1,0,0,0,1
2,0,0,0,2
2,20,0,0,22
2,0,0,0,2
2,0,0,0,2
3,0,0,0,3
1,0,0,0,1
3,0,0,0,3
5,0,0,0,5
1,0,0,0,1
1,0,0,0,1
1,0,0,0,1
2,0,0,0,2
1,0,0,0,1
1,0,0,0,1
2,0,0,0,2
1,0,0,0,1
3,0,0,0,3
1,0,0,0,1
3,0,0,0,3
1,0,0,0,1
1,0,0,0,1
1,0,0,0,1
2,0,0,0,2
4,2,0,0,6
1,0,0,0,1
4,0,0,0,4
1,0,0,0,1
1,0,0,0,1
1,0,0,0,1
2,0,0,0,2
1,0,0,0,1
25,0,0,0,25
3,0,0,0,3
1,0,0,0,1
1,0,0,0,1
1,0,0,0,1
1,0,0,0,1
2,0,0,0,2
1,0,0,0,1
2,0,0,0,2
54,20,4,0,78
2,0,0,0,2
3,4,0,0,7
2,0,0,0,2
1,0,0,0,1
1,0,0,0,1
2,0,0,0,2
2,0,0,0,2
1,0,0,0,1
1,0,0,0,1
6,0,0,0,6
1,0,0,0,1
1,0,0,0,1
2,0,0,0,2
1,0,0,0,1
1,0,0,0,1
2,4,0,0,6
1,0,0,0,1
1,0,0,0,1
1,6,0,0,7
1,0,0,0,1
1,0,0,0,1
2,0,0,0,2
1,0,0,0,1
1,0,0,0,1
4,0,0,0,4
1,0,0,0,1
1,0,0,0,1
1,0,0,0,1
8,0,0,0,8
2,0,0,0,2
2,0,0,0,2
1,0,0,0,1
1,0,0,0,1
1,0,0,0,1
1,0,0,0,1
1,0,0,0,1
4,0,0,0,4
8,35,0,0,43
1,0,0,0,1
1,0,0,0,1
1,0,0,0,1
1,0,0,0,1
1,0,0,0,1
1,0,0,0,1
5,0,0,0,5
1,0,0,0,1
1,0,0,0,1
16,2,1,0,19
2,46,0,0,48
1,0,0,0,1
2,0,0,0,2
1,0,0,0,1
1,0,0,0,1
2,0,0,0,2
1,0,0,0,1
2,0,0,0,2
4,0,0,0,4
2,0,0,0,2
7,0,0,0,7
2,0,0,0,2
2,0,0,0,2
1,0,0,0,1
1,0,0,0,1
1,0,0,0,1
1,0,0,0,1
1,0,0,0,1
1,1,0,0,2
1,0,0,0,1
1,0,0,0,1
1,0,0,0,1
1,0,0,0,1
1,0,0,0,1
1,0,0,0,1
1,0,0,0,1
1,0,0,0,1
1,0,0,0,1
5,0,0,0,5
1,0,0,0,1
3,0,0,0,3
2,1,1,0,4
1,0,0,0,1
1,0,0,0,1
2,0,0,0,2
1,0,0,0,1
2,0,0,0,2
1,0,0,0,1
1,0,0,0,1
2,0,0,0,2
2,0,0,0,2
1,0,0,0,1
1,0,0,0,1
1,0,0,0,1
4,1,0,0,5
1,0,0,0,1
1,0,0,0,1
3,0,0,0,3
1,0,0,0,1
6,0,0,0,6
1,0,0,0,1
2,0,0,0,2
3,0,0,0,3
2,0,0,0,2
7,0,0,0,7
5,0,0,0,5
8,0,0,0,8
1,0,0,0,1
1,0,0,0,1
2,0,0,0,2
1,0,0,0,1
2,0,0,0,2
1,0,0,0,1
1,0,0,0,1
2,2,0,0,4
1,0,0,0,1
5,0,0,0,5
1,0,0,0,1
1,0,0,0,1
1,0,0,0,1
5,2,0,0,7
1,0,0,0,1
1,0,0,0,1
1,0,0,0,1
11,0,0,0,11
1,0,0,0,1
1,0,0,0,1
1,0,0,0,1
4,0,0,0,4
11,0,0,0,11
2,0,0,0,2
4,0,0,0,4
1,0,0,0,1
1,0,0,0,1
1,0,0,0,1
3,0,0,0,3
1,0,0,0,1
1,0,0,0,1
3,0,0,0,3
1,0,0,0,1
2,0,0,0,2
1,0,0,0,1
2,0,0,0,2
1,0,0,0,1
5,0,0,0,5
2,0,0,0,2
1,0,0,0,1
3,0,0,0,3
2,0,0,0,2
3,0,0,0,3
1,0,0,0,1
1,0,0,0,1
1,8,0,0,9
4,0,0,0,4
1,0,0,0,1
1,13,0,0,14
10,0,0,0,10
3,0,0,0,3
2,0,0,0,2
1,0,0,0,1
3,0,0,0,3
4,0,0,0,4
2,0,0,0,2
2,0,0,0,2
1,0,0,0,1
1,0,0,0,1
2,0,0,0,2
1,0,0,0,1
5,0,0,0,5
1,0,0,0,1
1,0,0,0,1
1,0,0,0,1
2,0,0,0,2
1,0,0,0,1
1,0,0,0,1
1,0,0,0,1
1,0,0,0,1
3,0,0,0,3
5,0,0,0,5
15,0,0,0,15
7,0,0,0,7
1,0,0,0,1
1,60,0,0,61
1,0,0,0,1
1,0,0,0,1
1,0,0,0,1
1,0,0,0,1
2,0,0,0,2
1,0,0,0,1
4,0,0,0,4
1,0,0,0,1
3,0,0,0,3
1,0,0,0,1
1,0,0,0,1
2,0,0,0,2
1,0,0,0,1
1,0,0,0,1
1,0,0,0,1
1,0,0,0,1
3,0,0,0,3
1,0,0,0,1
1,0,0,0,1
1,0,0,0,1
6,0,0,0,6
1,0,0,0,1
1,0,0,0,1
5,0,0,0,5
3,0,0,0,3
2,0,0,0,2
5,6,0,0,11
7,0,2,0,9
1,0,0,0,1
2,0,0,0,2
2,0,0,0,2
2,0,0,0,2
3,2,0,0,5
1,6,0,0,7
1,0,0,0,1
1,0,0,0,1
2,0,0,0,2
6,0,0,0,6
1,0,0,0,1
2,0,0,0,2
1,0,0,0,1
1,0,0,0,1
5,0,0,0,5
34,2,0,0,36
1,0,0,0,1
1,0,0,0,1
1,0,0,0,1
1,0,0,0,1
19,1,1,0,21
1,0,0,0,1
2,0,0,0,2
4,1,0,0,5
1,0,0,0,1
1,0,0,0,1
12,1,0,0,13
1,0,0,0,1
1,0,0,0,1
1,0,0,0,1
1,0,0,0,1
3,0,0,0,3
1,0,0,0,1
1,0,0,0,1
1,0,0,0,1
2,0,0,0,2
1,0,0,0,1
5,2,0,0,7
11,7,1,0,19
1,0,0,0,1
3,0,0,0,3
1,0,0,0,1
6,1,0,0,7
1,0,0,0,1
1,0,0,0,1
3,0,0,0,3
1,0,0,0,1
2,0,0,0,2
6,0,0,0,6
1,0,0,0,1
1,0,0,0,1
1,0,0,0,1
1,0,0,0,1
1,0,0,0,1
8,1,0,0,9
2,0,0,0,2
1,0,0,0,1
1,0,0,0,1
4,0,0,0,4
4,0,0,0,4
2,0,0,0,2
2,0,0,0,2
5,0,0,0,5
2,0,0,0,2
1,0,0,0,1
3,0,0,0,3
2,0,0,0,2
1,0,0,0,1
2,0,0,0,2
11,1,0,0,12
2,0,0,0,2
4,8,2,0,14
2,0,0,0,2
13,10,0,0,23
1,0,0,0,1
1,0,0,0,1
2,0,0,0,2
1,0,0,0,1
4,2,0,0,6
20,13,0,0,33
1,0,0,0,1
1,0,0,0,1
1,0,0,0,1
1,0,0,0,1
2,0,0,0,2
1,0,0,0,1
2,0,0,0,2
1,0,0,0,1
3,0,0,0,3
1,0,0,0,1
1,0,0,0,1
2,0,0,0,2
1,0,0,0,1
1,0,0,0,1
2,0,0,0,2
4,0,0,0,4
1,0,0,0,1
1,0,0,0,1
2,0,0,0,2
1,0,0,0,1
3,0,0,0,3
2,0,0,0,2
3,0,0,0,3
2,0,0,0,2
1,0,0,0,1
2,0,0,0,2
1,0,0,0,1
1,0,0,0,1
2,0,0,0,2
1,0,0,0,1
1,0,0,0,1
2,0,0,0,2
1,0,0,0,1
1,0,0,0,1
4,0,0,0,4
1,0,0,0,1
2,0,0,0,2
1,0,0,0,1
3,0,0,0,3
2,0,0,0,2
1,0,0,0,1
1,0,0,0,1
2,0,0,0,2
1,0,0,0,1
3,0,0,0,3
1,1,0,0,2
2,0,0,0,2
8,1939,2,0,1949
1,0,0,0,1
1,0,0,0,1
1,0,0,0,1
1,0,0,0,1
2,0,0,0,2
3,0,0,0,3
1,0,0,0,1
1,0,0,0,1
2,0,0,0,2
2,0,0,0,2
6,0,0,0,6
5,0,0,0,5
1,0,0,0,1
1,0,0,0,1
1,0,0,0,1
1,0,0,0,1
2,0,0,0,2
3,2,2,0,7
1,0,0,0,1
1,0,0,0,1
1,0,0,0,1
1,0,0,0,1
6,0,0,0,6
1,0,0,0,1
3,0,0,0,3
1,0,0,0,1
3,0,0,0,3
1,0,0,0,1
14,8,2,0,24
3,0,0,0,3
9,0,0,0,9
1,0,0,0,1
1,0,0,0,1
1,0,0,0,1
1,0,0,0,1
5,0,0,0,5
2,0,0,0,2
12,0,0,0,12
2,0,0,0,2
8,0,0,0,8
3,0,0,0,3
1,0,0,0,1
2,0,0,0,2
1,0,0,0,1
2,0,0,0,2
1,0,0,0,1
1,0,0,0,1
1,0,0,0,1
1,0,0,0,1
1,0,0,0,1
2,2,0,0,4
1,0,0,0,1
1,0,0,0,1
1,0,0,0,1
1,0,0,0,1
1,0,0,0,1
1,0,0,0,1
1,0,0,0,1
1,0,0,0,1
2,0,0,0,2
1,0,0,0,1
1,0,0,0,1
3,0,0,0,3
2,0,0,0,2
3,4,0,0,7
1,0,0,0,1
1,0,0,0,1
3,171,0,0,174
2,2,0,0,4
1,4,0,0,5
1,0,0,0,1
10,5,0,0,15
1,0,0,0,1
3,0,0,0,3
14,0,0,0,14
3,0,0,0,3
2,0,0,0,2
1,0,0,0,1
1,0,0,0,1
1,0,0,0,1
1,0,0,0,1
1,0,0,0,1
1,0,0,0,1
1,0,0,0,1
3,0,0,0,3
1,0,0,0,1
1,0,0,0,1
1,0,0,0,1
1,0,0,0,1
1,0,0,0,1
1,0,0,0,1
1,0,0,0,1
1,0,0,0,1
3,0,0,0,3
2,0,0,0,2
1,0,0,0,1
1,0,0,0,1
4,0,0,0,4
1,2,0,0,3
1,0,0,0,1
4,4,0,0,8
4,0,0,0,4
5,0,0,0,5
1,0,0,0,1
1,0,0,0,1
1,0,0,0,1
1,0,0,0,1
4,0,0,0,4
1,0,0,0,1
1,0,0,0,1
1,0,0,0,1
5,0,0,0,5
2,0,0,0,2
1,0,0,0,1
1,0,0,0,1
1,0,0,0,1
3,0,0,0,3
1,0,0,0,1
2,0,0,0,2
1,0,0,0,1
3,0,0,0,3
3,0,0,0,3
2,0,0,0,2
1,0,0,0,1
1,0,0,0,1
1,0,0,0,1
1,0,0,0,1
2,0,0,0,2
1,0,0,0,1
1,0,0,0,1
1,0,0,0,1
1,0,0,0,1
1,0,0,0,1
13,0,0,0,13
1,0,0,0,1
3,0,0,0,3
1,0,0,0,1
1,0,0,0,1
5,0,0,0,5
1,0,0,0,1
2,1,0,0,3
5,2,0,0,7
9,0,0,0,9
1,0,0,0,1
1,0,0,0,1
1,0,0,0,1
1,0,0,0,1
1,0,0,0,1
1,0,0,0,1
2,0,0,0,2
5,0,0,0,5
1,0,0,0,1
2,0,0,0,2
1,0,0,0,1
1,0,0,0,1
1,0,0,0,1
1,0,0,0,1
1,0,0,0,1
1,0,0,0,1
1,0,0,0,1
1,0,0,0,1
4,0,0,0,4
3,0,0,0,3
1,0,0,0,1
4,0,0,0,4
1,0,0,0,1
5,0,0,0,5
1,0,0,0,1
1,0,0,0,1
1,0,0,0,1
8,0,0,0,8
2,0,0,0,2
4,0,0,0,4
2,0,0,0,2
2,0,0,0,2
2,0,0,0,2
2,0,0,0,2
4,0,0,0,4
1,0,0,0,1
3,0,0,0,3
33,0,1,0,34
1,0,0,0,1
1,0,0,0,1
6,0,0,0,6
3,0,0,0,3
9,0,0,0,9
2,0,1,0,3
1,0,0,0,1
9,0,0,0,9
1,0,0,0,1
1,0,0,0,1
17,3,0,0,20
1,0,0,0,1
1,0,0,0,1
3,0,0,0,3
3,0,0,0,3
1,0,0,0,1
1,0,0,0,1
3,0,0,0,3
1,0,0,0,1
1,0,0,0,1
2,0,0,0,2
1,0,0,0,1
2,0,0,0,2
5,0,0,0,5
1,0,0,0,1
1,0,0,0,1
1,0,0,0,1
1,0,0,0,1
2,0,0,0,2
7,0,0,0,7
1,0,0,0,1
3,0,0,0,3
7,0,0,0,7
7,0,0,0,7
1,0,0,0,1
1,0,0,0,1
2,0,0,0,2
1,0,0,0,1
3,0,0,0,3
1,0,0,0,1
1,0,0,0,1
1,0,0,0,1
6,0,0,0,6
2,0,0,0,2
1,0,0,0,1
24,33,0,0,57
1,0,0,0,1
4,0,0,0,4
1,0,0,0,1
25,1,0,0,26
3,0,0,0,3
1,0,0,0,1
1,0,0,0,1
2,0,1,0,3
2,0,0,0,2
6,2,0,0,8
1,0,0,0,1
1,0,0,0,1
2,0,0,0,2
1,0,0,0,1
1,0,0,0,1
1,0,0,0,1
1,0,0,0,1
1,0,0,0,1
2,0,0,0,2
1,0,0,0,1
1,0,0,0,1
1,0,0,0,1
3,0,0,0,3
1,0,0,0,1
1,0,0,0,1
2,0,0,0,2
5,0,0,0,5
1,0,0,0,1
1,0,0,0,1
7,0,0,0,7
4,0,0,0,4
1,2,0,0,3
3,0,0,0,3
1,0,0,0,1
1,0,0,0,1
11,0,0,0,11
1,0,0,0,1
2,0,0,0,2
1,0,0,0,1
1,0,0,0,1
2,0,0,0,2
1,0,0,0,1
1,0,0,0,1
1,0,0,0,1
1,0,0,0,1
1,0,0,0,1
1,0,0,0,1
1,0,0,0,1
9,5,0,0,14
2,0,0,0,2
2,0,0,0,2
2,0,0,0,2
3,0,0,0,3
4,0,0,0,4
1,0,0,0,1
2,0,0,0,2
1,0,0,0,1
1,0,0,0,1
1,0,0,0,1
2,0,0,0,2
4,0,0,0,4
1,0,0,0,1
1,0,0,0,1
1,0,0,0,1
1,0,0,0,1
1,0,0,0,1
1,0,0,0,1
3,0,0,0,3
4,0,0,0,4
1,0,0,0,1
2,0,0,0,2
4,0,0,0,4
4,8,0,0,12
2,0,0,0,2
1,0,0,0,1
3,0,0,0,3
4,0,0,0,4
2,0,0,0,2
1,0,0,0,1
1,0,0,0,1
2,0,0,0,2
1,0,0,0,1
1,0,0,0,1
2,0,0,0,2
1,0,0,0,1
1,0,0,0,1
1,0,0,0,1
2,0,0,0,2
1,0,0,0,1
1,0,0,0,1
1,0,0,0,1
1,0,0,0,1
18,0,0,0,18
2,0,0,0,2
1,0,0,0,1
1,0,0,0,1
1,0,0,0,1
4,0,0,0,4
2,0,0,0,2
1,0,0,0,1
1,0,0,0,1
6,0,0,0,6
2,0,0,0,2
1,0,0,0,1
1,0,0,0,1
3,0,0,0,3
2,0,0,0,2
1,0,0,0,1
2,0,0,0,2
1,0,0,0,1
1,0,0,0,1
1,0,0,0,1
2,0,0,0,2
2,0,0,0,2
2,0,0,0,2
3,0,0,0,3
1,0,0,0,1
4,0,0,0,4
1,0,0,0,1
1,0,0,0,1
1,0,0,0,1
1,0,0,0,1
12,0,0,0,12
1,0,0,0,1
1,0,0,0,1
1,0,0,0,1
1,0,0,0,1
4,0,0,0,4
1,0,0,0,1
13,0,0,0,13
5,0,0,0,5
1,0,0,0,1
2,0,0,0,2
9,0,0,0,9
4,0,0,0,4
1,0,0,0,1
1,0,0,0,1
7,0,0,0,7
1,0,0,0,1
2,0,0,0,2
2,0,0,0,2
1,0,0,0,1
1,0,0,0,1
1,0,0,0,1
2,0,0,0,2
1,0,0,0,1
6,0,0,0,6
2,0,0,0,2
1,0,0,0,1
5,0,0,0,5
1,0,0,0,1
1,0,0,0,1
1,0,0,0,1
1,0,0,0,1
1,0,0,0,1
1,0,0,0,1
1,0,0,0,1
1,0,0,0,1
1,0,0,0,1
1,0,0,0,1
1,0,0,0,1
3,8,0,0,11
1,0,0,0,1
1,0,0,0,1
1,0,0,0,1
9,0,0,0,9
1,1,0,0,2
1,0,0,0,1
5,0,0,0,5
1,0,0,0,1
1,0,0,0,1
1,0,0,0,1
1,0,0,0,1
1,0,0,0,1
2,0,0,0,2
4,0,0,0,4
3,0,0,0,3
1,0,0,0,1
1,0,0,0,1
1,0,0,0,1
1,11,3,0,15
1,0,0,0,1
1,0,0,0,1
2,0,0,0,2
1,0,0,0,1
7,0,0,0,7
4,0,0,0,4
1,0,0,0,1
4,0,0,0,4
1,0,0,0,1
1,0,0,0,1
1,0,0,0,1
1,0,0,0,1
5,0,0,0,5
11,1,0,0,12
5,0,0,0,5
1,0,0,0,1
2,0,0,0,2
1,0,0,0,1
1,0,0,0,1
2,0,0,0,2
1,0,0,0,1
1,0,0,0,1
3,0,0,0,3
1,0,0,0,1
2,0,0,0,2
1,0,0,0,1
1,0,0,0,1
1,0,0,0,1
1,0,0,0,1
1,0,0,0,1
1,0,0,0,1
1,0,0,0,1
3,0,0,0,3
1,0,0,0,1
1,0,0,0,1
2,10,0,0,12
8,0,0,0,8
8,0,1,0,9
1,0,0,0,1
2,0,0,0,2
14,0,0,0,14
2,1,0,0,3
2,0,0,0,2
2,0,0,0,2
1,0,0,0,1
1,0,0,0,1
1,0,0,0,1
1,0,0,0,1
1,0,0,0,1
3,0,0,0,3
1,0,0,0,1
1,0,0,0,1
1,0,0,0,1
3,6,6,0,15
2,0,0,0,2
2,0,0,0,2
1,0,0,0,1
2,0,0,0,2
1,0,0,0,1
1,0,0,0,1
1,0,0,0,1
1,0,0,0,1
2,0,0,0,2
1,0,0,0,1
2,0,0,0,2
1,0,0,0,1
1,0,0,0,1
1,0,0,0,1
3,0,0,0,3
10,0,0,0,10
1,0,0,0,1
1,0,0,0,1
2,0,0,0,2
4,0,0,0,4
1,0,0,0,1
1,0,0,0,1
1,0,0,0,1
1,0,0,0,1
1,0,0,0,1
1,0,0,0,1
1,0,0,0,1
1,0,0,0,1
1,0,0,0,1
1,0,0,0,1
2,0,0,0,2
1,0,0,0,1
3,0,0,0,3
6,0,0,0,6
2,0,0,0,2
1,0,0,0,1
1,0,0,0,1
21,2,2,0,25
7,0,0,0,7
3,0,1,0,4
1,0,0,0,1
2,0,0,0,2
2,0,0,0,2
1,0,0,0,1
1,0,0,0,1
3,0,0,0,3
3,0,0,0,3
11,0,0,0,11
1,0,0,0,1
2,0,0,0,2
2,0,0,0,2
1,0,0,0,1
1,0,0,0,1
10,0,3,0,13
1,0,0,0,1
1,0,0,0,1
4,0,0,0,4
6,0,0,0,6
1,0,0,0,1
6,0,0,0,6
1,0,0,0,1
7,0,0,0,7
2,0,0,0,2
1,0,0,0,1
1,0,0,0,1
2,0,0,0,2
1,0,0,0,1
1,0,0,0,1
1,0,0,0,1
2,0,0,0,2
1,0,0,0,1
1,0,0,0,1
1,0,0,0,1
1,0,0,0,1
1,0,0,0,1
4,39,0,0,43
2,0,0,0,2
1,0,0,0,1
4,0,0,0,4
1,0,0,0,1
1,0,0,0,1
1,0,0,0,1
1,0,0,0,1
1,0,0,0,1
2,0,0,0,2
7,0,0,0,7
1,0,0,0,1
1,0,0,0,1
2,0,0,0,2
1,0,0,0,1
2,0,0,0,2
1,0,0,0,1
1,0,0,0,1
1,0,0,0,1
3,2,0,0,5
1,0,0,0,1
1,0,0,0,1
6,0,0,0,6
2,0,0,0,2
3,0,0,0,3
1,0,0,0,1
1,0,0,0,1
1,0,0,0,1
1,0,0,0,1
1,0,0,0,1
13,0,0,0,13
1,0,0,0,1
1,0,0,0,1
1,0,0,0,1
1,0,0,0,1
1,0,0,0,1
2,0,0,0,2
1,0,0,0,1
2,0,0,0,2
7,5,2,0,14
1,1,0,0,2
1,0,0,0,1
1,0,0,0,1
4,0,0,0,4
1,0,0,0,1
1,0,0,0,1
1,0,0,0,1
2,0,0,0,2
1,0,0,0,1
2,0,0,0,2
1,0,0,0,1
1,0,0,0,1
1,0,0,0,1
1,0,0,0,1
1,0,0,0,1
1,0,0,0,1
1,0,0,0,1
1,0,0,0,1
3,0,0,0,3
3,0,0,0,3
1,0,0,0,1
1,0,0,0,1
8,1,1,0,10
1,0,0,0,1
1,0,0,0,1
2,4,1,0,7
5,0,0,0,5
3,1,0,0,4
1,0,0,0,1
3,0,0,0,3
2,0,0,0,2
1,0,0,0,1
1,0,0,0,1
31,0,0,0,31
1,0,0,0,1
1,0,0,0,1
2,0,0,0,2
9,16,0,0,25
1,0,0,0,1
1,0,0,0,1
3,0,0,0,3
1,0,0,0,1
1,0,0,0,1
2,0,0,0,2
23,1,0,0,24
4,0,0,0,4
5,0,0,0,5
4,0,0,0,4
1,0,0,0,1
1,0,0,0,1
3,0,0,0,3
3,0,0,0,3
1,0,0,0,1
1,0,0,0,1
1,0,0,0,1
1,0,0,0,1
1,0,0,0,1
5,1,0,0,6
1,0,0,0,1
11,0,0,0,11
3,0,0,0,3
1,0,0,0,1
1,0,0,0,1
2,0,0,0,2
1,0,0,0,1
1,0,0,0,1
2,0,0,0,2
1,0,0,0,1
2,0,0,0,2
3,0,0,0,3
1,0,0,0,1
1,0,0,0,1
6,0,0,0,6
1,0,0,0,1
5,0,0,0,5
1,0,0,0,1
1,0,0,0,1
1,0,0,0,1
3,0,0,0,3
6,0,0,0,6
1,0,0,0,1
1,0,0,0,1
1,0,0,0,1
1,0,0,0,1
1,0,0,0,1
4,0,0,0,4
4,0,0,0,4
27,0,1,0,28
1,0,0,0,1
2,0,0,0,2
1,18,0,0,19
5,0,0,0,5
3,0,0,0,3
1,0,0,0,1
2,0,0,0,2
3,0,0,0,3
1,0,0,0,1
1,0,0,0,1
1,0,0,0,1
2,0,0,0,2
2,0,0,0,2
1,0,0,0,1
1,0,0,0,1
2,0,0,0,2
2,0,0,0,2
1,0,0,0,1
2,0,0,0,2
1,0,0,0,1
1,0,0,0,1
1,0,0,0,1
2,0,0,0,2
1,0,0,0,1
4,0,0,0,4
6,2,0,0,8
2,0,0,0,2
2,0,0,0,2
1,0,0,0,1
7,0,0,0,7
1,0,0,0,1
1,0,0,0,1
1,0,0,0,1
23,1,0,0,24
2,0,0,0,2
5,0,0,0,5
1,0,0,0,1
1,0,0,0,1
2,0,0,0,2
3,0,0,0,3
1,0,0,0,1
1,0,0,0,1
1,0,0,0,1
1,0,0,0,1
2,0,0,0,2
1,0,0,0,1
1,0,0,0,1
1,0,0,0,1
3,1,0,0,4
1,0,0,0,1
3,0,0,0,3
1,0,0,0,1
6,0,0,0,6
1,0,0,0,1
1,0,0,0,1
5,1,0,0,6
1,0,0,0,1
1,0,0,0,1
1,0,0,0,1
1,0,0,0,1
1,0,0,0,1
1,0,0,0,1
1,0,0,0,1
1,0,0,0,1
5,0,0,0,5
1,0,0,0,1
1,0,0,0,1
1,0,0,0,1
1,0,0,0,1
1,0,0,0,1
1,0,0,0,1
1,0,0,0,1
1,0,0,0,1
1,0,0,0,1
3,0,0,0,3
1,0,0,0,1
1,0,0,0,1
1,0,0,0,1
4,0,0,0,4
1,0,0,0,1
7,0,0,0,7
1,0,0,0,1
1,0,0,0,1
1,0,0,0,1
1,0,0,0,1
1,0,0,0,1
10,10,0,0,20
3,0,0,0,3
1,0,0,0,1
3,0,0,0,3
2,0,0,0,2
1,0,0,0,1
1,0,0,0,1
1,5,0,0,6
2,0,0,0,2
1,0,0,0,1
1,0,0,0,1
1,0,0,0,1
1,0,0,0,1
2,5,0,0,7
1,0,0,0,1
1,0,0,0,1
2,0,0,0,2
1,0,0,0,1
2,0,0,0,2
1,0,0,0,1
6,0,0,0,6
4,0,0,0,4
1,0,0,0,1
5,0,0,0,5
2,0,0,0,2
2,0,0,0,2
5,0,0,0,5
1,0,0,0,1
1,0,0,0,1
1,0,0,0,1
2,0,0,0,2
1,0,0,0,1
5,0,0,0,5
1,0,0,0,1
1,0,0,0,1
3,0,0,0,3
3,0,0,0,3
3,0,0,0,3
1,0,0,0,1
1,0,0,0,1
1,0,0,0,1
1,0,0,0,1
4,0,0,0,4
1,0,0,0,1
1,0,0,0,1
6,2,0,0,8
2,4,0,0,6
1,0,0,0,1
1,0,0,0,1
42,0,1,0,43
1,0,0,0,1
1,0,0,0,1
4,0,0,0,4
1,0,0,0,1
2,0,0,0,2
4,0,0,0,4
2,0,0,0,2
6,4,0,0,10
2,0,0,0,2
2,0,0,0,2
5,0,0,0,5
1,0,0,0,1
3,0,0,0,3
1,0,0,0,1
4,0,0,0,4
1,0,0,0,1
1,0,0,0,1
1,0,0,0,1
1,0,0,0,1
6,0,0,0,6
1,0,0,0,1
2,0,0,0,2
1,0,0,0,1
8,0,0,0,8
1,0,0,0,1
1,0,0,0,1
1,0,0,0,1
4,0,0,0,4
3,0,0,0,3
1,2,0,0,3
1,0,0,0,1
1,0,0,0,1
3,0,0,0,3
1,0,0,0,1
3,0,0,0,3
1,0,0,0,1
6,0,0,0,6
1,0,0,0,1
2,0,0,0,2
1,0,0,0,1
2,0,0,0,2
1,0,0,0,1
1,0,0,0,1
1,0,0,0,1
1,0,0,0,1
1,0,0,0,1
2,0,0,0,2
1,0,0,0,1
6,0,0,0,6
1,0,0,0,1
1,0,0,0,1
1,0,0,0,1
1,2,0,0,3
1,0,0,0,1
2,438,0,0,440
4,0,0,0,4
1,0,0,0,1
2,0,0,0,2
1,0,0,0,1
1,0,0,0,1
12,0,0,0,12
1,0,0,0,1
1,0,0,0,1
1,0,0,0,1
1,0,0,0,1
1,0,0,0,1
1,0,0,0,1
1,0,0,0,1
1,0,0,0,1
7,0,0,0,7
2,0,0,0,2
1,0,0,0,1
1,0,0,0,1
1,0,0,0,1
1,0,0,0,1
3,0,0,0,3
1,0,0,0,1
3,6,0,0,9
1,0,0,0,1
1,2,0,0,3
2,2,0,0,4
4,0,0,0,4
1,0,0,0,1
4,0,0,0,4
2,0,0,0,2
1,0,0,0,1
1,0,0,0,1
2,0,0,0,2
1,0,0,0,1
2,0,0,0,2
1,0,0,0,1
2,0,0,0,2
5,2,0,0,7
1,0,0,0,1
1,0,0,0,1
1,0,0,0,1
10,0,0,0,10
2,0,0,0,2
4,0,0,0,4
1,0,0,0,1
2,0,0,0,2
4,0,0,0,4
1,0,0,0,1
1,0,0,0,1
1,0,0,0,1
3,0,0,0,3
19,0,0,0,19
1,0,0,0,1
1,0,0,0,1
1,0,0,0,1
1,0,0,0,1
2,0,0,0,2
1,0,0,0,1
6,0,0,0,6
1,0,0,0,1
2,0,0,0,2
7,74,0,0,81
2,0,0,0,2
2,0,0,0,2
6,0,0,0,6
2,0,0,0,2
1,0,0,0,1
4,0,0,0,4
2,0,0,0,2
1,0,0,0,1
1,0,0,0,1
1,0,0,0,1
2,0,0,0,2
5,0,0,0,5
7,3,2,0,12
2,0,0,0,2
1,0,0,0,1
4,7,0,0,11
1,0,0,0,1
3,0,0,0,3
1,0,0,0,1
6,9,0,0,15
1,0,0,0,1
1,0,0,0,1
2,0,3,0,5
1,0,0,0,1
1,0,0,0,1
1,0,0,0,1
1,0,0,0,1
2,0,0,0,2
1,0,0,0,1
2,0,0,0,2
1,0,0,0,1
3,0,0,0,3
1,0,0,0,1
1,0,0,0,1
1,0,0,0,1
4,0,0,0,4
5,0,0,0,5
2,0,0,0,2
1,0,0,0,1
1,0,0,0,1
1,0,0,0,1
1,0,0,0,1
1,0,0,0,1
1,0,0,0,1
1,0,0,0,1
1,0,0,0,1
1,0,0,0,1
1,0,0,0,1
1,0,0,0,1
1,0,0,0,1
4,0,0,0,4
2,0,0,0,2
1,0,0,0,1
1,0,0,0,1
1,0,0,0,1
1,0,0,0,1
3,0,0,0,3
2,0,0,0,2
2,0,0,0,2
1,0,0,0,1
2,2,0,0,4
1,0,0,0,1
1,0,0,0,1
1,0,0,0,1
1,0,0,0,1
1,0,0,0,1
1,0,0,0,1
3,3,0,0,6
1,0,0,0,1
1,0,0,0,1
6,0,0,0,6
1,0,0,0,1
1,0,0,0,1
2,0,0,0,2
1,0,0,0,1
1,0,0,0,1
19,0,0,0,19
1,0,0,0,1
1,0,0,0,1
1,0,0,0,1
2,0,0,0,2
2,0,0,0,2
1,0,0,0,1
1,0,0,0,1
5,0,0,0,5
1,0,0,0,1
1,0,0,0,1
2,0,0,0,2
2,0,0,0,2
1,0,0,0,1
1,0,0,0,1
1,0,0,0,1
13,0,0,0,13
1,0,0,0,1
3,0,0,0,3
2,0,0,0,2
1,0,0,0,1
2,0,0,0,2
1,0,0,0,1
1,1,0,0,2
1,3,0,0,4
4,6,0,0,10
5,0,0,0,5
2,0,0,0,2
1,0,0,0,1
1,0,0,0,1
2,0,0,0,2
1,0,0,0,1
1,0,0,0,1
1,0,0,0,1
3,0,0,0,3
1,0,0,0,1
1,0,0,0,1
2,0,0,0,2
1,0,0,0,1
1,0,0,0,1
1,0,0,0,1
1,0,0,0,1
1,0,0,0,1
1,0,0,0,1
7,0,0,0,7
1,0,0,0,1
1,0,0,0,1
3,0,0,0,3
1,0,0,0,1
1,28,0,0,29
3,0,0,0,3
1,0,0,0,1
4,2,0,0,6
1,0,0,0,1
5,0,0,0,5
2,0,0,0,2
1,0,0,0,1
1,0,0,0,1
1,0,0,0,1
18,0,0,0,18
1,0,0,0,1
1,2,0,0,3
1,0,0,0,1
1,0,0,0,1
1,0,0,0,1
1,0,0,0,1
1,0,0,0,1
1,0,0,0,1
4,0,0,0,4
1,0,0,0,1
1,0,0,0,1
1,0,0,0,1
5,0,0,0,5
1,0,0,0,1
1,0,0,0,1
2,0,0,0,2
7,0,0,0,7
1,0,0,0,1
1,0,0,0,1
1,0,0,0,1
1,0,0,0,1
1,0,0,0,1
1,0,0,0,1
2,0,0,0,2
1,0,0,0,1
1,0,0,0,1
3,0,0,0,3
1,0,0,0,1
1,0,0,0,1
1,0,0,0,1
1,0,0,0,1
1,0,0,0,1
2,0,0,0,2
1,0,0,0,1
1,0,0,0,1
3,0,0,0,3
1,0,0,0,1
1,0,0,0,1
1,0,0,0,1
1,0,0,0,1
1,0,0,0,1
1,0,0,0,1
2,0,0,0,2
1,0,0,0,1
1,0,0,0,1
1,0,0,0,1
2,0,0,0,2
1,0,0,0,1
1,0,0,0,1
1,0,0,0,1
5,2,2,0,9
1,0,0,0,1
1,0,0,0,1
2,0,0,0,2
1,0,0,0,1
14,0,0,0,14
2,0,0,0,2
2,0,0,0,2
5,0,0,0,5
1,0,0,0,1
1,0,0,0,1
2,0,0,0,2
1,0,0,0,1
5,1,0,0,6
5,1,1,0,7
3,0,0,0,3
1,0,0,0,1
1,0,0,0,1
4,0,0,0,4
1,0,0,0,1
3,1,0,0,4
1,0,0,0,1
4,0,0,0,4
1,0,0,0,1
1,0,0,0,1
2,0,0,0,2
5,1,0,0,6
1,0,0,0,1
2,0,0,0,2
1,0,0,0,1
1,0,0,0,1
1,0,0,0,1
2,0,0,0,2
1,0,0,0,1
1,0,0,0,1
1,0,0,0,1
1,0,0,0,1
2,0,0,0,2
2,0,0,0,2
1,0,0,0,1
2,0,0,0,2
1,0,0,0,1
1,0,0,0,1
1,0,0,0,1
4,0,0,0,4
1,0,0,0,1
7,0,0,0,7
1,0,0,0,1
1,0,0,0,1
2,0,0,0,2
1,0,0,0,1
1,0,0,0,1
1,0,0,0,1
1,0,0,0,1
1,0,0,0,1
1,0,0,0,1
3,0,0,0,3
2,2,1,0,5
1,0,0,0,1
4,0,0,0,4
1,0,0,0,1
1,0,0,0,1
2,0,0,0,2
1,0,0,0,1
1,0,0,0,1
1,0,0,0,1
1,0,0,0,1
1,0,0,0,1
1,0,0,0,1
1,0,0,0,1
3,0,0,0,3
1,0,0,0,1
3,0,0,0,3
1,0,0,0,1
8,0,0,0,8
3,0,0,0,3
1,0,0,0,1
1,0,0,0,1
4,10,0,0,14
2,0,0,0,2
6,0,0,0,6
1,4,0,0,5
1,0,0,0,1
2,0,0,0,2
1,0,0,0,1
1,0,0,0,1
3,0,0,0,3
1,0,0,0,1
4,2,0,0,6
2,0,0,0,2
1,0,0,0,1
1,0,0,0,1
1,0,0,0,1
5,11,0,0,16
2,0,0,0,2
1,0,0,0,1
1,0,0,0,1
1,0,0,0,1
2,0,0,0,2
1,0,0,0,1
1,0,0,0,1
1,0,0,0,1
1,0,0,0,1
1,0,0,0,1
1,0,0,0,1
1,0,0,0,1
1,0,0,0,1
1,0,0,0,1
1,0,0,0,1
1,0,0,0,1
3,0,0,0,3
1,0,0,0,1
2,4,1,0,7
1,0,0,0,1
5,0,0,0,5
1,0,0,0,1
1,0,0,0,1
1,0,0,0,1
7,0,0,0,7
11,0,0,0,11
3,0,0,0,3
1,0,0,0,1
1,0,0,0,1
1,0,0,0,1
3,0,0,0,3
1,0,0,0,1
5,0,0,0,5
1,0,0,0,1
1,0,0,0,1
7,1,0,0,8
1,0,0,0,1
4,0,1,0,5
6,0,0,0,6
2,1,0,0,3
1,0,0,0,1
1,0,0,0,1
1,0,0,0,1
1,0,0,0,1
1,0,0,0,1
15,0,0,0,15
2,0,0,0,2
2,0,0,0,2
1,0,0,0,1
1,0,0,0,1
11,2,0,0,13
1,0,0,0,1
1,0,0,0,1
1,0,0,0,1
2,0,0,0,2
1,0,0,0,1
2,0,0,0,2
1,0,0,0,1
1,0,0,0,1
1,10,0,0,11
3,0,0,0,3
1,0,0,0,1
1,0,0,0,1
1,0,0,0,1
1,0,0,0,1
1,0,0,0,1
3,0,0,0,3
1,1,0,0,2
1,0,0,0,1
1,0,0,0,1
3,0,0,0,3
1,0,0,0,1
3,23,0,0,26
1,5,0,0,6
1,0,0,0,1
1,14,2,0,17
2,2,0,0,4
3,0,0,0,3
1,0,0,0,1
1,3,0,0,4
1,0,0,0,1
7,0,0,0,7
1,0,0,0,1
1,0,0,0,1
3,0,0,0,3
1,0,0,0,1
1,0,0,0,1
3,0,0,0,3
7,0,0,0,7
1,0,0,0,1
1,0,0,0,1
1,0,0,0,1
1,0,0,0,1
1,0,0,0,1
1,0,0,0,1
3,0,0,0,3
1,0,0,0,1
21,15,0,0,36
1,0,0,0,1
1,0,0,0,1
1,0,0,0,1
1,0,0,0,1
1,0,0,0,1
4,2,0,0,6
1,0,0,0,1
1,0,0,0,1
3,0,0,0,3
1,0,0,0,1
1,0,0,0,1
1,0,0,0,1
3,0,0,0,3
1,0,0,0,1
7,0,0,0,7
1,0,0,0,1
1,0,0,0,1
1,0,0,0,1
1,592,0,0,593
1,4,0,0,5
1,1,0,0,2
5,5,1,0,11
3,0,0,0,3
1,0,0,0,1
1,0,0,0,1
1,0,0,0,1
1,0,0,0,1
1,0,0,0,1
2,0,0,0,2
3,0,0,0,3
1,0,0,0,1
1,0,0,0,1
1,0,0,0,1
1,0,0,0,1
1,0,0,0,1
1,0,0,0,1
1,0,0,0,1
1,0,0,0,1
3,0,0,0,3
1,0,0,0,1
12,27,0,0,39
5,0,0,0,5
2,0,0,0,2
2,0,0,0,2
15,0,0,0,15
2,0,0,0,2
1,0,0,0,1
2,0,0,0,2
1,0,0,0,1
2,1,1,0,4
1,0,0,0,1
2,0,0,0,2
3,0,0,0,3
1,0,0,0,1
3,0,0,0,3
2,0,0,0,2
1,0,0,0,1
1,0,0,0,1
2,8,0,0,10
1,0,0,0,1
1,0,0,0,1
1,0,0,0,1
1,0,0,0,1
1,0,0,0,1
1,0,0,0,1
1,0,0,0,1
1,0,0,0,1
1,0,0,0,1
1,0,0,0,1
2,0,0,0,2
7,0,0,0,7
7,4,0,0,11
1,0,0,0,1
2,0,0,0,2
1,0,0,0,1
1,0,0,0,1
1,0,0,0,1
7,2,0,0,9
2,0,0,0,2
7,0,0,0,7
3,0,0,0,3
1,0,0,0,1
1,0,0,0,1
1,0,0,0,1
2,0,0,0,2
1,0,0,0,1
1,3,0,0,4
2,0,0,0,2
1,0,0,0,1
3,0,0,0,3
9,8,0,0,17
8,0,0,0,8
1,0,0,0,1
1,0,0,0,1
1,0,0,0,1
9,4,0,0,13
1,0,0,0,1
1,0,0,0,1
1,0,0,0,1
3,30,3,0,36
2,0,0,0,2
1,0,0,0,1
1,0,0,0,1
1,0,0,0,1
1,0,0,0,1
4,0,0,0,4
4,0,0,0,4
2,0,0,0,2
1,0,0,0,1
3,0,0,0,3
1,0,0,0,1
2,0,0,0,2
13,0,0,0,13
1,0,0,0,1
1,10,0,0,11
7,0,0,0,7
2,0,0,0,2
54,1,1,0,56
1,0,0,0,1
1,0,0,0,1
1,0,0,0,1
4,0,0,0,4
4,0,0,0,4
1,0,0,0,1
4,0,0,0,4
2,0,0,0,2
1,0,0,0,1
3,0,0,0,3
1,0,0,0,1
1,0,0,0,1
2,0,0,0,2
1,0,0,0,1
2,0,0,0,2
10,0,0,0,10
1,0,0,0,1
16,0,0,0,16
3,2,0,0,5
1,0,0,0,1
2,0,0,0,2
3,0,0,0,3
2,0,0,0,2
1,0,0,0,1
1,0,0,0,1
1,0,0,0,1
2,0,0,0,2
1,0,0,0,1
1,0,0,0,1
1,0,0,0,1
4,0,0,0,4
1,0,0,0,1
1,0,0,0,1
1,0,0,0,1
2,0,0,0,2
5,0,0,0,5
3,0,0,0,3
1,0,0,0,1
1,0,0,0,1
1,0,0,0,1
4,0,0,0,4
1,0,0,0,1
1,0,0,0,1
1,0,0,0,1
2,0,0,0,2
3,0,0,0,3
1,0,0,0,1
4,0,0,0,4
1,0,0,0,1
4,4,0,0,8
1,0,0,0,1
1,0,0,0,1
2,0,0,0,2
1,0,0,0,1
1,0,0,0,1
1,0,0,0,1
1,0,0,0,1
1,0,0,0,1
6,0,0,0,6
1,0,0,0,1
6,1,3,0,10
1,0,0,0,1
1,0,0,0,1
1,0,0,0,1
1,0,0,0,1
3,0,0,0,3
1,0,0,0,1
1,0,0,0,1
3,0,0,0,3
2,0,0,0,2
10,0,0,0,10
1,0,0,0,1
1,0,0,0,1
1,0,0,0,1
1,0,0,0,1
1,0,0,0,1
1,0,0,0,1
1,0,0,0,1
3,0,0,0,3
1,0,0,0,1
1,0,0,0,1
3,0,0,0,3
1,0,0,0,1
1,0,0,0,1
1,0,0,0,1
1,0,0,0,1
1,0,0,0,1
2,0,0,0,2
1,0,0,0,1
4,0,0,0,4
1,0,0,0,1
1,0,0,0,1
1,0,0,0,1
2,0,0,0,2
3,0,0,0,3
2,0,0,0,2
1,0,0,0,1
3,0,0,0,3
1,0,0,0,1
1,0,0,0,1
1,0,0,0,1
3,0,0,0,3
3,0,0,0,3
1,0,0,0,1
1,0,0,0,1
1,0,0,0,1
4,0,1,0,5
1,0,0,0,1
1,0,0,0,1
4,0,0,0,4
3,0,0,0,3
3,0,0,0,3
1,0,0,0,1
3,0,0,0,3
1,0,0,0,1
1,0,0,0,1
1,0,0,0,1
3,0,0,0,3
2,1,0,0,3
1,0,0,0,1
1,0,0,0,1
1,0,0,0,1
2,0,0,0,2
2,0,0,0,2
2,0,0,0,2
1,0,0,0,1
1,0,0,0,1
1,0,0,0,1
2,0,0,0,2
1,0,0,0,1
1,0,0,0,1
1,0,0,0,1
2,0,0,0,2
1,0,0,0,1
2,0,0,0,2
1,0,0,0,1
9,0,0,0,9
1,0,0,0,1
2,0,0,0,2
16,3,0,0,19
2,0,0,0,2
1,0,0,0,1
20,1,0,0,21
1,0,0,0,1
5,0,0,0,5
2,0,0,0,2
2,0,0,0,2
4,0,0,0,4
4,0,0,0,4
3,0,0,0,3
1,0,0,0,1
10,0,0,0,10
5,0,0,0,5
1,0,0,0,1
1,0,0,0,1
1,0,0,0,1
1,0,0,0,1
2,8,0,0,10
2,0,0,0,2
3,0,0,0,3
1,0,0,0,1
2,0,0,0,2
1,0,0,0,1
4,3,0,0,7
1,0,0,0,1
1,0,0,0,1
1,0,0,0,1
1,0,0,0,1
1,0,0,0,1
1,0,0,0,1
1,0,0,0,1
3,0,0,0,3
8,0,0,0,8
21,55,5,0,81
1,0,0,0,1
1,0,0,0,1
1,0,0,0,1
1,0,0,0,1
2,0,0,0,2
4,0,0,0,4
1,0,0,0,1
3,0,0,0,3
5,0,0,0,5
2,0,0,0,2
1,0,0,0,1
1,0,0,0,1
5,0,0,0,5
1,0,0,0,1
2,0,0,0,2
19,0,0,0,19
5,0,0,0,5
5,0,0,0,5
1,0,0,0,1
1,0,0,0,1
2,0,0,0,2
1,0,0,0,1
1,0,0,0,1
1,0,0,0,1
1,0,0,0,1
1,0,0,0,1
1,0,0,0,1
1,0,0,0,1
1,0,0,0,1
1,0,0,0,1
1,0,0,0,1
1,0,0,0,1
1,0,0,0,1
1,0,0,0,1
10,0,0,0,10
1,0,0,0,1
1,0,0,0,1
1,0,0,0,1
1,0,0,0,1
1,0,0,0,1
1,0,0,0,1
2,0,0,0,2
2,0,0,0,2
1,0,0,0,1
1,0,0,0,1
1,0,0,0,1
1,0,0,0,1
1,0,0,0,1
1,0,0,0,1
1,0,0,0,1
1,0,0,0,1
2,0,0,0,2
1,0,0,0,1
1,0,0,0,1
13,0,0,0,13
1,0,0,0,1
5,0,0,0,5
1,0,0,0,1
2,0,0,0,2
1,0,0,0,1
1,0,0,0,1
1,0,0,0,1
7,0,0,0,7
1,0,0,0,1
1,0,0,0,1
3,2,0,0,5
1,0,0,0,1
1,0,0,0,1
1,0,0,0,1
2,0,0,0,2
1,0,0,0,1
1,0,0,0,1
1,0,0,0,1
2,0,0,0,2
3,0,0,0,3
1,0,0,0,1
4,0,0,0,4
1,0,0,0,1
1,0,0,0,1
1,0,0,0,1
2,0,0,0,2
2,2,0,0,4
1,0,0,0,1
12,12,2,0,26
1,0,0,0,1
3,0,0,0,3
2,0,0,0,2
1,0,0,0,1
2,0,0,0,2
1,0,0,0,1
1,0,0,0,1
1,0,0,0,1
1,0,0,0,1
1,0,0,0,1
1,0,0,0,1
1,0,0,0,1
1,0,0,0,1
1,0,0,0,1
4,0,0,0,4
1,0,0,0,1
8,0,0,0,8
1,0,0,0,1
2,1,0,0,3
3,0,0,0,3
5,0,0,0,5
1,0,0,0,1
2,1,0,0,3
2,0,0,0,2
2,0,0,0,2
8,0,0,0,8
5,6,8,0,19
7,0,0,0,7
1,0,0,0,1
2,0,0,0,2
1,0,0,0,1
3,2,0,0,5
2,0,0,0,2
3,0,0,0,3
2,0,0,0,2
2,0,0,0,2
3,0,0,0,3
1,0,0,0,1
1,0,0,0,1
1,0,0,0,1
2,0,0,0,2
1,0,0,0,1
1,0,0,0,1
1,0,0,0,1
1,0,0,0,1
1,0,0,0,1
2,0,0,0,2
1,0,0,0,1
1,0,0,0,1
2,0,0,0,2
1,0,0,0,1
1,0,0,0,1
1,0,0,0,1
4,4,2,0,10
1,0,0,0,1
1,0,0,0,1
4,0,0,0,4
1,0,0,0,1
2,0,0,0,2
2,0,0,0,2
1,0,0,0,1
2,0,0,0,2
4,0,0,0,4
58,3,1,0,62
2,0,0,0,2
5,0,0,0,5
6,0,0,0,6
1,0,0,0,1
6,0,0,0,6
2,0,0,0,2
1,0,0,0,1
1,0,0,0,1
2,0,0,0,2
2,0,0,0,2
1,0,0,0,1
1,0,0,0,1
1,0,0,0,1
1,0,0,0,1
1,0,0,0,1
1,0,0,0,1
1,0,0,0,1
8,0,0,0,8
2,0,0,0,2
2,0,0,0,2
1,0,0,0,1
1,0,0,0,1
1,0,0,0,1
13,1,1,0,15
1,0,0,0,1
1,0,0,0,1
4,0,0,0,4
1,0,0,0,1
1,0,0,0,1
4,0,0,0,4
2,0,0,0,2
1,0,0,0,1
1,0,0,0,1
2,0,0,0,2
3,0,0,0,3
3,0,0,0,3
3,0,0,0,3
7,0,0,0,7
1,0,0,0,1
1,0,0,0,1
6,0,0,0,6
4,0,0,0,4
2,0,0,0,2
1,0,0,0,1
1,0,0,0,1
1,0,0,0,1
4,0,0,0,4
1,0,0,0,1
2,0,0,0,2
2,0,0,0,2
2,2,0,0,4
1,0,0,0,1
1,0,0,0,1
1,2,0,0,3
1,0,0,0,1
2,0,0,0,2
1,0,0,0,1
1,0,0,0,1
3,0,0,0,3
1,0,0,0,1
1,0,0,0,1
2,0,0,0,2
1,0,0,0,1
2,0,0,0,2
1,4,0,0,5
7,0,1,0,8
2,0,0,0,2
1,0,0,0,1
4,0,0,0,4
1,0,0,0,1
8,179,0,0,187
1,0,0,0,1
1,0,0,0,1
10,0,0,0,10
1,0,0,0,1
2,0,0,0,2
1,0,0,0,1
2,0,0,0,2
1,0,0,0,1
1,0,0,0,1
5,11,0,0,16
1,0,0,0,1
1,0,0,0,1
1,0,0,0,1
1,1,0,0,2
1,0,0,0,1
2,0,0,0,2
1,0,0,0,1
5,2,0,0,7
1,0,0,0,1
3,0,0,0,3
1,7,0,0,8
1,0,0,0,1
1,0,0,0,1
3,1,0,0,4
2,0,0,0,2
1,0,0,0,1
2,0,0,0,2
1,0,0,0,1
3,0,0,0,3
2,0,0,0,2
1,0,0,0,1
2,0,0,0,2
1,0,0,0,1
1,0,0,0,1
1,0,0,0,1
1,0,0,0,1
1,0,0,0,1
1,0,0,0,1
1,0,0,0,1
1,0,0,0,1
7,0,0,0,7
3,0,0,0,3
1,0,0,0,1
1,0,0,0,1
1,0,0,0,1
2,0,0,0,2
2,0,0,0,2
1,0,0,0,1
1,2,0,0,3
3,0,0,0,3
1,0,0,0,1
4,0,0,0,4
1,0,0,0,1
1,0,0,0,1
7,0,0,0,7
3,0,0,0,3
4,0,0,0,4
1,0,0,0,1
1,0,0,0,1
1,0,0,0,1
2,0,0,0,2
2,0,0,0,2
1,0,0,0,1
1,0,0,0,1
3,0,0,0,3
1,0,0,0,1
1,0,0,0,1
1,0,0,0,1
1,0,0,0,1
1,0,0,0,1
2,0,0,0,2
1,0,0,0,1
2,0,0,0,2
1,0,0,0,1
2,0,0,0,2
1,0,0,0,1
2,0,0,0,2
2,0,0,0,2
1,0,0,0,1
2,0,0,0,2
1,0,0,0,1
2,0,0,0,2
1,0,0,0,1
1,0,0,0,1
1,0,0,0,1
2,0,0,0,2
1,0,0,0,1
1,0,0,0,1
3,0,0,0,3
1,0,0,0,1
1,0,0,0,1
9,1,0,0,10
3,0,0,0,3
2,0,0,0,2
1,2,0,0,3
2,0,0,0,2
35,0,0,0,35
2,0,0,0,2
1,0,0,0,1
1,1,1,0,3
1,0,0,0,1
1,0,0,0,1
1,2,0,0,3
8,2,0,0,10
1,0,0,0,1
3,0,0,0,3
1,0,0,0,1
1,0,0,0,1
2,0,0,0,2
1,0,0,0,1
8,2,0,0,10
2,0,0,0,2
2,0,0,0,2
1,0,0,0,1
3,0,0,0,3
2,0,0,0,2
2,0,0,0,2
1,0,0,0,1
1,0,0,0,1
1,0,0,0,1
1,0,0,0,1
2,0,0,0,2
1,0,0,0,1
2,0,0,0,2
1,0,0,0,1
1,0,0,0,1
3,0,0,0,3
3,0,0,0,3
1,0,0,0,1
5,0,0,0,5
1,0,0,0,1
1,0,0,0,1
1,0,0,0,1
16,0,0,0,16
5,0,0,0,5
1,0,0,0,1
1,0,0,0,1
1,0,0,0,1
4,0,0,0,4
2,0,0,0,2
1,0,0,0,1
1,0,0,0,1
1,0,0,0,1
1,2,0,0,3
1,0,0,0,1
1,0,0,0,1
1,0,0,0,1
1,0,0,0,1
1,0,0,0,1
1,0,0,0,1
8,0,0,0,8
1,0,0,0,1
1,0,0,0,1
1,0,0,0,1
2,0,0,0,2
1,0,0,0,1
6,0,0,0,6
2,0,0,0,2
1,0,0,0,1
2,0,0,0,2
1,0,0,0,1
1,0,0,0,1
1,2,0,0,3
1,0,0,0,1
1,0,0,0,1
1,0,1,0,2
2,0,0,0,2
3,0,0,0,3
2,0,0,0,2
3,0,0,0,3
7,0,0,0,7
1,0,0,0,1
3,0,0,0,3
3,0,0,0,3
7,0,0,0,7
1,0,0,0,1
1,0,0,0,1
1,0,0,0,1
1,0,0,0,1
1,0,0,0,1
1,0,0,0,1
1,0,0,0,1
1,0,0,0,1
4,12,1,0,17
1,0,0,0,1
1,0,0,0,1
1,0,0,0,1
2,0,0,0,2
1,0,0,0,1
3,0,0,0,3
3,0,0,0,3
1,0,0,0,1
1,0,0,0,1
13,0,0,0,13
1,0,0,0,1
1,0,0,0,1
1,0,0,0,1
34,15,0,0,49
2,0,0,0,2
6,0,0,0,6
2,0,0,0,2
2,0,0,0,2
1,0,0,0,1
1,0,0,0,1
1,0,0,0,1
1,0,0,0,1
1,0,0,0,1
1,0,0,0,1
1,0,0,0,1
2,0,0,0,2
1,0,0,0,1
1,0,0,0,1
1,0,0,0,1
4,0,0,0,4
1,0,0,0,1
5,0,0,0,5
1,0,0,0,1
17,1,0,0,18
1,0,0,0,1
1,0,0,0,1
3,0,0,0,3
2,0,0,0,2
1,0,0,0,1
3,0,1,0,4
1,0,0,0,1
1,0,0,0,1
1,0,0,0,1
13,0,0,0,13
1,0,0,0,1
2,0,0,0,2
17,3,0,0,20
2,0,0,0,2
1,0,0,0,1
1,0,0,0,1
1,0,0,0,1
1,0,0,0,1
2,0,0,0,2
1,0,0,0,1
1,0,0,0,1
1,0,0,0,1
1,0,0,0,1
1,0,0,0,1
1,0,0,0,1
1,0,0,0,1
3,0,0,0,3
1,0,0,0,1
14,0,0,0,14
1,0,0,0,1
13,0,0,0,13
16,0,0,0,16
9,0,0,0,9
1,0,0,0,1
1,0,0,0,1
1,0,0,0,1
2,0,0,0,2
2,0,0,0,2
1,1,0,0,2
1,0,0,0,1
1,0,0,0,1
2,0,0,0,2
3,0,0,0,3
10,0,0,0,10
2,0,0,0,2
3,0,0,0,3
2,0,0,0,2
1,0,0,0,1
2,0,0,0,2
8,0,0,0,8
2,0,0,0,2
3,0,0,0,3
2,0,0,0,2
6,0,0,0,6
1,0,0,0,1
1,0,0,0,1
1,0,0,0,1
1,0,0,0,1
1,0,0,0,1
2,0,0,0,2
4,0,0,0,4
7,0,0,0,7
2,0,0,0,2
1,0,0,0,1
5,0,0,0,5
3,0,0,0,3
1,0,0,0,1
1,0,0,0,1
1,0,0,0,1
6,0,0,0,6
2,0,0,0,2
9,1,0,0,10
3,0,0,0,3
1,0,0,0,1
2,0,0,0,2
1,73,2,0,76
1,0,0,0,1
3,0,0,0,3
2,0,0,0,2
2,0,0,0,2
1,0,0,0,1
1,0,0,0,1
6,0,0,0,6
2,0,0,0,2
1,0,0,0,1
1,0,0,0,1
1,0,0,0,1
1,0,0,0,1
2,0,0,0,2
1,0,0,0,1
3,0,0,0,3
1,0,0,0,1
5,0,0,0,5
1,0,0,0,1
1,0,0,0,1
1,0,0,0,1
1,0,0,0,1
1,0,0,0,1
5,0,0,0,5
1,0,0,0,1
1,0,0,0,1
1,0,0,0,1
2,0,0,0,2
2,1,1,0,4
1,0,0,0,1
1,0,0,0,1
1,0,0,0,1
1,0,0,0,1
1,0,0,0,1
1,0,0,0,1
1,0,0,0,1
1,0,0,0,1
1,0,0,0,1
1,0,0,0,1
1,0,0,0,1
3,0,0,0,3
1,0,0,0,1
1,0,0,0,1
1,0,0,0,1
1,0,0,0,1
1,0,0,0,1
1,0,0,0,1
2,0,0,0,2
1,0,0,0,1
1,0,0,0,1
1,0,0,0,1
6,0,0,0,6
1,0,0,0,1
4,0,0,0,4
2,0,0,0,2
1,0,0,0,1
1,0,0,0,1
4,0,0,0,4
2,0,0,0,2
1,4,0,0,5
1,0,0,0,1
1,0,0,0,1
2,0,0,0,2
1,0,0,0,1
1,0,0,0,1
1,0,0,0,1
1,0,0,0,1
1,592,0,0,593
1,0,0,0,1
7,1,0,0,8
1,0,0,0,1
9,0,0,0,9
1,0,0,0,1
2,0,0,0,2
5,0,0,0,5
1,0,0,0,1
1,0,0,0,1
1,0,0,0,1
1,0,0,0,1
1,0,0,0,1
1,0,0,0,1
6,0,0,0,6
1,0,0,0,1
2,0,0,0,2
1,0,0,0,1
3,0,0,0,3
1,0,0,0,1
1,0,0,0,1
1,0,0,0,1
3,0,0,0,3
2,2,0,0,4
1,0,0,0,1
1,0,0,0,1
1,0,0,0,1
1,0,0,0,1
2,0,0,0,2
1,0,0,0,1
1,0,0,0,1
1,0,0,0,1
1,0,0,0,1
1,0,0,0,1
1,0,0,0,1
1,0,0,0,1
8,14,1,0,23
1,0,0,0,1
1,0,0,0,1
8,27,0,0,35
1,0,0,0,1
1,0,0,0,1
2,0,0,0,2
1,0,0,0,1
1,0,0,0,1
1,0,0,0,1
1,0,0,0,1
1,0,0,0,1
1,0,0,0,1
1,0,0,0,1
1,0,0,0,1
1,0,0,0,1
2,0,0,0,2
1,0,0,0,1
1,0,0,0,1
1,0,0,0,1
1,0,0,0,1
3,0,0,0,3
1,0,0,0,1
1,0,0,0,1
2,0,0,0,2
1,0,0,0,1
1,0,0,0,1
1,0,0,0,1
1,0,0,0,1
1,0,0,0,1
5,0,0,0,5
4,0,0,0,4
1,0,0,0,1
3,0,0,0,3
1,0,0,0,1
2,0,0,0,2
2,0,0,0,2
2,0,0,0,2
5,0,0,0,5
4,0,0,0,4
1,0,0,0,1
1,0,0,0,1
1,0,0,0,1
2,0,0,0,2
1,0,0,0,1
1,0,0,0,1
1,0,0,0,1
1,0,0,0,1
1,0,0,0,1
4,0,0,0,4
2,0,0,0,2
1,0,0,0,1
2,0,0,0,2
1,0,0,0,1
5,0,0,0,5
2,0,0,0,2
1,0,0,0,1
1,0,0,0,1
1,0,0,0,1
3,0,0,0,3
2,0,0,0,2
1,2,0,0,3
1,0,0,0,1
1,0,0,0,1
5,0,0,0,5
1,0,0,0,1
1,0,0,0,1
2,2,0,0,4
1,0,0,0,1
11,0,0,0,11
1,0,0,0,1
1,0,0,0,1
12,1,4,0,17
8,0,0,0,8
2,0,0,0,2
1,0,0,0,1
1,0,0,0,1
1,0,0,0,1
1,0,0,0,1
2,0,0,0,2
18,0,0,0,18
1,0,0,0,1
1,0,0,0,1
1,0,0,0,1
1,0,0,0,1
1,0,0,0,1
22,0,0,0,22
2,0,0,0,2
1,0,0,0,1
1,0,0,0,1
2,0,0,0,2
1,0,0,0,1
13,6,0,0,19
1,0,0,0,1
1,0,0,0,1
2,0,0,0,2
1,0,0,0,1
1,0,0,0,1
1,0,0,0,1
1,0,0,0,1
1,0,0,0,1
1,0,0,0,1
1,0,0,0,1
1,0,0,0,1
4,0,0,0,4
2,0,0,0,2
1,0,0,0,1
1,0,0,0,1
3,0,0,0,3
2,6,0,0,8
1,0,0,0,1
1,0,0,0,1
2,0,0,0,2
2,0,0,0,2
1,0,0,0,1
1,0,0,0,1
1,0,0,0,1
1,0,0,0,1
1,0,0,0,1
4,0,0,0,4
1,0,0,0,1
1,0,0,0,1
1,0,0,0,1
6,0,0,0,6
2,0,0,0,2
1,0,0,0,1
3,0,0,0,3
1,0,0,0,1
1,0,0,0,1
3,0,0,0,3
1,0,0,0,1
1,0,0,0,1
1,0,0,0,1
2,0,0,0,2
2,0,0,0,2
1,0,0,0,1
1,0,0,0,1
2,0,0,0,2
1,0,0,0,1
1,0,0,0,1
1,0,0,0,1
4,0,0,0,4
3,0,0,0,3
1,11,0,0,12
1,0,0,0,1
1,0,0,0,1
1,0,0,0,1
3,0,0,0,3
1,0,0,0,1
1,0,0,0,1
1,0,0,0,1
2,0,0,0,2
1,0,0,0,1
1,0,0,0,1
2,0,0,0,2
3,1,0,0,4
1,0,0,0,1
1,0,0,0,1
1,0,0,0,1
1,0,0,0,1
1,0,0,0,1
1,0,0,0,1
2,1,0,0,3
1,0,0,0,1
1,0,0,0,1
2,0,0,0,2
2,0,0,0,2
1,0,0,0,1
1,0,0,0,1
1,0,0,0,1
3,0,0,0,3
1,0,0,0,1
1,0,0,0,1
3,0,0,0,3
6,0,0,0,6
1,0,0,0,1
3,0,0,0,3
1,0,0,0,1
3,0,0,0,3
2,3,1,0,6
3,0,0,0,3
1,0,0,0,1
1,0,0,0,1
1,0,0,0,1
3,0,0,0,3
1,0,0,0,1
4,0,0,0,4
1,0,0,0,1
1,0,0,0,1
1,0,0,0,1
3,0,0,0,3
1,0,0,0,1
8,0,0,0,8
1,0,0,0,1
1,0,0,0,1
1,0,0,0,1
1,0,0,0,1
1,0,0,0,1
1,0,0,0,1
3,0,0,0,3
1,0,0,0,1
1,0,0,0,1
1,0,0,0,1
1,0,0,0,1
1,0,0,0,1
1,0,0,0,1
1,0,0,0,1
4,0,0,0,4
1,0,0,0,1
1,0,0,0,1
2,0,0,0,2
1,0,0,0,1
7,75,0,0,82
4,0,0,0,4
6,0,0,0,6
4,0,0,0,4
1,0,0,0,1
2,0,0,0,2
1,0,0,0,1
1,0,0,0,1
1,0,0,0,1
1,0,0,0,1
1,0,0,0,1
1,0,0,0,1
1,0,0,0,1
6,0,0,0,6
3,0,0,0,3
2,0,0,0,2
2,0,0,0,2
7,0,0,0,7
1,0,0,0,1
1,0,0,0,1
1,0,0,0,1
3,0,0,0,3
1,0,0,0,1
1,0,0,0,1
1,0,0,0,1
2,0,0,0,2
3,0,0,0,3
3,0,0,0,3
1,0,0,0,1
1,0,0,0,1
1,0,1,0,2
3,0,0,0,3
10,0,0,0,10
1,0,0,0,1
2,0,0,0,2
1,0,0,0,1
1,0,0,0,1
3,0,0,0,3
1,0,0,0,1
1,0,0,0,1
7,0,0,0,7
1,0,0,0,1
1,0,0,0,1
8,0,0,0,8
1,0,0,0,1
1,0,0,0,1
1,0,0,0,1
1,0,0,0,1
1,0,0,0,1
1,0,0,0,1
3,0,0,0,3
2,0,0,0,2
2,0,0,0,2
1,0,0,0,1
3,0,0,0,3
1,0,0,0,1
1,0,0,0,1
5,16,0,0,21
3,4,0,0,7
2,0,0,0,2
1,0,0,0,1
1,0,0,0,1
3,0,0,0,3
1,0,0,0,1
5,0,0,0,5
1,0,0,0,1
3,0,0,0,3
2,0,0,0,2
1,0,0,0,1
1,0,0,0,1
5,2,1,0,8
1,0,0,0,1
1,0,0,0,1
2,0,0,0,2
4,0,0,0,4
3,0,0,0,3
2,0,0,0,2
1,0,0,0,1
1,0,0,0,1
3,0,0,0,3
2,0,0,0,2
1,0,0,0,1
1,0,0,0,1
2,0,0,0,2
1,0,0,0,1
1,0,0,0,1
5,0,0,0,5
2,0,0,0,2
3,0,0,0,3
1,0,0,0,1
1,0,0,0,1
2,0,1,0,3
1,0,0,0,1
1,0,0,0,1
1,0,0,0,1
1,9,0,0,10
2,0,0,0,2
1,0,0,0,1
1,0,0,0,1
1,0,0,0,1
1,0,0,0,1
1,0,0,0,1
1,0,0,0,1
1,0,0,0,1
1,0,0,0,1
1,0,0,0,1
2,0,0,0,2
3,0,0,0,3
3,0,0,0,3
1,0,0,0,1
1,0,0,0,1
1,0,0,0,1
1,0,0,0,1
2,0,0,0,2
1,0,0,0,1
1,0,0,0,1
4,0,0,0,4
1,3,0,0,4
1,0,0,0,1
1,14,0,0,15
1,0,0,0,1
1,0,0,0,1
1,0,0,0,1
1,0,0,0,1
1,0,0,0,1
3,0,0,0,3
1,0,0,0,1
1,0,0,0,1
3,0,0,0,3
4,0,0,0,4
1,0,0,0,1
3,0,0,0,3
1,0,0,0,1
3,0,0,0,3
4,0,0,0,4
4,0,0,0,4
1,0,0,0,1
1,0,0,0,1
7,0,0,0,7
2,0,0,0,2
1,0,0,0,1
1,0,0,0,1
1,0,0,0,1
2,0,0,0,2
2,0,0,0,2
7,0,0,0,7
1,0,0,0,1
4,0,0,0,4
6,2,0,0,8
5,0,0,0,5
2,0,0,0,2
1,0,0,0,1
4,0,0,0,4
2,0,0,0,2
1,0,0,0,1
1,0,0,0,1
4,0,0,0,4
2,0,0,0,2
1,0,0,0,1
1,0,0,0,1
1,0,0,0,1
1,0,1,0,2
1,0,0,0,1
1,0,0,0,1
1,0,0,0,1
1,0,0,0,1
1,0,0,0,1
2,0,0,0,2
1,0,0,0,1
2,0,0,0,2
1,0,0,0,1
1,0,0,0,1
1,0,0,0,1
4,0,0,0,4
1,0,0,0,1
7,0,0,0,7
1,0,0,0,1
6,19,0,0,25
1,0,0,0,1
2,0,0,0,2
4,0,0,0,4
1,0,0,0,1
2,0,0,0,2
1,0,0,0,1
2,0,0,0,2
1,0,0,0,1
1,0,0,0,1
1,0,0,0,1
1,0,0,0,1
1,0,0,0,1
2,0,0,0,2
1,0,0,0,1
1,0,0,0,1
1,0,0,0,1
1,0,0,0,1
3,1,2,0,6
1,0,0,0,1
5,1,0,0,6
1,0,0,0,1
3,5,0,0,8
2,1,2,0,5
8,0,0,0,8
1,0,0,0,1
1,0,0,0,1
1,0,0,0,1
3,0,0,0,3
1,0,0,0,1
1,0,0,0,1
2,0,0,0,2
1,0,0,0,1
1,0,0,0,1
2,0,0,0,2
1,0,0,0,1
2,1,0,0,3
1,0,0,0,1
2,0,0,0,2
1,5,0,0,6
2,0,0,0,2
1,0,0,0,1
1,0,0,0,1
1,0,0,0,1
1,0,0,0,1
1,0,0,0,1
1,0,0,0,1
1,0,0,0,1
3,6,0,0,9
1,0,0,0,1
1,0,0,0,1
4,0,0,0,4
2,1,1,0,4
2,8,1,0,11
3,0,0,0,3
8,3,0,0,11
1,0,0,0,1
1,0,0,0,1
3,28,0,0,31
1,0,0,0,1
1,0,0,0,1
1,0,0,0,1
1,0,0,0,1
1,0,0,0,1
2,0,0,0,2
3,0,0,0,3
1,0,0,0,1
8,0,0,0,8
1,0,0,0,1
2,0,0,0,2
1,0,0,0,1
1,0,0,0,1
2,0,0,0,2
1,0,0,0,1
1,0,0,0,1
5,0,0,0,5
4,0,0,0,4
1,0,0,0,1
7,0,0,0,7
3,0,0,0,3
6,0,0,0,6
1,0,0,0,1
2,0,0,0,2
1,0,0,0,1
1,0,0,0,1
1,0,0,0,1
3,0,0,0,3
1,0,0,0,1
1,0,0,0,1
1,0,0,0,1
1,0,0,0,1
6,0,0,0,6
1,0,0,0,1
1,0,0,0,1
1,0,0,0,1
2,0,0,0,2
12,1,0,0,13
2,0,0,0,2
1,0,0,0,1
1,0,0,0,1
5,0,0,0,5
1,0,0,0,1
5,0,0,0,5
8,5,3,0,16
1,0,0,0,1
2,0,0,0,2
1,0,0,0,1
1,0,0,0,1
1,0,0,0,1
1,0,0,0,1
1,0,0,0,1
1,0,0,0,1
5,0,0,0,5
1,0,0,0,1
1,0,0,0,1
1,0,0,0,1
1,0,0,0,1
8,1,0,0,9
5,0,0,0,5
1,0,0,0,1
2,0,0,0,2
3,0,0,0,3
1,0,0,0,1
3,0,0,0,3
1,0,0,0,1
1,0,0,0,1
1,0,0,0,1
2,0,0,0,2
1,0,0,0,1
3,0,0,0,3
1,0,0,0,1
4,4,0,0,8
1,0,0,0,1
6,0,0,0,6
4,3,0,0,7
4,0,0,0,4
1,0,0,0,1
3,0,0,0,3
4,2,0,0,6
1,0,0,0,1
1,0,0,0,1
2,0,0,0,2
1,0,0,0,1
1,0,0,0,1
2,0,0,0,2
1,0,0,0,1
1,0,0,0,1
1,0,0,0,1
3,0,0,0,3
1,0,0,0,1
1,0,0,0,1
19,1,0,0,20
1,0,0,0,1
1,0,0,0,1
1,0,0,0,1
7,0,0,0,7
1,0,0,0,1
5,0,0,0,5
1,0,0,0,1
2,11,1,0,14
5,1,0,0,6
1,0,0,0,1
2,0,0,0,2
2,0,0,0,2
2,0,0,0,2
4,0,0,0,4
1,0,0,0,1
1,0,0,0,1
1,0,0,0,1
1,0,0,0,1
1,0,0,0,1
1,0,0,0,1
1,0,0,0,1
1,0,0,0,1
6,0,0,0,6
3,1,0,0,4
4,0,0,0,4
1,0,0,0,1
1,0,0,0,1
1,0,0,0,1
3,0,0,0,3
1,0,0,0,1
1,0,0,0,1
3,8,0,0,11
1,0,0,0,1
4,0,0,0,4
2,0,0,0,2
1,0,0,0,1
14,1,0,0,15
2,0,0,0,2
1,0,0,0,1
2,0,0,0,2
4,0,0,0,4
5,0,0,0,5
1,0,0,0,1
1,0,0,0,1
1,0,0,0,1
1,0,0,0,1
5,0,0,0,5
3,0,0,0,3
2,0,0,0,2
1,0,0,0,1
2,0,0,0,2
1,0,0,0,1
4,1,0,0,5
3,0,0,0,3
16,0,0,0,16
1,0,0,0,1
1,0,0,0,1
3,0,0,0,3
2,0,0,0,2
2,0,0,0,2
3,1,0,0,4
1,0,0,0,1
1,0,0,0,1
1,7,0,0,8
1,0,0,0,1
1,0,0,0,1
1,0,0,0,1
1,0,0,0,1
1,0,0,0,1
1,0,0,0,1
1,0,0,0,1
1,0,0,0,1
1,9,1,0,11
1,0,0,0,1
1,0,0,0,1
1,0,0,0,1
1,0,0,0,1
2,0,0,0,2
3,0,0,0,3
1,0,0,0,1
1,0,0,0,1
1,0,0,0,1
1,0,0,0,1
2,0,0,0,2
1,0,0,0,1
1,0,0,0,1
4,0,0,0,4
2,0,0,0,2
1,0,0,0,1
11,4,0,0,15
2,0,0,0,2
2,0,0,0,2
1,0,0,0,1
2,0,0,0,2
1,0,0,0,1
1,0,0,0,1
1,0,0,0,1
8,2,0,0,10
2,1,0,0,3
4,0,0,0,4
1,0,0,0,1
1,0,0,0,1
1,0,0,0,1
1,0,0,0,1
1,0,0,0,1
1,0,0,0,1
1,0,0,0,1
1,0,0,0,1
1,0,0,0,1
3,0,0,0,3
2,0,0,0,2
1,0,0,0,1
1,0,0,0,1
1,0,0,0,1
1,0,0,0,1
1,0,0,0,1
1,0,0,0,1
1,0,0,0,1
1,0,0,0,1
1,0,0,0,1
3,1,0,0,4
2,0,0,0,2
1,0,0,0,1
1,0,0,0,1
1,0,0,0,1
1,0,0,0,1
1,0,0,0,1
1,0,0,0,1
1,0,0,0,1
1,0,0,0,1
1,2,0,0,3
1,0,0,0,1
1,0,0,0,1
1,0,0,0,1
1,0,0,0,1
1,0,0,0,1
7,0,0,0,7
1,0,0,0,1
7,0,0,0,7
1,0,0,0,1
1,0,0,0,1
1,0,0,0,1
1,0,0,0,1
1,0,0,0,1
1,0,0,0,1
1,0,0,0,1
2,0,0,0,2
1,0,0,0,1
3,0,0,0,3
2,0,0,0,2
1,0,0,0,1
1,0,0,0,1
4,0,0,0,4
1,0,0,0,1
1,0,0,0,1
1,0,0,0,1
2,0,0,0,2
1,0,0,0,1
1,0,0,0,1
2,0,0,0,2
2,0,0,0,2
1,0,0,0,1
1,0,0,0,1
1,0,0,0,1
1,2,1,0,4
3,0,0,0,3
2,0,0,0,2
5,0,0,0,5
1,0,0,0,1
1,0,0,0,1
1,0,0,0,1
1,0,0,0,1
1,0,0,0,1
1,0,0,0,1
1,0,0,0,1
6,57,0,0,63
1,0,0,0,1
1,0,0,0,1
1,0,0,0,1
1,0,0,0,1
4,6,0,0,10
4,0,0,0,4
1,0,0,0,1
1,0,0,0,1
4,0,0,0,4
1,0,0,0,1
1,0,0,0,1
1,0,0,0,1
1,0,0,0,1
6,0,0,0,6
4,0,0,0,4
1,0,0,0,1
1,0,0,0,1
1,0,0,0,1
5,0,0,0,5
2,0,0,0,2
1,0,0,0,1
1,0,0,0,1
1,0,0,0,1
1,0,0,0,1
1,0,0,0,1
1,0,0,0,1
1,0,0,0,1
1,0,0,0,1
1,0,0,0,1
2,0,0,0,2
2,0,0,0,2
1,0,0,0,1
1,0,0,0,1
5,2,0,0,7
1,0,0,0,1
1,4,0,0,5
1,0,0,0,1
1,0,0,0,1
1,0,0,0,1
1,0,0,0,1
1,0,0,0,1
2,0,0,0,2
1,0,0,0,1
1,0,0,0,1
1,0,0,0,1
4,1,1,0,6
1,0,0,0,1
1,0,0,0,1
17,26,1,0,44
1,0,0,0,1
2,0,0,0,2
1,0,0,0,1
1,0,0,0,1
7,0,0,0,7
1,0,0,0,1
1,2,0,0,3
1,0,0,0,1
2,0,0,0,2
1,0,0,0,1
1,0,0,0,1
1,0,0,0,1
1,0,0,0,1
3,0,0,0,3
2,0,0,0,2
2,0,1,0,3
1,0,0,0,1
1,0,0,0,1
16,0,0,0,16
1,1,0,0,2
6,0,0,0,6
1,0,0,0,1
3,0,0,0,3
1,0,0,0,1
1,0,0,0,1
1,0,0,0,1
1,0,0,0,1
1,0,0,0,1
1,0,0,0,1
1,0,0,0,1
1,0,0,0,1
1,0,0,0,1
2,0,0,0,2
2,0,0,0,2
2,0,0,0,2
1,0,0,0,1
1,0,0,0,1
2,0,0,0,2
1,0,0,0,1
1,16,5,0,22
1,2,0,0,3
2,0,0,0,2
1,0,0,0,1
2,0,0,0,2
2,0,0,0,2
1,0,0,0,1
1,0,0,0,1
2,0,0,0,2
3,0,0,0,3
8,0,0,0,8
1,0,0,0,1
2,0,0,0,2
1,0,0,0,1
2,0,0,0,2
1,0,0,0,1
1,0,0,0,1
7,0,0,0,7
1,0,0,0,1
1,0,0,0,1
8,0,0,0,8
2,0,0,0,2
1,0,0,0,1
1,0,0,0,1
2,0,0,0,2
1,0,0,0,1
1,0,0,0,1
3,3,0,0,6
1,3,1,0,5
1,0,0,0,1
1,0,0,0,1
1,0,0,0,1
1,0,0,0,1
1,0,0,0,1
1,0,0,0,1
1,0,0,0,1
1,0,0,0,1
3,0,0,0,3
1,0,0,0,1
3,0,0,0,3
1,0,0,0,1
1,0,0,0,1
1,0,0,0,1
1,0,0,0,1
4,0,0,0,4
1,0,0,0,1
1,0,0,0,1
1,0,0,0,1
1,0,0,0,1
1,0,0,0,1
1,0,0,0,1
1,0,0,0,1
1,0,0,0,1
2,0,0,0,2
9,0,0,0,9
1,0,0,0,1
3,0,0,0,3
3,0,0,0,3
1,0,0,0,1
3,0,0,0,3
1,0,0,0,1
1,0,0,0,1
1,0,0,0,1
1,0,0,0,1
1,0,0,0,1
22,15,0,0,37
9,0,0,0,9
1,0,0,0,1
1,0,0,0,1
4,0,0,0,4
1,0,0,0,1
1,0,0,0,1
1,0,0,0,1
11,2,0,0,13
1,0,0,0,1
1,0,0,0,1
2,0,0,0,2
1,0,0,0,1
6,0,0,0,6
1,0,0,0,1
1,0,0,0,1
2,8,0,0,10
3,0,0,0,3
2,0,0,0,2
1,0,0,0,1
1,0,0,0,1
3,0,0,0,3
1,0,0,0,1
1,0,0,0,1
1,0,0,0,1
1,0,0,0,1
1,0,0,0,1
1,0,0,0,1
4,0,0,0,4
2,0,0,0,2
1,0,0,0,1
1,0,0,0,1
1,0,0,0,1
1,0,0,0,1
1,0,0,0,1
2,0,0,0,2
1,0,0,0,1
2,0,0,0,2
1,0,0,0,1
1,27,0,0,28
1,0,0,0,1
3,0,0,0,3
1,0,0,0,1
1,0,0,0,1
1,0,0,0,1
1,0,0,0,1
1,0,0,0,1
1,0,0,0,1
1,0,0,0,1
1,0,0,0,1
1,0,0,0,1
3,0,0,0,3
1,0,0,0,1
2,0,0,0,2
1,0,0,0,1
1,0,0,0,1
1,0,0,0,1
1,0,0,0,1
2,0,0,0,2
1,0,0,0,1
6,0,0,0,6
3,0,0,0,3
4,0,0,0,4
1,0,0,0,1
1,0,0,0,1
1,0,0,0,1
2,0,0,0,2
10,0,0,0,10
1,0,0,0,1
2,0,0,0,2
4,0,0,0,4
2,0,0,0,2
1,0,0,0,1
2,0,0,0,2
4,4,0,0,8
1,0,0,0,1
2,0,0,0,2
5,9,0,0,14
1,0,0,0,1
1,0,0,0,1
2,0,0,0,2
6,7,1,0,14
1,0,0,0,1
1,0,0,0,1
1,0,0,0,1
1,0,0,0,1
4,0,0,0,4
4,0,0,0,4
2,0,0,0,2
1,0,0,0,1
2,0,0,0,2
6,0,0,0,6
1,0,0,0,1
1,0,0,0,1
3,0,0,0,3
2,0,0,0,2
1,0,0,0,1
1,0,0,0,1
1,0,0,0,1
1,0,0,0,1
1,0,0,0,1
1,0,0,0,1
1,0,0,0,1
3,0,0,0,3
2,0,0,0,2
4,0,0,0,4
2,0,0,0,2
3,0,0,0,3
1,0,0,0,1
1,0,0,0,1
1,0,0,0,1
1,0,0,0,1
1,0,0,0,1
1,0,0,0,1
1,0,0,0,1
2,0,0,0,2
1,0,0,0,1
1,0,0,0,1
4,3,1,0,8
1,0,0,0,1
1,0,0,0,1
3,0,0,0,3
4,0,0,0,4
3,0,0,0,3
3,0,0,0,3
1,0,0,0,1
2,0,0,0,2
1,0,0,0,1
9,0,0,0,9
4,0,0,0,4
1,0,0,0,1
2,0,0,0,2
2,0,0,0,2
1,0,0,0,1
1,0,0,0,1
1,1,0,0,2
2,0,0,0,2
1,0,0,0,1
1,0,0,0,1
1,0,0,0,1
1,0,0,0,1
1,0,0,0,1
1,0,0,0,1
1,0,0,0,1
1,0,0,0,1
4,0,0,0,4
1,2,0,0,3
1,2,0,0,3
1,0,0,0,1
1,0,0,0,1
2,0,0,0,2
1,0,0,0,1
1,0,0,0,1
2,0,0,0,2
1,0,0,0,1
1,0,0,0,1
1,0,0,0,1
1,3,0,0,4
1,0,0,0,1
1,0,0,0,1
1,0,0,0,1
1,0,0,0,1
1,0,0,0,1
2,0,0,0,2
2,0,0,0,2
1,0,0,0,1
2,0,0,0,2
1,0,0,0,1
1,0,0,0,1
1,0,0,0,1
1,0,0,0,1
1,1,0,0,2
2,0,0,0,2
2,0,0,0,2
1,0,0,0,1
1,0,0,0,1
1,0,0,0,1
3,0,0,0,3
1,0,0,0,1
5,0,0,0,5
1,0,0,0,1
1,0,0,0,1
1,0,0,0,1
1,0,0,0,1
1,0,0,0,1
2,0,0,0,2
1,0,0,0,1
1,0,0,0,1
2,0,0,0,2
1,0,0,0,1
1,0,0,0,1
1,0,0,0,1
5,0,0,0,5
1,0,0,0,1
2,7,0,0,9
1,0,0,0,1
3,0,0,0,3
1,0,0,0,1
1,0,0,0,1
3,4,0,0,7
1,0,0,0,1
19,0,0,0,19
2,0,0,0,2
1,0,0,0,1
1,0,0,0,1
1,0,0,0,1
1,0,0,0,1
1,0,0,0,1
3,0,0,0,3
4,0,0,0,4
1,0,0,0,1
1,0,0,0,1
1,0,0,0,1
1,0,0,0,1
1,0,0,0,1
2,0,0,0,2
1,0,0,0,1
1,2,0,0,3
1,0,0,0,1
1,0,0,0,1
2,0,0,0,2
2,0,0,0,2
1,0,0,0,1
1,0,0,0,1
1,0,0,0,1
1,0,0,0,1
1,0,0,0,1
8,0,0,0,8
1,0,0,0,1
2,0,0,0,2
1,0,0,0,1
1,0,0,0,1
1,0,0,0,1
1,0,0,0,1
1,0,0,0,1
1,0,0,0,1
1,0,0,0,1
2,0,0,0,2
3,0,0,0,3
1,0,0,0,1
1,0,0,0,1
8,1,1,0,10
1,0,0,0,1
5,0,0,0,5
1,0,0,0,1
1,0,0,0,1
7,0,0,0,7
1,0,0,0,1
1,0,0,0,1
2,0,0,0,2
5,0,0,0,5
2,2,0,0,4
24,5,0,0,29
1,0,0,0,1
3,0,0,0,3
1,0,0,0,1
2,0,0,0,2
2,0,0,0,2
1,0,0,0,1
2,0,0,0,2
1,0,0,0,1
1,0,0,0,1
1,0,0,0,1
2,0,0,0,2
1,0,0,0,1
2,0,0,0,2
2,0,0,0,2
1,0,0,0,1
5,3,0,0,8
4,0,0,0,4
1,39,5,0,45
2,0,0,0,2
5,2,0,0,7
1,0,0,0,1
3,0,0,0,3
1,0,0,0,1
1,0,0,0,1
2,0,0,0,2
2,0,0,0,2
1,0,0,0,1
1,0,0,0,1
1,0,0,0,1
4,0,0,0,4
1,0,0,0,1
1,0,0,0,1
10,0,0,0,10
1,0,0,0,1
1,0,0,0,1
2,0,0,0,2
1,0,0,0,1
3,9,0,0,12
1,0,0,0,1
1,0,0,0,1
2,0,0,0,2
1,0,0,0,1
1,0,0,0,1
1,0,0,0,1
5,0,0,0,5
1,0,0,0,1
4,0,0,0,4
5,0,0,0,5
1,0,0,0,1
7,3,0,0,10
1,0,0,0,1
1,0,0,0,1
2,0,0,0,2
1,0,0,0,1
8,29,0,0,37
2,1,0,0,3
1,2,0,0,3
1,0,0,0,1
2,0,0,0,2
1,0,0,0,1
1,0,0,0,1
1,0,0,0,1
2,0,0,0,2
1,0,0,0,1
1,0,0,0,1
1,0,0,0,1
1,0,0,0,1
1,0,0,0,1
2,0,0,0,2
1,0,0,0,1
1,0,0,0,1
1,0,0,0,1
2,0,0,0,2
3,0,0,0,3
4,7,0,0,11
1,0,0,0,1
1,0,0,0,1
1,0,0,0,1
1,0,0,0,1
1,0,0,0,1
1,0,0,0,1
1,0,0,0,1
1,0,0,0,1
1,0,0,0,1
1,0,0,0,1
1,0,0,0,1
2,0,0,0,2
1,2,0,0,3
1,0,0,0,1
1,0,0,0,1
2,0,0,0,2
1,0,0,0,1
1,0,0,0,1
1,0,0,0,1
3,0,0,0,3
2,0,0,0,2
4,0,0,0,4
7,0,0,0,7
1,0,0,0,1
1,0,0,0,1
2,0,0,0,2
1,0,0,0,1
1,0,0,0,1
1,0,0,0,1
7,0,0,0,7
1,0,0,0,1
2,2,0,0,4
3,0,0,0,3
4,0,0,0,4
1,0,0,0,1
2,0,0,0,2
1,0,0,0,1
8,10,0,0,18
1,0,0,0,1
2,0,0,0,2
1,0,0,0,1
4,0,0,0,4
1,0,0,0,1
1,0,0,0,1
1,0,0,0,1
10,0,2,0,12
1,0,0,0,1
1,0,0,0,1
1,0,0,0,1
1,0,0,0,1
2,0,0,0,2
5,0,0,0,5
5,0,0,0,5
1,0,0,0,1
1,0,0,0,1
1,0,0,0,1
4,0,0,0,4
2,0,0,0,2
2,0,0,0,2
2,0,0,0,2
13,0,0,0,13
2,1,0,0,3
1,0,0,0,1
1,0,0,0,1
1,0,0,0,1
1,0,0,0,1
1,0,0,0,1
2,0,0,0,2
1,0,0,0,1
1,0,0,0,1
6,3,0,0,9
4,18,1,0,23
1,0,0,0,1
1,0,0,0,1
2,0,0,0,2
1,0,0,0,1
1,0,0,0,1
6,0,0,0,6
1,0,0,0,1
1,0,0,0,1
4,0,0,0,4
1,0,0,0,1
1,0,0,0,1
1,0,0,0,1
1,0,0,0,1
1,0,0,0,1
11,0,0,0,11
3,0,0,0,3
1,0,0,0,1
1,0,0,0,1
1,0,0,0,1
7,0,0,0,7
1,0,0,0,1
1,0,0,0,1
1,2,0,0,3
1,0,0,0,1
1,0,0,0,1
1,0,0,0,1
1,0,0,0,1
7,2,1,0,10
2,0,0,0,2
5,0,0,0,5
1,0,0,0,1
1,0,0,0,1
10,634,0,0,644
7,0,0,0,7
1,0,0,0,1
1,0,0,0,1
1,0,0,0,1
3,0,0,0,3
1,0,0,0,1
1,0,0,0,1
1,0,0,0,1
2,0,0,0,2
2,0,0,0,2
2,0,0,0,2
1,0,0,0,1
1,0,0,0,1
1,0,0,0,1
5,0,0,0,5
1,0,0,0,1
1,0,0,0,1
1,0,0,0,1
1,0,0,0,1
1,2,2,0,5
2,0,0,0,2
1,0,0,0,1
1,0,0,0,1
1,0,0,0,1
2,0,0,0,2
1,0,0,0,1
2,0,0,0,2
1,0,0,0,1
1,0,0,0,1
2,0,0,0,2
2,0,0,0,2
1,0,0,0,1
1,0,0,0,1
1,0,0,0,1
14,2,0,0,16
9,0,0,0,9
1,0,0,0,1
1,0,0,0,1
2,0,0,0,2
2,0,0,0,2
6,0,0,0,6
1,0,0,0,1
2,0,0,0,2
1,0,0,0,1
1,0,0,0,1
2,0,0,0,2
1,0,0,0,1
2,0,0,0,2
1,0,0,0,1
2,0,0,0,2
4,0,0,0,4
1,0,0,0,1
1,0,0,0,1
7,0,0,0,7
1,0,0,0,1
1,0,0,0,1
5,0,0,0,5
1,0,0,0,1
2,0,0,0,2
1,0,0,0,1
1,0,0,0,1
3,0,0,0,3
1,0,0,0,1
2,0,0,0,2
1,0,0,0,1
4,0,0,0,4
2,0,0,0,2
2,0,0,0,2
1,0,0,0,1
1,0,0,0,1
6,1,0,0,7
1,0,0,0,1
1,0,0,0,1
1,0,0,0,1
2,0,0,0,2
2,0,0,0,2
1,0,0,0,1
1,0,0,0,1
1,0,0,0,1
1,41,0,0,42
1,0,0,0,1
1,0,0,0,1
1,0,0,0,1
1,20,0,0,21
2,0,0,0,2
2,0,0,0,2
1,0,0,0,1
2,0,0,0,2
1,0,0,0,1
1,0,0,0,1
1,0,0,0,1
1,0,0,0,1
1,0,0,0,1
3,0,0,0,3
1,0,0,0,1
7,5,0,0,12
6,1,0,0,7
1,0,0,0,1
1,0,0,0,1
1,0,0,0,1
1,0,0,0,1
2,0,0,0,2
2,0,0,0,2
2,0,0,0,2
8,1,0,0,9
1,0,0,0,1
1,0,0,0,1
1,0,0,0,1
5,0,0,0,5
1,0,0,0,1
1,0,0,0,1
1,0,0,0,1
1,0,0,0,1
4,0,0,0,4
1,0,0,0,1
1,0,0,0,1
1,0,0,0,1
4,0,0,0,4
1,0,0,0,1
3,0,0,0,3
1,0,0,0,1
1,0,0,0,1
2,0,0,0,2
1,0,0,0,1
2,0,0,0,2
8,0,0,0,8
4,8,0,0,12
2,0,0,0,2
1,0,0,0,1
1,0,0,0,1
1,0,0,0,1
1,0,0,0,1
2,0,0,0,2
1,0,0,0,1
3,0,0,0,3
2,0,0,0,2
4,0,0,0,4
6,0,0,0,6
1,0,0,0,1
1,0,0,0,1
2,0,0,0,2
2,0,0,0,2
1,0,0,0,1
1,0,0,0,1
1,0,0,0,1
1,0,0,0,1
2,0,0,0,2
1,0,0,0,1
1,0,0,0,1
2,0,0,0,2
1,4,0,0,5
1,0,0,0,1
1,0,0,0,1
2,0,0,0,2
1,0,0,0,1
1,0,0,0,1
1,0,0,0,1
9,9,0,0,18
1,0,0,0,1
1,0,0,0,1
7,3,0,0,10
2,0,0,0,2
5,0,0,0,5
1,0,0,0,1
1,0,0,0,1
2,0,0,0,2
4,0,0,0,4
6,0,0,0,6
1,0,0,0,1
8,0,0,0,8
1,0,0,0,1
1,3,0,0,4
1,0,0,0,1
1,0,0,0,1
1,0,0,0,1
1,0,0,0,1
18,0,0,0,18
2,0,0,0,2
2,0,0,0,2
1,0,0,0,1
1,0,0,0,1
1,0,0,0,1
1,4,0,0,5
1,0,0,0,1
1,8,0,0,9
1,0,0,0,1
1,0,0,0,1
1,0,0,0,1
1,2,0,0,3
1,0,0,0,1
1,3,0,0,4
4,0,0,0,4
1,0,0,0,1
1,0,0,0,1
1,0,0,0,1
1,0,0,0,1
1,0,0,0,1
1,0,0,0,1
1,0,0,0,1
2,0,0,0,2
28,6,0,0,34
1,0,0,0,1
1,0,0,0,1
1,0,0,0,1
3,0,0,0,3
1,0,0,0,1
1,0,0,0,1
4,0,0,0,4
7,1,0,0,8
1,0,0,0,1
1,0,0,0,1
2,0,0,0,2
1,0,0,0,1
1,0,0,0,1
1,0,0,0,1
1,0,0,0,1
3,0,0,0,3
1,0,0,0,1
1,0,0,0,1
5,0,0,0,5
1,0,0,0,1
4,45,0,0,49
1,0,0,0,1
1,0,0,0,1
1,0,0,0,1
1,0,0,0,1
1,0,0,0,1
1,0,0,0,1
2,0,0,0,2
1,0,0,0,1
1,0,0,0,1
1,0,0,0,1
1,0,0,0,1
5,0,0,0,5
15,5,1,0,21
5,14,0,0,19
1,0,0,0,1
4,0,0,0,4
2,0,0,0,2
4,0,0,0,4
1,0,0,0,1
2,0,0,0,2
1,0,0,0,1
1,0,0,0,1
1,0,0,0,1
14,9,7,0,30
1,0,0,0,1
3,0,0,0,3
1,0,0,0,1
6,9,1,0,16
3,0,0,0,3
1,0,0,0,1
1,0,0,0,1
1,0,0,0,1
1,3,0,0,4
1,0,0,0,1
6,5,0,0,11
2,0,0,0,2
1,438,0,0,439
1,0,0,0,1
1,0,0,0,1
2,0,0,0,2
4,0,0,0,4
1,3,0,0,4
2,0,0,0,2
1,0,0,0,1
1,0,0,0,1
1,0,0,0,1
1,0,0,0,1
3,0,0,0,3
1,0,0,0,1
1,0,0,0,1
1,2,1,0,4
1,0,0,0,1
1,0,0,0,1
1,0,0,0,1
3,17,0,0,20
2,0,0,0,2
7,0,0,0,7
1,0,0,0,1
1,0,0,0,1
1,0,0,0,1
8,0,0,0,8
2,0,0,0,2
2,0,0,0,2
1,0,0,0,1
1,0,0,0,1
2,0,0,0,2
9,3,0,0,12
1,0,0,0,1
1,0,0,0,1
1,0,0,0,1
1,0,0,0,1
3,0,0,0,3
2,0,0,0,2
1,24,0,0,25
1,0,0,0,1
2,0,0,0,2
1,0,0,0,1
1,0,0,0,1
1,0,0,0,1
1,0,0,0,1
1,0,0,0,1
1,0,0,0,1
1,0,0,0,1
2,0,0,0,2
2,0,0,0,2
1,0,0,0,1
1,0,0,0,1
1,0,0,0,1
1,0,0,0,1
2,0,0,0,2
2,8,0,0,10
2,0,0,0,2
1,0,0,0,1
4,0,0,0,4
8,2,0,0,10
1,0,0,0,1
2,0,0,0,2
1,0,0,0,1
1,0,0,0,1
1,0,0,0,1
1,0,0,0,1
1,0,0,0,1
1,0,0,0,1
1,0,0,0,1
1,11,0,0,12
1,0,0,0,1
3,0,0,0,3
2,0,0,0,2
1,0,0,0,1
1,0,0,0,1
1,23,0,0,24
3,0,0,0,3
1,0,0,0,1
2,0,0,0,2
8,0,0,0,8
1,0,0,0,1
2,0,0,0,2
1,0,0,0,1
1,0,0,0,1
7,0,0,0,7
1,0,0,0,1
2,0,0,0,2
2,0,0,0,2
1,0,0,0,1
1,0,0,0,1
1,0,0,0,1
1,0,0,0,1
2,0,0,0,2
9,0,0,0,9
3,0,0,0,3
2,0,0,0,2
1,0,0,0,1
1,0,0,0,1
8,0,0,0,8
2,0,0,0,2
1,0,0,0,1
1,0,0,0,1
1,0,0,0,1
4,0,0,0,4
1,0,0,0,1
1,0,0,0,1
1,0,0,0,1
2,0,0,0,2
1,0,0,0,1
1,3,0,0,4
1,0,0,0,1
1,0,0,0,1
3,0,0,0,3
1,0,0,0,1
1,0,0,0,1
1,0,0,0,1
1,0,0,0,1
1,0,0,0,1
1,0,0,0,1
1,2,0,0,3
6,38,0,0,44
1,0,0,0,1
1,0,0,0,1
2,6,0,0,8
1,0,0,0,1
3,0,0,0,3
1,0,0,0,1
1,0,0,0,1
4,0,0,0,4
4,0,0,0,4
1,0,0,0,1
3,2,2,0,7
1,0,0,0,1
1,0,0,0,1
1,0,0,0,1
1,6,1,0,8
1,0,0,0,1
1,0,0,0,1
1,0,0,0,1
1,0,0,0,1
2,0,0,0,2
14,3,5,0,22
10,0,0,0,10
1,0,0,0,1
3,11,0,0,14
13,0,0,0,13
1,0,0,0,1
1,0,0,0,1
1,0,0,0,1
1,0,0,0,1
4,0,0,0,4
10,0,0,0,10
1,0,0,0,1
4,0,0,0,4
1,3,0,0,4
1,0,0,0,1
1,0,0,0,1
1,0,0,0,1
2,0,0,0,2
1,0,0,0,1
1,0,0,0,1
5,0,0,0,5
2,0,0,0,2
7,0,0,0,7
2,0,0,0,2
1,0,0,0,1
2,0,0,0,2
1,0,0,0,1
4,11,0,0,15
2,0,0,0,2
1,0,0,0,1
1,0,0,0,1
2,0,0,0,2
1,0,0,0,1
2,0,0,0,2
1,0,0,0,1
1,0,0,0,1
6,0,0,0,6
2,0,0,0,2
2,0,0,0,2
2,9,0,0,11
1,0,0,0,1
1,0,0,0,1
2,0,0,0,2
4,0,0,0,4
1,0,0,0,1
1,0,0,0,1
2,0,0,0,2
1,0,0,0,1
7,4,0,0,11
1,0,0,0,1
2,3,0,0,5
2,0,0,0,2
1,0,0,0,1
1,0,0,0,1
2,0,0,0,2
1,0,0,0,1
1,0,0,0,1
2,0,0,0,2
1,0,0,0,1
1,0,0,0,1
1,0,0,0,1
1,0,0,0,1
1,0,0,0,1
1,0,0,0,1
5,0,0,0,5
1,0,0,0,1
1,0,0,0,1
5,0,0,0,5
1,0,0,0,1
8,0,0,0,8
2,0,0,0,2
4,0,0,0,4
1,0,0,0,1
1,0,0,0,1
1,0,0,0,1
2,0,0,0,2
1,0,0,0,1
1,0,0,0,1
3,0,0,0,3
4,0,0,0,4
1,0,0,0,1
2,22,0,0,24
1,0,0,0,1
4,0,0,0,4
3,0,0,0,3
1,0,0,0,1
3,2,0,0,5
2,0,0,0,2
8,0,0,0,8
1,0,0,0,1
3,0,0,0,3
3,0,0,0,3
1,0,0,0,1
6,2,0,0,8
6,0,0,0,6
1,2,0,0,3
3,0,0,0,3
2,0,0,0,2
2,0,0,0,2
55,0,0,0,55
2,0,0,0,2
8,2,0,0,10
1,0,0,0,1
2,0,0,0,2
1,0,0,0,1
1,0,0,0,1
3,0,0,0,3
1,0,0,0,1
2,0,0,0,2
3,9,0,0,12
6,0,0,0,6
1,0,0,0,1
2,0,0,0,2
7,0,0,0,7
2,0,0,0,2
1,0,0,0,1
1,0,0,0,1
2,2,0,0,4
2,0,0,0,2
1,0,0,0,1
1,0,0,0,1
5,1,0,0,6
1,0,0,0,1
1,0,0,0,1
1,0,0,0,1
1,0,0,0,1
1,0,0,0,1
2,0,0,0,2
3,0,0,0,3
1,0,0,0,1
1,0,0,0,1
3,0,0,0,3
1,0,0,0,1
9,0,0,0,9
1,0,0,0,1
1,0,0,0,1
2,0,0,0,2
1,0,0,0,1
1,0,0,0,1
1,0,0,0,1
1,0,0,0,1
2,0,0,0,2
1,0,0,0,1
2,0,0,0,2
1,0,0,0,1
2,0,0,0,2
12,2,0,0,14
1,0,0,0,1
1,0,0,0,1
2,0,0,0,2
1,0,0,0,1
1,0,0,0,1
3,0,0,0,3
1,0,0,0,1
5,0,0,0,5
7,0,0,0,7
4,0,0,0,4
1,0,0,0,1
1,0,0,0,1
1,0,0,0,1
1,0,0,0,1
2,0,0,0,2
2,0,0,0,2
1,0,0,0,1
1,0,0,0,1
8,1,0,0,9
1,0,0,0,1
1,0,0,0,1
6,0,0,0,6
1,0,0,0,1
1,0,0,0,1
2,0,0,0,2
1,0,0,0,1
1,0,0,0,1
1,0,0,0,1
2,0,0,0,2
2,0,0,0,2
1,0,0,0,1
2,0,0,0,2
13,0,0,0,13
1,0,0,0,1
2,0,0,0,2
1,0,0,0,1
10,7,0,0,17
7,0,0,0,7
1,0,0,0,1
1,0,0,0,1
3,0,0,0,3
7,1,0,0,8
1,0,0,0,1
1,0,0,0,1
1,0,0,0,1
1,0,0,0,1
10,2,0,0,12
1,0,0,0,1
1,0,0,0,1
1,0,0,0,1
1,0,0,0,1
1,0,0,0,1
1,1,0,0,2
2,0,0,0,2
1,0,0,0,1
4,0,0,0,4
5,0,0,0,5
1,0,0,0,1
3,0,0,0,3
5,0,0,0,5
5,4,0,0,9
2,12,0,0,14
5,1,0,0,6
2,0,0,0,2
1,0,0,0,1
1,0,0,0,1
1,0,0,0,1
1,0,0,0,1
1,0,0,0,1
1,0,0,0,1
4,0,0,0,4
1,0,0,0,1
1,0,0,0,1
1,0,0,0,1
1,0,0,0,1
2,0,0,0,2
7,0,0,0,7
1,0,0,0,1
1,0,0,0,1
1,0,0,0,1
1,0,0,0,1
2,0,0,0,2
6,0,0,0,6
1,0,0,0,1
1,0,0,0,1
1,0,0,0,1
1,0,0,0,1
1,0,0,0,1
2,0,0,0,2
3,0,0,0,3
1,0,0,0,1
6,1,1,0,8
2,0,0,0,2
2,0,0,0,2
1,0,0,0,1
1,0,0,0,1
1,0,0,0,1
3,0,0,0,3
1,1,0,0,2
4,2,0,0,6
2,0,0,0,2
2,0,0,0,2
4,1,0,0,5
1,0,0,0,1
2,0,0,0,2
1,0,0,0,1
1,0,0,0,1
2,0,0,0,2
1,0,0,0,1
1,0,0,0,1
1,0,0,0,1
1,0,0,0,1
4,0,0,0,4
1,0,0,0,1
3,0,0,0,3
3,0,0,0,3
2,0,0,0,2
2,0,0,0,2
3,0,0,0,3
1,0,0,0,1
8,1,0,0,9
4,2,1,0,7
1,0,0,0,1
1,0,0,0,1
1,0,0,0,1
1,0,0,0,1
1,0,0,0,1
1,0,0,0,1
1,0,0,0,1
3,0,0,0,3
1,0,0,0,1
1,0,0,0,1
2,0,0,0,2
1,0,0,0,1
1,0,0,0,1
1,0,0,0,1
2,0,0,0,2
1,0,0,0,1
1,0,0,0,1
2,0,0,0,2
1,0,0,0,1
1,0,0,0,1
4,42,0,0,46
1,0,0,0,1
3,0,0,0,3
1,0,0,0,1
1,0,0,0,1
1,0,0,0,1
2,0,0,0,2
1,0,0,0,1
1,0,0,0,1
6,0,0,0,6
4,2,2,0,8
1,0,0,0,1
1,0,0,0,1
3,2,0,0,5
2,0,0,0,2
2,0,0,0,2
1,0,0,0,1
1,0,0,0,1
1,0,0,0,1
1,0,0,0,1
1,0,0,0,1
1,0,0,0,1
16,1,0,0,17
2,0,0,0,2
1,0,0,0,1
23,0,0,0,23
1,0,0,0,1
2,0,0,0,2
1,0,0,0,1
1,0,0,0,1
1,0,0,0,1
1,0,0,0,1
1,0,0,0,1
8,0,0,0,8
1,0,0,0,1
10,0,0,0,10
1,0,0,0,1
1,0,0,0,1
2,0,0,0,2
1,0,0,0,1
1,0,0,0,1
1,8,0,0,9
1,0,0,0,1
6,1,0,0,7
1,0,0,0,1
2,21,1,0,24
6,0,0,0,6
1,0,0,0,1
2,0,0,0,2
1,0,0,0,1
1,0,0,0,1
1,0,0,0,1
3,0,0,0,3
1,0,0,0,1
1,0,0,0,1
2,0,0,0,2
7,0,0,0,7
4,0,0,0,4
1,0,0,0,1
2,0,0,0,2
3,0,0,0,3
1,0,0,0,1
1,0,0,0,1
1,0,0,0,1
1,0,0,0,1
4,0,0,0,4
4,0,0,0,4
4,0,0,0,4
2,0,0,0,2
7,0,0,0,7
3,0,0,0,3
2,0,0,0,2
1,0,0,0,1
1,0,0,0,1
2,0,0,0,2
1,0,0,0,1
1,0,0,0,1
1,0,0,0,1
1,0,0,0,1
5,0,0,0,5
1,0,0,0,1
1,0,0,0,1
1,0,0,0,1
1,0,0,0,1
2,0,0,0,2
1,0,0,0,1
1,0,0,0,1
1,0,0,0,1
1,0,0,0,1
1,0,0,0,1
9,1,0,0,10
3,0,0,0,3
1,0,0,0,1
4,0,0,0,4
1,0,0,0,1
1,0,0,0,1
1,0,0,0,1
3,0,0,0,3
1,0,0,0,1
5,5,2,0,12
1,0,0,0,1
9,8,0,0,17
1,0,0,0,1
1,0,0,0,1
2,0,0,0,2
1,0,0,0,1
1,0,0,0,1
1,0,0,0,1
4,0,0,0,4
2,0,0,0,2
1,0,0,0,1
1,0,0,0,1
1,0,0,0,1
1,0,0,0,1
1,0,0,0,1
1,0,0,0,1
1,0,0,0,1
1,0,0,0,1
8,0,0,0,8
6,0,0,0,6
1,0,0,0,1
23,0,0,0,23
1,0,0,0,1
1,0,0,0,1
2,0,0,0,2
4,0,0,0,4
1,1,0,0,2
1,4,0,0,5
1,0,0,0,1
5,0,0,0,5
1,0,0,0,1
1,0,0,0,1
26,0,0,0,26
1,0,0,0,1
1,0,0,0,1
3,0,0,0,3
3,1,0,0,4
1,0,0,0,1
1,0,0,0,1
1,0,0,0,1
1,0,0,0,1
2,0,0,0,2
1,0,0,0,1
2,0,0,0,2
1,0,0,0,1
1,0,0,0,1
2,0,0,0,2
3,0,0,0,3
3,0,0,0,3
7,0,0,0,7
2,0,0,0,2
1,0,0,0,1
2,0,0,0,2
1,0,0,0,1
2,0,0,0,2
1,0,0,0,1
1,0,0,0,1
1,0,0,0,1
2,0,0,0,2
1,0,0,0,1
1,0,0,0,1
2,0,0,0,2
1,0,0,0,1
1,0,0,0,1
2,0,0,0,2
1,45,0,0,46
1,0,0,0,1
1,1,0,0,2
1,0,0,0,1
2,0,0,0,2
1,0,0,0,1
2,0,0,0,2
3,0,0,0,3
3,0,0,0,3
3,0,0,0,3
1,0,0,0,1
1,0,0,0,1
3,0,0,0,3
1,0,0,0,1
1,0,0,0,1
1,0,0,0,1
2,0,0,0,2
1,0,0,0,1
1,0,0,0,1
1,0,0,0,1
2,0,0,0,2
1,0,0,0,1
11,2,0,0,13
1,0,0,0,1
1,0,0,0,1
8,0,0,0,8
1,0,0,0,1
2,0,0,0,2
1,2,0,0,3
1,0,0,0,1
1,0,0,0,1
1,0,0,0,1
1,0,0,0,1
3,0,0,0,3
1,0,0,0,1
5,0,0,0,5
2,0,0,0,2
9,0,0,0,9
1,0,0,0,1
1,0,0,0,1
1,9,0,0,10
1,0,0,0,1
7,1,0,0,8
1,0,0,0,1
1,0,0,0,1
2,17,0,0,19
1,0,0,0,1
1,0,0,0,1
1,0,0,0,1
2,0,0,0,2
3,0,0,0,3
1,0,0,0,1
6,0,0,0,6
2,0,0,0,2
3,0,0,0,3
3,0,0,0,3
1,0,0,0,1
1,0,0,0,1
1,2,0,0,3
1,0,0,0,1
1,0,0,0,1
1,0,0,0,1
1,0,0,0,1
1,0,0,0,1
1,0,0,0,1
1,0,0,0,1
5,0,0,0,5
1,0,0,0,1
1,0,0,0,1
1,0,0,0,1
1,0,0,0,1
1,0,0,0,1
3,0,0,0,3
1,0,0,0,1
1,0,0,0,1
1,0,0,0,1
1,0,0,0,1
1,0,0,0,1
1,0,0,0,1
2,0,0,0,2
7,1,0,0,8
1,0,0,0,1
1,0,0,0,1
1,0,0,0,1
1,0,0,0,1
1,0,0,0,1
1,0,0,0,1
1,0,0,0,1
2,0,0,0,2
6,5,0,0,11
5,1,0,0,6
2,2,0,0,4
1,0,0,0,1
2,0,0,0,2
1,0,0,0,1
1,0,0,0,1
1,0,0,0,1
2,0,0,0,2
1,0,0,0,1
1,0,0,0,1
2,0,0,0,2
1,0,0,0,1
1,0,0,0,1
2,3,0,0,5
1,0,0,0,1
1,0,0,0,1
1,0,0,0,1
2,0,0,0,2
7,1,1,0,9
1,0,0,0,1
2,0,0,0,2
1,0,0,0,1
1,0,0,0,1
1,0,0,0,1
1,0,0,0,1
1,0,0,0,1
3,0,0,0,3
3,7,1,0,11
1,0,0,0,1
3,0,0,0,3
2,0,0,0,2
10,4,0,0,14
8,0,0,0,8
1,0,0,0,1
1,0,0,0,1
1,0,0,0,1
1,0,0,0,1
2,0,0,0,2
1,0,0,0,1
14,0,0,0,14
1,0,0,0,1
1,0,0,0,1
1,0,0,0,1
1,0,0,0,1
5,2,0,0,7
2,0,0,0,2
1,0,0,0,1
2,0,0,0,2
2,0,0,0,2
3,0,0,0,3
1,0,0,0,1
1,0,0,0,1
2,0,0,0,2
9,0,0,0,9
1,0,0,0,1
5,0,0,0,5
1,0,0,0,1
3,0,0,0,3
1,0,0,0,1
1,0,0,0,1
1,0,0,0,1
1,0,0,0,1
1,0,0,0,1
3,0,0,0,3
3,0,0,0,3
2,0,0,0,2
2,0,0,0,2
1,0,0,0,1
7,8,0,0,15
2,0,0,0,2
2,0,0,0,2
1,0,0,0,1
1,0,0,0,1
1,0,0,0,1
2,0,0,0,2
1,0,0,0,1
1,17,1,0,19
3,0,0,0,3
1,0,0,0,1
3,0,0,0,3
1,0,0,0,1
1,0,0,0,1
1,0,0,0,1
1,0,0,0,1
1,0,0,0,1
1,0,0,0,1
1,0,0,0,1
1,0,0,0,1
1,0,0,0,1
3,0,0,0,3
6,0,0,0,6
1,0,0,0,1
1,0,0,0,1
2,0,0,0,2
1,0,0,0,1
2,0,0,0,2
4,0,0,0,4
4,0,0,0,4
1,0,0,0,1
1,0,0,0,1
2,0,0,0,2
1,0,0,0,1
1,0,0,0,1
1,0,0,0,1
2,0,0,0,2
3,60,0,0,63
1,0,0,0,1
1,1,1,0,3
1,0,0,0,1
1,0,0,0,1
1,0,0,0,1
1,0,0,0,1
1,0,0,0,1
1,0,0,0,1
1,0,0,0,1
1,0,0,0,1
4,0,0,0,4
2,0,0,0,2
3,0,0,0,3
1,0,0,0,1
1,0,0,0,1
4,0,0,0,4
3,0,0,0,3
1,0,0,0,1
1,0,0,0,1
4,0,0,0,4
1,3,0,0,4
2,0,0,0,2
5,7,1,0,13
1,0,0,0,1
1,0,0,0,1
1,0,0,0,1
3,0,0,0,3
4,0,0,0,4
2,0,0,0,2
1,0,0,0,1
1,0,0,0,1
1,0,0,0,1
1,0,0,0,1
1,0,0,0,1
4,0,0,0,4
2,0,0,0,2
10,0,0,0,10
1,0,0,0,1
1,0,0,0,1
3,0,0,0,3
3,0,0,0,3
2,1,0,0,3
1,0,0,0,1
2,0,0,0,2
1,1,0,0,2
1,0,0,0,1
1,0,0,0,1
1,0,0,0,1
1,0,0,0,1
10,1,0,0,11
3,0,0,0,3
3,0,0,0,3
1,0,0,0,1
1,0,0,0,1
1,0,0,0,1
1,0,0,0,1
2,0,0,0,2
5,0,0,0,5
3,0,0,0,3
2,26,0,0,28
1,0,0,0,1
2,0,0,0,2
2,0,0,0,2
3,0,0,0,3
3,0,0,0,3
1,1,0,0,2
1,0,0,0,1
1,0,0,0,1
1,0,0,0,1
1,0,0,0,1
1,0,0,0,1
7,0,0,0,7
1,0,0,0,1
3,0,0,0,3
1,0,0,0,1
4,7,0,0,11
1,0,0,0,1
1,0,0,0,1
1,0,0,0,1
1,0,0,0,1
1,0,0,0,1
1,0,0,0,1
1,0,0,0,1
2,0,0,0,2
1,0,0,0,1
1,0,0,0,1
2,13,0,0,15
1,0,0,0,1
2,0,0,0,2
1,0,0,0,1
9,5,0,0,14
1,0,0,0,1
1,0,0,0,1
2,0,0,0,2
4,13,1,0,18
3,0,0,0,3
1,0,0,0,1
3,0,0,0,3
1,0,0,0,1
1,0,0,0,1
1,0,0,0,1
2,0,0,0,2
2,0,0,0,2
1,0,0,0,1
2,0,0,0,2
1,0,0,0,1
1,0,0,0,1
1,0,0,0,1
1,0,0,0,1
1,0,0,0,1
1,0,0,0,1
1,0,0,0,1
2,0,0,0,2
1,0,0,0,1
1,0,0,0,1
16,1,0,0,17
4,0,0,0,4
4,0,0,0,4
5,4,1,0,10
2,0,0,0,2
2,6,1,0,9
1,0,0,0,1
1,0,0,0,1
1,0,0,0,1
2,0,0,0,2
13,1,0,0,14
1,0,0,0,1
2,0,0,0,2
1,0,0,0,1
1,0,0,0,1
2,0,0,0,2
1,0,0,0,1
1,0,0,0,1
1,0,0,0,1
1,0,0,0,1
2,0,0,0,2
2,0,0,0,2
3,0,0,0,3
4,5,0,0,9
1,0,0,0,1
2,0,0,0,2
1,0,0,0,1
1,0,0,0,1
3,0,0,0,3
2,0,0,0,2
1,0,0,0,1
1,0,0,0,1
4,0,0,0,4
1,0,0,0,1
1,0,0,0,1
1,0,0,0,1
1,0,0,0,1
2,0,0,0,2
2,0,0,0,2
1,0,0,0,1
1,0,0,0,1
1,0,0,0,1
1,0,0,0,1
1,0,0,0,1
2,0,0,0,2
1,0,0,0,1
1,0,0,0,1
1,0,0,0,1
2,0,0,0,2
4,0,0,0,4
1,0,0,0,1
2,0,0,0,2
1,0,0,0,1
2,0,0,0,2
2,0,0,0,2
8,2,0,0,10
2,0,0,0,2
2,0,0,0,2
1,0,0,0,1
2,0,0,0,2
1,0,0,0,1
1,0,0,0,1
2,0,0,0,2
1,0,0,0,1
1,0,0,0,1
12,0,0,0,12
2,0,0,0,2
2,0,0,0,2
2,0,0,0,2
1,0,0,0,1
1,0,0,0,1
1,0,0,0,1
1,0,0,0,1
1,0,0,0,1
1,0,0,0,1
2,0,0,0,2
2,0,0,0,2
16,2,0,0,18
1,0,0,0,1
1,0,0,0,1
1,0,0,0,1
1,0,0,0,1
6,1,0,0,7
3,0,0,0,3
1,0,0,0,1
1,0,0,0,1
5,0,0,0,5
10,0,0,0,10
1,0,0,0,1
2,0,0,0,2
1,0,0,0,1
2,0,0,0,2
6,0,0,0,6
1,0,0,0,1
1,0,0,0,1
1,0,0,0,1
2,0,0,0,2
1,0,0,0,1
1,0,0,0,1
1,0,0,0,1
18,6,0,0,24
1,0,0,0,1
1,0,0,0,1
1,0,0,0,1
1,0,0,0,1
1,0,0,0,1
2,0,0,0,2
2,0,0,0,2
2,0,0,0,2
1,0,0,0,1
1,0,0,0,1
1,0,0,0,1
1,0,0,0,1
1,0,0,0,1
2,0,0,0,2
3,0,0,0,3
2,0,0,0,2
2,0,0,0,2
5,0,0,0,5
6,0,0,0,6
2,0,0,0,2
2,1,0,0,3
1,0,0,0,1
1,0,0,0,1
1,0,0,0,1
3,1,0,0,4
2,50,0,0,52
2,0,0,0,2
1,0,0,0,1
1,0,0,0,1
5,0,0,0,5
7,0,0,0,7
2,0,0,0,2
1,0,0,0,1
2,0,0,0,2
2,17,0,0,19
2,0,0,0,2
3,0,0,0,3
3,0,0,0,3
5,10,1,0,16
2,0,0,0,2
1,0,0,0,1
1,0,0,0,1
1,0,0,0,1
1,0,0,0,1
1,0,0,0,1
1,0,0,0,1
1,0,0,0,1
8,0,0,0,8
1,0,0,0,1
1,0,0,0,1
1,0,0,0,1
1,0,0,0,1
1,0,0,0,1
1,0,0,0,1
1,0,0,0,1
1,0,0,0,1
1,0,0,0,1
1,0,0,0,1
2,0,0,0,2
1,0,0,0,1
2,0,0,0,2
2,0,0,0,2
1,0,0,0,1
1,0,0,0,1
4,111,0,0,115
1,0,0,0,1
2,0,0,0,2
1,0,0,0,1
1,0,0,0,1
1,0,0,0,1
7,0,0,0,7
1,0,0,0,1
1,0,0,0,1
2,0,0,0,2
6,2,0,0,8
14,0,0,0,14
3,0,0,0,3
1,0,0,0,1
1,0,0,0,1
1,0,0,0,1
8,0,0,0,8
1,0,0,0,1
2,0,0,0,2
3,0,0,0,3
2,0,0,0,2
1,0,0,0,1
1,0,0,0,1
1,0,0,0,1
2,0,0,0,2
5,0,0,0,5
9,0,0,0,9
4,0,0,0,4
1,0,0,0,1
2,0,0,0,2
1,0,0,0,1
1,0,0,0,1
1,0,0,0,1
1,0,0,0,1
8,0,0,0,8
1,0,0,0,1
2,0,0,0,2
3,0,0,0,3
1,1,0,0,2
2,0,0,0,2
2,0,0,0,2
2,0,0,0,2
1,0,0,0,1
2,3,0,0,5
1,0,0,0,1
2,0,0,0,2
4,0,0,0,4
5,0,0,0,5
1,0,0,0,1
1,0,0,0,1
1,0,0,0,1
1,0,0,0,1
1,0,0,0,1
1,0,0,0,1
1,0,0,0,1
1,0,0,0,1
2,0,0,0,2
1,0,0,0,1
1,0,0,0,1
2,0,0,0,2
1,0,0,0,1
3,0,0,0,3
1,0,0,0,1
1,0,0,0,1
1,0,0,0,1
1,0,0,0,1
4,0,0,0,4
1,0,0,0,1
1,0,0,0,1
1,0,0,0,1
1,0,0,0,1
1,0,0,0,1
4,0,0,0,4
4,1,3,0,8
1,0,0,0,1
1,0,0,0,1
1,0,0,0,1
1,0,0,0,1
2,0,0,0,2
1,0,0,0,1
1,0,0,0,1
2,0,0,0,2
3,0,0,0,3
1,0,0,0,1
1,0,0,0,1
1,0,0,0,1
4,0,0,0,4
1,0,0,0,1
4,0,0,0,4
1,2,0,0,3
1,0,0,0,1
1,0,0,0,1
10,0,0,0,10
1,0,0,0,1
5,0,0,0,5
1,0,0,0,1
1,0,0,0,1
19,0,0,0,19
1,0,0,0,1
8,0,0,0,8
1,0,0,0,1
5,1,0,0,6
1,0,0,0,1
1,0,0,0,1
7,0,0,0,7
3,0,0,0,3
3,0,0,0,3
1,0,0,0,1
8,0,0,0,8
11,0,0,0,11
7,2,0,0,9
2,0,0,0,2
2,0,0,0,2
1,0,0,0,1
2,0,0,0,2
2,0,0,0,2
7,0,0,0,7
1,0,0,0,1
3,0,0,0,3
1,0,0,0,1
3,0,0,0,3
1,0,0,0,1
1,0,0,0,1
1,0,0,0,1
1,0,0,0,1
1,0,0,0,1
1,0,0,0,1
1,0,0,0,1
4,0,0,0,4
1,0,0,0,1
1,0,0,0,1
3,0,0,0,3
1,0,0,0,1
1,0,0,0,1
1,1,1,0,3
3,0,0,0,3
1,0,0,0,1
4,0,0,0,4
2,0,0,0,2
4,0,0,0,4
1,0,0,0,1
2,0,0,0,2
1,0,0,0,1
1,0,0,0,1
2,0,0,0,2
1,0,0,0,1
1,0,0,0,1
1,0,0,0,1
2,0,0,0,2
4,0,0,0,4
1,0,0,0,1
17,0,0,0,17
1,0,0,0,1
1,0,0,0,1
1,0,0,0,1
1,0,0,0,1
1,0,0,0,1
1,0,0,0,1
3,0,0,0,3
1,0,0,0,1
1,0,0,0,1
21,3,0,0,24
2,0,0,0,2
1,0,0,0,1
6,0,0,0,6
3,0,0,0,3
1,0,0,0,1
3,0,0,0,3
3,2,0,0,5
1,0,0,0,1
7,0,0,0,7
1,0,0,0,1
1,0,0,0,1
1,0,0,0,1
1,0,0,0,1
1,0,0,0,1
2,0,0,0,2
1,0,0,0,1
1,0,0,0,1
1,0,0,0,1
1,0,0,0,1
2,0,0,0,2
1,0,0,0,1
6,0,0,0,6
1,0,0,0,1
2,0,0,0,2
1,0,0,0,1
1,0,0,0,1
1,0,0,0,1
4,9,0,0,13
1,0,0,0,1
1,0,0,0,1
1,0,0,0,1
7,0,0,0,7
2,0,0,0,2
2,0,0,0,2
1,0,0,0,1
1,0,0,0,1
1,0,0,0,1
1,0,0,0,1
1,0,0,0,1
1,0,0,0,1
1,0,0,0,1
1,0,0,0,1
1,0,0,0,1
2,47,1,0,50
1,0,0,0,1
2,0,0,0,2
1,0,0,0,1
3,0,0,0,3
1,0,0,0,1
1,0,0,0,1
2,2,1,0,5
2,1,0,0,3
1,0,0,0,1
1,0,0,0,1
1,0,0,0,1
1,0,0,0,1
1,0,0,0,1
4,0,0,0,4
2,0,0,0,2
4,0,0,0,4
2,1,1,0,4
4,0,0,0,4
1,0,0,0,1
3,0,2,0,5
4,0,0,0,4
1,0,0,0,1
3,0,0,0,3
1,0,0,0,1
1,0,0,0,1
2,3,0,0,5
1,0,0,0,1
1,0,0,0,1
4,0,0,0,4
1,0,0,0,1
1,0,0,0,1
3,0,0,0,3
2,0,0,0,2
1,0,0,0,1
1,0,0,0,1
1,0,0,0,1
3,0,0,0,3
3,0,0,0,3
1,0,0,0,1
3,0,0,0,3
1,0,0,0,1
3,0,0,0,3
2,0,0,0,2
3,0,0,0,3
2,0,0,0,2
3,0,0,0,3
1,0,0,0,1
2,0,0,0,2
2,0,0,0,2
2,0,0,0,2
7,1,1,0,9
1,0,0,0,1
6,0,0,0,6
1,0,0,0,1
1,0,0,0,1
1,0,0,0,1
12,1,0,0,13
2,0,0,0,2
2,0,0,0,2
1,0,0,0,1
2,0,0,0,2
3,0,0,0,3
2,1,0,0,3
1,0,0,0,1
3,0,0,0,3
2,9,0,0,11
11,1,0,0,12
4,0,0,0,4
13,9,1,0,23
1,0,0,0,1
1,0,0,0,1
1,0,0,0,1
1,0,0,0,1
3,0,0,0,3
1,0,0,0,1
2,0,0,0,2
1,0,0,0,1
1,0,0,0,1
3,0,0,0,3
1,0,0,0,1
1,0,0,0,1
4,0,0,0,4
1,0,0,0,1
3,0,0,0,3
2,0,0,0,2
2,0,0,0,2
1,0,0,0,1
2,0,0,0,2
1,0,0,0,1
2,0,0,0,2
1,0,0,0,1
1,0,0,0,1
2,1,0,0,3
1,0,0,0,1
1,0,0,0,1
1,0,0,0,1
1,0,0,0,1
2,0,0,0,2
1,0,0,0,1
1,0,0,0,1
2,4,0,0,6
18,11,0,0,29
3,0,0,0,3
3,0,0,0,3
1,0,0,0,1
1,0,0,0,1
1,0,0,0,1
4,0,0,0,4
5,2,0,0,7
2,0,0,0,2
1,0,0,0,1
4,0,0,0,4
1,0,0,0,1
2,0,0,0,2
1,0,0,0,1
2,0,0,0,2
1,0,0,0,1
1,0,0,0,1
1,0,0,0,1
1,0,0,0,1
3,0,0,0,3
1,0,0,0,1
3,0,0,0,3
1,7,0,0,8
2,0,0,0,2
1,0,0,0,1
3,0,0,0,3
1,0,0,0,1
2,0,0,0,2
2,0,0,0,2
3,0,0,0,3
4,0,0,0,4
1,0,0,0,1
18,0,0,0,18
1,0,0,0,1
4,0,0,0,4
2,0,0,0,2
3,0,0,0,3
3,0,0,0,3
1,0,0,0,1
1,0,0,0,1
3,0,0,0,3
1,0,0,0,1
1,0,0,0,1
1,0,0,0,1
1,0,0,0,1
3,0,0,0,3
1,0,0,0,1
1,0,0,0,1
1,0,0,0,1
2,0,0,0,2
1,0,0,0,1
1,0,0,0,1
1,0,0,0,1
1,0,0,0,1
3,0,0,0,3
1,0,0,0,1
2,0,0,0,2
1,0,0,0,1
1,0,0,0,1
6,0,0,0,6
1,0,0,0,1
1,0,0,0,1
1,0,0,0,1
1,0,0,0,1
1,0,0,0,1
1,0,0,0,1
4,0,0,0,4
1,0,0,0,1
1,0,0,0,1
1,0,0,0,1
4,0,0,0,4
1,0,0,0,1
1,0,0,0,1
4,0,0,0,4
1,0,0,0,1
3,0,0,0,3
5,1,0,0,6
1,0,0,0,1
5,0,0,0,5
1,1,0,0,2
2,0,0,0,2
3,0,0,0,3
2,0,0,0,2
1,0,0,0,1
2,0,0,0,2
1,0,0,0,1
1,0,0,0,1
2,0,0,0,2
2,0,0,0,2
5,0,0,0,5
1,0,0,0,1
1,0,0,0,1
4,0,0,0,4
1,0,0,0,1
3,0,0,0,3
5,0,0,0,5
1,0,0,0,1
1,24,0,0,25
5,0,0,0,5
2,0,0,0,2
1,0,0,0,1
1,0,0,0,1
1,0,0,0,1
1,0,0,0,1
3,0,0,0,3
1,0,0,0,1
1,0,0,0,1
4,0,0,0,4
1,0,0,0,1
2,0,0,0,2
2,0,0,0,2
1,0,0,0,1
1,0,0,0,1
5,0,0,0,5
1,0,0,0,1
1,0,0,0,1
2,0,0,0,2
2,0,0,0,2
5,2,0,0,7
1,0,0,0,1
1,0,0,0,1
1,0,0,0,1
1,0,0,0,1
2,0,0,0,2
1,0,0,0,1
1,0,0,0,1
1,0,0,0,1
4,0,0,0,4
2,0,0,0,2
1,0,0,0,1
1,0,0,0,1
4,0,0,0,4
1,0,0,0,1
1,0,0,0,1
1,0,0,0,1
1,0,0,0,1
1,0,0,0,1
1,0,0,0,1
1,0,0,0,1
1,0,0,0,1
1,0,0,0,1
1,0,0,0,1
2,0,0,0,2
1,0,0,0,1
4,0,0,0,4
4,0,0,0,4
1,0,0,0,1
1,0,0,0,1
3,0,0,0,3
2,0,0,0,2
3,1,0,0,4
1,0,0,0,1
1,0,0,0,1
2,0,0,0,2
2,0,0,0,2
1,0,0,0,1
1,0,0,0,1
3,0,0,0,3
3,0,0,0,3
1,0,0,0,1
3,0,0,0,3
2,0,0,0,2
1,0,0,0,1
2,0,0,0,2
1,0,0,0,1
1,0,0,0,1
1,0,0,0,1
3,0,0,0,3
4,1,1,0,6
1,0,0,0,1
1,0,0,0,1
1,0,0,0,1
1,0,0,0,1
1,0,0,0,1
2,0,0,0,2
1,0,0,0,1
2,0,0,0,2
3,0,0,0,3
4,0,0,0,4
11,3,1,0,15
2,0,0,0,2
1,0,0,0,1
1,0,0,0,1
1,0,0,0,1
1,0,0,0,1
2,0,0,0,2
1,0,0,0,1
3,0,0,0,3
1,0,0,0,1
1,0,0,0,1
1,0,0,0,1
1,0,0,0,1
3,0,0,0,3
6,0,0,0,6
1,0,0,0,1
1,0,0,0,1
1,0,0,0,1
2,0,0,0,2
1,0,0,0,1
1,0,0,0,1
1,0,0,0,1
1,0,0,0,1
1,0,0,0,1
1,0,0,0,1
1,0,0,0,1
1,0,0,0,1
4,2,0,0,6
1,0,0,0,1
1,0,0,0,1
1,0,0,0,1
1,0,0,0,1
1,0,0,0,1
1,0,0,0,1
1,2,0,0,3
2,0,0,0,2
2,0,0,0,2
1,0,0,0,1
1,0,0,0,1
1,0,0,0,1
8,0,0,0,8
2,0,0,0,2
1,0,0,0,1
1,0,0,0,1
2,0,0,0,2
1,0,0,0,1
2,0,0,0,2
1,0,0,0,1
1,0,0,0,1
1,0,0,0,1
1,0,0,0,1
1,0,0,0,1
1,0,0,0,1
5,3,0,0,8
1,0,0,0,1
6,0,0,0,6
6,0,0,0,6
1,0,0,0,1
1,0,0,0,1
1,0,0,0,1
1,0,0,0,1
1,0,0,0,1
3,0,0,0,3
2,0,0,0,2
1,0,0,0,1
2,0,0,0,2
1,0,0,0,1
2,0,0,0,2
1,0,0,0,1
1,0,0,0,1
1,0,0,0,1
1,0,0,0,1
1,0,0,0,1
3,0,0,0,3
2,0,0,0,2
2,0,0,0,2
2,0,0,0,2
1,0,0,0,1
1,0,0,0,1
1,0,0,0,1
5,0,0,0,5
1,0,0,0,1
1,0,0,0,1
26,29,0,0,55
4,0,0,0,4
1,0,0,0,1
2,0,0,0,2
1,0,0,0,1
12,2,0,0,14
1,0,0,0,1
1,0,0,0,1
1,0,0,0,1
1,0,0,0,1
5,0,0,0,5
2,0,0,0,2
1,0,0,0,1
1,0,0,0,1
2,0,0,0,2
1,0,0,0,1
1,0,0,0,1
1,0,0,0,1
1,0,0,0,1
3,10,0,0,13
1,0,0,0,1
1,0,0,0,1
1,8,0,0,9
1,0,0,0,1
1,0,0,0,1
1,0,0,0,1
1,0,0,0,1
5,3,1,0,9
1,0,0,0,1
5,0,0,0,5
1,0,0,0,1
1,0,0,0,1
1,0,0,0,1
2,0,0,0,2
1,0,0,0,1
1,0,0,0,1
1,0,0,0,1
1,0,0,0,1
1,0,0,0,1
3,0,0,0,3
2,0,0,0,2
1,0,0,0,1
1,0,0,0,1
1,0,0,0,1
1,0,0,0,1
2,0,0,0,2
9,0,0,0,9
1,0,0,0,1
4,29,1,0,34
3,0,0,0,3
1,0,0,0,1
3,0,0,0,3
2,0,0,0,2
1,0,0,0,1
1,0,0,0,1
7,0,0,0,7
1,0,0,0,1
1,0,0,0,1
1,0,0,0,1
1,0,0,0,1
8,0,0,0,8
1,0,0,0,1
2,0,0,0,2
1,0,0,0,1
6,0,0,0,6
1,0,0,0,1
3,0,0,0,3
1,0,0,0,1
1,0,0,0,1
1,0,0,0,1
1,0,0,0,1
4,0,0,0,4
2,0,0,0,2
1,0,0,0,1
1,0,0,0,1
2,0,0,0,2
1,0,0,0,1
2,0,0,0,2
2,0,0,0,2
1,0,0,0,1
2,0,0,0,2
1,0,0,0,1
1,0,0,0,1
1,0,0,0,1
1,0,0,0,1
1,0,0,0,1
1,0,0,0,1
1,0,0,0,1
13,0,0,0,13
1,0,0,0,1
2,0,0,0,2
1,0,0,0,1
5,1,0,0,6
3,0,0,0,3
2,0,0,0,2
1,0,0,0,1
1,0,0,0,1
1,0,0,0,1
1,0,0,0,1
1,0,0,0,1
1,0,0,0,1
1,0,0,0,1
1,0,0,0,1
1,0,0,0,1
2,0,0,0,2
1,0,0,0,1
3,0,0,0,3
3,0,0,0,3
1,0,0,0,1
5,0,0,0,5
1,0,0,0,1
2,0,0,0,2
1,0,0,0,1
1,0,0,0,1
1,0,0,0,1
1,0,0,0,1
1,0,0,0,1
1,0,0,0,1
1,0,0,0,1
1,0,0,0,1
2,0,0,0,2
2,0,0,0,2
6,0,0,0,6
2,0,0,0,2
1,15,0,0,16
8,0,0,0,8
1,0,0,0,1
3,0,0,0,3
2,0,0,0,2
1,0,0,0,1
1,0,0,0,1
4,0,0,0,4
1,0,0,0,1
2,0,0,0,2
1,0,0,0,1
3,0,0,0,3
2,0,0,0,2
2,0,0,0,2
4,0,0,0,4
1,0,0,0,1
1,0,0,0,1
1,0,0,0,1
1,0,0,0,1
1,0,0,0,1
1,0,0,0,1
1,0,0,0,1
1,0,0,0,1
1,0,0,0,1
2,0,0,0,2
3,0,0,0,3
3,0,0,0,3
5,0,0,0,5
1,0,0,0,1
2,0,0,0,2
1,0,0,0,1
1,0,0,0,1
10,0,0,0,10
1,0,0,0,1
2,0,0,0,2
2,0,0,0,2
1,0,0,0,1
3,0,0,0,3
7,0,0,0,7
1,0,0,0,1
1,0,0,0,1
1,0,0,0,1
1,0,0,0,1
1,0,0,0,1
4,6,1,0,11
1,11,0,0,12
1,0,0,0,1
2,0,0,0,2
34,0,0,0,34
1,0,0,0,1
1,0,0,0,1
4,0,0,0,4
1,0,0,0,1
1,0,0,0,1
1,0,0,0,1
1,0,0,0,1
1,0,0,0,1
1,0,0,0,1
19,0,0,0,19
1,0,0,0,1
1,0,0,0,1
1,0,0,0,1
4,0,0,0,4
1,1,1,0,3
1,0,0,0,1
1,0,0,0,1
1,0,0,0,1
1,0,0,0,1
1,0,0,0,1
1,7,0,0,8
2,7,0,0,9
1,0,0,0,1
3,1,0,0,4
2,3,1,0,6
1,0,0,0,1
1,0,0,0,1
1,0,0,0,1
4,0,0,0,4
1,0,0,0,1
1,0,0,0,1
1,0,0,0,1
1,0,0,0,1
8,0,0,0,8
1,0,0,0,1
1,0,0,0,1
1,0,0,0,1
1,0,0,0,1
1,0,0,0,1
5,0,0,0,5
1,3,0,0,4
2,0,0,0,2
1,0,0,0,1
1,0,0,0,1
2,0,0,0,2
1,0,0,0,1
3,0,0,0,3
1,0,0,0,1
1,0,0,0,1
5,0,0,0,5
1,0,0,0,1
2,0,0,0,2
1,0,0,0,1
2,0,0,0,2
1,0,0,0,1
1,0,0,0,1
1,0,0,0,1
2,0,0,0,2
1,0,0,0,1
1,0,0,0,1
2,1,0,0,3
1,0,0,0,1
2,0,0,0,2
1,0,0,0,1
1,0,0,0,1
1,0,0,0,1
1,0,0,0,1
11,15,1,0,27
1,0,0,0,1
1,0,0,0,1
1,0,0,0,1
3,0,0,0,3
6,0,0,0,6
1,0,0,0,1
1,0,0,0,1
8,0,0,0,8
2,0,0,0,2
2,0,0,0,2
1,0,0,0,1
4,0,0,0,4
2,0,0,0,2
5,0,0,0,5
1,0,0,0,1
2,0,0,0,2
1,0,0,0,1
2,0,0,0,2
2,0,0,0,2
2,0,0,0,2
3,0,0,0,3
1,0,0,0,1
1,0,0,0,1
2,0,0,0,2
2,0,0,0,2
1,0,0,0,1
1,0,0,0,1
2,0,0,0,2
1,0,0,0,1
1,0,0,0,1
1,0,0,0,1
1,0,0,0,1
1,0,0,0,1
3,0,0,0,3
1,0,0,0,1
4,0,0,0,4
2,0,0,0,2
1,0,0,0,1
1,0,0,0,1
2,0,0,0,2
12,0,0,0,12
1,0,0,0,1
9,16,0,0,25
2,0,0,0,2
1,0,0,0,1
2,0,0,0,2
1,0,0,0,1
2,0,0,0,2
1,0,0,0,1
4,0,0,0,4
2,0,0,0,2
1,0,0,0,1
2,0,0,0,2
4,0,0,0,4
1,0,0,0,1
1,0,0,0,1
1,1,0,0,2
2,0,0,0,2
1,0,0,0,1
1,0,0,0,1
8,0,0,0,8
1,0,0,0,1
1,0,0,0,1
1,0,0,0,1
1,0,0,0,1
4,0,0,0,4
1,0,0,0,1
1,0,0,0,1
5,0,0,0,5
5,0,0,0,5
4,3,1,0,8
1,0,0,0,1
1,0,0,0,1
2,0,0,0,2
4,0,0,0,4
1,0,0,0,1
1,0,0,0,1
1,0,0,0,1
3,0,0,0,3
1,0,0,0,1
1,0,0,0,1
1,0,0,0,1
1,0,0,0,1
37,1,1,0,39
1,0,0,0,1
1,0,0,0,1
9,0,0,0,9
1,0,0,0,1
2,0,0,0,2
2,0,0,0,2
2,0,0,0,2
1,0,0,0,1
1,0,0,0,1
3,0,0,0,3
1,0,0,0,1
1,0,0,0,1
2,0,0,0,2
3,0,0,0,3
1,0,0,0,1
12,0,0,0,12
1,0,0,0,1
2,0,0,0,2
5,0,0,0,5
1,0,0,0,1
1,0,0,0,1
1,0,0,0,1
2,2,0,0,4
1,0,0,0,1
1,0,0,0,1
1,0,0,0,1
1,0,0,0,1
1,0,0,0,1
1,0,0,0,1
1,0,0,0,1
1,0,0,0,1
1,0,0,0,1
6,0,0,0,6
1,0,0,0,1
5,0,0,0,5
2,0,0,0,2
2,0,0,0,2
4,0,0,0,4
1,0,0,0,1
2,1,0,0,3
2,0,0,0,2
3,0,0,0,3
1,0,0,0,1
1,0,0,0,1
1,0,0,0,1
1,0,0,0,1
5,0,0,0,5
1,0,0,0,1
1,0,0,0,1
1,0,0,0,1
4,2,0,0,6
1,0,0,0,1
1,0,0,0,1
10,5,0,0,15
1,0,0,0,1
1,0,0,0,1
1,0,0,0,1
4,0,0,0,4
10,0,0,0,10
3,0,0,0,3
1,0,0,0,1
3,0,0,0,3
3,0,0,0,3
1,0,0,0,1
1,0,0,0,1
1,0,0,0,1
3,0,0,0,3
2,0,0,0,2
7,18,1,0,26
1,0,0,0,1
1,0,0,0,1
2,2,0,0,4
4,0,0,0,4
1,0,0,0,1
1,0,0,0,1
1,0,0,0,1
9,0,0,0,9
6,0,0,0,6
4,0,0,0,4
1,0,0,0,1
1,0,0,0,1
1,0,0,0,1
1,0,0,0,1
2,0,0,0,2
5,0,0,0,5
1,0,0,0,1
1,0,0,0,1
1,0,0,0,1
3,0,0,0,3
2,0,0,0,2
1,0,0,0,1
9,0,0,0,9
1,0,0,0,1
3,0,0,0,3
1,0,0,0,1
1,0,0,0,1
1,0,0,0,1
3,0,0,0,3
1,0,0,0,1
2,0,0,0,2
3,0,0,0,3
2,0,0,0,2
5,0,0,0,5
8,3,1,0,12
2,2,0,0,4
2,0,0,0,2
1,0,0,0,1
1,0,0,0,1
1,0,0,0,1
1,0,0,0,1
9,0,0,0,9
1,0,0,0,1
1,0,0,0,1
2,0,0,0,2
1,0,0,0,1
1,0,0,0,1
14,2,5,0,21
1,0,0,0,1
2,0,0,0,2
1,0,0,0,1
1,0,0,0,1
3,56,3,0,62
1,0,0,0,1
5,0,0,0,5
3,0,0,0,3
1,0,0,0,1
1,0,0,0,1
4,0,0,0,4
3,0,0,0,3
1,0,0,0,1
1,0,0,0,1
1,0,0,0,1
2,0,0,0,2
16,0,0,0,16
1,0,0,0,1
1,0,0,0,1
1,0,0,0,1
1,0,0,0,1
1,0,0,0,1
1,0,0,0,1
1,0,0,0,1
2,0,0,0,2
1,0,0,0,1
1,0,0,0,1
2,14,3,0,19
2,5,0,0,7
1,0,0,0,1
1,0,0,0,1
1,0,0,0,1
2,0,0,0,2
1,0,0,0,1
4,0,0,0,4
1,0,0,0,1
1,0,0,0,1
2,0,0,0,2
1,0,0,0,1
1,0,0,0,1
2,0,0,0,2
2,1,1,0,4
1,0,0,0,1
1,0,0,0,1
2,0,0,0,2
2,1,1,0,4
1,0,0,0,1
1,0,0,0,1
2,0,0,0,2
1,0,0,0,1
1,0,0,0,1
1,0,0,0,1
4,0,0,0,4
1,0,0,0,1
1,0,0,0,1
1,0,0,0,1
1,0,0,0,1
1,0,0,0,1
1,0,0,0,1
3,3,0,0,6
10,5,1,0,16
2,0,0,0,2
1,0,0,0,1
7,1,0,0,8
1,0,0,0,1
9,0,0,0,9
3,0,0,0,3
1,0,0,0,1
7,0,0,0,7
2,0,0,0,2
3,0,0,0,3
4,0,0,0,4
1,0,0,0,1
2,0,0,0,2
1,0,0,0,1
4,2,0,0,6
1,0,0,0,1
1,0,0,0,1
1,0,0,0,1
2,0,0,0,2
1,0,0,0,1
1,0,0,0,1
1,0,0,0,1
1,0,0,0,1
1,0,0,0,1
3,0,0,0,3
1,0,0,0,1
1,0,0,0,1
1,0,0,0,1
3,0,0,0,3
1,0,0,0,1
2,0,0,0,2
3,0,0,0,3
1,0,0,0,1
18,0,0,0,18
1,0,0,0,1
1,0,0,0,1
2,0,0,0,2
7,0,0,0,7
7,0,0,0,7
9,1,1,0,11
1,0,0,0,1
1,0,0,0,1
1,0,0,0,1
8,0,0,0,8
1,0,0,0,1
10,4,0,0,14
1,0,0,0,1
1,0,0,0,1
1,0,0,0,1
7,0,0,0,7
7,0,0,0,7
1,0,0,0,1
2,0,0,0,2
1,0,0,0,1
2,0,0,0,2
1,0,0,0,1
5,7,0,0,12
1,0,0,0,1
1,0,0,0,1
1,0,0,0,1
1,0,0,0,1
1,0,0,0,1
8,9,0,0,17
1,0,0,0,1
1,0,0,0,1
1,0,0,0,1
1,0,0,0,1
4,0,0,0,4
1,0,0,0,1
1,0,0,0,1
11,0,0,0,11
1,0,0,0,1
2,0,0,0,2
1,0,0,0,1
3,3,0,0,6
1,0,0,0,1
1,0,0,0,1
1,0,0,0,1
1,0,0,0,1
1,0,0,0,1
8,0,0,0,8
1,0,0,0,1
1,0,0,0,1
1,0,0,0,1
1,0,0,0,1
2,0,0,0,2
1,0,0,0,1
1,7,0,0,8
1,6,0,0,7
2,0,0,0,2
1,0,0,0,1
1,24,0,0,25
4,3,1,0,8
1,0,0,0,1
1,0,0,0,1
2,0,0,0,2
2,0,0,0,2
1,0,0,0,1
1,0,0,0,1
1,0,0,0,1
1,0,0,0,1
1,0,0,0,1
1,0,0,0,1
2,0,0,0,2
7,0,0,0,7
3,0,0,0,3
2,0,0,0,2
1,0,0,0,1
1,0,0,0,1
4,0,0,0,4
1,0,0,0,1
1,0,0,0,1
1,0,0,0,1
1,0,0,0,1
10,0,0,0,10
1,0,0,0,1
1,0,0,0,1
1,0,0,0,1
9,0,0,0,9
1,0,0,0,1
1,0,0,0,1
2,0,0,0,2
1,0,0,0,1
1,0,0,0,1
3,6,0,0,9
2,0,0,0,2
6,1,0,0,7
2,0,0,0,2
1,0,0,0,1
1,0,0,0,1
4,0,0,0,4
3,0,0,0,3
1,0,0,0,1
4,0,0,0,4
2,0,0,0,2
1,0,0,0,1
1,0,0,0,1
1,0,0,0,1
3,0,0,0,3
2,0,0,0,2
3,0,0,0,3
1,0,0,0,1
1,0,0,0,1
1,0,0,0,1
1,1,0,0,2
1,0,0,0,1
1,0,0,0,1
2,0,0,0,2
1,0,0,0,1
1,0,0,0,1
2,0,0,0,2
1,0,0,0,1
1,0,0,0,1
9,0,0,0,9
2,0,0,0,2
2,0,0,0,2
1,0,0,0,1
1,0,0,0,1
1,0,0,0,1
3,0,0,0,3
1,0,0,0,1
3,0,0,0,3
1,0,0,0,1
1,0,0,0,1
2,1,0,0,3
1,0,0,0,1
15,2,0,0,17
2,0,0,0,2
4,0,0,0,4
2,0,0,0,2
1,0,0,0,1
1,0,0,0,1
15,0,0,0,15
1,0,0,0,1
1,0,0,0,1
2,0,0,0,2
1,0,0,0,1
1,0,0,0,1
4,0,0,0,4
4,0,0,0,4
1,0,0,0,1
3,0,0,0,3
1,0,0,0,1
5,0,0,0,5
1,0,0,0,1
4,0,0,0,4
1,0,0,0,1
6,0,0,0,6
3,0,0,0,3
2,0,0,0,2
6,0,0,0,6
1,0,2,0,3
1,0,0,0,1
1,0,0,0,1
1,0,0,0,1
1,0,0,0,1
1,0,0,0,1
1,0,0,0,1
1,1,1,0,3
4,0,0,0,4
3,0,0,0,3
1,0,0,0,1
1,0,0,0,1
1,0,0,0,1
5,6,0,0,11
1,0,0,0,1
1,22,0,0,23
1,0,0,0,1
1,0,0,0,1
9,7,0,0,16
8,28,0,0,36
4,0,0,0,4
3,0,0,0,3
1,0,0,0,1
1,0,0,0,1
1,0,0,0,1
4,1,0,0,5
1,0,0,0,1
1,0,0,0,1
9,0,0,0,9
2,0,0,0,2
8,0,0,0,8
2,0,0,0,2
3,10,0,0,13
2,0,0,0,2
1,0,0,0,1
1,0,0,0,1
1,0,0,0,1
1,0,0,0,1
1,0,0,0,1
2,0,0,0,2
1,0,0,0,1
2,0,0,0,2
1,0,0,0,1
4,0,0,0,4
2,12,0,0,14
1,0,0,0,1
1,2,1,0,4
4,0,0,0,4
2,0,0,0,2
1,0,0,0,1
2,0,0,0,2
3,0,0,0,3
1,0,0,0,1
4,0,0,0,4
1,0,0,0,1
1,0,0,0,1
1,0,0,0,1
1,0,0,0,1
2,0,0,0,2
1,0,0,0,1
9,0,0,0,9
1,0,0,0,1
1,0,0,0,1
2,0,0,0,2
1,0,0,0,1
1,0,0,0,1
1,0,0,0,1
1,0,0,0,1
1,0,0,0,1
2,0,0,0,2
1,0,0,0,1
1,0,0,0,1
2,0,0,0,2
1,0,0,0,1
7,3,0,0,10
2,0,0,0,2
1,0,0,0,1
8,0,0,0,8
8,0,0,0,8
2,0,0,0,2
1,0,0,0,1
2,1,0,0,3
1,0,0,0,1
1,0,0,0,1
1,0,0,0,1
1,0,0,0,1
2,0,0,0,2
1,0,0,0,1
1,0,0,0,1
1,0,0,0,1
1,0,0,0,1
1,0,0,0,1
1,2,0,0,3
8,0,0,0,8
1,0,0,0,1
2,0,0,0,2
1,0,0,0,1
2,0,0,0,2
4,0,0,0,4
1,0,0,0,1
1,0,0,0,1
4,4,0,0,8
2,0,0,0,2
1,0,0,0,1
1,0,0,0,1
1,1,0,0,2
1,0,0,0,1
3,4,0,0,7
1,0,0,0,1
1,0,0,0,1
3,0,0,0,3
5,0,0,0,5
4,0,0,0,4
1,0,0,0,1
1,0,0,0,1
1,0,0,0,1
1,0,0,0,1
1,0,0,0,1
1,0,0,0,1
1,0,0,0,1
1,0,0,0,1
1,0,0,0,1
1,0,0,0,1
11,0,0,0,11
1,0,0,0,1
2,0,0,0,2
1,0,0,0,1
1,0,0,0,1
1,0,0,0,1
3,0,0,0,3
6,0,0,0,6
2,0,0,0,2
2,0,0,0,2
1,0,0,0,1
1,0,0,0,1
2,0,0,0,2
3,0,0,0,3
3,0,0,0,3
2,0,0,0,2
2,0,0,0,2
2,0,0,0,2
1,0,0,0,1
1,0,0,0,1
1,2,0,0,3
4,0,0,0,4
1,0,0,0,1
1,0,0,0,1
4,0,0,0,4
1,1,0,0,2
6,0,0,0,6
2,0,0,0,2
1,0,0,0,1
1,0,0,0,1
1,0,0,0,1
1,0,0,0,1
1,0,0,0,1
1,0,0,0,1
1,0,0,0,1
1,0,0,0,1
1,0,0,0,1
2,0,0,0,2
2,0,0,0,2
1,0,0,0,1
2,0,0,0,2
3,0,0,0,3
1,0,0,0,1
1,0,0,0,1
8,1,0,0,9
4,0,0,0,4
1,0,0,0,1
1,0,0,0,1
1,0,0,0,1
1,0,0,0,1
1,0,0,0,1
6,0,0,0,6
1,0,0,0,1
3,0,0,0,3
1,0,0,0,1
1,0,0,0,1
1,0,0,0,1
6,10,0,0,16
1,0,0,0,1
3,1,1,0,5
1,0,0,0,1
1,0,0,0,1
1,0,0,0,1
1,0,0,0,1
2,0,0,0,2
1,0,0,0,1
1,0,0,0,1
1,0,0,0,1
1,0,0,0,1
1,0,0,0,1
1,0,0,0,1
2,0,0,0,2
1,0,0,0,1
1,0,0,0,1
1,0,0,0,1
1,0,0,0,1
3,0,0,0,3
1,0,0,0,1
1,0,0,0,1
1,0,0,0,1
1,0,0,0,1
2,0,0,0,2
1,0,0,0,1
1,0,0,0,1
1,0,0,0,1
6,0,0,0,6
1,0,0,0,1
1,0,0,0,1
1,0,0,0,1
1,0,0,0,1
1,0,0,0,1
9,0,0,0,9
2,0,0,0,2
1,0,0,0,1
1,0,0,0,1
1,0,0,0,1
1,0,0,0,1
7,0,0,0,7
1,0,0,0,1
1,0,0,0,1
1,0,0,0,1
2,0,0,0,2
4,0,0,0,4
1,0,0,0,1
2,0,0,0,2
3,0,0,0,3
3,0,0,0,3
4,0,0,0,4
2,0,0,0,2
1,0,0,0,1
1,0,0,0,1
4,0,0,0,4
1,0,0,0,1
1,0,0,0,1
2,0,0,0,2
1,0,0,0,1
1,0,0,0,1
1,0,0,0,1
7,0,0,0,7
1,0,0,0,1
1,0,0,0,1
2,0,0,0,2
1,0,0,0,1
1,1,0,0,2
1,0,0,0,1
1,0,0,0,1
18,1,1,0,20
1,0,0,0,1
1,0,0,0,1
1,0,0,0,1
1,0,0,0,1
1,0,0,0,1
1,0,0,0,1
4,0,0,0,4
1,0,0,0,1
1,0,0,0,1
1,0,0,0,1
2,0,0,0,2
2,0,0,0,2
2,0,0,0,2
2,0,0,0,2
1,2,0,0,3
2,0,0,0,2
1,0,0,0,1
1,0,0,0,1
7,0,0,0,7
1,0,0,0,1
1,0,0,0,1
4,0,0,0,4
2,0,0,0,2
2,0,0,0,2
1,0,0,0,1
1,0,0,0,1
4,0,0,0,4
2,0,0,0,2
1,0,0,0,1
1,0,0,0,1
1,0,0,0,1
1,0,0,0,1
5,0,0,0,5
1,0,0,0,1
4,0,0,0,4
1,0,0,0,1
1,0,0,0,1
2,0,0,0,2
2,0,0,0,2
7,0,0,0,7
1,0,0,0,1
1,0,0,0,1
1,0,0,0,1
1,3,0,0,4
2,1,0,0,3
2,0,0,0,2
1,0,0,0,1
2,0,0,0,2
3,0,0,0,3
1,0,0,0,1
1,0,0,0,1
3,0,0,0,3
2,0,0,0,2
1,0,0,0,1
11,0,0,0,11
1,0,0,0,1
10,0,0,0,10
13,0,0,0,13
1,0,0,0,1
1,0,0,0,1
4,0,0,0,4
1,0,0,0,1
1,0,0,0,1
1,0,0,0,1
1,0,0,0,1
1,0,0,0,1
1,0,0,0,1
2,0,0,0,2
1,0,0,0,1
1,0,0,0,1
1,0,0,0,1
1,0,0,0,1
1,0,0,0,1
1,0,0,0,1
2,0,0,0,2
2,0,0,0,2
2,0,0,0,2
1,0,0,0,1
1,0,0,0,1
1,0,0,0,1
1,0,0,0,1
1,0,0,0,1
2,0,0,0,2
8,0,1,0,9
1,2,0,0,3
2,0,0,0,2
1,0,0,0,1
1,0,0,0,1
2,30,0,0,32
1,0,0,0,1
1,0,0,0,1
4,0,0,0,4
1,0,0,0,1
1,0,0,0,1
1,0,0,0,1
1,0,0,0,1
1,0,0,0,1
3,0,0,0,3
1,0,0,0,1
1,0,0,0,1
2,0,0,0,2
1,0,0,0,1
1,0,0,0,1
1,0,0,0,1
1,0,0,0,1
2,0,0,0,2
6,0,0,0,6
2,0,0,0,2
2,0,0,0,2
1,0,0,0,1
1,0,0,0,1
1,0,0,0,1
1,0,0,0,1
1,0,0,0,1
1,0,0,0,1
2,0,0,0,2
1,0,0,0,1
1,0,0,0,1
1,0,0,0,1
1,0,0,0,1
1,0,0,0,1
1,0,0,0,1
3,0,0,0,3
1,0,0,0,1
1,0,0,0,1
1,0,0,0,1
1,0,0,0,1
1,0,0,0,1
1,0,0,0,1
1,0,0,0,1
1,0,0,0,1
15,0,0,0,15
2,0,0,0,2
1,0,0,0,1
1,0,0,0,1
1,0,0,0,1
1,0,0,0,1
4,0,0,0,4
1,0,0,0,1
1,0,0,0,1
1,0,0,0,1
1,0,0,0,1
1,0,0,0,1
1,0,0,0,1
2,0,0,0,2
2,0,0,0,2
3,0,0,0,3
1,0,0,0,1
3,0,0,0,3
1,0,0,0,1
1,0,0,0,1
11,3,0,0,14
1,0,0,0,1
1,0,0,0,1
1,0,0,0,1
1,0,0,0,1
1,0,0,0,1
1,0,0,0,1
1,0,0,0,1
1,0,0,0,1
1,0,0,0,1
1,0,0,0,1
23,0,0,0,23
3,0,0,0,3
1,0,0,0,1
2,0,0,0,2
1,0,0,0,1
7,0,0,0,7
2,0,0,0,2
1,0,0,0,1
1,0,0,0,1
20,4,4,0,28
3,0,0,0,3
1,0,0,0,1
1,0,0,0,1
2,0,0,0,2
1,0,0,0,1
1,0,0,0,1
2,0,0,0,2
1,0,0,0,1
1,0,0,0,1
1,0,0,0,1
4,0,0,0,4
1,0,0,0,1
1,0,0,0,1
1,0,0,0,1
1,0,0,0,1
1,0,0,0,1
1,0,0,0,1
2,0,0,0,2
1,0,0,0,1
3,0,0,0,3
1,0,0,0,1
4,1,0,0,5
1,0,0,0,1
1,0,0,0,1
1,0,0,0,1
3,0,0,0,3
1,0,0,0,1
2,0,0,0,2
1,0,0,0,1
1,0,0,0,1
2,0,0,0,2
2,0,0,0,2
1,0,0,0,1
1,0,0,0,1
1,0,0,0,1
1,0,0,0,1
1,0,0,0,1
3,0,0,0,3
1,0,0,0,1
1,0,0,0,1
1,0,0,0,1
1,0,0,0,1
2,0,0,0,2
1,0,0,0,1
1,0,0,0,1
3,0,0,0,3
1,0,0,0,1
1,0,0,0,1
5,17,0,0,22
3,0,0,0,3
1,0,0,0,1
7,0,0,0,7
1,0,0,0,1
1,0,0,0,1
2,0,0,0,2
1,0,0,0,1
1,0,0,0,1
1,0,0,0,1
3,0,0,0,3
6,0,0,0,6
1,0,0,0,1
2,0,0,0,2
1,0,0,0,1
5,0,0,0,5
1,0,0,0,1
1,0,0,0,1
1,0,0,0,1
4,0,0,0,4
7,0,0,0,7
2,0,0,0,2
2,0,0,0,2
1,0,0,0,1
1,0,0,0,1
12,0,0,0,12
1,0,0,0,1
3,1,0,0,4
1,0,0,0,1
3,0,0,0,3
1,0,0,0,1
1,0,0,0,1
2,0,0,0,2
1,0,0,0,1
1,0,0,0,1
3,0,0,0,3
1,0,0,0,1
3,3,0,0,6
2,0,0,0,2
4,0,0,0,4
4,0,0,0,4
1,0,0,0,1
1,0,0,0,1
1,0,0,0,1
2,0,0,0,2
1,0,0,0,1
1,0,0,0,1
2,10,1,0,13
1,0,0,0,1
1,0,0,0,1
2,0,0,0,2
1,0,0,0,1
1,0,0,0,1
1,0,0,0,1
1,0,0,0,1
1,0,0,0,1
1,0,0,0,1
12,1,1,0,14
2,0,0,0,2
2,0,0,0,2
3,0,0,0,3
2,0,0,0,2
1,0,0,0,1
1,0,0,0,1
4,0,0,0,4
1,0,0,0,1
2,0,0,0,2
4,0,0,0,4
1,0,0,0,1
2,0,0,0,2
1,0,0,0,1
1,4,0,0,5
1,2,0,0,3
1,0,0,0,1
1,0,0,0,1
3,0,0,0,3
1,0,0,0,1
1,0,0,0,1
1,0,0,0,1
4,0,0,0,4
1,0,0,0,1
1,0,0,0,1
1,0,0,0,1
2,0,0,0,2
3,0,0,0,3
2,0,0,0,2
2,0,0,0,2
1,0,0,0,1
1,0,0,0,1
4,0,0,0,4
1,0,0,0,1
1,0,0,0,1
2,0,0,0,2
1,0,0,0,1
1,0,0,0,1
1,0,0,0,1
1,0,0,0,1
1,0,0,0,1
2,0,0,0,2
3,0,0,0,3
1,0,0,0,1
1,0,0,0,1
1,7,0,0,8
2,0,0,0,2
1,0,0,0,1
2,10,0,0,12
1,0,0,0,1
2,0,0,0,2
1,0,0,0,1
1,0,0,0,1
1,2,0,0,3
2,0,0,0,2
2,0,0,0,2
1,0,0,0,1
4,0,0,0,4
3,0,0,0,3
1,0,0,0,1
4,0,0,0,4
1,0,0,0,1
2,0,0,0,2
1,0,0,0,1
14,0,0,0,14
3,0,0,0,3
3,0,0,0,3
1,0,0,0,1
2,0,0,0,2
5,0,0,0,5
1,0,0,0,1
2,0,0,0,2
1,0,0,0,1
1,0,0,0,1
1,0,0,0,1
1,0,0,0,1
1,0,0,0,1
1,0,0,0,1
1,0,0,0,1
1,0,0,0,1
2,0,0,0,2
1,0,0,0,1
1,0,0,0,1
1,0,0,0,1
1,0,0,0,1
3,0,0,0,3
2,0,0,0,2
1,0,0,0,1
1,33,0,0,34
1,0,0,0,1
2,0,0,0,2
1,1,1,0,3
1,0,0,0,1
9,444,0,0,453
3,0,0,0,3
1,0,0,0,1
5,0,0,0,5
1,0,0,0,1
2,0,0,0,2
1,0,0,0,1
3,1,1,0,5
1,0,0,0,1
3,0,0,0,3
8,0,0,0,8
1,0,0,0,1
1,0,0,0,1
1,0,0,0,1
4,0,0,0,4
1,0,0,0,1
1,0,0,0,1
2,0,0,0,2
1,0,0,0,1
1,0,0,0,1
1,0,0,0,1
1,3,0,0,4
1,1,0,0,2
1,0,0,0,1
1,0,0,0,1
1,0,0,0,1
1,0,0,0,1
1,0,0,0,1
1,0,0,0,1
3,0,0,0,3
1,0,0,0,1
1,0,0,0,1
1,0,0,0,1
1,0,0,0,1
1,0,0,0,1
1,0,0,0,1
2,0,0,0,2
1,0,0,0,1
4,0,0,0,4
1,0,0,0,1
1,0,0,0,1
1,0,0,0,1
1,0,0,0,1
2,0,0,0,2
1,0,0,0,1
1,0,0,0,1
2,0,0,0,2
1,0,0,0,1
1,0,0,0,1
1,0,0,0,1
3,0,0,0,3
1,0,0,0,1
3,0,0,0,3
1,0,0,0,1
6,0,0,0,6
1,0,0,0,1
1,0,0,0,1
1,0,0,0,1
4,0,0,0,4
1,0,0,0,1
1,0,0,0,1
1,0,0,0,1
1,0,0,0,1
3,0,0,0,3
1,0,0,0,1
2,0,0,0,2
1,0,0,0,1
1,0,0,0,1
1,0,0,0,1
1,0,0,0,1
1,0,0,0,1
1,0,0,0,1
1,0,0,0,1
1,0,0,0,1
1,0,0,0,1
1,0,0,0,1
1,0,0,0,1
2,0,0,0,2
2,0,0,0,2
2,1,0,0,3
13,0,0,0,13
4,0,0,0,4
1,0,0,0,1
1,0,0,0,1
4,0,0,0,4
2,0,0,0,2
1,0,0,0,1
6,0,0,0,6
1,0,0,0,1
5,0,0,0,5
3,0,0,0,3
1,0,0,0,1
1,0,0,0,1
1,0,0,0,1
1,0,0,0,1
1,0,0,0,1
1,0,0,0,1
4,0,0,0,4
1,0,0,0,1
1,0,0,0,1
1,1,0,0,2
2,0,0,0,2
2,0,0,0,2
1,0,0,0,1
1,0,0,0,1
2,1,0,0,3
4,4,0,0,8
1,0,0,0,1
2,0,0,0,2
1,0,0,0,1
3,0,0,0,3
2,0,0,0,2
1,0,0,0,1
1,0,0,0,1
3,0,0,0,3
3,0,0,0,3
3,0,0,0,3
3,0,0,0,3
1,0,0,0,1
5,0,1,0,6
1,0,0,0,1
2,1,0,0,3
1,0,0,0,1
1,0,0,0,1
1,0,0,0,1
1,0,0,0,1
10,0,0,0,10
1,0,0,0,1
8,0,0,0,8
3,0,0,0,3
1,0,0,0,1
1,0,0,0,1
2,0,0,0,2
9,0,0,0,9
1,0,0,0,1
1,0,0,0,1
1,0,0,0,1
1,0,0,0,1
1,0,0,0,1
2,0,0,0,2
1,0,0,0,1
2,0,0,0,2
2,0,0,0,2
1,0,0,0,1
5,1,0,0,6
1,0,0,0,1
1,0,0,0,1
1,0,0,0,1
1,0,0,0,1
2,0,0,0,2
11,0,0,0,11
1,0,0,0,1
3,0,0,0,3
1,1,0,0,2
1,0,0,0,1
1,0,0,0,1
1,2,0,0,3
1,0,0,0,1
1,0,0,0,1
1,0,0,0,1
1,0,0,0,1
1,0,0,0,1
1,0,0,0,1
1,0,0,0,1
1,0,0,0,1
1,0,0,0,1
1,0,0,0,1
1,0,0,0,1
11,0,0,0,11
1,0,0,0,1
1,0,0,0,1
1,0,0,0,1
1,0,0,0,1
2,0,0,0,2
3,2,1,0,6
2,0,0,0,2
1,0,0,0,1
1,0,0,0,1
1,0,0,0,1
1,0,0,0,1
1,0,0,0,1
1,0,0,0,1
1,0,0,0,1
2,0,0,0,2
3,0,0,0,3
3,0,0,0,3
1,0,0,0,1
2,0,0,0,2
1,0,0,0,1
1,0,0,0,1
5,0,0,0,5
1,0,0,0,1
5,0,0,0,5
3,0,0,0,3
1,0,0,0,1
3,0,0,0,3
1,0,0,0,1
1,0,0,0,1
1,0,0,0,1
2,0,0,0,2
1,0,0,0,1
3,0,0,0,3
2,0,0,0,2
1,0,0,0,1
1,0,0,0,1
1,2,0,0,3
1,4,0,0,5
5,0,0,0,5
1,0,0,0,1
2,0,0,0,2
1,0,0,0,1
3,0,0,0,3
1,0,0,0,1
1,0,0,0,1
2,0,0,0,2
3,0,0,0,3
1,0,0,0,1
1,0,0,0,1
1,0,0,0,1
2,0,0,0,2
1,0,0,0,1
2,0,0,0,2
1,0,0,0,1
7,0,0,0,7
2,0,0,0,2
3,0,0,0,3
1,0,0,0,1
1,0,0,0,1
1,0,0,0,1
1,0,0,0,1
1,0,0,0,1
1,0,0,0,1
1,0,0,0,1
5,0,0,0,5
1,0,0,0,1
2,0,0,0,2
2,0,0,0,2
1,0,0,0,1
1,0,0,0,1
2,0,0,0,2
1,2,0,0,3
1,0,0,0,1
1,0,0,0,1
1,0,0,0,1
9,64,0,0,73
1,0,0,0,1
8,0,0,0,8
3,0,0,0,3
1,0,0,0,1
2,0,0,0,2
1,0,0,0,1
1,0,0,0,1
1,0,0,0,1
1,0,0,0,1
2,0,0,0,2
2,0,0,0,2
1,0,0,0,1
1,0,0,0,1
1,0,0,0,1
2,0,0,0,2
1,0,0,0,1
1,0,0,0,1
3,0,0,0,3
4,1,0,0,5
1,0,0,0,1
1,0,0,0,1
2,0,0,0,2
1,0,0,0,1
1,0,0,0,1
2,0,0,0,2
1,5,0,0,6
1,0,0,0,1
1,0,0,0,1
1,0,0,0,1
2,0,0,0,2
1,0,0,0,1
1,0,0,0,1
1,0,0,0,1
1,0,0,0,1
1,0,0,0,1
1,0,0,0,1
1,0,0,0,1
2,0,0,0,2
3,0,0,0,3
1,0,0,0,1
1,0,0,0,1
1,0,0,0,1
1,0,0,0,1
1,0,0,0,1
4,0,0,0,4
1,0,0,0,1
3,0,0,0,3
2,0,0,0,2
1,0,0,0,1
2,0,0,0,2
5,0,0,0,5
1,0,0,0,1
1,0,0,0,1
3,0,0,0,3
1,0,0,0,1
1,0,0,0,1
2,0,0,0,2
3,0,0,0,3
1,0,0,0,1
1,0,0,0,1
1,0,0,0,1
2,0,0,0,2
1,0,0,0,1
1,0,0,0,1
1,0,0,0,1
1,0,0,0,1
3,0,0,0,3
1,0,0,0,1
1,0,0,0,1
1,0,0,0,1
8,0,0,0,8
1,0,0,0,1
3,0,0,0,3
1,0,0,0,1
5,0,0,0,5
2,0,0,0,2
1,0,0,0,1
1,0,0,0,1
1,0,0,0,1
9,0,0,0,9
1,0,0,0,1
1,0,0,0,1
1,0,0,0,1
4,0,0,0,4
1,0,0,0,1
1,0,0,0,1
4,0,0,0,4
1,0,0,0,1
4,0,0,0,4
10,0,0,0,10
1,0,0,0,1
1,0,0,0,1
1,0,0,0,1
3,1,1,0,5
1,0,0,0,1
2,0,0,0,2
2,0,0,0,2
2,0,0,0,2
6,0,0,0,6
1,0,0,0,1
2,0,0,0,2
34,1,1,0,36
1,0,0,0,1
2,0,0,0,2
1,0,0,0,1
1,0,0,0,1
2,1,0,0,3
1,0,0,0,1
1,0,0,0,1
1,0,0,0,1
1,0,0,0,1
1,0,0,0,1
2,0,0,0,2
5,0,0,0,5
2,0,0,0,2
1,0,0,0,1
4,0,0,0,4
1,0,0,0,1
1,0,0,0,1
5,9,0,0,14
1,0,0,0,1
1,0,0,0,1
2,0,0,0,2
1,0,0,0,1
2,0,0,0,2
3,0,0,0,3
6,0,0,0,6
6,10,1,0,17
3,0,0,0,3
1,0,0,0,1
1,0,0,0,1
1,0,0,0,1
2,0,0,0,2
11,3,0,0,14
1,0,0,0,1
1,0,0,0,1
1,0,0,0,1
1,0,0,0,1
2,0,0,0,2
2,0,0,0,2
23,9,0,0,32
24,0,0,0,24
6,0,0,0,6
1,0,0,0,1
1,0,0,0,1
1,0,0,0,1
7,1,1,0,9
11,1,1,0,13
3,0,0,0,3
1,0,0,0,1
2,0,0,0,2
35,0,1,0,36
2,0,0,0,2
12,2,0,0,14
1,0,0,0,1
4,0,0,0,4
1,0,0,0,1
1,0,0,0,1
1,0,0,0,1
1,0,0,0,1
1,0,0,0,1
3,0,0,0,3
1,0,0,0,1
1,0,0,0,1
1,0,0,0,1
1,0,0,0,1
1,0,0,0,1
1,0,0,0,1
1,0,0,0,1
2,0,0,0,2
1,0,0,0,1
2,0,0,0,2
3,2,0,0,5
2,0,2,0,4
2,0,0,0,2
1,1,0,0,2
1,0,0,0,1
2,0,0,0,2
3,6,0,0,9
3,0,0,0,3
4,98,2,0,104
1,0,0,0,1
1,0,0,0,1
12,0,0,0,12
1,0,0,0,1
1,0,0,0,1
2,0,0,0,2
1,0,1,0,2
8,0,0,0,8
1,0,0,0,1
1,0,0,0,1
2,0,0,0,2
2,0,0,0,2
1,0,0,0,1
2,0,0,0,2
1,0,0,0,1
1,0,0,0,1
1,0,0,0,1
1,0,0,0,1
1,0,0,0,1
1,0,0,0,1
5,0,0,0,5
4,0,0,0,4
1,0,0,0,1
1,0,0,0,1
1,0,0,0,1
1,0,0,0,1
2,0,3,0,5
3,0,0,0,3
12,0,0,0,12
1,0,0,0,1
1,0,0,0,1
6,0,0,0,6
1,0,0,0,1
1,0,0,0,1
1,0,0,0,1
1,0,0,0,1
1,0,0,0,1
1,0,0,0,1
1,0,0,0,1
8,0,0,0,8
2,0,0,0,2
6,0,0,0,6
1,0,0,0,1
1,0,0,0,1
1,0,0,0,1
1,0,0,0,1
3,1,0,0,4
1,0,0,0,1
3,0,0,0,3
5,0,0,0,5
8,0,1,0,9
1,0,0,0,1
2,0,0,0,2
3,0,0,0,3
1,0,0,0,1
1,0,0,0,1
5,0,0,0,5
3,0,0,0,3
1,0,0,0,1
1,0,0,0,1
1,0,0,0,1
1,0,0,0,1
3,0,0,0,3
1,0,0,0,1
2,0,0,0,2
1,0,0,0,1
1,0,0,0,1
7,6,1,0,14
2,0,0,0,2
3,50,0,0,53
1,0,0,0,1
1,0,0,0,1
4,0,0,0,4
1,0,0,0,1
1,0,0,0,1
2,0,0,0,2
3,0,0,0,3
2,0,0,0,2
1,0,0,0,1
2,0,0,0,2
1,0,0,0,1
1,0,0,0,1
7,0,0,0,7
3,0,0,0,3
1,0,0,0,1
1,0,0,0,1
1,0,0,0,1
4,0,0,0,4
6,0,0,0,6
1,0,0,0,1
2,0,0,0,2
1,0,0,0,1
2,0,0,0,2
4,0,0,0,4
11,2,0,0,13
4,0,0,0,4
1,0,0,0,1
2,0,0,0,2
1,0,0,0,1
1,0,0,0,1
3,0,0,0,3
1,0,0,0,1
2,1,1,0,4
1,0,0,0,1
1,0,0,0,1
2,0,0,0,2
3,0,0,0,3
2,0,0,0,2
1,0,0,0,1
4,0,0,0,4
1,0,0,0,1
1,0,0,0,1
4,129,12,0,145
1,0,0,0,1
1,0,0,0,1
1,0,0,0,1
1,0,0,0,1
1,0,0,0,1
1,0,0,0,1
2,0,0,0,2
1,0,0,0,1
1,0,0,0,1
1,0,0,0,1
3,0,0,0,3
1,0,0,0,1
1,0,0,0,1
1,0,0,0,1
1,0,0,0,1
2,0,0,0,2
1,0,0,0,1
2,0,0,0,2
1,0,0,0,1
1,0,0,0,1
5,0,0,0,5
1,0,0,0,1
1,0,0,0,1
1,0,0,0,1
1,0,0,0,1
1,0,0,0,1
1,0,0,0,1
2,0,0,0,2
2,0,0,0,2
1,0,0,0,1
2,0,0,0,2
1,0,0,0,1
1,0,0,0,1
2,0,0,0,2
14,0,0,0,14
1,0,0,0,1
1,0,0,0,1
1,0,0,0,1
1,0,0,0,1
1,0,0,0,1
1,0,0,0,1
1,0,0,0,1
5,0,0,0,5
2,0,0,0,2
1,0,0,0,1
1,0,0,0,1
3,0,0,0,3
1,0,0,0,1
1,0,0,0,1
2,0,0,0,2
2,0,0,0,2
2,0,0,0,2
1,0,0,0,1
2,0,0,0,2
2,0,0,0,2
2,0,0,0,2
1,0,0,0,1
5,0,0,0,5
1,0,0,0,1
1,0,0,0,1
1,0,0,0,1
1,0,0,0,1
2,0,0,0,2
1,0,0,0,1
2,0,0,0,2
1,0,0,0,1
2,0,0,0,2
2,0,0,0,2
1,0,0,0,1
2,0,0,0,2
2,2,0,0,4
1,0,0,0,1
3,0,0,0,3
2,0,0,0,2
1,0,0,0,1
1,0,0,0,1
1,0,0,0,1
16,0,0,0,16
1,0,0,0,1
1,0,0,0,1
2,0,0,0,2
1,0,0,0,1
1,0,0,0,1
1,0,0,0,1
1,0,0,0,1
1,0,0,0,1
1,0,0,0,1
1,0,0,0,1
1,0,0,0,1
6,0,0,0,6
1,0,0,0,1
1,0,0,0,1
1,0,0,0,1
1,0,0,0,1
1,0,0,0,1
1,0,0,0,1
1,0,0,0,1
4,0,0,0,4
3,0,0,0,3
1,0,0,0,1
1,0,0,0,1
1,2,0,0,3
1,1,0,0,2
1,0,0,0,1
1,0,0,0,1
3,0,0,0,3
1,0,0,0,1
4,11,0,0,15
1,0,0,0,1
2,1,0,0,3
1,0,0,0,1
4,199,0,0,203
1,0,0,0,1
2,0,0,0,2
1,0,0,0,1
1,0,0,0,1
1,0,0,0,1
1,0,0,0,1
1,0,0,0,1
1,0,0,0,1
1,0,0,0,1
1,0,0,0,1
1,0,0,0,1
1,0,0,0,1
3,0,0,0,3
1,0,0,0,1
1,0,0,0,1
1,0,0,0,1
1,0,0,0,1
1,0,0,0,1
2,0,0,0,2
1,0,0,0,1
1,0,0,0,1
2,0,0,0,2
7,0,0,0,7
1,0,0,0,1
1,0,0,0,1
1,0,0,0,1
1,0,0,0,1
3,0,0,0,3
9,2,0,0,11
5,0,0,0,5
2,0,0,0,2
1,0,0,0,1
1,0,0,0,1
2,0,0,0,2
1,0,0,0,1
2,0,0,0,2
2,2,1,0,5
1,2,2,0,5
1,0,0,0,1
2,0,0,0,2
3,0,0,0,3
2,0,0,0,2
1,0,0,0,1
1,0,0,0,1
2,0,0,0,2
1,0,0,0,1
1,0,0,0,1
1,0,0,0,1
1,4,0,0,5
1,0,0,0,1
1,0,0,0,1
3,0,0,0,3
2,0,0,0,2
1,0,0,0,1
1,0,0,0,1
1,0,0,0,1
1,0,0,0,1
2,6,0,0,8
1,0,0,0,1
8,0,0,0,8
5,0,0,0,5
1,0,0,0,1
9,0,0,0,9
3,0,0,0,3
2,0,0,0,2
1,0,0,0,1
1,0,0,0,1
1,0,0,0,1
1,0,0,0,1
1,0,0,0,1
1,0,0,0,1
2,0,0,0,2
1,0,0,0,1
1,0,0,0,1
2,0,0,0,2
1,0,0,0,1
1,0,0,0,1
1,0,0,0,1
1,0,0,0,1
1,0,0,0,1
2,0,0,0,2
1,3,0,0,4
2,6,0,0,8
1,0,0,0,1
1,0,0,0,1
14,0,0,0,14
3,0,0,0,3
1,0,0,0,1
3,0,0,0,3
1,0,0,0,1
2,0,0,0,2
5,0,0,0,5
2,0,0,0,2
1,0,0,0,1
1,0,0,0,1
2,0,0,0,2
1,0,0,0,1
1,0,0,0,1
1,0,0,0,1
1,0,0,0,1
1,0,0,0,1
1,0,2,0,3
1,0,0,0,1
1,0,0,0,1
1,0,0,0,1
5,0,0,0,5
1,0,0,0,1
1,0,0,0,1
1,0,0,0,1
1,0,0,0,1
1,0,0,0,1
1,0,0,0,1
1,0,0,0,1
2,0,1,0,3
1,0,0,0,1
2,0,0,0,2
1,0,0,0,1
1,0,0,0,1
1,0,0,0,1
11,0,0,0,11
1,0,0,0,1
1,0,0,0,1
1,0,0,0,1
1,0,0,0,1
4,0,0,0,4
3,5,0,0,8
2,0,0,0,2
2,0,0,0,2
7,0,0,0,7
1,0,0,0,1
1,0,0,0,1
1,0,0,0,1
1,0,0,0,1
3,0,0,0,3
1,0,0,0,1
4,0,0,0,4
1,0,0,0,1
1,0,0,0,1
1,0,0,0,1
1,0,0,0,1
3,0,0,0,3
3,3,0,0,6
1,0,0,0,1
3,0,0,0,3
2,0,0,0,2
2,1,0,0,3
1,0,0,0,1
1,0,0,0,1
2,18,0,0,20
1,0,0,0,1
1,0,0,0,1
1,0,0,0,1
2,0,0,0,2
2,0,0,0,2
14,0,0,0,14
1,0,0,0,1
13,0,0,0,13
1,0,0,0,1
2,0,0,0,2
1,0,0,0,1
2,0,0,0,2
3,0,0,0,3
2,0,0,0,2
1,0,0,0,1
1,0,0,0,1
2,0,0,0,2
1,0,0,0,1
15,0,0,0,15
1,0,0,0,1
11,0,0,0,11
1,0,0,0,1
1,0,0,0,1
3,0,0,0,3
1,0,0,0,1
1,0,0,0,1
1,0,0,0,1
8,6,0,0,14
2,0,0,0,2
1,0,0,0,1
1,0,0,0,1
1,0,0,0,1
1,0,0,0,1
1,0,0,0,1
1,0,0,0,1
1,0,0,0,1
1,0,0,0,1
2,0,0,0,2
1,0,0,0,1
1,0,0,0,1
1,0,0,0,1
7,0,0,0,7
1,0,0,0,1
1,0,0,0,1
2,0,0,0,2
3,0,0,0,3
3,0,0,0,3
5,0,0,0,5
1,0,0,0,1
1,0,0,0,1
2,0,0,0,2
2,0,0,0,2
2,0,0,0,2
1,0,0,0,1
1,0,0,0,1
1,0,0,0,1
1,0,0,0,1
1,0,0,0,1
1,0,0,0,1
2,0,0,0,2
1,0,0,0,1
1,0,0,0,1
1,0,0,0,1
1,0,0,0,1
1,0,0,0,1
1,0,0,0,1
1,0,0,0,1
1,0,0,0,1
1,0,0,0,1
2,0,0,0,2
1,0,0,0,1
1,0,0,0,1
1,0,0,0,1
2,4,6,0,12
6,0,0,0,6
1,0,0,0,1
1,0,0,0,1
2,0,0,0,2
1,0,0,0,1
2,0,0,0,2
1,0,0,0,1
1,0,0,0,1
2,0,0,0,2
1,0,0,0,1
8,4,0,0,12
1,0,0,0,1
1,0,0,0,1
1,0,0,0,1
2,0,0,0,2
1,0,0,0,1
1,0,0,0,1
1,0,0,0,1
5,0,0,0,5
1,0,0,0,1
4,0,0,0,4
1,0,0,0,1
4,0,0,0,4
1,0,0,0,1
1,0,0,0,1
1,0,0,0,1
1,0,0,0,1
1,0,0,0,1
1,0,0,0,1
3,0,0,0,3
1,0,0,0,1
4,0,0,0,4
1,0,0,0,1
3,2,0,0,5
6,0,0,0,6
1,0,0,0,1
1,0,0,0,1
4,0,0,0,4
1,0,0,0,1
1,3,0,0,4
2,0,0,0,2
20,0,0,0,20
2,0,0,0,2
1,0,0,0,1
1,0,0,0,1
1,0,0,0,1
1,0,0,0,1
1,0,0,0,1
1,0,0,0,1
7,0,0,0,7
1,0,0,0,1
2,0,0,0,2
1,0,0,0,1
1,0,0,0,1
4,0,0,0,4
1,0,0,0,1
1,2,0,0,3
1,0,0,0,1
1,0,0,0,1
2,0,0,0,2
1,4,1,0,6
1,0,0,0,1
2,0,0,0,2
1,0,0,0,1
5,0,0,0,5
1,0,0,0,1
1,0,0,0,1
1,0,0,0,1
1,0,0,0,1
1,0,0,0,1
1,0,0,0,1
17,3,0,0,20
1,0,0,0,1
2,0,0,0,2
1,0,0,0,1
3,0,0,0,3
6,0,0,0,6
1,0,0,0,1
1,0,0,0,1
1,0,0,0,1
1,0,0,0,1
4,24,1,0,29
1,0,0,0,1
35,3,0,0,38
1,0,0,0,1
2,0,0,0,2
4,0,0,0,4
1,0,0,0,1
1,0,0,0,1
1,0,0,0,1
2,0,0,0,2
1,0,0,0,1
1,21,0,0,22
1,0,0,0,1
4,0,0,0,4
4,3,1,0,8
2,0,0,0,2
5,0,0,0,5
1,0,0,0,1
2,0,0,0,2
1,0,0,0,1
1,0,0,0,1
1,0,0,0,1
1,0,0,0,1
1,0,2,0,3
1,0,0,0,1
2,0,0,0,2
9,0,0,0,9
2,0,0,0,2
2,0,0,0,2
1,0,0,0,1
1,0,0,0,1
1,0,0,0,1
1,0,0,0,1
6,0,0,0,6
3,0,0,0,3
1,0,0,0,1
2,0,0,0,2
3,0,0,0,3
6,0,0,0,6
4,0,0,0,4
1,0,0,0,1
1,0,0,0,1
1,0,0,0,1
3,2,0,0,5
2,0,0,0,2
2,0,0,0,2
2,0,0,0,2
3,0,0,0,3
1,0,0,0,1
1,0,0,0,1
2,0,0,0,2
1,0,0,0,1
1,0,0,0,1
1,0,0,0,1
3,0,0,0,3
2,0,0,0,2
9,5,1,0,15
4,0,0,0,4
5,0,0,0,5
1,0,0,0,1
2,0,0,0,2
1,0,0,0,1
1,0,0,0,1
1,0,0,0,1
1,0,0,0,1
23,0,0,0,23
1,0,0,0,1
1,0,0,0,1
1,0,0,0,1
1,0,0,0,1
4,1,0,0,5
2,0,0,0,2
1,0,0,0,1
1,0,0,0,1
1,0,0,0,1
7,6,0,0,13
1,0,0,0,1
1,0,0,0,1
1,0,0,0,1
1,0,0,0,1
3,0,0,0,3
1,0,0,0,1
1,0,0,0,1
1,0,0,0,1
1,0,0,0,1
1,0,0,0,1
2,0,0,0,2
4,0,0,0,4
2,0,0,0,2
1,0,0,0,1
13,0,1,0,14
2,0,0,0,2
2,0,0,0,2
1,0,0,0,1
1,0,0,0,1
2,0,0,0,2
3,0,0,0,3
1,0,0,0,1
6,0,0,0,6
5,3,0,0,8
2,0,0,0,2
1,0,0,0,1
1,0,0,0,1
2,0,0,0,2
1,0,0,0,1
1,0,0,0,1
2,0,0,0,2
1,0,0,0,1
5,12,0,0,17
1,1,0,0,2
6,5,3,0,14
4,4,0,0,8
1,0,0,0,1
1,0,0,0,1
1,0,0,0,1
1,2,0,0,3
1,0,0,0,1
1,0,0,0,1
1,0,0,0,1
1,0,0,0,1
1,0,0,0,1
1,0,0,0,1
2,0,0,0,2
1,0,0,0,1
1,0,0,0,1
1,0,0,0,1
1,0,0,0,1
1,0,0,0,1
1,0,0,0,1
4,0,0,0,4
1,0,0,0,1
2,0,0,0,2
3,0,0,0,3
10,0,0,0,10
1,0,0,0,1
1,0,0,0,1
2,0,0,0,2
3,0,0,0,3
2,0,0,0,2
3,0,0,0,3
2,0,0,0,2
1,0,0,0,1
1,0,0,0,1
3,0,0,0,3
1,0,0,0,1
3,0,0,0,3
2,0,0,0,2
1,0,0,0,1
4,0,0,0,4
1,0,0,0,1
1,0,0,0,1
1,0,0,0,1
4,0,0,0,4
1,0,0,0,1
1,0,0,0,1
5,0,0,0,5
3,0,0,0,3
1,0,0,0,1
1,0,0,0,1
2,0,0,0,2
5,0,0,0,5
1,0,0,0,1
2,0,0,0,2
2,0,0,0,2
8,0,0,0,8
6,0,0,0,6
2,0,0,0,2
1,0,0,0,1
1,0,0,0,1
1,0,0,0,1
3,0,0,0,3
2,0,0,0,2
1,0,0,0,1
1,0,0,0,1
2,0,0,0,2
5,9,0,0,14
1,0,0,0,1
1,0,0,0,1
1,0,0,0,1
1,0,0,0,1
1,0,0,0,1
5,0,0,0,5
1,0,0,0,1
1,0,0,0,1
2,0,0,0,2
2,0,0,0,2
4,0,0,0,4
1,0,0,0,1
1,0,0,0,1
1,0,0,0,1
2,0,0,0,2
1,5,0,0,6
1,0,0,0,1
1,0,0,0,1
1,0,0,0,1
1,0,0,0,1
1,0,0,0,1
2,0,0,0,2
10,0,0,0,10
1,0,0,0,1
1,0,0,0,1
1,0,0,0,1
1,0,0,0,1
1,0,0,0,1
1,0,0,0,1
2,0,0,0,2
2,0,0,0,2
1,0,0,0,1
1,0,0,0,1
1,0,0,0,1
2,0,0,0,2
1,0,0,0,1
2,0,0,0,2
1,0,0,0,1
3,0,0,0,3
1,0,0,0,1
2,0,0,0,2
2,1,1,0,4
4,0,0,0,4
1,0,0,0,1
6,0,0,0,6
2,0,0,0,2
1,0,0,0,1
1,0,0,0,1
2,0,0,0,2
2,0,0,0,2
15,1,0,0,16
2,0,0,0,2
2,0,0,0,2
1,0,0,0,1
1,0,0,0,1
1,0,0,0,1
3,0,0,0,3
1,0,0,0,1
1,0,0,0,1
1,0,0,0,1
7,0,0,0,7
2,0,0,0,2
1,0,0,0,1
2,0,0,0,2
1,23,0,0,24
1,0,0,0,1
1,0,0,0,1
1,0,0,0,1
1,0,0,0,1
1,0,0,0,1
3,0,0,0,3
1,0,0,0,1
1,0,0,0,1
1,0,0,0,1
2,0,0,0,2
1,0,0,0,1
2,0,0,0,2
1,0,0,0,1
1,0,0,0,1
1,0,0,0,1
2,0,0,0,2
1,0,0,0,1
1,0,0,0,1
1,0,0,0,1
1,0,0,0,1
2,0,0,0,2
1,0,0,0,1
1,0,0,0,1
1,0,0,0,1
2,0,0,0,2
4,0,0,0,4
1,0,0,0,1
1,0,0,0,1
1,0,0,0,1
1,0,0,0,1
4,0,0,0,4
1,0,0,0,1
1,0,0,0,1
1,0,0,0,1
2,0,0,0,2
1,0,0,0,1
2,0,0,0,2
1,0,1,0,2
1,0,0,0,1
2,0,0,0,2
1,0,0,0,1
6,0,0,0,6
1,0,0,0,1
1,0,0,0,1
1,0,0,0,1
1,0,0,0,1
2,0,0,0,2
1,0,0,0,1
2,0,0,0,2
1,0,0,0,1
1,0,0,0,1
2,0,0,0,2
1,0,0,0,1
4,4,0,0,8
1,0,0,0,1
1,0,0,0,1
1,0,0,0,1
2,0,0,0,2
1,0,0,0,1
1,0,0,0,1
1,0,0,0,1
4,0,0,0,4
1,0,0,0,1
2,0,0,0,2
2,0,0,0,2
1,0,0,0,1
6,0,0,0,6
1,0,0,0,1
2,0,0,0,2
1,0,0,0,1
1,1,0,0,2
2,2,1,0,5
3,23,0,0,26
1,0,0,0,1
2,0,0,0,2
2,0,0,0,2
1,0,0,0,1
1,0,0,0,1
1,0,0,0,1
1,0,0,0,1
1,0,0,0,1
1,0,0,0,1
1,0,0,0,1
1,0,0,0,1
1,0,0,0,1
1,0,0,0,1
1,0,0,0,1
1,0,0,0,1
1,0,0,0,1
1,0,0,0,1
1,0,0,0,1
1,0,0,0,1
2,0,0,0,2
2,0,0,0,2
1,0,0,0,1
1,0,0,0,1
2,0,0,0,2
1,0,0,0,1
1,0,0,0,1
2,0,0,0,2
1,0,0,0,1
1,0,0,0,1
1,0,0,0,1
6,0,0,0,6
1,0,0,0,1
1,0,0,0,1
7,1,0,0,8
1,3,0,0,4
1,0,0,0,1
1,0,0,0,1
2,0,0,0,2
1,0,0,0,1
1,0,0,0,1
8,0,1,0,9
2,0,0,0,2
1,0,0,0,1
3,0,0,0,3
2,0,0,0,2
4,0,0,0,4
1,0,0,0,1
1,0,0,0,1
1,0,0,0,1
1,0,0,0,1
1,0,0,0,1
3,0,0,0,3
1,0,0,0,1
7,0,0,0,7
1,0,0,0,1
1,0,0,0,1
1,0,0,0,1
1,0,0,0,1
1,0,0,0,1
2,0,0,0,2
1,0,0,0,1
1,0,0,0,1
7,1,1,0,9
2,0,0,0,2
1,0,0,0,1
1,0,0,0,1
1,0,0,0,1
11,1,0,0,12
12,2,1,0,15
1,0,0,0,1
1,0,0,0,1
1,0,0,0,1
1,0,0,0,1
1,0,0,0,1
1,0,0,0,1
1,0,0,0,1
2,0,0,0,2
1,0,0,0,1
2,0,0,0,2
1,0,0,0,1
3,0,0,0,3
2,0,0,0,2
3,0,0,0,3
1,0,0,0,1
3,0,0,0,3
1,0,0,0,1
1,0,0,0,1
1,0,0,0,1
1,0,0,0,1
1,0,0,0,1
1,0,0,0,1
1,0,0,0,1
8,0,0,0,8
1,0,0,0,1
1,0,0,0,1
7,27,2,0,36
1,0,0,0,1
1,0,0,0,1
8,0,0,0,8
1,0,0,0,1
1,0,0,0,1
2,0,0,0,2
1,0,0,0,1
1,0,0,0,1
1,0,0,0,1
1,0,0,0,1
1,0,0,0,1
2,0,0,0,2
1,0,0,0,1
2,0,0,0,2
1,0,0,0,1
1,4,0,0,5
2,64,0,0,66
1,0,0,0,1
1,0,0,0,1
1,0,0,0,1
4,0,0,0,4
1,0,0,0,1
1,0,0,0,1
1,0,0,0,1
1,0,0,0,1
1,0,0,0,1
4,0,0,0,4
1,0,0,0,1
1,0,0,0,1
1,0,0,0,1
1,0,0,0,1
1,0,0,0,1
1,0,0,0,1
3,0,0,0,3
17,0,0,0,17
1,0,0,0,1
1,0,0,0,1
1,0,0,0,1
1,0,0,0,1
1,0,0,0,1
1,0,0,0,1
3,0,0,0,3
2,0,0,0,2
1,0,0,0,1
1,0,0,0,1
1,0,0,0,1
1,0,0,0,1
1,0,0,0,1
1,0,0,0,1
1,0,0,0,1
1,0,0,0,1
2,0,0,0,2
1,0,0,0,1
2,0,0,0,2
1,0,0,0,1
1,0,0,0,1
3,0,0,0,3
1,0,0,0,1
2,0,0,0,2
6,0,0,0,6
2,0,0,0,2
4,0,0,0,4
1,0,0,0,1
1,0,0,0,1
8,0,0,0,8
1,0,0,0,1
1,0,0,0,1
13,0,0,0,13
2,0,0,0,2
1,0,0,0,1
1,0,0,0,1
1,0,0,0,1
1,1,0,0,2
3,0,0,0,3
1,0,0,0,1
1,0,0,0,1
1,0,0,0,1
1,0,0,0,1
2,0,0,0,2
1,0,0,0,1
3,0,0,0,3
1,0,0,0,1
2,0,0,0,2
1,0,0,0,1
1,3,0,0,4
1,0,0,0,1
4,0,0,0,4
1,0,0,0,1
1,0,0,0,1
1,0,0,0,1
2,0,0,0,2
1,0,0,0,1
1,0,0,0,1
2,2,0,0,4
1,0,0,0,1
1,0,0,0,1
3,2,0,0,5
1,0,0,0,1
1,0,0,0,1
1,2,0,0,3
1,0,0,0,1
1,0,0,0,1
1,0,0,0,1
1,0,0,0,1
1,0,0,0,1
2,0,0,0,2
4,5,0,0,9
2,0,0,0,2
1,0,0,0,1
1,0,0,0,1
3,0,0,0,3
2,0,0,0,2
1,0,0,0,1
1,0,0,0,1
1,1,0,0,2
8,2,0,0,10
2,4,0,0,6
1,0,0,0,1
3,0,0,0,3
1,0,0,0,1
3,0,0,0,3
1,2,1,0,4
1,0,0,0,1
3,0,0,0,3
1,0,0,0,1
2,0,0,0,2
5,0,0,0,5
1,0,0,0,1
1,0,0,0,1
1,0,0,0,1
1,0,0,0,1
3,0,0,0,3
3,0,0,0,3
8,0,0,0,8
2,0,0,0,2
2,0,0,0,2
1,0,0,0,1
1,0,0,0,1
2,0,0,0,2
1,0,0,0,1
2,0,0,0,2
1,0,0,0,1
2,0,0,0,2
1,0,0,0,1
1,0,0,0,1
1,0,0,0,1
1,0,0,0,1
15,3,4,0,22
1,0,0,0,1
3,0,0,0,3
9,0,0,0,9
1,0,0,0,1
1,3,1,0,5
4,0,0,0,4
1,0,0,0,1
1,0,0,0,1
1,0,0,0,1
3,0,0,0,3
1,0,0,0,1
2,0,0,0,2
2,0,0,0,2
3,0,0,0,3
1,0,0,0,1
2,0,0,0,2
1,0,0,0,1
1,0,0,0,1
1,0,0,0,1
1,0,0,0,1
1,0,0,0,1
2,0,0,0,2
2,7,0,0,9
1,0,0,0,1
5,0,0,0,5
2,0,0,0,2
1,0,0,0,1
7,0,0,0,7
1,0,0,0,1
6,44,0,0,50
2,6,0,0,8
3,0,0,0,3
1,0,0,0,1
2,0,0,0,2
5,26,0,0,31
3,0,0,0,3
1,0,0,0,1
2,0,0,0,2
3,0,0,0,3
1,0,0,0,1
2,0,0,0,2
2,0,0,0,2
4,0,0,0,4
1,0,0,0,1
1,0,0,0,1
3,0,0,0,3
2,0,0,0,2
1,0,0,0,1
2,0,0,0,2
3,1,0,0,4
1,0,0,0,1
1,0,0,0,1
2,0,0,0,2
1,0,0,0,1
1,0,0,0,1
1,0,0,0,1
1,0,0,0,1
1,0,0,0,1
1,0,0,0,1
8,0,0,0,8
1,0,0,0,1
1,0,0,0,1
7,1,0,0,8
1,0,0,0,1
3,0,0,0,3
1,0,0,0,1
1,0,0,0,1
2,0,0,0,2
3,2,1,0,6
1,0,0,0,1
1,0,0,0,1
1,0,0,0,1
1,0,0,0,1
1,0,0,0,1
2,0,0,0,2
1,0,0,0,1
7,0,0,0,7
2,0,0,0,2
1,0,0,0,1
1,0,0,0,1
9,0,0,0,9
1,0,0,0,1
10,0,0,0,10
6,4,0,0,10
1,0,0,0,1
1,0,0,0,1
2,0,0,0,2
1,0,0,0,1
2,4,0,0,6
1,0,0,0,1
2,0,0,0,2
2,0,0,0,2
1,0,0,0,1
1,0,0,0,1
3,0,0,0,3
3,0,0,0,3
1,0,0,0,1
1,0,0,0,1
1,0,0,0,1
9,0,1,0,10
2,0,0,0,2
5,0,0,0,5
1,0,0,0,1
1,0,0,0,1
1,0,0,0,1
1,0,0,0,1
1,0,0,0,1
1,0,0,0,1
1,0,0,0,1
3,0,0,0,3
1,0,0,0,1
2,0,0,0,2
1,0,0,0,1
1,0,0,0,1
1,0,0,0,1
4,0,0,0,4
1,0,0,0,1
4,0,0,0,4
2,0,0,0,2
8,0,0,0,8
2,0,0,0,2
2,0,0,0,2
1,0,0,0,1
5,0,0,0,5
1,0,0,0,1
5,0,0,0,5
1,0,0,0,1
3,0,0,0,3
1,0,0,0,1
6,0,0,0,6
1,0,0,0,1
1,0,0,0,1
1,0,0,0,1
1,0,0,0,1
2,0,0,0,2
1,0,0,0,1
2,0,0,0,2
1,0,0,0,1
3,0,0,0,3
1,0,0,0,1
1,0,0,0,1
1,0,0,0,1
2,0,0,0,2
3,0,0,0,3
1,0,0,0,1
2,10,16,0,28
1,0,0,0,1
1,0,0,0,1
11,0,0,0,11
2,1,0,0,3
1,0,0,0,1
2,0,1,0,3
1,0,0,0,1
1,0,0,0,1
1,0,0,0,1
1,0,0,0,1
1,0,0,0,1
3,0,0,0,3
1,0,0,0,1
2,0,0,0,2
1,0,0,0,1
1,0,0,0,1
1,0,0,0,1
9,54,0,0,63
1,0,0,0,1
2,4,0,0,6
1,0,0,0,1
3,0,0,0,3
3,0,0,0,3
1,0,0,0,1
2,0,0,0,2
1,0,0,0,1
1,0,0,0,1
1,0,0,0,1
1,0,0,0,1
1,0,0,0,1
1,3,0,0,4
3,0,0,0,3
1,0,0,0,1
1,3,0,0,4
1,0,0,0,1
4,0,0,0,4
1,0,0,0,1
1,0,0,0,1
1,0,0,0,1
1,0,0,0,1
1,0,0,0,1
1,0,0,0,1
2,4,1,0,7
3,0,0,0,3
1,0,0,0,1
2,0,0,0,2
1,0,0,0,1
3,0,1,0,4
2,0,0,0,2
1,0,0,0,1
2,0,0,0,2
1,0,0,0,1
2,0,0,0,2
5,3,0,0,8
5,0,0,0,5
10,0,0,0,10
1,0,0,0,1
1,0,0,0,1
1,0,0,0,1
1,0,0,0,1
1,0,0,0,1
1,0,0,0,1
1,0,0,0,1
1,0,0,0,1
2,0,0,0,2
3,2,0,0,5
1,0,0,0,1
3,0,0,0,3
1,0,0,0,1
1,0,0,0,1
1,1,1,0,3
1,0,0,0,1
1,0,0,0,1
1,0,0,0,1
2,0,0,0,2
1,0,0,0,1
2,0,0,0,2
1,0,0,0,1
3,0,0,0,3
1,0,0,0,1
1,0,0,0,1
1,0,0,0,1
1,0,0,0,1
1,0,0,0,1
1,0,0,0,1
1,0,0,0,1
1,0,0,0,1
1,0,0,0,1
1,0,0,0,1
2,0,0,0,2
1,0,0,0,1
2,0,0,0,2
1,0,0,0,1
2,0,0,0,2
1,0,0,0,1
1,0,0,0,1
7,0,0,0,7
1,0,0,0,1
1,0,0,0,1
1,0,0,0,1
2,0,0,0,2
1,0,0,0,1
1,0,0,0,1
1,0,0,0,1
1,0,0,0,1
1,0,0,0,1
1,0,0,0,1
1,0,0,0,1
1,0,0,0,1
3,0,1,0,4
7,0,0,0,7
4,0,0,0,4
1,4,0,0,5
7,0,0,0,7
1,0,0,0,1
1,0,0,0,1
1,0,0,0,1
1,0,0,0,1
2,0,0,0,2
1,0,0,0,1
1,0,0,0,1
1,0,0,0,1
4,0,0,0,4
3,0,0,0,3
2,0,0,0,2
1,0,0,0,1
4,1,1,0,6
1,0,0,0,1
16,15,0,0,31
4,0,0,0,4
1,0,0,0,1
1,0,0,0,1
1,0,0,0,1
1,0,0,0,1
1,0,0,0,1
2,0,0,0,2
1,0,0,0,1
1,0,0,0,1
2,0,0,0,2
1,0,0,0,1
1,0,0,0,1
1,0,0,0,1
2,0,0,0,2
7,0,0,0,7
1,0,0,0,1
1,0,0,0,1
2,0,0,0,2
1,0,0,0,1
1,0,0,0,1
2,0,0,0,2
1,0,0,0,1
1,0,0,0,1
1,0,0,0,1
5,0,0,0,5
4,0,0,0,4
1,0,0,0,1
1,0,0,0,1
1,0,0,0,1
4,15,0,0,19
1,0,0,0,1
1,0,0,0,1
1,0,0,0,1
2,0,0,0,2
1,0,0,0,1
7,1,0,0,8
2,0,0,0,2
1,0,0,0,1
1,0,0,0,1
2,0,0,0,2
1,0,0,0,1
1,0,0,0,1
1,0,0,0,1
2,0,0,0,2
1,0,0,0,1
1,0,0,0,1
1,0,0,0,1
1,0,0,0,1
1,0,0,0,1
1,0,0,0,1
1,0,0,0,1
3,0,0,0,3
1,0,0,0,1
1,0,0,0,1
3,0,0,0,3
1,0,0,0,1
2,0,0,0,2
1,2,0,0,3
1,0,0,0,1
11,0,0,0,11
1,0,0,0,1
1,0,0,0,1
1,0,0,0,1
1,0,0,0,1
1,0,0,0,1
2,0,0,0,2
10,5,9,0,24
3,0,0,0,3
1,0,0,0,1
1,0,0,0,1
1,0,0,0,1
4,0,0,0,4
1,0,0,0,1
2,0,0,0,2
1,0,0,0,1
1,0,0,0,1
1,0,0,0,1
5,0,0,0,5
1,0,1,0,2
2,0,0,0,2
2,2,0,0,4
4,0,0,0,4
1,0,0,0,1
1,0,0,0,1
3,0,0,0,3
1,0,0,0,1
1,0,0,0,1
1,0,0,0,1
4,0,0,0,4
1,0,0,0,1
1,0,0,0,1
4,0,0,0,4
6,0,0,0,6
1,0,0,0,1
1,0,0,0,1
1,0,0,0,1
4,0,0,0,4
1,0,0,0,1
1,0,0,0,1
1,0,0,0,1
1,63,0,0,64
3,0,0,0,3
1,0,0,0,1
2,0,0,0,2
1,0,0,0,1
1,0,0,0,1
3,0,0,0,3
1,0,0,0,1
2,0,0,0,2
2,1,0,0,3
1,0,0,0,1
1,0,0,0,1
2,0,0,0,2
1,0,0,0,1
2,0,0,0,2
6,0,0,0,6
3,0,0,0,3
1,0,0,0,1
4,0,0,0,4
3,0,0,0,3
1,0,0,0,1
1,0,0,0,1
1,0,0,0,1
1,0,0,0,1
1,4,0,0,5
1,0,0,0,1
6,0,0,0,6
1,0,0,0,1
1,0,0,0,1
1,0,0,0,1
1,0,0,0,1
4,0,0,0,4
1,0,0,0,1
1,0,0,0,1
1,0,0,0,1
1,0,0,0,1
1,0,0,0,1
1,0,0,0,1
1,0,0,0,1
1,0,0,0,1
6,1,1,0,8
1,0,0,0,1
1,0,0,0,1
1,0,0,0,1
1,0,0,0,1
1,0,0,0,1
3,681,0,0,684
1,0,0,0,1
4,0,0,0,4
1,0,0,0,1
1,0,0,0,1
1,0,0,0,1
23,1,1,0,25
5,0,0,0,5
1,0,0,0,1
1,0,0,0,1
1,0,0,0,1
2,0,0,0,2
1,0,0,0,1
1,0,0,0,1
1,0,0,0,1
1,0,0,0,1
1,0,0,0,1
2,0,0,0,2
3,0,0,0,3
5,0,0,0,5
2,0,0,0,2
1,0,0,0,1
33,0,0,0,33
2,0,0,0,2
1,0,0,0,1
1,0,0,0,1
11,0,0,0,11
1,0,0,0,1
1,0,0,0,1
1,0,0,0,1
1,0,0,0,1
3,0,0,0,3
1,0,0,0,1
1,0,0,0,1
1,0,0,0,1
1,0,0,0,1
1,0,0,0,1
1,0,0,0,1
2,0,0,0,2
1,0,0,0,1
1,0,0,0,1
1,0,0,0,1
1,0,0,0,1
1,0,0,0,1
3,0,0,0,3
1,0,0,0,1
5,0,0,0,5
1,0,0,0,1
6,0,0,0,6
3,2,0,0,5
1,0,0,0,1
1,0,0,0,1
1,0,0,0,1
3,0,0,0,3
9,0,0,0,9
1,0,0,0,1
1,0,0,0,1
7,0,0,0,7
1,0,0,0,1
1,0,0,0,1
1,0,0,0,1
1,13,0,0,14
2,4,1,0,7
7,0,0,0,7
1,0,0,0,1
7,0,0,0,7
2,0,0,0,2
4,0,0,0,4
1,0,0,0,1
3,0,0,0,3
1,0,0,0,1
1,0,0,0,1
1,0,0,0,1
2,0,0,0,2
1,0,0,0,1
1,0,0,0,1
1,0,0,0,1
1,1,0,0,2
1,0,0,0,1
1,0,0,0,1
1,0,0,0,1
2,0,0,0,2
2,0,0,0,2
1,0,0,0,1
1,0,0,0,1
2,0,0,0,2
2,0,0,0,2
4,0,0,0,4
1,0,0,0,1
3,0,0,0,3
1,0,0,0,1
1,0,0,0,1
5,0,0,0,5
2,0,0,0,2
2,0,0,0,2
1,0,0,0,1
1,0,0,0,1
2,0,0,0,2
3,0,0,0,3
1,0,0,0,1
1,0,0,0,1
1,0,0,0,1
1,0,0,0,1
3,0,0,0,3
2,2,1,0,5
1,0,0,0,1
1,0,0,0,1
1,0,0,0,1
2,0,0,0,2
1,0,0,0,1
1,0,0,0,1
3,0,0,0,3
1,0,0,0,1
1,0,0,0,1
1,0,0,0,1
4,0,0,0,4
1,3,0,0,4
2,0,0,0,2
1,0,0,0,1
5,3,0,0,8
1,0,0,0,1
1,0,0,0,1
1,0,0,0,1
3,0,0,0,3
1,1,0,0,2
1,0,0,0,1
2,0,0,0,2
1,0,0,0,1
3,0,0,0,3
1,0,0,0,1
1,0,0,0,1
1,0,0,0,1
7,0,0,0,7
2,0,0,0,2
1,0,0,0,1
10,0,0,0,10
1,0,0,0,1
3,0,0,0,3
1,0,0,0,1
1,0,0,0,1
1,0,0,0,1
1,0,0,0,1
1,0,0,0,1
1,0,0,0,1
1,0,0,0,1
1,0,0,0,1
3,0,0,0,3
1,0,0,0,1
1,0,0,0,1
1,0,0,0,1
1,0,0,0,1
1,0,0,0,1
2,0,0,0,2
1,0,0,0,1
1,0,0,0,1
2,0,0,0,2
1,0,0,0,1
1,0,0,0,1
2,0,0,0,2
2,0,0,0,2
1,0,0,0,1
1,0,0,0,1
2,0,0,0,2
2,0,0,0,2
2,0,0,0,2
2,0,0,0,2
1,0,0,0,1
3,0,0,0,3
3,0,0,0,3
10,0,0,0,10
1,0,0,0,1
1,14,5,0,20
1,0,0,0,1
1,0,0,0,1
1,0,0,0,1
1,0,0,0,1
1,0,0,0,1
1,0,0,0,1
1,0,0,0,1
1,0,0,0,1
4,6,0,0,10
5,0,0,0,5
1,0,0,0,1
1,0,0,0,1
1,0,0,0,1
1,0,0,0,1
1,0,0,0,1
1,0,0,0,1
2,0,0,0,2
7,0,0,0,7
1,0,0,0,1
3,0,0,0,3
9,1,1,0,11
2,0,0,0,2
2,0,0,0,2
2,0,0,0,2
2,0,0,0,2
2,0,0,0,2
1,0,0,0,1
1,13,0,0,14
1,0,0,0,1
1,0,0,0,1
1,0,0,0,1
1,0,0,0,1
1,0,0,0,1
1,0,0,0,1
1,0,0,0,1
1,0,0,0,1
1,0,0,0,1
1,0,0,0,1
1,0,0,0,1
2,0,0,0,2
8,2,0,0,10
2,0,0,0,2
1,0,0,0,1
1,0,0,0,1
1,0,0,0,1
1,0,0,0,1
1,0,0,0,1
2,0,0,0,2
4,0,0,0,4
1,0,0,0,1
1,0,0,0,1
4,0,0,0,4
1,0,0,0,1
2,0,0,0,2
1,0,0,0,1
1,0,0,0,1
1,0,0,0,1
1,0,0,0,1
1,0,0,0,1
3,0,0,0,3
1,0,0,0,1
1,0,0,0,1
15,2,0,0,17
1,0,0,0,1
1,0,0,0,1
1,0,0,0,1
2,0,0,0,2
11,2,1,0,14
1,0,0,0,1
1,0,0,0,1
1,0,0,0,1
2,0,0,0,2
13,1,0,0,14
1,0,0,0,1
2,0,0,0,2
1,0,0,0,1
2,0,0,0,2
1,0,0,0,1
1,0,0,0,1
1,0,0,0,1
1,0,0,0,1
1,0,0,0,1
1,0,0,0,1
1,0,0,0,1
1,0,0,0,1
1,0,0,0,1
1,0,0,0,1
1,0,0,0,1
1,0,0,0,1
1,0,0,0,1
1,0,0,0,1
5,0,0,0,5
1,0,0,0,1
1,0,0,0,1
1,0,0,0,1
1,0,0,0,1
1,0,0,0,1
1,0,0,0,1
3,2,0,0,5
1,0,0,0,1
1,0,0,0,1
2,0,0,0,2
2,0,0,0,2
1,0,0,0,1
7,0,0,0,7
1,0,0,0,1
1,0,0,0,1
1,0,0,0,1
1,0,0,0,1
3,0,0,0,3
3,0,0,0,3
1,0,0,0,1
1,0,0,0,1
1,0,0,0,1
1,0,0,0,1
1,0,0,0,1
1,0,0,0,1
1,0,0,0,1
1,0,0,0,1
1,0,0,0,1
1,0,0,0,1
1,0,0,0,1
4,0,0,0,4
1,0,0,0,1
1,0,0,0,1
1,0,0,0,1
1,0,0,0,1
1,0,0,0,1
1,0,0,0,1
1,0,0,0,1
2,0,0,0,2
2,2,3,0,7
3,0,0,0,3
2,0,0,0,2
1,0,0,0,1
2,0,0,0,2
8,0,0,0,8
2,0,0,0,2
2,0,0,0,2
2,0,0,0,2
1,0,0,0,1
1,0,0,0,1
2,0,0,0,2
3,0,0,0,3
2,0,0,0,2
6,0,0,0,6
3,0,0,0,3
4,0,0,0,4
6,2,0,0,8
1,0,0,0,1
2,0,0,0,2
1,0,0,0,1
1,0,0,0,1
1,0,0,0,1
10,50,1,0,61
6,15,0,0,21
1,0,0,0,1
1,1,0,0,2
1,0,0,0,1
1,0,0,0,1
26,1,0,0,27
3,0,0,0,3
1,0,0,0,1
1,0,0,0,1
1,0,0,0,1
2,0,0,0,2
1,0,0,0,1
1,0,0,0,1
1,2,1,0,4
1,0,0,0,1
1,0,0,0,1
1,0,0,0,1
1,0,0,0,1
4,0,0,0,4
1,0,0,0,1
1,0,0,0,1
1,0,0,0,1
1,0,0,0,1
2,0,0,0,2
8,0,0,0,8
1,0,0,0,1
1,0,0,0,1
8,0,0,0,8
1,0,0,0,1
3,0,0,0,3
1,0,0,0,1
1,0,0,0,1
1,0,0,0,1
6,0,0,0,6
2,0,0,0,2
1,1,0,0,2
1,0,0,0,1
3,0,0,0,3
2,0,0,0,2
2,0,0,0,2
1,0,0,0,1
3,0,0,0,3
5,0,0,0,5
1,0,0,0,1
1,0,0,0,1
1,0,0,0,1
1,0,0,0,1
2,0,0,0,2
1,0,0,0,1
1,0,0,0,1
1,0,0,0,1
7,0,0,0,7
2,0,0,0,2
1,0,0,0,1
3,0,0,0,3
1,0,0,0,1
1,0,0,0,1
1,0,0,0,1
1,0,0,0,1
2,2,0,0,4
1,0,0,0,1
1,0,0,0,1
1,0,0,0,1
1,0,0,0,1
1,0,0,0,1
4,0,0,0,4
1,0,0,0,1
1,0,0,0,1
4,0,0,0,4
7,8,0,0,15
1,0,0,0,1
1,0,0,0,1
1,0,0,0,1
1,0,0,0,1
7,0,0,0,7
1,0,0,0,1
1,0,0,0,1
1,0,0,0,1
2,0,0,0,2
1,0,0,0,1
1,0,0,0,1
1,0,0,0,1
4,0,0,0,4
1,0,0,0,1
1,0,0,0,1
2,0,0,0,2
1,0,0,0,1
1,0,0,0,1
1,0,0,0,1
1,0,0,0,1
1,0,0,0,1
1,0,0,0,1
1,0,0,0,1
2,0,0,0,2
1,0,0,0,1
5,18,0,0,23
1,0,0,0,1
3,162,0,0,165
1,0,0,0,1
1,0,0,0,1
1,0,0,0,1
1,0,0,0,1
3,3,0,0,6
1,0,0,0,1
1,7,0,0,8
2,0,0,0,2
6,0,0,0,6
2,0,0,0,2
2,0,0,0,2
2,0,0,0,2
10,1,0,0,11
1,0,0,0,1
1,0,0,0,1
1,0,0,0,1
8,0,0,0,8
1,0,0,0,1
2,0,0,0,2
1,0,0,0,1
1,0,0,0,1
1,0,0,0,1
1,0,0,0,1
2,0,0,0,2
1,0,0,0,1
1,0,0,0,1
1,0,0,0,1
6,0,0,0,6
1,0,0,0,1
3,0,0,0,3
7,3,0,0,10
5,0,0,0,5
1,0,0,0,1
1,0,0,0,1
1,0,0,0,1
2,0,0,0,2
3,0,0,0,3
2,0,0,0,2
1,0,0,0,1
1,0,0,0,1
1,0,0,0,1
1,0,0,0,1
2,0,0,0,2
1,0,0,0,1
3,0,0,0,3
6,0,0,0,6
2,0,0,0,2
1,0,0,0,1
1,0,0,0,1
2,0,0,0,2
1,0,0,0,1
11,0,0,0,11
2,0,0,0,2
1,0,0,0,1
1,0,0,0,1
1,0,0,0,1
1,0,0,0,1
1,0,0,0,1
1,0,0,0,1
10,1,0,0,11
2,0,0,0,2
1,0,0,0,1
2,0,0,0,2
1,0,0,0,1
1,0,0,0,1
4,1,0,0,5
2,0,0,0,2
1,0,0,0,1
1,1,0,0,2
1,0,0,0,1
1,0,0,0,1
1,0,0,0,1
1,0,0,0,1
1,0,0,0,1
1,0,0,0,1
1,0,0,0,1
5,0,0,0,5
1,0,0,0,1
1,0,0,0,1
7,0,0,0,7
1,0,0,0,1
1,0,0,0,1
1,0,0,0,1
2,0,0,0,2
4,0,0,0,4
2,0,0,0,2
1,0,0,0,1
3,1,1,0,5
1,0,0,0,1
1,0,0,0,1
1,0,0,0,1
4,0,0,0,4
1,0,0,0,1
1,0,0,0,1
4,1,0,0,5
1,0,0,0,1
1,0,0,0,1
2,0,0,0,2
4,35,0,0,39
1,0,0,0,1
1,0,0,0,1
8,0,0,0,8
1,0,0,0,1
1,0,0,0,1
1,1,0,0,2
1,0,0,0,1
1,0,0,0,1
1,0,0,0,1
1,0,0,0,1
2,0,0,0,2
1,0,0,0,1
1,0,0,0,1
1,0,0,0,1
4,0,0,0,4
2,0,0,0,2
2,0,0,0,2
2,0,0,0,2
1,0,0,0,1
6,0,0,0,6
1,0,0,0,1
1,0,0,0,1
1,0,0,0,1
1,0,0,0,1
2,0,0,0,2
3,0,0,0,3
1,0,0,0,1
1,2,0,0,3
1,0,0,0,1
2,0,0,0,2
1,0,0,0,1
1,0,0,0,1
1,0,0,0,1
1,0,0,0,1
1,0,0,0,1
2,0,0,0,2
1,0,0,0,1
1,0,0,0,1
1,0,0,0,1
1,0,0,0,1
1,0,0,0,1
1,0,0,0,1
1,0,0,0,1
2,0,0,0,2
1,0,0,0,1
1,0,0,0,1
3,0,0,0,3
1,0,0,0,1
2,0,0,0,2
1,0,0,0,1
4,0,0,0,4
5,0,0,0,5
1,0,0,0,1
1,0,0,0,1
1,0,0,0,1
1,0,0,0,1
12,1,0,0,13
8,1,0,0,9
3,0,0,0,3
2,0,0,0,2
1,1,0,0,2
2,0,0,0,2
1,0,0,0,1
1,0,0,0,1
3,0,0,0,3
2,0,0,0,2
1,0,0,0,1
1,0,0,0,1
1,0,0,0,1
1,0,0,0,1
2,0,0,0,2
3,0,0,0,3
1,0,0,0,1
1,0,0,0,1
1,0,0,0,1
2,0,0,0,2
1,0,0,0,1
4,0,0,0,4
1,1,0,0,2
2,0,0,0,2
1,0,0,0,1
1,0,0,0,1
1,0,0,0,1
1,0,0,0,1
1,0,0,0,1
3,0,0,0,3
4,0,0,0,4
2,0,0,0,2
1,0,1,0,2
2,0,0,0,2
4,0,0,0,4
1,0,0,0,1
1,0,0,0,1
1,0,0,0,1
3,0,0,0,3
2,0,0,0,2
1,0,0,0,1
1,0,0,0,1
6,2,0,0,8
2,0,0,0,2
1,0,0,0,1
1,0,0,0,1
1,0,0,0,1
1,0,0,0,1
1,0,0,0,1
1,0,0,0,1
4,0,0,0,4
2,0,0,0,2
2,0,0,0,2
1,0,0,0,1
1,0,0,0,1
3,0,0,0,3
1,0,0,0,1
2,0,0,0,2
2,0,0,0,2
1,0,0,0,1
2,0,0,0,2
2,0,0,0,2
2,0,0,0,2
2,0,0,0,2
2,0,0,0,2
6,8,0,0,14
1,0,0,0,1
1,0,0,0,1
2,0,0,0,2
1,0,0,0,1
13,1,0,0,14
1,0,0,0,1
2,0,0,0,2
3,0,0,0,3
1,0,0,0,1
1,0,0,0,1
1,0,0,0,1
1,0,0,0,1
1,0,0,0,1
2,2,0,0,4
1,0,0,0,1
2,0,0,0,2
1,0,0,0,1
1,0,0,0,1
1,0,2,0,3
1,0,0,0,1
1,26,0,0,27
1,0,0,0,1
5,0,0,0,5
5,0,0,0,5
5,0,0,0,5
1,0,0,0,1
2,3,1,0,6
1,0,0,0,1
1,0,0,0,1
1,0,0,0,1
8,0,0,0,8
1,0,0,0,1
9,0,0,0,9
1,0,0,0,1
1,0,0,0,1
1,0,0,0,1
1,0,0,0,1
7,0,0,0,7
9,0,0,0,9
1,0,0,0,1
1,0,0,0,1
1,0,0,0,1
1,0,0,0,1
2,0,0,0,2
1,0,0,0,1
1,0,0,0,1
3,0,0,0,3
1,0,0,0,1
1,0,0,0,1
3,0,0,0,3
1,0,0,0,1
1,0,0,0,1
1,0,0,0,1
1,0,0,0,1
1,0,0,0,1
1,0,0,0,1
13,0,0,0,13
1,0,0,0,1
1,0,0,0,1
1,0,0,0,1
1,0,0,0,1
1,0,0,0,1
1,0,0,0,1
4,0,0,0,4
3,3,0,0,6
3,0,0,0,3
3,0,0,0,3
1,0,0,0,1
2,0,0,0,2
3,0,0,0,3
9,0,0,0,9
1,0,0,0,1
1,0,0,0,1
2,6,0,0,8
2,0,1,0,3
1,0,0,0,1
7,0,0,0,7
1,0,0,0,1
1,0,0,0,1
1,0,0,0,1
1,0,0,0,1
7,0,0,0,7
1,0,0,0,1
4,0,0,0,4
1,0,0,0,1
1,0,0,0,1
3,0,0,0,3
2,0,0,0,2
1,0,0,0,1
1,0,0,0,1
2,0,0,0,2
1,0,0,0,1
1,0,0,0,1
1,0,0,0,1
1,0,0,0,1
7,0,0,0,7
1,0,0,0,1
1,0,0,0,1
1,0,0,0,1
6,0,0,0,6
2,0,0,0,2
1,0,0,0,1
2,0,0,0,2
2,0,0,0,2
1,0,0,0,1
1,0,0,0,1
2,0,0,0,2
1,0,0,0,1
1,0,0,0,1
1,0,0,0,1
5,1,1,0,7
6,0,0,0,6
19,1,0,0,20
1,0,0,0,1
1,0,0,0,1
9,6,0,0,15
1,0,0,0,1
1,0,0,0,1
1,0,0,0,1
6,1,2,0,9
1,0,0,0,1
1,0,0,0,1
1,0,0,0,1
2,0,0,0,2
1,0,0,0,1
1,0,0,0,1
2,0,0,0,2
1,0,0,0,1
8,1,0,0,9
1,0,0,0,1
1,1,0,0,2
1,0,0,0,1
1,0,0,0,1
1,0,0,0,1
1,0,0,0,1
1,0,0,0,1
1,0,0,0,1
1,0,0,0,1
4,11,0,0,15
4,1,0,0,5
3,0,0,0,3
2,0,1,0,3
1,0,0,0,1
5,0,0,0,5
2,0,0,0,2
2,0,0,0,2
1,0,0,0,1
2,1,0,0,3
1,0,0,0,1
1,0,0,0,1
1,0,0,0,1
1,0,0,0,1
2,0,0,0,2
2,0,0,0,2
2,0,0,0,2
2,0,0,0,2
2,6,0,0,8
3,0,0,0,3
2,0,0,0,2
1,2,0,0,3
4,1,1,0,6
4,0,0,0,4
1,0,0,0,1
4,0,0,0,4
1,0,0,0,1
1,0,0,0,1
1,0,0,0,1
2,0,0,0,2
1,0,0,0,1
1,0,0,0,1
1,0,0,0,1
1,0,0,0,1
4,0,0,0,4
3,0,0,0,3
1,0,0,0,1
1,0,0,0,1
5,2,0,0,7
2,0,0,0,2
1,1,0,0,2
1,2,0,0,3
2,0,0,0,2
2,0,0,0,2
1,0,0,0,1
1,0,0,0,1
1,0,0,0,1
1,0,0,0,1
1,0,0,0,1
1,0,0,0,1
1,0,0,0,1
1,0,0,0,1
1,0,0,0,1
1,0,0,0,1
1,0,0,0,1
1,0,0,0,1
1,0,0,0,1
1,0,0,0,1
1,0,0,0,1
3,0,0,0,3
1,0,0,0,1
1,0,0,0,1
4,0,0,0,4
1,0,0,0,1
1,0,0,0,1
1,0,0,0,1
1,0,0,0,1
1,0,0,0,1
1,0,0,0,1
15,11,0,0,26
1,0,0,0,1
1,0,0,0,1
1,0,0,0,1
2,0,0,0,2
1,0,0,0,1
8,0,0,0,8
1,0,0,0,1
1,0,0,0,1
1,0,0,0,1
1,0,0,0,1
1,0,0,0,1
1,0,0,0,1
2,0,0,0,2
1,0,0,0,1
4,0,0,0,4
1,0,0,0,1
2,1,0,0,3
11,8,0,0,19
1,0,0,0,1
1,0,0,0,1
1,0,0,0,1
1,0,0,0,1
1,0,0,0,1
1,0,0,0,1
1,0,0,0,1
1,0,0,0,1
1,0,0,0,1
6,0,0,0,6
1,0,0,0,1
1,8,0,0,9
1,0,0,0,1
1,0,0,0,1
1,0,0,0,1
1,0,0,0,1
1,0,0,0,1
1,0,0,0,1
2,1,0,0,3
1,0,0,0,1
1,0,0,0,1
1,0,1,0,2
1,0,0,0,1
6,0,0,0,6
1,0,0,0,1
1,0,0,0,1
7,0,0,0,7
1,0,0,0,1
1,0,0,0,1
1,0,0,0,1
1,0,0,0,1
1,0,0,0,1
1,0,0,0,1
1,0,0,0,1
2,0,0,0,2
2,0,0,0,2
3,1,0,0,4
3,0,0,0,3
1,0,0,0,1
1,0,0,0,1
10,0,0,0,10
1,0,0,0,1
1,0,0,0,1
1,0,0,0,1
2,0,0,0,2
5,19,0,0,24
1,0,0,0,1
1,0,0,0,1
1,0,0,0,1
1,0,0,0,1
2,0,0,0,2
1,0,0,0,1
1,0,0,0,1
10,0,0,0,10
1,0,0,0,1
2,0,0,0,2
5,0,0,0,5
1,0,0,0,1
1,5,0,0,6
1,0,0,0,1
1,0,0,0,1
1,0,0,0,1
1,0,0,0,1
1,0,0,0,1
3,0,0,0,3
2,0,0,0,2
1,0,0,0,1
3,0,0,0,3
4,0,0,0,4
1,0,0,0,1
5,27,1,0,33
1,0,0,0,1
2,13,0,0,15
2,0,0,0,2
1,0,0,0,1
1,0,0,0,1
3,0,0,0,3
1,2,0,0,3
1,0,0,0,1
1,0,0,0,1
3,0,0,0,3
1,0,0,0,1
1,1,1,0,3
1,0,0,0,1
11,0,0,0,11
1,0,0,0,1
1,0,0,0,1
1,0,0,0,1
1,0,0,0,1
1,0,0,0,1
2,0,0,0,2
6,0,0,0,6
2,0,0,0,2
1,0,0,0,1
1,0,0,0,1
3,0,0,0,3
1,0,0,0,1
1,0,0,0,1
1,0,0,0,1
1,0,0,0,1
1,0,0,0,1
2,0,0,0,2
13,4,0,0,17
1,0,0,0,1
1,0,0,0,1
1,0,0,0,1
2,0,0,0,2
1,0,0,0,1
1,0,0,0,1
5,0,0,0,5
1,0,0,0,1
1,0,0,0,1
1,0,0,0,1
1,0,0,0,1
2,5,1,0,8
1,0,0,0,1
1,0,0,0,1
2,0,0,0,2
1,0,0,0,1
2,0,0,0,2
1,4,0,0,5
9,23,0,0,32
1,0,0,0,1
1,0,0,0,1
1,0,0,0,1
4,0,0,0,4
1,0,0,0,1
12,0,0,0,12
1,0,0,0,1
1,0,0,0,1
1,0,0,0,1
1,0,0,0,1
1,0,0,0,1
1,0,0,0,1
3,0,0,0,3
1,0,0,0,1
2,0,0,0,2
1,2,0,0,3
1,0,0,0,1
1,0,0,0,1
1,0,0,0,1
7,0,0,0,7
1,0,0,0,1
1,0,0,0,1
3,0,0,0,3
1,0,0,0,1
1,0,0,0,1
1,0,0,0,1
1,0,0,0,1
1,0,0,0,1
2,0,0,0,2
1,0,0,0,1
2,0,0,0,2
1,0,0,0,1
1,0,0,0,1
1,0,0,0,1
1,0,0,0,1
5,38,0,0,43
4,0,0,0,4
1,0,0,0,1
2,0,0,0,2
1,0,0,0,1
1,0,0,0,1
3,0,0,0,3
1,0,0,0,1
1,0,0,0,1
1,1,0,0,2
32,0,0,0,32
3,0,0,0,3
1,0,0,0,1
12,0,0,0,12
2,0,0,0,2
1,0,0,0,1
3,0,0,0,3
2,0,0,0,2
12,0,0,0,12
2,0,0,0,2
2,0,0,0,2
1,0,0,0,1
1,0,0,0,1
1,0,0,0,1
1,0,0,0,1
1,0,0,0,1
1,0,0,0,1
1,0,0,0,1
1,0,0,0,1
6,0,0,0,6
1,0,0,0,1
1,0,0,0,1
1,0,0,0,1
2,1,0,0,3
1,0,0,0,1
1,0,0,0,1
2,0,0,0,2
1,0,0,0,1
1,0,0,0,1
1,0,0,0,1
1,0,0,0,1
2,0,0,0,2
1,0,0,0,1
1,0,0,0,1
1,2,0,0,3
1,0,0,0,1
2,0,0,0,2
1,0,0,0,1
6,0,0,0,6
1,0,0,0,1
1,0,0,0,1
1,0,0,0,1
1,0,0,0,1
1,0,0,0,1
3,0,0,0,3
1,0,0,0,1
1,0,0,0,1
9,12,2,0,23
7,0,0,0,7
6,0,0,0,6
1,0,0,0,1
1,0,0,0,1
2,0,0,0,2
4,0,0,0,4
1,0,0,0,1
1,0,0,0,1
3,0,0,0,3
1,0,0,0,1
1,0,0,0,1
1,0,0,0,1
3,0,0,0,3
1,0,0,0,1
1,0,0,0,1
1,0,0,0,1
1,0,0,0,1
1,0,0,0,1
1,0,0,0,1
1,0,0,0,1
4,0,0,0,4
1,0,0,0,1
1,0,0,0,1
3,0,0,0,3
18,11,0,0,29
1,0,0,0,1
1,0,0,0,1
19,0,0,0,19
1,0,0,0,1
1,0,0,0,1
2,0,0,0,2
1,0,0,0,1
1,0,0,0,1
2,0,0,0,2
1,0,0,0,1
3,0,0,0,3
1,0,0,0,1
4,0,0,0,4
3,0,0,0,3
1,0,0,0,1
3,0,0,0,3
1,0,0,0,1
1,0,0,0,1
2,0,0,0,2
1,0,0,0,1
2,0,0,0,2
3,0,0,0,3
5,0,0,0,5
1,0,0,0,1
1,0,0,0,1
2,0,0,0,2
4,0,0,0,4
11,0,0,0,11
1,0,0,0,1
4,0,0,0,4
3,0,1,0,4
1,0,0,0,1
4,0,0,0,4
2,0,0,0,2
1,0,0,0,1
1,0,0,0,1
1,0,0,0,1
1,0,0,0,1
6,0,0,0,6
1,0,0,0,1
2,0,0,0,2
2,1,1,0,4
1,1,1,0,3
2,2,0,0,4
1,0,0,0,1
3,0,0,0,3
2,0,0,0,2
1,0,0,0,1
3,0,0,0,3
3,0,1,0,4
1,0,0,0,1
1,0,0,0,1
1,0,0,0,1
1,0,0,0,1
4,0,0,0,4
1,0,0,0,1
11,2,0,0,13
1,0,0,0,1
5,0,0,0,5
1,0,0,0,1
3,0,0,0,3
1,0,0,0,1
1,0,0,0,1
1,0,0,0,1
1,0,0,0,1
1,0,0,0,1
3,0,0,0,3
1,0,0,0,1
2,0,0,0,2
1,0,0,0,1
1,0,0,0,1
1,0,0,0,1
2,0,0,0,2
1,0,0,0,1
2,0,0,0,2
1,0,0,0,1
3,0,0,0,3
1,0,0,0,1
2,0,0,0,2
1,0,0,0,1
1,0,0,0,1
3,0,0,0,3
1,0,0,0,1
4,0,0,0,4
3,0,0,0,3
1,0,0,0,1
1,2,0,0,3
1,0,0,0,1
1,0,0,0,1
2,0,0,0,2
1,0,0,0,1
1,4,0,0,5
2,0,0,0,2
1,0,0,0,1
2,0,0,0,2
1,0,0,0,1
1,0,0,0,1
2,0,0,0,2
2,6,1,0,9
1,0,0,0,1
1,0,0,0,1
3,0,0,0,3
1,0,0,0,1
1,0,0,0,1
2,0,0,0,2
1,0,0,0,1
1,0,0,0,1
1,0,0,0,1
1,0,0,0,1
2,1,0,0,3
1,0,0,0,1
5,0,0,0,5
1,0,0,0,1
1,0,0,0,1
1,0,0,0,1
6,0,0,0,6
2,0,0,0,2
4,0,0,0,4
5,0,0,0,5
1,0,0,0,1
4,4,0,0,8
2,0,0,0,2
1,0,0,0,1
5,0,0,0,5
2,0,0,0,2
1,0,0,0,1
6,3,0,0,9
1,0,0,0,1
3,0,0,0,3
3,0,0,0,3
1,0,0,0,1
2,0,0,0,2
2,0,0,0,2
1,0,0,0,1
2,0,0,0,2
8,0,0,0,8
1,0,0,0,1
2,0,0,0,2
1,0,0,0,1
1,1,1,0,3
1,0,0,0,1
1,0,0,0,1
1,0,0,0,1
3,2,0,0,5
1,0,0,0,1
1,0,0,0,1
2,0,0,0,2
1,0,0,0,1
1,0,0,0,1
3,0,0,0,3
2,0,0,0,2
1,0,0,0,1
1,0,0,0,1
1,0,0,0,1
1,1,0,0,2
1,0,0,0,1
1,0,0,0,1
1,0,0,0,1
1,0,0,0,1
1,0,0,0,1
3,0,0,0,3
1,0,0,0,1
1,0,0,0,1
2,0,0,0,2
1,0,0,0,1
2,17,3,0,22
1,0,0,0,1
1,0,0,0,1
3,0,0,0,3
2,2,0,0,4
1,0,0,0,1
1,0,0,0,1
1,0,0,0,1
1,0,0,0,1
1,0,0,0,1
1,0,0,0,1
1,0,0,0,1
1,0,0,0,1
1,0,0,0,1
1,0,0,0,1
3,0,0,0,3
1,0,0,0,1
1,0,0,0,1
1,0,0,0,1
1,0,0,0,1
1,0,0,0,1
3,2,0,0,5
2,0,0,0,2
6,0,0,0,6
1,0,0,0,1
1,0,0,0,1
3,0,0,0,3
1,0,0,0,1
1,0,0,0,1
2,0,0,0,2
3,0,0,0,3
2,0,0,0,2
3,0,0,0,3
2,0,0,0,2
1,0,0,0,1
3,0,0,0,3
1,0,0,0,1
1,0,0,0,1
1,0,0,0,1
5,0,0,0,5
1,0,0,0,1
2,0,0,0,2
3,1,0,0,4
4,0,0,0,4
1,0,0,0,1
1,0,0,0,1
3,0,0,0,3
1,0,0,0,1
1,0,0,0,1
3,0,0,0,3
1,0,0,0,1
2,0,0,0,2
2,0,0,0,2
1,0,0,0,1
9,0,0,0,9
1,0,0,0,1
1,0,0,0,1
1,0,0,0,1
2,0,0,0,2
1,0,0,0,1
4,0,0,0,4
1,0,0,0,1
1,0,0,0,1
2,0,0,0,2
1,0,0,0,1
3,2,0,0,5
1,0,0,0,1
1,0,0,0,1
7,0,2,0,9
1,0,0,0,1
1,0,0,0,1
1,0,0,0,1
1,0,0,0,1
1,0,0,0,1
2,0,0,0,2
1,0,0,0,1
1,0,0,0,1
3,0,0,0,3
1,0,0,0,1
1,0,0,0,1
1,0,0,0,1
1,0,0,0,1
2,0,0,0,2
4,0,0,0,4
5,0,0,0,5
1,0,0,0,1
1,0,0,0,1
1,0,0,0,1
1,4,1,0,6
1,10,0,0,11
1,0,0,0,1
2,0,0,0,2
1,0,0,0,1
2,0,0,0,2
2,0,0,0,2
1,0,0,0,1
1,0,0,0,1
1,0,0,0,1
1,0,0,0,1
6,0,0,0,6
1,0,0,0,1
4,0,0,0,4
1,0,0,0,1
1,0,0,0,1
1,0,0,0,1
1,0,0,0,1
2,13,0,0,15
1,0,0,0,1
1,0,0,0,1
2,0,0,0,2
3,0,0,0,3
1,0,0,0,1
1,0,0,0,1
1,0,0,0,1
1,0,0,0,1
1,0,0,0,1
1,0,0,0,1
1,0,0,0,1
1,0,0,0,1
1,0,0,0,1
1,0,0,0,1
1,0,0,0,1
1,0,0,0,1
1,0,0,0,1
1,0,0,0,1
1,0,0,0,1
1,0,0,0,1
1,0,0,0,1
3,0,0,0,3
6,0,0,0,6
1,0,0,0,1
2,0,0,0,2
1,0,0,0,1
5,0,0,0,5
1,0,0,0,1
1,0,0,0,1
3,0,0,0,3
2,0,0,0,2
1,0,0,0,1
2,0,0,0,2
1,0,0,0,1
1,0,0,0,1
1,0,0,0,1
2,0,0,0,2
3,0,0,0,3
12,0,0,0,12
1,0,0,0,1
1,0,0,0,1
1,0,0,0,1
1,0,0,0,1
1,0,0,0,1
1,0,0,0,1
3,0,0,0,3
1,0,0,0,1
1,0,0,0,1
1,0,0,0,1
1,0,0,0,1
1,0,0,0,1
1,0,0,0,1
1,0,0,0,1
3,0,0,0,3
1,0,0,0,1
1,0,0,0,1
1,0,0,0,1
1,0,0,0,1
1,0,0,0,1
1,0,0,0,1
1,0,0,0,1
2,0,0,0,2
1,0,0,0,1
2,0,0,0,2
3,1,2,0,6
1,0,0,0,1
1,0,0,0,1
2,1,1,0,4
3,1,0,0,4
2,0,0,0,2
1,0,0,0,1
1,0,0,0,1
1,0,0,0,1
1,0,0,0,1
1,0,0,0,1
2,0,0,0,2
2,0,0,0,2
2,0,0,0,2
1,0,0,0,1
1,0,0,0,1
1,0,0,0,1
1,0,0,0,1
2,0,0,0,2
1,0,0,0,1
8,0,0,0,8
5,0,0,0,5
1,2,0,0,3
5,8,0,0,13
1,0,0,0,1
1,0,0,0,1
1,0,0,0,1
1,0,0,0,1
1,0,0,0,1
2,0,0,0,2
1,0,0,0,1
2,0,0,0,2
1,0,0,0,1
2,0,0,0,2
1,0,0,0,1
1,0,0,0,1
1,0,0,0,1
2,0,0,0,2
1,0,0,0,1
1,0,0,0,1
2,0,0,0,2
1,0,0,0,1
1,0,0,0,1
1,0,0,0,1
1,0,0,0,1
4,1,0,0,5
1,1,0,0,2
1,0,0,0,1
2,0,0,0,2
1,0,0,0,1
1,0,0,0,1
1,0,0,0,1
1,0,0,0,1
1,0,0,0,1
1,0,0,0,1
4,0,0,0,4
2,0,0,0,2
11,0,0,0,11
1,0,0,0,1
1,0,0,0,1
3,0,0,0,3
1,0,0,0,1
1,0,0,0,1
1,0,0,0,1
1,0,0,0,1
2,0,0,0,2
1,0,0,0,1
2,0,0,0,2
3,0,0,0,3
1,0,0,0,1
1,0,0,0,1
1,0,0,0,1
1,0,0,0,1
1,0,0,0,1
1,0,0,0,1
1,0,0,0,1
1,0,0,0,1
1,0,0,0,1
1,0,0,0,1
2,0,0,0,2
1,0,0,0,1
1,0,0,0,1
1,0,0,0,1
5,0,0,0,5
6,0,0,0,6
1,0,0,0,1
3,0,0,0,3
8,0,0,0,8
1,0,0,0,1
1,0,0,0,1
1,0,0,0,1
3,1,1,0,5
2,5,0,0,7
4,0,0,0,4
1,0,0,0,1
1,0,0,0,1
1,0,0,0,1
6,0,0,0,6
2,0,0,0,2
1,0,0,0,1
5,0,0,0,5
2,0,0,0,2
2,0,0,0,2
1,0,0,0,1
1,0,0,0,1
1,0,0,0,1
2,0,0,0,2
1,0,0,0,1
1,0,0,0,1
1,0,0,0,1
1,0,0,0,1
6,1,0,0,7
2,0,0,0,2
2,0,0,0,2
2,0,0,0,2
1,0,0,0,1
1,0,0,0,1
1,0,0,0,1
1,0,0,0,1
3,0,0,0,3
2,0,0,0,2
1,0,0,0,1
3,0,0,0,3
1,0,0,0,1
1,0,0,0,1
2,4,0,0,6
2,0,0,0,2
7,0,0,0,7
1,0,0,0,1
1,0,0,0,1
3,0,0,0,3
1,0,0,0,1
2,0,0,0,2
1,0,0,0,1
1,0,0,0,1
4,0,0,0,4
2,0,0,0,2
2,0,0,0,2
1,0,0,0,1
7,0,0,0,7
5,0,0,0,5
1,6,0,0,7
2,0,0,0,2
1,0,0,0,1
1,0,0,0,1
1,0,0,0,1
1,0,0,0,1
4,0,0,0,4
1,0,0,0,1
1,0,0,0,1
1,0,0,0,1
1,0,0,0,1
4,1,0,0,5
1,0,0,0,1
3,0,0,0,3
1,0,0,0,1
1,0,0,0,1
1,0,0,0,1
6,0,0,0,6
1,0,0,0,1
6,0,0,0,6
2,0,0,0,2
1,0,0,0,1
2,0,0,0,2
1,0,0,0,1
3,0,0,0,3
2,0,0,0,2
6,0,0,0,6
1,2,1,0,4
1,0,0,0,1
2,0,0,0,2
2,0,0,0,2
4,16,0,0,20
1,0,0,0,1
3,8,0,0,11
1,0,0,0,1
1,0,0,0,1
1,0,0,0,1
2,0,0,0,2
1,0,0,0,1
1,0,0,0,1
2,0,0,0,2
1,0,0,0,1
1,0,0,0,1
1,0,0,0,1
2,0,0,0,2
4,0,0,0,4
2,0,0,0,2
1,0,0,0,1
1,0,0,0,1
2,0,0,0,2
1,0,0,0,1
2,0,0,0,2
1,0,0,0,1
1,0,0,0,1
1,0,0,0,1
1,0,0,0,1
1,0,0,0,1
9,18,5,0,32
1,0,0,0,1
8,0,0,0,8
1,0,0,0,1
1,0,0,0,1
1,0,0,0,1
1,0,0,0,1
2,0,0,0,2
1,0,0,0,1
1,0,0,0,1
4,0,0,0,4
5,0,0,0,5
2,0,0,0,2
1,0,0,0,1
1,0,0,0,1
1,0,0,0,1
1,0,0,0,1
1,0,0,0,1
1,0,0,0,1
3,0,0,0,3
1,0,0,0,1
1,0,0,0,1
1,0,0,0,1
2,0,0,0,2
1,0,0,0,1
2,4,0,0,6
12,0,0,0,12
3,0,0,0,3
1,0,0,0,1
1,0,0,0,1
1,0,0,0,1
2,0,0,0,2
1,0,0,0,1
1,0,0,0,1
6,0,0,0,6
1,0,0,0,1
1,0,0,0,1
2,0,0,0,2
1,0,0,0,1
2,0,0,0,2
6,0,0,0,6
3,0,0,0,3
1,0,0,0,1
6,5,1,0,12
9,0,0,0,9
1,0,0,0,1
1,0,0,0,1
1,0,0,0,1
1,2,0,0,3
2,0,0,0,2
1,0,0,0,1
1,0,0,0,1
1,0,0,0,1
1,0,0,0,1
4,0,0,0,4
1,0,0,0,1
4,0,0,0,4
1,0,0,0,1
1,0,0,0,1
1,0,0,0,1
1,0,0,0,1
1,0,0,0,1
1,0,0,0,1
8,0,0,0,8
2,0,0,0,2
1,0,0,0,1
6,0,0,0,6
3,0,0,0,3
1,0,0,0,1
1,0,0,0,1
1,0,0,0,1
1,0,0,0,1
1,0,0,0,1
2,0,0,0,2
2,0,0,0,2
1,0,0,0,1
1,0,0,0,1
2,0,0,0,2
1,0,0,0,1
1,0,0,0,1
5,0,0,0,5
1,0,0,0,1
1,0,0,0,1
1,0,0,0,1
1,0,0,0,1
1,0,0,0,1
24,16,3,0,43
1,0,0,0,1
1,0,0,0,1
2,1,0,0,3
1,0,0,0,1
2,0,0,0,2
2,0,0,0,2
1,0,0,0,1
4,0,0,0,4
1,0,0,0,1
2,0,0,0,2
1,0,0,0,1
1,0,0,0,1
2,0,0,0,2
1,0,0,0,1
1,0,0,0,1
1,0,0,0,1
2,0,0,0,2
1,0,0,0,1
1,0,0,0,1
1,0,0,0,1
1,0,0,0,1
5,3,0,0,8
1,0,0,0,1
1,0,0,0,1
1,0,0,0,1
1,0,0,0,1
3,0,0,0,3
1,0,0,0,1
1,0,0,0,1
5,0,0,0,5
1,0,0,0,1
3,1,0,0,4
4,2,0,0,6
1,0,0,0,1
1,0,0,0,1
1,0,0,0,1
1,0,0,0,1
1,0,0,0,1
2,0,0,0,2
1,0,0,0,1
1,0,0,0,1
1,0,0,0,1
1,0,0,0,1
1,0,0,0,1
5,0,0,0,5
6,0,0,0,6
1,0,0,0,1
1,0,0,0,1
1,0,0,0,1
2,0,0,0,2
1,0,0,0,1
1,0,0,0,1
1,0,0,0,1
1,0,0,0,1
1,0,0,0,1
3,0,0,0,3
1,1035,0,0,1036
2,0,0,0,2
2,0,0,0,2
1,0,0,0,1
6,0,0,0,6
1,0,0,0,1
1,4,0,0,5
1,0,0,0,1
9,1,0,0,10
3,2,0,0,5
2,0,0,0,2
1,0,0,0,1
1,0,0,0,1
2,0,0,0,2
2,0,0,0,2
6,0,0,0,6
1,0,0,0,1
1,0,0,0,1
1,0,0,0,1
1,0,0,0,1
1,0,0,0,1
7,0,0,0,7
1,0,0,0,1
5,0,0,0,5
1,0,0,0,1
3,0,0,0,3
9,8,0,0,17
2,0,0,0,2
1,0,0,0,1
1,0,0,0,1
2,0,0,0,2
3,0,0,0,3
1,0,0,0,1
1,0,0,0,1
1,0,0,0,1
1,0,0,0,1
1,0,0,0,1
1,0,0,0,1
1,0,0,0,1
1,0,0,0,1
1,0,0,0,1
1,0,0,0,1
1,0,0,0,1
2,0,0,0,2
1,0,0,0,1
3,1,0,0,4
1,0,0,0,1
1,0,0,0,1
1,0,0,0,1
2,0,0,0,2
1,0,0,0,1
1,0,0,0,1
2,0,0,0,2
1,0,0,0,1
1,0,0,0,1
1,0,0,0,1
1,0,0,0,1
1,0,0,0,1
1,0,0,0,1
3,1,0,0,4
1,0,0,0,1
1,0,0,0,1
1,0,0,0,1
3,1,1,0,5
1,0,0,0,1
1,0,0,0,1
1,0,0,0,1
1,0,0,0,1
1,0,0,0,1
2,0,0,0,2
1,0,0,0,1
1,0,0,0,1
8,7,0,0,15
1,0,0,0,1
1,0,0,0,1
2,0,0,0,2
2,0,0,0,2
1,0,0,0,1
1,0,0,0,1
9,0,0,0,9
1,0,0,0,1
1,0,0,0,1
2,0,0,0,2
1,0,0,0,1
1,0,0,0,1
1,0,0,0,1
1,0,0,0,1
3,0,0,0,3
2,0,0,0,2
1,0,0,0,1
1,0,0,0,1
7,0,0,0,7
1,0,0,0,1
1,0,0,0,1
2,0,0,0,2
2,0,0,0,2
1,0,0,0,1
1,0,0,0,1
1,0,0,0,1
1,0,0,0,1
1,0,0,0,1
2,0,0,0,2
2,0,0,0,2
1,0,0,0,1
1,0,0,0,1
1,0,0,0,1
1,0,0,0,1
1,0,0,0,1
1,0,0,0,1
3,0,0,0,3
1,2,0,0,3
2,0,0,0,2
1,0,0,0,1
1,0,0,0,1
1,0,0,0,1
1,0,0,0,1
6,5,0,0,11
2,0,0,0,2
2,0,0,0,2
1,1,0,0,2
1,0,0,0,1
1,0,0,0,1
1,0,0,0,1
2,0,0,0,2
1,0,0,0,1
2,0,0,0,2
1,0,0,0,1
1,0,0,0,1
2,0,0,0,2
1,0,0,0,1
1,0,0,0,1
2,0,0,0,2
1,0,0,0,1
2,0,0,0,2
3,0,0,0,3
2,0,0,0,2
1,0,0,0,1
2,0,0,0,2
1,0,0,0,1
1,0,0,0,1
1,0,0,0,1
5,4,1,0,10
1,0,0,0,1
1,0,0,0,1
2,0,0,0,2
1,0,0,0,1
1,0,0,0,1
1,0,0,0,1
1,0,0,0,1
1,0,0,0,1
1,0,0,0,1
1,0,0,0,1
8,0,0,0,8
1,0,0,0,1
1,2,0,0,3
1,0,0,0,1
2,0,0,0,2
1,0,0,0,1
1,0,0,0,1
1,0,0,0,1
1,0,0,0,1
1,0,0,0,1
1,0,0,0,1
1,0,0,0,1
1,0,0,0,1
11,0,0,0,11
3,0,0,0,3
1,0,0,0,1
1,0,0,0,1
1,0,0,0,1
1,0,0,0,1
4,0,0,0,4
1,0,0,0,1
1,0,0,0,1
4,0,0,0,4
1,0,0,0,1
3,0,0,0,3
6,0,0,0,6
1,0,0,0,1
1,0,0,0,1
2,0,0,0,2
5,0,0,0,5
1,0,0,0,1
1,0,0,0,1
1,0,0,0,1
1,0,0,0,1
1,0,0,0,1
1,0,0,0,1
1,0,0,0,1
1,0,0,0,1
1,0,0,0,1
1,0,0,0,1
1,0,0,0,1
2,0,0,0,2
1,0,0,0,1
1,0,0,0,1
2,0,0,0,2
4,0,0,0,4
7,0,0,0,7
2,0,0,0,2
1,0,0,0,1
1,0,0,0,1
8,0,0,0,8
1,0,0,0,1
1,0,0,0,1
2,0,0,0,2
2,0,0,0,2
1,0,0,0,1
1,0,0,0,1
1,0,0,0,1
1,0,0,0,1
1,0,0,0,1
1,0,0,0,1
1,0,0,0,1
1,0,0,0,1
4,0,0,0,4
4,25,0,0,29
14,0,0,0,14
1,0,0,0,1
1,0,0,0,1
12,0,0,0,12
2,1,0,0,3
1,0,0,0,1
2,5,0,0,7
1,4,0,0,5
1,0,0,0,1
1,0,0,0,1
1,8,0,0,9
4,0,0,0,4
7,0,0,0,7
2,0,0,0,2
1,4,0,0,5
1,2,0,0,3
2,0,0,0,2
11,2,0,0,13
2,0,0,0,2
1,0,0,0,1
6,2,0,0,8
1,0,0,0,1
3,0,0,0,3
5,0,0,0,5
2,0,0,0,2
1,0,0,0,1
1,0,0,0,1
1,0,0,0,1
1,0,0,0,1
1,19,0,0,20
5,0,0,0,5
1,0,0,0,1
1,0,0,0,1
3,0,0,0,3
1,0,0,0,1
2,0,0,0,2
1,0,0,0,1
3,0,0,0,3
1,0,0,0,1
1,0,0,0,1
3,0,0,0,3
1,0,0,0,1
1,0,0,0,1
2,2,0,0,4
2,0,0,0,2
1,0,0,0,1
3,0,0,0,3
8,24,1,0,33
1,0,0,0,1
1,4,1,0,6
1,0,0,0,1
1,0,0,0,1
1,0,0,0,1
1,0,0,0,1
1,0,0,0,1
1,0,0,0,1
1,0,0,0,1
1,0,0,0,1
2,0,0,0,2
1,0,0,0,1
1,0,0,0,1
1,0,0,0,1
1,0,0,0,1
1,2,0,0,3
1,12,0,0,13
1,0,0,0,1
1,0,0,0,1
4,0,0,0,4
4,0,0,0,4
1,0,0,0,1
1,0,0,0,1
2,0,0,0,2
5,5,0,0,10
1,0,0,0,1
1,0,0,0,1
2,0,0,0,2
1,0,0,0,1
4,11,0,0,15
1,0,0,0,1
1,0,0,0,1
1,0,0,0,1
1,0,0,0,1
3,0,0,0,3
1,0,0,0,1
1,0,0,0,1
1,0,0,0,1
1,0,0,0,1
2,0,0,0,2
5,0,0,0,5
1,0,0,0,1
1,0,0,0,1
1,7,0,0,8
1,0,0,0,1
2,1,0,0,3
1,0,0,0,1
1,0,0,0,1
1,0,0,0,1
1,0,0,0,1
1,0,0,0,1
4,2,0,0,6
3,0,0,0,3
8,6,1,0,15
1,0,0,0,1
2,2,0,0,4
6,16,1,0,23
1,0,0,0,1
1,0,0,0,1
1,0,0,0,1
32,0,1,0,33
8,1,0,0,9
1,0,0,0,1
3,0,0,0,3
2,0,0,0,2
1,0,0,0,1
1,0,0,0,1
2,0,0,0,2
1,0,0,0,1
6,0,0,0,6
1,0,0,0,1
2,0,0,0,2
1,0,0,0,1
4,6,0,0,10
2,0,0,0,2
1,0,0,0,1
3,0,0,0,3
3,0,0,0,3
5,2,0,0,7
1,0,0,0,1
1,0,0,0,1
1,0,0,0,1
1,0,0,0,1
2,0,0,0,2
4,4,0,0,8
1,0,0,0,1
1,0,0,0,1
1,0,0,0,1
1,0,0,0,1
1,0,0,0,1
2,0,0,0,2
6,8,1,0,15
1,0,0,0,1
2,0,0,0,2
1,0,0,0,1
1,0,0,0,1
1,0,0,0,1
1,0,0,0,1
3,0,0,0,3
1,0,0,0,1
1,0,0,0,1
1,13,0,0,14
1,19,1,0,21
1,0,0,0,1
1,0,0,0,1
1,0,0,0,1
1,0,0,0,1
1,0,0,0,1
2,0,0,0,2
2,0,0,0,2
2,0,0,0,2
1,0,0,0,1
1,0,0,0,1
12,0,0,0,12
1,0,0,0,1
1,0,0,0,1
1,0,0,0,1
1,0,0,0,1
1,0,0,0,1
3,0,0,0,3
1,0,0,0,1
3,0,0,0,3
1,0,0,0,1
1,0,0,0,1
1,0,0,0,1
4,0,0,0,4
4,0,0,0,4
1,0,0,0,1
1,0,0,0,1
5,1,0,0,6
1,0,0,0,1
10,0,0,0,10
8,0,0,0,8
1,0,0,0,1
1,0,0,0,1
1,0,0,0,1
1,0,0,0,1
7,0,0,0,7
2,0,0,0,2
6,0,0,0,6
11,0,0,0,11
2,0,0,0,2
7,0,0,0,7
1,0,0,0,1
1,0,0,0,1
2,0,0,0,2
2,0,0,0,2
3,0,0,0,3
1,0,0,0,1
1,0,0,0,1
5,0,0,0,5
1,0,0,0,1
3,0,0,0,3
5,0,0,0,5
1,0,0,0,1
1,0,0,0,1
2,0,0,0,2
1,0,0,0,1
1,0,0,0,1
1,0,0,0,1
1,0,0,0,1
4,0,0,0,4
1,0,0,0,1
3,0,0,0,3
1,0,0,0,1
1,0,0,0,1
1,0,0,0,1
3,0,0,0,3
2,0,0,0,2
1,0,0,0,1
1,0,0,0,1
2,0,0,0,2
1,0,0,0,1
1,0,0,0,1
5,1,0,0,6
1,0,0,0,1
7,0,0,0,7
1,0,0,0,1
2,0,0,0,2
1,0,0,0,1
1,0,0,0,1
2,0,0,0,2
1,0,0,0,1
4,0,0,0,4
1,0,0,0,1
2,0,0,0,2
5,1,0,0,6
1,0,0,0,1
1,0,0,0,1
1,0,0,0,1
5,0,0,0,5
2,0,0,0,2
1,0,0,0,1
1,0,0,0,1
1,0,0,0,1
1,0,0,0,1
1,0,0,0,1
1,0,0,0,1
1,0,0,0,1
1,0,0,0,1
3,0,0,0,3
2,0,0,0,2
1,0,0,0,1
1,0,0,0,1
1,1,0,0,2
3,0,0,0,3
1,0,0,0,1
2,0,0,0,2
1,0,0,0,1
1,0,0,0,1
1,0,0,0,1
1,0,0,0,1
2,0,0,0,2
6,0,0,0,6
1,0,0,0,1
5,0,0,0,5
1,0,0,0,1
3,0,0,0,3
1,0,0,0,1
1,0,0,0,1
1,0,0,0,1
1,1,0,0,2
1,2,0,0,3
2,0,0,0,2
1,0,0,0,1
1,0,0,0,1
1,0,0,0,1
1,0,0,0,1
1,0,0,0,1
9,2,0,0,11
1,0,0,0,1
1,0,0,0,1
1,0,0,0,1
1,0,0,0,1
2,0,0,0,2
5,0,0,0,5
2,0,0,0,2
2,0,0,0,2
3,0,0,0,3
2,0,0,0,2
1,0,0,0,1
1,0,0,0,1
1,0,0,0,1
3,0,0,0,3
1,0,0,0,1
1,0,0,0,1
10,2,0,0,12
1,0,0,0,1
1,0,0,0,1
1,0,0,0,1
1,0,0,0,1
3,0,0,0,3
1,0,0,0,1
1,0,0,0,1
1,0,0,0,1
4,0,0,0,4
1,0,0,0,1
1,1,0,0,2
4,0,0,0,4
1,0,0,0,1
14,0,0,0,14
1,0,0,0,1
2,0,0,0,2
2,0,0,0,2
4,0,0,0,4
3,0,0,0,3
1,0,0,0,1
1,0,0,0,1
1,0,0,0,1
1,0,0,0,1
2,0,0,0,2
1,0,0,0,1
1,0,0,0,1
3,0,0,0,3
1,0,0,0,1
2,0,0,0,2
3,0,0,0,3
6,9,1,0,16
11,0,0,0,11
1,0,0,0,1
2,0,0,0,2
1,0,0,0,1
1,0,0,0,1
3,0,0,0,3
1,0,0,0,1
1,0,0,0,1
1,1,0,0,2
1,2,0,0,3
2,0,0,0,2
1,0,0,0,1
1,0,0,0,1
1,0,0,0,1
1,0,0,0,1
1,0,0,0,1
1,0,0,0,1
1,0,0,0,1
1,0,0,0,1
1,0,0,0,1
3,0,0,0,3
1,0,0,0,1
9,1,0,0,10
1,0,0,0,1
1,0,0,0,1
2,0,0,0,2
2,4,0,0,6
1,0,0,0,1
1,0,0,0,1
1,0,0,0,1
1,0,0,0,1
1,0,0,0,1
2,0,0,0,2
1,0,0,0,1
3,0,0,0,3
1,0,0,0,1
1,2,0,0,3
1,0,0,0,1
1,0,0,0,1
11,0,0,0,11
2,0,0,0,2
2,12,0,0,14
1,0,0,0,1
1,0,0,0,1
2,0,0,0,2
1,0,0,0,1
1,0,0,0,1
1,0,0,0,1
1,0,0,0,1
2,0,0,0,2
6,1,0,0,7
1,0,0,0,1
1,0,0,0,1
1,0,0,0,1
1,0,0,0,1
3,0,0,0,3
1,0,0,0,1
3,0,0,0,3
2,0,0,0,2
1,0,0,0,1
2,0,0,0,2
1,1,1,0,3
5,6,0,0,11
3,0,0,0,3
1,0,0,0,1
4,0,0,0,4
1,3,0,0,4
1,0,0,0,1
1,0,0,0,1
2,0,0,0,2
1,0,0,0,1
1,0,0,0,1
4,0,0,0,4
1,0,0,0,1
1,0,0,0,1
4,0,0,0,4
1,0,0,0,1
1,0,0,0,1
3,0,0,0,3
1,0,0,0,1
4,0,0,0,4
4,0,0,0,4
2,0,0,0,2
1,0,0,0,1
1,0,0,0,1
4,0,0,0,4
1,0,0,0,1
1,0,0,0,1
1,0,0,0,1
1,0,0,0,1
1,0,0,0,1
1,0,0,0,1
3,27,4,0,34
8,2,0,0,10
1,0,0,0,1
3,0,0,0,3
1,0,0,0,1
1,0,0,0,1
1,0,0,0,1
1,0,0,0,1
1,0,0,0,1
4,0,0,0,4
1,0,0,0,1
1,0,0,0,1
3,0,0,0,3
1,0,0,0,1
5,0,0,0,5
2,0,0,0,2
5,1,0,0,6
3,0,0,0,3
1,0,0,0,1
5,0,0,0,5
1,6,0,0,7
1,0,0,0,1
1,0,0,0,1
1,0,0,0,1
1,0,0,0,1
1,0,0,0,1
1,0,0,0,1
3,0,0,0,3
1,0,0,0,1
4,1,0,0,5
2,0,0,0,2
1,0,0,0,1
2,0,0,0,2
2,0,0,0,2
1,0,0,0,1
1,0,0,0,1
1,0,0,0,1
1,3,0,0,4
1,0,0,0,1
3,0,0,0,3
1,0,0,0,1
1,0,0,0,1
1,0,0,0,1
4,0,0,0,4
1,0,0,0,1
1,0,0,0,1
1,0,0,0,1
1,0,0,0,1
2,0,0,0,2
1,0,0,0,1
1,0,0,0,1
1,0,0,0,1
1,0,0,0,1
2,0,0,0,2
1,0,0,0,1
6,0,0,0,6
1,0,0,0,1
1,0,0,0,1
2,0,0,0,2
5,7,0,0,12
4,0,0,0,4
1,0,0,0,1
1,0,0,0,1
1,0,0,0,1
22,0,0,0,22
1,0,0,0,1
1,0,0,0,1
1,0,0,0,1
8,0,0,0,8
10,3,0,0,13
1,0,0,0,1
4,2,0,0,6
1,0,0,0,1
1,0,0,0,1
4,0,0,0,4
2,0,0,0,2
1,2,0,0,3
1,0,0,0,1
1,0,0,0,1
8,0,0,0,8
1,0,0,0,1
3,0,0,0,3
1,0,0,0,1
3,0,0,0,3
1,0,0,0,1
1,0,0,0,1
1,0,0,0,1
1,0,0,0,1
1,0,0,0,1
1,0,0,0,1
1,0,0,0,1
1,0,0,0,1
1,0,0,0,1
1,0,0,0,1
1,0,0,0,1
1,0,0,0,1
2,0,0,0,2
1,0,0,0,1
3,0,0,0,3
1,0,0,0,1
1,0,0,0,1
2,0,0,0,2
1,0,0,0,1
1,0,0,0,1
1,0,0,0,1
3,0,0,0,3
2,0,0,0,2
4,0,0,0,4
1,0,0,0,1
1,0,0,0,1
1,0,0,0,1
4,0,0,0,4
4,0,0,0,4
1,0,0,0,1
1,0,0,0,1
1,0,0,0,1
1,0,0,0,1
2,0,0,0,2
1,0,0,0,1
1,0,0,0,1
1,0,0,0,1
2,0,0,0,2
2,0,0,0,2
1,0,0,0,1
3,0,0,0,3
1,0,0,0,1
1,0,0,0,1
1,0,0,0,1
1,0,0,0,1
2,1,0,0,3
1,0,0,0,1
1,0,0,0,1
3,0,0,0,3
1,2,0,0,3
1,0,0,0,1
1,0,0,0,1
6,0,0,0,6
3,0,0,0,3
1,0,0,0,1
1,0,0,0,1
1,0,0,0,1
1,0,0,0,1
11,4,0,0,15
3,0,0,0,3
1,0,0,0,1
1,0,0,0,1
1,0,0,0,1
1,0,0,0,1
1,0,0,0,1
1,0,0,0,1
3,0,0,0,3
1,0,0,0,1
1,0,0,0,1
1,3,0,0,4
5,0,0,0,5
1,0,0,0,1
2,0,0,0,2
1,0,0,0,1
2,0,0,0,2
1,0,0,0,1
1,0,0,0,1
1,0,0,0,1
1,0,0,0,1
1,0,0,0,1
1,0,0,0,1
1,0,0,0,1
2,0,0,0,2
2,0,0,0,2
2,0,0,0,2
1,0,0,0,1
1,0,0,0,1
1,0,0,0,1
1,0,0,0,1
1,0,0,0,1
2,0,0,0,2
1,0,0,0,1
5,0,0,0,5
1,0,0,0,1
1,0,0,0,1
1,0,0,0,1
2,0,0,0,2
1,0,0,0,1
1,0,0,0,1
1,0,0,0,1
5,0,0,0,5
3,0,0,0,3
1,0,0,0,1
1,0,0,0,1
1,0,0,0,1
1,0,0,0,1
1,0,0,0,1
1,0,0,0,1
1,0,0,0,1
2,0,0,0,2
1,0,0,0,1
2,0,0,0,2
1,0,0,0,1
1,0,0,0,1
1,0,0,0,1
2,0,0,0,2
2,0,0,0,2
1,0,0,0,1
1,0,0,0,1
1,0,0,0,1
1,0,0,0,1
1,0,0,0,1
1,0,0,0,1
6,0,0,0,6
5,1,0,0,6
2,0,0,0,2
4,0,0,0,4
1,0,0,0,1
1,0,0,0,1
2,0,0,0,2
2,0,0,0,2
1,0,0,0,1
1,0,0,0,1
9,0,0,0,9
2,0,0,0,2
1,0,0,0,1
1,0,0,0,1
1,0,0,0,1
2,0,0,0,2
1,0,0,0,1
1,0,0,0,1
1,0,0,0,1
8,0,0,0,8
1,0,0,0,1
1,0,0,0,1
1,0,0,0,1
1,0,0,0,1
2,0,0,0,2
1,0,0,0,1
1,0,0,0,1
1,0,0,0,1
6,0,0,0,6
1,0,0,0,1
6,24,1,0,31
2,2,1,0,5
2,0,0,0,2
1,0,0,0,1
1,0,0,0,1
2,0,0,0,2
1,0,0,0,1
1,0,0,0,1
1,0,0,0,1
1,0,0,0,1
2,3,1,0,6
6,1,0,0,7
3,0,0,0,3
2,0,0,0,2
1,0,0,0,1
1,0,0,0,1
1,0,0,0,1
1,0,0,0,1
1,0,0,0,1
1,0,0,0,1
6,0,0,0,6
2,1,0,0,3
2,0,0,0,2
1,0,0,0,1
1,0,0,0,1
1,0,0,0,1
19,0,0,0,19
1,0,0,0,1
1,2,0,0,3
1,0,0,0,1
1,0,0,0,1
6,0,0,0,6
1,0,0,0,1
7,0,0,0,7
4,0,0,0,4
1,0,0,0,1
1,0,0,0,1
8,0,0,0,8
10,1,0,0,11
5,3,0,0,8
1,0,0,0,1
1,0,0,0,1
1,0,0,0,1
1,0,0,0,1
1,0,0,0,1
1,0,0,0,1
1,0,0,0,1
1,0,0,0,1
1,0,0,0,1
1,0,0,0,1
1,0,0,0,1
10,0,0,0,10
1,0,0,0,1
1,0,0,0,1
1,0,0,0,1
2,0,0,0,2
3,0,0,0,3
1,0,0,0,1
1,0,0,0,1
1,0,0,0,1
7,0,0,0,7
2,1,0,0,3
1,0,0,0,1
1,0,0,0,1
1,0,0,0,1
5,4,0,0,9
2,0,0,0,2
2,0,0,0,2
1,0,0,0,1
1,0,0,0,1
1,0,0,0,1
1,0,0,0,1
1,0,0,0,1
1,0,0,0,1
2,0,0,0,2
2,0,0,0,2
2,0,0,0,2
3,0,0,0,3
1,0,0,0,1
2,0,0,0,2
1,0,0,0,1
1,0,0,0,1
1,0,0,0,1
1,0,0,0,1
1,4,0,0,5
2,0,0,0,2
9,0,0,0,9
2,0,0,0,2
1,0,0,0,1
1,0,0,0,1
1,0,0,0,1
1,0,0,0,1
1,0,0,0,1
1,0,0,0,1
1,0,0,0,1
1,0,0,0,1
1,0,0,0,1
5,1,0,0,6
1,0,0,0,1
5,0,0,0,5
1,0,0,0,1
1,0,0,0,1
1,0,0,0,1
1,0,0,0,1
2,0,0,0,2
1,0,0,0,1
1,0,0,0,1
1,0,0,0,1
1,0,0,0,1
1,0,0,0,1
1,0,0,0,1
1,0,0,0,1
3,0,0,0,3
1,0,0,0,1
1,0,0,0,1
1,0,0,0,1
1,102,0,0,103
1,0,0,0,1
2,0,0,0,2
2,0,0,0,2
3,0,0,0,3
5,0,0,0,5
1,0,0,0,1
1,0,0,0,1
4,19,3,0,26
1,0,0,0,1
5,0,0,0,5
1,0,0,0,1
1,17,2,0,20
1,0,0,0,1
1,0,0,0,1
4,0,0,0,4
1,0,0,0,1
1,0,0,0,1
2,0,0,0,2
1,6,0,0,7
1,0,0,0,1
4,0,0,0,4
1,0,0,0,1
3,0,0,0,3
1,0,0,0,1
2,0,0,0,2
2,0,0,0,2
1,0,0,0,1
4,2,1,0,7
1,0,0,0,1
8,2,0,0,10
1,0,0,0,1
2,0,0,0,2
1,0,0,0,1
1,1,1,0,3
1,0,0,0,1
1,0,0,0,1
1,0,0,0,1
1,0,0,0,1
1,0,0,0,1
1,48,0,0,49
7,0,0,0,7
2,0,0,0,2
13,0,0,0,13
3,0,0,0,3
1,0,0,0,1
3,0,0,0,3
4,0,0,0,4
2,8,0,0,10
3,0,0,0,3
1,0,0,0,1
1,0,0,0,1
1,0,0,0,1
1,0,0,0,1
1,0,0,0,1
3,0,0,0,3
2,0,0,0,2
1,0,0,0,1
1,0,0,0,1
11,0,0,0,11
1,0,0,0,1
1,0,0,0,1
2,0,0,0,2
5,0,0,0,5
1,0,0,0,1
16,2,0,0,18
1,0,0,0,1
1,0,0,0,1
1,0,0,0,1
1,0,0,0,1
2,0,0,0,2
1,0,0,0,1
1,0,0,0,1
1,0,0,0,1
1,0,0,0,1
1,0,0,0,1
1,0,0,0,1
1,0,0,0,1
4,0,0,0,4
1,0,0,0,1
1,0,0,0,1
1,0,0,0,1
1,0,0,0,1
1,0,0,0,1
1,0,0,0,1
1,0,0,0,1
1,0,0,0,1
3,0,0,0,3
1,0,0,0,1
1,0,0,0,1
20,0,0,0,20
1,0,0,0,1
6,5,0,0,11
1,0,0,0,1
1,0,0,0,1
1,0,0,0,1
2,0,0,0,2
1,0,0,0,1
2,0,0,0,2
1,0,0,0,1
1,0,0,0,1
1,0,0,0,1
3,0,0,0,3
7,0,1,0,8
1,0,0,0,1
1,0,0,0,1
2,0,0,0,2
1,0,0,0,1
3,0,0,0,3
1,0,0,0,1
3,0,0,0,3
1,0,0,0,1
1,0,0,0,1
1,0,0,0,1
1,0,0,0,1
1,0,0,0,1
1,0,0,0,1
1,0,0,0,1
2,0,0,0,2
4,0,0,0,4
1,0,0,0,1
2,0,0,0,2
1,0,0,0,1
1,0,0,0,1
1,0,0,0,1
2,0,0,0,2
2,0,0,0,2
1,0,0,0,1
1,0,0,0,1
3,0,0,0,3
1,0,0,0,1
2,0,0,0,2
1,0,0,0,1
2,0,0,0,2
1,0,0,0,1
7,0,0,0,7
2,0,0,0,2
1,0,0,0,1
1,0,0,0,1
1,0,0,0,1
7,0,0,0,7
1,0,0,0,1
1,0,0,0,1
1,0,0,0,1
1,0,0,0,1
3,2,0,0,5
1,0,0,0,1
1,0,0,0,1
3,0,0,0,3
1,0,0,0,1
1,0,0,0,1
2,0,0,0,2
3,0,0,0,3
1,0,0,0,1
1,0,0,0,1
1,0,0,0,1
3,0,0,0,3
1,0,0,0,1
1,0,0,0,1
2,0,0,0,2
1,0,0,0,1
1,0,0,0,1
7,0,0,0,7
1,0,0,0,1
1,0,0,0,1
2,0,0,0,2
1,0,0,0,1
1,0,0,0,1
1,0,0,0,1
1,0,0,0,1
1,0,0,0,1
3,0,0,0,3
2,0,0,0,2
1,0,0,0,1
1,0,0,0,1
1,0,0,0,1
1,0,0,0,1
6,0,0,0,6
1,0,0,0,1
1,0,0,0,1
2,0,0,0,2
1,0,0,0,1
2,0,0,0,2
2,0,0,0,2
2,0,0,0,2
1,0,0,0,1
1,0,0,0,1
3,50,2,0,55
2,0,0,0,2
1,0,0,0,1
2,0,0,0,2
1,0,0,0,1
1,0,0,0,1
1,0,0,0,1
2,0,0,0,2
1,0,0,0,1
1,0,0,0,1
1,0,0,0,1
1,0,0,0,1
1,0,0,0,1
2,0,0,0,2
1,0,0,0,1
1,0,0,0,1
37,0,0,0,37
1,0,0,0,1
5,0,0,0,5
4,0,0,0,4
1,0,0,0,1
1,0,0,0,1
5,0,0,0,5
1,0,0,0,1
1,0,0,0,1
1,0,0,0,1
1,0,0,0,1
3,0,0,0,3
2,0,0,0,2
1,0,0,0,1
3,0,0,0,3
1,0,0,0,1
5,0,0,0,5
1,0,0,0,1
1,0,0,0,1
1,0,0,0,1
1,0,0,0,1
1,0,0,0,1
1,0,0,0,1
1,0,0,0,1
2,0,0,0,2
1,0,0,0,1
1,0,0,0,1
3,0,0,0,3
1,0,0,0,1
1,0,0,0,1
1,0,0,0,1
3,0,0,0,3
1,0,0,0,1
3,0,0,0,3
1,0,0,0,1
1,0,0,0,1
1,0,0,0,1
6,1,0,0,7
1,0,0,0,1
1,0,0,0,1
1,3,0,0,4
1,0,0,0,1
1,0,0,0,1
2,0,0,0,2
1,0,0,0,1
3,0,0,0,3
5,0,0,0,5
1,0,0,0,1
2,0,0,0,2
2,0,0,0,2
1,0,0,0,1
1,0,0,0,1
1,1,0,0,2
1,0,0,0,1
1,4,2,0,7
1,0,0,0,1
1,0,0,0,1
3,0,0,0,3
1,0,0,0,1
1,0,0,0,1
2,0,0,0,2
3,0,0,0,3
1,0,0,0,1
1,0,0,0,1
1,0,0,0,1
1,0,0,0,1
2,0,0,0,2
1,0,0,0,1
2,0,0,0,2
2,0,0,0,2
1,0,0,0,1
1,0,0,0,1
4,0,0,0,4
1,0,0,0,1
1,0,0,0,1
1,0,0,0,1
1,0,0,0,1
1,0,0,0,1
1,0,0,0,1
2,0,0,0,2
1,0,0,0,1
1,0,0,0,1
1,3,0,0,4
4,0,0,0,4
1,0,0,0,1
2,2,0,0,4
1,0,0,0,1
1,0,0,0,1
5,0,0,0,5
3,0,0,0,3
3,0,0,0,3
2,1,1,0,4
2,0,0,0,2
1,0,0,0,1
2,0,0,0,2
1,0,0,0,1
7,0,0,0,7
1,0,0,0,1
1,0,0,0,1
4,0,0,0,4
2,0,0,0,2
1,1,0,0,2
1,0,0,0,1
1,0,0,0,1
1,0,0,0,1
1,0,0,0,1
1,0,0,0,1
4,0,0,0,4
1,0,0,0,1
1,0,0,0,1
4,0,0,0,4
1,0,0,0,1
1,0,0,0,1
1,0,0,0,1
4,0,0,0,4
1,0,0,0,1
2,0,0,0,2
5,0,0,0,5
1,0,0,0,1
1,0,0,0,1
2,2,0,0,4
1,0,0,0,1
3,1,0,0,4
1,5,0,0,6
10,0,0,0,10
1,0,0,0,1
1,1,1,0,3
1,0,0,0,1
3,0,0,0,3
1,0,0,0,1
1,0,0,0,1
2,0,0,0,2
1,0,0,0,1
9,0,0,0,9
2,0,0,0,2
5,0,0,0,5
5,0,0,0,5
1,0,0,0,1
2,0,0,0,2
2,0,0,0,2
1,0,0,0,1
1,0,0,0,1
2,0,0,0,2
1,0,0,0,1
1,0,0,0,1
1,0,0,0,1
2,0,0,0,2
1,0,0,0,1
3,0,0,0,3
1,0,0,0,1
2,0,0,0,2
1,0,0,0,1
5,0,0,0,5
2,0,0,0,2
1,0,0,0,1
1,4,0,0,5
1,0,0,0,1
16,0,0,0,16
1,0,0,0,1
1,0,0,0,1
1,0,0,0,1
3,0,0,0,3
1,0,0,0,1
3,0,0,0,3
1,1,0,0,2
1,0,0,0,1
3,0,0,0,3
1,0,0,0,1
2,0,0,0,2
1,0,0,0,1
1,2,0,0,3
2,0,0,0,2
1,0,0,0,1
2,0,0,0,2
1,12,0,0,13
2,0,0,0,2
1,0,0,0,1
1,0,0,0,1
1,0,0,0,1
1,0,0,0,1
2,0,0,0,2
1,0,0,0,1
1,0,0,0,1
1,0,0,0,1
1,0,0,0,1
1,0,0,0,1
1,0,0,0,1
4,0,0,0,4
3,0,0,0,3
2,0,0,0,2
2,0,0,0,2
1,0,0,0,1
9,0,0,0,9
1,0,0,0,1
7,0,0,0,7
1,0,0,0,1
1,0,0,0,1
3,0,0,0,3
1,2,0,0,3
1,1,0,0,2
1,0,0,0,1
1,0,0,0,1
1,0,0,0,1
3,0,0,0,3
12,8,0,0,20
2,0,0,0,2
2,0,0,0,2
1,0,0,0,1
1,0,0,0,1
1,0,0,0,1
1,0,0,0,1
2,0,0,0,2
2,0,0,0,2
1,0,0,0,1
2,2,1,0,5
1,0,0,0,1
1,0,0,0,1
1,0,0,0,1
2,0,0,0,2
1,0,0,0,1
1,0,0,0,1
2,0,0,0,2
4,0,0,0,4
1,0,0,0,1
2,0,0,0,2
1,0,0,0,1
1,0,0,0,1
2,0,0,0,2
6,0,0,0,6
1,0,0,0,1
2,0,0,0,2
1,0,0,0,1
1,0,0,0,1
1,0,0,0,1
1,0,0,0,1
2,0,0,0,2
1,0,0,0,1
4,0,0,0,4
2,0,0,0,2
2,0,0,0,2
3,0,0,0,3
4,0,0,0,4
1,0,0,0,1
1,0,0,0,1
1,0,0,0,1
2,0,0,0,2
1,0,0,0,1
2,1,0,0,3
1,0,0,0,1
1,0,0,0,1
10,0,0,0,10
1,0,0,0,1
1,0,0,0,1
1,0,0,0,1
5,7,0,0,12
2,0,0,0,2
2,0,0,0,2
2,0,0,0,2
1,0,0,0,1
5,0,0,0,5
1,0,0,0,1
5,0,0,0,5
1,0,0,0,1
3,0,0,0,3
3,0,0,0,3
2,0,0,0,2
3,0,0,0,3
1,0,0,0,1
3,0,0,0,3
2,0,0,0,2
1,0,0,0,1
1,0,0,0,1
1,0,0,0,1
1,0,0,0,1
2,0,0,0,2
3,0,0,0,3
11,0,0,0,11
8,0,0,0,8
1,0,0,0,1
2,0,0,0,2
1,0,0,0,1
1,0,0,0,1
1,0,0,0,1
2,0,0,0,2
1,0,0,0,1
1,0,0,0,1
1,0,0,0,1
1,0,0,0,1
1,0,0,0,1
7,0,0,0,7
1,0,0,0,1
3,0,0,0,3
1,0,0,0,1
8,32,2,0,42
13,10,0,0,23
1,0,0,0,1
1,0,0,0,1
2,0,0,0,2
1,0,0,0,1
1,0,0,0,1
2,1,0,0,3
1,11,5,0,17
1,0,0,0,1
1,0,0,0,1
1,0,0,0,1
1,0,0,0,1
2,0,0,0,2
1,0,0,0,1
5,8,0,0,13
2,0,0,0,2
1,0,0,0,1
1,0,0,0,1
1,0,0,0,1
1,0,0,0,1
1,0,0,0,1
1,13,3,0,17
2,0,0,0,2
1,0,0,0,1
1,0,0,0,1
1,0,0,0,1
1,0,0,0,1
1,0,0,0,1
1,0,0,0,1
1,0,0,0,1
1,0,0,0,1
3,1,0,0,4
1,0,0,0,1
1,0,0,0,1
1,0,0,0,1
1,0,0,0,1
1,0,0,0,1
1,0,0,0,1
1,0,0,0,1
1,0,0,0,1
2,0,0,0,2
1,0,0,0,1
2,0,0,0,2
1,0,0,0,1
1,0,0,0,1
1,0,0,0,1
1,0,0,0,1
4,0,0,0,4
1,0,0,0,1
1,0,0,0,1
1,0,0,0,1
2,0,0,0,2
1,0,0,0,1
4,0,0,0,4
2,0,0,0,2
1,0,0,0,1
2,0,0,0,2
4,0,0,0,4
3,0,1,0,4
1,0,0,0,1
2,0,0,0,2
2,0,0,0,2
1,0,0,0,1
4,4,2,0,10
1,0,0,0,1
1,0,0,0,1
1,0,0,0,1
1,0,0,0,1
7,3,0,0,10
5,0,1,0,6
1,0,0,0,1
6,0,0,0,6
3,0,0,0,3
3,0,0,0,3
2,0,0,0,2
1,0,0,0,1
1,0,0,0,1
4,0,0,0,4
1,0,0,0,1
1,0,0,0,1
3,0,0,0,3
1,0,0,0,1
1,0,0,0,1
1,0,0,0,1
2,0,0,0,2
1,0,0,0,1
1,0,0,0,1
1,0,0,0,1
20,0,1,0,21
2,0,0,0,2
1,0,0,0,1
1,0,0,0,1
1,0,0,0,1
3,0,0,0,3
2,0,0,0,2
1,0,0,0,1
1,0,0,0,1
1,0,0,0,1
1,0,0,0,1
1,0,0,0,1
3,0,0,0,3
2,0,0,0,2
2,0,0,0,2
1,1,0,0,2
1,0,0,0,1
1,0,0,0,1
2,0,0,0,2
1,0,0,0,1
1,0,0,0,1
1,0,0,0,1
1,0,0,0,1
1,0,0,0,1
10,2,2,0,14
1,0,0,0,1
1,0,0,0,1
2,0,0,0,2
1,0,0,0,1
1,0,0,0,1
1,0,0,0,1
4,0,1,0,5
8,0,0,0,8
1,0,0,0,1
1,0,0,0,1
4,0,0,0,4
1,0,0,0,1
1,0,0,0,1
2,0,0,0,2
1,0,0,0,1
1,0,0,0,1
2,0,0,0,2
1,0,0,0,1
2,0,0,0,2
1,0,0,0,1
2,0,0,0,2
1,0,0,0,1
1,0,0,0,1
3,592,0,0,595
2,0,0,0,2
2,1,0,0,3
3,0,1,0,4
3,0,0,0,3
1,0,0,0,1
2,0,0,0,2
1,0,0,0,1
1,0,0,0,1
1,1,0,0,2
2,8,0,0,10
3,0,0,0,3
3,0,0,0,3
1,0,0,0,1
4,0,0,0,4
1,0,0,0,1
2,0,0,0,2
1,0,0,0,1
1,0,0,0,1
1,0,0,0,1
1,0,0,0,1
1,0,0,0,1
1,0,0,0,1
1,0,0,0,1
1,0,0,0,1
1,0,0,0,1
1,0,0,0,1
1,0,0,0,1
2,0,0,0,2
2,0,0,0,2
1,0,0,0,1
2,0,0,0,2
1,0,0,0,1
1,0,0,0,1
6,0,0,0,6
1,0,0,0,1
2,0,0,0,2
1,0,0,0,1
1,0,0,0,1
1,0,0,0,1
8,0,0,0,8
2,0,0,0,2
2,0,0,0,2
2,0,0,0,2
3,0,0,0,3
1,0,0,0,1
1,0,0,0,1
1,0,0,0,1
1,0,0,0,1
1,0,0,0,1
2,0,0,0,2
2,0,0,0,2
1,0,0,0,1
2,7,1,0,10
1,0,0,0,1
6,0,0,0,6
4,0,0,0,4
1,0,0,0,1
1,0,0,0,1
1,0,0,0,1
1,671,0,0,672
2,0,0,0,2
1,0,0,0,1
1,0,0,0,1
1,0,0,0,1
1,0,0,0,1
1,0,0,0,1
1,0,0,0,1
9,0,0,0,9
2,1,0,0,3
2,0,0,0,2
1,0,0,0,1
1,0,0,0,1
1,0,0,0,1
1,0,0,0,1
1,0,0,0,1
2,1,0,0,3
2,0,0,0,2
1,0,0,0,1
1,0,0,0,1
1,0,0,0,1
2,0,0,0,2
13,0,0,0,13
1,0,0,0,1
6,126,0,0,132
3,0,0,0,3
1,0,0,0,1
1,0,0,0,1
3,0,0,0,3
1,0,0,0,1
3,0,0,0,3
9,0,0,0,9
1,0,0,0,1
1,0,0,0,1
2,0,0,0,2
1,0,0,0,1
1,0,0,0,1
2,0,0,0,2
1,0,0,0,1
1,0,0,0,1
8,0,0,0,8
2,0,0,0,2
1,0,0,0,1
2,0,0,0,2
1,0,0,0,1
1,0,0,0,1
3,0,0,0,3
2,0,0,0,2
1,0,0,0,1
1,0,0,0,1
1,5,0,0,6
1,0,0,0,1
1,0,0,0,1
1,0,0,0,1
1,0,0,0,1
2,0,0,0,2
6,5,0,0,11
1,0,0,0,1
1,0,0,0,1
2,0,0,0,2
1,0,0,0,1
1,0,0,0,1
1,0,0,0,1
1,0,0,0,1
1,0,0,0,1
1,0,0,0,1
2,0,0,0,2
1,0,0,0,1
3,5,0,0,8
1,0,0,0,1
1,0,0,0,1
1,0,0,0,1
1,0,0,0,1
1,0,0,0,1
1,0,0,0,1
1,0,0,0,1
1,0,0,0,1
5,0,0,0,5
1,0,0,0,1
8,0,0,0,8
2,0,0,0,2
2,0,0,0,2
2,0,0,0,2
7,4,3,0,14
1,0,0,0,1
2,0,0,0,2
1,0,0,0,1
2,0,0,0,2
1,0,0,0,1
2,0,0,0,2
1,0,0,0,1
4,0,0,0,4
2,0,0,0,2
7,0,0,0,7
2,0,0,0,2
2,0,0,0,2
4,9,0,0,13
1,0,0,0,1
6,0,0,0,6
1,0,0,0,1
2,1,0,0,3
9,0,0,0,9
1,0,0,0,1
1,0,0,0,1
1,0,0,0,1
3,0,0,0,3
3,0,0,0,3
1,0,0,0,1
1,0,0,0,1
1,0,0,0,1
1,0,0,0,1
1,0,0,0,1
1,0,0,0,1
3,0,0,0,3
1,0,0,0,1
1,0,0,0,1
1,0,0,0,1
1,0,0,0,1
1,0,0,0,1
7,0,0,0,7
2,0,0,0,2
1,0,0,0,1
1,0,0,0,1
3,0,0,0,3
7,0,0,0,7
1,0,0,0,1
1,0,0,0,1
1,0,0,0,1
3,0,0,0,3
1,0,0,0,1
9,2,0,0,11
1,0,0,0,1
1,0,0,0,1
1,0,0,0,1
1,0,0,0,1
1,0,0,0,1
2,0,0,0,2
1,0,0,0,1
2,0,0,0,2
1,0,0,0,1
2,0,0,0,2
1,0,0,0,1
1,0,0,0,1
4,0,0,0,4
1,0,0,0,1
2,0,0,0,2
1,0,0,0,1
2,0,0,0,2
1,0,0,0,1
1,0,0,0,1
1,0,0,0,1
3,1,0,0,4
1,20,0,0,21
1,0,0,0,1
1,0,0,0,1
1,0,0,0,1
2,26,0,0,28
2,0,0,0,2
1,0,0,0,1
1,0,0,0,1
6,0,0,0,6
1,0,0,0,1
1,0,0,0,1
1,0,0,0,1
2,0,0,0,2
1,0,0,0,1
5,0,0,0,5
3,0,0,0,3
1,0,0,0,1
1,0,0,0,1
1,0,0,0,1
1,0,0,0,1
2,0,0,0,2
6,0,0,0,6
1,0,0,0,1
1,0,0,0,1
1,0,0,0,1
2,0,0,0,2
1,0,0,0,1
1,0,0,0,1
4,0,0,0,4
1,0,0,0,1
1,0,0,0,1
2,0,0,0,2
1,10,0,0,11
1,0,0,0,1
3,0,0,0,3
13,10,0,0,23
1,0,0,0,1
1,0,0,0,1
1,0,0,0,1
6,0,0,0,6
1,1,0,0,2
1,1,0,0,2
1,0,0,0,1
1,0,0,0,1
2,0,0,0,2
6,0,0,0,6
1,0,0,0,1
1,0,0,0,1
1,3,0,0,4
1,0,0,0,1
2,0,0,0,2
1,0,0,0,1
8,0,0,0,8
1,0,0,0,1
2,3,0,0,5
3,0,0,0,3
2,0,0,0,2
2,0,0,0,2
1,0,0,0,1
1,0,0,0,1
1,0,0,0,1
4,0,0,0,4
3,0,0,0,3
1,0,0,0,1
1,0,0,0,1
1,0,0,0,1
1,0,0,0,1
1,0,0,0,1
2,0,0,0,2
1,0,0,0,1
1,0,0,0,1
1,0,0,0,1
1,0,0,0,1
1,0,0,0,1
2,0,0,0,2
4,0,0,0,4
1,0,0,0,1
1,0,0,0,1
1,0,0,0,1
3,0,0,0,3
3,125,0,0,128
4,0,0,0,4
2,0,0,0,2
1,0,0,0,1
4,0,0,0,4
1,0,0,0,1
1,0,0,0,1
1,0,0,0,1
7,1,0,0,8
1,0,0,0,1
1,0,0,0,1
1,0,0,0,1
1,0,0,0,1
2,0,0,0,2
4,0,0,0,4
2,0,0,0,2
1,0,0,0,1
2,0,0,0,2
2,0,0,0,2
1,0,0,0,1
8,0,0,0,8
4,0,0,0,4
2,0,0,0,2
1,0,0,0,1
1,0,0,0,1
7,0,0,0,7
1,0,0,0,1
4,0,0,0,4
1,0,0,0,1
1,0,1,0,2
1,0,0,0,1
10,0,0,0,10
1,0,0,0,1
2,0,0,0,2
1,0,0,0,1
1,0,0,0,1
2,0,0,0,2
7,19,0,0,26
1,0,0,0,1
1,0,0,0,1
1,0,0,0,1
1,0,0,0,1
3,0,0,0,3
5,0,0,0,5
1,0,0,0,1
1,0,0,0,1
2,0,0,0,2
1,0,0,0,1
1,0,0,0,1
1,0,0,0,1
2,0,0,0,2
1,0,0,0,1
1,0,0,0,1
1,0,0,0,1
2,0,0,0,2
2,0,0,0,2
5,1,0,0,6
1,0,0,0,1
1,0,0,0,1
2,0,0,0,2
1,0,0,0,1
1,0,0,0,1
1,0,0,0,1
3,0,0,0,3
1,0,0,0,1
1,0,0,0,1
1,0,0,0,1
1,0,0,0,1
1,0,0,0,1
1,0,0,0,1
1,0,0,0,1
22,4,1,0,27
1,0,0,0,1
1,0,0,0,1
2,0,0,0,2
1,1,0,0,2
2,0,0,0,2
1,0,0,0,1
7,3,0,0,10
1,0,0,0,1
1,0,0,0,1
1,122,0,0,123
1,0,0,0,1
1,0,0,0,1
1,0,0,0,1
1,0,0,0,1
1,0,0,0,1
5,0,0,0,5
2,0,0,0,2
1,0,0,0,1
1,0,0,0,1
1,0,0,0,1
1,0,0,0,1
2,0,0,0,2
1,0,0,0,1
1,0,0,0,1
1,0,0,0,1
1,0,0,0,1
1,0,0,0,1
4,0,0,0,4
2,0,0,0,2
1,0,0,0,1
3,0,0,0,3
2,0,0,0,2
1,4,0,0,5
2,0,0,0,2
2,0,0,0,2
10,0,0,0,10
4,0,0,0,4
1,0,0,0,1
2,0,0,0,2
1,0,0,0,1
1,0,0,0,1
1,0,0,0,1
8,8,1,0,17
1,0,0,0,1
1,0,0,0,1
6,0,0,0,6
1,1,1,0,3
1,0,0,0,1
1,0,0,0,1
3,0,0,0,3
2,0,0,0,2
1,0,0,0,1
1,0,0,0,1
2,0,0,0,2
5,17,1,0,23
1,0,0,0,1
1,0,0,0,1
1,0,0,0,1
2,0,0,0,2
2,0,0,0,2
1,4,0,0,5
5,0,0,0,5
1,0,0,0,1
3,0,0,0,3
2,0,0,0,2
1,0,0,0,1
1,0,0,0,1
1,0,0,0,1
3,0,0,0,3
2,1,0,0,3
1,0,0,0,1
1,0,0,0,1
1,0,0,0,1
1,0,0,0,1
1,0,0,0,1
1,0,0,0,1
1,0,0,0,1
2,0,0,0,2
1,0,0,0,1
1,0,0,0,1
3,0,0,0,3
1,0,0,0,1
2,0,0,0,2
1,0,0,0,1
1,0,0,0,1
1,0,0,0,1
3,0,0,0,3
1,0,0,0,1
1,0,0,0,1
1,0,0,0,1
1,0,0,0,1
1,0,0,0,1
1,0,0,0,1
1,0,0,0,1
3,7,1,0,11
1,0,0,0,1
6,0,0,0,6
1,0,0,0,1
1,0,0,0,1
1,0,0,0,1
1,0,0,0,1
2,0,0,0,2
2,0,0,0,2
1,0,0,0,1
1,0,0,0,1
7,2,0,0,9
2,0,0,0,2
1,0,0,0,1
1,0,0,0,1
1,0,0,0,1
1,0,0,0,1
2,0,0,0,2
1,0,0,0,1
1,0,0,0,1
1,0,0,0,1
1,0,0,0,1
1,0,0,0,1
5,0,0,0,5
1,0,0,0,1
1,0,0,0,1
2,0,0,0,2
1,1,0,0,2
2,0,0,0,2
1,1,0,0,2
1,0,0,0,1
2,0,0,0,2
1,0,0,0,1
1,0,0,0,1
1,0,0,0,1
1,0,0,0,1
1,0,0,0,1
1,0,0,0,1
1,0,0,0,1
1,0,0,0,1
3,0,0,0,3
2,0,0,0,2
1,0,0,0,1
1,0,0,0,1
1,0,0,0,1
1,0,0,0,1
2,0,0,0,2
3,0,0,0,3
3,0,0,0,3
2,0,0,0,2
1,0,0,0,1
15,0,0,0,15
2,0,0,0,2
2,0,0,0,2
1,0,0,0,1
1,0,0,0,1
3,0,0,0,3
1,0,0,0,1
3,0,0,0,3
1,0,0,0,1
1,0,0,0,1
11,132,0,0,143
1,0,0,0,1
2,0,0,0,2
1,0,0,0,1
1,0,0,0,1
3,0,0,0,3
4,5,3,0,12
2,0,0,0,2
4,0,0,0,4
1,0,0,0,1
1,0,0,0,1
1,0,0,0,1
5,0,0,0,5
1,0,0,0,1
1,0,0,0,1
1,0,0,0,1
1,0,0,0,1
1,0,0,0,1
1,0,0,0,1
7,0,0,0,7
1,0,0,0,1
1,0,0,0,1
1,0,0,0,1
1,0,0,0,1
1,0,0,0,1
1,0,0,0,1
3,0,0,0,3
1,0,0,0,1
1,0,0,0,1
1,0,0,0,1
1,0,0,0,1
2,0,0,0,2
3,12,0,0,15
6,0,0,0,6
2,0,0,0,2
1,0,0,0,1
3,1,0,0,4
2,0,0,0,2
1,0,0,0,1
8,0,0,0,8
1,0,0,0,1
2,0,0,0,2
2,0,0,0,2
1,0,0,0,1
1,0,0,0,1
1,0,0,0,1
1,0,0,0,1
2,0,0,0,2
1,0,0,0,1
3,0,0,0,3
1,0,0,0,1
1,0,0,0,1
1,0,0,0,1
2,0,0,0,2
1,0,0,0,1
1,0,0,0,1
1,0,0,0,1
4,0,0,0,4
1,0,0,0,1
2,0,0,0,2
1,0,0,0,1
1,0,0,0,1
5,0,0,0,5
1,0,0,0,1
2,0,0,0,2
1,0,0,0,1
1,0,0,0,1
1,0,0,0,1
1,0,0,0,1
1,0,0,0,1
2,0,0,0,2
2,0,0,0,2
1,0,0,0,1
1,0,0,0,1
1,0,0,0,1
2,0,0,0,2
1,0,0,0,1
1,0,0,0,1
1,0,0,0,1
1,0,0,0,1
1,0,0,0,1
1,0,0,0,1
1,0,0,0,1
1,0,0,0,1
1,0,0,0,1
5,2,0,0,7
2,0,0,0,2
1,0,0,0,1
1,0,0,0,1
2,0,0,0,2
1,0,0,0,1
2,0,0,0,2
2,0,0,0,2
1,0,0,0,1
2,0,0,0,2
1,0,0,0,1
1,0,0,0,1
1,0,0,0,1
3,0,0,0,3
1,0,0,0,1
2,0,0,0,2
3,0,0,0,3
2,0,0,0,2
1,0,0,0,1
1,0,0,0,1
2,0,0,0,2
1,0,0,0,1
1,0,0,0,1
1,0,0,0,1
1,0,0,0,1
1,0,0,0,1
1,0,0,0,1
3,0,0,0,3
5,0,0,0,5
2,0,0,0,2
1,0,0,0,1
1,0,0,0,1
7,1,0,0,8
4,0,0,0,4
2,0,0,0,2
2,0,0,0,2
1,0,0,0,1
1,0,0,0,1
7,1,0,0,8
1,0,0,0,1
1,0,0,0,1
1,0,0,0,1
1,0,0,0,1
2,0,0,0,2
1,0,0,0,1
1,0,0,0,1
2,0,0,0,2
1,0,0,0,1
1,0,0,0,1
1,0,0,0,1
2,0,0,0,2
1,0,0,0,1
1,0,0,0,1
1,0,0,0,1
1,0,0,0,1
1,0,0,0,1
9,0,0,0,9
3,0,0,0,3
2,444,0,0,446
1,0,0,0,1
3,0,0,0,3
1,0,0,0,1
1,0,0,0,1
2,0,0,0,2
1,0,0,0,1
1,0,0,0,1
8,0,0,0,8
2,0,0,0,2
1,0,0,0,1
3,0,0,0,3
2,0,0,0,2
1,0,0,0,1
1,1,0,0,2
1,0,0,0,1
1,0,0,0,1
12,0,0,0,12
3,0,0,0,3
1,0,0,0,1
1,0,0,0,1
1,0,0,0,1
1,0,0,0,1
1,0,0,0,1
1,0,0,0,1
1,0,0,0,1
1,0,0,0,1
2,0,0,0,2
1,0,0,0,1
3,0,0,0,3
2,0,0,0,2
1,0,0,0,1
2,0,0,0,2
1,0,0,0,1
9,1,0,0,10
1,0,0,0,1
1,0,0,0,1
1,0,0,0,1
2,0,0,0,2
5,0,0,0,5
2,0,0,0,2
6,1,0,0,7
1,0,0,0,1
2,0,0,0,2
1,0,0,0,1
3,0,0,0,3
1,0,0,0,1
1,0,0,0,1
1,0,0,0,1
1,0,0,0,1
4,0,0,0,4
1,2,0,0,3
3,0,0,0,3
2,0,0,0,2
1,0,0,0,1
1,0,0,0,1
2,0,0,0,2
1,0,0,0,1
1,0,0,0,1
1,0,0,0,1
4,0,0,0,4
1,0,0,0,1
1,0,0,0,1
1,0,0,0,1
1,0,0,0,1
1,0,0,0,1
8,1,0,0,9
2,1,0,0,3
5,0,0,0,5
1,0,0,0,1
1,0,0,0,1
1,0,0,0,1
1,0,0,0,1
2,0,0,0,2
1,0,0,0,1
3,0,0,0,3
1,0,0,0,1
3,0,0,0,3
1,0,0,0,1
1,4,0,0,5
1,0,0,0,1
1,0,0,0,1
2,0,0,0,2
1,0,0,0,1
1,0,0,0,1
1,0,0,0,1
5,2,0,0,7
8,9,0,0,17
9,0,0,0,9
1,0,0,0,1
1,0,0,0,1
1,0,0,0,1
2,0,0,0,2
1,0,0,0,1
2,0,0,0,2
3,0,0,0,3
1,0,0,0,1
1,0,0,0,1
1,0,0,0,1
1,0,0,0,1
4,0,0,0,4
7,0,0,0,7
1,0,0,0,1
1,0,0,0,1
3,0,0,0,3
1,0,0,0,1
2,0,0,0,2
1,0,0,0,1
6,0,0,0,6
3,0,0,0,3
1,0,0,0,1
3,0,0,0,3
1,0,0,0,1
2,0,0,0,2
1,0,0,0,1
1,0,0,0,1
1,0,0,0,1
1,0,0,0,1
2,0,0,0,2
2,0,0,0,2
1,0,0,0,1
1,0,0,0,1
1,0,0,0,1
1,0,0,0,1
1,0,0,0,1
1,0,0,0,1
1,0,0,0,1
1,0,0,0,1
2,0,0,0,2
1,0,0,0,1
1,0,0,0,1
1,0,0,0,1
1,0,0,0,1
2,0,0,0,2
1,0,0,0,1
1,0,0,0,1
1,0,0,0,1
4,1,0,0,5
1,0,0,0,1
1,0,0,0,1
1,0,0,0,1
1,0,0,0,1
1,0,0,0,1
1,0,0,0,1
2,0,0,0,2
1,0,0,0,1
1,0,0,0,1
1,0,0,0,1
1,0,0,0,1
1,0,0,0,1
1,0,0,0,1
6,0,0,0,6
1,0,0,0,1
1,0,0,0,1
2,0,0,0,2
1,0,0,0,1
3,0,0,0,3
1,0,0,0,1
1,0,0,0,1
4,6,0,0,10
1,0,0,0,1
1,0,0,0,1
1,0,0,0,1
7,1,0,0,8
4,0,0,0,4
1,0,0,0,1
2,0,0,0,2
3,0,0,0,3
1,0,0,0,1
1,0,0,0,1
19,0,0,0,19
4,0,0,0,4
1,0,0,0,1
3,0,0,0,3
5,1,0,0,6
1,1,1,0,3
1,0,0,0,1
3,0,0,0,3
1,0,0,0,1
1,0,0,0,1
1,0,0,0,1
1,0,0,0,1
1,0,0,0,1
1,0,0,0,1
12,0,1,0,13
2,0,0,0,2
1,0,0,0,1
1,0,0,0,1
19,0,0,0,19
1,0,0,0,1
1,0,0,0,1
1,0,0,0,1
1,0,0,0,1
1,0,0,0,1
1,0,0,0,1
3,1,0,0,4
1,0,0,0,1
1,0,0,0,1
1,0,0,0,1
5,0,0,0,5
4,0,0,0,4
1,0,0,0,1
1,31,0,0,32
1,1,0,0,2
2,0,0,0,2
2,0,0,0,2
1,0,0,0,1
2,0,0,0,2
1,0,0,0,1
5,0,0,0,5
1,0,0,0,1
1,0,0,0,1
7,0,0,0,7
1,0,0,0,1
3,2,0,0,5
3,0,0,0,3
1,0,0,0,1
1,1,1,0,3
2,0,0,0,2
1,1,0,0,2
7,0,0,0,7
1,0,0,0,1
1,0,0,0,1
1,0,0,0,1
2,0,0,0,2
1,0,0,0,1
1,0,0,0,1
1,0,0,0,1
3,0,0,0,3
4,0,0,0,4
1,0,0,0,1
1,0,0,0,1
1,0,0,0,1
1,0,0,0,1
3,2,0,0,5
3,0,0,0,3
1,0,0,0,1
1,0,0,0,1
1,0,0,0,1
1,0,0,0,1
1,0,0,0,1
2,0,0,0,2
1,0,0,0,1
3,0,0,0,3
1,0,0,0,1
1,0,0,0,1
2,0,0,0,2
1,0,0,0,1
4,0,0,0,4
3,0,0,0,3
2,0,0,0,2
1,0,0,0,1
1,0,0,0,1
1,0,0,0,1
1,0,0,0,1
1,0,0,0,1
1,0,0,0,1
1,0,0,0,1
1,0,0,0,1
1,0,0,0,1
1,0,0,0,1
1,0,0,0,1
1,0,0,0,1
1,0,0,0,1
1,0,0,0,1
1,18,0,0,19
1,0,0,0,1
3,0,0,0,3
1,0,0,0,1
11,0,0,0,11
2,0,0,0,2
1,0,0,0,1
6,0,0,0,6
6,0,0,0,6
1,0,0,0,1
1,0,0,0,1
2,0,0,0,2
1,0,0,0,1
1,0,0,0,1
1,0,0,0,1
1,0,0,0,1
3,0,0,0,3
1,0,0,0,1
1,0,0,0,1
1,0,0,0,1
2,0,0,0,2
2,0,0,0,2
1,0,0,0,1
1,0,0,0,1
1,0,0,0,1
5,0,0,0,5
1,0,0,0,1
1,0,0,0,1
1,0,0,0,1
4,0,0,0,4
3,0,0,0,3
2,0,0,0,2
3,0,0,0,3
1,1,1,0,3
6,2,0,0,8
1,0,0,0,1
1,0,0,0,1
1,0,0,0,1
1,3,2,0,6
1,0,0,0,1
1,0,0,0,1
1,0,0,0,1
1,0,0,0,1
1,0,0,0,1
1,0,0,0,1
2,0,0,0,2
1,0,0,0,1
3,0,0,0,3
1,0,0,0,1
1,0,0,0,1
4,0,0,0,4
4,0,0,0,4
1,0,0,0,1
1,1,0,0,2
2,0,0,0,2
1,0,0,0,1
3,0,0,0,3
1,0,0,0,1
1,0,0,0,1
1,0,0,0,1
5,0,0,0,5
1,0,0,0,1
1,0,0,0,1
1,0,0,0,1
1,0,0,0,1
1,0,0,0,1
2,0,0,0,2
1,0,0,0,1
1,0,0,0,1
1,0,0,0,1
3,0,0,0,3
1,0,0,0,1
4,0,0,0,4
1,0,0,0,1
1,0,0,0,1
1,0,0,0,1
1,0,0,0,1
1,0,0,0,1
1,0,0,0,1
3,0,0,0,3
4,0,0,0,4
5,0,0,0,5
1,0,0,0,1
1,0,0,0,1
1,0,0,0,1
1,0,0,0,1
1,0,0,0,1
1,0,0,0,1
1,0,0,0,1
1,0,0,0,1
1,0,0,0,1
2,0,0,0,2
1,0,0,0,1
1,0,0,0,1
1,0,0,0,1
3,0,0,0,3
6,0,0,0,6
1,0,0,0,1
1,0,0,0,1
1,0,0,0,1
1,0,0,0,1
1,0,0,0,1
1,0,0,0,1
1,0,0,0,1
3,0,0,0,3
1,0,0,0,1
1,0,0,0,1
4,0,0,0,4
1,0,0,0,1
1,0,0,0,1
2,0,0,0,2
1,0,0,0,1
1,0,0,0,1
1,0,0,0,1
1,0,0,0,1
2,0,0,0,2
1,0,0,0,1
5,0,0,0,5
1,0,0,0,1
1,0,0,0,1
1,0,0,0,1
1,3,0,0,4
1,0,0,0,1
1,0,0,0,1
1,0,0,0,1
1,0,0,0,1
1,0,0,0,1
1,0,0,0,1
1,0,0,0,1
1,0,2,0,3
1,0,0,0,1
1,0,0,0,1
1,0,0,0,1
1,0,0,0,1
1,0,0,0,1
2,0,0,0,2
2,0,0,0,2
1,0,0,0,1
7,1,1,0,9
1,0,0,0,1
1,0,0,0,1
2,0,0,0,2
2,0,0,0,2
1,0,0,0,1
3,0,0,0,3
2,0,0,0,2
3,0,0,0,3
1,0,0,0,1
1,0,0,0,1
1,0,0,0,1
1,0,0,0,1
1,0,0,0,1
5,3,0,0,8
1,0,0,0,1
4,0,0,0,4
1,0,0,0,1
1,0,0,0,1
3,19,0,0,22
1,0,0,0,1
4,0,0,0,4
1,0,0,0,1
2,2,1,0,5
5,1,0,0,6
2,0,0,0,2
2,0,0,0,2
1,0,0,0,1
6,1,0,0,7
1,7,0,0,8
1,0,0,0,1
15,10,0,0,25
2,1,0,0,3
1,0,0,0,1
1,0,0,0,1
2,0,0,0,2
2,0,0,0,2
1,0,0,0,1
3,0,0,0,3
2,0,0,0,2
1,0,0,0,1
1,0,0,0,1
1,0,0,0,1
1,0,0,0,1
1,0,0,0,1
1,0,0,0,1
1,0,0,0,1
1,0,0,0,1
1,0,0,0,1
1,0,0,0,1
4,0,0,0,4
1,0,0,0,1
2,0,0,0,2
1,0,0,0,1
1,0,0,0,1
1,0,0,0,1
1,3,1,0,5
2,0,0,0,2
1,0,0,0,1
1,0,0,0,1
1,0,0,0,1
1,0,0,0,1
1,0,0,0,1
1,0,0,0,1
1,0,0,0,1
4,0,0,0,4
6,0,0,0,6
1,0,0,0,1
2,0,0,0,2
1,0,0,0,1
1,0,0,0,1
3,0,0,0,3
1,0,0,0,1
4,0,0,0,4
3,0,0,0,3
5,0,0,0,5
1,0,0,0,1
1,0,0,0,1
11,2,0,0,13
5,0,0,0,5
1,0,0,0,1
2,0,0,0,2
1,0,0,0,1
1,0,0,0,1
3,0,0,0,3
3,0,0,0,3
1,0,0,0,1
1,0,0,0,1
1,0,0,0,1
1,0,0,0,1
1,0,0,0,1
4,12,0,0,16
3,2,0,0,5
1,0,0,0,1
1,0,0,0,1
1,0,0,0,1
1,0,0,0,1
3,0,0,0,3
1,0,0,0,1
1,0,0,0,1
1,0,0,0,1
3,0,0,0,3
1,0,0,0,1
1,0,0,0,1
1,0,0,0,1
1,0,0,0,1
1,0,0,0,1
2,0,0,0,2
1,0,0,0,1
2,0,0,0,2
1,0,0,0,1
1,0,0,0,1
1,0,0,0,1
1,0,0,0,1
1,0,0,0,1
1,0,0,0,1
1,0,0,0,1
1,0,0,0,1
3,0,0,0,3
2,0,0,0,2
2,2,0,0,4
6,0,0,0,6
1,0,0,0,1
2,0,0,0,2
2,0,0,0,2
2,0,0,0,2
2,0,0,0,2
10,0,0,0,10
1,0,0,0,1
1,0,9,0,10
3,0,0,0,3
3,0,0,0,3
2,0,0,0,2
1,2,0,0,3
1,0,0,0,1
1,0,0,0,1
5,0,0,0,5
1,0,0,0,1
1,0,0,0,1
1,0,0,0,1
1,0,0,0,1
1,0,0,0,1
1,0,0,0,1
10,0,0,0,10
1,0,0,0,1
2,0,0,0,2
1,0,0,0,1
1,0,0,0,1
1,0,0,0,1
1,0,0,0,1
2,0,0,0,2
2,0,0,0,2
4,0,0,0,4
1,0,0,0,1
1,0,0,0,1
1,0,0,0,1
1,0,0,0,1
3,0,0,0,3
1,0,0,0,1
3,0,0,0,3
3,0,0,0,3
2,0,0,0,2
1,0,0,0,1
1,0,0,0,1
1,0,0,0,1
1,0,0,0,1
1,0,0,0,1
1,0,0,0,1
1,0,0,0,1
1,0,0,0,1
1,0,0,0,1
1,0,0,0,1
4,0,0,0,4
1,0,0,0,1
1,0,0,0,1
4,0,0,0,4
1,0,0,0,1
1,0,0,0,1
2,0,0,0,2
2,0,0,0,2
1,0,0,0,1
1,0,0,0,1
1,0,0,0,1
1,0,0,0,1
1,0,0,0,1
1,0,0,0,1
1,0,0,0,1
1,0,0,0,1
1,2,0,0,3
3,3,1,0,7
1,0,0,0,1
1,75,0,0,76
2,11,0,0,13
1,0,0,0,1
1,0,0,0,1
3,0,0,0,3
1,0,0,0,1
1,0,0,0,1
1,0,0,0,1
2,0,0,0,2
2,4,0,0,6
2,0,0,0,2
2,0,0,0,2
1,0,0,0,1
1,0,0,0,1
1,0,0,0,1
1,0,0,0,1
1,0,0,0,1
1,0,0,0,1
2,0,0,0,2
1,0,0,0,1
6,0,0,0,6
2,0,0,0,2
1,0,0,0,1
3,0,0,0,3
2,0,0,0,2
1,0,0,0,1
1,0,0,0,1
1,0,0,0,1
1,0,0,0,1
1,0,0,0,1
2,50,0,0,52
1,0,0,0,1
1,0,0,0,1
2,0,0,0,2
3,0,0,0,3
3,0,0,0,3
2,45,0,0,47
1,0,0,0,1
1,0,0,0,1
1,0,0,0,1
1,0,0,0,1
7,0,0,0,7
1,0,0,0,1
2,0,0,0,2
1,4,0,0,5
1,5,1,0,7
1,0,0,0,1
2,0,0,0,2
1,0,0,0,1
5,0,0,0,5
1,0,0,0,1
2,1,0,0,3
1,0,0,0,1
1,0,0,0,1
5,0,0,0,5
2,0,0,0,2
5,0,0,0,5
1,0,0,0,1
1,0,0,0,1
6,0,0,0,6
2,0,0,0,2
2,1,1,0,4
1,0,0,0,1
3,0,0,0,3
1,0,0,0,1
1,0,0,0,1
1,3,0,0,4
3,6,0,0,9
1,0,0,0,1
7,0,0,0,7
1,0,0,0,1
2,0,0,0,2
1,0,0,0,1
2,0,0,0,2
1,0,0,0,1
1,0,0,0,1
1,0,0,0,1
3,0,0,0,3
1,0,0,0,1
1,0,0,0,1
1,0,0,0,1
2,21,0,0,23
4,0,0,0,4
1,0,0,0,1
1,0,0,0,1
5,0,0,0,5
1,0,0,0,1
2,0,0,0,2
1,1,0,0,2
1,0,0,0,1
3,0,0,0,3
1,0,0,0,1
1,0,0,0,1
1,0,0,0,1
2,0,0,0,2
9,2,0,0,11
1,0,0,0,1
4,0,0,0,4
1,0,0,0,1
1,1,0,0,2
3,5,0,0,8
2,0,0,0,2
1,0,0,0,1
1,0,0,0,1
1,0,0,0,1
4,0,1,0,5
3,0,0,0,3
3,0,0,0,3
1,0,0,0,1
3,0,0,0,3
1,0,0,0,1
1,0,0,0,1
1,0,0,0,1
1,0,1,0,2
1,0,0,0,1
1,0,0,0,1
1,0,0,0,1
1,0,0,0,1
1,0,0,0,1
1,1,0,0,2
1,0,0,0,1
1,0,0,0,1
3,0,0,0,3
2,0,0,0,2
1,0,0,0,1
1,0,0,0,1
1,0,0,0,1
1,0,0,0,1
1,0,0,0,1
9,48,0,0,57
2,0,0,0,2
4,0,0,0,4
1,0,0,0,1
3,0,0,0,3
1,0,0,0,1
2,0,0,0,2
1,0,0,0,1
5,0,0,0,5
1,0,0,0,1
1,0,0,0,1
2,0,0,0,2
1,0,0,0,1
1,0,0,0,1
1,0,0,0,1
2,2,0,0,4
10,0,0,0,10
1,0,0,0,1
1,0,0,0,1
1,0,0,0,1
1,0,0,0,1
3,443,0,0,446
2,0,0,0,2
10,12,0,0,22
1,0,0,0,1
1,0,0,0,1
1,0,0,0,1
1,0,0,0,1
3,2,0,0,5
2,1,0,0,3
2,0,0,0,2
1,0,0,0,1
2,0,0,0,2
1,0,0,0,1
1,0,0,0,1
3,0,0,0,3
1,0,0,0,1
1,0,0,0,1
4,0,0,0,4
1,0,0,0,1
1,0,0,0,1
1,0,0,0,1
4,0,2,0,6
1,0,0,0,1
1,0,0,0,1
1,0,0,0,1
2,0,0,0,2
3,0,0,0,3
1,0,0,0,1
1,0,0,0,1
3,0,0,0,3
1,0,0,0,1
3,0,0,0,3
1,0,0,0,1
1,0,0,0,1
1,0,0,0,1
3,0,0,0,3
2,0,0,0,2
1,0,0,0,1
1,0,0,0,1
3,0,0,0,3
1,0,0,0,1
1,0,0,0,1
1,0,0,0,1
1,0,0,0,1
1,0,0,0,1
4,0,0,0,4
3,0,0,0,3
1,0,0,0,1
4,0,0,0,4
1,0,0,0,1
1,0,0,0,1
1,0,0,0,1
1,0,0,0,1
3,0,0,0,3
1,0,0,0,1
1,0,0,0,1
1,0,0,0,1
2,0,0,0,2
2,0,0,0,2
1,0,0,0,1
1,0,0,0,1
1,0,0,0,1
2,0,0,0,2
1,0,0,0,1
1,0,0,0,1
1,0,0,0,1
2,0,0,0,2
5,0,0,0,5
1,0,0,0,1
2,0,0,0,2
1,0,0,0,1
1,0,0,0,1
2,0,0,0,2
1,0,0,0,1
2,0,0,0,2
1,0,0,0,1
5,0,0,0,5
1,0,0,0,1
1,0,0,0,1
1,0,0,0,1
1,0,0,0,1
1,0,0,0,1
1,0,0,0,1
1,0,0,0,1
2,0,0,0,2
7,12,1,0,20
1,0,0,0,1
1,0,0,0,1
1,0,0,0,1
1,0,0,0,1
2,0,0,0,2
4,0,0,0,4
2,0,0,0,2
1,0,0,0,1
1,0,0,0,1
2,0,0,0,2
6,3,0,0,9
2,0,0,0,2
1,0,0,0,1
2,0,0,0,2
1,0,0,0,1
2,0,0,0,2
1,0,0,0,1
1,0,0,0,1
1,0,0,0,1
1,0,0,0,1
3,3,0,0,6
1,0,0,0,1
2,0,0,0,2
1,0,0,0,1
1,0,0,0,1
4,0,0,0,4
2,0,0,0,2
1,0,0,0,1
1,0,0,0,1
1,0,0,0,1
2,0,0,0,2
2,0,0,0,2
2,0,0,0,2
1,0,0,0,1
4,0,0,0,4
4,0,0,0,4
3,0,0,0,3
1,0,0,0,1
1,0,0,0,1
1,0,0,0,1
5,0,0,0,5
2,0,0,0,2
1,0,0,0,1
1,0,0,0,1
1,0,0,0,1
1,0,0,0,1
3,0,0,0,3
1,0,0,0,1
1,0,0,0,1
3,0,0,0,3
1,1,1,0,3
1,0,0,0,1
1,0,0,0,1
3,0,0,0,3
1,0,0,0,1
1,0,0,0,1
1,0,0,0,1
4,0,0,0,4
1,0,0,0,1
1,0,0,0,1
1,0,0,0,1
1,0,0,0,1
2,0,0,0,2
1,0,0,0,1
1,0,0,0,1
1,0,0,0,1
1,0,0,0,1
1,0,0,0,1
2,0,0,0,2
1,0,0,0,1
3,2,0,0,5
1,0,0,0,1
2,0,0,0,2
1,0,0,0,1
1,0,0,0,1
1,0,0,0,1
3,0,0,0,3
1,0,0,0,1
1,0,0,0,1
1,1,0,0,2
4,0,0,0,4
3,0,0,0,3
1,0,0,0,1
4,0,0,0,4
7,0,0,0,7
1,0,0,0,1
3,0,0,0,3
1,0,0,0,1
1,0,0,0,1
1,0,0,0,1
1,0,0,0,1
1,0,0,0,1
1,2,0,0,3
1,0,0,0,1
1,0,0,0,1
1,0,0,0,1
1,0,0,0,1
1,0,0,0,1
1,0,0,0,1
1,0,0,0,1
1,0,0,0,1
9,0,0,0,9
1,0,0,0,1
6,0,0,0,6
1,0,0,0,1
2,0,0,0,2
7,0,0,0,7
4,0,0,0,4
1,0,0,0,1
1,0,0,0,1
1,0,0,0,1
3,0,0,0,3
1,0,0,0,1
1,0,0,0,1
1,0,0,0,1
1,0,0,0,1
1,0,0,0,1
1,0,0,0,1
5,0,0,0,5
1,0,0,0,1
4,0,0,0,4
2,0,0,0,2
2,0,0,0,2
1,0,0,0,1
2,0,0,0,2
3,0,0,0,3
2,0,0,0,2
2,0,0,0,2
1,0,0,0,1
1,0,0,0,1
2,0,0,0,2
3,0,0,0,3
1,2,0,0,3
2,0,0,0,2
2,0,0,0,2
2,0,0,0,2
1,0,0,0,1
8,0,0,0,8
1,0,0,0,1
1,0,0,0,1
1,0,0,0,1
1,0,0,0,1
1,0,0,0,1
1,0,0,0,1
2,0,0,0,2
1,0,0,0,1
1,0,0,0,1
2,0,0,0,2
1,0,0,0,1
1,0,0,0,1
1,0,0,0,1
1,0,0,0,1
1,0,0,0,1
1,0,0,0,1
1,0,0,0,1
1,0,0,0,1
1,0,0,0,1
1,0,0,0,1
2,0,0,0,2
5,2,3,0,10
1,0,0,0,1
2,0,0,0,2
1,0,0,0,1
1,0,0,0,1
3,0,0,0,3
4,0,0,0,4
4,7,0,0,11
1,0,0,0,1
1,0,0,0,1
2,0,0,0,2
1,0,0,0,1
1,0,0,0,1
5,0,0,0,5
2,0,0,0,2
1,0,0,0,1
1,0,0,0,1
1,0,0,0,1
3,0,0,0,3
1,0,0,0,1
2,0,0,0,2
4,0,0,0,4
1,0,0,0,1
1,0,0,0,1
1,0,0,0,1
1,0,0,0,1
1,0,0,0,1
1,0,0,0,1
1,0,0,0,1
1,0,0,0,1
1,0,0,0,1
3,0,0,0,3
1,0,0,0,1
1,0,0,0,1
1,0,0,0,1
1,0,0,0,1
1,0,0,0,1
1,0,0,0,1
1,0,0,0,1
1,0,0,0,1
1,0,0,0,1
5,0,0,0,5
1,0,0,0,1
1,0,0,0,1
1,0,0,0,1
1,0,0,0,1
1,0,0,0,1
3,4,0,0,7
1,0,0,0,1
20,0,0,0,20
1,0,0,0,1
1,0,0,0,1
1,0,0,0,1
7,0,0,0,7
1,0,0,0,1
1,0,0,0,1
1,0,0,0,1
1,0,0,0,1
1,0,0,0,1
2,0,0,0,2
3,0,0,0,3
3,0,0,0,3
1,0,0,0,1
1,0,0,0,1
1,0,0,0,1
4,0,0,0,4
1,0,0,0,1
1,0,0,0,1
1,0,0,0,1
3,1,1,0,5
1,0,0,0,1
1,0,0,0,1
1,2,0,0,3
1,0,0,0,1
1,0,0,0,1
1,0,0,0,1
1,0,0,0,1
1,0,0,0,1
1,0,0,0,1
1,0,0,0,1
1,0,0,0,1
2,0,0,0,2
1,0,0,0,1
1,0,0,0,1
1,0,0,0,1
1,0,0,0,1
1,0,0,0,1
6,0,0,0,6
1,0,0,0,1
1,0,0,0,1
1,0,0,0,1
1,0,0,0,1
3,0,0,0,3
2,0,0,0,2
5,0,0,0,5
1,0,0,0,1
1,0,0,0,1
1,0,0,0,1
2,0,0,0,2
1,0,0,0,1
1,0,0,0,1
1,0,0,0,1
1,0,0,0,1
1,0,0,0,1
1,0,0,0,1
1,0,0,0,1
1,0,0,0,1
1,0,0,0,1
3,0,0,0,3
1,0,0,0,1
4,0,0,0,4
4,0,0,0,4
1,0,0,0,1
1,0,0,0,1
2,0,0,0,2
3,0,0,0,3
1,0,0,0,1
1,0,0,0,1
2,0,0,0,2
1,0,0,0,1
2,0,0,0,2
1,0,0,0,1
6,1,1,0,8
1,0,0,0,1
3,14,0,0,17
1,0,0,0,1
1,0,0,0,1
1,0,0,0,1
1,0,0,0,1
1,0,0,0,1
1,0,0,0,1
4,0,0,0,4
1,0,0,0,1
1,0,1,0,2
3,0,0,0,3
1,0,0,0,1
7,0,0,0,7
1,0,0,0,1
1,0,0,0,1
1,0,0,0,1
1,0,0,0,1
5,0,0,0,5
1,0,0,0,1
1,0,0,0,1
2,0,0,0,2
2,0,0,0,2
5,0,0,0,5
1,0,0,0,1
1,0,0,0,1
1,0,0,0,1
1,0,0,0,1
2,80,0,0,82
2,0,0,0,2
1,0,0,0,1
1,0,0,0,1
1,0,0,0,1
3,0,0,0,3
1,0,0,0,1
1,0,0,0,1
1,0,0,0,1
1,0,0,0,1
1,0,0,0,1
2,0,0,0,2
1,0,0,0,1
1,0,0,0,1
1,0,0,0,1
1,0,0,0,1
1,0,0,0,1
1,0,0,0,1
2,0,0,0,2
3,0,0,0,3
1,0,0,0,1
1,0,0,0,1
1,0,0,0,1
1,0,0,0,1
1,0,0,0,1
1,0,0,0,1
4,1,0,0,5
6,0,0,0,6
4,0,0,0,4
1,6,1,0,8
1,2,1,0,4
1,0,0,0,1
1,0,0,0,1
1,0,0,0,1
1,0,0,0,1
1,0,0,0,1
17,0,0,0,17
1,0,0,0,1
1,0,0,0,1
2,0,0,0,2
1,0,0,0,1
1,0,0,0,1
1,0,0,0,1
2,0,0,0,2
1,0,0,0,1
1,0,0,0,1
8,1,0,0,9
3,0,0,0,3
2,0,0,0,2
4,0,0,0,4
8,0,0,0,8
1,98,0,0,99
1,0,0,0,1
1,3,0,0,4
1,0,0,0,1
1,0,0,0,1
1,0,0,0,1
1,0,0,0,1
1,0,0,0,1
1,0,0,0,1
1,0,0,0,1
1,0,0,0,1
1,0,0,0,1
2,3,0,0,5
1,0,0,0,1
1,0,0,0,1
1,0,0,0,1
2,0,0,0,2
1,0,0,0,1
2,0,0,0,2
1,0,0,0,1
1,0,0,0,1
5,0,0,0,5
2,0,0,0,2
1,0,0,0,1
2,0,0,0,2
1,0,0,0,1
1,0,0,0,1
1,0,0,0,1
1,0,0,0,1
2,0,0,0,2
1,0,0,0,1
1,0,0,0,1
1,0,0,0,1
1,0,0,0,1
1,0,0,0,1
1,0,0,0,1
1,0,0,0,1
1,0,0,0,1
4,0,0,0,4
1,0,0,0,1
1,0,0,0,1
1,0,0,0,1
1,0,0,0,1
4,3,0,0,7
4,0,0,0,4
1,0,0,0,1
1,0,0,0,1
2,1,0,0,3
5,20,0,0,25
3,0,0,0,3
1,0,0,0,1
1,0,0,0,1
1,0,0,0,1
2,0,0,0,2
2,0,0,0,2
2,4,0,0,6
2,0,0,0,2
1,0,0,0,1
1,0,0,0,1
2,0,0,0,2
1,0,0,0,1
1,0,0,0,1
4,0,0,0,4
1,0,0,0,1
1,0,0,0,1
1,0,0,0,1
1,0,0,0,1
1,0,0,0,1
1,0,0,0,1
7,0,0,0,7
1,0,0,0,1
32,686,0,0,718
1,0,0,0,1
1,0,0,0,1
2,0,0,0,2
1,0,0,0,1
1,0,0,0,1
1,0,0,0,1
11,4,0,0,15
1,0,0,0,1
1,0,0,0,1
1,0,0,0,1
1,0,0,0,1
2,0,0,0,2
2,0,0,0,2
1,0,0,0,1
1,0,0,0,1
3,0,0,0,3
1,0,0,0,1
1,0,0,0,1
1,0,0,0,1
1,0,0,0,1
1,1,0,0,2
1,0,0,0,1
2,0,0,0,2
1,0,0,0,1
7,0,0,0,7
2,0,0,0,2
1,0,0,0,1
3,0,0,0,3
1,0,0,0,1
2,0,0,0,2
1,0,0,0,1
1,0,0,0,1
1,0,0,0,1
1,0,0,0,1
1,0,0,0,1
1,0,0,0,1
1,0,0,0,1
1,0,0,0,1
1,0,0,0,1
1,0,0,0,1
10,0,0,0,10
10,0,0,0,10
2,5,0,0,7
1,0,0,0,1
3,0,0,0,3
1,0,0,0,1
2,5,1,0,8
1,0,0,0,1
1,0,0,0,1
2,0,0,0,2
1,0,0,0,1
2,0,0,0,2
1,0,0,0,1
1,0,0,0,1
1,0,0,0,1
1,0,0,0,1
1,0,0,0,1
1,0,0,0,1
6,0,0,0,6
3,0,0,0,3
1,0,0,0,1
1,0,0,0,1
1,0,0,0,1
1,0,0,0,1
1,0,0,0,1
1,0,0,0,1
3,0,0,0,3
2,0,0,0,2
1,0,0,0,1
1,0,0,0,1
1,0,0,0,1
2,0,0,0,2
1,0,0,0,1
1,0,0,0,1
1,0,0,0,1
2,0,0,0,2
1,0,0,0,1
1,0,0,0,1
1,0,0,0,1
2,0,0,0,2
2,0,0,0,2
1,0,0,0,1
1,0,0,0,1
1,0,0,0,1
1,0,0,0,1
6,0,0,0,6
1,0,0,0,1
1,0,0,0,1
1,0,0,0,1
1,0,0,0,1
2,0,0,0,2
1,0,0,0,1
8,0,0,0,8
1,0,0,0,1
1,0,0,0,1
2,0,0,0,2
1,0,0,0,1
3,0,0,0,3
1,0,0,0,1
1,0,0,0,1
1,0,0,0,1
5,0,0,0,5
1,0,0,0,1
2,0,0,0,2
1,0,0,0,1
1,0,0,0,1
2,0,0,0,2
1,0,0,0,1
1,0,0,0,1
1,0,0,0,1
1,0,0,0,1
2,0,0,0,2
1,0,0,0,1
1,0,0,0,1
1,0,0,0,1
7,0,0,0,7
2,0,0,0,2
1,0,0,0,1
1,0,0,0,1
1,0,0,0,1
1,2,0,0,3
1,0,0,0,1
1,0,0,0,1
2,0,0,0,2
2,0,0,0,2
1,0,0,0,1
2,0,0,0,2
1,0,0,0,1
1,0,0,0,1
3,1,0,0,4
1,0,0,0,1
1,0,0,0,1
1,0,0,0,1
1,0,0,0,1
1,0,0,0,1
2,0,0,0,2
1,0,0,0,1
1,0,0,0,1
3,0,0,0,3
1,0,0,0,1
5,0,0,0,5
1,0,0,0,1
1,0,0,0,1
1,0,0,0,1
1,0,0,0,1
1,0,0,0,1
7,0,0,0,7
5,0,0,0,5
1,0,0,0,1
1,0,0,0,1
2,0,0,0,2
1,0,0,0,1
1,0,0,0,1
4,1,1,0,6
1,0,0,0,1
6,0,0,0,6
1,0,0,0,1
1,0,0,0,1
1,0,0,0,1
1,0,0,0,1
1,0,0,0,1
1,0,0,0,1
1,0,0,0,1
4,0,0,0,4
1,0,0,0,1
2,0,0,0,2
1,0,0,0,1
1,0,0,0,1
4,0,0,0,4
1,0,0,0,1
1,0,0,0,1
4,0,0,0,4
1,0,0,0,1
2,0,0,0,2
1,0,0,0,1
1,0,0,0,1
1,0,0,0,1
1,0,0,0,1
1,0,0,0,1
5,0,0,0,5
2,0,0,0,2
1,0,0,0,1
1,0,0,0,1
1,0,0,0,1
1,0,0,0,1
8,2,0,0,10
2,0,0,0,2
10,0,0,0,10
1,0,0,0,1
1,0,0,0,1
4,0,0,0,4
1,0,0,0,1
2,0,0,0,2
5,0,0,0,5
3,0,0,0,3
1,2,0,0,3
1,0,0,0,1
2,2,0,0,4
1,0,0,0,1
1,0,0,0,1
1,0,0,0,1
1,0,0,0,1
2,0,0,0,2
1,0,0,0,1
1,0,0,0,1
3,0,0,0,3
2,0,0,0,2
1,0,0,0,1
1,0,0,0,1
1,0,0,0,1
2,0,0,0,2
2,0,0,0,2
1,0,0,0,1
1,0,0,0,1
1,0,0,0,1
1,0,0,0,1
2,0,0,0,2
1,0,0,0,1
1,0,0,0,1
1,0,0,0,1
1,0,0,0,1
1,0,0,0,1
1,0,0,0,1
1,0,0,0,1
1,0,0,0,1
2,0,0,0,2
1,0,0,0,1
1,0,0,0,1
1,0,0,0,1
1,0,0,0,1
1,0,0,0,1
1,0,0,0,1
1,0,0,0,1
1,0,0,0,1
2,2,0,0,4
1,0,0,0,1
4,0,0,0,4
5,0,0,0,5
1,0,0,0,1
13,0,0,0,13
2,0,0,0,2
5,0,0,0,5
2,0,0,0,2
1,0,0,0,1
3,0,0,0,3
6,0,0,0,6
1,0,0,0,1
4,0,0,0,4
1,0,0,0,1
1,0,0,0,1
2,0,0,0,2
1,0,0,0,1
1,0,0,0,1
1,0,0,0,1
1,0,0,0,1
1,2,0,0,3
1,0,0,0,1
2,0,0,0,2
3,0,0,0,3
10,0,0,0,10
1,0,0,0,1
2,0,0,0,2
2,5,0,0,7
1,0,0,0,1
1,0,0,0,1
5,0,0,0,5
1,0,0,0,1
2,0,0,0,2
1,0,0,0,1
3,0,0,0,3
1,0,0,0,1
1,0,0,0,1
1,0,0,0,1
1,0,0,0,1
1,0,0,0,1
1,0,0,0,1
1,0,0,0,1
1,0,0,0,1
1,0,0,0,1
1,0,0,0,1
1,0,0,0,1
1,0,0,0,1
1,0,0,0,1
1,0,0,0,1
4,0,0,0,4
1,0,0,0,1
1,0,0,0,1
1,0,0,0,1
1,0,0,0,1
1,0,0,0,1
2,0,0,0,2
6,1,0,0,7
1,0,0,0,1
1,0,0,0,1
1,0,0,0,1
1,0,0,0,1
1,0,0,0,1
1,0,0,0,1
1,0,0,0,1
1,0,0,0,1
4,1,1,0,6
1,0,0,0,1
1,0,0,0,1
1,0,0,0,1
1,0,0,0,1
4,0,0,0,4
2,0,0,0,2
3,0,0,0,3
1,0,0,0,1
2,0,0,0,2
2,0,0,0,2
1,0,0,0,1
1,0,0,0,1
1,0,0,0,1
2,0,0,0,2
1,1,0,0,2
3,0,0,0,3
1,0,0,0,1
1,0,0,0,1
1,0,0,0,1
1,0,0,0,1
1,0,0,0,1
1,0,0,0,1
1,0,0,0,1
1,0,0,0,1
1,0,0,0,1
7,0,0,0,7
1,0,0,0,1
1,0,0,0,1
1,0,0,0,1
2,0,0,0,2
1,0,0,0,1
3,0,0,0,3
1,0,0,0,1
1,0,0,0,1
2,0,0,0,2
2,0,0,0,2
1,0,0,0,1
1,0,0,0,1
1,0,0,0,1
3,0,0,0,3
1,0,0,0,1
1,0,0,0,1
1,0,0,0,1
1,0,0,0,1
1,0,0,0,1
1,0,0,0,1
1,0,0,0,1
1,0,0,0,1
1,0,0,0,1
1,0,0,0,1
5,0,0,0,5
1,0,0,0,1
1,0,0,0,1
2,0,0,0,2
1,0,0,0,1
3,0,0,0,3
1,0,0,0,1
1,0,0,0,1
2,0,0,0,2
1,0,0,0,1
2,0,0,0,2
1,0,0,0,1
1,0,0,0,1
2,0,0,0,2
6,0,0,0,6
1,0,0,0,1
1,0,0,0,1
2,0,0,0,2
1,0,0,0,1
1,0,0,0,1
1,0,0,0,1
1,0,0,0,1
1,0,0,0,1
1,0,0,0,1
1,10,0,0,11
1,0,0,0,1
1,0,0,0,1
1,2,0,0,3
2,0,0,0,2
1,0,0,0,1
1,0,0,0,1
1,0,0,0,1
2,0,0,0,2
1,0,0,0,1
1,0,0,0,1
1,0,0,0,1
1,0,0,0,1
1,0,0,0,1
1,0,0,0,1
5,0,0,0,5
1,0,0,0,1
2,0,0,0,2
2,0,0,0,2
3,0,0,0,3
1,0,0,0,1
1,0,0,0,1
8,0,0,0,8
2,0,0,0,2
1,0,0,0,1
1,0,0,0,1
5,0,0,0,5
1,0,0,0,1
1,0,0,0,1
1,0,0,0,1
1,0,0,0,1
1,0,0,0,1
1,0,0,0,1
4,0,0,0,4
1,0,0,0,1
1,1,0,0,2
1,0,0,0,1
1,0,0,0,1
1,0,0,0,1
1,0,0,0,1
1,0,0,0,1
1,0,0,0,1
4,0,0,0,4
1,0,0,0,1
1,0,0,0,1
3,0,0,0,3
1,0,0,0,1
1,0,0,0,1
1,0,0,0,1
4,0,0,0,4
1,0,0,0,1
3,0,0,0,3
1,0,0,0,1
1,0,0,0,1
1,0,0,0,1
4,0,0,0,4
1,0,0,0,1
3,0,0,0,3
1,0,0,0,1
1,0,0,0,1
1,0,0,0,1
1,0,0,0,1
1,0,0,0,1
1,0,0,0,1
1,0,0,0,1
1,0,0,0,1
1,0,0,0,1
1,0,0,0,1
1,0,0,0,1
2,0,0,0,2
2,6,2,0,10
1,0,0,0,1
4,0,0,0,4
4,0,0,0,4
1,0,0,0,1
1,0,0,0,1
1,0,0,0,1
9,0,0,0,9
8,2,0,0,10
2,0,0,0,2
3,0,0,0,3
4,0,0,0,4
1,0,0,0,1
1,0,0,0,1
1,0,0,0,1
1,0,0,0,1
1,0,0,0,1
2,0,0,0,2
1,0,0,0,1
1,0,0,0,1
1,0,0,0,1
1,0,0,0,1
1,0,0,0,1
3,0,0,0,3
1,0,0,0,1
3,0,0,0,3
1,0,0,0,1
2,0,0,0,2
1,0,0,0,1
11,0,0,0,11
1,0,0,0,1
1,0,0,0,1
1,0,0,0,1
1,0,0,0,1
1,0,0,0,1
1,0,0,0,1
1,0,0,0,1
4,0,0,0,4
8,0,0,0,8
1,0,0,0,1
1,0,0,0,1
2,1,0,0,3
1,1,1,0,3
1,0,0,0,1
3,0,0,0,3
2,2,0,0,4
1,0,0,0,1
3,0,0,0,3
1,0,0,0,1
4,0,0,0,4
1,0,0,0,1
1,0,0,0,1
1,0,0,0,1
1,0,0,0,1
1,0,0,0,1
1,0,0,0,1
1,0,0,0,1
1,0,0,0,1
2,0,0,0,2
1,0,0,0,1
1,0,0,0,1
8,1,0,0,9
1,0,0,0,1
2,0,0,0,2
1,0,0,0,1
2,0,0,0,2
2,0,0,0,2
3,0,0,0,3
2,0,0,0,2
1,0,0,0,1
1,0,0,0,1
1,0,0,0,1
1,0,0,0,1
3,0,0,0,3
1,0,0,0,1
1,0,0,0,1
1,0,0,0,1
1,0,0,0,1
1,0,0,0,1
3,43,0,0,46
1,0,0,0,1
11,0,0,0,11
9,3,3,0,15
1,0,0,0,1
2,0,0,0,2
4,0,0,0,4
1,0,0,0,1
1,0,0,0,1
2,0,0,0,2
1,0,0,0,1
1,0,0,0,1
2,0,0,0,2
1,0,0,0,1
1,0,0,0,1
1,0,0,0,1
1,0,0,0,1
1,0,0,0,1
1,0,0,0,1
2,0,0,0,2
2,0,0,0,2
2,0,0,0,2
1,0,0,0,1
1,0,0,0,1
1,0,0,0,1
1,0,0,0,1
1,0,0,0,1
1,0,0,0,1
1,0,0,0,1
2,0,0,0,2
2,0,0,0,2
6,0,0,0,6
1,0,0,0,1
11,0,1,0,12
1,0,0,0,1
1,0,0,0,1
1,0,0,0,1
1,0,0,0,1
1,0,0,0,1
1,0,0,0,1
38,2,4,0,44
1,0,0,0,1
1,0,0,0,1
1,0,0,0,1
2,0,0,0,2
1,0,0,0,1
1,0,0,0,1
1,0,0,0,1
2,2,0,0,4
3,0,0,0,3
1,0,0,0,1
1,0,0,0,1
2,0,0,0,2
2,0,0,0,2
1,0,0,0,1
10,0,0,0,10
1,2,0,0,3
6,0,0,0,6
1,0,0,0,1
3,0,0,0,3
2,0,0,0,2
3,0,0,0,3
1,0,0,0,1
1,0,0,0,1
1,0,0,0,1
2,0,0,0,2
1,0,0,0,1
1,0,0,0,1
3,3,1,0,7
1,0,0,0,1
1,0,0,0,1
1,0,0,0,1
1,0,0,0,1
1,0,0,0,1
1,0,0,0,1
1,0,0,0,1
2,0,0,0,2
2,0,0,0,2
1,0,0,0,1
2,0,0,0,2
1,0,0,0,1
1,0,0,0,1
1,0,0,0,1
1,0,0,0,1
2,0,0,0,2
1,0,0,0,1
4,0,0,0,4
1,21,0,0,22
11,0,0,0,11
1,0,0,0,1
2,0,0,0,2
1,0,0,0,1
1,0,0,0,1
1,0,0,0,1
1,0,0,0,1
1,0,0,0,1
1,0,0,0,1
2,0,0,0,2
1,0,0,0,1
2,0,0,0,2
1,0,0,0,1
1,0,0,0,1
1,0,0,0,1
3,0,0,0,3
1,0,0,0,1
5,14,1,0,20
3,0,0,0,3
1,0,0,0,1
1,0,0,0,1
1,0,0,0,1
1,0,0,0,1
2,0,0,0,2
1,0,0,0,1
2,0,0,0,2
2,0,0,0,2
1,0,0,0,1
1,0,0,0,1
1,0,0,0,1
1,3,0,0,4
1,0,0,0,1
1,0,0,0,1
2,0,0,0,2
2,0,0,0,2
1,0,0,0,1
1,0,0,0,1
3,0,0,0,3
1,0,0,0,1
1,0,0,0,1
1,0,0,0,1
1,0,0,0,1
1,0,0,0,1
3,9,0,0,12
1,0,0,0,1
2,0,0,0,2
1,0,0,0,1
1,0,0,0,1
1,0,0,0,1
2,0,0,0,2
2,0,0,0,2
2,0,0,0,2
1,0,0,0,1
1,0,0,0,1
1,0,0,0,1
3,0,0,0,3
1,0,0,0,1
1,0,0,0,1
1,0,0,0,1
6,0,0,0,6
19,2,0,0,21
1,0,0,0,1
1,0,0,0,1
1,0,0,0,1
4,0,0,0,4
1,0,0,0,1
1,0,0,0,1
2,0,0,0,2
1,0,0,0,1
2,0,0,0,2
2,0,0,0,2
3,0,0,0,3
2,0,0,0,2
1,0,0,0,1
1,0,0,0,1
1,0,0,0,1
1,0,0,0,1
1,0,0,0,1
2,0,0,0,2
1,0,0,0,1
1,0,0,0,1
1,0,0,0,1
10,0,0,0,10
5,3,0,0,8
1,0,0,0,1
6,2,0,0,8
1,0,0,0,1
1,0,0,0,1
1,0,0,0,1
5,0,0,0,5
4,0,0,0,4
1,0,0,0,1
1,0,0,0,1
1,0,0,0,1
1,0,0,0,1
1,0,0,0,1
2,0,0,0,2
3,3,0,0,6
12,2,0,0,14
1,0,0,0,1
1,0,0,0,1
1,0,0,0,1
1,0,0,0,1
1,0,0,0,1
4,0,0,0,4
1,0,0,0,1
11,0,0,0,11
1,0,0,0,1
1,0,0,0,1
1,0,0,0,1
2,0,0,0,2
1,0,0,0,1
1,0,0,0,1
2,0,0,0,2
1,0,0,0,1
3,33,0,0,36
1,0,0,0,1
2,0,0,0,2
1,0,0,0,1
1,0,0,0,1
1,0,0,0,1
1,0,0,0,1
3,0,0,0,3
1,0,0,0,1
1,0,0,0,1
1,0,0,0,1
1,0,0,0,1
1,0,0,0,1
1,0,0,0,1
2,0,0,0,2
1,0,0,0,1
1,0,0,0,1
6,0,0,0,6
1,0,0,0,1
1,0,0,0,1
1,0,0,0,1
3,0,0,0,3
1,0,0,0,1
1,0,0,0,1
2,0,0,0,2
1,0,0,0,1
1,0,0,0,1
4,0,0,0,4
1,0,0,0,1
1,0,0,0,1
1,0,0,0,1
2,0,0,0,2
1,0,0,0,1
1,0,0,0,1
1,0,0,0,1
2,0,0,0,2
1,0,0,0,1
1,0,0,0,1
3,0,0,0,3
1,0,0,0,1
10,0,0,0,10
2,0,0,0,2
1,0,0,0,1
3,0,0,0,3
1,0,0,0,1
1,0,0,0,1
1,0,0,0,1
1,0,0,0,1
1,0,0,0,1
1,0,0,0,1
2,0,0,0,2
1,0,0,0,1
2,0,1,0,3
1,0,0,0,1
2,1,0,0,3
1,0,0,0,1
2,0,0,0,2
1,0,0,0,1
1,0,0,0,1
1,0,0,0,1
17,0,0,0,17
2,0,0,0,2
1,0,0,0,1
1,0,0,0,1
1,0,0,0,1
1,0,0,0,1
2,0,0,0,2
1,0,0,0,1
1,0,0,0,1
1,0,0,0,1
6,0,0,0,6
1,0,0,0,1
2,0,0,0,2
2,0,0,0,2
1,1,0,0,2
1,0,0,0,1
1,0,0,0,1
1,0,0,0,1
1,0,0,0,1
1,0,0,0,1
1,0,0,0,1
1,0,0,0,1
5,0,0,0,5
4,0,0,0,4
1,0,0,0,1
1,0,0,0,1
1,0,0,0,1
1,0,0,0,1
1,0,0,0,1
1,0,0,0,1
1,0,0,0,1
2,0,0,0,2
4,0,0,0,4
2,0,0,0,2
1,0,0,0,1
1,0,0,0,1
1,0,0,0,1
2,0,0,0,2
1,0,0,0,1
2,0,0,0,2
10,0,0,0,10
1,0,0,0,1
1,0,0,0,1
4,0,0,0,4
1,0,0,0,1
1,0,0,0,1
1,0,0,0,1
5,3,0,0,8
1,0,0,0,1
1,0,0,0,1
1,0,0,0,1
2,0,0,0,2
2,0,0,0,2
1,0,0,0,1
2,0,0,0,2
3,0,0,0,3
1,0,0,0,1
1,0,0,0,1
5,0,0,0,5
1,0,0,0,1
1,0,0,0,1
1,0,0,0,1
1,0,0,0,1
1,0,0,0,1
2,0,0,0,2
1,0,0,0,1
1,0,0,0,1
6,0,0,0,6
1,0,0,0,1
1,0,0,0,1
1,0,0,0,1
1,0,0,0,1
1,0,0,0,1
1,0,0,0,1
1,0,0,0,1
1,0,0,0,1
1,0,0,0,1
1,0,0,0,1
1,0,0,0,1
6,4,0,0,10
1,0,0,0,1
1,0,0,0,1
2,0,0,0,2
1,0,0,0,1
1,0,0,0,1
1,0,0,0,1
1,0,0,0,1
1,0,0,0,1
1,0,0,0,1
1,0,0,0,1
1,0,0,0,1
1,0,0,0,1
2,0,0,0,2
1,0,0,0,1
1,0,0,0,1
3,0,0,0,3
1,0,0,0,1
1,0,0,0,1
1,0,0,0,1
1,0,0,0,1
2,0,0,0,2
3,0,0,0,3
2,0,0,0,2
1,2,0,0,3
1,0,0,0,1
1,0,0,0,1
2,0,0,0,2
5,0,0,0,5
1,0,0,0,1
1,0,0,0,1
4,0,0,0,4
1,0,0,0,1
3,0,0,0,3
2,0,0,0,2
1,0,0,0,1
1,0,0,0,1
3,0,0,0,3
1,0,0,0,1
4,0,0,0,4
2,0,0,0,2
1,0,0,0,1
8,1,0,0,9
2,5,0,0,7
1,0,0,0,1
1,0,0,0,1
1,0,0,0,1
2,0,0,0,2
2,0,0,0,2
1,0,0,0,1
2,0,0,0,2
10,0,0,0,10
1,0,0,0,1
1,0,0,0,1
1,0,0,0,1
7,0,0,0,7
1,0,0,0,1
1,0,0,0,1
7,0,0,0,7
1,0,0,0,1
1,0,0,0,1
1,0,0,0,1
1,0,0,0,1
1,0,0,0,1
1,0,0,0,1
1,0,0,0,1
2,1,0,0,3
1,0,0,0,1
1,0,0,0,1
1,0,0,0,1
1,0,0,0,1
3,0,0,0,3
2,0,0,0,2
7,0,0,0,7
3,0,0,0,3
1,0,0,0,1
1,0,0,0,1
2,0,0,0,2
1,0,0,0,1
1,0,0,0,1
3,0,0,0,3
1,5,2,0,8
1,0,0,0,1
1,0,0,0,1
1,0,0,0,1
1,0,0,0,1
1,0,0,0,1
3,0,0,0,3
4,0,0,0,4
1,0,0,0,1
1,0,0,0,1
1,0,0,0,1
1,0,0,0,1
2,0,0,0,2
1,0,0,0,1
1,0,0,0,1
5,0,0,0,5
1,0,0,0,1
2,0,0,0,2
24,3,0,0,27
3,0,0,0,3
2,0,0,0,2
2,0,0,0,2
1,24,0,0,25
1,0,0,0,1
1,0,0,0,1
4,0,0,0,4
1,0,0,0,1
1,0,0,0,1
1,5,0,0,6
5,0,0,0,5
8,0,0,0,8
3,0,0,0,3
1,0,0,0,1
3,0,0,0,3
1,0,0,0,1
4,1,0,0,5
4,0,0,0,4
3,0,0,0,3
1,0,0,0,1
2,0,0,0,2
2,0,0,0,2
1,0,0,0,1
2,0,0,0,2
1,0,0,0,1
1,0,0,0,1
1,0,0,0,1
2,0,0,0,2
3,3,0,0,6
1,0,0,0,1
2,2,0,0,4
2,0,0,0,2
2,1,0,0,3
1,0,0,0,1
1,0,0,0,1
5,0,0,0,5
1,0,0,0,1
1,0,0,0,1
2,0,0,0,2
1,0,0,0,1
1,0,0,0,1
1,0,0,0,1
3,0,0,0,3
2,0,0,0,2
3,0,0,0,3
1,0,0,0,1
1,0,0,0,1
2,0,0,0,2
1,0,0,0,1
1,0,0,0,1
5,0,0,0,5
1,3,0,0,4
1,0,0,0,1
1,0,0,0,1
1,0,0,0,1
5,0,0,0,5
2,0,0,0,2
2,0,0,0,2
3,0,0,0,3
1,0,0,0,1
1,0,0,0,1
1,0,0,0,1
2,0,0,0,2
3,0,0,0,3
3,0,0,0,3
1,0,0,0,1
1,0,0,0,1
5,0,0,0,5
1,0,0,0,1
1,0,0,0,1
1,0,0,0,1
1,0,0,0,1
1,0,0,0,1
3,0,0,0,3
2,0,0,0,2
2,0,0,0,2
1,0,0,0,1
1,0,0,0,1
4,0,0,0,4
1,0,0,0,1
1,0,0,0,1
4,1,1,0,6
3,0,0,0,3
3,0,0,0,3
2,0,0,0,2
1,0,0,0,1
2,0,0,0,2
1,0,0,0,1
4,0,0,0,4
1,0,0,0,1
5,0,0,0,5
1,1,0,0,2
1,0,0,0,1
3,0,0,0,3
1,0,0,0,1
1,0,0,0,1
5,0,0,0,5
1,0,0,0,1
1,0,0,0,1
2,0,0,0,2
2,0,0,0,2
1,0,0,0,1
1,0,0,0,1
10,0,0,0,10
1,0,0,0,1
1,0,0,0,1
1,0,0,0,1
1,0,0,0,1
1,0,0,0,1
1,0,0,0,1
2,0,0,0,2
4,0,0,0,4
1,0,0,0,1
1,0,0,0,1
1,0,0,0,1
5,3,0,0,8
2,0,0,0,2
1,0,0,0,1
1,0,0,0,1
2,0,0,0,2
1,0,0,0,1
8,2,0,0,10
1,0,0,0,1
1,0,0,0,1
3,0,0,0,3
3,0,0,0,3
2,0,0,0,2
3,0,0,0,3
1,0,0,0,1
1,0,0,0,1
1,0,0,0,1
1,0,0,0,1
3,0,0,0,3
3,0,0,0,3
1,0,0,0,1
1,0,0,0,1
1,0,0,0,1
1,1,0,0,2
1,0,0,0,1
12,1,0,0,13
3,0,0,0,3
1,0,0,0,1
4,0,0,0,4
1,3,1,0,5
1,0,0,0,1
1,0,0,0,1
1,0,0,0,1
1,0,0,0,1
1,0,0,0,1
2,0,0,0,2
1,0,0,0,1
1,0,0,0,1
1,0,0,0,1
3,0,0,0,3
3,0,0,0,3
1,0,0,0,1
2,0,0,0,2
1,0,0,0,1
2,0,0,0,2
1,0,0,0,1
20,0,0,0,20
2,0,0,0,2
3,0,0,0,3
4,0,0,0,4
1,0,0,0,1
2,0,0,0,2
1,0,0,0,1
6,1,0,0,7
1,0,0,0,1
1,0,0,0,1
1,0,0,0,1
4,0,0,0,4
2,0,0,0,2
1,0,0,0,1
6,1,0,0,7
7,0,0,0,7
1,0,0,0,1
2,0,0,0,2
5,0,0,0,5
8,7,0,0,15
1,0,0,0,1
1,0,0,0,1
1,0,1,0,2
1,0,0,0,1
1,0,0,0,1
3,0,0,0,3
4,0,0,0,4
2,0,0,0,2
2,0,0,0,2
2,0,0,0,2
1,0,0,0,1
2,0,0,0,2
3,0,0,0,3
1,0,0,0,1
1,0,0,0,1
1,0,0,0,1
3,0,0,0,3
2,0,0,0,2
1,0,0,0,1
1,0,0,0,1
1,0,0,0,1
1,0,0,0,1
1,0,0,0,1
2,0,0,0,2
2,0,0,0,2
1,0,0,0,1
1,0,0,0,1
1,0,0,0,1
1,0,0,0,1
1,0,0,0,1
10,10,3,0,23
5,2,0,0,7
1,0,0,0,1
2,0,0,0,2
1,0,0,0,1
1,0,0,0,1
1,0,0,0,1
1,0,0,0,1
1,0,0,0,1
3,0,0,0,3
2,0,0,0,2
1,0,0,0,1
8,2,0,0,10
5,9,2,0,16
1,0,0,0,1
1,0,0,0,1
2,0,0,0,2
1,0,0,0,1
2,0,0,0,2
3,0,0,0,3
1,0,0,0,1
2,0,0,0,2
3,0,0,0,3
1,0,0,0,1
1,0,0,0,1
1,0,0,0,1
3,1,0,0,4
1,1,0,0,2
1,0,0,0,1
2,0,0,0,2
1,2,0,0,3
1,4,0,0,5
1,0,0,0,1
1,0,0,0,1
1,0,0,0,1
4,0,0,0,4
2,0,0,0,2
1,0,0,0,1
1,0,0,0,1
1,0,0,0,1
1,0,0,0,1
1,0,0,0,1
1,0,0,0,1
1,0,0,0,1
1,0,0,0,1
1,0,0,0,1
1,0,0,0,1
1,0,0,0,1
1,0,0,0,1
4,50,0,0,54
3,0,0,0,3
1,0,0,0,1
4,0,0,0,4
1,0,0,0,1
1,0,0,0,1
3,0,0,0,3
1,0,0,0,1
1,0,0,0,1
3,0,0,0,3
1,0,0,0,1
1,0,0,0,1
3,0,0,0,3
1,0,0,0,1
2,0,0,0,2
1,0,0,0,1
1,0,0,0,1
1,0,0,0,1
1,0,0,0,1
1,0,0,0,1
1,0,0,0,1
1,0,0,0,1
1,0,0,0,1
1,0,0,0,1
3,0,0,0,3
1,0,0,0,1
2,0,0,0,2
1,0,0,0,1
11,0,0,0,11
1,0,0,0,1
1,0,0,0,1
1,0,0,0,1
2,1,0,0,3
1,0,0,0,1
3,0,0,0,3
1,0,0,0,1
2,0,0,0,2
1,1,0,0,2
1,0,0,0,1
1,0,0,0,1
1,0,0,0,1
4,0,0,0,4
3,0,0,0,3
1,20,0,0,21
2,0,0,0,2
1,0,0,0,1
1,0,0,0,1
2,0,0,0,2
1,0,0,0,1
1,0,0,0,1
1,0,0,0,1
3,0,0,0,3
8,1,0,0,9
1,0,0,0,1
1,0,0,0,1
1,0,0,0,1
1,0,0,0,1
1,0,0,0,1
1,0,0,0,1
1,0,0,0,1
1,0,0,0,1
1,0,0,0,1
7,0,0,0,7
1,0,0,0,1
2,0,0,0,2
2,0,0,0,2
1,0,0,0,1
1,0,0,0,1
1,0,0,0,1
2,287,0,0,289
2,0,0,0,2
1,0,0,0,1
1,0,0,0,1
2,0,0,0,2
1,0,0,0,1
2,0,0,0,2
1,0,0,0,1
4,0,0,0,4
1,0,0,0,1
1,0,0,0,1
1,0,0,0,1
1,0,0,0,1
3,0,0,0,3
2,0,0,0,2
1,0,0,0,1
1,0,0,0,1
1,0,0,0,1
3,0,0,0,3
3,0,0,0,3
7,3,0,0,10
1,14,0,0,15
4,0,0,0,4
2,0,0,0,2
5,183,0,0,188
1,0,0,0,1
2,0,0,0,2
2,0,0,0,2
1,0,0,0,1
1,0,0,0,1
1,0,0,0,1
6,0,0,0,6
2,1,0,0,3
1,0,0,0,1
1,2,0,0,3
1,0,0,0,1
1,0,0,0,1
1,0,0,0,1
1,0,0,0,1
1,0,0,0,1
2,0,0,0,2
1,0,0,0,1
1,0,0,0,1
1,0,0,0,1
1,0,0,0,1
1,1,0,0,2
1,0,0,0,1
4,0,0,0,4
1,0,0,0,1
1,0,0,0,1
3,0,1,0,4
1,0,0,0,1
2,0,0,0,2
1,0,0,0,1
1,0,0,0,1
1,0,0,0,1
4,0,0,0,4
1,0,0,0,1
1,0,0,0,1
4,0,0,0,4
1,0,0,0,1
1,0,0,0,1
5,0,0,0,5
1,0,0,0,1
1,122,0,0,123
1,0,0,0,1
1,0,0,0,1
1,0,0,0,1
7,0,0,0,7
1,0,0,0,1
1,0,0,0,1
1,0,0,0,1
1,0,0,0,1
1,0,0,0,1
1,0,0,0,1
2,0,0,0,2
1,0,0,0,1
1,0,0,0,1
1,0,0,0,1
1,0,0,0,1
7,0,0,0,7
1,0,0,0,1
1,0,0,0,1
1,0,0,0,1
1,0,0,0,1
1,0,0,0,1
1,0,0,0,1
2,0,0,0,2
1,0,0,0,1
1,0,0,0,1
3,0,0,0,3
4,1,0,0,5
2,0,0,0,2
1,0,0,0,1
2,0,0,0,2
1,0,0,0,1
1,0,0,0,1
3,0,0,0,3
1,0,0,0,1
1,0,0,0,1
1,0,0,0,1
2,0,0,0,2
1,0,0,0,1
1,0,0,0,1
1,0,0,0,1
1,0,0,0,1
1,0,0,0,1
2,0,0,0,2
1,0,0,0,1
2,0,0,0,2
1,0,0,0,1
6,0,0,0,6
10,14,1,0,25
1,0,0,0,1
1,0,0,0,1
1,0,0,0,1
2,0,0,0,2
1,0,0,0,1
4,0,0,0,4
1,0,0,0,1
1,0,0,0,1
2,0,0,0,2
1,0,0,0,1
1,0,0,0,1
1,0,0,0,1
7,0,0,0,7
1,0,0,0,1
1,0,0,0,1
1,0,0,0,1
1,0,0,0,1
1,0,0,0,1
1,0,0,0,1
1,0,0,0,1
1,0,0,0,1
1,0,0,0,1
2,0,0,0,2
3,0,1,0,4
9,0,0,0,9
1,0,0,0,1
2,0,0,0,2
2,0,0,0,2
2,0,0,0,2
1,0,0,0,1
1,0,0,0,1
2,0,0,0,2
1,0,0,0,1
11,6,2,0,19
1,0,0,0,1
1,0,0,0,1
1,0,0,0,1
1,0,0,0,1
1,0,0,0,1
4,0,0,0,4
1,0,0,0,1
1,0,0,0,1
1,0,0,0,1
1,4,0,0,5
1,0,0,0,1
1,0,0,0,1
4,1,0,0,5
6,0,0,0,6
6,0,0,0,6
2,0,0,0,2
2,0,0,0,2
1,0,0,0,1
1,0,0,0,1
1,0,0,0,1
4,0,0,0,4
1,0,0,0,1
1,0,0,0,1
4,0,0,0,4
11,1,0,0,12
2,0,0,0,2
1,0,0,0,1
1,0,0,0,1
1,0,0,0,1
1,0,0,0,1
11,0,0,0,11
1,0,0,0,1
2,0,0,0,2
2,0,0,0,2
1,0,0,0,1
2,0,0,0,2
1,0,0,0,1
2,0,0,0,2
1,0,0,0,1
8,30,0,0,38
1,0,0,0,1
1,0,0,0,1
2,15,0,0,17
1,0,0,0,1
1,0,0,0,1
3,0,0,0,3
1,0,0,0,1
1,1,0,0,2
8,0,0,0,8
2,0,0,0,2
1,0,0,0,1
1,0,0,0,1
1,0,0,0,1
2,0,0,0,2
3,2,4,0,9
5,2,2,0,9
1,0,0,0,1
3,0,0,0,3
6,0,1,0,7
1,0,0,0,1
1,0,0,0,1
2,0,0,0,2
1,0,0,0,1
3,0,0,0,3
3,0,0,0,3
1,0,0,0,1
1,0,0,0,1
2,0,0,0,2
1,0,0,0,1
2,2,0,0,4
1,0,0,0,1
1,0,0,0,1
1,0,0,0,1
1,0,0,0,1
1,0,0,0,1
2,0,0,0,2
1,0,0,0,1
1,0,0,0,1
1,0,0,0,1
1,0,0,0,1
2,0,0,0,2
1,0,0,0,1
3,0,0,0,3
1,7,0,0,8
1,0,0,0,1
3,0,0,0,3
1,0,0,0,1
1,0,0,0,1
1,5,0,0,6
1,0,0,0,1
1,0,0,0,1
2,0,0,0,2
1,0,0,0,1
1,0,0,0,1
3,0,0,0,3
1,0,0,0,1
2,0,0,0,2
1,0,0,0,1
1,0,0,0,1
1,0,0,0,1
1,0,0,0,1
1,0,0,0,1
1,0,0,0,1
1,0,0,0,1
1,0,0,0,1
1,0,0,0,1
2,0,0,0,2
4,0,0,0,4
4,0,0,0,4
1,0,0,0,1
1,0,0,0,1
3,0,0,0,3
1,0,0,0,1
1,0,0,0,1
1,0,0,0,1
1,25,0,0,26
1,0,0,0,1
6,0,0,0,6
1,0,0,0,1
1,0,0,0,1
8,0,0,0,8
9,0,0,0,9
2,0,0,0,2
1,0,0,0,1
1,0,0,0,1
1,0,0,0,1
2,0,0,0,2
2,0,0,0,2
9,0,0,0,9
1,0,0,0,1
3,0,0,0,3
1,0,0,0,1
1,0,0,0,1
1,0,0,0,1
2,0,0,0,2
9,0,0,0,9
2,0,0,0,2
1,0,0,0,1
1,0,0,0,1
1,0,0,0,1
1,0,0,0,1
1,0,0,0,1
1,0,0,0,1
1,0,0,0,1
2,0,0,0,2
1,0,0,0,1
7,0,0,0,7
2,0,0,0,2
1,0,0,0,1
1,0,0,0,1
3,0,0,0,3
2,0,0,0,2
1,0,0,0,1
1,0,0,0,1
2,0,0,0,2
2,0,0,0,2
1,0,0,0,1
5,28,0,0,33
2,0,0,0,2
4,0,0,0,4
1,0,0,0,1
1,0,0,0,1
1,0,0,0,1
1,0,0,0,1
1,0,0,0,1
1,0,0,0,1
3,0,0,0,3
1,0,0,0,1
1,0,0,0,1
9,0,0,0,9
1,0,0,0,1
2,6,0,0,8
1,0,0,0,1
1,0,0,0,1
1,0,0,0,1
1,0,0,0,1
2,0,0,0,2
10,3,0,0,13
1,0,0,0,1
3,0,0,0,3
1,0,0,0,1
1,0,0,0,1
1,0,0,0,1
1,0,0,0,1
1,0,0,0,1
1,0,0,0,1
1,0,0,0,1
5,0,0,0,5
1,0,0,0,1
3,0,0,0,3
1,0,0,0,1
1,9,0,0,10
2,0,0,0,2
2,0,0,0,2
1,0,0,0,1
1,0,0,0,1
1,0,0,0,1
2,0,0,0,2
1,0,0,0,1
1,0,0,0,1
1,0,0,0,1
2,0,0,0,2
1,0,0,0,1
1,0,0,0,1
1,0,0,0,1
1,0,0,0,1
1,0,0,0,1
4,0,0,0,4
1,0,0,0,1
1,0,0,0,1
3,0,0,0,3
2,0,0,0,2
1,0,0,0,1
3,0,0,0,3
1,0,0,0,1
2,0,0,0,2
1,0,0,0,1
1,0,0,0,1
1,0,0,0,1
1,0,0,0,1
2,0,0,0,2
1,0,0,0,1
1,0,0,0,1
1,0,0,0,1
1,0,0,0,1
11,0,0,0,11
1,0,0,0,1
1,0,0,0,1
1,2,0,0,3
3,0,0,0,3
1,0,0,0,1
1,0,0,0,1
6,1,0,0,7
1,0,0,0,1
1,0,0,0,1
1,1,0,0,2
1,0,0,0,1
1,0,0,0,1
1,0,0,0,1
1,0,0,0,1
1,0,0,0,1
3,0,0,0,3
3,0,0,0,3
2,0,0,0,2
9,7,2,0,18
1,0,0,0,1
1,0,0,0,1
2,0,0,0,2
2,0,0,0,2
1,0,0,0,1
1,0,0,0,1
1,0,0,0,1
1,0,0,0,1
1,0,0,0,1
4,0,0,0,4
1,0,0,0,1
1,0,0,0,1
1,0,0,0,1
1,0,0,0,1
1,0,0,0,1
1,0,0,0,1
2,2,1,0,5
1,0,0,0,1
1,0,0,0,1
2,0,0,0,2
2,0,0,0,2
2,0,0,0,2
1,0,0,0,1
1,0,0,0,1
1,0,0,0,1
5,0,0,0,5
1,0,0,0,1
1,0,0,0,1
3,0,0,0,3
2,0,0,0,2
2,0,0,0,2
1,0,0,0,1
1,0,0,0,1
1,0,0,0,1
1,0,0,0,1
1,0,0,0,1
1,0,0,0,1
2,0,0,0,2
1,0,0,0,1
2,0,0,0,2
1,0,0,0,1
3,0,0,0,3
1,0,0,0,1
1,0,0,0,1
1,0,0,0,1
3,0,0,0,3
3,0,0,0,3
3,0,0,0,3
1,0,0,0,1
4,0,0,0,4
1,0,0,0,1
1,0,0,0,1
2,0,0,0,2
1,0,0,0,1
5,0,0,0,5
1,0,0,0,1
1,0,0,0,1
15,0,0,0,15
3,0,0,0,3
1,0,0,0,1
1,0,0,0,1
1,0,0,0,1
1,0,0,0,1
1,0,0,0,1
1,0,0,0,1
1,0,0,0,1
3,0,0,0,3
1,0,0,0,1
1,0,0,0,1
1,0,0,0,1
2,5,0,0,7
1,0,0,0,1
1,0,0,0,1
1,0,0,0,1
2,0,0,0,2
1,0,0,0,1
1,1,0,0,2
19,2,0,0,21
2,0,0,0,2
1,0,0,0,1
1,0,0,0,1
4,0,0,0,4
1,0,0,0,1
3,0,0,0,3
2,0,0,0,2
8,0,0,0,8
1,0,0,0,1
1,0,0,0,1
1,0,0,0,1
1,0,0,0,1
1,1,0,0,2
2,0,0,0,2
3,0,0,0,3
4,0,0,0,4
2,0,0,0,2
7,0,0,0,7
1,0,0,0,1
1,0,0,0,1
1,0,0,0,1
2,0,0,0,2
1,0,0,0,1
1,0,0,0,1
1,0,0,0,1
1,0,0,0,1
1,0,0,0,1
1,0,0,0,1
1,0,0,0,1
1,0,0,0,1
1,0,0,0,1
1,0,0,0,1
1,0,0,0,1
1,2,0,0,3
2,0,0,0,2
1,0,0,0,1
2,0,0,0,2
1,0,0,0,1
2,0,0,0,2
1,0,0,0,1
1,0,0,0,1
12,0,0,0,12
9,0,0,0,9
1,0,0,0,1
1,0,0,0,1
1,0,0,0,1
2,0,0,0,2
1,0,0,0,1
2,0,0,0,2
7,0,0,0,7
1,0,0,0,1
1,0,0,0,1
1,0,0,0,1
1,0,0,0,1
1,0,0,0,1
1,0,0,0,1
2,0,0,0,2
6,0,0,0,6
1,0,0,0,1
1,0,0,0,1
1,0,0,0,1
2,0,0,0,2
2,0,0,0,2
2,0,0,0,2
1,0,0,0,1
3,0,0,0,3
1,0,0,0,1
1,0,0,0,1
1,0,0,0,1
2,0,0,0,2
1,0,0,0,1
3,0,0,0,3
1,0,0,0,1
5,0,0,0,5
1,0,0,0,1
2,0,0,0,2
1,0,0,0,1
2,0,0,0,2
1,0,0,0,1
1,0,0,0,1
1,0,0,0,1
3,0,0,0,3
2,0,0,0,2
5,2,0,0,7
2,1,1,0,4
1,0,0,0,1
7,0,0,0,7
1,0,0,0,1
1,0,0,0,1
1,0,0,0,1
2,0,0,0,2
1,0,0,0,1
1,0,0,0,1
1,0,0,0,1
3,0,0,0,3
1,0,0,0,1
1,0,0,0,1
2,0,0,0,2
1,0,0,0,1
1,0,0,0,1
2,0,0,0,2
1,0,0,0,1
1,0,0,0,1
1,0,0,0,1
2,0,0,0,2
7,0,0,0,7
2,0,0,0,2
2,0,0,0,2
1,0,0,0,1
1,0,0,0,1
2,0,0,0,2
1,0,0,0,1
2,0,0,0,2
8,9,0,0,17
1,0,0,0,1
1,0,0,0,1
1,0,0,0,1
1,0,0,0,1
1,0,0,0,1
1,0,0,0,1
2,0,0,0,2
1,0,0,0,1
1,0,0,0,1
1,0,0,0,1
4,0,0,0,4
1,0,0,0,1
4,0,0,0,4
1,0,0,0,1
1,0,0,0,1
1,0,0,0,1
1,0,0,0,1
3,0,0,0,3
3,0,0,0,3
1,0,0,0,1
4,0,0,0,4
1,0,0,0,1
1,0,0,0,1
3,0,0,0,3
1,0,0,0,1
1,0,0,0,1
5,0,0,0,5
1,0,0,0,1
2,0,0,0,2
3,0,0,0,3
1,0,0,0,1
1,0,0,0,1
1,0,0,0,1
1,0,0,0,1
1,0,0,0,1
1,0,0,0,1
14,1,0,0,15
7,0,0,0,7
1,0,0,0,1
1,0,0,0,1
1,0,0,0,1
1,0,0,0,1
3,0,0,0,3
3,0,0,0,3
1,0,0,0,1
1,0,0,0,1
6,0,0,0,6
1,0,0,0,1
1,0,0,0,1
3,0,0,0,3
1,0,0,0,1
2,1,1,0,4
5,0,0,0,5
1,0,0,0,1
1,0,0,0,1
1,0,0,0,1
10,1,0,0,11
5,0,0,0,5
1,0,0,0,1
3,0,0,0,3
5,0,0,0,5
4,0,0,0,4
5,0,0,0,5
1,0,0,0,1
1,0,0,0,1
2,0,0,0,2
1,0,0,0,1
1,0,0,0,1
1,0,0,0,1
16,3,0,0,19
1,0,0,0,1
1,0,0,0,1
1,0,0,0,1
3,0,0,0,3
1,0,0,0,1
1,0,0,0,1
1,0,0,0,1
3,0,0,0,3
1,0,0,0,1
3,0,0,0,3
1,1,0,0,2
1,0,0,0,1
1,0,0,0,1
1,0,0,0,1
1,0,0,0,1
1,0,0,0,1
9,0,0,0,9
1,0,0,0,1
1,0,0,0,1
1,0,0,0,1
3,98,0,0,101
1,0,0,0,1
1,0,0,0,1
1,0,0,0,1
2,0,0,0,2
1,0,0,0,1
5,4,0,0,9
2,0,0,0,2
3,0,0,0,3
1,0,0,0,1
1,0,0,0,1
18,0,0,0,18
12,43,1,0,56
3,7,1,0,11
11,13,0,0,24
1,0,0,0,1
1,0,0,0,1
1,0,0,0,1
4,0,0,0,4
1,0,0,0,1
3,0,0,0,3
1,0,0,0,1
1,0,0,0,1
1,0,0,0,1
1,0,0,0,1
1,0,0,0,1
1,0,0,0,1
2,0,0,0,2
2,0,0,0,2
1,0,0,0,1
2,0,0,0,2
1,0,0,0,1
2,0,0,0,2
1,0,0,0,1
4,0,0,0,4
3,0,0,0,3
1,0,0,0,1
1,0,0,0,1
4,0,0,0,4
2,0,0,0,2
2,0,0,0,2
1,0,0,0,1
1,0,0,0,1
1,0,0,0,1
1,0,0,0,1
1,0,0,0,1
7,0,0,0,7
1,0,0,0,1
1,0,0,0,1
2,0,0,0,2
2,0,0,0,2
2,0,0,0,2
3,0,0,0,3
1,0,0,0,1
1,0,0,0,1
1,0,0,0,1
1,0,0,0,1
2,0,0,0,2
1,0,0,0,1
1,0,0,0,1
1,0,0,0,1
1,0,0,0,1
2,0,0,0,2
13,0,2,0,15
1,0,0,0,1
6,1,0,0,7
1,0,0,0,1
1,0,0,0,1
1,0,0,0,1
1,0,0,0,1
1,0,0,0,1
1,0,0,0,1
1,0,0,0,1
1,0,0,0,1
8,0,0,0,8
4,0,0,0,4
6,0,0,0,6
2,0,0,0,2
6,0,0,0,6
1,0,0,0,1
2,0,0,0,2
1,0,0,0,1
5,0,0,0,5
1,0,0,0,1
1,0,0,0,1
1,0,0,0,1
13,3,5,0,21
1,0,0,0,1
1,0,0,0,1
1,0,0,0,1
1,3,0,0,4
1,0,0,0,1
4,0,0,0,4
1,0,0,0,1
8,0,0,0,8
3,0,0,0,3
1,0,0,0,1
1,0,0,0,1
1,0,0,0,1
1,0,0,0,1
2,0,0,0,2
1,0,0,0,1
1,0,0,0,1
2,0,0,0,2
1,0,0,0,1
1,0,0,0,1
4,0,0,0,4
6,0,0,0,6
2,0,0,0,2
1,0,0,0,1
1,1,0,0,2
1,0,0,0,1
5,0,0,0,5
1,0,0,0,1
1,0,0,0,1
1,0,0,0,1
2,0,0,0,2
1,0,0,0,1
5,3,1,0,9
1,0,0,0,1
1,0,0,0,1
1,0,0,0,1
2,0,0,0,2
2,0,0,0,2
1,0,0,0,1
2,0,0,0,2
1,0,0,0,1
2,0,0,0,2
1,0,0,0,1
1,0,0,0,1
1,0,0,0,1
1,0,0,0,1
1,0,0,0,1
1,0,0,0,1
1,0,0,0,1
1,0,0,0,1
3,0,0,0,3
2,0,0,0,2
1,0,0,0,1
1,0,0,0,1
1,0,0,0,1
1,0,0,0,1
1,0,0,0,1
1,0,0,0,1
1,0,0,0,1
1,0,0,0,1
1,0,0,0,1
3,2,0,0,5
1,0,0,0,1
1,0,0,0,1
1,0,0,0,1
1,0,0,0,1
1,0,0,0,1
1,0,0,0,1
2,0,0,0,2
1,0,0,0,1
1,0,0,0,1
1,0,0,0,1
1,0,0,0,1
2,0,0,0,2
1,0,0,0,1
1,0,0,0,1
1,0,0,0,1
1,0,0,0,1
1,0,0,0,1
1,0,0,0,1
1,0,0,0,1
1,0,0,0,1
1,0,0,0,1
4,0,0,0,4
2,0,0,0,2
1,0,0,0,1
1,0,0,0,1
2,0,0,0,2
1,0,0,0,1
1,0,0,0,1
1,0,0,0,1
7,0,0,0,7
1,0,0,0,1
1,0,0,0,1
1,0,0,0,1
1,0,0,0,1
1,0,0,0,1
1,0,0,0,1
1,0,0,0,1
1,0,0,0,1
1,0,0,0,1
1,0,0,0,1
1,0,0,0,1
2,0,0,0,2
1,24,0,0,25
1,0,0,0,1
1,0,0,0,1
1,0,0,0,1
5,0,0,0,5
2,0,0,0,2
1,0,0,0,1
2,0,0,0,2
1,0,0,0,1
1,0,0,0,1
1,0,0,0,1
1,0,0,0,1
1,0,0,0,1
1,0,0,0,1
5,0,0,0,5
1,0,0,0,1
4,0,0,0,4
1,0,0,0,1
4,0,0,0,4
1,0,0,0,1
1,0,0,0,1
11,0,0,0,11
3,0,0,0,3
1,0,0,0,1
1,0,0,0,1
1,0,0,0,1
1,0,0,0,1
1,0,0,0,1
7,0,0,0,7
1,0,0,0,1
1,0,0,0,1
1,0,0,0,1
3,2,0,0,5
1,0,0,0,1
1,0,0,0,1
2,0,0,0,2
2,0,0,0,2
1,0,0,0,1
1,0,0,0,1
1,0,0,0,1
8,0,0,0,8
1,0,0,0,1
1,0,0,0,1
1,0,0,0,1
8,19,0,0,27
3,1,0,0,4
3,0,0,0,3
1,0,0,0,1
1,0,0,0,1
1,0,0,0,1
2,2,0,0,4
2,0,0,0,2
1,0,0,0,1
1,0,0,0,1
2,0,0,0,2
1,0,0,0,1
1,0,0,0,1
1,0,0,0,1
1,0,0,0,1
1,0,0,0,1
1,0,0,0,1
1,0,0,0,1
1,0,0,0,1
2,0,0,0,2
1,0,0,0,1
2,0,0,0,2
1,0,0,0,1
1,0,0,0,1
1,0,0,0,1
14,40,0,0,54
1,0,0,0,1
11,0,0,0,11
1,0,0,0,1
1,0,0,0,1
1,0,0,0,1
7,0,0,0,7
1,0,0,0,1
1,0,0,0,1
1,0,0,0,1
2,0,0,0,2
2,0,0,0,2
1,0,0,0,1
1,0,0,0,1
1,0,0,0,1
1,0,0,0,1
1,0,0,0,1
1,0,0,0,1
2,0,0,0,2
2,0,0,0,2
1,0,0,0,1
6,0,0,0,6
1,0,0,0,1
2,0,0,0,2
10,0,0,0,10
17,1,0,0,18
2,0,0,0,2
1,0,0,0,1
1,0,0,0,1
1,0,0,0,1
1,0,0,0,1
3,0,0,0,3
3,0,0,0,3
5,0,0,0,5
1,0,0,0,1
1,0,0,0,1
1,0,0,0,1
1,0,0,0,1
5,0,0,0,5
5,0,0,0,5
1,0,0,0,1
4,1,0,0,5
1,0,0,0,1
1,0,0,0,1
1,0,0,0,1
1,0,0,0,1
2,0,0,0,2
1,0,0,0,1
3,0,0,0,3
1,0,0,0,1
2,0,0,0,2
2,0,0,0,2
1,0,0,0,1
1,0,0,0,1
1,1,1,0,3
1,0,0,0,1
1,0,0,0,1
1,0,0,0,1
1,0,0,0,1
1,0,0,0,1
5,0,0,0,5
4,0,0,0,4
2,0,0,0,2
4,0,0,0,4
1,0,0,0,1
1,0,0,0,1
1,0,0,0,1
2,0,0,0,2
1,0,0,0,1
1,0,0,0,1
4,0,0,0,4
1,0,0,0,1
1,63,0,0,64
1,0,0,0,1
1,0,0,0,1
1,0,0,0,1
1,0,0,0,1
1,0,0,0,1
1,0,0,0,1
6,0,0,0,6
1,0,0,0,1
3,0,0,0,3
1,0,0,0,1
1,0,0,0,1
2,0,0,0,2
4,0,0,0,4
1,0,0,0,1
1,0,0,0,1
1,0,0,0,1
2,0,0,0,2
1,2,0,0,3
1,0,0,0,1
1,0,0,0,1
2,0,0,0,2
1,0,0,0,1
1,0,0,0,1
2,0,0,0,2
1,0,0,0,1
5,0,0,0,5
8,0,0,0,8
1,0,0,0,1
1,0,0,0,1
1,0,0,0,1
1,0,0,0,1
1,1,0,0,2
4,0,0,0,4
2,0,0,0,2
1,0,0,0,1
1,0,0,0,1
2,0,0,0,2
6,0,0,0,6
1,0,0,0,1
1,0,0,0,1
2,0,0,0,2
1,0,0,0,1
2,0,0,0,2
3,1,0,0,4
1,0,0,0,1
4,0,0,0,4
1,0,0,0,1
1,1,1,0,3
1,0,0,0,1
1,0,0,0,1
1,0,0,0,1
6,0,0,0,6
1,0,0,0,1
1,0,0,0,1
1,2,0,0,3
1,0,0,0,1
1,0,0,0,1
1,0,0,0,1
1,0,0,0,1
2,0,0,0,2
4,0,0,0,4
4,0,0,0,4
2,0,0,0,2
1,0,0,0,1
2,0,0,0,2
1,0,0,0,1
1,0,0,0,1
1,0,0,0,1
1,0,0,0,1
5,0,0,0,5
1,0,0,0,1
3,0,0,0,3
2,0,0,0,2
1,0,0,0,1
2,0,0,0,2
3,0,0,0,3
1,0,0,0,1
1,0,0,0,1
1,0,0,0,1
1,0,0,0,1
1,4,1,0,6
1,0,0,0,1
1,0,0,0,1
1,0,0,0,1
1,0,0,0,1
5,0,0,0,5
1,0,0,0,1
2,0,0,0,2
1,0,0,0,1
7,0,0,0,7
3,0,0,0,3
2,0,0,0,2
1,0,0,0,1
1,0,0,0,1
1,0,0,0,1
3,0,0,0,3
1,0,0,0,1
1,0,0,0,1
1,0,0,0,1
10,0,0,0,10
9,0,0,0,9
1,0,0,0,1
4,0,0,0,4
1,0,0,0,1
9,0,0,0,9
3,1,1,0,5
1,0,0,0,1
4,0,0,0,4
2,0,0,0,2
3,0,0,0,3
2,0,0,0,2
3,0,0,0,3
3,0,0,0,3
2,0,0,0,2
3,0,0,0,3
1,0,0,0,1
2,0,0,0,2
1,0,0,0,1
1,0,0,0,1
2,0,0,0,2
1,0,0,0,1
2,0,0,0,2
2,0,0,0,2
1,0,0,0,1
4,0,0,0,4
1,0,0,0,1
3,0,0,0,3
1,0,0,0,1
1,0,0,0,1
22,16,0,0,38
2,0,0,0,2
2,0,0,0,2
7,0,0,0,7
1,0,0,0,1
3,1,0,0,4
1,0,0,0,1
1,0,0,0,1
1,0,0,0,1
1,0,0,0,1
1,0,0,0,1
1,0,0,0,1
1,0,0,0,1
1,0,0,0,1
1,0,0,0,1
1,0,0,0,1
1,0,0,0,1
1,0,0,0,1
2,0,0,0,2
2,0,0,0,2
1,0,0,0,1
1,0,0,0,1
1,0,0,0,1
2,0,0,0,2
3,0,0,0,3
3,0,0,0,3
1,0,0,0,1
2,0,0,0,2
1,0,0,0,1
1,0,0,0,1
2,0,0,0,2
1,4,0,0,5
2,0,0,0,2
1,0,0,0,1
1,0,0,0,1
2,6,0,0,8
1,0,0,0,1
1,0,0,0,1
1,0,0,0,1
2,3,2,0,7
1,0,0,0,1
1,0,0,0,1
2,0,0,0,2
3,0,0,0,3
1,0,0,0,1
1,0,0,0,1
1,0,0,0,1
1,0,0,0,1
1,0,0,0,1
1,0,0,0,1
1,0,0,0,1
1,0,0,0,1
2,0,0,0,2
5,0,0,0,5
1,0,0,0,1
1,0,0,0,1
2,0,0,0,2
2,0,0,0,2
1,0,0,0,1
1,0,0,0,1
2,0,0,0,2
1,0,0,0,1
1,0,0,0,1
2,0,0,0,2
4,0,0,0,4
1,0,0,0,1
1,0,0,0,1
12,19,0,0,31
1,0,0,0,1
2,0,0,0,2
2,0,0,0,2
1,0,0,0,1
2,0,0,0,2
1,0,0,0,1
1,0,0,0,1
1,0,0,0,1
1,0,0,0,1
1,1,0,0,2
1,0,0,0,1
1,0,0,0,1
2,0,0,0,2
1,0,0,0,1
2,0,0,0,2
1,0,0,0,1
1,0,0,0,1
1,0,0,0,1
3,0,0,0,3
8,7,2,0,17
1,0,0,0,1
1,0,0,0,1
1,0,0,0,1
1,0,0,0,1
1,0,0,0,1
1,0,0,0,1
2,0,0,0,2
1,0,0,0,1
4,0,0,0,4
1,0,0,0,1
1,0,0,0,1
2,0,0,0,2
1,0,0,0,1
2,0,0,0,2
3,0,0,0,3
1,0,0,0,1
1,0,0,0,1
1,0,0,0,1
1,0,0,0,1
1,0,0,0,1
2,0,0,0,2
1,0,0,0,1
1,0,0,0,1
1,0,0,0,1
1,0,0,0,1
4,0,0,0,4
1,0,0,0,1
1,0,0,0,1
1,0,0,0,1
1,0,0,0,1
3,0,0,0,3
3,13,0,0,16
1,0,0,0,1
1,0,0,0,1
1,0,0,0,1
4,0,0,0,4
1,0,0,0,1
1,0,0,0,1
1,0,0,0,1
1,0,0,0,1
2,0,0,0,2
2,0,0,0,2
1,0,0,0,1
1,0,0,0,1
2,0,0,0,2
4,0,0,0,4
1,0,0,0,1
1,0,0,0,1
2,0,0,0,2
1,0,0,0,1
1,0,0,0,1
1,0,0,0,1
3,0,0,0,3
1,0,0,0,1
1,0,0,0,1
14,1,0,0,15
1,0,0,0,1
2,0,0,0,2
1,0,0,0,1
1,0,0,0,1
6,0,0,0,6
1,0,0,0,1
6,1,0,0,7
1,0,0,0,1
1,0,0,0,1
1,0,0,0,1
1,0,0,0,1
1,0,0,0,1
4,0,0,0,4
4,0,0,0,4
1,0,0,0,1
1,0,0,0,1
1,0,0,0,1
2,0,0,0,2
2,0,0,0,2
1,0,0,0,1
2,3,0,0,5
1,0,0,0,1
1,0,0,0,1
1,0,0,0,1
1,0,0,0,1
1,0,0,0,1
3,0,0,0,3
1,0,0,0,1
1,0,0,0,1
1,0,0,0,1
1,0,0,0,1
1,0,0,0,1
2,0,0,0,2
4,0,0,0,4
1,0,0,0,1
2,0,0,0,2
1,0,0,0,1
1,0,0,0,1
1,0,0,0,1
6,0,0,0,6
1,0,0,0,1
1,0,0,0,1
2,9,0,0,11
1,0,0,0,1
7,8,0,0,15
1,0,0,0,1
1,0,0,0,1
1,0,0,0,1
4,2,1,0,7
1,0,0,0,1
1,0,0,0,1
1,0,0,0,1
1,0,0,0,1
1,14,0,0,15
1,0,0,0,1
1,0,0,0,1
1,0,0,0,1
2,0,0,0,2
3,0,0,0,3
1,0,0,0,1
1,0,0,0,1
1,0,0,0,1
2,7,0,0,9
1,0,0,0,1
2,0,0,0,2
1,0,0,0,1
1,0,0,0,1
2,0,0,0,2
1,0,0,0,1
1,0,0,0,1
2,0,0,0,2
1,0,0,0,1
2,2,0,0,4
1,0,0,0,1
1,0,0,0,1
1,0,0,0,1
1,0,0,0,1
1,0,0,0,1
1,0,0,0,1
1,0,0,0,1
1,0,0,0,1
1,0,0,0,1
1,0,0,0,1
1,0,0,0,1
1,0,0,0,1
1,0,0,0,1
1,0,0,0,1
2,0,0,0,2
2,0,0,0,2
1,0,0,0,1
1,0,0,0,1
2,0,0,0,2
1,0,0,0,1
2,0,0,0,2
1,0,0,0,1
6,0,0,0,6
1,0,0,0,1
1,0,0,0,1
1,0,0,0,1
1,0,0,0,1
1,0,0,0,1
3,0,0,0,3
2,0,0,0,2
2,0,0,0,2
1,0,0,0,1
19,0,0,0,19
1,0,0,0,1
1,0,0,0,1
3,0,0,0,3
1,0,0,0,1
1,0,0,0,1
1,0,0,0,1
1,0,0,0,1
6,47,0,0,53
1,0,0,0,1
3,0,0,0,3
5,0,0,0,5
1,0,0,0,1
1,0,0,0,1
1,0,0,0,1
1,0,0,0,1
2,0,0,0,2
1,0,0,0,1
2,0,0,0,2
2,0,0,0,2
8,0,0,0,8
1,0,0,0,1
1,0,0,0,1
1,0,0,0,1
2,0,0,0,2
1,0,0,0,1
1,0,0,0,1
1,0,0,0,1
1,0,0,0,1
2,6,1,0,9
1,0,0,0,1
1,0,0,0,1
3,0,0,0,3
2,0,0,0,2
2,0,0,0,2
3,0,0,0,3
2,0,0,0,2
1,0,0,0,1
2,0,0,0,2
1,0,0,0,1
5,22,5,0,32
1,0,0,0,1
1,0,0,0,1
2,0,0,0,2
3,0,0,0,3
2,0,0,0,2
4,0,0,0,4
1,0,0,0,1
2,0,0,0,2
3,0,0,0,3
1,0,0,0,1
1,0,0,0,1
1,0,0,0,1
8,1,1,0,10
1,0,0,0,1
1,0,0,0,1
5,0,0,0,5
1,0,0,0,1
1,0,0,0,1
1,0,0,0,1
1,0,0,0,1
1,0,0,0,1
4,0,0,0,4
1,0,0,0,1
2,0,0,0,2
1,0,0,0,1
2,0,0,0,2
2,0,0,0,2
2,0,0,0,2
3,0,0,0,3
1,0,0,0,1
1,5,0,0,6
1,0,0,0,1
1,0,0,0,1
5,0,0,0,5
1,0,0,0,1
1,0,0,0,1
1,0,0,0,1
1,0,0,0,1
1,0,0,0,1
1,0,0,0,1
1,0,0,0,1
14,0,0,0,14
1,0,0,0,1
1,0,0,0,1
1,0,0,0,1
1,0,0,0,1
1,0,0,0,1
1,0,0,0,1
2,0,0,0,2
1,0,0,0,1
1,0,0,0,1
1,0,0,0,1
1,2,0,0,3
2,0,0,0,2
1,0,0,0,1
2,0,0,0,2
1,0,0,0,1
1,0,0,0,1
3,0,0,0,3
1,0,0,0,1
1,0,0,0,1
2,0,0,0,2
1,0,0,0,1
1,0,0,0,1
4,0,0,0,4
1,0,0,0,1
6,0,0,0,6
1,0,0,0,1
4,0,0,0,4
1,0,0,0,1
1,0,0,0,1
1,0,0,0,1
1,0,0,0,1
2,0,0,0,2
1,0,0,0,1
3,0,0,0,3
5,0,0,0,5
1,0,0,0,1
4,0,0,0,4
1,0,0,0,1
1,0,0,0,1
1,0,0,0,1
10,48,0,0,58
2,0,0,0,2
1,0,0,0,1
1,0,0,0,1
3,5,0,0,8
1,0,0,0,1
1,0,0,0,1
1,0,0,0,1
3,0,0,0,3
1,0,0,0,1
1,0,0,0,1
1,0,0,0,1
1,0,0,0,1
1,0,0,0,1
1,0,0,0,1
1,0,0,0,1
2,0,0,0,2
2,0,0,0,2
1,0,0,0,1
1,0,0,0,1
4,1,0,0,5
1,0,0,0,1
1,0,0,0,1
2,0,0,0,2
9,0,0,0,9
1,0,0,0,1
1,0,0,0,1
1,0,0,0,1
1,0,0,0,1
3,2,0,0,5
1,0,0,0,1
1,0,0,0,1
1,0,0,0,1
6,0,0,0,6
1,0,0,0,1
5,1,0,0,6
2,0,0,0,2
1,0,0,0,1
6,2,0,0,8
1,0,0,0,1
1,0,0,0,1
2,0,0,0,2
1,0,0,0,1
2,0,0,0,2
1,0,0,0,1
6,0,0,0,6
4,0,0,0,4
1,0,0,0,1
1,0,0,0,1
1,0,0,0,1
3,0,0,0,3
1,0,0,0,1
1,2,0,0,3
6,0,0,0,6
4,8,0,0,12
3,0,0,0,3
3,0,0,0,3
6,0,0,0,6
4,1,0,0,5
1,0,0,0,1
1,0,0,0,1
1,0,0,0,1
5,0,0,0,5
1,0,0,0,1
1,0,0,0,1
1,0,0,0,1
1,0,0,0,1
1,0,0,0,1
5,2,0,0,7
1,0,0,0,1
2,0,0,0,2
1,0,0,0,1
1,0,0,0,1
2,0,0,0,2
1,0,0,0,1
2,0,0,0,2
1,0,0,0,1
1,0,0,0,1
2,0,0,0,2
1,0,0,0,1
1,0,0,0,1
2,0,0,0,2
1,0,0,0,1
5,0,0,0,5
1,0,0,0,1
2,0,0,0,2
1,0,0,0,1
1,0,0,0,1
1,0,0,0,1
19,5,1,0,25
1,0,0,0,1
1,0,0,0,1
3,0,0,0,3
11,0,0,0,11
10,0,0,0,10
1,0,0,0,1
4,0,0,0,4
1,0,0,0,1
3,0,0,0,3
1,0,0,0,1
1,0,0,0,1
5,0,0,0,5
1,0,0,0,1
1,0,0,0,1
1,0,0,0,1
3,0,0,0,3
2,0,0,0,2
1,0,0,0,1
1,0,0,0,1
1,0,0,0,1
1,0,0,0,1
1,0,0,0,1
3,0,0,0,3
1,0,0,0,1
1,0,0,0,1
2,15,0,0,17
1,0,0,0,1
1,0,0,0,1
2,0,0,0,2
1,0,0,0,1
1,1,1,0,3
2,0,0,0,2
4,0,0,0,4
1,0,0,0,1
9,0,0,0,9
1,0,0,0,1
9,0,0,0,9
2,0,0,0,2
4,0,0,0,4
4,0,0,0,4
1,0,0,0,1
1,0,0,0,1
1,6,0,0,7
1,0,0,0,1
2,0,0,0,2
2,0,0,0,2
5,0,0,0,5
10,18,8,0,36
1,0,0,0,1
2,0,0,0,2
6,0,0,0,6
1,0,0,0,1
1,0,0,0,1
1,0,0,0,1
1,0,0,0,1
1,0,0,0,1
1,0,0,0,1
3,0,0,0,3
1,0,0,0,1
2,0,0,0,2
3,0,0,0,3
1,0,0,0,1
3,0,0,0,3
1,0,0,0,1
1,0,0,0,1
1,0,0,0,1
1,0,0,0,1
1,0,0,0,1
3,0,0,0,3
1,0,0,0,1
1,0,0,0,1
1,0,0,0,1
1,0,0,0,1
2,0,0,0,2
1,0,0,0,1
3,0,0,0,3
1,0,0,0,1
1,0,0,0,1
1,0,0,0,1
2,0,0,0,2
1,0,0,0,1
1,0,0,0,1
1,0,0,0,1
1,0,0,0,1
1,2,0,0,3
2,0,0,0,2
1,0,0,0,1
2,0,0,0,2
2,0,0,0,2
9,0,0,0,9
1,0,0,0,1
1,0,0,0,1
1,0,0,0,1
1,0,0,0,1
2,0,0,0,2
1,0,0,0,1
3,0,0,0,3
1,0,0,0,1
1,0,0,0,1
1,0,0,0,1
1,0,0,0,1
1,0,0,0,1
1,0,0,0,1
1,0,0,0,1
2,0,0,0,2
1,0,0,0,1
1,0,0,0,1
1,0,0,0,1
1,0,0,0,1
1,0,0,0,1
1,0,0,0,1
1,0,0,0,1
3,0,0,0,3
1,0,0,0,1
1,0,0,0,1
3,0,0,0,3
7,3,0,0,10
11,0,0,0,11
3,1,0,0,4
1,0,0,0,1
1,0,0,0,1
1,0,0,0,1
1,0,0,0,1
1,3,0,0,4
1,4,0,0,5
1,0,0,0,1
1,0,0,0,1
5,0,0,0,5
3,0,0,0,3
1,0,0,0,1
1,0,0,0,1
1,0,0,0,1
2,0,0,0,2
1,0,0,0,1
1,0,0,0,1
1,0,0,0,1
2,0,0,0,2
2,0,0,0,2
1,0,0,0,1
1,0,0,0,1
1,0,0,0,1
1,0,0,0,1
1,0,0,0,1
1,1,0,0,2
1,0,0,0,1
2,0,0,0,2
1,0,0,0,1
2,0,0,0,2
1,0,0,0,1
1,0,0,0,1
2,4,0,0,6
1,0,0,0,1
1,0,0,0,1
2,0,0,0,2
1,0,0,0,1
2,0,0,0,2
1,0,0,0,1
1,0,0,0,1
2,0,0,0,2
1,0,0,0,1
1,0,0,0,1
1,0,0,0,1
1,0,0,0,1
1,0,0,0,1
1,0,0,0,1
2,0,0,0,2
3,0,0,0,3
2,0,0,0,2
1,0,0,0,1
1,0,0,0,1
1,2,0,0,3
2,0,0,0,2
1,0,0,0,1
1,0,0,0,1
1,0,0,0,1
3,0,0,0,3
1,0,0,0,1
1,0,0,0,1
1,0,0,0,1
1,0,0,0,1
1,0,0,0,1
2,0,0,0,2
1,0,0,0,1
1,4,0,0,5
3,0,0,0,3
1,0,0,0,1
1,0,0,0,1
1,0,0,0,1
2,0,0,0,2
1,0,0,0,1
2,0,0,0,2
12,1,0,0,13
2,0,0,0,2
4,0,0,0,4
4,0,0,0,4
4,1,0,0,5
1,0,0,0,1
3,0,0,0,3
1,0,0,0,1
3,0,0,0,3
2,4,0,0,6
2,0,0,0,2
1,0,0,0,1
1,0,0,0,1
1,0,0,0,1
2,0,0,0,2
5,0,0,0,5
1,0,0,0,1
1,0,0,0,1
1,0,0,0,1
2,0,0,0,2
1,0,0,0,1
1,0,0,0,1
1,0,0,0,1
1,1,0,0,2
4,0,0,0,4
1,0,0,0,1
2,4,0,0,6
2,0,0,0,2
1,0,0,0,1
1,0,0,0,1
1,0,0,0,1
1,0,0,0,1
2,0,0,0,2
1,0,0,0,1
1,0,0,0,1
1,0,0,0,1
2,0,0,0,2
1,0,0,0,1
4,0,0,0,4
1,0,0,0,1
2,0,0,0,2
1,0,0,0,1
3,0,0,0,3
4,2,0,0,6
1,0,0,0,1
6,0,0,0,6
1,0,0,0,1
6,0,0,0,6
1,0,0,0,1
8,0,0,0,8
1,0,0,0,1
1,0,0,0,1
1,0,0,0,1
3,93,1,0,97
1,0,0,0,1
3,0,0,0,3
1,0,0,0,1
1,0,0,0,1
2,0,0,0,2
1,0,0,0,1
1,0,0,0,1
1,0,0,0,1
1,0,0,0,1
1,0,0,0,1
1,4,0,0,5
2,0,0,0,2
1,0,0,0,1
1,0,0,0,1
2,2,0,0,4
1,0,0,0,1
1,0,0,0,1
1,0,0,0,1
1,0,0,0,1
1,0,0,0,1
1,0,0,0,1
3,0,0,0,3
4,0,0,0,4
1,0,0,0,1
2,0,0,0,2
2,0,0,0,2
7,0,0,0,7
1,0,0,0,1
1,0,0,0,1
1,0,0,0,1
1,0,0,0,1
2,1,0,0,3
3,1,1,0,5
1,0,0,0,1
1,0,0,0,1
4,0,0,0,4
1,0,0,0,1
5,0,0,0,5
7,0,0,0,7
1,5,0,0,6
3,0,0,0,3
1,0,0,0,1
2,0,0,0,2
1,0,0,0,1
5,2,0,0,7
1,0,0,0,1
11,0,0,0,11
1,0,0,0,1
1,0,0,0,1
1,0,0,0,1
1,0,0,0,1
1,0,0,0,1
1,0,0,0,1
2,0,0,0,2
1,0,0,0,1
3,0,0,0,3
1,0,0,0,1
1,0,0,0,1
2,0,0,0,2
10,0,0,0,10
1,0,0,0,1
2,0,0,0,2
1,0,0,0,1
2,0,0,0,2
2,0,0,0,2
2,0,0,0,2
1,0,0,0,1
4,0,0,0,4
1,0,0,0,1
1,0,0,0,1
1,0,0,0,1
1,0,0,0,1
1,0,0,0,1
3,0,0,0,3
1,0,0,0,1
1,0,0,0,1
1,0,0,0,1
3,0,0,0,3
2,0,0,0,2
1,0,0,0,1
1,0,0,0,1
2,0,0,0,2
1,0,0,0,1
1,0,0,0,1
3,16,0,0,19
1,6,0,0,7
2,0,0,0,2
4,0,0,0,4
1,0,0,0,1
1,0,0,0,1
10,0,1,0,11
1,0,0,0,1
1,0,0,0,1
2,0,0,0,2
16,0,0,0,16
1,0,0,0,1
1,0,0,0,1
1,0,0,0,1
1,0,0,0,1
1,0,0,0,1
3,0,0,0,3
2,0,0,0,2
1,0,0,0,1
11,81,0,0,92
3,0,0,0,3
1,0,0,0,1
2,0,0,0,2
2,0,0,0,2
2,0,0,0,2
1,0,0,0,1
1,0,0,0,1
1,0,0,0,1
8,0,0,0,8
1,0,0,0,1
1,0,0,0,1
3,0,0,0,3
2,0,0,0,2
1,0,0,0,1
4,3,0,0,7
1,0,0,0,1
1,0,0,0,1
2,0,0,0,2
2,4,0,0,6
1,0,0,0,1
3,0,0,0,3
1,0,0,0,1
1,0,0,0,1
2,0,0,0,2
1,0,0,0,1
4,0,0,0,4
1,0,0,0,1
1,0,0,0,1
1,0,0,0,1
1,0,0,0,1
1,0,0,0,1
2,0,0,0,2
1,0,0,0,1
1,0,0,0,1
3,0,0,0,3
1,0,0,0,1
1,0,0,0,1
5,0,0,0,5
1,3,0,0,4
2,0,0,0,2
1,0,0,0,1
1,0,0,0,1
1,0,0,0,1
1,0,0,0,1
1,0,0,0,1
1,0,0,0,1
2,0,0,0,2
11,0,0,0,11
4,13,0,0,17
3,0,0,0,3
1,0,0,0,1
6,0,0,0,6
1,0,0,0,1
11,0,0,0,11
5,0,0,0,5
1,0,0,0,1
1,0,0,0,1
1,0,0,0,1
1,0,0,0,1
1,0,0,0,1
1,0,0,0,1
1,0,0,0,1
1,0,0,0,1
2,0,0,0,2
1,0,0,0,1
1,0,0,0,1
3,0,0,0,3
1,0,0,0,1
1,2,0,0,3
5,0,0,0,5
3,0,0,0,3
1,0,0,0,1
9,0,0,0,9
1,0,0,0,1
7,0,0,0,7
1,0,0,0,1
1,0,0,0,1
1,0,0,0,1
9,0,0,0,9
1,0,0,0,1
3,0,0,0,3
2,0,0,0,2
7,0,0,0,7
8,8,2,0,18
1,0,0,0,1
4,0,0,0,4
1,3,0,0,4
1,0,0,0,1
1,0,0,0,1
1,0,0,0,1
1,0,0,0,1
3,51,0,0,54
4,0,0,0,4
1,0,0,0,1
1,0,0,0,1
2,0,0,0,2
3,0,0,0,3
1,0,0,0,1
2,0,0,0,2
1,0,0,0,1
1,0,0,0,1
1,0,0,0,1
1,0,0,0,1
2,0,0,0,2
2,0,0,0,2
3,0,0,0,3
2,0,0,0,2
3,0,0,0,3
2,0,0,0,2
1,0,0,0,1
1,0,0,0,1
1,0,0,0,1
1,0,0,0,1
4,0,0,0,4
1,0,0,0,1
1,0,0,0,1
1,0,0,0,1
1,0,0,0,1
2,0,0,0,2
2,0,0,0,2
5,0,0,0,5
4,0,0,0,4
2,0,0,0,2
3,0,0,0,3
1,0,0,0,1
1,0,0,0,1
2,0,0,0,2
1,0,0,0,1
2,0,0,0,2
3,0,0,0,3
2,0,0,0,2
1,0,0,0,1
1,0,0,0,1
1,0,0,0,1
1,0,0,0,1
1,0,0,0,1
1,1,0,0,2
2,0,0,0,2
3,0,0,0,3
1,0,0,0,1
3,0,0,0,3
1,0,0,0,1
1,3,0,0,4
1,0,0,0,1
1,0,0,0,1
1,0,0,0,1
1,0,0,0,1
4,0,0,0,4
3,0,0,0,3
1,0,0,0,1
6,0,0,0,6
1,0,0,0,1
1,0,0,0,1
1,0,0,0,1
2,0,0,0,2
1,0,0,0,1
2,0,0,0,2
3,0,0,0,3
1,0,0,0,1
3,0,0,0,3
1,0,0,0,1
5,9,1,0,15
3,0,0,0,3
1,0,0,0,1
4,0,0,0,4
1,0,0,0,1
1,0,0,0,1
6,0,0,0,6
1,0,0,0,1
1,0,0,0,1
3,0,0,0,3
2,1,0,0,3
1,0,0,0,1
1,0,0,0,1
1,0,0,0,1
1,0,0,0,1
2,0,0,0,2
1,0,0,0,1
7,0,0,0,7
1,0,0,0,1
4,0,0,0,4
3,31,0,0,34
1,0,0,0,1
1,0,0,0,1
1,0,0,0,1
2,0,0,0,2
1,0,0,0,1
1,0,0,0,1
1,0,0,0,1
1,0,0,0,1
7,3,0,0,10
1,0,0,0,1
1,0,0,0,1
1,0,0,0,1
1,0,1,0,2
1,0,0,0,1
1,0,0,0,1
2,0,0,0,2
1,0,0,0,1
1,0,0,0,1
1,0,0,0,1
1,0,0,0,1
1,0,0,0,1
1,0,0,0,1
3,0,0,0,3
1,0,0,0,1
1,0,0,0,1
1,0,0,0,1
1,0,0,0,1
1,0,0,0,1
1,0,0,0,1
1,0,0,0,1
2,0,0,0,2
1,0,0,0,1
2,0,0,0,2
1,0,0,0,1
1,0,0,0,1
1,0,0,0,1
1,0,0,0,1
6,0,0,0,6
1,0,0,0,1
1,0,0,0,1
1,0,0,0,1
1,0,0,0,1
2,0,0,0,2
1,0,0,0,1
1,0,0,0,1
4,0,0,0,4
1,0,0,0,1
2,0,0,0,2
1,0,0,0,1
2,0,0,0,2
1,0,0,0,1
3,0,0,0,3
1,0,0,0,1
5,0,0,0,5
1,0,0,0,1
1,0,0,0,1
1,0,0,0,1
1,0,0,0,1
1,0,0,0,1
1,0,0,0,1
3,0,0,0,3
1,2,0,0,3
4,0,0,0,4
1,0,0,0,1
2,0,0,0,2
1,0,0,0,1
1,0,0,0,1
1,0,0,0,1
2,0,0,0,2
4,0,0,0,4
1,0,0,0,1
2,0,0,0,2
1,0,0,0,1
1,0,0,0,1
4,0,0,0,4
1,0,0,0,1
1,0,0,0,1
4,0,0,0,4
2,0,0,0,2
2,0,0,0,2
5,0,0,0,5
2,0,0,0,2
3,0,0,0,3
1,0,0,0,1
1,0,0,0,1
1,0,0,0,1
2,0,0,0,2
1,0,0,0,1
1,0,0,0,1
1,0,0,0,1
1,0,0,0,1
3,0,0,0,3
1,0,0,0,1
1,0,0,0,1
24,0,0,0,24
2,1,0,0,3
1,0,0,0,1
2,0,0,0,2
1,0,0,0,1
2,0,0,0,2
1,0,0,0,1
2,0,0,0,2
2,0,0,0,2
1,0,0,0,1
1,0,0,0,1
1,0,0,0,1
3,0,0,0,3
1,0,0,0,1
1,0,0,0,1
1,0,0,0,1
1,0,0,0,1
1,0,0,0,1
1,0,0,0,1
1,0,0,0,1
2,0,0,0,2
1,0,0,0,1
1,0,0,0,1
1,0,0,0,1
4,0,0,0,4
1,0,0,0,1
6,0,0,0,6
1,0,0,0,1
1,0,0,0,1
2,0,0,0,2
4,3,0,0,7
1,0,0,0,1
1,0,0,0,1
1,0,0,0,1
1,0,0,0,1
1,0,0,0,1
2,0,0,0,2
1,0,0,0,1
1,0,0,0,1
4,0,0,0,4
1,0,0,0,1
2,0,0,0,2
1,0,0,0,1
1,0,0,0,1
1,0,0,0,1
1,0,0,0,1
2,1,0,0,3
1,0,0,0,1
3,0,0,0,3
1,0,0,0,1
3,0,0,0,3
1,0,0,0,1
1,0,0,0,1
1,0,0,0,1
2,0,0,0,2
5,0,0,0,5
2,0,0,0,2
2,0,0,0,2
1,0,0,0,1
2,0,0,0,2
1,0,0,0,1
1,0,0,0,1
8,0,0,0,8
4,0,0,0,4
1,0,0,0,1
1,0,0,0,1
1,0,0,0,1
1,0,0,0,1
1,0,0,0,1
1,0,0,0,1
1,0,0,0,1
1,0,0,0,1
1,0,0,0,1
1,0,0,0,1
3,18,0,0,21
4,4,0,0,8
2,0,0,0,2
1,0,0,0,1
1,0,0,0,1
1,0,0,0,1
3,0,0,0,3
1,0,0,0,1
1,0,0,0,1
1,0,0,0,1
2,0,0,0,2
1,0,0,0,1
1,2,0,0,3
1,0,0,0,1
4,0,0,0,4
1,0,0,0,1
1,0,0,0,1
1,0,0,0,1
1,0,0,0,1
1,0,0,0,1
1,0,0,0,1
2,0,0,0,2
1,0,0,0,1
1,0,0,0,1
2,0,0,0,2
1,0,0,0,1
1,0,0,0,1
3,16,0,0,19
1,0,0,0,1
1,1,0,0,2
1,0,0,0,1
1,0,0,0,1
1,0,0,0,1
1,0,0,0,1
1,0,0,0,1
1,0,0,0,1
3,0,0,0,3
2,0,0,0,2
2,0,0,0,2
1,3,0,0,4
1,3,0,0,4
4,0,0,0,4
1,0,0,0,1
1,0,0,0,1
1,0,0,0,1
1,0,0,0,1
1,0,0,0,1
1,0,0,0,1
3,0,0,0,3
1,0,0,0,1
1,0,0,0,1
1,0,0,0,1
1,0,0,0,1
1,0,0,0,1
1,0,0,0,1
1,0,0,0,1
1,0,0,0,1
6,0,0,0,6
1,0,0,0,1
2,0,0,0,2
1,0,0,0,1
2,0,0,0,2
1,0,0,0,1
2,1,0,0,3
1,0,0,0,1
3,0,0,0,3
4,0,0,0,4
1,0,0,0,1
1,0,0,0,1
1,0,0,0,1
1,0,0,0,1
1,0,0,0,1
2,0,0,0,2
1,0,0,0,1
1,0,0,0,1
2,0,0,0,2
1,0,0,0,1
1,0,0,0,1
1,0,0,0,1
2,0,0,0,2
1,0,0,0,1
1,0,0,0,1
1,0,0,0,1
1,0,0,0,1
10,2,0,0,12
1,0,0,0,1
1,0,0,0,1
1,0,0,0,1
1,0,0,0,1
1,0,0,0,1
1,0,0,0,1
1,0,0,0,1
2,0,0,0,2
4,3,0,0,7
10,0,0,0,10
1,0,0,0,1
1,0,0,0,1
1,0,0,0,1
8,0,0,0,8
9,1,0,0,10
2,0,0,0,2
3,0,0,0,3
1,0,0,0,1
2,3,0,0,5
1,0,0,0,1
1,0,0,0,1
1,0,0,0,1
4,19,0,0,23
2,0,0,0,2
12,0,2,0,14
1,0,0,0,1
1,0,0,0,1
1,0,0,0,1
1,0,0,0,1
2,0,0,0,2
3,0,0,0,3
2,0,0,0,2
1,0,0,0,1
1,0,0,0,1
1,0,0,0,1
2,0,0,0,2
1,0,0,0,1
1,0,0,0,1
1,0,0,0,1
2,0,0,0,2
1,0,0,0,1
1,0,0,0,1
1,0,0,0,1
2,0,0,0,2
1,0,0,0,1
1,0,0,0,1
2,0,0,0,2
1,0,0,0,1
9,1,0,0,10
1,0,0,0,1
6,0,0,0,6
1,0,0,0,1
1,0,0,0,1
12,2,0,0,14
12,5,0,0,17
1,0,0,0,1
2,0,0,0,2
3,0,0,0,3
2,0,0,0,2
3,0,0,0,3
1,0,0,0,1
2,0,0,0,2
1,0,0,0,1
1,0,0,0,1
1,0,0,0,1
4,0,0,0,4
1,0,0,0,1
1,0,0,0,1
1,0,0,0,1
2,0,0,0,2
1,0,0,0,1
1,0,0,0,1
1,0,0,0,1
1,0,0,0,1
1,0,0,0,1
1,0,0,0,1
1,5,0,0,6
2,0,0,0,2
1,0,0,0,1
2,0,0,0,2
2,0,0,0,2
1,0,0,0,1
6,0,0,0,6
1,0,0,0,1
1,0,0,0,1
4,0,0,0,4
1,0,0,0,1
1,0,0,0,1
2,0,0,0,2
6,4,1,0,11
1,0,0,0,1
1,0,0,0,1
2,0,0,0,2
1,0,0,0,1
1,0,0,0,1
1,0,0,0,1
2,0,0,0,2
1,0,0,0,1
1,0,0,0,1
1,0,0,0,1
12,0,0,0,12
2,0,0,0,2
1,0,0,0,1
1,0,0,0,1
1,0,0,0,1
2,0,0,0,2
1,0,0,0,1
1,0,0,0,1
2,0,0,0,2
1,0,0,0,1
1,0,0,0,1
1,0,0,0,1
1,0,0,0,1
2,0,0,0,2
1,0,0,0,1
8,0,0,0,8
1,0,0,0,1
2,0,0,0,2
1,0,0,0,1
2,0,0,0,2
1,0,0,0,1
4,0,0,0,4
1,0,0,0,1
1,0,0,0,1
1,0,0,0,1
1,0,0,0,1
1,0,0,0,1
1,0,0,0,1
3,0,0,0,3
2,0,0,0,2
1,0,0,0,1
1,0,0,0,1
1,0,0,0,1
4,0,0,0,4
1,0,0,0,1
1,0,0,0,1
1,0,0,0,1
1,0,0,0,1
2,0,0,0,2
3,0,0,0,3
2,0,0,0,2
3,4,0,0,7
1,0,0,0,1
1,0,0,0,1
2,0,0,0,2
1,0,0,0,1
1,0,0,0,1
1,0,0,0,1
3,0,0,0,3
9,0,0,0,9
1,0,0,0,1
1,0,0,0,1
1,0,0,0,1
1,0,0,0,1
1,0,0,0,1
1,0,0,0,1
2,0,0,0,2
1,0,0,0,1
3,0,0,0,3
2,9,2,0,13
6,0,0,0,6
3,0,0,0,3
1,0,0,0,1
1,0,0,0,1
1,0,0,0,1
3,0,0,0,3
2,2,0,0,4
1,0,0,0,1
3,0,0,0,3
2,4,0,0,6
1,0,0,0,1
3,0,0,0,3
2,0,0,0,2
1,0,0,0,1
1,0,0,0,1
2,0,0,0,2
1,0,0,0,1
3,0,0,0,3
4,0,0,0,4
1,0,0,0,1
1,0,0,0,1
1,0,0,0,1
1,0,0,0,1
1,0,0,0,1
1,0,0,0,1
6,0,0,0,6
1,0,0,0,1
1,0,0,0,1
2,0,0,0,2
1,0,0,0,1
1,0,0,0,1
1,1,0,0,2
1,0,0,0,1
3,0,0,0,3
2,0,0,0,2
1,0,0,0,1
5,0,0,0,5
1,0,0,0,1
1,0,0,0,1
1,0,0,0,1
5,0,0,0,5
1,0,0,0,1
1,0,0,0,1
1,0,0,0,1
2,0,0,0,2
1,0,0,0,1
1,0,0,0,1
8,0,0,0,8
1,0,0,0,1
3,0,0,0,3
1,0,0,0,1
4,0,0,0,4
4,0,0,0,4
1,0,0,0,1
1,0,0,0,1
1,0,0,0,1
1,0,0,0,1
2,0,0,0,2
1,0,0,0,1
1,0,0,0,1
3,0,0,0,3
1,0,0,0,1
1,0,0,0,1
1,0,0,0,1
25,6,0,0,31
1,0,0,0,1
1,0,0,0,1
1,0,0,0,1
1,1,0,0,2
1,0,0,0,1
1,0,0,0,1
1,0,0,0,1
2,0,0,0,2
2,0,0,0,2
1,0,0,0,1
1,0,0,0,1
1,0,0,0,1
1,0,0,0,1
1,0,0,0,1
2,0,0,0,2
5,3,0,0,8
2,0,0,0,2
1,0,0,0,1
1,0,0,0,1
1,0,0,0,1
2,0,0,0,2
1,4,0,0,5
26,0,0,0,26
1,0,0,0,1
2,0,0,0,2
2,0,0,0,2
1,0,0,0,1
1,0,0,0,1
2,0,0,0,2
8,0,0,0,8
4,0,0,0,4
2,0,0,0,2
1,0,0,0,1
1,0,0,0,1
2,0,0,0,2
4,0,0,0,4
1,3,0,0,4
1,0,0,0,1
3,0,0,0,3
1,0,0,0,1
1,0,0,0,1
2,0,0,0,2
1,0,0,0,1
1,0,0,0,1
2,0,0,0,2
1,0,0,0,1
3,0,0,0,3
3,0,0,0,3
2,0,0,0,2
1,0,0,0,1
1,0,0,0,1
1,0,0,0,1
1,0,0,0,1
1,0,0,0,1
2,0,0,0,2
1,0,0,0,1
3,0,0,0,3
1,0,0,0,1
3,0,0,0,3
2,0,0,0,2
2,0,0,0,2
2,0,0,0,2
1,0,0,0,1
1,0,0,0,1
1,0,0,0,1
1,0,0,0,1
1,0,0,0,1
1,0,0,0,1
1,0,0,0,1
1,0,0,0,1
1,0,0,0,1
1,0,0,0,1
4,2,1,0,7
1,0,0,0,1
3,0,0,0,3
3,0,0,0,3
1,0,0,0,1
1,0,0,0,1
5,1,0,0,6
3,0,0,0,3
2,0,0,0,2
1,0,0,0,1
3,0,0,0,3
1,0,0,0,1
3,0,0,0,3
1,0,0,0,1
1,0,0,0,1
1,0,0,0,1
1,0,0,0,1
2,0,0,0,2
1,0,0,0,1
1,0,0,0,1
5,0,0,0,5
1,0,0,0,1
1,0,0,0,1
1,0,0,0,1
1,0,0,0,1
1,0,0,0,1
1,0,0,0,1
2,0,0,0,2
1,0,0,0,1
3,0,0,0,3
2,0,0,0,2
2,0,0,0,2
3,0,0,0,3
1,0,0,0,1
1,0,0,0,1
1,0,0,0,1
2,0,0,0,2
1,0,0,0,1
1,0,0,0,1
2,2,0,0,4
1,0,0,0,1
5,0,0,0,5
1,0,0,0,1
1,0,0,0,1
1,0,0,0,1
1,0,0,0,1
2,0,0,0,2
1,0,0,0,1
1,0,0,0,1
1,0,0,0,1
2,0,0,0,2
1,172,0,0,173
2,0,0,0,2
1,0,0,0,1
1,0,0,0,1
1,0,0,0,1
1,0,0,0,1
4,16,0,0,20
2,2,0,0,4
1,0,0,0,1
1,0,0,0,1
2,0,0,0,2
1,0,0,0,1
1,0,0,0,1
1,0,0,0,1
1,0,0,0,1
3,0,1,0,4
1,0,0,0,1
1,0,0,0,1
1,0,0,0,1
2,0,0,0,2
1,0,0,0,1
1,0,0,0,1
1,0,0,0,1
2,0,0,0,2
1,0,0,0,1
1,0,0,0,1
5,0,0,0,5
1,0,0,0,1
1,0,0,0,1
1,0,0,0,1
2,0,0,0,2
1,0,0,0,1
1,0,0,0,1
1,0,0,0,1
1,0,0,0,1
1,0,0,0,1
1,0,0,0,1
1,0,0,0,1
2,0,0,0,2
1,0,0,0,1
1,0,0,0,1
3,0,0,0,3
1,0,0,0,1
1,0,0,0,1
2,0,0,0,2
1,0,0,0,1
1,0,0,0,1
2,0,0,0,2
1,0,0,0,1
1,0,0,0,1
1,0,0,0,1
1,0,0,0,1
1,0,0,0,1
2,0,0,0,2
1,0,0,0,1
1,0,0,0,1
5,0,0,0,5
1,0,0,0,1
1,0,0,0,1
1,0,0,0,1
4,0,0,0,4
1,0,0,0,1
1,0,0,0,1
1,0,0,0,1
1,0,0,0,1
6,0,0,0,6
1,0,0,0,1
1,0,0,0,1
1,0,0,0,1
6,0,0,0,6
1,0,0,0,1
3,0,0,0,3
1,0,0,0,1
1,0,0,0,1
4,0,0,0,4
1,0,0,0,1
4,0,0,0,4
3,0,0,0,3
1,0,0,0,1
1,2,0,0,3
1,0,0,0,1
3,0,0,0,3
10,0,0,0,10
5,4,0,0,9
1,0,0,0,1
3,0,0,0,3
1,0,0,0,1
1,0,0,0,1
1,0,0,0,1
1,0,0,0,1
1,0,0,0,1
1,0,0,0,1
3,1,0,0,4
1,0,0,0,1
1,0,0,0,1
1,0,0,0,1
1,0,0,0,1
2,0,0,0,2
1,0,0,0,1
1,0,0,0,1
1,0,0,0,1
1,0,0,0,1
2,0,0,0,2
1,0,0,0,1
1,0,0,0,1
2,0,0,0,2
1,0,0,0,1
1,0,0,0,1
2,0,0,0,2
1,0,0,0,1
3,43,0,0,46
3,0,0,0,3
4,0,0,0,4
1,0,0,0,1
1,0,0,0,1
1,0,0,0,1
1,0,0,0,1
1,0,0,0,1
1,0,0,0,1
1,0,0,0,1
1,0,0,0,1
3,0,0,0,3
1,0,0,0,1
1,0,0,0,1
1,0,0,0,1
1,0,0,0,1
1,0,0,0,1
1,0,0,0,1
1,0,0,0,1
2,0,0,0,2
2,0,0,0,2
6,0,0,0,6
1,0,0,0,1
1,0,0,0,1
1,0,0,0,1
3,0,0,0,3
1,0,0,0,1
4,0,0,0,4
1,0,0,0,1
24,22,0,0,46
1,0,0,0,1
1,0,0,0,1
2,0,0,0,2
12,0,0,0,12
2,0,0,0,2
1,0,0,0,1
4,0,0,0,4
1,0,0,0,1
1,0,0,0,1
2,0,0,0,2
1,0,0,0,1
5,0,0,0,5
1,0,0,0,1
1,0,0,0,1
1,0,0,0,1
2,0,0,0,2
1,0,0,0,1
2,0,0,0,2
2,0,0,0,2
1,0,0,0,1
2,0,0,0,2
2,0,0,0,2
2,0,0,0,2
1,0,0,0,1
1,2,1,0,4
1,0,0,0,1
1,0,0,0,1
3,0,0,0,3
2,0,0,0,2
6,1,0,0,7
1,0,0,0,1
4,0,0,0,4
4,0,0,0,4
1,0,0,0,1
7,0,0,0,7
1,0,0,0,1
1,0,0,0,1
4,0,0,0,4
4,0,0,0,4
1,0,0,0,1
1,0,0,0,1
1,0,0,0,1
1,0,0,0,1
1,0,0,0,1
1,0,0,0,1
1,0,0,0,1
1,0,0,0,1
4,0,0,0,4
1,0,0,0,1
4,0,0,0,4
1,0,0,0,1
1,0,0,0,1
1,0,0,0,1
1,0,0,0,1
2,0,0,0,2
3,0,0,0,3
1,0,0,0,1
1,0,0,0,1
1,0,0,0,1
4,0,0,0,4
2,4,1,0,7
4,0,0,0,4
1,0,0,0,1
1,0,0,0,1
3,4,0,0,7
5,2,0,0,7
1,0,0,0,1
1,0,0,0,1
2,0,0,0,2
3,0,0,0,3
1,0,0,0,1
2,0,0,0,2
1,0,0,0,1
3,0,0,0,3
4,0,0,0,4
1,0,0,0,1
1,0,0,0,1
3,0,0,0,3
1,0,0,0,1
2,0,0,0,2
1,0,0,0,1
1,0,0,0,1
1,0,0,0,1
1,0,0,0,1
1,0,0,0,1
1,0,0,0,1
1,38,0,0,39
8,0,0,0,8
1,0,0,0,1
1,0,0,0,1
1,0,0,0,1
2,0,0,0,2
2,0,0,0,2
7,0,0,0,7
1,0,0,0,1
1,0,0,0,1
1,0,0,0,1
1,0,0,0,1
2,0,0,0,2
1,0,0,0,1
1,0,0,0,1
4,0,0,0,4
1,0,0,0,1
2,0,0,0,2
2,0,0,0,2
1,0,0,0,1
1,0,0,0,1
1,0,0,0,1
9,0,0,0,9
1,0,0,0,1
1,0,0,0,1
1,0,0,0,1
1,0,0,0,1
3,0,0,0,3
7,0,0,0,7
2,0,0,0,2
1,0,0,0,1
2,0,0,0,2
6,0,0,0,6
1,0,0,0,1
1,0,0,0,1
1,0,0,0,1
1,0,0,0,1
1,0,0,0,1
2,0,0,0,2
1,0,0,0,1
2,0,0,0,2
3,0,0,0,3
3,0,0,0,3
1,0,0,0,1
1,0,0,0,1
2,0,0,0,2
1,0,0,0,1
1,0,0,0,1
1,0,0,0,1
1,0,0,0,1
1,0,0,0,1
1,0,0,0,1
6,0,0,0,6
1,0,0,0,1
1,0,0,0,1
2,0,0,0,2
1,0,0,0,1
2,0,0,0,2
2,0,0,0,2
1,0,0,0,1
1,0,0,0,1
1,0,0,0,1
3,0,0,0,3
1,0,0,0,1
3,0,0,0,3
1,0,0,0,1
1,0,0,0,1
2,2,0,0,4
5,0,0,0,5
1,0,0,0,1
1,0,0,0,1
1,0,0,0,1
1,0,0,0,1
1,0,0,0,1
1,0,0,0,1
2,0,0,0,2
1,0,0,0,1
13,0,0,0,13
3,0,0,0,3
1,0,0,0,1
5,0,0,0,5
2,0,0,0,2
1,0,0,0,1
1,0,0,0,1
1,0,0,0,1
1,0,0,0,1
1,0,0,0,1
3,0,0,0,3
1,0,0,0,1
1,0,0,0,1
1,0,0,0,1
4,0,0,0,4
2,0,0,0,2
2,0,0,0,2
1,0,0,0,1
1,0,0,0,1
2,0,0,0,2
1,0,0,0,1
7,0,0,0,7
1,0,0,0,1
1,0,0,0,1
1,1,0,0,2
1,0,0,0,1
1,0,0,0,1
2,0,0,0,2
2,0,0,0,2
3,0,0,0,3
2,0,0,0,2
2,1,0,0,3
5,0,0,0,5
2,2,2,0,6
3,0,0,0,3
2,0,0,0,2
3,1,0,0,4
22,0,0,0,22
15,0,0,0,15
1,0,0,0,1
3,0,0,0,3
1,0,0,0,1
2,0,0,0,2
1,0,0,0,1
2,0,0,0,2
1,0,0,0,1
1,0,0,0,1
1,0,0,0,1
1,0,0,0,1
1,0,0,0,1
1,0,0,0,1
1,0,0,0,1
2,0,0,0,2
1,0,0,0,1
1,0,0,0,1
3,0,0,0,3
2,0,0,0,2
1,0,0,0,1
3,0,0,0,3
1,0,0,0,1
1,0,0,0,1
1,0,0,0,1
2,0,0,0,2
3,0,0,0,3
3,0,0,0,3
2,0,0,0,2
1,0,0,0,1
3,0,0,0,3
1,0,0,0,1
2,0,0,0,2
3,0,0,0,3
1,0,0,0,1
2,0,0,0,2
1,0,0,0,1
1,0,0,0,1
1,0,0,0,1
1,0,0,0,1
1,0,0,0,1
6,0,0,0,6
1,0,0,0,1
2,0,0,0,2
2,0,0,0,2
3,0,0,0,3
1,0,0,0,1
5,1,0,0,6
1,0,0,0,1
2,0,0,0,2
1,0,0,0,1
2,0,0,0,2
2,0,0,0,2
7,2,1,0,10
1,0,0,0,1
1,0,0,0,1
1,0,0,0,1
2,0,0,0,2
2,0,0,0,2
2,0,0,0,2
1,0,0,0,1
1,0,0,0,1
1,0,0,0,1
3,0,0,0,3
1,0,0,0,1
1,0,0,0,1
1,0,0,0,1
1,0,0,0,1
2,0,0,0,2
1,0,0,0,1
1,2,0,0,3
1,0,0,0,1
3,0,0,0,3
1,0,0,0,1
1,0,0,0,1
2,0,0,0,2
2,0,0,0,2
1,0,0,0,1
1,0,0,0,1
1,0,0,0,1
2,1,0,0,3
2,0,0,0,2
1,0,0,0,1
1,0,0,0,1
1,0,0,0,1
1,0,0,0,1
1,0,0,0,1
1,0,0,0,1
6,4,0,0,10
1,0,0,0,1
1,0,0,0,1
1,0,0,0,1
1,0,0,0,1
1,0,0,0,1
1,0,0,0,1
5,0,0,0,5
1,0,0,0,1
1,0,0,0,1
4,0,0,0,4
1,0,0,0,1
1,0,0,0,1
1,0,0,0,1
1,0,0,0,1
2,0,0,0,2
1,0,0,0,1
1,0,0,0,1
1,0,0,0,1
1,0,0,0,1
7,2,2,0,11
2,0,0,0,2
1,0,0,0,1
1,0,0,0,1
1,0,0,0,1
1,0,0,0,1
1,0,0,0,1
2,0,0,0,2
2,0,0,0,2
1,0,0,0,1
1,0,0,0,1
6,0,0,0,6
1,0,0,0,1
1,0,0,0,1
4,17,2,0,23
2,25,0,0,27
2,0,0,0,2
10,0,0,0,10
1,0,0,0,1
1,0,0,0,1
1,0,0,0,1
2,0,0,0,2
1,0,0,0,1
1,0,0,0,1
1,0,0,0,1
1,0,0,0,1
8,18,0,0,26
1,0,0,0,1
3,0,0,0,3
1,0,0,0,1
1,0,0,0,1
1,0,0,0,1
1,0,0,0,1
2,4,0,0,6
2,0,0,0,2
1,0,0,0,1
1,0,0,0,1
1,0,0,0,1
1,0,0,0,1
1,0,0,0,1
1,0,1,0,2
1,0,0,0,1
1,0,0,0,1
3,8,0,0,11
1,0,0,0,1
1,0,0,0,1
1,0,0,0,1
2,0,0,0,2
1,0,0,0,1
2,0,0,0,2
1,0,0,0,1
1,0,0,0,1
3,0,0,0,3
19,0,0,0,19
2,0,0,0,2
1,0,0,0,1
1,0,0,0,1
1,0,0,0,1
1,0,0,0,1
1,0,0,0,1
2,0,0,0,2
1,0,0,0,1
1,0,0,0,1
1,0,0,0,1
1,0,0,0,1
1,0,0,0,1
1,0,0,0,1
3,0,0,0,3
1,0,0,0,1
2,3,1,0,6
1,0,0,0,1
1,0,0,0,1
1,0,0,0,1
1,0,0,0,1
2,0,0,0,2
2,1,0,0,3
1,0,0,0,1
1,0,0,0,1
1,0,0,0,1
5,0,0,0,5
1,0,0,0,1
3,1,1,0,5
2,0,0,0,2
1,0,0,0,1
3,0,0,0,3
1,0,0,0,1
1,0,0,0,1
1,0,0,0,1
1,0,1,0,2
1,0,0,0,1
1,0,0,0,1
1,0,0,0,1
3,0,0,0,3
1,0,0,0,1
1,0,0,0,1
1,0,0,0,1
12,0,0,0,12
1,0,0,0,1
1,0,0,0,1
1,0,0,0,1
1,0,0,0,1
1,0,0,0,1
1,0,0,0,1
2,0,0,0,2
1,0,0,0,1
1,0,0,0,1
2,0,0,0,2
1,0,0,0,1
1,0,0,0,1
1,0,0,0,1
1,0,0,0,1
1,0,0,0,1
3,0,0,0,3
1,0,0,0,1
1,0,0,0,1
1,0,0,0,1
1,0,0,0,1
1,0,0,0,1
1,0,0,0,1
1,0,0,0,1
1,0,0,0,1
1,0,0,0,1
5,0,0,0,5
2,0,0,0,2
1,0,0,0,1
1,0,0,0,1
1,0,0,0,1
1,0,0,0,1
1,0,0,0,1
1,0,0,0,1
1,0,0,0,1
1,0,0,0,1
2,0,0,0,2
1,0,0,0,1
2,0,0,0,2
6,0,0,0,6
1,0,0,0,1
1,0,0,0,1
1,0,0,0,1
2,0,0,0,2
1,0,0,0,1
2,0,0,0,2
2,0,0,0,2
1,0,0,0,1
1,0,0,0,1
4,0,0,0,4
8,3,0,0,11
2,0,0,0,2
1,0,0,0,1
1,0,0,0,1
1,0,0,0,1
3,0,0,0,3
2,0,1,0,3
2,125,1,0,128
1,0,0,0,1
1,0,0,0,1
1,0,0,0,1
1,0,0,0,1
1,0,0,0,1
3,2,0,0,5
2,5,1,0,8
1,0,0,0,1
1,0,0,0,1
8,2,2,0,12
1,0,0,0,1
6,0,0,0,6
1,2,0,0,3
1,0,0,0,1
1,0,0,0,1
1,0,0,0,1
3,0,0,0,3
3,0,0,0,3
1,0,0,0,1
1,0,0,0,1
3,0,0,0,3
1,0,0,0,1
1,0,0,0,1
1,0,0,0,1
1,0,0,0,1
1,0,0,0,1
1,0,0,0,1
1,0,0,0,1
1,0,0,0,1
4,0,0,0,4
1,0,0,0,1
1,0,0,0,1
3,0,0,0,3
1,0,0,0,1
1,0,0,0,1
1,0,0,0,1
2,0,0,0,2
1,0,0,0,1
5,0,0,0,5
3,0,0,0,3
1,0,0,0,1
1,0,0,0,1
1,0,0,0,1
2,0,0,0,2
9,0,0,0,9
1,0,0,0,1
1,0,0,0,1
1,0,0,0,1
2,0,0,0,2
2,0,0,0,2
1,0,0,0,1
5,0,0,0,5
1,0,0,0,1
4,1,1,0,6
2,0,0,0,2
1,0,0,0,1
1,0,0,0,1
1,0,0,0,1
1,0,0,0,1
7,0,0,0,7
2,0,0,0,2
2,0,0,0,2
1,0,0,0,1
4,0,0,0,4
4,0,0,0,4
6,0,0,0,6
1,0,0,0,1
1,0,0,0,1
8,0,0,0,8
1,0,0,0,1
2,0,0,0,2
1,0,0,0,1
2,0,0,0,2
1,0,0,0,1
3,0,0,0,3
1,0,0,0,1
1,0,0,0,1
4,0,0,0,4
3,0,0,0,3
1,0,0,0,1
5,2,0,0,7
1,0,0,0,1
4,0,0,0,4
1,0,0,0,1
5,7,1,0,13
2,0,0,0,2
1,0,0,0,1
3,0,0,0,3
1,0,0,0,1
1,0,0,0,1
2,0,0,0,2
1,0,0,0,1
1,0,0,0,1
1,0,0,0,1
2,0,0,0,2
1,0,0,0,1
2,0,0,0,2
1,0,0,0,1
1,0,0,0,1
1,0,0,0,1
1,0,0,0,1
1,0,0,0,1
2,0,0,0,2
2,0,0,0,2
3,0,0,0,3
1,0,0,0,1
2,0,0,0,2
1,0,0,0,1
1,0,0,0,1
1,0,0,0,1
1,0,0,0,1
1,0,0,0,1
2,0,0,0,2
1,0,0,0,1
2,3,0,0,5
4,0,0,0,4
15,0,0,0,15
1,0,0,0,1
1,0,0,0,1
3,0,0,0,3
1,0,0,0,1
2,0,0,0,2
4,4,0,0,8
4,0,0,0,4
3,0,0,0,3
1,0,0,0,1
2,0,0,0,2
1,0,0,0,1
1,0,0,0,1
1,0,0,0,1
1,0,0,0,1
1,0,0,0,1
5,0,0,0,5
1,0,0,0,1
1,0,0,0,1
1,0,0,0,1
1,0,0,0,1
1,0,0,0,1
5,0,0,0,5
1,0,0,0,1
1,0,0,0,1
4,0,0,0,4
1,0,0,0,1
1,0,0,0,1
1,0,0,0,1
2,0,0,0,2
1,0,0,0,1
2,0,0,0,2
1,0,0,0,1
1,0,0,0,1
5,0,0,0,5
1,0,0,0,1
2,0,0,0,2
1,0,0,0,1
12,0,0,0,12
4,0,0,0,4
1,0,0,0,1
7,0,0,0,7
1,18,1,0,20
4,0,0,0,4
3,13,0,0,16
1,0,0,0,1
1,0,0,0,1
1,0,0,0,1
12,28,0,0,40
1,0,0,0,1
1,0,0,0,1
1,0,0,0,1
1,0,0,0,1
1,0,0,0,1
1,0,0,0,1
3,0,0,0,3
1,0,0,0,1
1,0,0,0,1
1,0,0,0,1
1,0,0,0,1
8,0,0,0,8
1,0,0,0,1
1,0,0,0,1
1,0,0,0,1
2,0,0,0,2
1,0,0,0,1
1,0,0,0,1
2,0,0,0,2
1,3,0,0,4
1,0,0,0,1
1,0,0,0,1
6,0,0,0,6
3,0,0,0,3
1,0,0,0,1
1,0,0,0,1
1,11,0,0,12
16,1,0,0,17
2,0,0,0,2
1,0,0,0,1
9,1,1,0,11
2,0,0,0,2
1,0,0,0,1
1,0,0,0,1
1,0,0,0,1
8,1,1,0,10
1,0,0,0,1
1,0,0,0,1
1,0,0,0,1
1,0,0,0,1
1,0,0,0,1
2,0,0,0,2
1,0,0,0,1
1,0,0,0,1
1,0,0,0,1
7,0,1,0,8
1,0,0,0,1
1,0,0,0,1
4,0,0,0,4
1,0,0,0,1
1,0,0,0,1
1,0,0,0,1
5,0,0,0,5
1,0,0,0,1
2,0,0,0,2
1,0,0,0,1
2,0,0,0,2
1,0,0,0,1
2,0,0,0,2
1,0,0,0,1
1,0,0,0,1
1,0,0,0,1
5,2,0,0,7
2,94,2,0,98
2,0,0,0,2
1,0,0,0,1
1,0,0,0,1
1,0,0,0,1
1,0,0,0,1
5,0,0,0,5
1,0,0,0,1
2,0,0,0,2
1,0,0,0,1
1,0,0,0,1
6,0,0,0,6
2,0,0,0,2
2,0,0,0,2
1,3,0,0,4
1,2,0,0,3
1,0,0,0,1
1,0,0,0,1
1,3,0,0,4
1,0,0,0,1
1,0,0,0,1
1,0,0,0,1
1,0,0,0,1
7,0,3,0,10
1,0,0,0,1
1,0,0,0,1
2,0,0,0,2
3,0,0,0,3
2,13,0,0,15
1,0,0,0,1
1,0,0,0,1
1,0,0,0,1
1,0,0,0,1
2,0,0,0,2
1,0,0,0,1
5,0,0,0,5
1,1,1,0,3
3,7,1,0,11
3,0,0,0,3
7,0,0,0,7
1,0,0,0,1
2,0,0,0,2
1,0,0,0,1
1,0,0,0,1
1,0,0,0,1
1,0,0,0,1
1,0,0,0,1
1,0,0,0,1
1,0,0,0,1
2,0,0,0,2
1,0,0,0,1
2,0,0,0,2
2,0,0,0,2
2,0,0,0,2
2,0,0,0,2
1,0,0,0,1
1,0,0,0,1
2,0,0,0,2
2,0,0,0,2
1,0,0,0,1
1,0,0,0,1
1,0,0,0,1
1,0,0,0,1
1,0,0,0,1
2,0,0,0,2
1,0,0,0,1
1,1,0,0,2
1,0,0,0,1
2,0,0,0,2
1,0,0,0,1
1,0,0,0,1
1,0,0,0,1
1,0,0,0,1
3,0,0,0,3
1,0,0,0,1
2,0,0,0,2
4,0,0,0,4
1,0,0,0,1
1,0,0,0,1
3,0,0,0,3
1,0,0,0,1
1,0,0,0,1
4,0,0,0,4
1,0,0,0,1
1,0,0,0,1
2,0,0,0,2
1,0,0,0,1
1,0,0,0,1
1,0,0,0,1
1,0,0,0,1
1,0,0,0,1
1,0,0,0,1
1,0,0,0,1
1,0,0,0,1
1,0,0,0,1
1,0,0,0,1
1,0,0,0,1
3,0,0,0,3
1,0,0,0,1
1,0,0,0,1
1,0,0,0,1
1,0,0,0,1
1,0,0,0,1
6,0,0,0,6
2,0,0,0,2
1,0,0,0,1
1,0,0,0,1
1,0,0,0,1
1,0,0,0,1
1,0,0,0,1
1,0,0,0,1
4,7,0,0,11
1,1,0,0,2
1,0,0,0,1
6,0,0,0,6
1,0,0,0,1
1,0,0,0,1
2,0,0,0,2
1,0,0,0,1
1,0,0,0,1
1,1,0,0,2
3,0,0,0,3
1,0,0,0,1
6,0,0,0,6
2,0,0,0,2
1,130,0,0,131
6,0,0,0,6
1,0,0,0,1
1,0,0,0,1
1,0,0,0,1
1,0,0,0,1
1,0,0,0,1
1,0,0,0,1
2,0,0,0,2
1,0,0,0,1
4,0,0,0,4
1,0,0,0,1
2,0,0,0,2
1,0,0,0,1
1,0,0,0,1
2,0,0,0,2
1,0,0,0,1
1,0,0,0,1
1,0,0,0,1
2,0,0,0,2
1,0,0,0,1
1,0,0,0,1
1,0,0,0,1
1,0,0,0,1
1,0,0,0,1
6,0,0,0,6
3,0,0,0,3
1,0,0,0,1
1,0,0,0,1
1,0,0,0,1
6,0,0,0,6
4,0,0,0,4
1,0,0,0,1
1,0,0,0,1
2,0,0,0,2
1,0,0,0,1
1,0,0,0,1
2,0,0,0,2
2,0,0,0,2
1,0,0,0,1
1,0,0,0,1
2,0,0,0,2
7,4,3,0,14
3,0,0,0,3
1,0,0,0,1
2,0,0,0,2
2,0,0,0,2
2,0,0,0,2
1,0,0,0,1
1,0,0,0,1
1,0,0,0,1
1,0,0,0,1
2,0,0,0,2
1,0,0,0,1
1,0,0,0,1
5,0,0,0,5
1,0,0,0,1
1,0,0,0,1
1,0,0,0,1
1,0,0,0,1
1,0,0,0,1
1,0,0,0,1
1,0,0,0,1
2,0,0,0,2
1,0,0,0,1
3,0,0,0,3
1,0,0,0,1
1,0,0,0,1
1,0,0,0,1
6,0,0,0,6
1,0,0,0,1
1,0,0,0,1
2,0,0,0,2
1,0,0,0,1
1,0,0,0,1
1,0,0,0,1
2,0,0,0,2
1,0,0,0,1
2,0,0,0,2
2,0,0,0,2
1,0,0,0,1
1,0,0,0,1
1,0,0,0,1
1,0,0,0,1
4,0,0,0,4
4,0,0,0,4
1,0,0,0,1
1,0,0,0,1
1,0,0,0,1
4,3,0,0,7
1,0,0,0,1
2,0,0,0,2
2,0,0,0,2
1,0,0,0,1
1,0,0,0,1
1,0,0,0,1
1,0,0,0,1
2,0,0,0,2
1,0,0,0,1
2,0,0,0,2
1,0,0,0,1
1,0,0,0,1
1,0,0,0,1
2,0,0,0,2
1,0,0,0,1
1,0,0,0,1
1,0,0,0,1
1,0,0,0,1
1,0,0,0,1
3,0,0,0,3
2,0,0,0,2
1,0,0,0,1
1,0,0,0,1
4,0,0,0,4
1,0,0,0,1
5,0,0,0,5
1,0,0,0,1
1,0,0,0,1
1,0,0,0,1
1,0,0,0,1
1,0,0,0,1
2,0,0,0,2
1,0,0,0,1
2,0,0,0,2
3,1,0,0,4
1,0,0,0,1
2,0,0,0,2
1,0,0,0,1
3,0,0,0,3
2,0,0,0,2
1,0,0,0,1
1,0,0,0,1
1,0,0,0,1
1,0,0,0,1
4,4,0,0,8
1,0,0,0,1
1,0,0,0,1
1,0,0,0,1
3,0,0,0,3
2,0,0,0,2
2,3,0,0,5
1,0,0,0,1
1,0,0,0,1
1,0,0,0,1
1,0,0,0,1
1,0,0,0,1
7,0,0,0,7
1,0,0,0,1
1,0,0,0,1
1,0,0,0,1
2,0,0,0,2
1,0,0,0,1
1,0,0,0,1
1,0,0,0,1
1,0,0,0,1
1,0,0,0,1
1,0,0,0,1
1,0,0,0,1
1,0,0,0,1
2,0,0,0,2
1,0,0,0,1
6,0,0,0,6
1,0,0,0,1
1,0,0,0,1
5,2,0,0,7
5,0,0,0,5
1,0,0,0,1
3,0,0,0,3
2,0,0,0,2
1,0,0,0,1
1,0,0,0,1
1,0,0,0,1
1,0,0,0,1
1,0,0,0,1
1,0,0,0,1
2,0,0,0,2
1,0,0,0,1
1,0,0,0,1
4,0,0,0,4
1,0,0,0,1
2,0,0,0,2
3,0,0,0,3
1,0,0,0,1
1,0,0,0,1
3,16,0,0,19
9,39,3,0,51
5,0,0,0,5
1,0,0,0,1
1,0,0,0,1
1,0,0,0,1
1,0,0,0,1
1,0,0,0,1
2,0,0,0,2
1,0,0,0,1
1,2,0,0,3
3,0,0,0,3
1,7,0,0,8
1,0,0,0,1
1,0,0,0,1
3,0,0,0,3
1,0,0,0,1
1,0,0,0,1
2,0,0,0,2
1,0,0,0,1
1,0,0,0,1
6,0,0,0,6
1,0,0,0,1
1,0,0,0,1
1,0,0,0,1
1,0,0,0,1
1,0,0,0,1
1,0,0,0,1
1,0,0,0,1
1,0,0,0,1
1,0,0,0,1
1,0,0,0,1
8,0,0,0,8
1,0,0,0,1
3,0,0,0,3
3,0,0,0,3
1,0,0,0,1
1,0,0,0,1
1,0,0,0,1
2,0,0,0,2
1,0,0,0,1
1,0,0,0,1
1,0,0,0,1
1,0,0,0,1
1,0,0,0,1
1,0,0,0,1
1,0,0,0,1
1,0,0,0,1
1,0,0,0,1
1,0,0,0,1
1,0,0,0,1
2,0,0,0,2
2,20,0,0,22
1,0,0,0,1
1,0,0,0,1
1,0,0,0,1
3,0,0,0,3
2,0,0,0,2
1,0,0,0,1
3,0,0,0,3
2,0,0,0,2
1,0,0,0,1
1,0,0,0,1
5,0,0,0,5
1,2,0,0,3
2,0,0,0,2
1,0,0,0,1
3,0,0,0,3
2,0,0,0,2
1,0,0,0,1
1,0,0,0,1
1,0,0,0,1
1,0,0,0,1
1,0,0,0,1
1,0,0,0,1
1,0,0,0,1
1,0,0,0,1
1,0,0,0,1
2,0,0,0,2
1,0,0,0,1
3,0,0,0,3
7,0,0,0,7
1,0,0,0,1
1,0,0,0,1
1,0,0,0,1
1,0,0,0,1
2,0,0,0,2
1,0,0,0,1
1,0,0,0,1
1,0,0,0,1
1,0,0,0,1
12,0,0,0,12
1,0,0,0,1
1,0,0,0,1
4,0,0,0,4
5,0,0,0,5
1,0,0,0,1
1,0,0,0,1
4,0,0,0,4
1,0,0,0,1
1,0,0,0,1
2,0,0,0,2
2,0,0,0,2
2,0,0,0,2
1,0,0,0,1
1,0,0,0,1
1,0,0,0,1
1,0,0,0,1
4,34,1,0,39
1,0,0,0,1
1,0,0,0,1
3,0,0,0,3
2,0,0,0,2
1,0,0,0,1
1,0,0,0,1
1,0,0,0,1
1,0,0,0,1
1,0,0,0,1
1,0,0,0,1
1,0,0,0,1
2,0,0,0,2
7,9,0,0,16
1,0,0,0,1
6,0,0,0,6
2,0,0,0,2
1,0,0,0,1
2,0,0,0,2
10,0,0,0,10
5,0,0,0,5
1,0,0,0,1
2,0,0,0,2
1,0,0,0,1
2,0,0,0,2
1,0,0,0,1
1,0,0,0,1
2,0,0,0,2
1,0,0,0,1
1,0,0,0,1
3,0,0,0,3
2,0,0,0,2
1,0,0,0,1
1,0,0,0,1
2,0,0,0,2
1,0,0,0,1
5,0,0,0,5
2,0,0,0,2
1,0,0,0,1
1,0,0,0,1
1,0,0,0,1
2,2,0,0,4
1,0,0,0,1
1,0,0,0,1
1,0,0,0,1
1,0,0,0,1
2,0,0,0,2
1,0,0,0,1
1,0,0,0,1
4,0,0,0,4
1,0,0,0,1
1,0,0,0,1
1,0,0,0,1
1,0,0,0,1
1,0,0,0,1
2,0,0,0,2
1,0,0,0,1
1,0,0,0,1
1,0,0,0,1
1,0,0,0,1
1,0,0,0,1
1,0,0,0,1
1,0,0,0,1
1,0,0,0,1
2,0,0,0,2
1,0,0,0,1
1,0,0,0,1
3,0,0,0,3
3,0,0,0,3
1,0,0,0,1
1,0,0,0,1
1,0,0,0,1
2,0,0,0,2
7,0,0,0,7
1,0,0,0,1
1,0,0,0,1
5,0,0,0,5
1,0,0,0,1
1,0,0,0,1
1,0,0,0,1
2,0,0,0,2
1,0,0,0,1
1,0,0,0,1
1,2,0,0,3
1,0,0,0,1
1,0,0,0,1
1,0,0,0,1
1,0,0,0,1
1,0,0,0,1
1,0,0,0,1
1,0,0,0,1
1,1,0,0,2
1,0,0,0,1
1,0,0,0,1
1,0,0,0,1
3,0,0,0,3
1,0,0,0,1
5,0,0,0,5
1,7,0,0,8
5,0,0,0,5
1,0,0,0,1
1,0,0,0,1
1,0,0,0,1
2,0,0,0,2
12,0,0,0,12
2,1,0,0,3
1,0,0,0,1
3,0,0,0,3
1,0,0,0,1
2,0,0,0,2
1,0,0,0,1
2,3,0,0,5
1,0,0,0,1
8,0,0,0,8
2,0,0,0,2
4,0,0,0,4
1,0,0,0,1
1,0,0,0,1
5,21,0,0,26
1,0,0,0,1
2,0,0,0,2
1,0,0,0,1
1,0,0,0,1
1,0,0,0,1
2,0,0,0,2
1,0,0,0,1
1,0,0,0,1
2,0,0,0,2
1,0,0,0,1
1,0,0,0,1
1,0,0,0,1
1,0,0,0,1
2,0,0,0,2
2,0,0,0,2
1,0,0,0,1
1,0,0,0,1
1,0,0,0,1
1,0,0,0,1
1,0,0,0,1
2,5,0,0,7
1,0,0,0,1
1,0,0,0,1
1,0,0,0,1
1,0,0,0,1
1,0,0,0,1
2,0,0,0,2
3,0,0,0,3
7,0,0,0,7
2,0,0,0,2
1,0,0,0,1
1,0,0,0,1
3,0,0,0,3
1,0,0,0,1
1,0,0,0,1
1,0,0,0,1
9,0,0,0,9
4,0,0,0,4
1,0,0,0,1
2,0,0,0,2
1,0,0,0,1
1,0,0,0,1
1,0,0,0,1
2,0,0,0,2
1,0,0,0,1
1,0,0,0,1
1,0,0,0,1
1,0,0,0,1
1,0,0,0,1
1,0,0,0,1
1,0,0,0,1
1,0,0,0,1
1,0,0,0,1
1,0,0,0,1
1,0,0,0,1
7,2,1,0,10
1,0,0,0,1
1,0,0,0,1
1,0,0,0,1
1,0,0,0,1
3,0,0,0,3
1,0,0,0,1
3,2,0,0,5
1,0,0,0,1
1,0,0,0,1
1,0,0,0,1
1,0,0,0,1
2,0,0,0,2
1,0,0,0,1
1,0,0,0,1
1,0,0,0,1
3,0,0,0,3
7,0,0,0,7
1,0,0,0,1
1,0,0,0,1
1,0,0,0,1
1,0,0,0,1
2,0,0,0,2
1,0,0,0,1
1,0,0,0,1
1,0,0,0,1
5,0,0,0,5
1,0,0,0,1
1,0,0,0,1
3,0,0,0,3
1,0,0,0,1
2,0,0,0,2
2,0,0,0,2
12,6,0,0,18
1,0,0,0,1
1,0,0,0,1
1,0,0,0,1
1,0,0,0,1
1,12,4,0,17
4,0,0,0,4
1,0,0,0,1
1,0,0,0,1
2,0,0,0,2
2,0,0,0,2
1,0,0,0,1
1,0,0,0,1
1,0,0,0,1
1,0,0,0,1
5,0,0,0,5
1,0,0,0,1
2,0,0,0,2
1,0,0,0,1
1,0,0,0,1
2,0,0,0,2
1,0,0,0,1
1,0,0,0,1
2,0,0,0,2
1,0,0,0,1
3,0,0,0,3
1,0,0,0,1
1,0,0,0,1
1,0,0,0,1
1,0,0,0,1
2,0,0,0,2
1,0,0,0,1
1,0,0,0,1
1,0,0,0,1
1,0,0,0,1
1,0,0,0,1
1,0,0,0,1
1,0,0,0,1
1,0,0,0,1
1,0,0,0,1
1,0,0,0,1
5,0,0,0,5
11,0,0,0,11
2,0,0,0,2
2,0,0,0,2
1,0,0,0,1
2,0,0,0,2
1,0,0,0,1
1,0,0,0,1
1,0,0,0,1
2,0,0,0,2
1,0,0,0,1
1,0,0,0,1
1,0,0,0,1
1,0,0,0,1
2,0,0,0,2
7,2,0,0,9
1,0,0,0,1
3,0,0,0,3
1,0,0,0,1
1,1,1,0,3
1,0,0,0,1
1,0,0,0,1
4,0,0,0,4
1,0,0,0,1
1,0,0,0,1
1,0,0,0,1
1,0,0,0,1
2,0,0,0,2
1,0,0,0,1
3,0,0,0,3
1,0,0,0,1
1,0,0,0,1
1,0,0,0,1
1,0,0,0,1
1,0,0,0,1
1,0,0,0,1
1,0,0,0,1
1,0,0,0,1
2,0,0,0,2
2,0,0,0,2
3,0,0,0,3
1,0,0,0,1
1,0,0,0,1
5,2,0,0,7
4,0,0,0,4
2,0,0,0,2
1,0,0,0,1
1,0,0,0,1
3,0,0,0,3
4,0,0,0,4
4,0,0,0,4
1,0,0,0,1
1,0,0,0,1
1,0,0,0,1
1,0,0,0,1
2,0,0,0,2
2,0,0,0,2
1,0,0,0,1
1,0,0,0,1
1,0,0,0,1
1,0,0,0,1
4,0,0,0,4
1,0,0,0,1
1,0,0,0,1
4,0,0,0,4
1,0,0,0,1
1,13,0,0,14
1,0,0,0,1
1,0,0,0,1
1,0,0,0,1
1,6,0,0,7
1,0,0,0,1
1,0,0,0,1
2,0,0,0,2
1,0,0,0,1
1,0,0,0,1
2,2,0,0,4
1,0,0,0,1
3,0,0,0,3
1,0,0,0,1
1,0,0,0,1
3,0,0,0,3
1,0,0,0,1
2,0,0,0,2
2,0,0,0,2
1,0,0,0,1
1,0,0,0,1
2,0,0,0,2
1,0,0,0,1
6,0,0,0,6
1,0,0,0,1
1,0,0,0,1
1,0,0,0,1
1,0,0,0,1
2,0,0,0,2
2,0,0,0,2
3,0,0,0,3
2,0,0,0,2
1,0,0,0,1
1,0,0,0,1
1,0,0,0,1
1,0,0,0,1
5,0,0,0,5
1,0,0,0,1
1,0,0,0,1
3,5,0,0,8
1,0,0,0,1
3,0,0,0,3
1,0,0,0,1
4,0,0,0,4
1,0,0,0,1
1,0,0,0,1
2,0,0,0,2
13,1,0,0,14
1,0,0,0,1
2,0,0,0,2
2,0,0,0,2
1,0,0,0,1
1,0,0,0,1
1,0,0,0,1
2,0,0,0,2
1,0,0,0,1
1,0,0,0,1
1,0,0,0,1
1,0,0,0,1
4,0,0,0,4
1,0,0,0,1
1,0,0,0,1
9,0,0,0,9
1,0,0,0,1
2,0,0,0,2
1,0,0,0,1
1,0,0,0,1
1,0,0,0,1
1,0,0,0,1
1,0,0,0,1
1,0,0,0,1
2,0,0,0,2
2,0,0,0,2
1,0,0,0,1
1,0,0,0,1
1,0,0,0,1
1,0,0,0,1
1,0,0,0,1
1,0,0,0,1
1,0,0,0,1
1,0,0,0,1
2,0,0,0,2
1,0,0,0,1
1,0,0,0,1
2,0,0,0,2
1,0,0,0,1
1,0,0,0,1
1,0,0,0,1
1,0,0,0,1
1,0,0,0,1
1,0,0,0,1
1,0,0,0,1
1,0,0,0,1
1,0,0,0,1
5,0,0,0,5
1,0,0,0,1
1,0,0,0,1
1,0,0,0,1
3,0,0,0,3
1,0,0,0,1
1,0,0,0,1
1,0,0,0,1
3,0,0,0,3
1,0,0,0,1
1,0,0,0,1
1,0,0,0,1
1,0,0,0,1
1,0,0,0,1
1,0,0,0,1
3,0,0,0,3
1,0,0,0,1
1,0,0,0,1
1,0,0,0,1
1,0,0,0,1
5,3,0,0,8
2,0,0,0,2
1,0,0,0,1
1,0,0,0,1
1,0,0,0,1
1,0,0,0,1
1,0,0,0,1
1,0,0,0,1
14,0,0,0,14
1,0,0,0,1
1,0,0,0,1
1,0,0,0,1
1,5,0,0,6
3,2,1,0,6
1,0,0,0,1
2,0,0,0,2
1,0,0,0,1
1,0,0,0,1
1,0,0,0,1
1,0,0,0,1
11,0,0,0,11
1,0,0,0,1
1,0,0,0,1
1,0,0,0,1
1,0,0,0,1
2,0,0,0,2
3,1,0,0,4
1,0,0,0,1
3,0,0,0,3
1,0,0,0,1
1,0,0,0,1
2,0,0,0,2
2,0,0,0,2
1,0,0,0,1
1,0,0,0,1
1,0,0,0,1
1,0,0,0,1
1,0,0,0,1
6,0,0,0,6
2,0,0,0,2
1,0,0,0,1
1,0,0,0,1
4,0,0,0,4
1,0,0,0,1
1,0,0,0,1
1,0,0,0,1
1,0,0,0,1
1,0,0,0,1
5,1,0,0,6
2,0,0,0,2
1,0,0,0,1
2,0,0,0,2
3,0,0,0,3
1,0,0,0,1
1,0,0,0,1
2,0,0,0,2
9,0,0,0,9
4,0,0,0,4
7,0,0,0,7
1,0,0,0,1
1,0,0,0,1
2,0,0,0,2
1,0,0,0,1
1,3,0,0,4
1,0,0,0,1
4,0,0,0,4
7,1,0,0,8
2,0,0,0,2
3,0,0,0,3
1,0,0,0,1
1,0,0,0,1
1,0,0,0,1
2,0,0,0,2
2,0,0,0,2
1,0,0,0,1
1,0,0,0,1
1,0,0,0,1
1,0,0,0,1
1,0,0,0,1
5,0,0,0,5
2,0,0,0,2
1,0,0,0,1
1,0,0,0,1
1,0,0,0,1
1,0,0,0,1
2,0,0,0,2
5,1,0,0,6
1,0,0,0,1
3,0,0,0,3
1,0,0,0,1
3,1,2,0,6
1,0,0,0,1
5,0,0,0,5
1,0,0,0,1
1,0,0,0,1
1,0,0,0,1
1,0,0,0,1
1,0,0,0,1
1,0,0,0,1
4,0,0,0,4
2,0,0,0,2
1,0,0,0,1
4,0,0,0,4
1,0,0,0,1
1,0,0,0,1
1,0,0,0,1
1,0,0,0,1
7,0,0,0,7
1,0,0,0,1
2,0,0,0,2
2,0,0,0,2
1,0,0,0,1
1,0,0,0,1
1,0,0,0,1
5,0,0,0,5
3,0,0,0,3
1,0,0,0,1
1,0,0,0,1
1,0,0,0,1
1,0,0,0,1
5,8,0,0,13
2,0,0,0,2
2,0,0,0,2
6,0,0,0,6
1,0,0,0,1
1,0,0,0,1
1,1,2,0,4
1,0,0,0,1
7,5,0,0,12
1,0,0,0,1
3,0,0,0,3
3,0,0,0,3
1,0,0,0,1
3,0,0,0,3
1,0,0,0,1
1,0,0,0,1
3,0,0,0,3
1,0,0,0,1
1,0,0,0,1
1,0,0,0,1
6,5,0,0,11
1,0,0,0,1
1,0,0,0,1
2,0,0,0,2
6,0,0,0,6
1,0,0,0,1
4,0,0,0,4
4,0,0,0,4
2,0,0,0,2
1,0,0,0,1
1,0,0,0,1
1,0,0,0,1
1,0,0,0,1
1,0,0,0,1
4,1,1,0,6
1,0,0,0,1
1,0,0,0,1
1,0,0,0,1
1,0,0,0,1
2,0,0,0,2
1,0,0,0,1
1,0,0,0,1
4,0,0,0,4
11,13,0,0,24
9,0,0,0,9
1,0,0,0,1
1,0,0,0,1
1,0,0,0,1
2,0,0,0,2
1,0,0,0,1
1,0,0,0,1
2,0,0,0,2
1,0,0,0,1
1,0,0,0,1
1,0,0,0,1
1,0,0,0,1
1,0,0,0,1
1,0,0,0,1
2,0,0,0,2
3,0,0,0,3
2,0,0,0,2
1,0,0,0,1
1,0,0,0,1
1,0,0,0,1
1,0,0,0,1
2,0,0,0,2
3,0,0,0,3
3,0,0,0,3
1,0,0,0,1
1,0,0,0,1
2,1,0,0,3
1,1,1,0,3
1,0,0,0,1
1,0,0,0,1
2,0,0,0,2
2,0,0,0,2
1,0,0,0,1
3,0,0,0,3
3,0,0,0,3
1,0,0,0,1
2,0,0,0,2
3,0,0,0,3
2,0,0,0,2
4,0,0,0,4
1,0,0,0,1
1,0,0,0,1
21,0,0,0,21
2,0,0,0,2
1,0,0,0,1
1,0,0,0,1
1,0,0,0,1
1,0,0,0,1
2,0,0,0,2
2,0,0,0,2
2,0,0,0,2
1,0,0,0,1
4,0,0,0,4
2,0,0,0,2
1,0,0,0,1
1,1,0,0,2
1,1,0,0,2
1,0,0,0,1
1,0,0,0,1
1,5,0,0,6
3,0,0,0,3
1,0,0,0,1
1,0,0,0,1
1,0,0,0,1
1,0,0,0,1
2,0,0,0,2
1,0,0,0,1
1,0,0,0,1
1,0,0,0,1
2,1,0,0,3
1,0,0,0,1
1,0,0,0,1
2,2,0,0,4
1,0,0,0,1
1,4,0,0,5
3,1,0,0,4
2,0,0,0,2
2,0,0,0,2
2,0,0,0,2
2,0,0,0,2
2,0,0,0,2
1,0,0,0,1
1,0,0,0,1
1,0,0,0,1
1,0,0,0,1
5,5,0,0,10
1,0,0,0,1
1,0,0,0,1
1,0,0,0,1
2,0,0,0,2
2,0,0,0,2
1,0,0,0,1
1,0,0,0,1
1,0,0,0,1
2,0,0,0,2
4,0,0,0,4
1,0,0,0,1
4,0,0,0,4
1,0,0,0,1
3,0,0,0,3
1,0,0,0,1
3,0,0,0,3
8,3,0,0,11
2,0,0,0,2
3,0,0,0,3
3,6,0,0,9
1,0,0,0,1
1,0,0,0,1
1,0,0,0,1
1,0,0,0,1
2,0,0,0,2
11,0,0,0,11
2,0,0,0,2
1,0,0,0,1
1,0,0,0,1
1,0,0,0,1
12,0,0,0,12
1,0,0,0,1
6,0,0,0,6
1,0,0,0,1
2,0,0,0,2
2,0,0,0,2
1,0,0,0,1
1,0,0,0,1
1,0,0,0,1
1,0,0,0,1
3,2,0,0,5
2,0,0,0,2
1,0,0,0,1
1,0,0,0,1
1,0,0,0,1
2,0,0,0,2
2,0,0,0,2
3,47,0,0,50
2,0,0,0,2
1,0,0,0,1
2,0,0,0,2
2,0,0,0,2
1,0,0,0,1
1,0,0,0,1
2,22,0,0,24
9,5,9,0,23
1,0,0,0,1
1,0,0,0,1
1,0,0,0,1
1,0,0,0,1
1,26,0,0,27
1,0,0,0,1
1,0,0,0,1
4,0,0,0,4
1,0,0,0,1
1,0,0,0,1
1,0,0,0,1
1,0,0,0,1
2,0,0,0,2
2,0,0,0,2
1,0,0,0,1
1,0,0,0,1
1,0,0,0,1
1,0,0,0,1
1,0,0,0,1
1,0,0,0,1
4,0,0,0,4
1,0,0,0,1
4,0,1,0,5
1,0,0,0,1
1,0,0,0,1
1,0,0,0,1
1,0,0,0,1
1,0,0,0,1
2,0,0,0,2
1,0,0,0,1
1,0,0,0,1
7,25,0,0,32
1,3,0,0,4
1,0,0,0,1
1,0,0,0,1
1,0,0,0,1
1,0,0,0,1
1,0,0,0,1
5,0,0,0,5
6,0,0,0,6
1,0,0,0,1
2,0,0,0,2
1,0,0,0,1
1,0,0,0,1
1,0,0,0,1
2,0,0,0,2
10,0,0,0,10
1,0,0,0,1
1,0,0,0,1
2,0,0,0,2
1,0,0,0,1
4,0,0,0,4
1,0,0,0,1
2,0,0,0,2
2,0,0,0,2
2,0,0,0,2
1,0,0,0,1
2,0,0,0,2
1,0,0,0,1
3,0,0,0,3
2,0,0,0,2
2,0,0,0,2
1,0,0,0,1
2,0,0,0,2
2,0,0,0,2
1,0,0,0,1
2,0,0,0,2
1,0,0,0,1
1,0,0,0,1
1,162,0,0,163
1,0,0,0,1
1,0,0,0,1
1,0,0,0,1
1,0,0,0,1
4,0,0,0,4
1,0,0,0,1
3,0,0,0,3
1,0,0,0,1
2,1,0,0,3
3,0,0,0,3
4,0,0,0,4
1,0,0,0,1
4,0,0,0,4
1,0,0,0,1
1,0,0,0,1
7,0,0,0,7
1,0,0,0,1
2,0,0,0,2
1,0,0,0,1
1,0,0,0,1
1,0,0,0,1
1,0,0,0,1
3,27,0,0,30
4,0,0,0,4
2,0,0,0,2
1,0,0,0,1
1,0,0,0,1
1,0,0,0,1
1,0,0,0,1
1,0,0,0,1
1,0,0,0,1
1,0,0,0,1
1,0,0,0,1
1,0,0,0,1
1,0,0,0,1
1,0,0,0,1
3,0,0,0,3
1,0,0,0,1
3,0,0,0,3
16,18,1,0,35
3,0,0,0,3
1,0,0,0,1
1,0,0,0,1
1,0,0,0,1
2,0,0,0,2
1,0,0,0,1
1,0,0,0,1
1,0,0,0,1
1,0,0,0,1
2,0,0,0,2
1,0,0,0,1
1,0,0,0,1
1,0,0,0,1
6,0,0,0,6
1,0,0,0,1
1,0,0,0,1
11,0,0,0,11
1,0,0,0,1
1,0,0,0,1
1,0,0,0,1
4,0,0,0,4
5,0,0,0,5
3,0,0,0,3
1,0,0,0,1
3,0,0,0,3
1,0,0,0,1
1,0,0,0,1
1,0,0,0,1
1,0,0,0,1
1,0,0,0,1
1,0,0,0,1
1,0,0,0,1
2,0,0,0,2
1,0,0,0,1
1,0,0,0,1
1,0,0,0,1
5,0,0,0,5
1,6,0,0,7
1,0,0,0,1
3,0,0,0,3
2,0,0,0,2
1,0,0,0,1
2,9,0,0,11
3,0,0,0,3
3,0,0,0,3
1,0,0,0,1
1,0,0,0,1
1,0,0,0,1
1,0,0,0,1
1,0,0,0,1
4,19,0,0,23
2,0,0,0,2
1,0,0,0,1
2,9,0,0,11
2,1,0,0,3
1,0,0,0,1
6,0,0,0,6
1,0,0,0,1
1,0,0,0,1
1,0,0,0,1
1,0,0,0,1
1,0,0,0,1
1,0,0,0,1
2,8,0,0,10
1,0,0,0,1
3,0,0,0,3
2,0,0,0,2
3,1,0,0,4
1,0,0,0,1
1,0,0,0,1
1,0,0,0,1
4,0,0,0,4
3,0,0,0,3
1,0,0,0,1
1,0,0,0,1
2,0,0,0,2
2,0,0,0,2
6,0,0,0,6
1,0,0,0,1
2,0,0,0,2
1,0,0,0,1
1,0,0,0,1
2,0,0,0,2
1,0,0,0,1
4,0,0,0,4
1,1,0,0,2
2,2,0,0,4
1,0,0,0,1
1,16,1,0,18
1,0,0,0,1
4,0,0,0,4
2,0,0,0,2
1,0,0,0,1
1,0,0,0,1
1,0,0,0,1
2,0,0,0,2
1,0,0,0,1
1,0,0,0,1
3,0,0,0,3
1,0,0,0,1
1,0,0,0,1
1,0,0,0,1
1,0,0,0,1
1,0,0,0,1
1,0,0,0,1
5,0,0,0,5
1,0,0,0,1
1,0,0,0,1
3,0,0,0,3
1,2,0,0,3
1,0,0,0,1
1,0,0,0,1
1,0,0,0,1
1,0,0,0,1
2,0,0,0,2
2,0,1,0,3
1,0,0,0,1
4,8,0,0,12
1,0,0,0,1
1,0,0,0,1
1,0,0,0,1
1,0,0,0,1
3,0,0,0,3
1,0,0,0,1
1,0,0,0,1
1,0,0,0,1
1,0,0,0,1
1,0,0,0,1
1,0,0,0,1
1,0,0,0,1
1,0,0,0,1
1,0,0,0,1
4,0,0,0,4
1,0,0,0,1
1,0,0,0,1
2,0,0,0,2
1,0,0,0,1
2,0,0,0,2
1,0,0,0,1
1,0,0,0,1
1,0,0,0,1
1,0,0,0,1
2,0,0,0,2
1,0,0,0,1
1,0,0,0,1
1,0,0,0,1
1,0,0,0,1
1,0,0,0,1
3,0,0,0,3
4,0,0,0,4
1,0,0,0,1
1,0,0,0,1
1,0,0,0,1
8,725,0,0,733
2,0,0,0,2
1,0,0,0,1
1,0,0,0,1
1,0,0,0,1
1,0,0,0,1
1,0,0,0,1
1,0,0,0,1
1,0,0,0,1
1,0,0,0,1
1,0,0,0,1
1,0,0,0,1
1,0,0,0,1
3,0,0,0,3
1,0,0,0,1
1,0,0,0,1
1,0,0,0,1
1,0,0,0,1
1,0,0,0,1
3,0,0,0,3
1,0,0,0,1
1,0,0,0,1
1,0,0,0,1
5,0,0,0,5
1,0,0,0,1
1,0,0,0,1
4,0,0,0,4
2,0,0,0,2
2,0,0,0,2
4,0,0,0,4
1,0,0,0,1
1,0,0,0,1
1,0,0,0,1
3,0,0,0,3
1,0,0,0,1
1,0,0,0,1
1,0,0,0,1
1,0,0,0,1
1,0,0,0,1
1,0,0,0,1
1,0,0,0,1
3,0,0,0,3
3,0,0,0,3
2,0,0,0,2
1,0,0,0,1
1,0,0,0,1
1,0,0,0,1
2,0,0,0,2
1,0,0,0,1
1,58,0,0,59
1,0,0,0,1
8,1,1,0,10
1,0,0,0,1
1,0,0,0,1
1,0,0,0,1
6,3,0,0,9
1,0,0,0,1
1,0,0,0,1
1,0,0,0,1
1,0,0,0,1
1,0,0,0,1
16,0,0,0,16
2,0,0,0,2
1,0,0,0,1
1,0,0,0,1
1,0,0,0,1
1,0,0,0,1
1,0,0,0,1
1,0,0,0,1
1,0,0,0,1
1,0,0,0,1
2,0,0,0,2
1,0,0,0,1
1,0,0,0,1
1,0,0,0,1
1,0,0,0,1
2,0,0,0,2
2,0,0,0,2
7,3,1,0,11
3,0,0,0,3
1,0,0,0,1
2,0,0,0,2
1,0,0,0,1
1,0,0,0,1
1,0,0,0,1
1,0,0,0,1
1,0,0,0,1
1,0,0,0,1
2,0,0,0,2
1,0,0,0,1
1,0,0,0,1
2,0,0,0,2
1,0,0,0,1
2,0,0,0,2
1,0,0,0,1
1,0,0,0,1
1,0,0,0,1
1,0,0,0,1
1,0,0,0,1
1,0,0,0,1
1,0,0,0,1
1,0,0,0,1
1,0,0,0,1
1,0,0,0,1
1,0,0,0,1
4,0,0,0,4
1,0,0,0,1
1,0,0,0,1
1,0,0,0,1
1,0,0,0,1
1,0,0,0,1
3,1,0,0,4
1,0,0,0,1
1,0,0,0,1
1,0,0,0,1
2,0,0,0,2
1,0,0,0,1
5,0,0,0,5
1,0,0,0,1
4,0,0,0,4
2,0,0,0,2
1,0,0,0,1
1,0,0,0,1
1,0,0,0,1
1,17,0,0,18
4,0,0,0,4
2,0,0,0,2
1,0,0,0,1
1,0,0,0,1
1,0,0,0,1
2,0,0,0,2
1,0,0,0,1
2,0,0,0,2
1,0,0,0,1
1,0,0,0,1
1,0,0,0,1
2,0,0,0,2
1,0,0,0,1
1,0,0,0,1
2,0,0,0,2
4,0,0,0,4
2,0,0,0,2
1,0,0,0,1
1,0,0,0,1
1,0,0,0,1
3,0,0,0,3
1,0,0,0,1
1,0,0,0,1
1,0,0,0,1
1,0,0,0,1
1,0,0,0,1
1,0,0,0,1
1,0,0,0,1
1,0,0,0,1
1,0,0,0,1
1,0,0,0,1
2,0,0,0,2
5,0,0,0,5
2,0,0,0,2
1,0,0,0,1
1,0,0,0,1
4,2,0,0,6
1,0,0,0,1
3,0,0,0,3
1,0,0,0,1
1,0,0,0,1
1,0,0,0,1
1,0,0,0,1
1,0,0,0,1
1,0,0,0,1
2,0,0,0,2
1,0,0,0,1
1,0,0,0,1
1,0,0,0,1
1,0,0,0,1
1,0,0,0,1
1,0,0,0,1
1,0,0,0,1
1,0,0,0,1
1,0,0,0,1
1,0,0,0,1
1,0,0,0,1
1,0,0,0,1
2,0,0,0,2
1,0,0,0,1
1,0,0,0,1
2,0,0,0,2
1,0,0,0,1
1,0,0,0,1
1,0,0,0,1
1,0,0,0,1
1,0,0,0,1
1,0,0,0,1
1,0,0,0,1
2,0,0,0,2
3,0,0,0,3
1,0,0,0,1
1,0,0,0,1
1,0,0,0,1
1,0,0,0,1
1,0,0,0,1
9,1,0,0,10
1,0,0,0,1
1,0,0,0,1
3,0,0,0,3
1,0,0,0,1
1,0,0,0,1
3,0,0,0,3
1,0,0,0,1
2,0,0,0,2
5,0,0,0,5
2,0,0,0,2
8,0,0,0,8
1,0,0,0,1
2,0,0,0,2
6,32,12,0,50
1,0,0,0,1
2,0,0,0,2
1,0,0,0,1
1,0,0,0,1
1,0,0,0,1
1,0,0,0,1
7,0,0,0,7
1,0,0,0,1
1,0,0,0,1
1,0,0,0,1
2,0,0,0,2
5,0,0,0,5
2,0,0,0,2
3,0,0,0,3
1,0,0,0,1
1,0,0,0,1
1,0,0,0,1
2,0,0,0,2
1,0,0,0,1
1,0,0,0,1
1,0,0,0,1
1,0,0,0,1
1,0,0,0,1
1,0,0,0,1
1,0,0,0,1
1,0,0,0,1
1,0,0,0,1
1,0,0,0,1
1,0,0,0,1
1,0,0,0,1
6,6,2,0,14
5,0,0,0,5
4,0,0,0,4
1,0,0,0,1
1,0,0,0,1
1,0,0,0,1
4,0,0,0,4
2,0,0,0,2
1,0,0,0,1
1,0,0,0,1
1,0,0,0,1
7,0,0,0,7
2,0,0,0,2
2,0,0,0,2
1,0,0,0,1
1,0,0,0,1
4,0,0,0,4
1,0,0,0,1
3,0,0,0,3
1,0,0,0,1
1,0,0,0,1
1,0,0,0,1
2,0,0,0,2
2,0,0,0,2
3,0,0,0,3
2,0,0,0,2
13,0,0,0,13
3,0,0,0,3
5,0,0,0,5
2,0,0,0,2
1,0,0,0,1
1,0,0,0,1
1,0,0,0,1
1,0,0,0,1
1,0,0,0,1
1,1,1,0,3
1,0,0,0,1
3,0,0,0,3
1,0,0,0,1
1,0,0,0,1
1,0,0,0,1
1,0,0,0,1
3,0,0,0,3
1,0,0,0,1
1,0,0,0,1
1,0,0,0,1
1,0,0,0,1
1,0,0,0,1
2,0,0,0,2
8,0,0,0,8
1,0,0,0,1
1,0,0,0,1
1,0,0,0,1
1,0,0,0,1
1,0,0,0,1
1,0,0,0,1
1,0,0,0,1
2,0,0,0,2
1,0,0,0,1
3,0,0,0,3
2,0,0,0,2
1,0,0,0,1
1,0,0,0,1
1,0,0,0,1
2,0,0,0,2
1,0,0,0,1
1,0,0,0,1
3,0,0,0,3
4,6,0,0,10
1,6,0,0,7
2,592,0,0,594
1,0,0,0,1
1,0,0,0,1
1,0,0,0,1
3,0,0,0,3
1,0,0,0,1
2,0,0,0,2
2,0,0,0,2
3,0,0,0,3
2,0,0,0,2
1,0,0,0,1
1,0,0,0,1
1,0,0,0,1
1,0,0,0,1
1,0,0,0,1
1,0,0,0,1
1,0,0,0,1
3,0,0,0,3
1,0,0,0,1
3,0,0,0,3
1,0,0,0,1
1,0,0,0,1
5,0,0,0,5
1,0,0,0,1
1,0,0,0,1
1,0,0,0,1
2,0,0,0,2
3,0,0,0,3
1,0,0,0,1
2,0,0,0,2
3,0,0,0,3
1,0,0,0,1
1,0,0,0,1
1,0,0,0,1
2,9,0,0,11
1,0,0,0,1
1,0,0,0,1
3,7,0,0,10
1,0,0,0,1
1,0,0,0,1
1,0,0,0,1
2,0,0,0,2
1,0,0,0,1
1,0,0,0,1
1,0,0,0,1
1,0,0,0,1
1,0,0,0,1
1,0,0,0,1
3,0,0,0,3
3,0,0,0,3
1,0,0,0,1
1,0,0,0,1
1,0,0,0,1
1,0,0,0,1
1,0,0,0,1
1,0,0,0,1
2,0,0,0,2
1,0,0,0,1
1,0,0,0,1
1,0,0,0,1
1,0,0,0,1
1,0,0,0,1
1,0,0,0,1
1,0,0,0,1
1,0,0,0,1
4,0,0,0,4
1,0,0,0,1
3,0,0,0,3
1,0,0,0,1
3,0,0,0,3
1,0,0,0,1
1,0,0,0,1
1,0,0,0,1
1,0,0,0,1
9,0,0,0,9
2,0,0,0,2
1,0,0,0,1
2,0,0,0,2
1,0,0,0,1
1,0,0,0,1
1,1,0,0,2
2,5,0,0,7
10,0,0,0,10
8,0,0,0,8
1,0,0,0,1
1,0,0,0,1
1,0,0,0,1
2,0,0,0,2
2,0,0,0,2
1,0,0,0,1
1,0,0,0,1
1,0,0,0,1
1,0,0,0,1
2,0,0,0,2
1,0,0,0,1
1,0,0,0,1
2,0,0,0,2
20,0,1,0,21
1,0,0,0,1
6,0,0,0,6
1,0,0,0,1
1,0,0,0,1
1,0,0,0,1
2,0,0,0,2
1,0,0,0,1
1,0,0,0,1
2,0,0,0,2
2,0,0,0,2
1,0,0,0,1
1,0,0,0,1
3,0,0,0,3
1,0,0,0,1
3,4,1,0,8
1,0,0,0,1
2,0,0,0,2
1,0,0,0,1
1,0,0,0,1
1,0,0,0,1
1,0,0,0,1
9,0,0,0,9
1,0,0,0,1
1,0,0,0,1
2,0,0,0,2
14,0,1,0,15
1,0,0,0,1
6,0,0,0,6
1,0,0,0,1
1,0,0,0,1
1,1,1,0,3
1,0,0,0,1
2,0,0,0,2
3,0,0,0,3
3,0,0,0,3
1,0,0,0,1
1,0,0,0,1
1,1,1,0,3
2,1,0,0,3
1,0,0,0,1
5,0,0,0,5
1,0,0,0,1
1,0,0,0,1
1,0,0,0,1
1,0,0,0,1
3,0,0,0,3
1,0,0,0,1
1,0,0,0,1
1,0,0,0,1
1,0,0,0,1
1,0,0,0,1
1,0,0,0,1
1,0,0,0,1
5,0,0,0,5
1,0,0,0,1
1,0,0,0,1
1,0,0,0,1
2,0,0,0,2
3,0,0,0,3
8,0,0,0,8
10,0,0,0,10
1,0,0,0,1
1,0,0,0,1
1,0,0,0,1
1,0,0,0,1
3,0,0,0,3
8,0,0,0,8
1,0,0,0,1
1,0,0,0,1
1,0,0,0,1
2,0,0,0,2
3,0,0,0,3
1,0,0,0,1
1,0,0,0,1
1,0,0,0,1
1,0,0,0,1
4,0,0,0,4
1,0,0,0,1
1,0,0,0,1
2,0,0,0,2
1,0,0,0,1
1,0,0,0,1
1,0,0,0,1
1,0,0,0,1
2,0,0,0,2
1,0,0,0,1
1,0,0,0,1
1,0,0,0,1
2,0,0,0,2
1,0,0,0,1
1,0,0,0,1
1,0,0,0,1
2,0,0,0,2
5,1,0,0,6
2,0,0,0,2
1,0,0,0,1
2,0,0,0,2
1,0,0,0,1
5,0,0,0,5
1,0,0,0,1
2,0,0,0,2
3,0,0,0,3
1,0,0,0,1
2,0,0,0,2
1,0,0,0,1
1,0,0,0,1
1,0,0,0,1
1,0,0,0,1
2,0,0,0,2
2,0,0,0,2
1,0,0,0,1
1,0,0,0,1
1,0,0,0,1
1,0,0,0,1
2,0,0,0,2
2,0,0,0,2
1,0,0,0,1
2,0,0,0,2
2,0,0,0,2
2,0,0,0,2
2,0,0,0,2
8,0,0,0,8
1,0,0,0,1
3,0,0,0,3
1,0,0,0,1
2,0,0,0,2
1,0,0,0,1
2,0,0,0,2
2,0,0,0,2
1,0,0,0,1
1,0,0,0,1
1,0,0,0,1
1,0,0,0,1
1,0,0,0,1
5,0,0,0,5
1,0,0,0,1
1,0,0,0,1
1,0,0,0,1
1,0,0,0,1
1,0,0,0,1
1,0,0,0,1
1,0,0,0,1
1,0,0,0,1
1,0,0,0,1
3,0,0,0,3
1,0,0,0,1
3,0,0,0,3
1,0,0,0,1
1,0,0,0,1
9,21,0,0,30
1,0,0,0,1
1,0,0,0,1
2,0,0,0,2
3,0,0,0,3
3,0,0,0,3
4,0,0,0,4
2,0,0,0,2
1,0,0,0,1
1,0,0,0,1
9,0,0,0,9
2,0,0,0,2
1,0,0,0,1
1,0,0,0,1
2,0,0,0,2
1,0,0,0,1
1,0,0,0,1
2,0,0,0,2
6,0,0,0,6
1,0,0,0,1
1,0,0,0,1
3,0,0,0,3
1,0,0,0,1
5,0,0,0,5
1,0,0,0,1
1,1,1,0,3
2,0,0,0,2
1,0,0,0,1
1,0,0,0,1
1,0,0,0,1
1,0,0,0,1
10,0,1,0,11
2,2,0,0,4
5,0,0,0,5
2,0,0,0,2
2,0,0,0,2
1,0,0,0,1
1,0,0,0,1
1,0,0,0,1
1,0,0,0,1
1,0,0,0,1
6,0,0,0,6
5,0,0,0,5
1,0,0,0,1
1,0,0,0,1
3,4,1,0,8
2,0,0,0,2
1,0,0,0,1
1,0,0,0,1
2,0,0,0,2
8,0,0,0,8
1,0,0,0,1
2,0,0,0,2
1,0,0,0,1
2,0,0,0,2
3,0,0,0,3
1,0,0,0,1
1,0,0,0,1
1,0,0,0,1
1,0,0,0,1
1,0,0,0,1
1,0,0,0,1
1,0,0,0,1
1,0,0,0,1
1,0,0,0,1
3,0,0,0,3
2,0,0,0,2
1,0,0,0,1
1,0,0,0,1
1,0,0,0,1
2,0,0,0,2
2,0,0,0,2
1,0,0,0,1
1,0,0,0,1
5,0,0,0,5
1,0,0,0,1
1,0,0,0,1
6,0,0,0,6
7,0,0,0,7
1,0,0,0,1
2,1,3,0,6
1,0,0,0,1
2,0,0,0,2
1,0,0,0,1
1,0,0,0,1
2,0,1,0,3
1,0,0,0,1
1,0,0,0,1
1,0,0,0,1
2,0,0,0,2
1,0,0,0,1
2,0,0,0,2
1,0,0,0,1
1,0,0,0,1
1,0,0,0,1
2,0,0,0,2
1,0,0,0,1
6,0,0,0,6
2,0,0,0,2
5,0,0,0,5
3,0,0,0,3
2,0,0,0,2
1,0,0,0,1
1,0,0,0,1
1,0,0,0,1
2,0,0,0,2
1,0,0,0,1
2,0,0,0,2
1,0,0,0,1
9,4,0,0,13
3,0,0,0,3
5,0,0,0,5
1,0,0,0,1
2,25,0,0,27
2,0,0,0,2
2,0,0,0,2
2,0,0,0,2
1,0,0,0,1
1,0,0,0,1
2,0,0,0,2
5,0,0,0,5
1,0,0,0,1
5,0,1,0,6
1,0,0,0,1
1,0,0,0,1
1,0,0,0,1
2,0,0,0,2
5,0,0,0,5
1,0,0,0,1
2,0,0,0,2
5,0,0,0,5
2,0,0,0,2
2,0,0,0,2
2,0,0,0,2
1,0,0,0,1
1,0,0,0,1
1,0,0,0,1
1,0,0,0,1
1,0,0,0,1
1,0,0,0,1
1,0,0,0,1
7,2,0,0,9
1,0,0,0,1
3,0,0,0,3
2,0,0,0,2
1,0,0,0,1
3,0,1,0,4
2,0,0,0,2
4,0,0,0,4
1,0,0,0,1
1,0,0,0,1
1,0,0,0,1
2,0,0,0,2
2,0,0,0,2
5,1,0,0,6
1,0,0,0,1
1,0,0,0,1
1,0,0,0,1
1,0,0,0,1
1,0,0,0,1
1,0,0,0,1
2,0,0,0,2
1,0,0,0,1
1,0,0,0,1
2,0,0,0,2
1,0,0,0,1
1,0,0,0,1
3,0,0,0,3
1,0,0,0,1
1,0,0,0,1
2,0,0,0,2
1,0,0,0,1
1,0,0,0,1
1,0,0,0,1
3,0,0,0,3
1,0,0,0,1
1,0,0,0,1
1,0,0,0,1
1,0,0,0,1
3,0,0,0,3
1,0,0,0,1
3,0,0,0,3
1,0,0,0,1
1,0,0,0,1
1,0,0,0,1
1,0,0,0,1
1,0,0,0,1
1,0,0,0,1
1,0,0,0,1
7,0,0,0,7
1,0,0,0,1
6,3,0,0,9
2,172,0,0,174
2,0,0,0,2
1,0,0,0,1
1,0,0,0,1
1,0,0,0,1
1,0,0,0,1
3,0,0,0,3
1,0,0,0,1
1,0,0,0,1
1,0,0,0,1
1,0,0,0,1
3,0,0,0,3
1,0,0,0,1
1,0,0,0,1
2,0,0,0,2
1,0,0,0,1
3,0,0,0,3
3,0,0,0,3
1,0,0,0,1
2,0,0,0,2
1,0,0,0,1
2,0,0,0,2
1,0,0,0,1
5,0,0,0,5
1,0,0,0,1
1,0,0,0,1
1,0,0,0,1
1,0,0,0,1
1,0,0,0,1
3,3,1,0,7
1,0,0,0,1
2,0,0,0,2
1,1,0,0,2
1,0,0,0,1
10,0,0,0,10
1,0,0,0,1
1,0,0,0,1
5,0,0,0,5
1,0,0,0,1
3,0,0,0,3
1,0,0,0,1
1,0,0,0,1
1,0,0,0,1
1,0,0,0,1
1,0,0,0,1
1,0,0,0,1
1,0,0,0,1
1,0,0,0,1
2,0,0,0,2
2,0,0,0,2
1,0,0,0,1
1,0,0,0,1
1,0,0,0,1
3,0,0,0,3
4,0,0,0,4
1,0,0,0,1
6,0,0,0,6
1,0,0,0,1
1,0,0,0,1
1,0,0,0,1
1,0,0,0,1
18,0,0,0,18
2,0,0,0,2
1,12,0,0,13
3,3,0,0,6
1,0,0,0,1
1,0,0,0,1
1,0,0,0,1
1,0,0,0,1
6,0,0,0,6
1,0,0,0,1
2,0,0,0,2
1,0,0,0,1
7,0,0,0,7
2,0,0,0,2
1,0,0,0,1
3,0,0,0,3
1,0,0,0,1
4,0,0,0,4
1,0,0,0,1
1,0,0,0,1
1,0,0,0,1
1,0,0,0,1
3,0,0,0,3
6,0,0,0,6
1,0,0,0,1
3,0,0,0,3
2,0,0,0,2
1,0,0,0,1
1,0,0,0,1
1,0,0,0,1
1,0,0,0,1
1,0,0,0,1
1,0,0,0,1
1,0,0,0,1
2,0,0,0,2
1,0,0,0,1
1,0,0,0,1
2,0,0,0,2
1,0,0,0,1
1,0,0,0,1
1,0,0,0,1
5,0,0,0,5
3,0,0,0,3
1,0,0,0,1
4,2,1,0,7
1,0,0,0,1
1,0,0,0,1
1,0,0,0,1
1,0,0,0,1
1,0,0,0,1
1,0,0,0,1
1,0,0,0,1
1,0,0,0,1
5,53,0,0,58
2,0,0,0,2
6,0,0,0,6
1,0,0,0,1
1,0,0,0,1
4,0,0,0,4
2,0,0,0,2
1,0,0,0,1
1,0,0,0,1
2,0,0,0,2
2,0,0,0,2
1,0,0,0,1
1,0,0,0,1
3,0,0,0,3
2,0,0,0,2
1,0,0,0,1
1,0,0,0,1
1,0,0,0,1
1,0,0,0,1
1,0,0,0,1
1,0,0,0,1
1,0,0,0,1
1,0,0,0,1
1,0,0,0,1
1,0,0,0,1
1,0,0,0,1
1,0,0,0,1
1,0,0,0,1
10,0,0,0,10
2,1,0,0,3
1,0,0,0,1
13,90,2,0,105
2,0,0,0,2
2,0,0,0,2
1,0,0,0,1
7,0,0,0,7
1,0,0,0,1
1,0,0,0,1
1,0,0,0,1
1,0,0,0,1
2,0,0,0,2
1,0,0,0,1
1,0,0,0,1
2,0,0,0,2
1,0,0,0,1
1,0,0,0,1
1,0,0,0,1
1,0,0,0,1
1,0,0,0,1
1,0,0,0,1
1,0,0,0,1
1,0,0,0,1
1,0,0,0,1
4,2,0,0,6
2,0,0,0,2
2,0,0,0,2
1,0,0,0,1
1,0,0,0,1
1,0,0,0,1
1,0,0,0,1
1,0,0,0,1
5,0,0,0,5
2,0,0,0,2
1,0,0,0,1
3,0,1,0,4
2,0,0,0,2
3,0,0,0,3
1,0,0,0,1
2,0,0,0,2
1,0,0,0,1
1,0,0,0,1
1,0,0,0,1
3,0,0,0,3
1,0,0,0,1
1,0,0,0,1
1,0,0,0,1
1,0,0,0,1
1,0,0,0,1
1,0,0,0,1
1,0,0,0,1
1,0,0,0,1
2,0,0,0,2
1,0,0,0,1
1,0,0,0,1
3,0,0,0,3
1,0,0,0,1
1,0,0,0,1
2,0,0,0,2
3,0,0,0,3
6,5,0,0,11
1,0,0,0,1
1,0,0,0,1
1,4,0,0,5
1,0,0,0,1
3,0,0,0,3
1,0,0,0,1
3,0,0,0,3
1,0,0,0,1
2,0,0,0,2
1,0,0,0,1
1,0,0,0,1
6,5,1,0,12
3,1,0,0,4
1,0,0,0,1
1,0,0,0,1
1,0,0,0,1
3,0,0,0,3
1,0,0,0,1
3,0,0,0,3
1,0,0,0,1
5,0,0,0,5
3,0,0,0,3
1,0,0,0,1
3,0,0,0,3
1,0,0,0,1
1,0,0,0,1
6,10,2,0,18
2,0,0,0,2
1,0,0,0,1
2,0,0,0,2
5,0,0,0,5
1,0,0,0,1
1,0,0,0,1
1,0,0,0,1
1,4,1,0,6
2,0,0,0,2
1,0,0,0,1
1,0,0,0,1
1,0,0,0,1
1,0,0,0,1
1,0,0,0,1
2,0,0,0,2
2,0,0,0,2
1,0,0,0,1
1,0,0,0,1
2,0,0,0,2
1,0,0,0,1
4,0,0,0,4
1,0,0,0,1
1,0,0,0,1
7,13,2,0,22
2,0,0,0,2
3,0,0,0,3
1,0,0,0,1
5,1,0,0,6
1,0,0,0,1
1,0,0,0,1
2,0,0,0,2
1,0,0,0,1
1,0,0,0,1
1,0,0,0,1
1,0,0,0,1
2,0,0,0,2
2,0,0,0,2
1,0,0,0,1
2,0,0,0,2
1,0,0,0,1
4,0,0,0,4
1,0,0,0,1
1,0,0,0,1
5,0,0,0,5
2,0,0,0,2
2,0,0,0,2
1,0,0,0,1
2,0,0,0,2
1,0,0,0,1
1,0,0,0,1
1,0,0,0,1
1,0,0,0,1
1,0,0,0,1
1,0,0,0,1
5,0,0,0,5
3,0,0,0,3
1,0,0,0,1
2,0,0,0,2
1,0,0,0,1
1,0,0,0,1
1,0,0,0,1
1,0,0,0,1
4,0,0,0,4
1,0,0,0,1
1,0,0,0,1
1,0,0,0,1
3,2,0,0,5
5,0,0,0,5
1,0,0,0,1
1,0,0,0,1
1,0,0,0,1
1,0,0,0,1
1,0,0,0,1
1,0,0,0,1
1,0,0,0,1
2,0,0,0,2
1,0,0,0,1
1,0,0,0,1
1,0,0,0,1
1,0,0,0,1
1,0,0,0,1
1,0,0,0,1
1,0,0,0,1
1,0,0,0,1
1,0,0,0,1
1,0,0,0,1
1,0,0,0,1
1,0,0,0,1
1,0,0,0,1
1,0,0,0,1
1,0,0,0,1
1,0,0,0,1
3,3,2,0,8
2,0,0,0,2
1,0,0,0,1
1,0,0,0,1
1,0,0,0,1
3,0,0,0,3
1,0,0,0,1
2,0,0,0,2
1,0,0,0,1
1,0,0,0,1
1,0,0,0,1
1,0,0,0,1
1,0,0,0,1
1,0,0,0,1
2,0,0,0,2
2,0,0,0,2
6,0,0,0,6
1,172,0,0,173
10,0,0,0,10
1,0,0,0,1
1,0,0,0,1
1,0,0,0,1
4,0,0,0,4
1,0,0,0,1
2,0,0,0,2
1,0,0,0,1
1,0,0,0,1
3,0,0,0,3
2,0,0,0,2
1,0,0,0,1
1,0,0,0,1
1,0,0,0,1
1,0,0,0,1
3,0,0,0,3
1,0,0,0,1
1,0,0,0,1
1,0,0,0,1
2,0,0,0,2
3,0,0,0,3
1,0,0,0,1
7,0,0,0,7
1,0,0,0,1
1,0,0,0,1
1,0,0,0,1
1,0,0,0,1
3,0,0,0,3
2,0,0,0,2
3,0,0,0,3
1,0,0,0,1
3,0,0,0,3
2,0,0,0,2
1,0,0,0,1
2,0,0,0,2
1,0,0,0,1
1,0,0,0,1
4,0,0,0,4
1,0,0,0,1
4,0,0,0,4
1,0,0,0,1
3,0,0,0,3
1,0,0,0,1
2,0,0,0,2
1,0,0,0,1
1,0,0,0,1
2,0,0,0,2
1,0,0,0,1
1,0,0,0,1
1,0,0,0,1
2,0,0,0,2
1,0,0,0,1
1,0,0,0,1
6,6,0,0,12
1,0,0,0,1
2,0,0,0,2
2,0,0,0,2
1,0,0,0,1
3,1,0,0,4
1,0,0,0,1
1,0,0,0,1
1,0,0,0,1
1,0,0,0,1
1,5,0,0,6
3,0,0,0,3
2,0,0,0,2
4,10,0,0,14
1,0,0,0,1
1,1,0,0,2
1,0,0,0,1
1,0,0,0,1
1,0,0,0,1
1,0,0,0,1
1,0,0,0,1
1,0,0,0,1
3,0,0,0,3
1,0,0,0,1
3,0,0,0,3
1,0,0,0,1
1,0,0,0,1
1,0,0,0,1
2,0,0,0,2
1,0,0,0,1
1,0,0,0,1
1,0,0,0,1
1,0,0,0,1
3,0,0,0,3
1,0,0,0,1
1,0,0,0,1
1,0,0,0,1
1,0,0,0,1
4,0,0,0,4
1,0,0,0,1
1,0,0,0,1
1,0,0,0,1
1,0,0,0,1
1,0,0,0,1
2,0,0,0,2
1,0,0,0,1
1,7,0,0,8
1,0,0,0,1
1,0,0,0,1
1,0,0,0,1
2,0,0,0,2
2,0,0,0,2
2,0,0,0,2
10,0,0,0,10
1,0,0,0,1
1,0,0,0,1
2,0,0,0,2
1,0,0,0,1
1,0,0,0,1
1,0,0,0,1
1,0,0,0,1
1,3,0,0,4
1,0,0,0,1
1,0,0,0,1
7,4,0,0,11
4,0,0,0,4
3,0,0,0,3
1,0,0,0,1
1,0,0,0,1
1,0,0,0,1
1,0,0,0,1
2,0,0,0,2
1,1,1,0,3
2,0,0,0,2
1,0,0,0,1
1,0,0,0,1
1,0,0,0,1
1,0,0,0,1
1,0,0,0,1
1,0,0,0,1
1,0,0,0,1
3,0,0,0,3
1,0,0,0,1
2,0,0,0,2
1,0,0,0,1
5,0,0,0,5
1,0,0,0,1
3,0,0,0,3
1,0,0,0,1
2,0,0,0,2
2,1,0,0,3
1,0,0,0,1
2,0,0,0,2
1,0,0,0,1
1,0,0,0,1
1,0,0,0,1
1,0,0,0,1
2,0,0,0,2
1,0,0,0,1
1,0,0,0,1
1,0,0,0,1
3,0,0,0,3
1,0,0,0,1
1,0,0,0,1
1,0,0,0,1
4,9,0,0,13
1,0,0,0,1
1,0,0,0,1
1,0,0,0,1
3,0,0,0,3
1,0,0,0,1
1,0,0,0,1
1,0,0,0,1
1,0,0,0,1
5,0,0,0,5
2,0,0,0,2
1,0,0,0,1
1,0,0,0,1
1,0,0,0,1
1,0,0,0,1
1,0,0,0,1
1,0,0,0,1
1,0,0,0,1
1,0,0,0,1
1,0,0,0,1
1,1,0,0,2
1,0,0,0,1
2,0,0,0,2
1,0,0,0,1
1,0,0,0,1
4,0,0,0,4
1,0,0,0,1
1,0,0,0,1
1,0,0,0,1
1,0,0,0,1
1,0,0,0,1
1,0,0,0,1
1,0,0,0,1
1,0,0,0,1
2,0,0,0,2
2,0,0,0,2
1,0,0,0,1
1,0,0,0,1
1,0,0,0,1
1,0,0,0,1
1,0,0,0,1
2,0,0,0,2
1,0,0,0,1
1,0,0,0,1
5,8,0,0,13
4,0,0,0,4
1,0,0,0,1
1,0,0,0,1
1,0,0,0,1
2,0,0,0,2
1,0,0,0,1
2,0,0,0,2
1,0,0,0,1
2,0,0,0,2
1,0,0,0,1
1,0,0,0,1
6,0,0,0,6
1,0,0,0,1
2,0,0,0,2
3,2,0,0,5
1,0,0,0,1
1,0,0,0,1
2,0,0,0,2
1,0,0,0,1
1,0,0,0,1
1,0,0,0,1
1,0,0,0,1
1,0,0,0,1
1,0,0,0,1
1,0,0,0,1
1,0,0,0,1
2,0,0,0,2
1,6,1,0,8
1,5,0,0,6
1,0,0,0,1
1,0,0,0,1
1,0,0,0,1
1,0,0,0,1
1,0,0,0,1
1,0,0,0,1
2,0,0,0,2
1,0,0,0,1
1,0,0,0,1
1,0,0,0,1
4,0,0,0,4
1,0,0,0,1
5,0,0,0,5
1,0,0,0,1
1,0,0,0,1
1,0,0,0,1
2,0,0,0,2
1,0,0,0,1
1,0,0,0,1
1,0,0,0,1
2,0,0,0,2
1,0,0,0,1
1,0,0,0,1
2,0,0,0,2
1,0,0,0,1
1,0,0,0,1
1,0,0,0,1
1,0,0,0,1
1,0,0,0,1
10,0,0,0,10
4,0,0,0,4
1,0,0,0,1
1,0,0,0,1
1,0,0,0,1
1,0,0,0,1
2,0,0,0,2
4,0,0,0,4
2,0,0,0,2
1,0,0,0,1
3,0,0,0,3
3,30,0,0,33
1,0,0,0,1
2,0,0,0,2
5,0,0,0,5
1,0,0,0,1
1,0,0,0,1
16,1,1,0,18
1,0,0,0,1
3,0,0,0,3
1,0,0,0,1
2,0,0,0,2
1,0,0,0,1
2,0,0,0,2
1,0,0,0,1
1,0,0,0,1
1,0,0,0,1
1,0,0,0,1
2,1,0,0,3
1,0,0,0,1
1,0,0,0,1
1,0,0,0,1
2,1,0,0,3
3,0,0,0,3
1,0,0,0,1
1,0,0,0,1
1,0,0,0,1
1,0,0,0,1
1,0,0,0,1
1,0,0,0,1
1,0,0,0,1
1,0,0,0,1
1,0,0,0,1
1,0,0,0,1
1,7,0,0,8
1,0,0,0,1
1,0,0,0,1
1,0,0,0,1
1,0,0,0,1
1,0,0,0,1
8,0,0,0,8
1,0,0,0,1
4,0,0,0,4
1,1,4,0,6
1,0,0,0,1
1,0,0,0,1
1,0,0,0,1
2,0,0,0,2
3,0,0,0,3
2,0,0,0,2
1,0,0,0,1
1,0,0,0,1
14,1,0,0,15
1,0,0,0,1
1,0,0,0,1
3,0,0,0,3
1,0,0,0,1
4,0,0,0,4
1,0,0,0,1
1,0,0,0,1
3,0,0,0,3
2,0,0,0,2
2,0,0,0,2
1,0,0,0,1
1,0,0,0,1
3,0,0,0,3
2,0,0,0,2
1,0,0,0,1
1,0,0,0,1
2,0,0,0,2
3,0,0,0,3
1,0,0,0,1
1,0,0,0,1
1,0,0,0,1
1,0,0,0,1
1,0,0,0,1
1,0,0,0,1
1,0,0,0,1
2,0,0,0,2
1,0,0,0,1
1,0,0,0,1
1,0,0,0,1
3,0,0,0,3
6,1,0,0,7
1,0,0,0,1
3,0,0,0,3
6,3,0,0,9
2,0,0,0,2
5,2,1,0,8
1,0,0,0,1
1,0,0,0,1
1,0,0,0,1
2,0,0,0,2
1,0,0,0,1
1,38,0,0,39
1,0,0,0,1
1,0,0,0,1
1,0,0,0,1
1,0,0,0,1
1,0,0,0,1
3,2,0,0,5
1,0,0,0,1
2,0,0,0,2
1,0,0,0,1
1,0,0,0,1
1,0,0,0,1
1,0,0,0,1
1,0,0,0,1
1,0,0,0,1
2,0,0,0,2
1,0,0,0,1
1,0,0,0,1
1,0,0,0,1
1,0,0,0,1
1,0,0,0,1
1,0,0,0,1
1,0,0,0,1
1,0,0,0,1
1,0,0,0,1
2,0,0,0,2
1,0,0,0,1
1,0,0,0,1
7,0,0,0,7
2,0,0,0,2
2,0,0,0,2
1,0,0,0,1
5,0,0,0,5
1,0,0,0,1
1,0,0,0,1
1,0,0,0,1
2,0,0,0,2
2,0,0,0,2
1,1,0,0,2
1,0,0,0,1
2,0,0,0,2
1,0,0,0,1
3,0,0,0,3
2,0,0,0,2
2,0,1,0,3
2,0,0,0,2
1,0,0,0,1
4,0,0,0,4
1,0,0,0,1
1,0,0,0,1
1,0,0,0,1
3,0,0,0,3
2,0,0,0,2
2,0,0,0,2
1,0,0,0,1
1,0,0,0,1
1,0,0,0,1
1,0,0,0,1
1,0,0,0,1
5,0,0,0,5
1,0,0,0,1
1,0,0,0,1
1,0,0,0,1
1,0,0,0,1
1,0,0,0,1
3,5,0,0,8
1,0,0,0,1
2,0,0,0,2
1,0,0,0,1
1,0,0,0,1
2,0,0,0,2
3,0,0,0,3
1,0,0,0,1
2,0,0,0,2
1,0,0,0,1
1,0,0,0,1
1,0,0,0,1
1,0,0,0,1
1,0,0,0,1
3,0,0,0,3
1,1,0,0,2
2,0,0,0,2
1,0,0,0,1
1,0,0,0,1
1,0,0,0,1
1,0,0,0,1
1,0,0,0,1
3,0,0,0,3
1,0,0,0,1
1,0,0,0,1
1,0,0,0,1
2,5,2,0,9
6,1,0,0,7
1,0,0,0,1
1,0,0,0,1
1,0,0,0,1
2,0,0,0,2
2,0,0,0,2
3,0,0,0,3
1,0,0,0,1
1,0,0,0,1
1,0,0,0,1
2,1,0,0,3
1,0,0,0,1
2,0,0,0,2
1,0,0,0,1
1,0,0,0,1
1,0,0,0,1
3,0,0,0,3
2,0,0,0,2
1,0,0,0,1
1,0,0,0,1
1,0,0,0,1
1,0,0,0,1
5,2,2,0,9
5,0,0,0,5
1,0,0,0,1
1,0,0,0,1
1,0,0,0,1
1,0,0,0,1
1,0,0,0,1
1,0,0,0,1
1,0,0,0,1
4,1,0,0,5
3,0,0,0,3
1,0,0,0,1
1,0,0,0,1
5,0,0,0,5
1,0,0,0,1
1,0,0,0,1
1,0,0,0,1
1,0,0,0,1
1,0,0,0,1
1,0,0,0,1
1,0,0,0,1
1,0,0,0,1
1,0,0,0,1
4,5,0,0,9
1,2,0,0,3
1,0,0,0,1
4,0,0,0,4
1,0,0,0,1
1,0,0,0,1
1,0,0,0,1
2,0,0,0,2
1,0,0,0,1
1,0,0,0,1
1,0,0,0,1
2,0,0,0,2
2,0,0,0,2
1,0,0,0,1
1,0,0,0,1
4,0,0,0,4
1,0,0,0,1
1,0,0,0,1
2,0,0,0,2
1,0,0,0,1
1,1,0,0,2
1,0,0,0,1
1,0,0,0,1
2,0,0,0,2
2,0,0,0,2
1,0,0,0,1
1,0,0,0,1
5,0,0,0,5
1,0,0,0,1
2,0,0,0,2
1,0,0,0,1
1,0,0,0,1
1,0,0,0,1
1,0,0,0,1
1,15,0,0,16
1,0,0,0,1
1,0,0,0,1
1,0,0,0,1
1,0,0,0,1
1,0,0,0,1
1,0,0,0,1
1,0,0,0,1
1,0,0,0,1
1,0,0,0,1
1,0,0,0,1
1,0,0,0,1
1,0,0,0,1
7,0,0,0,7
1,0,0,0,1
3,0,0,0,3
1,0,0,0,1
1,0,0,0,1
2,2,0,0,4
1,0,0,0,1
2,0,0,0,2
2,0,0,0,2
1,0,0,0,1
1,0,0,0,1
1,0,0,0,1
1,0,0,0,1
3,0,0,0,3
3,0,0,0,3
1,0,0,0,1
1,0,0,0,1
1,0,0,0,1
1,0,0,0,1
2,0,0,0,2
8,0,0,0,8
1,0,0,0,1
1,0,0,0,1
1,0,0,0,1
2,0,0,0,2
1,0,0,0,1
1,0,0,0,1
1,0,0,0,1
1,0,0,0,1
1,0,0,0,1
1,0,0,0,1
1,0,0,0,1
1,0,0,0,1
1,0,0,0,1
1,0,0,0,1
1,0,0,0,1
6,0,0,0,6
1,0,0,0,1
1,0,0,0,1
5,0,0,0,5
1,0,0,0,1
1,0,0,0,1
1,0,0,0,1
1,0,0,0,1
3,0,0,0,3
2,0,0,0,2
1,0,0,0,1
1,0,0,0,1
1,0,0,0,1
1,0,0,0,1
5,0,0,0,5
8,0,0,0,8
1,0,0,0,1
7,0,0,0,7
2,0,0,0,2
2,3,0,0,5
1,0,0,0,1
1,0,0,0,1
1,0,0,0,1
1,0,0,0,1
8,0,0,0,8
1,0,0,0,1
3,0,0,0,3
1,0,0,0,1
1,0,0,0,1
4,2,0,0,6
1,0,0,0,1
2,0,0,0,2
4,2,0,0,6
3,0,0,0,3
2,0,0,0,2
1,0,0,0,1
2,0,0,0,2
4,0,0,0,4
1,0,0,0,1
3,0,0,0,3
2,0,0,0,2
1,0,0,0,1
1,0,0,0,1
1,0,0,0,1
1,0,0,0,1
3,0,0,0,3
6,0,0,0,6
1,0,0,0,1
1,0,0,0,1
1,0,0,0,1
1,0,0,0,1
1,0,0,0,1
2,4,0,0,6
2,2,0,0,4
1,0,0,0,1
2,0,0,0,2
5,0,0,0,5
1,0,0,0,1
1,0,0,0,1
3,0,0,0,3
1,650,0,0,651
4,0,0,0,4
1,0,0,0,1
2,0,0,0,2
3,0,0,0,3
1,0,0,0,1
2,0,0,0,2
13,0,3,0,16
1,0,0,0,1
2,0,0,0,2
4,1,0,0,5
1,0,0,0,1
1,0,0,0,1
2,0,0,0,2
1,0,0,0,1
7,0,0,0,7
1,0,0,0,1
1,0,0,0,1
1,0,0,0,1
1,0,0,0,1
1,0,0,0,1
1,0,0,0,1
1,0,0,0,1
1,0,0,0,1
1,0,0,0,1
1,0,0,0,1
3,0,0,0,3
5,0,0,0,5
1,0,0,0,1
5,0,0,0,5
1,0,0,0,1
2,0,0,0,2
1,0,0,0,1
2,0,0,0,2
1,0,0,0,1
4,0,0,0,4
1,0,0,0,1
1,0,0,0,1
1,0,0,0,1
5,0,0,0,5
1,0,0,0,1
1,0,0,0,1
1,0,0,0,1
2,0,0,0,2
2,0,0,0,2
1,0,0,0,1
1,0,0,0,1
1,0,0,0,1
4,3,0,0,7
1,0,0,0,1
1,0,0,0,1
1,0,0,0,1
1,0,0,0,1
1,0,0,0,1
1,0,0,0,1
1,0,0,0,1
1,0,0,0,1
2,0,0,0,2
5,0,0,0,5
1,0,0,0,1
3,0,0,0,3
2,0,0,0,2
1,0,0,0,1
1,0,0,0,1
1,0,0,0,1
1,0,0,0,1
2,0,0,0,2
3,0,0,0,3
1,1,0,0,2
6,8,0,0,14
1,0,0,0,1
1,0,0,0,1
1,0,0,0,1
1,0,0,0,1
2,0,0,0,2
1,0,0,0,1
4,0,0,0,4
2,0,0,0,2
1,0,0,0,1
3,0,0,0,3
1,0,0,0,1
5,0,0,0,5
1,0,0,0,1
6,0,0,0,6
1,0,0,0,1
1,0,0,0,1
1,0,0,0,1
1,0,0,0,1
1,0,0,0,1
1,0,0,0,1
1,0,0,0,1
1,0,0,0,1
2,0,0,0,2
2,0,0,0,2
1,0,0,0,1
1,0,0,0,1
1,0,0,0,1
3,2,0,0,5
1,0,0,0,1
1,0,0,0,1
1,0,0,0,1
1,0,0,0,1
1,0,0,0,1
1,0,0,0,1
3,0,0,0,3
2,0,0,0,2
1,0,0,0,1
1,0,0,0,1
1,0,0,0,1
2,0,0,0,2
1,0,0,0,1
1,1,0,0,2
1,0,0,0,1
1,0,0,0,1
4,0,0,0,4
1,0,0,0,1
1,0,0,0,1
1,0,0,0,1
1,0,0,0,1
4,0,0,0,4
1,0,0,0,1
1,0,0,0,1
1,0,0,0,1
1,0,0,0,1
1,0,0,0,1
1,0,0,0,1
8,6,1,0,15
1,0,0,0,1
2,0,2,0,4
5,0,0,0,5
3,0,0,0,3
1,0,0,0,1
2,0,0,0,2
1,0,0,0,1
2,3,0,0,5
1,0,0,0,1
1,0,0,0,1
5,0,3,0,8
2,0,0,0,2
1,0,0,0,1
1,0,0,0,1
3,0,0,0,3
1,0,0,0,1
1,0,0,0,1
1,0,0,0,1
3,0,0,0,3
1,0,0,0,1
2,0,0,0,2
2,0,0,0,2
1,0,0,0,1
1,0,0,0,1
1,0,0,0,1
1,0,0,0,1
1,0,0,0,1
1,0,0,0,1
1,0,0,0,1
1,0,0,0,1
1,0,0,0,1
1,0,0,0,1
2,0,0,0,2
1,1,0,0,2
2,0,0,0,2
1,1,0,0,2
1,0,0,0,1
2,0,0,0,2
1,0,0,0,1
1,0,0,0,1
1,0,0,0,1
1,0,0,0,1
2,0,0,0,2
2,0,0,0,2
1,0,0,0,1
2,0,0,0,2
1,0,0,0,1
2,0,0,0,2
3,0,0,0,3
1,0,0,0,1
1,9,0,0,10
3,9,2,0,14
1,0,0,0,1
3,0,0,0,3
5,0,0,0,5
2,0,0,0,2
1,0,0,0,1
2,0,0,0,2
1,0,0,0,1
1,0,0,0,1
7,3,0,0,10
1,0,0,0,1
1,0,0,0,1
1,0,0,0,1
1,0,0,0,1
1,0,0,0,1
1,0,0,0,1
1,0,0,0,1
3,0,0,0,3
1,0,0,0,1
1,438,0,0,439
1,0,0,0,1
1,0,0,0,1
2,177,0,0,179
1,0,0,0,1
3,0,0,0,3
1,0,0,0,1
2,0,0,0,2
1,0,0,0,1
1,0,0,0,1
1,0,0,0,1
1,2,0,0,3
1,0,0,0,1
1,0,0,0,1
1,0,0,0,1
1,0,0,0,1
1,0,0,0,1
2,3,0,0,5
1,0,0,0,1
1,0,0,0,1
1,0,0,0,1
1,0,0,0,1
1,0,0,0,1
3,0,0,0,3
3,2,0,0,5
5,0,0,0,5
8,0,0,0,8
1,0,0,0,1
1,0,0,0,1
1,0,0,0,1
3,36,0,0,39
1,0,0,0,1
1,0,0,0,1
1,0,0,0,1
3,0,0,0,3
1,0,0,0,1
1,0,0,0,1
1,0,0,0,1
1,0,0,0,1
2,0,0,0,2
2,0,0,0,2
6,0,0,0,6
2,0,0,0,2
1,0,0,0,1
1,0,0,0,1
3,0,0,0,3
1,0,0,0,1
1,0,0,0,1
1,0,0,0,1
1,0,0,0,1
1,0,0,0,1
1,0,0,0,1
1,0,0,0,1
1,0,0,0,1
1,0,0,0,1
2,0,0,0,2
1,0,0,0,1
1,0,0,0,1
1,0,0,0,1
11,0,0,0,11
2,0,0,0,2
1,0,0,0,1
1,0,0,0,1
1,0,0,0,1
1,0,0,0,1
1,0,0,0,1
2,11,0,0,13
6,0,0,0,6
1,0,0,0,1
1,0,0,0,1
1,15,0,0,16
4,0,0,0,4
3,0,0,0,3
1,0,0,0,1
1,0,0,0,1
1,1,0,0,2
1,0,0,0,1
1,0,0,0,1
1,0,0,0,1
1,0,0,0,1
1,0,0,0,1
12,0,0,0,12
2,0,0,0,2
1,0,0,0,1
4,0,0,0,4
5,0,0,0,5
1,0,0,0,1
2,0,0,0,2
1,0,0,0,1
1,0,0,0,1
2,0,0,0,2
1,0,0,0,1
1,0,0,0,1
1,0,0,0,1
1,0,0,0,1
1,0,0,0,1
1,0,0,0,1
1,0,0,0,1
1,0,0,0,1
3,0,0,0,3
2,2,0,0,4
2,0,0,0,2
1,0,0,0,1
2,0,0,0,2
1,0,0,0,1
1,0,0,0,1
1,0,0,0,1
2,0,0,0,2
1,0,0,0,1
2,0,0,0,2
2,0,0,0,2
1,0,0,0,1
3,0,0,0,3
1,0,0,0,1
5,0,0,0,5
1,0,0,0,1
5,2,1,0,8
1,0,0,0,1
1,0,0,0,1
1,0,0,0,1
8,2,0,0,10
4,0,0,0,4
5,0,0,0,5
1,0,0,0,1
1,0,0,0,1
1,0,0,0,1
1,0,0,0,1
1,0,0,0,1
2,0,0,0,2
3,0,0,0,3
1,0,0,0,1
1,0,0,0,1
1,0,0,0,1
1,0,0,0,1
1,0,0,0,1
1,0,0,0,1
1,0,0,0,1
2,0,0,0,2
1,0,0,0,1
1,0,0,0,1
1,0,0,0,1
1,0,0,0,1
2,0,0,0,2
1,0,0,0,1
2,0,0,0,2
1,0,0,0,1
1,0,0,0,1
4,0,0,0,4
1,0,0,0,1
8,10,0,0,18
1,0,0,0,1
1,0,0,0,1
1,0,0,0,1
1,0,0,0,1
1,0,0,0,1
5,0,0,0,5
1,0,0,0,1
1,0,0,0,1
1,0,0,0,1
7,11,2,0,20
6,0,0,0,6
2,1,1,0,4
1,0,0,0,1
1,0,0,0,1
2,0,0,0,2
2,0,0,0,2
2,0,0,0,2
1,0,0,0,1
2,0,0,0,2
1,0,0,0,1
1,0,0,0,1
1,0,0,0,1
1,0,0,0,1
1,0,0,0,1
1,0,0,0,1
1,0,0,0,1
1,0,0,0,1
1,0,0,0,1
1,0,0,0,1
1,0,0,0,1
3,0,0,0,3
1,0,0,0,1
1,0,0,0,1
4,0,0,0,4
1,0,0,0,1
2,0,0,0,2
3,0,0,0,3
2,0,0,0,2
1,0,0,0,1
1,0,0,0,1
1,0,0,0,1
1,0,0,0,1
3,0,0,0,3
1,0,0,0,1
2,0,0,0,2
1,0,0,0,1
5,0,0,0,5
5,0,0,0,5
1,0,0,0,1
3,0,1,0,4
1,0,0,0,1
1,0,0,0,1
1,0,0,0,1
1,0,0,0,1
2,0,0,0,2
1,0,0,0,1
1,0,0,0,1
1,0,0,0,1
1,0,0,0,1
1,0,0,0,1
2,0,0,0,2
2,0,0,0,2
1,0,0,0,1
1,0,0,0,1
2,0,0,0,2
4,16,2,0,22
8,0,0,0,8
1,0,0,0,1
1,1,0,0,2
1,0,0,0,1
5,1,0,0,6
1,0,0,0,1
2,0,0,0,2
2,7,1,0,10
4,0,0,0,4
1,0,0,0,1
1,0,0,0,1
3,0,0,0,3
6,0,0,0,6
1,0,0,0,1
1,0,0,0,1
1,0,0,0,1
1,0,0,0,1
1,0,0,0,1
1,0,0,0,1
2,0,0,0,2
1,0,0,0,1
2,0,0,0,2
1,0,0,0,1
2,2,0,0,4
9,0,0,0,9
2,0,0,0,2
1,0,0,0,1
1,0,0,0,1
1,0,0,0,1
1,0,0,0,1
10,0,0,0,10
1,0,0,0,1
1,0,0,0,1
1,0,0,0,1
1,0,0,0,1
1,0,0,0,1
1,0,0,0,1
2,0,0,0,2
1,0,0,0,1
2,0,0,0,2
1,0,0,0,1
2,0,0,0,2
1,0,0,0,1
1,0,0,0,1
1,0,0,0,1
1,0,0,0,1
1,0,0,0,1
1,0,0,0,1
1,0,0,0,1
2,0,0,0,2
1,0,0,0,1
3,0,0,0,3
1,0,0,0,1
1,1,0,0,2
1,0,0,0,1
1,0,0,0,1
2,0,0,0,2
2,0,0,0,2
1,0,0,0,1
1,0,0,0,1
1,0,0,0,1
13,2,0,0,15
1,0,0,0,1
4,0,0,0,4
1,0,0,0,1
1,0,0,0,1
1,0,0,0,1
1,0,0,0,1
1,0,0,0,1
1,0,0,0,1
4,1,0,0,5
1,0,0,0,1
5,0,0,0,5
1,0,0,0,1
1,0,0,0,1
1,0,0,0,1
3,0,0,0,3
4,0,0,0,4
1,0,0,0,1
1,0,0,0,1
1,0,0,0,1
1,0,0,0,1
1,0,0,0,1
1,0,0,0,1
1,0,0,0,1
4,0,0,0,4
1,0,0,0,1
1,0,0,0,1
2,0,0,0,2
1,0,0,0,1
1,0,0,0,1
1,0,0,0,1
1,0,0,0,1
5,0,0,0,5
2,0,0,0,2
3,3,0,0,6
1,0,0,0,1
1,0,0,0,1
1,0,0,0,1
1,0,0,0,1
1,0,0,0,1
1,0,0,0,1
1,0,0,0,1
1,0,0,0,1
1,0,0,0,1
1,0,0,0,1
1,0,0,0,1
1,0,0,0,1
2,0,0,0,2
1,0,0,0,1
2,0,0,0,2
1,0,0,0,1
1,0,0,0,1
1,0,0,0,1
1,0,0,0,1
1,0,0,0,1
1,0,0,0,1
1,0,0,0,1
1,0,0,0,1
2,0,0,0,2
1,0,0,0,1
1,0,0,0,1
1,0,0,0,1
3,0,0,0,3
1,0,0,0,1
1,0,0,0,1
4,0,0,0,4
4,0,0,0,4
1,0,0,0,1
7,0,0,0,7
1,0,0,0,1
1,0,0,0,1
2,0,0,0,2
9,0,0,0,9
1,0,0,0,1
1,0,0,0,1
1,0,0,0,1
1,0,0,0,1
1,0,0,0,1
1,0,0,0,1
1,0,0,0,1
3,0,0,0,3
1,0,0,0,1
1,0,0,0,1
2,0,0,0,2
1,0,0,0,1
1,0,0,0,1
1,0,0,0,1
1,7,0,0,8
1,0,0,0,1
1,0,0,0,1
1,0,0,0,1
6,0,0,0,6
1,0,0,0,1
1,0,0,0,1
1,0,0,0,1
1,0,0,0,1
1,0,0,0,1
1,0,0,0,1
1,0,0,0,1
1,0,0,0,1
1,0,0,0,1
3,0,0,0,3
1,0,0,0,1
2,0,0,0,2
1,1,0,0,2
1,0,0,0,1
1,0,0,0,1
1,0,0,0,1
2,2,0,0,4
1,0,0,0,1
1,0,0,0,1
3,0,0,0,3
2,0,0,0,2
1,0,0,0,1
1,0,0,0,1
1,0,0,0,1
1,0,0,0,1
1,0,0,0,1
2,0,0,0,2
4,0,0,0,4
3,0,0,0,3
1,0,0,0,1
1,0,0,0,1
14,18,1,0,33
2,0,0,0,2
1,0,0,0,1
2,0,0,0,2
2,3,1,0,6
1,0,0,0,1
1,0,0,0,1
1,0,0,0,1
2,5,0,0,7
1,0,0,0,1
1,0,0,0,1
1,0,0,0,1
2,0,0,0,2
1,0,0,0,1
1,0,0,0,1
1,0,0,0,1
2,0,0,0,2
1,0,0,0,1
2,0,0,0,2
1,0,0,0,1
2,0,0,0,2
1,0,0,0,1
2,0,0,0,2
1,0,0,0,1
1,0,0,0,1
1,0,0,0,1
1,0,0,0,1
6,0,0,0,6
1,0,0,0,1
1,0,0,0,1
2,0,0,0,2
1,0,0,0,1
1,0,0,0,1
1,0,0,0,1
1,0,0,0,1
1,0,0,0,1
1,0,0,0,1
1,0,0,0,1
1,0,0,0,1
1,0,0,0,1
7,2,0,0,9
1,0,0,0,1
1,0,0,0,1
1,0,0,0,1
1,0,0,0,1
1,0,0,0,1
1,0,0,0,1
1,0,0,0,1
1,0,0,0,1
1,0,0,0,1
1,0,0,0,1
1,0,0,0,1
1,0,0,0,1
1,0,0,0,1
4,15,0,0,19
1,0,0,0,1
1,0,0,0,1
8,1,0,0,9
1,0,0,0,1
1,0,0,0,1
1,0,0,0,1
1,0,0,0,1
1,0,0,0,1
1,0,0,0,1
1,0,0,0,1
1,0,0,0,1
2,0,0,0,2
1,0,0,0,1
1,0,0,0,1
1,0,0,0,1
1,0,0,0,1
1,0,0,0,1
2,0,0,0,2
1,0,0,0,1
1,0,0,0,1
1,0,0,0,1
1,0,0,0,1
1,0,0,0,1
1,0,0,0,1
1,0,0,0,1
2,0,0,0,2
1,8,0,0,9
1,0,0,0,1
1,0,0,0,1
1,0,0,0,1
1,0,0,0,1
1,0,0,0,1
1,0,0,0,1
2,0,0,0,2
4,1,0,0,5
4,0,0,0,4
1,0,0,0,1
1,0,0,0,1
2,0,0,0,2
1,0,0,0,1
1,0,0,0,1
1,0,0,0,1
1,0,0,0,1
3,0,0,0,3
1,0,0,0,1
1,0,0,0,1
2,0,0,0,2
1,0,0,0,1
1,0,0,0,1
1,0,0,0,1
1,0,0,0,1
1,0,0,0,1
1,0,0,0,1
1,0,0,0,1
4,0,0,0,4
1,1,0,0,2
1,0,0,0,1
2,0,0,0,2
6,0,0,0,6
1,0,0,0,1
3,0,0,0,3
1,0,0,0,1
1,0,0,0,1
1,0,0,0,1
1,0,0,0,1
1,0,0,0,1
1,0,0,0,1
1,0,0,0,1
3,0,0,0,3
1,0,0,0,1
1,0,0,0,1
1,0,0,0,1
9,0,0,0,9
1,0,0,0,1
1,0,0,0,1
1,0,0,0,1
1,0,0,0,1
1,0,0,0,1
1,0,0,0,1
1,0,0,0,1
2,0,0,0,2
1,0,0,0,1
2,0,0,0,2
1,8,0,0,9
2,0,0,0,2
1,0,0,0,1
8,2,0,0,10
1,0,0,0,1
1,0,0,0,1
3,0,0,0,3
1,0,0,0,1
2,0,0,0,2
1,0,0,0,1
1,0,0,0,1
5,0,0,0,5
1,0,0,0,1
1,0,0,0,1
1,0,0,0,1
1,0,0,0,1
4,0,0,0,4
6,0,0,0,6
1,0,0,0,1
4,1,0,0,5
2,0,0,0,2
1,0,0,0,1
2,0,0,0,2
1,0,0,0,1
1,0,0,0,1
1,0,0,0,1
2,0,0,0,2
4,0,0,0,4
1,0,0,0,1
1,0,0,0,1
1,0,0,0,1
1,0,0,0,1
1,0,0,0,1
2,0,0,0,2
1,0,0,0,1
1,0,0,0,1
1,0,0,0,1
4,0,0,0,4
1,0,0,0,1
1,0,0,0,1
4,0,0,0,4
1,0,0,0,1
1,0,0,0,1
1,0,0,0,1
5,0,0,0,5
1,0,0,0,1
2,0,0,0,2
1,0,0,0,1
1,0,0,0,1
1,2,0,0,3
1,0,0,0,1
1,1,1,0,3
1,0,0,0,1
1,0,0,0,1
2,0,0,0,2
1,0,0,0,1
1,0,0,0,1
1,0,0,0,1
6,0,0,0,6
1,0,0,0,1
2,0,0,0,2
1,0,0,0,1
3,0,0,0,3
2,0,0,0,2
1,0,0,0,1
1,0,0,0,1
3,0,0,0,3
1,0,0,0,1
2,0,0,0,2
1,0,0,0,1
1,0,0,0,1
2,0,0,0,2
5,0,0,0,5
1,0,0,0,1
2,0,0,0,2
1,0,0,0,1
2,8,5,0,15
3,0,0,0,3
1,0,0,0,1
1,0,0,0,1
1,0,0,0,1
1,0,0,0,1
1,0,0,0,1
2,3,0,0,5
1,0,0,0,1
1,0,0,0,1
5,1,0,0,6
1,0,0,0,1
7,0,0,0,7
1,0,0,0,1
1,0,0,0,1
1,0,0,0,1
4,0,0,0,4
4,0,0,0,4
1,0,0,0,1
1,0,0,0,1
1,0,0,0,1
1,0,0,0,1
3,0,0,0,3
1,0,0,0,1
1,0,0,0,1
1,0,0,0,1
2,0,0,0,2
3,0,0,0,3
1,0,0,0,1
1,0,0,0,1
1,0,0,0,1
8,0,0,0,8
1,0,0,0,1
2,0,0,0,2
1,0,0,0,1
1,0,0,0,1
3,0,0,0,3
1,0,0,0,1
1,0,0,0,1
2,0,0,0,2
3,0,0,0,3
2,0,0,0,2
1,0,0,0,1
1,0,0,0,1
1,0,0,0,1
4,0,0,0,4
1,0,0,0,1
1,0,0,0,1
1,0,0,0,1
1,0,0,0,1
1,0,0,0,1
3,0,0,0,3
1,0,0,0,1
1,0,0,0,1
1,0,0,0,1
2,0,0,0,2
1,0,0,0,1
1,0,0,0,1
2,0,0,0,2
1,0,0,0,1
1,0,0,0,1
1,0,0,0,1
2,0,0,0,2
2,0,0,0,2
1,0,0,0,1
5,0,0,0,5
1,0,0,0,1
1,0,0,0,1
1,0,0,0,1
1,0,0,0,1
1,0,0,0,1
1,0,0,0,1
1,0,0,0,1
1,0,0,0,1
1,0,0,0,1
1,2,0,0,3
1,0,0,0,1
3,1,1,0,5
1,0,0,0,1
2,0,0,0,2
1,0,0,0,1
1,0,0,0,1
13,1,0,0,14
2,0,0,0,2
1,0,0,0,1
1,0,0,0,1
2,0,0,0,2
1,0,0,0,1
5,0,0,0,5
1,0,0,0,1
1,0,0,0,1
1,0,0,0,1
1,0,0,0,1
1,0,0,0,1
1,0,0,0,1
1,0,0,0,1
1,0,0,0,1
1,0,0,0,1
1,1,0,0,2
1,0,0,0,1
1,0,0,0,1
1,0,0,0,1
1,0,0,0,1
1,0,0,0,1
2,0,0,0,2
1,0,0,0,1
1,0,0,0,1
2,1,0,0,3
1,0,0,0,1
7,2,0,0,9
1,0,0,0,1
1,0,0,0,1
2,0,0,0,2
1,0,0,0,1
1,0,0,0,1
1,0,0,0,1
1,0,0,0,1
6,0,0,0,6
1,0,0,0,1
1,0,0,0,1
2,0,0,0,2
1,0,0,0,1
1,0,0,0,1
2,0,0,0,2
2,0,0,0,2
1,0,0,0,1
2,0,0,0,2
3,0,0,0,3
1,0,0,0,1
2,0,0,0,2
1,0,0,0,1
1,0,0,0,1
1,0,0,0,1
1,0,0,0,1
1,0,0,0,1
3,0,0,0,3
1,0,0,0,1
1,0,0,0,1
1,0,0,0,1
1,0,0,0,1
1,0,0,0,1
3,0,0,0,3
4,0,0,0,4
3,0,0,0,3
1,0,0,0,1
1,0,0,0,1
1,0,0,0,1
1,0,0,0,1
3,0,0,0,3
1,0,0,0,1
1,0,0,0,1
1,0,0,0,1
1,0,0,0,1
1,0,0,0,1
9,24,0,0,33
1,0,0,0,1
1,0,0,0,1
1,0,0,0,1
1,0,0,0,1
1,0,0,0,1
1,0,0,0,1
2,0,0,0,2
1,0,0,0,1
1,0,0,0,1
1,0,0,0,1
1,0,0,0,1
1,0,0,0,1
2,0,0,0,2
1,0,0,0,1
4,0,0,0,4
3,0,0,0,3
1,0,0,0,1
1,0,0,0,1
1,1,0,0,2
1,0,0,0,1
4,0,0,0,4
1,0,0,0,1
1,0,0,0,1
1,0,0,0,1
1,0,0,0,1
1,0,0,0,1
1,0,0,0,1
1,0,0,0,1
1,0,0,0,1
1,0,0,0,1
1,0,0,0,1
2,0,0,0,2
1,0,0,0,1
1,1,0,0,2
2,1,1,0,4
4,0,0,0,4
1,4,0,0,5
1,0,0,0,1
4,0,0,0,4
3,0,0,0,3
4,0,0,0,4
4,0,0,0,4
2,0,0,0,2
1,0,0,0,1
1,0,0,0,1
2,0,0,0,2
1,0,0,0,1
1,0,0,0,1
1,0,0,0,1
1,0,0,0,1
4,0,0,0,4
1,0,0,0,1
1,0,0,0,1
1,0,0,0,1
1,0,0,0,1
1,0,0,0,1
1,0,0,0,1
1,2,0,0,3
1,8,0,0,9
8,0,0,0,8
1,0,0,0,1
3,0,0,0,3
1,0,0,0,1
1,0,0,0,1
1,0,0,0,1
1,0,0,0,1
1,0,0,0,1
1,0,0,0,1
8,2,2,0,12
1,0,0,0,1
1,0,0,0,1
1,0,0,0,1
1,0,0,0,1
1,0,0,0,1
1,0,0,0,1
1,0,0,0,1
1,0,0,0,1
1,0,0,0,1
1,0,0,0,1
1,0,0,0,1
1,0,0,0,1
1,0,0,0,1
1,0,0,0,1
1,0,0,0,1
1,0,0,0,1
1,0,0,0,1
1,0,0,0,1
1,0,0,0,1
1,0,0,0,1
1,0,0,0,1
3,0,0,0,3
1,0,0,0,1
1,0,0,0,1
1,0,0,0,1
1,0,0,0,1
2,0,0,0,2
1,0,0,0,1
1,0,0,0,1
8,0,0,0,8
3,0,0,0,3
2,0,0,0,2
1,0,0,0,1
1,0,0,0,1
1,0,0,0,1
1,0,0,0,1
1,0,0,0,1
3,0,0,0,3
1,0,0,0,1
1,0,0,0,1
1,0,0,0,1
2,0,0,0,2
2,0,0,0,2
1,0,0,0,1
1,0,0,0,1
3,0,0,0,3
2,0,0,0,2
4,0,0,0,4
1,0,0,0,1
1,0,0,0,1
10,1,0,0,11
1,0,0,0,1
1,0,0,0,1
1,0,0,0,1
7,0,0,0,7
2,0,0,0,2
2,0,0,0,2
4,0,0,0,4
2,0,0,0,2
1,0,1,0,2
1,0,0,0,1
2,0,0,0,2
1,0,0,0,1
1,0,0,0,1
6,0,0,0,6
1,0,0,0,1
1,0,0,0,1
2,1,0,0,3
3,0,0,0,3
1,0,0,0,1
2,1,0,0,3
1,0,0,0,1
1,0,0,0,1
1,0,0,0,1
3,0,0,0,3
1,0,0,0,1
4,0,0,0,4
1,0,0,0,1
1,0,0,0,1
1,0,0,0,1
1,0,0,0,1
3,0,0,0,3
1,0,0,0,1
1,0,0,0,1
1,0,0,0,1
1,0,0,0,1
3,0,0,0,3
1,0,0,0,1
1,0,0,0,1
2,0,0,0,2
1,12,0,0,13
1,0,0,0,1
1,0,0,0,1
1,0,0,0,1
1,0,0,0,1
1,0,0,0,1
1,0,0,0,1
1,0,0,0,1
2,0,0,0,2
1,0,0,0,1
1,0,0,0,1
1,0,0,0,1
1,1,0,0,2
1,0,0,0,1
1,0,0,0,1
1,0,0,0,1
1,0,0,0,1
2,0,0,0,2
1,0,0,0,1
5,2,1,0,8
3,0,0,0,3
1,0,0,0,1
3,0,0,0,3
1,0,0,0,1
1,0,0,0,1
2,0,0,0,2
1,0,0,0,1
2,0,0,0,2
2,0,0,0,2
1,19,1,0,21
1,7,0,0,8
2,0,0,0,2
4,0,0,0,4
2,0,0,0,2
1,0,0,0,1
1,0,0,0,1
1,0,0,0,1
1,0,0,0,1
1,0,0,0,1
2,0,0,0,2
3,0,0,0,3
1,0,0,0,1
1,0,0,0,1
1,0,0,0,1
1,0,0,0,1
1,0,0,0,1
1,0,0,0,1
1,0,0,0,1
1,0,0,0,1
3,0,0,0,3
7,0,0,0,7
1,0,0,0,1
2,0,0,0,2
1,0,0,0,1
13,0,0,0,13
1,0,0,0,1
3,0,0,0,3
1,0,0,0,1
1,0,0,0,1
5,1,1,0,7
5,0,0,0,5
1,0,0,0,1
11,21,1,0,33
1,0,0,0,1
2,0,0,0,2
1,0,0,0,1
1,0,0,0,1
1,0,0,0,1
1,0,0,0,1
2,0,0,0,2
3,0,0,0,3
1,0,0,0,1
1,0,0,0,1
2,0,0,0,2
13,0,0,0,13
1,0,0,0,1
1,0,0,0,1
3,0,0,0,3
4,0,0,0,4
1,0,0,0,1
3,0,0,0,3
2,0,0,0,2
1,0,0,0,1
1,0,0,0,1
4,0,0,0,4
1,0,0,0,1
1,0,0,0,1
4,0,0,0,4
1,0,0,0,1
8,0,0,0,8
1,2,1,0,4
1,0,0,0,1
2,0,0,0,2
3,0,0,0,3
1,0,0,0,1
1,0,0,0,1
1,0,0,0,1
2,0,0,0,2
1,0,0,0,1
1,0,0,0,1
1,0,0,0,1
1,0,0,0,1
2,1,0,0,3
2,0,0,0,2
1,0,0,0,1
1,0,0,0,1
2,0,0,0,2
2,0,0,0,2
2,0,0,0,2
2,0,0,0,2
4,0,0,0,4
1,0,0,0,1
1,0,0,0,1
1,0,0,0,1
1,0,0,0,1
1,0,0,0,1
2,0,0,0,2
2,0,0,0,2
1,0,0,0,1
1,0,0,0,1
1,0,0,0,1
1,0,0,0,1
1,0,0,0,1
2,0,0,0,2
1,0,0,0,1
1,0,0,0,1
2,0,0,0,2
11,0,0,0,11
1,0,0,0,1
1,0,0,0,1
1,0,0,0,1
2,0,0,0,2
1,0,0,0,1
1,0,0,0,1
2,0,0,0,2
3,0,0,0,3
1,0,0,0,1
2,0,0,0,2
1,0,0,0,1
1,0,0,0,1
1,0,0,0,1
3,0,0,0,3
2,0,0,0,2
1,0,0,0,1
2,0,0,0,2
2,0,0,0,2
3,0,0,0,3
1,0,0,0,1
1,0,0,0,1
1,0,0,0,1
1,0,0,0,1
1,0,0,0,1
1,0,0,0,1
1,0,0,0,1
1,0,0,0,1
8,0,0,0,8
3,0,1,0,4
1,0,0,0,1
1,0,0,0,1
3,0,0,0,3
7,5,0,0,12
2,0,0,0,2
2,0,0,0,2
1,0,0,0,1
1,0,0,0,1
1,0,0,0,1
1,0,0,0,1
1,0,0,0,1
1,0,0,0,1
1,0,0,0,1
1,0,0,0,1
1,0,0,0,1
1,0,0,0,1
1,0,0,0,1
2,0,0,0,2
1,0,0,0,1
2,0,0,0,2
1,0,0,0,1
1,0,0,0,1
1,0,0,0,1
1,0,0,0,1
1,0,0,0,1
1,0,0,0,1
1,0,0,0,1
1,0,0,0,1
1,0,0,0,1
2,0,0,0,2
1,0,0,0,1
1,0,0,0,1
1,0,0,0,1
1,0,0,0,1
1,0,0,0,1
3,0,0,0,3
1,0,0,0,1
2,0,0,0,2
1,0,0,0,1
2,0,0,0,2
1,0,0,0,1
1,0,0,0,1
5,0,0,0,5
9,0,0,0,9
1,0,0,0,1
8,0,0,0,8
1,0,0,0,1
8,1,1,0,10
2,0,0,0,2
1,0,0,0,1
2,0,0,0,2
1,0,0,0,1
1,0,0,0,1
2,0,0,0,2
1,0,0,0,1
1,0,0,0,1
2,0,0,0,2
1,0,0,0,1
4,0,0,0,4
1,0,0,0,1
1,0,0,0,1
5,0,0,0,5
2,0,0,0,2
11,1,1,0,13
2,0,0,0,2
3,0,0,0,3
2,0,0,0,2
1,0,0,0,1
1,0,0,0,1
1,0,0,0,1
2,0,0,0,2
8,0,0,0,8
1,0,0,0,1
1,0,0,0,1
1,0,0,0,1
1,0,0,0,1
1,0,0,0,1
1,0,0,0,1
1,0,0,0,1
2,0,0,0,2
1,0,0,0,1
1,0,0,0,1
1,0,0,0,1
2,0,0,0,2
1,0,0,0,1
2,0,0,0,2
2,0,0,0,2
1,0,0,0,1
9,1,0,0,10
2,0,0,0,2
9,3,0,0,12
3,0,0,0,3
1,0,0,0,1
1,0,0,0,1
1,0,0,0,1
1,0,0,0,1
1,0,0,0,1
1,0,0,0,1
1,0,0,0,1
2,0,0,0,2
1,0,0,0,1
2,0,0,0,2
1,0,0,0,1
2,0,0,0,2
1,0,0,0,1
1,0,0,0,1
1,0,0,0,1
1,0,0,0,1
1,0,0,0,1
3,0,0,0,3
1,0,0,0,1
1,0,0,0,1
1,0,0,0,1
1,0,0,0,1
1,0,0,0,1
3,0,0,0,3
1,0,0,0,1
2,0,0,0,2
1,0,0,0,1
4,0,0,0,4
2,0,0,0,2
1,0,0,0,1
2,0,0,0,2
1,1,1,0,3
1,1,1,0,3
1,0,0,0,1
1,0,0,0,1
2,0,0,0,2
1,0,0,0,1
1,0,0,0,1
1,0,0,0,1
1,0,0,0,1
1,0,0,0,1
4,0,0,0,4
1,0,0,0,1
1,0,0,0,1
1,0,0,0,1
1,0,0,0,1
1,0,0,0,1
1,0,0,0,1
1,0,0,0,1
1,0,0,0,1
1,0,0,0,1
1,0,0,0,1
1,0,0,0,1
1,0,0,0,1
2,0,0,0,2
1,0,0,0,1
2,0,0,0,2
3,0,0,0,3
1,0,0,0,1
8,1,1,0,10
2,0,0,0,2
1,0,0,0,1
2,0,0,0,2
1,0,0,0,1
3,0,0,0,3
1,0,0,0,1
8,4,0,0,12
1,0,0,0,1
4,0,0,0,4
1,0,0,0,1
1,0,0,0,1
2,0,0,0,2
1,0,0,0,1
1,0,0,0,1
1,0,0,0,1
2,3,0,0,5
2,0,0,0,2
1,0,0,0,1
1,0,0,0,1
1,0,0,0,1
4,0,0,0,4
1,0,0,0,1
1,0,0,0,1
3,0,0,0,3
1,0,0,0,1
1,0,0,0,1
1,0,0,0,1
1,0,0,0,1
2,0,0,0,2
1,0,0,0,1
2,0,0,0,2
1,0,0,0,1
1,0,0,0,1
1,0,0,0,1
1,0,0,0,1
1,0,0,0,1
1,0,0,0,1
1,0,0,0,1
2,0,0,0,2
1,0,0,0,1
2,0,0,0,2
1,0,0,0,1
1,0,0,0,1
4,0,0,0,4
7,0,0,0,7
3,0,0,0,3
1,0,0,0,1
1,0,0,0,1
1,0,0,0,1
1,0,0,0,1
1,0,0,0,1
1,0,0,0,1
7,0,0,0,7
6,0,0,0,6
1,0,0,0,1
1,0,0,0,1
1,0,0,0,1
1,0,0,0,1
1,0,0,0,1
1,0,0,0,1
1,27,5,0,33
1,0,0,0,1
1,0,0,0,1
1,0,0,0,1
1,0,0,0,1
1,0,0,0,1
2,0,0,0,2
2,0,0,0,2
1,0,0,0,1
1,0,0,0,1
1,2,1,0,4
1,1,0,0,2
2,0,0,0,2
1,0,0,0,1
1,0,0,0,1
1,0,0,0,1
1,0,0,0,1
1,0,0,0,1
1,0,0,0,1
1,0,0,0,1
1,0,0,0,1
1,0,0,0,1
2,0,0,0,2
2,0,0,0,2
1,0,0,0,1
1,0,0,0,1
1,0,0,0,1
1,0,0,0,1
2,2,0,0,4
1,0,0,0,1
1,0,0,0,1
1,0,0,0,1
6,0,0,0,6
1,0,0,0,1
2,0,0,0,2
1,0,0,0,1
4,0,0,0,4
1,0,0,0,1
1,0,0,0,1
1,0,0,0,1
1,0,0,0,1
6,0,0,0,6
1,0,0,0,1
1,0,0,0,1
1,0,0,0,1
2,0,0,0,2
1,0,0,0,1
2,0,0,0,2
2,0,0,0,2
1,0,0,0,1
1,0,0,0,1
1,0,0,0,1
2,0,0,0,2
1,0,0,0,1
4,0,0,0,4
2,16,1,0,19
2,0,0,0,2
8,0,0,0,8
1,0,0,0,1
1,0,0,0,1
1,0,0,0,1
1,0,0,0,1
3,0,0,0,3
2,0,0,0,2
1,0,0,0,1
1,0,0,0,1
1,0,0,0,1
1,0,0,0,1
1,0,0,0,1
1,0,0,0,1
1,0,0,0,1
4,0,0,0,4
1,0,0,0,1
1,0,0,0,1
1,0,0,0,1
1,0,0,0,1
1,0,0,0,1
2,0,0,0,2
3,0,0,0,3
1,0,0,0,1
2,0,0,0,2
1,0,0,0,1
1,0,0,0,1
1,0,0,0,1
2,0,0,0,2
1,0,0,0,1
1,0,0,0,1
1,0,0,0,1
1,0,0,0,1
1,2,0,0,3
1,0,0,0,1
1,0,0,0,1
1,0,0,0,1
1,0,0,0,1
1,0,0,0,1
1,0,0,0,1
1,0,0,0,1
2,0,0,0,2
1,0,0,0,1
1,0,0,0,1
1,0,0,0,1
1,0,0,0,1
1,0,0,0,1
1,0,0,0,1
1,0,0,0,1
1,0,0,0,1
1,0,0,0,1
1,0,0,0,1
1,0,0,0,1
1,0,0,0,1
2,0,0,0,2
1,0,0,0,1
1,0,0,0,1
1,0,0,0,1
1,0,0,0,1
2,0,0,0,2
1,0,0,0,1
1,0,0,0,1
2,0,0,0,2
1,0,0,0,1
2,0,0,0,2
3,0,0,0,3
1,0,0,0,1
1,0,0,0,1
1,0,0,0,1
1,0,0,0,1
1,0,0,0,1
1,0,0,0,1
1,0,0,0,1
1,0,0,0,1
1,0,0,0,1
1,0,0,0,1
1,0,0,0,1
1,0,0,0,1
2,0,0,0,2
4,0,0,0,4
1,0,0,0,1
2,0,0,0,2
2,0,0,0,2
1,0,0,0,1
1,0,0,0,1
7,0,0,0,7
1,0,0,0,1
1,0,0,0,1
1,1,1,0,3
2,0,0,0,2
1,0,0,0,1
1,0,0,0,1
1,0,0,0,1
1,0,0,0,1
1,0,0,0,1
1,0,0,0,1
1,0,0,0,1
1,0,0,0,1
1,0,0,0,1
1,0,0,0,1
1,0,0,0,1
2,0,0,0,2
1,0,0,0,1
1,0,0,0,1
5,0,0,0,5
2,0,0,0,2
1,0,0,0,1
1,0,0,0,1
4,0,0,0,4
1,0,0,0,1
3,0,0,0,3
1,0,0,0,1
1,0,0,0,1
1,0,0,0,1
1,0,0,0,1
2,0,0,0,2
1,0,0,0,1
5,0,0,0,5
1,0,0,0,1
6,0,0,0,6
1,0,0,0,1
1,0,0,0,1
1,0,0,0,1
1,0,0,0,1
1,0,0,0,1
1,0,0,0,1
1,0,0,0,1
3,1,0,0,4
1,0,0,0,1
1,0,0,0,1
1,0,0,0,1
1,3,0,0,4
1,0,0,0,1
3,0,0,0,3
1,0,0,0,1
1,0,0,0,1
1,0,0,0,1
1,0,0,0,1
1,0,0,0,1
2,0,0,0,2
1,0,0,0,1
1,0,0,0,1
3,0,0,0,3
1,0,0,0,1
1,0,0,0,1
8,594,0,0,602
1,0,0,0,1
2,0,0,0,2
3,0,0,0,3
3,1,0,0,4
1,0,0,0,1
1,0,0,0,1
1,0,0,0,1
1,0,0,0,1
1,0,0,0,1
3,0,0,0,3
1,0,0,0,1
1,0,0,0,1
7,0,0,0,7
1,0,0,0,1
1,0,0,0,1
1,0,0,0,1
3,0,0,0,3
3,0,0,0,3
1,0,0,0,1
6,0,0,0,6
1,0,0,0,1
1,0,0,0,1
1,0,0,0,1
1,0,0,0,1
1,0,0,0,1
1,0,0,0,1
1,0,0,0,1
3,0,0,0,3
1,0,0,0,1
1,0,0,0,1
1,0,0,0,1
1,0,0,0,1
1,0,0,0,1
1,0,0,0,1
1,0,0,0,1
2,0,0,0,2
1,0,0,0,1
1,0,0,0,1
1,0,0,0,1
2,0,0,0,2
1,0,0,0,1
2,0,0,0,2
1,0,0,0,1
1,0,0,0,1
2,0,0,0,2
1,0,0,0,1
1,0,0,0,1
1,0,0,0,1
1,0,0,0,1
1,0,0,0,1
1,0,0,0,1
4,1,0,0,5
1,0,0,0,1
1,0,0,0,1
1,0,0,0,1
2,0,0,0,2
1,1,0,0,2
1,0,0,0,1
1,0,0,0,1
1,0,0,0,1
1,2,0,0,3
1,0,0,0,1
1,0,0,0,1
5,0,0,0,5
2,0,0,0,2
2,2,0,0,4
1,0,0,0,1
1,0,0,0,1
1,0,0,0,1
1,0,0,0,1
1,0,0,0,1
1,0,0,0,1
1,0,0,0,1
4,0,0,0,4
1,0,0,0,1
8,0,0,0,8
2,0,0,0,2
4,0,0,0,4
1,0,0,0,1
2,4,0,0,6
8,2,0,0,10
1,0,0,0,1
1,0,0,0,1
1,0,0,0,1
1,0,0,0,1
3,0,0,0,3
2,0,0,0,2
1,0,0,0,1
1,0,0,0,1
1,0,0,0,1
1,0,0,0,1
1,0,0,0,1
2,0,0,0,2
2,0,0,0,2
1,0,0,0,1
1,0,0,0,1
1,0,0,0,1
3,0,0,0,3
1,0,0,0,1
2,0,0,0,2
1,3,0,0,4
1,0,0,0,1
8,0,0,0,8
1,0,0,0,1
1,0,0,0,1
1,0,0,0,1
4,0,0,0,4
6,0,0,0,6
1,0,0,0,1
2,0,0,0,2
1,0,0,0,1
1,0,0,0,1
3,0,0,0,3
1,0,0,0,1
1,3,1,0,5
1,0,0,0,1
3,0,0,0,3
2,0,0,0,2
1,0,0,0,1
1,0,0,0,1
1,0,0,0,1
2,0,0,0,2
1,0,0,0,1
1,0,0,0,1
2,0,0,0,2
9,0,0,0,9
1,0,0,0,1
5,0,0,0,5
1,0,0,0,1
1,0,0,0,1
2,0,0,0,2
1,0,0,0,1
1,3,0,0,4
1,0,0,0,1
2,0,0,0,2
1,0,0,0,1
3,4,0,0,7
1,0,0,0,1
1,0,0,0,1
6,0,0,0,6
1,0,0,0,1
1,0,0,0,1
2,0,0,0,2
1,0,0,0,1
1,0,0,0,1
1,0,0,0,1
1,0,0,0,1
2,0,0,0,2
1,0,0,0,1
1,0,0,0,1
1,0,0,0,1
1,0,0,0,1
1,0,0,0,1
1,0,0,0,1
1,0,0,0,1
1,0,0,0,1
1,0,0,0,1
1,0,0,0,1
1,0,0,0,1
4,0,0,0,4
1,0,0,0,1
1,0,0,0,1
4,1,0,0,5
2,0,0,0,2
1,0,0,0,1
1,0,0,0,1
1,0,0,0,1
1,0,0,0,1
2,0,0,0,2
2,0,0,0,2
1,0,0,0,1
9,14,0,0,23
4,85,0,0,89
2,0,0,0,2
1,0,0,0,1
1,0,0,0,1
1,0,0,0,1
1,0,0,0,1
1,0,0,0,1
1,0,0,0,1
1,2,0,0,3
1,0,0,0,1
1,0,0,0,1
1,0,0,0,1
2,0,0,0,2
2,0,0,0,2
1,0,0,0,1
2,0,0,0,2
1,0,0,0,1
2,0,0,0,2
1,0,0,0,1
1,0,0,0,1
1,0,0,0,1
1,0,0,0,1
2,0,0,0,2
1,1,0,0,2
2,0,0,0,2
1,0,0,0,1
2,0,0,0,2
1,1,0,0,2
1,0,0,0,1
1,0,0,0,1
1,0,0,0,1
1,0,0,0,1
1,0,0,0,1
2,0,0,0,2
1,4,1,0,6
5,0,0,0,5
2,2,0,0,4
1,0,0,0,1
1,0,0,0,1
1,0,0,0,1
1,0,0,0,1
1,0,0,0,1
2,0,0,0,2
4,0,0,0,4
1,0,0,0,1
1,0,0,0,1
4,0,0,0,4
1,0,0,0,1
1,0,0,0,1
1,0,0,0,1
1,0,0,0,1
1,1,0,0,2
2,0,0,0,2
1,0,0,0,1
1,0,0,0,1
1,0,0,0,1
4,0,0,0,4
1,0,0,0,1
1,0,0,0,1
1,0,0,0,1
1,0,0,0,1
4,0,0,0,4
1,0,0,0,1
1,0,0,0,1
7,0,0,0,7
2,0,0,0,2
1,0,0,0,1
1,0,0,0,1
1,0,0,0,1
1,0,0,0,1
1,0,0,0,1
2,0,0,0,2
1,0,0,0,1
5,2,0,0,7
1,0,0,0,1
1,0,0,0,1
2,0,0,0,2
2,0,0,0,2
1,9,0,0,10
1,0,0,0,1
4,0,0,0,4
3,0,0,0,3
1,0,0,0,1
1,0,0,0,1
1,0,0,0,1
1,0,0,0,1
1,0,0,0,1
1,0,0,0,1
1,0,0,0,1
5,0,0,0,5
2,0,0,0,2
1,0,0,0,1
1,0,0,0,1
2,0,0,0,2
1,0,0,0,1
2,3,1,0,6
4,0,0,0,4
1,0,0,0,1
1,0,0,0,1
1,0,0,0,1
1,0,0,0,1
1,0,0,0,1
4,0,0,0,4
2,0,0,0,2
1,0,0,0,1
1,0,0,0,1
2,0,0,0,2
1,0,0,0,1
1,0,0,0,1
1,0,0,0,1
1,0,0,0,1
1,0,0,0,1
1,0,0,0,1
1,2,0,0,3
1,0,0,0,1
1,0,0,0,1
1,0,0,0,1
1,0,0,0,1
4,0,0,0,4
1,0,0,0,1
10,0,0,0,10
1,0,0,0,1
1,0,0,0,1
1,0,0,0,1
2,0,0,0,2
1,0,0,0,1
1,0,0,0,1
1,0,0,0,1
1,0,0,0,1
1,0,0,0,1
3,0,0,0,3
2,0,0,0,2
5,1,0,0,6
1,0,0,0,1
1,0,0,0,1
1,0,0,0,1
1,0,0,0,1
1,0,0,0,1
1,0,0,0,1
2,0,0,0,2
1,0,0,0,1
1,0,0,0,1
3,0,0,0,3
1,0,0,0,1
1,0,0,0,1
3,0,0,0,3
14,0,0,0,14
1,0,0,0,1
1,0,0,0,1
1,0,0,0,1
6,0,0,0,6
1,0,0,0,1
1,0,0,0,1
1,0,0,0,1
1,0,0,0,1
1,0,0,0,1
1,0,0,0,1
1,0,0,0,1
1,0,0,0,1
1,0,0,0,1
1,0,0,0,1
1,0,0,0,1
1,0,0,0,1
1,0,0,0,1
1,0,0,0,1
18,0,0,0,18
1,0,0,0,1
3,0,0,0,3
1,0,0,0,1
3,0,0,0,3
1,0,0,0,1
1,0,0,0,1
6,0,0,0,6
4,0,0,0,4
4,4,0,0,8
1,0,0,0,1
1,0,0,0,1
2,0,0,0,2
1,0,0,0,1
1,0,0,0,1
2,0,0,0,2
3,0,0,0,3
2,0,0,0,2
1,0,0,0,1
1,0,0,0,1
1,0,0,0,1
2,0,0,0,2
1,0,0,0,1
6,0,0,0,6
1,0,0,0,1
2,0,0,0,2
1,0,0,0,1
1,0,0,0,1
1,0,0,0,1
6,0,0,0,6
1,0,0,0,1
1,0,0,0,1
1,1,1,0,3
1,0,0,0,1
5,0,0,0,5
2,0,0,0,2
1,0,0,0,1
1,0,0,0,1
1,0,0,0,1
10,3,0,0,13
1,0,0,0,1
1,0,0,0,1
1,0,0,0,1
3,0,0,0,3
7,0,0,0,7
4,0,0,0,4
1,0,0,0,1
1,0,0,0,1
1,0,0,0,1
1,0,0,0,1
1,0,0,0,1
2,0,0,0,2
4,0,0,0,4
2,0,0,0,2
1,0,0,0,1
1,0,0,0,1
4,0,0,0,4
1,0,0,0,1
6,0,0,0,6
1,0,0,0,1
1,0,0,0,1
5,0,0,0,5
1,0,0,0,1
1,0,0,0,1
1,0,0,0,1
1,0,0,0,1
3,0,0,0,3
1,0,0,0,1
1,0,0,0,1
1,0,0,0,1
1,0,0,0,1
1,0,0,0,1
2,0,0,0,2
1,2,0,0,3
1,1,0,0,2
5,2,0,0,7
1,0,0,0,1
1,0,0,0,1
3,3,0,0,6
8,0,0,0,8
2,0,0,0,2
1,0,0,0,1
2,0,0,0,2
1,0,0,0,1
2,0,0,0,2
1,0,0,0,1
1,0,0,0,1
2,0,0,0,2
1,0,0,0,1
2,0,0,0,2
2,0,0,0,2
1,0,0,0,1
1,0,0,0,1
1,2,0,0,3
1,0,0,0,1
1,0,0,0,1
4,0,0,0,4
1,0,0,0,1
1,0,0,0,1
1,0,0,0,1
3,0,0,0,3
1,0,0,0,1
2,0,0,0,2
1,0,0,0,1
1,0,0,0,1
1,0,0,0,1
1,0,0,0,1
1,0,0,0,1
1,0,0,0,1
1,0,1,0,2
1,0,0,0,1
6,3,1,0,10
1,0,0,0,1
1,0,0,0,1
1,0,0,0,1
1,0,0,0,1
2,0,0,0,2
1,0,0,0,1
3,0,0,0,3
1,0,0,0,1
1,0,0,0,1
1,0,0,0,1
2,0,0,0,2
9,1,1,0,11
1,0,0,0,1
6,0,0,0,6
2,0,0,0,2
1,0,0,0,1
2,0,0,0,2
1,0,0,0,1
1,0,0,0,1
14,6,0,0,20
2,172,0,0,174
1,0,0,0,1
1,0,0,0,1
1,0,0,0,1
2,0,0,0,2
1,0,0,0,1
1,0,0,0,1
1,0,0,0,1
1,0,0,0,1
3,0,0,0,3
1,0,0,0,1
1,0,0,0,1
3,0,0,0,3
1,0,0,0,1
2,0,0,0,2
1,0,0,0,1
1,0,0,0,1
1,0,0,0,1
3,0,0,0,3
1,0,0,0,1
1,0,0,0,1
4,0,0,0,4
1,0,0,0,1
1,0,0,0,1
2,0,0,0,2
1,0,0,0,1
1,0,0,0,1
1,0,0,0,1
1,0,0,0,1
1,0,0,0,1
3,0,0,0,3
1,0,0,0,1
2,0,0,0,2
1,0,0,0,1
2,0,0,0,2
1,0,0,0,1
3,0,0,0,3
1,0,0,0,1
1,0,0,0,1
1,0,0,0,1
1,0,0,0,1
1,0,0,0,1
12,0,0,0,12
1,0,0,0,1
4,0,0,0,4
2,0,0,0,2
1,0,0,0,1
1,0,0,0,1
2,0,0,0,2
2,0,0,0,2
1,0,0,0,1
1,0,0,0,1
1,0,0,0,1
2,0,0,0,2
1,0,0,0,1
7,1,1,0,9
1,0,0,0,1
1,0,0,0,1
2,0,0,0,2
1,0,0,0,1
1,0,0,0,1
1,0,0,0,1
5,2,0,0,7
1,0,0,0,1
2,0,0,0,2
1,0,0,0,1
2,0,0,0,2
1,0,0,0,1
1,0,0,0,1
2,0,0,0,2
1,0,0,0,1
1,0,0,0,1
1,0,0,0,1
1,0,0,0,1
1,0,0,0,1
2,0,0,0,2
1,0,0,0,1
1,0,0,0,1
3,0,0,0,3
1,0,0,0,1
2,0,0,0,2
1,0,0,0,1
1,0,0,0,1
2,0,0,0,2
1,0,0,0,1
1,0,0,0,1
2,0,0,0,2
1,0,0,0,1
1,0,0,0,1
2,0,0,0,2
1,0,0,0,1
1,0,0,0,1
1,0,0,0,1
1,0,0,0,1
4,0,0,0,4
1,0,0,0,1
1,0,0,0,1
1,0,0,0,1
1,0,0,0,1
2,0,0,0,2
1,0,0,0,1
2,0,0,0,2
1,0,0,0,1
1,0,0,0,1
1,0,0,0,1
1,0,0,0,1
3,0,0,0,3
1,0,0,0,1
1,0,0,0,1
1,0,0,0,1
1,0,0,0,1
5,0,0,0,5
1,0,0,0,1
1,2,0,0,3
1,0,0,0,1
2,0,0,0,2
2,1,0,0,3
1,0,0,0,1
8,0,0,0,8
3,0,0,0,3
1,0,0,0,1
7,0,0,0,7
1,8,0,0,9
1,0,0,0,1
1,0,0,0,1
1,0,0,0,1
5,0,0,0,5
4,0,0,0,4
3,0,0,0,3
8,0,0,0,8
1,0,0,0,1
1,0,0,0,1
1,0,0,0,1
1,0,0,0,1
1,0,0,0,1
1,0,0,0,1
1,0,0,0,1
1,0,0,0,1
3,0,0,0,3
1,0,0,0,1
1,0,0,0,1
1,0,0,0,1
1,0,0,0,1
2,0,0,0,2
1,0,0,0,1
1,2,0,0,3
2,2,1,0,5
3,0,0,0,3
2,0,0,0,2
1,0,0,0,1
2,0,0,0,2
1,0,0,0,1
1,0,0,0,1
1,0,0,0,1
1,0,0,0,1
3,0,0,0,3
1,0,0,0,1
2,0,0,0,2
7,0,0,0,7
1,5,0,0,6
4,0,0,0,4
3,0,0,0,3
1,0,0,0,1
1,0,0,0,1
1,0,0,0,1
1,0,0,0,1
1,1,0,0,2
3,0,0,0,3
3,0,0,0,3
2,0,0,0,2
1,0,0,0,1
1,0,0,0,1
1,0,0,0,1
1,0,0,0,1
9,21,0,0,30
1,0,0,0,1
2,0,0,0,2
1,0,0,0,1
1,0,0,0,1
3,4,0,0,7
1,0,0,0,1
4,0,0,0,4
1,0,0,0,1
1,0,0,0,1
1,0,0,0,1
1,0,0,0,1
1,0,0,0,1
2,0,0,0,2
1,0,0,0,1
1,0,0,0,1
5,0,0,0,5
6,0,0,0,6
2,0,0,0,2
1,0,0,0,1
1,0,0,0,1
1,0,0,0,1
8,0,0,0,8
23,17,0,0,40
1,0,0,0,1
1,0,0,0,1
1,0,0,0,1
1,0,0,0,1
1,0,0,0,1
1,0,0,0,1
7,0,0,0,7
1,0,0,0,1
1,0,0,0,1
4,0,0,0,4
1,0,0,0,1
1,0,0,0,1
1,0,0,0,1
5,0,0,0,5
1,0,0,0,1
1,0,0,0,1
1,0,0,0,1
1,0,0,0,1
1,0,0,0,1
1,0,0,0,1
5,0,0,0,5
1,0,0,0,1
4,0,0,0,4
1,0,0,0,1
1,0,0,0,1
1,0,0,0,1
1,0,0,0,1
1,0,0,0,1
1,0,0,0,1
5,0,0,0,5
2,0,0,0,2
3,0,0,0,3
1,0,0,0,1
1,0,0,0,1
1,0,0,0,1
10,0,0,0,10
8,1,0,0,9
3,0,0,0,3
1,0,0,0,1
2,0,0,0,2
2,0,0,0,2
1,0,0,0,1
1,0,0,0,1
2,0,0,0,2
1,0,0,0,1
1,0,0,0,1
1,0,0,0,1
1,0,0,0,1
3,1,1,0,5
1,0,0,0,1
26,0,0,0,26
1,0,0,0,1
1,0,0,0,1
1,0,0,0,1
1,0,0,0,1
2,0,0,0,2
1,0,0,0,1
1,0,0,0,1
1,0,0,0,1
3,0,0,0,3
1,0,0,0,1
1,0,0,0,1
2,0,0,0,2
1,0,0,0,1
2,0,0,0,2
1,0,0,0,1
2,0,0,0,2
1,0,0,0,1
1,0,0,0,1
2,0,0,0,2
4,0,0,0,4
2,0,0,0,2
1,0,0,0,1
1,0,0,0,1
4,0,0,0,4
2,0,0,0,2
1,0,0,0,1
1,0,0,0,1
1,0,0,0,1
1,0,0,0,1
9,0,0,0,9
1,0,0,0,1
1,0,0,0,1
1,2,0,0,3
3,0,0,0,3
2,0,0,0,2
2,19,1,0,22
1,0,0,0,1
1,0,0,0,1
9,0,0,0,9
1,0,0,0,1
1,0,0,0,1
1,1,0,0,2
1,1,1,0,3
1,0,0,0,1
2,0,0,0,2
1,0,0,0,1
5,0,0,0,5
2,0,0,0,2
1,24,0,0,25
1,0,0,0,1
1,0,0,0,1
1,0,0,0,1
1,0,0,0,1
1,0,0,0,1
1,0,0,0,1
2,0,0,0,2
2,0,0,0,2
1,0,0,0,1
1,0,0,0,1
1,0,0,0,1
1,0,0,0,1
2,0,0,0,2
2,0,0,0,2
1,0,0,0,1
2,0,0,0,2
1,0,0,0,1
1,0,0,0,1
1,0,0,0,1
2,0,0,0,2
1,0,0,0,1
1,0,0,0,1
1,0,0,0,1
1,0,0,0,1
2,0,0,0,2
1,0,0,0,1
2,0,0,0,2
2,0,0,0,2
1,0,0,0,1
4,0,0,0,4
2,0,0,0,2
1,0,0,0,1
1,0,0,0,1
1,0,0,0,1
2,0,0,0,2
1,0,0,0,1
1,0,0,0,1
1,0,0,0,1
1,0,0,0,1
1,0,0,0,1
2,2,0,0,4
1,0,0,0,1
1,1,0,0,2
1,0,0,0,1
4,0,0,0,4
2,1,0,0,3
1,0,0,0,1
1,0,0,0,1
4,0,0,0,4
1,0,0,0,1
1,0,0,0,1
1,0,0,0,1
1,0,0,0,1
1,0,0,0,1
1,0,0,0,1
1,0,0,0,1
1,0,0,0,1
1,0,0,0,1
2,0,0,0,2
1,0,0,0,1
2,0,0,0,2
1,0,0,0,1
1,0,0,0,1
1,0,0,0,1
2,0,0,0,2
1,0,0,0,1
1,0,0,0,1
1,0,0,0,1
1,0,0,0,1
7,1,1,0,9
2,0,0,0,2
1,0,0,0,1
1,24,0,0,25
2,0,0,0,2
1,0,0,0,1
1,0,0,0,1
1,0,0,0,1
1,0,0,0,1
1,0,0,0,1
1,0,0,0,1
1,0,0,0,1
1,0,0,0,1
1,0,0,0,1
1,0,0,0,1
2,0,0,0,2
1,0,0,0,1
1,0,0,0,1
1,0,0,0,1
3,0,0,0,3
9,1,0,0,10
1,0,0,0,1
2,0,0,0,2
1,0,0,0,1
1,0,0,0,1
5,0,0,0,5
2,0,0,0,2
1,0,0,0,1
1,0,0,0,1
5,1,1,0,7
2,0,0,0,2
1,3,1,0,5
4,76,3,0,83
1,0,0,0,1
3,0,0,0,3
1,0,0,0,1
2,0,0,0,2
2,0,0,0,2
4,0,0,0,4
1,0,0,0,1
1,0,0,0,1
1,0,0,0,1
4,0,0,0,4
2,0,0,0,2
2,0,0,0,2
1,0,0,0,1
1,0,0,0,1
1,0,0,0,1
2,0,0,0,2
2,0,0,0,2
1,0,0,0,1
1,0,0,0,1
1,0,0,0,1
1,0,0,0,1
1,0,0,0,1
1,0,0,0,1
1,0,0,0,1
1,0,0,0,1
1,0,0,0,1
1,0,0,0,1
1,0,0,0,1
1,0,0,0,1
4,0,0,0,4
2,0,0,0,2
1,0,0,0,1
1,0,0,0,1
1,0,0,0,1
1,0,0,0,1
1,0,0,0,1
2,0,0,0,2
2,0,0,0,2
1,0,0,0,1
1,0,0,0,1
2,0,0,0,2
4,1,0,0,5
1,0,0,0,1
3,0,0,0,3
2,0,0,0,2
4,634,0,0,638
1,0,0,0,1
2,0,0,0,2
2,0,0,0,2
4,0,0,0,4
12,3,0,0,15
3,0,0,0,3
1,0,0,0,1
3,0,0,0,3
1,0,0,0,1
8,0,0,0,8
1,0,0,0,1
10,6,0,0,16
1,0,0,0,1
1,0,0,0,1
4,0,0,0,4
1,0,0,0,1
12,3,1,0,16
1,0,0,0,1
10,0,0,0,10
1,0,0,0,1
1,0,0,0,1
1,0,0,0,1
3,0,0,0,3
1,0,0,0,1
3,0,0,0,3
1,0,0,0,1
1,0,0,0,1
1,0,0,0,1
1,0,0,0,1
1,0,0,0,1
1,0,0,0,1
1,0,0,0,1
3,1,0,0,4
1,0,0,0,1
1,0,0,0,1
2,0,0,0,2
3,0,0,0,3
2,0,0,0,2
1,0,0,0,1
1,0,0,0,1
1,2,0,0,3
2,0,0,0,2
1,0,0,0,1
1,0,0,0,1
1,0,0,0,1
1,0,0,0,1
1,0,0,0,1
1,0,0,0,1
1,0,0,0,1
1,0,0,0,1
1,0,0,0,1
4,0,0,0,4
2,0,0,0,2
4,0,0,0,4
1,0,0,0,1
2,0,0,0,2
1,0,0,0,1
1,0,0,0,1
1,0,1,0,2
5,0,0,0,5
1,0,0,0,1
2,0,0,0,2
1,0,0,0,1
3,0,0,0,3
3,0,0,0,3
1,0,0,0,1
4,0,0,0,4
1,0,0,0,1
3,0,1,0,4
2,0,0,0,2
1,0,0,0,1
1,0,0,0,1
2,0,0,0,2
1,0,0,0,1
1,0,0,0,1
1,0,0,0,1
1,0,0,0,1
1,0,0,0,1
1,0,0,0,1
11,0,0,0,11
3,0,0,0,3
1,0,0,0,1
1,0,0,0,1
5,0,0,0,5
4,0,0,0,4
1,0,0,0,1
1,0,0,0,1
1,0,0,0,1
4,0,0,0,4
3,1,0,0,4
2,0,0,0,2
1,0,0,0,1
2,0,0,0,2
1,0,0,0,1
13,1,0,0,14
1,0,0,0,1
5,7,1,0,13
1,0,0,0,1
1,0,0,0,1
5,0,0,0,5
1,0,0,0,1
1,0,0,0,1
3,0,0,0,3
1,0,0,0,1
1,0,0,0,1
1,0,0,0,1
1,0,0,0,1
1,0,0,0,1
1,0,0,0,1
1,0,0,0,1
1,0,0,0,1
1,0,0,0,1
1,0,0,0,1
5,0,0,0,5
1,0,0,0,1
1,0,0,0,1
3,0,0,0,3
5,0,0,0,5
1,0,0,0,1
2,0,0,0,2
1,0,0,0,1
2,0,0,0,2
2,0,0,0,2
2,0,0,0,2
5,0,0,0,5
1,0,0,0,1
1,0,0,0,1
6,0,0,0,6
1,0,0,0,1
2,0,0,0,2
11,0,0,0,11
1,0,0,0,1
5,0,0,0,5
2,0,0,0,2
1,0,0,0,1
4,0,0,0,4
1,0,0,0,1
1,0,0,0,1
1,0,0,0,1
1,0,0,0,1
1,0,0,0,1
1,0,0,0,1
1,0,0,0,1
1,0,0,0,1
1,0,0,0,1
2,19,0,0,21
8,0,0,0,8
1,0,0,0,1
1,0,0,0,1
1,0,0,0,1
1,0,0,0,1
1,0,0,0,1
3,6,1,0,10
3,0,0,0,3
1,0,0,0,1
1,0,0,0,1
1,0,0,0,1
1,0,0,0,1
1,2,0,0,3
1,0,0,0,1
1,0,0,0,1
1,0,0,0,1
2,0,0,0,2
3,0,0,0,3
1,0,0,0,1
2,0,0,0,2
1,0,0,0,1
4,0,0,0,4
1,0,0,0,1
1,0,0,0,1
1,0,0,0,1
1,0,0,0,1
1,0,0,0,1
1,0,0,0,1
2,0,0,0,2
1,0,0,0,1
1,0,0,0,1
1,0,0,0,1
1,0,0,0,1
1,0,0,0,1
1,0,0,0,1
1,0,0,0,1
2,0,0,0,2
1,0,0,0,1
1,0,0,0,1
3,0,0,0,3
13,13,5,0,31
2,0,0,0,2
1,0,0,0,1
2,0,0,0,2
1,0,0,0,1
2,0,0,0,2
1,0,0,0,1
1,0,0,0,1
1,0,0,0,1
1,0,0,0,1
2,0,0,0,2
1,0,0,0,1
1,0,0,0,1
1,0,0,0,1
1,0,0,0,1
1,0,0,0,1
1,0,0,0,1
6,0,0,0,6
1,0,0,0,1
24,0,0,0,24
1,0,0,0,1
1,0,0,0,1
1,0,0,0,1
1,0,0,0,1
1,0,0,0,1
1,0,0,0,1
1,0,0,0,1
1,0,0,0,1
3,0,0,0,3
1,0,0,0,1
2,0,0,0,2
2,227,0,0,229
1,0,0,0,1
1,0,0,0,1
1,0,0,0,1
1,0,0,0,1
2,0,0,0,2
1,0,0,0,1
1,0,0,0,1
9,0,0,0,9
1,0,0,0,1
1,0,0,0,1
1,0,0,0,1
2,0,0,0,2
1,0,0,0,1
1,0,0,0,1
1,0,0,0,1
2,0,0,0,2
5,0,0,0,5
1,0,0,0,1
1,0,0,0,1
3,0,0,0,3
1,0,0,0,1
1,0,0,0,1
2,0,0,0,2
1,0,0,0,1
1,0,0,0,1
3,0,0,0,3
5,0,0,0,5
1,0,0,0,1
5,0,0,0,5
2,0,0,0,2
1,0,0,0,1
2,0,0,0,2
6,0,0,0,6
1,0,0,0,1
1,0,0,0,1
2,0,0,0,2
1,0,0,0,1
5,0,0,0,5
1,0,0,0,1
2,0,0,0,2
2,0,0,0,2
3,0,0,0,3
5,0,0,0,5
5,0,0,0,5
2,0,0,0,2
1,0,0,0,1
4,0,0,0,4
1,0,0,0,1
6,0,0,0,6
6,0,0,0,6
2,0,0,0,2
1,0,0,0,1
1,3,1,0,5
1,0,0,0,1
1,0,0,0,1
6,0,0,0,6
1,0,0,0,1
1,0,0,0,1
1,0,0,0,1
3,0,0,0,3
1,0,0,0,1
1,0,0,0,1
1,0,0,0,1
1,0,0,0,1
1,0,0,0,1
2,0,0,0,2
1,0,0,0,1
2,0,2,0,4
2,0,0,0,2
1,0,0,0,1
1,0,0,0,1
2,0,0,0,2
2,0,0,0,2
2,0,0,0,2
1,0,0,0,1
1,0,0,0,1
1,0,0,0,1
3,0,0,0,3
1,0,0,0,1
2,0,0,0,2
3,3,0,0,6
1,0,0,0,1
1,0,0,0,1
4,0,0,0,4
2,0,0,0,2
2,0,0,0,2
1,0,0,0,1
1,0,0,0,1
5,7,0,0,12
1,0,0,0,1
2,1,0,0,3
1,0,0,0,1
4,0,0,0,4
1,0,0,0,1
1,0,0,0,1
1,0,0,0,1
1,0,0,0,1
1,0,0,0,1
1,0,0,0,1
2,0,0,0,2
2,0,0,0,2
2,0,0,0,2
3,0,0,0,3
2,0,0,0,2
5,0,0,0,5
1,0,0,0,1
5,167,0,0,172
1,0,0,0,1
4,3,0,0,7
1,0,0,0,1
2,0,0,0,2
2,0,0,0,2
1,0,0,0,1
1,0,0,0,1
2,0,0,0,2
1,0,0,0,1
1,0,0,0,1
3,0,0,0,3
8,0,0,0,8
2,0,0,0,2
1,0,0,0,1
1,0,0,0,1
1,0,0,0,1
1,15,0,0,16
1,0,0,0,1
10,0,0,0,10
1,0,0,0,1
1,0,0,0,1
13,0,0,0,13
2,0,0,0,2
1,0,0,0,1
1,0,0,0,1
1,0,0,0,1
2,0,0,0,2
1,0,0,0,1
2,0,0,0,2
1,0,0,0,1
1,0,0,0,1
1,0,0,0,1
2,0,0,0,2
8,92,1,0,101
1,0,0,0,1
6,6,0,0,12
1,0,0,0,1
1,0,0,0,1
1,4,0,0,5
1,289,0,0,290
1,0,0,0,1
1,0,0,0,1
1,0,0,0,1
4,0,0,0,4
15,0,1,0,16
1,6,0,0,7
1,0,0,0,1
1,0,0,0,1
4,0,0,0,4
1,0,0,0,1
1,0,0,0,1
1,0,0,0,1
1,0,0,0,1
1,0,0,0,1
2,8,0,0,10
1,0,0,0,1
1,0,0,0,1
4,0,0,0,4
1,0,0,0,1
1,0,0,0,1
3,0,0,0,3
1,0,0,0,1
7,0,0,0,7
1,3,0,0,4
2,0,0,0,2
1,0,0,0,1
2,0,0,0,2
2,0,0,0,2
3,1,2,0,6
2,0,0,0,2
1,0,0,0,1
1,0,0,0,1
1,0,0,0,1
1,0,0,0,1
2,1,0,0,3
1,0,0,0,1
1,0,0,0,1
1,0,0,0,1
1,0,0,0,1
1,0,0,0,1
1,0,0,0,1
2,0,0,0,2
2,0,0,0,2
2,0,0,0,2
1,0,0,0,1
2,0,0,0,2
3,0,0,0,3
6,1,1,0,8
7,0,0,0,7
2,0,0,0,2
1,0,0,0,1
1,0,0,0,1
7,0,0,0,7
1,0,0,0,1
2,0,0,0,2
3,5,0,0,8
2,0,0,0,2
1,0,0,0,1
1,0,0,0,1
3,0,0,0,3
1,0,0,0,1
1,0,0,0,1
1,0,0,0,1
1,0,0,0,1
2,0,0,0,2
3,0,0,0,3
2,0,0,0,2
1,0,0,0,1
1,0,0,0,1
2,0,0,0,2
3,0,0,0,3
2,0,0,0,2
2,0,0,0,2
2,0,0,0,2
1,0,0,0,1
1,0,0,0,1
3,0,0,0,3
1,0,0,0,1
1,0,0,0,1
1,0,0,0,1
1,0,0,0,1
1,0,0,0,1
1,0,0,0,1
1,0,0,0,1
1,0,0,0,1
1,0,0,0,1
1,0,0,0,1
1,0,0,0,1
1,0,0,0,1
2,0,0,0,2
1,0,0,0,1
2,0,0,0,2
1,0,0,0,1
1,0,0,0,1
6,0,0,0,6
1,0,0,0,1
1,0,0,0,1
2,0,0,0,2
1,0,0,0,1
4,1,0,0,5
1,0,0,0,1
1,5,0,0,6
2,0,0,0,2
1,0,0,0,1
1,0,0,0,1
1,0,0,0,1
1,0,0,0,1
1,0,0,0,1
1,0,0,0,1
1,0,0,0,1
1,0,0,0,1
1,0,0,0,1
1,0,0,0,1
2,0,0,0,2
4,0,0,0,4
2,162,0,0,164
1,0,0,0,1
2,0,0,0,2
2,0,0,0,2
1,0,0,0,1
1,0,0,0,1
1,0,0,0,1
1,0,0,0,1
1,0,0,0,1
1,0,0,0,1
1,0,0,0,1
2,0,0,0,2
1,6,0,0,7
1,0,0,0,1
2,0,0,0,2
1,0,0,0,1
1,0,0,0,1
1,0,0,0,1
6,0,0,0,6
1,0,0,0,1
1,0,0,0,1
1,0,0,0,1
1,0,0,0,1
1,0,0,0,1
1,0,0,0,1
11,34,0,0,45
2,0,0,0,2
1,0,0,0,1
1,0,0,0,1
1,0,0,0,1
1,0,0,0,1
1,0,0,0,1
1,0,0,0,1
1,1,0,0,2
1,0,0,0,1
1,0,0,0,1
3,1,1,0,5
1,0,0,0,1
1,0,0,0,1
7,0,0,0,7
1,0,0,0,1
1,0,0,0,1
1,0,0,0,1
2,0,0,0,2
1,0,0,0,1
4,0,0,0,4
3,0,0,0,3
1,0,0,0,1
1,0,0,0,1
1,0,0,0,1
1,0,0,0,1
1,0,0,0,1
5,0,0,0,5
1,0,0,0,1
1,0,0,0,1
1,0,0,0,1
3,0,0,0,3
1,0,0,0,1
2,0,0,0,2
1,0,0,0,1
8,0,0,0,8
1,0,0,0,1
1,0,0,0,1
2,0,0,0,2
2,0,0,0,2
3,0,0,0,3
1,0,0,0,1
1,0,0,0,1
1,0,0,0,1
1,0,0,0,1
1,0,0,0,1
1,0,0,0,1
1,0,0,0,1
1,0,0,0,1
1,0,0,0,1
2,0,0,0,2
1,0,0,0,1
1,0,0,0,1
1,16,1,0,18
1,0,0,0,1
3,0,0,0,3
1,0,0,0,1
1,0,0,0,1
1,0,0,0,1
1,0,0,0,1
1,0,0,0,1
2,0,0,0,2
3,0,0,0,3
1,0,0,0,1
2,0,0,0,2
2,0,0,0,2
1,0,0,0,1
1,0,0,0,1
2,0,0,0,2
1,0,0,0,1
2,0,0,0,2
1,0,0,0,1
1,0,0,0,1
2,0,0,0,2
1,0,0,0,1
1,0,0,0,1
1,0,0,0,1
1,0,0,0,1
1,0,0,0,1
1,0,0,0,1
2,0,0,0,2
2,0,0,0,2
1,0,0,0,1
1,0,0,0,1
1,0,0,0,1
8,0,0,0,8
1,0,0,0,1
3,0,0,0,3
1,1,0,0,2
1,0,0,0,1
1,0,0,0,1
1,0,0,0,1
1,0,0,0,1
1,0,0,0,1
1,0,0,0,1
4,0,0,0,4
1,9,0,0,10
3,3,0,0,6
1,2,0,0,3
2,0,0,0,2
1,0,0,0,1
1,0,0,0,1
1,0,0,0,1
1,0,0,0,1
10,0,0,0,10
2,6,0,0,8
4,0,0,0,4
1,0,0,0,1
3,0,0,0,3
1,0,0,0,1
1,0,0,0,1
2,0,0,0,2
1,0,0,0,1
1,0,0,0,1
2,0,0,0,2
2,0,0,0,2
1,0,0,0,1
1,0,0,0,1
2,0,0,0,2
3,0,0,0,3
1,0,0,0,1
1,0,0,0,1
1,0,0,0,1
2,0,0,0,2
1,0,0,0,1
1,0,0,0,1
2,0,0,0,2
1,0,0,0,1
1,0,0,0,1
1,0,0,0,1
2,0,0,0,2
2,0,0,0,2
2,0,0,0,2
1,0,0,0,1
1,0,0,0,1
1,0,0,0,1
1,0,0,0,1
4,0,0,0,4
1,0,0,0,1
2,0,0,0,2
1,0,0,0,1
1,0,0,0,1
3,0,0,0,3
1,0,0,0,1
1,0,0,0,1
4,0,0,0,4
1,0,0,0,1
3,0,0,0,3
3,0,0,0,3
3,0,0,0,3
1,0,0,0,1
6,0,0,0,6
1,0,0,0,1
3,0,0,0,3
1,4,0,0,5
5,0,0,0,5
1,0,0,0,1
1,0,0,0,1
1,0,0,0,1
1,0,0,0,1
1,0,0,0,1
1,0,0,0,1
1,0,0,0,1
1,0,0,0,1
1,0,0,0,1
3,0,0,0,3
1,0,0,0,1
1,0,0,0,1
3,0,0,0,3
2,1,0,0,3
2,0,0,0,2
3,0,0,0,3
1,0,0,0,1
1,0,0,0,1
3,0,0,0,3
1,0,0,0,1
3,0,0,0,3
1,0,0,0,1
1,0,0,0,1
2,0,0,0,2
1,0,0,0,1
1,0,0,0,1
1,0,0,0,1
1,0,0,0,1
2,0,0,0,2
2,0,0,0,2
1,0,0,0,1
1,6,0,0,7
1,0,0,0,1
1,0,0,0,1
1,0,0,0,1
1,0,0,0,1
2,0,0,0,2
2,0,0,0,2
2,0,0,0,2
4,0,0,0,4
1,0,0,0,1
1,0,0,0,1
1,0,0,0,1
1,0,0,0,1
2,0,0,0,2
4,0,0,0,4
1,3,1,0,5
3,0,1,0,4
3,0,0,0,3
1,0,0,0,1
3,0,0,0,3
1,0,0,0,1
1,2,1,0,4
1,0,0,0,1
2,0,0,0,2
2,2,0,0,4
1,0,0,0,1
1,0,0,0,1
1,0,0,0,1
1,0,0,0,1
3,0,0,0,3
2,0,0,0,2
2,0,0,0,2
1,0,0,0,1
3,0,0,0,3
1,0,0,0,1
1,0,0,0,1
2,0,0,0,2
1,0,0,0,1
1,0,0,0,1
1,0,0,0,1
1,0,0,0,1
1,0,0,0,1
1,0,0,0,1
1,0,0,0,1
1,0,0,0,1
1,2,0,0,3
1,0,0,0,1
1,0,0,0,1
1,0,0,0,1
2,0,0,0,2
2,0,0,0,2
1,0,0,0,1
2,0,0,0,2
6,0,0,0,6
1,0,0,0,1
1,0,0,0,1
1,0,0,0,1
1,0,0,0,1
2,0,0,0,2
1,0,0,0,1
2,0,0,0,2
1,0,0,0,1
3,2,0,0,5
1,0,0,0,1
1,0,1,0,2
1,0,0,0,1
2,0,0,0,2
1,0,0,0,1
2,0,0,0,2
4,0,0,0,4
1,0,0,0,1
1,1,0,0,2
1,0,0,0,1
2,0,0,0,2
1,0,0,0,1
3,25,0,0,28
2,0,0,0,2
1,0,0,0,1
1,0,0,0,1
1,0,0,0,1
2,0,0,0,2
2,0,0,0,2
10,0,0,0,10
1,0,0,0,1
1,0,0,0,1
1,0,0,0,1
1,0,0,0,1
1,0,0,0,1
1,0,0,0,1
1,0,0,0,1
2,0,0,0,2
1,0,0,0,1
1,0,0,0,1
1,0,0,0,1
1,0,0,0,1
1,0,0,0,1
1,1,0,0,2
1,0,0,0,1
1,0,0,0,1
1,0,0,0,1
2,0,0,0,2
3,0,1,0,4
1,0,0,0,1
1,0,0,0,1
1,0,0,0,1
2,0,0,0,2
1,0,0,0,1
1,0,0,0,1
1,0,0,0,1
1,0,0,0,1
1,0,0,0,1
1,0,0,0,1
1,0,0,0,1
1,0,0,0,1
9,8,1,0,18
1,0,0,0,1
1,0,0,0,1
1,0,0,0,1
1,0,0,0,1
1,0,0,0,1
1,0,0,0,1
1,0,0,0,1
1,0,0,0,1
1,0,0,0,1
1,0,0,0,1
1,0,0,0,1
1,0,0,0,1
1,0,0,0,1
2,0,0,0,2
1,0,0,0,1
1,0,0,0,1
1,0,0,0,1
1,0,0,0,1
1,0,0,0,1
1,0,0,0,1
1,0,0,0,1
1,0,0,0,1
1,0,0,0,1
5,1,0,0,6
1,3,0,0,4
1,0,0,0,1
1,0,0,0,1
2,0,0,0,2
1,0,0,0,1
1,0,0,0,1
1,0,0,0,1
1,0,0,0,1
8,0,0,0,8
1,0,0,0,1
2,0,0,0,2
1,0,0,0,1
1,0,0,0,1
1,0,0,0,1
1,0,0,0,1
1,0,0,0,1
2,0,0,0,2
1,0,0,0,1
1,0,0,0,1
2,0,0,0,2
1,0,0,0,1
1,0,0,0,1
1,0,0,0,1
2,0,0,0,2
1,0,0,0,1
1,0,0,0,1
2,0,0,0,2
1,0,0,0,1
1,0,0,0,1
1,0,0,0,1
2,0,0,0,2
2,0,0,0,2
1,0,0,0,1
1,0,0,0,1
1,0,0,0,1
1,0,0,0,1
1,0,0,0,1
1,0,0,0,1
3,0,0,0,3
1,0,0,0,1
1,0,0,0,1
1,0,0,0,1
1,0,0,0,1
2,13,0,0,15
1,0,0,0,1
1,0,0,0,1
4,0,0,0,4
1,0,0,0,1
2,0,0,0,2
2,0,0,0,2
2,2,0,0,4
1,0,0,0,1
2,0,0,0,2
2,0,0,0,2
5,0,0,0,5
2,0,0,0,2
1,0,0,0,1
2,0,0,0,2
1,0,0,0,1
2,0,0,0,2
4,0,0,0,4
2,0,0,0,2
2,0,0,0,2
4,0,0,0,4
1,0,0,0,1
1,0,0,0,1
4,0,0,0,4
2,0,0,0,2
2,3,0,0,5
1,0,0,0,1
2,0,0,0,2
1,0,0,0,1
1,0,0,0,1
1,0,1,0,2
2,0,0,0,2
2,0,0,0,2
1,0,0,0,1
4,0,0,0,4
1,0,0,0,1
2,0,0,0,2
1,0,0,0,1
1,0,0,0,1
1,0,0,0,1
1,0,0,0,1
1,0,0,0,1
1,0,0,0,1
1,0,0,0,1
1,0,0,0,1
1,0,0,0,1
1,0,0,0,1
1,0,0,0,1
2,0,0,0,2
3,0,0,0,3
1,0,0,0,1
12,0,0,0,12
3,0,0,0,3
3,0,0,0,3
1,0,0,0,1
1,0,0,0,1
1,0,0,0,1
1,0,0,0,1
1,0,0,0,1
2,0,0,0,2
1,0,0,0,1
1,0,0,0,1
1,0,0,0,1
1,0,0,0,1
1,0,0,0,1
5,1,2,0,8
1,0,0,0,1
7,0,0,0,7
1,0,0,0,1
4,6,0,0,10
2,0,0,0,2
1,0,0,0,1
1,0,0,0,1
1,0,0,0,1
2,0,0,0,2
1,1,0,0,2
2,0,0,0,2
4,0,0,0,4
6,0,0,0,6
1,0,0,0,1
1,0,0,0,1
1,0,0,0,1
1,0,0,0,1
1,0,0,0,1
1,0,0,0,1
4,0,0,0,4
4,0,0,0,4
1,0,0,0,1
1,0,0,0,1
1,0,0,0,1
2,0,0,0,2
1,0,0,0,1
1,0,0,0,1
1,0,0,0,1
1,0,0,0,1
1,0,0,0,1
3,0,0,0,3
1,0,0,0,1
1,0,0,0,1
1,0,0,0,1
1,0,0,0,1
2,0,0,0,2
1,0,0,0,1
1,0,0,0,1
1,0,0,0,1
4,0,0,0,4
1,0,0,0,1
1,0,0,0,1
1,0,0,0,1
1,0,0,0,1
4,0,0,0,4
7,0,0,0,7
1,0,0,0,1
1,0,0,0,1
1,0,0,0,1
2,0,0,0,2
1,0,0,0,1
1,0,0,0,1
1,0,0,0,1
1,0,0,0,1
1,0,0,0,1
2,0,0,0,2
4,0,0,0,4
1,0,0,0,1
1,0,0,0,1
1,0,0,0,1
1,0,0,0,1
2,0,0,0,2
1,0,0,0,1
1,0,0,0,1
5,0,0,0,5
1,0,0,0,1
1,0,0,0,1
1,0,0,0,1
1,0,0,0,1
1,0,0,0,1
1,0,0,0,1
1,0,0,0,1
1,0,0,0,1
2,0,0,0,2
1,0,0,0,1
3,0,0,0,3
1,0,0,0,1
1,0,0,0,1
1,0,0,0,1
1,0,0,0,1
1,0,0,0,1
1,0,0,0,1
1,0,0,0,1
1,0,0,0,1
1,0,0,0,1
1,0,0,0,1
1,0,0,0,1
1,0,0,0,1
2,0,0,0,2
6,0,0,0,6
1,0,0,0,1
1,0,0,0,1
1,0,0,0,1
1,0,0,0,1
1,0,0,0,1
1,0,0,0,1
1,0,0,0,1
1,0,0,0,1
1,0,0,0,1
1,0,0,0,1
3,0,0,0,3
1,0,0,0,1
1,0,0,0,1
3,0,0,0,3
2,0,0,0,2
4,0,0,0,4
2,0,0,0,2
2,0,0,0,2
3,0,0,0,3
1,0,0,0,1
1,0,0,0,1
1,0,0,0,1
1,0,0,0,1
2,0,0,0,2
1,0,0,0,1
1,0,0,0,1
2,0,0,0,2
1,0,0,0,1
4,0,0,0,4
1,0,0,0,1
1,0,0,0,1
5,6,0,0,11
4,0,0,0,4
1,0,0,0,1
2,0,0,0,2
1,0,0,0,1
1,0,0,0,1
2,0,0,0,2
1,0,0,0,1
2,0,0,0,2
1,0,0,0,1
1,0,0,0,1
1,0,0,0,1
1,0,0,0,1
1,0,0,0,1
1,0,0,0,1
1,0,0,0,1
1,0,0,0,1
1,0,0,0,1
1,0,0,0,1
1,0,0,0,1
6,0,0,0,6
1,0,0,0,1
1,0,0,0,1
4,0,0,0,4
1,0,0,0,1
1,0,0,0,1
3,0,0,0,3
1,0,0,0,1
6,0,0,0,6
2,0,0,0,2
3,0,0,0,3
1,0,0,0,1
1,0,0,0,1
1,0,0,0,1
3,0,0,0,3
1,0,0,0,1
6,0,0,0,6
1,0,0,0,1
1,0,0,0,1
6,0,0,0,6
1,0,0,0,1
1,0,0,0,1
4,32,0,0,36
2,0,0,0,2
1,0,0,0,1
7,0,0,0,7
1,0,0,0,1
1,0,0,0,1
1,2,0,0,3
12,0,0,0,12
1,0,0,0,1
1,0,0,0,1
2,0,0,0,2
1,0,0,0,1
1,0,0,0,1
1,0,0,0,1
1,0,0,0,1
2,0,0,0,2
2,0,0,0,2
1,0,0,0,1
3,0,0,0,3
4,0,0,0,4
1,0,0,0,1
1,0,0,0,1
1,0,0,0,1
1,0,0,0,1
3,0,0,0,3
1,0,0,0,1
5,0,0,0,5
1,0,0,0,1
2,0,0,0,2
1,0,0,0,1
1,0,0,0,1
1,0,0,0,1
1,0,0,0,1
11,0,0,0,11
1,0,0,0,1
2,0,0,0,2
1,0,0,0,1
1,0,0,0,1
1,0,0,0,1
1,0,0,0,1
1,0,0,0,1
1,5,0,0,6
1,0,0,0,1
2,0,0,0,2
1,0,0,0,1
1,0,0,0,1
1,0,0,0,1
1,0,0,0,1
2,0,0,0,2
1,0,0,0,1
3,0,0,0,3
4,0,0,0,4
1,0,0,0,1
15,0,0,0,15
1,0,0,0,1
6,85,1,0,92
2,0,0,0,2
1,0,0,0,1
1,0,0,0,1
1,0,0,0,1
1,0,0,0,1
1,0,0,0,1
3,0,0,0,3
1,0,0,0,1
1,0,0,0,1
3,0,0,0,3
2,0,0,0,2
1,0,0,0,1
1,0,0,0,1
1,0,0,0,1
1,0,0,0,1
1,0,0,0,1
1,0,0,0,1
1,0,0,0,1
1,0,0,0,1
1,0,0,0,1
4,0,0,0,4
1,0,0,0,1
1,0,0,0,1
8,0,0,0,8
1,0,0,0,1
1,6,3,0,10
1,0,0,0,1
7,0,0,0,7
1,0,0,0,1
3,0,0,0,3
1,0,0,0,1
1,0,0,0,1
1,0,0,0,1
3,1,0,0,4
1,0,0,0,1
3,7,0,0,10
1,0,0,0,1
1,0,0,0,1
2,0,0,0,2
1,0,0,0,1
1,0,0,0,1
1,0,0,0,1
4,0,0,0,4
1,0,0,0,1
9,0,0,0,9
1,0,0,0,1
1,0,0,0,1
1,0,0,0,1
3,0,0,0,3
2,0,0,0,2
2,0,0,0,2
1,0,0,0,1
1,0,0,0,1
3,0,0,0,3
3,0,0,0,3
3,0,0,0,3
1,0,0,0,1
1,0,0,0,1
4,1,0,0,5
1,0,0,0,1
2,12,0,0,14
1,0,0,0,1
6,0,0,0,6
3,0,0,0,3
1,0,0,0,1
1,0,0,0,1
1,0,0,0,1
1,0,0,0,1
1,0,0,0,1
1,0,0,0,1
1,0,0,0,1
1,0,0,0,1
1,0,0,0,1
1,0,0,0,1
1,0,0,0,1
1,0,0,0,1
3,0,0,0,3
1,0,0,0,1
5,0,0,0,5
4,0,0,0,4
1,0,0,0,1
1,0,0,0,1
10,54,0,0,64
1,0,0,0,1
2,0,0,0,2
4,0,0,0,4
2,0,0,0,2
1,0,0,0,1
1,0,0,0,1
1,0,0,0,1
1,0,0,0,1
1,0,0,0,1
2,0,0,0,2
1,0,0,0,1
1,0,0,0,1
7,0,0,0,7
1,0,0,0,1
1,0,0,0,1
1,0,0,0,1
2,0,0,0,2
1,0,0,0,1
1,0,0,0,1
1,0,0,0,1
3,0,0,0,3
2,0,0,0,2
1,0,0,0,1
1,0,0,0,1
1,0,0,0,1
1,0,0,0,1
1,0,0,0,1
2,0,0,0,2
1,0,0,0,1
1,0,0,0,1
2,0,0,0,2
1,0,0,0,1
1,12,0,0,13
3,0,0,0,3
1,0,0,0,1
4,0,0,0,4
1,0,0,0,1
3,0,0,0,3
1,0,0,0,1
3,0,0,0,3
5,0,0,0,5
2,0,0,0,2
1,0,0,0,1
1,0,0,0,1
1,0,0,0,1
1,0,0,0,1
2,0,0,0,2
1,0,0,0,1
1,0,0,0,1
1,0,0,0,1
1,0,0,0,1
1,0,0,0,1
1,0,0,0,1
3,0,0,0,3
3,0,0,0,3
1,0,0,0,1
1,0,0,0,1
1,0,0,0,1
1,0,0,0,1
1,0,0,0,1
1,0,0,0,1
1,0,0,0,1
1,0,0,0,1
1,0,0,0,1
2,0,0,0,2
1,0,0,0,1
1,0,0,0,1
1,0,0,0,1
1,0,0,0,1
1,0,0,0,1
3,0,0,0,3
1,0,0,0,1
1,0,0,0,1
1,0,0,0,1
1,0,0,0,1
5,0,0,0,5
1,0,0,0,1
1,0,0,0,1
1,0,0,0,1
2,0,0,0,2
1,0,0,0,1
1,0,0,0,1
1,1,0,0,2
1,0,0,0,1
1,0,0,0,1
1,0,0,0,1
2,0,0,0,2
2,0,0,0,2
2,0,0,0,2
1,0,0,0,1
1,0,0,0,1
1,0,0,0,1
1,0,0,0,1
1,0,0,0,1
1,0,0,0,1
1,0,0,0,1
2,2,0,0,4
1,0,0,0,1
1,0,0,0,1
1,0,0,0,1
1,0,0,0,1
1,0,0,0,1
1,0,0,0,1
2,0,0,0,2
1,0,0,0,1
1,0,0,0,1
1,0,0,0,1
1,0,0,0,1
1,0,0,0,1
11,0,0,0,11
2,0,0,0,2
3,0,0,0,3
1,0,0,0,1
2,0,0,0,2
1,0,0,0,1
1,0,0,0,1
2,0,0,0,2
1,0,0,0,1
2,0,0,0,2
2,0,0,0,2
1,0,0,0,1
3,0,0,0,3
10,0,0,0,10
2,0,0,0,2
1,0,0,0,1
1,0,0,0,1
1,0,0,0,1
1,0,0,0,1
2,0,0,0,2
1,0,0,0,1
1,0,0,0,1
11,1,0,0,12
3,0,0,0,3
1,0,0,0,1
3,2,0,0,5
5,0,0,0,5
2,0,0,0,2
1,0,0,0,1
1,0,0,0,1
1,0,0,0,1
1,0,0,0,1
6,0,0,0,6
1,0,0,0,1
4,0,0,0,4
1,0,0,0,1
1,0,0,0,1
1,0,0,0,1
2,0,0,0,2
4,0,0,0,4
1,0,0,0,1
1,0,0,0,1
2,0,0,0,2
2,0,0,0,2
2,0,0,0,2
3,0,0,0,3
1,0,0,0,1
1,0,0,0,1
4,0,0,0,4
5,0,0,0,5
1,0,0,0,1
1,0,0,0,1
3,0,0,0,3
1,0,0,0,1
1,0,0,0,1
1,0,0,0,1
3,0,0,0,3
1,0,0,0,1
2,4,0,0,6
1,0,0,0,1
1,0,0,0,1
1,0,0,0,1
4,0,0,0,4
1,0,0,0,1
1,0,0,0,1
1,0,0,0,1
1,0,0,0,1
1,0,0,0,1
1,0,0,0,1
9,0,0,0,9
1,0,0,0,1
4,0,0,0,4
1,0,0,0,1
1,0,0,0,1
1,0,0,0,1
1,0,0,0,1
2,0,0,0,2
4,0,0,0,4
1,0,0,0,1
1,0,0,0,1
10,0,0,0,10
5,0,0,0,5
1,0,0,0,1
1,0,0,0,1
1,0,0,0,1
1,0,0,0,1
1,0,0,0,1
1,0,0,0,1
3,0,0,0,3
4,0,0,0,4
1,0,0,0,1
1,0,0,0,1
1,0,0,0,1
1,0,0,0,1
1,0,0,0,1
1,0,0,0,1
5,0,0,0,5
1,0,0,0,1
1,0,0,0,1
1,0,0,0,1
1,0,0,0,1
1,0,0,0,1
2,0,0,0,2
1,0,0,0,1
2,7,0,0,9
1,0,0,0,1
2,0,0,0,2
1,0,0,0,1
2,0,0,0,2
2,0,0,0,2
1,0,0,0,1
1,0,1,0,2
1,0,0,0,1
1,0,0,0,1
2,0,0,0,2
4,0,0,0,4
6,3,0,0,9
1,0,0,0,1
1,0,0,0,1
5,0,0,0,5
1,0,0,0,1
1,0,0,0,1
2,0,0,0,2
1,0,0,0,1
1,0,0,0,1
7,0,0,0,7
1,0,0,0,1
2,0,0,0,2
1,0,0,0,1
1,0,0,0,1
1,0,0,0,1
6,0,0,0,6
2,0,0,0,2
1,0,0,0,1
4,0,0,0,4
4,0,0,0,4
1,0,0,0,1
1,0,0,0,1
1,0,0,0,1
1,0,0,0,1
1,0,0,0,1
2,0,0,0,2
1,0,0,0,1
5,0,0,0,5
1,0,0,0,1
6,0,0,0,6
1,0,0,0,1
1,0,0,0,1
1,0,0,0,1
1,0,0,0,1
1,0,0,0,1
1,0,0,0,1
1,0,0,0,1
1,0,0,0,1
2,0,1,0,3
1,0,0,0,1
1,0,0,0,1
2,0,0,0,2
3,0,0,0,3
2,0,0,0,2
1,2,0,0,3
2,0,0,0,2
1,0,0,0,1
3,0,0,0,3
2,0,0,0,2
1,0,0,0,1
1,0,0,0,1
1,0,0,0,1
1,0,0,0,1
1,0,0,0,1
4,0,0,0,4
2,0,0,0,2
1,0,0,0,1
1,0,0,0,1
1,0,0,0,1
1,0,0,0,1
1,0,0,0,1
1,0,0,0,1
1,0,0,0,1
1,0,0,0,1
3,0,0,0,3
1,0,0,0,1
2,0,0,0,2
4,0,0,0,4
1,0,0,0,1
3,0,0,0,3
3,0,0,0,3
7,0,0,0,7
1,0,0,0,1
1,0,3,0,4
1,0,0,0,1
2,0,0,0,2
1,0,0,0,1
1,0,0,0,1
1,0,0,0,1
1,0,0,0,1
2,0,0,0,2
4,0,0,0,4
1,0,0,0,1
1,0,0,0,1
2,6,0,0,8
4,0,0,0,4
2,0,0,0,2
1,0,0,0,1
1,0,0,0,1
1,0,0,0,1
1,0,0,0,1
1,0,0,0,1
5,0,0,0,5
1,0,0,0,1
2,1,0,0,3
1,0,0,0,1
2,0,0,0,2
2,0,0,0,2
3,0,0,0,3
1,0,0,0,1
1,0,0,0,1
1,0,0,0,1
3,0,0,0,3
6,0,0,0,6
1,0,0,0,1
1,0,0,0,1
2,0,0,0,2
1,0,0,0,1
2,0,0,0,2
2,3,0,0,5
2,0,0,0,2
1,0,0,0,1
1,0,0,0,1
2,5,1,0,8
1,0,0,0,1
1,0,0,0,1
2,0,0,0,2
3,0,0,0,3
1,0,0,0,1
4,0,0,0,4
1,0,0,0,1
3,0,0,0,3
1,0,0,0,1
2,0,0,0,2
1,0,0,0,1
1,0,0,0,1
1,0,0,0,1
2,0,0,0,2
2,0,0,0,2
6,2,0,0,8
2,0,0,0,2
2,0,0,0,2
1,0,0,0,1
3,0,0,0,3
1,0,0,0,1
1,0,0,0,1
1,0,0,0,1
1,6,0,0,7
1,0,0,0,1
2,0,0,0,2
1,0,0,0,1
4,2,0,0,6
1,0,0,0,1
2,0,0,0,2
1,0,0,0,1
1,0,0,0,1
1,0,0,0,1
1,0,0,0,1
1,0,0,0,1
1,0,0,0,1
2,0,0,0,2
4,0,0,0,4
5,0,0,0,5
1,0,0,0,1
1,0,0,0,1
1,0,0,0,1
1,0,0,0,1
1,0,0,0,1
1,0,0,0,1
2,0,0,0,2
1,0,0,0,1
3,0,0,0,3
1,0,0,0,1
4,1,0,0,5
1,0,0,0,1
1,0,0,0,1
1,0,0,0,1
1,0,0,0,1
2,0,0,0,2
11,0,0,0,11
1,0,0,0,1
3,0,0,0,3
4,0,0,0,4
2,0,0,0,2
3,26,0,0,29
2,0,0,0,2
1,0,0,0,1
1,0,0,0,1
2,0,0,0,2
1,0,0,0,1
1,0,0,0,1
1,0,0,0,1
5,0,0,0,5
3,0,0,0,3
2,0,0,0,2
1,0,0,0,1
1,0,0,0,1
1,0,0,0,1
5,0,0,0,5
2,0,0,0,2
5,0,0,0,5
1,0,0,0,1
1,0,0,0,1
1,0,0,0,1
1,0,0,0,1
1,0,0,0,1
7,0,0,0,7
1,0,0,0,1
2,0,0,0,2
1,0,0,0,1
7,3,0,0,10
2,0,0,0,2
1,0,0,0,1
1,0,0,0,1
3,2,0,0,5
1,0,0,0,1
1,0,0,0,1
1,0,0,0,1
7,0,0,0,7
1,0,0,0,1
1,0,0,0,1
1,0,0,0,1
1,0,0,0,1
2,0,0,0,2
1,0,0,0,1
1,0,0,0,1
2,0,0,0,2
1,0,0,0,1
1,0,0,0,1
1,0,0,0,1
1,0,0,0,1
1,0,0,0,1
1,0,0,0,1
1,0,0,0,1
1,0,0,0,1
2,0,0,0,2
1,0,0,0,1
2,0,0,0,2
1,0,0,0,1
1,0,0,0,1
1,3,2,0,6
1,0,0,0,1
1,0,0,0,1
4,14,0,0,18
1,0,0,0,1
2,0,0,0,2
1,0,0,0,1
6,0,0,0,6
1,0,0,0,1
1,0,0,0,1
1,0,0,0,1
1,0,0,0,1
1,0,0,0,1
8,2,1,0,11
1,0,0,0,1
1,0,0,0,1
1,0,0,0,1
1,0,0,0,1
1,1,0,0,2
2,2,0,0,4
1,0,0,0,1
1,0,0,0,1
2,0,0,0,2
1,0,0,0,1
1,0,0,0,1
5,0,0,0,5
1,0,0,0,1
1,0,0,0,1
1,0,0,0,1
1,0,0,0,1
1,0,0,0,1
1,0,0,0,1
2,0,0,0,2
1,0,0,0,1
1,0,0,0,1
1,0,0,0,1
1,0,0,0,1
1,0,0,0,1
1,0,0,0,1
5,0,0,0,5
1,0,0,0,1
1,0,0,0,1
1,0,0,0,1
1,0,0,0,1
3,1,0,0,4
3,0,0,0,3
8,0,0,0,8
1,0,0,0,1
5,0,0,0,5
1,0,0,0,1
1,0,0,0,1
1,0,0,0,1
1,0,0,0,1
1,0,0,0,1
2,0,0,0,2
6,0,0,0,6
1,0,0,0,1
1,0,0,0,1
2,2,0,0,4
1,0,0,0,1
1,0,0,0,1
1,0,0,0,1
8,1,0,0,9
1,0,0,0,1
1,0,0,0,1
1,0,0,0,1
1,0,0,0,1
1,0,0,0,1
2,0,0,0,2
1,0,0,0,1
1,0,0,0,1
1,0,0,0,1
1,0,0,0,1
2,0,0,0,2
1,0,0,0,1
1,0,0,0,1
31,3,2,0,36
1,0,0,0,1
1,0,0,0,1
1,0,0,0,1
1,0,0,0,1
1,0,0,0,1
1,0,0,0,1
1,0,0,0,1
1,0,0,0,1
2,0,0,0,2
2,0,0,0,2
1,0,0,0,1
4,0,0,0,4
2,0,0,0,2
1,0,0,0,1
1,0,0,0,1
1,0,0,0,1
1,0,0,0,1
1,0,0,0,1
1,0,0,0,1
1,0,0,0,1
1,0,0,0,1
1,0,0,0,1
2,0,0,0,2
1,0,0,0,1
1,0,0,0,1
1,0,0,0,1
1,0,0,0,1
2,0,0,0,2
2,0,0,0,2
1,0,0,0,1
1,0,0,0,1
3,0,0,0,3
5,82,0,0,87
7,3,0,0,10
1,0,0,0,1
1,0,0,0,1
2,0,0,0,2
3,0,0,0,3
1,0,0,0,1
3,0,0,0,3
1,0,0,0,1
1,0,0,0,1
1,2,0,0,3
4,0,0,0,4
1,0,0,0,1
2,1,0,0,3
1,0,0,0,1
4,0,0,0,4
1,0,0,0,1
1,0,0,0,1
1,0,0,0,1
1,0,0,0,1
1,0,0,0,1
1,0,0,0,1
4,0,0,0,4
4,0,0,0,4
1,0,0,0,1
1,0,0,0,1
1,0,0,0,1
1,0,0,0,1
1,0,0,0,1
2,0,0,0,2
1,0,0,0,1
1,0,0,0,1
1,0,0,0,1
2,0,0,0,2
1,0,0,0,1
1,0,0,0,1
1,0,0,0,1
2,0,0,0,2
2,0,0,0,2
1,0,0,0,1
2,0,0,0,2
1,0,0,0,1
1,0,0,0,1
1,0,0,0,1
1,0,0,0,1
1,0,0,0,1
1,0,0,0,1
4,0,0,0,4
1,0,0,0,1
1,0,0,0,1
1,0,0,0,1
1,0,0,0,1
1,0,0,0,1
8,0,0,0,8
1,0,0,0,1
1,0,0,0,1
1,0,0,0,1
1,0,0,0,1
1,0,0,0,1
1,0,0,0,1
7,0,0,0,7
3,0,0,0,3
1,0,0,0,1
1,0,0,0,1
2,0,0,0,2
1,0,0,0,1
1,0,0,0,1
1,0,0,0,1
1,0,0,0,1
2,0,0,0,2
5,0,0,0,5
1,0,0,0,1
1,0,0,0,1
1,0,0,0,1
2,0,0,0,2
1,0,0,0,1
1,0,0,0,1
1,0,0,0,1
1,0,0,0,1
1,0,0,0,1
1,0,0,0,1
1,0,0,0,1
1,0,0,0,1
1,0,0,0,1
2,0,0,0,2
1,0,0,0,1
1,0,0,0,1
1,0,0,0,1
1,0,0,0,1
2,0,0,0,2
1,0,0,0,1
1,0,0,0,1
1,0,0,0,1
1,0,0,0,1
1,0,0,0,1
1,0,0,0,1
3,0,0,0,3
1,0,0,0,1
1,0,0,0,1
2,0,0,0,2
2,0,0,0,2
1,0,0,0,1
1,0,0,0,1
1,0,0,0,1
1,0,0,0,1
1,0,0,0,1
11,0,0,0,11
1,0,0,0,1
1,0,0,0,1
1,0,0,0,1
1,0,0,0,1
4,0,0,0,4
1,0,0,0,1
1,0,0,0,1
3,0,0,0,3
1,0,0,0,1
1,0,0,0,1
1,0,0,0,1
1,0,0,0,1
1,0,0,0,1
2,0,0,0,2
2,0,0,0,2
2,0,0,0,2
1,0,0,0,1
1,0,0,0,1
5,0,0,0,5
1,0,0,0,1
1,0,0,0,1
12,0,0,0,12
1,0,0,0,1
1,0,0,0,1
10,8,0,0,18
1,0,0,0,1
1,0,0,0,1
1,0,0,0,1
3,5,0,0,8
2,0,0,0,2
1,0,0,0,1
1,0,0,0,1
1,0,0,0,1
1,0,0,0,1
1,0,0,0,1
4,0,0,0,4
1,0,0,0,1
1,0,0,0,1
2,0,0,0,2
1,0,0,0,1
1,0,0,0,1
1,0,0,0,1
1,0,0,0,1
2,0,0,0,2
3,2,0,0,5
1,0,0,0,1
1,0,0,0,1
1,0,0,0,1
2,0,0,0,2
1,0,0,0,1
6,0,0,0,6
1,0,0,0,1
1,0,0,0,1
1,0,0,0,1
3,2,0,0,5
3,21,3,0,27
5,0,0,0,5
1,0,0,0,1
1,0,0,0,1
1,0,0,0,1
2,0,0,0,2
2,2,0,0,4
1,0,0,0,1
1,0,0,0,1
1,0,0,0,1
2,0,0,0,2
5,0,0,0,5
2,0,0,0,2
1,0,0,0,1
3,0,0,0,3
1,0,0,0,1
2,0,0,0,2
1,0,0,0,1
2,0,0,0,2
2,0,0,0,2
2,0,0,0,2
2,0,0,0,2
1,0,0,0,1
2,0,0,0,2
1,0,0,0,1
1,0,0,0,1
1,0,0,0,1
1,0,0,0,1
1,0,0,0,1
1,0,0,0,1
1,0,0,0,1
1,0,0,0,1
1,0,0,0,1
1,0,0,0,1
1,0,0,0,1
9,0,0,0,9
1,0,0,0,1
1,0,0,0,1
1,0,0,0,1
1,0,0,0,1
1,0,0,0,1
5,2,0,0,7
1,0,0,0,1
7,0,0,0,7
1,0,0,0,1
1,0,0,0,1
1,0,0,0,1
2,0,0,0,2
2,0,0,0,2
1,0,0,0,1
1,0,0,0,1
1,0,0,0,1
1,6,0,0,7
5,6,0,0,11
1,0,0,0,1
1,0,0,0,1
1,0,0,0,1
3,18,5,0,26
1,0,0,0,1
1,0,0,0,1
1,0,0,0,1
3,4,0,0,7
1,0,0,0,1
2,0,0,0,2
1,0,0,0,1
1,0,0,0,1
1,0,0,0,1
1,0,0,0,1
1,0,0,0,1
2,0,0,0,2
1,0,0,0,1
1,0,0,0,1
6,0,0,0,6
1,0,0,0,1
1,0,0,0,1
2,0,0,0,2
3,0,0,0,3
1,0,0,0,1
1,0,0,0,1
2,4,0,0,6
1,0,0,0,1
2,0,0,0,2
4,3,0,0,7
1,0,0,0,1
1,0,0,0,1
1,0,0,0,1
1,0,0,0,1
2,0,0,0,2
1,0,0,0,1
1,1,4,0,6
4,0,0,0,4
1,0,0,0,1
5,0,0,0,5
1,0,0,0,1
4,0,0,0,4
1,0,0,0,1
2,0,0,0,2
1,0,0,0,1
1,0,0,0,1
1,0,0,0,1
7,1,0,0,8
1,0,0,0,1
1,0,0,0,1
1,0,0,0,1
1,0,0,0,1
2,0,0,0,2
5,0,0,0,5
1,0,0,0,1
3,0,0,0,3
1,0,0,0,1
3,0,0,0,3
3,0,0,0,3
1,0,0,0,1
1,0,0,0,1
1,0,0,0,1
1,0,0,0,1
1,0,0,0,1
1,0,0,0,1
1,0,0,0,1
2,1,0,0,3
1,0,0,0,1
2,0,0,0,2
1,0,0,0,1
1,0,0,0,1
1,0,0,0,1
4,0,0,0,4
10,7,0,0,17
2,0,0,0,2
10,0,0,0,10
1,0,0,0,1
2,0,0,0,2
1,0,0,0,1
1,0,0,0,1
2,0,0,0,2
1,0,0,0,1
2,1,0,0,3
1,0,0,0,1
2,0,0,0,2
5,0,0,0,5
2,0,0,0,2
1,0,0,0,1
1,0,0,0,1
2,0,0,0,2
1,0,0,0,1
1,0,0,0,1
1,0,0,0,1
5,0,0,0,5
1,0,0,0,1
1,0,0,0,1
1,1,0,0,2
3,0,0,0,3
1,0,0,0,1
1,0,0,0,1
5,0,0,0,5
1,0,0,0,1
1,0,0,0,1
1,0,0,0,1
1,0,0,0,1
1,2,1,0,4
1,0,0,0,1
1,0,0,0,1
1,0,0,0,1
1,0,0,0,1
1,0,0,0,1
2,0,0,0,2
1,0,0,0,1
1,0,0,0,1
1,0,0,0,1
1,0,0,0,1
1,0,0,0,1
1,0,0,0,1
1,0,0,0,1
1,0,0,0,1
1,8,0,0,9
1,0,0,0,1
2,0,0,0,2
1,0,0,0,1
1,0,0,0,1
1,0,0,0,1
4,0,0,0,4
1,0,0,0,1
1,0,0,0,1
1,0,0,0,1
1,0,0,0,1
1,0,0,0,1
1,0,0,0,1
1,0,0,0,1
6,0,0,0,6
1,0,0,0,1
1,0,0,0,1
2,0,0,0,2
2,0,0,0,2
4,22,0,0,26
2,0,0,0,2
4,0,0,0,4
2,0,0,0,2
1,0,0,0,1
1,0,0,0,1
1,3,1,0,5
1,0,0,0,1
1,0,0,0,1
2,0,0,0,2
1,0,0,0,1
1,0,0,0,1
1,0,0,0,1
1,0,0,0,1
1,0,0,0,1
2,0,0,0,2
3,0,0,0,3
1,0,0,0,1
1,0,0,0,1
1,0,0,0,1
1,0,0,0,1
1,0,0,0,1
4,0,0,0,4
1,0,0,0,1
4,0,0,0,4
1,0,0,0,1
1,0,0,0,1
1,0,0,0,1
1,0,0,0,1
1,0,0,0,1
3,0,0,0,3
1,0,0,0,1
1,0,0,0,1
1,1,0,0,2
1,0,0,0,1
1,0,0,0,1
2,0,0,0,2
4,0,0,0,4
7,0,0,0,7
1,0,0,0,1
1,0,0,0,1
1,0,0,0,1
1,0,0,0,1
3,0,0,0,3
4,0,0,0,4
4,0,0,0,4
1,0,0,0,1
1,0,0,0,1
1,0,0,0,1
1,0,0,0,1
4,0,0,0,4
1,0,0,0,1
10,0,0,0,10
1,0,0,0,1
2,0,0,0,2
8,0,0,0,8
1,0,0,0,1
1,0,0,0,1
1,0,0,0,1
1,0,0,0,1
2,0,0,0,2
1,0,0,0,1
1,0,0,0,1
1,0,0,0,1
1,0,0,0,1
1,0,0,0,1
1,0,0,0,1
2,0,0,0,2
1,0,0,0,1
2,3,0,0,5
3,0,0,0,3
1,0,0,0,1
1,0,0,0,1
1,0,0,0,1
2,0,0,0,2
1,0,0,0,1
1,0,0,0,1
1,0,0,0,1
4,0,0,0,4
1,0,0,0,1
2,0,0,0,2
3,0,0,0,3
1,0,0,0,1
2,0,0,0,2
2,0,0,0,2
3,0,0,0,3
1,0,0,0,1
1,0,0,0,1
2,0,0,0,2
2,0,0,0,2
1,0,0,0,1
8,33,1,0,42
1,0,0,0,1
2,0,0,0,2
1,0,0,0,1
4,0,0,0,4
1,0,0,0,1
1,0,0,0,1
1,0,0,0,1
1,0,0,0,1
1,0,0,0,1
1,0,0,0,1
3,0,0,0,3
1,0,0,0,1
6,0,0,0,6
1,0,0,0,1
10,0,0,0,10
4,0,0,0,4
1,0,0,0,1
1,0,0,0,1
1,0,0,0,1
9,0,0,0,9
1,0,0,0,1
3,0,0,0,3
1,0,0,0,1
1,0,0,0,1
1,0,0,0,1
1,0,0,0,1
2,0,0,0,2
2,0,0,0,2
2,0,0,0,2
5,1,0,0,6
1,0,0,0,1
1,0,0,0,1
5,0,0,0,5
1,0,0,0,1
1,0,0,0,1
1,0,0,0,1
1,0,0,0,1
2,0,0,0,2
1,0,0,0,1
2,0,0,0,2
2,0,0,0,2
1,0,0,0,1
1,0,0,0,1
4,0,0,0,4
1,0,0,0,1
1,0,0,0,1
2,0,0,0,2
2,0,0,0,2
1,0,0,0,1
6,6,0,0,12
1,0,0,0,1
1,0,0,0,1
1,0,0,0,1
1,0,0,0,1
2,0,0,0,2
4,0,0,0,4
1,0,0,0,1
1,27,0,0,28
2,0,0,0,2
1,0,0,0,1
1,0,0,0,1
1,0,0,0,1
2,0,0,0,2
1,0,0,0,1
1,0,0,0,1
4,1,1,0,6
1,0,0,0,1
4,1,3,0,8
1,0,0,0,1
2,0,0,0,2
7,0,0,0,7
1,0,0,0,1
1,0,0,0,1
1,0,0,0,1
2,0,0,0,2
1,0,0,0,1
1,0,0,0,1
1,0,0,0,1
1,0,0,0,1
2,0,0,0,2
1,0,0,0,1
2,0,0,0,2
1,0,0,0,1
1,0,0,0,1
1,0,0,0,1
1,0,0,0,1
1,0,0,0,1
1,0,0,0,1
1,0,0,0,1
2,0,0,0,2
1,0,0,0,1
2,0,0,0,2
9,0,0,0,9
1,0,0,0,1
2,0,0,0,2
1,0,0,0,1
1,0,0,0,1
1,0,0,0,1
1,0,0,0,1
1,0,0,0,1
1,0,0,0,1
1,0,0,0,1
1,0,0,0,1
2,0,0,0,2
1,0,0,0,1
1,0,0,0,1
1,0,0,0,1
6,2,0,0,8
2,0,0,0,2
1,0,0,0,1
2,0,0,0,2
1,0,0,0,1
1,0,0,0,1
1,0,0,0,1
1,0,0,0,1
1,0,0,0,1
7,19,0,0,26
1,0,0,0,1
1,0,0,0,1
1,0,0,0,1
1,0,0,0,1
1,0,0,0,1
2,0,0,0,2
1,0,0,0,1
1,0,0,0,1
2,0,0,0,2
1,0,0,0,1
1,4,0,0,5
1,0,0,0,1
1,0,0,0,1
1,4,0,0,5
1,0,0,0,1
2,0,0,0,2
1,0,0,0,1
1,0,0,0,1
1,0,0,0,1
1,0,0,0,1
1,9,1,0,11
1,0,0,0,1
1,0,0,0,1
1,0,0,0,1
4,0,0,0,4
4,0,0,0,4
6,0,0,0,6
1,0,0,0,1
2,0,0,0,2
1,0,0,0,1
5,0,0,0,5
1,0,0,0,1
2,0,0,0,2
1,0,0,0,1
1,0,0,0,1
1,0,0,0,1
2,0,0,0,2
1,0,0,0,1
1,0,0,0,1
2,0,0,0,2
1,3,0,0,4
1,0,0,0,1
2,0,0,0,2
1,0,0,0,1
1,0,0,0,1
1,0,0,0,1
1,0,0,0,1
1,0,0,0,1
1,0,0,0,1
1,0,0,0,1
1,3,0,0,4
1,0,0,0,1
1,0,0,0,1
1,1,0,0,2
1,0,0,0,1
1,0,0,0,1
1,0,0,0,1
1,0,0,0,1
1,0,0,0,1
1,0,0,0,1
5,0,0,0,5
1,0,0,0,1
2,0,0,0,2
1,0,0,0,1
1,0,0,0,1
1,0,0,0,1
1,0,0,0,1
2,0,0,0,2
1,0,0,0,1
1,0,0,0,1
6,0,0,0,6
2,0,0,0,2
1,0,0,0,1
1,0,0,0,1
1,0,0,0,1
3,0,0,0,3
1,0,0,0,1
1,0,0,0,1
1,0,0,0,1
1,0,0,0,1
4,0,0,0,4
2,1,4,0,7
2,0,0,0,2
1,0,0,0,1
3,0,0,0,3
2,0,0,0,2
1,0,0,0,1
1,0,0,0,1
1,0,0,0,1
1,0,0,0,1
1,0,0,0,1
2,6,0,0,8
1,0,0,0,1
1,0,0,0,1
3,0,0,0,3
1,0,0,0,1
1,0,0,0,1
1,0,0,0,1
1,0,0,0,1
5,0,0,0,5
1,0,0,0,1
1,0,0,0,1
1,0,0,0,1
2,0,0,0,2
1,0,0,0,1
2,0,0,0,2
1,0,0,0,1
1,0,0,0,1
4,0,0,0,4
1,0,0,0,1
1,0,0,0,1
1,0,0,0,1
1,0,0,0,1
1,0,0,0,1
1,0,0,0,1
1,0,0,0,1
1,2,0,0,3
1,0,0,0,1
1,0,0,0,1
1,0,0,0,1
1,0,0,0,1
1,0,0,0,1
1,0,0,0,1
2,0,0,0,2
1,0,0,0,1
1,0,0,0,1
1,0,0,0,1
1,0,0,0,1
2,0,0,0,2
1,0,0,0,1
1,0,0,0,1
1,0,0,0,1
2,0,0,0,2
10,0,0,0,10
1,0,0,0,1
2,0,0,0,2
1,0,0,0,1
2,0,0,0,2
1,0,0,0,1
1,0,0,0,1
6,0,0,0,6
8,0,0,0,8
1,0,0,0,1
2,0,0,0,2
1,0,0,0,1
2,0,0,0,2
2,0,0,0,2
6,0,0,0,6
1,0,0,0,1
1,0,0,0,1
1,0,0,0,1
1,0,0,0,1
1,0,0,0,1
1,0,0,0,1
2,0,0,0,2
7,0,0,0,7
1,0,0,0,1
1,0,0,0,1
2,0,0,0,2
1,0,0,0,1
1,0,0,0,1
1,0,0,0,1
1,0,0,0,1
1,0,0,0,1
2,0,0,0,2
3,0,0,0,3
5,0,0,0,5
1,0,0,0,1
1,0,0,0,1
1,0,0,0,1
3,0,0,0,3
1,0,0,0,1
3,0,0,0,3
1,0,0,0,1
1,0,0,0,1
1,0,0,0,1
1,0,0,0,1
1,0,0,0,1
1,0,0,0,1
2,0,0,0,2
1,0,0,0,1
2,0,0,0,2
1,0,0,0,1
1,0,0,0,1
1,0,0,0,1
1,0,0,0,1
2,0,0,0,2
1,0,0,0,1
3,0,0,0,3
2,2,0,0,4
1,0,0,0,1
1,0,0,0,1
1,0,0,0,1
1,0,0,0,1
1,0,0,0,1
1,0,0,0,1
1,0,0,0,1
1,0,0,0,1
1,0,0,0,1
1,0,0,0,1
1,0,0,0,1
1,0,0,0,1
1,0,0,0,1
1,0,0,0,1
1,0,0,0,1
1,0,0,0,1
1,0,0,0,1
1,0,0,0,1
2,0,0,0,2
6,0,0,0,6
3,0,0,0,3
1,0,0,0,1
5,0,0,0,5
1,0,0,0,1
1,0,0,0,1
1,0,0,0,1
1,0,0,0,1
1,0,0,0,1
2,0,0,0,2
2,0,0,0,2
1,0,0,0,1
4,0,0,0,4
1,0,0,0,1
1,0,0,0,1
1,0,0,0,1
1,2,0,0,3
2,0,0,0,2
1,0,0,0,1
1,0,0,0,1
2,0,0,0,2
2,0,0,0,2
2,0,0,0,2
1,0,0,0,1
1,0,0,0,1
1,0,0,0,1
1,0,0,0,1
2,0,0,0,2
1,0,0,0,1
1,0,0,0,1
1,0,0,0,1
3,0,0,0,3
1,0,0,0,1
1,0,0,0,1
3,0,0,0,3
1,0,0,0,1
1,0,0,0,1
2,0,0,0,2
2,0,0,0,2
4,8,0,0,12
1,0,0,0,1
1,0,0,0,1
1,0,0,0,1
2,0,1,0,3
1,0,0,0,1
5,24,0,0,29
2,0,0,0,2
1,0,0,0,1
3,0,0,0,3
2,0,0,0,2
1,0,0,0,1
6,0,0,0,6
2,0,0,0,2
4,0,0,0,4
1,0,0,0,1
1,0,0,0,1
1,0,0,0,1
1,0,0,0,1
1,0,0,0,1
1,0,0,0,1
1,0,0,0,1
1,0,0,0,1
1,0,0,0,1
1,0,0,0,1
1,0,0,0,1
1,0,0,0,1
3,0,0,0,3
3,0,0,0,3
2,0,0,0,2
4,0,0,0,4
1,0,0,0,1
1,0,0,0,1
3,45,0,0,48
1,0,0,0,1
1,0,0,0,1
1,0,0,0,1
1,0,0,0,1
1,0,0,0,1
1,0,0,0,1
1,0,0,0,1
1,0,0,0,1
2,0,0,0,2
1,0,0,0,1
1,0,0,0,1
1,0,0,0,1
1,0,0,0,1
11,8,0,0,19
1,0,0,0,1
2,0,0,0,2
1,0,0,0,1
2,0,0,0,2
4,1,2,0,7
1,0,0,0,1
1,0,0,0,1
4,0,0,0,4
1,0,0,0,1
1,0,0,0,1
1,0,0,0,1
3,0,0,0,3
3,0,0,0,3
8,0,0,0,8
1,0,0,0,1
3,0,0,0,3
1,0,0,0,1
1,0,0,0,1
10,1,0,0,11
2,0,0,0,2
1,0,0,0,1
4,0,0,0,4
1,0,0,0,1
4,0,0,0,4
1,0,0,0,1
1,0,0,0,1
1,0,0,0,1
1,0,0,0,1
1,0,0,0,1
3,0,0,0,3
1,0,0,0,1
2,0,0,0,2
2,0,0,0,2
1,0,0,0,1
1,0,0,0,1
1,0,0,0,1
5,0,0,0,5
1,0,0,0,1
2,14,0,0,16
1,0,0,0,1
2,0,0,0,2
1,0,0,0,1
6,0,0,0,6
16,1,0,0,17
1,0,0,0,1
1,0,0,0,1
1,0,0,0,1
3,8,1,0,12
1,0,0,0,1
1,0,0,0,1
1,0,0,0,1
1,0,0,0,1
1,0,0,0,1
1,0,0,0,1
1,2,0,0,3
1,0,0,0,1
3,0,0,0,3
1,0,0,0,1
9,0,0,0,9
1,0,0,0,1
1,0,0,0,1
1,0,0,0,1
1,0,0,0,1
1,0,0,0,1
1,0,0,0,1
6,23,0,0,29
1,13,0,0,14
1,0,0,0,1
1,0,0,0,1
2,0,0,0,2
1,0,0,0,1
1,0,0,0,1
1,0,0,0,1
3,0,0,0,3
1,0,0,0,1
1,0,0,0,1
1,0,0,0,1
1,0,0,0,1
1,0,0,0,1
1,0,0,0,1
1,0,0,0,1
1,0,0,0,1
1,0,0,0,1
1,0,0,0,1
1,0,0,0,1
1,0,0,0,1
1,0,0,0,1
1,0,0,0,1
3,1,0,0,4
2,0,0,0,2
2,0,0,0,2
3,0,0,0,3
1,0,0,0,1
1,0,0,0,1
1,0,0,0,1
4,4,0,0,8
1,4,0,0,5
1,0,0,0,1
4,1,0,0,5
3,0,0,0,3
1,0,0,0,1
2,0,0,0,2
1,0,0,0,1
1,0,0,0,1
1,0,0,0,1
1,0,0,0,1
2,0,0,0,2
1,0,0,0,1
1,0,0,0,1
2,3,0,0,5
3,0,0,0,3
2,0,0,0,2
1,0,0,0,1
1,0,0,0,1
3,1,0,0,4
1,0,0,0,1
1,0,0,0,1
1,0,0,0,1
1,0,0,0,1
1,0,0,0,1
4,0,0,0,4
1,0,0,0,1
4,0,0,0,4
3,0,0,0,3
1,0,0,0,1
2,0,0,0,2
1,0,0,0,1
5,3,1,0,9
4,0,0,0,4
2,0,0,0,2
2,0,0,0,2
1,0,0,0,1
1,0,0,0,1
2,0,0,0,2
5,0,0,0,5
1,0,0,0,1
1,0,0,0,1
1,0,0,0,1
3,0,0,0,3
1,0,0,0,1
1,0,0,0,1
2,0,0,0,2
2,0,0,0,2
1,0,0,0,1
2,0,0,0,2
1,0,0,0,1
2,0,0,0,2
2,0,0,0,2
1,0,0,0,1
1,0,0,0,1
1,0,0,0,1
1,0,0,0,1
2,1,0,0,3
2,0,0,0,2
2,0,0,0,2
2,0,0,0,2
3,0,0,0,3
8,0,0,0,8
1,0,0,0,1
1,0,0,0,1
1,0,0,0,1
1,0,0,0,1
1,0,0,0,1
3,0,0,0,3
2,0,0,0,2
1,0,0,0,1
2,0,0,0,2
1,0,0,0,1
1,0,0,0,1
2,0,0,0,2
1,0,0,0,1
1,0,0,0,1
1,0,0,0,1
3,0,0,0,3
1,1,0,0,2
1,0,0,0,1
6,0,0,0,6
1,0,0,0,1
1,0,0,0,1
2,0,0,0,2
2,0,0,0,2
1,0,0,0,1
2,0,0,0,2
1,0,0,0,1
1,0,0,0,1
1,0,0,0,1
1,0,0,0,1
1,0,0,0,1
1,0,0,0,1
1,0,0,0,1
6,0,0,0,6
9,0,0,0,9
1,0,0,0,1
2,0,0,0,2
2,0,0,0,2
1,0,0,0,1
1,0,0,0,1
1,0,0,0,1
1,0,0,0,1
8,601,3,0,612
3,0,0,0,3
2,0,0,0,2
1,0,0,0,1
1,0,0,0,1
3,0,0,0,3
3,0,0,0,3
1,0,0,0,1
1,0,0,0,1
1,0,0,0,1
4,0,0,0,4
1,0,0,0,1
2,0,0,0,2
1,0,0,0,1
1,0,0,0,1
1,0,0,0,1
2,0,0,0,2
1,0,0,0,1
2,0,0,0,2
1,0,0,0,1
4,0,0,0,4
1,0,0,0,1
1,0,0,0,1
1,0,0,0,1
1,0,0,0,1
2,0,0,0,2
6,2,1,0,9
1,0,0,0,1
2,0,0,0,2
1,0,0,0,1
2,0,0,0,2
4,0,0,0,4
1,0,0,0,1
3,0,0,0,3
3,0,0,0,3
1,0,0,0,1
1,0,0,0,1
6,22,0,0,28
1,0,0,0,1
3,1,0,0,4
1,0,0,0,1
2,0,0,0,2
2,0,0,0,2
1,0,0,0,1
1,0,0,0,1
2,0,0,0,2
4,0,0,0,4
1,0,0,0,1
3,0,0,0,3
1,0,0,0,1
1,0,0,0,1
1,0,0,0,1
1,0,0,0,1
1,0,0,0,1
2,0,0,0,2
5,0,0,0,5
4,7,0,0,11
7,0,0,0,7
4,0,0,0,4
1,0,0,0,1
1,0,0,0,1
2,0,0,0,2
1,0,0,0,1
1,0,0,0,1
1,0,0,0,1
1,0,0,0,1
1,0,0,0,1
2,0,0,0,2
6,0,0,0,6
1,0,0,0,1
1,0,0,0,1
1,0,0,0,1
3,0,0,0,3
5,0,0,0,5
3,0,0,0,3
1,0,0,0,1
1,0,0,0,1
1,0,0,0,1
1,0,0,0,1
2,0,0,0,2
1,0,0,0,1
1,0,0,0,1
6,1,0,0,7
2,0,0,0,2
1,0,0,0,1
3,0,0,0,3
1,0,0,0,1
1,0,0,0,1
3,0,0,0,3
2,0,0,0,2
3,0,0,0,3
1,0,0,0,1
1,0,0,0,1
1,0,0,0,1
1,0,0,0,1
1,0,0,0,1
2,0,0,0,2
1,0,0,0,1
2,0,0,0,2
1,0,0,0,1
1,0,0,0,1
5,0,0,0,5
2,0,0,0,2
1,0,0,0,1
1,0,0,0,1
1,0,0,0,1
1,0,0,0,1
1,0,0,0,1
1,0,0,0,1
2,0,0,0,2
2,0,0,0,2
1,0,0,0,1
1,0,0,0,1
2,0,0,0,2
2,0,0,0,2
1,0,0,0,1
1,0,0,0,1
2,3,0,0,5
1,0,0,0,1
1,0,0,0,1
5,2,0,0,7
2,0,0,0,2
1,0,0,0,1
1,3,2,0,6
1,0,0,0,1
1,0,0,0,1
2,0,0,0,2
1,0,0,0,1
1,0,0,0,1
1,0,0,0,1
1,0,0,0,1
1,0,0,0,1
1,0,0,0,1
2,0,0,0,2
3,0,0,0,3
1,0,0,0,1
3,0,0,0,3
1,0,0,0,1
1,0,0,0,1
4,1,0,0,5
1,0,0,0,1
1,0,0,0,1
1,0,0,0,1
1,0,0,0,1
1,0,0,0,1
1,0,0,0,1
2,0,0,0,2
1,0,0,0,1
1,0,0,0,1
1,0,0,0,1
1,0,0,0,1
3,0,0,0,3
1,0,0,0,1
1,0,0,0,1
1,0,0,0,1
3,0,0,0,3
1,0,0,0,1
1,0,0,0,1
1,0,0,0,1
1,0,0,0,1
1,0,0,0,1
1,0,0,0,1
2,0,0,0,2
1,0,0,0,1
1,0,0,0,1
1,0,0,0,1
1,0,0,0,1
1,0,0,0,1
1,0,0,0,1
1,0,0,0,1
5,0,0,0,5
1,0,0,0,1
1,0,0,0,1
1,0,0,0,1
1,0,0,0,1
1,0,0,0,1
1,0,0,0,1
1,0,0,0,1
1,0,0,0,1
1,0,0,0,1
1,0,0,0,1
1,0,0,0,1
2,0,0,0,2
4,0,0,0,4
1,0,0,0,1
1,0,0,0,1
2,0,0,0,2
1,0,0,0,1
2,0,0,0,2
2,2,0,0,4
1,0,0,0,1
1,0,0,0,1
1,0,0,0,1
5,0,0,0,5
1,0,0,0,1
1,0,0,0,1
1,0,0,0,1
1,0,0,0,1
1,0,0,0,1
1,0,0,0,1
1,0,0,0,1
1,0,0,0,1
1,0,0,0,1
1,0,0,0,1
1,0,0,0,1
1,0,0,0,1
1,0,0,0,1
1,0,0,0,1
1,1,0,0,2
1,0,0,0,1
1,0,0,0,1
1,0,0,0,1
1,0,0,0,1
2,0,0,0,2
1,0,0,0,1
1,0,0,0,1
2,0,0,0,2
2,0,0,0,2
1,0,0,0,1
7,0,0,0,7
1,0,0,0,1
2,0,0,0,2
1,0,0,0,1
2,0,0,0,2
1,0,0,0,1
1,0,0,0,1
2,0,0,0,2
1,0,0,0,1
6,0,0,0,6
1,0,0,0,1
1,0,0,0,1
3,0,0,0,3
1,0,0,0,1
1,0,0,0,1
1,0,0,0,1
4,64,0,0,68
1,0,0,0,1
8,3,0,0,11
1,0,0,0,1
1,0,0,0,1
1,0,0,0,1
1,0,0,0,1
1,0,0,0,1
2,0,0,0,2
1,0,0,0,1
1,0,0,0,1
1,3,0,0,4
1,0,0,0,1
1,5,0,0,6
1,0,0,0,1
1,0,0,0,1
7,0,0,0,7
2,7,0,0,9
1,0,0,0,1
7,0,0,0,7
1,0,0,0,1
1,0,0,0,1
1,0,0,0,1
1,0,0,0,1
1,0,0,0,1
1,0,0,0,1
1,12,0,0,13
2,0,0,0,2
1,0,0,0,1
8,4,0,0,12
2,0,0,0,2
1,0,0,0,1
1,0,0,0,1
1,0,0,0,1
1,0,0,0,1
1,0,0,0,1
5,0,0,0,5
1,0,0,0,1
3,0,0,0,3
3,0,0,0,3
1,0,0,0,1
2,0,0,0,2
1,0,0,0,1
5,0,0,0,5
1,0,0,0,1
1,0,0,0,1
2,0,0,0,2
1,0,0,0,1
1,0,0,0,1
3,0,0,0,3
2,0,0,0,2
1,0,0,0,1
1,0,0,0,1
1,0,0,0,1
1,0,0,0,1
4,6,0,0,10
3,0,0,0,3
1,0,0,0,1
1,0,0,0,1
1,0,0,0,1
1,0,0,0,1
1,0,0,0,1
3,0,0,0,3
1,0,0,0,1
1,0,0,0,1
1,0,0,0,1
1,0,0,0,1
3,0,0,0,3
1,0,0,0,1
1,0,0,0,1
1,0,0,0,1
1,0,0,0,1
1,0,0,0,1
1,0,0,0,1
3,0,0,0,3
1,0,0,0,1
1,0,0,0,1
1,0,0,0,1
3,0,0,0,3
1,0,0,0,1
1,0,0,0,1
1,0,0,0,1
3,0,0,0,3
1,0,0,0,1
1,0,0,0,1
2,0,0,0,2
6,1,0,0,7
1,0,0,0,1
2,0,0,0,2
1,0,0,0,1
1,0,0,0,1
1,0,0,0,1
2,0,0,0,2
1,0,0,0,1
1,0,0,0,1
1,0,0,0,1
1,0,0,0,1
1,0,0,0,1
1,0,0,0,1
2,0,0,0,2
1,0,0,0,1
1,0,0,0,1
1,0,0,0,1
2,0,0,0,2
1,0,0,0,1
1,0,0,0,1
1,0,0,0,1
1,0,0,0,1
2,0,0,0,2
2,0,0,0,2
1,0,0,0,1
1,0,0,0,1
1,0,0,0,1
8,0,0,0,8
1,0,0,0,1
2,0,0,0,2
2,0,0,0,2
13,0,0,0,13
1,0,0,0,1
5,0,0,0,5
5,0,0,0,5
3,0,0,0,3
1,0,0,0,1
2,0,0,0,2
2,0,0,0,2
1,0,0,0,1
3,0,0,0,3
1,0,0,0,1
1,0,0,0,1
1,2,0,0,3
1,0,0,0,1
2,0,0,0,2
1,0,0,0,1
1,0,0,0,1
1,0,0,0,1
1,0,0,0,1
4,0,0,0,4
1,0,0,0,1
1,0,0,0,1
2,0,0,0,2
1,0,0,0,1
1,0,0,0,1
1,0,0,0,1
1,0,0,0,1
1,0,0,0,1
1,0,0,0,1
1,0,0,0,1
1,0,0,0,1
1,0,0,0,1
2,0,0,0,2
2,0,0,0,2
1,0,0,0,1
4,0,0,0,4
1,0,0,0,1
5,0,0,0,5
1,0,0,0,1
2,0,0,0,2
1,0,0,0,1
1,0,0,0,1
1,0,0,0,1
1,0,0,0,1
1,0,0,0,1
1,0,0,0,1
1,0,0,0,1
1,0,0,0,1
1,0,0,0,1
1,0,0,0,1
1,0,0,0,1
1,1,1,0,3
1,0,0,0,1
1,0,0,0,1
1,0,0,0,1
1,0,0,0,1
1,0,0,0,1
1,0,0,0,1
1,0,0,0,1
2,0,0,0,2
2,0,0,0,2
1,0,0,0,1
2,3,0,0,5
6,1,1,0,8
3,0,0,0,3
2,0,0,0,2
1,0,0,0,1
1,0,0,0,1
4,0,0,0,4
1,0,0,0,1
2,0,0,0,2
1,0,0,0,1
5,1,1,0,7
1,2,0,0,3
1,0,0,0,1
2,0,0,0,2
1,0,0,0,1
1,0,0,0,1
1,0,0,0,1
2,0,0,0,2
3,0,0,0,3
4,11,0,0,15
1,0,0,0,1
1,0,0,0,1
5,0,0,0,5
1,26,0,0,27
1,0,0,0,1
13,2,0,0,15
1,0,0,0,1
1,0,0,0,1
2,0,0,0,2
3,0,0,0,3
1,0,0,0,1
6,0,0,0,6
1,0,0,0,1
7,0,0,0,7
1,0,0,0,1
1,0,0,0,1
1,0,0,0,1
2,12,1,0,15
1,0,1,0,2
1,0,0,0,1
1,0,0,0,1
1,0,0,0,1
1,0,0,0,1
1,0,0,0,1
1,0,0,0,1
1,0,0,0,1
6,0,0,0,6
1,0,0,0,1
1,0,0,0,1
1,5,0,0,6
1,0,0,0,1
1,0,0,0,1
1,0,0,0,1
2,0,0,0,2
1,0,0,0,1
1,0,0,0,1
1,0,0,0,1
2,0,0,0,2
1,0,0,0,1
1,0,0,0,1
2,0,0,0,2
1,0,0,0,1
1,0,0,0,1
1,0,0,0,1
1,0,0,0,1
1,0,0,0,1
4,0,0,0,4
1,0,0,0,1
1,0,0,0,1
1,0,0,0,1
1,0,0,0,1
1,0,0,0,1
1,0,0,0,1
1,0,0,0,1
1,0,0,0,1
1,0,0,0,1
3,0,0,0,3
1,0,0,0,1
1,0,0,0,1
1,0,0,0,1
1,0,0,0,1
1,0,0,0,1
1,0,0,0,1
1,0,0,0,1
1,0,0,0,1
1,0,0,0,1
2,0,0,0,2
3,0,0,0,3
1,0,0,0,1
1,0,0,0,1
3,0,0,0,3
1,0,0,0,1
1,0,0,0,1
1,0,0,0,1
1,0,0,0,1
1,0,0,0,1
1,0,0,0,1
1,0,0,0,1
2,0,0,0,2
1,0,0,0,1
1,0,0,0,1
1,0,0,0,1
1,0,0,0,1
3,0,0,0,3
2,0,0,0,2
3,0,0,0,3
2,0,0,0,2
4,0,0,0,4
2,1,0,0,3
1,0,0,0,1
1,0,0,0,1
1,0,0,0,1
1,0,0,0,1
3,0,0,0,3
1,0,0,0,1
5,0,1,0,6
3,0,0,0,3
4,0,0,0,4
2,0,0,0,2
1,0,0,0,1
2,0,0,0,2
1,0,0,0,1
1,0,0,0,1
2,0,0,0,2
3,1,0,0,4
1,0,0,0,1
2,0,0,0,2
1,0,0,0,1
1,0,0,0,1
1,0,0,0,1
1,0,0,0,1
1,0,0,0,1
1,0,0,0,1
4,0,1,0,5
1,0,0,0,1
2,0,0,0,2
1,0,0,0,1
1,0,0,0,1
2,0,0,0,2
5,2,0,0,7
1,0,0,0,1
1,0,0,0,1
1,0,0,0,1
1,0,0,0,1
1,0,0,0,1
2,0,0,0,2
2,0,0,0,2
3,0,0,0,3
1,0,0,0,1
1,0,0,0,1
1,0,0,0,1
1,0,0,0,1
1,0,0,0,1
1,0,0,0,1
3,0,0,0,3
1,0,0,0,1
1,0,0,0,1
1,0,0,0,1
2,0,0,0,2
1,0,0,0,1
1,0,0,0,1
1,0,0,0,1
2,0,0,0,2
1,0,0,0,1
1,0,0,0,1
1,0,0,0,1
3,0,0,0,3
2,0,0,0,2
1,0,0,0,1
1,0,0,0,1
1,0,0,0,1
1,0,0,0,1
3,0,0,0,3
1,0,0,0,1
1,0,0,0,1
1,0,0,0,1
3,0,0,0,3
1,0,0,0,1
2,0,0,0,2
1,1,0,0,2
1,0,0,0,1
6,0,0,0,6
1,0,0,0,1
1,0,0,0,1
1,0,0,0,1
4,2,1,0,7
1,0,0,0,1
4,0,0,0,4
2,0,0,0,2
1,0,0,0,1
1,0,0,0,1
3,0,0,0,3
1,0,0,0,1
1,0,0,0,1
6,0,0,0,6
1,0,0,0,1
2,0,0,0,2
3,0,0,0,3
2,0,0,0,2
1,0,0,0,1
4,0,0,0,4
3,0,0,0,3
1,0,0,0,1
1,0,0,0,1
4,0,0,0,4
2,2,0,0,4
2,0,0,0,2
1,0,0,0,1
1,0,0,0,1
3,0,0,0,3
1,0,0,0,1
1,0,0,0,1
2,0,0,0,2
1,0,0,0,1
1,0,0,0,1
1,0,0,0,1
1,0,0,0,1
4,0,0,0,4
2,0,0,0,2
2,0,0,0,2
1,0,0,0,1
1,0,0,0,1
1,0,0,0,1
1,0,0,0,1
1,0,0,0,1
1,0,0,0,1
1,0,0,0,1
1,0,0,0,1
1,0,0,0,1
2,0,0,0,2
1,0,0,0,1
1,0,0,0,1
1,0,0,0,1
2,0,0,0,2
1,1,0,0,2
1,0,0,0,1
4,4,0,0,8
2,0,0,0,2
1,0,0,0,1
1,0,0,0,1
1,0,0,0,1
7,1,0,0,8
1,0,0,0,1
2,0,0,0,2
1,0,0,0,1
1,0,0,0,1
1,0,0,0,1
3,0,0,0,3
1,0,0,0,1
2,0,0,0,2
4,0,0,0,4
1,0,0,0,1
3,0,0,0,3
1,0,0,0,1
1,0,0,0,1
1,0,0,0,1
1,0,0,0,1
1,0,0,0,1
1,0,0,0,1
1,0,0,0,1
1,0,0,0,1
9,0,0,0,9
1,0,0,0,1
1,0,0,0,1
1,0,0,0,1
1,0,0,0,1
6,0,0,0,6
1,0,0,0,1
2,0,0,0,2
1,0,0,0,1
1,0,0,0,1
6,0,0,0,6
2,0,0,0,2
1,0,0,0,1
6,0,0,0,6
4,0,0,0,4
1,0,0,0,1
4,0,0,0,4
1,0,0,0,1
1,0,0,0,1
1,0,0,0,1
1,0,0,0,1
1,0,0,0,1
1,0,0,0,1
1,0,0,0,1
1,0,0,0,1
1,0,0,0,1
2,0,0,0,2
2,0,0,0,2
1,0,0,0,1
1,0,0,0,1
1,0,0,0,1
1,0,0,0,1
1,0,0,0,1
15,0,0,0,15
2,3,2,0,7
1,1,0,0,2
3,11,0,0,14
1,0,0,0,1
1,0,0,0,1
1,0,0,0,1
2,0,0,0,2
1,0,0,0,1
1,0,0,0,1
1,0,0,0,1
1,0,0,0,1
5,0,0,0,5
3,0,0,0,3
1,0,0,0,1
1,0,0,0,1
1,0,0,0,1
1,0,0,0,1
1,0,0,0,1
10,0,0,0,10
1,0,0,0,1
1,0,0,0,1
1,0,0,0,1
1,0,0,0,1
1,0,0,0,1
2,0,0,0,2
2,0,0,0,2
1,0,0,0,1
5,0,0,0,5
1,0,0,0,1
3,0,0,0,3
2,0,0,0,2
2,1,0,0,3
1,0,0,0,1
1,0,0,0,1
1,0,0,0,1
2,0,0,0,2
1,0,0,0,1
1,0,0,0,1
2,0,0,0,2
1,0,0,0,1
1,0,0,0,1
1,0,0,0,1
1,0,0,0,1
2,0,0,0,2
1,0,0,0,1
1,0,0,0,1
1,0,0,0,1
1,0,0,0,1
1,0,0,0,1
1,0,0,0,1
1,0,0,0,1
1,0,0,0,1
1,0,0,0,1
1,0,0,0,1
3,1,0,0,4
1,0,0,0,1
1,0,0,0,1
1,0,0,0,1
1,0,0,0,1
2,0,0,0,2
1,0,0,0,1
2,0,0,0,2
1,0,0,0,1
1,0,0,0,1
1,0,0,0,1
9,0,0,0,9
1,0,0,0,1
1,0,0,0,1
1,0,0,0,1
2,0,0,0,2
1,0,0,0,1
1,0,0,0,1
1,0,0,0,1
1,0,0,0,1
1,0,0,0,1
1,0,0,0,1
3,0,0,0,3
1,0,0,0,1
5,3,2,0,10
1,0,0,0,1
1,0,0,0,1
1,0,0,0,1
1,0,0,0,1
1,0,0,0,1
1,0,0,0,1
3,2,0,0,5
1,0,0,0,1
1,0,0,0,1
1,0,0,0,1
1,0,0,0,1
1,0,0,0,1
2,0,0,0,2
1,0,0,0,1
5,0,0,0,5
1,0,0,0,1
2,0,0,0,2
1,0,0,0,1
1,0,0,0,1
1,0,0,0,1
2,0,0,0,2
1,0,0,0,1
1,0,0,0,1
2,0,0,0,2
1,0,0,0,1
2,0,0,0,2
2,0,0,0,2
2,0,0,0,2
1,0,0,0,1
8,0,0,0,8
6,17,0,0,23
1,0,0,0,1
1,0,0,0,1
1,0,0,0,1
2,3,0,0,5
1,0,0,0,1
1,0,0,0,1
3,0,0,0,3
1,0,0,0,1
1,0,0,0,1
4,0,0,0,4
1,0,0,0,1
3,0,0,0,3
1,0,0,0,1
3,0,0,0,3
1,0,0,0,1
1,0,0,0,1
1,0,0,0,1
1,0,0,0,1
7,0,0,0,7
1,0,0,0,1
7,0,0,0,7
1,0,0,0,1
2,0,0,0,2
1,0,0,0,1
1,0,0,0,1
5,0,0,0,5
3,0,0,0,3
1,0,0,0,1
1,0,0,0,1
1,0,0,0,1
7,7,2,0,16
1,0,0,0,1
2,0,0,0,2
1,0,0,0,1
2,0,0,0,2
1,0,0,0,1
1,0,0,0,1
1,0,0,0,1
1,0,0,0,1
2,0,0,0,2
1,0,0,0,1
1,0,0,0,1
3,0,0,0,3
2,0,0,0,2
2,0,0,0,2
1,0,0,0,1
2,0,0,0,2
1,0,0,0,1
2,0,0,0,2
3,0,0,0,3
1,0,0,0,1
1,0,0,0,1
2,0,0,0,2
4,0,0,0,4
1,0,0,0,1
1,0,0,0,1
2,0,0,0,2
1,0,0,0,1
1,0,0,0,1
1,0,0,0,1
2,0,0,0,2
1,0,0,0,1
2,0,0,0,2
1,0,0,0,1
2,0,0,0,2
1,0,0,0,1
1,0,0,0,1
1,0,0,0,1
2,0,0,0,2
1,0,0,0,1
1,0,0,0,1
1,0,0,0,1
1,0,0,0,1
1,0,0,0,1
1,0,0,0,1
1,0,0,0,1
2,0,0,0,2
1,0,0,0,1
1,0,0,0,1
4,0,0,0,4
2,0,0,0,2
2,0,0,0,2
4,0,0,0,4
4,0,0,0,4
1,0,0,0,1
1,0,0,0,1
1,0,0,0,1
2,13,1,0,16
2,0,0,0,2
2,0,0,0,2
1,0,0,0,1
2,0,0,0,2
1,0,0,0,1
1,0,0,0,1
1,0,0,0,1
1,0,0,0,1
1,0,0,0,1
2,0,0,0,2
1,0,0,0,1
1,0,0,0,1
2,0,0,0,2
1,0,0,0,1
1,0,0,0,1
1,0,0,0,1
1,0,0,0,1
4,0,0,0,4
2,0,0,0,2
1,0,0,0,1
1,0,0,0,1
1,0,0,0,1
1,0,0,0,1
1,0,0,0,1
3,0,0,0,3
4,0,0,0,4
1,0,0,0,1
1,0,0,0,1
2,0,0,0,2
1,0,0,0,1
2,0,0,0,2
1,0,0,0,1
1,0,0,0,1
1,0,0,0,1
1,0,0,0,1
2,0,0,0,2
1,0,0,0,1
1,0,0,0,1
6,2,1,0,9
2,0,0,0,2
1,0,0,0,1
1,0,0,0,1
2,0,0,0,2
11,0,0,0,11
1,0,0,0,1
1,0,0,0,1
1,0,0,0,1
6,0,0,0,6
1,0,0,0,1
4,0,0,0,4
2,0,0,0,2
1,0,0,0,1
1,0,0,0,1
1,0,0,0,1
1,0,0,0,1
1,0,0,0,1
22,0,0,0,22
1,0,0,0,1
1,0,0,0,1
5,0,0,0,5
3,0,0,0,3
1,0,0,0,1
1,13,0,0,14
7,0,0,0,7
1,0,0,0,1
1,0,0,0,1
1,0,0,0,1
1,0,0,0,1
1,0,0,0,1
1,0,0,0,1
7,0,0,0,7
1,0,0,0,1
1,0,0,0,1
1,0,0,0,1
1,0,0,0,1
1,0,0,0,1
2,0,0,0,2
3,0,0,0,3
2,0,0,0,2
1,0,0,0,1
4,0,0,0,4
2,0,0,0,2
2,2,0,0,4
4,10,0,0,14
1,0,0,0,1
1,0,0,0,1
3,1,0,0,4
1,0,0,0,1
3,0,0,0,3
1,1,0,0,2
3,0,0,0,3
3,0,0,0,3
1,0,0,0,1
3,0,0,0,3
6,0,0,0,6
1,0,0,0,1
2,0,0,0,2
2,0,0,0,2
1,0,0,0,1
2,0,0,0,2
2,0,0,0,2
1,0,0,0,1
1,0,0,0,1
1,0,0,0,1
1,0,0,0,1
1,0,0,0,1
12,0,0,0,12
1,0,0,0,1
2,0,0,0,2
1,0,0,0,1
3,0,0,0,3
7,2,0,0,9
1,0,0,0,1
2,0,0,0,2
1,0,0,0,1
3,0,0,0,3
1,0,0,0,1
2,0,0,0,2
3,0,0,0,3
3,0,0,0,3
1,0,0,0,1
1,0,0,0,1
1,0,0,0,1
1,0,0,0,1
1,0,0,0,1
5,0,0,0,5
1,0,0,0,1
1,0,0,0,1
1,0,0,0,1
1,0,0,0,1
1,0,0,0,1
2,0,0,0,2
1,0,0,0,1
4,6,1,0,11
1,0,0,0,1
1,0,0,0,1
1,0,0,0,1
1,1,0,0,2
3,0,0,0,3
1,0,0,0,1
7,0,0,0,7
1,0,0,0,1
6,0,0,0,6
1,8,2,0,11
1,2,0,0,3
2,0,0,0,2
7,0,0,0,7
1,0,0,0,1
1,0,0,0,1
2,0,0,0,2
2,0,0,0,2
1,5,0,0,6
1,0,0,0,1
2,0,0,0,2
1,0,0,0,1
1,0,0,0,1
1,0,0,0,1
1,0,0,0,1
1,0,0,0,1
1,0,0,0,1
1,0,0,0,1
2,0,0,0,2
3,0,0,0,3
1,0,0,0,1
1,0,0,0,1
2,0,0,0,2
1,0,0,0,1
1,0,0,0,1
5,0,0,0,5
1,0,0,0,1
1,0,0,0,1
1,0,0,0,1
2,0,0,0,2
2,0,0,0,2
4,0,0,0,4
2,0,0,0,2
1,0,0,0,1
1,0,0,0,1
1,0,0,0,1
3,0,0,0,3
1,0,0,0,1
1,0,0,0,1
1,5,1,0,7
1,0,0,0,1
1,0,0,0,1
1,0,0,0,1
2,0,0,0,2
1,0,0,0,1
3,0,0,0,3
1,0,0,0,1
3,15,0,0,18
1,2,0,0,3
1,0,0,0,1
2,0,0,0,2
2,0,0,0,2
1,0,0,0,1
9,0,0,0,9
4,0,0,0,4
1,0,0,0,1
2,0,0,0,2
1,0,0,0,1
1,0,0,0,1
1,0,0,0,1
2,0,0,0,2
3,0,0,0,3
1,0,0,0,1
1,0,0,0,1
2,0,0,0,2
4,0,0,0,4
1,0,0,0,1
1,0,0,0,1
1,0,0,0,1
1,0,0,0,1
1,0,0,0,1
3,0,0,0,3
1,0,0,0,1
1,0,0,0,1
2,0,0,0,2
1,0,0,0,1
2,0,0,0,2
2,0,0,0,2
2,0,0,0,2
1,0,0,0,1
1,0,0,0,1
1,0,0,0,1
1,0,0,0,1
1,0,0,0,1
1,0,0,0,1
2,0,0,0,2
1,0,0,0,1
1,0,0,0,1
1,0,0,0,1
6,0,0,0,6
1,0,0,0,1
1,0,0,0,1
12,2,0,0,14
1,0,0,0,1
8,0,0,0,8
2,0,0,0,2
1,0,0,0,1
1,0,0,0,1
3,0,0,0,3
3,0,0,0,3
5,3,0,0,8
2,0,0,0,2
1,0,0,0,1
1,0,0,0,1
2,0,0,0,2
1,0,0,0,1
1,0,0,0,1
2,0,0,0,2
1,0,0,0,1
1,0,0,0,1
1,0,0,0,1
1,0,0,0,1
1,0,0,0,1
3,0,0,0,3
1,0,0,0,1
3,0,0,0,3
1,0,0,0,1
1,0,0,0,1
1,0,0,0,1
1,0,0,0,1
2,0,0,0,2
2,0,0,0,2
1,0,0,0,1
1,0,0,0,1
2,0,0,0,2
2,0,0,0,2
2,0,0,0,2
1,0,0,0,1
1,0,0,0,1
1,0,0,0,1
1,0,0,0,1
1,0,0,0,1
1,0,0,0,1
2,0,0,0,2
1,0,0,0,1
1,0,0,0,1
2,0,0,0,2
1,0,0,0,1
1,0,0,0,1
1,0,0,0,1
1,0,0,0,1
1,0,0,0,1
2,0,0,0,2
1,0,0,0,1
1,0,0,0,1
1,0,0,0,1
1,0,0,0,1
1,0,0,0,1
1,0,0,0,1
3,0,0,0,3
1,0,0,0,1
1,0,0,0,1
1,0,0,0,1
1,0,0,0,1
1,0,0,0,1
1,0,0,0,1
6,0,0,0,6
1,0,0,0,1
1,0,0,0,1
2,0,0,0,2
1,0,0,0,1
1,0,0,0,1
1,0,0,0,1
1,0,0,0,1
3,0,0,0,3
11,0,0,0,11
1,0,0,0,1
1,0,0,0,1
3,0,0,0,3
1,0,0,0,1
1,0,0,0,1
1,0,0,0,1
1,0,0,0,1
4,0,0,0,4
2,0,0,0,2
1,24,0,0,25
1,0,0,0,1
5,0,0,0,5
5,9,0,0,14
1,0,0,0,1
2,0,0,0,2
2,0,0,0,2
1,0,0,0,1
1,0,0,0,1
1,0,0,0,1
1,0,0,0,1
1,1,0,0,2
1,0,0,0,1
3,0,0,0,3
2,0,0,0,2
4,0,0,0,4
1,0,0,0,1
4,0,0,0,4
1,0,0,0,1
1,0,0,0,1
2,0,0,0,2
1,0,0,0,1
1,0,0,0,1
1,0,0,0,1
1,0,0,0,1
1,0,0,0,1
4,0,0,0,4
1,0,0,0,1
3,0,0,0,3
1,0,0,0,1
2,0,0,0,2
1,0,0,0,1
7,0,0,0,7
1,0,0,0,1
1,0,0,0,1
4,0,0,0,4
5,0,0,0,5
5,0,0,0,5
1,0,0,0,1
6,0,0,0,6
3,0,0,0,3
1,0,0,0,1
1,0,0,0,1
1,0,0,0,1
10,1,0,0,11
1,0,0,0,1
2,0,0,0,2
4,0,0,0,4
2,0,0,0,2
2,1,0,0,3
2,3,0,0,5
2,0,0,0,2
1,0,0,0,1
3,0,0,0,3
1,0,0,0,1
1,0,0,0,1
5,0,0,0,5
1,0,0,0,1
1,0,0,0,1
3,0,0,0,3
1,0,0,0,1
1,0,0,0,1
1,0,0,0,1
1,0,0,0,1
1,0,0,0,1
1,0,0,0,1
1,0,0,0,1
1,0,0,0,1
1,0,0,0,1
1,0,0,0,1
1,0,0,0,1
5,0,0,0,5
3,0,0,0,3
1,0,0,0,1
4,10,0,0,14
1,0,0,0,1
1,1,0,0,2
1,0,0,0,1
2,0,0,0,2
1,0,0,0,1
2,0,0,0,2
1,0,0,0,1
1,0,0,0,1
1,1,0,0,2
2,0,0,0,2
1,0,0,0,1
1,0,0,0,1
1,0,0,0,1
5,0,0,0,5
2,0,0,0,2
2,0,0,0,2
2,2,2,0,6
1,0,0,0,1
1,0,0,0,1
2,0,0,0,2
1,0,0,0,1
1,0,0,0,1
6,102,4,0,112
1,0,0,0,1
1,0,0,0,1
1,0,0,0,1
1,0,0,0,1
1,0,0,0,1
3,0,0,0,3
1,0,0,0,1
2,0,0,0,2
3,0,0,0,3
4,0,0,0,4
1,0,0,0,1
1,0,0,0,1
1,0,0,0,1
1,0,0,0,1
5,0,0,0,5
1,0,0,0,1
1,0,0,0,1
7,0,0,0,7
1,1,0,0,2
2,0,0,0,2
1,0,0,0,1
1,0,0,0,1
1,0,0,0,1
1,0,0,0,1
1,0,0,0,1
2,0,0,0,2
1,0,0,0,1
1,0,0,0,1
1,0,0,0,1
1,0,0,0,1
1,0,0,0,1
1,0,0,0,1
1,0,0,0,1
1,0,0,0,1
1,5,0,0,6
2,0,0,0,2
1,0,0,0,1
1,0,0,0,1
2,0,0,0,2
2,0,0,0,2
1,0,0,0,1
5,69,1,0,75
2,0,0,0,2
1,0,0,0,1
1,0,0,0,1
1,0,0,0,1
2,0,0,0,2
1,0,0,0,1
2,0,0,0,2
1,0,0,0,1
2,0,0,0,2
1,0,0,0,1
1,0,0,0,1
2,0,0,0,2
2,0,0,0,2
10,0,0,0,10
6,1,0,0,7
4,0,0,0,4
1,0,0,0,1
1,0,0,0,1
2,0,0,0,2
1,0,0,0,1
1,0,0,0,1
1,0,0,0,1
4,0,0,0,4
2,1,0,0,3
2,0,0,0,2
1,0,0,0,1
2,0,0,0,2
13,0,0,0,13
1,0,0,0,1
2,0,0,0,2
1,0,0,0,1
1,0,0,0,1
2,0,0,0,2
1,0,0,0,1
1,0,0,0,1
1,0,0,0,1
2,0,0,0,2
3,0,0,0,3
5,3,0,0,8
1,4,0,0,5
4,0,0,0,4
1,0,0,0,1
2,0,0,0,2
3,0,0,0,3
1,0,0,0,1
1,0,0,0,1
1,0,0,0,1
2,0,0,0,2
1,0,0,0,1
4,0,0,0,4
1,0,0,0,1
1,0,0,0,1
1,0,0,0,1
1,0,0,0,1
2,0,0,0,2
2,0,0,0,2
1,0,0,0,1
1,0,0,0,1
1,0,0,0,1
1,0,0,0,1
1,0,0,0,1
1,0,0,0,1
1,0,0,0,1
3,0,0,0,3
2,0,0,0,2
2,2,0,0,4
1,0,0,0,1
1,2,0,0,3
1,0,0,0,1
1,0,0,0,1
1,0,0,0,1
1,0,0,0,1
1,0,0,0,1
1,0,0,0,1
10,2,0,0,12
1,0,0,0,1
1,0,0,0,1
1,0,0,0,1
1,0,0,0,1
1,0,0,0,1
5,0,0,0,5
1,0,0,0,1
1,0,0,0,1
2,0,0,0,2
1,0,0,0,1
3,0,0,0,3
1,0,0,0,1
2,0,0,0,2
1,0,0,0,1
1,0,0,0,1
1,0,0,0,1
2,0,0,0,2
2,0,0,0,2
2,0,0,0,2
1,0,0,0,1
1,0,0,0,1
1,0,0,0,1
6,2,0,0,8
1,0,0,0,1
1,0,0,0,1
1,0,0,0,1
1,0,0,0,1
3,0,0,0,3
1,0,0,0,1
3,0,0,0,3
1,0,0,0,1
1,0,0,0,1
1,0,0,0,1
7,0,0,0,7
1,0,0,0,1
2,6,0,0,8
2,14,0,0,16
1,0,0,0,1
1,0,0,0,1
1,0,0,0,1
3,0,0,0,3
1,0,0,0,1
1,0,0,0,1
1,0,0,0,1
3,0,0,0,3
2,0,0,0,2
4,0,0,0,4
4,2,0,0,6
1,0,0,0,1
2,0,0,0,2
1,1,0,0,2
1,0,0,0,1
2,0,0,0,2
1,0,0,0,1
1,0,0,0,1
1,0,0,0,1
1,0,0,0,1
2,0,0,0,2
1,0,0,0,1
1,0,0,0,1
1,0,1,0,2
1,0,0,0,1
3,0,0,0,3
1,0,0,0,1
1,0,0,0,1
1,0,0,0,1
2,0,0,0,2
1,0,0,0,1
1,0,0,0,1
1,0,0,0,1
1,0,0,0,1
1,0,0,0,1
1,0,0,0,1
1,0,0,0,1
1,0,0,0,1
1,0,0,0,1
1,0,0,0,1
1,0,0,0,1
2,0,0,0,2
1,0,0,0,1
5,2,1,0,8
1,0,0,0,1
2,1,1,0,4
1,0,0,0,1
1,0,0,0,1
1,0,0,0,1
1,0,0,0,1
2,0,0,0,2
3,0,0,0,3
1,0,0,0,1
1,0,0,0,1
5,3,0,0,8
1,0,0,0,1
1,0,0,0,1
1,0,0,0,1
8,0,0,0,8
1,0,0,0,1
1,0,0,0,1
1,0,0,0,1
2,0,0,0,2
1,0,0,0,1
1,0,0,0,1
1,0,0,0,1
1,0,0,0,1
1,0,0,0,1
1,0,0,0,1
1,1,0,0,2
1,0,0,0,1
1,0,0,0,1
1,0,0,0,1
3,0,0,0,3
1,1,0,0,2
1,0,0,0,1
1,0,0,0,1
1,0,0,0,1
1,0,0,0,1
1,0,0,0,1
1,0,0,0,1
1,0,0,0,1
1,0,0,0,1
3,0,0,0,3
1,0,0,0,1
1,0,0,0,1
2,0,0,0,2
1,0,0,0,1
2,0,0,0,2
1,0,0,0,1
5,0,0,0,5
1,1,2,0,4
2,0,0,0,2
1,0,0,0,1
1,0,0,0,1
1,0,0,0,1
1,0,0,0,1
1,0,0,0,1
1,0,0,0,1
1,0,0,0,1
1,0,0,0,1
3,0,0,0,3
1,0,0,0,1
1,0,0,0,1
1,0,0,0,1
1,0,0,0,1
1,0,0,0,1
1,0,0,0,1
1,0,0,0,1
1,0,0,0,1
2,0,0,0,2
1,0,0,0,1
4,0,0,0,4
1,0,0,0,1
1,0,0,0,1
1,0,0,0,1
3,0,0,0,3
10,0,0,0,10
1,0,0,0,1
2,0,0,0,2
1,0,0,0,1
1,2,0,0,3
1,0,0,0,1
1,0,0,0,1
1,0,0,0,1
1,0,0,0,1
3,0,0,0,3
1,0,0,0,1
1,0,0,0,1
2,0,0,0,2
1,0,0,0,1
2,0,0,0,2
2,0,0,0,2
2,0,0,0,2
1,0,0,0,1
3,0,0,0,3
4,0,0,0,4
2,0,0,0,2
1,0,0,0,1
1,0,0,0,1
2,0,0,0,2
1,0,0,0,1
1,0,0,0,1
1,0,0,0,1
1,0,0,0,1
2,0,0,0,2
3,0,0,0,3
1,0,0,0,1
1,0,0,0,1
1,0,0,0,1
1,0,0,0,1
2,0,0,0,2
1,0,0,0,1
3,0,0,0,3
1,0,0,0,1
1,5,0,0,6
1,0,0,0,1
1,0,0,0,1
1,0,0,0,1
1,0,0,0,1
1,0,0,0,1
1,0,0,0,1
1,0,0,0,1
3,0,0,0,3
1,0,0,0,1
1,0,0,0,1
2,0,0,0,2
1,0,0,0,1
2,0,0,0,2
1,0,0,0,1
1,0,0,0,1
1,0,0,0,1
1,0,0,0,1
2,0,0,0,2
1,0,0,0,1
2,0,0,0,2
3,4,0,0,7
1,0,0,0,1
1,0,0,0,1
1,0,0,0,1
1,0,0,0,1
1,0,0,0,1
1,0,0,0,1
4,7,2,0,13
1,0,0,0,1
1,0,0,0,1
1,0,0,0,1
1,0,0,0,1
1,0,0,0,1
2,0,0,0,2
1,0,0,0,1
1,0,0,0,1
2,0,0,0,2
1,0,0,0,1
1,0,0,0,1
1,0,0,0,1
9,0,0,0,9
1,0,0,0,1
1,0,0,0,1
1,0,0,0,1
2,1,1,0,4
1,0,0,0,1
1,0,0,0,1
1,0,0,0,1
3,0,0,0,3
1,0,0,0,1
3,0,0,0,3
6,0,0,0,6
5,0,0,0,5
2,0,0,0,2
3,2,0,0,5
1,0,0,0,1
4,0,0,0,4
2,0,0,0,2
1,0,0,0,1
1,0,0,0,1
2,0,0,0,2
1,0,0,0,1
2,0,0,0,2
4,0,0,0,4
1,0,0,0,1
1,0,0,0,1
1,0,0,0,1
1,0,0,0,1
1,0,0,0,1
1,0,0,0,1
1,0,0,0,1
1,0,0,0,1
1,0,0,0,1
1,0,0,0,1
1,0,0,0,1
1,0,0,0,1
1,2,0,0,3
2,0,0,0,2
3,0,0,0,3
2,0,0,0,2
1,0,0,0,1
1,0,0,0,1
3,0,0,0,3
1,0,0,0,1
2,0,0,0,2
2,0,0,0,2
1,0,0,0,1
2,0,0,0,2
2,0,0,0,2
1,0,0,0,1
1,0,0,0,1
1,1,0,0,2
1,0,0,0,1
2,0,0,0,2
1,0,0,0,1
1,0,0,0,1
1,0,0,0,1
1,0,0,0,1
1,0,0,0,1
1,0,0,0,1
1,0,0,0,1
4,0,0,0,4
1,0,0,0,1
1,0,0,0,1
1,0,0,0,1
1,0,0,0,1
1,0,0,0,1
1,0,0,0,1
1,0,0,0,1
1,0,0,0,1
2,0,0,0,2
1,0,1,0,2
1,0,0,0,1
1,0,0,0,1
1,0,0,0,1
1,0,0,0,1
1,0,0,0,1
1,0,0,0,1
1,0,0,0,1
1,0,0,0,1
1,0,0,0,1
1,0,0,0,1
2,0,0,0,2
1,0,0,0,1
1,0,0,0,1
1,0,0,0,1
3,0,0,0,3
2,0,0,0,2
1,0,0,0,1
2,0,0,0,2
2,0,0,0,2
2,0,0,0,2
1,0,0,0,1
6,6,0,0,12
1,0,0,0,1
1,0,0,0,1
1,0,0,0,1
1,0,0,0,1
3,0,0,0,3
2,0,0,0,2
2,11,0,0,13
2,0,0,0,2
1,0,0,0,1
2,0,0,0,2
3,0,0,0,3
1,0,0,0,1
1,0,0,0,1
8,0,0,0,8
1,0,0,0,1
4,0,0,0,4
1,0,0,0,1
3,0,0,0,3
1,0,0,0,1
2,0,0,0,2
2,0,0,0,2
1,0,0,0,1
2,0,0,0,2
1,0,0,0,1
1,0,0,0,1
1,0,0,0,1
1,0,0,0,1
1,0,0,0,1
1,0,0,0,1
3,0,0,0,3
1,0,0,0,1
7,0,0,0,7
3,0,0,0,3
1,0,0,0,1
4,1,0,0,5
1,0,0,0,1
2,0,0,0,2
2,0,0,0,2
1,0,0,0,1
1,0,0,0,1
2,0,0,0,2
1,0,0,0,1
1,0,0,0,1
1,0,0,0,1
1,3,0,0,4
6,0,0,0,6
1,0,0,0,1
1,0,0,0,1
15,0,0,0,15
1,0,0,0,1
2,4,0,0,6
1,3,1,0,5
1,0,0,0,1
1,0,0,0,1
1,0,0,0,1
2,0,0,0,2
1,0,0,0,1
1,0,0,0,1
1,6,0,0,7
1,0,0,0,1
1,0,0,0,1
1,0,0,0,1
3,0,0,0,3
1,0,0,0,1
1,0,0,0,1
1,0,0,0,1
1,0,0,0,1
1,0,0,0,1
1,0,0,0,1
1,0,0,0,1
2,0,0,0,2
2,0,0,0,2
1,0,0,0,1
2,1,0,0,3
1,0,0,0,1
1,0,0,0,1
1,0,0,0,1
1,0,0,0,1
1,0,0,0,1
1,0,0,0,1
2,2,0,0,4
1,0,0,0,1
1,0,0,0,1
1,0,0,0,1
1,0,0,0,1
1,0,0,0,1
1,0,0,0,1
1,0,0,0,1
1,0,0,0,1
1,0,0,0,1
2,0,0,0,2
1,0,0,0,1
1,0,0,0,1
1,0,0,0,1
1,0,0,0,1
1,0,0,0,1
1,0,0,0,1
1,4,0,0,5
1,0,0,0,1
2,2,0,0,4
1,0,0,0,1
1,0,0,0,1
1,1,0,0,2
2,0,0,0,2
1,0,0,0,1
2,0,0,0,2
2,0,0,0,2
1,0,0,0,1
1,0,0,0,1
2,0,0,0,2
2,0,0,0,2
1,0,0,0,1
3,0,0,0,3
1,0,0,0,1
1,0,0,0,1
1,0,0,0,1
2,0,0,0,2
1,0,0,0,1
1,0,0,0,1
1,0,0,0,1
1,0,0,0,1
3,0,0,0,3
1,0,0,0,1
2,0,0,0,2
2,1,0,0,3
3,0,0,0,3
5,0,0,0,5
1,0,0,0,1
1,0,0,0,1
5,0,0,0,5
1,0,0,0,1
1,0,0,0,1
1,0,0,0,1
2,0,0,0,2
1,0,0,0,1
8,5,0,0,13
2,0,0,0,2
2,0,0,0,2
1,0,0,0,1
1,0,0,0,1
1,0,0,0,1
6,0,0,0,6
1,0,0,0,1
1,0,0,0,1
2,0,0,0,2
1,0,0,0,1
3,0,0,0,3
1,0,0,0,1
1,0,0,0,1
1,0,0,0,1
3,0,0,0,3
1,0,0,0,1
1,0,0,0,1
1,0,0,0,1
1,0,0,0,1
3,0,0,0,3
1,0,0,0,1
4,0,0,0,4
1,0,0,0,1
1,0,0,0,1
1,0,0,0,1
3,0,0,0,3
2,0,0,0,2
1,0,0,0,1
1,0,0,0,1
1,0,0,0,1
1,0,0,0,1
1,0,0,0,1
1,0,0,0,1
2,0,0,0,2
1,0,0,0,1
1,0,0,0,1
1,0,0,0,1
1,0,0,0,1
1,0,0,0,1
3,0,0,0,3
1,0,0,0,1
1,0,0,0,1
3,0,0,0,3
1,0,0,0,1
1,0,0,0,1
2,0,0,0,2
1,1,1,0,3
1,0,0,0,1
1,0,0,0,1
1,0,0,0,1
2,0,0,0,2
3,8,0,0,11
1,0,0,0,1
4,0,0,0,4
4,0,0,0,4
1,0,0,0,1
2,0,0,0,2
8,0,1,0,9
1,0,0,0,1
2,0,0,0,2
1,0,0,0,1
1,0,0,0,1
2,0,0,0,2
1,0,0,0,1
1,0,0,0,1
1,0,0,0,1
1,3,0,0,4
1,0,0,0,1
1,0,0,0,1
1,0,0,0,1
1,0,0,0,1
1,0,0,0,1
1,0,0,0,1
1,0,0,0,1
8,1,0,0,9
1,0,0,0,1
1,0,0,0,1
3,0,0,0,3
1,2,0,0,3
7,0,0,0,7
1,0,0,0,1
1,0,0,0,1
1,0,0,0,1
1,0,0,0,1
1,0,0,0,1
1,0,0,0,1
1,0,0,0,1
4,0,0,0,4
1,0,0,0,1
1,0,0,0,1
5,0,0,0,5
1,0,0,0,1
1,0,0,0,1
3,7,1,0,11
1,0,0,0,1
3,0,0,0,3
1,0,0,0,1
1,0,0,0,1
3,0,0,0,3
1,0,0,0,1
1,0,0,0,1
4,0,0,0,4
1,0,0,0,1
1,0,0,0,1
1,0,0,0,1
1,0,0,0,1
3,0,0,0,3
1,4,0,0,5
1,0,0,0,1
1,0,0,0,1
9,0,0,0,9
1,0,0,0,1
3,0,0,0,3
1,0,0,0,1
1,0,0,0,1
1,0,0,0,1
1,0,0,0,1
1,0,0,0,1
1,0,0,0,1
1,0,0,0,1
2,0,0,0,2
1,0,0,0,1
1,0,0,0,1
2,0,0,0,2
1,0,0,0,1
1,0,0,0,1
1,0,0,0,1
2,0,0,0,2
1,0,0,0,1
1,0,0,0,1
1,0,0,0,1
1,1,0,0,2
1,0,0,0,1
1,0,0,0,1
1,0,0,0,1
1,0,0,0,1
1,0,0,0,1
1,0,0,0,1
1,0,0,0,1
1,0,0,0,1
1,0,0,0,1
6,0,0,0,6
1,0,0,0,1
4,0,0,0,4
15,2,0,0,17
7,0,0,0,7
3,0,0,0,3
1,0,0,0,1
1,0,0,0,1
1,0,0,0,1
1,0,0,0,1
1,0,0,0,1
3,0,0,0,3
1,0,0,0,1
1,0,0,0,1
2,0,0,0,2
1,0,0,0,1
1,0,0,0,1
2,0,0,0,2
1,0,0,0,1
1,0,0,0,1
1,0,0,0,1
1,0,0,0,1
1,0,0,0,1
2,4,0,0,6
1,0,0,0,1
1,0,0,0,1
1,0,0,0,1
1,0,0,0,1
1,0,0,0,1
1,0,0,0,1
1,0,0,0,1
1,0,0,0,1
1,0,0,0,1
1,0,0,0,1
2,0,0,0,2
1,0,0,0,1
2,0,0,0,2
4,0,0,0,4
1,0,0,0,1
2,0,0,0,2
1,0,0,0,1
1,0,0,0,1
1,0,0,0,1
5,0,0,0,5
1,0,0,0,1
1,0,0,0,1
8,1,0,0,9
1,0,0,0,1
12,5,2,0,19
1,6,0,0,7
3,0,0,0,3
3,0,0,0,3
5,0,0,0,5
5,0,0,0,5
1,0,0,0,1
6,0,0,0,6
1,2,1,0,4
1,0,0,0,1
1,0,0,0,1
5,0,0,0,5
1,0,0,0,1
1,0,0,0,1
5,0,0,0,5
1,0,0,0,1
3,0,0,0,3
1,0,0,0,1
1,0,0,0,1
6,0,0,0,6
3,0,0,0,3
7,0,0,0,7
1,0,0,0,1
1,0,0,0,1
1,0,0,0,1
3,0,0,0,3
2,0,0,0,2
1,0,0,0,1
1,0,0,0,1
1,0,0,0,1
2,0,0,0,2
6,3,0,0,9
2,0,0,0,2
1,0,0,0,1
1,0,0,0,1
1,0,0,0,1
2,0,1,0,3
2,0,0,0,2
1,0,0,0,1
1,1,0,0,2
1,0,0,0,1
1,0,0,0,1
1,0,0,0,1
2,0,0,0,2
1,0,0,0,1
1,0,0,0,1
1,0,0,0,1
1,0,0,0,1
1,0,0,0,1
3,0,0,0,3
1,0,0,0,1
1,0,0,0,1
1,0,0,0,1
1,0,0,0,1
3,0,0,0,3
2,0,0,0,2
1,0,0,0,1
1,8,0,0,9
1,0,0,0,1
1,0,0,0,1
1,0,0,0,1
1,0,0,0,1
1,0,0,0,1
2,0,0,0,2
1,0,0,0,1
1,0,0,0,1
1,0,0,0,1
1,0,0,0,1
3,78,2,0,83
4,0,0,0,4
1,0,0,0,1
1,0,0,0,1
2,0,0,0,2
1,0,0,0,1
1,0,0,0,1
1,0,0,0,1
2,0,0,0,2
1,0,0,0,1
2,1,0,0,3
2,0,0,0,2
2,0,0,0,2
1,0,0,0,1
1,0,0,0,1
1,0,0,0,1
1,0,0,0,1
2,0,0,0,2
1,0,0,0,1
1,0,0,0,1
6,0,0,0,6
1,0,0,0,1
1,0,0,0,1
3,0,0,0,3
1,0,0,0,1
2,0,0,0,2
1,0,0,0,1
1,0,0,0,1
4,0,0,0,4
1,0,0,0,1
1,0,0,0,1
1,0,0,0,1
1,0,0,0,1
1,19,0,0,20
2,0,0,0,2
1,0,0,0,1
1,0,0,0,1
2,0,0,0,2
8,0,0,0,8
1,0,0,0,1
3,0,0,0,3
1,0,0,0,1
6,1,1,0,8
1,0,0,0,1
1,0,0,0,1
1,0,0,0,1
1,0,0,0,1
1,0,0,0,1
1,0,0,0,1
1,0,0,0,1
1,2,0,0,3
1,0,0,0,1
1,0,0,0,1
1,0,0,0,1
1,0,0,0,1
2,0,0,0,2
1,0,0,0,1
1,0,0,0,1
1,0,0,0,1
1,0,0,0,1
2,0,0,0,2
1,0,0,0,1
14,0,0,0,14
4,0,0,0,4
1,0,0,0,1
3,19,0,0,22
1,0,0,0,1
1,0,0,0,1
1,0,0,0,1
1,0,0,0,1
3,0,0,0,3
1,0,0,0,1
1,0,0,0,1
1,0,0,0,1
1,0,0,0,1
1,0,0,0,1
1,0,0,0,1
2,0,0,0,2
2,2,0,0,4
1,0,0,0,1
1,0,0,0,1
1,0,0,0,1
5,0,0,0,5
1,0,0,0,1
1,0,0,0,1
1,0,0,0,1
3,0,0,0,3
1,0,0,0,1
1,0,0,0,1
1,0,0,0,1
1,0,0,0,1
1,0,0,0,1
1,0,0,0,1
2,0,0,0,2
1,0,0,0,1
2,0,0,0,2
1,0,0,0,1
2,0,0,0,2
1,0,1,0,2
1,0,0,0,1
1,0,0,0,1
1,0,0,0,1
4,0,0,0,4
1,0,0,0,1
1,0,0,0,1
1,0,0,0,1
1,0,0,0,1
3,0,0,0,3
2,0,0,0,2
2,0,0,0,2
1,0,0,0,1
1,0,0,0,1
1,0,0,0,1
1,0,0,0,1
2,0,0,0,2
1,0,0,0,1
1,0,0,0,1
1,0,0,0,1
1,0,0,0,1
2,0,0,0,2
1,0,0,0,1
1,0,0,0,1
2,0,0,0,2
1,0,0,0,1
1,0,0,0,1
3,0,0,0,3
2,0,0,0,2
1,0,0,0,1
2,0,0,0,2
3,1,1,0,5
10,5,0,0,15
1,0,0,0,1
1,0,0,0,1
1,0,0,0,1
3,0,0,0,3
10,12,0,0,22
3,0,0,0,3
1,0,0,0,1
2,0,0,0,2
1,0,0,0,1
1,0,0,0,1
8,0,0,0,8
1,0,0,0,1
1,0,0,0,1
2,0,0,0,2
1,0,0,0,1
2,0,0,0,2
1,0,0,0,1
1,0,0,0,1
2,0,0,0,2
1,0,0,0,1
1,0,0,0,1
1,0,0,0,1
1,0,0,0,1
1,0,0,0,1
1,0,0,0,1
4,0,0,0,4
1,0,0,0,1
1,0,0,0,1
1,0,0,0,1
1,0,0,0,1
1,0,0,0,1
1,0,0,0,1
1,0,0,0,1
2,6,0,0,8
1,0,0,0,1
1,0,0,0,1
1,0,0,0,1
1,0,0,0,1
2,0,0,0,2
3,0,0,0,3
1,0,0,0,1
2,0,0,0,2
1,0,0,0,1
2,0,0,0,2
2,0,0,0,2
1,0,0,0,1
10,0,0,0,10
1,70,0,0,71
3,1,1,0,5
5,0,0,0,5
1,0,0,0,1
1,0,0,0,1
1,0,0,0,1
1,0,0,0,1
1,0,0,0,1
1,0,0,0,1
1,1,0,0,2
1,0,0,0,1
1,0,0,0,1
1,0,0,0,1
1,0,0,0,1
1,0,0,0,1
1,0,0,0,1
1,0,0,0,1
1,0,0,0,1
2,0,0,0,2
1,0,0,0,1
1,0,0,0,1
1,2,0,0,3
1,0,0,0,1
1,0,0,0,1
1,0,0,0,1
1,0,0,0,1
1,0,0,0,1
1,0,0,0,1
3,0,0,0,3
2,0,0,0,2
1,0,0,0,1
1,0,0,0,1
1,0,0,0,1
2,0,0,0,2
1,0,0,0,1
1,0,0,0,1
2,0,0,0,2
1,0,0,0,1
2,0,0,0,2
1,0,0,0,1
4,0,0,0,4
1,0,0,0,1
1,0,0,0,1
1,0,0,0,1
6,0,0,0,6
1,0,0,0,1
2,0,0,0,2
1,0,0,0,1
1,0,0,0,1
8,0,0,0,8
3,0,0,0,3
1,0,0,0,1
1,0,0,0,1
2,0,0,0,2
1,0,0,0,1
6,0,0,0,6
1,0,0,0,1
4,2,0,0,6
4,0,0,0,4
1,0,0,0,1
1,0,0,0,1
1,0,0,0,1
1,0,0,0,1
1,0,0,0,1
2,0,0,0,2
1,0,0,0,1
3,0,0,0,3
1,0,0,0,1
1,0,0,0,1
2,0,0,0,2
2,0,0,0,2
3,0,0,0,3
1,0,0,0,1
1,0,0,0,1
1,0,0,0,1
1,0,0,0,1
2,0,0,0,2
1,0,0,0,1
3,0,0,0,3
1,0,0,0,1
2,0,0,0,2
1,0,0,0,1
7,0,0,0,7
1,0,0,0,1
1,0,0,0,1
1,0,0,0,1
1,0,0,0,1
1,0,0,0,1
1,0,0,0,1
1,0,0,0,1
1,0,0,0,1
3,0,0,0,3
2,0,0,0,2
1,0,0,0,1
2,0,0,0,2
1,0,0,0,1
1,0,0,0,1
1,0,0,0,1
4,0,0,0,4
1,0,0,0,1
5,0,0,0,5
1,0,0,0,1
1,0,0,0,1
1,0,0,0,1
1,0,0,0,1
1,0,0,0,1
2,0,0,0,2
1,0,0,0,1
8,12,2,0,22
1,0,0,0,1
1,0,0,0,1
4,0,0,0,4
1,0,0,0,1
1,0,0,0,1
1,0,0,0,1
2,0,0,0,2
1,0,0,0,1
1,0,0,0,1
1,0,0,0,1
1,0,0,0,1
1,0,0,0,1
1,0,0,0,1
1,0,0,0,1
1,0,0,0,1
3,0,0,0,3
1,0,0,0,1
1,0,0,0,1
2,0,0,0,2
1,0,0,0,1
1,19,0,0,20
1,0,0,0,1
1,0,0,0,1
2,0,0,0,2
1,0,0,0,1
5,1,0,0,6
1,0,0,0,1
1,0,0,0,1
2,0,0,0,2
1,0,0,0,1
1,0,0,0,1
1,0,0,0,1
3,3,0,0,6
1,0,0,0,1
1,0,0,0,1
1,0,0,0,1
1,0,0,0,1
4,0,0,0,4
6,0,0,0,6
11,2,1,0,14
1,0,0,0,1
1,0,0,0,1
2,0,0,0,2
1,0,0,0,1
2,0,0,0,2
1,0,0,0,1
1,0,0,0,1
1,0,0,0,1
1,0,0,0,1
1,0,0,0,1
2,0,0,0,2
1,0,0,0,1
1,0,0,0,1
3,0,0,0,3
1,0,0,0,1
2,0,0,0,2
1,0,0,0,1
1,0,0,0,1
1,0,0,0,1
1,0,0,0,1
1,0,0,0,1
1,0,0,0,1
9,0,0,0,9
1,0,0,0,1
2,0,0,0,2
7,0,0,0,7
1,0,0,0,1
1,0,0,0,1
2,0,0,0,2
1,0,0,0,1
1,0,0,0,1
1,0,0,0,1
1,0,0,0,1
2,0,0,0,2
5,0,0,0,5
1,0,0,0,1
3,0,0,0,3
1,0,0,0,1
1,0,0,0,1
4,0,0,0,4
1,0,0,0,1
1,0,0,0,1
1,0,0,0,1
2,0,0,0,2
2,0,0,0,2
2,0,0,0,2
1,0,0,0,1
2,0,0,0,2
2,0,0,0,2
2,0,0,0,2
1,0,0,0,1
1,0,0,0,1
3,2,1,0,6
1,0,0,0,1
2,0,0,0,2
1,0,0,0,1
2,0,0,0,2
1,0,0,0,1
1,0,0,0,1
1,0,0,0,1
1,0,0,0,1
4,0,0,0,4
1,0,0,0,1
1,0,0,0,1
1,0,0,0,1
1,0,0,0,1
1,0,0,0,1
1,0,0,0,1
1,0,0,0,1
3,439,0,0,442
1,0,0,0,1
1,0,0,0,1
2,0,0,0,2
1,0,0,0,1
1,0,0,0,1
1,0,0,0,1
1,0,0,0,1
1,0,0,0,1
1,0,0,0,1
1,0,0,0,1
1,0,0,0,1
1,0,0,0,1
1,0,0,0,1
2,0,0,0,2
1,0,0,0,1
1,0,0,0,1
1,0,0,0,1
2,0,0,0,2
4,0,0,0,4
1,0,0,0,1
1,0,0,0,1
1,0,0,0,1
1,0,0,0,1
1,0,0,0,1
9,0,0,0,9
1,0,0,0,1
1,0,0,0,1
1,0,0,0,1
2,0,0,0,2
1,0,0,0,1
5,4,0,0,9
1,0,0,0,1
1,0,0,0,1
4,0,0,0,4
1,0,0,0,1
2,0,0,0,2
1,0,0,0,1
4,0,0,0,4
5,0,0,0,5
1,0,0,0,1
1,0,0,0,1
1,0,0,0,1
2,0,0,0,2
1,0,0,0,1
3,0,1,0,4
1,0,0,0,1
1,0,0,0,1
1,0,0,0,1
2,0,0,0,2
2,0,0,0,2
1,0,0,0,1
2,0,0,0,2
1,0,0,0,1
1,2,0,0,3
1,4,0,0,5
2,0,0,0,2
1,0,0,0,1
1,0,0,0,1
1,0,0,0,1
1,0,0,0,1
1,0,0,0,1
2,0,0,0,2
1,0,0,0,1
1,0,0,0,1
1,0,0,0,1
1,0,0,0,1
1,0,0,0,1
1,1,0,0,2
1,1,1,0,3
1,0,0,0,1
1,0,0,0,1
1,0,0,0,1
4,0,0,0,4
1,0,0,0,1
1,0,0,0,1
1,0,0,0,1
1,0,0,0,1
1,0,0,0,1
1,0,0,0,1
4,0,0,0,4
3,0,0,0,3
8,8,1,0,17
2,0,0,0,2
1,0,0,0,1
1,0,0,0,1
9,12,1,0,22
1,0,0,0,1
1,0,0,0,1
1,0,0,0,1
1,0,0,0,1
2,0,0,0,2
1,0,0,0,1
2,0,0,0,2
1,0,0,0,1
1,0,0,0,1
2,0,0,0,2
1,0,0,0,1
1,0,0,0,1
1,0,0,0,1
1,0,0,0,1
1,0,0,0,1
5,0,0,0,5
1,0,0,0,1
5,2,1,0,8
1,0,0,0,1
1,0,0,0,1
1,0,0,0,1
1,0,0,0,1
1,0,0,0,1
1,0,0,0,1
1,0,0,0,1
1,0,0,0,1
1,0,0,0,1
1,0,0,0,1
1,0,0,0,1
3,0,0,0,3
1,0,0,0,1
1,0,0,0,1
2,0,0,0,2
1,0,0,0,1
1,0,0,0,1
2,0,0,0,2
3,0,0,0,3
1,0,0,0,1
1,0,0,0,1
1,0,0,0,1
1,0,0,0,1
2,0,0,0,2
1,0,0,0,1
3,0,0,0,3
1,0,0,0,1
1,0,0,0,1
1,0,0,0,1
1,0,0,0,1
1,0,0,0,1
3,0,0,0,3
3,0,0,0,3
2,0,0,0,2
1,1,1,0,3
1,0,0,0,1
4,2,0,0,6
1,0,0,0,1
1,0,0,0,1
2,172,0,0,174
1,0,0,0,1
3,0,0,0,3
1,0,0,0,1
1,0,0,0,1
1,0,0,0,1
1,0,0,0,1
1,0,0,0,1
1,0,0,0,1
1,0,0,0,1
4,0,0,0,4
1,0,0,0,1
1,0,0,0,1
1,0,0,0,1
1,0,0,0,1
2,0,0,0,2
1,0,0,0,1
5,2,0,0,7
1,0,0,0,1
8,0,0,0,8
1,0,0,0,1
1,0,0,0,1
10,0,0,0,10
8,0,0,0,8
1,0,0,0,1
2,5,0,0,7
3,0,0,0,3
1,0,0,0,1
1,0,0,0,1
2,0,0,0,2
3,0,0,0,3
1,0,0,0,1
2,0,0,0,2
1,0,0,0,1
1,0,0,0,1
1,0,0,0,1
1,0,0,0,1
1,0,0,0,1
2,0,0,0,2
6,0,0,0,6
1,0,0,0,1
1,0,0,0,1
1,0,0,0,1
1,0,0,0,1
1,0,0,0,1
1,0,0,0,1
3,0,0,0,3
2,0,0,0,2
1,0,0,0,1
1,3,1,0,5
1,0,0,0,1
7,3,1,0,11
1,0,0,0,1
1,0,0,0,1
3,0,0,0,3
1,0,0,0,1
1,0,0,0,1
1,0,0,0,1
3,0,0,0,3
1,0,0,0,1
1,0,0,0,1
1,0,0,0,1
2,0,0,0,2
2,0,0,0,2
1,0,0,0,1
2,0,0,0,2
1,0,0,0,1
3,0,0,0,3
1,0,0,0,1
1,0,0,0,1
4,2,0,0,6
2,0,0,0,2
3,0,0,0,3
1,0,0,0,1
1,0,0,0,1
1,0,0,0,1
3,0,0,0,3
4,0,0,0,4
1,0,0,0,1
2,1,0,0,3
1,0,0,0,1
1,0,0,0,1
1,0,0,0,1
2,0,0,0,2
1,0,0,0,1
1,0,0,0,1
1,3,0,0,4
1,0,0,0,1
1,0,0,0,1
1,0,0,0,1
7,0,0,0,7
1,0,0,0,1
1,0,0,0,1
1,0,0,0,1
1,0,0,0,1
2,0,0,0,2
4,0,0,0,4
1,0,0,0,1
1,0,0,0,1
1,0,0,0,1
1,0,0,0,1
1,0,0,0,1
1,0,0,0,1
1,0,0,0,1
1,0,0,0,1
2,0,0,0,2
1,0,0,0,1
1,0,0,0,1
1,0,0,0,1
1,0,0,0,1
2,0,0,0,2
2,1,0,0,3
1,0,0,0,1
3,0,0,0,3
5,0,0,0,5
1,0,0,0,1
1,0,0,0,1
1,0,0,0,1
1,0,0,0,1
1,0,0,0,1
1,0,0,0,1
1,0,0,0,1
2,0,0,0,2
1,0,0,0,1
1,0,0,0,1
1,0,0,0,1
2,0,0,0,2
1,0,0,0,1
2,0,0,0,2
3,1,1,0,5
1,0,0,0,1
1,0,0,0,1
1,0,0,0,1
1,0,0,0,1
1,0,0,0,1
1,0,0,0,1
3,0,0,0,3
9,0,0,0,9
1,0,0,0,1
1,0,0,0,1
2,0,0,0,2
1,0,0,0,1
1,0,0,0,1
3,0,0,0,3
2,0,0,0,2
1,0,0,0,1
1,1,0,0,2
1,1,0,0,2
3,0,0,0,3
1,0,0,0,1
1,0,0,0,1
2,0,0,0,2
3,0,0,0,3
1,0,0,0,1
1,0,0,0,1
2,0,0,0,2
1,0,0,0,1
1,0,0,0,1
1,0,0,0,1
1,0,0,0,1
2,2,0,0,4
1,0,0,0,1
1,0,0,0,1
1,0,0,0,1
1,0,0,0,1
1,0,0,0,1
5,2,0,0,7
1,0,0,0,1
3,6,0,0,9
2,0,0,0,2
1,0,0,0,1
2,0,0,0,2
1,0,0,0,1
1,0,0,0,1
2,0,0,0,2
2,0,0,0,2
1,0,0,0,1
8,0,0,0,8
1,0,0,0,1
1,0,0,0,1
1,0,0,0,1
1,0,0,0,1
1,0,0,0,1
24,0,0,0,24
1,0,0,0,1
1,0,0,0,1
1,0,0,0,1
1,0,0,0,1
1,0,0,0,1
2,0,0,0,2
1,0,0,0,1
1,0,0,0,1
1,0,0,0,1
1,0,0,0,1
1,0,0,0,1
1,0,0,0,1
1,0,0,0,1
1,0,0,0,1
1,0,0,0,1
1,0,0,0,1
1,0,0,0,1
1,0,0,0,1
2,0,0,0,2
1,0,0,0,1
1,0,0,0,1
1,0,0,0,1
1,0,0,0,1
1,0,0,0,1
1,0,0,0,1
1,13,1,0,15
1,0,0,0,1
1,0,0,0,1
1,0,0,0,1
1,0,0,0,1
1,0,0,0,1
1,0,0,0,1
1,0,0,0,1
3,0,0,0,3
1,0,0,0,1
1,0,0,0,1
2,0,0,0,2
3,0,0,0,3
1,0,0,0,1
1,0,0,0,1
1,0,0,0,1
2,0,0,0,2
1,0,0,0,1
1,0,0,0,1
1,0,0,0,1
1,0,0,0,1
2,0,0,0,2
1,0,0,0,1
1,0,0,0,1
1,0,0,0,1
1,0,0,0,1
2,0,0,0,2
4,0,0,0,4
1,0,0,0,1
2,0,0,0,2
2,0,0,0,2
1,0,0,0,1
1,0,0,0,1
1,0,0,0,1
1,0,0,0,1
2,0,0,0,2
1,0,0,0,1
1,21,0,0,22
1,0,0,0,1
1,0,0,0,1
1,0,0,0,1
1,0,0,0,1
1,0,0,0,1
4,0,0,0,4
1,0,0,0,1
2,0,0,0,2
1,0,0,0,1
2,0,0,0,2
2,0,0,0,2
1,0,0,0,1
1,0,0,0,1
1,0,0,0,1
1,0,0,0,1
2,0,0,0,2
1,0,0,0,1
1,0,0,0,1
3,10,0,0,13
1,0,0,0,1
1,0,0,0,1
1,0,0,0,1
3,0,0,0,3
1,0,0,0,1
1,0,0,0,1
4,0,0,0,4
1,0,0,0,1
1,0,0,0,1
1,0,0,0,1
1,0,0,0,1
1,0,0,0,1
1,0,0,0,1
6,0,0,0,6
3,0,0,0,3
1,0,0,0,1
2,0,0,0,2
1,0,0,0,1
2,0,0,0,2
3,0,0,0,3
2,0,0,0,2
3,0,0,0,3
3,0,0,0,3
1,0,0,0,1
1,2,0,0,3
1,0,0,0,1
1,0,0,0,1
3,0,0,0,3
1,0,0,0,1
2,0,0,0,2
3,0,0,0,3
1,0,0,0,1
2,0,0,0,2
1,0,0,0,1
1,0,0,0,1
2,0,0,0,2
2,3,1,0,6
1,0,0,0,1
3,0,0,0,3
1,0,0,0,1
1,0,0,0,1
1,0,0,0,1
2,0,0,0,2
9,3,0,0,12
1,0,0,0,1
4,1,0,0,5
5,1,0,0,6
1,0,0,0,1
1,0,0,0,1
1,0,0,0,1
1,0,0,0,1
1,0,0,0,1
1,0,0,0,1
1,0,0,0,1
1,0,0,0,1
1,0,0,0,1
1,0,0,0,1
1,0,0,0,1
7,2,0,0,9
2,0,0,0,2
3,0,0,0,3
1,0,0,0,1
1,5,0,0,6
1,0,0,0,1
2,0,0,0,2
2,0,0,0,2
1,1,0,0,2
1,0,0,0,1
1,0,0,0,1
8,0,0,0,8
1,0,0,0,1
1,0,0,0,1
2,0,0,0,2
4,0,0,0,4
2,0,0,0,2
1,0,0,0,1
1,0,0,0,1
5,0,0,0,5
1,0,0,0,1
1,0,0,0,1
1,0,0,0,1
2,0,0,0,2
1,0,0,0,1
1,0,0,0,1
1,0,0,0,1
1,0,0,0,1
1,0,0,0,1
1,0,0,0,1
1,0,0,0,1
1,0,0,0,1
2,0,0,0,2
1,0,0,0,1
1,0,0,0,1
1,0,0,0,1
1,0,0,0,1
2,2,1,0,5
1,0,0,0,1
1,0,0,0,1
1,0,0,0,1
1,0,0,0,1
1,0,0,0,1
1,0,0,0,1
2,0,0,0,2
2,0,0,0,2
1,0,0,0,1
1,0,0,0,1
1,0,0,0,1
1,0,0,0,1
2,0,0,0,2
1,0,0,0,1
2,0,0,0,2
1,0,0,0,1
4,0,0,0,4
1,0,0,0,1
1,0,0,0,1
2,0,0,0,2
2,0,0,0,2
1,0,0,0,1
1,0,0,0,1
1,0,0,0,1
1,0,0,0,1
1,0,0,0,1
2,0,0,0,2
2,0,0,0,2
1,0,0,0,1
1,0,0,0,1
4,0,0,0,4
1,0,0,0,1
1,0,0,0,1
1,0,0,0,1
1,0,0,0,1
1,0,0,0,1
1,0,0,0,1
2,0,0,0,2
1,0,0,0,1
1,0,0,0,1
1,0,0,0,1
1,0,0,0,1
2,0,0,0,2
1,0,0,0,1
1,0,0,0,1
1,1,0,0,2
1,0,0,0,1
1,0,0,0,1
4,0,0,0,4
1,0,0,0,1
1,0,0,0,1
2,0,0,0,2
3,0,0,0,3
3,2,0,0,5
1,0,0,0,1
1,0,0,0,1
3,0,0,0,3
1,0,0,0,1
2,0,0,0,2
2,0,0,0,2
2,0,0,0,2
1,0,0,0,1
1,54,0,0,55
5,0,0,0,5
1,0,0,0,1
1,0,0,0,1
4,0,0,0,4
2,0,0,0,2
2,0,0,0,2
1,0,0,0,1
1,0,0,0,1
2,0,0,0,2
1,0,0,0,1
1,0,0,0,1
1,0,0,0,1
1,0,0,0,1
1,0,0,0,1
1,0,0,0,1
3,5,1,0,9
1,0,0,0,1
1,0,0,0,1
1,0,0,0,1
1,0,0,0,1
5,0,0,0,5
1,0,0,0,1
1,0,0,0,1
3,0,0,0,3
1,0,0,0,1
1,0,0,0,1
1,15,0,0,16
1,0,0,0,1
1,0,0,0,1
1,0,0,0,1
1,0,0,0,1
1,0,0,0,1
1,0,0,0,1
1,0,0,0,1
1,0,0,0,1
1,0,0,0,1
1,0,0,0,1
2,0,0,0,2
1,0,0,0,1
2,1,2,0,5
1,0,0,0,1
1,0,0,0,1
2,0,0,0,2
3,0,0,0,3
1,0,0,0,1
2,0,0,0,2
1,0,0,0,1
1,0,0,0,1
1,0,0,0,1
2,0,0,0,2
2,0,0,0,2
1,0,0,0,1
3,0,0,0,3
1,0,0,0,1
1,0,0,0,1
1,0,0,0,1
1,0,0,0,1
1,0,0,0,1
4,0,1,0,5
1,0,0,0,1
4,0,0,0,4
1,0,0,0,1
1,0,0,0,1
2,0,0,0,2
1,0,0,0,1
1,0,0,0,1
1,0,0,0,1
7,0,0,0,7
1,0,0,0,1
1,0,0,0,1
1,0,0,0,1
1,0,0,0,1
2,0,0,0,2
1,0,0,0,1
2,0,0,0,2
1,0,0,0,1
2,0,0,0,2
1,0,0,0,1
1,0,0,0,1
1,0,0,0,1
1,0,0,0,1
1,0,0,0,1
3,4,0,0,7
1,0,0,0,1
1,0,0,0,1
1,0,0,0,1
1,0,0,0,1
1,0,0,0,1
2,0,0,0,2
1,0,0,0,1
1,0,0,0,1
2,0,0,0,2
1,0,0,0,1
1,0,0,0,1
1,0,0,0,1
3,0,0,0,3
1,0,0,0,1
1,0,0,0,1
1,0,0,0,1
2,0,0,0,2
1,0,0,0,1
1,0,2,0,3
1,0,0,0,1
1,0,0,0,1
1,0,0,0,1
1,0,0,0,1
2,0,0,0,2
1,0,0,0,1
1,0,0,0,1
1,1,0,0,2
1,0,0,0,1
1,0,0,0,1
1,0,0,0,1
1,0,0,0,1
1,0,0,0,1
1,0,0,0,1
4,0,0,0,4
1,0,0,0,1
1,0,0,0,1
1,0,0,0,1
1,0,0,0,1
2,0,0,0,2
1,0,0,0,1
1,0,0,0,1
3,0,0,0,3
2,0,0,0,2
1,0,0,0,1
1,0,0,0,1
1,0,0,0,1
1,0,0,0,1
2,0,0,0,2
1,0,0,0,1
1,0,0,0,1
1,0,0,0,1
3,0,0,0,3
1,0,0,0,1
2,0,0,0,2
2,0,0,0,2
1,3,0,0,4
1,0,0,0,1
3,0,0,0,3
1,0,0,0,1
1,0,0,0,1
2,32,0,0,34
2,0,0,0,2
7,0,0,0,7
1,0,0,0,1
1,0,0,0,1
1,0,0,0,1
1,0,0,0,1
1,0,0,0,1
1,0,0,0,1
1,0,0,0,1
1,0,0,0,1
1,0,0,0,1
2,0,0,0,2
1,0,0,0,1
1,0,0,0,1
2,0,0,0,2
2,0,0,0,2
1,0,0,0,1
2,0,0,0,2
1,0,0,0,1
1,0,0,0,1
1,0,0,0,1
1,0,0,0,1
4,0,0,0,4
1,0,0,0,1
1,0,0,0,1
1,0,0,0,1
6,0,0,0,6
1,0,0,0,1
1,0,0,0,1
2,0,0,0,2
2,0,0,0,2
11,0,0,0,11
1,0,0,0,1
1,0,0,0,1
1,0,0,0,1
1,0,0,0,1
2,0,0,0,2
8,0,0,0,8
2,0,0,0,2
1,0,0,0,1
2,0,0,0,2
1,0,0,0,1
1,0,0,0,1
1,0,0,0,1
1,0,0,0,1
4,0,0,0,4
2,0,0,0,2
1,0,0,0,1
4,0,0,0,4
1,0,0,0,1
6,2,0,0,8
1,0,0,0,1
1,0,0,0,1
1,0,0,0,1
1,0,0,0,1
2,1,0,0,3
1,0,0,0,1
1,0,0,0,1
1,0,0,0,1
5,0,0,0,5
2,0,0,0,2
1,0,0,0,1
4,0,0,0,4
1,0,0,0,1
2,0,0,0,2
2,0,0,0,2
1,0,0,0,1
2,0,0,0,2
1,0,0,0,1
1,0,0,0,1
1,0,0,0,1
2,0,0,0,2
2,0,0,0,2
2,0,0,0,2
1,0,0,0,1
1,1,0,0,2
2,0,0,0,2
1,0,0,0,1
1,0,0,0,1
3,0,0,0,3
2,0,0,0,2
2,0,0,0,2
1,0,0,0,1
2,0,0,0,2
1,0,0,0,1
1,0,0,0,1
2,0,0,0,2
1,0,0,0,1
2,0,0,0,2
1,0,0,0,1
1,0,0,0,1
1,0,0,0,1
1,0,0,0,1
2,0,0,0,2
1,0,0,0,1
1,0,0,0,1
3,0,0,0,3
1,0,0,0,1
1,0,0,0,1
1,0,0,0,1
1,0,0,0,1
1,0,0,0,1
1,0,0,0,1
2,7,1,0,10
5,1,0,0,6
1,0,0,0,1
1,0,0,0,1
2,0,0,0,2
1,0,0,0,1
1,0,0,0,1
1,0,0,0,1
1,0,0,0,1
1,0,0,0,1
1,0,0,0,1
1,0,0,0,1
1,19,0,0,20
1,0,0,0,1
2,0,0,0,2
2,0,0,0,2
1,0,0,0,1
1,0,0,0,1
1,0,0,0,1
1,0,0,0,1
1,0,0,0,1
1,0,0,0,1
6,0,0,0,6
1,0,0,0,1
1,0,0,0,1
1,0,0,0,1
1,0,0,0,1
1,0,0,0,1
6,0,0,0,6
1,0,0,0,1
1,0,0,0,1
1,0,0,0,1
1,0,0,0,1
1,0,0,0,1
1,0,0,0,1
2,0,0,0,2
1,0,0,0,1
1,0,0,0,1
2,0,0,0,2
2,0,0,0,2
2,0,0,0,2
2,0,0,0,2
1,0,0,0,1
1,0,0,0,1
1,0,0,0,1
1,0,0,0,1
1,0,0,0,1
2,0,0,0,2
3,0,0,0,3
2,0,0,0,2
1,0,0,0,1
1,0,0,0,1
1,0,0,0,1
1,0,0,0,1
1,0,0,0,1
1,0,0,0,1
1,0,0,0,1
2,0,0,0,2
1,0,0,0,1
1,0,0,0,1
1,0,0,0,1
4,0,0,0,4
2,0,0,0,2
1,0,0,0,1
1,0,0,0,1
1,0,0,0,1
2,0,0,0,2
1,0,0,0,1
2,0,0,0,2
1,0,0,0,1
1,0,0,0,1
1,1,0,0,2
1,0,0,0,1
1,0,0,0,1
1,0,0,0,1
2,2,0,0,4
1,0,0,0,1
1,0,0,0,1
2,0,0,0,2
1,0,0,0,1
4,0,0,0,4
1,0,0,0,1
1,0,0,0,1
1,0,0,0,1
1,0,0,0,1
1,0,0,0,1
2,0,0,0,2
1,0,0,0,1
1,0,0,0,1
8,0,0,0,8
1,0,0,0,1
4,0,0,0,4
1,0,0,0,1
1,0,0,0,1
1,0,0,0,1
6,0,0,0,6
2,0,0,0,2
1,0,0,0,1
1,0,0,0,1
1,0,0,0,1
1,0,0,0,1
1,0,0,0,1
1,0,0,0,1
1,0,0,0,1
1,0,0,0,1
1,0,0,0,1
2,0,0,0,2
1,0,0,0,1
1,0,0,0,1
4,0,0,0,4
1,0,0,0,1
1,0,0,0,1
1,0,0,0,1
1,5,0,0,6
2,0,0,0,2
1,0,0,0,1
1,3,0,0,4
4,0,0,0,4
1,0,0,0,1
1,0,0,0,1
1,0,0,0,1
1,0,0,0,1
1,0,0,0,1
1,0,0,0,1
1,0,0,0,1
3,0,0,0,3
1,0,0,0,1
4,0,0,0,4
4,0,0,0,4
3,0,0,0,3
1,0,0,0,1
1,0,0,0,1
1,0,0,0,1
1,0,0,0,1
1,10,1,0,12
1,0,0,0,1
1,0,0,0,1
2,0,0,0,2
1,0,0,0,1
1,0,0,0,1
1,0,0,0,1
1,0,0,0,1
5,6,4,0,15
3,0,0,0,3
3,0,2,0,5
1,0,0,0,1
21,0,0,0,21
1,0,0,0,1
1,0,0,0,1
1,0,0,0,1
1,0,0,0,1
1,0,0,0,1
1,0,0,0,1
1,0,0,0,1
1,0,0,0,1
4,0,0,0,4
3,0,0,0,3
1,0,0,0,1
1,2,0,0,3
1,0,0,0,1
3,0,0,0,3
1,0,0,0,1
1,0,0,0,1
2,0,0,0,2
3,0,0,0,3
5,0,0,0,5
2,0,0,0,2
1,0,0,0,1
1,0,0,0,1
1,0,0,0,1
1,0,0,0,1
1,0,0,0,1
1,0,0,0,1
1,0,0,0,1
1,0,0,0,1
1,0,0,0,1
1,0,0,0,1
1,0,0,0,1
2,0,0,0,2
2,0,0,0,2
1,0,0,0,1
2,0,0,0,2
2,0,0,0,2
2,0,0,0,2
1,0,0,0,1
2,0,0,0,2
1,0,0,0,1
1,0,0,0,1
1,0,0,0,1
8,0,0,0,8
1,0,0,0,1
1,0,0,0,1
1,0,0,0,1
1,0,0,0,1
1,0,0,0,1
1,0,0,0,1
1,0,0,0,1
3,0,0,0,3
1,0,0,0,1
1,0,0,0,1
1,0,0,0,1
1,0,0,0,1
3,0,0,0,3
2,0,0,0,2
1,0,0,0,1
2,0,0,0,2
5,0,0,0,5
1,0,0,0,1
4,0,0,0,4
1,0,0,0,1
10,0,0,0,10
2,0,0,0,2
2,0,0,0,2
3,0,0,0,3
1,0,0,0,1
1,0,0,0,1
1,0,0,0,1
1,0,0,0,1
2,0,0,0,2
1,0,0,0,1
4,15,0,0,19
2,0,0,0,2
1,0,0,0,1
1,0,0,0,1
1,0,0,0,1
18,4,0,0,22
1,0,0,0,1
1,0,0,0,1
1,0,0,0,1
1,0,0,0,1
6,0,0,0,6
4,0,1,0,5
1,0,0,0,1
1,0,0,0,1
2,0,0,0,2
1,0,0,0,1
1,0,0,0,1
1,0,0,0,1
1,0,0,0,1
1,0,0,0,1
1,0,0,0,1
1,0,0,0,1
7,0,0,0,7
2,12,0,0,14
3,0,0,0,3
4,0,0,0,4
1,0,0,0,1
4,0,0,0,4
1,0,0,0,1
1,0,0,0,1
1,0,0,0,1
1,0,0,0,1
2,0,0,0,2
1,0,0,0,1
1,0,0,0,1
5,0,0,0,5
1,0,0,0,1
4,1,0,0,5
2,0,0,0,2
3,0,0,0,3
2,0,0,0,2
1,0,0,0,1
3,0,0,0,3
1,0,0,0,1
1,0,0,0,1
1,0,0,0,1
1,0,0,0,1
1,0,0,0,1
2,0,0,0,2
1,0,0,0,1
2,0,0,0,2
1,0,0,0,1
2,0,0,0,2
1,0,0,0,1
1,0,0,0,1
1,0,0,0,1
1,0,0,0,1
2,0,0,0,2
1,0,0,0,1
2,0,0,0,2
1,0,0,0,1
1,0,0,0,1
3,0,0,0,3
6,0,0,0,6
1,0,0,0,1
1,0,0,0,1
3,0,0,0,3
1,0,0,0,1
1,0,0,0,1
4,0,0,0,4
6,0,1,0,7
1,0,0,0,1
4,2,0,0,6
1,0,0,0,1
2,0,0,0,2
2,0,0,0,2
1,0,0,0,1
3,0,0,0,3
2,0,0,0,2
4,0,0,0,4
1,0,0,0,1
1,0,0,0,1
2,0,0,0,2
1,0,0,0,1
1,0,0,0,1
1,0,0,0,1
1,0,0,0,1
1,0,0,0,1
1,0,0,0,1
1,0,0,0,1
1,0,0,0,1
1,0,0,0,1
1,0,0,0,1
1,2,0,0,3
1,0,0,0,1
1,0,0,0,1
3,0,0,0,3
2,0,0,0,2
3,0,0,0,3
1,0,0,0,1
1,0,0,0,1
1,4,0,0,5
1,0,0,0,1
2,0,0,0,2
1,0,0,0,1
1,0,0,0,1
1,0,0,0,1
4,0,0,0,4
3,6,1,0,10
1,0,0,0,1
1,0,0,0,1
1,0,0,0,1
1,0,0,0,1
1,0,0,0,1
1,0,0,0,1
2,30,0,0,32
1,0,0,0,1
1,0,0,0,1
1,0,0,0,1
1,0,0,0,1
1,0,0,0,1
1,0,0,0,1
1,0,0,0,1
1,0,0,0,1
1,0,0,0,1
1,0,0,0,1
1,0,0,0,1
1,0,0,0,1
4,0,0,0,4
1,0,0,0,1
2,0,0,0,2
5,0,0,0,5
1,2,0,0,3
1,0,0,0,1
3,0,0,0,3
3,0,0,0,3
2,0,0,0,2
3,0,0,0,3
1,0,0,0,1
1,0,0,0,1
13,1,0,0,14
1,0,0,0,1
2,0,0,0,2
1,0,0,0,1
3,0,0,0,3
4,0,0,0,4
1,0,0,0,1
1,0,0,0,1
1,0,0,0,1
2,0,0,0,2
2,0,0,0,2
1,0,0,0,1
1,0,0,0,1
1,0,0,0,1
1,0,0,0,1
2,0,0,0,2
1,0,0,0,1
3,0,0,0,3
5,0,0,0,5
1,0,0,0,1
2,0,0,0,2
3,0,0,0,3
1,0,0,0,1
4,1,1,0,6
9,1,0,0,10
1,0,0,0,1
1,0,0,0,1
4,0,0,0,4
4,0,0,0,4
1,0,0,0,1
1,0,0,0,1
1,0,0,0,1
4,0,0,0,4
1,0,0,0,1
1,0,0,0,1
1,0,0,0,1
10,3,1,0,14
2,0,0,0,2
1,0,0,0,1
2,0,0,0,2
1,0,0,0,1
2,0,0,0,2
2,0,0,0,2
1,0,0,0,1
1,0,0,0,1
1,0,0,0,1
4,0,0,0,4
1,0,0,0,1
1,0,0,0,1
1,0,0,0,1
1,0,0,0,1
1,0,0,0,1
1,0,0,0,1
10,0,0,0,10
1,0,0,0,1
1,0,0,0,1
1,0,0,0,1
7,0,0,0,7
1,0,0,0,1
1,0,0,0,1
1,0,0,0,1
5,0,0,0,5
1,0,0,0,1
7,0,0,0,7
2,1,0,0,3
1,0,0,0,1
6,0,0,0,6
2,0,0,0,2
1,0,0,0,1
2,0,0,0,2
1,0,0,0,1
2,0,0,0,2
1,0,0,0,1
1,0,0,0,1
1,0,0,0,1
1,0,0,0,1
1,0,0,0,1
1,0,0,0,1
2,0,0,0,2
3,0,0,0,3
1,0,0,0,1
1,0,0,0,1
2,0,0,0,2
1,0,0,0,1
3,0,0,0,3
2,0,0,0,2
1,0,0,0,1
2,0,0,0,2
5,7,0,0,12
1,0,0,0,1
1,0,0,0,1
4,0,0,0,4
1,0,0,0,1
1,0,0,0,1
1,0,0,0,1
4,2,0,0,6
1,0,0,0,1
1,0,0,0,1
1,0,0,0,1
2,0,0,0,2
1,0,0,0,1
1,0,0,0,1
1,0,0,0,1
2,0,0,0,2
6,1,0,0,7
1,0,0,0,1
1,0,0,0,1
1,0,0,0,1
1,0,0,0,1
2,0,0,0,2
1,0,0,0,1
1,0,0,0,1
1,0,0,0,1
2,0,0,0,2
1,0,0,0,1
3,0,0,0,3
1,0,0,0,1
3,0,0,0,3
1,0,0,0,1
1,0,0,0,1
1,0,0,0,1
1,0,0,0,1
1,0,0,0,1
1,0,0,0,1
1,0,0,0,1
9,0,0,0,9
1,0,0,0,1
1,0,0,0,1
1,0,0,0,1
8,0,0,0,8
1,0,0,0,1
1,0,1,0,2
4,0,0,0,4
1,0,0,0,1
2,0,0,0,2
1,0,0,0,1
1,0,0,0,1
1,0,0,0,1
1,0,0,0,1
1,0,0,0,1
1,0,0,0,1
1,0,0,0,1
1,0,0,0,1
1,0,0,0,1
1,0,0,0,1
3,0,0,0,3
1,0,0,0,1
2,0,0,0,2
1,0,0,0,1
1,0,0,0,1
1,0,0,0,1
1,0,0,0,1
1,0,0,0,1
1,0,0,0,1
1,0,0,0,1
2,0,0,0,2
18,44,1,0,63
1,0,0,0,1
1,0,0,0,1
1,0,0,0,1
1,0,0,0,1
1,0,0,0,1
1,0,0,0,1
1,0,0,0,1
1,0,0,0,1
2,0,0,0,2
1,0,0,0,1
5,0,0,0,5
1,0,0,0,1
1,0,0,0,1
1,0,0,0,1
1,0,0,0,1
2,0,0,0,2
3,0,0,0,3
1,0,0,0,1
1,0,0,0,1
1,0,0,0,1
1,0,0,0,1
1,0,0,0,1
2,0,0,0,2
1,0,0,0,1
1,0,0,0,1
1,0,0,0,1
3,0,0,0,3
1,0,0,0,1
1,0,0,0,1
1,0,0,0,1
9,1,0,0,10
1,0,0,0,1
3,0,0,0,3
1,0,0,0,1
1,0,0,0,1
1,0,0,0,1
1,0,0,0,1
4,0,0,0,4
1,0,0,0,1
2,0,0,0,2
10,2,0,0,12
2,12,0,0,14
1,0,0,0,1
1,0,0,0,1
1,0,0,0,1
11,0,0,0,11
1,0,0,0,1
3,0,0,0,3
1,0,0,0,1
1,0,0,0,1
1,0,0,0,1
2,0,0,0,2
2,1,0,0,3
2,13,0,0,15
6,0,0,0,6
1,0,0,0,1
2,10,0,0,12
1,0,0,0,1
3,2,0,0,5
1,0,0,0,1
3,0,0,0,3
3,0,0,0,3
1,0,0,0,1
2,0,0,0,2
1,0,0,0,1
5,0,0,0,5
1,0,0,0,1
1,0,0,0,1
1,0,0,0,1
1,0,0,0,1
1,0,0,0,1
1,0,0,0,1
1,1074,0,0,1075
5,0,0,0,5
1,0,0,0,1
1,0,0,0,1
2,0,0,0,2
2,0,0,0,2
1,0,0,0,1
1,0,0,0,1
1,0,0,0,1
4,0,0,0,4
1,0,0,0,1
3,0,0,0,3
1,0,0,0,1
5,0,0,0,5
1,0,0,0,1
1,0,0,0,1
1,0,0,0,1
2,0,0,0,2
1,0,0,0,1
1,0,0,0,1
1,0,0,0,1
2,8,0,0,10
2,0,0,0,2
1,0,0,0,1
3,0,0,0,3
1,0,0,0,1
4,0,0,0,4
1,0,0,0,1
3,0,0,0,3
1,0,0,0,1
3,0,0,0,3
5,0,0,0,5
3,0,0,0,3
1,0,0,0,1
1,0,0,0,1
3,1,1,0,5
2,0,0,0,2
1,0,0,0,1
1,0,0,0,1
1,0,0,0,1
1,0,0,0,1
1,0,0,0,1
2,0,0,0,2
1,0,0,0,1
1,0,0,0,1
1,0,0,0,1
1,0,0,0,1
1,0,0,0,1
2,4,0,0,6
1,0,0,0,1
1,0,0,0,1
1,0,0,0,1
1,0,0,0,1
3,0,0,0,3
4,0,0,0,4
2,0,0,0,2
5,0,0,0,5
1,0,0,0,1
3,0,0,0,3
1,0,0,0,1
1,0,0,0,1
1,0,0,0,1
1,0,0,0,1
2,0,0,0,2
2,0,0,0,2
2,0,0,0,2
1,0,0,0,1
2,0,0,0,2
1,0,0,0,1
2,0,0,0,2
17,0,0,0,17
2,0,0,0,2
6,0,0,0,6
1,0,0,0,1
1,0,0,0,1
2,0,0,0,2
1,0,0,0,1
8,0,0,0,8
1,0,0,0,1
2,1,0,0,3
1,0,0,0,1
1,0,0,0,1
1,0,0,0,1
2,0,0,0,2
1,0,0,0,1
1,0,0,0,1
1,0,0,0,1
1,0,0,0,1
2,0,0,0,2
1,4,0,0,5
2,2,2,0,6
1,0,0,0,1
1,0,0,0,1
3,0,0,0,3
2,0,0,0,2
8,0,0,0,8
2,0,0,0,2
1,0,0,0,1
2,0,0,0,2
1,0,0,0,1
1,0,0,0,1
3,0,0,0,3
6,12,0,0,18
1,0,0,0,1
1,0,0,0,1
1,0,0,0,1
4,0,0,0,4
1,0,0,0,1
1,0,0,0,1
1,0,0,0,1
3,1,0,0,4
1,0,0,0,1
4,0,0,0,4
1,0,0,0,1
1,0,0,0,1
3,0,0,0,3
1,0,0,0,1
9,0,0,0,9
1,0,0,0,1
1,2,0,0,3
1,0,0,0,1
1,0,0,0,1
10,0,0,0,10
1,0,0,0,1
1,0,0,0,1
1,0,0,0,1
2,0,0,0,2
1,0,0,0,1
5,0,0,0,5
1,0,0,0,1
1,0,0,0,1
2,0,0,0,2
1,0,0,0,1
1,0,0,0,1
1,2,0,0,3
1,0,0,0,1
1,0,0,0,1
1,0,0,0,1
1,0,0,0,1
1,0,0,0,1
1,0,0,0,1
3,0,0,0,3
1,0,0,0,1
3,0,0,0,3
1,0,0,0,1
1,0,0,0,1
4,0,0,0,4
1,0,0,0,1
1,0,0,0,1
2,0,0,0,2
1,0,0,0,1
1,0,0,0,1
1,0,0,0,1
2,0,0,0,2
1,0,0,0,1
1,0,0,0,1
14,0,0,0,14
10,1,0,0,11
1,0,0,0,1
2,1,0,0,3
1,0,0,0,1
5,0,0,0,5
1,0,0,0,1
3,0,0,0,3
1,2,0,0,3
3,0,0,0,3
1,0,0,0,1
4,0,0,0,4
1,0,0,0,1
6,0,0,0,6
1,0,0,0,1
1,0,0,0,1
1,0,0,0,1
2,0,0,0,2
1,0,0,0,1
1,0,0,0,1
1,0,0,0,1
2,0,0,0,2
3,0,0,0,3
1,0,0,0,1
1,0,0,0,1
1,0,0,0,1
2,0,0,0,2
2,0,0,0,2
1,0,0,0,1
1,0,0,0,1
1,0,0,0,1
2,0,0,0,2
1,0,0,0,1
2,0,0,0,2
1,0,0,0,1
1,0,0,0,1
2,0,0,0,2
2,0,0,0,2
1,0,0,0,1
1,0,0,0,1
1,0,0,0,1
1,0,0,0,1
1,0,0,0,1
1,0,0,0,1
1,0,0,0,1
2,0,0,0,2
3,0,0,0,3
1,0,0,0,1
1,0,0,0,1
1,0,0,0,1
2,0,0,0,2
4,0,0,0,4
1,0,0,0,1
1,0,0,0,1
11,0,0,0,11
1,0,0,0,1
1,0,0,0,1
1,40,0,0,41
1,0,0,0,1
1,0,0,0,1
1,0,0,0,1
1,0,0,0,1
1,0,0,0,1
1,0,0,0,1
4,0,0,0,4
1,0,0,0,1
1,0,0,0,1
1,0,0,0,1
1,0,0,0,1
1,0,0,0,1
7,0,0,0,7
1,0,0,0,1
1,0,0,0,1
1,0,0,0,1
2,0,0,0,2
1,0,0,0,1
1,0,0,0,1
1,0,0,0,1
1,0,0,0,1
3,0,0,0,3
1,0,0,0,1
1,0,0,0,1
2,0,0,0,2
2,0,0,0,2
1,0,0,0,1
3,0,0,0,3
1,0,0,0,1
4,12,0,0,16
1,0,0,0,1
1,0,0,0,1
1,0,0,0,1
1,0,0,0,1
2,0,0,0,2
3,0,0,0,3
1,0,0,0,1
1,0,0,0,1
1,0,0,0,1
2,13,0,0,15
1,0,0,0,1
6,0,0,0,6
1,0,0,0,1
3,0,0,0,3
1,0,0,0,1
1,0,0,0,1
2,0,1,0,3
2,1,0,0,3
1,0,0,0,1
2,1,0,0,3
1,0,0,0,1
1,0,0,0,1
2,0,0,0,2
1,0,0,0,1
2,0,0,0,2
2,2,0,0,4
1,0,0,0,1
2,0,0,0,2
4,0,0,0,4
2,0,0,0,2
2,0,0,0,2
1,0,0,0,1
1,0,0,0,1
1,0,0,0,1
6,0,0,0,6
1,0,0,0,1
1,0,0,0,1
1,0,0,0,1
1,0,0,0,1
1,0,0,0,1
1,0,0,0,1
6,0,0,0,6
1,0,0,0,1
1,0,0,0,1
1,0,0,0,1
3,1,0,0,4
3,0,0,0,3
1,0,0,0,1
1,0,0,0,1
2,0,0,0,2
1,0,0,0,1
1,0,0,0,1
1,0,0,0,1
3,0,0,0,3
1,0,0,0,1
1,0,0,0,1
3,0,0,0,3
2,0,0,0,2
1,0,0,0,1
3,0,0,0,3
1,0,0,0,1
1,0,0,0,1
3,0,0,0,3
2,0,0,0,2
3,0,0,0,3
1,0,0,0,1
3,0,0,0,3
1,0,0,0,1
2,0,0,0,2
1,0,0,0,1
1,0,0,0,1
1,0,0,0,1
1,0,0,0,1
2,0,0,0,2
3,0,0,0,3
1,5,2,0,8
6,0,0,0,6
2,0,0,0,2
1,0,0,0,1
2,0,0,0,2
1,0,0,0,1
2,38,0,0,40
1,0,0,0,1
1,0,0,0,1
1,0,0,0,1
1,0,0,0,1
1,0,0,0,1
1,0,0,0,1
1,0,0,0,1
1,0,0,0,1
2,0,0,0,2
1,0,0,0,1
1,0,0,0,1
1,0,0,0,1
1,0,0,0,1
2,0,0,0,2
2,0,0,0,2
1,0,0,0,1
3,0,0,0,3
1,0,0,0,1
1,0,0,0,1
4,1,0,0,5
1,0,0,0,1
1,0,0,0,1
2,0,0,0,2
1,0,0,0,1
1,0,0,0,1
1,0,0,0,1
1,0,0,0,1
1,0,0,0,1
1,0,0,0,1
1,0,0,0,1
2,0,0,0,2
1,0,0,0,1
1,0,0,0,1
4,2,1,0,7
3,0,0,0,3
1,0,0,0,1
1,0,0,0,1
1,0,0,0,1
1,0,0,0,1
1,0,0,0,1
2,0,0,0,2
1,0,0,0,1
1,0,0,0,1
1,1,0,0,2
1,0,0,0,1
1,0,0,0,1
1,0,0,0,1
1,0,0,0,1
13,0,0,0,13
3,0,0,0,3
1,0,0,0,1
1,0,0,0,1
1,0,0,0,1
1,0,0,0,1
1,0,0,0,1
1,0,0,0,1
1,0,0,0,1
1,0,0,0,1
1,0,0,0,1
1,1,0,0,2
1,1,0,0,2
1,0,0,0,1
1,0,0,0,1
2,3,0,0,5
2,0,0,0,2
1,0,0,0,1
2,1,0,0,3
1,0,0,0,1
1,0,0,0,1
3,0,0,0,3
1,0,0,0,1
1,0,0,0,1
1,0,0,0,1
1,0,0,0,1
2,0,0,0,2
2,0,0,0,2
1,0,0,0,1
1,0,0,0,1
1,0,0,0,1
1,0,0,0,1
3,0,0,0,3
4,0,0,0,4
1,0,0,0,1
1,0,0,0,1
1,0,0,0,1
1,0,0,0,1
2,0,0,0,2
1,0,0,0,1
1,0,0,0,1
1,0,0,0,1
1,0,0,0,1
2,0,0,0,2
1,0,0,0,1
11,0,0,0,11
1,0,0,0,1
1,0,0,0,1
2,0,0,0,2
2,0,0,0,2
1,0,0,0,1
1,0,0,0,1
1,0,0,0,1
2,0,0,0,2
1,0,0,0,1
2,0,0,0,2
4,0,0,0,4
1,0,0,0,1
1,0,0,0,1
1,0,0,0,1
1,0,0,0,1
1,0,0,0,1
1,0,0,0,1
2,0,0,0,2
1,0,0,0,1
1,0,0,0,1
1,0,0,0,1
1,0,0,0,1
1,0,0,0,1
10,5,0,0,15
1,0,0,0,1
1,0,0,0,1
1,0,0,0,1
1,0,0,0,1
2,0,0,0,2
2,0,0,0,2
4,0,0,0,4
1,0,0,0,1
1,0,0,0,1
8,0,0,0,8
1,0,0,0,1
1,0,0,0,1
1,0,0,0,1
1,0,0,0,1
1,0,0,0,1
2,0,0,0,2
1,0,0,0,1
1,0,0,0,1
3,0,0,0,3
2,0,0,0,2
1,0,0,0,1
1,0,0,0,1
2,0,0,0,2
2,0,0,0,2
1,0,0,0,1
2,0,0,0,2
1,0,0,0,1
1,0,0,0,1
2,0,0,0,2
2,0,0,0,2
1,0,0,0,1
1,0,0,0,1
1,0,0,0,1
2,0,0,0,2
1,0,0,0,1
4,15,5,0,24
1,0,0,0,1
1,0,0,0,1
2,0,0,0,2
2,0,0,0,2
1,0,0,0,1
1,0,0,0,1
1,0,0,0,1
1,0,0,0,1
1,0,0,0,1
2,0,0,0,2
5,4,0,0,9
1,0,0,0,1
8,0,0,0,8
1,0,0,0,1
2,0,0,0,2
1,0,0,0,1
1,0,0,0,1
1,0,0,0,1
1,0,0,0,1
2,0,0,0,2
1,0,0,0,1
1,0,0,0,1
2,0,0,0,2
1,0,0,0,1
2,0,0,0,2
1,0,0,0,1
2,0,0,0,2
1,0,0,0,1
1,0,0,0,1
1,0,0,0,1
1,0,0,0,1
1,0,0,0,1
1,0,0,0,1
1,0,0,0,1
4,0,0,0,4
1,0,0,0,1
3,0,0,0,3
1,0,0,0,1
1,0,0,0,1
1,0,0,0,1
3,0,0,0,3
1,0,0,0,1
1,0,0,0,1
1,0,0,0,1
1,0,0,0,1
1,0,0,0,1
1,0,0,0,1
2,0,0,0,2
3,0,0,0,3
1,0,0,0,1
2,11,1,0,14
1,0,0,0,1
1,0,0,0,1
2,0,0,0,2
4,0,0,0,4
2,0,0,0,2
1,0,0,0,1
1,0,0,0,1
1,0,0,0,1
1,0,0,0,1
2,0,0,0,2
1,0,0,0,1
2,0,0,0,2
1,0,0,0,1
1,0,0,0,1
1,0,0,0,1
3,0,0,0,3
2,0,0,0,2
1,0,0,0,1
3,0,0,0,3
1,0,0,0,1
2,0,0,0,2
1,0,0,0,1
1,0,0,0,1
3,0,0,0,3
1,0,0,0,1
4,0,0,0,4
8,0,0,0,8
1,0,0,0,1
1,0,0,0,1
2,0,0,0,2
1,0,0,0,1
4,1,1,0,6
1,0,0,0,1
1,0,0,0,1
2,0,0,0,2
1,0,0,0,1
1,0,0,0,1
1,0,0,0,1
1,0,0,0,1
3,2,0,0,5
2,0,0,0,2
4,0,0,0,4
3,3,1,0,7
1,0,0,0,1
4,0,0,0,4
1,0,0,0,1
1,0,0,0,1
1,0,0,0,1
3,0,0,0,3
1,0,0,0,1
3,0,0,0,3
1,0,0,0,1
2,0,0,0,2
1,0,0,0,1
4,0,0,0,4
1,0,0,0,1
1,0,0,0,1
1,0,0,0,1
1,0,0,0,1
1,0,0,0,1
2,0,0,0,2
3,0,0,0,3
1,0,0,0,1
1,1,2,0,4
2,2,0,0,4
1,0,0,0,1
1,0,0,0,1
1,0,0,0,1
1,0,0,0,1
2,0,0,0,2
1,0,0,0,1
1,0,0,0,1
1,0,0,0,1
1,0,0,0,1
3,0,0,0,3
1,0,0,0,1
6,0,0,0,6
1,0,0,0,1
1,0,0,0,1
7,2,0,0,9
1,0,0,0,1
2,1,0,0,3
1,0,0,0,1
1,0,0,0,1
1,0,0,0,1
2,0,0,0,2
1,0,0,0,1
5,0,0,0,5
1,0,0,0,1
1,0,0,0,1
1,0,0,0,1
3,0,0,0,3
1,0,0,0,1
2,0,0,0,2
2,0,0,0,2
8,0,0,0,8
2,0,0,0,2
4,0,0,0,4
2,0,0,0,2
1,0,0,0,1
1,0,0,0,1
1,0,0,0,1
1,0,0,0,1
1,0,0,0,1
1,0,0,0,1
1,0,0,0,1
1,0,0,0,1
1,0,0,0,1
2,0,0,0,2
1,0,0,0,1
1,0,0,0,1
3,0,0,0,3
3,0,0,0,3
1,0,0,0,1
1,0,0,0,1
1,0,0,0,1
5,0,0,0,5
1,21,0,0,22
3,0,0,0,3
3,0,0,0,3
1,0,0,0,1
1,0,0,0,1
2,0,0,0,2
2,0,0,0,2
1,2,0,0,3
1,0,0,0,1
1,0,0,0,1
2,0,0,0,2
2,0,0,0,2
1,0,0,0,1
2,0,0,0,2
1,0,0,0,1
1,0,0,0,1
1,0,0,0,1
1,0,0,0,1
1,0,0,0,1
1,0,0,0,1
1,0,0,0,1
1,0,0,0,1
1,0,0,0,1
1,0,0,0,1
1,0,0,0,1
1,0,0,0,1
1,0,0,0,1
1,0,0,0,1
1,0,0,0,1
2,0,0,0,2
1,0,0,0,1
2,0,0,0,2
1,1,0,0,2
1,0,0,0,1
2,0,0,0,2
2,0,0,0,2
1,0,0,0,1
1,0,0,0,1
1,0,0,0,1
10,4,1,0,15
1,0,0,0,1
1,0,0,0,1
1,0,0,0,1
2,0,0,0,2
1,0,0,0,1
1,0,0,0,1
1,0,0,0,1
2,0,0,0,2
1,0,0,0,1
1,0,0,0,1
1,0,0,0,1
1,2,0,0,3
6,6,0,0,12
2,0,0,0,2
1,0,0,0,1
1,0,0,0,1
1,0,0,0,1
2,0,0,0,2
5,5,0,0,10
1,0,0,0,1
1,0,0,0,1
14,2,0,0,16
1,0,0,0,1
3,0,0,0,3
1,0,0,0,1
1,0,0,0,1
1,0,0,0,1
1,0,0,0,1
4,0,0,0,4
1,0,0,0,1
1,0,0,0,1
1,0,0,0,1
2,0,0,0,2
1,0,0,0,1
4,0,0,0,4
1,0,0,0,1
2,0,0,0,2
1,0,0,0,1
4,1,0,0,5
1,0,0,0,1
1,0,0,0,1
1,0,0,0,1
8,32,2,0,42
2,0,0,0,2
1,0,0,0,1
1,0,0,0,1
1,0,0,0,1
1,0,0,0,1
1,0,0,0,1
1,0,0,0,1
3,0,0,0,3
1,0,0,0,1
1,0,0,0,1
1,0,0,0,1
1,0,0,0,1
1,0,0,0,1
1,0,0,0,1
1,0,0,0,1
1,0,0,0,1
1,0,0,0,1
1,0,0,0,1
1,0,0,0,1
2,0,0,0,2
1,0,0,0,1
1,0,0,0,1
1,0,0,0,1
1,0,0,0,1
1,0,0,0,1
13,48,0,0,61
4,0,0,0,4
1,0,0,0,1
2,0,0,0,2
1,0,0,0,1
2,0,0,0,2
1,0,0,0,1
1,0,0,0,1
1,0,0,0,1
5,0,0,0,5
1,0,0,0,1
1,0,0,0,1
3,0,0,0,3
2,0,0,0,2
7,0,0,0,7
3,0,0,0,3
1,0,0,0,1
1,0,0,0,1
1,0,0,0,1
1,0,0,0,1
2,0,0,0,2
1,0,0,0,1
1,0,0,0,1
3,0,0,0,3
1,0,0,0,1
4,0,0,0,4
5,0,0,0,5
1,0,0,0,1
1,0,0,0,1
3,0,0,0,3
2,0,0,0,2
1,0,0,0,1
2,0,0,0,2
1,512,0,0,513
1,0,0,0,1
4,0,0,0,4
6,0,0,0,6
1,0,0,0,1
5,0,0,0,5
1,0,0,0,1
1,0,0,0,1
4,0,0,0,4
1,0,0,0,1
1,1,1,0,3
2,0,0,0,2
2,0,0,0,2
3,0,0,0,3
8,0,0,0,8
1,0,0,0,1
1,0,0,0,1
3,1,1,0,5
1,0,0,0,1
1,0,0,0,1
1,0,0,0,1
1,0,0,0,1
1,2,0,0,3
1,0,0,0,1
1,0,0,0,1
2,0,0,0,2
1,0,0,0,1
1,0,0,0,1
1,0,0,0,1
1,0,0,0,1
1,0,0,0,1
2,1,0,0,3
1,0,0,0,1
1,0,0,0,1
1,0,0,0,1
1,0,0,0,1
1,0,0,0,1
1,0,0,0,1
2,0,0,0,2
1,0,0,0,1
2,0,0,0,2
1,0,0,0,1
1,0,0,0,1
2,0,0,0,2
1,0,0,0,1
1,0,0,0,1
1,0,0,0,1
4,0,0,0,4
1,0,0,0,1
1,0,0,0,1
3,0,0,0,3
1,0,0,0,1
2,0,0,0,2
1,0,0,0,1
1,0,0,0,1
1,0,0,0,1
1,0,0,0,1
1,0,0,0,1
1,0,0,0,1
3,0,0,0,3
3,0,0,0,3
1,0,0,0,1
1,0,0,0,1
1,0,0,0,1
1,0,0,0,1
3,0,0,0,3
1,0,0,0,1
1,0,0,0,1
1,0,0,0,1
2,0,0,0,2
1,0,0,0,1
4,0,0,0,4
1,0,0,0,1
2,0,0,0,2
2,0,0,0,2
1,0,0,0,1
1,0,0,0,1
1,0,0,0,1
1,0,0,0,1
2,0,0,0,2
1,0,0,0,1
1,0,0,0,1
1,0,0,0,1
1,0,0,0,1
1,0,0,0,1
1,439,0,0,440
2,0,0,0,2
4,0,0,0,4
1,0,0,0,1
2,8,0,0,10
1,0,0,0,1
1,0,0,0,1
1,0,0,0,1
2,0,0,0,2
4,0,0,0,4
3,0,0,0,3
1,10,0,0,11
1,8,0,0,9
2,0,0,0,2
13,0,0,0,13
1,0,0,0,1
1,0,0,0,1
1,0,0,0,1
1,0,0,0,1
2,0,0,0,2
1,0,0,0,1
1,0,0,0,1
1,0,0,0,1
1,0,0,0,1
1,0,0,0,1
1,0,0,0,1
4,0,0,0,4
1,0,0,0,1
4,0,0,0,4
3,0,0,0,3
1,0,0,0,1
1,0,0,0,1
4,27,0,0,31
1,0,0,0,1
1,0,0,0,1
1,0,0,0,1
1,0,0,0,1
1,0,0,0,1
1,0,0,0,1
2,0,0,0,2
1,0,0,0,1
2,0,0,0,2
1,0,0,0,1
1,0,0,0,1
2,0,0,0,2
2,0,0,0,2
1,0,0,0,1
4,0,0,0,4
11,0,0,0,11
6,0,0,0,6
3,0,0,0,3
2,0,0,0,2
1,0,0,0,1
1,0,0,0,1
3,0,0,0,3
1,0,0,0,1
1,0,0,0,1
1,0,0,0,1
1,0,0,0,1
1,0,0,0,1
1,0,0,0,1
2,0,0,0,2
1,0,0,0,1
1,0,0,0,1
1,0,0,0,1
1,0,0,0,1
1,1,0,0,2
2,0,0,0,2
1,0,0,0,1
6,0,0,0,6
2,0,0,0,2
1,0,0,0,1
1,0,0,0,1
1,0,0,0,1
1,0,0,0,1
1,0,0,0,1
1,0,0,0,1
1,0,0,0,1
2,0,0,0,2
1,0,0,0,1
1,0,0,0,1
3,0,0,0,3
2,0,0,0,2
1,0,0,0,1
1,0,0,0,1
1,0,0,0,1
1,0,0,0,1
1,0,0,0,1
1,0,0,0,1
1,0,0,0,1
3,0,0,0,3
2,0,0,0,2
1,0,0,0,1
1,0,0,0,1
1,0,0,0,1
1,0,0,0,1
2,0,0,0,2
1,0,0,0,1
1,0,0,0,1
2,0,0,0,2
1,0,0,0,1
1,0,0,0,1
1,0,0,0,1
1,0,0,0,1
5,0,0,0,5
1,0,0,0,1
1,0,0,0,1
2,0,0,0,2
2,0,0,0,2
3,23,0,0,26
2,0,0,0,2
3,0,0,0,3
1,0,0,0,1
1,0,0,0,1
4,0,0,0,4
12,0,0,0,12
1,0,0,0,1
1,0,0,0,1
1,0,0,0,1
1,0,0,0,1
1,0,0,0,1
1,0,0,0,1
1,0,0,0,1
1,0,0,0,1
1,0,0,0,1
2,0,0,0,2
1,0,0,0,1
1,0,0,0,1
1,14,0,0,15
2,0,0,0,2
1,0,0,0,1
1,0,0,0,1
1,0,0,0,1
3,0,0,0,3
2,4,0,0,6
1,0,0,0,1
1,0,0,0,1
1,0,0,0,1
1,0,0,0,1
3,0,0,0,3
1,0,0,0,1
7,0,0,0,7
1,0,0,0,1
1,0,0,0,1
2,0,0,0,2
1,0,0,0,1
2,0,0,0,2
1,0,0,0,1
2,0,0,0,2
7,10,0,0,17
4,0,0,0,4
1,0,0,0,1
1,0,0,0,1
1,0,0,0,1
1,0,0,0,1
1,0,0,0,1
1,0,0,0,1
2,3,0,0,5
1,0,0,0,1
2,0,0,0,2
1,0,0,0,1
1,0,0,0,1
1,0,0,0,1
3,0,0,0,3
1,0,0,0,1
1,0,0,0,1
2,0,0,0,2
1,0,0,0,1
1,0,0,0,1
1,0,0,0,1
8,0,0,0,8
5,0,0,0,5
1,0,0,0,1
2,0,0,0,2
1,0,0,0,1
1,0,0,0,1
1,0,0,0,1
1,0,0,0,1
1,0,0,0,1
1,0,0,0,1
1,0,0,0,1
1,0,0,0,1
1,0,0,0,1
3,0,0,0,3
1,0,0,0,1
1,0,0,0,1
2,0,0,0,2
2,0,0,0,2
2,0,0,0,2
2,0,0,0,2
1,0,0,0,1
1,0,0,0,1
1,0,0,0,1
1,0,0,0,1
1,0,0,0,1
2,0,0,0,2
1,0,0,0,1
1,0,0,0,1
5,0,0,0,5
2,0,0,0,2
1,0,0,0,1
1,0,0,0,1
1,21,1,0,23
1,0,0,0,1
2,0,0,0,2
1,0,0,0,1
1,0,0,0,1
1,0,0,0,1
1,0,0,0,1
6,0,0,0,6
1,0,0,0,1
3,0,0,0,3
1,0,0,0,1
15,5,0,0,20
2,0,0,0,2
1,0,0,0,1
9,1,0,0,10
1,0,0,0,1
1,0,0,0,1
1,0,0,0,1
1,0,0,0,1
1,0,0,0,1
3,0,0,0,3
1,0,0,0,1
1,0,0,0,1
1,0,0,0,1
1,0,0,0,1
1,0,0,0,1
2,0,0,0,2
2,0,0,0,2
1,0,0,0,1
1,0,0,0,1
1,0,0,0,1
2,0,0,0,2
1,0,0,0,1
1,0,0,0,1
2,0,0,0,2
1,0,0,0,1
2,0,0,0,2
2,0,0,0,2
2,0,0,0,2
1,0,0,0,1
5,1,0,0,6
1,0,0,0,1
2,0,0,0,2
2,0,0,0,2
2,0,0,0,2
2,0,0,0,2
1,0,0,0,1
1,0,0,0,1
1,2,0,0,3
1,0,0,0,1
1,0,0,0,1
4,0,0,0,4
1,0,0,0,1
1,0,0,0,1
1,0,0,0,1
1,0,0,0,1
4,0,0,0,4
2,0,0,0,2
3,0,0,0,3
1,0,0,0,1
1,0,0,0,1
1,0,0,0,1
2,0,0,0,2
1,0,0,0,1
1,0,0,0,1
1,0,0,0,1
1,0,0,0,1
3,0,0,0,3
2,0,0,0,2
2,0,0,0,2
1,0,0,0,1
3,0,0,0,3
1,0,0,0,1
1,0,0,0,1
2,0,0,0,2
6,0,0,0,6
1,0,0,0,1
2,0,0,0,2
3,0,0,0,3
1,0,0,0,1
5,0,0,0,5
1,0,0,0,1
1,0,0,0,1
1,0,0,0,1
1,0,0,0,1
2,0,0,0,2
1,0,0,0,1
1,0,0,0,1
3,0,0,0,3
1,0,0,0,1
1,0,0,0,1
2,0,0,0,2
1,0,0,0,1
1,0,0,0,1
1,0,0,0,1
2,0,0,0,2
5,11,0,0,16
1,0,0,0,1
1,0,0,0,1
1,0,0,0,1
2,0,0,0,2
1,0,0,0,1
2,0,0,0,2
1,2,0,0,3
5,2,0,0,7
1,0,0,0,1
1,0,0,0,1
3,0,0,0,3
4,0,0,0,4
1,0,0,0,1
5,0,0,0,5
1,0,0,0,1
1,0,0,0,1
1,0,0,0,1
1,0,0,0,1
4,0,0,0,4
1,0,0,0,1
1,0,0,0,1
1,0,0,0,1
1,0,0,0,1
1,0,0,0,1
1,0,0,0,1
1,0,0,0,1
1,0,0,0,1
1,0,0,0,1
2,0,0,0,2
3,0,0,0,3
1,0,0,0,1
1,0,0,0,1
1,0,0,0,1
2,0,0,0,2
4,0,0,0,4
5,0,0,0,5
2,0,0,0,2
1,0,0,0,1
1,0,0,0,1
2,0,0,0,2
1,0,0,0,1
1,0,0,0,1
2,0,0,0,2
1,0,0,0,1
1,0,0,0,1
1,0,0,0,1
1,0,0,0,1
2,0,0,0,2
1,0,0,0,1
1,0,0,0,1
3,0,0,0,3
1,0,0,0,1
1,0,0,0,1
1,0,0,0,1
2,0,0,0,2
1,0,0,0,1
2,0,0,0,2
1,0,0,0,1
1,0,0,0,1
5,0,0,0,5
1,0,0,0,1
1,0,0,0,1
1,0,0,0,1
1,0,0,0,1
1,0,0,0,1
1,0,0,0,1
1,0,0,0,1
1,0,0,0,1
1,0,0,0,1
1,0,0,0,1
1,0,0,0,1
2,0,0,0,2
1,0,0,0,1
1,0,0,0,1
1,0,0,0,1
3,0,0,0,3
1,0,0,0,1
1,0,0,0,1
1,0,0,0,1
1,0,0,0,1
2,0,0,0,2
1,0,0,0,1
13,0,0,0,13
2,0,0,0,2
1,0,0,0,1
1,0,0,0,1
1,0,0,0,1
1,0,0,0,1
1,0,0,0,1
1,0,0,0,1
1,0,0,0,1
1,592,0,0,593
1,0,0,0,1
4,5,0,0,9
1,0,1,0,2
1,0,0,0,1
1,0,0,0,1
1,0,0,0,1
1,0,0,0,1
4,1,0,0,5
4,0,0,0,4
9,5,0,0,14
1,0,0,0,1
8,1,0,0,9
1,3,0,0,4
1,0,0,0,1
16,0,0,0,16
2,1,0,0,3
1,0,0,0,1
1,0,2,0,3
1,0,0,0,1
1,0,0,0,1
1,0,0,0,1
1,0,0,0,1
2,0,0,0,2
1,0,0,0,1
7,0,0,0,7
1,0,0,0,1
1,0,0,0,1
1,0,0,0,1
1,0,0,0,1
1,0,0,0,1
1,0,0,0,1
1,0,0,0,1
2,0,0,0,2
1,0,0,0,1
1,0,0,0,1
1,0,0,0,1
1,0,0,0,1
1,0,0,0,1
4,0,0,0,4
1,0,0,0,1
1,0,0,0,1
1,0,0,0,1
6,0,0,0,6
1,0,0,0,1
1,0,0,0,1
1,0,0,0,1
1,0,0,0,1
1,0,0,0,1
1,0,0,0,1
1,0,0,0,1
2,0,0,0,2
1,0,0,0,1
1,0,0,0,1
1,0,0,0,1
1,0,0,0,1
1,0,0,0,1
1,0,0,0,1
1,0,0,0,1
1,0,0,0,1
3,4,2,0,9
1,0,0,0,1
1,0,0,0,1
1,0,0,0,1
1,0,0,0,1
1,0,0,0,1
1,0,0,0,1
4,0,0,0,4
4,0,0,0,4
1,0,0,0,1
1,0,0,0,1
1,0,0,0,1
2,0,0,0,2
4,0,0,0,4
2,0,0,0,2
1,0,0,0,1
1,0,0,0,1
3,2,0,0,5
1,0,0,0,1
1,0,0,0,1
1,0,0,0,1
1,0,0,0,1
1,0,0,0,1
2,0,0,0,2
1,0,0,0,1
1,0,0,0,1
1,0,0,0,1
2,0,0,0,2
1,0,0,0,1
8,22,0,0,30
4,0,0,0,4
1,0,0,0,1
2,0,0,0,2
1,0,0,0,1
1,0,0,0,1
2,0,0,0,2
1,0,0,0,1
2,0,0,0,2
1,0,0,0,1
1,0,0,0,1
3,0,0,0,3
3,7,1,0,11
1,0,0,0,1
1,0,0,0,1
1,0,0,0,1
1,0,0,0,1
3,0,0,0,3
1,0,0,0,1
2,0,0,0,2
2,0,0,0,2
1,0,0,0,1
1,0,0,0,1
1,0,0,0,1
1,0,0,0,1
2,0,0,0,2
1,0,0,0,1
3,0,0,0,3
1,0,0,0,1
1,0,0,0,1
1,0,0,0,1
1,0,0,0,1
3,40,0,0,43
3,0,0,0,3
1,0,0,0,1
1,0,0,0,1
1,0,0,0,1
1,0,0,0,1
2,0,0,0,2
1,0,0,0,1
5,0,0,0,5
1,0,0,0,1
1,0,0,0,1
1,0,0,0,1
1,0,0,0,1
1,0,0,0,1
2,0,0,0,2
9,1,0,0,10
7,0,0,0,7
1,3,0,0,4
1,3,0,0,4
1,0,0,0,1
1,1,0,0,2
2,0,0,0,2
1,0,0,0,1
1,0,0,0,1
1,0,0,0,1
2,0,0,0,2
1,0,0,0,1
1,0,0,0,1
1,0,0,0,1
5,0,0,0,5
2,0,0,0,2
2,0,0,0,2
1,0,0,0,1
3,0,0,0,3
1,1,0,0,2
1,0,0,0,1
1,3,0,0,4
2,0,0,0,2
1,0,0,0,1
1,0,0,0,1
1,0,0,0,1
3,0,0,0,3
2,0,0,0,2
1,0,0,0,1
1,0,0,0,1
3,0,0,0,3
1,0,0,0,1
4,0,0,0,4
1,0,0,0,1
1,0,0,0,1
1,0,0,0,1
5,0,0,0,5
1,0,0,0,1
1,0,0,0,1
1,0,0,0,1
5,0,0,0,5
1,0,0,0,1
1,3,0,0,4
2,0,0,0,2
1,0,0,0,1
1,0,0,0,1
9,0,0,0,9
1,0,0,0,1
2,0,0,0,2
1,0,0,0,1
1,0,0,0,1
1,0,0,0,1
1,0,0,0,1
4,0,0,0,4
1,0,0,0,1
2,0,0,0,2
2,0,0,0,2
1,0,0,0,1
1,0,0,0,1
2,0,0,0,2
1,0,0,0,1
3,0,0,0,3
1,0,0,0,1
1,0,0,0,1
1,0,0,0,1
1,0,0,0,1
1,0,0,0,1
9,8,5,0,22
2,0,0,0,2
1,0,0,0,1
1,0,0,0,1
1,593,0,0,594
3,3,0,0,6
1,0,0,0,1
1,0,0,0,1
1,0,0,0,1
1,0,0,0,1
4,0,0,0,4
1,0,0,0,1
1,0,0,0,1
4,0,0,0,4
1,0,0,0,1
1,1,0,0,2
2,0,0,0,2
1,0,0,0,1
1,0,0,0,1
1,0,0,0,1
1,0,0,0,1
1,0,0,0,1
2,0,0,0,2
1,0,0,0,1
1,0,0,0,1
5,0,0,0,5
1,0,0,0,1
1,0,0,0,1
1,0,0,0,1
3,0,0,0,3
1,0,0,0,1
1,0,0,0,1
1,0,0,0,1
1,0,0,0,1
1,0,0,0,1
3,0,0,0,3
1,0,0,0,1
2,3,0,0,5
1,0,0,0,1
1,0,0,0,1
3,0,1,0,4
3,17,0,0,20
1,0,0,0,1
1,0,0,0,1
1,0,0,0,1
3,5,1,0,9
1,2,0,0,3
1,0,0,0,1
5,0,0,0,5
2,0,0,0,2
4,2,0,0,6
1,0,0,0,1
1,0,0,0,1
1,0,0,0,1
1,0,0,0,1
1,0,0,0,1
2,0,0,0,2
1,0,0,0,1
1,0,0,0,1
1,0,0,0,1
1,0,0,0,1
5,0,0,0,5
1,0,0,0,1
1,0,0,0,1
1,0,0,0,1
1,0,0,0,1
1,0,0,0,1
1,0,0,0,1
1,0,0,0,1
2,0,0,0,2
1,0,0,0,1
1,0,0,0,1
1,0,0,0,1
1,0,0,0,1
1,0,0,0,1
2,6,0,0,8
1,0,0,0,1
1,0,0,0,1
3,0,0,0,3
1,0,0,0,1
1,0,0,0,1
3,0,0,0,3
1,0,0,0,1
1,0,0,0,1
2,0,0,0,2
2,0,0,0,2
2,0,0,0,2
2,22,0,0,24
1,0,0,0,1
1,0,0,0,1
1,0,0,0,1
3,1,1,0,5
1,0,0,0,1
1,0,0,0,1
1,0,0,0,1
1,0,0,0,1
1,0,0,0,1
1,0,0,0,1
1,0,0,0,1
1,0,0,0,1
4,0,0,0,4
1,0,0,0,1
1,0,0,0,1
4,0,0,0,4
1,0,0,0,1
1,0,0,0,1
1,0,0,0,1
1,1,0,0,2
1,0,0,0,1
1,0,0,0,1
2,0,0,0,2
2,0,0,0,2
2,0,0,0,2
1,0,0,0,1
1,0,0,0,1
1,0,0,0,1
2,4,0,0,6
1,2,0,0,3
2,0,0,0,2
1,0,0,0,1
3,0,0,0,3
1,0,0,0,1
1,0,0,0,1
1,0,0,0,1
1,0,0,0,1
1,0,0,0,1
1,0,0,0,1
4,0,0,0,4
1,0,0,0,1
1,0,0,0,1
2,0,0,0,2
1,0,0,0,1
1,0,0,0,1
1,0,0,0,1
2,0,0,0,2
1,0,0,0,1
1,0,0,0,1
1,0,0,0,1
1,0,0,0,1
2,0,0,0,2
2,6,0,0,8
2,0,0,0,2
1,0,0,0,1
1,0,0,0,1
1,0,0,0,1
2,6,0,0,8
1,0,0,0,1
3,0,0,0,3
3,0,0,0,3
1,0,0,0,1
1,0,0,0,1
1,0,0,0,1
1,0,0,0,1
1,0,0,0,1
1,0,0,0,1
1,0,0,0,1
1,0,0,0,1
3,0,0,0,3
1,0,0,0,1
4,0,0,0,4
8,0,0,0,8
1,0,0,0,1
1,0,0,0,1
1,0,0,0,1
3,0,0,0,3
1,0,0,0,1
1,0,0,0,1
1,0,0,0,1
1,0,0,0,1
1,0,0,0,1
1,0,0,0,1
1,0,0,0,1
1,0,0,0,1
3,0,0,0,3
1,0,0,0,1
1,0,0,0,1
1,0,0,0,1
10,7,0,0,17
1,0,0,0,1
1,0,0,0,1
2,0,0,0,2
1,0,0,0,1
2,2,0,0,4
1,0,0,0,1
1,0,0,0,1
1,0,0,0,1
1,0,0,0,1
2,0,0,0,2
2,0,0,0,2
1,0,0,0,1
2,0,0,0,2
1,0,0,0,1
2,0,0,0,2
1,0,0,0,1
1,0,0,0,1
11,2,0,0,13
1,0,0,0,1
11,1,2,0,14
1,0,0,0,1
2,0,0,0,2
1,0,0,0,1
1,0,0,0,1
1,0,0,0,1
6,5,0,0,11
1,0,0,0,1
1,0,0,0,1
1,0,0,0,1
1,0,0,0,1
1,0,0,0,1
1,0,0,0,1
1,0,0,0,1
2,0,0,0,2
1,0,0,0,1
1,18,0,0,19
1,0,0,0,1
1,0,0,0,1
7,0,0,0,7
1,0,0,0,1
1,1,0,0,2
1,1,0,0,2
11,3,0,0,14
2,0,0,0,2
2,0,0,0,2
1,0,0,0,1
2,0,0,0,2
2,0,0,0,2
1,0,0,0,1
1,0,0,0,1
1,0,0,0,1
1,0,0,0,1
3,0,0,0,3
2,0,0,0,2
4,0,0,0,4
1,0,0,0,1
1,0,0,0,1
3,0,0,0,3
1,0,0,0,1
1,0,0,0,1
2,0,0,0,2
1,0,0,0,1
1,0,0,0,1
1,0,0,0,1
1,0,0,0,1
1,2,0,0,3
1,0,0,0,1
1,0,0,0,1
2,34,0,0,36
3,0,0,0,3
2,0,0,0,2
2,0,0,0,2
3,0,0,0,3
7,0,0,0,7
2,0,0,0,2
5,0,0,0,5
2,0,0,0,2
2,0,0,0,2
1,0,0,0,1
3,0,0,0,3
6,2,2,0,10
1,0,0,0,1
1,0,0,0,1
1,0,0,0,1
1,0,0,0,1
1,0,0,0,1
1,0,0,0,1
1,0,0,0,1
1,0,0,0,1
2,0,0,0,2
1,0,0,0,1
1,0,0,0,1
3,0,0,0,3
1,0,0,0,1
1,0,0,0,1
1,0,0,0,1
3,0,0,0,3
1,0,0,0,1
3,0,0,0,3
1,0,0,0,1
2,0,0,0,2
1,0,0,0,1
7,0,0,0,7
1,0,0,0,1
1,0,0,0,1
1,0,0,0,1
1,0,0,0,1
2,0,0,0,2
1,0,0,0,1
1,0,0,0,1
7,0,0,0,7
1,0,0,0,1
1,0,0,0,1
1,0,0,0,1
1,0,0,0,1
3,0,0,0,3
4,0,0,0,4
1,0,0,0,1
1,0,0,0,1
1,0,0,0,1
1,0,0,0,1
1,0,0,0,1
1,0,0,0,1
1,0,0,0,1
2,0,0,0,2
1,1,0,0,2
1,0,0,0,1
1,3,0,0,4
1,0,0,0,1
2,0,0,0,2
1,0,0,0,1
2,0,0,0,2
1,0,0,0,1
1,0,0,0,1
2,0,0,0,2
1,0,0,0,1
1,0,0,0,1
1,0,0,0,1
1,0,0,0,1
1,0,0,0,1
1,0,0,0,1
2,0,0,0,2
1,0,0,0,1
1,0,0,0,1
1,0,0,0,1
1,0,0,0,1
1,0,0,0,1
1,0,0,0,1
2,0,0,0,2
1,0,0,0,1
1,0,0,0,1
1,0,0,0,1
5,0,0,0,5
1,0,0,0,1
1,0,0,0,1
5,11,0,0,16
2,0,0,0,2
1,2,0,0,3
2,0,0,0,2
1,0,0,0,1
3,0,0,0,3
3,2,0,0,5
1,0,0,0,1
1,0,0,0,1
1,0,0,0,1
1,0,0,0,1
1,0,0,0,1
1,0,0,0,1
7,0,0,0,7
1,0,0,0,1
1,0,0,0,1
1,0,0,0,1
1,0,0,0,1
1,0,0,0,1
1,0,0,0,1
1,0,0,0,1
2,0,0,0,2
4,0,0,0,4
2,0,0,0,2
6,6,2,0,14
1,0,0,0,1
2,0,0,0,2
1,0,0,0,1
1,0,0,0,1
1,0,0,0,1
1,0,0,0,1
1,0,0,0,1
1,0,0,0,1
1,0,0,0,1
4,0,0,0,4
1,1,0,0,2
1,0,0,0,1
5,0,0,0,5
1,0,0,0,1
5,0,0,0,5
1,0,0,0,1
1,0,0,0,1
1,0,0,0,1
1,0,0,0,1
1,0,0,0,1
5,0,0,0,5
1,0,0,0,1
2,0,0,0,2
2,0,0,0,2
1,0,0,0,1
1,0,0,0,1
1,0,0,0,1
1,0,0,0,1
2,0,0,0,2
1,0,0,0,1
1,0,0,0,1
1,0,0,0,1
1,0,0,0,1
2,0,0,0,2
1,0,0,0,1
1,0,0,0,1
1,0,0,0,1
1,0,0,0,1
3,0,0,0,3
5,0,0,0,5
1,0,0,0,1
1,0,0,0,1
1,0,0,0,1
1,0,0,0,1
6,0,0,0,6
2,0,0,0,2
1,0,0,0,1
1,0,0,0,1
1,0,0,0,1
7,0,0,0,7
1,0,0,0,1
1,0,0,0,1
1,0,0,0,1
1,0,0,0,1
2,0,0,0,2
1,0,0,0,1
1,0,0,0,1
1,1,0,0,2
1,0,0,0,1
1,0,0,0,1
1,0,0,0,1
1,0,0,0,1
1,2,0,0,3
1,0,0,0,1
1,0,0,0,1
3,0,0,0,3
2,0,0,0,2
1,0,0,0,1
2,0,0,0,2
1,0,0,0,1
4,0,0,0,4
1,0,0,0,1
1,0,0,0,1
1,0,0,0,1
5,0,0,0,5
1,0,0,0,1
5,0,0,0,5
1,0,0,0,1
1,0,0,0,1
1,0,0,0,1
1,0,0,0,1
1,0,0,0,1
1,0,0,0,1
5,0,0,0,5
3,0,0,0,3
1,0,0,0,1
1,0,0,0,1
1,0,0,0,1
1,0,0,0,1
1,0,0,0,1
2,0,0,0,2
2,0,0,0,2
1,0,0,0,1
4,0,0,0,4
1,0,0,0,1
1,0,0,0,1
2,0,0,0,2
2,0,0,0,2
3,0,0,0,3
1,0,0,0,1
1,0,0,0,1
2,0,0,0,2
2,0,0,0,2
2,0,0,0,2
4,0,0,0,4
1,0,0,0,1
2,0,0,0,2
1,0,0,0,1
3,0,0,0,3
2,0,0,0,2
1,0,0,0,1
2,0,0,0,2
10,1,1,0,12
1,0,0,0,1
1,0,0,0,1
3,1,0,0,4
2,0,0,0,2
1,0,0,0,1
1,0,0,0,1
1,0,0,0,1
1,0,0,0,1
1,0,0,0,1
3,0,0,0,3
1,0,0,0,1
2,1,0,0,3
1,0,0,0,1
2,0,0,0,2
3,0,0,0,3
1,0,0,0,1
1,0,0,0,1
1,0,0,0,1
1,0,0,0,1
1,0,0,0,1
1,0,0,0,1
1,0,0,0,1
3,0,0,0,3
1,0,0,0,1
1,0,0,0,1
1,0,0,0,1
2,0,0,0,2
1,0,0,0,1
1,0,0,0,1
2,0,0,0,2
1,0,0,0,1
1,0,0,0,1
1,0,0,0,1
1,0,0,0,1
1,0,0,0,1
1,0,0,0,1
1,0,0,0,1
1,0,0,0,1
1,0,0,0,1
1,0,0,0,1
1,0,0,0,1
2,0,0,0,2
3,0,0,0,3
1,0,0,0,1
1,0,0,0,1
1,0,0,0,1
1,0,0,0,1
1,0,0,0,1
3,0,0,0,3
1,0,0,0,1
1,0,0,0,1
1,0,0,0,1
1,0,0,0,1
1,1,0,0,2
1,0,0,0,1
1,0,0,0,1
2,0,0,0,2
2,0,0,0,2
1,0,0,0,1
1,0,0,0,1
1,0,0,0,1
1,0,0,0,1
1,0,0,0,1
2,0,0,0,2
3,0,0,0,3
1,0,0,0,1
2,0,0,0,2
1,0,0,0,1
1,0,0,0,1
1,0,0,0,1
1,0,0,0,1
1,0,0,0,1
1,0,0,0,1
1,0,0,0,1
1,0,0,0,1
2,0,0,0,2
1,0,0,0,1
2,1,0,0,3
1,1,0,0,2
8,0,0,0,8
1,0,0,0,1
1,0,0,0,1
2,0,0,0,2
2,0,0,0,2
1,0,0,0,1
2,0,0,0,2
2,2,0,0,4
1,0,0,0,1
2,0,0,0,2
3,0,0,0,3
3,0,0,0,3
5,2,1,0,8
1,0,0,0,1
1,0,0,0,1
2,0,0,0,2
1,0,0,0,1
1,0,0,0,1
2,0,0,0,2
1,0,0,0,1
1,0,0,0,1
1,0,0,0,1
2,0,0,0,2
5,0,0,0,5
2,0,0,0,2
1,0,0,0,1
1,0,0,0,1
1,0,0,0,1
7,0,0,0,7
1,0,0,0,1
2,0,0,0,2
1,0,0,0,1
1,3,0,0,4
2,0,0,0,2
3,0,0,0,3
9,0,0,0,9
1,0,0,0,1
2,0,0,0,2
1,0,0,0,1
3,0,0,0,3
1,0,0,0,1
2,0,0,0,2
1,0,0,0,1
4,0,0,0,4
2,0,0,0,2
3,46,0,0,49
5,0,0,0,5
1,0,0,0,1
3,0,0,0,3
3,0,0,0,3
2,0,0,0,2
1,0,0,0,1
1,0,0,0,1
1,0,0,0,1
1,0,0,0,1
3,0,0,0,3
1,0,0,0,1
3,0,0,0,3
1,0,0,0,1
1,0,0,0,1
1,0,0,0,1
1,0,0,0,1
1,0,0,0,1
1,0,0,0,1
1,0,0,0,1
1,0,0,0,1
1,0,0,0,1
1,0,0,0,1
1,0,0,0,1
1,0,0,0,1
1,0,0,0,1
1,0,0,0,1
1,0,0,0,1
1,0,0,0,1
1,0,0,0,1
1,0,0,0,1
3,0,0,0,3
1,0,0,0,1
2,0,0,0,2
1,0,0,0,1
2,0,0,0,2
1,0,0,0,1
1,0,0,0,1
1,0,0,0,1
3,0,0,0,3
1,0,0,0,1
1,0,0,0,1
1,0,0,0,1
2,0,0,0,2
1,0,0,0,1
1,0,0,0,1
11,0,0,0,11
1,0,0,0,1
2,0,0,0,2
1,0,0,0,1
3,0,0,0,3
2,0,0,0,2
1,0,0,0,1
1,0,0,0,1
1,0,0,0,1
1,0,0,0,1
1,0,0,0,1
1,0,0,0,1
2,0,0,0,2
1,0,0,0,1
2,0,0,0,2
1,0,0,0,1
1,0,0,0,1
4,6,1,0,11
1,0,0,0,1
1,0,0,0,1
2,0,0,0,2
1,0,0,0,1
1,0,0,0,1
5,0,0,0,5
4,12,0,0,16
1,0,0,0,1
1,0,0,0,1
1,0,0,0,1
3,0,0,0,3
2,0,0,0,2
1,0,0,0,1
1,0,0,0,1
1,0,0,0,1
2,0,0,0,2
1,0,0,0,1
1,0,0,0,1
1,0,0,0,1
2,0,0,0,2
1,0,0,0,1
1,0,0,0,1
1,0,0,0,1
2,0,0,0,2
1,0,0,0,1
2,0,0,0,2
1,0,0,0,1
1,0,0,0,1
1,0,0,0,1
1,0,0,0,1
1,0,0,0,1
2,0,0,0,2
1,0,0,0,1
1,0,0,0,1
1,0,0,0,1
3,0,0,0,3
1,0,0,0,1
1,1,3,0,5
1,0,0,0,1
1,0,0,0,1
1,0,0,0,1
1,0,0,0,1
5,0,0,0,5
1,0,0,0,1
1,0,0,0,1
1,0,0,0,1
2,0,0,0,2
1,0,0,0,1
1,0,0,0,1
1,5,0,0,6
1,0,0,0,1
1,0,0,0,1
1,0,0,0,1
3,0,0,0,3
2,0,0,0,2
1,0,0,0,1
1,0,0,0,1
1,0,0,0,1
7,0,0,0,7
1,0,0,0,1
12,0,0,0,12
1,0,0,0,1
2,0,0,0,2
1,0,0,0,1
1,0,0,0,1
2,0,0,0,2
1,0,0,0,1
3,0,0,0,3
1,5,0,0,6
1,0,0,0,1
2,0,0,0,2
1,0,0,0,1
1,0,0,0,1
1,0,0,0,1
1,0,0,0,1
1,0,0,0,1
1,0,0,0,1
6,0,0,0,6
1,0,0,0,1
1,0,0,0,1
2,3,0,0,5
1,0,0,0,1
7,0,0,0,7
1,0,0,0,1
1,0,0,0,1
3,0,0,0,3
1,0,0,0,1
1,0,0,0,1
1,0,0,0,1
3,0,0,0,3
1,0,0,0,1
3,2,0,0,5
3,0,0,0,3
1,0,0,0,1
1,0,0,0,1
1,1,0,0,2
2,0,0,0,2
1,0,0,0,1
1,0,0,0,1
1,0,0,0,1
1,0,0,0,1
1,0,0,0,1
3,0,0,0,3
1,0,0,0,1
2,0,0,0,2
1,0,0,0,1
2,0,0,0,2
1,0,0,0,1
1,0,0,0,1
1,0,0,0,1
9,1,0,0,10
1,0,0,0,1
1,0,0,0,1
1,0,0,0,1
1,0,0,0,1
3,0,0,0,3
1,0,0,0,1
1,0,0,0,1
1,0,0,0,1
1,0,0,0,1
3,0,0,0,3
1,0,0,0,1
1,0,0,0,1
1,0,0,0,1
1,0,0,0,1
1,0,0,0,1
1,0,0,0,1
1,0,0,0,1
2,0,0,0,2
1,0,0,0,1
1,0,0,0,1
1,0,0,0,1
1,0,0,0,1
1,0,0,0,1
1,0,0,0,1
1,0,0,0,1
2,0,0,0,2
1,0,0,0,1
1,0,0,0,1
1,0,0,0,1
3,0,0,0,3
1,0,0,0,1
1,0,0,0,1
2,0,0,0,2
1,0,0,0,1
1,0,0,0,1
2,0,0,0,2
1,0,0,0,1
1,0,0,0,1
2,0,0,0,2
9,0,0,0,9
2,0,0,0,2
1,0,0,0,1
1,0,0,0,1
1,0,0,0,1
1,0,0,0,1
1,0,0,0,1
1,0,0,0,1
1,0,0,0,1
1,0,0,0,1
1,0,0,0,1
1,0,0,0,1
1,0,0,0,1
2,0,0,0,2
2,0,0,0,2
3,0,0,0,3
2,0,0,0,2
1,0,0,0,1
2,0,0,0,2
1,0,0,0,1
1,0,0,0,1
3,0,0,0,3
1,0,0,0,1
1,0,0,0,1
1,0,0,0,1
1,0,0,0,1
1,0,0,0,1
1,0,0,0,1
1,0,0,0,1
1,0,0,0,1
1,0,0,0,1
2,0,0,0,2
1,0,0,0,1
4,0,0,0,4
1,0,0,0,1
1,0,0,0,1
1,0,0,0,1
1,0,0,0,1
2,0,0,0,2
5,0,0,0,5
1,0,0,0,1
1,0,0,0,1
1,2,0,0,3
1,0,0,0,1
1,1,0,0,2
1,0,0,0,1
1,0,0,0,1
1,0,0,0,1
4,0,0,0,4
1,0,0,0,1
4,0,0,0,4
1,0,0,0,1
1,0,0,0,1
1,0,0,0,1
1,0,0,0,1
1,0,0,0,1
1,0,0,0,1
1,0,0,0,1
1,0,0,0,1
1,0,0,0,1
1,0,0,0,1
1,0,0,0,1
1,0,0,0,1
1,0,0,0,1
3,0,0,0,3
1,0,0,0,1
1,0,0,0,1
1,0,0,0,1
1,0,0,0,1
1,0,0,0,1
1,0,0,0,1
1,0,0,0,1
6,0,0,0,6
1,0,0,0,1
1,39,0,0,40
2,0,0,0,2
2,56,0,0,58
3,2,0,0,5
1,0,0,0,1
3,0,0,0,3
1,0,0,0,1
1,129,0,0,130
2,0,0,0,2
1,0,0,0,1
2,0,0,0,2
1,0,0,0,1
1,0,0,0,1
3,0,0,0,3
3,0,0,0,3
10,0,0,0,10
1,0,0,0,1
1,0,0,0,1
1,0,0,0,1
5,0,0,0,5
3,2,0,0,5
1,0,0,0,1
1,0,0,0,1
5,0,0,0,5
1,0,0,0,1
1,0,0,0,1
2,1,0,0,3
1,0,0,0,1
1,0,0,0,1
1,0,0,0,1
1,0,0,0,1
1,1,0,0,2
1,0,0,0,1
6,0,0,0,6
1,0,0,0,1
1,0,0,0,1
1,0,0,0,1
4,0,0,0,4
1,8,0,0,9
1,0,0,0,1
1,0,0,0,1
1,0,0,0,1
2,0,0,0,2
2,0,0,0,2
1,0,0,0,1
1,0,0,0,1
1,0,0,0,1
1,0,0,0,1
3,1,0,0,4
3,0,0,0,3
1,0,0,0,1
3,0,1,0,4
1,0,0,0,1
1,0,0,0,1
1,0,0,0,1
2,0,0,0,2
1,0,0,0,1
1,0,0,0,1
1,0,0,0,1
1,0,0,0,1
1,0,0,0,1
2,0,0,0,2
1,0,0,0,1
1,0,0,0,1
1,0,0,0,1
1,0,0,0,1
1,0,0,0,1
1,0,0,0,1
1,0,0,0,1
1,0,0,0,1
4,0,0,0,4
1,0,0,0,1
4,0,0,0,4
1,0,0,0,1
8,0,0,0,8
1,0,0,0,1
3,1,0,0,4
2,0,0,0,2
1,0,0,0,1
1,0,0,0,1
2,53,0,0,55
1,0,0,0,1
1,0,0,0,1
1,0,0,0,1
1,0,0,0,1
1,0,0,0,1
1,0,0,0,1
3,0,0,0,3
1,0,0,0,1
2,0,0,0,2
1,0,0,0,1
1,0,0,0,1
1,0,0,0,1
1,7,0,0,8
2,27,0,0,29
1,0,0,0,1
1,0,0,0,1
4,0,0,0,4
1,0,0,0,1
3,0,0,0,3
2,0,0,0,2
1,1,0,0,2
1,0,0,0,1
1,0,0,0,1
2,0,0,0,2
3,0,0,0,3
1,0,0,0,1
1,0,0,0,1
1,0,0,0,1
1,0,0,0,1
1,1,1,0,3
1,0,0,0,1
2,0,0,0,2
1,0,0,0,1
1,0,0,0,1
1,0,0,0,1
1,0,0,0,1
1,0,0,0,1
1,0,0,0,1
3,0,0,0,3
7,0,0,0,7
1,0,0,0,1
1,0,0,0,1
1,2,0,0,3
1,0,0,0,1
3,0,0,0,3
1,0,0,0,1
14,1,1,0,16
1,0,0,0,1
1,0,0,0,1
1,0,0,0,1
2,0,0,0,2
2,0,0,0,2
1,0,0,0,1
1,0,0,0,1
1,0,0,0,1
1,3,0,0,4
1,0,0,0,1
1,0,0,0,1
1,0,0,0,1
1,0,0,0,1
1,0,0,0,1
1,0,0,0,1
1,0,0,0,1
1,0,0,0,1
1,0,0,0,1
1,0,0,0,1
1,0,0,0,1
3,0,0,0,3
6,0,1,0,7
1,0,0,0,1
1,0,0,0,1
1,0,0,0,1
1,0,0,0,1
1,0,0,0,1
1,0,0,0,1
1,0,0,0,1
17,1,0,0,18
2,0,0,0,2
3,0,0,0,3
1,0,0,0,1
1,0,0,0,1
1,0,0,0,1
1,0,0,0,1
1,0,0,0,1
1,0,0,0,1
1,0,0,0,1
1,0,0,0,1
4,0,0,0,4
2,0,0,0,2
1,0,0,0,1
1,0,0,0,1
1,0,0,0,1
2,0,0,0,2
1,0,0,0,1
11,0,0,0,11
1,0,0,0,1
1,0,0,0,1
2,0,0,0,2
1,0,0,0,1
1,0,0,0,1
1,1,0,0,2
2,0,0,0,2
2,0,0,0,2
1,0,0,0,1
6,0,0,0,6
1,0,0,0,1
1,0,0,0,1
2,0,0,0,2
3,0,0,0,3
2,0,0,0,2
1,0,0,0,1
5,4,0,0,9
1,0,0,0,1
6,0,0,0,6
2,0,0,0,2
2,0,0,0,2
1,0,0,0,1
1,0,0,0,1
1,0,0,0,1
1,0,0,0,1
1,0,0,0,1
1,0,0,0,1
4,0,0,0,4
1,0,0,0,1
2,0,0,0,2
1,0,0,0,1
1,0,0,0,1
2,0,0,0,2
3,0,0,0,3
1,0,0,0,1
1,0,0,0,1
1,0,0,0,1
6,0,0,0,6
1,0,0,0,1
1,0,0,0,1
1,0,0,0,1
1,0,0,0,1
1,0,0,0,1
3,0,0,0,3
1,0,0,0,1
4,4,0,0,8
1,0,0,0,1
4,0,0,0,4
1,0,0,0,1
1,0,0,0,1
7,0,0,0,7
2,0,0,0,2
1,0,0,0,1
1,0,0,0,1
2,0,0,0,2
2,0,0,0,2
1,0,0,0,1
1,0,0,0,1
5,0,0,0,5
1,0,0,0,1
1,1,0,0,2
1,1,0,0,2
1,0,0,0,1
1,0,0,0,1
1,0,0,0,1
1,0,0,0,1
2,0,0,0,2
1,0,0,0,1
1,0,0,0,1
1,0,0,0,1
1,0,0,0,1
1,0,0,0,1
1,0,0,0,1
2,0,0,0,2
2,0,0,0,2
3,0,0,0,3
2,0,0,0,2
1,0,0,0,1
1,0,0,0,1
1,0,0,0,1
1,0,0,0,1
1,0,0,0,1
1,0,0,0,1
1,0,0,0,1
1,0,0,0,1
1,0,0,0,1
6,0,0,0,6
3,0,0,0,3
1,0,0,0,1
2,0,0,0,2
1,0,0,0,1
1,0,0,0,1
1,0,0,0,1
2,0,0,0,2
1,6,0,0,7
3,0,0,0,3
1,0,0,0,1
1,0,0,0,1
11,0,0,0,11
1,0,0,0,1
2,0,0,0,2
1,0,0,0,1
1,0,0,0,1
1,0,0,0,1
1,0,0,0,1
1,0,0,0,1
1,0,0,0,1
1,0,0,0,1
1,1,0,0,2
1,0,0,0,1
1,0,0,0,1
2,0,0,0,2
5,0,0,0,5
1,0,0,0,1
1,0,0,0,1
1,0,0,0,1
2,0,0,0,2
1,0,0,0,1
1,0,0,0,1
2,0,0,0,2
1,7,0,0,8
1,0,0,0,1
1,0,0,0,1
2,0,0,0,2
4,0,0,0,4
1,0,0,0,1
1,0,0,0,1
3,0,0,0,3
1,0,0,0,1
1,0,0,0,1
7,0,0,0,7
1,0,0,0,1
1,0,0,0,1
16,0,0,0,16
1,0,0,0,1
2,0,0,0,2
1,0,0,0,1
1,0,0,0,1
1,0,0,0,1
1,0,0,0,1
3,0,0,0,3
1,0,0,0,1
1,0,0,0,1
2,0,0,0,2
1,0,0,0,1
1,0,0,0,1
1,0,0,0,1
1,0,0,0,1
1,0,0,0,1
1,0,0,0,1
1,0,0,0,1
3,0,0,0,3
1,0,0,0,1
1,0,0,0,1
1,0,0,0,1
1,0,0,0,1
4,0,0,0,4
3,0,0,0,3
1,0,0,0,1
1,0,0,0,1
1,0,0,0,1
1,0,0,0,1
2,0,0,0,2
1,0,0,0,1
1,0,0,0,1
1,0,0,0,1
2,0,0,0,2
1,0,0,0,1
1,0,0,0,1
2,0,0,0,2
1,0,0,0,1
1,0,0,0,1
1,0,0,0,1
2,0,0,0,2
1,0,0,0,1
1,0,0,0,1
5,0,0,0,5
1,0,0,0,1
1,0,0,0,1
7,0,0,0,7
1,0,0,0,1
1,0,0,0,1
1,0,0,0,1
2,0,0,0,2
2,0,0,0,2
1,0,0,0,1
1,0,0,0,1
1,2,2,0,5
1,0,0,0,1
3,4,1,0,8
1,0,0,0,1
1,0,0,0,1
1,0,0,0,1
1,0,0,0,1
2,0,0,0,2
1,0,0,0,1
2,0,0,0,2
1,0,0,0,1
1,0,0,0,1
1,0,0,0,1
1,0,0,0,1
1,0,0,0,1
2,0,0,0,2
1,0,0,0,1
1,0,0,0,1
1,0,0,0,1
1,0,0,0,1
1,0,0,0,1
1,0,0,0,1
1,0,0,0,1
1,0,0,0,1
2,0,0,0,2
1,4,0,0,5
5,5,0,0,10
1,0,0,0,1
1,0,0,0,1
1,0,0,0,1
1,0,0,0,1
1,0,0,0,1
1,0,0,0,1
1,0,0,0,1
1,0,0,0,1
1,0,0,0,1
1,0,0,0,1
1,0,0,0,1
1,0,0,0,1
1,0,0,0,1
1,0,0,0,1
1,0,0,0,1
3,2,0,0,5
1,0,0,0,1
1,0,0,0,1
1,0,0,0,1
1,0,0,0,1
1,0,0,0,1
7,0,0,0,7
1,0,0,0,1
1,0,0,0,1
1,1,0,0,2
1,0,0,0,1
2,5,0,0,7
1,2,0,0,3
1,0,0,0,1
1,0,0,0,1
1,0,0,0,1
4,6,0,0,10
1,0,0,0,1
1,32,1,0,34
1,0,0,0,1
1,0,0,0,1
1,0,0,0,1
3,124,0,0,127
3,0,0,0,3
1,0,0,0,1
2,0,0,0,2
2,0,0,0,2
1,0,0,0,1
1,0,0,0,1
2,0,0,0,2
1,0,0,0,1
3,0,0,0,3
2,0,0,0,2
2,0,0,0,2
2,0,0,0,2
1,0,0,0,1
1,0,0,0,1
1,0,0,0,1
1,0,0,0,1
1,0,0,0,1
4,4,0,0,8
2,0,0,0,2
1,1,1,0,3
2,0,0,0,2
2,1,0,0,3
2,0,0,0,2
1,0,0,0,1
1,0,0,0,1
1,0,0,0,1
1,0,0,0,1
1,0,0,0,1
1,0,0,0,1
1,0,0,0,1
7,0,0,0,7
1,0,0,0,1
1,0,0,0,1
1,0,0,0,1
1,0,0,0,1
1,0,0,0,1
2,0,0,0,2
2,0,0,0,2
1,0,0,0,1
3,31,2,0,36
1,6,0,0,7
1,0,0,0,1
1,0,0,0,1
1,0,0,0,1
2,3,0,0,5
7,0,0,0,7
1,0,0,0,1
1,0,0,0,1
1,4,0,0,5
1,0,0,0,1
3,0,0,0,3
2,0,0,0,2
1,0,0,0,1
9,4,0,0,13
1,0,0,0,1
1,0,0,0,1
1,0,0,0,1
2,0,0,0,2
1,0,0,0,1
1,3,0,0,4
1,0,0,0,1
1,0,0,0,1
7,0,0,0,7
1,0,0,0,1
1,0,0,0,1
4,0,0,0,4
4,0,0,0,4
1,0,0,0,1
1,0,0,0,1
4,0,0,0,4
1,0,0,0,1
1,0,0,0,1
1,0,0,0,1
6,0,0,0,6
1,0,0,0,1
1,0,0,0,1
1,0,0,0,1
1,0,0,0,1
1,0,0,0,1
1,0,0,0,1
3,0,0,0,3
1,0,0,0,1
1,0,0,0,1
3,0,0,0,3
2,0,0,0,2
1,0,0,0,1
1,0,0,0,1
1,0,0,0,1
1,0,0,0,1
1,0,0,0,1
1,0,0,0,1
4,0,0,0,4
3,0,0,0,3
1,0,0,0,1
4,2,0,0,6
2,0,0,0,2
2,0,0,0,2
1,0,0,0,1
1,0,0,0,1
3,0,0,0,3
1,0,0,0,1
1,0,0,0,1
5,0,0,0,5
6,0,0,0,6
1,0,0,0,1
1,0,0,0,1
1,0,0,0,1
1,0,0,0,1
1,0,0,0,1
2,0,0,0,2
1,0,0,0,1
1,0,0,0,1
1,0,0,0,1
1,0,0,0,1
3,0,0,0,3
1,0,0,0,1
1,0,0,0,1
3,0,0,0,3
1,0,0,0,1
1,0,0,0,1
1,0,0,0,1
1,0,0,0,1
1,0,0,0,1
1,0,0,0,1
8,1,0,0,9
1,0,0,0,1
1,0,0,0,1
1,0,0,0,1
1,0,0,0,1
2,0,0,0,2
2,0,0,0,2
2,0,0,0,2
1,0,0,0,1
3,0,0,0,3
1,0,0,0,1
1,0,0,0,1
1,0,0,0,1
2,0,0,0,2
1,0,0,0,1
2,0,0,0,2
2,0,0,0,2
3,0,0,0,3
1,0,0,0,1
1,0,0,0,1
3,0,0,0,3
1,0,0,0,1
2,0,0,0,2
2,0,0,0,2
1,0,0,0,1
9,0,0,0,9
1,0,0,0,1
1,0,0,0,1
3,0,0,0,3
1,0,0,0,1
1,0,0,0,1
2,2,0,0,4
6,0,0,0,6
5,0,0,0,5
1,0,0,0,1
6,0,0,0,6
2,0,0,0,2
7,0,0,0,7
7,6,0,0,13
1,0,0,0,1
1,0,0,0,1
1,0,0,0,1
1,0,0,0,1
1,0,0,0,1
3,0,0,0,3
1,0,0,0,1
1,0,0,0,1
1,0,0,0,1
4,0,0,0,4
1,0,0,0,1
1,0,0,0,1
1,0,0,0,1
1,0,0,0,1
1,0,0,0,1
2,1,0,0,3
1,2,0,0,3
3,0,0,0,3
1,0,0,0,1
1,0,0,0,1
2,0,0,0,2
3,0,0,0,3
1,0,0,0,1
1,0,0,0,1
1,0,0,0,1
1,0,0,0,1
3,0,0,0,3
2,10,0,0,12
3,0,0,0,3
2,0,0,0,2
1,0,0,0,1
1,0,0,0,1
1,0,0,0,1
1,0,0,0,1
1,0,0,0,1
1,0,0,0,1
1,0,0,0,1
1,0,0,0,1
1,0,0,0,1
1,0,0,0,1
1,0,0,0,1
1,0,0,0,1
1,0,0,0,1
5,0,0,0,5
2,0,0,0,2
1,0,0,0,1
1,0,0,0,1
8,0,0,0,8
4,0,0,0,4
2,0,0,0,2
1,0,0,0,1
1,0,0,0,1
1,0,0,0,1
1,0,0,0,1
1,0,0,0,1
1,0,0,0,1
3,0,0,0,3
1,0,0,0,1
2,0,0,0,2
2,0,0,0,2
2,0,0,0,2
2,0,0,0,2
1,0,0,0,1
1,0,0,0,1
1,0,0,0,1
6,0,0,0,6
1,0,0,0,1
1,0,0,0,1
1,0,0,0,1
1,0,0,0,1
1,0,0,0,1
1,0,0,0,1
2,0,0,0,2
1,0,0,0,1
1,0,0,0,1
2,0,0,0,2
2,0,0,0,2
1,0,0,0,1
1,0,0,0,1
1,0,0,0,1
3,0,0,0,3
1,0,0,0,1
2,0,0,0,2
1,0,0,0,1
2,0,0,0,2
5,0,0,0,5
1,0,0,0,1
1,0,0,0,1
5,0,0,0,5
1,0,0,0,1
1,0,0,0,1
1,0,0,0,1
1,0,0,0,1
2,0,0,0,2
2,0,0,0,2
2,0,0,0,2
1,0,0,0,1
1,0,0,0,1
2,0,0,0,2
1,0,0,0,1
1,0,0,0,1
1,0,0,0,1
10,0,0,0,10
1,0,0,0,1
1,0,0,0,1
2,0,0,0,2
1,0,0,0,1
1,0,0,0,1
1,0,0,0,1
1,0,0,0,1
1,0,0,0,1
1,0,0,0,1
1,0,0,0,1
2,0,0,0,2
2,0,0,0,2
1,0,0,0,1
2,0,0,0,2
1,0,0,0,1
1,0,0,0,1
1,0,0,0,1
1,0,0,0,1
4,2,0,0,6
8,5,1,0,14
1,0,0,0,1
1,0,0,0,1
2,0,0,0,2
1,0,0,0,1
6,0,0,0,6
4,0,0,0,4
2,0,0,0,2
1,0,0,0,1
1,0,0,0,1
2,0,0,0,2
1,0,0,0,1
4,0,0,0,4
1,0,0,0,1
9,0,0,0,9
1,0,0,0,1
2,0,0,0,2
2,0,0,0,2
2,0,0,0,2
1,0,0,0,1
1,0,0,0,1
2,0,2,0,4
2,3,0,0,5
1,0,0,0,1
1,0,0,0,1
1,0,0,0,1
2,0,0,0,2
1,0,0,0,1
1,633,0,0,634
1,0,0,0,1
1,0,0,0,1
1,0,0,0,1
2,0,0,0,2
1,0,0,0,1
1,0,0,0,1
1,0,0,0,1
1,0,0,0,1
6,0,0,0,6
2,0,0,0,2
1,0,0,0,1
3,0,0,0,3
1,0,0,0,1
1,0,0,0,1
5,1,0,0,6
3,0,0,0,3
6,0,0,0,6
1,0,0,0,1
1,0,0,0,1
1,0,0,0,1
1,0,0,0,1
1,0,0,0,1
1,0,0,0,1
1,0,0,0,1
1,0,0,0,1
1,0,0,0,1
1,0,0,0,1
1,0,0,0,1
1,0,0,0,1
1,0,0,0,1
1,0,0,0,1
1,0,0,0,1
2,0,0,0,2
1,0,0,0,1
1,0,0,0,1
4,0,0,0,4
1,0,0,0,1
1,0,0,0,1
1,0,0,0,1
1,0,0,0,1
4,0,0,0,4
4,0,0,0,4
1,0,0,0,1
1,0,0,0,1
1,0,0,0,1
1,0,0,0,1
1,0,0,0,1
2,0,0,0,2
1,0,0,0,1
1,0,0,0,1
2,0,0,0,2
4,0,0,0,4
1,0,0,0,1
3,0,0,0,3
1,0,0,0,1
1,0,0,0,1
1,0,0,0,1
1,0,0,0,1
1,0,0,0,1
1,0,0,0,1
3,0,0,0,3
1,0,0,0,1
1,0,0,0,1
1,63,0,0,64
1,0,0,0,1
1,0,0,0,1
2,0,0,0,2
1,0,0,0,1
3,0,0,0,3
1,0,0,0,1
1,0,0,0,1
1,0,0,0,1
2,0,0,0,2
1,0,0,0,1
1,0,0,0,1
1,0,0,0,1
1,0,0,0,1
1,0,0,0,1
2,0,0,0,2
1,0,0,0,1
1,0,0,0,1
1,0,0,0,1
1,0,0,0,1
5,0,0,0,5
1,0,0,0,1
2,0,0,0,2
1,0,0,0,1
1,0,0,0,1
4,0,0,0,4
1,0,0,0,1
1,0,0,0,1
2,0,0,0,2
5,443,0,0,448
1,0,0,0,1
1,0,0,0,1
1,0,0,0,1
3,0,0,0,3
1,0,0,0,1
1,1,0,0,2
1,0,0,0,1
1,0,0,0,1
1,0,0,0,1
1,0,0,0,1
1,0,0,0,1
1,0,0,0,1
4,0,0,0,4
2,0,0,0,2
1,0,0,0,1
1,0,0,0,1
4,2,1,0,7
1,0,0,0,1
1,0,0,0,1
3,0,0,0,3
2,2,0,0,4
1,0,0,0,1
12,0,0,0,12
2,0,0,0,2
1,0,0,0,1
1,0,0,0,1
2,0,0,0,2
1,0,0,0,1
1,0,0,0,1
1,0,0,0,1
2,0,0,0,2
4,0,0,0,4
1,0,0,0,1
2,0,0,0,2
2,0,0,0,2
1,0,0,0,1
1,0,0,0,1
3,2,0,0,5
1,0,0,0,1
1,0,0,0,1
3,0,0,0,3
1,0,0,0,1
1,0,0,0,1
1,0,0,0,1
1,0,0,0,1
1,0,0,0,1
1,0,0,0,1
1,0,0,0,1
1,0,0,0,1
8,0,0,0,8
3,1,0,0,4
3,0,0,0,3
1,0,0,0,1
1,0,0,0,1
1,0,0,0,1
2,0,0,0,2
1,0,0,0,1
1,0,0,0,1
2,0,0,0,2
1,0,0,0,1
1,0,0,0,1
1,0,0,0,1
1,0,0,0,1
1,0,0,0,1
6,0,0,0,6
1,0,0,0,1
4,0,0,0,4
1,4,1,0,6
3,1,0,0,4
1,0,0,0,1
1,0,0,0,1
1,0,0,0,1
1,0,0,0,1
1,0,0,0,1
2,0,0,0,2
1,0,0,0,1
1,0,0,0,1
1,0,0,0,1
1,7,0,0,8
3,0,0,0,3
2,0,0,0,2
2,0,0,0,2
1,0,0,0,1
1,0,0,0,1
2,0,0,0,2
1,0,0,0,1
1,0,0,0,1
1,0,0,0,1
1,0,0,0,1
1,0,0,0,1
1,0,0,0,1
1,0,0,0,1
1,0,0,0,1
1,0,0,0,1
1,0,0,0,1
1,0,0,0,1
2,0,0,0,2
1,0,0,0,1
1,0,0,0,1
2,0,0,0,2
1,0,0,0,1
1,0,0,0,1
1,0,0,0,1
2,1,0,0,3
2,0,0,0,2
1,0,0,0,1
3,0,0,0,3
2,0,0,0,2
1,0,0,0,1
4,0,0,0,4
1,0,0,0,1
1,0,0,0,1
1,0,0,0,1
1,0,0,0,1
1,0,0,0,1
4,0,0,0,4
1,0,0,0,1
2,0,0,0,2
1,0,0,0,1
1,0,0,0,1
2,0,0,0,2
1,0,0,0,1
1,0,0,0,1
1,0,0,0,1
2,0,0,0,2
1,0,0,0,1
1,0,0,0,1
1,0,0,0,1
1,0,0,0,1
3,0,0,0,3
1,0,0,0,1
1,0,0,0,1
1,0,0,0,1
2,4,0,0,6
1,0,0,0,1
8,0,0,0,8
1,0,0,0,1
1,0,0,0,1
1,0,0,0,1
1,0,0,0,1
5,0,0,0,5
1,0,0,0,1
4,0,0,0,4
1,0,0,0,1
1,8,0,0,9
1,0,0,0,1
1,0,0,0,1
3,0,0,0,3
2,0,0,0,2
1,0,0,0,1
1,0,0,0,1
1,0,0,0,1
2,0,0,0,2
1,0,0,0,1
1,0,0,0,1
1,0,0,0,1
2,0,0,0,2
1,0,0,0,1
8,0,0,0,8
1,0,0,0,1
1,0,0,0,1
1,0,0,0,1
1,0,0,0,1
1,0,0,0,1
1,1,1,0,3
1,0,0,0,1
1,0,0,0,1
1,0,0,0,1
1,0,0,0,1
1,0,0,0,1
1,0,0,0,1
1,0,0,0,1
1,0,0,0,1
2,0,0,0,2
1,0,0,0,1
2,0,0,0,2
1,0,0,0,1
2,0,0,0,2
1,0,0,0,1
1,0,0,0,1
2,0,0,0,2
1,0,0,0,1
1,0,0,0,1
4,0,0,0,4
1,0,0,0,1
1,0,0,0,1
2,0,0,0,2
1,0,0,0,1
9,5,0,0,14
1,0,0,0,1
3,1,0,0,4
1,0,0,0,1
10,0,0,0,10
1,0,0,0,1
5,2,0,0,7
4,0,0,0,4
1,0,0,0,1
1,0,0,0,1
3,3,0,0,6
2,0,0,0,2
2,0,0,0,2
1,0,0,0,1
3,0,0,0,3
1,0,0,0,1
2,0,0,0,2
1,0,0,0,1
1,0,0,0,1
1,0,0,0,1
1,0,0,0,1
1,0,0,0,1
1,0,0,0,1
1,0,0,0,1
1,0,0,0,1
3,0,0,0,3
1,0,0,0,1
2,0,0,0,2
1,0,0,0,1
2,0,0,0,2
1,0,0,0,1
1,0,0,0,1
1,0,0,0,1
1,0,0,0,1
5,0,0,0,5
1,0,0,0,1
1,0,0,0,1
2,0,0,0,2
1,0,0,0,1
4,0,0,0,4
1,0,0,0,1
1,0,0,0,1
3,0,0,0,3
8,5,0,0,13
1,0,0,0,1
1,0,0,0,1
2,0,0,0,2
1,0,0,0,1
2,0,0,0,2
2,0,0,0,2
1,0,0,0,1
1,0,0,0,1
2,0,0,0,2
1,0,0,0,1
1,0,0,0,1
1,2,0,0,3
1,0,0,0,1
1,0,0,0,1
3,0,0,0,3
1,0,0,0,1
4,0,0,0,4
1,0,0,0,1
7,0,0,0,7
2,0,0,0,2
1,0,0,0,1
1,0,0,0,1
1,0,0,0,1
1,0,0,0,1
1,0,0,0,1
1,0,0,0,1
1,0,0,0,1
1,0,0,0,1
1,0,0,0,1
1,0,0,0,1
2,0,0,0,2
1,0,1,0,2
1,0,0,0,1
1,0,0,0,1
2,0,0,0,2
4,1,1,0,6
1,0,0,0,1
2,0,0,0,2
1,0,0,0,1
1,0,0,0,1
3,1,0,0,4
2,0,0,0,2
1,0,0,0,1
1,0,0,0,1
4,2,0,0,6
1,0,0,0,1
1,5,5,0,11
1,0,0,0,1
1,0,0,0,1
1,0,0,0,1
2,0,0,0,2
1,0,0,0,1
1,0,0,0,1
1,0,0,0,1
1,2,0,0,3
1,58,0,0,59
1,0,0,0,1
4,0,0,0,4
1,0,0,0,1
2,0,0,0,2
4,0,0,0,4
1,0,0,0,1
2,0,0,0,2
2,0,0,0,2
1,0,0,0,1
1,0,0,0,1
2,0,0,0,2
9,0,0,0,9
2,0,0,0,2
1,0,0,0,1
1,0,0,0,1
1,0,0,0,1
1,0,0,0,1
2,0,0,0,2
1,0,0,0,1
1,0,0,0,1
1,0,0,0,1
7,0,0,0,7
1,0,0,0,1
2,0,0,0,2
1,8,0,0,9
1,0,0,0,1
1,0,0,0,1
1,0,0,0,1
1,0,0,0,1
1,0,0,0,1
5,0,0,0,5
6,0,0,0,6
1,0,0,0,1
1,0,0,0,1
2,0,0,0,2
1,0,0,0,1
1,0,0,0,1
2,0,0,0,2
1,0,0,0,1
2,0,0,0,2
2,0,0,0,2
2,0,0,0,2
1,0,0,0,1
1,0,0,0,1
1,0,0,0,1
2,0,0,0,2
4,0,0,0,4
2,0,0,0,2
1,0,0,0,1
3,0,0,0,3
1,54,0,0,55
1,0,0,0,1
1,0,0,0,1
1,0,0,0,1
1,0,0,0,1
1,0,0,0,1
1,0,0,0,1
1,0,0,0,1
1,0,0,0,1
1,0,0,0,1
1,0,0,0,1
1,0,0,0,1
2,0,0,0,2
1,0,0,0,1
1,0,0,0,1
1,0,0,0,1
2,0,0,0,2
1,0,0,0,1
1,0,0,0,1
1,0,0,0,1
2,0,0,0,2
2,0,0,0,2
5,0,0,0,5
1,0,0,0,1
1,0,0,0,1
3,0,0,0,3
2,0,0,0,2
1,0,0,0,1
1,0,0,0,1
1,0,0,0,1
2,0,0,0,2
1,0,0,0,1
2,0,0,0,2
2,0,0,0,2
1,0,0,0,1
1,0,0,0,1
1,0,0,0,1
2,0,0,0,2
1,0,0,0,1
3,0,0,0,3
2,2,1,0,5
2,0,0,0,2
2,0,0,0,2
2,0,0,0,2
3,0,0,0,3
1,0,0,0,1
1,0,0,0,1
1,0,0,0,1
1,0,0,0,1
3,0,0,0,3
1,0,0,0,1
1,0,0,0,1
1,0,0,0,1
1,0,0,0,1
1,0,0,0,1
1,0,0,0,1
1,0,0,0,1
2,0,0,0,2
1,0,0,0,1
1,0,0,0,1
1,0,0,0,1
3,0,0,0,3
1,0,0,0,1
1,0,0,0,1
2,0,0,0,2
1,0,0,0,1
1,0,0,0,1
1,0,0,0,1
1,0,0,0,1
2,0,0,0,2
14,0,0,0,14
2,0,0,0,2
1,0,0,0,1
10,0,0,0,10
1,0,0,0,1
1,0,0,0,1
1,0,0,0,1
2,0,0,0,2
1,0,0,0,1
1,0,0,0,1
1,0,0,0,1
1,0,0,0,1
1,0,0,0,1
1,0,0,0,1
1,0,0,0,1
1,0,0,0,1
1,0,0,0,1
2,0,0,0,2
1,0,0,0,1
1,0,0,0,1
1,0,0,0,1
2,0,0,0,2
1,0,0,0,1
1,0,0,0,1
1,0,0,0,1
1,0,0,0,1
1,0,0,0,1
1,0,0,0,1
1,0,0,0,1
1,0,0,0,1
1,0,0,0,1
2,0,0,0,2
1,0,0,0,1
3,0,0,0,3
1,0,0,0,1
1,0,0,0,1
2,0,0,0,2
2,0,0,0,2
1,0,0,0,1
1,0,0,0,1
1,0,0,0,1
1,0,0,0,1
1,0,0,0,1
1,0,0,0,1
3,4,0,0,7
1,0,0,0,1
1,0,0,0,1
1,0,0,0,1
1,0,0,0,1
1,0,0,0,1
1,0,0,0,1
2,1,0,0,3
2,0,0,0,2
2,0,0,0,2
4,0,0,0,4
2,0,0,0,2
1,0,0,0,1
1,0,0,0,1
1,0,0,0,1
3,0,0,0,3
1,0,0,0,1
1,0,0,0,1
1,0,0,0,1
2,0,0,0,2
6,0,0,0,6
1,0,0,0,1
1,0,0,0,1
2,1,0,0,3
1,0,0,0,1
1,0,0,0,1
4,0,0,0,4
2,0,0,0,2
1,0,0,0,1
1,0,0,0,1
1,0,0,0,1
1,0,0,0,1
2,0,0,0,2
1,0,0,0,1
1,0,0,0,1
1,0,0,0,1
2,0,0,0,2
1,0,0,0,1
2,0,0,0,2
1,0,0,0,1
3,0,0,0,3
1,0,0,0,1
2,0,0,0,2
1,0,0,0,1
2,0,0,0,2
1,0,0,0,1
1,0,0,0,1
1,0,0,0,1
1,0,0,0,1
1,0,0,0,1
1,0,0,0,1
1,0,0,0,1
1,0,0,0,1
1,0,0,0,1
1,0,0,0,1
8,0,0,0,8
1,0,0,0,1
1,0,0,0,1
1,0,0,0,1
1,0,0,0,1
1,0,0,0,1
2,0,0,0,2
1,0,0,0,1
2,0,0,0,2
6,0,0,0,6
1,0,0,0,1
1,0,0,0,1
1,0,0,0,1
1,0,0,0,1
1,0,0,0,1
2,0,0,0,2
1,0,0,0,1
1,0,0,0,1
1,0,0,0,1
1,0,0,0,1
1,0,0,0,1
1,0,0,0,1
1,0,0,0,1
1,0,0,0,1
2,0,0,0,2
1,0,0,0,1
1,0,0,0,1
1,7,0,0,8
2,0,0,0,2
1,0,0,0,1
1,0,0,0,1
2,0,0,0,2
1,0,0,0,1
1,0,0,0,1
2,0,0,0,2
1,0,0,0,1
1,0,0,0,1
1,0,0,0,1
1,0,0,0,1
1,0,0,0,1
1,0,0,0,1
1,0,0,0,1
1,0,0,0,1
1,0,0,0,1
1,0,0,0,1
1,0,0,0,1
1,0,0,0,1
1,0,0,0,1
1,0,0,0,1
1,0,0,0,1
1,0,0,0,1
2,0,0,0,2
1,0,0,0,1
3,0,0,0,3
1,0,0,0,1
4,4,0,0,8
1,0,0,0,1
1,0,0,0,1
4,0,0,0,4
3,0,0,0,3
1,0,0,0,1
2,3,0,0,5
1,0,0,0,1
1,0,0,0,1
1,0,0,0,1
1,0,0,0,1
1,0,0,0,1
1,0,0,0,1
2,0,0,0,2
1,0,0,0,1
2,0,0,0,2
1,0,0,0,1
1,0,0,0,1
3,0,0,0,3
1,0,0,0,1
3,0,0,0,3
2,0,0,0,2
1,0,0,0,1
1,0,0,0,1
1,0,0,0,1
1,0,0,0,1
1,0,0,0,1
4,1,0,0,5
2,0,0,0,2
2,7,0,0,9
1,0,0,0,1
1,0,0,0,1
1,0,0,0,1
3,0,0,0,3
1,0,0,0,1
1,0,0,0,1
2,4,0,0,6
1,0,0,0,1
1,0,0,0,1
9,1,0,0,10
1,0,0,0,1
1,0,0,0,1
3,0,0,0,3
1,0,0,0,1
1,0,0,0,1
5,0,0,0,5
1,0,0,0,1
1,0,0,0,1
1,0,0,0,1
1,0,0,0,1
1,0,0,0,1
4,1,0,0,5
1,0,0,0,1
1,0,0,0,1
1,0,0,0,1
5,0,0,0,5
3,0,0,0,3
3,2,0,0,5
1,0,0,0,1
1,0,0,0,1
1,0,0,0,1
1,0,0,0,1
1,3,0,0,4
1,0,0,0,1
1,0,0,0,1
1,0,0,0,1
3,0,0,0,3
3,0,0,0,3
1,0,0,0,1
2,0,0,0,2
1,0,0,0,1
1,0,0,0,1
1,0,0,0,1
1,0,0,0,1
1,0,0,0,1
1,0,0,0,1
1,0,0,0,1
1,0,0,0,1
1,0,0,0,1
1,0,0,0,1
1,0,0,0,1
1,0,0,0,1
1,0,0,0,1
2,0,0,0,2
2,0,0,0,2
1,0,0,0,1
4,0,0,0,4
2,0,0,0,2
1,0,0,0,1
1,0,0,0,1
1,0,0,0,1
1,0,0,0,1
1,0,0,0,1
1,0,0,0,1
2,0,0,0,2
1,0,0,0,1
1,0,0,0,1
2,0,0,0,2
1,0,0,0,1
1,0,0,0,1
1,0,0,0,1
10,0,0,0,10
1,0,0,0,1
2,0,0,0,2
1,2,0,0,3
1,0,0,0,1
1,0,0,0,1
4,0,0,0,4
3,0,0,0,3
1,0,0,0,1
1,0,0,0,1
1,0,0,0,1
1,0,0,0,1
4,0,0,0,4
1,0,0,0,1
1,0,0,0,1
1,0,0,0,1
1,0,0,0,1
1,0,0,0,1
1,0,0,0,1
1,0,0,0,1
1,0,0,0,1
1,0,0,0,1
2,0,0,0,2
4,0,0,0,4
1,0,0,0,1
1,0,0,0,1
2,0,0,0,2
1,0,0,0,1
2,0,0,0,2
1,0,0,0,1
2,0,0,0,2
1,0,0,0,1
1,0,0,0,1
1,0,0,0,1
1,0,0,0,1
2,0,0,0,2
1,0,0,0,1
1,0,0,0,1
3,0,0,0,3
3,0,0,0,3
1,0,0,0,1
1,0,0,0,1
2,0,0,0,2
2,0,0,0,2
1,0,0,0,1
3,0,0,0,3
1,0,0,0,1
1,0,0,0,1
4,0,0,0,4
1,0,0,0,1
1,0,0,0,1
2,0,0,0,2
2,0,0,0,2
1,0,0,0,1
2,0,0,0,2
2,0,0,0,2
2,0,0,0,2
1,0,0,0,1
1,0,0,0,1
3,1,0,0,4
1,0,0,0,1
1,0,0,0,1
3,0,0,0,3
3,0,0,0,3
1,0,0,0,1
1,0,0,0,1
1,0,0,0,1
1,0,0,0,1
2,0,0,0,2
1,15,0,0,16
1,0,0,0,1
2,0,0,0,2
4,4,0,0,8
7,0,0,0,7
1,1,1,0,3
1,0,0,0,1
2,0,0,0,2
1,0,0,0,1
1,0,0,0,1
1,0,0,0,1
2,0,0,0,2
1,0,0,0,1
3,7,2,0,12
1,0,0,0,1
1,0,0,0,1
2,0,0,0,2
1,0,0,0,1
1,0,0,0,1
1,0,0,0,1
1,0,0,0,1
1,0,0,0,1
1,0,0,0,1
1,0,0,0,1
1,0,0,0,1
1,0,0,0,1
2,0,0,0,2
1,0,0,0,1
1,0,0,0,1
3,0,0,0,3
1,0,0,0,1
1,0,0,0,1
1,0,0,0,1
1,0,0,0,1
1,0,0,0,1
1,0,0,0,1
1,0,0,0,1
1,0,0,0,1
1,0,0,0,1
2,0,0,0,2
1,0,0,0,1
6,0,0,0,6
11,22,0,0,33
2,0,0,0,2
3,0,0,0,3
6,1,0,0,7
2,0,0,0,2
1,0,0,0,1
1,0,0,0,1
4,2,0,0,6
1,0,0,0,1
1,0,0,0,1
2,0,0,0,2
1,0,0,0,1
3,4,0,0,7
1,0,0,0,1
1,0,0,0,1
1,0,0,0,1
3,3,0,0,6
1,0,0,0,1
1,0,0,0,1
1,0,0,0,1
1,0,0,0,1
3,16,0,0,19
1,25,1,0,27
1,0,0,0,1
1,0,0,0,1
1,0,0,0,1
1,0,0,0,1
5,0,0,0,5
1,0,0,0,1
1,0,0,0,1
1,0,0,0,1
1,0,0,0,1
2,0,0,0,2
1,0,0,0,1
1,0,0,0,1
1,1,0,0,2
1,0,0,0,1
1,0,0,0,1
5,0,0,0,5
3,0,0,0,3
1,0,0,0,1
1,0,0,0,1
1,0,0,0,1
6,0,0,0,6
1,0,0,0,1
1,0,0,0,1
1,0,0,0,1
1,0,0,0,1
1,0,0,0,1
6,0,0,0,6
2,16,2,0,20
2,0,0,0,2
3,1,0,0,4
1,0,0,0,1
1,0,0,0,1
2,0,0,0,2
3,0,0,0,3
1,0,0,0,1
2,0,0,0,2
1,0,0,0,1
1,0,0,0,1
1,0,0,0,1
1,0,0,0,1
1,0,0,0,1
1,0,0,0,1
4,0,0,0,4
1,0,0,0,1
3,0,0,0,3
1,0,0,0,1
5,0,0,0,5
1,2,0,0,3
1,0,0,0,1
1,0,0,0,1
1,0,0,0,1
1,0,0,0,1
5,0,0,0,5
1,0,0,0,1
1,0,0,0,1
1,0,0,0,1
3,0,0,0,3
1,0,0,0,1
1,0,0,0,1
9,0,0,0,9
1,0,0,0,1
1,0,0,0,1
1,0,0,0,1
2,0,0,0,2
1,0,0,0,1
2,0,0,0,2
1,0,0,0,1
1,0,0,0,1
1,0,0,0,1
1,0,0,0,1
1,0,0,0,1
5,0,0,0,5
2,0,0,0,2
5,0,0,0,5
1,0,0,0,1
1,0,0,0,1
1,0,0,0,1
1,0,0,0,1
2,0,0,0,2
1,0,0,0,1
1,0,0,0,1
2,0,0,0,2
1,0,0,0,1
2,0,0,0,2
4,0,0,0,4
1,0,0,0,1
3,0,0,0,3
1,0,0,0,1
1,0,0,0,1
2,0,0,0,2
2,0,0,0,2
2,0,0,0,2
1,0,0,0,1
2,3,0,0,5
1,0,0,0,1
1,0,0,0,1
1,0,0,0,1
1,0,0,0,1
1,0,0,0,1
1,0,0,0,1
10,0,0,0,10
1,0,0,0,1
1,0,0,0,1
1,0,0,0,1
1,0,0,0,1
2,0,0,0,2
1,0,0,0,1
1,0,0,0,1
1,0,0,0,1
1,0,0,0,1
1,0,0,0,1
1,0,0,0,1
1,0,0,0,1
1,0,0,0,1
1,0,0,0,1
1,0,0,0,1
2,0,0,0,2
1,0,0,0,1
1,0,0,0,1
1,0,0,0,1
1,0,0,0,1
4,0,0,0,4
2,0,0,0,2
1,0,0,0,1
2,0,0,0,2
1,0,0,0,1
1,0,0,0,1
2,0,0,0,2
1,0,0,0,1
1,0,0,0,1
4,0,0,0,4
5,0,0,0,5
1,0,0,0,1
5,0,0,0,5
2,0,0,0,2
1,0,0,0,1
1,0,0,0,1
1,0,0,0,1
1,0,0,0,1
1,0,0,0,1
1,0,0,0,1
1,0,0,0,1
1,0,0,0,1
1,0,0,0,1
1,1,0,0,2
1,0,0,0,1
1,0,0,0,1
1,0,0,0,1
2,0,0,0,2
3,0,0,0,3
2,66,0,0,68
1,0,0,0,1
2,0,0,0,2
1,0,0,0,1
1,0,0,0,1
1,0,0,0,1
1,0,0,0,1
1,0,0,0,1
4,0,0,0,4
1,0,0,0,1
2,0,0,0,2
11,1,1,0,13
1,0,0,0,1
3,0,0,0,3
1,0,0,0,1
1,0,0,0,1
4,0,0,0,4
1,0,0,0,1
2,0,0,0,2
1,0,0,0,1
1,0,0,0,1
1,0,0,0,1
1,0,0,0,1
1,0,0,0,1
2,0,0,0,2
1,0,0,0,1
1,0,0,0,1
1,0,0,0,1
2,0,0,0,2
1,0,0,0,1
1,0,0,0,1
1,0,0,0,1
4,0,0,0,4
1,0,0,0,1
1,0,0,0,1
1,0,0,0,1
1,0,0,0,1
1,0,0,0,1
2,0,0,0,2
1,0,0,0,1
1,0,0,0,1
1,0,0,0,1
1,0,0,0,1
1,0,0,0,1
3,0,0,0,3
4,0,0,0,4
1,0,0,0,1
1,0,0,0,1
1,0,0,0,1
1,0,0,0,1
2,0,0,0,2
2,0,0,0,2
1,0,0,0,1
1,0,0,0,1
2,0,0,0,2
1,0,0,0,1
3,0,0,0,3
3,0,0,0,3
1,0,0,0,1
2,0,0,0,2
1,0,0,0,1
1,0,0,0,1
1,0,0,0,1
1,0,0,0,1
5,0,0,0,5
1,0,0,0,1
1,0,0,0,1
2,0,0,0,2
3,0,0,0,3
1,0,0,0,1
1,0,0,0,1
1,0,0,0,1
1,0,0,0,1
1,0,0,0,1
1,0,0,0,1
2,0,0,0,2
1,0,0,0,1
1,0,0,0,1
1,0,0,0,1
2,0,0,0,2
1,0,0,0,1
1,0,0,0,1
1,0,0,0,1
2,0,0,0,2
1,0,0,0,1
1,0,0,0,1
5,0,0,0,5
1,0,0,0,1
1,0,0,0,1
1,0,0,0,1
1,0,0,0,1
1,0,0,0,1
2,0,0,0,2
2,0,0,0,2
1,0,0,0,1
1,0,0,0,1
6,1,0,0,7
1,0,0,0,1
1,0,0,0,1
1,0,0,0,1
3,0,0,0,3
1,0,0,0,1
1,0,0,0,1
1,0,0,0,1
1,0,0,0,1
1,0,0,0,1
2,0,0,0,2
1,0,0,0,1
1,0,0,0,1
1,0,0,0,1
3,0,0,0,3
1,0,0,0,1
2,0,0,0,2
1,0,0,0,1
4,0,0,0,4
3,0,0,0,3
1,0,0,0,1
2,0,0,0,2
1,0,0,0,1
2,0,0,0,2
1,0,0,0,1
1,0,0,0,1
2,0,0,0,2
1,0,0,0,1
1,0,0,0,1
1,0,0,0,1
1,0,0,0,1
1,0,0,0,1
1,0,0,0,1
3,0,0,0,3
2,0,0,0,2
1,0,0,0,1
2,0,0,0,2
1,0,0,0,1
4,0,0,0,4
1,0,0,0,1
3,14,0,0,17
1,0,0,0,1
1,0,0,0,1
1,0,0,0,1
1,0,0,0,1
7,0,1,0,8
4,0,0,0,4
1,0,0,0,1
1,0,0,0,1
1,0,0,0,1
1,0,0,0,1
1,2,0,0,3
1,0,0,0,1
1,0,0,0,1
1,0,0,0,1
1,0,0,0,1
1,0,0,0,1
2,0,0,0,2
1,0,0,0,1
1,0,0,0,1
1,0,0,0,1
1,0,0,0,1
1,0,0,0,1
1,0,0,0,1
1,0,0,0,1
1,0,0,0,1
1,0,0,0,1
2,0,0,0,2
1,0,0,0,1
3,3,0,0,6
1,0,0,0,1
1,0,0,0,1
1,0,0,0,1
1,0,0,0,1
1,0,0,0,1
1,0,0,0,1
4,0,0,0,4
1,0,0,0,1
1,0,0,0,1
1,0,0,0,1
1,0,0,0,1
1,0,0,0,1
1,0,0,0,1
1,0,0,0,1
1,0,0,0,1
6,0,0,0,6
1,0,0,0,1
1,0,0,0,1
1,0,0,0,1
1,0,0,0,1
1,0,0,0,1
1,0,0,0,1
1,0,0,0,1
4,0,0,0,4
2,0,0,0,2
1,0,0,0,1
1,0,0,0,1
18,0,0,0,18
3,0,0,0,3
2,0,0,0,2
1,0,0,0,1
1,1,0,0,2
1,2,0,0,3
3,0,1,0,4
1,0,0,0,1
1,0,0,0,1
2,0,0,0,2
1,0,0,0,1
2,0,0,0,2
2,0,0,0,2
6,0,0,0,6
1,0,0,0,1
1,0,0,0,1
2,0,0,0,2
1,0,0,0,1
1,0,0,0,1
1,0,0,0,1
1,0,0,0,1
5,2,0,0,7
1,0,0,0,1
1,0,0,0,1
2,0,0,0,2
1,0,0,0,1
1,0,0,0,1
1,0,0,0,1
3,0,0,0,3
3,0,0,0,3
2,0,0,0,2
1,0,0,0,1
2,0,0,0,2
1,0,0,0,1
1,0,0,0,1
1,0,0,0,1
1,0,0,0,1
1,0,0,0,1
1,0,0,0,1
8,1,0,0,9
1,0,0,0,1
1,0,0,0,1
1,0,0,0,1
1,0,0,0,1
1,0,0,0,1
4,0,0,0,4
1,0,0,0,1
1,0,0,0,1
1,0,0,0,1
1,0,0,0,1
6,0,0,0,6
2,0,0,0,2
1,1,1,0,3
3,0,0,0,3
1,0,0,0,1
1,0,0,0,1
2,0,0,0,2
1,0,0,0,1
1,0,0,0,1
3,0,0,0,3
1,0,0,0,1
3,0,0,0,3
1,0,0,0,1
1,0,0,0,1
2,0,0,0,2
1,0,0,0,1
1,0,0,0,1
1,0,0,0,1
2,0,0,0,2
1,0,0,0,1
1,0,0,0,1
1,0,0,0,1
1,0,0,0,1
2,0,0,0,2
1,0,0,0,1
1,0,0,0,1
1,0,0,0,1
1,0,0,0,1
9,0,0,0,9
1,0,0,0,1
1,0,0,0,1
1,7,0,0,8
2,0,0,0,2
3,9,0,0,12
1,0,0,0,1
1,0,0,0,1
3,1,2,0,6
4,0,0,0,4
2,1,0,0,3
1,0,0,0,1
1,0,0,0,1
1,0,0,0,1
1,0,0,0,1
1,0,0,0,1
1,0,0,0,1
1,0,0,0,1
6,10,0,0,16
3,0,0,0,3
1,0,0,0,1
1,0,0,0,1
1,0,0,0,1
1,0,0,0,1
1,0,0,0,1
1,0,0,0,1
1,0,0,0,1
1,1,0,0,2
1,0,0,0,1
2,0,0,0,2
1,0,0,0,1
1,0,0,0,1
3,0,0,0,3
5,0,0,0,5
1,0,0,0,1
1,0,0,0,1
1,0,0,0,1
2,0,0,0,2
2,0,0,0,2
2,0,0,0,2
2,0,0,0,2
1,0,0,0,1
1,0,0,0,1
1,0,0,0,1
1,0,0,0,1
2,0,0,0,2
2,0,0,0,2
4,0,0,0,4
1,0,0,0,1
2,0,0,0,2
1,0,0,0,1
1,0,0,0,1
1,0,0,0,1
1,0,0,0,1
1,0,0,0,1
1,0,0,0,1
1,0,0,0,1
2,0,0,0,2
1,0,0,0,1
1,0,0,0,1
1,0,0,0,1
1,0,0,0,1
2,0,0,0,2
1,0,0,0,1
2,0,0,0,2
1,0,0,0,1
1,0,0,0,1
1,0,0,0,1
2,0,0,0,2
1,0,0,0,1
1,0,0,0,1
1,0,0,0,1
1,0,0,0,1
1,0,0,0,1
1,0,0,0,1
2,0,0,0,2
1,0,0,0,1
1,0,0,0,1
1,0,0,0,1
1,0,0,0,1
2,0,0,0,2
1,5,0,0,6
1,0,0,0,1
1,0,0,0,1
1,0,0,0,1
3,0,0,0,3
2,0,0,0,2
2,1,1,0,4
3,0,0,0,3
1,0,0,0,1
1,0,0,0,1
1,0,0,0,1
2,0,0,0,2
1,0,0,0,1
1,0,0,0,1
1,0,0,0,1
1,0,0,0,1
1,0,0,0,1
3,0,0,0,3
1,0,0,0,1
4,17,1,0,22
2,0,0,0,2
2,0,0,0,2
2,0,0,0,2
3,0,0,0,3
1,0,0,0,1
1,0,0,0,1
1,0,0,0,1
1,0,0,0,1
1,0,0,0,1
2,0,0,0,2
1,0,0,0,1
1,0,0,0,1
2,0,0,0,2
1,0,0,0,1
1,0,0,0,1
2,3,0,0,5
1,0,0,0,1
1,0,0,0,1
1,0,0,0,1
1,0,0,0,1
1,0,0,0,1
1,0,0,0,1
1,0,0,0,1
1,0,0,0,1
2,0,0,0,2
1,0,0,0,1
1,0,0,0,1
2,0,0,0,2
1,0,0,0,1
2,5,0,0,7
1,0,0,0,1
2,0,0,0,2
1,0,0,0,1
1,0,0,0,1
2,0,0,0,2
1,0,0,0,1
2,0,0,0,2
1,0,0,0,1
1,0,0,0,1
1,0,0,0,1
1,0,0,0,1
1,0,0,0,1
3,0,0,0,3
1,0,0,0,1
1,0,0,0,1
2,0,0,0,2
1,0,0,0,1
1,0,0,0,1
1,0,0,0,1
1,0,0,0,1
1,0,0,0,1
1,0,0,0,1
1,0,0,0,1
1,0,0,0,1
3,0,0,0,3
2,0,0,0,2
1,0,0,0,1
1,0,0,0,1
3,9,0,0,12
1,0,0,0,1
2,0,0,0,2
1,0,0,0,1
1,0,0,0,1
1,0,0,0,1
2,0,0,0,2
1,0,0,0,1
1,0,0,0,1
1,0,0,0,1
1,0,0,0,1
1,0,0,0,1
1,0,0,0,1
1,0,0,0,1
3,5,0,0,8
2,0,0,0,2
1,0,0,0,1
1,0,0,0,1
4,0,0,0,4
2,2,0,0,4
2,0,0,0,2
8,0,0,0,8
1,0,0,0,1
1,0,0,0,1
2,0,0,0,2
1,0,0,0,1
1,0,0,0,1
3,8,6,0,17
1,0,0,0,1
1,0,0,0,1
1,0,0,0,1
1,0,0,0,1
1,0,0,0,1
1,0,0,0,1
1,0,0,0,1
1,0,0,0,1
2,0,0,0,2
1,0,0,0,1
2,0,0,0,2
1,1,0,0,2
2,0,0,0,2
1,0,0,0,1
3,0,0,0,3
1,0,0,0,1
1,0,0,0,1
1,0,0,0,1
4,0,0,0,4
2,0,0,0,2
2,0,0,0,2
1,0,0,0,1
1,0,0,0,1
1,0,0,0,1
1,0,0,0,1
1,0,0,0,1
1,0,0,0,1
2,0,0,0,2
1,0,0,0,1
1,0,0,0,1
2,0,0,0,2
1,0,0,0,1
1,0,0,0,1
1,0,0,0,1
2,0,0,0,2
2,0,0,0,2
1,0,0,0,1
1,0,0,0,1
1,0,0,0,1
1,0,0,0,1
6,0,0,0,6
3,0,0,0,3
1,0,0,0,1
2,0,0,0,2
1,0,0,0,1
1,0,0,0,1
1,0,0,0,1
4,0,0,0,4
1,0,0,0,1
1,0,0,0,1
1,0,0,0,1
3,0,0,0,3
1,0,0,0,1
1,0,0,0,1
1,0,0,0,1
1,0,0,0,1
1,0,0,0,1
1,0,0,0,1
3,2,0,0,5
1,0,0,0,1
1,0,0,0,1
3,0,0,0,3
1,0,0,0,1
1,0,0,0,1
1,0,0,0,1
1,0,0,0,1
2,0,0,0,2
1,0,0,0,1
1,0,0,0,1
1,0,0,0,1
1,0,0,0,1
1,0,0,0,1
1,0,0,0,1
3,0,0,0,3
1,0,0,0,1
8,0,0,0,8
1,0,0,0,1
1,0,0,0,1
1,0,0,0,1
1,0,0,0,1
2,0,0,0,2
1,0,0,0,1
4,6,0,0,10
1,0,0,0,1
1,0,0,0,1
1,0,0,0,1
2,0,0,0,2
2,0,0,0,2
1,0,0,0,1
5,0,0,0,5
1,0,0,0,1
2,0,0,0,2
3,67,0,0,70
1,0,0,0,1
1,0,0,0,1
1,0,0,0,1
1,0,0,0,1
1,0,0,0,1
1,0,0,0,1
1,0,0,0,1
2,0,0,0,2
1,0,0,0,1
1,0,0,0,1
1,0,0,0,1
1,0,0,0,1
1,0,0,0,1
1,0,0,0,1
3,0,0,0,3
1,0,0,0,1
6,0,0,0,6
1,0,0,0,1
1,0,0,0,1
3,0,0,0,3
1,0,0,0,1
1,0,0,0,1
1,0,0,0,1
1,0,0,0,1
1,0,0,0,1
3,0,0,0,3
1,0,0,0,1
2,0,0,0,2
2,0,0,0,2
1,0,0,0,1
5,0,0,0,5
1,0,0,0,1
4,0,0,0,4
1,1,0,0,2
1,0,0,0,1
3,0,0,0,3
2,0,0,0,2
2,0,0,0,2
1,0,0,0,1
4,0,0,0,4
4,0,0,0,4
1,0,0,0,1
1,0,0,0,1
7,7,0,0,14
2,0,0,0,2
1,0,0,0,1
3,0,0,0,3
1,0,0,0,1
1,0,0,0,1
4,46,16,0,66
1,0,0,0,1
2,0,0,0,2
1,0,0,0,1
2,0,0,0,2
1,0,0,0,1
2,0,0,0,2
2,0,0,0,2
1,0,0,0,1
1,0,0,0,1
1,2,0,0,3
1,0,0,0,1
1,0,0,0,1
2,0,0,0,2
1,0,0,0,1
1,0,0,0,1
1,0,0,0,1
1,0,0,0,1
2,0,0,0,2
1,0,0,0,1
1,0,0,0,1
1,0,0,0,1
3,0,0,0,3
1,0,0,0,1
4,0,0,0,4
2,0,0,0,2
1,0,0,0,1
2,0,0,0,2
2,0,0,0,2
1,0,0,0,1
1,0,0,0,1
1,0,0,0,1
1,0,0,0,1
1,0,0,0,1
2,0,0,0,2
1,0,0,0,1
1,0,0,0,1
3,0,0,0,3
1,0,0,0,1
1,0,0,0,1
3,0,0,0,3
1,0,0,0,1
1,0,0,0,1
1,0,0,0,1
2,0,0,0,2
1,0,0,0,1
2,0,0,0,2
1,0,0,0,1
1,0,0,0,1
2,2,0,0,4
1,0,0,0,1
1,0,0,0,1
1,0,0,0,1
1,0,0,0,1
1,0,0,0,1
1,0,0,0,1
1,0,0,0,1
1,0,0,0,1
1,0,0,0,1
1,0,0,0,1
1,0,0,0,1
1,0,0,0,1
1,0,0,0,1
2,0,0,0,2
3,0,1,0,4
1,0,0,0,1
11,5,0,0,16
2,0,0,0,2
1,0,0,0,1
1,0,0,0,1
3,0,0,0,3
2,0,0,0,2
2,0,0,0,2
1,0,0,0,1
1,0,0,0,1
1,0,0,0,1
3,0,0,0,3
4,0,0,0,4
1,0,0,0,1
1,0,0,0,1
2,0,0,0,2
3,0,0,0,3
1,0,0,0,1
1,0,0,0,1
1,0,0,0,1
1,0,0,0,1
1,0,0,0,1
1,0,0,0,1
1,0,0,0,1
5,0,0,0,5
1,0,0,0,1
1,0,0,0,1
3,0,0,0,3
1,0,0,0,1
1,0,0,0,1
1,0,0,0,1
1,0,0,0,1
3,0,0,0,3
1,0,0,0,1
1,0,0,0,1
2,0,0,0,2
1,0,0,0,1
1,0,0,0,1
1,0,0,0,1
1,0,0,0,1
1,0,0,0,1
1,0,0,0,1
1,0,0,0,1
1,0,0,0,1
1,0,0,0,1
2,0,0,0,2
1,0,0,0,1
2,0,0,0,2
1,0,0,0,1
1,0,0,0,1
1,0,0,0,1
1,0,0,0,1
1,0,0,0,1
1,0,0,0,1
4,64,0,0,68
1,0,0,0,1
1,0,0,0,1
1,0,0,0,1
1,0,0,0,1
1,0,0,0,1
2,0,0,0,2
1,0,0,0,1
1,0,0,0,1
1,0,0,0,1
1,0,0,0,1
3,0,0,0,3
2,0,0,0,2
1,0,0,0,1
4,0,0,0,4
2,0,0,0,2
2,0,0,0,2
1,0,0,0,1
1,0,0,0,1
1,0,0,0,1
1,0,0,0,1
1,0,0,0,1
1,0,0,0,1
2,0,0,0,2
4,7,2,0,13
8,2,0,0,10
1,0,0,0,1
1,0,0,0,1
2,0,0,0,2
2,0,0,0,2
1,0,0,0,1
7,3,0,0,10
1,0,0,0,1
4,0,0,0,4
1,0,0,0,1
1,0,0,0,1
1,0,0,0,1
1,0,0,0,1
1,0,0,0,1
1,0,0,0,1
1,0,0,0,1
1,0,0,0,1
1,0,0,0,1
1,0,0,0,1
2,0,0,0,2
1,0,0,0,1
1,0,0,0,1
1,0,0,0,1
1,0,0,0,1
1,0,0,0,1
1,0,0,0,1
1,0,0,0,1
1,0,0,0,1
3,0,0,0,3
1,0,0,0,1
2,0,0,0,2
3,1,0,0,4
1,0,0,0,1
9,0,0,0,9
2,0,0,0,2
1,0,0,0,1
1,0,0,0,1
1,0,0,0,1
1,0,0,0,1
14,4,0,0,18
2,0,0,0,2
1,0,0,0,1
1,0,0,0,1
5,0,0,0,5
1,0,0,0,1
1,0,0,0,1
3,0,0,0,3
1,0,0,0,1
2,0,0,0,2
3,0,0,0,3
10,33,0,0,43
1,0,0,0,1
1,0,0,0,1
1,0,0,0,1
1,0,0,0,1
1,0,0,0,1
3,0,0,0,3
1,0,0,0,1
1,0,0,0,1
3,0,0,0,3
1,0,0,0,1
3,0,0,0,3
3,8,0,0,11
2,0,0,0,2
1,0,0,0,1
1,1,0,0,2
1,0,0,0,1
2,0,0,0,2
1,0,0,0,1
3,0,0,0,3
1,0,0,0,1
3,0,0,0,3
2,0,0,0,2
2,0,0,0,2
1,0,0,0,1
1,0,0,0,1
1,0,0,0,1
1,0,0,0,1
1,0,0,0,1
1,0,0,0,1
1,0,0,0,1
1,0,0,0,1
1,0,0,0,1
3,0,0,0,3
2,0,0,0,2
1,0,0,0,1
6,0,0,0,6
3,0,0,0,3
1,0,0,0,1
1,0,0,0,1
1,0,0,0,1
1,0,0,0,1
4,0,0,0,4
1,0,0,0,1
1,0,0,0,1
1,0,0,0,1
1,0,0,0,1
1,1,1,0,3
1,0,0,0,1
2,0,0,0,2
2,0,0,0,2
1,0,0,0,1
3,2,0,0,5
1,0,0,0,1
1,0,0,0,1
5,0,0,0,5
1,0,0,0,1
1,0,0,0,1
3,0,0,0,3
2,0,0,0,2
2,0,0,0,2
1,0,0,0,1
2,1,0,0,3
2,0,0,0,2
1,0,0,0,1
1,0,0,0,1
1,0,0,0,1
1,0,0,0,1
11,0,0,0,11
5,0,0,0,5
1,0,0,0,1
1,0,0,0,1
1,0,0,0,1
1,0,0,0,1
1,0,0,0,1
1,0,0,0,1
1,0,0,0,1
1,0,0,0,1
1,0,0,0,1
3,0,0,0,3
1,0,0,0,1
1,0,0,0,1
4,0,0,0,4
2,0,0,0,2
1,0,0,0,1
3,0,0,0,3
5,0,0,0,5
3,0,0,0,3
2,0,0,0,2
1,0,0,0,1
1,0,0,0,1
2,0,0,0,2
1,0,0,0,1
2,0,0,0,2
3,12,0,0,15
1,0,0,0,1
1,0,0,0,1
2,0,0,0,2
3,0,0,0,3
1,0,0,0,1
1,0,0,0,1
1,0,0,0,1
1,0,0,0,1
2,0,0,0,2
1,0,0,0,1
3,0,0,0,3
1,2,0,0,3
2,0,0,0,2
1,0,0,0,1
2,0,0,0,2
1,0,0,0,1
1,0,0,0,1
1,0,0,0,1
2,0,0,0,2
2,0,0,0,2
3,0,0,0,3
1,0,0,0,1
1,0,0,0,1
1,0,0,0,1
1,0,0,0,1
1,0,0,0,1
1,0,0,0,1
1,0,0,0,1
1,0,0,0,1
3,0,0,0,3
2,0,0,0,2
1,0,0,0,1
2,0,0,0,2
1,0,0,0,1
1,0,0,0,1
1,0,0,0,1
1,0,0,0,1
1,0,0,0,1
1,0,0,0,1
3,6,0,0,9
1,0,0,0,1
1,0,0,0,1
1,0,0,0,1
1,0,0,0,1
1,0,0,0,1
2,0,0,0,2
1,0,0,0,1
2,0,0,0,2
7,0,0,0,7
1,0,0,0,1
1,0,0,0,1
1,0,0,0,1
1,0,0,0,1
1,0,0,0,1
2,0,0,0,2
1,0,0,0,1
1,0,0,0,1
2,0,0,0,2
3,0,0,0,3
1,0,0,0,1
1,0,0,0,1
1,0,0,0,1
1,0,0,0,1
3,1,0,0,4
1,0,0,0,1
1,0,0,0,1
1,0,0,0,1
2,0,0,0,2
1,0,0,0,1
1,0,0,0,1
1,0,0,0,1
1,0,0,0,1
1,0,0,0,1
2,2,0,0,4
1,0,0,0,1
1,0,0,0,1
4,0,0,0,4
1,0,0,0,1
1,0,0,0,1
1,0,0,0,1
2,0,0,0,2
1,0,0,0,1
1,0,0,0,1
1,0,0,0,1
2,0,0,0,2
1,0,0,0,1
4,0,0,0,4
2,0,0,0,2
1,0,0,0,1
1,0,0,0,1
1,0,0,0,1
1,0,0,0,1
1,0,0,0,1
1,0,0,0,1
1,0,0,0,1
2,2,0,0,4
1,0,0,0,1
1,0,0,0,1
1,0,0,0,1
1,0,0,0,1
1,0,0,0,1
1,0,0,0,1
1,0,0,0,1
1,0,0,0,1
2,0,0,0,2
6,0,0,0,6
1,0,0,0,1
1,0,0,0,1
1,0,0,0,1
1,0,0,0,1
4,1,0,0,5
1,0,0,0,1
2,0,0,0,2
1,0,0,0,1
3,0,0,0,3
1,0,0,0,1
1,0,0,0,1
3,2,0,0,5
1,0,0,0,1
3,1,1,0,5
1,0,0,0,1
1,0,0,0,1
1,0,0,0,1
1,0,0,0,1
6,0,0,0,6
1,0,0,0,1
3,0,0,0,3
5,1,0,0,6
2,0,0,0,2
1,0,0,0,1
1,0,0,0,1
1,0,0,0,1
1,0,0,0,1
2,0,0,0,2
3,1,0,0,4
4,0,0,0,4
1,0,0,0,1
1,0,0,0,1
1,0,0,0,1
1,0,0,0,1
1,0,0,0,1
2,0,0,0,2
1,0,0,0,1
1,0,0,0,1
1,0,0,0,1
1,0,0,0,1
1,0,0,0,1
2,0,0,0,2
2,0,0,0,2
2,0,0,0,2
1,0,0,0,1
1,0,0,0,1
1,0,0,0,1
1,0,0,0,1
1,0,0,0,1
2,0,0,0,2
1,0,0,0,1
1,0,0,0,1
1,0,0,0,1
1,0,0,0,1
1,0,0,0,1
1,0,0,0,1
3,0,0,0,3
1,0,0,0,1
1,0,0,0,1
1,0,0,0,1
3,1,0,0,4
1,0,0,0,1
1,0,0,0,1
4,0,0,0,4
1,0,0,0,1
1,0,0,0,1
1,0,0,0,1
1,0,0,0,1
2,0,0,0,2
3,4,0,0,7
3,1,1,0,5
1,0,0,0,1
1,0,0,0,1
1,0,0,0,1
1,0,0,0,1
1,2,0,0,3
1,0,0,0,1
1,0,0,0,1
2,0,0,0,2
1,0,0,0,1
4,0,0,0,4
1,0,0,0,1
1,0,0,0,1
1,0,0,0,1
1,0,0,0,1
1,11,0,0,12
1,0,0,0,1
1,0,0,0,1
6,8,0,0,14
2,2,0,0,4
1,0,0,0,1
1,0,0,0,1
1,0,0,0,1
9,0,0,0,9
1,0,0,0,1
1,3,0,0,4
5,0,0,0,5
1,0,0,0,1
2,0,0,0,2
1,0,0,0,1
1,0,0,0,1
1,0,0,0,1
1,0,0,0,1
1,0,0,0,1
1,0,0,0,1
2,0,0,0,2
4,0,0,0,4
1,0,0,0,1
5,1,0,0,6
7,0,0,0,7
1,0,0,0,1
1,0,0,0,1
1,0,0,0,1
1,0,0,0,1
1,0,0,0,1
2,0,0,0,2
1,0,0,0,1
1,1,1,0,3
1,0,0,0,1
1,0,0,0,1
2,0,0,0,2
3,0,0,0,3
1,0,0,0,1
2,3,0,0,5
1,0,0,0,1
1,0,0,0,1
1,0,0,0,1
2,0,0,0,2
1,0,0,0,1
1,0,0,0,1
1,2,0,0,3
1,0,0,0,1
1,0,0,0,1
1,0,0,0,1
1,0,0,0,1
1,0,0,0,1
1,0,0,0,1
6,0,0,0,6
1,0,0,0,1
1,0,0,0,1
1,0,0,0,1
1,0,0,0,1
3,0,0,0,3
2,0,0,0,2
1,0,0,0,1
1,0,0,0,1
1,0,0,0,1
1,0,0,0,1
3,0,0,0,3
2,0,0,0,2
1,0,0,0,1
1,0,0,0,1
1,0,0,0,1
1,0,0,0,1
1,0,0,0,1
6,0,0,0,6
1,0,0,0,1
1,0,0,0,1
1,0,0,0,1
2,0,0,0,2
1,0,0,0,1
3,0,0,0,3
7,0,0,0,7
2,0,0,0,2
1,0,0,0,1
1,0,0,0,1
1,0,0,0,1
1,0,0,0,1
2,0,0,0,2
1,0,0,0,1
2,0,0,0,2
1,0,0,0,1
1,0,0,0,1
3,0,0,0,3
1,0,0,0,1
1,0,0,0,1
2,0,0,0,2
1,1,2,0,4
2,0,0,0,2
1,0,0,0,1
1,0,0,0,1
1,0,0,0,1
1,0,0,0,1
2,0,0,0,2
1,0,0,0,1
1,0,0,0,1
2,0,0,0,2
1,0,0,0,1
1,3,0,0,4
1,0,0,0,1
2,0,0,0,2
1,0,0,0,1
2,0,0,0,2
1,0,0,0,1
2,0,0,0,2
1,0,0,0,1
1,0,0,0,1
2,0,0,0,2
1,1,1,0,3
1,0,0,0,1
1,0,0,0,1
3,0,0,0,3
1,0,0,0,1
1,0,0,0,1
1,0,0,0,1
1,0,0,0,1
1,0,0,0,1
1,0,0,0,1
1,0,0,0,1
1,0,0,0,1
3,0,0,0,3
1,0,0,0,1
1,0,0,0,1
1,0,0,0,1
1,0,0,0,1
8,0,0,0,8
1,0,0,0,1
1,0,0,0,1
1,0,0,0,1
3,2,0,0,5
1,0,0,0,1
1,0,0,0,1
1,0,0,0,1
1,0,0,0,1
1,0,0,0,1
1,0,0,0,1
1,0,0,0,1
2,0,0,0,2
2,1,0,0,3
1,0,0,0,1
4,0,0,0,4
1,0,0,0,1
2,0,0,0,2
1,0,0,0,1
1,0,0,0,1
1,2,1,0,4
1,0,0,0,1
1,0,0,0,1
1,0,0,0,1
1,0,0,0,1
1,0,0,0,1
1,0,0,0,1
1,0,0,0,1
4,0,0,0,4
1,0,0,0,1
1,0,0,0,1
7,1,0,0,8
1,0,0,0,1
1,0,0,0,1
1,0,0,0,1
2,0,0,0,2
1,0,0,0,1
1,0,0,0,1
4,0,0,0,4
2,0,0,0,2
1,0,0,0,1
2,0,0,0,2
1,0,0,0,1
2,0,0,0,2
3,0,0,0,3
1,0,0,0,1
3,0,0,0,3
1,0,0,0,1
1,0,0,0,1
4,0,0,0,4
1,0,0,0,1
1,0,0,0,1
1,0,0,0,1
2,0,0,0,2
2,0,0,0,2
4,0,0,0,4
1,0,0,0,1
4,0,0,0,4
1,0,0,0,1
2,0,0,0,2
1,0,0,0,1
4,0,0,0,4
1,0,0,0,1
7,0,0,0,7
1,0,0,0,1
5,0,0,0,5
1,0,0,0,1
1,0,0,0,1
1,0,0,0,1
1,0,0,0,1
1,0,0,0,1
1,0,0,0,1
1,0,0,0,1
2,0,0,0,2
1,0,0,0,1
1,0,0,0,1
4,7,0,0,11
1,0,0,0,1
1,0,0,0,1
1,0,0,0,1
1,0,0,0,1
1,0,0,0,1
1,0,0,0,1
1,0,0,0,1
1,0,0,0,1
1,0,0,0,1
1,0,0,0,1
1,0,0,0,1
6,0,0,0,6
1,0,0,0,1
6,0,0,0,6
1,0,0,0,1
1,0,0,0,1
1,0,0,0,1
1,0,0,0,1
1,0,0,0,1
1,0,0,0,1
2,0,0,0,2
1,0,0,0,1
1,0,0,0,1
1,0,0,0,1
1,14,1,0,16
2,0,0,0,2
1,0,0,0,1
1,0,0,0,1
1,0,0,0,1
2,0,0,0,2
2,1,1,0,4
1,1,0,0,2
1,0,0,0,1
1,0,0,0,1
1,0,0,0,1
3,0,0,0,3
2,0,0,0,2
3,0,0,0,3
2,0,0,0,2
4,71,0,0,75
1,0,0,0,1
3,0,0,0,3
1,0,0,0,1
1,0,0,0,1
1,0,0,0,1
1,0,0,0,1
17,0,0,0,17
1,0,0,0,1
2,0,0,0,2
1,0,0,0,1
5,0,0,0,5
2,0,0,0,2
1,0,0,0,1
2,0,0,0,2
1,0,0,0,1
3,0,0,0,3
2,2,0,0,4
1,0,0,0,1
1,0,0,0,1
1,0,0,0,1
1,0,0,0,1
1,0,0,0,1
1,0,0,0,1
1,0,0,0,1
1,0,0,0,1
1,0,0,0,1
1,0,0,0,1
1,2,0,0,3
1,1,0,0,2
1,0,0,0,1
1,0,0,0,1
1,0,0,0,1
2,0,0,0,2
1,0,0,0,1
1,0,0,0,1
1,0,0,0,1
1,0,0,0,1
1,2,0,0,3
1,0,0,0,1
1,0,0,0,1
1,0,0,0,1
2,0,0,0,2
4,0,0,0,4
3,0,0,0,3
1,0,0,0,1
1,0,0,0,1
1,0,0,0,1
1,0,0,0,1
1,0,0,0,1
1,0,0,0,1
1,0,0,0,1
2,0,0,0,2
1,0,0,0,1
3,0,0,0,3
2,0,0,0,2
1,0,0,0,1
3,3,0,0,6
1,0,0,0,1
8,0,0,0,8
1,0,0,0,1
3,0,0,0,3
2,0,0,0,2
1,0,0,0,1
1,2,0,0,3
1,0,0,0,1
2,1,0,0,3
1,0,0,0,1
1,0,0,0,1
3,0,0,0,3
5,6,1,0,12
1,0,0,0,1
1,0,0,0,1
5,0,0,0,5
3,0,0,0,3
1,0,0,0,1
3,0,0,0,3
1,0,0,0,1
2,0,0,0,2
6,0,0,0,6
1,0,0,0,1
1,8,0,0,9
1,0,0,0,1
1,0,0,0,1
1,0,0,0,1
1,0,0,0,1
1,0,0,0,1
1,0,0,0,1
1,0,0,0,1
1,0,0,0,1
1,0,0,0,1
2,0,0,0,2
1,0,0,0,1
1,0,0,0,1
1,0,0,0,1
1,0,0,0,1
1,0,0,0,1
10,0,0,0,10
3,0,0,0,3
1,0,0,0,1
1,0,0,0,1
3,0,0,0,3
1,0,0,0,1
3,0,0,0,3
1,0,0,0,1
1,0,0,0,1
1,0,0,0,1
1,0,0,0,1
2,0,0,0,2
1,0,0,0,1
1,0,0,0,1
1,0,0,0,1
2,15,0,0,17
2,0,0,0,2
3,0,0,0,3
1,0,0,0,1
2,0,0,0,2
1,0,0,0,1
1,0,0,0,1
1,0,0,0,1
2,0,0,0,2
1,0,0,0,1
1,0,0,0,1
1,0,0,0,1
4,0,0,0,4
2,0,0,0,2
2,0,0,0,2
2,0,0,0,2
1,0,0,0,1
1,0,0,0,1
1,0,0,0,1
1,0,0,0,1
2,0,0,0,2
1,5,0,0,6
1,0,0,0,1
1,0,0,0,1
2,0,0,0,2
1,0,0,0,1
1,0,0,0,1
2,0,0,0,2
1,0,0,0,1
2,0,0,0,2
4,0,0,0,4
1,0,0,0,1
1,0,0,0,1
1,0,0,0,1
1,0,0,0,1
1,0,0,0,1
1,0,0,0,1
3,0,0,0,3
1,0,0,0,1
2,0,0,0,2
1,0,0,0,1
1,0,0,0,1
1,10,0,0,11
3,7,0,0,10
1,0,0,0,1
1,0,0,0,1
1,0,0,0,1
5,0,0,0,5
2,0,0,0,2
1,0,0,0,1
1,0,0,0,1
1,0,0,0,1
1,0,0,0,1
3,4,0,0,7
1,0,0,0,1
1,0,0,0,1
1,0,0,0,1
1,0,0,0,1
1,0,0,0,1
1,0,0,0,1
2,0,0,0,2
3,1,0,0,4
3,0,0,0,3
1,0,0,0,1
1,0,0,0,1
2,0,0,0,2
1,0,0,0,1
1,0,0,0,1
1,0,0,0,1
1,0,0,0,1
2,0,0,0,2
1,0,0,0,1
1,3,0,0,4
2,0,0,0,2
2,0,0,0,2
1,0,0,0,1
2,0,0,0,2
1,0,0,0,1
1,0,0,0,1
5,0,0,0,5
1,0,0,0,1
1,0,0,0,1
1,0,0,0,1
1,0,0,0,1
1,0,0,0,1
1,0,0,0,1
1,0,0,0,1
1,0,0,0,1
7,0,1,0,8
1,0,0,0,1
1,0,0,0,1
1,0,0,0,1
1,0,0,0,1
1,0,0,0,1
2,0,0,0,2
1,0,0,0,1
1,0,0,0,1
1,0,0,0,1
3,12,0,0,15
2,0,0,0,2
1,0,0,0,1
1,0,0,0,1
1,0,0,0,1
1,0,0,0,1
1,0,0,0,1
2,0,0,0,2
1,0,0,0,1
2,0,0,0,2
4,0,0,0,4
1,0,0,0,1
2,0,0,0,2
1,0,0,0,1
1,0,0,0,1
1,0,0,0,1
1,0,0,0,1
2,2,0,0,4
1,0,0,0,1
1,0,0,0,1
1,0,0,0,1
1,0,0,0,1
2,0,0,0,2
1,0,0,0,1
2,0,0,0,2
1,0,0,0,1
1,0,0,0,1
1,0,0,0,1
1,0,0,0,1
1,0,0,0,1
1,1,0,0,2
1,0,0,0,1
2,0,0,0,2
3,0,0,0,3
1,0,0,0,1
5,0,0,0,5
1,0,0,0,1
1,0,0,0,1
1,0,0,0,1
1,0,0,0,1
1,0,0,0,1
1,0,0,0,1
1,0,0,0,1
3,0,0,0,3
4,0,0,0,4
1,0,0,0,1
1,0,0,0,1
3,0,0,0,3
1,0,0,0,1
1,4,0,0,5
1,0,0,0,1
2,0,0,0,2
4,0,0,0,4
2,0,0,0,2
1,0,0,0,1
2,0,0,0,2
1,0,0,0,1
1,0,0,0,1
1,0,0,0,1
1,0,0,0,1
2,0,0,0,2
1,0,0,0,1
2,0,0,0,2
1,0,0,0,1
1,0,0,0,1
1,0,0,0,1
1,0,0,0,1
7,0,0,0,7
1,0,0,0,1
2,0,0,0,2
1,0,0,0,1
2,0,0,0,2
1,0,0,0,1
5,0,0,0,5
2,0,0,0,2
3,0,0,0,3
2,0,0,0,2
1,0,0,0,1
1,0,0,0,1
1,0,0,0,1
1,0,0,0,1
1,0,0,0,1
1,0,0,0,1
1,0,0,0,1
1,0,0,0,1
1,0,0,0,1
2,0,0,0,2
1,0,0,0,1
1,0,0,0,1
1,0,0,0,1
1,0,0,0,1
1,0,0,0,1
1,0,0,0,1
1,0,0,0,1
1,0,0,0,1
1,0,0,0,1
1,0,0,0,1
2,0,0,0,2
2,0,0,0,2
1,0,0,0,1
2,0,0,0,2
1,0,0,0,1
1,0,0,0,1
1,0,0,0,1
1,0,0,0,1
1,0,0,0,1
1,0,0,0,1
2,0,0,0,2
1,0,0,0,1
9,19,0,0,28
1,0,0,0,1
1,0,0,0,1
1,0,0,0,1
2,0,0,0,2
3,0,0,0,3
1,0,0,0,1
2,0,0,0,2
1,1,0,0,2
2,0,0,0,2
1,0,0,0,1
1,0,0,0,1
1,0,0,0,1
1,0,0,0,1
2,0,0,0,2
1,0,0,0,1
1,0,0,0,1
1,0,0,0,1
1,0,0,0,1
1,0,0,0,1
1,0,0,0,1
1,0,0,0,1
1,0,0,0,1
1,0,0,0,1
2,0,0,0,2
1,0,0,0,1
1,0,0,0,1
1,0,0,0,1
2,0,0,0,2
1,0,0,0,1
1,0,0,0,1
1,0,0,0,1
1,0,0,0,1
2,0,0,0,2
1,0,0,0,1
1,0,0,0,1
1,0,0,0,1
1,0,0,0,1
2,0,0,0,2
1,0,0,0,1
3,0,0,0,3
1,0,0,0,1
3,0,0,0,3
1,0,0,0,1
5,0,0,0,5
2,0,0,0,2
1,0,0,0,1
4,0,0,0,4
1,0,0,0,1
2,0,0,0,2
1,0,0,0,1
1,0,0,0,1
1,0,0,0,1
1,0,0,0,1
1,0,0,0,1
1,0,0,0,1
4,0,0,0,4
1,0,0,0,1
1,0,0,0,1
1,0,0,0,1
1,0,0,0,1
1,0,0,0,1
1,0,0,0,1
1,0,0,0,1
3,0,0,0,3
2,0,0,0,2
1,0,0,0,1
1,0,0,0,1
1,0,0,0,1
1,0,0,0,1
1,0,0,0,1
1,0,0,0,1
1,0,0,0,1
4,0,0,0,4
2,0,0,0,2
1,0,0,0,1
1,0,0,0,1
1,0,0,0,1
2,0,0,0,2
1,0,0,0,1
1,0,0,0,1
2,0,0,0,2
1,0,0,0,1
1,0,0,0,1
2,0,0,0,2
1,0,0,0,1
5,0,0,0,5
1,0,0,0,1
1,0,0,0,1
1,0,0,0,1
1,0,0,0,1
1,0,0,0,1
1,0,0,0,1
1,0,0,0,1
1,0,0,0,1
1,0,0,0,1
1,0,0,0,1
1,0,0,0,1
1,0,0,0,1
1,0,0,0,1
2,0,0,0,2
1,0,0,0,1
2,1,0,0,3
2,0,0,0,2
1,0,0,0,1
3,2,0,0,5
1,0,0,0,1
1,0,0,0,1
3,0,0,0,3
1,0,0,0,1
1,0,0,0,1
1,0,0,0,1
1,0,0,0,1
1,0,0,0,1
1,0,0,0,1
1,0,0,0,1
2,0,0,0,2
1,0,0,0,1
9,0,0,0,9
1,0,0,0,1
1,0,0,0,1
3,0,0,0,3
1,0,0,0,1
1,0,0,0,1
3,0,0,0,3
1,0,0,0,1
1,0,0,0,1
1,0,0,0,1
1,0,0,0,1
1,0,0,0,1
2,1,0,0,3
1,0,0,0,1
2,0,0,0,2
3,1,4,0,8
1,0,0,0,1
4,0,0,0,4
1,0,0,0,1
1,0,0,0,1
1,0,0,0,1
1,0,0,0,1
1,0,0,0,1
1,0,0,0,1
1,0,0,0,1
2,0,0,0,2
2,0,0,0,2
1,0,0,0,1
1,0,0,0,1
1,0,0,0,1
1,0,0,0,1
1,0,0,0,1
2,0,0,0,2
2,0,0,0,2
1,0,0,0,1
1,0,0,0,1
2,0,0,0,2
1,0,0,0,1
1,0,0,0,1
4,0,0,0,4
1,0,0,0,1
1,0,1,0,2
1,0,0,0,1
2,0,0,0,2
1,0,0,0,1
1,0,0,0,1
1,0,0,0,1
9,0,0,0,9
1,0,0,0,1
1,0,0,0,1
2,0,0,0,2
1,0,0,0,1
1,0,0,0,1
1,0,0,0,1
1,0,0,0,1
1,0,0,0,1
2,0,0,0,2
2,0,0,0,2
1,0,0,0,1
1,0,0,0,1
1,0,0,0,1
2,0,0,0,2
1,0,0,0,1
1,0,0,0,1
1,0,0,0,1
1,0,0,0,1
1,0,0,0,1
3,0,0,0,3
1,0,0,0,1
2,0,0,0,2
3,0,0,0,3
1,0,0,0,1
1,0,0,0,1
2,0,0,0,2
1,0,0,0,1
1,0,0,0,1
5,0,0,0,5
3,0,0,0,3
7,1,1,0,9
1,0,0,0,1
1,0,0,0,1
1,0,0,0,1
2,0,0,0,2
1,0,0,0,1
1,0,0,0,1
1,0,0,0,1
5,10,0,0,15
1,4,0,0,5
1,0,0,0,1
1,0,0,0,1
1,0,0,0,1
1,0,0,0,1
2,0,0,0,2
1,0,0,0,1
1,0,0,0,1
1,0,0,0,1
1,0,0,0,1
2,0,0,0,2
1,0,0,0,1
1,0,0,0,1
1,0,0,0,1
1,0,0,0,1
1,0,0,0,1
1,0,0,0,1
1,0,0,0,1
1,0,0,0,1
5,0,0,0,5
1,0,0,0,1
1,0,0,0,1
1,0,0,0,1
3,1,1,0,5
2,0,0,0,2
5,37,0,0,42
2,0,0,0,2
1,0,0,0,1
4,0,0,0,4
1,0,0,0,1
1,0,0,0,1
1,0,0,0,1
1,0,0,0,1
2,0,0,0,2
3,0,0,0,3
1,0,0,0,1
1,0,0,0,1
1,0,0,0,1
1,0,0,0,1
4,0,0,0,4
1,0,0,0,1
1,0,0,0,1
2,0,0,0,2
1,0,0,0,1
1,0,0,0,1
1,0,0,0,1
1,0,0,0,1
1,0,0,0,1
1,0,0,0,1
1,0,0,0,1
1,0,0,0,1
1,0,0,0,1
5,0,0,0,5
1,0,0,0,1
1,0,0,0,1
1,0,0,0,1
1,0,0,0,1
1,0,0,0,1
1,0,0,0,1
1,0,0,0,1
1,0,0,0,1
1,0,0,0,1
8,0,0,0,8
1,0,0,0,1
1,0,0,0,1
1,0,0,0,1
1,0,0,0,1
3,0,0,0,3
1,0,0,0,1
2,0,0,0,2
1,0,0,0,1
1,0,0,0,1
1,0,1,0,2
2,0,0,0,2
1,0,0,0,1
1,0,0,0,1
1,0,0,0,1
1,0,0,0,1
3,0,0,0,3
3,0,0,0,3
1,0,0,0,1
1,0,0,0,1
2,0,0,0,2
2,0,0,0,2
2,0,0,0,2
1,0,0,0,1
1,0,0,0,1
2,0,0,0,2
1,0,0,0,1
1,0,0,0,1
2,0,0,0,2
1,0,0,0,1
3,0,0,0,3
1,0,0,0,1
1,0,0,0,1
1,0,0,0,1
2,0,0,0,2
1,0,0,0,1
2,0,0,0,2
1,0,0,0,1
1,0,0,0,1
1,0,0,0,1
1,0,0,0,1
1,0,0,0,1
1,0,0,0,1
2,4,0,0,6
6,0,0,0,6
1,0,0,0,1
1,0,0,0,1
1,0,0,0,1
1,0,0,0,1
1,0,0,0,1
1,0,0,0,1
1,0,0,0,1
1,0,0,0,1
1,0,0,0,1
2,4,0,0,6
1,0,0,0,1
1,0,0,0,1
1,651,0,0,652
1,0,0,0,1
2,0,0,0,2
2,1,0,0,3
1,0,0,0,1
1,0,0,0,1
1,0,0,0,1
1,0,0,0,1
3,0,0,0,3
1,0,0,0,1
1,0,0,0,1
1,0,0,0,1
1,0,0,0,1
1,0,0,0,1
1,0,0,0,1
1,0,0,0,1
1,0,0,0,1
1,0,0,0,1
1,0,0,0,1
1,0,0,0,1
6,0,0,0,6
1,0,0,0,1
1,0,0,0,1
1,0,0,0,1
3,1,0,0,4
4,0,0,0,4
1,0,0,0,1
2,0,0,0,2
2,0,0,0,2
1,0,0,0,1
1,0,0,0,1
5,1,0,0,6
1,0,0,0,1
3,0,0,0,3
1,0,0,0,1
1,0,0,0,1
1,0,0,0,1
1,0,0,0,1
2,0,0,0,2
1,0,0,0,1
1,0,0,0,1
1,0,0,0,1
1,0,0,0,1
1,0,0,0,1
1,0,0,0,1
9,0,0,0,9
3,0,0,0,3
1,0,0,0,1
1,0,0,0,1
1,0,0,0,1
3,0,0,0,3
1,0,0,0,1
1,0,0,0,1
1,0,0,0,1
1,0,0,0,1
1,0,0,0,1
1,0,0,0,1
1,0,0,0,1
1,0,0,0,1
1,0,0,0,1
2,0,0,0,2
5,1,0,0,6
1,0,0,0,1
1,0,0,0,1
1,0,0,0,1
1,0,0,0,1
1,0,0,0,1
1,0,0,0,1
1,0,0,0,1
2,0,0,0,2
1,0,0,0,1
3,0,0,0,3
2,1,1,0,4
1,0,0,0,1
1,0,0,0,1
1,0,0,0,1
1,0,0,0,1
2,0,0,0,2
1,0,0,0,1
1,0,0,0,1
1,0,0,0,1
1,0,0,0,1
1,0,0,0,1
1,0,0,0,1
4,0,0,0,4
1,0,0,0,1
1,0,0,0,1
2,0,0,0,2
1,0,0,0,1
1,0,0,0,1
1,0,0,0,1
1,0,0,0,1
2,0,0,0,2
3,0,0,0,3
2,0,0,0,2
3,0,0,0,3
1,0,0,0,1
3,2,0,0,5
1,0,0,0,1
1,0,0,0,1
1,0,0,0,1
1,0,0,0,1
1,0,0,0,1
3,0,0,0,3
1,0,0,0,1
1,0,0,0,1
4,0,0,0,4
1,0,0,0,1
3,0,0,0,3
2,0,0,0,2
1,0,0,0,1
1,0,0,0,1
1,0,0,0,1
1,0,0,0,1
1,0,0,0,1
1,0,0,0,1
1,0,0,0,1
2,0,0,0,2
1,0,0,0,1
2,0,0,0,2
1,0,0,0,1
1,0,0,0,1
1,0,0,0,1
1,0,0,0,1
2,0,0,0,2
2,0,0,0,2
1,0,0,0,1
1,0,0,0,1
1,0,0,0,1
7,0,0,0,7
2,0,0,0,2
1,0,0,0,1
1,0,0,0,1
1,0,0,0,1
1,0,0,0,1
2,0,0,0,2
2,0,0,0,2
1,0,0,0,1
1,0,0,0,1
1,0,0,0,1
4,0,0,0,4
1,0,0,0,1
1,0,0,0,1
1,0,0,0,1
1,0,0,0,1
1,0,0,0,1
1,0,0,0,1
1,0,0,0,1
1,0,0,0,1
1,0,0,0,1
2,0,0,0,2
1,0,0,0,1
1,0,0,0,1
1,0,0,0,1
1,0,0,0,1
1,0,0,0,1
2,0,0,0,2
1,0,0,0,1
1,0,0,0,1
1,0,0,0,1
1,0,0,0,1
1,0,0,0,1
1,0,0,0,1
1,0,0,0,1
1,0,0,0,1
1,0,0,0,1
1,0,0,0,1
1,0,0,0,1
1,0,0,0,1
5,0,0,0,5
1,3,0,0,4
1,0,0,0,1
2,0,0,0,2
1,0,0,0,1
1,0,0,0,1
1,0,0,0,1
4,0,0,0,4
1,0,0,0,1
2,0,0,0,2
1,0,0,0,1
1,0,0,0,1
1,0,0,0,1
2,0,0,0,2
1,0,0,0,1
1,0,0,0,1
2,0,0,0,2
2,0,0,0,2
1,0,0,0,1
2,0,0,0,2
4,0,0,0,4
1,0,0,0,1
1,0,0,0,1
1,0,0,0,1
3,0,0,0,3
1,0,0,0,1
2,0,0,0,2
1,0,0,0,1
1,0,0,0,1
1,0,0,0,1
1,0,0,0,1
1,0,0,0,1
1,0,0,0,1
1,0,0,0,1
1,0,0,0,1
1,0,0,0,1
2,0,0,0,2
3,0,0,0,3
4,0,0,0,4
1,0,0,0,1
2,0,0,0,2
1,0,0,0,1
1,0,0,0,1
1,0,0,0,1
3,0,0,0,3
1,0,0,0,1
3,1,0,0,4
1,0,0,0,1
1,0,0,0,1
1,0,0,0,1
1,0,0,0,1
1,0,0,0,1
2,0,0,0,2
2,0,0,0,2
3,0,0,0,3
6,0,0,0,6
2,5,1,0,8
1,0,0,0,1
1,0,0,0,1
8,1,0,0,9
1,0,0,0,1
1,0,0,0,1
1,0,0,0,1
1,0,0,0,1
2,0,0,0,2
2,1,0,0,3
1,0,0,0,1
1,0,0,0,1
1,0,0,0,1
1,0,0,0,1
1,0,0,0,1
1,0,0,0,1
2,0,0,0,2
1,0,0,0,1
1,0,0,0,1
1,0,0,0,1
1,3,0,0,4
1,0,0,0,1
1,0,0,0,1
1,0,0,0,1
1,0,0,0,1
2,0,0,0,2
1,0,0,0,1
4,0,0,0,4
2,0,0,0,2
1,0,0,0,1
1,0,0,0,1
1,0,0,0,1
1,0,0,0,1
1,0,0,0,1
3,0,0,0,3
3,0,0,0,3
1,0,0,0,1
2,0,0,0,2
1,0,0,0,1
2,0,0,0,2
1,2,0,0,3
1,0,0,0,1
2,1,0,0,3
1,0,0,0,1
1,0,0,0,1
4,0,0,0,4
1,0,0,0,1
2,0,0,0,2
1,0,0,0,1
3,0,0,0,3
1,0,0,0,1
2,0,0,0,2
1,0,0,0,1
1,0,0,0,1
1,0,0,0,1
1,0,0,0,1
1,0,0,0,1
1,0,0,0,1
1,0,0,0,1
1,0,0,0,1
1,0,0,0,1
1,0,0,0,1
1,0,0,0,1
5,0,0,0,5
3,0,0,0,3
1,0,0,0,1
1,0,0,0,1
1,0,0,0,1
1,0,0,0,1
1,0,0,0,1
1,0,0,0,1
1,0,0,0,1
1,0,0,0,1
1,0,0,0,1
1,0,0,0,1
1,0,0,0,1
1,0,0,0,1
3,0,0,0,3
1,0,0,0,1
1,0,0,0,1
8,2,0,0,10
1,0,0,0,1
4,0,0,0,4
3,0,0,0,3
1,0,0,0,1
1,0,0,0,1
3,0,0,0,3
1,0,0,0,1
1,0,0,0,1
2,0,0,0,2
1,0,0,0,1
1,0,0,0,1
1,0,0,0,1
2,0,0,0,2
1,0,0,0,1
1,0,0,0,1
1,0,0,0,1
1,0,0,0,1
1,0,0,0,1
3,0,0,0,3
1,0,0,0,1
4,0,0,0,4
1,0,0,0,1
4,0,0,0,4
2,1,0,0,3
4,0,0,0,4
1,0,0,0,1
1,0,0,0,1
1,0,0,0,1
1,0,0,0,1
1,0,0,0,1
3,0,0,0,3
1,0,0,0,1
1,0,0,0,1
1,0,0,0,1
1,634,0,0,635
1,2,1,0,4
2,0,0,0,2
1,0,0,0,1
5,0,0,0,5
4,0,0,0,4
1,0,0,0,1
1,0,0,0,1
1,0,0,0,1
1,0,0,0,1
3,0,0,0,3
11,591,0,0,602
1,0,0,0,1
8,0,0,0,8
1,0,0,0,1
1,0,0,0,1
2,0,0,0,2
8,1,1,0,10
1,0,0,0,1
1,0,0,0,1
1,0,0,0,1
1,0,0,0,1
3,0,0,0,3
4,0,0,0,4
1,13,4,0,18
8,27,0,0,35
1,0,0,0,1
2,0,0,0,2
1,0,0,0,1
2,0,0,0,2
1,0,0,0,1
1,0,0,0,1
1,0,0,0,1
3,0,0,0,3
1,0,0,0,1
1,0,0,0,1
2,0,0,0,2
1,0,0,0,1
4,4,0,0,8
1,0,0,0,1
3,0,0,0,3
1,0,0,0,1
1,0,0,0,1
1,0,0,0,1
5,3,2,0,10
2,0,0,0,2
1,0,0,0,1
1,0,0,0,1
1,0,0,0,1
1,0,0,0,1
2,0,0,0,2
1,0,0,0,1
1,0,0,0,1
2,0,0,0,2
1,0,0,0,1
1,0,0,0,1
1,0,0,0,1
1,0,0,0,1
2,0,0,0,2
1,2,0,0,3
1,0,0,0,1
1,0,0,0,1
1,0,0,0,1
1,0,0,0,1
12,0,0,0,12
1,0,0,0,1
1,0,0,0,1
9,0,0,0,9
1,0,0,0,1
2,0,0,0,2
1,0,0,0,1
2,0,0,0,2
1,0,0,0,1
1,0,0,0,1
1,0,0,0,1
1,0,0,0,1
1,0,0,0,1
1,0,0,0,1
1,0,0,0,1
2,0,0,0,2
1,0,0,0,1
1,0,0,0,1
2,0,0,0,2
1,0,0,0,1
1,0,0,0,1
1,0,0,0,1
1,0,0,0,1
1,0,0,0,1
1,0,0,0,1
1,0,0,0,1
1,0,0,0,1
3,0,0,0,3
1,0,0,0,1
1,0,0,0,1
19,0,0,0,19
1,0,0,0,1
1,0,0,0,1
2,0,0,0,2
2,0,0,0,2
2,0,0,0,2
1,0,0,0,1
2,0,0,0,2
1,0,0,0,1
1,0,0,0,1
1,0,0,0,1
2,0,0,0,2
1,0,0,0,1
3,0,0,0,3
1,0,0,0,1
6,0,0,0,6
1,0,0,0,1
1,0,0,0,1
1,0,0,0,1
1,0,0,0,1
2,0,0,0,2
1,5,0,0,6
1,0,0,0,1
1,0,0,0,1
1,0,0,0,1
1,0,0,0,1
1,0,0,0,1
1,0,0,0,1
1,0,0,0,1
1,0,0,0,1
1,0,0,0,1
1,0,0,0,1
1,0,0,0,1
1,0,0,0,1
1,0,0,0,1
1,0,0,0,1
2,0,0,0,2
1,0,0,0,1
1,0,0,0,1
1,0,0,0,1
1,0,0,0,1
1,0,0,0,1
1,0,0,0,1
1,0,0,0,1
1,0,0,0,1
1,0,0,0,1
2,0,0,0,2
1,0,0,0,1
1,0,0,0,1
1,0,0,0,1
3,0,0,0,3
1,0,0,0,1
1,0,0,0,1
1,0,0,0,1
1,0,0,0,1
2,0,0,0,2
4,0,0,0,4
1,0,0,0,1
4,0,0,0,4
1,0,0,0,1
1,0,0,0,1
1,0,0,0,1
1,0,0,0,1
1,0,0,0,1
1,0,0,0,1
1,0,0,0,1
1,0,0,0,1
1,2,2,0,5
1,0,0,0,1
1,0,0,0,1
1,0,0,0,1
2,0,0,0,2
1,0,0,0,1
1,0,0,0,1
4,0,0,0,4
1,0,0,0,1
1,0,0,0,1
2,2,0,0,4
1,0,0,0,1
1,0,0,0,1
5,0,0,0,5
1,0,0,0,1
2,0,0,0,2
1,0,0,0,1
1,0,0,0,1
11,0,0,0,11
1,0,0,0,1
2,0,0,0,2
1,0,0,0,1
1,0,0,0,1
3,0,0,0,3
1,0,0,0,1
1,0,0,0,1
1,0,0,0,1
2,0,0,0,2
1,0,0,0,1
1,0,0,0,1
1,0,0,0,1
1,0,0,0,1
1,0,0,0,1
1,0,0,0,1
1,0,0,0,1
4,0,0,0,4
1,0,0,0,1
9,3,0,0,12
1,0,0,0,1
1,0,0,0,1
1,0,0,0,1
1,0,0,0,1
3,0,0,0,3
2,0,0,0,2
7,2,0,0,9
1,0,0,0,1
1,0,0,0,1
1,0,0,0,1
2,0,0,0,2
1,0,0,0,1
1,0,0,0,1
1,0,0,0,1
1,0,0,0,1
1,0,0,0,1
1,0,0,0,1
1,0,0,0,1
1,0,0,0,1
1,0,0,0,1
4,0,0,0,4
1,0,0,0,1
4,0,0,0,4
1,0,0,0,1
2,0,0,0,2
1,0,0,0,1
1,0,0,0,1
1,0,0,0,1
1,0,0,0,1
2,0,0,0,2
2,0,0,0,2
4,0,0,0,4
1,0,0,0,1
4,0,0,0,4
1,0,0,0,1
1,0,0,0,1
2,0,0,0,2
1,0,0,0,1
1,0,0,0,1
1,0,0,0,1
1,0,0,0,1
1,0,0,0,1
1,0,0,0,1
1,0,0,0,1
1,0,0,0,1
1,0,0,0,1
1,0,0,0,1
1,0,0,0,1
1,0,0,0,1
2,0,0,0,2
1,0,0,0,1
1,0,0,0,1
1,0,0,0,1
1,0,0,0,1
3,0,0,0,3
2,0,0,0,2
1,0,0,0,1
1,0,0,0,1
1,0,0,0,1
1,0,0,0,1
1,0,0,0,1
1,0,0,0,1
1,0,0,0,1
2,0,0,0,2
1,0,0,0,1
2,0,0,0,2
1,0,0,0,1
1,0,0,0,1
1,0,0,0,1
2,0,0,0,2
1,0,0,0,1
1,0,0,0,1
1,0,0,0,1
4,0,1,0,5
1,0,0,0,1
1,0,0,0,1
2,0,0,0,2
2,0,0,0,2
1,0,0,0,1
1,0,0,0,1
1,0,0,0,1
1,0,0,0,1
1,0,0,0,1
1,0,0,0,1
1,0,0,0,1
1,0,0,0,1
2,0,0,0,2
1,0,0,0,1
1,0,0,0,1
1,0,0,0,1
1,0,0,0,1
2,0,0,0,2
1,0,0,0,1
1,0,0,0,1
3,1,0,0,4
1,0,0,0,1
1,0,0,0,1
1,4,0,0,5
4,0,0,0,4
1,0,0,0,1
1,0,0,0,1
1,0,0,0,1
1,0,0,0,1
1,0,0,0,1
2,0,0,0,2
3,0,0,0,3
1,0,0,0,1
1,0,0,0,1
1,0,0,0,1
2,0,0,0,2
1,0,0,0,1
1,0,0,0,1
1,0,0,0,1
3,0,0,0,3
1,0,0,0,1
1,0,0,0,1
1,0,0,0,1
4,1,0,0,5
1,0,0,0,1
1,0,0,0,1
1,0,0,0,1
4,0,0,0,4
1,0,0,0,1
6,0,0,0,6
9,0,0,0,9
1,0,0,0,1
1,0,0,0,1
1,0,0,0,1
4,0,0,0,4
6,0,0,0,6
1,0,0,0,1
1,0,0,0,1
3,0,0,0,3
1,14,0,0,15
1,0,0,0,1
3,0,0,0,3
2,0,0,0,2
2,0,0,0,2
1,0,0,0,1
4,0,0,0,4
1,0,0,0,1
1,0,0,0,1
1,0,0,0,1
1,0,0,0,1
1,0,0,0,1
1,20,6,0,27
12,171,0,0,183
7,0,0,0,7
1,0,0,0,1
1,0,0,0,1
1,0,0,0,1
1,0,0,0,1
1,0,0,0,1
1,0,0,0,1
2,0,0,0,2
1,0,0,0,1
1,0,0,0,1
1,0,0,0,1
1,0,0,0,1
2,0,0,0,2
1,0,0,0,1
1,0,0,0,1
2,0,0,0,2
1,0,0,0,1
1,0,0,0,1
1,0,0,0,1
1,0,0,0,1
1,0,0,0,1
1,0,0,0,1
1,0,0,0,1
2,0,0,0,2
4,0,0,0,4
1,0,0,0,1
2,0,0,0,2
6,0,0,0,6
1,0,0,0,1
1,0,0,0,1
2,0,0,0,2
1,0,0,0,1
3,0,0,0,3
1,0,0,0,1
1,0,0,0,1
1,0,0,0,1
1,0,0,0,1
1,0,0,0,1
3,0,0,0,3
1,0,0,0,1
1,0,0,0,1
1,0,0,0,1
1,0,0,0,1
1,0,0,0,1
6,0,0,0,6
2,0,0,0,2
1,1,0,0,2
1,0,0,0,1
3,0,0,0,3
1,0,0,0,1
1,0,0,0,1
1,0,0,0,1
2,0,0,0,2
1,0,0,0,1
2,0,0,0,2
6,1,0,0,7
1,0,0,0,1
1,0,0,0,1
11,634,0,0,645
5,3,0,0,8
3,1,0,0,4
1,0,0,0,1
2,0,0,0,2
5,0,0,0,5
1,0,0,0,1
1,0,0,0,1
1,0,0,0,1
1,0,0,0,1
1,0,0,0,1
2,0,0,0,2
1,0,0,0,1
1,0,0,0,1
3,0,0,0,3
2,6,0,0,8
2,0,0,0,2
1,0,0,0,1
2,0,0,0,2
1,0,0,0,1
1,0,0,0,1
1,0,0,0,1
1,0,0,0,1
1,0,0,0,1
1,0,0,0,1
2,0,0,0,2
1,0,0,0,1
1,0,0,0,1
3,0,0,0,3
1,0,0,0,1
1,2,0,0,3
1,1,1,0,3
1,0,0,0,1
3,0,0,0,3
2,0,0,0,2
1,0,0,0,1
1,0,0,0,1
1,0,0,0,1
2,0,0,0,2
1,0,0,0,1
1,0,0,0,1
1,0,0,0,1
1,0,0,0,1
1,0,0,0,1
1,0,0,0,1
1,0,0,0,1
3,0,0,0,3
1,0,0,0,1
1,0,0,0,1
5,1,0,0,6
1,0,0,0,1
2,0,0,0,2
1,0,0,0,1
1,0,0,0,1
1,0,0,0,1
2,0,0,0,2
1,0,0,0,1
1,0,0,0,1
1,0,0,0,1
1,0,0,0,1
1,0,0,0,1
2,0,0,0,2
1,0,0,0,1
4,0,0,0,4
1,0,0,0,1
1,0,0,0,1
1,0,0,0,1
1,0,0,0,1
8,0,0,0,8
4,0,0,0,4
1,0,0,0,1
1,0,0,0,1
2,9,0,0,11
1,0,0,0,1
1,0,0,0,1
1,0,0,0,1
1,0,0,0,1
1,0,0,0,1
1,0,0,0,1
1,0,0,0,1
1,0,0,0,1
1,0,0,0,1
4,0,0,0,4
1,0,0,0,1
1,0,0,0,1
1,0,0,0,1
1,0,0,0,1
1,0,0,0,1
1,0,0,0,1
1,0,0,0,1
3,0,0,0,3
1,0,0,0,1
3,1,1,0,5
1,0,0,0,1
1,1,0,0,2
2,0,0,0,2
1,0,0,0,1
1,0,0,0,1
1,0,0,0,1
1,0,0,0,1
1,0,0,0,1
1,12,2,0,15
22,1,0,0,23
1,0,0,0,1
1,0,0,0,1
2,0,0,0,2
4,0,0,0,4
1,0,0,0,1
2,0,0,0,2
1,0,0,0,1
1,0,0,0,1
1,0,0,0,1
3,0,0,0,3
1,0,0,0,1
1,0,0,0,1
2,0,0,0,2
2,0,0,0,2
1,0,0,0,1
1,0,0,0,1
4,0,0,0,4
2,0,0,0,2
2,0,0,0,2
1,0,0,0,1
1,0,0,0,1
5,0,0,0,5
1,0,0,0,1
2,0,0,0,2
1,0,0,0,1
1,0,0,0,1
1,0,0,0,1
4,1,0,0,5
1,0,0,0,1
1,0,0,0,1
1,0,0,0,1
1,0,0,0,1
1,0,0,0,1
2,0,0,0,2
1,0,0,0,1
5,0,0,0,5
1,0,0,0,1
2,0,0,0,2
2,0,0,0,2
1,0,0,0,1
2,0,0,0,2
1,0,0,0,1
2,0,0,0,2
1,0,0,0,1
1,0,0,0,1
1,0,0,0,1
6,0,0,0,6
1,0,0,0,1
1,0,0,0,1
1,0,0,0,1
1,0,0,0,1
1,0,0,0,1
5,0,0,0,5
1,0,0,0,1
1,0,0,0,1
2,0,0,0,2
1,0,0,0,1
1,0,0,0,1
1,0,0,0,1
7,2,0,0,9
1,0,0,0,1
1,0,0,0,1
1,0,0,0,1
2,0,0,0,2
1,0,0,0,1
1,0,0,0,1
1,0,0,0,1
1,0,0,0,1
3,14,0,0,17
6,0,0,0,6
1,0,0,0,1
1,0,0,0,1
1,0,0,0,1
1,0,0,0,1
1,0,0,0,1
1,0,0,0,1
1,0,0,0,1
1,0,0,0,1
5,7,1,0,13
1,0,0,0,1
1,0,0,0,1
1,0,0,0,1
1,18,0,0,19
1,0,0,0,1
1,0,0,0,1
1,0,0,0,1
1,0,0,0,1
1,0,0,0,1
1,0,0,0,1
1,0,0,0,1
10,0,0,0,10
1,0,0,0,1
1,0,0,0,1
1,0,0,0,1
2,0,0,0,2
1,0,0,0,1
4,0,0,0,4
1,0,0,0,1
2,0,0,0,2
4,0,0,0,4
1,0,0,0,1
2,0,0,0,2
2,0,0,0,2
1,0,0,0,1
1,0,0,0,1
1,0,0,0,1
1,0,0,0,1
1,0,0,0,1
1,0,0,0,1
1,0,0,0,1
1,0,0,0,1
1,0,0,0,1
1,0,0,0,1
1,0,0,0,1
1,1,1,0,3
1,0,0,0,1
3,0,0,0,3
1,0,0,0,1
1,0,0,0,1
1,0,0,0,1
1,0,0,0,1
1,0,0,0,1
1,0,0,0,1
1,0,0,0,1
5,0,0,0,5
1,0,0,0,1
1,0,0,0,1
1,0,0,0,1
1,0,0,0,1
1,0,0,0,1
1,0,0,0,1
4,0,0,0,4
3,0,0,0,3
2,0,0,0,2
1,0,0,0,1
4,1,0,0,5
1,0,0,0,1
1,0,0,0,1
1,0,0,0,1
3,0,0,0,3
1,0,0,0,1
1,0,0,0,1
3,0,0,0,3
1,0,0,0,1
1,0,0,0,1
3,0,0,0,3
1,0,0,0,1
1,0,0,0,1
2,0,0,0,2
1,0,0,0,1
1,0,0,0,1
1,0,0,0,1
1,0,0,0,1
1,0,0,0,1
1,0,0,0,1
2,0,0,0,2
2,0,0,0,2
3,0,0,0,3
2,0,0,0,2
2,35,0,0,37
1,0,0,0,1
1,0,0,0,1
1,0,0,0,1
1,0,0,0,1
1,0,0,0,1
1,0,0,0,1
6,0,0,0,6
1,0,0,0,1
3,0,0,0,3
1,0,0,0,1
1,0,0,0,1
1,0,0,0,1
1,0,0,0,1
5,0,0,0,5
1,0,0,0,1
1,0,0,0,1
1,0,0,0,1
1,0,0,0,1
1,0,0,0,1
1,0,0,0,1
4,0,0,0,4
1,0,0,0,1
1,0,0,0,1
1,0,0,0,1
1,0,0,0,1
2,0,0,0,2
1,0,0,0,1
3,0,0,0,3
1,0,0,0,1
1,0,0,0,1
1,0,0,0,1
1,0,0,0,1
1,0,0,0,1
1,0,0,0,1
1,0,0,0,1
4,0,0,0,4
2,0,0,0,2
2,0,0,0,2
1,0,0,0,1
1,0,0,0,1
1,0,0,0,1
1,0,0,0,1
3,0,0,0,3
1,0,0,0,1
1,0,0,0,1
2,10,0,0,12
2,0,0,0,2
1,0,0,0,1
3,0,0,0,3
3,0,0,0,3
1,0,0,0,1
1,0,0,0,1
1,0,0,0,1
1,0,0,0,1
1,0,0,0,1
2,0,0,0,2
1,0,0,0,1
8,0,0,0,8
1,0,0,0,1
3,0,0,0,3
1,0,0,0,1
1,0,0,0,1
1,0,0,0,1
1,0,0,0,1
1,0,0,0,1
1,0,0,0,1
1,0,0,0,1
8,0,0,0,8
1,0,0,0,1
1,0,0,0,1
2,0,0,0,2
1,0,0,0,1
1,0,0,0,1
1,0,0,0,1
1,0,0,0,1
1,0,0,0,1
1,0,0,0,1
1,0,0,0,1
2,0,0,0,2
2,0,0,0,2
3,0,0,0,3
1,0,0,0,1
1,0,0,0,1
4,0,0,0,4
1,0,0,0,1
2,19,0,0,21
1,0,0,0,1
3,0,0,0,3
1,0,0,0,1
2,0,0,0,2
4,0,0,0,4
1,0,0,0,1
1,0,0,0,1
1,0,0,0,1
2,7,0,0,9
3,2,0,0,5
2,0,0,0,2
1,0,0,0,1
1,0,0,0,1
2,0,0,0,2
1,0,0,0,1
1,0,0,0,1
1,0,0,0,1
1,0,0,0,1
1,1,0,0,2
1,0,0,0,1
1,0,0,0,1
2,0,0,0,2
1,0,0,0,1
1,0,0,0,1
1,0,0,0,1
1,0,0,0,1
1,0,0,0,1
1,0,0,0,1
1,0,0,0,1
2,0,0,0,2
1,0,0,0,1
3,0,0,0,3
1,0,0,0,1
1,0,0,0,1
6,5,0,0,11
1,0,0,0,1
1,0,0,0,1
1,0,0,0,1
1,0,0,0,1
1,0,0,0,1
3,2,0,0,5
1,0,0,0,1
1,0,0,0,1
4,0,0,0,4
1,0,0,0,1
1,0,0,0,1
9,0,0,0,9
1,0,0,0,1
1,0,0,0,1
2,1,0,0,3
1,0,0,0,1
7,0,0,0,7
1,0,0,0,1
1,0,0,0,1
2,0,0,0,2
5,0,0,0,5
1,0,0,0,1
1,0,0,0,1
1,0,0,0,1
2,0,0,0,2
1,0,0,0,1
1,0,0,0,1
5,0,0,0,5
1,0,0,0,1
1,0,0,0,1
3,0,0,0,3
1,0,0,0,1
1,0,0,0,1
1,0,0,0,1
1,0,0,0,1
1,0,0,0,1
1,0,0,0,1
1,0,0,0,1
3,0,0,0,3
3,3,0,0,6
1,0,0,0,1
2,0,0,0,2
3,0,0,0,3
1,0,0,0,1
1,0,0,0,1
1,0,0,0,1
1,0,0,0,1
3,0,0,0,3
1,0,0,0,1
1,0,0,0,1
1,0,0,0,1
1,0,0,0,1
2,0,0,0,2
1,0,0,0,1
1,0,0,0,1
3,0,0,0,3
1,0,0,0,1
1,0,0,0,1
1,0,0,0,1
2,11,0,0,13
1,0,0,0,1
1,0,0,0,1
1,0,0,0,1
1,634,0,0,635
1,0,0,0,1
4,18,1,0,23
4,0,0,0,4
2,0,0,0,2
7,1,4,0,12
1,0,0,0,1
3,0,0,0,3
6,8,0,0,14
1,0,0,0,1
1,0,0,0,1
4,1,0,0,5
1,0,0,0,1
1,0,0,0,1
3,0,0,0,3
8,0,0,0,8
4,0,0,0,4
1,0,0,0,1
2,0,0,0,2
1,0,0,0,1
1,0,0,0,1
1,0,0,0,1
1,0,0,0,1
1,0,0,0,1
1,0,0,0,1
1,0,0,0,1
1,0,0,0,1
1,226,1,0,228
1,0,0,0,1
1,0,0,0,1
1,0,0,0,1
1,0,0,0,1
2,0,0,0,2
2,0,0,0,2
1,0,0,0,1
1,0,0,0,1
1,2,0,0,3
1,0,0,0,1
2,0,0,0,2
1,1,0,0,2
1,0,0,0,1
3,0,0,0,3
1,0,0,0,1
1,0,0,0,1
8,0,0,0,8
1,0,0,0,1
1,0,0,0,1
1,0,0,0,1
1,0,0,0,1
1,0,0,0,1
1,0,0,0,1
2,0,0,0,2
3,0,0,0,3
2,0,0,0,2
3,0,0,0,3
1,0,0,0,1
1,0,0,0,1
1,0,0,0,1
1,0,0,0,1
1,0,0,0,1
1,0,0,0,1
1,1,1,0,3
1,0,0,0,1
1,0,0,0,1
1,0,0,0,1
2,7,0,0,9
3,1,0,0,4
1,0,0,0,1
4,0,0,0,4
2,0,0,0,2
1,0,0,0,1
10,0,0,0,10
1,0,0,0,1
2,0,0,0,2
1,0,0,0,1
1,0,0,0,1
1,0,0,0,1
1,0,0,0,1
1,0,0,0,1
2,0,0,0,2
1,0,0,0,1
1,0,0,0,1
1,0,0,0,1
1,0,0,0,1
1,0,0,0,1
1,0,0,0,1
4,0,0,0,4
1,0,0,0,1
1,0,0,0,1
1,0,0,0,1
2,0,0,0,2
2,0,0,0,2
1,0,0,0,1
1,0,0,0,1
1,0,0,0,1
1,0,0,0,1
1,0,0,0,1
1,0,0,0,1
1,0,0,0,1
1,0,0,0,1
1,0,0,0,1
1,0,0,0,1
1,0,0,0,1
3,0,0,0,3
1,0,0,0,1
1,0,0,0,1
2,0,0,0,2
1,0,0,0,1
1,0,0,0,1
1,0,0,0,1
1,0,0,0,1
1,0,0,0,1
1,0,0,0,1
1,0,0,0,1
1,0,0,0,1
1,0,0,0,1
1,0,0,0,1
1,0,0,0,1
1,0,0,0,1
1,0,0,0,1
5,0,0,0,5
2,0,0,0,2
1,0,0,0,1
1,0,0,0,1
1,0,0,0,1
1,0,0,0,1
1,0,0,0,1
1,0,0,0,1
2,0,0,0,2
3,0,0,0,3
3,0,0,0,3
2,0,0,0,2
1,0,0,0,1
1,0,0,0,1
1,0,0,0,1
6,0,0,0,6
2,0,0,0,2
1,0,0,0,1
1,0,0,0,1
1,0,0,0,1
1,0,0,0,1
1,0,0,0,1
1,0,0,0,1
3,0,0,0,3
1,0,0,0,1
3,0,0,0,3
1,0,0,0,1
1,0,0,0,1
1,4,0,0,5
1,0,0,0,1
3,0,0,0,3
1,0,0,0,1
1,0,0,0,1
2,0,0,0,2
1,0,0,0,1
2,0,0,0,2
1,0,0,0,1
2,0,0,0,2
1,0,0,0,1
1,0,0,0,1
1,0,0,0,1
1,0,0,0,1
1,0,0,0,1
1,0,0,0,1
1,0,0,0,1
1,0,0,0,1
1,0,0,0,1
1,0,0,0,1
1,0,0,0,1
1,0,0,0,1
1,0,0,0,1
2,0,0,0,2
1,0,0,0,1
1,0,0,0,1
1,0,0,0,1
1,0,0,0,1
1,0,0,0,1
1,0,0,0,1
8,0,0,0,8
1,0,0,0,1
1,0,0,0,1
1,0,0,0,1
4,0,0,0,4
1,0,0,0,1
1,0,0,0,1
6,0,0,0,6
1,0,0,0,1
2,0,0,0,2
7,0,0,0,7
1,0,0,0,1
1,0,0,0,1
2,0,0,0,2
1,0,0,0,1
6,2,0,0,8
2,0,2,0,4
4,0,0,0,4
1,0,0,0,1
1,0,0,0,1
1,0,0,0,1
1,0,0,0,1
1,0,0,0,1
6,0,0,0,6
5,0,0,0,5
1,0,0,0,1
1,0,0,0,1
2,0,0,0,2
1,0,0,0,1
1,0,0,0,1
1,0,0,0,1
1,0,0,0,1
2,0,0,0,2
2,0,0,0,2
1,0,0,0,1
1,42,0,0,43
1,0,0,0,1
1,0,0,0,1
1,0,0,0,1
2,1,0,0,3
1,0,0,0,1
1,0,0,0,1
1,0,0,0,1
2,0,0,0,2
1,0,0,0,1
1,0,0,0,1
1,0,0,0,1
4,0,0,0,4
1,0,0,0,1
2,0,0,0,2
1,0,0,0,1
1,0,0,0,1
1,0,0,0,1
1,0,0,0,1
2,0,0,0,2
1,0,0,0,1
1,0,0,0,1
4,0,0,0,4
3,0,0,0,3
1,2,0,0,3
1,2,0,0,3
1,0,0,0,1
2,0,0,0,2
3,0,0,0,3
3,0,0,0,3
1,0,0,0,1
1,0,0,0,1
1,0,0,0,1
1,0,0,0,1
1,0,0,0,1
1,0,0,0,1
1,0,0,0,1
1,7,0,0,8
1,0,0,0,1
1,0,0,0,1
1,0,0,0,1
1,0,0,0,1
1,0,0,0,1
1,0,0,0,1
4,0,0,0,4
1,0,0,0,1
1,0,0,0,1
1,0,0,0,1
2,0,0,0,2
8,0,0,0,8
1,0,0,0,1
1,0,0,0,1
11,0,0,0,11
1,0,0,0,1
1,0,0,0,1
1,0,0,0,1
1,0,0,0,1
2,0,0,0,2
1,0,0,0,1
1,0,0,0,1
1,0,0,0,1
1,0,0,0,1
1,0,0,0,1
3,1,0,0,4
1,0,0,0,1
1,0,0,0,1
3,0,0,0,3
1,0,0,0,1
1,0,0,0,1
1,0,0,0,1
1,0,0,0,1
1,0,0,0,1
1,0,0,0,1
1,0,0,0,1
3,5,0,0,8
1,0,0,0,1
1,0,0,0,1
3,2,0,0,5
1,0,0,0,1
1,0,0,0,1
1,0,0,0,1
1,0,0,0,1
1,0,0,0,1
1,5,0,0,6
1,0,0,0,1
2,0,0,0,2
1,0,0,0,1
1,0,0,0,1
1,0,0,0,1
1,0,0,0,1
1,0,0,0,1
2,0,0,0,2
1,0,0,0,1
1,0,0,0,1
1,0,0,0,1
2,0,0,0,2
3,0,0,0,3
1,0,0,0,1
1,0,0,0,1
1,0,0,0,1
3,0,0,0,3
3,0,0,0,3
4,1,1,0,6
1,0,0,0,1
3,0,0,0,3
1,0,0,0,1
1,0,0,0,1
1,0,0,0,1
1,0,0,0,1
1,0,0,0,1
1,0,0,0,1
1,0,0,0,1
1,0,0,0,1
2,0,0,0,2
1,0,0,0,1
1,0,0,0,1
1,0,0,0,1
1,0,0,0,1
1,0,0,0,1
1,0,0,0,1
1,0,0,0,1
1,0,0,0,1
1,0,0,0,1
1,0,0,0,1
6,0,0,0,6
1,0,0,0,1
1,0,0,0,1
1,0,0,0,1
1,0,0,0,1
1,0,0,0,1
1,0,0,0,1
5,0,0,0,5
2,0,0,0,2
1,0,0,0,1
1,0,0,0,1
1,0,0,0,1
1,0,0,0,1
1,0,0,0,1
2,0,0,0,2
1,0,0,0,1
2,0,0,0,2
1,0,0,0,1
1,0,0,0,1
1,0,0,0,1
1,0,0,0,1
1,0,0,0,1
1,0,0,0,1
2,0,0,0,2
1,0,0,0,1
3,0,0,0,3
1,0,0,0,1
1,0,0,0,1
1,0,0,0,1
1,0,0,0,1
2,0,0,0,2
6,0,0,0,6
1,0,0,0,1
1,0,0,0,1
1,0,0,0,1
2,0,0,0,2
1,0,0,0,1
1,0,0,0,1
2,0,0,0,2
1,0,0,0,1
1,0,0,0,1
1,0,0,0,1
1,0,0,0,1
1,0,0,0,1
1,0,0,0,1
1,0,0,0,1
1,3,1,0,5
4,0,0,0,4
1,0,0,0,1
1,0,0,0,1
1,0,0,0,1
1,0,0,0,1
1,0,0,0,1
1,0,0,0,1
1,0,0,0,1
2,0,0,0,2
1,0,0,0,1
17,6,0,0,23
1,0,0,0,1
1,0,0,0,1
2,0,0,0,2
1,0,0,0,1
2,0,0,0,2
2,0,0,0,2
1,0,0,0,1
1,0,0,0,1
1,0,0,0,1
1,0,0,0,1
1,0,0,0,1
1,0,0,0,1
2,0,0,0,2
1,0,0,0,1
1,0,0,0,1
1,0,0,0,1
1,0,0,0,1
2,0,0,0,2
1,0,0,0,1
2,0,0,0,2
1,0,0,0,1
1,0,0,0,1
1,0,0,0,1
1,0,0,0,1
1,0,0,0,1
4,0,0,0,4
1,0,0,0,1
1,0,0,0,1
1,0,0,0,1
2,0,0,0,2
1,0,0,0,1
3,0,0,0,3
2,0,0,0,2
1,0,0,0,1
3,0,0,0,3
2,0,1,0,3
4,0,0,0,4
1,0,0,0,1
1,0,0,0,1
1,0,0,0,1
1,0,0,0,1
2,0,0,0,2
1,0,0,0,1
1,0,0,0,1
1,0,0,0,1
1,0,0,0,1
4,0,0,0,4
1,0,0,0,1
1,0,0,0,1
1,0,0,0,1
1,0,0,0,1
1,0,0,0,1
1,0,0,0,1
5,12,0,0,17
1,0,0,0,1
2,0,0,0,2
1,0,0,0,1
1,0,0,0,1
2,0,0,0,2
1,0,0,0,1
3,0,0,0,3
1,0,0,0,1
1,0,0,0,1
1,0,0,0,1
2,0,0,0,2
5,0,0,0,5
1,0,0,0,1
1,0,0,0,1
1,0,0,0,1
1,0,0,0,1
3,0,0,0,3
1,0,0,0,1
1,0,0,0,1
1,0,0,0,1
1,0,0,0,1
1,0,0,0,1
1,0,0,0,1
2,0,0,0,2
1,0,0,0,1
1,0,0,0,1
1,0,0,0,1
2,0,0,0,2
6,0,0,0,6
1,0,0,0,1
1,0,0,0,1
3,0,0,0,3
1,0,0,0,1
2,0,0,0,2
1,0,0,0,1
1,0,0,0,1
5,0,0,0,5
1,0,0,0,1
4,0,0,0,4
1,0,0,0,1
1,0,0,0,1
1,0,0,0,1
1,0,0,0,1
1,0,0,0,1
1,0,0,0,1
1,0,0,0,1
1,0,0,0,1
1,0,0,0,1
1,0,0,0,1
1,0,0,0,1
1,0,0,0,1
1,0,0,0,1
1,0,0,0,1
1,0,0,0,1
2,0,0,0,2
1,0,0,0,1
1,0,0,0,1
1,0,0,0,1
1,0,0,0,1
1,0,0,0,1
1,0,0,0,1
2,0,0,0,2
2,0,0,0,2
1,0,0,0,1
2,6,0,0,8
1,0,0,0,1
1,0,0,0,1
1,0,0,0,1
1,0,0,0,1
1,0,0,0,1
1,0,0,0,1
1,0,0,0,1
1,0,0,0,1
2,0,0,0,2
1,0,0,0,1
1,0,0,0,1
1,0,0,0,1
4,0,0,0,4
1,4,0,0,5
1,0,0,0,1
2,0,0,0,2
1,0,0,0,1
2,0,0,0,2
1,0,0,0,1
1,0,0,0,1
2,0,0,0,2
1,0,0,0,1
1,0,0,0,1
1,0,0,0,1
2,9,0,0,11
2,0,0,0,2
1,0,0,0,1
1,0,0,0,1
3,0,0,0,3
1,0,0,0,1
5,0,0,0,5
1,0,0,0,1
1,0,0,0,1
1,0,0,0,1
3,0,0,0,3
1,0,0,0,1
1,0,0,0,1
2,0,0,0,2
1,2,0,0,3
2,145,1,0,148
2,7,0,0,9
1,0,0,0,1
3,0,0,0,3
1,0,0,0,1
2,0,0,0,2
1,2,0,0,3
1,0,0,0,1
2,0,0,0,2
1,0,0,0,1
1,0,0,0,1
1,0,0,0,1
1,0,0,0,1
1,0,0,0,1
1,0,0,0,1
1,0,0,0,1
1,0,0,0,1
2,0,0,0,2
1,0,0,0,1
1,0,0,0,1
1,0,0,0,1
3,0,0,0,3
1,0,0,0,1
1,0,0,0,1
1,0,0,0,1
2,0,0,0,2
1,0,0,0,1
3,0,0,0,3
3,0,0,0,3
1,0,0,0,1
1,0,0,0,1
1,0,0,0,1
2,0,0,0,2
1,0,0,0,1
3,0,0,0,3
1,0,0,0,1
5,5,0,0,10
1,0,0,0,1
3,0,0,0,3
4,4,0,0,8
1,0,0,0,1
1,0,0,0,1
6,19,2,0,27
2,0,0,0,2
1,0,0,0,1
1,0,0,0,1
1,0,0,0,1
1,0,0,0,1
1,0,0,0,1
1,0,0,0,1
1,0,0,0,1
2,0,0,0,2
1,0,0,0,1
1,0,0,0,1
1,0,0,0,1
6,0,0,0,6
1,0,0,0,1
1,0,0,0,1
1,0,0,0,1
2,0,0,0,2
1,0,0,0,1
1,0,0,0,1
3,0,0,0,3
2,0,0,0,2
1,0,0,0,1
1,0,0,0,1
2,0,0,0,2
1,0,0,0,1
1,0,0,0,1
1,0,0,0,1
2,5,0,0,7
2,0,0,0,2
1,0,0,0,1
1,0,0,0,1
1,0,0,0,1
1,0,0,0,1
2,0,0,0,2
1,0,0,0,1
1,0,0,0,1
3,0,0,0,3
1,0,0,0,1
1,0,0,0,1
1,0,0,0,1
1,0,0,0,1
1,0,0,0,1
3,0,0,0,3
4,0,0,0,4
2,0,0,0,2
1,0,0,0,1
4,0,0,0,4
1,0,0,0,1
1,0,0,0,1
2,0,0,0,2
3,0,0,0,3
2,0,0,0,2
3,0,0,0,3
1,0,0,0,1
1,0,0,0,1
2,0,0,0,2
1,0,0,0,1
4,0,0,0,4
1,0,0,0,1
1,0,0,0,1
1,0,0,0,1
1,0,0,0,1
4,2,0,0,6
1,0,0,0,1
1,0,0,0,1
1,0,0,0,1
1,0,0,0,1
3,0,0,0,3
3,0,0,0,3
1,0,0,0,1
8,0,0,0,8
1,0,0,0,1
1,0,0,0,1
8,3,0,0,11
1,0,0,0,1
1,0,0,0,1
1,0,0,0,1
3,0,0,0,3
1,0,0,0,1
1,0,0,0,1
1,0,0,0,1
1,0,0,0,1
1,0,0,0,1
3,0,0,0,3
9,0,0,0,9
1,0,0,0,1
1,0,0,0,1
2,0,0,0,2
1,0,0,0,1
1,12,0,0,13
1,0,0,0,1
2,0,0,0,2
3,1,1,0,5
1,0,0,0,1
1,0,0,0,1
1,0,0,0,1
1,0,0,0,1
1,33,0,0,34
3,0,0,0,3
1,0,0,0,1
1,0,0,0,1
3,0,0,0,3
1,0,0,0,1
3,0,0,0,3
1,0,0,0,1
1,0,0,0,1
1,0,0,0,1
1,0,0,0,1
1,0,0,0,1
1,0,0,0,1
1,0,0,0,1
1,5,0,0,6
4,1,0,0,5
1,0,0,0,1
1,0,0,0,1
1,0,0,0,1
1,0,0,0,1
1,0,0,0,1
1,0,0,0,1
2,0,0,0,2
1,0,0,0,1
2,0,1,0,3
1,0,0,0,1
1,0,0,0,1
1,0,0,0,1
2,0,0,0,2
1,0,0,0,1
1,0,0,0,1
4,36,0,0,40
2,0,0,0,2
1,0,0,0,1
4,0,0,0,4
1,0,0,0,1
3,0,0,0,3
1,0,0,0,1
2,0,0,0,2
4,8,0,0,12
4,0,0,0,4
1,0,0,0,1
1,0,0,0,1
2,0,0,0,2
1,0,0,0,1
1,1,0,0,2
3,4,0,0,7
2,0,0,0,2
1,0,0,0,1
1,0,0,0,1
2,0,0,0,2
2,0,0,0,2
1,0,0,0,1
1,0,0,0,1
3,0,0,0,3
1,0,0,0,1
1,0,0,0,1
1,0,0,0,1
1,0,0,0,1
1,0,0,0,1
4,0,0,0,4
3,0,0,0,3
6,0,0,0,6
1,0,0,0,1
2,0,0,0,2
2,0,0,0,2
1,0,0,0,1
1,0,0,0,1
1,0,0,0,1
1,0,0,0,1
5,2,0,0,7
2,0,0,0,2
3,0,0,0,3
1,0,0,0,1
1,0,0,0,1
2,0,0,0,2
1,0,0,0,1
1,0,0,0,1
1,0,0,0,1
3,0,0,0,3
1,0,0,0,1
1,0,0,0,1
1,0,0,0,1
2,0,0,0,2
1,0,0,0,1
1,0,0,0,1
1,0,0,0,1
1,0,0,0,1
1,0,0,0,1
2,0,0,0,2
1,0,0,0,1
1,0,0,0,1
1,0,0,0,1
1,0,0,0,1
1,0,0,0,1
3,0,0,0,3
1,0,0,0,1
1,0,0,0,1
1,1,0,0,2
3,0,0,0,3
1,0,0,0,1
1,0,0,0,1
1,0,0,0,1
1,0,0,0,1
2,0,0,0,2
1,0,0,0,1
1,0,0,0,1
2,0,0,0,2
1,0,0,0,1
2,0,0,0,2
1,0,0,0,1
1,0,0,0,1
1,0,0,0,1
1,1,1,0,3
4,0,0,0,4
1,0,0,0,1
1,0,0,0,1
1,0,0,0,1
3,0,0,0,3
3,0,0,0,3
1,0,0,0,1
1,0,0,0,1
1,0,0,0,1
3,0,0,0,3
1,0,0,0,1
1,0,0,0,1
2,0,0,0,2
1,0,0,0,1
2,0,0,0,2
1,0,0,0,1
1,0,0,0,1
1,3,0,0,4
1,0,0,0,1
1,0,0,0,1
1,0,0,0,1
1,0,0,0,1
1,0,0,0,1
3,0,0,0,3
1,0,0,0,1
2,0,0,0,2
1,0,0,0,1
1,0,0,0,1
1,0,0,0,1
1,0,0,0,1
1,0,0,0,1
1,0,0,0,1
3,0,0,0,3
1,0,0,0,1
1,0,0,0,1
2,0,0,0,2
1,0,0,0,1
1,0,0,0,1
1,0,0,0,1
1,0,0,0,1
7,1,1,0,9
1,0,0,0,1
2,0,0,0,2
1,0,0,0,1
1,0,0,0,1
2,0,0,0,2
1,0,0,0,1
1,0,0,0,1
1,0,0,0,1
1,0,0,0,1
1,0,0,0,1
1,0,0,0,1
2,0,0,0,2
1,0,0,0,1
2,0,0,0,2
1,0,0,0,1
2,0,0,0,2
1,0,0,0,1
1,0,0,0,1
1,0,0,0,1
2,0,0,0,2
2,0,0,0,2
6,0,0,0,6
1,0,0,0,1
3,0,0,0,3
2,6,0,0,8
4,3,0,0,7
2,0,0,0,2
1,0,0,0,1
1,0,0,0,1
1,0,0,0,1
1,0,0,0,1
1,0,0,0,1
1,0,0,0,1
3,0,0,0,3
5,0,0,0,5
1,0,0,0,1
1,0,0,0,1
2,0,0,0,2
4,0,0,0,4
1,0,0,0,1
1,0,0,0,1
1,0,0,0,1
1,0,0,0,1
3,0,0,0,3
1,0,0,0,1
2,0,0,0,2
1,0,0,0,1
1,0,0,0,1
1,0,0,0,1
1,0,0,0,1
1,0,0,0,1
1,0,0,0,1
1,0,0,0,1
1,0,0,0,1
2,0,0,0,2
1,0,0,0,1
1,0,0,0,1
1,0,0,0,1
1,0,0,0,1
1,0,0,0,1
1,0,0,0,1
2,0,0,0,2
1,0,0,0,1
2,0,0,0,2
1,0,0,0,1
2,0,0,0,2
2,1,1,0,4
1,0,0,0,1
2,3,0,0,5
1,0,0,0,1
1,0,0,0,1
1,0,0,0,1
1,0,0,0,1
3,0,0,0,3
1,0,0,0,1
1,0,0,0,1
2,0,0,0,2
1,0,0,0,1
1,0,0,0,1
1,0,0,0,1
1,0,0,0,1
2,0,0,0,2
1,0,0,0,1
1,0,0,0,1
1,0,0,0,1
1,0,0,0,1
1,0,0,0,1
1,0,0,0,1
1,0,0,0,1
2,0,0,0,2
1,0,0,0,1
1,0,0,0,1
1,0,0,0,1
1,0,0,0,1
5,4,0,0,9
1,0,0,0,1
1,0,0,0,1
1,0,0,0,1
1,0,0,0,1
1,0,0,0,1
2,0,0,0,2
2,0,0,0,2
1,0,0,0,1
1,0,0,0,1
1,0,0,0,1
4,0,0,0,4
1,0,0,0,1
1,0,0,0,1
2,0,0,0,2
1,0,0,0,1
1,0,0,0,1
1,0,0,0,1
1,0,0,0,1
1,0,0,0,1
5,0,0,0,5
1,0,0,0,1
1,0,0,0,1
1,0,0,0,1
1,0,0,0,1
7,4,0,0,11
4,0,0,0,4
1,0,0,0,1
1,0,0,0,1
1,0,0,0,1
1,0,0,0,1
3,0,0,0,3
1,0,0,0,1
1,0,0,0,1
4,0,0,0,4
3,0,0,0,3
8,0,0,0,8
1,0,0,0,1
3,2,0,0,5
1,0,0,0,1
1,0,0,0,1
2,0,0,0,2
1,0,0,0,1
1,0,0,0,1
1,0,0,0,1
1,0,0,0,1
1,0,0,0,1
3,0,0,0,3
13,0,0,0,13
1,0,0,0,1
1,0,0,0,1
2,0,0,0,2
3,0,0,0,3
1,0,0,0,1
2,0,0,0,2
2,0,0,0,2
1,0,0,0,1
1,0,0,0,1
1,0,0,0,1
1,0,0,0,1
1,0,0,0,1
1,0,0,0,1
2,0,0,0,2
1,0,0,0,1
2,0,0,0,2
1,0,0,0,1
4,0,0,0,4
1,0,0,0,1
1,0,0,0,1
3,1,0,0,4
5,0,0,0,5
1,13,0,0,14
1,0,0,0,1
2,0,0,0,2
1,0,0,0,1
1,0,0,0,1
1,0,0,0,1
2,0,0,0,2
1,0,0,0,1
1,0,0,0,1
1,0,0,0,1
3,0,0,0,3
2,0,0,0,2
1,0,0,0,1
4,2,0,0,6
1,0,0,0,1
1,0,0,0,1
1,0,0,0,1
2,0,0,0,2
1,3,0,0,4
1,0,0,0,1
1,0,0,0,1
6,0,0,0,6
1,0,0,0,1
1,0,0,0,1
1,0,0,0,1
1,0,0,0,1
1,0,0,0,1
1,0,0,0,1
2,0,0,0,2
1,0,0,0,1
2,0,0,0,2
1,0,0,0,1
1,0,0,0,1
1,0,0,0,1
1,0,0,0,1
1,0,0,0,1
1,0,0,0,1
2,0,0,0,2
1,0,0,0,1
1,0,0,0,1
1,0,0,0,1
1,0,0,0,1
1,0,0,0,1
1,0,0,0,1
1,0,0,0,1
2,0,0,0,2
1,0,0,0,1
1,0,0,0,1
1,0,0,0,1
1,0,0,0,1
2,0,0,0,2
1,0,0,0,1
3,0,0,0,3
1,1,1,0,3
3,0,0,0,3
1,0,0,0,1
1,0,0,0,1
1,0,0,0,1
1,0,0,0,1
1,0,0,0,1
1,0,0,0,1
1,0,0,0,1
1,0,0,0,1
1,0,0,0,1
1,0,0,0,1
1,0,0,0,1
1,0,0,0,1
1,0,0,0,1
1,0,0,0,1
1,0,0,0,1
1,0,0,0,1
1,0,0,0,1
1,0,0,0,1
1,0,0,0,1
3,0,0,0,3
1,0,0,0,1
1,0,0,0,1
6,0,0,0,6
1,0,0,0,1
1,0,0,0,1
1,0,0,0,1
1,0,0,0,1
1,0,0,0,1
1,0,0,0,1
3,0,0,0,3
1,0,0,0,1
1,0,0,0,1
1,0,0,0,1
1,0,0,0,1
2,0,0,0,2
1,0,0,0,1
1,0,0,0,1
1,0,0,0,1
1,0,0,0,1
1,0,0,0,1
1,0,0,0,1
1,0,0,0,1
1,0,0,0,1
1,0,0,0,1
1,0,0,0,1
1,2,0,0,3
1,0,0,0,1
2,0,0,0,2
1,0,0,0,1
1,0,0,0,1
1,0,0,0,1
2,0,0,0,2
1,0,0,0,1
1,0,0,0,1
1,0,0,0,1
1,0,0,0,1
1,0,0,0,1
3,0,0,0,3
1,0,0,0,1
1,0,0,0,1
1,0,0,0,1
2,0,0,0,2
1,0,0,0,1
1,0,0,0,1
1,0,0,0,1
1,0,0,0,1
1,0,0,0,1
3,0,0,0,3
1,0,0,0,1
1,0,0,0,1
1,0,0,0,1
1,0,0,0,1
2,0,0,0,2
1,0,0,0,1
1,0,0,0,1
1,0,0,0,1
2,0,0,0,2
3,0,0,0,3
1,0,0,0,1
1,0,0,0,1
2,0,0,0,2
1,0,0,0,1
1,0,0,0,1
1,0,0,0,1
1,0,0,0,1
6,0,0,0,6
1,0,0,0,1
1,0,0,0,1
1,0,0,0,1
3,0,0,0,3
1,0,0,0,1
1,0,0,0,1
1,0,0,0,1
2,0,0,0,2
6,0,0,0,6
1,0,0,0,1
1,0,0,0,1
3,0,0,0,3
1,0,0,0,1
2,0,0,0,2
2,0,0,0,2
2,0,0,0,2
2,0,0,0,2
1,0,0,0,1
1,0,0,0,1
1,0,0,0,1
1,0,0,0,1
2,0,0,0,2
2,0,0,0,2
1,0,0,0,1
1,1,0,0,2
1,0,0,0,1
3,0,0,0,3
2,1,0,0,3
1,0,0,0,1
1,0,0,0,1
1,0,0,0,1
3,0,0,0,3
2,0,0,0,2
1,0,0,0,1
1,0,0,0,1
2,0,0,0,2
2,1,0,0,3
1,0,0,0,1
1,0,0,0,1
1,0,0,0,1
1,0,0,0,1
1,0,0,0,1
1,0,0,0,1
1,0,0,0,1
4,0,1,0,5
1,0,0,0,1
1,0,0,0,1
1,0,0,0,1
1,0,0,0,1
1,0,0,0,1
1,0,0,0,1
1,0,0,0,1
2,0,0,0,2
1,0,0,0,1
1,0,0,0,1
1,0,0,0,1
3,0,0,0,3
1,0,0,0,1
1,0,0,0,1
7,1,0,0,8
1,0,0,0,1
1,0,0,0,1
1,0,0,0,1
4,0,0,0,4
1,0,0,0,1
1,0,0,0,1
1,0,0,0,1
1,0,0,0,1
1,0,0,0,1
1,0,0,0,1
1,0,0,0,1
1,0,0,0,1
5,0,0,0,5
1,0,0,0,1
1,0,0,0,1
4,1,1,0,6
1,0,0,0,1
1,0,0,0,1
1,0,0,0,1
1,0,0,0,1
2,0,0,0,2
1,0,0,0,1
1,0,0,0,1
1,0,0,0,1
1,0,0,0,1
1,0,0,0,1
2,0,0,0,2
1,0,0,0,1
1,0,0,0,1
1,0,0,0,1
1,0,0,0,1
1,0,0,0,1
13,0,0,0,13
1,0,0,0,1
4,0,0,0,4
2,0,0,0,2
1,0,0,0,1
1,0,0,0,1
2,2,0,0,4
1,0,0,0,1
1,0,0,0,1
2,17,0,0,19
1,0,0,0,1
2,0,0,0,2
1,0,0,0,1
1,2,0,0,3
1,0,0,0,1
1,0,0,0,1
1,0,0,0,1
2,0,0,0,2
1,0,0,0,1
1,0,0,0,1
3,0,0,0,3
1,0,0,0,1
1,0,0,0,1
1,0,0,0,1
2,0,0,0,2
1,0,0,0,1
1,15,4,0,20
2,0,0,0,2
1,0,0,0,1
1,0,0,0,1
1,0,0,0,1
1,0,0,0,1
2,0,0,0,2
3,0,0,0,3
1,0,0,0,1
1,0,0,0,1
1,0,0,0,1
1,0,0,0,1
1,0,0,0,1
2,1,0,0,3
1,0,0,0,1
1,0,0,0,1
1,0,0,0,1
1,0,0,0,1
1,0,0,0,1
1,0,0,0,1
2,0,0,0,2
2,0,0,0,2
4,0,0,0,4
4,0,0,0,4
2,0,0,0,2
1,0,0,0,1
1,0,0,0,1
1,0,0,0,1
1,0,0,0,1
1,0,0,0,1
1,0,0,0,1
1,0,0,0,1
2,0,0,0,2
2,0,0,0,2
1,0,0,0,1
1,3,1,0,5
1,0,0,0,1
1,0,0,0,1
1,0,1,0,2
3,0,0,0,3
1,0,0,0,1
1,0,0,0,1
3,0,0,0,3
1,0,0,0,1
1,0,0,0,1
1,0,0,0,1
5,0,0,0,5
1,0,0,0,1
1,0,0,0,1
2,0,0,0,2
1,0,0,0,1
4,0,0,0,4
1,0,0,0,1
2,0,0,0,2
1,0,0,0,1
1,0,0,0,1
2,0,0,0,2
1,0,0,0,1
1,0,0,0,1
3,1,0,0,4
2,0,0,0,2
1,0,0,0,1
1,0,0,0,1
1,0,0,0,1
1,0,0,0,1
3,0,0,0,3
1,0,0,0,1
7,0,0,0,7
2,0,0,0,2
1,0,0,0,1
1,0,0,0,1
1,0,0,0,1
1,0,0,0,1
3,0,0,0,3
1,0,0,0,1
1,0,0,0,1
1,0,0,0,1
1,0,0,0,1
1,0,0,0,1
2,0,0,0,2
1,0,0,0,1
3,0,0,0,3
5,0,0,0,5
2,2,0,0,4
1,0,0,0,1
2,1,0,0,3
1,0,0,0,1
5,0,0,0,5
1,0,0,0,1
2,0,0,0,2
1,0,0,0,1
2,0,0,0,2
1,1,0,0,2
1,0,0,0,1
8,5,0,0,13
2,0,0,0,2
1,0,0,0,1
2,0,0,0,2
2,0,0,0,2
1,0,0,0,1
1,0,0,0,1
1,0,0,0,1
1,0,0,0,1
1,0,0,0,1
1,0,0,0,1
1,0,0,0,1
1,0,0,0,1
1,3,0,0,4
6,0,0,0,6
2,0,0,0,2
1,9,0,0,10
1,0,0,0,1
2,0,0,0,2
1,0,0,0,1
1,0,0,0,1
1,0,0,0,1
11,3,0,0,14
1,0,0,0,1
1,0,0,0,1
1,0,0,0,1
1,0,0,0,1
1,0,0,0,1
2,0,0,0,2
1,0,0,0,1
1,0,0,0,1
4,2,2,0,8
1,0,0,0,1
2,0,0,0,2
1,0,1,0,2
3,0,0,0,3
1,0,0,0,1
1,0,0,0,1
1,0,0,0,1
5,0,0,0,5
1,0,0,0,1
1,0,0,0,1
1,0,0,0,1
1,0,0,0,1
2,0,0,0,2
2,0,0,0,2
5,0,0,0,5
1,0,0,0,1
4,0,0,0,4
1,0,0,0,1
1,0,0,0,1
1,0,0,0,1
1,0,0,0,1
1,0,0,0,1
1,0,0,0,1
2,0,0,0,2
1,0,0,0,1
1,0,0,0,1
1,0,0,0,1
1,13,0,0,14
1,0,0,0,1
1,0,0,0,1
1,0,0,0,1
1,16,0,0,17
3,0,0,0,3
1,0,0,0,1
1,0,0,0,1
2,0,0,0,2
1,0,0,0,1
1,0,0,0,1
2,0,0,0,2
1,0,0,0,1
1,0,0,0,1
1,0,0,0,1
1,0,0,0,1
1,0,0,0,1
3,0,0,0,3
1,0,0,0,1
1,0,0,0,1
1,0,0,0,1
1,0,0,0,1
1,0,0,0,1
2,0,0,0,2
1,0,0,0,1
2,0,0,0,2
1,0,0,0,1
1,0,0,0,1
5,0,0,0,5
1,0,0,0,1
2,0,0,0,2
1,0,0,0,1
1,0,0,0,1
1,0,0,0,1
4,0,0,0,4
1,0,0,0,1
1,0,0,0,1
1,0,0,0,1
1,0,0,0,1
1,0,0,0,1
1,0,0,0,1
1,0,0,0,1
2,0,1,0,3
1,0,0,0,1
2,0,0,0,2
1,0,0,0,1
1,0,0,0,1
1,3,1,0,5
1,0,0,0,1
1,0,0,0,1
1,0,0,0,1
1,0,0,0,1
1,0,0,0,1
1,0,0,0,1
1,0,0,0,1
11,0,0,0,11
1,0,0,0,1
1,0,0,0,1
1,0,0,0,1
1,0,0,0,1
2,0,0,0,2
1,0,0,0,1
1,0,0,0,1
1,0,0,0,1
2,0,0,0,2
1,0,0,0,1
2,1,0,0,3
1,0,0,0,1
1,0,0,0,1
1,0,0,0,1
3,0,0,0,3
1,0,0,0,1
1,0,0,0,1
1,0,0,0,1
1,0,0,0,1
1,0,0,0,1
3,0,0,0,3
1,0,0,0,1
8,0,0,0,8
1,0,0,0,1
1,0,0,0,1
1,0,0,0,1
1,2,2,0,5
4,0,0,0,4
1,0,0,0,1
2,0,0,0,2
1,1,1,0,3
1,0,0,0,1
1,0,0,0,1
1,0,0,0,1
2,0,0,0,2
1,0,0,0,1
1,0,0,0,1
2,10,0,0,12
3,0,0,0,3
1,0,0,0,1
1,0,0,0,1
2,0,0,0,2
1,0,0,0,1
2,0,0,0,2
1,0,0,0,1
2,0,0,0,2
1,0,0,0,1
1,0,0,0,1
1,0,0,0,1
2,1,0,0,3
1,0,0,0,1
1,0,0,0,1
1,0,0,0,1
1,0,0,0,1
1,0,0,0,1
1,0,0,0,1
2,0,0,0,2
1,0,0,0,1
1,0,0,0,1
1,0,0,0,1
1,0,0,0,1
1,0,0,0,1
2,0,0,0,2
1,0,0,0,1
1,0,0,0,1
1,0,0,0,1
1,0,0,0,1
1,0,0,0,1
2,0,0,0,2
1,0,0,0,1
1,0,0,0,1
7,0,0,0,7
1,0,0,0,1
1,0,0,0,1
2,0,0,0,2
2,0,0,0,2
3,0,0,0,3
1,0,0,0,1
2,0,0,0,2
1,0,0,0,1
1,0,0,0,1
2,0,0,0,2
1,0,0,0,1
1,0,0,0,1
1,0,0,0,1
2,0,0,0,2
1,0,0,0,1
1,0,0,0,1
1,0,0,0,1
1,0,0,0,1
1,0,0,0,1
1,0,0,0,1
1,0,0,0,1
2,0,0,0,2
2,0,0,0,2
1,0,0,0,1
2,0,0,0,2
1,0,0,0,1
2,0,0,0,2
6,0,0,0,6
3,0,0,0,3
1,0,0,0,1
2,4,0,0,6
3,0,0,0,3
1,0,0,0,1
1,0,0,0,1
3,0,0,0,3
1,0,0,0,1
1,0,0,0,1
1,0,0,0,1
2,0,0,0,2
1,0,0,0,1
1,0,0,0,1
1,0,0,0,1
5,0,0,0,5
2,0,0,0,2
1,2,0,0,3
1,0,0,0,1
1,2,0,0,3
1,0,0,0,1
1,0,0,0,1
1,0,0,0,1
1,0,0,0,1
3,0,0,0,3
1,0,0,0,1
1,0,0,0,1
2,0,0,0,2
2,0,0,0,2
1,0,0,0,1
1,0,0,0,1
7,0,0,0,7
1,0,0,0,1
1,0,0,0,1
1,0,0,0,1
1,0,0,0,1
1,0,0,0,1
1,0,0,0,1
2,0,0,0,2
1,0,0,0,1
1,0,0,0,1
1,0,0,0,1
6,1,1,0,8
1,0,0,0,1
1,0,0,0,1
1,0,0,0,1
1,0,0,0,1
2,0,0,0,2
1,0,0,0,1
1,0,0,0,1
1,0,0,0,1
1,0,0,0,1
1,0,0,0,1
1,0,0,0,1
1,0,0,0,1
1,0,0,0,1
1,0,0,0,1
3,0,0,0,3
2,0,0,0,2
1,0,0,0,1
1,0,0,0,1
7,0,0,0,7
4,0,0,0,4
1,0,0,0,1
3,0,0,0,3
1,0,0,0,1
4,0,0,0,4
1,0,0,0,1
1,0,0,0,1
2,0,0,0,2
1,0,0,0,1
1,0,0,0,1
1,0,0,0,1
1,0,0,0,1
3,0,0,0,3
2,0,0,0,2
1,0,0,0,1
4,0,0,0,4
1,0,0,0,1
1,0,0,0,1
1,0,0,0,1
3,0,0,0,3
1,0,0,0,1
1,0,0,0,1
1,0,0,0,1
1,0,0,0,1
1,0,0,0,1
1,0,0,0,1
3,0,0,0,3
1,0,0,0,1
2,0,0,0,2
1,0,0,0,1
1,0,0,0,1
1,0,0,0,1
4,0,0,0,4
1,0,0,0,1
5,0,0,0,5
1,0,0,0,1
1,0,0,0,1
1,0,0,0,1
1,0,0,0,1
1,0,0,0,1
3,0,0,0,3
1,0,0,0,1
1,0,0,0,1
1,0,0,0,1
1,0,0,0,1
1,0,0,0,1
1,0,0,0,1
1,0,0,0,1
3,0,0,0,3
1,0,0,0,1
3,0,0,0,3
1,0,0,0,1
7,0,0,0,7
6,0,0,0,6
2,0,0,0,2
1,0,0,0,1
2,0,0,0,2
1,0,0,0,1
6,0,0,0,6
1,0,0,0,1
1,0,0,0,1
1,0,0,0,1
4,0,0,0,4
1,0,0,0,1
1,0,0,0,1
1,0,0,0,1
2,0,0,0,2
1,0,0,0,1
1,0,0,0,1
1,0,0,0,1
1,0,0,0,1
2,1,0,0,3
1,0,0,0,1
1,0,0,0,1
1,0,0,0,1
1,0,0,0,1
1,0,0,0,1
1,0,0,0,1
1,0,0,0,1
1,0,0,0,1
1,0,0,0,1
3,0,0,0,3
1,0,0,0,1
1,0,0,0,1
1,0,0,0,1
1,0,0,0,1
1,0,0,0,1
1,0,0,0,1
1,0,0,0,1
1,0,0,0,1
1,0,0,0,1
1,0,0,0,1
2,0,0,0,2
1,0,0,0,1
1,0,0,0,1
2,0,0,0,2
2,2,0,0,4
1,0,0,0,1
1,0,0,0,1
1,0,0,0,1
1,0,0,0,1
1,0,0,0,1
1,0,0,0,1
1,0,0,0,1
1,0,0,0,1
1,0,0,0,1
2,0,1,0,3
2,1,1,0,4
1,0,0,0,1
1,0,0,0,1
1,0,0,0,1
3,30,0,0,33
1,0,0,0,1
1,0,0,0,1
2,0,0,0,2
3,0,0,0,3
6,0,0,0,6
1,0,0,0,1
1,0,0,0,1
1,0,0,0,1
2,0,0,0,2
1,0,0,0,1
2,0,0,0,2
2,0,0,0,2
1,0,0,0,1
1,0,0,0,1
1,0,0,0,1
1,0,0,0,1
2,0,0,0,2
2,0,0,0,2
1,0,0,0,1
1,0,0,0,1
1,0,0,0,1
1,0,0,0,1
1,0,0,0,1
2,0,0,0,2
1,0,0,0,1
1,0,0,0,1
1,0,0,0,1
1,0,0,0,1
1,0,0,0,1
2,0,0,0,2
2,0,0,0,2
2,0,0,0,2
1,0,0,0,1
1,0,0,0,1
1,0,0,0,1
1,0,0,0,1
1,0,0,0,1
1,0,0,0,1
1,0,0,0,1
18,0,0,0,18
1,0,0,0,1
1,0,0,0,1
1,0,0,0,1
1,0,0,0,1
1,0,0,0,1
1,1,1,0,3
4,0,0,0,4
1,0,0,0,1
1,0,0,0,1
2,0,0,0,2
1,0,0,0,1
1,0,0,0,1
1,0,0,0,1
1,0,0,0,1
1,0,0,0,1
1,0,0,0,1
1,0,0,0,1
1,0,0,0,1
2,0,0,0,2
1,3,0,0,4
1,0,0,0,1
1,0,0,0,1
2,0,0,0,2
3,0,0,0,3
2,0,0,0,2
1,0,0,0,1
1,0,0,0,1
1,0,0,0,1
1,0,0,0,1
1,0,0,0,1
1,0,0,0,1
1,0,0,0,1
1,0,0,0,1
1,0,0,0,1
1,0,0,0,1
1,0,1,0,2
1,0,0,0,1
3,3,0,0,6
1,0,0,0,1
1,0,0,0,1
1,0,0,0,1
1,0,0,0,1
2,0,0,0,2
1,0,0,0,1
1,0,0,0,1
1,0,0,0,1
1,0,0,0,1
1,0,0,0,1
2,0,0,0,2
2,0,0,0,2
1,7,0,0,8
5,0,0,0,5
1,0,0,0,1
1,0,0,0,1
4,0,0,0,4
1,0,0,0,1
1,0,0,0,1
3,0,0,0,3
1,0,0,0,1
1,0,0,0,1
1,0,0,0,1
1,0,0,0,1
3,0,0,0,3
2,0,0,0,2
1,0,0,0,1
1,0,0,0,1
1,0,0,0,1
4,0,0,0,4
1,0,0,0,1
1,0,0,0,1
1,0,0,0,1
1,0,0,0,1
1,0,0,0,1
4,2,3,0,9
2,0,0,0,2
1,0,0,0,1
4,0,0,0,4
1,0,0,0,1
1,2,0,0,3
1,0,0,0,1
1,0,0,0,1
1,0,0,0,1
1,0,0,0,1
2,0,0,0,2
1,0,0,0,1
1,0,0,0,1
1,0,0,0,1
1,0,0,0,1
1,0,0,0,1
1,0,0,0,1
1,0,0,0,1
1,0,0,0,1
1,0,0,0,1
1,0,0,0,1
1,0,0,0,1
1,0,0,0,1
1,0,0,0,1
1,0,0,0,1
1,0,0,0,1
1,0,0,0,1
6,0,0,0,6
1,0,0,0,1
1,0,0,0,1
1,1,0,0,2
1,0,0,0,1
1,0,0,0,1
1,0,0,0,1
1,0,0,0,1
1,0,0,0,1
4,0,0,0,4
2,2,0,0,4
1,0,0,0,1
1,0,0,0,1
4,0,1,0,5
2,0,0,0,2
2,0,0,0,2
1,593,0,0,594
1,0,0,0,1
2,0,0,0,2
1,0,0,0,1
1,0,0,0,1
1,0,0,0,1
2,0,0,0,2
2,0,0,0,2
1,0,0,0,1
1,0,0,0,1
1,0,0,0,1
1,0,0,0,1
2,0,0,0,2
1,0,0,0,1
1,0,0,0,1
1,0,0,0,1
1,0,0,0,1
1,0,0,0,1
2,2,2,0,6
1,0,0,0,1
2,0,0,0,2
1,0,0,0,1
2,0,0,0,2
1,0,0,0,1
1,0,0,0,1
1,0,0,0,1
1,0,0,0,1
4,0,0,0,4
1,0,0,0,1
1,0,0,0,1
1,0,0,0,1
3,0,0,0,3
1,0,0,0,1
7,0,0,0,7
1,0,0,0,1
1,1,0,0,2
1,0,0,0,1
2,0,0,0,2
4,0,0,0,4
2,0,0,0,2
1,0,0,0,1
1,0,0,0,1
5,0,0,0,5
1,0,0,0,1
2,0,0,0,2
1,0,0,0,1
1,0,0,0,1
1,0,0,0,1
1,0,1,0,2
5,0,0,0,5
1,2,0,0,3
1,0,0,0,1
1,0,0,0,1
1,1,0,0,2
1,0,0,0,1
1,0,0,0,1
2,0,0,0,2
1,0,0,0,1
1,0,0,0,1
1,0,0,0,1
1,0,0,0,1
1,0,0,0,1
1,0,0,0,1
2,0,0,0,2
3,0,0,0,3
4,0,0,0,4
1,0,0,0,1
2,0,0,0,2
1,0,0,0,1
1,0,0,0,1
3,591,0,0,594
2,0,0,0,2
1,0,0,0,1
3,0,0,0,3
1,0,0,0,1
1,0,0,0,1
3,0,0,0,3
2,0,0,0,2
1,0,0,0,1
2,0,0,0,2
1,0,0,0,1
1,0,0,0,1
1,0,0,0,1
1,0,0,0,1
1,0,0,0,1
3,0,0,0,3
2,0,0,0,2
1,0,0,0,1
1,0,0,0,1
2,0,0,0,2
1,0,0,0,1
1,0,0,0,1
2,0,0,0,2
2,0,0,0,2
3,0,0,0,3
2,0,0,0,2
6,4,0,0,10
1,0,0,0,1
1,0,0,0,1
1,0,0,0,1
1,0,0,0,1
2,0,0,0,2
1,0,0,0,1
2,0,0,0,2
2,0,0,0,2
1,1,1,0,3
1,0,0,0,1
1,0,0,0,1
8,6,1,0,15
1,0,0,0,1
1,0,0,0,1
1,0,0,0,1
2,0,0,0,2
1,0,0,0,1
1,0,0,0,1
2,0,0,0,2
2,0,0,0,2
1,0,0,0,1
1,0,0,0,1
1,0,0,0,1
1,0,0,0,1
1,0,0,0,1
1,0,0,0,1
3,0,0,0,3
1,0,0,0,1
1,0,0,0,1
1,0,0,0,1
1,0,0,0,1
1,0,0,0,1
4,0,0,0,4
1,0,0,0,1
1,0,0,0,1
3,0,0,0,3
1,0,0,0,1
5,0,0,0,5
1,0,0,0,1
1,0,0,0,1
1,0,0,0,1
4,11,1,0,16
1,0,0,0,1
1,0,0,0,1
1,0,0,0,1
1,0,0,0,1
1,0,0,0,1
1,0,0,0,1
1,0,0,0,1
1,0,0,0,1
1,0,0,0,1
1,1,1,0,3
1,0,0,0,1
6,1,0,0,7
2,2,0,0,4
3,0,0,0,3
1,0,0,0,1
1,0,0,0,1
1,0,0,0,1
1,0,0,0,1
2,0,0,0,2
1,0,0,0,1
1,0,0,0,1
2,0,0,0,2
5,0,0,0,5
1,0,0,0,1
2,0,0,0,2
1,0,0,0,1
1,0,0,0,1
1,0,0,0,1
1,0,0,0,1
3,0,0,0,3
1,0,0,0,1
2,0,0,0,2
1,0,0,0,1
1,0,0,0,1
1,0,0,0,1
1,0,0,0,1
2,0,0,0,2
1,0,0,0,1
6,0,0,0,6
1,0,0,0,1
1,0,0,0,1
2,0,0,0,2
2,0,0,0,2
2,0,0,0,2
3,0,0,0,3
2,0,0,0,2
1,0,0,0,1
2,0,0,0,2
2,0,0,0,2
1,0,0,0,1
1,0,0,0,1
1,0,0,0,1
1,0,0,0,1
1,0,0,0,1
3,0,0,0,3
1,0,0,0,1
1,0,0,0,1
1,0,0,0,1
2,0,0,0,2
1,0,0,0,1
2,0,0,0,2
1,0,0,0,1
2,0,0,0,2
2,0,0,0,2
1,0,0,0,1
1,0,0,0,1
1,0,0,0,1
1,0,0,0,1
4,0,0,0,4
6,0,0,0,6
1,0,0,0,1
1,0,0,0,1
1,0,0,0,1
1,0,0,0,1
1,0,0,0,1
1,0,0,0,1
2,0,0,0,2
1,0,0,0,1
1,0,0,0,1
1,0,0,0,1
2,0,0,0,2
1,0,0,0,1
6,0,0,0,6
1,0,0,0,1
1,0,0,0,1
1,0,0,0,1
1,0,0,0,1
1,0,0,0,1
1,0,0,0,1
1,0,0,0,1
1,0,0,0,1
1,0,0,0,1
2,0,0,0,2
2,0,0,0,2
1,0,0,0,1
4,2,0,0,6
1,1,0,0,2
2,0,0,0,2
1,0,0,0,1
2,0,0,0,2
1,0,0,0,1
1,0,0,0,1
1,0,0,0,1
1,0,0,0,1
1,0,0,0,1
1,0,0,0,1
2,4,0,0,6
1,0,0,0,1
2,0,0,0,2
1,0,0,0,1
1,0,0,0,1
2,0,0,0,2
1,0,0,0,1
1,0,0,0,1
1,0,0,0,1
1,0,0,0,1
1,0,0,0,1
1,0,0,0,1
1,2,0,0,3
1,0,0,0,1
1,0,0,0,1
1,0,0,0,1
1,0,0,0,1
3,0,0,0,3
1,0,0,0,1
2,0,0,0,2
1,0,0,0,1
1,0,0,0,1
2,0,0,0,2
2,0,0,0,2
4,0,0,0,4
1,0,0,0,1
1,0,0,0,1
1,0,0,0,1
1,0,0,0,1
1,0,0,0,1
1,0,0,0,1
1,0,0,0,1
1,0,0,0,1
1,0,0,0,1
1,0,0,0,1
2,0,0,0,2
2,0,0,0,2
2,2,1,0,5
1,0,0,0,1
1,0,0,0,1
1,0,0,0,1
2,0,0,0,2
1,0,0,0,1
1,0,0,0,1
1,0,0,0,1
1,0,0,0,1
2,0,0,0,2
1,0,0,0,1
1,0,0,0,1
2,0,0,0,2
1,0,0,0,1
1,1,0,0,2
5,0,0,0,5
1,0,0,0,1
1,0,0,0,1
2,0,0,0,2
1,0,0,0,1
1,0,0,0,1
1,0,0,0,1
1,0,0,0,1
1,0,0,0,1
2,0,0,0,2
1,0,0,0,1
1,0,0,0,1
1,0,0,0,1
1,0,0,0,1
4,0,0,0,4
1,0,0,0,1
1,0,0,0,1
1,0,0,0,1
3,0,0,0,3
1,0,0,0,1
1,0,0,0,1
1,0,0,0,1
1,0,0,0,1
1,0,0,0,1
1,0,0,0,1
1,0,0,0,1
2,0,0,0,2
1,0,0,0,1
1,0,0,0,1
2,0,0,0,2
4,0,0,0,4
1,0,0,0,1
1,0,0,0,1
2,0,0,0,2
1,0,0,0,1
7,98,0,0,105
1,0,0,0,1
1,0,0,0,1
1,0,0,0,1
1,0,0,0,1
1,0,0,0,1
1,0,0,0,1
5,0,0,0,5
1,0,0,0,1
1,0,0,0,1
1,0,0,0,1
3,0,0,0,3
1,0,0,0,1
1,0,0,0,1
2,0,0,0,2
1,0,0,0,1
4,0,0,0,4
1,0,0,0,1
1,0,0,0,1
2,0,0,0,2
1,0,0,0,1
1,0,0,0,1
1,0,0,0,1
1,0,0,0,1
1,0,0,0,1
1,0,0,0,1
1,0,0,0,1
1,0,0,0,1
2,0,0,0,2
1,0,0,0,1
1,0,0,0,1
1,0,0,0,1
1,0,0,0,1
1,0,0,0,1
1,0,0,0,1
1,0,0,0,1
2,0,0,0,2
1,0,0,0,1
1,0,0,0,1
2,0,0,0,2
1,0,0,0,1
1,0,0,0,1
1,0,0,0,1
1,0,0,0,1
2,1,0,0,3
1,0,0,0,1
1,0,0,0,1
1,0,0,0,1
1,0,0,0,1
1,0,0,0,1
5,0,0,0,5
1,0,0,0,1
2,0,0,0,2
3,10,0,0,13
1,0,0,0,1
1,0,0,0,1
1,0,0,0,1
1,0,0,0,1
1,0,0,0,1
1,0,0,0,1
2,6,0,0,8
1,0,0,0,1
1,0,0,0,1
1,0,0,0,1
1,2,0,0,3
9,1,1,0,11
1,0,0,0,1
1,0,0,0,1
14,0,0,0,14
1,0,0,0,1
1,0,0,0,1
1,0,0,0,1
4,0,0,0,4
1,0,0,0,1
1,0,0,0,1
1,0,0,0,1
1,0,0,0,1
2,0,0,0,2
3,0,0,0,3
1,0,0,0,1
2,0,0,0,2
1,0,0,0,1
1,0,0,0,1
1,0,0,0,1
2,0,0,0,2
2,0,0,0,2
1,0,0,0,1
1,0,0,0,1
1,0,0,0,1
4,0,0,0,4
1,0,0,0,1
1,0,0,0,1
1,0,0,0,1
1,0,0,0,1
1,0,0,0,1
1,0,0,0,1
1,0,0,0,1
3,0,0,0,3
1,0,0,0,1
4,0,0,0,4
1,0,0,0,1
1,0,0,0,1
2,0,0,0,2
1,0,0,0,1
1,0,0,0,1
7,0,0,0,7
1,0,0,0,1
1,0,0,0,1
1,0,0,0,1
1,0,0,0,1
4,2,0,0,6
1,0,0,0,1
1,0,0,0,1
4,0,0,0,4
2,0,0,0,2
1,0,0,0,1
1,0,0,0,1
2,0,0,0,2
1,0,0,0,1
1,0,0,0,1
1,0,0,0,1
2,0,0,0,2
1,0,0,0,1
1,0,0,0,1
1,0,0,0,1
1,0,0,0,1
1,0,0,0,1
2,0,0,0,2
1,0,0,0,1
1,0,0,0,1
1,0,0,0,1
1,0,0,0,1
1,0,0,0,1
1,0,0,0,1
1,0,0,0,1
1,0,0,0,1
3,0,0,0,3
1,0,0,0,1
2,1,1,0,4
1,0,0,0,1
1,1,0,0,2
2,0,0,0,2
1,0,0,0,1
1,0,0,0,1
1,0,0,0,1
1,12,0,0,13
4,0,0,0,4
2,0,0,0,2
7,0,0,0,7
1,0,0,0,1
1,0,0,0,1
1,0,0,0,1
1,0,0,0,1
3,0,0,0,3
1,0,0,0,1
6,0,0,0,6
1,0,0,0,1
2,0,0,0,2
1,0,0,0,1
1,0,0,0,1
1,0,0,0,1
1,0,0,0,1
1,0,0,0,1
4,0,0,0,4
1,0,0,0,1
1,0,0,0,1
1,0,0,0,1
2,0,0,0,2
1,0,0,0,1
1,0,0,0,1
3,0,0,0,3
1,2,0,0,3
2,0,0,0,2
1,0,0,0,1
1,0,0,0,1
1,0,0,0,1
1,0,0,0,1
2,0,0,0,2
2,0,0,0,2
1,0,0,0,1
1,0,0,0,1
1,0,0,0,1
2,1,0,0,3
1,0,0,0,1
1,0,0,0,1
1,0,0,0,1
1,0,0,0,1
1,0,0,0,1
1,0,0,0,1
1,0,0,0,1
1,0,0,0,1
2,0,0,0,2
1,0,0,0,1
1,0,0,0,1
1,0,0,0,1
5,0,0,0,5
2,0,0,0,2
1,0,0,0,1
2,0,0,0,2
1,0,0,0,1
1,0,0,0,1
1,0,0,0,1
1,0,0,0,1
2,1,0,0,3
1,0,0,0,1
2,1,1,0,4
2,0,0,0,2
1,0,0,0,1
1,0,0,0,1
6,0,0,0,6
2,0,0,0,2
2,0,0,0,2
2,0,0,0,2
1,0,0,0,1
1,0,0,0,1
1,0,0,0,1
1,0,0,0,1
4,0,0,0,4
5,2,0,0,7
1,0,0,0,1
1,0,0,0,1
1,0,0,0,1
1,0,0,0,1
1,0,0,0,1
7,0,0,0,7
1,0,0,0,1
1,0,0,0,1
1,0,0,0,1
1,0,0,0,1
1,0,0,0,1
1,0,0,0,1
1,0,0,0,1
1,0,0,0,1
1,0,0,0,1
1,0,0,0,1
1,0,0,0,1
1,0,0,0,1
1,0,0,0,1
1,0,0,0,1
1,0,0,0,1
1,0,0,0,1
4,4,0,0,8
1,0,0,0,1
1,2,0,0,3
1,0,0,0,1
1,0,0,0,1
1,0,0,0,1
4,0,0,0,4
6,0,0,0,6
1,0,0,0,1
1,0,0,0,1
3,0,0,0,3
2,0,0,0,2
1,0,0,0,1
2,0,0,0,2
1,0,0,0,1
2,0,0,0,2
1,0,0,0,1
1,0,0,0,1
1,0,0,0,1
1,1,0,0,2
1,0,0,0,1
1,0,0,0,1
1,4,0,0,5
1,1,0,0,2
1,0,0,0,1
2,0,0,0,2
2,0,0,0,2
2,0,0,0,2
2,0,0,0,2
4,0,0,0,4
1,0,0,0,1
1,0,0,0,1
2,0,0,0,2
1,0,0,0,1
2,0,0,0,2
4,0,0,0,4
1,0,0,0,1
6,0,0,0,6
1,0,0,0,1
1,0,0,0,1
4,0,0,0,4
5,1,0,0,6
1,0,0,0,1
2,0,0,0,2
1,0,0,0,1
1,0,0,0,1
2,0,0,0,2
1,0,0,0,1
1,0,0,0,1
1,3,0,0,4
1,0,0,0,1
1,0,0,0,1
3,0,0,0,3
1,0,0,0,1
1,0,0,0,1
1,0,0,0,1
1,0,0,0,1
1,0,0,0,1
1,0,0,0,1
1,0,0,0,1
2,0,0,0,2
1,0,0,0,1
1,0,0,0,1
4,2,1,0,7
2,0,0,0,2
3,0,0,0,3
1,0,0,0,1
5,0,0,0,5
1,0,0,0,1
1,0,0,0,1
1,0,0,0,1
1,0,0,0,1
1,0,0,0,1
3,0,0,0,3
2,0,0,0,2
1,0,0,0,1
1,0,0,0,1
1,0,0,0,1
1,0,0,0,1
1,0,0,0,1
2,0,0,0,2
1,0,0,0,1
1,0,0,0,1
1,0,0,0,1
1,0,0,0,1
4,0,0,0,4
1,0,0,0,1
1,0,0,0,1
1,0,0,0,1
1,0,0,0,1
2,0,0,0,2
1,0,0,0,1
1,0,0,0,1
1,0,0,0,1
1,0,0,0,1
1,2,0,0,3
1,0,0,0,1
3,0,0,0,3
1,0,0,0,1
1,0,0,0,1
1,0,0,0,1
1,0,0,0,1
1,0,0,0,1
1,0,0,0,1
1,0,0,0,1
3,0,0,0,3
1,0,0,0,1
1,4,0,0,5
1,0,0,0,1
2,0,0,0,2
2,0,0,0,2
1,0,0,0,1
1,0,0,0,1
1,0,0,0,1
1,0,0,0,1
1,0,0,0,1
2,0,0,0,2
1,0,0,0,1
1,0,0,0,1
1,0,0,0,1
1,0,0,0,1
5,0,0,0,5
1,0,0,0,1
1,0,0,0,1
2,0,0,0,2
1,0,0,0,1
1,0,0,0,1
1,0,0,0,1
2,0,0,0,2
2,0,0,0,2
1,0,0,0,1
1,0,0,0,1
2,0,0,0,2
1,0,0,0,1
1,0,0,0,1
6,0,0,0,6
4,0,0,0,4
4,0,0,0,4
2,0,0,0,2
2,0,0,0,2
1,0,0,0,1
1,0,0,0,1
1,0,0,0,1
1,0,0,0,1
1,0,0,0,1
1,0,0,0,1
1,0,0,0,1
1,0,0,0,1
1,0,0,0,1
3,0,0,0,3
1,0,0,0,1
4,0,0,0,4
1,0,0,0,1
2,0,0,0,2
1,0,0,0,1
1,0,0,0,1
1,0,0,0,1
4,0,0,0,4
1,0,0,0,1
3,0,0,0,3
1,0,0,0,1
2,0,0,0,2
1,0,0,0,1
1,0,0,0,1
2,0,0,0,2
1,0,0,0,1
1,0,0,0,1
1,0,0,0,1
1,0,0,0,1
3,0,0,0,3
1,0,0,0,1
2,0,0,0,2
1,0,0,0,1
1,0,0,0,1
1,0,0,0,1
1,0,0,0,1
1,6,1,0,8
1,0,0,0,1
1,4,0,0,5
1,0,0,0,1
1,0,0,0,1
1,0,0,0,1
1,0,0,0,1
1,0,0,0,1
1,0,0,0,1
1,0,0,0,1
3,0,0,0,3
1,0,0,0,1
1,0,0,0,1
1,0,0,0,1
1,0,0,0,1
1,0,0,0,1
1,0,0,0,1
1,0,0,0,1
2,0,0,0,2
2,0,0,0,2
1,0,0,0,1
2,0,0,0,2
1,0,0,0,1
1,0,0,0,1
1,0,0,0,1
1,0,0,0,1
3,7,1,0,11
1,2,0,0,3
1,0,0,0,1
1,0,0,0,1
1,0,0,0,1
1,0,0,0,1
1,0,0,0,1
4,0,0,0,4
1,0,0,0,1
1,0,0,0,1
1,0,0,0,1
1,0,0,0,1
1,0,0,0,1
1,0,0,0,1
3,0,0,0,3
1,0,0,0,1
4,0,0,0,4
1,0,0,0,1
1,0,0,0,1
1,0,0,0,1
1,0,0,0,1
1,0,0,0,1
1,0,0,0,1
4,2,1,0,7
3,0,0,0,3
2,0,0,0,2
1,0,0,0,1
1,0,0,0,1
2,0,0,0,2
1,0,0,0,1
2,0,0,0,2
1,0,0,0,1
1,0,0,0,1
3,0,0,0,3
1,0,0,0,1
1,0,0,0,1
1,0,0,0,1
1,0,0,0,1
2,0,0,0,2
1,0,0,0,1
1,0,0,0,1
1,0,0,0,1
2,0,0,0,2
1,0,0,0,1
1,0,0,0,1
1,0,0,0,1
3,0,0,0,3
2,0,0,0,2
1,0,0,0,1
1,0,0,0,1
1,0,0,0,1
3,0,0,0,3
1,0,0,0,1
1,0,0,0,1
1,0,0,0,1
6,0,0,0,6
1,0,0,0,1
1,0,0,0,1
1,0,0,0,1
2,0,0,0,2
2,1,6,0,9
1,0,0,0,1
3,0,0,0,3
1,0,0,0,1
1,0,0,0,1
1,0,0,0,1
1,0,0,0,1
1,0,0,0,1
3,0,0,0,3
1,0,0,0,1
1,0,0,0,1
1,0,0,0,1
2,0,0,0,2
2,2,0,0,4
2,0,0,0,2
2,0,0,0,2
1,0,0,0,1
1,0,0,0,1
1,0,0,0,1
1,0,0,0,1
1,0,0,0,1
1,0,0,0,1
5,0,0,0,5
3,0,0,0,3
6,0,0,0,6
1,0,0,0,1
2,0,0,0,2
1,0,0,0,1
2,0,0,0,2
1,0,0,0,1
1,0,0,0,1
1,0,0,0,1
1,0,0,0,1
1,0,0,0,1
1,0,0,0,1
1,0,0,0,1
1,0,0,0,1
1,0,0,0,1
1,0,0,0,1
1,0,0,0,1
1,0,0,0,1
1,0,0,0,1
1,0,0,0,1
1,0,0,0,1
5,0,0,0,5
1,69,0,0,70
1,0,0,0,1
1,0,0,0,1
1,0,0,0,1
1,0,0,0,1
1,0,0,0,1
1,0,0,0,1
1,0,0,0,1
1,0,0,0,1
1,0,0,0,1
1,0,0,0,1
1,0,0,0,1
1,2,0,0,3
1,0,0,0,1
2,0,0,0,2
1,2,0,0,3
3,0,0,0,3
1,1,0,0,2
1,0,0,0,1
1,0,0,0,1
2,2,0,0,4
1,0,0,0,1
1,0,0,0,1
1,0,0,0,1
1,0,0,0,1
2,0,0,0,2
7,0,0,0,7
1,0,0,0,1
5,0,0,0,5
2,0,0,0,2
1,0,0,0,1
2,0,0,0,2
1,0,0,0,1
1,0,0,0,1
1,0,0,0,1
1,0,0,0,1
1,0,0,0,1
1,0,0,0,1
1,0,0,0,1
4,0,0,0,4
1,0,0,0,1
1,0,0,0,1
1,0,0,0,1
1,0,0,0,1
1,0,0,0,1
1,0,0,0,1
2,0,0,0,2
1,0,0,0,1
1,0,0,0,1
2,0,0,0,2
1,0,0,0,1
3,0,0,0,3
1,0,0,0,1
1,0,0,0,1
1,0,0,0,1
1,0,0,0,1
2,0,0,0,2
1,0,0,0,1
1,0,0,0,1
1,0,0,0,1
1,0,0,0,1
1,0,0,0,1
1,0,0,0,1
1,0,0,0,1
1,0,0,0,1
1,0,0,0,1
1,0,0,0,1
1,0,0,0,1
1,0,0,0,1
1,0,0,0,1
1,0,0,0,1
1,0,0,0,1
1,0,0,0,1
2,0,0,0,2
1,0,0,0,1
1,0,0,0,1
2,0,1,0,3
1,0,0,0,1
1,0,0,0,1
1,0,0,0,1
1,0,0,0,1
1,0,0,0,1
1,2,1,0,4
1,0,0,0,1
6,0,0,0,6
1,0,0,0,1
1,0,0,0,1
1,0,0,0,1
1,0,0,0,1
2,0,0,0,2
1,0,0,0,1
2,0,0,0,2
1,0,0,0,1
1,0,0,0,1
1,2,0,0,3
1,0,0,0,1
1,0,0,0,1
1,0,0,0,1
2,0,0,0,2
1,0,0,0,1
1,0,0,0,1
1,10,1,0,12
2,0,0,0,2
1,0,0,0,1
1,0,0,0,1
1,0,0,0,1
1,0,0,0,1
1,0,0,0,1
1,0,0,0,1
1,0,0,0,1
1,0,0,0,1
1,0,0,0,1
1,3,0,0,4
1,0,0,0,1
1,0,0,0,1
3,0,0,0,3
1,0,0,0,1
4,0,0,0,4
1,0,0,0,1
2,0,0,0,2
2,0,0,0,2
1,0,0,0,1
1,0,0,0,1
1,0,0,0,1
1,0,0,0,1
1,0,0,0,1
1,0,0,0,1
2,0,0,0,2
2,1,0,0,3
5,9,1,0,15
1,0,0,0,1
1,0,0,0,1
1,0,0,0,1
5,0,0,0,5
3,0,0,0,3
3,0,0,0,3
1,0,0,0,1
1,0,0,0,1
1,0,0,0,1
2,0,0,0,2
1,0,0,0,1
1,0,0,0,1
2,0,0,0,2
2,0,0,0,2
2,0,0,0,2
1,0,0,0,1
1,0,0,0,1
1,0,0,0,1
5,0,0,0,5
1,0,0,0,1
1,0,0,0,1
2,0,0,0,2
1,0,0,0,1
1,0,0,0,1
2,0,0,0,2
1,0,0,0,1
1,0,0,0,1
3,0,0,0,3
1,0,0,0,1
1,0,0,0,1
1,0,0,0,1
1,0,0,0,1
1,0,0,0,1
6,2,0,0,8
1,0,0,0,1
3,0,0,0,3
1,0,0,0,1
2,0,0,0,2
3,0,0,0,3
1,0,0,0,1
1,0,0,0,1
1,0,0,0,1
1,0,0,0,1
2,0,0,0,2
1,0,0,0,1
1,0,0,0,1
1,0,0,0,1
1,0,0,0,1
1,0,0,0,1
1,0,0,0,1
1,0,0,0,1
2,0,0,0,2
2,0,0,0,2
3,0,0,0,3
1,0,0,0,1
1,0,0,0,1
1,0,0,0,1
1,0,0,0,1
7,0,0,0,7
1,0,0,0,1
1,0,0,0,1
1,0,0,0,1
1,0,0,0,1
2,0,0,0,2
2,0,0,0,2
2,0,0,0,2
1,0,0,0,1
1,0,0,0,1
1,0,0,0,1
1,0,0,0,1
1,0,0,0,1
3,0,0,0,3
9,0,0,0,9
3,0,0,0,3
1,0,0,0,1
1,0,0,0,1
1,0,0,0,1
1,0,0,0,1
3,1,1,0,5
1,0,0,0,1
1,0,0,0,1
1,0,0,0,1
1,0,0,0,1
6,0,0,0,6
1,0,0,0,1
1,0,0,0,1
5,0,0,0,5
1,0,0,0,1
1,0,0,0,1
1,0,0,0,1
7,0,0,0,7
1,0,0,0,1
11,0,0,0,11
1,0,0,0,1
2,0,0,0,2
1,0,0,0,1
7,0,0,0,7
5,44,0,0,49
1,0,0,0,1
1,0,0,0,1
1,0,0,0,1
5,0,0,0,5
1,0,0,0,1
1,0,0,0,1
1,0,0,0,1
1,0,0,0,1
2,0,0,0,2
1,0,0,0,1
3,0,0,0,3
1,0,0,0,1
2,0,0,0,2
2,0,0,0,2
1,0,0,0,1
1,0,0,0,1
1,0,0,0,1
2,0,0,0,2
1,0,0,0,1
11,0,0,0,11
1,0,0,0,1
1,0,0,0,1
1,0,0,0,1
1,0,0,0,1
1,0,0,0,1
1,0,0,0,1
1,0,0,0,1
1,0,0,0,1
1,0,0,0,1
1,0,0,0,1
3,0,0,0,3
1,0,0,0,1
6,0,0,0,6
1,0,0,0,1
5,0,0,0,5
1,0,0,0,1
1,0,0,0,1
1,0,0,0,1
1,0,0,0,1
1,0,0,0,1
2,0,0,0,2
1,0,0,0,1
1,0,0,0,1
6,0,0,0,6
1,0,0,0,1
1,0,0,0,1
3,1,0,0,4
1,0,0,0,1
2,0,0,0,2
1,0,0,0,1
1,0,0,0,1
1,0,0,0,1
1,0,0,0,1
1,0,0,0,1
1,0,0,0,1
1,0,0,0,1
2,0,0,0,2
1,0,0,0,1
2,2,0,0,4
1,0,0,0,1
1,0,0,0,1
1,0,0,0,1
1,0,0,0,1
1,0,0,0,1
4,2,0,0,6
1,0,0,0,1
4,8,3,0,15
1,0,0,0,1
1,0,0,0,1
1,0,0,0,1
1,0,0,0,1
1,0,0,0,1
3,0,0,0,3
1,0,0,0,1
1,0,0,0,1
1,0,0,0,1
1,1,0,0,2
4,0,0,0,4
2,0,0,0,2
1,0,0,0,1
2,0,0,0,2
1,0,0,0,1
1,0,0,0,1
4,2,0,0,6
1,0,0,0,1
1,0,0,0,1
1,0,0,0,1
1,0,0,0,1
1,0,0,0,1
2,0,0,0,2
1,0,0,0,1
1,0,0,0,1
1,0,0,0,1
1,0,2,0,3
1,0,0,0,1
1,0,0,0,1
4,0,0,0,4
1,0,0,0,1
1,0,0,0,1
1,0,0,0,1
1,0,0,0,1
1,0,0,0,1
1,0,0,0,1
1,0,0,0,1
1,0,0,0,1
2,0,0,0,2
1,0,0,0,1
1,0,0,0,1
1,0,0,0,1
1,0,0,0,1
2,0,0,0,2
1,0,0,0,1
1,0,0,0,1
1,0,0,0,1
1,0,0,0,1
4,12,0,0,16
1,0,0,0,1
1,0,0,0,1
2,0,0,0,2
1,0,0,0,1
1,0,0,0,1
1,0,0,0,1
2,0,0,0,2
4,0,0,0,4
1,0,0,0,1
1,0,0,0,1
4,0,0,0,4
7,0,0,0,7
1,0,0,0,1
1,0,0,0,1
1,0,0,0,1
1,0,0,0,1
1,0,0,0,1
1,0,0,0,1
1,0,0,0,1
4,0,0,0,4
20,0,0,0,20
1,0,0,0,1
1,0,0,0,1
1,0,0,0,1
1,0,0,0,1
3,0,0,0,3
1,0,0,0,1
1,0,0,0,1
4,0,0,0,4
1,0,0,0,1
3,24,0,0,27
1,0,0,0,1
2,0,0,0,2
3,0,0,0,3
2,0,0,0,2
1,0,0,0,1
2,0,0,0,2
3,0,0,0,3
1,5,0,0,6
1,0,0,0,1
4,0,0,0,4
1,0,0,0,1
1,0,0,0,1
1,0,0,0,1
1,0,0,0,1
1,0,0,0,1
1,0,0,0,1
4,0,0,0,4
1,0,0,0,1
1,0,0,0,1
2,0,0,0,2
1,0,0,0,1
1,0,0,0,1
1,0,0,0,1
1,0,0,0,1
1,0,0,0,1
1,0,0,0,1
1,0,0,0,1
2,0,0,0,2
1,0,0,0,1
1,0,0,0,1
2,0,0,0,2
6,0,0,0,6
1,0,0,0,1
1,0,0,0,1
1,0,0,0,1
1,0,0,0,1
1,0,0,0,1
1,0,0,0,1
1,0,0,0,1
5,0,0,0,5
1,0,0,0,1
1,0,0,0,1
5,1,0,0,6
1,0,0,0,1
1,0,0,0,1
1,0,0,0,1
1,0,0,0,1
1,0,0,0,1
1,0,0,0,1
1,0,0,0,1
2,0,0,0,2
2,0,0,0,2
1,0,0,0,1
2,0,0,0,2
1,0,0,0,1
2,0,0,0,2
1,0,0,0,1
2,0,0,0,2
1,0,0,0,1
1,0,0,0,1
2,0,0,0,2
1,0,0,0,1
1,0,0,0,1
1,0,0,0,1
1,0,0,0,1
1,0,0,0,1
3,0,0,0,3
1,0,0,0,1
1,0,0,0,1
1,0,0,0,1
1,0,0,0,1
1,0,0,0,1
1,0,0,0,1
1,0,0,0,1
1,0,0,0,1
1,0,0,0,1
2,0,0,0,2
2,0,0,0,2
1,0,0,0,1
1,0,0,0,1
1,0,0,0,1
1,0,0,0,1
6,0,0,0,6
3,0,0,0,3
1,0,0,0,1
1,0,0,0,1
1,0,0,0,1
1,0,0,0,1
2,1,0,0,3
1,0,0,0,1
1,0,0,0,1
1,0,0,0,1
1,0,0,0,1
1,0,0,0,1
1,0,0,0,1
1,0,0,0,1
1,0,0,0,1
1,0,0,0,1
2,0,0,0,2
1,0,0,0,1
1,0,0,0,1
1,0,0,0,1
1,0,0,0,1
1,0,0,0,1
1,0,0,0,1
1,0,0,0,1
1,0,0,0,1
5,1,0,0,6
4,0,0,0,4
1,0,0,0,1
1,0,0,0,1
3,0,0,0,3
1,0,0,0,1
1,0,0,0,1
1,0,0,0,1
1,0,0,0,1
1,0,0,0,1
1,0,0,0,1
1,0,0,0,1
1,0,0,0,1
1,0,0,0,1
1,0,0,0,1
5,0,0,0,5
1,0,0,0,1
1,0,0,0,1
2,0,0,0,2
3,0,1,0,4
3,0,0,0,3
1,0,0,0,1
1,0,0,0,1
1,0,0,0,1
2,2,0,0,4
1,0,0,0,1
4,17,0,0,21
2,0,0,0,2
2,0,0,0,2
1,0,0,0,1
1,0,0,0,1
2,0,0,0,2
4,0,0,0,4
3,0,0,0,3
1,22,1,0,24
1,0,0,0,1
1,0,0,0,1
1,1,0,0,2
1,0,0,0,1
4,0,0,0,4
4,20,1,0,25
1,0,0,0,1
1,0,0,0,1
1,0,0,0,1
3,2,0,0,5
4,0,0,0,4
2,0,0,0,2
3,0,0,0,3
1,0,0,0,1
1,0,0,0,1
1,0,0,0,1
1,0,0,0,1
1,0,0,0,1
1,4,0,0,5
2,0,0,0,2
1,0,0,0,1
2,0,0,0,2
1,0,0,0,1
1,0,0,0,1
1,0,0,0,1
4,0,0,0,4
1,0,0,0,1
1,0,0,0,1
1,0,0,0,1
1,0,0,0,1
1,0,0,0,1
2,0,0,0,2
1,0,0,0,1
1,0,0,0,1
1,0,0,0,1
3,0,0,0,3
1,0,0,0,1
3,1,0,0,4
1,0,0,0,1
2,0,0,0,2
1,0,0,0,1
1,0,0,0,1
1,0,0,0,1
1,0,0,0,1
1,0,0,0,1
1,0,0,0,1
1,0,0,0,1
2,0,0,0,2
1,0,0,0,1
1,0,0,0,1
1,0,0,0,1
1,0,0,0,1
1,0,0,0,1
2,0,0,0,2
1,0,0,0,1
1,0,0,0,1
1,0,0,0,1
1,0,0,0,1
2,0,0,0,2
1,0,0,0,1
1,0,0,0,1
1,0,0,0,1
1,0,0,0,1
1,0,0,0,1
1,0,0,0,1
1,4,0,0,5
2,0,0,0,2
1,0,0,0,1
7,4,2,0,13
1,0,0,0,1
1,0,0,0,1
1,0,0,0,1
1,0,0,0,1
7,0,0,0,7
1,0,0,0,1
1,0,0,0,1
1,0,0,0,1
1,0,0,0,1
1,0,0,0,1
2,0,0,0,2
1,0,0,0,1
1,0,0,0,1
2,0,0,0,2
2,0,0,0,2
4,0,0,0,4
1,0,0,0,1
1,0,0,0,1
1,0,0,0,1
1,0,0,0,1
1,0,0,0,1
1,0,0,0,1
1,0,0,0,1
1,0,1,0,2
2,0,0,0,2
1,19,3,0,23
1,0,0,0,1
1,0,0,0,1
3,0,0,0,3
1,0,0,0,1
3,0,0,0,3
1,0,0,0,1
1,0,0,0,1
1,0,0,0,1
2,0,0,0,2
1,0,0,0,1
1,0,0,0,1
2,0,0,0,2
1,0,0,0,1
1,0,0,0,1
1,0,0,0,1
1,0,0,0,1
1,0,0,0,1
1,0,0,0,1
1,0,0,0,1
1,0,0,0,1
1,0,0,0,1
1,0,0,0,1
1,0,0,0,1
1,0,0,0,1
1,0,0,0,1
4,0,0,0,4
2,0,0,0,2
2,0,0,0,2
1,0,0,0,1
1,0,0,0,1
2,0,0,0,2
7,57,1,0,65
2,0,0,0,2
3,0,0,0,3
1,0,0,0,1
1,0,0,0,1
1,0,0,0,1
1,0,0,0,1
3,0,0,0,3
1,0,0,0,1
1,0,0,0,1
1,0,0,0,1
1,0,0,0,1
1,0,0,0,1
4,0,0,0,4
4,0,0,0,4
2,0,0,0,2
1,0,0,0,1
1,0,0,0,1
1,0,0,0,1
1,0,0,0,1
1,0,0,0,1
1,0,0,0,1
2,0,0,0,2
1,0,0,0,1
3,0,0,0,3
4,3,0,0,7
1,0,0,0,1
1,0,0,0,1
1,0,0,0,1
1,9,0,0,10
1,0,0,0,1
1,0,0,0,1
1,0,0,0,1
1,0,0,0,1
1,0,0,0,1
2,0,0,0,2
2,0,0,0,2
1,0,0,0,1
1,0,0,0,1
1,0,0,0,1
2,0,0,0,2
1,0,0,0,1
2,0,0,0,2
4,0,0,0,4
1,0,0,0,1
1,0,0,0,1
1,0,0,0,1
1,0,0,0,1
2,6,0,0,8
2,0,0,0,2
1,0,0,0,1
1,0,0,0,1
1,0,0,0,1
1,0,0,0,1
1,0,0,0,1
1,0,0,0,1
1,0,0,0,1
1,0,0,0,1
1,0,0,0,1
1,0,0,0,1
1,0,0,0,1
1,0,0,0,1
3,0,0,0,3
1,0,0,0,1
2,0,0,0,2
4,0,0,0,4
1,3,0,0,4
1,0,0,0,1
1,0,0,0,1
2,0,0,0,2
1,0,0,0,1
2,0,0,0,2
1,0,0,0,1
2,0,0,0,2
1,0,0,0,1
1,0,0,0,1
1,0,0,0,1
1,0,0,0,1
2,0,0,0,2
2,0,0,0,2
1,0,0,0,1
1,0,0,0,1
1,0,0,0,1
4,0,0,0,4
1,0,0,0,1
1,0,0,0,1
4,0,0,0,4
1,0,0,0,1
1,1,1,0,3
1,0,0,0,1
1,0,0,0,1
1,0,0,0,1
2,8,4,0,14
1,0,0,0,1
1,0,0,0,1
1,0,0,0,1
7,0,0,0,7
1,0,0,0,1
1,0,0,0,1
1,0,0,0,1
1,0,0,0,1
1,0,0,0,1
1,0,0,0,1
2,0,0,0,2
1,0,0,0,1
1,0,0,0,1
1,0,0,0,1
1,0,0,0,1
1,0,0,0,1
1,0,0,0,1
2,0,0,0,2
2,0,0,0,2
1,0,0,0,1
1,0,0,0,1
3,0,0,0,3
1,0,0,0,1
1,0,0,0,1
1,0,0,0,1
1,0,0,0,1
1,0,0,0,1
3,0,0,0,3
1,0,0,0,1
1,0,0,0,1
1,0,0,0,1
2,0,0,0,2
1,0,0,0,1
1,0,0,0,1
2,0,0,0,2
1,0,0,0,1
3,0,0,0,3
2,0,0,0,2
3,0,0,0,3
1,0,0,0,1
1,0,0,0,1
1,0,0,0,1
1,0,0,0,1
3,0,0,0,3
1,2,0,0,3
2,0,0,0,2
4,0,0,0,4
1,0,0,0,1
2,0,0,0,2
1,0,0,0,1
1,0,0,0,1
1,0,0,0,1
1,0,0,0,1
1,0,0,0,1
1,0,0,0,1
2,0,0,0,2
1,0,0,0,1
1,0,0,0,1
2,0,0,0,2
2,0,0,0,2
1,0,0,0,1
5,0,0,0,5
1,0,0,0,1
1,0,0,0,1
1,0,0,0,1
1,0,0,0,1
1,0,0,0,1
1,0,0,0,1
1,0,0,0,1
1,0,0,0,1
1,0,0,0,1
1,0,0,0,1
1,0,0,0,1
1,0,0,0,1
1,0,0,0,1
1,0,0,0,1
1,0,0,0,1
1,0,0,0,1
1,0,0,0,1
7,0,0,0,7
1,0,0,0,1
1,0,0,0,1
1,0,0,0,1
2,0,0,0,2
1,0,0,0,1
1,0,0,0,1
1,0,0,0,1
3,0,0,0,3
4,0,0,0,4
1,0,0,0,1
1,0,0,0,1
1,0,0,0,1
1,0,0,0,1
1,0,0,0,1
1,0,0,0,1
1,0,0,0,1
8,3,1,0,12
2,0,0,0,2
1,0,0,0,1
1,0,0,0,1
1,0,0,0,1
1,0,0,0,1
8,0,0,0,8
1,0,0,0,1
1,0,0,0,1
1,0,0,0,1
1,0,0,0,1
1,0,0,0,1
3,0,0,0,3
1,0,0,0,1
1,0,0,0,1
1,0,0,0,1
1,0,0,0,1
1,0,0,0,1
1,1,0,0,2
1,0,0,0,1
1,0,0,0,1
2,0,0,0,2
1,0,0,0,1
1,0,0,0,1
1,0,0,0,1
1,0,0,0,1
4,1,1,0,6
2,0,0,0,2
3,0,0,0,3
1,32,0,0,33
1,0,0,0,1
3,0,0,0,3
1,0,0,0,1
1,0,0,0,1
1,0,0,0,1
3,0,0,0,3
1,0,0,0,1
1,0,0,0,1
1,0,0,0,1
1,0,0,0,1
1,0,0,0,1
1,0,0,0,1
1,0,0,0,1
3,0,0,0,3
2,0,0,0,2
2,0,0,0,2
3,2,0,0,5
1,0,0,0,1
5,0,0,0,5
1,0,0,0,1
1,0,0,0,1
2,0,0,0,2
1,0,0,0,1
3,0,0,0,3
1,0,0,0,1
1,0,0,0,1
1,0,0,0,1
1,0,0,0,1
2,0,0,0,2
1,0,0,0,1
1,0,0,0,1
3,0,0,0,3
1,0,0,0,1
1,0,0,0,1
3,0,0,0,3
1,0,0,0,1
2,0,0,0,2
1,0,0,0,1
1,0,0,0,1
1,0,0,0,1
1,0,0,0,1
1,0,0,0,1
3,0,0,0,3
1,0,0,0,1
1,0,0,0,1
1,0,0,0,1
2,0,0,0,2
1,0,0,0,1
1,0,0,0,1
2,0,0,0,2
2,0,0,0,2
2,0,0,0,2
1,0,0,0,1
3,0,0,0,3
1,0,0,0,1
1,0,0,0,1
1,0,0,0,1
1,0,0,0,1
4,0,0,0,4
9,0,0,0,9
1,0,0,0,1
1,0,0,0,1
1,0,0,0,1
1,0,0,0,1
1,0,0,0,1
2,0,0,0,2
1,0,0,0,1
2,0,0,0,2
1,0,0,0,1
1,0,0,0,1
1,0,0,0,1
1,0,0,0,1
1,0,0,0,1
3,0,0,0,3
2,0,0,0,2
2,0,0,0,2
3,0,0,0,3
1,0,0,0,1
1,0,0,0,1
1,0,0,0,1
3,0,0,0,3
2,0,0,0,2
4,0,0,0,4
1,0,0,0,1
1,0,0,0,1
1,0,0,0,1
1,0,0,0,1
1,0,0,0,1
1,0,0,0,1
1,0,0,0,1
1,0,0,0,1
1,0,0,0,1
1,0,0,0,1
1,0,0,0,1
1,0,0,0,1
1,0,0,0,1
1,0,0,0,1
4,1,1,0,6
1,0,0,0,1
1,0,0,0,1
1,0,0,0,1
1,0,0,0,1
3,0,0,0,3
1,0,0,0,1
1,0,0,0,1
2,0,0,0,2
3,0,0,0,3
1,0,0,0,1
1,0,0,0,1
1,0,0,0,1
1,0,0,0,1
1,0,0,0,1
1,1,0,0,2
2,0,0,0,2
1,0,0,0,1
1,0,0,0,1
2,0,0,0,2
2,0,0,0,2
1,0,0,0,1
1,0,0,0,1
2,0,0,0,2
1,0,0,0,1
1,0,0,0,1
1,0,0,0,1
1,0,0,0,1
2,0,0,0,2
1,0,0,0,1
2,0,0,0,2
1,0,0,0,1
1,0,0,0,1
1,0,0,0,1
1,0,0,0,1
1,0,0,0,1
1,0,0,0,1
1,0,0,0,1
3,0,1,0,4
2,0,0,0,2
1,0,0,0,1
1,0,0,0,1
3,0,0,0,3
4,0,0,0,4
3,2,0,0,5
3,0,1,0,4
3,0,0,0,3
1,0,0,0,1
1,0,0,0,1
2,0,0,0,2
3,0,0,0,3
1,0,0,0,1
1,0,0,0,1
1,0,0,0,1
1,0,0,0,1
2,0,0,0,2
1,0,0,0,1
1,0,0,0,1
3,0,0,0,3
1,0,0,0,1
1,0,0,0,1
3,0,0,0,3
1,0,0,0,1
4,0,0,0,4
2,12,0,0,14
6,3,0,0,9
2,0,0,0,2
1,0,0,0,1
2,0,0,0,2
2,0,0,0,2
1,0,0,0,1
1,0,0,0,1
2,0,0,0,2
2,0,0,0,2
2,0,0,0,2
1,0,0,0,1
1,0,0,0,1
1,0,0,0,1
1,0,0,0,1
1,0,0,0,1
1,0,0,0,1
1,0,0,0,1
1,0,0,0,1
1,0,0,0,1
2,0,0,0,2
1,0,0,0,1
1,0,0,0,1
1,0,0,0,1
1,0,0,0,1
1,0,0,0,1
1,0,0,0,1
1,0,0,0,1
1,0,0,0,1
1,0,0,0,1
1,8,0,0,9
1,0,0,0,1
1,0,0,0,1
2,0,0,0,2
2,0,0,0,2
2,1,0,0,3
2,0,0,0,2
1,0,0,0,1
1,0,0,0,1
1,0,0,0,1
1,0,0,0,1
1,0,0,0,1
2,0,0,0,2
1,0,0,0,1
2,0,0,0,2
1,0,0,0,1
1,0,0,0,1
3,0,0,0,3
2,0,0,0,2
1,0,0,0,1
2,0,0,0,2
1,0,0,0,1
1,0,0,0,1
2,0,0,0,2
3,0,0,0,3
2,0,0,0,2
1,0,0,0,1
1,0,0,0,1
1,0,0,0,1
3,0,0,0,3
1,0,0,0,1
2,1,1,0,4
2,0,0,0,2
1,0,0,0,1
1,0,0,0,1
1,0,0,0,1
1,0,0,0,1
2,0,0,0,2
1,0,0,0,1
1,0,0,0,1
1,0,0,0,1
2,0,0,0,2
1,0,0,0,1
1,0,0,0,1
4,0,0,0,4
1,0,0,0,1
1,0,0,0,1
1,0,0,0,1
1,0,0,0,1
1,0,0,0,1
2,0,0,0,2
2,0,0,0,2
1,0,0,0,1
1,0,0,0,1
1,0,0,0,1
10,0,0,0,10
1,0,0,0,1
1,0,0,0,1
1,0,0,0,1
1,0,0,0,1
1,0,0,0,1
2,0,0,0,2
2,0,0,0,2
1,0,0,0,1
2,0,0,0,2
1,0,0,0,1
1,0,0,0,1
1,0,0,0,1
1,0,0,0,1
1,0,0,0,1
1,0,0,0,1
1,0,0,0,1
1,0,0,0,1
1,0,0,0,1
5,0,0,0,5
1,0,0,0,1
1,0,0,0,1
3,0,0,0,3
1,0,0,0,1
1,0,0,0,1
3,0,0,0,3
2,0,0,0,2
1,0,0,0,1
1,0,0,0,1
2,0,0,0,2
1,0,0,0,1
1,0,0,0,1
2,0,0,0,2
1,0,0,0,1
1,0,0,0,1
2,0,0,0,2
1,0,0,0,1
2,0,0,0,2
1,0,0,0,1
1,0,0,0,1
1,62,0,0,63
1,0,0,0,1
1,0,0,0,1
2,0,0,0,2
1,0,0,0,1
1,0,0,0,1
1,0,0,0,1
1,0,0,0,1
3,0,0,0,3
1,0,0,0,1
1,0,0,0,1
1,0,0,0,1
2,4,0,0,6
3,0,0,0,3
1,0,0,0,1
1,0,0,0,1
1,0,0,0,1
2,0,0,0,2
2,0,0,0,2
2,0,0,0,2
1,8,0,0,9
1,0,0,0,1
1,0,0,0,1
6,0,0,0,6
2,0,0,0,2
4,1,0,0,5
1,0,0,0,1
1,6,0,0,7
1,0,0,0,1
1,0,0,0,1
1,0,0,0,1
1,0,0,0,1
2,20,0,0,22
1,0,0,0,1
1,0,0,0,1
1,0,0,0,1
1,0,0,0,1
1,0,0,0,1
1,0,0,0,1
2,0,0,0,2
2,0,0,0,2
4,0,0,0,4
1,0,0,0,1
1,0,0,0,1
1,0,0,0,1
2,0,0,0,2
2,0,0,0,2
1,0,0,0,1
1,0,0,0,1
1,0,0,0,1
1,0,0,0,1
2,0,0,0,2
1,0,0,0,1
1,0,0,0,1
4,0,0,0,4
2,0,0,0,2
1,0,0,0,1
2,0,0,0,2
1,0,0,0,1
3,0,0,0,3
6,56,0,0,62
1,0,0,0,1
1,0,0,0,1
3,0,0,0,3
1,0,0,0,1
1,0,0,0,1
1,0,0,0,1
1,0,0,0,1
1,0,0,0,1
1,0,0,0,1
1,0,0,0,1
1,0,0,0,1
1,0,0,0,1
2,0,0,0,2
2,0,0,0,2
4,7,0,0,11
1,0,0,0,1
1,0,0,0,1
1,0,0,0,1
1,0,0,0,1
1,0,0,0,1
1,0,0,0,1
1,0,0,0,1
1,0,0,0,1
3,0,0,0,3
1,0,0,0,1
1,0,0,0,1
4,0,0,0,4
1,0,0,0,1
1,0,0,0,1
1,0,0,0,1
2,0,0,0,2
1,0,0,0,1
1,0,0,0,1
3,0,0,0,3
2,0,0,0,2
1,0,0,0,1
3,0,0,0,3
4,11,0,0,15
4,2,0,0,6
1,0,0,0,1
1,0,0,0,1
1,0,0,0,1
1,0,0,0,1
1,0,0,0,1
1,0,0,0,1
1,0,0,0,1
3,0,0,0,3
1,0,0,0,1
1,0,0,0,1
1,0,0,0,1
1,0,0,0,1
1,0,0,0,1
1,0,0,0,1
1,0,0,0,1
1,0,0,0,1
1,0,0,0,1
1,0,0,0,1
1,0,0,0,1
2,0,0,0,2
1,0,0,0,1
1,0,0,0,1
1,0,0,0,1
1,0,0,0,1
2,0,0,0,2
1,0,0,0,1
3,0,0,0,3
2,0,0,0,2
1,0,0,0,1
1,0,0,0,1
1,0,0,0,1
1,0,0,0,1
3,0,0,0,3
2,0,0,0,2
1,0,0,0,1
1,0,0,0,1
3,0,0,0,3
1,0,0,0,1
1,0,0,0,1
1,0,0,0,1
1,0,0,0,1
1,0,0,0,1
2,0,0,0,2
1,0,0,0,1
1,0,0,0,1
1,5,0,0,6
3,0,0,0,3
2,0,0,0,2
1,0,0,0,1
2,0,0,0,2
3,0,0,0,3
1,0,0,0,1
4,0,0,0,4
1,0,0,0,1
1,0,0,0,1
1,0,0,0,1
1,0,0,0,1
1,0,0,0,1
1,0,0,0,1
1,0,0,0,1
1,0,0,0,1
9,19,0,0,28
1,0,0,0,1
2,0,0,0,2
1,0,0,0,1
1,0,0,0,1
1,0,0,0,1
1,0,0,0,1
2,0,0,0,2
1,0,0,0,1
1,0,0,0,1
1,0,0,0,1
2,0,0,0,2
1,0,0,0,1
1,0,0,0,1
2,0,0,0,2
1,0,0,0,1
1,0,0,0,1
2,0,0,0,2
1,0,0,0,1
1,0,0,0,1
1,0,0,0,1
3,0,0,0,3
1,0,0,0,1
1,0,0,0,1
1,0,0,0,1
1,0,0,0,1
2,0,0,0,2
1,0,0,0,1
1,0,0,0,1
1,0,0,0,1
1,0,0,0,1
1,0,0,0,1
1,0,0,0,1
1,0,0,0,1
1,0,0,0,1
11,1,0,0,12
1,0,0,0,1
3,0,0,0,3
1,0,0,0,1
1,0,0,0,1
2,10,0,0,12
1,0,0,0,1
1,0,0,0,1
2,0,0,0,2
2,1,1,0,4
3,0,0,0,3
1,0,0,0,1
2,7,0,0,9
1,1,0,0,2
1,0,0,0,1
1,0,0,0,1
1,0,0,0,1
1,0,0,0,1
1,0,0,0,1
1,0,0,0,1
1,0,0,0,1
1,0,0,0,1
3,13,0,0,16
1,0,0,0,1
1,0,0,0,1
2,0,0,0,2
1,0,0,0,1
1,0,0,0,1
1,0,0,0,1
3,0,0,0,3
1,0,0,0,1
1,0,0,0,1
1,0,0,0,1
1,0,0,0,1
1,0,0,0,1
1,0,0,0,1
2,1,0,0,3
2,0,0,0,2
1,0,0,0,1
1,0,0,0,1
1,0,0,0,1
1,0,0,0,1
1,0,0,0,1
3,0,0,0,3
2,0,0,0,2
1,0,0,0,1
3,4,1,0,8
2,0,0,0,2
2,0,0,0,2
2,0,0,0,2
1,0,0,0,1
1,0,0,0,1
1,0,0,0,1
2,0,0,0,2
1,0,0,0,1
2,0,0,0,2
1,0,0,0,1
1,0,0,0,1
1,0,0,0,1
1,0,0,0,1
1,0,0,0,1
1,0,0,0,1
1,0,0,0,1
1,0,0,0,1
1,0,0,0,1
1,0,0,0,1
1,0,0,0,1
1,0,0,0,1
1,0,0,0,1
1,0,0,0,1
1,0,0,0,1
3,9,0,0,12
1,0,0,0,1
1,0,0,0,1
1,1,0,0,2
1,0,0,0,1
2,0,0,0,2
1,0,0,0,1
1,0,0,0,1
2,0,0,0,2
2,0,0,0,2
2,0,0,0,2
1,0,0,0,1
1,0,0,0,1
1,0,0,0,1
2,0,0,0,2
1,0,0,0,1
1,0,0,0,1
5,0,0,0,5
1,0,0,0,1
1,0,0,0,1
1,0,0,0,1
1,0,0,0,1
1,0,0,0,1
1,0,0,0,1
4,0,0,0,4
2,2,0,0,4
1,0,0,0,1
1,0,0,0,1
1,0,0,0,1
1,0,0,0,1
1,0,0,0,1
1,0,0,0,1
1,0,0,0,1
1,0,0,0,1
1,0,0,0,1
1,0,0,0,1
1,0,0,0,1
2,0,0,0,2
2,0,0,0,2
6,6,0,0,12
2,0,0,0,2
2,0,0,0,2
1,1,0,0,2
2,0,0,0,2
2,0,0,0,2
1,0,0,0,1
1,0,0,0,1
1,0,0,0,1
4,0,0,0,4
1,0,0,0,1
1,0,0,0,1
1,0,0,0,1
2,0,0,0,2
1,0,0,0,1
1,0,0,0,1
1,0,0,0,1
2,4,0,0,6
2,0,0,0,2
1,0,0,0,1
3,0,0,0,3
4,0,0,0,4
1,0,0,0,1
4,0,0,0,4
1,0,0,0,1
1,6,13,0,20
1,0,0,0,1
2,13,0,0,15
1,0,0,0,1
1,0,0,0,1
1,35,0,0,36
1,0,0,0,1
1,0,0,0,1
1,0,0,0,1
1,0,0,0,1
1,0,0,0,1
1,0,0,0,1
2,0,0,0,2
1,0,0,0,1
1,0,0,0,1
2,0,0,0,2
1,0,0,0,1
1,0,0,0,1
1,0,0,0,1
1,0,0,0,1
1,0,0,0,1
1,0,0,0,1
1,0,0,0,1
1,0,0,0,1
1,0,0,0,1
1,0,0,0,1
2,0,0,0,2
4,0,0,0,4
4,0,0,0,4
1,0,0,0,1
1,0,0,0,1
2,0,0,0,2
1,0,0,0,1
1,0,0,0,1
1,0,0,0,1
1,0,0,0,1
1,0,0,0,1
2,0,0,0,2
1,0,0,0,1
1,0,0,0,1
1,0,0,0,1
1,0,0,0,1
1,0,0,0,1
2,0,0,0,2
3,1,0,0,4
1,0,0,0,1
1,0,0,0,1
1,0,0,0,1
1,0,0,0,1
1,0,0,0,1
1,0,0,0,1
2,0,0,0,2
1,0,0,0,1
1,0,0,0,1
1,0,0,0,1
1,0,0,0,1
1,0,0,0,1
2,2,0,0,4
3,0,0,0,3
4,0,0,0,4
1,0,0,0,1
4,0,0,0,4
1,0,0,0,1
2,14,0,0,16
1,0,0,0,1
2,0,0,0,2
1,0,0,0,1
1,0,0,0,1
3,0,0,0,3
1,0,0,0,1
1,0,0,0,1
1,0,0,0,1
2,0,0,0,2
1,0,0,0,1
1,0,0,0,1
1,0,0,0,1
1,0,0,0,1
3,0,0,0,3
1,0,0,0,1
2,0,0,0,2
3,0,0,0,3
1,0,0,0,1
1,0,0,0,1
3,2,0,0,5
2,0,0,0,2
6,0,0,0,6
4,0,0,0,4
1,0,0,0,1
1,0,0,0,1
1,0,0,0,1
1,0,0,0,1
1,4,7,0,12
2,0,0,0,2
2,0,0,0,2
3,0,0,0,3
1,0,0,0,1
1,0,0,0,1
1,0,0,0,1
1,0,0,0,1
1,0,0,0,1
2,0,0,0,2
1,0,0,0,1
1,0,0,0,1
1,0,0,0,1
1,0,0,0,1
3,0,0,0,3
1,0,0,0,1
1,0,0,0,1
1,0,0,0,1
1,0,0,0,1
1,0,0,0,1
1,0,0,0,1
2,0,0,0,2
1,0,0,0,1
1,0,0,0,1
1,0,0,0,1
1,0,0,0,1
1,0,0,0,1
1,0,0,0,1
1,0,0,0,1
1,0,0,0,1
6,0,0,0,6
1,0,0,0,1
2,0,0,0,2
4,0,0,0,4
2,0,0,0,2
1,1,0,0,2
1,0,0,0,1
1,0,0,0,1
2,0,0,0,2
1,0,0,0,1
1,0,0,0,1
2,1,0,0,3
1,0,0,0,1
1,0,0,0,1
1,0,0,0,1
1,0,0,0,1
1,0,0,0,1
1,0,0,0,1
2,0,0,0,2
1,0,0,0,1
4,0,0,0,4
2,0,0,0,2
1,0,0,0,1
1,0,0,0,1
1,0,0,0,1
2,0,0,0,2
2,0,0,0,2
1,0,0,0,1
2,0,0,0,2
2,0,0,0,2
1,0,0,0,1
1,0,0,0,1
2,0,0,0,2
1,0,0,0,1
2,0,0,0,2
1,0,0,0,1
1,0,0,0,1
1,0,0,0,1
1,0,0,0,1
1,0,0,0,1
1,0,0,0,1
1,0,0,0,1
1,0,0,0,1
1,0,0,0,1
4,0,0,0,4
1,0,0,0,1
1,0,0,0,1
1,0,0,0,1
1,0,0,0,1
1,0,0,0,1
2,0,0,0,2
2,0,0,0,2
1,0,0,0,1
1,0,0,0,1
1,0,0,0,1
2,0,0,0,2
3,0,0,0,3
1,0,0,0,1
1,0,0,0,1
1,0,1,0,2
7,8,0,0,15
1,0,0,0,1
6,0,0,0,6
1,0,0,0,1
1,0,0,0,1
1,0,0,0,1
2,0,0,0,2
1,0,0,0,1
1,0,0,0,1
1,0,0,0,1
1,0,0,0,1
1,0,0,0,1
1,0,0,0,1
1,0,0,0,1
2,0,0,0,2
1,0,0,0,1
1,0,0,0,1
1,0,0,0,1
1,0,0,0,1
1,0,0,0,1
2,2,0,0,4
1,0,0,0,1
1,0,0,0,1
1,0,0,0,1
1,0,0,0,1
1,0,0,0,1
1,0,0,0,1
1,0,0,0,1
5,0,0,0,5
2,0,0,0,2
1,0,0,0,1
1,0,0,0,1
1,0,0,0,1
2,0,0,0,2
1,0,0,0,1
2,0,0,0,2
1,0,0,0,1
1,0,0,0,1
2,0,0,0,2
1,0,0,0,1
1,0,0,0,1
1,0,0,0,1
1,0,0,0,1
1,0,0,0,1
1,0,0,0,1
1,0,0,0,1
1,0,0,0,1
1,0,0,0,1
1,0,0,0,1
1,0,0,0,1
1,0,0,0,1
1,0,0,0,1
2,0,0,0,2
2,0,0,0,2
2,0,0,0,2
2,0,0,0,2
1,0,0,0,1
1,0,0,0,1
5,0,0,0,5
1,0,0,0,1
1,0,0,0,1
1,0,0,0,1
1,0,0,0,1
1,0,0,0,1
1,0,0,0,1
1,0,0,0,1
1,0,0,0,1
1,0,0,0,1
1,0,0,0,1
1,0,0,0,1
1,0,0,0,1
6,0,0,0,6
1,0,0,0,1
1,0,0,0,1
1,0,0,0,1
1,0,0,0,1
1,0,0,0,1
1,0,0,0,1
3,0,0,0,3
2,0,0,0,2
1,0,0,0,1
3,0,0,0,3
1,0,0,0,1
1,0,0,0,1
1,0,0,0,1
1,0,0,0,1
1,0,0,0,1
3,0,0,0,3
1,0,0,0,1
1,0,0,0,1
1,0,0,0,1
1,0,0,0,1
1,0,0,0,1
1,1,0,0,2
1,0,0,0,1
1,0,0,0,1
1,0,0,0,1
1,0,0,0,1
7,0,0,0,7
1,0,0,0,1
1,0,0,0,1
2,0,0,0,2
1,0,0,0,1
1,0,0,0,1
3,0,0,0,3
1,0,0,0,1
1,0,0,0,1
1,0,0,0,1
3,0,0,0,3
1,0,0,0,1
1,0,0,0,1
1,9,0,0,10
7,0,0,0,7
1,0,0,0,1
3,0,0,0,3
1,0,0,0,1
1,0,0,0,1
1,0,0,0,1
1,0,0,0,1
2,0,0,0,2
1,0,0,0,1
2,0,0,0,2
1,0,0,0,1
1,0,0,0,1
1,0,0,0,1
3,0,0,0,3
1,0,0,0,1
1,0,0,0,1
1,0,0,0,1
1,0,0,0,1
1,0,0,0,1
1,0,0,0,1
1,0,0,0,1
3,1,1,0,5
1,0,0,0,1
5,0,0,0,5
2,0,0,0,2
1,0,0,0,1
2,0,0,0,2
1,0,0,0,1
2,0,0,0,2
1,0,0,0,1
1,0,0,0,1
2,0,0,0,2
1,0,0,0,1
1,0,0,0,1
1,0,0,0,1
3,0,0,0,3
1,0,0,0,1
1,0,0,0,1
1,0,0,0,1
1,0,0,0,1
1,0,0,0,1
3,0,0,0,3
1,0,0,0,1
2,0,0,0,2
1,0,0,0,1
1,0,0,0,1
1,0,0,0,1
1,0,0,0,1
1,0,0,0,1
1,0,0,0,1
1,0,0,0,1
1,0,0,0,1
3,5,0,0,8
1,0,0,0,1
1,0,0,0,1
1,0,0,0,1
1,0,0,0,1
1,0,0,0,1
3,0,0,0,3
1,0,0,0,1
2,0,0,0,2
1,0,0,0,1
1,0,0,0,1
2,0,0,0,2
1,0,0,0,1
1,0,0,0,1
1,0,0,0,1
1,0,0,0,1
1,0,0,0,1
1,0,0,0,1
1,0,0,0,1
1,0,0,0,1
1,0,0,0,1
1,0,0,0,1
1,0,0,0,1
1,0,0,0,1
2,0,0,0,2
4,1,2,0,7
3,0,0,0,3
1,0,0,0,1
1,0,0,0,1
2,0,0,0,2
1,0,0,0,1
1,0,0,0,1
1,0,0,0,1
1,0,0,0,1
1,0,0,0,1
2,0,0,0,2
2,0,0,0,2
2,0,0,0,2
1,0,0,0,1
2,1,0,0,3
1,0,0,0,1
1,0,0,0,1
2,0,0,0,2
1,0,0,0,1
1,2,0,0,3
1,0,0,0,1
1,0,0,0,1
1,0,0,0,1
1,0,0,0,1
3,0,0,0,3
1,0,0,0,1
1,0,0,0,1
1,0,0,0,1
1,0,0,0,1
1,0,0,0,1
1,0,0,0,1
1,0,0,0,1
1,0,0,0,1
1,0,0,0,1
1,0,0,0,1
4,0,0,0,4
1,0,0,0,1
1,0,0,0,1
1,0,0,0,1
3,0,0,0,3
1,0,0,0,1
3,0,0,0,3
2,0,0,0,2
1,0,0,0,1
1,0,0,0,1
1,0,0,0,1
1,0,0,0,1
1,0,0,0,1
1,0,0,0,1
1,0,0,0,1
1,0,0,0,1
1,0,0,0,1
1,0,0,0,1
1,0,0,0,1
3,0,0,0,3
2,0,0,0,2
1,0,0,0,1
1,0,0,0,1
1,0,1,0,2
2,0,0,0,2
1,0,0,0,1
1,0,0,0,1
1,0,0,0,1
1,0,0,0,1
1,0,0,0,1
1,0,0,0,1
1,0,0,0,1
1,0,0,0,1
1,0,0,0,1
1,0,0,0,1
1,0,0,0,1
1,0,0,0,1
1,0,0,0,1
1,0,0,0,1
1,0,0,0,1
1,0,0,0,1
1,0,0,0,1
1,0,0,0,1
1,0,0,0,1
1,0,0,0,1
1,0,0,0,1
1,0,0,0,1
1,0,0,0,1
1,0,0,0,1
2,0,0,0,2
2,0,0,0,2
1,0,0,0,1
2,0,0,0,2
2,0,0,0,2
1,0,0,0,1
1,0,0,0,1
1,0,0,0,1
1,0,0,0,1
2,0,0,0,2
3,0,0,0,3
1,0,0,0,1
2,0,0,0,2
9,1,1,0,11
2,0,0,0,2
1,0,0,0,1
3,0,0,0,3
3,0,0,0,3
1,0,0,0,1
1,0,0,0,1
2,0,0,0,2
7,0,0,0,7
2,0,0,0,2
3,0,0,0,3
1,0,0,0,1
1,0,0,0,1
1,0,0,0,1
3,0,0,0,3
1,0,0,0,1
1,3,0,0,4
1,0,0,0,1
5,0,0,0,5
1,0,0,0,1
2,0,0,0,2
1,0,0,0,1
6,5,0,0,11
2,0,0,0,2
1,0,0,0,1
1,0,0,0,1
1,0,0,0,1
1,0,0,0,1
1,0,0,0,1
1,0,0,0,1
4,0,0,0,4
3,0,0,0,3
1,0,0,0,1
1,0,0,0,1
1,0,0,0,1
2,0,0,0,2
1,0,0,0,1
1,0,0,0,1
1,0,0,0,1
2,0,0,0,2
1,0,0,0,1
3,0,0,0,3
1,0,0,0,1
1,0,0,0,1
2,0,0,0,2
1,0,0,0,1
1,0,0,0,1
4,0,0,0,4
1,0,0,0,1
1,0,0,0,1
2,0,0,0,2
1,0,0,0,1
6,0,0,0,6
1,0,0,0,1
4,0,0,0,4
7,0,0,0,7
1,0,0,0,1
1,0,0,0,1
2,0,0,0,2
2,0,0,0,2
5,0,0,0,5
1,0,0,0,1
4,0,0,0,4
6,0,0,0,6
1,0,0,0,1
3,4,0,0,7
1,0,0,0,1
1,0,0,0,1
1,0,0,0,1
1,0,0,0,1
1,0,0,0,1
1,0,0,0,1
1,0,0,0,1
2,0,0,0,2
2,0,0,0,2
2,0,0,0,2
2,0,0,0,2
1,0,0,0,1
1,0,0,0,1
1,0,0,0,1
1,0,0,0,1
1,0,0,0,1
2,0,0,0,2
1,0,0,0,1
2,2,0,0,4
2,19,0,0,21
3,0,0,0,3
1,1,0,0,2
1,0,0,0,1
2,0,0,0,2
1,0,0,0,1
1,0,0,0,1
1,0,0,0,1
1,0,0,0,1
1,0,0,0,1
3,0,0,0,3
1,0,0,0,1
1,0,0,0,1
1,0,0,0,1
1,0,0,0,1
1,0,0,0,1
1,2,0,0,3
1,0,0,0,1
2,0,0,0,2
1,0,0,0,1
1,0,0,0,1
2,0,0,0,2
1,0,0,0,1
1,0,0,0,1
4,0,0,0,4
4,0,0,0,4
2,0,0,0,2
1,0,0,0,1
1,1,0,0,2
12,0,0,0,12
1,0,0,0,1
3,0,0,0,3
1,0,0,0,1
1,0,0,0,1
1,0,0,0,1
2,0,0,0,2
3,0,0,0,3
6,2,0,0,8
1,1,0,0,2
2,0,0,0,2
1,0,0,0,1
2,0,0,0,2
1,0,0,0,1
1,0,0,0,1
1,0,0,0,1
2,0,0,0,2
1,0,0,0,1
1,0,0,0,1
3,0,0,0,3
1,0,0,0,1
2,0,0,0,2
2,8,1,0,11
2,0,0,0,2
1,0,0,0,1
2,0,0,0,2
1,0,0,0,1
1,0,0,0,1
1,0,0,0,1
2,0,0,0,2
2,0,0,0,2
4,0,0,0,4
1,0,0,0,1
3,0,0,0,3
5,0,0,0,5
1,0,0,0,1
1,0,0,0,1
1,0,1,0,2
1,0,0,0,1
1,0,0,0,1
1,0,0,0,1
5,0,0,0,5
1,0,0,0,1
3,0,0,0,3
1,0,0,0,1
1,0,0,0,1
3,0,0,0,3
1,0,0,0,1
1,0,0,0,1
2,0,0,0,2
1,0,0,0,1
2,0,0,0,2
1,0,0,0,1
1,0,0,0,1
1,0,0,0,1
1,0,0,0,1
1,0,0,0,1
1,0,0,0,1
2,0,0,0,2
1,0,0,0,1
1,0,0,0,1
1,0,0,0,1
1,0,0,0,1
1,0,0,0,1
1,0,0,0,1
1,0,0,0,1
1,0,0,0,1
1,0,0,0,1
1,0,0,0,1
2,0,0,0,2
1,0,0,0,1
1,0,0,0,1
2,0,0,0,2
1,0,0,0,1
1,0,0,0,1
1,0,0,0,1
2,0,0,0,2
2,0,0,0,2
1,0,0,0,1
7,3,0,0,10
6,0,0,0,6
1,0,0,0,1
1,0,0,0,1
1,0,0,0,1
1,0,0,0,1
2,0,0,0,2
1,0,0,0,1
1,0,0,0,1
1,0,0,0,1
1,0,0,0,1
3,0,0,0,3
1,0,0,0,1
1,0,0,0,1
1,0,0,0,1
1,0,0,0,1
1,0,0,0,1
1,0,0,0,1
1,0,0,0,1
1,0,0,0,1
2,0,0,0,2
2,0,0,0,2
2,0,0,0,2
1,0,0,0,1
1,0,0,0,1
1,0,0,0,1
7,4,0,0,11
4,0,0,0,4
4,0,0,0,4
1,0,0,0,1
2,0,0,0,2
2,0,0,0,2
1,0,0,0,1
2,0,0,0,2
1,0,0,0,1
1,0,0,0,1
1,0,0,0,1
1,0,0,0,1
1,0,0,0,1
1,0,0,0,1
1,0,0,0,1
1,0,0,0,1
1,0,0,0,1
2,0,0,0,2
1,0,0,0,1
1,0,0,0,1
1,0,0,0,1
5,0,0,0,5
1,3,0,0,4
1,0,0,0,1
1,0,0,0,1
2,0,0,0,2
1,0,0,0,1
1,0,0,0,1
2,0,0,0,2
2,0,0,0,2
1,0,0,0,1
1,0,0,0,1
3,0,0,0,3
1,0,0,0,1
1,0,0,0,1
1,0,0,0,1
1,0,0,0,1
1,0,0,0,1
1,0,0,0,1
11,0,0,0,11
2,0,0,0,2
2,0,0,0,2
1,0,0,0,1
1,0,0,0,1
1,0,0,0,1
1,0,0,0,1
2,0,0,0,2
3,0,0,0,3
3,0,0,0,3
1,0,0,0,1
1,0,0,0,1
1,0,0,0,1
2,0,0,0,2
3,0,0,0,3
2,3,0,0,5
1,4,0,0,5
1,0,0,0,1
2,0,0,0,2
1,0,0,0,1
2,0,0,0,2
1,0,0,0,1
1,0,0,0,1
4,0,0,0,4
1,0,0,0,1
1,0,0,0,1
1,0,0,0,1
1,0,0,0,1
7,0,0,0,7
1,0,0,0,1
1,0,0,0,1
1,0,0,0,1
1,0,0,0,1
7,0,0,0,7
1,0,0,0,1
2,0,0,0,2
1,0,0,0,1
2,0,0,0,2
1,0,0,0,1
2,0,0,0,2
1,0,0,0,1
1,0,0,0,1
4,0,0,0,4
1,0,0,0,1
1,0,0,0,1
1,0,0,0,1
1,0,0,0,1
1,0,0,0,1
1,0,0,0,1
1,0,0,0,1
5,0,0,0,5
1,0,0,0,1
1,0,0,0,1
2,0,0,0,2
1,0,0,0,1
1,0,0,0,1
1,0,0,0,1
1,0,0,0,1
1,0,0,0,1
1,0,0,0,1
2,0,0,0,2
6,0,0,0,6
3,0,0,0,3
1,0,0,0,1
1,0,0,0,1
1,0,0,0,1
2,0,0,0,2
2,0,0,0,2
1,0,0,0,1
1,0,0,0,1
1,0,0,0,1
1,0,0,0,1
1,0,0,0,1
1,0,0,0,1
5,0,0,0,5
9,3,0,0,12
3,0,0,0,3
2,0,0,0,2
3,0,0,0,3
1,0,0,0,1
1,0,0,0,1
1,0,0,0,1
1,0,0,0,1
1,0,0,0,1
5,0,0,0,5
1,0,0,0,1
4,0,0,0,4
1,0,0,0,1
1,0,0,0,1
1,0,0,0,1
1,0,0,0,1
1,0,0,0,1
1,0,0,0,1
1,0,0,0,1
1,0,0,0,1
1,0,0,0,1
1,0,0,0,1
1,0,0,0,1
5,0,0,0,5
1,0,0,0,1
1,0,0,0,1
1,0,0,0,1
1,0,0,0,1
1,0,0,0,1
1,0,0,0,1
1,0,0,0,1
1,0,0,0,1
1,0,0,0,1
1,0,0,0,1
2,0,0,0,2
3,0,0,0,3
1,0,0,0,1
3,26,1,0,30
1,0,0,0,1
1,0,0,0,1
1,0,0,0,1
1,0,0,0,1
1,0,0,0,1
2,0,0,0,2
1,0,0,0,1
2,0,0,0,2
2,0,0,0,2
1,0,0,0,1
3,2,0,0,5
1,0,0,0,1
1,0,0,0,1
3,0,0,0,3
1,0,0,0,1
1,0,0,0,1
1,0,0,0,1
1,0,0,0,1
2,0,0,0,2
1,0,0,0,1
1,0,0,0,1
1,0,0,0,1
1,0,0,0,1
2,0,0,0,2
1,0,0,0,1
2,0,0,0,2
1,0,0,0,1
3,0,0,0,3
1,0,0,0,1
1,0,0,0,1
4,3,0,0,7
1,0,0,0,1
9,3,0,0,12
2,0,0,0,2
2,0,0,0,2
1,0,0,0,1
1,0,0,0,1
1,0,0,0,1
1,0,0,0,1
1,2,0,0,3
1,0,0,0,1
2,0,0,0,2
2,0,0,0,2
1,0,0,0,1
1,0,0,0,1
1,0,0,0,1
3,0,1,0,4
3,0,0,0,3
3,0,0,0,3
1,0,0,0,1
2,0,0,0,2
1,0,0,0,1
1,0,0,0,1
1,0,0,0,1
1,0,0,0,1
14,0,0,0,14
1,1,0,0,2
1,0,0,0,1
1,0,0,0,1
2,0,0,0,2
1,0,0,0,1
1,0,0,0,1
2,0,0,0,2
1,2,0,0,3
1,0,0,0,1
1,0,0,0,1
1,0,0,0,1
10,0,0,0,10
1,0,0,0,1
1,0,0,0,1
1,0,0,0,1
2,0,0,0,2
1,0,0,0,1
4,0,0,0,4
1,0,0,0,1
3,0,0,0,3
1,0,0,0,1
1,0,0,0,1
2,0,0,0,2
1,0,0,0,1
1,0,0,0,1
1,0,0,0,1
1,0,0,0,1
1,0,0,0,1
1,0,0,0,1
1,0,0,0,1
1,0,0,0,1
1,0,0,0,1
1,0,0,0,1
1,0,0,0,1
5,0,0,0,5
1,0,0,0,1
1,0,0,0,1
2,0,0,0,2
1,0,0,0,1
1,0,0,0,1
3,0,0,0,3
2,0,0,0,2
4,1,1,0,6
1,0,0,0,1
1,0,0,0,1
2,0,0,0,2
1,0,0,0,1
1,0,0,0,1
1,0,0,0,1
1,0,0,0,1
1,0,0,0,1
6,1,0,0,7
1,0,0,0,1
1,0,0,0,1
1,0,0,0,1
1,2,0,0,3
3,6,0,0,9
1,0,0,0,1
3,0,0,0,3
2,0,0,0,2
1,0,0,0,1
1,0,0,0,1
1,0,0,0,1
1,0,0,0,1
1,0,0,0,1
1,0,0,0,1
1,0,0,0,1
1,0,0,0,1
1,0,0,0,1
3,0,0,0,3
3,0,0,0,3
1,0,0,0,1
5,0,0,0,5
1,0,0,0,1
1,0,0,0,1
1,0,0,0,1
1,0,0,0,1
1,0,0,0,1
1,0,0,0,1
1,0,0,0,1
1,0,0,0,1
3,0,0,0,3
2,0,0,0,2
1,0,0,0,1
1,0,1,0,2
1,0,0,0,1
1,0,0,0,1
1,0,0,0,1
1,0,0,0,1
6,0,0,0,6
2,0,1,0,3
1,0,0,0,1
1,0,0,0,1
4,0,0,0,4
1,0,0,0,1
1,0,0,0,1
1,0,0,0,1
1,0,0,0,1
1,0,0,0,1
1,0,0,0,1
1,0,0,0,1
1,0,0,0,1
1,0,0,0,1
1,0,0,0,1
3,0,0,0,3
2,0,0,0,2
1,0,0,0,1
1,0,0,0,1
3,0,0,0,3
3,0,0,0,3
2,0,0,0,2
1,0,0,0,1
2,0,0,0,2
5,0,0,0,5
2,0,0,0,2
1,0,0,0,1
2,0,0,0,2
2,0,0,0,2
1,0,0,0,1
1,0,0,0,1
1,0,0,0,1
2,0,0,0,2
1,0,0,0,1
2,0,0,0,2
1,0,0,0,1
1,0,0,0,1
1,0,0,0,1
1,0,0,0,1
1,0,0,0,1
1,0,0,0,1
2,0,0,0,2
1,0,0,0,1
3,2,0,0,5
3,0,0,0,3
1,0,0,0,1
1,0,0,0,1
1,0,0,0,1
1,0,0,0,1
1,0,0,0,1
1,0,0,0,1
1,0,0,0,1
1,24,0,0,25
1,0,0,0,1
3,0,0,0,3
1,0,0,0,1
1,0,0,0,1
2,0,0,0,2
1,0,0,0,1
1,0,0,0,1
1,2,0,0,3
1,0,0,0,1
1,1,0,0,2
1,0,0,0,1
1,0,0,0,1
1,0,0,0,1
1,0,0,0,1
1,0,0,0,1
1,0,0,0,1
1,0,0,0,1
1,0,0,0,1
1,0,0,0,1
1,0,0,0,1
1,0,0,0,1
1,1,0,0,2
2,35,0,0,37
2,0,0,0,2
1,0,0,0,1
1,0,0,0,1
4,0,0,0,4
5,0,0,0,5
2,1,0,0,3
1,0,0,0,1
1,0,0,0,1
1,0,0,0,1
2,0,0,0,2
5,0,0,0,5
6,0,0,0,6
1,0,0,0,1
1,0,0,0,1
2,0,0,0,2
1,0,0,0,1
1,0,0,0,1
1,0,0,0,1
7,3,1,0,11
2,0,0,0,2
1,0,0,0,1
1,0,0,0,1
2,0,0,0,2
7,0,0,0,7
6,0,0,0,6
3,0,0,0,3
1,0,0,0,1
1,0,0,0,1
5,0,0,0,5
1,0,0,0,1
2,0,0,0,2
2,0,0,0,2
1,0,0,0,1
1,0,0,0,1
1,0,0,0,1
1,0,0,0,1
1,0,0,0,1
1,0,0,0,1
1,0,0,0,1
3,0,0,0,3
1,0,0,0,1
1,0,0,0,1
1,0,0,0,1
4,0,0,0,4
1,0,0,0,1
1,0,0,0,1
1,0,0,0,1
2,0,0,0,2
5,0,0,0,5
1,0,0,0,1
2,2,0,0,4
1,0,0,0,1
3,0,0,0,3
1,0,0,0,1
1,0,0,0,1
1,0,0,0,1
1,0,0,0,1
1,0,0,0,1
1,0,0,0,1
1,0,0,0,1
2,0,0,0,2
1,0,0,0,1
1,0,0,0,1
1,0,0,0,1
1,0,0,0,1
1,0,0,0,1
1,0,0,0,1
2,0,0,0,2
2,0,0,0,2
1,0,0,0,1
2,0,0,0,2
1,0,0,0,1
1,0,0,0,1
1,0,0,0,1
2,0,0,0,2
1,0,0,0,1
1,1,0,0,2
1,0,0,0,1
6,0,0,0,6
1,0,0,0,1
1,0,0,0,1
2,0,0,0,2
1,0,0,0,1
1,0,0,0,1
1,0,0,0,1
1,0,0,0,1
4,0,0,0,4
1,4,0,0,5
1,0,0,0,1
1,0,0,0,1
1,0,0,0,1
1,1,0,0,2
1,0,0,0,1
1,0,0,0,1
1,0,0,0,1
1,0,0,0,1
4,0,0,0,4
1,0,0,0,1
1,0,0,0,1
1,0,0,0,1
1,0,0,0,1
1,0,0,0,1
2,0,0,0,2
1,0,0,0,1
3,0,0,0,3
4,0,0,0,4
3,0,0,0,3
1,0,0,0,1
1,0,0,0,1
1,0,0,0,1
1,0,0,0,1
1,0,0,0,1
1,0,0,0,1
2,0,0,0,2
1,0,0,0,1
4,0,0,0,4
1,0,0,0,1
1,0,0,0,1
1,0,0,0,1
1,0,0,0,1
1,0,0,0,1
1,0,0,0,1
1,0,0,0,1
2,0,0,0,2
1,0,0,0,1
1,0,0,0,1
1,0,0,0,1
1,0,0,0,1
1,0,0,0,1
1,0,0,0,1
1,0,0,0,1
4,21,0,0,25
1,0,0,0,1
1,4,0,0,5
1,0,0,0,1
1,0,0,0,1
2,0,0,0,2
8,0,0,0,8
2,0,0,0,2
1,0,0,0,1
3,0,0,0,3
1,1,0,0,2
1,0,0,0,1
1,0,0,0,1
1,0,0,0,1
1,0,0,0,1
1,0,0,0,1
7,0,0,0,7
2,0,0,0,2
2,0,0,0,2
1,0,0,0,1
1,0,0,0,1
1,0,0,0,1
8,0,0,0,8
1,0,0,0,1
1,0,0,0,1
2,0,0,0,2
2,7,0,0,9
1,0,0,0,1
2,0,0,0,2
2,0,0,0,2
5,1,1,0,7
1,0,0,0,1
1,0,0,0,1
1,0,0,0,1
2,0,0,0,2
1,0,0,0,1
1,0,0,0,1
1,0,0,0,1
1,0,0,0,1
2,0,0,0,2
2,0,0,0,2
1,0,0,0,1
1,0,0,0,1
1,0,0,0,1
1,0,0,0,1
1,0,0,0,1
1,0,0,0,1
1,0,0,0,1
4,0,0,0,4
1,0,0,0,1
1,0,0,0,1
1,0,0,0,1
1,0,0,0,1
1,0,0,0,1
1,0,0,0,1
8,3,1,0,12
2,0,0,0,2
1,0,0,0,1
1,0,0,0,1
1,0,0,0,1
1,0,0,0,1
1,2,0,0,3
7,0,0,0,7
1,0,0,0,1
1,0,0,0,1
1,0,0,0,1
1,0,0,0,1
10,0,0,0,10
1,0,0,0,1
3,0,0,0,3
2,0,0,0,2
1,0,0,0,1
1,0,0,0,1
1,0,0,0,1
4,0,0,0,4
1,0,0,0,1
1,0,0,0,1
1,0,0,0,1
1,0,0,0,1
2,0,0,0,2
1,0,0,0,1
1,0,0,0,1
1,0,0,0,1
7,1,1,0,9
1,0,0,0,1
1,0,0,0,1
2,0,0,0,2
2,0,0,0,2
1,0,0,0,1
1,0,0,0,1
1,0,0,0,1
2,0,0,0,2
2,0,0,0,2
1,0,0,0,1
1,0,0,0,1
2,0,0,0,2
1,0,0,0,1
3,0,0,0,3
1,0,0,0,1
2,0,0,0,2
1,0,0,0,1
6,0,0,0,6
1,0,0,0,1
2,0,0,0,2
1,0,0,0,1
1,0,0,0,1
2,0,0,0,2
1,0,0,0,1
1,0,0,0,1
5,0,0,0,5
1,0,0,0,1
3,0,0,0,3
1,0,0,0,1
1,0,0,0,1
3,14,0,0,17
3,8,0,0,11
2,0,0,0,2
1,0,0,0,1
2,0,0,0,2
1,0,0,0,1
1,0,0,0,1
1,0,0,0,1
1,0,0,0,1
7,0,0,0,7
1,0,0,0,1
11,0,0,0,11
1,0,0,0,1
3,0,0,0,3
1,0,0,0,1
1,2,0,0,3
2,0,0,0,2
1,0,0,0,1
1,0,0,0,1
2,0,0,0,2
4,0,0,0,4
2,0,0,0,2
1,0,0,0,1
1,0,0,0,1
1,0,0,0,1
1,0,0,0,1
2,0,0,0,2
1,0,0,0,1
2,0,0,0,2
1,0,0,0,1
1,0,0,0,1
2,2,0,0,4
6,0,0,0,6
1,0,0,0,1
2,0,0,0,2
2,0,0,0,2
1,0,0,0,1
1,2,0,0,3
1,0,0,0,1
1,0,0,0,1
1,0,0,0,1
1,0,0,0,1
1,0,0,0,1
1,0,0,0,1
1,0,0,0,1
1,0,0,0,1
1,0,0,0,1
1,0,0,0,1
1,0,0,0,1
3,1,1,0,5
1,0,0,0,1
1,0,0,0,1
1,0,0,0,1
1,0,0,0,1
2,0,0,0,2
1,0,0,0,1
3,0,0,0,3
2,0,0,0,2
4,0,0,0,4
1,0,0,0,1
1,0,0,0,1
1,0,0,0,1
1,0,0,0,1
1,0,0,0,1
1,0,0,0,1
2,0,0,0,2
1,0,0,0,1
1,0,0,0,1
1,0,0,0,1
1,0,0,0,1
1,0,0,0,1
1,0,0,0,1
1,0,0,0,1
1,0,0,0,1
1,2,1,0,4
1,0,0,0,1
2,0,0,0,2
1,0,0,0,1
1,3,0,0,4
7,0,0,0,7
4,0,0,0,4
1,0,0,0,1
2,16,0,0,18
1,0,0,0,1
1,1,0,0,2
1,0,0,0,1
1,0,0,0,1
3,0,0,0,3
2,3,0,0,5
1,0,0,0,1
1,0,0,0,1
1,0,0,0,1
1,0,0,0,1
1,0,0,0,1
1,0,0,0,1
1,0,0,0,1
1,0,0,0,1
1,0,0,0,1
2,0,0,0,2
1,0,0,0,1
1,0,0,0,1
1,0,0,0,1
1,0,0,0,1
2,0,0,0,2
1,0,0,0,1
1,0,0,0,1
4,1,1,0,6
4,0,0,0,4
1,0,0,0,1
1,0,0,0,1
1,0,0,0,1
1,0,0,0,1
1,0,0,0,1
1,0,0,0,1
1,0,0,0,1
1,0,0,0,1
1,0,0,0,1
1,0,0,0,1
1,0,0,0,1
1,0,0,0,1
1,0,0,0,1
1,0,0,0,1
1,0,0,0,1
6,0,0,0,6
2,0,0,0,2
1,0,0,0,1
5,0,0,0,5
2,0,0,0,2
1,0,0,0,1
1,0,0,0,1
2,0,0,0,2
1,3,0,0,4
1,0,0,0,1
6,0,0,0,6
3,0,0,0,3
1,0,0,0,1
1,0,0,0,1
2,0,0,0,2
1,0,0,0,1
1,0,0,0,1
1,0,0,0,1
8,0,0,0,8
1,0,0,0,1
1,0,0,0,1
1,0,0,0,1
2,0,0,0,2
2,0,0,0,2
3,0,0,0,3
2,0,0,0,2
1,0,0,0,1
1,0,0,0,1
1,0,0,0,1
2,0,0,0,2
15,0,0,0,15
1,0,0,0,1
1,0,0,0,1
1,0,0,0,1
1,0,0,0,1
3,0,0,0,3
1,0,0,0,1
1,0,0,0,1
1,0,0,0,1
1,0,0,0,1
1,0,0,0,1
1,0,0,0,1
1,0,0,0,1
2,0,0,0,2
1,0,0,0,1
2,0,0,0,2
1,0,0,0,1
1,0,0,0,1
1,0,0,0,1
1,0,0,0,1
1,0,0,0,1
1,0,0,0,1
2,0,0,0,2
2,0,0,0,2
1,0,0,0,1
2,0,0,0,2
1,0,0,0,1
1,0,0,0,1
1,0,0,0,1
1,0,0,0,1
1,0,0,0,1
1,0,0,0,1
1,0,0,0,1
1,0,0,0,1
2,0,0,0,2
1,0,0,0,1
1,0,0,0,1
2,1,1,0,4
3,0,0,0,3
1,0,0,0,1
1,0,0,0,1
1,0,0,0,1
2,0,0,0,2
1,0,0,0,1
1,2,0,0,3
2,0,0,0,2
2,0,0,0,2
1,0,0,0,1
1,0,0,0,1
1,0,0,0,1
3,0,0,0,3
1,0,0,0,1
1,0,0,0,1
1,0,0,0,1
1,0,0,0,1
5,0,0,0,5
2,0,0,0,2
1,0,0,0,1
1,0,0,0,1
1,0,0,0,1
4,0,0,0,4
1,0,0,0,1
1,2,0,0,3
1,0,0,0,1
1,0,0,0,1
1,0,0,0,1
3,0,0,0,3
1,0,0,0,1
7,3,0,0,10
3,0,0,0,3
1,0,0,0,1
1,0,0,0,1
1,0,0,0,1
1,0,0,0,1
1,0,0,0,1
1,0,0,0,1
1,0,0,0,1
1,0,0,0,1
5,0,0,0,5
1,0,0,0,1
1,0,0,0,1
1,0,0,0,1
2,0,0,0,2
1,0,0,0,1
1,0,0,0,1
1,0,0,0,1
1,0,0,0,1
1,0,0,0,1
1,0,0,0,1
1,0,0,0,1
8,2,0,0,10
1,0,0,0,1
1,0,0,0,1
1,0,0,0,1
1,0,0,0,1
1,0,0,0,1
3,0,0,0,3
1,0,0,0,1
3,0,0,0,3
1,0,0,0,1
1,0,0,0,1
1,0,0,0,1
1,0,0,0,1
1,0,0,0,1
1,0,0,0,1
1,0,0,0,1
1,2,0,0,3
1,0,0,0,1
4,0,0,0,4
1,0,0,0,1
1,0,0,0,1
1,0,0,0,1
4,0,0,0,4
1,0,0,0,1
1,0,0,0,1
1,0,0,0,1
4,0,0,0,4
1,0,0,0,1
2,0,0,0,2
9,0,0,0,9
2,1,1,0,4
2,0,0,0,2
1,0,0,0,1
1,0,0,0,1
2,0,0,0,2
1,0,0,0,1
2,0,0,0,2
2,0,0,0,2
2,0,0,0,2
1,0,0,0,1
1,0,0,0,1
1,0,0,0,1
1,0,0,0,1
1,0,0,0,1
1,0,0,0,1
2,0,0,0,2
2,0,0,0,2
2,0,0,0,2
1,0,0,0,1
1,0,0,0,1
1,0,0,0,1
1,0,0,0,1
2,0,0,0,2
3,0,0,0,3
2,0,0,0,2
1,0,0,0,1
1,0,0,0,1
1,0,0,0,1
1,0,0,0,1
2,1,0,0,3
1,0,0,0,1
1,0,0,0,1
2,0,0,0,2
2,0,0,0,2
1,0,0,0,1
2,0,0,0,2
2,0,0,0,2
1,0,0,0,1
1,0,0,0,1
1,0,0,0,1
1,1,0,0,2
1,0,0,0,1
2,0,0,0,2
1,0,0,0,1
1,0,0,0,1
1,0,0,0,1
1,0,0,0,1
3,0,0,0,3
1,0,0,0,1
1,0,0,0,1
1,0,0,0,1
2,0,0,0,2
1,0,0,0,1
2,0,0,0,2
1,0,0,0,1
2,0,0,0,2
1,0,0,0,1
1,0,0,0,1
1,4,0,0,5
1,4,0,0,5
1,0,0,0,1
8,0,0,0,8
1,0,0,0,1
2,0,0,0,2
1,0,0,0,1
3,4,0,0,7
1,2,0,0,3
1,0,0,0,1
1,0,0,0,1
4,0,0,0,4
6,0,0,0,6
1,0,0,0,1
1,0,0,0,1
1,0,0,0,1
1,0,0,0,1
2,0,0,0,2
1,2,0,0,3
1,0,0,0,1
1,0,0,0,1
1,0,0,0,1
1,0,0,0,1
3,0,0,0,3
1,0,0,0,1
2,0,0,0,2
1,0,0,0,1
1,0,0,0,1
1,0,0,0,1
1,0,0,0,1
1,0,0,0,1
1,0,0,0,1
1,0,0,0,1
1,0,0,0,1
1,0,0,0,1
1,0,0,0,1
1,0,0,0,1
3,0,0,0,3
3,3,0,0,6
1,0,0,0,1
1,0,0,0,1
1,0,0,0,1
1,0,0,0,1
1,0,0,0,1
1,0,0,0,1
1,0,0,0,1
1,0,0,0,1
1,0,0,0,1
1,0,0,0,1
1,0,0,0,1
1,0,0,0,1
1,0,0,0,1
5,0,0,0,5
3,0,0,0,3
1,0,0,0,1
1,0,0,0,1
1,0,0,0,1
1,0,0,0,1
5,0,0,0,5
3,2,0,0,5
1,0,0,0,1
1,0,0,0,1
7,1,0,0,8
1,0,0,0,1
2,0,0,0,2
1,0,0,0,1
1,0,0,0,1
1,0,0,0,1
1,0,0,0,1
1,0,0,0,1
1,0,0,0,1
1,0,0,0,1
1,0,0,0,1
1,0,0,0,1
6,0,0,0,6
1,0,0,0,1
1,0,0,0,1
1,0,0,0,1
1,0,0,0,1
1,0,0,0,1
1,0,0,0,1
2,0,0,0,2
6,0,0,0,6
1,0,0,0,1
1,0,0,0,1
4,0,0,0,4
2,0,0,0,2
1,0,0,0,1
1,0,0,0,1
1,0,0,0,1
1,0,0,0,1
1,0,0,0,1
1,0,0,0,1
2,0,0,0,2
1,0,0,0,1
4,0,0,0,4
1,0,0,0,1
1,0,0,0,1
1,0,0,0,1
1,0,0,0,1
1,0,0,0,1
1,0,0,0,1
1,0,0,0,1
1,0,0,0,1
1,0,0,0,1
1,0,0,0,1
1,0,0,0,1
3,0,0,0,3
1,0,0,0,1
2,0,0,0,2
1,0,0,0,1
1,0,0,0,1
2,0,0,0,2
1,0,0,0,1
2,0,0,0,2
2,0,0,0,2
1,0,0,0,1
1,0,0,0,1
1,0,0,0,1
1,0,0,0,1
1,0,0,0,1
2,0,0,0,2
1,0,0,0,1
1,0,0,0,1
2,2,0,0,4
2,0,0,0,2
1,0,0,0,1
1,0,0,0,1
1,0,0,0,1
1,0,0,0,1
1,0,0,0,1
1,0,0,0,1
1,0,0,0,1
1,0,0,0,1
1,0,0,0,1
1,0,0,0,1
1,0,0,0,1
1,0,0,0,1
1,0,0,0,1
3,0,0,0,3
4,0,0,0,4
1,0,0,0,1
1,0,0,0,1
1,0,0,0,1
1,0,0,0,1
1,0,0,0,1
1,0,0,0,1
2,0,0,0,2
1,0,0,0,1
1,0,0,0,1
1,0,0,0,1
1,0,0,0,1
1,0,0,0,1
1,0,0,0,1
1,0,0,0,1
1,0,0,0,1
3,0,0,0,3
2,0,0,0,2
2,0,0,0,2
2,0,0,0,2
1,0,0,0,1
2,0,0,0,2
1,0,0,0,1
1,0,0,0,1
1,0,0,0,1
1,0,0,0,1
2,0,0,0,2
1,0,0,0,1
1,0,0,0,1
1,0,0,0,1
2,0,0,0,2
1,0,0,0,1
1,0,0,0,1
1,0,0,0,1
1,0,0,0,1
1,0,0,0,1
6,0,0,0,6
1,0,0,0,1
1,0,0,0,1
1,0,0,0,1
1,0,0,0,1
10,0,0,0,10
1,0,0,0,1
1,0,0,0,1
1,0,0,0,1
3,0,0,0,3
3,0,0,0,3
1,0,0,0,1
1,0,0,0,1
4,0,0,0,4
3,0,0,0,3
1,0,0,0,1
1,0,0,0,1
1,0,0,0,1
5,0,0,0,5
1,0,0,0,1
2,0,0,0,2
3,0,0,0,3
1,0,0,0,1
1,0,0,0,1
3,6,0,0,9
2,0,0,0,2
1,0,0,0,1
1,0,0,0,1
1,0,0,0,1
1,0,0,0,1
3,0,0,0,3
1,0,0,0,1
3,0,0,0,3
1,0,0,0,1
1,0,0,0,1
1,0,0,0,1
1,0,0,0,1
1,0,0,0,1
1,0,0,0,1
1,0,0,0,1
3,4,1,0,8
3,0,0,0,3
1,3,1,0,5
1,0,0,0,1
5,0,0,0,5
2,0,0,0,2
1,0,0,0,1
1,0,0,0,1
1,0,0,0,1
1,0,0,0,1
1,0,0,0,1
1,0,0,0,1
1,0,0,0,1
1,0,0,0,1
2,0,0,0,2
3,0,0,0,3
1,0,0,0,1
5,0,0,0,5
4,0,0,0,4
1,0,0,0,1
7,0,0,0,7
1,0,0,0,1
1,0,0,0,1
1,0,0,0,1
1,0,0,0,1
1,0,0,0,1
1,0,0,0,1
1,0,0,0,1
1,0,0,0,1
3,0,0,0,3
1,0,0,0,1
1,0,0,0,1
1,0,0,0,1
1,0,0,0,1
3,0,0,0,3
1,0,0,0,1
5,0,0,0,5
4,0,0,0,4
1,0,0,0,1
2,0,0,0,2
2,0,0,0,2
1,0,0,0,1
2,0,0,0,2
1,0,0,0,1
2,0,0,0,2
2,0,0,0,2
1,0,0,0,1
1,0,0,0,1
1,0,0,0,1
2,0,0,0,2
3,0,0,0,3
1,0,0,0,1
1,0,0,0,1
1,0,0,0,1
1,0,0,0,1
1,0,0,0,1
1,0,0,0,1
1,0,0,0,1
1,0,0,0,1
9,0,0,0,9
2,0,0,0,2
5,0,0,0,5
1,0,0,0,1
1,0,0,0,1
1,0,0,0,1
1,0,0,0,1
2,0,0,0,2
6,0,0,0,6
1,0,0,0,1
1,0,0,0,1
2,0,0,0,2
6,0,0,0,6
1,0,0,0,1
1,0,0,0,1
1,0,0,0,1
1,0,0,0,1
1,0,0,0,1
1,0,0,0,1
1,0,0,0,1
1,0,0,0,1
1,0,0,0,1
1,0,0,0,1
2,0,0,0,2
1,0,0,0,1
2,0,0,0,2
2,2,0,0,4
2,0,0,0,2
1,0,0,0,1
2,0,0,0,2
1,0,0,0,1
1,0,0,0,1
1,0,0,0,1
2,0,0,0,2
1,0,0,0,1
1,0,0,0,1
2,0,0,0,2
1,0,0,0,1
1,0,0,0,1
1,0,0,0,1
1,0,0,0,1
3,0,0,0,3
1,0,0,0,1
3,0,0,0,3
1,0,0,0,1
1,0,0,0,1
1,0,0,0,1
2,0,0,0,2
3,0,0,0,3
2,0,0,0,2
1,0,0,0,1
1,0,0,0,1
1,0,0,0,1
1,2,0,0,3
1,0,0,0,1
2,0,0,0,2
2,0,0,0,2
2,0,0,0,2
1,0,0,0,1
1,0,0,0,1
1,0,0,0,1
2,0,0,0,2
1,0,0,0,1
2,0,0,0,2
2,0,0,0,2
2,0,0,0,2
1,0,0,0,1
3,0,0,0,3
2,0,0,0,2
1,0,0,0,1
1,0,0,0,1
1,0,0,0,1
1,0,0,0,1
1,0,0,0,1
3,1,0,0,4
1,0,0,0,1
1,0,0,0,1
1,0,0,0,1
2,0,0,0,2
2,0,0,0,2
1,0,0,0,1
1,0,0,0,1
1,0,0,0,1
1,0,0,0,1
1,0,0,0,1
1,0,0,0,1
2,0,0,0,2
1,0,0,0,1
3,30,0,0,33
1,0,0,0,1
1,0,0,0,1
1,0,0,0,1
1,0,0,0,1
2,0,0,0,2
1,0,0,0,1
2,0,0,0,2
2,0,0,0,2
1,0,0,0,1
1,0,0,0,1
1,0,0,0,1
1,0,0,0,1
1,0,0,0,1
1,0,0,0,1
1,0,0,0,1
1,0,0,0,1
2,0,0,0,2
5,0,0,0,5
2,0,0,0,2
1,0,0,0,1
1,0,0,0,1
1,0,0,0,1
1,0,0,0,1
1,0,0,0,1
1,0,0,0,1
1,0,0,0,1
1,0,0,0,1
2,0,0,0,2
2,0,0,0,2
1,0,0,0,1
1,0,0,0,1
1,3,0,0,4
1,0,0,0,1
2,0,0,0,2
2,0,0,0,2
2,0,0,0,2
1,4,1,0,6
1,0,0,0,1
2,0,0,0,2
1,0,0,0,1
1,0,0,0,1
1,0,0,0,1
2,0,0,0,2
1,0,0,0,1
3,0,0,0,3
1,0,0,0,1
1,0,0,0,1
1,0,0,0,1
1,0,0,0,1
1,0,0,0,1
1,0,0,0,1
1,0,0,0,1
1,0,0,0,1
2,0,0,0,2
1,0,0,0,1
1,0,0,0,1
1,0,0,0,1
1,0,0,0,1
3,0,0,0,3
1,0,0,0,1
1,0,0,0,1
1,0,0,0,1
1,0,0,0,1
2,0,0,0,2
1,1,0,0,2
1,0,0,0,1
1,0,0,0,1
1,0,0,0,1
1,0,0,0,1
1,0,0,0,1
1,0,0,0,1
1,0,0,0,1
1,0,0,0,1
1,0,0,0,1
6,0,0,0,6
1,0,0,0,1
1,0,0,0,1
1,0,0,0,1
2,0,0,0,2
3,0,0,0,3
1,0,0,0,1
1,0,0,0,1
6,0,0,0,6
1,0,0,0,1
1,0,0,0,1
1,0,0,0,1
3,0,0,0,3
2,0,0,0,2
1,0,0,0,1
1,0,0,0,1
1,0,0,0,1
1,0,0,0,1
1,0,0,0,1
3,0,0,0,3
1,0,0,0,1
1,0,0,0,1
1,0,0,0,1
3,0,0,0,3
1,0,0,0,1
1,0,0,0,1
6,0,0,0,6
1,0,0,0,1
1,0,0,0,1
2,0,0,0,2
1,0,0,0,1
1,0,0,0,1
1,0,0,0,1
1,0,0,0,1
1,0,0,0,1
2,0,0,0,2
1,0,0,0,1
1,0,0,0,1
1,0,0,0,1
2,0,0,0,2
3,1,0,0,4
1,0,0,0,1
10,0,0,0,10
1,0,0,0,1
5,0,0,0,5
1,0,0,0,1
1,0,0,0,1
1,0,0,0,1
1,0,0,0,1
1,0,0,0,1
1,0,0,0,1
1,0,0,0,1
1,0,0,0,1
1,0,0,0,1
1,0,0,0,1
1,0,0,0,1
1,0,0,0,1
1,0,0,0,1
1,0,0,0,1
1,0,0,0,1
1,0,0,0,1
1,0,0,0,1
3,0,0,0,3
1,0,0,0,1
2,1,0,0,3
1,0,0,0,1
1,0,0,0,1
1,0,0,0,1
1,0,0,0,1
2,0,0,0,2
1,0,0,0,1
1,1,0,0,2
1,0,0,0,1
1,0,0,0,1
1,0,0,0,1
1,0,0,0,1
1,0,0,0,1
3,0,0,0,3
2,0,0,0,2
1,0,0,0,1
1,0,0,0,1
1,0,0,0,1
1,0,0,0,1
1,0,0,0,1
3,0,0,0,3
1,0,0,0,1
1,2,0,0,3
1,0,0,0,1
1,0,0,0,1
1,0,0,0,1
1,0,0,0,1
1,0,0,0,1
1,0,0,0,1
2,0,0,0,2
1,0,0,0,1
4,0,0,0,4
2,0,0,0,2
1,0,0,0,1
2,0,0,0,2
1,0,0,0,1
1,0,0,0,1
1,0,0,0,1
1,0,0,0,1
1,0,0,0,1
3,0,0,0,3
1,0,0,0,1
1,0,0,0,1
2,0,0,0,2
1,0,0,0,1
1,0,0,0,1
1,0,0,0,1
2,0,0,0,2
1,0,0,0,1
1,0,0,0,1
1,0,0,0,1
1,0,0,0,1
1,0,0,0,1
1,0,0,0,1
1,0,0,0,1
1,0,0,0,1
1,0,0,0,1
1,0,0,0,1
1,0,0,0,1
2,0,0,0,2
3,0,0,0,3
4,6,0,0,10
2,0,0,0,2
1,0,0,0,1
1,0,0,0,1
1,0,0,0,1
1,0,0,0,1
2,0,0,0,2
1,0,0,0,1
3,0,0,0,3
2,0,0,0,2
4,0,0,0,4
1,0,0,0,1
1,0,0,0,1
1,0,0,0,1
3,0,0,0,3
3,0,0,0,3
4,0,0,0,4
1,0,0,0,1
1,0,0,0,1
5,0,0,0,5
1,0,0,0,1
6,0,0,0,6
1,0,0,0,1
1,0,0,0,1
1,0,0,0,1
3,0,0,0,3
1,0,0,0,1
1,0,0,0,1
2,0,0,0,2
1,0,0,0,1
1,0,0,0,1
1,0,0,0,1
2,0,0,0,2
1,0,0,0,1
1,0,0,0,1
1,0,0,0,1
1,0,0,0,1
1,0,0,0,1
1,0,0,0,1
1,0,0,0,1
2,0,0,0,2
1,0,0,0,1
5,0,0,0,5
1,0,0,0,1
2,0,0,0,2
1,0,0,0,1
1,0,0,0,1
1,0,0,0,1
1,0,0,0,1
1,0,0,0,1
1,0,0,0,1
2,0,0,0,2
1,0,0,0,1
1,0,0,0,1
1,0,0,0,1
2,0,0,0,2
1,0,0,0,1
2,0,0,0,2
3,0,0,0,3
1,0,0,0,1
2,0,0,0,2
1,0,0,0,1
4,0,0,0,4
1,0,0,0,1
1,0,0,0,1
1,0,0,0,1
2,0,0,0,2
2,0,0,0,2
1,0,0,0,1
1,0,0,0,1
1,0,0,0,1
1,0,0,0,1
1,0,0,0,1
1,0,0,0,1
3,0,0,0,3
2,0,0,0,2
1,0,0,0,1
1,0,0,0,1
1,0,0,0,1
7,1,0,0,8
1,0,0,0,1
2,0,0,0,2
1,4,0,0,5
2,1,0,0,3
1,0,0,0,1
4,0,0,0,4
1,0,0,0,1
2,0,0,0,2
1,0,0,0,1
1,0,0,0,1
1,0,0,0,1
1,0,0,0,1
1,0,0,0,1
1,0,0,0,1
1,0,0,0,1
3,0,0,0,3
3,99,0,0,102
2,0,0,0,2
1,0,0,0,1
4,0,0,0,4
2,0,0,0,2
6,2,0,0,8
2,4,0,0,6
1,0,0,0,1
1,0,0,0,1
5,0,0,0,5
1,0,0,0,1
1,0,0,0,1
1,0,0,0,1
1,0,0,0,1
3,0,0,0,3
2,0,0,0,2
1,0,0,0,1
1,0,0,0,1
1,0,0,0,1
2,0,0,0,2
3,0,0,0,3
1,0,0,0,1
3,0,0,0,3
2,0,0,0,2
1,0,0,0,1
1,0,0,0,1
1,0,0,0,1
2,0,0,0,2
3,0,0,0,3
1,0,0,0,1
1,0,0,0,1
1,0,0,0,1
1,0,0,0,1
2,0,0,0,2
1,0,0,0,1
2,0,0,0,2
2,0,0,0,2
2,0,0,0,2
5,0,0,0,5
1,0,0,0,1
1,0,0,0,1
1,0,0,0,1
2,12,1,0,15
1,0,0,0,1
5,0,0,0,5
2,0,0,0,2
1,0,0,0,1
2,0,0,0,2
2,0,0,0,2
1,0,0,0,1
1,0,0,0,1
2,0,0,0,2
5,0,0,0,5
1,0,0,0,1
1,0,0,0,1
1,0,0,0,1
1,1,0,0,2
2,0,0,0,2
1,0,0,0,1
5,0,0,0,5
2,0,0,0,2
1,0,0,0,1
1,0,0,0,1
1,0,0,0,1
1,0,0,0,1
3,0,0,0,3
2,1,0,0,3
1,2,0,0,3
1,2,0,0,3
1,9,0,0,10
1,4,0,0,5
3,0,0,0,3
1,0,0,0,1
4,0,0,0,4
3,0,0,0,3
3,0,0,0,3
1,0,0,0,1
3,0,0,0,3
3,0,0,0,3
1,0,0,0,1
1,0,0,0,1
1,0,0,0,1
1,0,0,0,1
1,0,0,0,1
2,0,0,0,2
1,0,0,0,1
1,0,0,0,1
1,0,0,0,1
1,0,0,0,1
1,0,0,0,1
2,0,0,0,2
1,0,0,0,1
1,0,0,0,1
1,0,0,0,1
1,0,0,0,1
1,0,0,0,1
1,0,0,0,1
4,0,0,0,4
1,0,0,0,1
1,0,0,0,1
1,0,0,0,1
1,0,0,0,1
1,0,0,0,1
1,0,0,0,1
1,0,0,0,1
1,0,0,0,1
1,0,0,0,1
4,0,0,0,4
1,0,0,0,1
1,0,0,0,1
4,0,0,0,4
1,0,0,0,1
1,0,0,0,1
2,0,0,0,2
2,0,0,0,2
1,0,0,0,1
1,0,0,0,1
1,0,0,0,1
1,0,0,0,1
1,0,0,0,1
4,0,0,0,4
1,0,0,0,1
2,0,0,0,2
1,0,0,0,1
5,0,0,0,5
4,0,0,0,4
1,0,0,0,1
1,1,1,0,3
2,0,0,0,2
1,0,0,0,1
1,0,0,0,1
1,0,0,0,1
1,0,0,0,1
3,0,0,0,3
1,0,0,0,1
1,103,24,0,128
2,1,0,0,3
1,0,0,0,1
1,0,0,0,1
1,0,0,0,1
1,0,0,0,1
1,0,0,0,1
5,0,3,0,8
3,0,0,0,3
1,0,0,0,1
1,0,0,0,1
1,0,0,0,1
1,0,0,0,1
1,0,0,0,1
1,0,0,0,1
1,0,0,0,1
2,0,0,0,2
1,0,0,0,1
1,0,0,0,1
1,0,0,0,1
1,0,0,0,1
1,0,0,0,1
2,0,0,0,2
1,0,0,0,1
1,0,0,0,1
3,0,0,0,3
1,0,0,0,1
1,0,0,0,1
1,0,0,0,1
1,0,0,0,1
1,0,0,0,1
1,0,0,0,1
1,0,0,0,1
3,0,0,0,3
1,0,0,0,1
1,0,0,0,1
1,0,0,0,1
1,0,0,0,1
1,0,0,0,1
1,0,0,0,1
1,0,0,0,1
3,0,0,0,3
2,0,0,0,2
1,0,0,0,1
1,0,0,0,1
1,0,0,0,1
1,0,0,0,1
1,0,0,0,1
1,0,0,0,1
1,0,0,0,1
2,0,0,0,2
2,0,0,0,2
1,0,0,0,1
1,0,0,0,1
1,0,0,0,1
1,0,0,0,1
2,0,0,0,2
1,0,0,0,1
1,0,0,0,1
1,0,0,0,1
1,0,0,0,1
2,0,0,0,2
1,0,0,0,1
3,0,0,0,3
3,0,0,0,3
1,0,0,0,1
1,0,0,0,1
4,0,0,0,4
1,0,0,0,1
1,0,0,0,1
1,0,0,0,1
1,0,0,0,1
1,0,0,0,1
1,0,0,0,1
1,0,0,0,1
1,0,0,0,1
1,0,0,0,1
1,0,0,0,1
2,0,0,0,2
1,0,0,0,1
1,0,0,0,1
1,0,0,0,1
2,0,0,0,2
1,0,0,0,1
1,0,0,0,1
1,0,0,0,1
1,0,0,0,1
1,0,0,0,1
1,0,0,0,1
1,0,0,0,1
11,4,0,0,15
1,0,0,0,1
2,0,0,0,2
1,0,0,0,1
2,4,0,0,6
1,0,0,0,1
2,0,0,0,2
1,0,0,0,1
1,0,0,0,1
1,0,0,0,1
1,0,0,0,1
1,0,0,0,1
1,0,0,0,1
1,0,0,0,1
3,0,0,0,3
1,0,0,0,1
1,0,0,0,1
3,0,0,0,3
1,5,0,0,6
1,0,0,0,1
1,0,0,0,1
2,0,0,0,2
1,0,0,0,1
1,0,0,0,1
1,0,0,0,1
1,0,0,0,1
1,0,0,0,1
1,0,0,0,1
5,0,0,0,5
4,0,0,0,4
1,0,0,0,1
1,0,0,0,1
5,0,0,0,5
1,0,0,0,1
5,0,0,0,5
1,0,0,0,1
2,0,0,0,2
1,0,0,0,1
1,0,0,0,1
1,0,0,0,1
2,0,0,0,2
3,9,2,0,14
1,0,0,0,1
2,0,0,0,2
1,0,0,0,1
1,0,0,0,1
1,0,0,0,1
1,0,0,0,1
4,0,0,0,4
1,0,0,0,1
1,0,0,0,1
1,0,0,0,1
1,0,0,0,1
1,0,0,0,1
2,0,0,0,2
1,0,0,0,1
2,0,0,0,2
1,0,0,0,1
1,0,0,0,1
1,0,0,0,1
1,0,0,0,1
3,0,0,0,3
5,0,0,0,5
1,2,0,0,3
1,0,0,0,1
1,0,0,0,1
1,0,0,0,1
1,0,0,0,1
7,0,0,0,7
1,0,0,0,1
2,0,0,0,2
2,0,0,0,2
1,0,0,0,1
1,0,0,0,1
1,0,0,0,1
2,0,0,0,2
1,0,0,0,1
1,0,0,0,1
1,1,0,0,2
1,0,0,0,1
3,0,0,0,3
1,0,0,0,1
1,0,0,0,1
1,0,0,0,1
2,0,0,0,2
2,0,0,0,2
1,0,0,0,1
1,0,0,0,1
1,0,0,0,1
1,0,0,0,1
2,2,0,0,4
1,0,0,0,1
1,0,0,0,1
1,0,0,0,1
5,0,0,0,5
1,0,0,0,1
1,0,0,0,1
4,0,0,0,4
1,0,0,0,1
6,0,0,0,6
1,0,0,0,1
4,0,0,0,4
2,0,0,0,2
1,0,0,0,1
1,0,0,0,1
1,0,0,0,1
1,0,0,0,1
3,0,0,0,3
1,0,0,0,1
1,0,0,0,1
1,0,0,0,1
1,0,0,0,1
1,0,0,0,1
2,0,0,0,2
1,0,0,0,1
1,0,0,0,1
1,0,0,0,1
1,0,0,0,1
2,0,0,0,2
1,0,0,0,1
1,0,0,0,1
1,0,0,0,1
1,0,0,0,1
1,0,0,0,1
6,0,0,0,6
2,0,0,0,2
5,0,0,0,5
1,0,0,0,1
1,0,0,0,1
5,0,0,0,5
2,0,0,0,2
1,0,0,0,1
5,4,0,0,9
4,6,0,0,10
1,0,0,0,1
3,0,0,0,3
1,0,0,0,1
1,0,0,0,1
1,0,0,0,1
1,0,0,0,1
2,0,0,0,2
1,0,0,0,1
1,0,0,0,1
1,0,0,0,1
1,0,0,0,1
1,0,0,0,1
2,0,0,0,2
1,0,0,0,1
1,0,0,0,1
1,0,0,0,1
1,0,0,0,1
1,0,0,0,1
3,0,0,0,3
2,0,0,0,2
1,0,0,0,1
1,0,0,0,1
1,0,0,0,1
1,0,0,0,1
1,0,0,0,1
1,0,0,0,1
1,0,0,0,1
1,0,0,0,1
1,0,0,0,1
1,0,0,0,1
2,0,0,0,2
1,0,0,0,1
2,0,0,0,2
1,0,0,0,1
1,0,0,0,1
1,0,0,0,1
1,0,0,0,1
1,0,0,0,1
1,0,0,0,1
2,0,0,0,2
1,0,0,0,1
1,0,0,0,1
1,0,0,0,1
2,0,0,0,2
1,0,0,0,1
3,0,0,0,3
1,0,0,0,1
1,0,0,0,1
1,0,0,0,1
1,0,0,0,1
1,0,0,0,1
2,0,0,0,2
1,0,0,0,1
1,0,0,0,1
1,0,0,0,1
1,0,0,0,1
3,0,0,0,3
1,0,0,0,1
1,0,0,0,1
1,0,0,0,1
1,0,0,0,1
3,0,0,0,3
1,0,0,0,1
1,0,0,0,1
1,0,0,0,1
1,0,0,0,1
1,0,0,0,1
1,0,0,0,1
1,0,0,0,1
4,0,0,0,4
1,0,0,0,1
3,0,0,0,3
1,0,0,0,1
2,0,0,0,2
2,0,0,0,2
1,0,0,0,1
1,0,0,0,1
1,0,0,0,1
1,0,0,0,1
1,0,0,0,1
1,0,0,0,1
2,0,0,0,2
1,0,0,0,1
3,0,0,0,3
4,0,0,0,4
1,0,0,0,1
6,10,1,0,17
1,0,0,0,1
4,0,0,0,4
2,0,0,0,2
11,0,0,0,11
2,0,0,0,2
1,0,0,0,1
1,0,0,0,1
1,0,0,0,1
1,0,0,0,1
1,0,0,0,1
1,0,0,0,1
4,0,0,0,4
1,0,1,0,2
1,0,0,0,1
4,0,0,0,4
1,0,0,0,1
1,0,0,0,1
2,0,0,0,2
3,0,0,0,3
1,0,0,0,1
1,0,0,0,1
1,0,0,0,1
1,0,0,0,1
1,0,0,0,1
2,37,0,0,39
1,0,0,0,1
3,0,0,0,3
2,0,0,0,2
1,0,0,0,1
1,0,0,0,1
3,1,0,0,4
1,0,0,0,1
1,0,0,0,1
2,0,0,0,2
2,0,0,0,2
1,0,0,0,1
1,6,0,0,7
1,0,0,0,1
2,1,0,0,3
1,0,0,0,1
1,0,0,0,1
2,0,0,0,2
3,0,0,0,3
1,0,0,0,1
5,0,0,0,5
1,0,0,0,1
1,0,0,0,1
3,0,0,0,3
3,0,0,0,3
1,0,0,0,1
1,0,0,0,1
3,0,0,0,3
8,0,0,0,8
1,0,0,0,1
1,0,0,0,1
4,0,0,0,4
1,0,0,0,1
1,0,0,0,1
1,14,0,0,15
2,0,0,0,2
3,0,0,0,3
1,0,0,0,1
1,0,0,0,1
1,0,0,0,1
1,0,0,0,1
2,1,0,0,3
2,0,0,0,2
2,0,0,0,2
1,0,0,0,1
3,0,0,0,3
1,0,0,0,1
1,0,0,0,1
1,0,0,0,1
1,0,0,0,1
1,0,0,0,1
1,0,0,0,1
1,0,0,0,1
1,0,0,0,1
4,0,0,0,4
1,0,0,0,1
1,0,0,0,1
1,1,0,0,2
1,0,0,0,1
11,0,0,0,11
1,0,0,0,1
2,0,0,0,2
1,0,0,0,1
1,0,0,0,1
2,0,0,0,2
4,0,0,0,4
3,0,0,0,3
1,0,0,0,1
1,1,0,0,2
1,2,1,0,4
1,0,0,0,1
1,0,0,0,1
1,0,0,0,1
2,0,0,0,2
1,0,0,0,1
1,0,0,0,1
1,0,0,0,1
1,0,0,0,1
1,0,0,0,1
1,0,0,0,1
1,0,0,0,1
3,0,0,0,3
1,0,0,0,1
4,0,0,0,4
1,0,0,0,1
1,0,0,0,1
1,0,0,0,1
1,0,0,0,1
1,0,0,0,1
1,0,0,0,1
1,0,0,0,1
1,0,0,0,1
5,0,0,0,5
2,0,0,0,2
1,0,0,0,1
2,0,0,0,2
3,0,0,0,3
1,0,0,0,1
4,0,0,0,4
1,0,0,0,1
1,0,0,0,1
2,0,0,0,2
1,0,0,0,1
1,0,0,0,1
2,0,0,0,2
1,0,0,0,1
1,0,0,0,1
2,1,1,0,4
1,0,0,0,1
1,0,0,0,1
1,0,0,0,1
2,0,0,0,2
1,0,0,0,1
1,0,0,0,1
1,0,0,0,1
1,0,0,0,1
1,0,0,0,1
1,3,0,0,4
1,0,0,0,1
1,0,0,0,1
1,0,0,0,1
2,0,0,0,2
1,0,0,0,1
2,0,0,0,2
1,0,0,0,1
1,0,0,0,1
1,7,0,0,8
1,0,0,0,1
2,0,0,0,2
1,0,0,0,1
1,0,0,0,1
1,0,0,0,1
1,0,0,0,1
1,0,0,0,1
1,0,0,0,1
1,0,0,0,1
1,0,0,0,1
1,0,0,0,1
6,0,0,0,6
1,0,0,0,1
3,0,0,0,3
5,0,0,0,5
1,0,0,0,1
3,0,0,0,3
2,0,0,0,2
2,0,0,0,2
1,0,0,0,1
1,0,0,0,1
1,0,0,0,1
1,0,0,0,1
2,0,0,0,2
1,0,0,0,1
1,0,0,0,1
1,0,0,0,1
1,0,0,0,1
1,0,0,0,1
1,0,0,0,1
1,0,0,0,1
1,0,0,0,1
1,0,0,0,1
2,0,0,0,2
1,10,4,0,15
1,0,0,0,1
3,0,0,0,3
6,15,0,0,21
1,0,0,0,1
1,0,0,0,1
1,0,0,0,1
1,0,0,0,1
1,0,0,0,1
1,0,0,0,1
1,0,0,0,1
1,0,0,0,1
10,3,0,0,13
1,0,0,0,1
1,0,0,0,1
3,0,0,0,3
5,0,0,0,5
2,0,0,0,2
2,0,0,0,2
1,0,0,0,1
3,0,1,0,4
1,0,0,0,1
1,0,0,0,1
1,0,0,0,1
1,0,0,0,1
1,0,0,0,1
1,0,0,0,1
5,0,0,0,5
1,0,0,0,1
2,0,0,0,2
1,0,0,0,1
1,0,0,0,1
3,4,0,0,7
2,0,0,0,2
1,0,0,0,1
1,0,0,0,1
1,0,0,0,1
1,0,0,0,1
1,0,0,0,1
1,1,0,0,2
1,1,0,0,2
1,0,0,0,1
1,0,0,0,1
1,0,0,0,1
1,0,0,0,1
1,0,0,0,1
1,0,0,0,1
2,0,0,0,2
1,0,0,0,1
9,0,0,0,9
2,0,0,0,2
1,0,0,0,1
1,0,0,0,1
1,0,0,0,1
1,0,0,0,1
3,0,0,0,3
2,0,0,0,2
2,0,0,0,2
1,0,0,0,1
1,0,0,0,1
1,0,0,0,1
3,3,0,0,6
1,1,0,0,2
1,0,0,0,1
1,0,0,0,1
1,0,0,0,1
2,1,0,0,3
1,0,0,0,1
1,0,0,0,1
1,0,0,0,1
2,0,0,0,2
1,0,0,0,1
1,0,0,0,1
1,0,0,0,1
2,0,0,0,2
1,0,0,0,1
2,0,0,0,2
1,0,0,0,1
1,0,0,0,1
1,0,0,0,1
1,0,0,0,1
1,0,0,0,1
2,0,0,0,2
2,0,0,0,2
4,0,0,0,4
1,0,0,0,1
2,0,0,0,2
1,0,0,0,1
1,0,0,0,1
1,0,0,0,1
1,0,0,0,1
1,0,0,0,1
3,0,0,0,3
1,0,0,0,1
1,0,0,0,1
2,0,0,0,2
1,0,0,0,1
1,0,0,0,1
3,0,0,0,3
1,0,0,0,1
6,8,0,0,14
1,0,0,0,1
2,0,0,0,2
2,0,0,0,2
4,0,0,0,4
3,0,0,0,3
1,0,0,0,1
1,0,0,0,1
1,0,0,0,1
4,0,0,0,4
1,0,0,0,1
1,0,0,0,1
2,0,0,0,2
1,0,0,0,1
2,0,0,0,2
4,0,0,0,4
1,0,0,0,1
1,0,0,0,1
1,0,0,0,1
1,0,0,0,1
1,0,0,0,1
1,0,0,0,1
1,0,0,0,1
3,0,0,0,3
2,0,0,0,2
1,0,0,0,1
1,0,0,0,1
1,10,0,0,11
1,0,0,0,1
1,0,0,0,1
4,0,0,0,4
4,0,0,0,4
1,0,0,0,1
2,0,0,0,2
4,0,0,0,4
1,0,0,0,1
2,0,0,0,2
1,2,0,0,3
1,0,0,0,1
4,0,0,0,4
1,0,0,0,1
1,0,0,0,1
1,0,0,0,1
1,0,0,0,1
2,0,0,0,2
2,1,0,0,3
1,8,0,0,9
1,0,0,0,1
1,0,0,0,1
1,0,0,0,1
1,0,0,0,1
1,0,0,0,1
1,0,0,0,1
1,0,0,0,1
1,0,0,0,1
2,0,0,0,2
1,0,0,0,1
4,2,0,0,6
1,0,0,0,1
1,0,0,0,1
2,0,0,0,2
1,0,0,0,1
1,0,0,0,1
2,0,0,0,2
3,0,0,0,3
1,0,0,0,1
2,0,0,0,2
2,0,0,0,2
2,0,0,0,2
1,0,0,0,1
1,0,0,0,1
1,0,0,0,1
1,0,0,0,1
1,0,0,0,1
2,0,0,0,2
1,0,0,0,1
2,0,0,0,2
1,0,0,0,1
1,0,0,0,1
1,0,0,0,1
1,0,0,0,1
2,0,0,0,2
2,0,0,0,2
1,0,0,0,1
1,0,0,0,1
1,0,0,0,1
1,0,0,0,1
1,0,0,0,1
3,0,0,0,3
1,1,1,0,3
1,0,0,0,1
3,0,0,0,3
1,0,0,0,1
1,0,0,0,1
2,0,0,0,2
5,0,0,0,5
1,0,0,0,1
1,0,0,0,1
1,0,0,0,1
1,0,0,0,1
1,0,0,0,1
7,0,0,0,7
1,0,0,0,1
2,0,0,0,2
1,0,0,0,1
3,0,0,0,3
1,0,0,0,1
4,0,0,0,4
2,0,0,0,2
1,0,0,0,1
1,0,0,0,1
1,0,0,0,1
1,0,0,0,1
1,0,0,0,1
4,0,0,0,4
2,0,0,0,2
1,0,0,0,1
1,0,0,0,1
1,0,0,0,1
1,0,0,0,1
1,0,0,0,1
2,0,0,0,2
1,0,0,0,1
1,0,0,0,1
1,0,0,0,1
2,0,0,0,2
1,0,0,0,1
1,0,0,0,1
2,0,0,0,2
1,0,0,0,1
1,0,0,0,1
1,0,0,0,1
1,0,0,0,1
2,0,0,0,2
1,0,0,0,1
2,0,0,0,2
2,0,0,0,2
5,0,0,0,5
1,0,0,0,1
1,0,0,0,1
3,0,0,0,3
7,0,0,0,7
2,0,0,0,2
4,0,0,0,4
4,2,0,0,6
2,0,0,0,2
3,0,0,0,3
2,0,0,0,2
1,0,0,0,1
1,0,0,0,1
1,0,0,0,1
1,0,0,0,1
1,0,0,0,1
1,0,0,0,1
2,0,0,0,2
1,0,0,0,1
2,0,0,0,2
1,0,0,0,1
2,0,0,0,2
3,0,0,0,3
1,0,0,0,1
1,0,0,0,1
1,0,0,0,1
1,0,0,0,1
1,0,0,0,1
3,0,0,0,3
1,0,0,0,1
2,0,0,0,2
1,0,0,0,1
1,0,0,0,1
1,0,0,0,1
1,0,0,0,1
1,0,0,0,1
1,0,0,0,1
1,0,0,0,1
1,0,0,0,1
1,7,1,0,9
3,0,0,0,3
1,0,0,0,1
2,0,0,0,2
1,0,0,0,1
4,0,0,0,4
2,0,0,0,2
3,0,0,0,3
1,4,1,0,6
1,0,0,0,1
2,0,0,0,2
2,0,0,0,2
1,0,0,0,1
1,0,0,0,1
1,0,0,0,1
1,0,0,0,1
1,0,0,0,1
1,0,0,0,1
2,0,0,0,2
1,0,0,0,1
1,0,0,0,1
1,0,0,0,1
2,0,0,0,2
1,0,0,0,1
1,0,0,0,1
1,0,0,0,1
2,0,0,0,2
3,0,0,0,3
1,0,0,0,1
1,0,0,0,1
2,0,0,0,2
3,0,0,0,3
2,0,0,0,2
1,0,0,0,1
1,0,0,0,1
1,0,0,0,1
1,0,0,0,1
1,0,0,0,1
1,0,0,0,1
3,0,0,0,3
1,0,0,0,1
1,0,0,0,1
1,0,0,0,1
1,0,0,0,1
1,0,0,0,1
4,0,0,0,4
5,0,0,0,5
1,0,0,0,1
1,0,0,0,1
1,0,0,0,1
1,0,0,0,1
1,0,0,0,1
1,0,0,0,1
2,0,0,0,2
3,0,0,0,3
1,0,0,0,1
6,0,0,0,6
1,0,0,0,1
1,0,0,0,1
1,0,0,0,1
1,0,0,0,1
2,0,0,0,2
1,0,0,0,1
1,0,0,0,1
3,0,0,0,3
1,0,0,0,1
1,0,0,0,1
1,0,0,0,1
1,0,0,0,1
1,0,0,0,1
1,0,0,0,1
1,0,0,0,1
1,0,0,0,1
3,0,0,0,3
1,0,0,0,1
1,0,0,0,1
1,0,0,0,1
1,0,0,0,1
2,0,0,0,2
2,0,0,0,2
1,0,0,0,1
5,0,0,0,5
3,0,0,0,3
1,0,0,0,1
1,0,0,0,1
1,0,0,0,1
1,0,0,0,1
1,0,0,0,1
1,2,0,0,3
1,0,0,0,1
1,0,0,0,1
1,0,0,0,1
4,0,0,0,4
1,0,0,0,1
1,0,0,0,1
2,0,0,0,2
1,0,0,0,1
1,0,0,0,1
1,0,0,0,1
7,0,0,0,7
1,0,0,0,1
1,0,0,0,1
1,0,0,0,1
3,0,0,0,3
1,0,0,0,1
1,0,0,0,1
1,2,0,0,3
1,0,0,0,1
2,0,0,0,2
1,0,0,0,1
2,0,0,0,2
1,11,1,0,13
1,0,0,0,1
1,0,0,0,1
1,0,0,0,1
2,3,0,0,5
1,0,0,0,1
1,0,0,0,1
1,0,0,0,1
1,0,0,0,1
1,0,0,0,1
1,0,0,0,1
1,0,0,0,1
1,0,0,0,1
2,0,0,0,2
4,0,0,0,4
1,0,0,0,1
1,0,0,0,1
1,0,0,0,1
1,0,0,0,1
1,0,0,0,1
1,0,0,0,1
4,0,0,0,4
1,0,0,0,1
1,0,0,0,1
1,0,0,0,1
1,0,0,0,1
1,98,0,0,99
1,0,0,0,1
1,0,0,0,1
1,0,0,0,1
1,0,0,0,1
1,0,0,0,1
1,0,0,0,1
2,0,0,0,2
3,0,0,0,3
2,0,0,0,2
2,0,0,0,2
1,0,0,0,1
3,0,0,0,3
1,0,0,0,1
1,0,0,0,1
1,0,0,0,1
2,0,0,0,2
2,0,0,0,2
1,0,0,0,1
1,0,0,0,1
3,0,0,0,3
1,0,0,0,1
4,0,0,0,4
1,0,0,0,1
3,0,0,0,3
1,0,0,0,1
1,0,0,0,1
1,0,0,0,1
4,0,0,0,4
2,0,0,0,2
2,0,0,0,2
1,0,0,0,1
3,0,0,0,3
1,0,0,0,1
1,0,0,0,1
12,0,0,0,12
1,0,0,0,1
1,0,0,0,1
2,0,0,0,2
1,0,0,0,1
2,0,0,0,2
1,0,0,0,1
4,0,0,0,4
1,0,0,0,1
1,0,0,0,1
1,0,0,0,1
1,0,0,0,1
1,0,0,0,1
1,0,0,0,1
1,0,0,0,1
1,0,0,0,1
3,0,0,0,3
2,0,0,0,2
1,0,0,0,1
2,0,0,0,2
1,0,0,0,1
2,0,0,0,2
2,0,0,0,2
1,0,0,0,1
1,0,0,0,1
6,0,0,0,6
2,0,0,0,2
1,0,0,0,1
1,0,0,0,1
1,0,0,0,1
1,0,0,0,1
2,0,0,0,2
5,0,0,0,5
2,0,0,0,2
1,0,0,0,1
1,0,0,0,1
1,0,0,0,1
1,0,0,0,1
1,0,0,0,1
1,0,0,0,1
4,0,0,0,4
1,0,0,0,1
1,0,0,0,1
1,0,0,0,1
1,0,0,0,1
1,0,0,0,1
1,0,0,0,1
1,0,0,0,1
1,0,0,0,1
4,0,0,0,4
1,0,0,0,1
1,4,0,0,5
1,0,0,0,1
1,0,0,0,1
3,0,0,0,3
1,0,0,0,1
1,0,0,0,1
1,0,0,0,1
2,0,0,0,2
1,0,0,0,1
3,0,0,0,3
1,0,0,0,1
3,0,0,0,3
7,0,0,0,7
2,9,0,0,11
1,0,0,0,1
6,0,0,0,6
1,0,0,0,1
1,0,0,0,1
1,0,0,0,1
1,0,0,0,1
1,0,0,0,1
1,0,0,0,1
2,0,0,0,2
1,0,0,0,1
1,0,0,0,1
1,0,0,0,1
1,0,0,0,1
1,0,0,0,1
1,2,2,0,5
1,0,0,0,1
1,7,0,0,8
1,0,0,0,1
4,0,0,0,4
2,1,0,0,3
2,2,0,0,4
1,0,0,0,1
1,0,0,0,1
1,0,0,0,1
3,0,0,0,3
5,0,0,0,5
1,0,0,0,1
1,0,0,0,1
1,0,0,0,1
1,0,0,0,1
1,0,0,0,1
1,0,0,0,1
1,0,0,0,1
1,0,0,0,1
1,0,0,0,1
1,0,0,0,1
5,0,0,0,5
1,0,0,0,1
2,0,0,0,2
1,0,0,0,1
1,0,0,0,1
2,0,0,0,2
1,0,0,0,1
1,0,0,0,1
2,0,0,0,2
1,0,0,0,1
1,0,0,0,1
2,0,0,0,2
1,0,0,0,1
1,0,0,0,1
1,0,0,0,1
1,0,0,0,1
2,0,0,0,2
4,0,0,0,4
1,0,0,0,1
1,0,0,0,1
1,0,0,0,1
1,0,0,0,1
1,0,0,0,1
1,0,0,0,1
2,0,0,0,2
1,0,0,0,1
1,0,0,0,1
2,0,0,0,2
1,0,0,0,1
3,0,0,0,3
1,0,0,0,1
1,0,0,0,1
1,0,0,0,1
1,0,0,0,1
4,0,0,0,4
1,0,0,0,1
1,0,0,0,1
1,0,0,0,1
3,0,0,0,3
1,0,0,0,1
1,0,0,0,1
1,0,0,0,1
1,0,0,0,1
1,0,0,0,1
1,0,0,0,1
1,0,0,0,1
1,0,0,0,1
1,0,0,0,1
1,0,0,0,1
1,0,0,0,1
4,0,0,0,4
3,0,0,0,3
1,0,0,0,1
1,0,0,0,1
1,0,0,0,1
2,0,0,0,2
1,0,0,0,1
2,0,0,0,2
2,0,0,0,2
1,0,0,0,1
1,0,0,0,1
1,0,0,0,1
2,0,0,0,2
1,0,0,0,1
4,0,0,0,4
1,0,0,0,1
3,0,0,0,3
3,0,0,0,3
1,0,0,0,1
2,0,0,0,2
1,0,0,0,1
1,0,0,0,1
1,0,0,0,1
1,0,0,0,1
3,0,0,0,3
1,0,0,0,1
5,0,0,0,5
1,0,0,0,1
3,0,0,0,3
1,0,0,0,1
2,0,0,0,2
3,0,0,0,3
1,0,0,0,1
3,0,0,0,3
1,0,0,0,1
1,0,0,0,1
1,0,0,0,1
1,0,0,0,1
1,0,0,0,1
1,0,0,0,1
2,0,0,0,2
2,0,0,0,2
2,0,0,0,2
1,0,0,0,1
1,0,0,0,1
1,0,0,0,1
1,0,0,0,1
1,0,0,0,1
1,0,0,0,1
1,0,0,0,1
2,0,0,0,2
1,0,0,0,1
1,0,0,0,1
1,0,0,0,1
1,0,0,0,1
1,0,0,0,1
1,0,0,0,1
1,0,0,0,1
2,0,0,0,2
6,2,0,0,8
1,1,0,0,2
1,0,0,0,1
1,0,0,0,1
1,0,0,0,1
1,0,0,0,1
1,0,0,0,1
1,0,0,0,1
1,0,0,0,1
1,0,0,0,1
1,0,0,0,1
1,0,0,0,1
1,0,0,0,1
1,0,0,0,1
1,0,0,0,1
1,0,0,0,1
3,0,0,0,3
1,0,0,0,1
1,0,0,0,1
3,0,0,0,3
1,0,0,0,1
4,0,0,0,4
1,0,0,0,1
1,0,0,0,1
2,0,0,0,2
5,0,0,0,5
1,0,0,0,1
2,0,0,0,2
1,0,0,0,1
2,0,0,0,2
1,0,0,0,1
1,0,0,0,1
1,0,0,0,1
3,0,0,0,3
1,0,0,0,1
1,0,0,0,1
1,0,0,0,1
1,0,0,0,1
1,0,0,0,1
1,0,0,0,1
2,0,0,0,2
2,0,0,0,2
1,0,0,0,1
1,3,0,0,4
1,0,0,0,1
1,0,0,0,1
1,0,0,0,1
1,0,0,0,1
1,0,0,0,1
1,0,0,0,1
1,0,0,0,1
3,0,0,0,3
1,0,0,0,1
1,0,0,0,1
1,0,0,0,1
1,0,0,0,1
1,0,0,0,1
2,1,0,0,3
1,0,0,0,1
1,0,0,0,1
2,0,0,0,2
1,0,0,0,1
1,0,0,0,1
2,0,0,0,2
1,0,0,0,1
4,0,0,0,4
1,0,0,0,1
3,0,1,0,4
1,0,0,0,1
1,0,0,0,1
1,0,0,0,1
1,0,0,0,1
1,0,0,0,1
1,0,0,0,1
1,0,0,0,1
1,0,0,0,1
1,0,0,0,1
1,0,0,0,1
1,0,0,0,1
1,0,0,0,1
2,0,0,0,2
1,0,0,0,1
1,0,0,0,1
2,0,0,0,2
1,0,0,0,1
1,0,0,0,1
6,0,2,0,8
3,0,0,0,3
3,0,0,0,3
1,0,0,0,1
1,0,0,0,1
1,0,0,0,1
1,0,0,0,1
1,0,0,0,1
1,0,0,0,1
1,0,0,0,1
1,0,0,0,1
12,34,0,0,46
1,0,0,0,1
5,0,0,0,5
1,0,0,0,1
1,0,0,0,1
2,2,1,0,5
1,0,0,0,1
3,0,0,0,3
1,0,0,0,1
2,0,0,0,2
3,0,0,0,3
2,0,0,0,2
1,0,0,0,1
2,0,0,0,2
6,1,0,0,7
1,0,0,0,1
1,0,0,0,1
1,0,0,0,1
1,0,0,0,1
1,0,0,0,1
7,1,0,0,8
1,0,0,0,1
1,0,0,0,1
1,0,0,0,1
1,0,0,0,1
1,0,0,0,1
1,0,0,0,1
1,0,0,0,1
1,0,0,0,1
2,0,0,0,2
1,0,0,0,1
2,0,0,0,2
1,0,0,0,1
2,0,0,0,2
1,0,0,0,1
1,0,0,0,1
1,0,0,0,1
1,0,0,0,1
1,0,0,0,1
1,0,0,0,1
1,0,0,0,1
4,0,0,0,4
4,0,0,0,4
1,0,0,0,1
7,0,0,0,7
1,0,0,0,1
1,0,0,0,1
2,0,0,0,2
1,0,0,0,1
1,0,0,0,1
1,0,0,0,1
1,0,0,0,1
3,0,0,0,3
1,0,0,0,1
2,0,0,0,2
1,0,0,0,1
1,0,0,0,1
1,0,0,0,1
2,0,0,0,2
1,0,0,0,1
2,0,0,0,2
1,0,0,0,1
1,0,0,0,1
1,0,0,0,1
1,0,0,0,1
1,0,0,0,1
1,0,0,0,1
1,0,0,0,1
1,0,0,0,1
1,0,0,0,1
1,0,0,0,1
4,0,0,0,4
1,0,0,0,1
2,0,0,0,2
1,0,0,0,1
1,0,0,0,1
1,0,0,0,1
2,0,0,0,2
1,0,0,0,1
1,0,0,0,1
2,0,0,0,2
2,0,0,0,2
1,0,0,0,1
1,0,0,0,1
1,0,0,0,1
1,0,0,0,1
1,0,0,0,1
1,0,0,0,1
1,0,0,0,1
1,0,0,0,1
1,0,0,0,1
1,0,0,0,1
1,0,0,0,1
1,0,0,0,1
1,0,0,0,1
1,0,0,0,1
1,0,0,0,1
4,0,0,0,4
1,0,0,0,1
3,0,0,0,3
1,3,0,0,4
1,0,0,0,1
1,0,0,0,1
2,0,0,0,2
2,0,0,0,2
1,0,0,0,1
2,0,0,0,2
2,0,0,0,2
1,0,0,0,1
6,0,0,0,6
3,0,0,0,3
1,0,0,0,1
4,0,0,0,4
2,0,0,0,2
1,0,0,0,1
1,0,0,0,1
2,0,0,0,2
4,0,0,0,4
1,0,0,0,1
1,0,0,0,1
1,0,0,0,1
1,0,0,0,1
1,0,0,0,1
1,4,0,0,5
3,0,0,0,3
1,1,1,0,3
1,0,0,0,1
1,0,0,0,1
1,0,0,0,1
2,2,0,0,4
1,0,0,0,1
1,0,0,0,1
2,0,0,0,2
1,3,0,0,4
1,0,0,0,1
1,0,0,0,1
1,0,0,0,1
1,0,0,0,1
1,0,0,0,1
1,0,0,0,1
2,0,0,0,2
2,0,0,0,2
1,0,0,0,1
1,0,0,0,1
2,0,0,0,2
3,0,0,0,3
1,0,0,0,1
1,0,0,0,1
1,0,0,0,1
1,0,0,0,1
4,0,0,0,4
1,0,0,0,1
1,0,0,0,1
2,0,0,0,2
1,1,0,0,2
1,0,0,0,1
1,0,0,0,1
1,0,0,0,1
1,0,0,0,1
1,0,0,0,1
1,0,0,0,1
1,0,0,0,1
1,0,0,0,1
1,0,0,0,1
1,0,0,0,1
2,0,0,0,2
1,0,0,0,1
1,0,0,0,1
1,0,0,0,1
4,0,0,0,4
1,0,0,0,1
1,0,0,0,1
2,0,0,0,2
1,0,0,0,1
1,0,0,0,1
3,0,0,0,3
1,0,0,0,1
1,0,0,0,1
1,0,0,0,1
1,0,0,0,1
1,0,0,0,1
1,22,0,0,23
1,0,0,0,1
3,0,0,0,3
1,0,0,0,1
1,0,0,0,1
1,0,0,0,1
1,0,0,0,1
7,1,0,0,8
1,0,0,0,1
1,5,0,0,6
1,0,0,0,1
1,0,0,0,1
3,0,0,0,3
2,0,0,0,2
1,0,0,0,1
1,0,0,0,1
1,0,0,0,1
1,0,0,0,1
2,0,0,0,2
2,0,0,0,2
1,0,0,0,1
2,0,0,0,2
2,0,0,0,2
2,0,0,0,2
2,28,0,0,30
1,0,0,0,1
1,0,0,0,1
3,0,0,0,3
1,0,0,0,1
1,0,0,0,1
2,0,0,0,2
1,0,0,0,1
1,0,0,0,1
1,0,0,0,1
1,0,0,0,1
2,0,0,0,2
1,0,0,0,1
1,0,0,0,1
2,0,0,0,2
1,0,0,0,1
3,6,0,0,9
1,0,0,0,1
1,0,0,0,1
1,0,0,0,1
1,0,0,0,1
6,0,0,0,6
2,0,0,0,2
1,0,0,0,1
1,0,0,0,1
4,0,0,0,4
2,0,0,0,2
1,0,0,0,1
2,0,0,0,2
2,0,0,0,2
1,0,0,0,1
1,0,0,0,1
4,0,0,0,4
4,0,0,0,4
1,0,0,0,1
1,0,0,0,1
1,0,0,0,1
1,0,0,0,1
1,0,0,0,1
5,0,0,0,5
1,0,0,0,1
1,0,0,0,1
2,0,0,0,2
1,0,0,0,1
2,0,0,0,2
1,0,0,0,1
1,0,0,0,1
1,0,0,0,1
1,0,0,0,1
2,0,0,0,2
2,0,0,0,2
2,0,0,0,2
1,0,0,0,1
1,0,0,0,1
6,0,0,0,6
4,3,0,0,7
1,0,0,0,1
1,0,0,0,1
2,3,0,0,5
1,0,0,0,1
4,0,0,0,4
1,0,0,0,1
1,0,0,0,1
2,0,0,0,2
1,17,0,0,18
2,0,0,0,2
1,0,0,0,1
1,0,0,0,1
1,0,0,0,1
1,0,0,0,1
1,0,0,0,1
1,0,0,0,1
1,0,0,0,1
1,0,0,0,1
1,0,0,0,1
1,0,0,0,1
4,0,0,0,4
1,0,0,0,1
3,0,0,0,3
4,2,0,0,6
1,0,0,0,1
1,0,0,0,1
1,0,0,0,1
2,0,0,0,2
1,0,0,0,1
1,0,0,0,1
1,0,0,0,1
1,0,0,0,1
1,0,0,0,1
3,0,0,0,3
1,0,0,0,1
1,0,0,0,1
3,0,0,0,3
7,0,0,0,7
1,0,0,0,1
1,0,0,0,1
1,0,0,0,1
1,0,0,0,1
1,0,0,0,1
1,0,0,0,1
1,70,0,0,71
1,0,0,0,1
2,0,0,0,2
1,0,0,0,1
1,0,0,0,1
2,0,0,0,2
1,0,0,0,1
1,0,0,0,1
1,0,0,0,1
2,0,0,0,2
3,0,0,0,3
1,0,0,0,1
1,0,0,0,1
1,0,0,0,1
1,0,0,0,1
1,0,0,0,1
1,0,0,0,1
4,0,0,0,4
4,0,0,0,4
1,0,0,0,1
2,0,0,0,2
1,0,0,0,1
1,0,0,0,1
1,0,0,0,1
2,0,0,0,2
1,0,0,0,1
1,0,0,0,1
1,0,0,0,1
3,0,0,0,3
1,0,0,0,1
1,0,0,0,1
1,0,0,0,1
2,0,0,0,2
3,0,0,0,3
1,0,0,0,1
1,0,0,0,1
1,0,0,0,1
2,0,0,0,2
1,0,0,0,1
2,0,0,0,2
4,0,0,0,4
1,0,0,0,1
2,0,0,0,2
1,0,0,0,1
2,7,1,0,10
2,0,0,0,2
1,0,0,0,1
1,0,0,0,1
1,0,0,0,1
1,0,0,0,1
1,0,0,0,1
1,0,0,0,1
1,0,0,0,1
1,0,0,0,1
1,0,0,0,1
2,0,0,0,2
1,0,0,0,1
1,0,0,0,1
2,0,0,0,2
1,0,0,0,1
3,0,0,0,3
1,0,0,0,1
1,0,0,0,1
1,0,0,0,1
1,0,0,0,1
1,0,0,0,1
1,0,0,0,1
2,0,0,0,2
1,0,0,0,1
1,0,0,0,1
1,0,0,0,1
1,0,0,0,1
1,0,0,0,1
1,0,0,0,1
1,0,0,0,1
1,0,0,0,1
1,0,0,0,1
1,0,0,0,1
2,0,0,0,2
1,0,0,0,1
3,4,0,0,7
1,0,0,0,1
1,0,0,0,1
1,0,0,0,1
1,0,0,0,1
1,0,0,0,1
1,0,0,0,1
1,0,0,0,1
1,0,0,0,1
1,0,0,0,1
4,2,0,0,6
1,0,0,0,1
2,0,0,0,2
1,0,0,0,1
5,0,0,0,5
1,0,0,0,1
2,0,0,0,2
1,0,0,0,1
1,0,0,0,1
1,0,0,0,1
2,0,0,0,2
1,0,0,0,1
1,0,0,0,1
1,0,0,0,1
1,0,0,0,1
3,0,0,0,3
1,0,0,0,1
4,0,0,0,4
1,0,0,0,1
1,0,0,0,1
1,0,0,0,1
1,0,0,0,1
1,0,0,0,1
5,2,0,0,7
6,0,0,0,6
1,0,0,0,1
1,0,0,0,1
1,0,0,0,1
1,0,0,0,1
1,0,0,0,1
1,0,0,0,1
1,0,0,0,1
1,8,0,0,9
1,0,0,0,1
1,0,0,0,1
1,0,0,0,1
1,0,0,0,1
1,0,0,0,1
1,0,0,0,1
1,0,0,0,1
1,0,0,0,1
2,0,0,0,2
1,0,0,0,1
1,0,0,0,1
2,0,0,0,2
1,0,0,0,1
1,0,1,0,2
1,0,0,0,1
1,0,0,0,1
1,0,0,0,1
1,0,0,0,1
1,0,0,0,1
1,0,0,0,1
1,0,0,0,1
2,0,0,0,2
2,0,0,0,2
1,0,0,0,1
1,0,0,0,1
1,0,0,0,1
1,0,0,0,1
1,0,0,0,1
2,0,0,0,2
1,0,0,0,1
1,0,0,0,1
1,0,0,0,1
2,0,0,0,2
2,0,0,0,2
1,0,0,0,1
1,0,0,0,1
1,0,0,0,1
2,0,0,0,2
3,0,0,0,3
1,0,0,0,1
1,0,0,0,1
3,0,0,0,3
1,0,0,0,1
1,0,0,0,1
1,0,0,0,1
1,0,0,0,1
1,0,0,0,1
5,0,0,0,5
1,0,0,0,1
1,0,0,0,1
4,0,0,0,4
1,0,0,0,1
8,0,0,0,8
1,0,0,0,1
1,0,0,0,1
3,4,0,0,7
1,0,0,0,1
1,0,0,0,1
3,0,0,0,3
1,0,0,0,1
1,0,0,0,1
1,0,0,0,1
7,0,0,0,7
1,0,0,0,1
1,0,0,0,1
1,0,0,0,1
1,0,0,0,1
1,0,0,0,1
4,7,0,0,11
1,0,0,0,1
1,0,0,0,1
1,0,0,0,1
1,0,0,0,1
1,0,0,0,1
6,0,0,0,6
1,0,0,0,1
1,0,0,0,1
1,0,0,0,1
2,0,0,0,2
3,0,0,0,3
1,0,0,0,1
1,0,0,0,1
5,0,0,0,5
1,0,0,0,1
1,0,0,0,1
1,0,0,0,1
1,0,0,0,1
1,0,0,0,1
1,0,0,0,1
1,0,0,0,1
1,0,0,0,1
3,0,0,0,3
2,0,0,0,2
2,0,0,0,2
1,0,0,0,1
1,0,0,0,1
2,0,0,0,2
1,0,0,0,1
1,0,0,0,1
1,0,0,0,1
1,0,0,0,1
1,0,0,0,1
3,0,0,0,3
1,0,0,0,1
1,0,0,0,1
1,0,0,0,1
1,0,0,0,1
1,0,0,0,1
1,0,0,0,1
1,0,0,0,1
1,0,0,0,1
1,0,0,0,1
1,0,0,0,1
1,0,0,0,1
1,0,0,0,1
2,2,0,0,4
1,0,0,0,1
1,0,0,0,1
2,0,0,0,2
3,0,0,0,3
2,0,0,0,2
1,0,0,0,1
1,0,0,0,1
1,0,0,0,1
6,2,0,0,8
2,0,0,0,2
3,0,0,0,3
1,0,0,0,1
1,0,0,0,1
5,0,0,0,5
2,3,0,0,5
1,0,0,0,1
1,0,0,0,1
1,0,0,0,1
1,0,0,0,1
1,0,0,0,1
1,0,0,0,1
6,0,0,0,6
1,0,0,0,1
1,0,0,0,1
1,0,0,0,1
1,0,0,0,1
1,0,0,0,1
2,0,0,0,2
1,0,0,0,1
1,0,0,0,1
1,0,0,0,1
1,0,0,0,1
2,0,0,0,2
1,0,0,0,1
2,0,0,0,2
1,0,0,0,1
1,0,0,0,1
1,0,0,0,1
1,0,0,0,1
2,0,0,0,2
1,0,0,0,1
2,0,0,0,2
1,0,0,0,1
2,0,0,0,2
1,0,0,0,1
1,0,0,0,1
1,0,0,0,1
7,11,0,0,18
1,0,0,0,1
1,0,0,0,1
1,0,0,0,1
1,0,0,0,1
1,0,0,0,1
1,0,0,0,1
2,1,0,0,3
2,0,0,0,2
1,0,0,0,1
7,0,0,0,7
1,0,0,0,1
2,0,0,0,2
1,0,0,0,1
1,0,0,0,1
1,0,0,0,1
7,2,0,0,9
2,0,0,0,2
2,0,0,0,2
1,0,0,0,1
2,11,0,0,13
1,0,0,0,1
1,0,0,0,1
1,0,0,0,1
1,1,0,0,2
2,0,0,0,2
6,0,0,0,6
2,0,0,0,2
3,0,0,0,3
3,0,0,0,3
1,0,0,0,1
1,0,0,0,1
1,0,0,0,1
2,0,0,0,2
3,0,0,0,3
1,0,0,0,1
1,0,0,0,1
5,0,0,0,5
1,0,0,0,1
4,0,0,0,4
1,0,0,0,1
2,0,0,0,2
1,0,0,0,1
1,0,0,0,1
1,0,0,0,1
1,0,0,0,1
2,0,0,0,2
7,0,0,0,7
3,0,0,0,3
1,0,0,0,1
1,0,0,0,1
5,0,0,0,5
1,0,0,0,1
1,0,0,0,1
1,0,0,0,1
1,0,0,0,1
1,0,0,0,1
1,0,0,0,1
1,0,0,0,1
1,0,0,0,1
2,0,0,0,2
1,0,0,0,1
1,0,0,0,1
1,0,0,0,1
1,0,0,0,1
1,0,0,0,1
1,0,0,0,1
1,0,0,0,1
1,0,0,0,1
1,1,1,0,3
1,0,0,0,1
1,0,0,0,1
1,0,0,0,1
1,0,0,0,1
2,0,0,0,2
3,0,0,0,3
1,0,0,0,1
1,0,0,0,1
1,0,0,0,1
1,0,0,0,1
3,0,0,0,3
1,0,0,0,1
1,0,0,0,1
3,0,0,0,3
1,0,0,0,1
1,0,0,0,1
1,0,0,0,1
2,0,0,0,2
1,0,0,0,1
1,0,0,0,1
3,0,0,0,3
1,0,0,0,1
1,0,0,0,1
1,0,0,0,1
15,0,0,0,15
1,0,0,0,1
3,2,0,0,5
1,0,0,0,1
2,0,0,0,2
1,0,0,0,1
1,0,0,0,1
1,0,0,0,1
1,0,0,0,1
1,0,0,0,1
1,0,0,0,1
1,0,0,0,1
1,0,0,0,1
1,0,0,0,1
2,0,0,0,2
1,0,0,0,1
1,0,0,0,1
2,0,0,0,2
1,0,0,0,1
2,0,0,0,2
4,1,0,0,5
1,0,0,0,1
1,0,0,0,1
1,0,0,0,1
2,0,0,0,2
2,0,0,0,2
1,0,0,0,1
1,0,0,0,1
1,0,0,0,1
2,0,0,0,2
3,11,0,0,14
1,0,0,0,1
1,0,0,0,1
1,0,0,0,1
1,0,0,0,1
1,0,0,0,1
2,0,0,0,2
1,0,0,0,1
1,0,0,0,1
10,0,0,0,10
1,0,0,0,1
1,0,0,0,1
1,0,0,0,1
1,0,0,0,1
4,0,0,0,4
1,0,0,0,1
1,0,0,0,1
6,0,0,0,6
4,0,0,0,4
1,0,0,0,1
1,0,0,0,1
6,4,0,0,10
1,0,0,0,1
1,0,0,0,1
3,0,0,0,3
1,0,0,0,1
1,0,0,0,1
9,5,0,0,14
1,0,0,0,1
1,0,0,0,1
1,0,0,0,1
1,0,0,0,1
1,0,0,0,1
1,0,0,0,1
1,0,0,0,1
1,0,0,0,1
1,0,0,0,1
1,0,0,0,1
2,0,0,0,2
6,0,0,0,6
3,0,0,0,3
1,0,0,0,1
6,2,1,0,9
2,0,0,0,2
2,0,0,0,2
1,0,0,0,1
5,8,1,0,14
1,0,0,0,1
1,0,0,0,1
1,0,0,0,1
2,0,0,0,2
1,0,0,0,1
1,0,0,0,1
1,0,0,0,1
1,0,0,0,1
1,0,0,0,1
1,0,0,0,1
2,0,0,0,2
1,0,0,0,1
1,0,0,0,1
1,0,0,0,1
4,0,0,0,4
1,0,0,0,1
1,0,0,0,1
1,0,0,0,1
2,0,0,0,2
1,0,0,0,1
1,0,0,0,1
1,0,0,0,1
1,0,0,0,1
1,0,0,0,1
1,0,0,0,1
2,0,0,0,2
1,0,0,0,1
1,0,0,0,1
2,0,0,0,2
2,5,0,0,7
1,0,0,0,1
3,0,1,0,4
1,0,0,0,1
1,0,0,0,1
1,1,1,0,3
2,0,0,0,2
1,0,0,0,1
3,0,0,0,3
2,0,0,0,2
4,0,0,0,4
1,0,0,0,1
1,0,0,0,1
1,0,0,0,1
12,0,0,0,12
1,0,0,0,1
1,0,0,0,1
2,0,0,0,2
1,0,0,0,1
1,0,0,0,1
1,0,1,0,2
2,0,0,0,2
1,0,0,0,1
1,0,0,0,1
1,0,0,0,1
1,0,0,0,1
1,0,0,0,1
5,0,0,0,5
2,1,0,0,3
1,0,0,0,1
1,0,0,0,1
1,0,0,0,1
1,0,0,0,1
5,0,0,0,5
1,0,0,0,1
1,0,0,0,1
1,0,0,0,1
1,0,0,0,1
1,0,0,0,1
1,0,0,0,1
1,0,0,0,1
1,0,0,0,1
1,0,0,0,1
1,0,0,0,1
1,0,0,0,1
1,0,0,0,1
1,0,0,0,1
1,0,0,0,1
1,0,0,0,1
1,0,0,0,1
2,0,0,0,2
1,0,0,0,1
1,0,0,0,1
1,0,0,0,1
4,0,0,0,4
1,0,0,0,1
1,0,0,0,1
1,0,0,0,1
1,0,0,0,1
1,0,0,0,1
1,0,0,0,1
1,0,0,0,1
2,0,0,0,2
1,0,0,0,1
2,0,0,0,2
1,0,0,0,1
1,0,0,0,1
3,0,0,0,3
1,0,0,0,1
1,0,0,0,1
3,0,1,0,4
1,0,0,0,1
1,0,0,0,1
1,0,0,0,1
1,0,0,0,1
1,0,0,0,1
1,0,0,0,1
1,0,0,0,1
2,0,0,0,2
7,0,0,0,7
1,0,0,0,1
1,0,0,0,1
1,0,0,0,1
1,0,0,0,1
1,0,0,0,1
1,0,0,0,1
1,0,0,0,1
3,0,0,0,3
1,0,0,0,1
3,0,0,0,3
2,0,0,0,2
3,0,0,0,3
1,0,0,0,1
1,0,0,0,1
3,0,0,0,3
6,0,0,0,6
1,0,0,0,1
1,0,0,0,1
1,0,0,0,1
1,0,0,0,1
2,0,0,0,2
1,0,0,0,1
1,0,0,0,1
4,0,0,0,4
2,0,0,0,2
2,0,0,0,2
1,0,0,0,1
1,0,0,0,1
2,0,0,0,2
4,0,0,0,4
1,0,0,0,1
1,0,0,0,1
1,0,0,0,1
1,0,0,0,1
1,0,0,0,1
1,0,0,0,1
1,0,0,0,1
1,2,0,0,3
1,0,0,0,1
2,0,0,0,2
1,0,0,0,1
1,0,0,0,1
2,0,0,0,2
1,0,0,0,1
1,0,0,0,1
1,0,0,0,1
2,0,0,0,2
1,3,0,0,4
3,17,0,0,20
1,0,0,0,1
1,0,0,0,1
1,0,0,0,1
1,0,0,0,1
1,0,0,0,1
1,0,0,0,1
1,0,0,0,1
1,0,0,0,1
2,0,0,0,2
1,0,0,0,1
2,2,0,0,4
3,0,0,0,3
1,0,0,0,1
1,0,0,0,1
1,0,0,0,1
1,0,0,0,1
1,0,0,0,1
1,0,0,0,1
2,0,0,0,2
1,0,0,0,1
1,2,0,0,3
1,0,0,0,1
1,0,0,0,1
2,0,0,0,2
1,0,0,0,1
1,0,0,0,1
3,0,0,0,3
1,0,0,0,1
1,0,0,0,1
1,0,0,0,1
1,0,0,0,1
3,0,0,0,3
1,0,0,0,1
2,53,0,0,55
1,0,0,0,1
2,0,0,0,2
1,0,0,0,1
1,0,0,0,1
1,0,0,0,1
1,0,0,0,1
1,6,0,0,7
1,0,0,0,1
3,0,0,0,3
1,0,0,0,1
2,0,0,0,2
1,0,0,0,1
1,0,0,0,1
4,0,0,0,4
2,0,0,0,2
1,0,0,0,1
2,0,0,0,2
1,0,0,0,1
3,0,0,0,3
2,0,0,0,2
1,0,0,0,1
2,0,0,0,2
1,0,0,0,1
2,0,0,0,2
1,0,0,0,1
1,0,0,0,1
2,2,0,0,4
1,0,0,0,1
5,0,1,0,6
1,0,0,0,1
5,0,0,0,5
1,0,0,0,1
1,0,0,0,1
1,0,0,0,1
1,0,0,0,1
1,0,0,0,1
1,0,0,0,1
1,0,0,0,1
1,0,0,0,1
1,0,0,0,1
1,0,0,0,1
1,0,0,0,1
1,0,0,0,1
1,0,0,0,1
2,0,0,0,2
1,0,0,0,1
1,0,0,0,1
1,0,0,0,1
1,0,0,0,1
3,0,0,0,3
2,0,0,0,2
2,0,0,0,2
1,0,0,0,1
1,0,0,0,1
1,0,0,0,1
1,0,0,0,1
1,132,0,0,133
1,0,0,0,1
1,0,0,0,1
2,0,0,0,2
4,35,0,0,39
1,0,0,0,1
1,0,0,0,1
1,0,0,0,1
2,0,0,0,2
1,1,0,0,2
1,0,0,0,1
6,0,0,0,6
1,0,0,0,1
1,1,0,0,2
1,0,0,0,1
1,0,0,0,1
1,0,0,0,1
1,0,0,0,1
1,0,0,0,1
1,0,0,0,1
1,0,0,0,1
1,0,0,0,1
3,0,0,0,3
2,0,0,0,2
1,0,0,0,1
1,0,0,0,1
6,0,0,0,6
1,0,0,0,1
4,1,0,0,5
1,0,0,0,1
1,1,0,0,2
1,0,0,0,1
3,0,0,0,3
1,0,0,0,1
3,0,0,0,3
1,0,0,0,1
1,0,0,0,1
1,0,0,0,1
10,1,0,0,11
1,0,0,0,1
1,0,0,0,1
1,0,0,0,1
1,2,0,0,3
1,0,0,0,1
1,0,0,0,1
1,0,0,0,1
1,0,0,0,1
1,0,0,0,1
1,0,0,0,1
1,0,0,0,1
1,0,0,0,1
3,0,0,0,3
1,0,0,0,1
1,1,0,0,2
1,0,0,0,1
1,0,1,0,2
1,0,0,0,1
2,0,0,0,2
1,0,0,0,1
1,0,0,0,1
1,0,0,0,1
1,0,0,0,1
2,1,0,0,3
2,0,0,0,2
1,0,0,0,1
1,0,0,0,1
1,0,0,0,1
2,0,0,0,2
1,0,0,0,1
3,0,0,0,3
1,0,0,0,1
1,0,0,0,1
1,0,0,0,1
1,0,0,0,1
1,0,0,0,1
1,0,0,0,1
3,19,3,0,25
1,0,0,0,1
2,0,0,0,2
1,0,0,0,1
2,0,0,0,2
1,0,0,0,1
3,0,3,0,6
9,9,0,0,18
1,0,0,0,1
2,0,0,0,2
6,0,0,0,6
1,0,0,0,1
1,0,0,0,1
1,0,0,0,1
1,0,0,0,1
2,0,0,0,2
1,0,0,0,1
2,0,0,0,2
1,0,0,0,1
1,0,0,0,1
2,0,0,0,2
1,0,0,0,1
4,0,0,0,4
1,0,0,0,1
1,0,0,0,1
1,0,0,0,1
1,0,0,0,1
6,1,2,0,9
1,0,0,0,1
1,0,0,0,1
1,0,0,0,1
2,0,0,0,2
1,0,0,0,1
1,0,0,0,1
1,0,0,0,1
1,0,0,0,1
2,1,0,0,3
1,0,0,0,1
1,0,0,0,1
1,0,0,0,1
1,0,0,0,1
4,0,0,0,4
4,0,0,0,4
4,0,0,0,4
1,0,0,0,1
1,0,0,0,1
2,0,0,0,2
1,0,0,0,1
1,0,0,0,1
1,0,0,0,1
1,0,0,0,1
1,0,0,0,1
1,0,0,0,1
3,2,0,0,5
1,0,0,0,1
1,0,0,0,1
2,0,0,0,2
1,0,0,0,1
1,0,0,0,1
1,0,0,0,1
2,0,0,0,2
1,0,0,0,1
2,0,0,0,2
1,0,0,0,1
1,0,0,0,1
2,0,0,0,2
1,0,0,0,1
2,0,0,0,2
3,9,0,0,12
1,0,0,0,1
5,0,1,0,6
1,0,0,0,1
1,0,0,0,1
1,0,0,0,1
1,0,0,0,1
1,0,0,0,1
2,0,0,0,2
5,0,0,0,5
1,0,0,0,1
1,0,0,0,1
1,0,0,0,1
1,0,0,0,1
2,0,0,0,2
1,0,0,0,1
1,0,0,0,1
3,0,0,0,3
1,0,0,0,1
1,0,0,0,1
3,0,0,0,3
1,0,0,0,1
1,0,0,0,1
1,0,0,0,1
3,0,0,0,3
1,0,0,0,1
2,0,0,0,2
1,0,0,0,1
1,0,0,0,1
1,0,0,0,1
4,0,0,0,4
1,0,0,0,1
2,6,0,0,8
1,0,0,0,1
3,0,0,0,3
1,0,0,0,1
1,0,0,0,1
3,0,0,0,3
1,0,0,0,1
1,2,0,0,3
3,0,0,0,3
1,0,0,0,1
1,0,0,0,1
3,0,0,0,3
1,0,0,0,1
1,0,0,0,1
1,0,0,0,1
1,0,0,0,1
4,0,0,0,4
2,0,0,0,2
1,0,0,0,1
1,0,0,0,1
5,0,0,0,5
1,0,0,0,1
1,0,0,0,1
1,0,0,0,1
1,0,0,0,1
1,0,0,0,1
1,1,1,0,3
1,0,0,0,1
1,0,0,0,1
1,0,0,0,1
2,1,1,0,4
1,0,0,0,1
3,0,0,0,3
1,0,0,0,1
1,1,0,0,2
1,0,0,0,1
1,0,0,0,1
1,0,0,0,1
3,0,0,0,3
1,0,0,0,1
2,0,0,0,2
1,0,0,0,1
1,1,0,0,2
1,1,1,0,3
1,0,0,0,1
2,0,0,0,2
1,0,0,0,1
3,0,0,0,3
2,0,0,0,2
1,0,0,0,1
2,0,0,0,2
1,0,0,0,1
1,0,0,0,1
1,0,0,0,1
1,0,0,0,1
2,0,0,0,2
1,0,0,0,1
1,0,0,0,1
1,0,0,0,1
1,0,0,0,1
1,0,0,0,1
1,0,0,0,1
2,0,0,0,2
2,0,0,0,2
1,0,0,0,1
1,0,0,0,1
2,0,0,0,2
1,0,0,0,1
1,0,0,0,1
3,0,0,0,3
2,0,0,0,2
1,0,0,0,1
1,0,0,0,1
1,0,0,0,1
1,0,0,0,1
1,0,0,0,1
1,0,0,0,1
2,0,0,0,2
1,0,0,0,1
1,0,0,0,1
3,0,0,0,3
1,0,0,0,1
2,0,0,0,2
1,0,0,0,1
1,0,0,0,1
1,0,0,0,1
1,0,0,0,1
1,0,0,0,1
1,0,0,0,1
3,0,0,0,3
1,0,0,0,1
2,0,0,0,2
1,0,0,0,1
1,0,0,0,1
1,0,0,0,1
1,0,0,0,1
1,0,0,0,1
1,0,0,0,1
1,0,0,0,1
1,0,0,0,1
1,0,0,0,1
1,0,0,0,1
1,0,0,0,1
3,0,0,0,3
3,0,0,0,3
1,0,0,0,1
1,0,0,0,1
1,0,0,0,1
1,0,0,0,1
1,0,0,0,1
1,4,0,0,5
1,0,0,0,1
1,14,0,0,15
1,0,0,0,1
1,0,0,0,1
1,0,0,0,1
2,0,0,0,2
1,3,0,0,4
1,0,0,0,1
3,0,0,0,3
1,0,0,0,1
1,0,0,0,1
1,0,0,0,1
1,0,0,0,1
2,0,0,0,2
1,0,0,0,1
1,0,0,0,1
1,0,0,0,1
1,0,0,0,1
1,0,0,0,1
2,0,0,0,2
1,0,0,0,1
1,0,0,0,1
1,0,0,0,1
2,0,0,0,2
1,0,0,0,1
5,0,0,0,5
2,0,0,0,2
1,0,0,0,1
2,0,0,0,2
1,0,0,0,1
4,0,0,0,4
3,12,0,0,15
1,0,0,0,1
2,0,0,0,2
2,0,0,0,2
1,0,0,0,1
2,0,0,0,2
1,0,0,0,1
1,0,0,0,1
3,0,0,0,3
1,0,0,0,1
3,0,0,0,3
1,0,0,0,1
1,0,0,0,1
1,0,0,0,1
1,0,0,0,1
1,0,0,0,1
3,0,0,0,3
1,0,0,0,1
1,0,0,0,1
3,0,0,0,3
2,0,0,0,2
1,0,0,0,1
1,0,0,0,1
1,0,0,0,1
6,0,0,0,6
1,0,0,0,1
1,0,0,0,1
1,3,1,0,5
1,0,0,0,1
4,0,0,0,4
1,0,0,0,1
1,0,0,0,1
1,0,0,0,1
1,0,0,0,1
1,0,0,0,1
1,0,0,0,1
3,0,0,0,3
1,0,0,0,1
2,0,0,0,2
1,0,0,0,1
1,0,0,0,1
1,225,0,0,226
1,0,0,0,1
1,0,0,0,1
2,0,0,0,2
1,0,0,0,1
2,0,0,0,2
1,0,0,0,1
1,0,0,0,1
1,0,0,0,1
3,0,0,0,3
1,0,0,0,1
1,0,0,0,1
1,0,0,0,1
1,0,0,0,1
1,0,0,0,1
1,0,0,0,1
1,0,0,0,1
1,0,0,0,1
1,0,0,0,1
1,0,0,0,1
3,0,0,0,3
1,0,0,0,1
1,0,0,0,1
1,0,0,0,1
5,0,0,0,5
1,0,0,0,1
1,0,0,0,1
2,0,0,0,2
3,0,0,0,3
1,1,0,0,2
1,0,0,0,1
2,0,0,0,2
1,0,0,0,1
1,0,0,0,1
1,5,1,0,7
1,0,0,0,1
1,0,0,0,1
1,0,0,0,1
1,0,0,0,1
1,0,0,0,1
6,0,0,0,6
1,0,0,0,1
2,3,0,0,5
1,0,0,0,1
4,0,0,0,4
1,0,0,0,1
1,0,0,0,1
1,1,0,0,2
1,0,0,0,1
1,0,0,0,1
2,0,0,0,2
2,0,0,0,2
1,0,0,0,1
2,0,0,0,2
4,0,0,0,4
1,0,0,0,1
1,0,0,0,1
1,0,0,0,1
5,0,0,0,5
1,0,0,0,1
2,0,0,0,2
1,0,0,0,1
2,0,0,0,2
1,0,0,0,1
2,0,0,0,2
1,0,0,0,1
1,0,0,0,1
1,0,0,0,1
1,0,0,0,1
1,0,0,0,1
1,0,0,0,1
1,0,0,0,1
4,0,0,0,4
1,0,0,0,1
1,0,0,0,1
1,0,0,0,1
1,0,0,0,1
1,0,0,0,1
1,0,0,0,1
1,0,0,0,1
2,7,0,0,9
1,0,0,0,1
1,0,0,0,1
1,0,0,0,1
1,0,0,0,1
1,0,0,0,1
1,0,0,0,1
1,0,0,0,1
1,0,0,0,1
1,0,0,0,1
3,0,0,0,3
1,0,0,0,1
1,0,0,0,1
1,0,0,0,1
1,0,0,0,1
6,1,0,0,7
3,0,0,0,3
1,0,0,0,1
1,0,0,0,1
1,5,0,0,6
1,0,0,0,1
7,0,0,0,7
2,0,0,0,2
3,0,0,0,3
1,0,0,0,1
2,0,0,0,2
2,0,0,0,2
3,1,0,0,4
1,0,0,0,1
8,0,0,0,8
2,0,0,0,2
2,0,0,0,2
1,0,0,0,1
1,0,0,0,1
4,0,0,0,4
1,0,0,0,1
3,0,0,0,3
3,0,0,0,3
1,0,0,0,1
2,0,0,0,2
1,3,0,0,4
1,0,0,0,1
1,0,0,0,1
1,1,0,0,2
1,0,0,0,1
1,0,0,0,1
1,0,0,0,1
1,0,0,0,1
3,0,0,0,3
1,0,0,0,1
2,0,0,0,2
1,0,0,0,1
1,0,0,0,1
1,0,0,0,1
1,0,0,0,1
1,0,0,0,1
1,0,0,0,1
1,0,0,0,1
1,0,0,0,1
3,0,0,0,3
1,0,0,0,1
1,0,0,0,1
1,0,0,0,1
1,10,0,0,11
1,0,0,0,1
2,0,0,0,2
3,0,0,0,3
1,0,0,0,1
1,0,0,0,1
1,0,0,0,1
2,0,0,0,2
1,0,0,0,1
1,0,0,0,1
4,0,0,0,4
1,0,0,0,1
1,0,0,0,1
1,0,0,0,1
2,0,0,0,2
4,3,0,0,7
2,0,0,0,2
1,0,0,0,1
1,0,0,0,1
2,0,0,0,2
5,0,0,0,5
2,0,0,0,2
1,0,0,0,1
1,0,0,0,1
1,0,0,0,1
1,0,0,0,1
1,0,0,0,1
2,0,0,0,2
2,0,0,0,2
1,0,0,0,1
1,0,0,0,1
1,0,0,0,1
1,0,0,0,1
1,0,0,0,1
1,0,0,0,1
1,0,0,0,1
2,0,0,0,2
1,0,0,0,1
1,0,0,0,1
1,0,0,0,1
1,2,0,0,3
1,0,0,0,1
1,0,0,0,1
1,0,0,0,1
1,0,0,0,1
2,0,0,0,2
2,0,0,0,2
1,0,0,0,1
1,0,0,0,1
1,0,0,0,1
1,0,0,0,1
1,0,0,0,1
1,0,0,0,1
2,0,0,0,2
3,0,0,0,3
1,0,0,0,1
2,0,0,0,2
1,0,0,0,1
2,0,0,0,2
1,0,0,0,1
1,0,0,0,1
1,0,0,0,1
1,0,0,0,1
1,0,0,0,1
6,10,0,0,16
1,0,0,0,1
1,0,0,0,1
1,0,0,0,1
1,0,0,0,1
1,0,0,0,1
1,0,0,0,1
5,0,0,0,5
1,4,0,0,5
1,0,0,0,1
1,0,0,0,1
1,0,0,0,1
1,0,0,0,1
1,0,0,0,1
1,0,0,0,1
2,0,0,0,2
1,0,0,0,1
2,0,0,0,2
1,0,0,0,1
1,0,0,0,1
1,0,0,0,1
1,54,0,0,55
1,0,0,0,1
3,131,0,0,134
1,0,0,0,1
2,0,0,0,2
1,0,0,0,1
3,0,0,0,3
3,0,0,0,3
1,0,0,0,1
1,0,0,0,1
4,1,0,0,5
1,0,0,0,1
1,0,0,0,1
3,0,0,0,3
1,0,0,0,1
1,0,0,0,1
1,0,0,0,1
7,1,1,0,9
1,0,0,0,1
1,0,0,0,1
1,0,0,0,1
1,0,0,0,1
1,0,0,0,1
4,0,0,0,4
1,0,0,0,1
2,0,0,0,2
1,0,0,0,1
2,0,0,0,2
1,0,0,0,1
1,0,0,0,1
1,0,0,0,1
1,0,0,0,1
2,0,0,0,2
2,0,0,0,2
1,0,0,0,1
3,0,0,0,3
1,0,0,0,1
1,1,0,0,2
1,0,0,0,1
6,0,0,0,6
1,0,0,0,1
1,0,0,0,1
1,0,0,0,1
5,0,0,0,5
1,0,0,0,1
1,0,0,0,1
2,0,0,0,2
2,43,0,0,45
1,0,0,0,1
4,0,0,0,4
1,0,0,0,1
1,0,0,0,1
2,0,0,0,2
1,0,0,0,1
1,0,0,0,1
1,0,0,0,1
1,0,0,0,1
3,3,0,0,6
1,0,0,0,1
1,0,0,0,1
1,28,0,0,29
1,0,0,0,1
1,0,0,0,1
4,0,0,0,4
2,0,0,0,2
1,0,0,0,1
2,0,0,0,2
1,0,0,0,1
1,0,0,0,1
1,0,0,0,1
2,0,0,0,2
1,0,0,0,1
1,0,0,0,1
4,0,0,0,4
3,0,0,0,3
1,0,0,0,1
1,9,3,0,13
1,0,0,0,1
1,0,0,0,1
1,0,0,0,1
1,0,0,0,1
1,0,0,0,1
4,0,0,0,4
2,0,0,0,2
6,0,0,0,6
1,0,0,0,1
1,0,0,0,1
1,0,0,0,1
3,2,0,0,5
1,0,0,0,1
3,0,0,0,3
1,0,0,0,1
1,0,0,0,1
1,0,0,0,1
1,0,0,0,1
1,0,0,0,1
1,0,0,0,1
1,0,0,0,1
1,0,0,0,1
1,0,0,0,1
2,0,0,0,2
1,0,0,0,1
1,0,0,0,1
2,0,0,0,2
1,0,0,0,1
1,0,0,0,1
2,0,0,0,2
1,0,0,0,1
2,0,0,0,2
2,0,0,0,2
1,0,0,0,1
1,0,0,0,1
7,0,0,0,7
6,0,0,0,6
2,0,0,0,2
1,0,0,0,1
1,0,0,0,1
1,0,0,0,1
2,0,0,0,2
4,0,0,0,4
1,0,0,0,1
1,0,0,0,1
1,0,0,0,1
1,0,0,0,1
3,0,0,0,3
2,0,0,0,2
2,0,0,0,2
1,0,0,0,1
1,0,0,0,1
1,0,0,0,1
2,0,0,0,2
1,0,0,0,1
1,0,0,0,1
1,0,0,0,1
1,0,0,0,1
1,0,0,0,1
2,0,0,0,2
1,0,0,0,1
1,0,0,0,1
1,0,0,0,1
2,0,0,0,2
1,0,0,0,1
1,0,0,0,1
1,0,0,0,1
1,0,0,0,1
1,0,0,0,1
1,0,0,0,1
1,0,0,0,1
1,0,0,0,1
1,0,0,0,1
1,0,0,0,1
1,0,0,0,1
1,0,0,0,1
1,0,0,0,1
1,2,0,0,3
1,0,0,0,1
3,0,0,0,3
1,0,0,0,1
1,0,0,0,1
1,0,0,0,1
1,0,0,0,1
1,0,0,0,1
1,0,0,0,1
3,0,0,0,3
1,0,0,0,1
1,0,0,0,1
1,0,0,0,1
7,0,0,0,7
1,0,0,0,1
1,0,0,0,1
1,0,0,0,1
1,0,0,0,1
1,0,0,0,1
1,0,0,0,1
1,0,0,0,1
1,0,0,0,1
2,0,0,0,2
3,0,0,0,3
1,0,0,0,1
1,0,0,0,1
1,0,0,0,1
1,0,0,0,1
1,0,0,0,1
1,0,0,0,1
1,0,0,0,1
1,0,0,0,1
1,0,0,0,1
3,0,0,0,3
1,0,0,0,1
3,0,0,0,3
1,0,0,0,1
2,634,0,0,636
1,0,0,0,1
2,0,0,0,2
1,0,0,0,1
1,0,0,0,1
4,0,0,0,4
1,0,0,0,1
1,0,0,0,1
1,0,0,0,1
1,0,0,0,1
3,0,0,0,3
8,0,0,0,8
1,0,0,0,1
1,0,0,0,1
1,0,0,0,1
1,1,0,0,2
1,0,0,0,1
1,0,0,0,1
2,0,0,0,2
1,0,0,0,1
1,0,0,0,1
1,0,0,0,1
4,0,0,0,4
3,0,0,0,3
1,0,0,0,1
1,0,0,0,1
4,0,0,0,4
1,0,0,0,1
1,0,0,0,1
1,0,0,0,1
1,0,0,0,1
1,0,0,0,1
2,0,0,0,2
1,0,0,0,1
1,0,0,0,1
2,0,0,0,2
2,0,0,0,2
2,0,0,0,2
1,0,0,0,1
1,0,0,0,1
1,0,0,0,1
3,0,0,0,3
4,0,0,0,4
1,0,0,0,1
1,0,0,0,1
1,0,0,0,1
1,0,0,0,1
1,0,0,0,1
1,0,0,0,1
4,0,0,0,4
3,0,0,0,3
1,0,0,0,1
1,0,0,0,1
1,0,0,0,1
1,0,0,0,1
1,1,1,0,3
1,0,0,0,1
1,0,0,0,1
1,0,0,0,1
1,0,0,0,1
1,0,0,0,1
1,0,0,0,1
2,0,0,0,2
1,0,0,0,1
2,0,0,0,2
1,0,0,0,1
1,0,0,0,1
1,0,0,0,1
2,0,0,0,2
1,0,0,0,1
1,0,0,0,1
1,0,0,0,1
1,0,0,0,1
2,0,0,0,2
1,0,0,0,1
3,0,0,0,3
4,0,0,0,4
1,0,0,0,1
2,0,0,0,2
1,0,0,0,1
1,0,0,0,1
1,0,0,0,1
4,0,0,0,4
1,0,0,0,1
1,0,0,0,1
1,0,0,0,1
1,0,0,0,1
1,0,0,0,1
1,0,0,0,1
2,0,0,0,2
1,0,0,0,1
1,0,0,0,1
1,0,0,0,1
5,0,0,0,5
1,0,0,0,1
1,0,0,0,1
1,0,0,0,1
1,0,0,0,1
1,0,0,0,1
1,0,0,0,1
3,0,0,0,3
1,0,0,0,1
3,0,0,0,3
1,0,0,0,1
7,0,0,0,7
1,0,0,0,1
1,0,0,0,1
1,0,0,0,1
1,0,0,0,1
3,0,0,0,3
1,0,0,0,1
5,0,0,0,5
2,0,0,0,2
1,0,0,0,1
1,0,0,0,1
1,0,0,0,1
1,0,0,0,1
1,1,0,0,2
1,3,0,0,4
1,0,0,0,1
1,0,0,0,1
1,0,0,0,1
1,0,0,0,1
1,0,0,0,1
1,0,0,0,1
1,0,0,0,1
1,0,0,0,1
1,0,0,0,1
1,0,0,0,1
1,0,0,0,1
1,0,0,0,1
2,0,0,0,2
1,0,0,0,1
1,0,0,0,1
2,0,0,0,2
1,0,0,0,1
2,0,0,0,2
1,0,0,0,1
1,0,0,0,1
1,0,0,0,1
1,0,0,0,1
1,0,0,0,1
1,0,0,0,1
2,0,0,0,2
1,0,0,0,1
1,0,0,0,1
3,0,0,0,3
1,0,0,0,1
5,0,0,0,5
3,0,0,0,3
2,0,0,0,2
1,0,0,0,1
1,0,0,0,1
1,1,0,0,2
1,0,0,0,1
1,0,0,0,1
1,0,0,0,1
1,0,0,0,1
1,0,0,0,1
1,0,0,0,1
5,0,0,0,5
1,0,0,0,1
1,0,0,0,1
1,0,0,0,1
1,0,0,0,1
1,0,0,0,1
3,0,0,0,3
1,0,0,0,1
2,0,0,0,2
2,1,1,0,4
1,0,0,0,1
1,0,0,0,1
1,0,0,0,1
4,0,0,0,4
1,0,0,0,1
1,0,0,0,1
1,0,0,0,1
1,0,0,0,1
2,0,0,0,2
1,0,0,0,1
2,0,0,0,2
3,0,0,0,3
1,0,0,0,1
1,0,0,0,1
1,0,0,0,1
1,0,0,0,1
5,11,0,0,16
1,0,0,0,1
1,0,0,0,1
1,0,0,0,1
1,0,0,0,1
2,0,0,0,2
1,0,0,0,1
2,0,0,0,2
1,0,0,0,1
1,0,0,0,1
3,0,0,0,3
1,0,0,0,1
1,0,0,0,1
1,0,0,0,1
1,0,0,0,1
1,0,0,0,1
1,0,0,0,1
7,2,0,0,9
2,0,0,0,2
2,0,0,0,2
1,0,0,0,1
2,0,0,0,2
1,0,0,0,1
1,0,0,0,1
1,0,0,0,1
1,0,0,0,1
1,0,0,0,1
1,0,0,0,1
1,0,0,0,1
1,0,0,0,1
1,0,0,0,1
1,0,0,0,1
1,0,0,0,1
1,0,0,0,1
1,0,0,0,1
1,0,0,0,1
2,1,1,0,4
1,0,0,0,1
1,0,0,0,1
1,0,0,0,1
3,0,0,0,3
1,0,0,0,1
1,0,0,0,1
2,0,0,0,2
2,0,0,0,2
1,0,0,0,1
1,0,0,0,1
1,0,0,0,1
1,0,0,0,1
1,0,0,0,1
1,0,0,0,1
1,0,0,0,1
2,0,0,0,2
1,0,0,0,1
1,0,0,0,1
2,0,0,0,2
1,0,0,0,1
1,0,0,0,1
1,0,0,0,1
1,0,0,0,1
1,0,0,0,1
2,0,0,0,2
1,0,0,0,1
1,0,0,0,1
1,0,0,0,1
1,0,0,0,1
1,0,0,0,1
1,0,0,0,1
1,0,0,0,1
1,0,0,0,1
2,0,0,0,2
2,1,1,0,4
5,1,0,0,6
2,0,0,0,2
8,1,0,0,9
1,0,0,0,1
1,0,0,0,1
1,0,0,0,1
1,0,0,0,1
2,0,0,0,2
1,0,0,0,1
1,0,0,0,1
1,0,0,0,1
1,0,0,0,1
1,0,0,0,1
1,0,0,0,1
3,0,0,0,3
1,0,0,0,1
1,0,0,0,1
1,0,0,0,1
1,0,0,0,1
1,1,0,0,2
1,0,0,0,1
2,0,0,0,2
1,0,0,0,1
1,0,0,0,1
1,0,0,0,1
2,0,0,0,2
1,0,0,0,1
2,0,0,0,2
1,0,0,0,1
1,0,0,0,1
1,3,0,0,4
1,0,0,0,1
4,0,0,0,4
4,0,0,0,4
3,15,0,0,18
1,0,0,0,1
2,0,0,0,2
1,0,0,0,1
4,1,0,0,5
1,0,0,0,1
1,0,0,0,1
1,0,0,0,1
1,0,0,0,1
1,0,0,0,1
2,0,0,0,2
1,0,0,0,1
2,0,0,0,2
1,0,0,0,1
1,0,0,0,1
3,0,0,0,3
1,0,0,0,1
3,0,0,0,3
1,0,0,0,1
1,0,0,0,1
1,0,0,0,1
2,0,0,0,2
1,0,0,0,1
3,0,0,0,3
1,0,0,0,1
1,0,0,0,1
1,0,0,0,1
1,0,0,0,1
2,0,0,0,2
5,0,0,0,5
2,0,0,0,2
1,0,0,0,1
1,0,0,0,1
1,0,0,0,1
1,0,0,0,1
1,0,0,0,1
2,0,0,0,2
2,0,0,0,2
1,0,0,0,1
1,0,0,0,1
1,0,0,0,1
1,0,0,0,1
1,0,0,0,1
1,0,0,0,1
2,0,0,0,2
1,0,0,0,1
1,0,0,0,1
1,0,0,0,1
1,0,0,0,1
1,0,0,0,1
5,4,2,0,11
1,0,0,0,1
1,0,0,0,1
1,0,0,0,1
1,0,0,0,1
1,0,0,0,1
1,0,0,0,1
1,0,0,0,1
1,1,0,0,2
1,0,0,0,1
1,0,0,0,1
1,0,0,0,1
1,0,0,0,1
1,0,0,0,1
1,0,0,0,1
1,0,0,0,1
2,0,0,0,2
1,0,0,0,1
1,0,0,0,1
1,0,0,0,1
1,0,0,0,1
1,0,0,0,1
3,0,0,0,3
4,0,0,0,4
3,0,0,0,3
2,0,0,0,2
1,0,0,0,1
1,0,0,0,1
3,0,2,0,5
1,0,0,0,1
2,0,0,0,2
1,0,0,0,1
22,53,2,0,77
2,0,0,0,2
1,0,0,0,1
1,0,0,0,1
1,0,0,0,1
1,0,0,0,1
1,0,0,0,1
1,0,0,0,1
2,0,0,0,2
8,0,0,0,8
2,0,0,0,2
1,0,0,0,1
2,0,0,0,2
1,0,0,0,1
1,0,0,0,1
2,0,0,0,2
1,0,0,0,1
1,0,0,0,1
1,0,0,0,1
1,0,0,0,1
1,0,0,0,1
1,0,0,0,1
2,0,0,0,2
1,0,0,0,1
1,0,0,0,1
1,0,0,0,1
1,0,0,0,1
1,0,0,0,1
1,0,0,0,1
1,0,0,0,1
2,0,0,0,2
3,0,0,0,3
2,0,0,0,2
4,1,0,0,5
1,0,0,0,1
2,0,0,0,2
5,0,0,0,5
1,0,0,0,1
1,0,0,0,1
1,0,0,0,1
1,0,0,0,1
2,0,0,0,2
1,0,0,0,1
1,0,0,0,1
1,0,0,0,1
1,0,0,0,1
1,0,0,0,1
4,0,0,0,4
1,0,0,0,1
1,0,0,0,1
4,0,0,0,4
1,0,0,0,1
1,0,0,0,1
1,4,0,0,5
1,0,0,0,1
1,0,0,0,1
4,0,0,0,4
2,0,0,0,2
1,0,0,0,1
1,0,0,0,1
1,0,0,0,1
1,0,0,0,1
10,0,0,0,10
5,2,0,0,7
1,0,0,0,1
3,0,0,0,3
2,0,0,0,2
2,0,0,0,2
1,0,0,0,1
1,0,0,0,1
1,0,0,0,1
1,0,0,0,1
1,0,0,0,1
1,0,0,0,1
1,0,0,0,1
2,0,0,0,2
3,0,0,0,3
2,0,0,0,2
1,0,0,0,1
3,1,0,0,4
1,0,0,0,1
1,0,0,0,1
5,0,0,0,5
2,0,0,0,2
1,0,0,0,1
1,0,0,0,1
1,0,0,0,1
1,0,0,0,1
1,0,0,0,1
3,0,0,0,3
2,0,0,0,2
1,0,0,0,1
1,0,0,0,1
1,0,0,0,1
5,0,0,0,5
1,0,0,0,1
4,0,0,0,4
2,0,0,0,2
1,0,0,0,1
2,0,0,0,2
1,0,0,0,1
1,0,0,0,1
1,0,0,0,1
2,0,0,0,2
1,0,0,0,1
4,1,0,0,5
1,0,0,0,1
1,0,0,0,1
2,0,0,0,2
13,1,1,0,15
1,0,0,0,1
1,0,0,0,1
1,0,0,0,1
1,0,0,0,1
1,0,0,0,1
2,0,0,0,2
1,0,0,0,1
1,0,0,0,1
1,0,0,0,1
1,0,0,0,1
1,0,0,0,1
1,0,0,0,1
1,0,0,0,1
1,0,0,0,1
1,0,0,0,1
1,0,0,0,1
1,0,0,0,1
1,0,0,0,1
2,0,0,0,2
1,1,0,0,2
4,0,0,0,4
1,0,0,0,1
1,0,0,0,1
1,0,0,0,1
2,0,0,0,2
1,0,0,0,1
2,0,0,0,2
2,0,0,0,2
3,0,0,0,3
1,0,0,0,1
1,0,0,0,1
1,0,0,0,1
1,0,0,0,1
1,0,0,0,1
6,0,0,0,6
1,0,0,0,1
2,0,0,0,2
1,0,0,0,1
1,0,0,0,1
1,0,0,0,1
1,0,0,0,1
2,0,0,0,2
1,0,0,0,1
2,0,0,0,2
1,0,0,0,1
1,0,0,0,1
1,0,0,0,1
1,0,0,0,1
1,0,0,0,1
6,0,0,0,6
1,0,0,0,1
1,0,0,0,1
1,0,0,0,1
5,0,0,0,5
1,0,0,0,1
1,0,0,0,1
2,0,0,0,2
1,0,0,0,1
1,0,0,0,1
4,0,1,0,5
1,0,0,0,1
2,0,0,0,2
7,0,0,0,7
1,0,0,0,1
1,0,1,0,2
1,0,0,0,1
1,0,0,0,1
3,0,0,0,3
1,0,0,0,1
1,0,0,0,1
1,0,0,0,1
1,0,0,0,1
2,0,0,0,2
1,0,0,0,1
1,0,0,0,1
1,0,0,0,1
1,0,0,0,1
1,0,0,0,1
3,0,0,0,3
3,0,0,0,3
1,0,0,0,1
1,0,0,0,1
1,0,0,0,1
1,0,0,0,1
1,0,0,0,1
1,0,0,0,1
1,0,0,0,1
1,0,0,0,1
2,0,0,0,2
3,0,0,0,3
1,0,0,0,1
1,0,0,0,1
1,0,0,0,1
1,0,0,0,1
3,0,0,0,3
1,0,0,0,1
1,0,0,0,1
1,0,0,0,1
3,0,0,0,3
1,0,0,0,1
1,0,0,0,1
1,0,0,0,1
1,0,0,0,1
1,0,0,0,1
1,0,0,0,1
1,0,0,0,1
4,0,0,0,4
1,0,0,0,1
1,0,0,0,1
1,0,0,0,1
2,0,0,0,2
1,0,0,0,1
1,0,0,0,1
1,0,0,0,1
2,0,0,0,2
1,0,0,0,1
1,0,0,0,1
2,0,0,0,2
1,0,0,0,1
2,0,0,0,2
1,0,0,0,1
1,0,0,0,1
1,0,0,0,1
1,0,0,0,1
2,0,0,0,2
1,0,0,0,1
1,0,0,0,1
3,0,0,0,3
2,0,0,0,2
1,0,0,0,1
1,0,0,0,1
1,0,0,0,1
1,0,0,0,1
1,0,0,0,1
1,0,0,0,1
1,0,0,0,1
1,0,0,0,1
1,0,0,0,1
4,2,0,0,6
1,0,0,0,1
1,0,0,0,1
3,0,0,0,3
2,0,0,0,2
2,6,2,0,10
1,0,0,0,1
1,0,0,0,1
2,0,0,0,2
1,0,0,0,1
1,0,0,0,1
1,0,0,0,1
1,0,0,0,1
2,0,0,0,2
1,0,0,0,1
1,0,0,0,1
1,0,0,0,1
1,0,0,0,1
1,0,0,0,1
1,0,0,0,1
1,0,1,0,2
2,0,0,0,2
1,0,0,0,1
4,0,0,0,4
4,0,0,0,4
2,0,0,0,2
1,6,2,0,9
5,4,0,0,9
2,0,0,0,2
2,0,0,0,2
1,0,0,0,1
1,0,0,0,1
6,0,0,0,6
1,0,0,0,1
1,0,0,0,1
1,0,0,0,1
1,0,0,0,1
1,0,0,0,1
1,0,0,0,1
1,0,0,0,1
2,2,1,0,5
1,0,0,0,1
1,0,0,0,1
1,0,0,0,1
1,0,0,0,1
1,0,0,0,1
1,0,0,0,1
1,0,0,0,1
1,0,0,0,1
1,0,0,0,1
1,0,0,0,1
2,0,0,0,2
1,0,0,0,1
1,0,0,0,1
1,0,0,0,1
2,1,0,0,3
1,0,0,0,1
1,6,1,0,8
4,0,0,0,4
6,0,0,0,6
1,0,0,0,1
2,0,0,0,2
1,0,0,0,1
2,0,0,0,2
1,0,0,0,1
4,0,0,0,4
1,0,0,0,1
1,13,7,0,21
1,1,1,0,3
1,0,0,0,1
1,0,0,0,1
1,0,0,0,1
2,0,0,0,2
1,0,0,0,1
1,0,0,0,1
4,0,0,0,4
1,0,0,0,1
1,0,0,0,1
1,2,0,0,3
1,0,0,0,1
1,0,0,0,1
1,0,0,0,1
1,0,0,0,1
2,0,0,0,2
8,0,0,0,8
1,0,0,0,1
1,0,0,0,1
1,0,0,0,1
4,0,0,0,4
1,0,0,0,1
1,0,0,0,1
1,0,0,0,1
1,0,0,0,1
4,0,0,0,4
1,0,0,0,1
2,0,0,0,2
1,0,0,0,1
1,0,0,0,1
2,0,0,0,2
4,0,0,0,4
1,0,0,0,1
1,0,0,0,1
1,0,0,0,1
1,0,0,0,1
4,0,0,0,4
1,0,0,0,1
1,0,0,0,1
1,0,0,0,1
3,0,0,0,3
2,2,0,0,4
1,0,0,0,1
2,0,0,0,2
1,0,0,0,1
1,0,0,0,1
2,8,0,0,10
1,0,0,0,1
3,0,0,0,3
1,0,0,0,1
14,2,0,0,16
2,0,0,0,2
1,2,0,0,3
1,0,0,0,1
1,0,0,0,1
1,0,0,0,1
1,0,0,0,1
1,0,0,0,1
5,0,0,0,5
1,0,0,0,1
2,0,0,0,2
2,0,0,0,2
1,0,0,0,1
1,0,0,0,1
2,11,0,0,13
1,0,0,0,1
1,0,0,0,1
1,0,0,0,1
1,0,0,0,1
1,0,0,0,1
1,0,0,0,1
1,0,0,0,1
1,0,0,0,1
1,0,0,0,1
2,0,0,0,2
1,0,0,0,1
1,1,1,0,3
1,0,0,0,1
3,0,0,0,3
1,0,0,0,1
1,0,0,0,1
1,0,0,0,1
1,0,0,0,1
1,0,0,0,1
1,0,0,0,1
1,0,0,0,1
2,0,0,0,2
1,0,0,0,1
1,0,0,0,1
2,0,0,0,2
1,0,0,0,1
1,0,0,0,1
2,0,0,0,2
1,0,0,0,1
2,0,0,0,2
1,0,0,0,1
1,0,0,0,1
1,0,0,0,1
1,0,0,0,1
1,0,0,0,1
1,0,0,0,1
2,0,0,0,2
3,0,0,0,3
1,0,0,0,1
1,0,0,0,1
2,0,0,0,2
1,0,0,0,1
4,0,0,0,4
5,440,0,0,445
1,0,0,0,1
1,0,0,0,1
4,0,0,0,4
1,0,0,0,1
1,0,0,0,1
3,0,0,0,3
2,0,0,0,2
1,0,0,0,1
5,0,0,0,5
3,0,0,0,3
1,0,0,0,1
1,0,0,0,1
1,0,0,0,1
1,0,0,0,1
4,0,0,0,4
1,0,0,0,1
1,0,0,0,1
1,0,0,0,1
1,0,0,0,1
1,0,0,0,1
2,0,0,0,2
1,0,0,0,1
1,0,0,0,1
1,0,0,0,1
2,0,0,0,2
1,0,0,0,1
1,0,0,0,1
1,0,0,0,1
1,0,0,0,1
1,0,0,0,1
1,0,0,0,1
1,0,0,0,1
1,0,0,0,1
1,0,0,0,1
1,0,0,0,1
1,0,0,0,1
1,0,0,0,1
1,0,0,0,1
1,0,0,0,1
1,0,0,0,1
3,0,0,0,3
1,0,0,0,1
1,0,0,0,1
1,0,0,0,1
2,0,0,0,2
1,0,0,0,1
1,0,0,0,1
4,7,1,0,12
1,0,0,0,1
1,0,0,0,1
1,0,0,0,1
1,0,0,0,1
1,0,0,0,1
1,0,0,0,1
3,0,0,0,3
1,0,0,0,1
1,0,0,0,1
1,0,0,0,1
1,0,0,0,1
3,0,0,0,3
1,0,0,0,1
1,0,0,0,1
1,0,0,0,1
2,0,0,0,2
1,0,0,0,1
1,0,0,0,1
1,0,0,0,1
2,0,0,0,2
1,0,0,0,1
1,0,0,0,1
1,0,0,0,1
1,0,0,0,1
4,0,0,0,4
1,0,0,0,1
1,0,0,0,1
1,0,0,0,1
1,0,0,0,1
1,0,0,0,1
2,0,0,0,2
1,0,0,0,1
1,0,0,0,1
2,0,0,0,2
6,0,0,0,6
2,0,0,0,2
1,0,0,0,1
1,0,0,0,1
2,0,0,0,2
1,0,0,0,1
1,0,0,0,1
1,2,0,0,3
2,0,0,0,2
3,0,0,0,3
1,0,0,0,1
1,0,0,0,1
2,0,0,0,2
1,0,0,0,1
1,0,0,0,1
1,0,0,0,1
2,0,0,0,2
1,0,0,0,1
1,0,0,0,1
1,0,0,0,1
1,0,0,0,1
1,0,0,0,1
1,0,0,0,1
1,0,0,0,1
1,0,0,0,1
1,0,0,0,1
1,0,0,0,1
5,1,0,0,6
1,0,0,0,1
1,0,0,0,1
3,0,0,0,3
1,0,0,0,1
1,0,0,0,1
1,0,0,0,1
1,0,0,0,1
2,0,0,0,2
1,0,0,0,1
1,0,0,0,1
3,1,0,0,4
1,0,0,0,1
2,0,0,0,2
1,0,0,0,1
1,0,0,0,1
1,1,0,0,2
1,0,0,0,1
2,0,0,0,2
1,0,0,0,1
1,0,0,0,1
1,20,0,0,21
1,0,0,0,1
1,0,0,0,1
1,0,0,0,1
3,0,0,0,3
1,0,0,0,1
1,0,0,0,1
1,0,0,0,1
1,0,0,0,1
1,0,0,0,1
1,0,0,0,1
1,20,0,0,21
1,0,0,0,1
1,0,0,0,1
1,0,0,0,1
1,0,0,0,1
1,0,0,0,1
1,0,0,0,1
4,0,0,0,4
1,0,0,0,1
1,0,0,0,1
1,0,0,0,1
1,0,0,0,1
1,78,0,0,79
1,0,0,0,1
2,0,0,0,2
1,0,0,0,1
1,0,0,0,1
1,0,0,0,1
13,0,0,0,13
1,0,0,0,1
1,0,0,0,1
3,0,0,0,3
1,0,0,0,1
1,0,0,0,1
1,0,0,0,1
1,0,0,0,1
1,0,0,0,1
3,0,0,0,3
1,0,0,0,1
1,0,0,0,1
1,0,0,0,1
1,0,0,0,1
1,0,0,0,1
1,0,0,0,1
1,0,0,0,1
1,0,0,0,1
1,0,0,0,1
1,0,0,0,1
1,0,0,0,1
1,0,0,0,1
1,0,0,0,1
1,0,0,0,1
1,0,0,0,1
1,0,0,0,1
1,0,0,0,1
1,0,0,0,1
1,0,0,0,1
2,0,0,0,2
3,7,0,0,10
1,0,0,0,1
1,0,0,0,1
2,0,0,0,2
2,0,0,0,2
2,0,0,0,2
1,0,0,0,1
1,1,0,0,2
1,0,0,0,1
1,0,0,0,1
1,0,0,0,1
1,0,0,0,1
1,0,0,0,1
4,0,0,0,4
1,0,0,0,1
3,0,0,0,3
1,0,0,0,1
6,243,0,0,249
1,0,0,0,1
3,0,0,0,3
1,0,0,0,1
1,0,0,0,1
1,0,0,0,1
3,0,0,0,3
6,0,0,0,6
1,0,0,0,1
1,0,0,0,1
1,1,0,0,2
1,0,0,0,1
2,2,0,0,4
1,0,0,0,1
5,0,0,0,5
1,0,0,0,1
1,0,0,0,1
2,0,0,0,2
1,0,0,0,1
1,0,0,0,1
1,0,0,0,1
1,0,0,0,1
1,3,2,0,6
2,3,1,0,6
1,0,0,0,1
3,6,0,0,9
1,0,0,0,1
3,0,0,0,3
3,0,0,0,3
2,0,0,0,2
1,0,0,0,1
1,0,0,0,1
1,0,0,0,1
6,0,0,0,6
1,0,0,0,1
3,0,0,0,3
1,0,0,0,1
1,0,0,0,1
1,0,0,0,1
1,0,0,0,1
1,0,0,0,1
1,0,0,0,1
1,0,0,0,1
1,0,0,0,1
2,0,0,0,2
1,0,0,0,1
1,0,0,0,1
2,0,0,0,2
1,0,0,0,1
3,2,0,0,5
4,0,0,0,4
1,0,0,0,1
1,0,0,0,1
1,0,0,0,1
1,0,0,0,1
6,0,0,0,6
1,0,0,0,1
3,0,0,0,3
1,0,0,0,1
2,0,0,0,2
1,0,0,0,1
2,0,0,0,2
1,0,0,0,1
3,0,0,0,3
3,0,0,0,3
4,1,0,0,5
3,0,0,0,3
1,0,0,0,1
1,0,0,0,1
1,0,0,0,1
1,0,0,0,1
2,0,0,0,2
1,0,0,0,1
1,0,0,0,1
1,0,0,0,1
2,0,0,0,2
1,0,0,0,1
1,0,0,0,1
2,0,0,0,2
1,0,0,0,1
3,0,0,0,3
1,0,0,0,1
1,0,0,0,1
1,0,0,0,1
1,0,0,0,1
1,0,0,0,1
2,0,0,0,2
2,0,0,0,2
1,0,0,0,1
1,0,0,0,1
2,0,0,0,2
1,0,0,0,1
1,0,0,0,1
3,0,0,0,3
1,0,0,0,1
1,23,3,0,27
4,0,0,0,4
1,0,0,0,1
1,0,0,0,1
1,1,0,0,2
1,0,0,0,1
1,0,0,0,1
1,0,0,0,1
1,0,0,0,1
1,0,0,0,1
1,0,0,0,1
1,12,0,0,13
2,0,0,0,2
3,0,0,0,3
11,0,0,0,11
1,0,0,0,1
1,0,0,0,1
1,0,0,0,1
2,0,0,0,2
3,0,0,0,3
3,0,0,0,3
3,0,0,0,3
2,0,0,0,2
1,0,0,0,1
1,0,0,0,1
1,0,0,0,1
1,0,0,0,1
3,0,0,0,3
1,0,0,0,1
1,0,0,0,1
2,0,0,0,2
1,0,0,0,1
1,0,0,0,1
1,0,0,0,1
1,0,0,0,1
2,0,0,0,2
1,0,0,0,1
1,0,0,0,1
2,2,0,0,4
1,1,0,0,2
1,0,0,0,1
1,0,0,0,1
1,0,0,0,1
2,0,0,0,2
1,0,0,0,1
1,0,0,0,1
2,0,0,0,2
1,0,0,0,1
1,0,0,0,1
1,0,0,0,1
1,0,0,0,1
1,0,0,0,1
6,0,0,0,6
1,0,0,0,1
1,0,0,0,1
1,0,0,0,1
1,0,0,0,1
12,0,0,0,12
1,0,0,0,1
1,0,0,0,1
1,0,0,0,1
1,6,0,0,7
1,0,0,0,1
1,0,0,0,1
1,0,0,0,1
1,0,0,0,1
1,0,0,0,1
2,0,0,0,2
1,0,0,0,1
1,0,0,0,1
1,0,0,0,1
1,0,0,0,1
1,0,0,0,1
1,0,0,0,1
4,0,0,0,4
1,0,0,0,1
3,0,0,0,3
1,0,0,0,1
5,0,0,0,5
1,0,0,0,1
1,0,0,0,1
1,0,0,0,1
1,0,0,0,1
1,0,0,0,1
1,0,0,0,1
1,0,0,0,1
1,0,0,0,1
2,0,0,0,2
1,0,0,0,1
1,0,0,0,1
1,0,0,0,1
1,0,0,0,1
1,0,0,0,1
1,0,0,0,1
1,0,0,0,1
1,0,0,0,1
1,0,0,0,1
1,0,0,0,1
1,0,0,0,1
1,0,1,0,2
2,0,0,0,2
1,0,0,0,1
1,0,0,0,1
1,0,0,0,1
1,0,0,0,1
1,0,0,0,1
1,0,0,0,1
1,0,0,0,1
2,0,0,0,2
1,0,0,0,1
1,0,0,0,1
11,0,0,0,11
1,0,0,0,1
3,0,0,0,3
1,0,0,0,1
1,0,0,0,1
1,0,1,0,2
1,0,0,0,1
1,0,0,0,1
1,0,0,0,1
1,0,0,0,1
1,0,0,0,1
3,0,0,0,3
3,0,0,0,3
1,0,0,0,1
6,1,0,0,7
1,0,0,0,1
1,0,0,0,1
3,0,0,0,3
1,3,0,0,4
1,0,0,0,1
1,0,0,0,1
1,0,0,0,1
1,0,0,0,1
2,0,0,0,2
4,0,0,0,4
2,2,0,0,4
1,0,0,0,1
1,0,0,0,1
1,0,0,0,1
1,0,0,0,1
1,0,0,0,1
2,0,0,0,2
1,0,0,0,1
1,0,0,0,1
2,0,0,0,2
2,0,0,0,2
1,0,0,0,1
1,0,0,0,1
1,0,0,0,1
1,0,0,0,1
1,0,0,0,1
1,0,0,0,1
1,0,0,0,1
2,0,0,0,2
1,0,0,0,1
3,0,0,0,3
2,0,0,0,2
1,0,0,0,1
1,0,0,0,1
1,0,0,0,1
1,0,0,0,1
1,0,0,0,1
1,0,0,0,1
1,0,0,0,1
5,0,2,0,7
2,0,0,0,2
1,0,0,0,1
2,0,0,0,2
1,0,0,0,1
2,0,0,0,2
2,0,0,0,2
4,0,0,0,4
1,0,0,0,1
1,0,0,0,1
1,0,0,0,1
2,0,0,0,2
1,0,0,0,1
1,0,0,0,1
4,0,0,0,4
1,0,0,0,1
1,0,0,0,1
2,3,0,0,5
1,0,0,0,1
2,0,0,0,2
1,0,0,0,1
1,0,0,0,1
1,0,0,0,1
1,0,0,0,1
1,0,0,0,1
2,0,0,0,2
1,0,0,0,1
2,0,0,0,2
1,0,0,0,1
1,0,0,0,1
1,0,0,0,1
3,0,0,0,3
2,0,0,0,2
2,0,0,0,2
1,0,0,0,1
1,0,0,0,1
1,0,0,0,1
1,0,0,0,1
2,4,0,0,6
1,0,0,0,1
1,0,0,0,1
1,0,0,0,1
1,0,0,0,1
1,0,0,0,1
3,0,0,0,3
2,12,0,0,14
2,12,10,0,24
3,0,0,0,3
1,0,0,0,1
2,0,0,0,2
2,0,0,0,2
3,0,0,0,3
1,0,0,0,1
1,0,0,0,1
2,0,0,0,2
6,0,0,0,6
1,0,0,0,1
1,0,0,0,1
1,0,0,0,1
2,1,0,0,3
1,0,0,0,1
2,0,0,0,2
5,0,0,0,5
1,0,0,0,1
1,0,0,0,1
1,0,0,0,1
1,0,0,0,1
5,0,0,0,5
2,0,0,0,2
1,0,0,0,1
3,0,0,0,3
1,0,0,0,1
4,0,0,0,4
1,1,0,0,2
1,0,0,0,1
1,0,0,0,1
1,0,0,0,1
1,0,0,0,1
1,0,0,0,1
5,2,0,0,7
2,0,0,0,2
1,0,0,0,1
1,0,0,0,1
2,0,0,0,2
1,0,0,0,1
1,0,0,0,1
3,2,0,0,5
2,0,0,0,2
1,0,0,0,1
1,0,0,0,1
3,0,0,0,3
1,0,0,0,1
1,0,0,0,1
2,0,0,0,2
2,0,0,0,2
1,0,0,0,1
1,0,0,0,1
1,3,2,0,6
1,0,0,0,1
1,0,0,0,1
2,8,1,0,11
1,0,0,0,1
1,0,0,0,1
1,0,0,0,1
1,0,0,0,1
1,0,0,0,1
1,0,0,0,1
1,0,0,0,1
1,0,0,0,1
1,0,0,0,1
2,3,0,0,5
3,0,0,0,3
1,0,0,0,1
2,0,0,0,2
1,0,0,0,1
1,0,0,0,1
2,0,0,0,2
1,0,0,0,1
1,0,0,0,1
1,0,0,0,1
1,0,0,0,1
1,0,0,0,1
2,0,0,0,2
1,0,0,0,1
2,0,0,0,2
1,0,0,0,1
2,0,0,0,2
1,0,0,0,1
2,0,0,0,2
2,0,0,0,2
1,0,0,0,1
1,0,0,0,1
1,0,0,0,1
3,0,0,0,3
1,0,0,0,1
1,0,0,0,1
1,0,0,0,1
1,0,0,0,1
1,1,0,0,2
2,0,0,0,2
2,0,0,0,2
1,0,0,0,1
1,0,0,0,1
1,0,0,0,1
1,0,0,0,1
1,0,0,0,1
1,0,0,0,1
1,0,0,0,1
1,3,0,0,4
2,0,0,0,2
1,0,0,0,1
1,0,0,0,1
1,0,0,0,1
1,0,0,0,1
1,0,0,0,1
1,0,0,0,1
3,0,2,0,5
1,0,0,0,1
1,0,0,0,1
1,0,0,0,1
1,0,0,0,1
1,0,0,0,1
1,0,0,0,1
1,0,0,0,1
1,0,0,0,1
1,0,0,0,1
1,0,0,0,1
1,0,0,0,1
2,33,2,0,37
2,0,0,0,2
1,0,0,0,1
1,0,0,0,1
2,0,0,0,2
1,0,0,0,1
5,0,1,0,6
1,0,0,0,1
1,0,0,0,1
1,0,0,0,1
1,0,0,0,1
1,3,0,0,4
1,0,0,0,1
1,0,0,0,1
4,0,0,0,4
3,0,0,0,3
1,0,0,0,1
1,0,0,0,1
1,0,0,0,1
1,0,0,0,1
1,0,0,0,1
1,0,0,0,1
2,1,1,0,4
2,0,0,0,2
1,0,0,0,1
1,0,0,0,1
2,0,0,0,2
6,0,0,0,6
1,0,0,0,1
4,0,0,0,4
3,0,0,0,3
3,0,0,0,3
1,0,0,0,1
5,0,0,0,5
4,0,0,0,4
1,0,0,0,1
4,0,0,0,4
1,0,0,0,1
1,0,0,0,1
1,0,0,0,1
1,0,0,0,1
1,0,0,0,1
1,0,0,0,1
1,0,0,0,1
5,0,2,0,7
1,0,0,0,1
1,0,0,0,1
1,0,0,0,1
1,0,0,0,1
1,0,0,0,1
1,0,0,0,1
1,0,0,0,1
1,0,0,0,1
4,0,0,0,4
1,0,0,0,1
1,0,0,0,1
1,0,0,0,1
1,0,0,0,1
1,0,0,0,1
1,0,0,0,1
1,0,0,0,1
1,0,0,0,1
4,0,0,0,4
1,0,0,0,1
1,0,0,0,1
1,0,0,0,1
1,0,0,0,1
1,0,0,0,1
2,0,0,0,2
4,0,0,0,4
1,0,0,0,1
3,0,0,0,3
2,0,0,0,2
1,0,0,0,1
4,0,1,0,5
1,0,0,0,1
3,2,0,0,5
1,0,0,0,1
2,0,0,0,2
1,0,0,0,1
1,0,0,0,1
3,0,0,0,3
1,0,0,0,1
3,0,0,0,3
1,0,0,0,1
1,0,0,0,1
1,0,0,0,1
6,0,0,0,6
6,0,0,0,6
6,2,0,0,8
2,0,0,0,2
5,0,0,0,5
1,0,0,0,1
1,0,0,0,1
1,0,0,0,1
1,0,0,0,1
2,0,0,0,2
3,0,0,0,3
1,0,0,0,1
1,0,0,0,1
4,0,0,0,4
1,0,0,0,1
1,0,0,0,1
1,2,0,0,3
1,0,0,0,1
1,0,0,0,1
2,0,0,0,2
1,0,0,0,1
1,0,0,0,1
1,0,0,0,1
4,0,0,0,4
1,0,0,0,1
1,0,0,0,1
3,10,0,0,13
4,0,0,0,4
1,0,0,0,1
1,0,0,0,1
1,0,0,0,1
1,0,0,0,1
1,0,0,0,1
1,0,0,0,1
1,0,0,0,1
1,0,0,0,1
1,0,0,0,1
1,0,0,0,1
6,0,0,0,6
1,0,0,0,1
1,0,0,0,1
2,0,0,0,2
3,0,0,0,3
1,0,0,0,1
1,0,0,0,1
1,0,0,0,1
1,0,0,0,1
1,0,0,0,1
1,0,0,0,1
5,4,0,0,9
1,0,0,0,1
1,0,0,0,1
2,0,0,0,2
2,0,0,0,2
1,0,0,0,1
3,0,0,0,3
1,0,0,0,1
1,0,0,0,1
1,0,0,0,1
1,0,0,0,1
3,0,0,0,3
2,0,0,0,2
1,0,0,0,1
1,0,0,0,1
1,0,1,0,2
2,0,0,0,2
1,0,0,0,1
1,0,0,0,1
1,2,0,0,3
1,2,0,0,3
1,0,0,0,1
4,3,0,0,7
1,0,0,0,1
2,0,0,0,2
2,0,0,0,2
2,0,0,0,2
1,0,0,0,1
1,0,0,0,1
1,0,0,0,1
1,0,0,0,1
10,0,0,0,10
1,0,0,0,1
1,0,0,0,1
2,0,0,0,2
3,0,0,0,3
1,0,0,0,1
1,0,0,0,1
2,0,0,0,2
1,0,0,0,1
1,0,0,0,1
1,0,0,0,1
1,0,0,0,1
1,0,0,0,1
1,0,0,0,1
1,0,0,0,1
1,0,0,0,1
2,0,0,0,2
2,9,0,0,11
1,0,0,0,1
2,0,0,0,2
1,0,0,0,1
1,0,0,0,1
1,0,0,0,1
1,0,0,0,1
3,0,0,0,3
1,0,0,0,1
1,0,0,0,1
1,0,0,0,1
1,0,0,0,1
1,0,0,0,1
1,0,0,0,1
1,0,0,0,1
2,0,0,0,2
1,0,0,0,1
1,0,0,0,1
1,0,0,0,1
1,0,0,0,1
1,0,0,0,1
1,0,0,0,1
2,0,0,0,2
2,0,0,0,2
1,0,0,0,1
3,0,0,0,3
2,0,0,0,2
1,0,0,0,1
4,0,0,0,4
1,0,0,0,1
1,0,0,0,1
1,0,0,0,1
2,0,0,0,2
2,0,0,0,2
1,0,0,0,1
3,0,0,0,3
1,0,0,0,1
1,0,0,0,1
3,0,0,0,3
1,0,0,0,1
1,0,0,0,1
1,0,0,0,1
1,0,0,0,1
1,0,0,0,1
1,0,0,0,1
1,0,0,0,1
4,0,0,0,4
1,0,0,0,1
1,0,0,0,1
1,0,0,0,1
1,0,0,0,1
2,0,0,0,2
2,0,0,0,2
1,0,0,0,1
1,0,0,0,1
11,0,0,0,11
1,0,0,0,1
8,13,0,0,21
1,0,0,0,1
2,0,0,0,2
1,0,0,0,1
1,0,0,0,1
4,0,0,0,4
1,0,0,0,1
1,0,0,0,1
2,0,0,0,2
1,0,0,0,1
2,0,0,0,2
1,0,0,0,1
1,0,0,0,1
1,0,0,0,1
2,0,0,0,2
1,0,0,0,1
1,0,0,0,1
1,0,0,0,1
3,0,0,0,3
1,0,0,0,1
2,0,0,0,2
1,0,0,0,1
1,0,0,0,1
1,0,0,0,1
1,0,0,0,1
2,69,0,0,71
1,0,0,0,1
2,0,0,0,2
1,0,0,0,1
1,0,0,0,1
1,0,0,0,1
1,0,0,0,1
1,0,0,0,1
1,0,0,0,1
2,0,0,0,2
1,0,0,0,1
1,0,0,0,1
2,0,0,0,2
2,3,1,0,6
1,0,0,0,1
1,0,0,0,1
1,0,0,0,1
4,0,0,0,4
2,0,0,0,2
6,0,0,0,6
3,0,0,0,3
3,0,0,0,3
1,0,0,0,1
1,0,0,0,1
5,0,0,0,5
1,0,0,0,1
1,0,0,0,1
1,0,0,0,1
1,0,0,0,1
1,0,0,0,1
2,0,0,0,2
1,0,0,0,1
1,171,0,0,172
1,0,0,0,1
2,0,0,0,2
5,0,0,0,5
5,0,0,0,5
2,0,0,0,2
1,0,0,0,1
1,0,0,0,1
1,0,0,0,1
1,0,0,0,1
1,0,0,0,1
1,0,0,0,1
7,0,0,0,7
1,0,0,0,1
1,0,0,0,1
6,0,0,0,6
1,0,0,0,1
1,0,0,0,1
1,0,0,0,1
2,0,0,0,2
1,0,0,0,1
1,0,0,0,1
1,0,0,0,1
1,0,0,0,1
1,0,0,0,1
1,0,0,0,1
1,0,0,0,1
1,0,0,0,1
1,0,0,0,1
1,0,0,0,1
1,0,0,0,1
1,0,0,0,1
1,0,0,0,1
4,0,0,0,4
2,0,0,0,2
1,0,0,0,1
1,0,0,0,1
1,0,0,0,1
1,0,0,0,1
1,0,0,0,1
1,0,0,0,1
2,0,0,0,2
1,0,0,0,1
3,3,0,0,6
3,15,0,0,18
1,0,0,0,1
1,0,0,0,1
1,0,0,0,1
1,0,0,0,1
1,0,0,0,1
1,0,0,0,1
1,0,0,0,1
1,0,0,0,1
1,0,0,0,1
1,0,0,0,1
1,0,0,0,1
1,0,0,0,1
1,0,0,0,1
1,0,0,0,1
1,0,0,0,1
1,0,0,0,1
3,0,0,0,3
1,0,0,0,1
1,0,0,0,1
1,0,0,0,1
2,0,0,0,2
1,0,0,0,1
1,0,0,0,1
1,0,0,0,1
1,0,0,0,1
1,0,0,0,1
1,0,0,0,1
2,0,0,0,2
1,0,0,0,1
1,0,0,0,1
1,0,0,0,1
1,0,0,0,1
1,0,0,0,1
2,0,0,0,2
1,0,0,0,1
1,2,0,0,3
1,0,0,0,1
1,0,0,0,1
3,0,0,0,3
1,0,0,0,1
6,0,0,0,6
1,0,0,0,1
1,0,0,0,1
1,0,0,0,1
1,0,0,0,1
9,1,0,0,10
4,0,0,0,4
7,4,2,0,13
1,0,0,0,1
2,0,0,0,2
4,0,0,0,4
1,0,0,0,1
1,0,0,0,1
1,0,0,0,1
2,0,0,0,2
2,0,0,0,2
1,0,0,0,1
1,0,0,0,1
1,0,0,0,1
1,0,0,0,1
2,1,0,0,3
1,0,0,0,1
1,0,0,0,1
2,1,0,0,3
3,0,0,0,3
1,0,0,0,1
1,0,0,0,1
1,0,0,0,1
1,0,0,0,1
1,0,0,0,1
2,0,0,0,2
1,0,0,0,1
1,0,0,0,1
1,0,0,0,1
1,0,0,0,1
1,0,0,0,1
5,0,0,0,5
1,0,0,0,1
1,0,0,0,1
1,0,0,0,1
2,0,0,0,2
1,0,0,0,1
1,0,0,0,1
1,0,0,0,1
3,0,1,0,4
4,0,0,0,4
1,0,0,0,1
1,0,0,0,1
1,0,0,0,1
1,0,0,0,1
2,0,0,0,2
1,0,0,0,1
1,0,0,0,1
1,0,0,0,1
3,0,0,0,3
1,0,0,0,1
1,0,0,0,1
1,0,0,0,1
1,0,0,0,1
1,0,0,0,1
4,1,0,0,5
1,0,0,0,1
1,0,0,0,1
1,0,0,0,1
1,0,0,0,1
2,0,0,0,2
1,0,0,0,1
4,0,0,0,4
1,0,0,0,1
1,0,0,0,1
2,0,0,0,2
1,0,0,0,1
1,0,0,0,1
4,0,0,0,4
3,0,0,0,3
3,0,0,0,3
1,0,0,0,1
1,0,0,0,1
1,0,0,0,1
1,0,0,0,1
1,0,0,0,1
1,0,0,0,1
1,0,0,0,1
1,0,0,0,1
1,0,0,0,1
1,0,0,0,1
2,0,0,0,2
1,0,0,0,1
1,0,0,0,1
1,1,0,0,2
3,0,0,0,3
1,6,0,0,7
1,0,0,0,1
1,0,0,0,1
1,0,0,0,1
1,0,0,0,1
1,0,0,0,1
1,0,0,0,1
1,0,0,0,1
3,0,0,0,3
1,0,0,0,1
1,0,0,0,1
1,0,0,0,1
1,0,0,0,1
1,0,0,0,1
1,0,0,0,1
1,0,0,0,1
4,0,0,0,4
1,0,0,0,1
1,0,0,0,1
1,0,0,0,1
1,0,0,0,1
2,0,0,0,2
1,0,0,0,1
1,0,0,0,1
1,0,0,0,1
6,0,0,0,6
1,0,0,0,1
4,0,0,0,4
1,0,0,0,1
1,0,0,0,1
2,0,0,0,2
1,0,0,0,1
1,0,0,0,1
2,0,0,0,2
1,0,0,0,1
2,0,0,0,2
1,0,0,0,1
1,0,0,0,1
1,0,0,0,1
1,0,0,0,1
4,0,0,0,4
1,0,0,0,1
1,0,0,0,1
1,0,0,0,1
1,0,0,0,1
1,0,0,0,1
1,0,0,0,1
1,0,0,0,1
2,6,0,0,8
1,0,0,0,1
2,0,0,0,2
1,0,0,0,1
1,0,0,0,1
1,0,0,0,1
1,0,0,0,1
1,0,0,0,1
3,0,0,0,3
1,0,0,0,1
1,0,0,0,1
1,0,0,0,1
1,0,0,0,1
5,0,0,0,5
1,0,0,0,1
1,0,0,0,1
1,0,0,0,1
1,0,0,0,1
1,0,0,0,1
1,0,0,0,1
5,0,0,0,5
1,0,0,0,1
1,0,0,0,1
2,0,0,0,2
1,0,0,0,1
5,1,0,0,6
2,0,0,0,2
2,0,0,0,2
1,0,0,0,1
1,0,0,0,1
1,0,0,0,1
1,0,0,0,1
2,0,0,0,2
1,0,0,0,1
1,0,0,0,1
4,0,0,0,4
1,0,0,0,1
3,0,0,0,3
2,0,0,0,2
1,0,0,0,1
1,0,0,0,1
1,0,0,0,1
1,0,0,0,1
1,0,0,0,1
1,0,0,0,1
1,0,0,0,1
2,0,0,0,2
1,0,0,0,1
1,0,0,0,1
1,0,0,0,1
1,0,0,0,1
1,0,0,0,1
6,0,0,0,6
2,0,0,0,2
1,0,0,0,1
1,0,0,0,1
1,0,0,0,1
2,0,0,0,2
1,2,0,0,3
1,0,0,0,1
1,0,0,0,1
2,0,0,0,2
2,0,0,0,2
1,0,0,0,1
1,0,0,0,1
3,0,0,0,3
1,0,0,0,1
2,0,0,0,2
1,0,0,0,1
1,0,0,0,1
1,0,0,0,1
3,0,0,0,3
2,0,0,0,2
3,0,0,0,3
1,0,0,0,1
1,0,0,0,1
1,0,0,0,1
1,0,0,0,1
1,0,0,0,1
1,0,0,0,1
1,0,0,0,1
1,0,0,0,1
1,0,0,0,1
1,0,0,0,1
1,2,0,0,3
1,0,0,0,1
1,0,0,0,1
1,0,0,0,1
1,0,0,0,1
2,0,0,0,2
1,0,0,0,1
1,2,0,0,3
1,0,0,0,1
2,0,0,0,2
4,0,0,0,4
1,0,0,0,1
1,0,0,0,1
1,0,0,0,1
1,0,0,0,1
1,0,0,0,1
1,0,0,0,1
3,0,0,0,3
1,0,0,0,1
1,0,0,0,1
1,0,0,0,1
7,0,0,0,7
2,0,0,0,2
1,0,0,0,1
1,0,0,0,1
1,0,0,0,1
2,0,0,0,2
1,0,0,0,1
2,2,0,0,4
3,3,0,0,6
2,0,0,0,2
1,0,0,0,1
1,0,0,0,1
1,0,0,0,1
1,0,0,0,1
1,0,0,0,1
8,0,0,0,8
1,0,0,0,1
1,0,0,0,1
1,0,0,0,1
3,0,0,0,3
5,0,0,0,5
1,0,0,0,1
1,0,0,0,1
1,0,0,0,1
1,0,0,0,1
1,0,0,0,1
1,0,0,0,1
1,0,0,0,1
1,0,0,0,1
1,0,0,0,1
1,0,0,0,1
1,0,0,0,1
1,0,0,0,1
1,0,0,0,1
1,0,0,0,1
1,0,0,0,1
2,0,0,0,2
1,0,0,0,1
1,0,0,0,1
2,0,0,0,2
4,0,0,0,4
1,0,0,0,1
2,0,0,0,2
1,0,0,0,1
1,0,0,0,1
1,0,0,0,1
1,0,0,0,1
1,0,0,0,1
4,0,0,0,4
4,0,0,0,4
1,0,0,0,1
1,0,0,0,1
1,0,0,0,1
1,0,0,0,1
7,7,0,0,14
1,0,0,0,1
1,0,0,0,1
1,0,0,0,1
4,0,0,0,4
3,0,0,0,3
3,0,0,0,3
3,0,0,0,3
1,0,0,0,1
3,0,0,0,3
1,0,0,0,1
1,0,0,0,1
1,0,0,0,1
1,0,0,0,1
5,0,0,0,5
1,0,0,0,1
1,0,0,0,1
1,0,0,0,1
1,0,0,0,1
4,0,0,0,4
1,0,0,0,1
1,0,0,0,1
1,0,0,0,1
2,10,0,0,12
1,0,0,0,1
1,0,0,0,1
1,0,0,0,1
3,0,0,0,3
1,0,0,0,1
1,0,0,0,1
1,0,0,0,1
1,0,0,0,1
2,0,0,0,2
3,2,1,0,6
2,0,0,0,2
1,0,0,0,1
1,0,0,0,1
1,0,0,0,1
1,0,0,0,1
4,0,0,0,4
1,0,0,0,1
1,0,0,0,1
3,0,0,0,3
1,0,0,0,1
2,0,0,0,2
2,0,0,0,2
1,0,0,0,1
2,6,0,0,8
1,0,0,0,1
2,0,0,0,2
1,0,0,0,1
1,0,0,0,1
2,0,0,0,2
2,0,0,0,2
1,0,0,0,1
1,0,0,0,1
1,0,0,0,1
1,0,0,0,1
1,0,0,0,1
1,0,0,0,1
1,0,0,0,1
1,0,0,0,1
1,0,0,0,1
1,0,0,0,1
1,0,0,0,1
9,0,0,0,9
1,0,0,0,1
1,0,0,0,1
1,0,0,0,1
1,0,0,0,1
3,0,0,0,3
1,0,0,0,1
1,0,0,0,1
1,0,0,0,1
2,0,0,0,2
2,0,0,0,2
1,0,0,0,1
1,0,0,0,1
1,0,0,0,1
1,0,0,0,1
1,0,0,0,1
5,0,0,0,5
3,0,0,0,3
1,0,1,0,2
1,0,0,0,1
1,0,0,0,1
4,0,0,0,4
1,0,0,0,1
1,0,0,0,1
1,0,0,0,1
1,0,0,0,1
1,0,0,0,1
1,0,0,0,1
2,0,0,0,2
1,0,0,0,1
1,0,0,0,1
1,0,0,0,1
1,0,0,0,1
1,0,0,0,1
2,0,0,0,2
3,0,0,0,3
6,1,0,0,7
1,0,0,0,1
1,0,0,0,1
1,0,0,0,1
2,0,0,0,2
1,0,0,0,1
1,0,0,0,1
1,0,0,0,1
6,1,0,0,7
1,0,0,0,1
1,0,0,0,1
1,0,0,0,1
1,0,0,0,1
1,0,0,0,1
1,0,0,0,1
1,0,0,0,1
1,0,0,0,1
4,0,0,0,4
9,5,0,0,14
1,0,0,0,1
1,0,0,0,1
1,0,0,0,1
13,0,0,0,13
1,0,0,0,1
1,0,0,0,1
1,0,0,0,1
1,0,0,0,1
1,0,0,0,1
1,0,0,0,1
1,0,0,0,1
1,0,0,0,1
1,0,0,0,1
2,0,0,0,2
1,0,0,0,1
2,0,0,0,2
1,0,0,0,1
1,0,0,0,1
1,0,0,0,1
1,0,0,0,1
1,3,0,0,4
1,0,0,0,1
1,0,0,0,1
2,0,0,0,2
2,0,0,0,2
1,0,0,0,1
1,0,0,0,1
1,14,1,0,16
1,0,0,0,1
1,0,0,0,1
1,0,0,0,1
1,0,0,0,1
1,0,0,0,1
3,0,0,0,3
1,0,0,0,1
1,0,0,0,1
1,0,0,0,1
4,3,0,0,7
1,0,0,0,1
2,0,0,0,2
1,0,0,0,1
1,0,0,0,1
1,0,0,0,1
1,0,0,0,1
1,0,0,0,1
1,0,0,0,1
1,0,0,0,1
1,0,0,0,1
1,0,0,0,1
3,0,0,0,3
1,0,0,0,1
1,0,0,0,1
1,0,0,0,1
2,0,0,0,2
2,0,0,0,2
1,0,0,0,1
1,0,0,0,1
3,0,0,0,3
8,3,0,0,11
7,0,0,0,7
1,0,0,0,1
4,0,0,0,4
1,0,0,0,1
1,0,0,0,1
1,0,0,0,1
2,0,0,0,2
2,0,0,0,2
1,0,0,0,1
1,0,0,0,1
3,0,0,0,3
1,0,0,0,1
1,0,0,0,1
1,0,0,0,1
1,0,0,0,1
1,0,0,0,1
1,0,0,0,1
1,0,0,0,1
1,0,0,0,1
1,0,0,0,1
1,0,0,0,1
1,0,0,0,1
1,0,0,0,1
1,0,0,0,1
1,0,0,0,1
1,0,0,0,1
1,0,0,0,1
1,0,0,0,1
8,0,0,0,8
1,0,0,0,1
1,0,0,0,1
1,0,0,0,1
2,0,0,0,2
5,4,1,0,10
1,0,0,0,1
1,0,0,0,1
2,0,0,0,2
1,0,0,0,1
1,0,0,0,1
1,0,0,0,1
2,0,0,0,2
3,0,0,0,3
1,0,0,0,1
1,0,0,0,1
1,0,0,0,1
1,0,0,0,1
2,0,0,0,2
3,0,0,0,3
2,0,0,0,2
1,0,0,0,1
1,0,0,0,1
1,0,0,0,1
1,0,0,0,1
1,0,0,0,1
2,0,0,0,2
2,0,0,0,2
1,0,0,0,1
2,0,0,0,2
1,0,0,0,1
1,0,0,0,1
1,0,0,0,1
1,0,0,0,1
1,0,0,0,1
1,0,0,0,1
1,0,0,0,1
1,0,0,0,1
2,0,0,0,2
2,0,0,0,2
1,1,0,0,2
1,0,0,0,1
1,0,0,0,1
1,0,0,0,1
1,0,0,0,1
1,0,0,0,1
1,0,0,0,1
1,0,0,0,1
2,0,0,0,2
1,0,0,0,1
1,2,0,0,3
1,0,0,0,1
2,0,0,0,2
1,0,0,0,1
1,0,0,0,1
1,0,0,0,1
2,0,0,0,2
1,0,0,0,1
2,0,0,0,2
1,0,0,0,1
1,0,0,0,1
1,0,0,0,1
4,6,0,0,10
2,2,0,0,4
1,0,0,0,1
2,0,0,0,2
1,0,0,0,1
2,0,0,0,2
1,0,0,0,1
2,0,0,0,2
1,0,0,0,1
3,0,0,0,3
1,0,0,0,1
1,0,0,0,1
1,0,0,0,1
1,0,0,0,1
1,0,0,0,1
1,0,0,0,1
1,0,0,0,1
4,0,0,0,4
1,0,0,0,1
1,0,0,0,1
1,0,0,0,1
1,0,0,0,1
1,0,0,0,1
1,0,0,0,1
1,0,0,0,1
4,0,0,0,4
1,0,0,0,1
1,0,0,0,1
3,0,0,0,3
1,0,0,0,1
2,0,0,0,2
1,0,0,0,1
2,0,0,0,2
1,0,0,0,1
2,0,0,0,2
1,0,0,0,1
1,0,0,0,1
1,0,0,0,1
1,0,0,0,1
1,0,0,0,1
1,0,0,0,1
1,0,0,0,1
2,0,0,0,2
1,0,0,0,1
1,0,0,0,1
1,0,0,0,1
1,0,0,0,1
1,3,0,0,4
1,0,0,0,1
1,0,0,0,1
3,0,0,0,3
1,0,0,0,1
1,0,0,0,1
1,0,0,0,1
1,0,0,0,1
1,0,0,0,1
1,0,0,0,1
1,0,0,0,1
5,0,0,0,5
1,0,0,0,1
1,0,0,0,1
1,0,0,0,1
1,0,0,0,1
1,0,0,0,1
1,0,0,0,1
1,0,0,0,1
1,0,0,0,1
2,0,0,0,2
1,0,0,0,1
1,0,0,0,1
4,0,0,0,4
1,0,0,0,1
1,0,0,0,1
1,0,0,0,1
1,0,0,0,1
1,0,0,0,1
1,0,0,0,1
1,0,0,0,1
1,0,0,0,1
1,0,0,0,1
1,0,0,0,1
1,0,0,0,1
2,0,0,0,2
1,0,0,0,1
1,0,0,0,1
2,0,0,0,2
2,0,0,0,2
1,0,0,0,1
1,0,0,0,1
2,0,0,0,2
2,0,0,0,2
1,0,0,0,1
1,0,0,0,1
5,0,0,0,5
1,0,0,0,1
1,0,0,0,1
1,0,0,0,1
1,0,0,0,1
3,0,0,0,3
3,3,1,0,7
2,0,0,0,2
2,0,0,0,2
2,0,0,0,2
1,0,0,0,1
2,0,0,0,2
1,0,0,0,1
2,0,0,0,2
1,0,0,0,1
3,0,0,0,3
2,0,0,0,2
2,0,0,0,2
1,0,0,0,1
2,0,0,0,2
1,0,0,0,1
1,0,0,0,1
2,0,0,0,2
1,0,0,0,1
2,0,0,0,2
1,0,0,0,1
1,0,0,0,1
1,0,0,0,1
1,0,0,0,1
1,0,0,0,1
1,0,0,0,1
5,7,0,0,12
2,0,0,0,2
1,0,0,0,1
1,0,0,0,1
1,0,0,0,1
1,0,0,0,1
1,0,0,0,1
1,0,0,0,1
2,0,0,0,2
1,0,0,0,1
1,0,0,0,1
1,0,0,0,1
2,0,0,0,2
3,0,0,0,3
1,0,0,0,1
1,0,0,0,1
2,0,0,0,2
1,1,0,0,2
1,0,0,0,1
4,0,0,0,4
1,0,0,0,1
3,0,0,0,3
1,0,0,0,1
1,0,0,0,1
1,0,0,0,1
2,0,0,0,2
1,0,0,0,1
3,0,0,0,3
1,0,0,0,1
1,0,0,0,1
2,0,0,0,2
1,0,0,0,1
1,0,0,0,1
3,16,0,0,19
1,0,0,0,1
1,0,0,0,1
4,4,1,0,9
1,0,0,0,1
1,3,0,0,4
2,0,0,0,2
1,3,0,0,4
2,0,0,0,2
1,0,0,0,1
1,0,0,0,1
1,0,0,0,1
1,0,0,0,1
1,0,0,0,1
6,0,0,0,6
1,3,0,0,4
1,0,0,0,1
1,0,0,0,1
1,0,0,0,1
1,0,0,0,1
2,0,0,0,2
1,0,0,0,1
1,0,0,0,1
1,0,0,0,1
1,0,0,0,1
1,0,0,0,1
1,0,0,0,1
1,0,0,0,1
1,0,0,0,1
2,0,0,0,2
1,0,0,0,1
1,0,0,0,1
1,0,0,0,1
3,0,0,0,3
1,0,0,0,1
1,0,0,0,1
1,0,0,0,1
1,0,0,0,1
2,10,0,0,12
6,10,0,0,16
1,0,0,0,1
1,0,0,0,1
1,0,0,0,1
2,0,0,0,2
1,0,0,0,1
1,0,0,0,1
1,0,0,0,1
1,0,0,0,1
5,0,0,0,5
1,0,0,0,1
1,0,0,0,1
1,0,0,0,1
1,0,0,0,1
1,0,0,0,1
2,0,0,0,2
1,0,0,0,1
1,0,0,0,1
3,0,0,0,3
1,0,0,0,1
2,0,0,0,2
1,0,0,0,1
2,0,0,0,2
1,0,0,0,1
2,0,0,0,2
1,0,0,0,1
3,0,0,0,3
1,0,0,0,1
1,0,0,0,1
1,0,0,0,1
1,0,0,0,1
1,0,0,0,1
1,0,0,0,1
1,0,0,0,1
1,0,0,0,1
2,0,0,0,2
2,0,0,0,2
1,0,0,0,1
1,0,0,0,1
4,0,0,0,4
2,0,0,0,2
1,0,0,0,1
2,0,0,0,2
1,0,0,0,1
4,0,0,0,4
3,0,0,0,3
1,0,0,0,1
1,0,0,0,1
1,0,0,0,1
1,0,0,0,1
1,0,0,0,1
1,0,0,0,1
2,0,0,0,2
1,0,0,0,1
1,0,0,0,1
5,0,0,0,5
3,0,0,0,3
1,0,0,0,1
1,0,0,0,1
4,0,0,0,4
3,0,0,0,3
1,0,0,0,1
1,0,0,0,1
2,0,0,0,2
2,0,0,0,2
1,0,0,0,1
1,0,0,0,1
1,0,0,0,1
1,0,0,0,1
3,16,0,0,19
6,0,0,0,6
4,0,0,0,4
1,0,0,0,1
1,0,0,0,1
1,0,0,0,1
4,0,1,0,5
1,0,0,0,1
1,0,0,0,1
3,0,0,0,3
1,0,0,0,1
1,4,0,0,5
1,0,0,0,1
2,0,0,0,2
1,0,0,0,1
1,0,0,0,1
3,1,0,0,4
1,0,0,0,1
2,0,0,0,2
1,0,0,0,1
1,0,0,0,1
2,0,0,0,2
1,0,0,0,1
3,0,0,0,3
1,0,0,0,1
2,0,0,0,2
1,0,0,0,1
1,0,0,0,1
1,0,0,0,1
1,0,0,0,1
1,0,0,0,1
1,0,0,0,1
1,0,0,0,1
3,0,0,0,3
1,0,0,0,1
2,0,0,0,2
1,0,0,0,1
1,0,0,0,1
2,0,0,0,2
1,0,0,0,1
2,0,0,0,2
2,0,0,0,2
1,0,0,0,1
1,0,0,0,1
1,0,0,0,1
1,0,0,0,1
1,0,0,0,1
3,0,0,0,3
1,0,0,0,1
1,0,0,0,1
1,0,0,0,1
1,0,0,0,1
1,0,0,0,1
4,0,0,0,4
1,0,0,0,1
1,0,0,0,1
2,0,0,0,2
1,0,0,0,1
1,0,0,0,1
2,0,0,0,2
1,0,0,0,1
2,0,0,0,2
1,0,0,0,1
1,0,0,0,1
1,0,0,0,1
2,0,0,0,2
1,0,0,0,1
1,0,0,0,1
2,0,0,0,2
1,0,0,0,1
1,0,0,0,1
1,0,0,0,1
1,0,0,0,1
2,0,0,0,2
3,0,0,0,3
1,0,0,0,1
1,0,0,0,1
1,0,0,0,1
1,0,0,0,1
2,0,0,0,2
1,0,0,0,1
1,0,0,0,1
2,0,0,0,2
2,3,1,0,6
1,0,0,0,1
1,0,0,0,1
1,0,0,0,1
2,0,0,0,2
1,0,0,0,1
1,0,0,0,1
1,0,0,0,1
2,0,0,0,2
1,0,0,0,1
1,0,0,0,1
1,0,0,0,1
2,0,0,0,2
5,0,0,0,5
3,0,0,0,3
1,0,0,0,1
1,0,0,0,1
1,0,0,0,1
1,0,0,0,1
2,0,0,0,2
1,0,0,0,1
2,0,0,0,2
1,0,0,0,1
1,0,0,0,1
1,0,0,0,1
1,0,0,0,1
1,0,0,0,1
1,0,0,0,1
1,0,0,0,1
1,0,0,0,1
2,0,0,0,2
1,0,0,0,1
3,2,0,0,5
1,0,0,0,1
1,0,0,0,1
1,0,0,0,1
1,0,0,0,1
2,0,0,0,2
1,0,0,0,1
3,0,0,0,3
6,0,0,0,6
1,0,0,0,1
5,0,0,0,5
1,0,0,0,1
1,0,0,0,1
1,0,0,0,1
1,0,0,0,1
1,0,0,0,1
1,0,0,0,1
1,0,0,0,1
1,1,0,0,2
1,0,0,0,1
2,0,0,0,2
1,0,0,0,1
1,0,0,0,1
1,0,0,0,1
1,0,0,0,1
3,2,0,0,5
1,0,0,0,1
1,0,0,0,1
1,0,0,0,1
1,0,0,0,1
3,0,0,0,3
1,0,0,0,1
1,0,0,0,1
2,4,0,0,6
4,0,0,0,4
2,0,0,0,2
1,0,0,0,1
1,0,0,0,1
1,0,0,0,1
1,0,0,0,1
2,0,0,0,2
4,0,0,0,4
1,0,0,0,1
2,0,0,0,2
1,0,0,0,1
1,0,0,0,1
2,2,0,0,4
1,0,0,0,1
1,0,0,0,1
1,0,0,0,1
1,0,0,0,1
2,0,0,0,2
1,0,0,0,1
1,0,0,0,1
1,0,0,0,1
2,0,0,0,2
1,0,0,0,1
1,0,0,0,1
1,0,0,0,1
1,0,0,0,1
1,0,0,0,1
2,0,0,0,2
4,0,0,0,4
1,0,0,0,1
3,0,0,0,3
2,0,0,0,2
1,0,0,0,1
1,0,0,0,1
1,0,0,0,1
3,0,0,0,3
2,171,0,0,173
1,0,0,0,1
4,0,0,0,4
1,0,0,0,1
2,0,0,0,2
1,0,0,0,1
1,0,0,0,1
1,0,0,0,1
1,0,0,0,1
1,0,0,0,1
1,0,0,0,1
1,0,0,0,1
1,0,0,0,1
2,0,0,0,2
1,0,0,0,1
3,0,0,0,3
1,0,0,0,1
2,0,0,0,2
3,0,0,0,3
2,0,0,0,2
3,0,0,0,3
1,2,0,0,3
1,0,0,0,1
3,0,0,0,3
3,0,0,0,3
3,0,0,0,3
2,0,0,0,2
2,3,0,0,5
1,0,0,0,1
1,0,0,0,1
2,0,0,0,2
1,0,0,0,1
2,0,0,0,2
1,0,0,0,1
1,0,0,0,1
1,0,0,0,1
1,0,0,0,1
4,0,0,0,4
1,0,0,0,1
1,0,0,0,1
2,0,0,0,2
1,0,0,0,1
4,0,0,0,4
1,0,0,0,1
1,0,0,0,1
1,0,0,0,1
1,0,0,0,1
4,0,0,0,4
1,0,0,0,1
1,0,0,0,1
2,0,0,0,2
3,1,0,0,4
1,0,0,0,1
1,0,0,0,1
1,0,0,0,1
6,0,0,0,6
1,0,0,0,1
2,0,0,0,2
3,0,0,0,3
1,0,0,0,1
1,0,0,0,1
1,0,0,0,1
1,0,0,0,1
2,0,0,0,2
1,0,0,0,1
1,0,0,0,1
1,0,0,0,1
3,0,0,0,3
1,0,0,0,1
1,0,0,0,1
1,0,0,0,1
1,0,0,0,1
1,0,0,0,1
1,0,0,0,1
1,0,0,0,1
1,0,0,0,1
1,0,0,0,1
2,0,0,0,2
1,0,0,0,1
1,0,0,0,1
2,0,0,0,2
1,0,0,0,1
1,0,0,0,1
1,0,0,0,1
1,0,0,0,1
1,0,0,0,1
5,0,0,0,5
1,0,0,0,1
1,0,0,0,1
1,0,0,0,1
1,0,0,0,1
1,0,0,0,1
1,0,0,0,1
1,0,0,0,1
2,0,0,0,2
2,0,0,0,2
1,0,0,0,1
2,0,0,0,2
1,0,0,0,1
1,0,0,0,1
1,0,0,0,1
1,0,0,0,1
2,0,0,0,2
3,0,0,0,3
1,0,0,0,1
1,0,0,0,1
1,0,0,0,1
2,4,0,0,6
1,0,0,0,1
4,0,0,0,4
1,0,0,0,1
1,0,0,0,1
1,0,0,0,1
1,0,0,0,1
1,0,0,0,1
1,0,0,0,1
1,0,0,0,1
1,0,0,0,1
1,0,0,0,1
3,0,0,0,3
1,0,0,0,1
1,0,0,0,1
3,2,0,0,5
1,0,0,0,1
1,0,0,0,1
3,0,0,0,3
1,0,0,0,1
1,0,0,0,1
1,0,0,0,1
1,0,0,0,1
1,0,0,0,1
1,0,0,0,1
1,0,0,0,1
1,0,0,0,1
1,0,0,0,1
1,0,0,0,1
1,0,0,0,1
1,0,0,0,1
8,120,4,0,132
1,0,0,0,1
1,0,0,0,1
1,0,0,0,1
1,0,0,0,1
1,0,0,0,1
1,0,0,0,1
3,0,0,0,3
1,0,0,0,1
1,0,0,0,1
1,0,0,0,1
1,0,0,0,1
1,0,0,0,1
1,0,0,0,1
2,0,0,0,2
3,0,0,0,3
3,0,0,0,3
1,0,0,0,1
1,0,0,0,1
1,0,0,0,1
1,0,0,0,1
1,0,0,0,1
1,0,0,0,1
1,0,0,0,1
1,0,0,0,1
1,0,0,0,1
1,0,0,0,1
2,0,0,0,2
1,0,0,0,1
1,0,0,0,1
2,1,0,0,3
1,0,0,0,1
1,0,0,0,1
3,32,0,0,35
1,0,0,0,1
1,0,0,0,1
1,0,0,0,1
1,0,0,0,1
1,0,0,0,1
1,0,0,0,1
1,0,0,0,1
1,0,0,0,1
1,0,0,0,1
1,0,0,0,1
1,0,0,0,1
1,0,0,0,1
1,0,0,0,1
3,0,0,0,3
1,0,0,0,1
1,0,0,0,1
1,0,0,0,1
1,0,0,0,1
3,0,0,0,3
1,0,0,0,1
1,0,0,0,1
4,0,0,0,4
1,0,0,0,1
1,0,0,0,1
2,0,0,0,2
1,0,0,0,1
1,0,0,0,1
1,0,0,0,1
2,0,0,0,2
1,0,0,0,1
2,0,0,0,2
1,0,0,0,1
1,0,0,0,1
2,0,0,0,2
1,0,0,0,1
1,0,0,0,1
4,0,0,0,4
1,0,0,0,1
1,0,0,0,1
1,0,0,0,1
2,51,5,0,58
6,0,0,0,6
3,0,0,0,3
3,0,0,0,3
2,0,0,0,2
3,0,0,0,3
3,0,0,0,3
1,0,0,0,1
1,0,0,0,1
1,0,0,0,1
1,0,0,0,1
1,0,0,0,1
1,0,0,0,1
1,0,0,0,1
1,0,0,0,1
1,0,0,0,1
1,0,0,0,1
3,0,0,0,3
1,0,0,0,1
1,0,0,0,1
1,0,0,0,1
1,0,0,0,1
1,0,0,0,1
1,0,0,0,1
1,0,0,0,1
1,0,0,0,1
1,0,0,0,1
5,0,0,0,5
1,0,0,0,1
1,0,0,0,1
1,0,0,0,1
3,0,0,0,3
1,0,0,0,1
10,0,0,0,10
1,0,0,0,1
3,0,0,0,3
1,0,0,0,1
1,0,0,0,1
3,0,0,0,3
1,0,0,0,1
1,0,0,0,1
1,0,0,0,1
1,0,0,0,1
1,0,0,0,1
4,15,0,0,19
1,0,0,0,1
1,0,0,0,1
2,0,0,0,2
7,0,0,0,7
1,0,0,0,1
2,3,0,0,5
1,0,0,0,1
1,0,0,0,1
3,0,0,0,3
1,0,0,0,1
1,0,0,0,1
1,0,0,0,1
1,0,0,0,1
1,0,0,0,1
1,0,0,0,1
1,0,0,0,1
1,0,0,0,1
1,0,0,0,1
3,0,0,0,3
1,0,0,0,1
2,0,0,0,2
1,0,0,0,1
1,0,0,0,1
1,0,0,0,1
1,0,0,0,1
1,0,0,0,1
3,0,0,0,3
1,0,0,0,1
1,2,0,0,3
1,0,0,0,1
1,0,0,0,1
1,0,0,0,1
1,12,0,0,13
1,10,0,0,11
1,0,0,0,1
1,0,0,0,1
1,0,0,0,1
1,0,0,0,1
4,0,0,0,4
5,0,0,0,5
1,0,0,0,1
3,0,0,0,3
1,0,0,0,1
1,0,0,0,1
1,0,0,0,1
1,0,0,0,1
1,0,0,0,1
1,0,0,0,1
1,4,0,0,5
1,0,0,0,1
1,0,0,0,1
6,1,0,0,7
1,0,0,0,1
1,0,0,0,1
1,0,0,0,1
1,0,0,0,1
1,0,0,0,1
1,0,0,0,1
1,0,0,0,1
1,0,0,0,1
2,0,0,0,2
1,0,0,0,1
1,0,0,0,1
1,0,0,0,1
1,4,0,0,5
1,0,0,0,1
1,0,0,0,1
3,0,0,0,3
2,0,0,0,2
1,0,0,0,1
1,0,0,0,1
1,0,0,0,1
1,0,0,0,1
3,1,1,0,5
1,0,0,0,1
1,0,0,0,1
1,0,0,0,1
1,0,0,0,1
1,0,0,0,1
3,0,0,0,3
1,0,0,0,1
2,0,0,0,2
1,0,0,0,1
1,0,0,0,1
3,0,0,0,3
1,0,0,0,1
1,0,0,0,1
1,0,0,0,1
1,0,0,0,1
1,0,0,0,1
1,0,0,0,1
1,0,0,0,1
1,9,0,0,10
1,0,0,0,1
1,0,0,0,1
1,0,0,0,1
1,0,0,0,1
3,2,1,0,6
2,0,0,0,2
1,0,0,0,1
1,5,0,0,6
1,0,0,0,1
4,24,7,0,35
3,0,0,0,3
3,0,0,0,3
1,0,0,0,1
1,0,0,0,1
1,0,0,0,1
1,0,0,0,1
1,0,0,0,1
1,0,0,0,1
1,0,0,0,1
1,0,0,0,1
1,0,0,0,1
1,0,0,0,1
1,3,4,0,8
1,0,0,0,1
1,0,0,0,1
6,42,0,0,48
5,0,0,0,5
2,0,0,0,2
1,0,0,0,1
3,0,0,0,3
1,0,0,0,1
2,0,0,0,2
1,0,0,0,1
1,0,0,0,1
3,0,0,0,3
1,0,0,0,1
1,0,0,0,1
1,0,0,0,1
1,0,0,0,1
1,0,0,0,1
1,0,0,0,1
1,0,0,0,1
2,0,0,0,2
1,0,0,0,1
1,0,0,0,1
4,0,0,0,4
1,0,0,0,1
1,0,0,0,1
2,0,0,0,2
1,0,0,0,1
1,0,0,0,1
1,0,0,0,1
1,0,0,0,1
3,0,0,0,3
2,0,0,0,2
1,0,0,0,1
1,0,0,0,1
3,0,0,0,3
1,0,0,0,1
2,0,0,0,2
1,0,0,0,1
2,0,0,0,2
1,0,1,0,2
1,0,0,0,1
1,0,0,0,1
2,0,0,0,2
1,0,0,0,1
1,0,0,0,1
1,0,0,0,1
1,0,0,0,1
1,0,0,0,1
1,0,0,0,1
1,0,0,0,1
1,0,0,0,1
1,0,0,0,1
1,0,0,0,1
2,0,0,0,2
1,0,0,0,1
1,0,0,0,1
1,0,0,0,1
1,0,0,0,1
1,0,0,0,1
5,3,2,0,10
1,0,0,0,1
1,0,0,0,1
1,0,0,0,1
1,0,0,0,1
2,0,0,0,2
2,0,0,0,2
1,0,0,0,1
4,0,0,0,4
3,3,1,0,7
1,0,0,0,1
5,0,0,0,5
1,0,0,0,1
2,0,0,0,2
4,0,0,0,4
1,0,0,0,1
1,0,0,0,1
2,0,0,0,2
7,1,0,0,8
1,0,0,0,1
2,0,0,0,2
1,0,0,0,1
6,0,0,0,6
1,0,0,0,1
2,0,0,0,2
1,0,0,0,1
3,0,0,0,3
5,0,0,0,5
2,0,0,0,2
1,0,0,0,1
6,0,0,0,6
1,0,0,0,1
1,0,0,0,1
4,0,0,0,4
1,0,0,0,1
1,0,0,0,1
1,0,0,0,1
1,0,0,0,1
1,0,0,0,1
1,0,0,0,1
1,0,0,0,1
1,0,0,0,1
1,22,0,0,23
2,0,0,0,2
1,0,0,0,1
2,0,0,0,2
2,1,0,0,3
1,0,0,0,1
2,0,0,0,2
1,0,0,0,1
1,0,0,0,1
4,0,0,0,4
1,0,0,0,1
1,0,0,0,1
1,0,0,0,1
2,0,0,0,2
1,0,0,0,1
2,0,0,0,2
3,0,0,0,3
1,0,0,0,1
1,0,0,0,1
1,0,0,0,1
1,0,0,0,1
1,0,0,0,1
1,0,0,0,1
1,1,0,0,2
1,0,0,0,1
1,0,0,0,1
1,0,0,0,1
1,0,0,0,1
1,0,0,0,1
1,0,0,0,1
1,0,0,0,1
1,0,0,0,1
1,0,0,0,1
1,7,0,0,8
1,0,0,0,1
1,0,0,0,1
1,0,0,0,1
1,0,0,0,1
1,0,0,0,1
1,0,0,0,1
4,1,0,0,5
1,0,0,0,1
1,0,0,0,1
1,0,0,0,1
4,0,0,0,4
2,1,1,0,4
1,0,0,0,1
1,0,0,0,1
1,0,0,0,1
2,0,0,0,2
1,0,0,0,1
1,0,0,0,1
9,0,0,0,9
3,0,0,0,3
2,0,0,0,2
1,0,0,0,1
1,0,0,0,1
1,0,0,0,1
1,0,0,0,1
1,0,0,0,1
3,8,0,0,11
1,0,0,0,1
2,0,0,0,2
2,0,0,0,2
2,0,0,0,2
3,0,0,0,3
1,0,0,0,1
3,0,0,0,3
1,39,0,0,40
1,0,0,0,1
2,1,0,0,3
3,0,0,0,3
1,0,0,0,1
1,0,0,0,1
1,0,0,0,1
1,0,0,0,1
1,0,0,0,1
1,0,0,0,1
3,0,0,0,3
2,0,0,0,2
1,0,0,0,1
1,0,0,0,1
1,0,0,0,1
1,0,0,0,1
1,0,0,0,1
3,0,0,0,3
1,0,0,0,1
1,0,0,0,1
6,2,0,0,8
2,0,0,0,2
1,0,0,0,1
1,0,0,0,1
1,0,0,0,1
2,0,0,0,2
1,0,0,0,1
2,0,0,0,2
1,0,0,0,1
1,0,0,0,1
1,0,0,0,1
3,3,0,0,6
1,0,0,0,1
2,0,0,0,2
2,0,0,0,2
1,0,0,0,1
1,0,0,0,1
1,0,0,0,1
1,0,0,0,1
2,0,0,0,2
1,0,0,0,1
1,0,0,0,1
2,0,0,0,2
2,0,0,0,2
1,0,0,0,1
5,0,0,0,5
1,0,0,0,1
1,0,0,0,1
1,0,0,0,1
1,0,0,0,1
1,0,0,0,1
1,0,0,0,1
1,0,0,0,1
1,0,0,0,1
6,0,0,0,6
1,0,0,0,1
1,0,0,0,1
1,0,0,0,1
1,0,0,0,1
2,0,0,0,2
1,0,0,0,1
1,0,0,0,1
1,0,0,0,1
1,0,0,0,1
1,0,0,0,1
1,0,0,0,1
5,0,0,0,5
1,0,0,0,1
1,0,0,0,1
2,3,1,0,6
1,0,0,0,1
1,0,0,0,1
1,1,0,0,2
1,0,0,0,1
1,0,0,0,1
1,0,0,0,1
2,0,0,0,2
1,0,0,0,1
1,0,0,0,1
1,0,0,0,1
1,0,0,0,1
1,0,0,0,1
1,0,0,0,1
3,0,0,0,3
1,0,0,0,1
1,0,0,0,1
1,0,0,0,1
3,0,0,0,3
1,0,0,0,1
1,0,0,0,1
1,0,0,0,1
1,0,0,0,1
2,0,0,0,2
1,0,0,0,1
1,0,0,0,1
1,0,0,0,1
1,0,0,0,1
1,0,0,0,1
1,0,0,0,1
2,0,0,0,2
2,0,0,0,2
1,0,0,0,1
3,9,0,0,12
1,0,0,0,1
1,0,0,0,1
4,4,0,0,8
1,0,0,0,1
4,0,0,0,4
1,0,0,0,1
1,0,0,0,1
2,0,0,0,2
1,0,0,0,1
1,0,0,0,1
12,7,0,0,19
2,0,0,0,2
1,0,0,0,1
1,0,0,0,1
1,0,0,0,1
1,0,0,0,1
1,0,0,0,1
2,0,0,0,2
1,0,0,0,1
1,0,0,0,1
1,0,0,0,1
1,0,0,0,1
2,0,0,0,2
1,0,0,0,1
1,0,0,0,1
1,0,0,0,1
1,0,0,0,1
1,0,0,0,1
1,0,0,0,1
1,0,0,0,1
1,0,0,0,1
1,0,0,0,1
2,0,0,0,2
1,0,0,0,1
1,0,0,0,1
1,0,0,0,1
1,0,0,0,1
1,0,0,0,1
1,0,0,0,1
1,0,0,0,1
1,0,0,0,1
2,0,0,0,2
1,0,0,0,1
1,0,0,0,1
2,0,0,0,2
1,0,0,0,1
2,0,0,0,2
3,0,0,0,3
4,0,0,0,4
1,0,0,0,1
1,0,0,0,1
1,0,0,0,1
2,0,0,0,2
1,0,0,0,1
1,0,0,0,1
2,0,0,0,2
1,0,0,0,1
1,0,0,0,1
1,0,0,0,1
8,3,0,0,11
1,0,0,0,1
1,0,0,0,1
1,0,0,0,1
3,0,0,0,3
3,0,0,0,3
2,0,0,0,2
1,0,0,0,1
1,0,0,0,1
1,0,0,0,1
4,0,0,0,4
2,0,0,0,2
2,0,0,0,2
1,0,0,0,1
2,0,0,0,2
1,0,0,0,1
2,3,1,0,6
2,0,0,0,2
1,0,0,0,1
1,0,0,0,1
3,0,0,0,3
1,0,0,0,1
1,0,0,0,1
1,0,0,0,1
2,0,0,0,2
1,0,0,0,1
1,0,0,0,1
1,2,0,0,3
1,0,0,0,1
1,0,0,0,1
1,0,0,0,1
1,0,0,0,1
1,0,0,0,1
5,0,0,0,5
3,0,0,0,3
4,0,0,0,4
1,0,0,0,1
1,0,0,0,1
2,0,0,0,2
1,0,0,0,1
1,0,0,0,1
3,0,0,0,3
1,0,0,0,1
1,0,0,0,1
1,0,0,0,1
1,0,0,0,1
3,0,0,0,3
1,0,0,0,1
1,3,0,0,4
1,0,0,0,1
1,0,0,0,1
4,0,0,0,4
1,0,0,0,1
1,0,0,0,1
1,0,0,0,1
1,0,0,0,1
1,0,0,0,1
1,0,0,0,1
1,0,0,0,1
2,0,0,0,2
1,0,0,0,1
1,0,0,0,1
5,0,0,0,5
1,0,0,0,1
1,0,0,0,1
1,0,0,0,1
2,0,0,0,2
2,0,0,0,2
2,0,0,0,2
1,0,0,0,1
1,0,0,0,1
1,0,0,0,1
1,0,0,0,1
1,0,0,0,1
1,0,0,0,1
2,0,0,0,2
1,0,0,0,1
1,0,0,0,1
1,0,0,0,1
9,0,0,0,9
1,0,0,0,1
1,0,0,0,1
1,0,0,0,1
1,0,0,0,1
2,0,0,0,2
1,1,1,0,3
2,0,0,0,2
1,3,0,0,4
4,0,0,0,4
1,0,0,0,1
1,0,0,0,1
1,0,0,0,1
1,0,0,0,1
1,0,0,0,1
1,0,0,0,1
1,0,0,0,1
1,0,0,0,1
1,0,0,0,1
1,0,0,0,1
1,0,0,0,1
2,0,0,0,2
1,0,0,0,1
4,0,0,0,4
2,0,0,0,2
3,2,0,0,5
1,0,0,0,1
1,0,0,0,1
1,0,0,0,1
1,0,0,0,1
4,0,0,0,4
1,0,0,0,1
1,0,0,0,1
1,0,0,0,1
2,0,0,0,2
1,0,0,0,1
2,0,0,0,2
2,0,0,0,2
1,0,0,0,1
2,0,0,0,2
2,0,0,0,2
1,0,0,0,1
2,0,0,0,2
2,0,0,0,2
1,0,0,0,1
3,0,0,0,3
3,0,0,0,3
2,0,0,0,2
1,0,0,0,1
2,0,0,0,2
2,0,0,0,2
2,0,0,0,2
3,0,0,0,3
2,0,0,0,2
1,0,0,0,1
1,0,0,0,1
3,0,0,0,3
2,0,0,0,2
1,0,0,0,1
3,0,1,0,4
1,0,0,0,1
1,0,0,0,1
3,0,0,0,3
5,0,0,0,5
2,0,0,0,2
1,0,0,0,1
1,0,0,0,1
1,2,0,0,3
1,0,0,0,1
1,0,0,0,1
2,0,0,0,2
1,0,0,0,1
2,5,0,0,7
1,0,0,0,1
2,0,0,0,2
1,0,0,0,1
1,0,0,0,1
1,0,0,0,1
1,0,0,0,1
2,0,0,0,2
1,0,0,0,1
1,0,0,0,1
1,0,0,0,1
1,0,0,0,1
1,0,0,0,1
1,0,0,0,1
1,0,0,0,1
1,0,0,0,1
1,0,0,0,1
3,0,0,0,3
1,0,0,0,1
1,0,0,0,1
2,0,0,0,2
1,0,0,0,1
1,0,0,0,1
5,0,0,0,5
1,0,0,0,1
1,0,0,0,1
2,0,0,0,2
1,0,0,0,1
1,0,0,0,1
1,0,0,0,1
1,0,0,0,1
1,0,0,0,1
1,0,0,0,1
1,0,0,0,1
1,0,0,0,1
1,0,0,0,1
1,0,0,0,1
1,0,0,0,1
1,0,0,0,1
1,0,0,0,1
6,2,0,0,8
2,0,0,0,2
5,0,0,0,5
1,0,0,0,1
1,0,0,0,1
1,0,0,0,1
2,0,0,0,2
1,0,0,0,1
1,0,0,0,1
1,0,0,0,1
1,0,0,0,1
1,0,0,0,1
1,0,0,0,1
1,0,0,0,1
2,0,0,0,2
1,0,0,0,1
1,0,0,0,1
3,0,0,0,3
1,0,0,0,1
1,0,0,0,1
1,0,0,0,1
1,0,0,0,1
1,0,0,0,1
1,0,0,0,1
1,0,0,0,1
2,0,0,0,2
1,0,0,0,1
2,3,0,0,5
1,0,0,0,1
1,0,0,0,1
1,0,0,0,1
1,0,0,0,1
1,0,0,0,1
2,0,0,0,2
1,0,0,0,1
1,0,0,0,1
1,0,0,0,1
1,0,0,0,1
1,0,0,0,1
1,0,0,0,1
3,0,0,0,3
3,0,0,0,3
2,0,0,0,2
1,0,0,0,1
1,0,0,0,1
1,0,0,0,1
2,0,0,0,2
1,0,0,0,1
1,0,0,0,1
1,0,0,0,1
2,0,0,0,2
3,0,0,0,3
2,0,0,0,2
2,1,0,0,3
1,0,0,0,1
1,0,0,0,1
3,0,1,0,4
2,0,0,0,2
1,0,0,0,1
1,0,0,0,1
2,1,0,0,3
1,0,0,0,1
1,0,0,0,1
1,0,0,0,1
1,0,0,0,1
3,0,0,0,3
1,0,0,0,1
1,0,0,0,1
1,0,0,0,1
1,0,0,0,1
1,0,0,0,1
2,0,0,0,2
1,0,0,0,1
3,0,0,0,3
2,0,0,0,2
11,0,0,0,11
1,0,0,0,1
1,0,0,0,1
1,0,0,0,1
1,0,0,0,1
2,0,0,0,2
1,0,0,0,1
1,0,0,0,1
1,0,0,0,1
2,0,0,0,2
1,0,0,0,1
1,0,0,0,1
1,5,1,0,7
1,0,0,0,1
1,0,0,0,1
2,0,0,0,2
2,0,0,0,2
1,0,0,0,1
1,0,0,0,1
2,0,0,0,2
1,0,0,0,1
1,0,0,0,1
1,0,0,0,1
1,0,0,0,1
1,0,0,0,1
1,0,0,0,1
1,0,0,0,1
1,0,0,0,1
2,0,0,0,2
1,0,0,0,1
1,0,0,0,1
2,0,0,0,2
3,0,0,0,3
2,0,0,0,2
1,0,0,0,1
1,0,0,0,1
1,0,0,0,1
1,0,0,0,1
2,0,0,0,2
1,0,0,0,1
1,0,0,0,1
1,0,0,0,1
2,0,0,0,2
1,0,0,0,1
1,0,0,0,1
1,0,0,0,1
1,0,0,0,1
2,0,0,0,2
1,0,0,0,1
1,0,0,0,1
1,2,0,0,3
1,0,0,0,1
1,0,0,0,1
1,0,0,0,1
1,0,0,0,1
1,0,0,0,1
1,0,0,0,1
1,0,0,0,1
1,0,0,0,1
1,0,0,0,1
1,0,0,0,1
1,0,0,0,1
4,0,0,0,4
3,0,0,0,3
4,0,0,0,4
1,0,0,0,1
1,0,0,0,1
3,0,0,0,3
1,0,0,0,1
1,0,0,0,1
6,12,0,0,18
1,0,0,0,1
1,0,0,0,1
3,0,0,0,3
3,0,0,0,3
4,0,0,0,4
1,0,0,0,1
1,0,0,0,1
1,0,0,0,1
1,0,0,0,1
2,0,0,0,2
1,0,0,0,1
1,0,0,0,1
1,0,0,0,1
1,0,0,0,1
1,0,0,0,1
2,0,0,0,2
1,0,0,0,1
1,0,0,0,1
3,0,0,0,3
1,0,0,0,1
3,0,0,0,3
1,0,0,0,1
1,0,0,0,1
1,0,0,0,1
1,0,0,0,1
1,0,0,0,1
2,0,0,0,2
1,0,0,0,1
1,0,0,0,1
1,0,0,0,1
1,0,0,0,1
4,0,0,0,4
1,0,0,0,1
5,5,0,0,10
1,0,0,0,1
1,0,0,0,1
6,1,0,0,7
2,0,0,0,2
1,0,0,0,1
1,0,0,0,1
2,0,0,0,2
2,0,0,0,2
1,0,0,0,1
1,0,0,0,1
1,0,0,0,1
3,0,0,0,3
1,0,0,0,1
1,0,0,0,1
2,0,0,0,2
1,0,0,0,1
1,0,0,0,1
1,0,0,0,1
1,0,0,0,1
2,0,0,0,2
1,0,0,0,1
1,0,0,0,1
1,0,0,0,1
1,0,0,0,1
1,0,0,0,1
1,0,0,0,1
1,0,0,0,1
2,0,0,0,2
3,0,0,0,3
1,0,0,0,1
1,0,0,0,1
2,0,0,0,2
1,0,0,0,1
1,0,0,0,1
1,0,0,0,1
1,0,0,0,1
1,0,0,0,1
1,0,0,0,1
2,0,0,0,2
1,0,0,0,1
2,0,0,0,2
2,0,0,0,2
2,0,0,0,2
1,0,0,0,1
1,0,0,0,1
1,0,0,0,1
4,0,0,0,4
4,0,0,0,4
1,0,0,0,1
1,0,0,0,1
3,0,0,0,3
1,0,0,0,1
1,0,0,0,1
2,0,0,0,2
1,0,0,0,1
5,0,0,0,5
1,8,0,0,9
3,0,0,0,3
4,0,0,0,4
1,0,0,0,1
2,0,0,0,2
1,0,0,0,1
1,0,0,0,1
1,0,0,0,1
1,0,0,0,1
1,0,0,0,1
1,0,0,0,1
1,1,0,0,2
2,1,0,0,3
1,0,0,0,1
5,2,0,0,7
4,0,0,0,4
3,8,0,0,11
2,0,0,0,2
1,0,0,0,1
1,0,0,0,1
3,0,0,0,3
1,0,0,0,1
1,0,0,0,1
4,0,0,0,4
1,0,0,0,1
1,0,0,0,1
1,0,0,0,1
1,0,0,0,1
2,0,0,0,2
1,0,0,0,1
1,0,0,0,1
1,0,0,0,1
1,0,0,0,1
4,0,0,0,4
1,0,0,0,1
1,0,0,0,1
4,0,0,0,4
1,0,0,0,1
1,0,0,0,1
1,0,0,0,1
1,0,0,0,1
1,0,0,0,1
2,0,0,0,2
1,0,0,0,1
1,0,0,0,1
1,0,0,0,1
7,0,0,0,7
1,0,0,0,1
2,0,0,0,2
1,0,0,0,1
2,0,0,0,2
1,0,0,0,1
1,0,0,0,1
1,0,0,0,1
1,0,0,0,1
1,0,0,0,1
1,0,0,0,1
2,0,0,0,2
1,0,0,0,1
1,0,0,0,1
2,0,0,0,2
1,0,0,0,1
4,0,0,0,4
3,0,0,0,3
1,0,0,0,1
2,0,0,0,2
5,0,0,0,5
2,0,0,0,2
1,0,0,0,1
1,0,0,0,1
1,0,0,0,1
1,0,0,0,1
1,0,0,0,1
3,0,0,0,3
1,0,0,0,1
1,0,0,0,1
1,0,0,0,1
1,0,0,0,1
3,0,0,0,3
1,0,0,0,1
2,0,0,0,2
1,0,0,0,1
2,0,0,0,2
4,0,0,0,4
1,0,0,0,1
1,0,0,0,1
2,0,0,0,2
2,0,2,0,4
1,0,0,0,1
1,0,0,0,1
2,0,0,0,2
1,0,0,0,1
1,0,0,0,1
1,0,0,0,1
1,0,0,0,1
1,0,0,0,1
1,0,0,0,1
5,0,0,0,5
1,0,0,0,1
1,0,0,0,1
1,0,0,0,1
1,0,0,0,1
2,0,0,0,2
1,0,0,0,1
1,0,0,0,1
1,0,0,0,1
1,0,0,0,1
1,0,0,0,1
1,0,0,0,1
1,0,0,0,1
2,0,0,0,2
1,0,0,0,1
2,2,0,0,4
1,0,0,0,1
1,0,0,0,1
1,0,0,0,1
1,0,0,0,1
1,0,0,0,1
1,0,0,0,1
1,0,0,0,1
1,2,0,0,3
1,0,0,0,1
1,0,0,0,1
1,0,0,0,1
1,0,0,0,1
1,0,0,0,1
1,0,0,0,1
1,0,0,0,1
1,0,0,0,1
1,0,0,0,1
3,0,0,0,3
1,0,0,0,1
1,0,0,0,1
1,0,0,0,1
2,0,0,0,2
1,0,0,0,1
1,0,0,0,1
1,0,0,0,1
1,0,0,0,1
1,0,0,0,1
1,0,0,0,1
3,0,0,0,3
2,0,0,0,2
1,0,0,0,1
4,1,0,0,5
3,10,0,0,13
1,0,0,0,1
1,0,0,0,1
4,0,0,0,4
1,2,1,0,4
1,0,0,0,1
1,0,0,0,1
3,0,0,0,3
1,0,0,0,1
1,0,0,0,1
2,0,0,0,2
1,0,0,0,1
1,0,0,0,1
1,0,0,0,1
1,0,0,0,1
1,0,0,0,1
2,0,0,0,2
1,0,0,0,1
4,6,0,0,10
1,0,0,0,1
1,0,0,0,1
1,0,0,0,1
1,0,0,0,1
1,0,0,0,1
2,0,0,0,2
2,0,0,0,2
1,0,0,0,1
4,0,0,0,4
1,0,0,0,1
1,0,0,0,1
1,0,0,0,1
1,0,0,0,1
1,0,0,0,1
1,0,0,0,1
1,0,0,0,1
1,0,0,0,1
1,0,0,0,1
1,0,0,0,1
1,0,0,0,1
1,0,0,0,1
1,0,0,0,1
1,0,0,0,1
2,0,0,0,2
1,0,0,0,1
1,0,0,0,1
1,0,0,0,1
1,0,0,0,1
1,0,0,0,1
1,0,0,0,1
2,0,0,0,2
1,0,0,0,1
1,0,0,0,1
6,0,0,0,6
1,0,0,0,1
1,0,0,0,1
1,0,0,0,1
1,0,0,0,1
1,0,0,0,1
1,0,0,0,1
1,0,0,0,1
1,0,0,0,1
1,0,0,0,1
1,0,0,0,1
1,0,0,0,1
2,2,0,0,4
1,0,0,0,1
1,0,0,0,1
1,0,0,0,1
2,0,0,0,2
2,0,0,0,2
1,0,0,0,1
1,0,0,0,1
1,0,0,0,1
2,0,0,0,2
1,0,0,0,1
1,0,0,0,1
1,0,0,0,1
1,0,0,0,1
1,0,0,0,1
1,0,0,0,1
1,0,0,0,1
1,13,4,0,18
1,0,0,0,1
1,0,0,0,1
2,0,0,0,2
1,0,0,0,1
2,0,0,0,2
1,0,0,0,1
1,0,0,0,1
1,0,0,0,1
1,0,0,0,1
1,1,0,0,2
1,0,0,0,1
1,0,0,0,1
4,0,0,0,4
1,0,0,0,1
9,5,0,0,14
1,0,0,0,1
1,0,0,0,1
1,0,0,0,1
1,0,0,0,1
1,0,0,0,1
2,0,0,0,2
1,0,0,0,1
1,0,0,0,1
2,0,0,0,2
1,0,0,0,1
1,0,0,0,1
1,0,0,0,1
1,0,0,0,1
3,0,0,0,3
6,4,0,0,10
1,0,0,0,1
1,0,0,0,1
2,0,0,0,2
1,0,0,0,1
2,0,0,0,2
3,0,0,0,3
1,0,0,0,1
1,0,0,0,1
1,0,0,0,1
2,0,0,0,2
1,0,0,0,1
1,0,0,0,1
1,0,0,0,1
2,0,0,0,2
1,0,0,0,1
1,0,0,0,1
2,0,0,0,2
1,0,0,0,1
1,0,0,0,1
1,0,0,0,1
1,0,0,0,1
4,0,0,0,4
2,0,0,0,2
1,0,0,0,1
1,0,0,0,1
1,0,0,0,1
1,0,0,0,1
1,0,0,0,1
1,0,0,0,1
1,0,0,0,1
1,0,0,0,1
11,0,0,0,11
1,0,0,0,1
1,0,0,0,1
1,0,0,0,1
2,2,0,0,4
1,0,0,0,1
1,0,0,0,1
1,0,0,0,1
1,0,0,0,1
1,0,0,0,1
1,0,0,0,1
3,0,0,0,3
1,0,0,0,1
1,0,0,0,1
1,0,0,0,1
1,0,0,0,1
1,0,0,0,1
2,0,0,0,2
5,0,0,0,5
1,0,0,0,1
1,0,0,0,1
2,0,0,0,2
1,0,0,0,1
1,0,0,0,1
1,0,0,0,1
1,0,0,0,1
1,0,0,0,1
1,0,0,0,1
1,0,0,0,1
1,0,0,0,1
3,0,0,0,3
1,0,0,0,1
2,0,0,0,2
1,0,0,0,1
1,0,0,0,1
1,0,0,0,1
1,0,0,0,1
1,0,0,0,1
1,0,0,0,1
1,0,0,0,1
1,0,0,0,1
2,0,0,0,2
1,0,0,0,1
1,0,0,0,1
1,0,0,0,1
1,0,0,0,1
9,0,0,0,9
1,0,0,0,1
1,0,0,0,1
1,0,0,0,1
1,0,0,0,1
4,1,0,0,5
1,0,0,0,1
1,0,0,0,1
1,0,0,0,1
1,0,0,0,1
2,0,0,0,2
1,0,0,0,1
1,0,0,0,1
6,0,0,0,6
1,0,0,0,1
4,0,0,0,4
3,0,0,0,3
1,0,0,0,1
2,0,0,0,2
1,0,0,0,1
1,0,0,0,1
1,0,0,0,1
1,0,0,0,1
1,0,0,0,1
1,0,0,0,1
2,0,0,0,2
3,0,0,0,3
1,0,0,0,1
1,0,0,0,1
2,0,0,0,2
1,0,0,0,1
2,0,0,0,2
4,0,0,0,4
1,0,0,0,1
1,0,0,0,1
6,0,2,0,8
1,0,0,0,1
2,0,0,0,2
1,0,0,0,1
1,0,0,0,1
1,0,0,0,1
1,0,0,0,1
1,0,0,0,1
1,0,0,0,1
5,0,0,0,5
1,0,0,0,1
1,0,0,0,1
1,0,0,0,1
1,0,0,0,1
1,0,0,0,1
6,0,0,0,6
1,0,0,0,1
1,0,0,0,1
1,0,0,0,1
1,0,0,0,1
1,0,0,0,1
1,0,0,0,1
1,0,0,0,1
1,0,0,0,1
1,0,0,0,1
1,0,0,0,1
12,1,0,0,13
2,0,0,0,2
1,0,0,0,1
1,0,0,0,1
1,0,0,0,1
1,0,0,0,1
1,0,0,0,1
1,0,0,0,1
1,0,0,0,1
1,0,0,0,1
1,2,1,0,4
1,0,0,0,1
1,0,0,0,1
1,0,0,0,1
1,0,0,0,1
1,0,0,0,1
1,0,0,0,1
1,0,0,0,1
2,0,0,0,2
1,0,0,0,1
1,0,0,0,1
2,0,0,0,2
1,0,0,0,1
1,0,0,0,1
1,0,0,0,1
1,0,0,0,1
1,0,0,0,1
1,0,0,0,1
1,0,0,0,1
1,0,0,0,1
1,0,0,0,1
1,0,0,0,1
1,0,0,0,1
2,3,0,0,5
6,0,0,0,6
1,0,0,0,1
2,0,0,0,2
1,0,0,0,1
1,0,0,0,1
1,0,0,0,1
2,0,0,0,2
1,0,0,0,1
1,0,0,0,1
1,0,0,0,1
1,0,0,0,1
1,0,0,0,1
1,0,0,0,1
1,0,0,0,1
1,0,0,0,1
2,0,0,0,2
1,0,0,0,1
1,0,0,0,1
1,0,0,0,1
1,0,0,0,1
1,0,0,0,1
3,21,18,0,42
1,0,0,0,1
2,2,0,0,4
1,0,0,0,1
3,0,0,0,3
2,0,0,0,2
5,0,0,0,5
1,0,0,0,1
1,0,0,0,1
4,7,0,0,11
1,0,0,0,1
1,0,0,0,1
1,0,0,0,1
2,0,0,0,2
1,0,0,0,1
5,0,0,0,5
1,0,0,0,1
1,0,0,0,1
1,0,0,0,1
1,0,0,0,1
2,0,0,0,2
1,0,0,0,1
2,0,0,0,2
1,0,0,0,1
1,0,0,0,1
1,0,0,0,1
3,2,0,0,5
1,0,0,0,1
1,0,0,0,1
1,0,0,0,1
1,0,0,0,1
1,0,0,0,1
1,0,0,0,1
4,0,0,0,4
1,0,0,0,1
1,0,0,0,1
2,0,0,0,2
2,0,0,0,2
3,3,0,0,6
2,0,0,0,2
1,0,0,0,1
1,0,0,0,1
1,0,1,0,2
2,0,0,0,2
1,0,0,0,1
1,0,0,0,1
1,0,0,0,1
2,0,0,0,2
1,0,0,0,1
2,0,0,0,2
2,0,0,0,2
1,0,0,0,1
1,0,0,0,1
1,1,0,0,2
1,0,0,0,1
3,0,0,0,3
1,0,0,0,1
5,0,0,0,5
2,0,0,0,2
1,0,0,0,1
1,0,0,0,1
1,0,0,0,1
1,0,0,0,1
1,0,0,0,1
1,0,0,0,1
1,0,0,0,1
1,0,0,0,1
1,0,0,0,1
1,0,0,0,1
10,0,0,0,10
1,0,0,0,1
1,0,0,0,1
1,0,0,0,1
7,2,0,0,9
2,0,0,0,2
1,0,0,0,1
1,0,0,0,1
1,0,0,0,1
1,0,0,0,1
1,0,0,0,1
1,0,0,0,1
1,0,0,0,1
1,0,0,0,1
1,0,0,0,1
3,8,0,0,11
1,0,0,0,1
1,0,0,0,1
1,0,0,0,1
3,1,0,0,4
1,0,0,0,1
1,0,0,0,1
1,0,0,0,1
1,0,0,0,1
3,0,0,0,3
2,0,0,0,2
2,0,0,0,2
1,0,0,0,1
1,0,0,0,1
2,0,0,0,2
1,0,0,0,1
1,0,0,0,1
3,0,0,0,3
1,0,0,0,1
2,0,0,0,2
1,0,0,0,1
2,0,0,0,2
1,0,0,0,1
1,0,0,0,1
2,0,0,0,2
1,0,0,0,1
1,0,0,0,1
1,0,0,0,1
1,0,0,0,1
1,0,0,0,1
1,0,0,0,1
3,0,0,0,3
1,0,0,0,1
1,0,0,0,1
1,0,0,0,1
1,0,0,0,1
1,0,0,0,1
1,0,0,0,1
1,0,0,0,1
1,0,0,0,1
1,0,0,0,1
1,0,0,0,1
1,0,0,0,1
3,0,0,0,3
1,0,0,0,1
2,9,0,0,11
1,0,0,0,1
1,0,0,0,1
1,0,0,0,1
1,0,0,0,1
4,0,0,0,4
1,0,0,0,1
2,0,0,0,2
4,0,0,0,4
1,0,0,0,1
1,0,0,0,1
1,0,0,0,1
1,0,0,0,1
1,0,0,0,1
3,1,0,0,4
1,0,0,0,1
1,0,0,0,1
1,0,0,0,1
2,0,0,0,2
1,0,0,0,1
1,0,0,0,1
1,0,0,0,1
1,0,0,0,1
1,0,0,0,1
1,0,0,0,1
1,0,0,0,1
1,0,0,0,1
2,0,0,0,2
1,0,0,0,1
1,0,0,0,1
1,0,0,0,1
4,0,0,0,4
1,0,0,0,1
2,0,0,0,2
5,3,1,0,9
2,0,0,0,2
1,0,0,0,1
2,0,0,0,2
2,0,0,0,2
3,0,0,0,3
2,0,0,0,2
10,0,0,0,10
1,0,0,0,1
2,0,0,0,2
1,0,0,0,1
1,0,0,0,1
6,18,0,0,24
1,0,0,0,1
1,2,1,0,4
1,0,0,0,1
2,0,0,0,2
1,0,0,0,1
1,0,0,0,1
1,0,0,0,1
1,0,0,0,1
1,0,0,0,1
2,4,1,0,7
1,0,0,0,1
1,0,0,0,1
6,0,0,0,6
1,0,0,0,1
1,0,0,0,1
3,0,0,0,3
2,0,0,0,2
3,0,0,0,3
1,0,0,0,1
1,0,0,0,1
2,0,0,0,2
2,0,0,0,2
1,0,0,0,1
1,0,0,0,1
1,0,0,0,1
5,0,0,0,5
1,0,0,0,1
7,0,0,0,7
1,0,0,0,1
1,0,0,0,1
1,0,0,0,1
1,0,0,0,1
1,0,0,0,1
3,0,0,0,3
1,0,0,0,1
1,0,0,0,1
4,0,0,0,4
1,0,0,0,1
5,0,0,0,5
1,0,0,0,1
2,0,0,0,2
1,0,0,0,1
1,0,0,0,1
4,3,0,0,7
1,0,0,0,1
1,0,0,0,1
1,0,0,0,1
1,0,0,0,1
1,0,0,0,1
1,0,0,0,1
1,0,0,0,1
1,0,0,0,1
1,0,0,0,1
1,0,0,0,1
2,0,0,0,2
3,0,0,0,3
1,0,0,0,1
1,0,0,0,1
1,0,0,0,1
3,0,0,0,3
1,0,0,0,1
2,0,0,0,2
1,0,0,0,1
1,0,0,0,1
1,0,0,0,1
4,0,0,0,4
1,0,0,0,1
2,0,0,0,2
1,0,0,0,1
2,0,0,0,2
2,0,0,0,2
1,0,0,0,1
2,0,0,0,2
1,0,0,0,1
1,0,0,0,1
4,0,0,0,4
3,0,0,0,3
1,0,0,0,1
1,0,0,0,1
1,0,0,0,1
1,0,0,0,1
1,0,0,0,1
1,0,0,0,1
1,0,0,0,1
1,0,0,0,1
1,0,0,0,1
1,0,0,0,1
1,0,0,0,1
1,0,0,0,1
9,2,0,0,11
1,0,0,0,1
5,7,0,0,12
1,0,0,0,1
4,0,0,0,4
1,0,0,0,1
1,0,0,0,1
1,4,0,0,5
1,0,0,0,1
1,0,0,0,1
1,0,0,0,1
1,0,0,0,1
1,0,0,0,1
1,0,0,0,1
1,0,0,0,1
1,0,0,0,1
1,0,0,0,1
2,0,0,0,2
3,0,0,0,3
1,0,0,0,1
4,1,0,0,5
1,0,0,0,1
3,0,0,0,3
1,0,0,0,1
3,0,0,0,3
2,0,0,0,2
1,0,0,0,1
1,0,0,0,1
1,0,0,0,1
1,0,0,0,1
1,0,0,0,1
4,0,0,0,4
3,0,0,0,3
1,0,0,0,1
1,0,0,0,1
1,0,0,0,1
1,0,0,0,1
3,0,0,0,3
2,16,2,0,20
2,0,0,0,2
1,1,0,0,2
1,2,0,0,3
2,0,0,0,2
1,0,0,0,1
1,0,0,0,1
3,0,0,0,3
1,0,0,0,1
1,0,0,0,1
4,3,2,0,9
1,0,0,0,1
1,0,0,0,1
2,0,0,0,2
1,4,2,0,7
1,0,0,0,1
1,0,0,0,1
1,0,0,0,1
1,2,0,0,3
1,0,0,0,1
1,0,0,0,1
4,0,0,0,4
1,0,0,0,1
1,0,0,0,1
2,0,0,0,2
1,0,0,0,1
2,0,0,0,2
1,0,0,0,1
1,0,0,0,1
1,0,0,0,1
4,1,0,0,5
1,0,0,0,1
1,0,0,0,1
1,0,0,0,1
1,0,0,0,1
2,0,0,0,2
1,0,0,0,1
4,0,0,0,4
2,0,0,0,2
1,0,0,0,1
1,0,0,0,1
1,0,0,0,1
1,0,0,0,1
1,0,0,0,1
4,0,0,0,4
2,0,0,0,2
1,0,0,0,1
1,0,0,0,1
1,0,0,0,1
2,0,0,0,2
1,0,0,0,1
1,0,0,0,1
1,0,0,0,1
2,0,0,0,2
1,0,0,0,1
1,0,0,0,1
1,0,0,0,1
1,0,0,0,1
1,0,0,0,1
2,0,0,0,2
1,0,0,0,1
2,0,0,0,2
1,0,0,0,1
6,0,0,0,6
1,0,0,0,1
1,0,0,0,1
2,0,0,0,2
1,0,0,0,1
1,0,0,0,1
2,2,0,0,4
1,0,0,0,1
1,0,0,0,1
1,0,0,0,1
1,0,0,0,1
3,0,0,0,3
2,0,0,0,2
1,0,0,0,1
1,0,0,0,1
1,0,0,0,1
1,0,0,0,1
2,0,0,0,2
6,0,0,0,6
1,0,0,0,1
1,0,0,0,1
2,0,0,0,2
1,0,0,0,1
1,0,0,0,1
2,0,0,0,2
1,0,0,0,1
1,0,0,0,1
4,0,0,0,4
1,0,0,0,1
1,0,0,0,1
1,0,0,0,1
1,0,0,0,1
1,0,0,0,1
1,0,0,0,1
1,0,0,0,1
1,0,0,0,1
1,0,0,0,1
1,0,0,0,1
3,0,0,0,3
1,0,0,0,1
3,0,0,0,3
2,2,0,0,4
2,0,0,0,2
1,0,0,0,1
1,0,0,0,1
1,0,0,0,1
1,0,0,0,1
2,0,0,0,2
5,0,0,0,5
1,0,0,0,1
1,0,0,0,1
1,0,0,0,1
1,0,0,0,1
1,0,0,0,1
3,0,0,0,3
1,0,0,0,1
1,0,0,0,1
2,4,3,0,9
1,0,0,0,1
1,0,0,0,1
1,0,0,0,1
1,0,0,0,1
2,0,0,0,2
6,0,0,0,6
1,0,0,0,1
2,0,0,0,2
1,0,0,0,1
1,0,0,0,1
3,0,0,0,3
2,0,0,0,2
2,0,0,0,2
6,11,0,0,17
1,0,0,0,1
1,0,0,0,1
1,0,0,0,1
2,0,0,0,2
1,0,0,0,1
1,0,0,0,1
5,0,0,0,5
1,0,0,0,1
1,0,0,0,1
2,0,0,0,2
5,0,0,0,5
1,0,0,0,1
1,0,0,0,1
1,0,0,0,1
1,0,0,0,1
2,0,0,0,2
1,0,0,0,1
4,0,0,0,4
1,0,0,0,1
1,0,0,0,1
2,0,0,0,2
6,0,0,0,6
1,0,0,0,1
2,2,0,0,4
3,0,0,0,3
1,0,0,0,1
2,0,0,0,2
2,0,0,0,2
1,0,0,0,1
3,0,0,0,3
1,0,0,0,1
1,0,0,0,1
2,0,0,0,2
4,0,0,0,4
3,0,0,0,3
1,0,0,0,1
1,0,0,0,1
1,0,0,0,1
1,0,0,0,1
1,0,0,0,1
2,0,0,0,2
1,0,0,0,1
3,0,0,0,3
1,0,0,0,1
1,0,0,0,1
1,0,0,0,1
1,0,0,0,1
1,0,0,0,1
1,0,0,0,1
2,0,0,0,2
1,0,0,0,1
1,0,0,0,1
1,0,0,0,1
1,0,0,0,1
1,0,0,0,1
5,0,0,0,5
1,0,0,0,1
2,0,0,0,2
1,0,0,0,1
1,0,0,0,1
1,0,0,0,1
1,7,0,0,8
2,0,0,0,2
1,0,0,0,1
1,0,0,0,1
1,0,0,0,1
1,0,0,0,1
1,0,0,0,1
1,0,0,0,1
1,0,0,0,1
8,0,0,0,8
1,0,0,0,1
3,0,0,0,3
2,0,0,0,2
5,0,0,0,5
1,0,0,0,1
1,0,0,0,1
6,0,0,0,6
2,0,0,0,2
1,0,0,0,1
3,0,0,0,3
1,0,0,0,1
1,0,0,0,1
1,0,0,0,1
1,0,0,0,1
5,4,0,0,9
1,0,0,0,1
1,0,0,0,1
1,0,0,0,1
1,0,0,0,1
1,0,0,0,1
1,0,0,0,1
1,0,0,0,1
2,0,0,0,2
2,0,0,0,2
1,0,0,0,1
1,0,0,0,1
1,0,0,0,1
1,2,0,0,3
1,0,0,0,1
1,0,0,0,1
2,0,0,0,2
1,0,0,0,1
1,0,0,0,1
1,0,0,0,1
1,0,0,0,1
1,0,0,0,1
1,0,0,0,1
1,0,0,0,1
11,0,0,0,11
1,0,0,0,1
1,0,0,0,1
1,0,0,0,1
1,0,0,0,1
1,0,0,0,1
1,0,0,0,1
1,0,0,0,1
1,0,0,0,1
1,0,0,0,1
1,0,0,0,1
1,0,0,0,1
2,0,0,0,2
1,0,0,0,1
1,0,0,0,1
4,0,0,0,4
1,0,0,0,1
2,0,0,0,2
3,0,1,0,4
1,0,0,0,1
1,0,0,0,1
2,0,0,0,2
1,2,0,0,3
4,0,0,0,4
2,0,0,0,2
2,0,0,0,2
2,0,0,0,2
1,0,0,0,1
1,0,0,0,1
1,0,0,0,1
4,0,0,0,4
1,0,0,0,1
8,0,0,0,8
2,0,0,0,2
3,0,0,0,3
1,0,0,0,1
1,0,0,0,1
2,0,0,0,2
2,0,0,0,2
1,0,0,0,1
1,0,0,0,1
5,0,0,0,5
2,7,0,0,9
3,0,0,0,3
1,0,0,0,1
1,0,0,0,1
1,0,0,0,1
1,0,0,0,1
1,0,0,0,1
1,0,0,0,1
1,0,0,0,1
1,0,0,0,1
1,0,0,0,1
1,0,0,0,1
1,0,0,0,1
1,0,0,0,1
1,0,0,0,1
1,0,0,0,1
1,0,0,0,1
1,0,0,0,1
1,0,0,0,1
1,0,0,0,1
1,0,0,0,1
2,0,0,0,2
2,0,0,0,2
1,0,0,0,1
1,2,0,0,3
2,4,0,0,6
1,0,0,0,1
1,0,0,0,1
1,0,0,0,1
1,0,0,0,1
1,0,0,0,1
1,0,0,0,1
1,0,0,0,1
1,0,0,0,1
1,0,0,0,1
1,0,0,0,1
2,0,0,0,2
1,0,0,0,1
2,0,0,0,2
1,0,0,0,1
1,0,0,0,1
7,4,0,0,11
1,0,0,0,1
2,0,0,0,2
2,0,0,0,2
2,0,0,0,2
1,0,0,0,1
2,0,0,0,2
1,0,0,0,1
1,7,0,0,8
2,0,0,0,2
1,0,0,0,1
5,0,0,0,5
1,0,0,0,1
1,0,0,0,1
2,0,0,0,2
4,0,0,0,4
1,0,0,0,1
1,0,0,0,1
2,0,0,0,2
1,0,0,0,1
1,0,0,0,1
1,0,0,0,1
1,0,0,0,1
1,0,0,0,1
1,0,0,0,1
1,0,0,0,1
1,0,0,0,1
2,0,0,0,2
1,0,0,0,1
1,0,0,0,1
2,0,0,0,2
1,0,0,0,1
1,0,0,0,1
1,0,0,0,1
1,0,0,0,1
1,0,0,0,1
1,0,0,0,1
1,0,0,0,1
4,0,0,0,4
1,0,0,0,1
1,2,0,0,3
1,0,0,0,1
1,0,0,0,1
1,0,0,0,1
1,0,0,0,1
2,0,0,0,2
1,0,0,0,1
1,0,0,0,1
1,0,0,0,1
3,0,0,0,3
1,0,0,0,1
2,0,0,0,2
4,0,0,0,4
1,3,0,0,4
1,0,0,0,1
1,0,0,0,1
1,0,0,0,1
1,0,0,0,1
1,0,0,0,1
1,0,0,0,1
1,0,0,0,1
1,0,0,0,1
1,0,0,0,1
1,0,0,0,1
1,0,0,0,1
3,0,0,0,3
1,0,0,0,1
1,0,0,0,1
1,0,0,0,1
2,0,0,0,2
5,0,0,0,5
3,0,0,0,3
2,0,0,0,2
1,0,0,0,1
2,2,0,0,4
1,0,0,0,1
2,0,0,0,2
1,0,0,0,1
1,0,0,0,1
1,0,0,0,1
5,0,0,0,5
1,0,0,0,1
1,0,0,0,1
2,0,0,0,2
4,0,0,0,4
1,0,0,0,1
2,0,0,0,2
1,3,0,0,4
1,0,0,0,1
1,0,0,0,1
2,40,0,0,42
2,0,0,0,2
1,0,2,0,3
1,0,0,0,1
1,0,0,0,1
1,0,0,0,1
1,0,0,0,1
1,0,0,0,1
1,0,0,0,1
1,0,0,0,1
1,0,0,0,1
1,0,0,0,1
1,0,0,0,1
1,0,0,0,1
1,0,0,0,1
1,0,0,0,1
1,0,0,0,1
1,0,0,0,1
1,0,0,0,1
1,0,0,0,1
1,0,0,0,1
1,0,0,0,1
1,0,0,0,1
1,0,0,0,1
1,0,0,0,1
1,0,0,0,1
5,0,0,0,5
1,0,0,0,1
1,0,0,0,1
3,0,0,0,3
1,0,0,0,1
1,0,0,0,1
1,0,0,0,1
1,0,0,0,1
1,0,0,0,1
1,0,0,0,1
1,0,0,0,1
1,0,0,0,1
1,0,0,0,1
2,0,0,0,2
1,0,0,0,1
2,0,0,0,2
2,0,0,0,2
1,0,0,0,1
1,0,0,0,1
3,2,0,0,5
1,0,0,0,1
1,0,0,0,1
3,0,0,0,3
1,0,0,0,1
2,0,0,0,2
1,0,0,0,1
3,0,0,0,3
2,0,0,0,2
3,0,0,0,3
1,0,0,0,1
1,0,0,0,1
1,0,0,0,1
1,5,0,0,6
1,0,0,0,1
1,0,0,0,1
1,0,0,0,1
1,0,0,0,1
1,0,0,0,1
1,0,0,0,1
1,0,0,0,1
1,0,0,0,1
1,0,0,0,1
1,0,0,0,1
1,0,0,0,1
1,0,0,0,1
2,0,0,0,2
6,0,0,0,6
4,0,0,0,4
2,0,0,0,2
1,0,0,0,1
1,0,0,0,1
2,0,0,0,2
2,0,0,0,2
1,0,0,0,1
2,0,0,0,2
1,0,0,0,1
1,0,0,0,1
4,0,0,0,4
1,0,0,0,1
1,0,0,0,1
6,0,0,0,6
2,0,0,0,2
1,0,0,0,1
1,0,0,0,1
1,0,0,0,1
1,0,0,0,1
1,0,0,0,1
2,0,0,0,2
2,3,0,0,5
3,0,0,0,3
1,0,0,0,1
1,0,0,0,1
1,0,0,0,1
1,0,0,0,1
1,0,0,0,1
1,0,0,0,1
2,0,0,0,2
1,0,0,0,1
1,0,0,0,1
1,0,0,0,1
1,0,0,0,1
1,0,0,0,1
3,0,0,0,3
1,0,0,0,1
1,0,0,0,1
1,0,0,0,1
1,0,0,0,1
1,0,0,0,1
1,0,0,0,1
1,0,0,0,1
1,0,0,0,1
2,0,0,0,2
2,0,0,0,2
1,0,0,0,1
2,0,0,0,2
1,0,0,0,1
1,0,0,0,1
2,0,0,0,2
1,0,0,0,1
1,0,0,0,1
1,0,0,0,1
1,0,0,0,1
1,0,0,0,1
1,0,0,0,1
1,0,0,0,1
2,0,0,0,2
1,0,0,0,1
1,0,0,0,1
1,0,0,0,1
1,0,0,0,1
2,0,0,0,2
1,0,0,0,1
1,0,0,0,1
1,0,0,0,1
1,0,0,0,1
1,0,0,0,1
1,0,0,0,1
1,0,0,0,1
1,2,0,0,3
1,0,0,0,1
1,0,0,0,1
1,0,0,0,1
1,0,0,0,1
1,0,0,0,1
1,0,0,0,1
1,0,0,0,1
2,0,0,0,2
1,0,0,0,1
1,0,0,0,1
3,0,0,0,3
1,0,0,0,1
1,0,0,0,1
1,0,0,0,1
1,0,0,0,1
1,0,0,0,1
1,2,1,0,4
1,0,0,0,1
2,0,0,0,2
1,0,0,0,1
1,0,0,0,1
1,0,0,0,1
2,0,0,0,2
1,0,0,0,1
2,0,0,0,2
1,0,0,0,1
1,0,0,0,1
1,0,0,0,1
10,0,0,0,10
1,0,0,0,1
2,0,0,0,2
1,0,0,0,1
2,0,0,0,2
1,0,0,0,1
1,0,0,0,1
1,0,0,0,1
1,0,0,0,1
1,209,1,0,211
6,0,0,0,6
1,0,0,0,1
1,0,0,0,1
1,0,0,0,1
1,0,0,0,1
4,0,0,0,4
1,0,0,0,1
3,24,0,0,27
1,0,0,0,1
1,0,0,0,1
1,0,0,0,1
1,0,0,0,1
1,0,0,0,1
1,0,0,0,1
1,0,0,0,1
1,0,0,0,1
1,0,0,0,1
1,0,0,0,1
1,0,0,0,1
1,0,0,0,1
2,0,0,0,2
2,0,0,0,2
1,0,0,0,1
1,0,0,0,1
1,0,0,0,1
1,0,0,0,1
1,0,0,0,1
1,0,0,0,1
1,0,0,0,1
1,0,0,0,1
1,0,0,0,1
1,0,0,0,1
3,32,1,0,36
1,0,0,0,1
1,0,0,0,1
1,0,0,0,1
1,0,0,0,1
1,0,0,0,1
1,0,0,0,1
1,0,0,0,1
1,0,0,0,1
2,0,0,0,2
2,0,0,0,2
1,0,0,0,1
1,0,0,0,1
1,0,0,0,1
1,0,0,0,1
1,0,0,0,1
1,0,0,0,1
3,0,0,0,3
3,0,0,0,3
1,0,0,0,1
4,0,0,0,4
1,0,0,0,1
1,0,0,0,1
5,0,0,0,5
2,0,0,0,2
1,0,0,0,1
2,0,0,0,2
1,0,0,0,1
1,0,0,0,1
1,0,0,0,1
1,0,0,0,1
1,0,0,0,1
4,0,0,0,4
1,0,0,0,1
1,0,0,0,1
1,0,0,0,1
2,0,0,0,2
1,0,0,0,1
1,0,0,0,1
1,0,0,0,1
1,3,0,0,4
1,0,0,0,1
1,0,0,0,1
1,0,0,0,1
1,0,0,0,1
1,0,0,0,1
1,0,0,0,1
1,0,0,0,1
1,0,0,0,1
1,0,0,0,1
1,0,0,0,1
1,2,1,0,4
2,0,0,0,2
1,0,0,0,1
1,0,0,0,1
1,0,0,0,1
1,0,0,0,1
1,0,0,0,1
2,0,0,0,2
1,0,0,0,1
3,0,0,0,3
1,0,0,0,1
1,0,0,0,1
1,0,0,0,1
1,0,0,0,1
1,0,0,0,1
1,0,0,0,1
2,0,0,0,2
1,0,0,0,1
1,0,0,0,1
1,4,0,0,5
3,0,0,0,3
1,0,0,0,1
1,0,0,0,1
1,0,0,0,1
1,0,0,0,1
1,0,0,0,1
2,0,0,0,2
1,0,0,0,1
1,0,0,0,1
1,0,0,0,1
1,3,0,0,4
2,0,0,0,2
1,0,0,0,1
3,0,0,0,3
1,0,0,0,1
1,0,0,0,1
2,0,0,0,2
1,0,0,0,1
1,0,0,0,1
1,0,0,0,1
1,0,0,0,1
3,0,0,0,3
3,0,0,0,3
2,0,0,0,2
1,0,0,0,1
1,0,0,0,1
3,0,0,0,3
3,0,0,0,3
1,0,0,0,1
1,0,0,0,1
1,0,0,0,1
1,0,0,0,1
1,0,0,0,1
1,0,0,0,1
1,0,0,0,1
1,0,0,0,1
2,0,0,0,2
2,0,0,0,2
1,0,0,0,1
1,0,0,0,1
1,0,0,0,1
1,0,0,0,1
1,0,0,0,1
1,0,0,0,1
1,0,0,0,1
1,0,0,0,1
1,0,0,0,1
1,0,0,0,1
2,1,0,0,3
1,0,0,0,1
1,0,0,0,1
1,0,0,0,1
1,0,0,0,1
1,6,0,0,7
1,0,0,0,1
1,0,0,0,1
1,0,0,0,1
1,0,0,0,1
1,0,0,0,1
1,0,0,0,1
1,0,0,0,1
1,0,0,0,1
1,0,0,0,1
2,0,0,0,2
3,0,0,0,3
3,0,0,0,3
1,0,0,0,1
1,0,0,0,1
4,0,0,0,4
1,0,0,0,1
1,0,0,0,1
1,0,0,0,1
4,0,0,0,4
4,0,0,0,4
1,0,0,0,1
1,0,0,0,1
3,0,0,0,3
2,0,0,0,2
4,0,0,0,4
1,0,0,0,1
1,0,0,0,1
1,0,0,0,1
1,0,0,0,1
2,0,0,0,2
1,0,0,0,1
1,0,0,0,1
1,0,0,0,1
3,0,0,0,3
1,0,0,0,1
1,0,0,0,1
1,0,0,0,1
1,0,0,0,1
1,0,0,0,1
5,0,0,0,5
1,0,0,0,1
1,0,0,0,1
1,1,1,0,3
1,0,0,0,1
1,0,0,0,1
1,0,0,0,1
1,0,0,0,1
1,0,0,0,1
1,0,0,0,1
2,0,0,0,2
1,0,0,0,1
1,0,0,0,1
1,0,0,0,1
1,0,0,0,1
1,0,0,0,1
4,0,0,0,4
1,0,0,0,1
1,0,0,0,1
1,0,0,0,1
2,0,0,0,2
1,0,0,0,1
1,0,0,0,1
1,0,0,0,1
1,0,0,0,1
1,0,0,0,1
2,0,0,0,2
1,0,0,0,1
1,0,0,0,1
1,0,0,0,1
1,8,0,0,9
1,0,0,0,1
2,0,0,0,2
1,0,0,0,1
1,0,0,0,1
1,0,0,0,1
1,0,0,0,1
2,0,0,0,2
1,0,0,0,1
1,0,0,0,1
1,0,0,0,1
1,0,0,0,1
1,0,0,0,1
2,0,0,0,2
1,0,0,0,1
1,0,0,0,1
1,0,0,0,1
1,0,0,0,1
2,0,0,0,2
2,0,0,0,2
1,2,0,0,3
1,0,0,0,1
2,0,0,0,2
1,0,0,0,1
1,0,0,0,1
3,0,0,0,3
1,0,0,0,1
2,0,0,0,2
1,0,0,0,1
1,0,0,0,1
1,0,0,0,1
1,0,0,0,1
1,0,0,0,1
2,0,0,0,2
1,0,0,0,1
1,0,0,0,1
1,0,0,0,1
1,0,0,0,1
1,0,0,0,1
3,0,0,0,3
1,0,0,0,1
1,0,0,0,1
1,0,0,0,1
1,0,0,0,1
1,0,0,0,1
1,0,0,0,1
1,0,0,0,1
1,0,0,0,1
7,0,0,0,7
1,0,0,0,1
1,0,0,0,1
2,0,0,0,2
1,0,0,0,1
3,0,0,0,3
2,0,0,0,2
1,0,0,0,1
1,0,0,0,1
2,0,0,0,2
7,0,0,0,7
3,0,0,0,3
3,0,0,0,3
1,0,0,0,1
1,0,0,0,1
1,0,0,0,1
1,0,0,0,1
1,0,0,0,1
1,0,0,0,1
1,0,0,0,1
1,0,0,0,1
4,0,0,0,4
2,0,0,0,2
1,0,3,0,4
1,0,0,0,1
1,0,0,0,1
1,0,0,0,1
2,0,0,0,2
5,0,0,0,5
1,0,0,0,1
1,0,0,0,1
1,0,0,0,1
1,0,0,0,1
1,0,0,0,1
2,0,0,0,2
1,0,0,0,1
2,0,0,0,2
3,0,0,0,3
1,0,0,0,1
1,0,0,0,1
1,0,0,0,1
1,0,0,0,1
1,0,0,0,1
1,0,0,0,1
1,0,0,0,1
1,0,0,0,1
1,0,0,0,1
1,0,0,0,1
1,0,0,0,1
2,0,0,0,2
1,0,0,0,1
1,0,0,0,1
1,0,0,0,1
1,0,0,0,1
1,0,0,0,1
1,0,0,0,1
3,0,0,0,3
1,5,0,0,6
1,1,0,0,2
1,0,0,0,1
3,0,0,0,3
2,0,0,0,2
1,0,0,0,1
1,0,0,0,1
1,0,0,0,1
1,0,0,0,1
1,0,0,0,1
3,0,0,0,3
1,0,0,0,1
1,6,0,0,7
1,0,0,0,1
1,0,0,0,1
4,0,0,0,4
1,0,0,0,1
1,0,0,0,1
1,0,0,0,1
2,0,0,0,2
4,0,0,0,4
4,0,0,0,4
1,0,0,0,1
1,0,0,0,1
4,0,0,0,4
3,0,0,0,3
2,0,0,0,2
4,0,0,0,4
1,0,0,0,1
1,0,0,0,1
1,0,0,0,1
3,0,0,0,3
1,0,0,0,1
2,0,0,0,2
1,0,0,0,1
1,0,0,0,1
1,0,0,0,1
4,0,0,0,4
1,0,0,0,1
2,0,0,0,2
2,0,0,0,2
2,1,0,0,3
3,1,1,0,5
1,0,0,0,1
1,0,0,0,1
1,0,0,0,1
1,0,0,0,1
1,0,0,0,1
7,0,0,0,7
1,0,0,0,1
1,0,0,0,1
3,0,0,0,3
2,0,0,0,2
1,0,0,0,1
5,0,0,0,5
1,0,1,0,2
2,1,0,0,3
1,0,0,0,1
1,0,0,0,1
1,0,0,0,1
4,0,0,0,4
1,0,0,0,1
2,0,0,0,2
1,0,0,0,1
1,3,1,0,5
1,0,0,0,1
11,0,0,0,11
1,0,0,0,1
1,0,0,0,1
2,0,0,0,2
1,0,0,0,1
1,0,0,0,1
1,0,0,0,1
1,0,0,0,1
1,0,0,0,1
1,0,0,0,1
2,0,0,0,2
2,0,0,0,2
1,0,0,0,1
1,8,0,0,9
1,0,0,0,1
1,0,0,0,1
5,0,0,0,5
1,0,0,0,1
1,0,0,0,1
1,0,0,0,1
2,3,0,0,5
1,0,0,0,1
1,0,0,0,1
1,0,0,0,1
1,0,0,0,1
5,0,0,0,5
7,1,0,0,8
1,0,0,0,1
1,0,0,0,1
1,0,0,0,1
1,0,0,0,1
1,0,0,0,1
3,0,0,0,3
1,0,0,0,1
1,0,0,0,1
2,0,0,0,2
4,0,0,0,4
1,0,0,0,1
1,0,0,0,1
1,0,0,0,1
1,0,0,0,1
1,0,0,0,1
1,0,0,0,1
1,0,0,0,1
1,0,0,0,1
2,0,0,0,2
5,2,0,0,7
1,0,0,0,1
1,0,0,0,1
1,0,0,0,1
1,0,0,0,1
1,0,0,0,1
2,0,0,0,2
1,0,0,0,1
1,0,0,0,1
1,0,0,0,1
1,0,0,0,1
1,0,0,0,1
1,0,0,0,1
1,0,0,0,1
1,0,0,0,1
1,2,0,0,3
1,0,0,0,1
1,0,0,0,1
4,0,0,0,4
1,0,0,0,1
1,0,0,0,1
1,0,0,0,1
1,0,0,0,1
2,0,0,0,2
2,10,0,0,12
1,0,0,0,1
2,0,0,0,2
1,0,0,0,1
1,0,0,0,1
1,0,0,0,1
1,0,0,0,1
1,0,0,0,1
1,3,0,0,4
1,0,0,0,1
2,0,0,0,2
1,0,0,0,1
1,0,0,0,1
2,0,0,0,2
1,0,0,0,1
1,0,0,0,1
1,0,0,0,1
1,0,0,0,1
4,0,0,0,4
1,0,0,0,1
2,0,0,0,2
2,0,0,0,2
1,0,0,0,1
5,0,0,0,5
1,0,0,0,1
1,0,0,0,1
2,0,0,0,2
1,0,0,0,1
2,0,0,0,2
1,0,0,0,1
3,0,0,0,3
1,0,0,0,1
2,0,0,0,2
1,0,0,0,1
1,0,0,0,1
1,0,0,0,1
2,0,0,0,2
2,0,0,0,2
1,0,0,0,1
1,0,0,0,1
1,0,0,0,1
1,0,0,0,1
1,0,0,0,1
1,0,0,0,1
1,0,0,0,1
1,0,0,0,1
1,0,0,0,1
1,0,0,0,1
1,0,0,0,1
1,0,0,0,1
1,0,0,0,1
1,0,0,0,1
1,0,0,0,1
2,0,0,0,2
1,0,0,0,1
1,0,0,0,1
12,26,0,0,38
1,0,0,0,1
1,0,0,0,1
1,0,0,0,1
1,0,0,0,1
1,0,0,0,1
1,27,0,0,28
2,0,0,0,2
2,0,0,0,2
1,0,0,0,1
1,0,0,0,1
2,0,0,0,2
1,0,0,0,1
1,0,0,0,1
1,0,0,0,1
1,0,0,0,1
1,0,0,0,1
1,0,0,0,1
1,0,0,0,1
1,0,0,0,1
3,0,0,0,3
1,0,0,0,1
2,0,0,0,2
1,0,0,0,1
2,0,0,0,2
2,0,0,0,2
3,0,0,0,3
1,0,0,0,1
1,1,0,0,2
1,0,0,0,1
1,0,0,0,1
1,0,0,0,1
1,0,0,0,1
1,0,0,0,1
1,0,0,0,1
1,0,0,0,1
1,0,0,0,1
6,0,0,0,6
1,0,0,0,1
1,0,0,0,1
2,0,0,0,2
1,0,0,0,1
1,0,0,0,1
1,0,0,0,1
1,0,0,0,1
1,0,0,0,1
3,0,0,0,3
1,0,0,0,1
2,0,0,0,2
7,0,0,0,7
1,0,0,0,1
1,0,0,0,1
1,0,0,0,1
1,0,0,0,1
2,11,0,0,13
1,0,0,0,1
1,0,0,0,1
1,0,0,0,1
1,0,0,0,1
1,0,0,0,1
3,0,0,0,3
1,1,1,0,3
1,0,0,0,1
1,0,0,0,1
1,0,0,0,1
2,0,0,0,2
1,0,0,0,1
2,1,0,0,3
2,0,0,0,2
1,0,0,0,1
1,0,0,0,1
1,0,0,0,1
1,0,0,0,1
1,0,0,0,1
1,0,0,0,1
1,0,0,0,1
1,0,0,0,1
1,0,0,0,1
2,1,0,0,3
3,0,0,0,3
1,0,0,0,1
1,0,0,0,1
1,0,0,0,1
1,0,0,0,1
1,0,0,0,1
1,0,0,0,1
1,0,0,0,1
1,0,0,0,1
1,0,0,0,1
1,0,0,0,1
2,0,0,0,2
1,0,0,0,1
1,0,0,0,1
1,0,0,0,1
1,0,0,0,1
1,0,0,0,1
3,1,0,0,4
1,0,0,0,1
1,0,0,0,1
1,0,0,0,1
2,0,0,0,2
4,3,0,0,7
1,0,0,0,1
1,0,0,0,1
2,0,0,0,2
1,0,0,0,1
1,0,0,0,1
1,0,0,0,1
2,0,0,0,2
1,0,0,0,1
1,0,0,0,1
1,0,0,0,1
1,2,0,0,3
1,0,0,0,1
1,1,0,0,2
1,0,0,0,1
2,0,0,0,2
1,0,0,0,1
1,0,0,0,1
1,0,0,0,1
1,0,0,0,1
1,0,0,0,1
1,0,0,0,1
1,0,0,0,1
1,0,0,0,1
1,0,0,0,1
1,0,0,0,1
1,0,0,0,1
1,0,0,0,1
1,0,0,0,1
1,0,0,0,1
1,0,0,0,1
3,0,0,0,3
1,0,0,0,1
1,0,0,0,1
2,0,0,0,2
1,0,0,0,1
1,0,0,0,1
1,0,0,0,1
1,0,0,0,1
2,0,0,0,2
1,0,0,0,1
1,0,0,0,1
1,0,0,0,1
1,0,0,0,1
2,12,0,0,14
1,0,0,0,1
3,0,0,0,3
1,0,0,0,1
1,0,0,0,1
3,0,0,0,3
1,0,0,0,1
1,0,0,0,1
1,0,0,0,1
1,0,0,0,1
1,0,0,0,1
3,0,0,0,3
1,0,0,0,1
2,0,0,0,2
1,0,0,0,1
1,0,0,0,1
1,0,0,0,1
3,0,0,0,3
7,11,1,0,19
2,0,0,0,2
1,0,0,0,1
3,1,0,0,4
1,1,0,0,2
1,0,0,0,1
1,0,0,0,1
1,0,0,0,1
1,0,0,0,1
2,0,0,0,2
1,0,0,0,1
1,0,0,0,1
2,0,0,0,2
1,0,0,0,1
1,0,0,0,1
1,0,0,0,1
1,0,0,0,1
1,0,0,0,1
1,0,0,0,1
2,0,0,0,2
2,0,0,0,2
3,0,0,0,3
1,0,0,0,1
1,0,0,0,1
1,0,0,0,1
1,0,0,0,1
1,0,0,0,1
1,0,0,0,1
2,0,0,0,2
4,0,0,0,4
1,0,0,0,1
4,6,0,0,10
1,0,0,0,1
1,0,0,0,1
1,0,0,0,1
2,0,0,0,2
3,0,0,0,3
1,0,0,0,1
1,0,0,0,1
1,0,0,0,1
1,0,0,0,1
1,0,0,0,1
1,0,0,0,1
2,0,0,0,2
1,0,0,0,1
1,0,0,0,1
1,0,0,0,1
1,0,0,0,1
1,0,0,0,1
1,0,0,0,1
1,0,0,0,1
1,0,0,0,1
1,0,0,0,1
1,0,0,0,1
1,0,0,0,1
1,0,0,0,1
2,0,0,0,2
1,2,0,0,3
1,0,0,0,1
2,0,0,0,2
1,0,0,0,1
1,0,0,0,1
1,0,0,0,1
1,0,0,0,1
1,0,0,0,1
1,10,0,0,11
1,0,0,0,1
1,0,0,0,1
1,0,0,0,1
1,0,0,0,1
1,0,0,0,1
1,0,0,0,1
1,0,0,0,1
1,0,0,0,1
1,0,0,0,1
1,0,0,0,1
1,0,0,0,1
2,0,0,0,2
7,1,0,0,8
1,0,0,0,1
1,0,0,0,1
2,0,0,0,2
1,0,0,0,1
1,0,0,0,1
2,0,0,0,2
1,0,0,0,1
2,0,0,0,2
1,0,0,0,1
2,0,0,0,2
1,0,0,0,1
1,0,0,0,1
1,0,0,0,1
1,0,0,0,1
1,0,0,0,1
1,0,0,0,1
1,0,0,0,1
1,0,0,0,1
1,0,0,0,1
1,0,0,0,1
1,0,0,0,1
1,0,0,0,1
1,0,0,0,1
9,4,0,0,13
1,0,0,0,1
1,0,0,0,1
1,0,0,0,1
3,0,0,0,3
2,1,0,0,3
2,0,0,0,2
1,0,0,0,1
1,0,0,0,1
1,0,0,0,1
1,0,0,0,1
2,0,0,0,2
1,0,0,0,1
1,0,0,0,1
1,0,0,0,1
2,0,0,0,2
1,0,0,0,1
1,0,0,0,1
1,0,0,0,1
1,0,0,0,1
1,0,0,0,1
1,0,0,0,1
1,0,0,0,1
1,0,0,0,1
1,0,0,0,1
1,0,0,0,1
1,0,0,0,1
1,0,0,0,1
1,0,0,0,1
1,0,0,0,1
1,0,0,0,1
2,0,0,0,2
2,0,0,0,2
1,0,0,0,1
1,0,0,0,1
1,0,0,0,1
2,0,0,0,2
1,0,0,0,1
2,0,0,0,2
1,0,0,0,1
2,8,0,0,10
1,0,0,0,1
4,0,0,0,4
1,0,0,0,1
1,0,0,0,1
1,0,0,0,1
1,0,0,0,1
1,0,0,0,1
1,0,0,0,1
1,0,0,0,1
1,0,0,0,1
1,0,0,0,1
2,1,0,0,3
2,0,0,0,2
1,3,0,0,4
1,0,0,0,1
1,0,0,0,1
1,0,0,0,1
1,0,0,0,1
2,0,0,0,2
3,0,0,0,3
1,0,0,0,1
1,0,0,0,1
1,0,0,0,1
1,0,0,0,1
1,0,0,0,1
1,18,0,0,19
1,0,0,0,1
1,0,0,0,1
1,1,1,0,3
1,0,0,0,1
2,0,0,0,2
1,0,0,0,1
1,0,0,0,1
2,0,0,0,2
1,0,0,0,1
1,0,0,0,1
1,0,0,0,1
1,0,0,0,1
1,0,0,0,1
2,0,0,0,2
1,0,0,0,1
1,0,0,0,1
3,0,0,0,3
2,0,0,0,2
1,0,0,0,1
1,0,0,0,1
1,0,0,0,1
2,0,0,0,2
1,0,0,0,1
1,0,0,0,1
1,0,0,0,1
3,0,0,0,3
2,0,0,0,2
1,0,0,0,1
1,0,0,0,1
1,0,0,0,1
1,0,0,0,1
1,0,0,0,1
1,0,0,0,1
2,52,0,0,54
1,0,0,0,1
2,0,0,0,2
1,0,0,0,1
1,0,0,0,1
1,0,0,0,1
1,0,0,0,1
1,0,0,0,1
2,0,0,0,2
1,0,0,0,1
1,0,0,0,1
1,0,0,0,1
1,0,0,0,1
1,0,0,0,1
1,0,0,0,1
1,0,0,0,1
1,0,0,0,1
5,0,0,0,5
1,0,0,0,1
4,0,0,0,4
1,0,0,0,1
1,0,0,0,1
4,0,0,0,4
2,644,0,0,646
1,0,0,0,1
4,10,0,0,14
2,0,0,0,2
1,0,0,0,1
1,0,0,0,1
1,0,0,0,1
1,0,0,0,1
13,9,0,0,22
1,0,0,0,1
1,0,0,0,1
1,0,0,0,1
1,0,0,0,1
1,0,0,0,1
1,0,0,0,1
1,0,0,0,1
1,0,0,0,1
1,4,0,0,5
1,0,0,0,1
1,0,0,0,1
1,0,0,0,1
1,0,0,0,1
1,0,0,0,1
1,0,0,0,1
1,0,0,0,1
1,0,0,0,1
1,0,0,0,1
12,0,0,0,12
4,0,0,0,4
1,0,0,0,1
2,0,0,0,2
1,0,0,0,1
2,0,0,0,2
2,0,0,0,2
1,0,0,0,1
10,0,0,0,10
1,0,0,0,1
6,0,0,0,6
1,0,0,0,1
1,0,0,0,1
1,0,0,0,1
1,0,0,0,1
2,0,0,0,2
1,0,0,0,1
9,0,0,0,9
2,0,0,0,2
1,0,0,0,1
1,0,0,0,1
1,0,0,0,1
3,0,0,0,3
1,0,0,0,1
2,0,0,0,2
4,1,0,0,5
1,0,0,0,1
2,0,0,0,2
1,0,0,0,1
3,0,0,0,3
1,0,0,0,1
1,0,0,0,1
1,0,0,0,1
1,0,0,0,1
2,0,0,0,2
2,0,0,0,2
2,0,0,0,2
1,0,0,0,1
1,0,0,0,1
1,0,0,0,1
1,0,0,0,1
1,0,0,0,1
1,0,0,0,1
1,0,0,0,1
1,0,0,0,1
1,0,0,0,1
1,0,0,0,1
2,0,0,0,2
1,0,0,0,1
1,0,0,0,1
1,0,0,0,1
1,0,0,0,1
2,0,0,0,2
1,0,0,0,1
1,0,0,0,1
2,0,0,0,2
1,0,0,0,1
2,0,0,0,2
1,0,0,0,1
1,0,0,0,1
1,0,0,0,1
1,0,0,0,1
1,0,0,0,1
1,0,0,0,1
1,0,0,0,1
1,0,0,0,1
1,0,0,0,1
1,0,0,0,1
1,0,0,0,1
1,0,0,0,1
2,0,0,0,2
7,0,0,0,7
1,0,0,0,1
2,0,0,0,2
1,0,0,0,1
2,0,0,0,2
3,4,0,0,7
4,2,0,0,6
1,0,0,0,1
1,0,0,0,1
1,0,0,0,1
1,0,0,0,1
1,0,0,0,1
4,0,0,0,4
1,0,0,0,1
3,0,0,0,3
1,0,0,0,1
2,2,0,0,4
1,0,0,0,1
2,0,0,0,2
1,0,0,0,1
1,0,0,0,1
1,0,0,0,1
2,0,0,0,2
1,0,0,0,1
1,0,0,0,1
1,0,0,0,1
1,0,0,0,1
1,0,0,0,1
2,0,0,0,2
1,0,0,0,1
1,0,0,0,1
1,0,0,0,1
2,0,0,0,2
1,0,0,0,1
1,0,0,0,1
3,0,0,0,3
1,0,0,0,1
4,5,0,0,9
1,0,0,0,1
2,2,0,0,4
2,0,0,0,2
1,0,0,0,1
2,0,0,0,2
2,0,0,0,2
2,0,0,0,2
3,0,0,0,3
1,0,0,0,1
1,0,0,0,1
1,0,0,0,1
1,0,0,0,1
1,0,0,0,1
3,0,0,0,3
1,0,0,0,1
1,0,0,0,1
1,0,0,0,1
1,0,0,0,1
2,0,0,0,2
1,0,0,0,1
1,0,0,0,1
1,0,0,0,1
1,0,0,0,1
1,0,0,0,1
1,0,0,0,1
3,0,0,0,3
6,0,0,0,6
3,0,0,0,3
1,0,0,0,1
1,0,0,0,1
1,0,0,0,1
4,0,0,0,4
2,0,0,0,2
1,0,0,0,1
1,0,0,0,1
1,0,0,0,1
5,1,1,0,7
1,0,0,0,1
1,0,0,0,1
1,0,0,0,1
2,0,0,0,2
1,0,0,0,1
4,0,0,0,4
1,0,0,0,1
1,0,0,0,1
1,0,0,0,1
5,0,0,0,5
2,0,0,0,2
1,0,0,0,1
1,0,0,0,1
1,0,0,0,1
1,0,0,0,1
3,0,0,0,3
1,0,0,0,1
1,0,0,0,1
1,0,0,0,1
1,0,0,0,1
1,0,0,0,1
1,0,0,0,1
1,0,0,0,1
1,0,0,0,1
1,0,0,0,1
3,0,0,0,3
1,0,0,0,1
1,0,0,0,1
2,1,0,0,3
1,0,0,0,1
1,0,0,0,1
1,0,0,0,1
2,0,0,0,2
1,0,0,0,1
2,0,0,0,2
1,0,0,0,1
2,0,0,0,2
1,0,0,0,1
1,0,0,0,1
1,1,0,0,2
1,0,0,0,1
2,0,0,0,2
1,0,0,0,1
2,0,0,0,2
1,0,0,0,1
2,0,0,0,2
1,0,0,0,1
1,0,0,0,1
1,0,0,0,1
1,0,0,0,1
2,0,0,0,2
2,0,0,0,2
1,0,0,0,1
1,0,0,0,1
1,0,0,0,1
1,0,0,0,1
7,0,0,0,7
2,0,0,0,2
1,0,0,0,1
1,0,0,0,1
1,0,0,0,1
1,0,0,0,1
1,0,0,0,1
2,0,0,0,2
1,0,0,0,1
1,0,0,0,1
1,0,0,0,1
1,0,0,0,1
1,0,0,0,1
1,0,0,0,1
1,0,0,0,1
1,0,0,0,1
2,0,0,0,2
2,0,0,0,2
1,0,0,0,1
2,2,0,0,4
1,0,0,0,1
1,0,0,0,1
1,0,0,0,1
1,0,0,0,1
1,0,0,0,1
1,0,0,0,1
2,0,0,0,2
1,0,0,0,1
1,0,0,0,1
1,0,0,0,1
1,0,0,0,1
4,0,0,0,4
1,0,0,0,1
1,0,0,0,1
1,0,0,0,1
1,0,0,0,1
2,0,0,0,2
1,0,0,0,1
1,0,0,0,1
4,0,0,0,4
2,0,0,0,2
1,0,0,0,1
1,0,0,0,1
1,0,0,0,1
1,0,0,0,1
1,0,0,0,1
1,0,0,0,1
1,0,0,0,1
1,0,0,0,1
1,0,0,0,1
1,0,0,0,1
1,0,0,0,1
1,0,0,0,1
1,0,0,0,1
1,0,0,0,1
3,33,0,0,36
1,0,0,0,1
1,0,0,0,1
1,0,0,0,1
2,0,0,0,2
1,0,0,0,1
5,0,0,0,5
1,0,0,0,1
1,0,0,0,1
1,0,0,0,1
1,0,0,0,1
1,0,0,0,1
2,0,0,0,2
1,0,0,0,1
1,0,0,0,1
1,0,0,0,1
1,5,0,0,6
1,0,0,0,1
2,1,0,0,3
1,0,0,0,1
1,0,0,0,1
1,0,0,0,1
1,0,0,0,1
2,0,0,0,2
1,0,0,0,1
1,0,0,0,1
1,0,0,0,1
1,0,0,0,1
1,0,0,0,1
1,0,0,0,1
1,0,0,0,1
1,0,0,0,1
1,0,0,0,1
1,0,0,0,1
1,0,0,0,1
2,0,0,0,2
1,0,0,0,1
1,0,0,0,1
1,0,0,0,1
1,0,0,0,1
1,0,0,0,1
1,0,0,0,1
1,0,0,0,1
2,0,0,0,2
2,0,0,0,2
7,40,0,0,47
4,1,0,0,5
1,0,0,0,1
1,0,0,0,1
1,0,0,0,1
3,32,2,0,37
1,0,0,0,1
3,9,1,0,13
3,0,0,0,3
2,0,0,0,2
1,0,0,0,1
2,0,0,0,2
3,0,0,0,3
8,8,0,0,16
1,0,0,0,1
1,0,0,0,1
1,0,0,0,1
1,0,0,0,1
4,0,0,0,4
3,0,0,0,3
1,0,0,0,1
1,0,0,0,1
2,1,0,0,3
5,0,0,0,5
1,0,0,0,1
1,0,0,0,1
1,0,0,0,1
4,0,0,0,4
2,0,0,0,2
3,0,0,0,3
2,0,0,0,2
1,0,0,0,1
3,0,0,0,3
1,0,0,0,1
3,3,1,0,7
1,0,0,0,1
1,0,0,0,1
1,0,0,0,1
1,0,0,0,1
3,4,0,0,7
1,0,0,0,1
1,0,0,0,1
1,0,0,0,1
1,0,0,0,1
7,0,0,0,7
1,0,0,0,1
1,0,0,0,1
2,0,0,0,2
1,0,0,0,1
1,0,0,0,1
1,4,0,0,5
1,0,0,0,1
1,0,0,0,1
1,0,0,0,1
2,5,0,0,7
1,0,0,0,1
1,0,0,0,1
1,0,0,0,1
1,0,0,0,1
1,0,0,0,1
1,0,0,0,1
1,0,0,0,1
1,0,0,0,1
1,0,0,0,1
3,0,0,0,3
1,0,0,0,1
1,0,0,0,1
1,0,0,0,1
3,3,0,0,6
1,0,0,0,1
2,0,0,0,2
1,0,0,0,1
2,0,0,0,2
1,0,0,0,1
1,0,0,0,1
2,4,0,0,6
1,0,0,0,1
1,0,0,0,1
1,0,0,0,1
1,0,0,0,1
1,0,0,0,1
2,0,0,0,2
2,11,0,0,13
1,0,0,0,1
1,0,0,0,1
1,0,0,0,1
6,0,0,0,6
2,0,0,0,2
1,0,0,0,1
1,0,0,0,1
2,0,0,0,2
4,0,0,0,4
2,0,0,0,2
1,0,0,0,1
1,0,0,0,1
1,0,0,0,1
1,0,0,0,1
1,0,0,0,1
1,0,0,0,1
1,0,0,0,1
1,0,0,0,1
1,0,0,0,1
2,0,0,0,2
1,0,0,0,1
1,0,0,0,1
1,0,0,0,1
2,0,0,0,2
3,0,0,0,3
1,0,0,0,1
1,0,0,0,1
1,0,0,0,1
2,0,0,0,2
1,0,0,0,1
1,0,0,0,1
1,0,0,0,1
1,0,0,0,1
1,0,0,0,1
1,0,0,0,1
1,0,0,0,1
2,0,0,0,2
1,0,0,0,1
1,0,0,0,1
1,0,0,0,1
2,0,0,0,2
1,0,0,0,1
1,0,0,0,1
3,13,0,0,16
1,0,0,0,1
1,0,0,0,1
1,0,0,0,1
1,0,0,0,1
2,0,0,0,2
1,0,0,0,1
3,0,0,0,3
1,0,0,0,1
1,0,0,0,1
2,0,0,0,2
4,0,0,0,4
1,0,0,0,1
1,0,0,0,1
1,0,0,0,1
2,0,0,0,2
1,0,0,0,1
1,0,0,0,1
1,0,0,0,1
2,0,0,0,2
1,0,0,0,1
1,0,0,0,1
1,0,0,0,1
1,0,0,0,1
1,0,0,0,1
1,0,0,0,1
1,0,0,0,1
1,0,0,0,1
4,49,0,0,53
1,0,0,0,1
1,0,0,0,1
1,0,0,0,1
1,0,0,0,1
2,0,0,0,2
1,0,0,0,1
1,0,0,0,1
6,0,0,0,6
1,0,0,0,1
6,0,0,0,6
1,0,0,0,1
4,0,0,0,4
1,0,0,0,1
2,0,0,0,2
2,0,0,0,2
2,0,0,0,2
1,0,0,0,1
6,4,0,0,10
1,0,0,0,1
1,0,0,0,1
3,0,0,0,3
1,0,0,0,1
1,0,0,0,1
2,0,0,0,2
1,0,0,0,1
1,0,0,0,1
1,0,0,0,1
2,2,0,0,4
3,0,0,0,3
2,1,0,0,3
2,0,0,0,2
2,0,0,0,2
1,0,0,0,1
1,0,0,0,1
1,0,0,0,1
1,0,0,0,1
1,0,0,0,1
3,0,0,0,3
3,0,0,0,3
1,0,0,0,1
5,0,0,0,5
1,0,0,0,1
1,0,0,0,1
1,0,0,0,1
4,0,0,0,4
1,0,0,0,1
2,0,0,0,2
1,0,0,0,1
3,0,0,0,3
1,0,0,0,1
1,0,0,0,1
2,83,0,0,85
3,0,0,0,3
1,0,0,0,1
1,0,0,0,1
3,0,0,0,3
1,0,0,0,1
1,0,0,0,1
1,0,0,0,1
2,0,0,0,2
1,0,0,0,1
1,0,0,0,1
1,0,0,0,1
1,0,0,0,1
1,0,0,0,1
1,0,0,0,1
1,0,0,0,1
4,0,0,0,4
1,0,0,0,1
1,0,0,0,1
1,0,0,0,1
1,0,0,0,1
1,0,0,0,1
1,0,0,0,1
1,0,0,0,1
1,0,0,0,1
1,0,0,0,1
1,1,0,0,2
2,0,0,0,2
3,0,0,0,3
1,0,0,0,1
2,0,0,0,2
1,0,0,0,1
1,0,0,0,1
1,0,0,0,1
1,0,0,0,1
1,0,0,0,1
2,0,0,0,2
3,0,0,0,3
1,0,0,0,1
1,0,0,0,1
1,0,0,0,1
1,0,0,0,1
1,0,0,0,1
1,0,0,0,1
1,0,0,0,1
2,0,0,0,2
1,0,0,0,1
1,0,0,0,1
1,0,0,0,1
2,0,0,0,2
3,0,0,0,3
1,0,0,0,1
1,0,0,0,1
2,0,0,0,2
1,0,0,0,1
1,0,0,0,1
1,0,0,0,1
1,0,0,0,1
1,0,0,0,1
5,0,0,0,5
1,0,0,0,1
1,0,0,0,1
1,4,0,0,5
1,0,0,0,1
1,0,0,0,1
2,0,0,0,2
1,0,0,0,1
1,0,0,0,1
1,0,0,0,1
1,0,0,0,1
2,0,0,0,2
1,0,0,0,1
1,0,0,0,1
1,0,0,0,1
1,0,0,0,1
1,0,0,0,1
1,0,0,0,1
1,0,0,0,1
1,0,0,0,1
2,0,0,0,2
1,0,0,0,1
1,0,0,0,1
2,0,0,0,2
4,0,0,0,4
1,0,0,0,1
1,0,0,0,1
2,0,0,0,2
1,0,0,0,1
1,0,0,0,1
1,0,0,0,1
1,0,0,0,1
1,0,0,0,1
1,0,0,0,1
2,0,0,0,2
1,0,0,0,1
2,0,0,0,2
1,0,0,0,1
1,0,0,0,1
1,0,0,0,1
1,0,0,0,1
1,0,0,0,1
1,0,0,0,1
1,0,0,0,1
1,0,0,0,1
1,0,0,0,1
1,0,0,0,1
1,0,0,0,1
1,0,0,0,1
1,0,0,0,1
3,0,0,0,3
5,0,0,0,5
4,0,0,0,4
1,0,0,0,1
1,0,0,0,1
1,0,0,0,1
2,0,0,0,2
1,0,0,0,1
1,0,0,0,1
1,0,0,0,1
2,9,0,0,11
2,0,0,0,2
2,0,0,0,2
4,2,0,0,6
9,0,0,0,9
2,6,1,0,9
1,0,0,0,1
1,0,0,0,1
1,0,0,0,1
1,0,0,0,1
1,0,0,0,1
2,0,0,0,2
1,0,0,0,1
1,0,0,0,1
1,0,0,0,1
1,0,0,0,1
1,0,0,0,1
1,0,0,0,1
1,0,0,0,1
1,0,0,0,1
1,0,0,0,1
2,0,0,0,2
1,0,0,0,1
1,0,0,0,1
1,0,0,0,1
1,0,0,0,1
1,0,0,0,1
1,0,0,0,1
1,0,0,0,1
1,0,0,0,1
3,0,0,0,3
1,6,0,0,7
1,0,0,0,1
1,0,0,0,1
1,0,0,0,1
2,1,0,0,3
1,0,0,0,1
1,0,0,0,1
1,0,0,0,1
1,0,0,0,1
1,0,0,0,1
1,0,0,0,1
2,0,0,0,2
4,0,0,0,4
2,0,0,0,2
1,0,0,0,1
1,0,0,0,1
1,0,0,0,1
1,0,0,0,1
1,0,0,0,1
1,0,0,0,1
1,0,0,0,1
1,0,0,0,1
1,0,0,0,1
1,0,0,0,1
1,0,0,0,1
2,0,0,0,2
1,0,0,0,1
2,0,0,0,2
3,0,0,0,3
1,0,0,0,1
1,0,0,0,1
1,0,0,0,1
1,0,0,0,1
1,0,0,0,1
1,0,0,0,1
1,0,0,0,1
1,0,0,0,1
2,0,0,0,2
4,0,0,0,4
1,0,0,0,1
2,0,0,0,2
2,0,0,0,2
1,0,0,0,1
1,0,0,0,1
1,0,0,0,1
1,0,0,0,1
1,0,0,0,1
1,0,0,0,1
1,0,0,0,1
1,0,0,0,1
1,0,0,0,1
4,0,0,0,4
1,0,0,0,1
1,1,0,0,2
1,0,0,0,1
4,0,0,0,4
1,0,0,0,1
1,0,0,0,1
1,0,0,0,1
1,0,0,0,1
1,0,0,0,1
4,0,0,0,4
1,0,0,0,1
1,0,0,0,1
4,0,0,0,4
1,0,0,0,1
3,4,1,0,8
2,0,0,0,2
1,0,0,0,1
1,0,0,0,1
3,0,0,0,3
1,0,0,0,1
2,0,0,0,2
2,0,0,0,2
1,0,0,0,1
1,0,0,0,1
1,0,0,0,1
1,0,0,0,1
1,0,0,0,1
1,0,0,0,1
5,0,0,0,5
1,4,0,0,5
1,0,0,0,1
2,0,0,0,2
2,0,0,0,2
1,0,0,0,1
1,0,0,0,1
1,0,0,0,1
1,11,0,0,12
3,0,0,0,3
1,0,0,0,1
1,0,0,0,1
1,0,0,0,1
2,0,0,0,2
1,0,0,0,1
5,0,0,0,5
2,0,0,0,2
1,0,0,0,1
2,0,0,0,2
1,0,0,0,1
1,0,0,0,1
1,0,0,0,1
1,0,0,0,1
6,0,0,0,6
1,0,0,0,1
1,0,0,0,1
1,0,0,0,1
8,0,0,0,8
2,0,0,0,2
1,0,0,0,1
3,10,0,0,13
1,0,0,0,1
2,0,0,0,2
1,0,0,0,1
1,0,0,0,1
1,0,0,0,1
1,0,0,0,1
1,0,0,0,1
1,0,0,0,1
1,0,0,0,1
2,0,0,0,2
1,0,0,0,1
1,0,0,0,1
2,0,0,0,2
1,0,0,0,1
3,1,0,0,4
1,0,0,0,1
1,0,0,0,1
1,0,0,0,1
2,0,0,0,2
2,0,0,0,2
4,0,0,0,4
2,0,0,0,2
1,0,0,0,1
1,0,0,0,1
2,0,0,0,2
3,0,0,0,3
3,0,0,0,3
1,0,0,0,1
1,0,0,0,1
1,0,0,0,1
2,0,0,0,2
1,0,0,0,1
2,0,0,0,2
1,0,0,0,1
1,0,0,0,1
1,0,0,0,1
1,0,0,0,1
2,0,0,0,2
1,0,0,0,1
1,0,0,0,1
1,0,0,0,1
2,0,0,0,2
1,0,0,0,1
1,0,0,0,1
1,0,0,0,1
1,0,0,0,1
1,0,0,0,1
1,0,0,0,1
1,0,0,0,1
2,0,0,0,2
1,0,0,0,1
1,0,0,0,1
3,1,0,0,4
1,0,0,0,1
1,0,0,0,1
1,0,0,0,1
2,0,0,0,2
1,0,0,0,1
1,0,0,0,1
1,0,0,0,1
1,0,0,0,1
1,0,0,0,1
3,0,0,0,3
2,0,0,0,2
1,0,0,0,1
1,0,0,0,1
1,0,0,0,1
1,0,0,0,1
1,0,0,0,1
1,0,0,0,1
1,0,0,0,1
5,0,0,0,5
4,0,0,0,4
1,0,0,0,1
4,0,0,0,4
1,0,0,0,1
1,0,0,0,1
1,0,0,0,1
1,0,0,0,1
1,0,0,0,1
1,0,0,0,1
1,0,0,0,1
1,0,0,0,1
4,1,1,0,6
1,0,0,0,1
1,0,0,0,1
1,0,0,0,1
1,0,0,0,1
1,0,0,0,1
1,0,0,0,1
1,0,0,0,1
1,0,0,0,1
1,0,0,0,1
2,0,0,0,2
1,0,0,0,1
1,0,0,0,1
1,0,0,0,1
6,0,0,0,6
1,0,0,0,1
5,0,0,0,5
2,0,0,0,2
1,0,0,0,1
1,0,0,0,1
2,0,0,0,2
1,0,0,0,1
1,0,0,0,1
2,0,0,0,2
1,0,0,0,1
1,0,0,0,1
2,0,0,0,2
5,0,0,0,5
1,0,0,0,1
6,7,0,0,13
2,0,0,0,2
1,0,0,0,1
1,0,0,0,1
1,0,0,0,1
1,0,0,0,1
6,20,0,0,26
3,0,0,0,3
1,0,0,0,1
1,0,0,0,1
1,0,0,0,1
1,0,0,0,1
1,0,0,0,1
1,0,0,0,1
1,0,0,0,1
1,0,0,0,1
1,0,0,0,1
1,0,0,0,1
1,0,0,0,1
3,0,0,0,3
1,0,0,0,1
3,0,0,0,3
1,0,0,0,1
1,0,0,0,1
1,0,0,0,1
2,0,0,0,2
1,0,0,0,1
1,1,1,0,3
1,0,0,0,1
4,1,0,0,5
1,0,0,0,1
1,0,0,0,1
1,0,0,0,1
1,0,0,0,1
1,0,0,0,1
1,0,0,0,1
1,0,0,0,1
1,0,0,0,1
2,0,0,0,2
2,0,0,0,2
1,0,0,0,1
1,0,0,0,1
1,0,0,0,1
1,0,0,0,1
2,0,0,0,2
2,0,0,0,2
1,0,0,0,1
1,0,0,0,1
1,0,0,0,1
1,4,1,0,6
2,0,0,0,2
2,0,0,0,2
1,0,0,0,1
1,0,0,0,1
1,0,0,0,1
2,0,0,0,2
1,0,0,0,1
1,0,0,0,1
8,0,0,0,8
5,0,0,0,5
1,0,0,0,1
1,0,0,0,1
1,0,0,0,1
1,0,0,0,1
2,0,0,0,2
1,0,0,0,1
1,0,0,0,1
5,0,0,0,5
1,0,0,0,1
2,0,0,0,2
1,0,0,0,1
4,0,0,0,4
1,0,0,0,1
1,0,0,0,1
1,0,0,0,1
2,0,0,0,2
1,0,0,0,1
1,0,0,0,1
1,0,0,0,1
1,0,0,0,1
2,0,0,0,2
1,0,0,0,1
1,0,0,0,1
1,0,0,0,1
1,0,0,0,1
1,0,0,0,1
1,0,0,0,1
1,0,0,0,1
1,0,0,0,1
1,0,0,0,1
1,0,0,0,1
1,0,0,0,1
1,0,0,0,1
2,0,0,0,2
2,0,0,0,2
1,0,0,0,1
1,0,0,0,1
1,0,0,0,1
1,5,0,0,6
3,0,0,0,3
1,0,0,0,1
3,0,0,0,3
2,0,0,0,2
1,0,0,0,1
1,0,0,0,1
1,0,0,0,1
1,1,0,0,2
2,0,0,0,2
1,0,0,0,1
2,0,0,0,2
1,1,0,0,2
2,1,1,0,4
1,0,0,0,1
1,0,0,0,1
2,0,0,0,2
3,0,0,0,3
3,0,0,0,3
1,0,0,0,1
1,0,0,0,1
1,0,0,0,1
1,0,0,0,1
1,0,0,0,1
1,0,0,0,1
1,0,0,0,1
3,1,0,0,4
2,0,0,0,2
1,0,0,0,1
1,0,0,0,1
2,0,0,0,2
1,0,0,0,1
3,0,0,0,3
1,0,0,0,1
3,0,0,0,3
1,0,0,0,1
1,0,0,0,1
1,0,0,0,1
2,0,0,0,2
4,0,0,0,4
1,0,0,0,1
3,2,0,0,5
1,0,0,0,1
2,4,0,0,6
1,0,0,0,1
1,0,0,0,1
1,0,0,0,1
1,0,0,0,1
3,0,0,0,3
3,0,0,0,3
1,0,0,0,1
1,0,0,0,1
1,0,0,0,1
1,0,0,0,1
2,0,0,0,2
1,0,0,0,1
1,0,0,0,1
1,0,0,0,1
2,0,0,0,2
1,0,0,0,1
1,0,0,0,1
10,0,0,0,10
1,0,0,0,1
1,0,0,0,1
1,0,0,0,1
2,0,0,0,2
1,0,0,0,1
1,0,0,0,1
1,0,0,0,1
1,0,0,0,1
1,0,0,0,1
1,0,0,0,1
1,0,0,0,1
1,0,0,0,1
1,0,0,0,1
2,0,0,0,2
2,0,0,0,2
1,0,0,0,1
1,0,0,0,1
1,0,0,0,1
1,0,0,0,1
1,0,0,0,1
1,0,0,0,1
1,0,0,0,1
2,0,0,0,2
1,0,0,0,1
1,0,0,0,1
1,0,0,0,1
2,15,0,0,17
3,0,0,0,3
1,0,0,0,1
1,0,0,0,1
2,0,0,0,2
3,0,0,0,3
1,0,0,0,1
1,0,0,0,1
3,0,0,0,3
1,0,0,0,1
1,0,0,0,1
1,0,0,0,1
1,0,0,0,1
1,0,0,0,1
1,0,0,0,1
1,0,0,0,1
2,0,0,0,2
1,0,0,0,1
2,0,0,0,2
1,0,0,0,1
2,0,0,0,2
1,0,0,0,1
1,0,0,0,1
1,0,0,0,1
2,0,0,0,2
1,0,0,0,1
1,0,0,0,1
1,0,0,0,1
1,0,0,0,1
1,0,0,0,1
6,0,0,0,6
5,0,0,0,5
1,0,0,0,1
1,0,0,0,1
2,0,0,0,2
1,0,0,0,1
1,0,0,0,1
1,0,0,0,1
1,0,0,0,1
1,0,0,0,1
3,0,0,0,3
1,1,0,0,2
2,0,0,0,2
2,0,0,0,2
1,0,0,0,1
1,0,0,0,1
1,0,0,0,1
1,0,0,0,1
1,0,0,0,1
1,0,0,0,1
2,0,0,0,2
1,0,0,0,1
1,0,0,0,1
1,0,0,0,1
2,0,0,0,2
2,0,0,0,2
1,0,0,0,1
1,0,0,0,1
1,0,0,0,1
1,0,0,0,1
1,0,0,0,1
2,3,0,0,5
1,0,0,0,1
2,0,0,0,2
1,0,0,0,1
1,0,0,0,1
1,0,0,0,1
1,0,0,0,1
1,0,0,0,1
2,0,0,0,2
1,0,0,0,1
1,0,0,0,1
1,0,0,0,1
2,0,0,0,2
1,0,0,0,1
1,0,0,0,1
1,0,0,0,1
1,0,0,0,1
3,0,0,0,3
1,0,0,0,1
2,0,0,0,2
1,0,0,0,1
1,0,0,0,1
1,0,0,0,1
1,0,0,0,1
1,0,0,0,1
1,0,0,0,1
1,0,0,0,1
3,0,0,0,3
1,0,0,0,1
1,0,0,0,1
1,0,0,0,1
1,0,0,0,1
1,0,0,0,1
1,0,0,0,1
1,0,0,0,1
1,0,0,0,1
1,0,0,0,1
1,0,0,0,1
1,0,0,0,1
2,0,0,0,2
1,0,0,0,1
3,0,0,0,3
1,0,0,0,1
1,0,0,0,1
1,0,0,0,1
2,0,0,0,2
1,0,0,0,1
1,0,0,0,1
1,0,0,0,1
1,0,0,0,1
3,0,0,0,3
1,0,0,0,1
1,0,0,0,1
1,0,0,0,1
1,0,0,0,1
2,3,0,0,5
2,0,0,0,2
1,0,0,0,1
1,0,0,0,1
1,0,0,0,1
1,0,0,0,1
1,0,0,0,1
1,0,0,0,1
1,0,0,0,1
1,0,0,0,1
1,0,0,0,1
2,0,0,0,2
2,0,0,0,2
2,2,0,0,4
1,0,0,0,1
2,0,0,0,2
1,0,0,0,1
1,0,0,0,1
1,0,0,0,1
1,0,1,0,2
1,0,0,0,1
1,0,0,0,1
2,0,0,0,2
1,0,0,0,1
1,0,0,0,1
1,0,0,0,1
2,0,0,0,2
1,0,0,0,1
1,0,0,0,1
1,0,0,0,1
1,0,0,0,1
1,0,0,0,1
2,0,0,0,2
1,0,0,0,1
1,0,0,0,1
1,0,0,0,1
1,0,0,0,1
2,0,0,0,2
1,0,0,0,1
1,0,0,0,1
3,0,0,0,3
2,0,0,0,2
1,0,0,0,1
1,0,0,0,1
1,0,0,0,1
1,0,0,0,1
3,0,0,0,3
1,0,0,0,1
3,2,0,0,5
2,0,1,0,3
1,0,0,0,1
2,0,0,0,2
1,0,0,0,1
1,0,0,0,1
1,0,0,0,1
1,0,0,0,1
2,0,0,0,2
2,0,0,0,2
1,0,0,0,1
3,0,0,0,3
1,0,0,0,1
1,8,0,0,9
4,0,0,0,4
1,0,0,0,1
1,0,0,0,1
1,0,0,0,1
1,0,0,0,1
1,0,0,0,1
1,1,0,0,2
1,0,0,0,1
1,2,0,0,3
1,0,0,0,1
1,0,0,0,1
1,0,0,0,1
2,0,0,0,2
1,0,0,0,1
1,0,0,0,1
1,0,0,0,1
1,0,0,0,1
3,2,0,0,5
1,0,0,0,1
2,0,0,0,2
1,0,0,0,1
1,0,0,0,1
1,0,0,0,1
1,0,0,0,1
1,0,0,0,1
1,0,0,0,1
1,0,0,0,1
1,0,0,0,1
3,0,0,0,3
1,0,0,0,1
2,0,0,0,2
14,0,0,0,14
1,0,0,0,1
1,0,0,0,1
1,0,0,0,1
4,0,0,0,4
1,0,0,0,1
1,0,0,0,1
3,0,0,0,3
1,0,0,0,1
1,0,0,0,1
1,0,0,0,1
1,0,0,0,1
1,0,0,0,1
1,0,0,0,1
2,0,0,0,2
2,0,0,0,2
1,0,0,0,1
1,0,0,0,1
1,0,0,0,1
1,0,0,0,1
2,0,0,0,2
3,0,0,0,3
1,0,0,0,1
1,0,0,0,1
2,0,0,0,2
3,0,0,0,3
1,0,0,0,1
2,0,0,0,2
1,0,0,0,1
1,0,0,0,1
1,0,0,0,1
1,0,0,0,1
3,0,0,0,3
2,0,0,0,2
1,0,0,0,1
3,0,0,0,3
1,0,0,0,1
1,0,0,0,1
1,0,0,0,1
1,0,0,0,1
1,0,0,0,1
1,0,0,0,1
2,0,0,0,2
1,0,0,0,1
1,0,0,0,1
1,0,0,0,1
2,0,0,0,2
1,0,0,0,1
1,0,0,0,1
1,0,0,0,1
1,0,0,0,1
1,0,0,0,1
3,9,0,0,12
1,0,0,0,1
1,0,0,0,1
3,0,0,0,3
1,0,0,0,1
1,0,0,0,1
1,0,0,0,1
1,0,0,0,1
1,0,0,0,1
1,0,0,0,1
1,0,0,0,1
1,0,0,0,1
1,0,0,0,1
1,0,0,0,1
1,0,0,0,1
1,0,0,0,1
1,0,0,0,1
2,0,0,0,2
1,0,0,0,1
1,0,0,0,1
2,0,0,0,2
1,0,0,0,1
3,0,0,0,3
3,0,0,0,3
1,0,0,0,1
1,0,0,0,1
1,0,0,0,1
1,0,0,0,1
2,0,0,0,2
1,0,0,0,1
2,0,0,0,2
1,0,0,0,1
1,0,0,0,1
1,0,0,0,1
1,0,0,0,1
2,0,0,0,2
1,0,0,0,1
1,0,0,0,1
1,0,0,0,1
1,0,0,0,1
3,0,0,0,3
1,0,0,0,1
1,0,0,0,1
1,2,0,0,3
1,0,0,0,1
1,0,0,0,1
1,0,0,0,1
7,2,0,0,9
1,0,0,0,1
1,0,0,0,1
1,0,0,0,1
1,0,0,0,1
2,0,0,0,2
1,0,0,0,1
1,0,0,0,1
1,0,0,0,1
1,0,0,0,1
2,0,0,0,2
1,0,0,0,1
1,0,0,0,1
1,0,0,0,1
1,0,0,0,1
1,30,0,0,31
2,2,0,0,4
2,0,0,0,2
1,0,0,0,1
1,0,0,0,1
1,0,0,0,1
1,0,0,0,1
1,0,0,0,1
4,0,0,0,4
1,0,0,0,1
1,0,0,0,1
1,0,0,0,1
1,0,0,0,1
1,0,0,0,1
1,0,0,0,1
1,0,0,0,1
14,0,0,0,14
1,0,0,0,1
1,0,0,0,1
1,0,0,0,1
1,1,0,0,2
1,0,0,0,1
3,0,0,0,3
1,0,0,0,1
1,0,0,0,1
1,1,1,0,3
1,0,0,0,1
1,0,0,0,1
3,0,0,0,3
1,0,0,0,1
1,0,0,0,1
1,0,0,0,1
1,0,0,0,1
1,0,0,0,1
1,0,0,0,1
1,0,0,0,1
1,0,0,0,1
1,0,0,0,1
3,0,0,0,3
1,0,0,0,1
1,0,0,0,1
1,0,0,0,1
1,0,0,0,1
1,0,0,0,1
1,0,0,0,1
3,0,0,0,3
1,0,0,0,1
1,0,0,0,1
1,0,0,0,1
1,0,0,0,1
1,0,0,0,1
1,0,0,0,1
1,0,0,0,1
1,0,0,0,1
1,0,0,0,1
2,1,0,0,3
1,0,0,0,1
1,0,0,0,1
1,0,0,0,1
1,0,0,0,1
1,0,0,0,1
1,0,0,0,1
3,0,0,0,3
3,0,0,0,3
1,0,0,0,1
1,0,0,0,1
1,0,0,0,1
2,0,0,0,2
1,0,0,0,1
2,0,2,0,4
1,0,0,0,1
1,0,0,0,1
2,1,0,0,3
1,0,0,0,1
1,0,0,0,1
2,0,0,0,2
1,0,0,0,1
1,0,0,0,1
1,0,0,0,1
1,0,0,0,1
1,0,0,0,1
1,0,0,0,1
5,0,0,0,5
1,0,0,0,1
3,0,0,0,3
1,0,0,0,1
1,0,0,0,1
1,0,0,0,1
1,2,0,0,3
1,0,0,0,1
1,0,0,0,1
1,0,0,0,1
1,0,0,0,1
1,0,0,0,1
3,0,0,0,3
1,0,0,0,1
1,0,0,0,1
1,0,0,0,1
1,0,0,0,1
1,0,0,0,1
1,0,0,0,1
3,0,0,0,3
1,0,0,0,1
1,0,0,0,1
1,0,0,0,1
6,0,0,0,6
3,0,1,0,4
2,0,0,0,2
1,0,0,0,1
4,2,0,0,6
2,0,0,0,2
1,0,0,0,1
1,0,0,0,1
2,0,0,0,2
1,0,0,0,1
1,0,0,0,1
1,0,0,0,1
4,0,0,0,4
1,0,0,0,1
2,0,0,0,2
1,0,0,0,1
4,0,0,0,4
1,0,0,0,1
2,0,0,0,2
4,0,0,0,4
3,0,0,0,3
1,0,0,0,1
1,0,0,0,1
2,0,0,0,2
1,0,0,0,1
1,0,0,0,1
1,0,0,0,1
1,0,0,0,1
1,0,0,0,1
1,0,0,0,1
2,0,0,0,2
1,0,0,0,1
2,0,0,0,2
3,0,0,0,3
1,0,0,0,1
1,2,0,0,3
4,0,0,0,4
1,0,0,0,1
1,0,0,0,1
1,0,0,0,1
2,0,0,0,2
1,0,0,0,1
1,0,0,0,1
1,0,0,0,1
1,0,0,0,1
1,0,0,0,1
1,0,0,0,1
14,3,0,0,17
1,1,0,0,2
1,0,0,0,1
1,0,0,0,1
1,0,0,0,1
1,0,0,0,1
1,0,0,0,1
1,0,0,0,1
1,0,0,0,1
1,0,0,0,1
1,0,0,0,1
1,0,0,0,1
1,0,0,0,1
1,0,0,0,1
1,0,0,0,1
1,0,0,0,1
1,0,0,0,1
1,0,0,0,1
1,0,0,0,1
1,0,0,0,1
3,0,0,0,3
1,0,0,0,1
1,0,0,0,1
1,0,0,0,1
3,0,0,0,3
1,0,0,0,1
3,0,0,0,3
1,0,0,0,1
1,0,0,0,1
1,0,0,0,1
2,10,0,0,12
2,0,0,0,2
1,0,0,0,1
1,0,0,0,1
1,0,0,0,1
1,0,0,0,1
1,0,0,0,1
1,0,0,0,1
1,0,0,0,1
1,0,0,0,1
1,0,0,0,1
4,0,0,0,4
1,0,0,0,1
1,0,0,0,1
1,0,0,0,1
1,0,0,0,1
3,0,0,0,3
1,0,0,0,1
2,0,0,0,2
1,0,0,0,1
1,0,0,0,1
1,0,0,0,1
1,0,0,0,1
2,0,0,0,2
1,0,0,0,1
1,0,0,0,1
1,0,0,0,1
3,0,0,0,3
1,0,0,0,1
1,0,0,0,1
1,0,0,0,1
1,0,0,0,1
1,0,0,0,1
1,0,0,0,1
1,0,0,0,1
1,0,0,0,1
1,0,0,0,1
1,0,0,0,1
1,0,0,0,1
2,0,0,0,2
1,0,0,0,1
1,0,0,0,1
1,0,0,0,1
2,0,0,0,2
1,1,0,0,2
1,0,0,0,1
2,0,0,0,2
1,0,0,0,1
6,2,0,0,8
3,0,0,0,3
1,0,0,0,1
1,0,0,0,1
1,0,0,0,1
1,0,0,0,1
1,0,0,0,1
2,0,0,0,2
1,0,0,0,1
1,0,0,0,1
1,0,0,0,1
1,0,0,0,1
1,0,0,0,1
1,0,0,0,1
1,0,0,0,1
2,0,0,0,2
1,0,0,0,1
1,0,0,0,1
1,0,0,0,1
1,0,0,0,1
1,0,0,0,1
5,0,0,0,5
1,0,0,0,1
1,0,0,0,1
1,0,0,0,1
1,0,0,0,1
1,0,0,0,1
1,0,0,0,1
1,0,0,0,1
1,0,0,0,1
1,0,0,0,1
2,0,0,0,2
1,0,0,0,1
1,2,0,0,3
4,0,0,0,4
1,0,0,0,1
1,0,0,0,1
3,1,0,0,4
1,0,0,0,1
2,0,0,0,2
1,0,0,0,1
1,0,0,0,1
1,0,0,0,1
1,0,0,0,1
1,0,0,0,1
1,0,0,0,1
1,0,0,0,1
2,0,0,0,2
1,0,0,0,1
1,0,0,0,1
1,0,0,0,1
2,0,0,0,2
1,0,0,0,1
1,0,0,0,1
3,0,0,0,3
3,0,0,0,3
3,0,0,0,3
2,0,0,0,2
5,0,0,0,5
1,0,0,0,1
1,0,0,0,1
1,0,0,0,1
1,0,0,0,1
1,0,0,0,1
2,0,0,0,2
1,0,0,0,1
1,0,0,0,1
1,0,0,0,1
2,0,0,0,2
3,0,0,0,3
4,0,0,0,4
2,0,0,0,2
1,0,0,0,1
1,0,0,0,1
1,0,0,0,1
1,0,0,0,1
1,0,0,0,1
1,0,0,0,1
1,0,0,0,1
1,0,0,0,1
3,0,0,0,3
1,0,0,0,1
1,0,0,0,1
1,0,0,0,1
3,0,0,0,3
1,0,0,0,1
3,0,0,0,3
2,0,0,0,2
1,0,0,0,1
2,0,0,0,2
1,0,0,0,1
1,0,0,0,1
1,0,0,0,1
4,0,0,0,4
4,0,0,0,4
1,0,0,0,1
1,8,2,0,11
2,3,0,0,5
1,0,0,0,1
1,0,0,0,1
3,0,0,0,3
1,0,0,0,1
1,0,0,0,1
1,0,0,0,1
1,0,0,0,1
1,0,0,0,1
1,0,0,0,1
1,0,0,0,1
2,0,0,0,2
2,0,0,0,2
1,0,0,0,1
1,0,0,0,1
1,0,0,0,1
5,0,0,0,5
1,0,0,0,1
3,0,0,0,3
1,0,0,0,1
1,0,0,0,1
1,0,0,0,1
2,0,0,0,2
1,0,0,0,1
2,0,0,0,2
1,0,0,0,1
2,0,0,0,2
3,0,0,0,3
1,0,0,0,1
1,0,0,0,1
4,0,0,0,4
2,0,0,0,2
1,0,0,0,1
1,0,0,0,1
1,0,0,0,1
1,0,0,0,1
1,2,0,0,3
7,0,0,0,7
1,0,0,0,1
1,0,0,0,1
1,0,0,0,1
2,0,0,0,2
1,0,0,0,1
3,1,0,0,4
1,0,0,0,1
2,0,0,0,2
4,0,0,0,4
1,0,0,0,1
1,0,0,0,1
1,0,0,0,1
1,0,0,0,1
1,0,0,0,1
7,0,0,0,7
2,0,0,0,2
1,2,0,0,3
1,0,0,0,1
1,0,0,0,1
2,0,0,0,2
1,0,0,0,1
1,0,0,0,1
2,0,0,0,2
1,3,0,0,4
1,0,0,0,1
1,0,0,0,1
1,0,0,0,1
6,22,0,0,28
1,0,0,0,1
1,0,0,0,1
1,0,0,0,1
3,0,0,0,3
1,0,0,0,1
1,0,0,0,1
1,0,0,0,1
1,0,0,0,1
1,0,0,0,1
1,0,0,0,1
3,0,0,0,3
1,0,0,0,1
1,0,0,0,1
2,0,0,0,2
1,0,0,0,1
1,0,0,0,1
1,0,0,0,1
1,0,0,0,1
1,0,0,0,1
1,0,0,0,1
1,0,0,0,1
3,1,0,0,4
1,0,0,0,1
1,0,0,0,1
1,0,0,0,1
1,0,0,0,1
1,0,0,0,1
1,0,0,0,1
2,0,0,0,2
2,0,0,0,2
2,0,0,0,2
1,0,0,0,1
2,0,0,0,2
1,0,0,0,1
1,0,0,0,1
1,0,0,0,1
1,0,0,0,1
1,0,0,0,1
2,0,0,0,2
1,0,0,0,1
5,0,0,0,5
1,0,0,0,1
1,0,0,0,1
2,0,0,0,2
1,0,0,0,1
2,0,0,0,2
1,0,0,0,1
1,0,0,0,1
3,0,0,0,3
3,0,0,0,3
1,0,0,0,1
1,0,0,0,1
1,0,0,0,1
1,0,0,0,1
1,0,0,0,1
1,0,0,0,1
1,0,0,0,1
1,0,0,0,1
2,0,0,0,2
1,0,0,0,1
1,0,0,0,1
3,0,0,0,3
4,0,0,0,4
1,0,0,0,1
1,0,0,0,1
1,0,0,0,1
1,0,0,0,1
1,0,0,0,1
3,0,0,0,3
1,0,0,0,1
1,0,0,0,1
4,0,0,0,4
1,0,0,0,1
6,0,0,0,6
1,0,0,0,1
1,0,0,0,1
2,0,0,0,2
5,0,0,0,5
1,0,0,0,1
2,0,0,0,2
1,0,0,0,1
3,0,0,0,3
1,0,0,0,1
1,0,0,0,1
1,0,0,0,1
2,0,0,0,2
2,0,0,0,2
1,0,0,0,1
1,0,0,0,1
1,0,0,0,1
4,0,0,0,4
1,0,0,0,1
1,0,0,0,1
1,0,0,0,1
1,0,0,0,1
1,0,0,0,1
1,0,0,0,1
1,0,0,0,1
1,0,0,0,1
1,0,0,0,1
2,0,0,0,2
2,0,0,0,2
1,0,0,0,1
1,0,0,0,1
1,0,0,0,1
1,0,0,0,1
1,0,0,0,1
3,0,0,0,3
1,0,0,0,1
1,0,0,0,1
1,0,0,0,1
1,0,0,0,1
1,0,0,0,1
2,0,0,0,2
1,0,0,0,1
1,0,0,0,1
1,0,0,0,1
2,0,0,0,2
1,0,0,0,1
1,0,0,0,1
1,0,0,0,1
1,0,0,0,1
2,0,1,0,3
4,0,0,0,4
1,0,0,0,1
1,0,0,0,1
1,0,0,0,1
1,0,0,0,1
3,0,0,0,3
1,0,0,0,1
1,0,0,0,1
1,0,0,0,1
1,0,0,0,1
1,0,0,0,1
2,5,0,0,7
1,0,0,0,1
1,0,0,0,1
1,0,0,0,1
1,0,0,0,1
1,0,0,0,1
1,0,0,0,1
4,0,0,0,4
1,0,0,0,1
2,0,0,0,2
1,0,0,0,1
1,0,0,0,1
2,0,0,0,2
1,0,0,0,1
1,0,0,0,1
1,0,0,0,1
1,0,0,0,1
1,0,0,0,1
1,0,0,0,1
1,0,0,0,1
2,0,0,0,2
1,0,0,0,1
1,0,0,0,1
2,0,0,0,2
5,0,0,0,5
1,0,0,0,1
1,0,0,0,1
1,0,0,0,1
1,0,0,0,1
3,0,0,0,3
1,0,0,0,1
1,0,0,0,1
1,0,0,0,1
1,0,0,0,1
1,0,0,0,1
1,0,0,0,1
1,0,0,0,1
1,0,0,0,1
1,0,0,0,1
2,0,0,0,2
1,0,0,0,1
1,0,0,0,1
1,0,0,0,1
1,0,0,0,1
1,0,0,0,1
1,0,0,0,1
2,1,0,0,3
1,0,0,0,1
1,0,0,0,1
1,0,0,0,1
1,0,0,0,1
1,0,0,0,1
1,0,0,0,1
1,0,0,0,1
4,0,0,0,4
1,0,0,0,1
1,0,0,0,1
2,0,0,0,2
1,0,0,0,1
1,0,0,0,1
2,1,0,0,3
1,0,0,0,1
1,1,0,0,2
7,0,0,0,7
1,0,0,0,1
1,2,0,0,3
1,0,0,0,1
1,11,0,0,12
6,16,0,0,22
1,0,0,0,1
1,6,0,0,7
1,0,0,0,1
4,0,0,0,4
1,0,0,0,1
1,0,0,0,1
1,0,0,0,1
1,0,0,0,1
1,0,0,0,1
1,0,0,0,1
1,0,0,0,1
3,0,0,0,3
3,0,0,0,3
1,0,0,0,1
9,0,0,0,9
2,0,0,0,2
1,0,0,0,1
1,0,0,0,1
1,0,0,0,1
1,0,0,0,1
1,0,0,0,1
2,0,0,0,2
1,0,0,0,1
1,0,0,0,1
2,0,0,0,2
1,0,0,0,1
2,0,0,0,2
1,0,0,0,1
1,0,0,0,1
2,0,0,0,2
1,2,0,0,3
3,0,0,0,3
1,0,0,0,1
1,0,0,0,1
1,0,0,0,1
1,0,0,0,1
1,0,0,0,1
1,0,0,0,1
1,0,0,0,1
1,0,0,0,1
1,0,0,0,1
1,0,0,0,1
1,0,0,0,1
2,0,0,0,2
1,0,0,0,1
1,0,0,0,1
1,0,0,0,1
6,5,2,0,13
1,0,0,0,1
2,0,0,0,2
2,0,0,0,2
1,0,0,0,1
1,0,0,0,1
1,0,0,0,1
1,0,0,0,1
1,0,0,0,1
3,0,0,0,3
1,0,0,0,1
1,0,0,0,1
1,0,0,0,1
3,0,0,0,3
1,0,0,0,1
1,0,0,0,1
1,0,0,0,1
1,0,0,0,1
1,0,0,0,1
1,0,0,0,1
1,0,0,0,1
1,0,0,0,1
1,0,0,0,1
1,0,0,0,1
1,0,0,0,1
2,0,0,0,2
1,0,0,0,1
3,0,0,0,3
1,0,0,0,1
1,0,0,0,1
1,0,0,0,1
1,0,0,0,1
1,0,0,0,1
1,0,0,0,1
1,0,0,0,1
1,0,0,0,1
4,1,0,0,5
1,0,0,0,1
1,0,0,0,1
1,0,0,0,1
2,0,0,0,2
2,0,0,0,2
1,0,0,0,1
1,0,0,0,1
1,0,0,0,1
1,0,0,0,1
3,0,0,0,3
1,0,0,0,1
1,0,0,0,1
1,0,0,0,1
3,0,0,0,3
1,0,0,0,1
1,0,0,0,1
1,0,0,0,1
2,0,0,0,2
1,0,0,0,1
1,0,0,0,1
1,0,0,0,1
2,0,0,0,2
7,0,1,0,8
5,0,0,0,5
1,0,0,0,1
1,0,0,0,1
1,0,0,0,1
2,0,0,0,2
1,0,0,0,1
2,0,0,0,2
3,0,0,0,3
3,0,0,0,3
5,0,0,0,5
1,0,0,0,1
2,0,0,0,2
1,0,0,0,1
2,0,0,0,2
1,0,0,0,1
1,0,0,0,1
1,0,0,0,1
1,0,0,0,1
4,0,0,0,4
5,0,0,0,5
1,0,0,0,1
1,0,0,0,1
1,0,0,0,1
1,0,0,0,1
2,0,0,0,2
1,0,0,0,1
1,0,0,0,1
2,0,0,0,2
1,2,0,0,3
1,0,0,0,1
1,0,0,0,1
3,0,0,0,3
1,0,0,0,1
1,0,0,0,1
1,0,0,0,1
1,0,0,0,1
1,0,0,0,1
1,0,0,0,1
1,0,0,0,1
1,0,0,0,1
1,0,0,0,1
1,0,0,0,1
4,0,0,0,4
1,0,0,0,1
3,0,0,0,3
1,0,0,0,1
1,0,0,0,1
1,0,0,0,1
1,2,0,0,3
4,1,0,0,5
5,0,0,0,5
2,0,0,0,2
1,0,0,0,1
1,0,0,0,1
1,0,0,0,1
1,0,0,0,1
1,0,0,0,1
1,0,0,0,1
2,0,0,0,2
3,0,0,0,3
1,0,0,0,1
1,0,0,0,1
2,0,0,0,2
1,0,0,0,1
1,0,0,0,1
2,0,0,0,2
2,2,0,0,4
1,0,0,0,1
2,0,0,0,2
1,6,0,0,7
1,0,0,0,1
1,0,0,0,1
1,0,0,0,1
1,0,0,0,1
2,0,1,0,3
1,0,0,0,1
1,0,0,0,1
2,0,0,0,2
2,0,0,0,2
1,0,0,0,1
1,0,0,0,1
1,0,0,0,1
2,14,19,0,35
1,0,0,0,1
1,0,0,0,1
1,0,0,0,1
1,0,0,0,1
1,0,0,0,1
2,0,0,0,2
1,0,0,0,1
1,0,0,0,1
19,47,3,0,69
1,0,0,0,1
4,0,0,0,4
1,0,0,0,1
1,0,0,0,1
2,0,0,0,2
1,0,0,0,1
1,0,0,0,1
1,0,0,0,1
1,0,0,0,1
1,0,0,0,1
1,0,0,0,1
1,0,0,0,1
1,0,0,0,1
1,0,0,0,1
1,0,0,0,1
3,0,0,0,3
1,0,0,0,1
2,0,0,0,2
1,0,0,0,1
1,0,0,0,1
1,0,0,0,1
1,0,0,0,1
2,0,0,0,2
2,0,0,0,2
2,0,0,0,2
6,0,0,0,6
2,0,0,0,2
2,0,0,0,2
1,0,0,0,1
1,0,0,0,1
1,0,0,0,1
5,2,0,0,7
1,0,0,0,1
1,1,0,0,2
2,0,0,0,2
1,0,0,0,1
1,0,0,0,1
1,0,0,0,1
1,0,0,0,1
1,0,0,0,1
1,0,0,0,1
2,0,0,0,2
1,0,0,0,1
4,0,0,0,4
4,0,0,0,4
1,0,0,0,1
9,0,0,0,9
4,0,0,0,4
1,0,0,0,1
1,2,0,0,3
1,0,0,0,1
1,0,0,0,1
2,0,0,0,2
1,0,0,0,1
2,0,0,0,2
4,0,0,0,4
1,0,0,0,1
1,0,0,0,1
1,0,0,0,1
1,0,0,0,1
1,0,0,0,1
4,0,0,0,4
1,0,0,0,1
1,0,0,0,1
1,0,0,0,1
1,0,0,0,1
1,0,0,0,1
2,0,0,0,2
1,0,0,0,1
1,0,0,0,1
3,0,0,0,3
1,0,0,0,1
6,0,0,0,6
1,0,0,0,1
1,0,0,0,1
5,0,0,0,5
2,0,0,0,2
3,0,0,0,3
2,0,0,0,2
1,0,0,0,1
1,0,0,0,1
1,0,0,0,1
1,0,0,0,1
2,0,0,0,2
1,0,0,0,1
3,0,0,0,3
1,0,0,0,1
2,0,0,0,2
1,0,0,0,1
1,0,0,0,1
1,0,0,0,1
2,0,0,0,2
1,0,0,0,1
1,0,0,0,1
8,0,0,0,8
1,0,0,0,1
4,0,0,0,4
3,1,0,0,4
2,0,0,0,2
1,0,0,0,1
1,0,0,0,1
1,2,0,0,3
1,0,0,0,1
1,0,0,0,1
1,0,0,0,1
1,0,0,0,1
1,0,0,0,1
1,0,0,0,1
3,0,0,0,3
1,0,0,0,1
1,0,0,0,1
1,0,0,0,1
1,0,0,0,1
1,0,0,0,1
3,0,0,0,3
1,0,0,0,1
2,0,0,0,2
2,0,0,0,2
1,0,0,0,1
1,0,0,0,1
1,0,0,0,1
1,0,0,0,1
5,0,0,0,5
1,0,0,0,1
1,0,0,0,1
1,0,0,0,1
1,0,0,0,1
1,0,0,0,1
1,0,0,0,1
1,0,0,0,1
1,0,0,0,1
1,0,0,0,1
1,0,0,0,1
1,0,0,0,1
1,0,0,0,1
1,0,0,0,1
1,0,0,0,1
1,0,0,0,1
5,0,0,0,5
1,0,0,0,1
1,0,0,0,1
1,0,0,0,1
1,0,0,0,1
1,0,0,0,1
1,0,0,0,1
1,0,0,0,1
1,0,0,0,1
1,0,0,0,1
3,0,0,0,3
1,0,0,0,1
1,0,0,0,1
1,0,0,0,1
4,0,0,0,4
2,0,0,0,2
1,0,0,0,1
1,5,0,0,6
5,0,0,0,5
1,0,0,0,1
1,0,0,0,1
1,0,0,0,1
1,0,0,0,1
6,0,0,0,6
1,0,0,0,1
1,0,0,0,1
3,0,0,0,3
2,0,0,0,2
2,0,0,0,2
3,0,0,0,3
1,0,0,0,1
1,0,0,0,1
1,0,0,0,1
4,0,0,0,4
1,0,0,0,1
1,0,0,0,1
2,0,0,0,2
1,0,0,0,1
1,0,0,0,1
4,2,0,0,6
2,0,0,0,2
4,0,0,0,4
2,0,0,0,2
1,0,0,0,1
1,0,0,0,1
7,0,1,0,8
1,2,0,0,3
1,0,0,0,1
3,0,0,0,3
1,0,0,0,1
1,0,0,0,1
1,0,0,0,1
1,0,0,0,1
3,0,0,0,3
1,0,0,0,1
4,0,0,0,4
1,0,0,0,1
1,0,0,0,1
1,0,0,0,1
3,0,0,0,3
2,0,0,0,2
1,0,0,0,1
1,0,0,0,1
1,0,0,0,1
1,0,0,0,1
1,0,0,0,1
1,0,0,0,1
2,0,0,0,2
2,0,0,0,2
2,0,0,0,2
1,0,0,0,1
1,0,0,0,1
2,0,1,0,3
2,0,0,0,2
1,0,0,0,1
1,0,0,0,1
1,0,0,0,1
1,0,0,0,1
1,0,0,0,1
1,0,0,0,1
1,0,0,0,1
1,0,0,0,1
1,0,0,0,1
1,1,0,0,2
5,0,0,0,5
1,0,0,0,1
1,0,0,0,1
1,0,0,0,1
1,0,0,0,1
1,0,0,0,1
2,0,0,0,2
1,0,0,0,1
1,0,0,0,1
1,0,0,0,1
3,0,0,0,3
2,0,0,0,2
1,0,0,0,1
1,0,0,0,1
1,0,0,0,1
1,0,0,0,1
1,0,0,0,1
2,0,0,0,2
2,0,0,0,2
1,0,0,0,1
6,0,0,0,6
1,0,0,0,1
1,0,0,0,1
11,0,0,0,11
1,0,0,0,1
1,0,0,0,1
1,0,0,0,1
1,0,0,0,1
2,0,0,0,2
1,0,0,0,1
1,0,0,0,1
1,0,0,0,1
2,0,0,0,2
1,0,0,0,1
1,0,0,0,1
1,0,0,0,1
1,0,0,0,1
1,0,0,0,1
2,0,0,0,2
1,0,0,0,1
1,0,0,0,1
1,0,0,0,1
1,0,0,0,1
1,0,0,0,1
1,0,0,0,1
1,0,0,0,1
1,0,0,0,1
2,0,0,0,2
1,0,0,0,1
1,0,0,0,1
1,0,0,0,1
1,0,0,0,1
3,1,0,0,4
1,0,0,0,1
1,0,0,0,1
2,0,0,0,2
1,0,0,0,1
7,0,0,0,7
1,2,2,0,5
1,15,0,0,16
4,0,0,0,4
2,0,0,0,2
2,0,0,0,2
1,0,0,0,1
4,0,0,0,4
1,0,0,0,1
1,0,0,0,1
2,0,0,0,2
1,0,0,0,1
2,8,0,0,10
1,0,0,0,1
1,0,0,0,1
1,0,0,0,1
1,0,0,0,1
3,0,0,0,3
1,4,0,0,5
1,0,0,0,1
1,0,0,0,1
3,0,0,0,3
2,0,0,0,2
1,0,0,0,1
2,0,0,0,2
1,0,0,0,1
1,0,0,0,1
2,0,0,0,2
1,0,0,0,1
5,0,0,0,5
4,0,0,0,4
2,0,0,0,2
1,0,0,0,1
1,0,0,0,1
3,0,0,0,3
1,0,0,0,1
2,0,0,0,2
1,0,0,0,1
1,0,0,0,1
1,0,0,0,1
1,0,0,0,1
2,1,0,0,3
2,0,0,0,2
2,0,0,0,2
1,0,0,0,1
1,0,0,0,1
4,0,0,0,4
1,0,0,0,1
1,0,0,0,1
1,0,0,0,1
5,0,0,0,5
1,0,0,0,1
2,0,0,0,2
1,0,0,0,1
1,0,0,0,1
1,0,0,0,1
1,0,0,0,1
1,0,0,0,1
1,0,0,0,1
1,0,0,0,1
1,0,0,0,1
2,0,0,0,2
1,0,0,0,1
1,0,0,0,1
3,0,0,0,3
1,0,0,0,1
2,1,2,0,5
1,0,0,0,1
1,0,0,0,1
1,0,0,0,1
1,0,0,0,1
1,0,0,0,1
1,0,0,0,1
1,0,0,0,1
1,0,0,0,1
4,6,3,0,13
1,0,0,0,1
1,0,0,0,1
2,0,0,0,2
1,0,0,0,1
3,0,0,0,3
2,0,0,0,2
1,0,0,0,1
1,0,0,0,1
1,0,0,0,1
1,0,0,0,1
2,0,0,0,2
2,2,1,0,5
2,0,0,0,2
1,0,0,0,1
2,0,0,0,2
1,0,0,0,1
3,0,0,0,3
1,0,0,0,1
1,0,0,0,1
2,0,0,0,2
1,0,0,0,1
1,0,0,0,1
1,0,0,0,1
1,0,0,0,1
1,0,0,0,1
1,0,0,0,1
1,0,0,0,1
1,0,0,0,1
1,0,0,0,1
1,0,0,0,1
1,0,0,0,1
2,0,0,0,2
1,0,0,0,1
3,0,0,0,3
1,0,0,0,1
1,2,0,0,3
1,0,0,0,1
1,0,0,0,1
1,0,0,0,1
1,8,0,0,9
2,0,0,0,2
1,0,0,0,1
1,0,0,0,1
1,0,0,0,1
2,0,0,0,2
1,0,0,0,1
6,1,0,0,7
3,0,0,0,3
1,0,0,0,1
2,0,0,0,2
3,2,0,0,5
1,0,0,0,1
1,0,0,0,1
1,0,0,0,1
4,0,0,0,4
1,0,0,0,1
1,0,0,0,1
3,0,0,0,3
1,0,0,0,1
1,0,1,0,2
1,0,0,0,1
1,0,0,0,1
2,0,0,0,2
2,0,0,0,2
3,0,0,0,3
1,0,0,0,1
1,0,0,0,1
10,0,0,0,10
1,0,0,0,1
2,0,0,0,2
1,0,0,0,1
1,0,0,0,1
3,0,0,0,3
1,0,0,0,1
1,0,0,0,1
2,0,0,0,2
1,0,0,0,1
2,0,0,0,2
2,0,0,0,2
1,0,0,0,1
1,0,0,0,1
1,0,0,0,1
2,0,0,0,2
2,1,0,0,3
1,0,0,0,1
1,0,0,0,1
1,0,0,0,1
1,0,0,0,1
1,442,0,0,443
1,0,0,0,1
3,2,0,0,5
1,0,0,0,1
1,0,0,0,1
1,0,0,0,1
2,0,0,0,2
1,0,0,0,1
3,0,0,0,3
1,0,0,0,1
1,0,0,0,1
1,0,0,0,1
1,0,0,0,1
4,0,0,0,4
1,0,0,0,1
1,0,0,0,1
1,0,0,0,1
13,0,0,0,13
2,0,0,0,2
3,0,0,0,3
1,0,0,0,1
3,0,0,0,3
1,0,0,0,1
1,0,0,0,1
2,0,0,0,2
2,0,0,0,2
1,0,0,0,1
1,0,0,0,1
1,0,0,0,1
2,0,0,0,2
3,0,0,0,3
2,0,0,0,2
2,0,0,0,2
1,0,0,0,1
1,0,0,0,1
1,0,0,0,1
1,0,0,0,1
3,0,0,0,3
1,0,0,0,1
4,0,0,0,4
1,0,0,0,1
1,0,0,0,1
1,0,0,0,1
1,0,0,0,1
1,0,0,0,1
2,0,0,0,2
1,0,0,0,1
1,0,0,0,1
2,9,0,0,11
1,0,0,0,1
1,0,0,0,1
1,0,0,0,1
2,0,0,0,2
1,0,0,0,1
1,0,0,0,1
1,0,0,0,1
2,0,0,0,2
1,0,0,0,1
1,0,0,0,1
1,0,0,0,1
1,0,0,0,1
1,0,0,0,1
1,0,0,0,1
2,0,0,0,2
1,0,0,0,1
2,0,0,0,2
1,0,0,0,1
1,0,0,0,1
2,0,0,0,2
2,0,0,0,2
2,0,0,0,2
2,0,0,0,2
1,0,0,0,1
1,0,0,0,1
1,0,0,0,1
1,0,0,0,1
3,0,0,0,3
3,0,0,0,3
1,0,0,0,1
1,0,0,0,1
1,0,0,0,1
1,1,0,0,2
3,0,0,0,3
1,0,0,0,1
1,0,0,0,1
1,0,0,0,1
1,0,0,0,1
1,0,0,0,1
1,0,0,0,1
1,0,0,0,1
2,0,0,0,2
1,0,0,0,1
1,0,0,0,1
1,0,0,0,1
2,0,0,0,2
1,0,0,0,1
1,0,0,0,1
1,0,0,0,1
1,0,0,0,1
4,0,0,0,4
1,0,0,0,1
1,0,0,0,1
1,0,0,0,1
2,12,0,0,14
3,0,0,0,3
1,0,0,0,1
1,0,0,0,1
3,0,0,0,3
2,0,0,0,2
1,0,0,0,1
1,0,0,0,1
1,0,0,0,1
1,0,0,0,1
1,0,0,0,1
1,0,0,0,1
4,0,0,0,4
1,0,0,0,1
1,0,0,0,1
2,0,0,0,2
3,0,0,0,3
2,0,0,0,2
1,0,0,0,1
1,0,0,0,1
1,10,0,0,11
1,0,0,0,1
2,0,0,0,2
3,0,0,0,3
1,0,0,0,1
1,1,0,0,2
1,2,1,0,4
1,0,0,0,1
1,0,0,0,1
1,0,0,0,1
1,0,0,0,1
1,0,0,0,1
1,0,0,0,1
2,0,0,0,2
2,0,0,0,2
2,0,0,0,2
1,0,0,0,1
1,0,0,0,1
1,0,0,0,1
2,0,0,0,2
1,0,0,0,1
1,0,0,0,1
3,0,0,0,3
1,0,0,0,1
1,0,0,0,1
1,0,0,0,1
1,0,0,0,1
1,0,0,0,1
1,0,0,0,1
1,0,0,0,1
1,0,0,0,1
1,0,0,0,1
1,0,0,0,1
1,0,0,0,1
2,0,0,0,2
1,0,0,0,1
2,0,0,0,2
6,0,0,0,6
1,0,0,0,1
1,0,0,0,1
1,0,0,0,1
1,0,0,0,1
8,0,0,0,8
1,0,0,0,1
1,0,0,0,1
1,0,0,0,1
1,0,0,0,1
2,0,0,0,2
2,0,0,0,2
1,0,0,0,1
2,0,0,0,2
1,0,0,0,1
1,0,0,0,1
1,0,0,0,1
1,0,0,0,1
1,0,0,0,1
1,0,0,0,1
4,14,0,0,18
1,0,0,0,1
2,0,0,0,2
4,0,0,0,4
3,0,0,0,3
1,0,0,0,1
1,0,0,0,1
1,0,0,0,1
2,0,0,0,2
1,0,0,0,1
5,3,0,0,8
1,0,0,0,1
2,0,0,0,2
2,0,0,0,2
1,0,0,0,1
1,0,0,0,1
1,0,0,0,1
1,0,0,0,1
1,0,0,0,1
1,0,0,0,1
1,0,0,0,1
3,0,0,0,3
1,0,0,0,1
4,0,0,0,4
1,0,0,0,1
1,0,0,0,1
1,0,0,0,1
2,0,0,0,2
2,0,0,0,2
1,0,0,0,1
5,3,0,0,8
1,0,0,0,1
6,0,0,0,6
1,0,0,0,1
1,0,0,0,1
3,0,0,0,3
1,0,0,0,1
1,0,0,0,1
1,0,0,0,1
1,0,0,0,1
1,0,0,0,1
1,0,0,0,1
1,0,0,0,1
9,0,0,0,9
5,0,0,0,5
2,0,0,0,2
6,0,0,0,6
1,0,0,0,1
1,0,0,0,1
1,0,0,0,1
1,0,0,0,1
1,0,0,0,1
1,0,0,0,1
1,0,0,0,1
4,0,0,0,4
1,0,0,0,1
1,0,0,0,1
9,0,0,0,9
1,3,0,0,4
1,0,0,0,1
2,0,0,0,2
2,0,0,0,2
2,0,0,0,2
5,0,0,0,5
1,0,0,0,1
1,0,0,0,1
1,0,0,0,1
1,0,0,0,1
1,0,0,0,1
1,0,0,0,1
2,0,0,0,2
1,0,0,0,1
1,0,0,0,1
1,0,0,0,1
1,0,0,0,1
1,0,0,0,1
2,0,0,0,2
1,0,0,0,1
4,0,0,0,4
1,0,0,0,1
3,0,0,0,3
1,0,0,0,1
1,0,0,0,1
3,0,0,0,3
1,0,0,0,1
1,0,0,0,1
4,1,1,0,6
1,1,1,0,3
1,0,0,0,1
1,0,0,0,1
3,0,0,0,3
3,0,0,0,3
1,0,0,0,1
1,0,0,0,1
1,0,0,0,1
10,0,0,0,10
1,0,0,0,1
5,1,0,0,6
1,0,0,0,1
1,0,0,0,1
3,0,0,0,3
1,0,0,0,1
1,0,0,0,1
2,0,0,0,2
1,0,0,0,1
2,0,0,0,2
1,0,0,0,1
2,0,0,0,2
3,0,0,0,3
2,0,0,0,2
1,0,0,0,1
8,0,0,0,8
4,0,0,0,4
1,0,0,0,1
7,0,0,0,7
1,0,0,0,1
1,0,0,0,1
1,0,0,0,1
1,0,0,0,1
1,0,0,0,1
1,0,0,0,1
1,0,0,0,1
1,0,0,0,1
2,0,0,0,2
1,0,0,0,1
1,0,0,0,1
1,0,0,0,1
1,0,0,0,1
1,0,0,0,1
3,0,0,0,3
2,0,0,0,2
1,0,0,0,1
2,0,0,0,2
1,0,0,0,1
2,0,0,0,2
1,0,0,0,1
1,0,0,0,1
6,0,0,0,6
1,0,0,0,1
1,0,0,0,1
1,0,0,0,1
1,0,0,0,1
1,0,0,0,1
1,0,0,0,1
1,0,0,0,1
1,0,0,0,1
1,0,0,0,1
1,0,0,0,1
1,0,0,0,1
2,0,0,0,2
1,0,0,0,1
3,0,0,0,3
1,0,0,0,1
1,0,0,0,1
1,0,0,0,1
1,0,0,0,1
1,0,0,0,1
3,0,0,0,3
4,0,0,0,4
1,0,0,0,1
1,0,0,0,1
1,0,0,0,1
8,1,0,0,9
1,0,0,0,1
1,0,0,0,1
1,0,0,0,1
1,0,0,0,1
1,0,0,0,1
1,0,0,0,1
2,3,0,0,5
1,0,0,0,1
1,0,0,0,1
1,0,0,0,1
2,9,0,0,11
1,0,0,0,1
1,0,0,0,1
1,0,0,0,1
1,0,0,0,1
1,0,0,0,1
1,0,0,0,1
2,0,0,0,2
2,0,0,0,2
1,0,0,0,1
1,0,0,0,1
2,0,0,0,2
1,0,0,0,1
1,0,0,0,1
1,0,0,0,1
1,0,0,0,1
2,0,0,0,2
2,0,0,0,2
1,0,0,0,1
1,0,0,0,1
2,0,0,0,2
1,0,0,0,1
2,0,0,0,2
3,0,0,0,3
2,0,0,0,2
1,0,0,0,1
3,0,0,0,3
1,0,0,0,1
1,0,0,0,1
1,0,0,0,1
1,0,0,0,1
2,0,0,0,2
1,0,0,0,1
1,0,0,0,1
1,0,0,0,1
1,0,0,0,1
7,2,0,0,9
1,0,0,0,1
1,0,0,0,1
1,0,0,0,1
1,0,0,0,1
1,0,0,0,1
3,0,0,0,3
1,0,0,0,1
1,0,0,0,1
2,0,0,0,2
1,0,0,0,1
1,0,0,0,1
2,0,0,0,2
1,0,0,0,1
1,0,0,0,1
3,0,0,0,3
2,0,0,0,2
4,1,0,0,5
5,0,0,0,5
2,0,0,0,2
1,0,0,0,1
1,0,0,0,1
1,0,0,0,1
2,0,0,0,2
1,0,0,0,1
1,0,0,0,1
1,0,0,0,1
1,0,0,0,1
1,0,0,0,1
1,0,0,0,1
1,0,0,0,1
2,0,0,0,2
1,0,0,0,1
1,0,0,0,1
1,0,0,0,1
1,2,0,0,3
1,0,0,0,1
1,0,0,0,1
4,0,0,0,4
1,0,0,0,1
1,0,0,0,1
1,0,0,0,1
2,0,0,0,2
1,0,0,0,1
1,0,0,0,1
1,0,0,0,1
1,0,0,0,1
2,0,0,0,2
2,0,0,0,2
2,0,0,0,2
1,0,0,0,1
1,0,0,0,1
2,0,0,0,2
1,0,0,0,1
1,0,0,0,1
1,0,0,0,1
1,0,0,0,1
1,0,0,0,1
1,0,0,0,1
1,0,0,0,1
1,0,0,0,1
2,0,0,0,2
1,0,0,0,1
1,1,0,0,2
2,0,0,0,2
1,0,0,0,1
1,0,0,0,1
1,0,0,0,1
1,0,0,0,1
1,0,0,0,1
1,0,0,0,1
1,0,0,0,1
1,0,0,0,1
3,0,0,0,3
1,6,0,0,7
2,0,0,0,2
2,0,0,0,2
1,0,0,0,1
2,0,0,0,2
1,0,0,0,1
1,0,0,0,1
2,0,0,0,2
1,0,0,0,1
1,0,0,0,1
1,0,0,0,1
4,0,0,0,4
1,0,0,0,1
1,0,0,0,1
1,0,0,0,1
1,0,0,0,1
1,0,0,0,1
1,0,0,0,1
1,0,0,0,1
1,0,0,0,1
1,0,0,0,1
1,0,0,0,1
1,0,0,0,1
2,0,0,0,2
1,0,0,0,1
1,0,0,0,1
1,1,0,0,2
1,0,0,0,1
1,0,0,0,1
3,0,0,0,3
1,0,0,0,1
2,0,0,0,2
1,0,0,0,1
1,0,0,0,1
2,1,0,0,3
1,0,0,0,1
3,74,0,0,77
2,0,0,0,2
1,0,0,0,1
1,0,0,0,1
1,0,0,0,1
1,0,0,0,1
1,2,0,0,3
1,0,0,0,1
2,0,0,0,2
1,0,0,0,1
1,0,0,0,1
3,0,0,0,3
1,0,0,0,1
2,0,0,0,2
5,6,0,0,11
1,0,0,0,1
1,0,0,0,1
1,0,0,0,1
3,0,0,0,3
1,0,0,0,1
1,3,0,0,4
1,0,0,0,1
3,0,0,0,3
2,0,0,0,2
1,0,0,0,1
2,0,0,0,2
1,0,0,0,1
1,0,0,0,1
1,0,0,0,1
1,0,0,0,1
1,0,0,0,1
1,0,0,0,1
1,0,0,0,1
1,0,0,0,1
3,62,0,0,65
2,0,0,0,2
3,0,0,0,3
1,0,0,0,1
1,0,0,0,1
1,0,0,0,1
1,0,0,0,1
1,0,0,0,1
2,0,0,0,2
6,0,0,0,6
1,0,0,0,1
2,0,0,0,2
1,0,0,0,1
3,0,0,0,3
1,0,0,0,1
1,0,0,0,1
1,0,0,0,1
1,0,0,0,1
3,0,0,0,3
3,0,0,0,3
1,0,0,0,1
1,0,0,0,1
2,0,0,0,2
2,0,0,0,2
2,0,0,0,2
1,0,0,0,1
1,0,0,0,1
1,0,0,0,1
2,0,0,0,2
1,0,0,0,1
1,0,0,0,1
1,0,0,0,1
2,0,0,0,2
1,0,0,0,1
1,3,0,0,4
1,3,0,0,4
1,0,0,0,1
1,0,0,0,1
1,0,0,0,1
1,0,0,0,1
1,0,0,0,1
3,0,0,0,3
1,0,0,0,1
1,0,0,0,1
1,0,0,0,1
1,0,0,0,1
1,0,0,0,1
1,0,0,0,1
2,0,0,0,2
1,0,0,0,1
1,0,0,0,1
1,0,0,0,1
1,0,0,0,1
1,0,0,0,1
1,0,0,0,1
1,0,0,0,1
1,0,0,0,1
3,0,0,0,3
1,0,0,0,1
2,0,0,0,2
2,0,0,0,2
1,0,0,0,1
1,0,0,0,1
1,3,0,0,4
1,0,0,0,1
1,0,0,0,1
1,0,0,0,1
1,0,0,0,1
2,0,0,0,2
1,0,0,0,1
3,0,0,0,3
1,0,0,0,1
1,0,0,0,1
1,0,0,0,1
1,0,0,0,1
3,0,0,0,3
1,0,0,0,1
4,0,0,0,4
1,0,0,0,1
1,0,0,0,1
2,0,0,0,2
2,0,0,0,2
1,0,0,0,1
1,0,0,0,1
1,0,0,0,1
1,0,0,0,1
1,0,0,0,1
1,0,0,0,1
2,0,0,0,2
1,0,0,0,1
1,0,0,0,1
1,0,0,0,1
1,0,0,0,1
1,0,0,0,1
1,0,0,0,1
1,0,0,0,1
4,0,0,0,4
1,0,0,0,1
2,0,0,0,2
1,0,0,0,1
2,0,0,0,2
1,0,0,0,1
1,0,0,0,1
1,0,0,0,1
1,0,0,0,1
1,0,0,0,1
1,0,0,0,1
1,0,0,0,1
1,0,0,0,1
1,0,0,0,1
1,0,0,0,1
1,0,0,0,1
2,0,1,0,3
1,0,0,0,1
1,0,0,0,1
1,0,0,0,1
1,0,0,0,1
1,0,0,0,1
1,0,0,0,1
2,0,0,0,2
1,0,0,0,1
1,0,0,0,1
1,0,0,0,1
5,0,0,0,5
1,0,0,0,1
1,13,0,0,14
2,0,0,0,2
2,0,0,0,2
1,0,0,0,1
1,0,0,0,1
1,0,0,0,1
1,0,0,0,1
2,0,0,0,2
1,0,0,0,1
1,0,0,0,1
1,0,0,0,1
1,3,0,0,4
1,0,0,0,1
6,0,0,0,6
1,0,0,0,1
1,0,0,0,1
1,0,0,0,1
1,0,0,0,1
2,0,0,0,2
2,0,0,0,2
1,0,0,0,1
1,0,0,0,1
1,0,0,0,1
2,0,0,0,2
1,0,0,0,1
1,0,0,0,1
2,0,0,0,2
1,0,0,0,1
1,0,0,0,1
1,0,0,0,1
1,6,2,0,9
1,0,0,0,1
1,0,0,0,1
1,0,0,0,1
1,0,0,0,1
1,0,0,0,1
1,0,0,0,1
1,0,0,0,1
1,0,0,0,1
1,0,0,0,1
1,0,0,0,1
1,0,0,0,1
2,0,0,0,2
1,0,0,0,1
1,0,0,0,1
2,0,0,0,2
1,0,0,0,1
1,0,0,0,1
3,0,0,0,3
3,0,0,0,3
2,0,0,0,2
1,0,0,0,1
1,0,0,0,1
1,0,0,0,1
6,0,0,0,6
1,0,0,0,1
2,0,0,0,2
1,0,0,0,1
1,0,0,0,1
3,0,0,0,3
6,10,0,0,16
3,1,0,0,4
1,0,0,0,1
1,0,0,0,1
1,0,0,0,1
3,0,0,0,3
1,0,0,0,1
1,0,0,0,1
1,0,0,0,1
1,0,0,0,1
1,0,0,0,1
1,0,0,0,1
1,0,0,0,1
2,0,0,0,2
1,0,0,0,1
1,0,0,0,1
1,0,0,0,1
1,0,0,0,1
1,0,0,0,1
1,0,0,0,1
1,0,0,0,1
1,0,0,0,1
1,0,0,0,1
1,0,0,0,1
1,0,0,0,1
1,0,0,0,1
1,0,0,0,1
1,0,0,0,1
1,0,0,0,1
1,2,1,0,4
1,0,0,0,1
1,0,0,0,1
1,0,0,0,1
1,0,0,0,1
1,0,0,0,1
1,0,0,0,1
1,0,0,0,1
1,0,0,0,1
2,0,0,0,2
3,0,0,0,3
1,0,0,0,1
4,0,0,0,4
2,0,0,0,2
1,0,0,0,1
1,0,0,0,1
2,0,0,0,2
1,0,0,0,1
1,0,0,0,1
1,0,0,0,1
2,0,0,0,2
1,0,0,0,1
1,0,0,0,1
1,0,0,0,1
1,0,0,0,1
1,0,0,0,1
1,0,0,0,1
1,0,0,0,1
2,0,0,0,2
1,0,0,0,1
1,0,0,0,1
4,0,0,0,4
1,0,0,0,1
1,0,0,0,1
1,0,0,0,1
2,0,0,0,2
1,0,0,0,1
4,0,0,0,4
1,0,1,0,2
1,0,0,0,1
1,1,1,0,3
1,0,0,0,1
1,0,0,0,1
2,0,0,0,2
2,0,0,0,2
1,0,0,0,1
1,0,0,0,1
1,0,0,0,1
1,0,0,0,1
1,0,0,0,1
1,1,0,0,2
2,0,0,0,2
1,0,0,0,1
4,0,0,0,4
1,0,0,0,1
1,0,0,0,1
1,0,0,0,1
1,0,0,0,1
1,0,0,0,1
1,0,0,0,1
2,0,0,0,2
1,0,0,0,1
1,0,0,0,1
1,0,0,0,1
1,0,0,0,1
3,0,0,0,3
1,0,0,0,1
1,0,0,0,1
2,0,0,0,2
1,0,0,0,1
1,0,0,0,1
1,0,0,0,1
1,0,0,0,1
2,0,0,0,2
1,0,0,0,1
1,0,0,0,1
1,0,0,0,1
1,0,0,0,1
1,0,0,0,1
2,0,0,0,2
1,0,0,0,1
2,0,0,0,2
1,0,0,0,1
3,0,0,0,3
1,0,0,0,1
1,0,0,0,1
1,0,0,0,1
1,0,0,0,1
1,0,0,0,1
1,0,0,0,1
1,3,0,0,4
2,19,0,0,21
1,0,0,0,1
1,0,0,0,1
1,0,0,0,1
1,0,0,0,1
1,0,0,0,1
2,0,0,0,2
1,0,0,0,1
1,0,0,0,1
1,0,0,0,1
1,0,0,0,1
1,11,1,0,13
1,0,0,0,1
1,0,0,0,1
1,0,0,0,1
2,0,0,0,2
1,0,0,0,1
1,0,0,0,1
1,0,0,0,1
1,0,0,0,1
2,0,0,0,2
1,0,0,0,1
1,12,0,0,13
4,0,0,0,4
2,0,0,0,2
1,0,0,0,1
1,0,0,0,1
1,0,0,0,1
2,0,0,0,2
1,0,0,0,1
1,0,0,0,1
2,0,0,0,2
4,0,0,0,4
1,0,0,0,1
1,0,0,0,1
1,0,0,0,1
1,0,0,0,1
1,0,0,0,1
1,0,0,0,1
1,0,0,0,1
1,0,0,0,1
2,0,0,0,2
1,0,0,0,1
1,0,0,0,1
1,0,0,0,1
1,0,0,0,1
1,0,0,0,1
1,0,0,0,1
1,0,0,0,1
1,0,0,0,1
2,0,0,0,2
1,0,0,0,1
1,0,0,0,1
1,0,0,0,1
1,0,0,0,1
2,0,0,0,2
1,0,0,0,1
1,0,0,0,1
1,0,0,0,1
1,0,0,0,1
1,0,0,0,1
1,0,0,0,1
1,0,0,0,1
1,0,0,0,1
1,0,0,0,1
2,0,0,0,2
1,0,0,0,1
3,0,0,0,3
1,0,0,0,1
3,0,0,0,3
1,0,0,0,1
1,0,0,0,1
1,0,0,0,1
1,0,0,0,1
2,0,0,0,2
3,0,0,0,3
1,0,0,0,1
1,0,0,0,1
3,0,0,0,3
5,7,0,0,12
3,0,0,0,3
1,0,0,0,1
1,0,0,0,1
1,0,0,0,1
4,0,0,0,4
1,0,0,0,1
1,0,0,0,1
1,0,0,0,1
1,0,0,0,1
1,0,0,0,1
1,0,0,0,1
1,0,0,0,1
1,0,0,0,1
2,0,0,0,2
1,0,0,0,1
1,0,0,0,1
1,0,0,0,1
1,0,0,0,1
1,0,0,0,1
2,0,0,0,2
3,1,0,0,4
1,0,0,0,1
1,0,0,0,1
1,0,0,0,1
1,0,0,0,1
1,0,0,0,1
4,0,0,0,4
1,0,0,0,1
2,0,0,0,2
2,0,0,0,2
1,0,0,0,1
1,0,0,0,1
1,0,0,0,1
1,0,0,0,1
1,0,0,0,1
2,0,0,0,2
1,0,0,0,1
1,0,0,0,1
1,0,0,0,1
1,0,0,0,1
1,0,0,0,1
1,0,0,0,1
3,0,0,0,3
1,0,0,0,1
1,0,0,0,1
1,0,0,0,1
1,0,0,0,1
1,0,0,0,1
1,0,0,0,1
1,0,0,0,1
1,0,0,0,1
1,0,0,0,1
1,0,0,0,1
3,0,0,0,3
1,0,0,0,1
1,0,0,0,1
1,0,0,0,1
2,0,0,0,2
1,0,0,0,1
2,0,0,0,2
2,3,0,0,5
1,0,0,0,1
2,0,0,0,2
1,0,0,0,1
2,0,0,0,2
1,0,0,0,1
1,0,0,0,1
1,0,0,0,1
1,0,0,0,1
1,0,0,0,1
3,0,0,0,3
2,0,0,0,2
1,0,0,0,1
1,0,0,0,1
2,0,0,0,2
1,0,0,0,1
1,0,0,0,1
1,0,0,0,1
3,0,0,0,3
1,0,0,0,1
1,0,0,0,1
1,3,0,0,4
1,0,0,0,1
2,0,0,0,2
3,0,0,0,3
1,0,0,0,1
1,0,0,0,1
1,0,0,0,1
2,0,0,0,2
1,0,0,0,1
1,0,0,0,1
1,0,0,0,1
1,0,0,0,1
1,0,0,0,1
1,0,0,0,1
1,0,0,0,1
3,0,0,0,3
3,0,0,0,3
1,0,0,0,1
1,0,0,0,1
2,0,0,0,2
3,0,0,0,3
1,0,0,0,1
1,0,0,0,1
3,3,1,0,7
1,0,0,0,1
2,0,0,0,2
1,0,0,0,1
1,0,0,0,1
2,0,0,0,2
1,0,0,0,1
1,0,0,0,1
1,0,0,0,1
1,0,0,0,1
1,0,0,0,1
1,0,0,0,1
2,0,0,0,2
1,0,0,0,1
1,0,0,0,1
5,0,0,0,5
1,0,0,0,1
1,0,0,0,1
4,0,0,0,4
1,0,0,0,1
1,0,0,0,1
2,0,0,0,2
2,0,0,0,2
5,0,0,0,5
1,0,0,0,1
1,0,0,0,1
1,23,0,0,24
1,0,0,0,1
1,0,0,0,1
1,0,0,0,1
3,0,0,0,3
1,0,0,0,1
1,1,0,0,2
1,0,0,0,1
1,0,0,0,1
2,0,0,0,2
2,0,0,0,2
2,0,0,0,2
6,0,0,0,6
1,0,0,0,1
1,0,0,0,1
1,0,0,0,1
1,0,0,0,1
7,126,1,0,134
1,0,0,0,1
1,0,0,0,1
1,0,0,0,1
1,0,0,0,1
1,0,0,0,1
1,0,0,0,1
1,0,0,0,1
1,0,0,0,1
1,0,0,0,1
1,0,0,0,1
1,0,0,0,1
1,0,0,0,1
1,0,0,0,1
2,440,0,0,442
1,8,1,0,10
1,0,0,0,1
1,0,0,0,1
1,0,0,0,1
4,0,0,0,4
1,0,0,0,1
1,0,0,0,1
1,0,0,0,1
4,0,0,0,4
1,0,0,0,1
2,0,0,0,2
1,0,0,0,1
1,0,0,0,1
1,0,0,0,1
1,0,0,0,1
1,0,0,0,1
5,0,0,0,5
1,0,0,0,1
2,0,0,0,2
2,0,0,0,2
1,0,0,0,1
4,0,0,0,4
2,0,0,0,2
1,0,0,0,1
4,0,0,0,4
4,0,0,0,4
1,0,0,0,1
1,0,0,0,1
1,0,0,0,1
1,0,0,0,1
1,0,0,0,1
2,0,0,0,2
1,0,0,0,1
1,0,0,0,1
5,0,0,0,5
1,0,0,0,1
6,0,0,0,6
3,0,0,0,3
11,0,0,0,11
2,0,0,0,2
1,0,0,0,1
1,0,0,0,1
1,0,0,0,1
1,0,0,0,1
2,0,0,0,2
1,0,0,0,1
2,0,0,0,2
2,0,0,0,2
1,0,0,0,1
1,0,0,0,1
1,0,0,0,1
1,0,0,0,1
1,0,0,0,1
3,0,0,0,3
1,0,0,0,1
2,0,0,0,2
1,0,0,0,1
1,0,0,0,1
2,0,0,0,2
3,0,0,0,3
1,2,1,0,4
1,0,0,0,1
1,0,0,0,1
1,0,0,0,1
1,0,0,0,1
1,0,0,0,1
1,0,0,0,1
1,0,0,0,1
1,0,0,0,1
1,0,0,0,1
1,0,0,0,1
1,0,0,0,1
2,0,0,0,2
1,0,0,0,1
3,0,0,0,3
2,0,0,0,2
1,0,0,0,1
2,2,1,0,5
1,0,0,0,1
1,0,0,0,1
1,0,0,0,1
1,0,0,0,1
1,0,0,0,1
3,29,0,0,32
2,0,0,0,2
1,0,0,0,1
1,0,0,0,1
1,0,0,0,1
1,0,0,0,1
1,0,0,0,1
1,0,0,0,1
1,0,0,0,1
1,0,0,0,1
2,0,0,0,2
1,0,0,0,1
1,0,0,0,1
1,0,0,0,1
2,4,0,0,6
2,0,0,0,2
1,2,0,0,3
1,0,0,0,1
5,0,0,0,5
2,26,0,0,28
3,0,0,0,3
1,0,0,0,1
1,0,0,0,1
1,0,0,0,1
1,0,0,0,1
1,0,0,0,1
1,0,0,0,1
1,2,0,0,3
1,0,0,0,1
1,0,0,0,1
5,0,0,0,5
1,0,0,0,1
1,0,0,0,1
2,0,0,0,2
1,0,0,0,1
1,0,0,0,1
1,0,0,0,1
2,0,0,0,2
1,0,0,0,1
1,0,0,0,1
1,0,0,0,1
1,0,0,0,1
1,0,0,0,1
1,0,0,0,1
2,0,0,0,2
11,0,0,0,11
3,0,0,0,3
3,0,0,0,3
1,0,0,0,1
1,0,0,0,1
1,0,0,0,1
1,0,0,0,1
1,0,0,0,1
1,0,0,0,1
2,0,0,0,2
2,0,0,0,2
1,0,0,0,1
1,0,0,0,1
1,0,0,0,1
1,0,0,0,1
1,0,0,0,1
1,0,0,0,1
1,0,0,0,1
1,3,0,0,4
2,0,0,0,2
1,0,0,0,1
1,0,0,0,1
1,0,0,0,1
1,0,0,0,1
1,0,0,0,1
1,0,0,0,1
2,0,0,0,2
1,0,0,0,1
1,0,0,0,1
1,0,0,0,1
1,0,0,0,1
1,0,0,0,1
1,0,0,0,1
1,2,1,0,4
2,0,0,0,2
1,0,0,0,1
1,0,0,0,1
1,0,0,0,1
1,0,0,0,1
1,0,0,0,1
1,0,0,0,1
1,0,0,0,1
1,0,0,0,1
1,0,0,0,1
1,0,0,0,1
1,0,0,0,1
1,0,0,0,1
1,0,0,0,1
1,0,0,0,1
3,0,0,0,3
1,0,0,0,1
1,0,0,0,1
2,0,0,0,2
1,0,0,0,1
2,0,0,0,2
1,0,0,0,1
2,0,0,0,2
1,0,0,0,1
1,0,0,0,1
1,0,0,0,1
2,0,0,0,2
1,0,0,0,1
1,0,0,0,1
3,0,0,0,3
1,0,0,0,1
3,0,0,0,3
2,0,0,0,2
3,0,0,0,3
1,0,0,0,1
1,0,0,0,1
1,0,0,0,1
1,0,0,0,1
1,0,0,0,1
1,0,0,0,1
4,0,0,0,4
3,0,0,0,3
1,0,0,0,1
1,0,0,0,1
2,0,0,0,2
1,2,0,0,3
1,0,0,0,1
1,0,0,0,1
1,0,0,0,1
1,0,0,0,1
1,0,0,0,1
1,0,0,0,1
1,0,0,0,1
1,0,0,0,1
2,0,0,0,2
2,0,0,0,2
1,0,0,0,1
1,0,0,0,1
1,0,0,0,1
1,0,0,0,1
1,0,0,0,1
1,0,0,0,1
1,0,0,0,1
1,0,0,0,1
1,0,0,0,1
1,0,0,0,1
3,0,0,0,3
1,0,0,0,1
1,0,0,0,1
1,0,0,0,1
1,0,0,0,1
8,0,0,0,8
3,0,0,0,3
1,0,0,0,1
3,0,0,0,3
2,0,0,0,2
1,0,0,0,1
1,0,0,0,1
2,0,0,0,2
1,0,0,0,1
1,0,0,0,1
1,0,0,0,1
1,0,0,0,1
5,0,0,0,5
1,0,0,0,1
1,0,0,0,1
3,0,0,0,3
1,0,0,0,1
3,0,0,0,3
1,0,0,0,1
1,0,0,0,1
1,2,0,0,3
1,0,0,0,1
2,0,0,0,2
1,0,0,0,1
1,0,0,0,1
1,0,0,0,1
1,0,0,0,1
1,0,0,0,1
1,0,0,0,1
1,0,0,0,1
1,0,0,0,1
1,0,0,0,1
1,0,0,0,1
1,0,0,0,1
1,0,0,0,1
1,0,0,0,1
1,0,0,0,1
1,0,0,0,1
1,0,0,0,1
1,0,0,0,1
1,0,0,0,1
5,10,0,0,15
1,0,0,0,1
1,0,0,0,1
1,0,0,0,1
2,0,0,0,2
1,0,0,0,1
1,2,2,0,5
1,0,0,0,1
1,0,0,0,1
1,0,0,0,1
1,0,0,0,1
1,0,0,0,1
1,0,0,0,1
1,0,0,0,1
1,0,0,0,1
1,0,0,0,1
2,0,0,0,2
1,0,0,0,1
1,0,0,0,1
1,0,0,0,1
1,0,0,0,1
3,0,0,0,3
1,0,0,0,1
1,0,0,0,1
1,0,0,0,1
2,0,0,0,2
1,0,0,0,1
1,0,0,0,1
2,0,0,0,2
1,0,0,0,1
1,0,0,0,1
1,0,0,0,1
1,0,0,0,1
1,0,0,0,1
1,0,0,0,1
1,0,0,0,1
1,0,0,0,1
1,0,0,0,1
4,0,0,0,4
1,0,0,0,1
1,0,0,0,1
1,0,0,0,1
1,0,0,0,1
1,0,0,0,1
1,0,0,0,1
1,0,0,0,1
1,0,0,0,1
1,0,0,0,1
5,0,0,0,5
1,0,0,0,1
1,1,0,0,2
1,1,2,0,4
1,0,0,0,1
1,0,0,0,1
1,0,0,0,1
1,0,0,0,1
1,0,0,0,1
1,0,0,0,1
2,0,0,0,2
1,0,0,0,1
2,2,0,0,4
1,0,0,0,1
2,11,0,0,13
4,0,0,0,4
1,0,0,0,1
1,0,0,0,1
2,0,0,0,2
1,0,0,0,1
1,0,0,0,1
1,0,0,0,1
3,1,0,0,4
1,0,0,0,1
2,0,0,0,2
1,0,0,0,1
1,0,0,0,1
2,0,0,0,2
1,0,0,0,1
1,4,1,0,6
1,0,0,0,1
1,0,0,0,1
2,0,0,0,2
1,0,0,0,1
1,0,0,0,1
1,0,0,0,1
1,0,0,0,1
3,0,0,0,3
1,0,0,0,1
1,0,0,0,1
1,0,0,0,1
1,1,2,0,4
1,0,0,0,1
1,0,0,0,1
3,0,0,0,3
1,0,0,0,1
1,0,0,0,1
1,0,0,0,1
1,0,0,0,1
1,0,0,0,1
2,0,0,0,2
1,0,0,0,1
1,0,0,0,1
1,0,0,0,1
1,0,0,0,1
1,0,0,0,1
1,0,0,0,1
2,0,0,0,2
1,0,0,0,1
1,0,0,0,1
3,0,0,0,3
1,0,0,0,1
1,0,0,0,1
1,0,0,0,1
1,0,0,0,1
1,0,0,0,1
1,0,0,0,1
2,0,0,0,2
1,0,0,0,1
1,0,0,0,1
4,0,0,0,4
1,0,0,0,1
1,0,0,0,1
1,0,0,0,1
1,0,0,0,1
1,0,0,0,1
3,0,0,0,3
1,0,0,0,1
1,0,0,0,1
1,0,0,0,1
1,0,0,0,1
2,0,0,0,2
1,0,0,0,1
1,0,0,0,1
5,0,0,0,5
1,0,0,0,1
7,0,0,0,7
1,0,0,0,1
1,0,0,0,1
2,0,0,0,2
1,0,0,0,1
2,0,0,0,2
1,0,0,0,1
1,0,0,0,1
7,0,0,0,7
1,0,0,0,1
1,0,0,0,1
1,0,0,0,1
1,0,0,0,1
2,26,0,0,28
1,0,0,0,1
1,0,0,0,1
1,0,0,0,1
1,0,0,0,1
6,0,0,0,6
1,0,0,0,1
1,0,0,0,1
1,0,0,0,1
1,0,0,0,1
1,0,0,0,1
1,0,0,0,1
1,0,0,0,1
1,0,0,0,1
1,0,0,0,1
1,0,0,0,1
2,0,1,0,3
1,0,0,0,1
1,0,0,0,1
1,0,0,0,1
1,0,0,0,1
2,0,0,0,2
1,0,0,0,1
1,0,0,0,1
1,0,0,0,1
1,0,0,0,1
1,0,0,0,1
1,0,0,0,1
1,0,0,0,1
1,0,0,0,1
1,0,0,0,1
1,0,0,0,1
2,0,0,0,2
1,0,0,0,1
1,0,0,0,1
2,0,0,0,2
2,0,0,0,2
1,0,0,0,1
2,54,0,0,56
1,0,0,0,1
1,0,0,0,1
1,0,0,0,1
1,0,1,0,2
1,0,0,0,1
1,0,0,0,1
1,0,0,0,1
1,0,0,0,1
1,0,0,0,1
1,2,0,0,3
2,0,0,0,2
1,0,0,0,1
1,0,0,0,1
2,0,0,0,2
1,0,0,0,1
1,0,0,0,1
1,0,0,0,1
1,0,0,0,1
1,0,0,0,1
1,0,0,0,1
1,0,0,0,1
1,0,0,0,1
2,0,0,0,2
1,0,0,0,1
1,0,0,0,1
1,0,0,0,1
1,0,0,0,1
1,0,0,0,1
2,0,0,0,2
1,0,0,0,1
1,0,0,0,1
1,0,0,0,1
1,0,0,0,1
1,0,0,0,1
1,0,0,0,1
1,0,0,0,1
2,0,0,0,2
1,0,0,0,1
1,0,0,0,1
1,3,0,0,4
1,0,0,0,1
1,0,0,0,1
1,0,0,0,1
2,0,0,0,2
1,0,0,0,1
5,0,0,0,5
2,0,0,0,2
1,0,0,0,1
1,0,0,0,1
1,0,0,0,1
2,0,0,0,2
2,0,0,0,2
1,0,0,0,1
1,0,0,0,1
1,0,0,0,1
1,0,0,0,1
1,0,0,0,1
1,0,0,0,1
1,0,0,0,1
1,0,0,0,1
7,0,0,0,7
4,3,0,0,7
1,0,0,0,1
1,0,0,0,1
1,0,0,0,1
2,0,0,0,2
1,0,0,0,1
1,0,0,0,1
1,0,0,0,1
2,0,0,0,2
1,0,0,0,1
1,0,0,0,1
1,0,0,0,1
1,0,0,0,1
1,82,0,0,83
1,0,0,0,1
1,0,0,0,1
4,21,0,0,25
1,0,0,0,1
1,0,0,0,1
1,0,0,0,1
2,0,0,0,2
1,0,0,0,1
2,0,0,0,2
1,0,0,0,1
1,0,0,0,1
1,0,0,0,1
2,0,0,0,2
1,0,0,0,1
1,0,0,0,1
5,0,0,0,5
1,0,0,0,1
1,0,0,0,1
1,0,0,0,1
3,0,0,0,3
1,0,0,0,1
2,0,0,0,2
1,0,0,0,1
1,0,0,0,1
2,6,0,0,8
2,0,0,0,2
1,0,0,0,1
1,0,0,0,1
1,0,0,0,1
1,0,0,0,1
1,0,0,0,1
1,0,0,0,1
1,0,0,0,1
1,0,0,0,1
1,0,0,0,1
2,0,0,0,2
1,0,0,0,1
3,0,0,0,3
3,3,1,0,7
2,0,0,0,2
1,0,0,0,1
1,0,0,0,1
1,0,0,0,1
2,0,0,0,2
3,0,0,0,3
1,0,0,0,1
1,0,0,0,1
1,0,0,0,1
2,0,0,0,2
1,0,0,0,1
2,0,0,0,2
2,0,0,0,2
3,0,0,0,3
1,0,0,0,1
3,0,0,0,3
3,0,0,0,3
1,0,0,0,1
1,0,0,0,1
2,0,0,0,2
1,0,0,0,1
1,0,0,0,1
1,0,0,0,1
1,0,0,0,1
1,0,0,0,1
2,0,0,0,2
3,0,0,0,3
1,0,0,0,1
1,0,0,0,1
2,0,0,0,2
1,0,0,0,1
1,0,0,0,1
1,0,0,0,1
1,0,0,0,1
1,0,0,0,1
1,0,0,0,1
1,0,0,0,1
1,0,0,0,1
1,0,0,0,1
1,0,0,0,1
1,0,0,0,1
1,0,0,0,1
3,0,0,0,3
1,0,0,0,1
2,0,0,0,2
1,0,0,0,1
1,0,0,0,1
1,0,0,0,1
1,0,0,0,1
1,0,0,0,1
1,0,0,0,1
1,0,0,0,1
1,0,0,0,1
1,0,0,0,1
1,0,0,0,1
1,0,0,0,1
2,0,0,0,2
1,0,0,0,1
1,0,0,0,1
1,0,0,0,1
1,0,0,0,1
1,0,0,0,1
1,0,0,0,1
1,0,0,0,1
1,0,0,0,1
1,0,0,0,1
1,0,0,0,1
1,0,0,0,1
1,0,0,0,1
2,0,0,0,2
4,3,0,0,7
1,0,0,0,1
1,0,0,0,1
2,0,0,0,2
1,0,0,0,1
2,0,0,0,2
1,0,0,0,1
2,0,0,0,2
1,0,0,0,1
2,0,0,0,2
2,0,0,0,2
1,0,0,0,1
1,0,0,0,1
1,0,0,0,1
1,0,0,0,1
1,6,1,0,8
1,0,0,0,1
1,0,0,0,1
1,0,0,0,1
2,0,0,0,2
1,0,0,0,1
1,0,0,0,1
1,0,0,0,1
1,0,0,0,1
1,0,0,0,1
1,0,0,0,1
1,0,0,0,1
2,0,0,0,2
1,0,0,0,1
1,0,0,0,1
5,0,0,0,5
1,0,0,0,1
1,0,0,0,1
1,0,0,0,1
1,0,0,0,1
2,0,0,0,2
2,0,0,0,2
2,0,0,0,2
3,0,0,0,3
3,0,0,0,3
1,0,0,0,1
1,0,0,0,1
1,0,0,0,1
1,0,0,0,1
1,0,0,0,1
1,0,0,0,1
4,65,1,0,70
1,0,0,0,1
1,0,0,0,1
1,0,0,0,1
1,0,0,0,1
1,0,0,0,1
1,0,0,0,1
1,0,0,0,1
1,0,0,0,1
1,0,0,0,1
1,0,0,0,1
1,0,0,0,1
1,0,0,0,1
1,0,0,0,1
2,0,0,0,2
1,0,0,0,1
1,0,0,0,1
1,0,0,0,1
2,0,0,0,2
1,0,0,0,1
1,0,0,0,1
1,0,0,0,1
1,0,0,0,1
1,0,0,0,1
3,0,0,0,3
1,0,0,0,1
1,0,0,0,1
1,0,0,0,1
1,0,0,0,1
6,0,0,0,6
1,0,0,0,1
2,4,0,0,6
2,0,0,0,2
1,4,0,0,5
1,0,0,0,1
2,0,0,0,2
1,0,0,0,1
4,0,0,0,4
2,0,0,0,2
1,0,0,0,1
1,0,0,0,1
2,0,0,0,2
1,0,0,0,1
1,0,0,0,1
4,0,0,0,4
5,39,0,0,44
1,0,0,0,1
1,0,0,0,1
2,0,0,0,2
1,0,0,0,1
4,0,1,0,5
4,0,0,0,4
1,1,1,0,3
1,0,0,0,1
4,0,0,0,4
1,0,0,0,1
1,0,0,0,1
1,0,0,0,1
1,0,0,0,1
5,0,2,0,7
1,0,0,0,1
1,0,0,0,1
1,0,0,0,1
1,0,0,0,1
1,0,0,0,1
1,0,0,0,1
1,0,0,0,1
1,0,0,0,1
1,0,0,0,1
1,0,0,0,1
1,0,0,0,1
1,0,0,0,1
1,0,0,0,1
1,0,0,0,1
1,0,0,0,1
2,0,0,0,2
1,0,0,0,1
2,0,0,0,2
3,0,0,0,3
1,0,0,0,1
2,0,0,0,2
1,0,0,0,1
1,0,0,0,1
1,0,0,0,1
1,130,0,0,131
3,0,0,0,3
1,0,0,0,1
1,0,0,0,1
2,0,0,0,2
1,5,1,0,7
1,0,0,0,1
1,0,0,0,1
1,0,0,0,1
2,0,0,0,2
1,0,0,0,1
1,0,0,0,1
1,0,0,0,1
1,0,0,0,1
1,0,0,0,1
1,4,1,0,6
1,2,0,0,3
1,0,0,0,1
1,0,0,0,1
2,0,0,0,2
1,0,0,0,1
1,0,0,0,1
1,0,0,0,1
1,0,0,0,1
1,0,0,0,1
1,0,0,0,1
1,0,0,0,1
1,0,0,0,1
1,0,0,0,1
1,0,0,0,1
7,1,0,0,8
1,0,0,0,1
1,0,0,0,1
6,0,0,0,6
1,0,0,0,1
1,0,0,0,1
2,0,0,0,2
1,0,0,0,1
1,0,0,0,1
1,0,0,0,1
1,0,0,0,1
2,0,0,0,2
2,0,0,0,2
3,0,0,0,3
1,0,0,0,1
1,0,0,0,1
1,0,0,0,1
1,0,0,0,1
1,0,0,0,1
1,0,0,0,1
1,0,0,0,1
1,0,0,0,1
1,0,0,0,1
1,0,0,0,1
1,0,0,0,1
2,0,0,0,2
1,0,0,0,1
5,4,0,0,9
2,0,0,0,2
1,0,0,0,1
1,0,0,0,1
4,0,0,0,4
2,0,0,0,2
1,0,0,0,1
2,1,0,0,3
1,0,0,0,1
3,0,0,0,3
1,0,0,0,1
2,0,0,0,2
2,0,0,0,2
1,0,0,0,1
5,0,0,0,5
2,0,0,0,2
1,0,0,0,1
1,0,0,0,1
2,0,0,0,2
9,597,0,0,606
1,0,0,0,1
1,0,0,0,1
4,0,0,0,4
1,0,0,0,1
1,0,0,0,1
1,0,0,0,1
1,0,0,0,1
3,1,0,0,4
1,0,0,0,1
9,0,0,0,9
1,0,0,0,1
1,0,0,0,1
1,0,0,0,1
1,0,0,0,1
1,0,0,0,1
1,0,0,0,1
1,0,0,0,1
3,0,0,0,3
1,0,0,0,1
2,0,0,0,2
1,0,0,0,1
1,0,0,0,1
1,0,0,0,1
1,0,0,0,1
1,0,0,0,1
1,0,0,0,1
2,0,0,0,2
2,0,0,0,2
3,0,0,0,3
1,0,0,0,1
1,0,0,0,1
2,0,0,0,2
1,0,0,0,1
1,0,0,0,1
1,0,0,0,1
6,9,0,0,15
1,0,0,0,1
1,0,0,0,1
1,0,0,0,1
4,0,0,0,4
1,0,0,0,1
1,0,0,0,1
1,0,0,0,1
1,0,0,0,1
1,0,0,0,1
2,0,0,0,2
1,0,0,0,1
1,0,0,0,1
1,0,0,0,1
8,0,0,0,8
1,0,0,0,1
2,0,0,0,2
1,0,0,0,1
5,0,0,0,5
1,0,0,0,1
2,3,1,0,6
4,0,0,0,4
1,0,0,0,1
1,0,0,0,1
1,0,0,0,1
1,0,0,0,1
1,0,0,0,1
1,0,0,0,1
1,0,0,0,1
1,0,0,0,1
1,0,0,0,1
1,0,0,0,1
1,0,0,0,1
1,0,0,0,1
3,12,0,0,15
6,0,0,0,6
1,0,0,0,1
1,0,0,0,1
2,0,0,0,2
1,0,0,0,1
1,0,0,0,1
2,0,0,0,2
1,0,0,0,1
2,0,0,0,2
1,0,0,0,1
1,0,0,0,1
1,0,0,0,1
1,0,0,0,1
1,0,0,0,1
1,0,0,0,1
1,0,0,0,1
1,0,0,0,1
1,0,0,0,1
1,0,0,0,1
1,0,0,0,1
1,0,0,0,1
4,0,0,0,4
2,0,0,0,2
1,0,0,0,1
2,0,0,0,2
1,0,0,0,1
1,0,0,0,1
3,0,0,0,3
1,0,0,0,1
2,0,0,0,2
1,0,0,0,1
1,0,0,0,1
1,0,0,0,1
1,0,0,0,1
1,0,0,0,1
2,0,0,0,2
2,0,0,0,2
1,0,0,0,1
1,0,0,0,1
1,0,0,0,1
4,0,0,0,4
1,0,0,0,1
3,0,0,0,3
1,0,0,0,1
1,0,0,0,1
1,0,0,0,1
1,0,0,0,1
1,0,0,0,1
1,0,0,0,1
1,0,0,0,1
2,0,0,0,2
6,1,0,0,7
1,0,0,0,1
1,0,0,0,1
1,0,0,0,1
1,0,0,0,1
1,0,0,0,1
1,0,0,0,1
3,0,0,0,3
1,0,0,0,1
1,0,0,0,1
1,0,0,0,1
2,1,0,0,3
1,0,0,0,1
2,0,0,0,2
1,15,0,0,16
1,0,0,0,1
1,0,0,0,1
2,0,0,0,2
1,0,0,0,1
1,0,0,0,1
4,0,0,0,4
2,0,0,0,2
1,0,0,0,1
3,0,0,0,3
1,0,0,0,1
1,0,0,0,1
2,0,0,0,2
1,0,0,0,1
1,0,0,0,1
1,0,0,0,1
1,0,0,0,1
1,0,0,0,1
1,0,0,0,1
1,0,0,0,1
1,0,0,0,1
1,0,0,0,1
2,0,0,0,2
1,0,0,0,1
1,0,0,0,1
1,0,0,0,1
1,0,0,0,1
2,0,0,0,2
2,0,0,0,2
1,0,0,0,1
1,0,0,0,1
2,0,0,0,2
1,0,0,0,1
4,0,0,0,4
1,0,0,0,1
1,0,0,0,1
1,0,0,0,1
1,0,0,0,1
1,0,0,0,1
1,0,0,0,1
1,0,0,0,1
1,0,0,0,1
1,0,0,0,1
1,5,1,0,7
1,0,0,0,1
1,0,0,0,1
1,0,0,0,1
1,0,0,0,1
1,0,0,0,1
1,0,0,0,1
1,0,0,0,1
3,0,0,0,3
5,3,0,0,8
1,0,0,0,1
1,3,1,0,5
8,0,0,0,8
1,0,0,0,1
1,0,0,0,1
1,0,0,0,1
2,0,0,0,2
1,0,0,0,1
1,0,0,0,1
1,0,0,0,1
2,0,0,0,2
1,0,0,0,1
1,0,0,0,1
1,0,0,0,1
1,0,0,0,1
1,0,0,0,1
1,0,0,0,1
8,1,0,0,9
1,0,0,0,1
1,0,0,0,1
1,0,0,0,1
1,1,0,0,2
1,1,1,0,3
2,4,1,0,7
1,0,0,0,1
2,0,0,0,2
1,0,0,0,1
3,0,0,0,3
1,0,0,0,1
3,0,0,0,3
1,0,0,0,1
1,0,0,0,1
4,0,0,0,4
1,0,0,0,1
1,0,0,0,1
1,0,0,0,1
1,0,0,0,1
1,0,0,0,1
1,0,0,0,1
3,0,0,0,3
5,0,0,0,5
6,0,0,0,6
1,0,0,0,1
3,0,0,0,3
1,0,0,0,1
3,0,0,0,3
1,0,0,0,1
1,0,0,0,1
1,0,0,0,1
1,0,0,0,1
1,0,0,0,1
1,0,0,0,1
1,0,0,0,1
3,0,0,0,3
3,0,0,0,3
1,0,0,0,1
1,0,0,0,1
1,0,0,0,1
1,0,0,0,1
1,6,0,0,7
9,0,0,0,9
1,0,0,0,1
1,0,0,0,1
1,0,0,0,1
1,0,0,0,1
1,0,0,0,1
1,0,0,0,1
1,0,0,0,1
3,0,0,0,3
1,0,0,0,1
2,0,0,0,2
1,0,0,0,1
1,0,0,0,1
1,0,0,0,1
1,0,0,0,1
1,0,0,0,1
1,0,0,0,1
1,0,0,0,1
3,0,0,0,3
1,0,0,0,1
2,0,0,0,2
1,1,0,0,2
1,0,0,0,1
1,0,0,0,1
1,0,0,0,1
1,0,0,0,1
1,0,0,0,1
1,2,0,0,3
1,0,0,0,1
4,0,0,0,4
1,0,0,0,1
1,0,0,0,1
1,0,0,0,1
1,0,0,0,1
1,0,0,0,1
1,0,0,0,1
3,0,0,0,3
1,0,0,0,1
4,0,0,0,4
1,0,0,0,1
1,0,0,0,1
1,0,0,0,1
1,0,0,0,1
1,0,0,0,1
1,0,0,0,1
1,0,0,0,1
1,0,0,0,1
1,0,0,0,1
1,0,0,0,1
1,0,0,0,1
1,0,0,0,1
4,0,0,0,4
1,0,0,0,1
1,0,0,0,1
2,0,0,0,2
3,0,0,0,3
1,0,0,0,1
2,0,0,0,2
3,0,0,0,3
1,0,0,0,1
4,0,0,0,4
1,0,0,0,1
1,0,0,0,1
1,0,0,0,1
1,0,0,0,1
1,0,0,0,1
1,0,0,0,1
1,0,0,0,1
1,0,0,0,1
1,0,0,0,1
1,2,0,0,3
1,0,0,0,1
4,0,0,0,4
2,0,0,0,2
1,0,0,0,1
3,0,0,0,3
1,0,0,0,1
1,0,0,0,1
1,0,0,0,1
1,0,0,0,1
1,0,0,0,1
1,0,0,0,1
1,0,0,0,1
1,0,0,0,1
1,0,0,0,1
1,0,0,0,1
6,0,0,0,6
1,0,0,0,1
1,0,0,0,1
1,0,0,0,1
1,0,0,0,1
2,0,0,0,2
1,0,0,0,1
1,0,0,0,1
1,5,1,0,7
3,0,0,0,3
2,0,0,0,2
2,0,0,0,2
1,0,0,0,1
1,0,0,0,1
1,0,0,0,1
1,0,0,0,1
1,0,0,0,1
1,0,0,0,1
2,0,0,0,2
1,1,0,0,2
1,0,0,0,1
1,0,0,0,1
1,0,0,0,1
1,0,0,0,1
1,0,0,0,1
1,0,0,0,1
1,0,0,0,1
1,0,0,0,1
1,0,0,0,1
1,0,0,0,1
2,0,0,0,2
1,0,0,0,1
1,0,0,0,1
1,0,0,0,1
2,0,0,0,2
2,0,0,0,2
3,0,0,0,3
1,0,0,0,1
1,0,0,0,1
3,0,0,0,3
1,0,0,0,1
1,0,0,0,1
2,0,0,0,2
6,0,0,0,6
1,0,0,0,1
1,0,0,0,1
1,0,0,0,1
1,0,0,0,1
1,0,0,0,1
1,0,0,0,1
2,0,0,0,2
2,0,0,0,2
1,0,0,0,1
1,0,0,0,1
1,0,0,0,1
4,1,0,0,5
1,0,0,0,1
1,0,0,0,1
1,0,0,0,1
1,0,0,0,1
1,0,0,0,1
1,0,0,0,1
1,0,0,0,1
1,0,0,0,1
1,0,0,0,1
1,0,0,0,1
1,0,0,0,1
1,0,0,0,1
1,0,0,0,1
1,0,0,0,1
1,0,0,0,1
3,0,0,0,3
3,0,0,0,3
1,0,0,0,1
1,0,0,0,1
2,6,0,0,8
2,0,0,0,2
1,0,0,0,1
1,0,0,0,1
1,0,0,0,1
1,0,0,0,1
1,0,0,0,1
1,10,5,0,16
2,0,0,0,2
1,0,0,0,1
1,0,0,0,1
1,0,0,0,1
1,0,0,0,1
1,0,0,0,1
1,0,0,0,1
2,0,0,0,2
1,0,0,0,1
2,0,0,0,2
1,0,0,0,1
1,0,0,0,1
2,0,0,0,2
1,0,0,0,1
1,0,0,0,1
1,0,0,0,1
1,0,0,0,1
1,0,0,0,1
1,0,0,0,1
1,0,0,0,1
1,0,0,0,1
1,0,0,0,1
1,0,0,0,1
1,0,0,0,1
1,14,0,0,15
5,0,0,0,5
1,0,0,0,1
1,0,0,0,1
1,0,0,0,1
1,0,0,0,1
1,0,0,0,1
1,0,0,0,1
1,0,0,0,1
2,0,0,0,2
1,0,0,0,1
1,0,0,0,1
1,0,0,0,1
1,0,0,0,1
1,0,0,0,1
1,0,0,0,1
1,0,0,0,1
1,0,0,0,1
1,0,0,0,1
1,0,0,0,1
1,0,0,0,1
2,0,0,0,2
1,0,0,0,1
1,0,0,0,1
1,0,0,0,1
1,0,0,0,1
1,0,0,0,1
1,0,0,0,1
2,0,0,0,2
1,0,0,0,1
1,0,0,0,1
1,0,0,0,1
1,0,0,0,1
1,0,0,0,1
2,0,0,0,2
1,0,0,0,1
1,0,0,0,1
1,0,0,0,1
1,0,0,0,1
3,0,0,0,3
1,0,0,0,1
4,0,0,0,4
1,0,0,0,1
1,0,0,0,1
1,0,0,0,1
1,0,0,0,1
1,0,0,0,1
2,0,0,0,2
1,0,0,0,1
1,0,0,0,1
1,0,0,0,1
2,0,0,0,2
1,0,0,0,1
1,0,0,0,1
1,0,0,0,1
3,0,0,0,3
1,0,0,0,1
1,0,0,0,1
1,0,0,0,1
1,0,0,0,1
1,0,0,0,1
1,0,0,0,1
1,0,0,0,1
1,0,0,0,1
1,0,0,0,1
4,0,0,0,4
1,0,0,0,1
3,0,0,0,3
1,0,0,0,1
1,0,0,0,1
1,0,0,0,1
1,0,0,0,1
1,0,0,0,1
1,0,0,0,1
1,0,0,0,1
1,0,0,0,1
1,0,0,0,1
1,0,0,0,1
1,0,0,0,1
7,3,0,0,10
2,0,0,0,2
1,0,0,0,1
1,0,0,0,1
1,0,0,0,1
1,0,0,0,1
1,0,0,0,1
2,8,0,0,10
1,0,0,0,1
1,0,0,0,1
1,0,0,0,1
1,0,0,0,1
2,0,0,0,2
1,0,0,0,1
1,0,0,0,1
1,0,0,0,1
2,0,0,0,2
1,0,0,0,1
1,0,0,0,1
2,0,0,0,2
1,0,0,0,1
2,0,0,0,2
1,0,0,0,1
1,0,0,0,1
3,0,0,0,3
1,0,0,0,1
1,0,0,0,1
1,0,0,0,1
1,0,0,0,1
1,0,0,0,1
1,0,0,0,1
1,1,1,0,3
1,0,0,0,1
1,2,0,0,3
1,0,0,0,1
1,0,0,0,1
1,0,0,0,1
1,0,0,0,1
3,0,0,0,3
2,9,0,0,11
1,0,0,0,1
1,0,0,0,1
1,0,0,0,1
2,0,0,0,2
2,0,0,0,2
6,0,0,0,6
1,0,0,0,1
1,0,0,0,1
1,0,0,0,1
3,0,0,0,3
1,11,0,0,12
1,0,0,0,1
1,0,0,0,1
1,0,0,0,1
1,0,0,0,1
1,0,0,0,1
1,0,0,0,1
1,0,0,0,1
1,0,0,0,1
1,0,0,0,1
1,0,0,0,1
2,0,0,0,2
4,0,0,0,4
1,0,0,0,1
1,0,0,0,1
1,0,0,0,1
1,0,0,0,1
1,0,0,0,1
1,0,0,0,1
1,0,0,0,1
1,0,0,0,1
2,0,0,0,2
1,0,0,0,1
1,0,0,0,1
1,0,0,0,1
1,0,0,0,1
1,0,0,0,1
1,0,0,0,1
1,0,0,0,1
1,0,0,0,1
1,0,0,0,1
2,0,0,0,2
1,0,0,0,1
1,0,0,0,1
1,0,0,0,1
1,0,0,0,1
3,2,0,0,5
1,0,0,0,1
1,0,0,0,1
3,0,0,0,3
2,43,0,0,45
1,0,0,0,1
1,0,0,0,1
1,0,0,0,1
1,0,0,0,1
1,0,0,0,1
1,0,0,0,1
1,0,0,0,1
1,0,0,0,1
1,0,0,0,1
6,0,0,0,6
1,0,0,0,1
4,0,0,0,4
1,0,0,0,1
1,0,0,0,1
4,4,0,0,8
1,0,0,0,1
1,0,0,0,1
1,0,0,0,1
1,0,0,0,1
2,0,0,0,2
1,0,0,0,1
1,0,0,0,1
1,0,0,0,1
2,0,0,0,2
1,0,0,0,1
2,0,0,0,2
2,0,0,0,2
3,0,0,0,3
1,0,0,0,1
1,0,0,0,1
1,0,0,0,1
2,1,0,0,3
1,0,0,0,1
1,0,0,0,1
4,0,0,0,4
1,3,0,0,4
1,0,0,0,1
1,0,0,0,1
1,0,0,0,1
1,0,0,0,1
1,0,0,0,1
1,0,0,0,1
1,0,0,0,1
2,0,0,0,2
2,0,0,0,2
1,0,0,0,1
1,0,0,0,1
1,0,0,0,1
1,684,0,0,685
1,0,0,0,1
1,0,0,0,1
1,0,0,0,1
1,0,0,0,1
1,0,0,0,1
1,0,0,0,1
2,0,0,0,2
1,0,0,0,1
1,0,0,0,1
1,0,0,0,1
1,0,0,0,1
2,0,0,0,2
1,0,0,0,1
3,0,0,0,3
1,16,1,0,18
1,0,0,0,1
2,0,0,0,2
1,0,0,0,1
1,1,0,0,2
1,0,0,0,1
4,0,0,0,4
3,0,0,0,3
1,0,0,0,1
1,0,0,0,1
1,0,0,0,1
7,0,0,0,7
1,0,0,0,1
1,0,0,0,1
4,0,0,0,4
1,0,0,0,1
1,0,0,0,1
2,0,0,0,2
2,0,0,0,2
1,0,0,0,1
1,0,0,0,1
1,0,0,0,1
1,0,0,0,1
1,0,0,0,1
1,0,0,0,1
1,0,0,0,1
1,0,0,0,1
2,0,0,0,2
1,0,0,0,1
1,0,0,0,1
3,0,0,0,3
1,0,0,0,1
2,0,0,0,2
3,0,0,0,3
1,0,0,0,1
2,0,0,0,2
1,0,0,0,1
1,0,0,0,1
4,0,0,0,4
1,0,0,0,1
1,0,0,0,1
4,5,1,0,10
10,0,0,0,10
2,0,0,0,2
1,0,0,0,1
4,0,0,0,4
1,0,0,0,1
2,0,0,0,2
1,0,0,0,1
1,0,0,0,1
2,0,0,0,2
1,0,0,0,1
1,0,0,0,1
1,0,0,0,1
1,0,0,0,1
5,0,0,0,5
1,0,0,0,1
1,0,0,0,1
1,0,0,0,1
1,0,0,0,1
1,0,0,0,1
1,0,0,0,1
1,0,0,0,1
2,0,0,0,2
1,0,0,0,1
1,0,0,0,1
1,0,0,0,1
3,0,0,0,3
1,0,0,0,1
1,3,1,0,5
2,0,0,0,2
2,6,0,0,8
2,0,0,0,2
2,0,0,0,2
1,0,0,0,1
1,0,0,0,1
1,0,0,0,1
1,0,0,0,1
1,0,0,0,1
1,0,0,0,1
3,0,0,0,3
1,0,0,0,1
1,0,0,0,1
2,0,0,0,2
1,0,0,0,1
1,0,0,0,1
1,0,0,0,1
1,0,0,0,1
1,0,0,0,1
4,0,0,0,4
3,0,0,0,3
2,0,0,0,2
2,0,0,0,2
1,0,0,0,1
1,0,0,0,1
1,0,0,0,1
1,0,0,0,1
1,0,0,0,1
1,0,0,0,1
1,0,0,0,1
3,0,0,0,3
1,0,0,0,1
1,0,0,0,1
5,0,0,0,5
1,0,0,0,1
1,0,0,0,1
1,0,0,0,1
1,0,0,0,1
1,0,0,0,1
2,0,0,0,2
1,0,0,0,1
1,0,0,0,1
2,0,0,0,2
1,0,0,0,1
2,0,0,0,2
1,0,0,0,1
1,0,0,0,1
1,0,0,0,1
1,0,0,0,1
1,0,0,0,1
1,0,0,0,1
1,0,0,0,1
1,0,0,0,1
1,0,0,0,1
1,0,0,0,1
1,0,0,0,1
1,0,0,0,1
1,0,0,0,1
1,0,0,0,1
1,0,0,0,1
1,0,0,0,1
1,0,0,0,1
2,0,0,0,2
2,0,0,0,2
3,0,0,0,3
2,0,0,0,2
1,0,0,0,1
1,0,0,0,1
2,0,0,0,2
2,0,0,0,2
1,0,0,0,1
1,0,0,0,1
1,0,0,0,1
1,0,0,0,1
1,0,0,0,1
2,0,0,0,2
1,0,0,0,1
3,0,0,0,3
1,0,0,0,1
3,0,0,0,3
1,0,0,0,1
1,0,0,0,1
1,0,0,0,1
2,8,0,0,10
1,0,0,0,1
1,0,0,0,1
2,0,0,0,2
2,0,0,0,2
4,0,0,0,4
2,7,0,0,9
1,0,0,0,1
1,0,0,0,1
1,0,0,0,1
1,0,0,0,1
1,0,0,0,1
2,0,0,0,2
1,1,0,0,2
7,0,0,0,7
1,0,0,0,1
1,0,0,0,1
1,0,0,0,1
1,0,0,0,1
1,0,0,0,1
1,0,0,0,1
2,0,0,0,2
1,0,0,0,1
1,0,0,0,1
7,0,0,0,7
2,0,0,0,2
1,0,0,0,1
1,0,0,0,1
1,0,0,0,1
1,0,0,0,1
1,0,0,0,1
2,0,0,0,2
1,0,0,0,1
1,0,0,0,1
2,0,0,0,2
1,0,0,0,1
1,0,0,0,1
1,0,0,0,1
7,10,0,0,17
1,0,0,0,1
1,0,0,0,1
3,0,0,0,3
1,0,0,0,1
1,0,0,0,1
1,0,0,0,1
1,0,0,0,1
2,0,0,0,2
1,0,0,0,1
1,0,0,0,1
1,0,0,0,1
1,0,0,0,1
1,0,0,0,1
2,0,0,0,2
2,0,0,0,2
2,0,0,0,2
1,0,0,0,1
1,0,0,0,1
1,0,0,0,1
1,0,0,0,1
1,0,0,0,1
1,0,0,0,1
1,0,0,0,1
1,0,0,0,1
2,0,0,0,2
1,0,0,0,1
1,0,0,0,1
1,0,0,0,1
1,0,0,0,1
1,0,0,0,1
1,0,0,0,1
2,0,0,0,2
3,0,0,0,3
2,0,0,0,2
1,0,0,0,1
1,0,0,0,1
1,0,0,0,1
1,0,0,0,1
2,0,0,0,2
1,0,0,0,1
1,0,0,0,1
2,0,0,0,2
1,0,0,0,1
1,0,0,0,1
3,6,0,0,9
2,0,0,0,2
1,0,0,0,1
1,0,0,0,1
1,0,0,0,1
1,0,0,0,1
1,0,0,0,1
2,0,0,0,2
5,0,1,0,6
1,0,0,0,1
3,0,0,0,3
1,0,0,0,1
1,0,0,0,1
2,2,0,0,4
1,0,0,0,1
1,0,0,0,1
2,0,0,0,2
1,0,0,0,1
1,0,0,0,1
1,0,0,0,1
1,0,0,0,1
1,0,0,0,1
1,0,0,0,1
1,0,0,0,1
1,0,0,0,1
1,0,0,0,1
2,0,0,0,2
1,0,0,0,1
1,0,0,0,1
1,0,0,0,1
1,0,0,0,1
1,0,0,0,1
1,0,0,0,1
1,0,0,0,1
1,0,0,0,1
1,0,0,0,1
1,0,0,0,1
2,0,0,0,2
1,1,0,0,2
2,0,0,0,2
3,0,0,0,3
1,0,0,0,1
1,0,0,0,1
1,0,0,0,1
2,0,0,0,2
1,0,0,0,1
1,0,0,0,1
1,0,0,0,1
1,0,0,0,1
1,0,0,0,1
1,0,0,0,1
1,0,0,0,1
1,0,0,0,1
1,0,0,0,1
1,0,0,0,1
1,0,0,0,1
5,0,0,0,5
1,0,0,0,1
1,0,0,0,1
1,0,0,0,1
1,0,0,0,1
2,0,0,0,2
1,0,0,0,1
1,0,0,0,1
2,0,0,0,2
1,0,0,0,1
1,0,0,0,1
6,0,0,0,6
1,0,0,0,1
3,0,0,0,3
1,0,0,0,1
1,0,0,0,1
1,0,0,0,1
1,0,0,0,1
1,0,0,0,1
1,0,0,0,1
1,0,0,0,1
1,0,0,0,1
1,0,0,0,1
1,0,0,0,1
1,0,0,0,1
2,0,0,0,2
1,0,0,0,1
2,4,0,0,6
2,0,0,0,2
1,0,0,0,1
1,0,0,0,1
1,0,0,0,1
1,0,0,0,1
1,0,0,0,1
1,0,0,0,1
2,0,0,0,2
1,0,0,0,1
3,0,0,0,3
1,0,0,0,1
1,0,0,0,1
1,0,0,0,1
1,0,0,0,1
1,0,0,0,1
1,0,0,0,1
1,0,0,0,1
5,0,0,0,5
3,0,0,0,3
2,0,0,0,2
4,74,1,0,79
1,0,0,0,1
1,0,0,0,1
1,0,0,0,1
4,0,0,0,4
1,0,0,0,1
1,1,0,0,2
1,0,0,0,1
1,2,0,0,3
1,0,0,0,1
1,0,0,0,1
1,0,0,0,1
2,0,0,0,2
1,0,0,0,1
1,0,0,0,1
1,0,0,0,1
3,0,0,0,3
1,0,0,0,1
1,0,0,0,1
1,0,0,0,1
1,0,0,0,1
1,0,0,0,1
2,0,0,0,2
1,0,0,0,1
1,0,0,0,1
3,31,0,0,34
1,0,0,0,1
1,2,0,0,3
1,2,0,0,3
3,0,0,0,3
1,0,0,0,1
3,0,0,0,3
1,0,0,0,1
1,0,0,0,1
1,0,0,0,1
1,0,0,0,1
1,0,0,0,1
2,0,0,0,2
1,0,0,0,1
1,0,0,0,1
1,0,0,0,1
1,0,0,0,1
1,3,0,0,4
2,0,0,0,2
1,0,0,0,1
4,0,0,0,4
1,0,0,0,1
1,0,0,0,1
1,0,0,0,1
1,0,0,0,1
1,0,0,0,1
1,0,0,0,1
5,0,0,0,5
4,0,0,0,4
1,0,0,0,1
2,0,0,0,2
2,6,0,0,8
1,1,0,0,2
1,0,0,0,1
3,0,1,0,4
2,2,0,0,4
4,0,0,0,4
7,7,0,0,14
3,0,0,0,3
1,0,0,0,1
1,0,0,0,1
1,1,6,0,8
1,0,0,0,1
1,0,0,0,1
1,0,0,0,1
1,0,0,0,1
1,0,0,0,1
2,0,0,0,2
1,0,0,0,1
1,0,0,0,1
2,0,0,0,2
1,0,0,0,1
1,0,0,0,1
4,0,0,0,4
1,0,0,0,1
1,0,0,0,1
2,0,0,0,2
1,0,0,0,1
1,0,0,0,1
1,0,0,0,1
1,0,0,0,1
1,0,0,0,1
2,0,0,0,2
1,0,0,0,1
1,0,0,0,1
1,0,0,0,1
4,0,0,0,4
1,0,0,0,1
1,0,0,0,1
1,3,0,0,4
1,1,0,0,2
1,0,0,0,1
1,0,0,0,1
2,0,0,0,2
1,2,0,0,3
1,0,0,0,1
2,0,0,0,2
3,0,0,0,3
6,0,0,0,6
2,0,0,0,2
1,0,0,0,1
1,2,0,0,3
1,0,0,0,1
2,2,1,0,5
7,0,0,0,7
1,0,0,0,1
1,0,0,0,1
1,0,0,0,1
1,0,0,0,1
1,0,0,0,1
2,0,0,0,2
1,0,0,0,1
1,0,0,0,1
4,0,0,0,4
1,0,0,0,1
1,0,0,0,1
1,0,0,0,1
6,0,0,0,6
1,0,0,0,1
3,0,0,0,3
3,0,0,0,3
1,0,0,0,1
1,0,0,0,1
1,0,0,0,1
1,0,0,0,1
1,0,0,0,1
1,0,0,0,1
1,0,0,0,1
1,0,0,0,1
1,0,0,0,1
1,0,0,0,1
1,0,0,0,1
5,4,4,0,13
1,0,0,0,1
1,0,0,0,1
1,0,0,0,1
1,0,0,0,1
2,0,0,0,2
1,0,0,0,1
2,0,0,0,2
1,0,0,0,1
2,0,0,0,2
1,0,0,0,1
1,0,0,0,1
1,0,0,0,1
2,0,0,0,2
2,0,0,0,2
1,0,0,0,1
1,0,0,0,1
1,0,0,0,1
1,0,0,0,1
1,0,0,0,1
1,0,0,0,1
1,0,0,0,1
3,0,0,0,3
1,0,0,0,1
1,0,0,0,1
1,8,2,0,11
1,0,0,0,1
1,0,0,0,1
2,0,0,0,2
1,0,0,0,1
3,0,0,0,3
3,0,0,0,3
1,0,0,0,1
2,0,0,0,2
2,0,0,0,2
1,0,0,0,1
3,0,1,0,4
1,0,0,0,1
3,0,0,0,3
1,0,0,0,1
1,0,0,0,1
1,0,0,0,1
1,0,0,0,1
2,0,0,0,2
5,0,0,0,5
2,0,0,0,2
1,0,0,0,1
4,2,0,0,6
1,0,0,0,1
3,0,0,0,3
1,0,0,0,1
1,0,0,0,1
1,0,0,0,1
2,0,0,0,2
1,0,0,0,1
1,0,0,0,1
4,0,0,0,4
1,0,0,0,1
2,0,0,0,2
1,0,0,0,1
2,165,0,0,167
1,0,0,0,1
1,0,0,0,1
1,1,0,0,2
1,2,0,0,3
1,0,0,0,1
1,1,0,0,2
4,0,0,0,4
1,0,0,0,1
1,0,0,0,1
1,0,0,0,1
1,0,0,0,1
2,0,0,0,2
2,0,0,0,2
1,0,0,0,1
1,0,0,0,1
1,0,0,0,1
1,0,0,0,1
1,0,0,0,1
1,0,0,0,1
2,0,0,0,2
1,0,0,0,1
1,0,0,0,1
1,0,0,0,1
1,0,0,0,1
1,0,0,0,1
2,0,0,0,2
1,0,0,0,1
1,0,0,0,1
3,0,0,0,3
1,0,0,0,1
1,0,0,0,1
1,0,0,0,1
1,0,0,0,1
1,0,0,0,1
1,0,0,0,1
6,0,0,0,6
2,0,0,0,2
1,0,0,0,1
2,0,0,0,2
1,0,0,0,1
2,0,0,0,2
1,0,0,0,1
1,0,0,0,1
1,0,0,0,1
1,0,0,0,1
1,0,0,0,1
2,0,0,0,2
5,1,1,0,7
1,0,0,0,1
1,0,0,0,1
1,0,0,0,1
1,0,0,0,1
1,0,0,0,1
1,0,0,0,1
1,0,0,0,1
1,0,0,0,1
1,0,0,0,1
1,0,0,0,1
2,0,0,0,2
1,0,0,0,1
1,0,0,0,1
1,0,0,0,1
1,0,0,0,1
1,0,0,0,1
2,0,0,0,2
1,0,0,0,1
1,0,0,0,1
2,0,0,0,2
1,0,0,0,1
1,0,0,0,1
1,0,0,0,1
1,0,0,0,1
1,0,0,0,1
1,0,0,0,1
2,0,0,0,2
3,0,0,0,3
1,0,0,0,1
1,0,0,0,1
1,0,0,0,1
2,0,0,0,2
1,2,0,0,3
1,0,0,0,1
2,0,0,0,2
1,0,0,0,1
1,0,0,0,1
5,0,0,0,5
3,0,0,0,3
1,0,0,0,1
2,0,0,0,2
1,0,0,0,1
1,0,0,0,1
5,0,0,0,5
3,0,0,0,3
4,0,0,0,4
1,0,0,0,1
1,0,0,0,1
1,0,0,0,1
1,0,0,0,1
1,0,0,0,1
1,0,0,0,1
1,0,0,0,1
1,0,0,0,1
1,0,0,0,1
1,0,0,0,1
2,0,0,0,2
2,0,0,0,2
3,0,0,0,3
1,0,0,0,1
1,0,0,0,1
1,0,0,0,1
1,0,0,0,1
1,0,0,0,1
1,0,0,0,1
1,0,0,0,1
1,0,0,0,1
2,0,0,0,2
1,0,0,0,1
1,0,0,0,1
2,0,0,0,2
1,0,0,0,1
5,0,0,0,5
1,0,0,0,1
1,0,0,0,1
1,0,0,0,1
1,0,0,0,1
1,0,0,0,1
1,0,0,0,1
1,0,0,0,1
1,0,0,0,1
1,0,0,0,1
1,0,0,0,1
1,1,1,0,3
1,0,0,0,1
1,0,0,0,1
2,0,0,0,2
3,0,0,0,3
1,0,0,0,1
1,0,0,0,1
2,0,0,0,2
1,0,0,0,1
1,0,0,0,1
1,0,0,0,1
1,0,0,0,1
3,0,0,0,3
4,0,0,0,4
2,0,0,0,2
1,0,0,0,1
1,0,0,0,1
1,0,0,0,1
3,0,0,0,3
1,0,0,0,1
1,0,0,0,1
2,0,0,0,2
2,0,0,0,2
1,0,0,0,1
2,0,0,0,2
1,0,0,0,1
5,0,0,0,5
1,0,0,0,1
1,0,0,0,1
1,0,0,0,1
2,0,0,0,2
1,0,0,0,1
1,0,0,0,1
1,0,0,0,1
7,0,0,0,7
1,0,0,0,1
1,0,0,0,1
1,0,0,0,1
1,0,0,0,1
1,0,0,0,1
1,0,0,0,1
1,0,0,0,1
1,0,0,0,1
1,0,0,0,1
1,0,0,0,1
3,0,0,0,3
1,0,0,0,1
3,0,0,0,3
1,0,0,0,1
1,0,0,0,1
1,0,0,0,1
1,1,0,0,2
1,0,0,0,1
7,0,0,0,7
1,0,0,0,1
2,0,0,0,2
1,0,0,0,1
2,0,0,0,2
4,0,0,0,4
1,0,0,0,1
1,0,0,0,1
3,0,0,0,3
1,0,0,0,1
1,0,0,0,1
12,0,0,0,12
1,0,0,0,1
3,1,0,0,4
2,0,0,0,2
3,2,0,0,5
2,0,0,0,2
1,2,0,0,3
3,0,0,0,3
1,0,0,0,1
2,0,0,0,2
1,0,0,0,1
3,0,0,0,3
1,0,0,0,1
1,0,0,0,1
1,0,0,0,1
3,0,0,0,3
1,0,0,0,1
1,0,0,0,1
1,0,0,0,1
2,0,0,0,2
2,0,0,0,2
1,0,0,0,1
1,0,0,0,1
1,0,0,0,1
4,2,0,0,6
2,0,0,0,2
1,0,0,0,1
1,0,0,0,1
1,0,0,0,1
2,0,0,0,2
1,0,0,0,1
1,0,0,0,1
1,0,0,0,1
1,0,0,0,1
1,0,0,0,1
1,0,0,0,1
1,0,0,0,1
1,0,0,0,1
1,0,0,0,1
1,0,0,0,1
3,0,0,0,3
2,0,0,0,2
1,0,0,0,1
1,0,0,0,1
1,0,0,0,1
1,0,0,0,1
1,0,0,0,1
1,0,0,0,1
1,0,0,0,1
1,0,0,0,1
4,0,0,0,4
3,0,0,0,3
1,0,0,0,1
1,0,0,0,1
2,0,0,0,2
1,0,0,0,1
1,0,0,0,1
1,0,0,0,1
2,0,0,0,2
1,0,0,0,1
1,0,0,0,1
1,0,0,0,1
1,0,0,0,1
3,0,0,0,3
2,0,0,0,2
3,0,0,0,3
8,0,0,0,8
1,0,0,0,1
2,0,0,0,2
1,0,0,0,1
1,0,0,0,1
1,0,0,0,1
1,0,0,0,1
1,0,0,0,1
1,0,0,0,1
3,0,0,0,3
3,0,0,0,3
1,0,0,0,1
1,0,0,0,1
1,0,0,0,1
1,0,0,0,1
2,0,0,0,2
1,0,0,0,1
1,0,0,0,1
2,0,0,0,2
1,0,0,0,1
1,0,0,0,1
1,0,0,0,1
1,0,0,0,1
3,0,0,0,3
1,0,0,0,1
1,0,0,0,1
1,0,0,0,1
3,0,0,0,3
1,0,0,0,1
2,0,0,0,2
2,0,0,0,2
1,0,0,0,1
1,0,0,0,1
1,0,0,0,1
1,0,0,0,1
1,0,0,0,1
1,0,0,0,1
1,0,0,0,1
9,4,0,0,13
1,0,0,0,1
1,0,0,0,1
2,0,0,0,2
4,0,0,0,4
2,0,0,0,2
1,0,0,0,1
1,0,0,0,1
1,0,0,0,1
1,0,0,0,1
1,0,0,0,1
4,0,0,0,4
1,0,0,0,1
1,0,0,0,1
1,0,0,0,1
2,0,0,0,2
1,0,0,0,1
1,0,0,0,1
1,0,0,0,1
4,0,0,0,4
1,0,0,0,1
1,0,0,0,1
1,0,0,0,1
1,0,0,0,1
1,0,0,0,1
1,0,0,0,1
3,0,0,0,3
1,0,0,0,1
1,0,0,0,1
1,0,0,0,1
1,0,0,0,1
4,0,0,0,4
1,0,0,0,1
1,0,0,0,1
1,0,0,0,1
1,0,0,0,1
1,0,0,0,1
1,0,0,0,1
1,0,0,0,1
2,0,0,0,2
4,0,0,0,4
1,0,0,0,1
1,0,0,0,1
2,0,0,0,2
1,0,0,0,1
1,0,0,0,1
1,0,0,0,1
1,0,0,0,1
2,0,0,0,2
1,0,0,0,1
1,0,0,0,1
1,0,0,0,1
3,0,0,0,3
3,0,0,0,3
1,0,0,0,1
3,0,0,0,3
1,0,0,0,1
1,0,0,0,1
1,0,0,0,1
1,0,0,0,1
1,0,0,0,1
1,0,0,0,1
1,0,0,0,1
1,0,0,0,1
1,0,0,0,1
1,0,0,0,1
1,0,0,0,1
2,0,0,0,2
1,0,0,0,1
1,0,0,0,1
1,0,0,0,1
3,0,0,0,3
2,0,0,0,2
1,0,0,0,1
1,0,0,0,1
1,0,0,0,1
1,0,0,0,1
1,0,0,0,1
2,0,0,0,2
4,0,0,0,4
1,0,0,0,1
1,0,0,0,1
1,0,0,0,1
1,0,0,0,1
1,0,0,0,1
1,0,0,0,1
5,0,0,0,5
1,0,0,0,1
1,0,0,0,1
1,0,0,0,1
2,0,0,0,2
1,0,0,0,1
2,0,0,0,2
1,0,0,0,1
1,0,0,0,1
1,0,0,0,1
1,0,0,0,1
1,0,0,0,1
1,0,0,0,1
1,0,0,0,1
1,0,0,0,1
1,0,0,0,1
1,0,0,0,1
5,0,0,0,5
1,0,0,0,1
1,0,0,0,1
1,0,0,0,1
1,0,0,0,1
4,0,0,0,4
3,0,0,0,3
1,0,0,0,1
1,0,0,0,1
1,0,0,0,1
1,0,0,0,1
1,0,0,0,1
2,0,0,0,2
1,0,0,0,1
1,0,0,0,1
2,0,0,0,2
1,0,0,0,1
1,0,0,0,1
1,0,0,0,1
1,0,0,0,1
1,0,0,0,1
1,6,0,0,7
4,0,0,0,4
1,0,0,0,1
2,5,0,0,7
1,0,0,0,1
1,0,0,0,1
1,0,0,0,1
2,0,0,0,2
1,0,0,0,1
1,24,0,0,25
1,0,0,0,1
1,0,0,0,1
2,0,0,0,2
1,0,0,0,1
1,0,0,0,1
1,0,0,0,1
1,0,0,0,1
2,0,0,0,2
1,0,0,0,1
4,0,0,0,4
3,0,0,0,3
2,0,0,0,2
1,0,0,0,1
1,0,0,0,1
1,0,0,0,1
2,0,0,0,2
1,0,0,0,1
1,0,0,0,1
1,0,0,0,1
1,0,0,0,1
2,0,0,0,2
1,0,0,0,1
1,0,0,0,1
1,0,0,0,1
1,0,0,0,1
1,0,0,0,1
1,0,0,0,1
1,0,0,0,1
1,0,0,0,1
1,0,0,0,1
5,0,0,0,5
3,0,0,0,3
1,0,0,0,1
1,0,0,0,1
1,0,0,0,1
1,0,0,0,1
1,0,0,0,1
1,0,0,0,1
2,0,0,0,2
1,0,0,0,1
1,0,0,0,1
2,0,0,0,2
2,0,0,0,2
1,0,0,0,1
1,0,0,0,1
1,0,0,0,1
1,0,0,0,1
1,0,0,0,1
1,0,0,0,1
1,0,0,0,1
2,0,0,0,2
1,0,0,0,1
1,0,0,0,1
1,0,0,0,1
1,0,0,0,1
1,0,0,0,1
1,0,0,0,1
3,0,0,0,3
3,0,0,0,3
2,0,0,0,2
1,0,0,0,1
2,0,0,0,2
1,0,0,0,1
1,0,0,0,1
4,2,0,0,6
1,0,0,0,1
1,0,0,0,1
1,0,0,0,1
2,0,0,0,2
1,0,0,0,1
2,0,0,0,2
1,0,0,0,1
1,0,0,0,1
1,0,0,0,1
3,0,1,0,4
1,0,0,0,1
2,0,0,0,2
1,0,0,0,1
1,0,0,0,1
1,0,0,0,1
1,0,0,0,1
1,0,0,0,1
1,0,0,0,1
1,0,0,0,1
1,0,0,0,1
1,0,0,0,1
3,7,0,0,10
1,0,0,0,1
2,0,0,0,2
1,0,0,0,1
1,0,0,0,1
1,0,0,0,1
1,0,0,0,1
1,0,0,0,1
1,0,0,0,1
1,0,0,0,1
1,0,0,0,1
2,0,0,0,2
1,0,0,0,1
1,0,0,0,1
1,0,0,0,1
1,0,0,0,1
3,0,0,0,3
1,0,0,0,1
1,0,0,0,1
1,0,0,0,1
4,1,0,0,5
2,0,0,0,2
1,0,0,0,1
1,0,0,0,1
1,0,0,0,1
1,0,0,0,1
1,0,0,0,1
1,0,0,0,1
1,0,0,0,1
1,0,0,0,1
1,0,0,0,1
1,0,0,0,1
2,0,0,0,2
1,0,0,0,1
1,0,0,0,1
1,0,0,0,1
1,0,0,0,1
1,0,0,0,1
1,0,0,0,1
1,0,0,0,1
1,0,0,0,1
1,0,0,0,1
1,0,0,0,1
1,0,0,0,1
1,0,0,0,1
1,0,0,0,1
1,0,0,0,1
6,9,0,0,15
1,0,0,0,1
1,0,0,0,1
1,0,0,0,1
1,0,0,0,1
1,0,0,0,1
1,0,0,0,1
1,0,0,0,1
1,0,0,0,1
1,0,0,0,1
2,0,0,0,2
4,9,0,0,13
3,0,0,0,3
1,0,0,0,1
1,0,0,0,1
5,0,0,0,5
1,1,0,0,2
1,0,0,0,1
2,0,0,0,2
1,0,0,0,1
1,0,0,0,1
1,1,0,0,2
1,0,0,0,1
2,0,0,0,2
2,0,0,0,2
1,0,0,0,1
1,0,0,0,1
1,0,0,0,1
1,0,0,0,1
2,0,0,0,2
2,0,0,0,2
1,0,0,0,1
3,0,0,0,3
1,0,0,0,1
1,0,0,0,1
1,0,0,0,1
1,0,0,0,1
1,0,0,0,1
2,0,0,0,2
1,0,0,0,1
3,0,0,0,3
2,0,0,0,2
1,0,0,0,1
1,0,0,0,1
1,0,0,0,1
1,0,0,0,1
1,2,0,0,3
1,0,0,0,1
2,0,0,0,2
2,0,0,0,2
1,0,0,0,1
1,0,0,0,1
1,0,0,0,1
1,0,0,0,1
1,0,0,0,1
4,0,0,0,4
1,0,0,0,1
1,0,0,0,1
2,0,0,0,2
1,0,0,0,1
1,0,0,0,1
1,0,0,0,1
2,0,0,0,2
7,1,1,0,9
1,0,0,0,1
1,0,0,0,1
1,0,0,0,1
1,0,0,0,1
1,0,0,0,1
1,0,0,0,1
1,0,0,0,1
1,0,0,0,1
1,0,0,0,1
2,0,0,0,2
1,0,0,0,1
1,0,0,0,1
1,0,0,0,1
3,0,0,0,3
1,0,0,0,1
1,0,0,0,1
1,0,0,0,1
1,0,0,0,1
1,0,0,0,1
1,0,0,0,1
1,0,0,0,1
1,0,0,0,1
1,0,0,0,1
2,0,0,0,2
1,0,0,0,1
1,0,0,0,1
1,0,0,0,1
1,0,0,0,1
1,0,0,0,1
2,0,0,0,2
1,0,0,0,1
1,0,0,0,1
1,0,0,0,1
1,0,0,0,1
3,0,0,0,3
1,0,0,0,1
1,0,0,0,1
1,0,0,0,1
2,0,0,0,2
1,0,0,0,1
1,0,0,0,1
1,0,0,0,1
1,1,0,0,2
1,0,0,0,1
1,0,0,0,1
1,0,0,0,1
1,0,0,0,1
1,0,0,0,1
1,0,0,0,1
3,0,0,0,3
1,0,0,0,1
1,0,0,0,1
1,0,0,0,1
1,0,0,0,1
1,0,0,0,1
1,0,0,0,1
1,0,0,0,1
5,4,0,0,9
1,0,0,0,1
1,0,0,0,1
1,0,0,0,1
7,0,0,0,7
1,0,0,0,1
1,0,0,0,1
1,0,0,0,1
1,0,0,0,1
1,0,0,0,1
4,0,0,0,4
1,0,0,0,1
1,0,0,0,1
1,0,0,0,1
1,0,0,0,1
1,0,0,0,1
1,0,0,0,1
1,0,0,0,1
1,0,0,0,1
2,0,0,0,2
1,0,0,0,1
1,0,0,0,1
1,0,0,0,1
1,0,0,0,1
1,0,0,0,1
2,1,0,0,3
1,0,0,0,1
1,0,0,0,1
1,0,0,0,1
1,0,0,0,1
1,0,0,0,1
1,0,0,0,1
1,0,0,0,1
1,0,0,0,1
1,0,0,0,1
1,0,0,0,1
1,0,0,0,1
2,0,0,0,2
1,0,0,0,1
1,0,0,0,1
1,0,0,0,1
2,0,0,0,2
1,0,0,0,1
1,0,0,0,1
1,0,0,0,1
1,0,0,0,1
2,0,0,0,2
1,0,0,0,1
1,0,0,0,1
1,0,0,0,1
1,0,0,0,1
1,0,0,0,1
1,0,0,0,1
6,0,0,0,6
1,0,0,0,1
1,0,0,0,1
1,0,0,0,1
1,0,0,0,1
1,0,0,0,1
2,0,0,0,2
1,0,0,0,1
1,0,0,0,1
1,0,0,0,1
1,0,0,0,1
1,0,0,0,1
1,0,0,0,1
1,0,0,0,1
1,0,0,0,1
1,0,0,0,1
2,0,0,0,2
2,0,0,0,2
1,0,0,0,1
3,0,0,0,3
1,0,0,0,1
1,0,0,0,1
1,0,0,0,1
1,0,0,0,1
1,0,0,0,1
1,0,0,0,1
1,0,0,0,1
2,0,0,0,2
1,0,0,0,1
1,0,0,0,1
1,0,0,0,1
1,0,0,0,1
1,0,0,0,1
1,0,0,0,1
2,0,0,0,2
1,0,0,0,1
1,0,0,0,1
1,0,0,0,1
1,0,0,0,1
1,0,0,0,1
1,0,0,0,1
1,0,0,0,1
1,0,0,0,1
1,0,0,0,1
1,0,0,0,1
2,0,0,0,2
1,0,0,0,1
1,0,0,0,1
1,0,0,0,1
1,0,0,0,1
1,0,0,0,1
1,0,0,0,1
3,0,0,0,3
1,0,0,0,1
2,0,0,0,2
2,0,0,0,2
1,0,0,0,1
3,0,0,0,3
1,0,0,0,1
1,26,0,0,27
2,0,0,0,2
1,0,0,0,1
1,0,0,0,1
1,0,0,0,1
2,0,0,0,2
2,0,0,0,2
1,0,0,0,1
2,0,0,0,2
1,0,0,0,1
1,0,0,0,1
1,0,0,0,1
1,0,0,0,1
1,0,0,0,1
1,0,0,0,1
1,0,0,0,1
1,0,0,0,1
3,0,0,0,3
1,0,0,0,1
1,0,0,0,1
1,0,0,0,1
1,0,0,0,1
9,17,1,0,27
1,0,0,0,1
1,0,0,0,1
1,0,0,0,1
1,0,0,0,1
1,0,0,0,1
1,0,0,0,1
1,0,0,0,1
1,0,0,0,1
1,0,0,0,1
1,0,0,0,1
1,0,0,0,1
2,0,0,0,2
3,0,0,0,3
1,0,0,0,1
1,0,0,0,1
2,0,0,0,2
1,0,0,0,1
1,0,0,0,1
2,0,0,0,2
1,0,0,0,1
2,0,0,0,2
3,0,0,0,3
1,0,0,0,1
1,0,0,0,1
1,0,0,0,1
1,0,0,0,1
1,0,0,0,1
1,0,0,0,1
1,0,0,0,1
1,0,0,0,1
1,0,0,0,1
1,0,0,0,1
1,0,0,0,1
3,0,0,0,3
2,0,0,0,2
2,0,0,0,2
1,0,0,0,1
1,0,0,0,1
3,0,0,0,3
1,0,0,0,1
1,0,0,0,1
5,0,0,0,5
2,0,0,0,2
1,0,0,0,1
1,0,0,0,1
1,0,0,0,1
1,0,0,0,1
1,0,0,0,1
1,0,0,0,1
3,0,0,0,3
1,0,0,0,1
1,0,0,0,1
4,0,0,0,4
1,0,0,0,1
1,0,0,0,1
1,0,0,0,1
1,0,0,0,1
1,0,0,0,1
1,0,0,0,1
2,0,0,0,2
1,0,0,0,1
1,0,0,0,1
1,0,0,0,1
1,0,0,0,1
1,0,0,0,1
1,0,0,0,1
1,0,0,0,1
1,0,0,0,1
3,0,3,0,6
1,0,0,0,1
4,0,0,0,4
3,0,0,0,3
1,0,0,0,1
1,0,0,0,1
1,0,0,0,1
1,0,0,0,1
1,0,0,0,1
2,0,0,0,2
1,0,0,0,1
1,0,0,0,1
1,0,0,0,1
2,0,0,0,2
1,0,0,0,1
1,0,0,0,1
3,0,0,0,3
1,0,0,0,1
1,0,0,0,1
1,0,0,0,1
1,0,0,0,1
1,0,0,0,1
1,0,0,0,1
1,0,0,0,1
3,0,0,0,3
1,0,0,0,1
1,0,0,0,1
3,0,0,0,3
1,0,0,0,1
1,0,0,0,1
1,0,0,0,1
1,0,0,0,1
1,0,0,0,1
2,0,0,0,2
1,0,0,0,1
2,0,0,0,2
3,0,0,0,3
1,0,0,0,1
1,0,0,0,1
1,0,0,0,1
2,0,0,0,2
1,0,0,0,1
1,0,0,0,1
1,0,0,0,1
1,0,0,0,1
5,2,0,0,7
2,4,0,0,6
2,0,0,0,2
2,0,0,0,2
1,0,0,0,1
1,0,0,0,1
1,0,0,0,1
1,0,0,0,1
1,0,0,0,1
1,0,0,0,1
1,0,0,0,1
2,0,0,0,2
1,0,0,0,1
1,0,0,0,1
1,0,0,0,1
1,0,0,0,1
3,0,0,0,3
1,0,0,0,1
1,0,0,0,1
2,0,0,0,2
2,0,0,0,2
1,0,0,0,1
1,0,0,0,1
1,0,0,0,1
1,0,0,0,1
1,0,0,0,1
2,0,0,0,2
1,0,0,0,1
1,0,0,0,1
1,0,0,0,1
1,0,0,0,1
1,0,0,0,1
1,0,0,0,1
8,0,0,0,8
1,0,0,0,1
1,0,0,0,1
5,1,0,0,6
2,0,0,0,2
1,0,0,0,1
1,0,0,0,1
2,3,0,0,5
1,14,0,0,15
2,0,0,0,2
2,0,0,0,2
2,0,0,0,2
1,0,0,0,1
1,0,0,0,1
1,0,0,0,1
1,0,0,0,1
2,0,0,0,2
3,0,0,0,3
2,0,0,0,2
1,0,0,0,1
2,0,0,0,2
1,0,0,0,1
4,0,0,0,4
1,0,0,0,1
2,0,0,0,2
1,0,0,0,1
1,0,0,0,1
1,0,0,0,1
1,0,0,0,1
5,0,0,0,5
1,0,0,0,1
3,0,0,0,3
1,0,0,0,1
1,0,0,0,1
7,0,0,0,7
1,0,0,0,1
1,0,0,0,1
1,0,0,0,1
1,0,0,0,1
1,0,0,0,1
1,0,0,0,1
5,0,0,0,5
1,0,0,0,1
1,0,0,0,1
1,0,0,0,1
1,0,0,0,1
2,0,0,0,2
1,0,0,0,1
1,0,0,0,1
2,2,0,0,4
1,0,0,0,1
1,0,0,0,1
1,0,0,0,1
3,2,0,0,5
4,0,0,0,4
2,0,0,0,2
1,0,0,0,1
1,0,0,0,1
1,0,0,0,1
1,0,0,0,1
4,1,0,0,5
1,0,0,0,1
2,0,0,0,2
2,0,0,0,2
1,0,0,0,1
1,0,0,0,1
1,0,0,0,1
1,0,0,0,1
1,0,0,0,1
4,0,0,0,4
1,0,0,0,1
1,0,0,0,1
3,0,0,0,3
1,0,0,0,1
1,0,0,0,1
1,0,0,0,1
2,0,0,0,2
1,1,0,0,2
1,0,0,0,1
1,0,0,0,1
1,0,0,0,1
4,0,0,0,4
1,0,0,0,1
1,0,0,0,1
1,0,0,0,1
1,0,0,0,1
1,5,0,0,6
1,0,0,0,1
1,0,0,0,1
1,0,0,0,1
2,1,0,0,3
1,0,0,0,1
1,0,0,0,1
1,0,0,0,1
1,0,0,0,1
1,0,0,0,1
1,0,0,0,1
3,0,0,0,3
1,0,0,0,1
1,0,0,0,1
1,0,0,0,1
1,0,0,0,1
1,0,0,0,1
3,2,0,0,5
1,0,0,0,1
1,0,0,0,1
1,0,0,0,1
1,0,0,0,1
1,0,0,0,1
1,0,0,0,1
2,0,0,0,2
1,0,0,0,1
1,0,0,0,1
1,0,0,0,1
4,1,0,0,5
1,0,0,0,1
1,0,0,0,1
1,0,0,0,1
1,0,0,0,1
1,0,0,0,1
1,0,0,0,1
2,0,0,0,2
1,0,0,0,1
1,0,0,0,1
1,0,0,0,1
2,0,0,0,2
1,0,0,0,1
1,0,0,0,1
1,0,0,0,1
1,0,0,0,1
1,0,0,0,1
1,0,0,0,1
1,0,0,0,1
3,0,0,0,3
1,0,0,0,1
1,0,0,0,1
1,0,0,0,1
1,0,0,0,1
1,0,0,0,1
2,0,0,0,2
1,0,0,0,1
1,0,0,0,1
1,0,0,0,1
1,0,0,0,1
1,0,0,0,1
3,0,0,0,3
2,0,0,0,2
1,0,0,0,1
1,0,0,0,1
1,0,0,0,1
1,0,0,0,1
2,0,0,0,2
1,0,0,0,1
1,0,0,0,1
1,0,0,0,1
4,0,0,0,4
4,0,0,0,4
1,0,0,0,1
1,0,0,0,1
1,78,0,0,79
1,0,0,0,1
2,0,0,0,2
1,0,0,0,1
1,0,0,0,1
1,0,0,0,1
1,5,0,0,6
1,0,0,0,1
1,0,0,0,1
1,0,0,0,1
1,0,0,0,1
1,1,0,0,2
1,0,0,0,1
1,0,0,0,1
1,0,0,0,1
1,0,0,0,1
2,0,0,0,2
2,0,0,0,2
1,0,0,0,1
1,0,0,0,1
1,0,0,0,1
1,0,0,0,1
1,0,0,0,1
1,1,0,0,2
1,0,0,0,1
1,0,0,0,1
1,0,0,0,1
1,0,0,0,1
1,0,0,0,1
2,0,0,0,2
1,0,0,0,1
1,0,0,0,1
1,0,0,0,1
1,0,0,0,1
1,0,0,0,1
2,0,0,0,2
2,0,0,0,2
1,1,0,0,2
1,0,0,0,1
1,0,0,0,1
3,0,0,0,3
6,2,0,0,8
3,0,0,0,3
1,0,0,0,1
1,0,0,0,1
1,0,0,0,1
2,0,0,0,2
1,0,0,0,1
1,0,0,0,1
1,0,0,0,1
2,0,0,0,2
1,0,0,0,1
1,0,0,0,1
1,0,0,0,1
3,0,0,0,3
1,0,0,0,1
2,0,0,0,2
2,0,0,0,2
1,0,0,0,1
1,0,0,0,1
2,0,0,0,2
1,0,0,0,1
3,0,0,0,3
1,0,0,0,1
1,0,0,0,1
1,0,0,0,1
1,0,0,0,1
2,0,0,0,2
3,0,0,0,3
1,0,0,0,1
1,0,0,0,1
2,0,0,0,2
1,0,0,0,1
3,0,0,0,3
1,0,0,0,1
1,0,0,0,1
2,0,0,0,2
3,0,0,0,3
1,0,0,0,1
1,0,0,0,1
1,0,0,0,1
1,0,0,0,1
1,0,0,0,1
1,0,0,0,1
1,0,0,0,1
2,0,0,0,2
1,0,0,0,1
2,0,0,0,2
2,0,0,0,2
2,0,0,0,2
4,0,0,0,4
1,0,0,0,1
1,0,0,0,1
1,0,0,0,1
4,0,0,0,4
2,0,0,0,2
1,0,0,0,1
1,0,0,0,1
1,0,0,0,1
1,0,0,0,1
2,0,0,0,2
3,0,0,0,3
1,0,0,0,1
1,0,0,0,1
1,0,0,0,1
1,0,0,0,1
1,0,0,0,1
1,0,0,0,1
1,0,0,0,1
1,0,0,0,1
3,0,0,0,3
2,0,0,0,2
1,0,0,0,1
2,0,0,0,2
2,0,0,0,2
1,0,0,0,1
1,0,0,0,1
1,0,0,0,1
5,0,0,0,5
1,0,0,0,1
1,0,0,0,1
1,0,0,0,1
1,0,0,0,1
1,0,0,0,1
1,0,0,0,1
1,0,0,0,1
1,0,0,0,1
1,0,0,0,1
1,0,0,0,1
1,0,0,0,1
1,0,0,0,1
3,0,0,0,3
4,0,0,0,4
1,0,0,0,1
1,0,0,0,1
1,0,0,0,1
1,0,0,0,1
1,0,0,0,1
1,0,0,0,1
2,0,0,0,2
1,0,0,0,1
1,0,0,0,1
1,0,0,0,1
1,0,0,0,1
1,0,0,0,1
1,0,0,0,1
1,0,0,0,1
2,0,0,0,2
1,0,0,0,1
1,0,0,0,1
1,0,0,0,1
1,0,0,0,1
2,0,0,0,2
1,0,0,0,1
1,0,0,0,1
1,0,0,0,1
2,0,0,0,2
1,0,0,0,1
1,0,0,0,1
1,0,0,0,1
1,0,0,0,1
2,2,0,0,4
2,0,0,0,2
1,0,0,0,1
1,0,0,0,1
1,0,0,0,1
1,0,0,0,1
1,0,0,0,1
1,0,0,0,1
1,0,0,0,1
1,0,0,0,1
1,0,0,0,1
1,0,0,0,1
2,0,0,0,2
1,0,0,0,1
1,0,0,0,1
1,0,0,0,1
3,0,0,0,3
1,0,0,0,1
1,0,0,0,1
1,0,0,0,1
2,0,0,0,2
1,0,0,0,1
1,0,0,0,1
1,0,0,0,1
1,0,0,0,1
2,0,0,0,2
1,0,0,0,1
1,0,0,0,1
2,0,0,0,2
1,0,0,0,1
2,0,0,0,2
1,0,0,0,1
1,0,0,0,1
2,0,0,0,2
1,0,0,0,1
2,0,0,0,2
1,0,0,0,1
1,0,0,0,1
1,0,0,0,1
1,0,0,0,1
1,0,0,0,1
1,0,0,0,1
2,0,0,0,2
1,0,0,0,1
1,0,0,0,1
1,0,0,0,1
5,0,0,0,5
2,0,0,0,2
1,0,0,0,1
3,2,0,0,5
3,0,0,0,3
1,0,0,0,1
1,0,0,0,1
1,0,0,0,1
1,0,0,0,1
1,0,0,0,1
1,3,1,0,5
1,0,0,0,1
1,0,0,0,1
1,0,0,0,1
4,2,0,0,6
1,0,0,0,1
3,1,0,0,4
1,0,0,0,1
1,0,0,0,1
1,0,0,0,1
1,0,0,0,1
2,0,0,0,2
1,0,0,0,1
4,0,0,0,4
1,0,0,0,1
1,0,0,0,1
1,0,0,0,1
1,1,1,0,3
1,0,0,0,1
8,1,0,0,9
1,0,0,0,1
1,0,0,0,1
1,0,0,0,1
2,0,0,0,2
1,0,0,0,1
4,25,0,0,29
1,0,0,0,1
1,0,0,0,1
3,3,0,0,6
1,0,0,0,1
2,0,0,0,2
1,0,0,0,1
1,0,0,0,1
1,0,0,0,1
1,0,0,0,1
1,0,0,0,1
2,0,0,0,2
5,0,0,0,5
1,0,0,0,1
2,0,0,0,2
1,0,0,0,1
1,0,0,0,1
1,0,0,0,1
1,0,0,0,1
1,0,0,0,1
2,0,0,0,2
1,13,1,0,15
1,0,0,0,1
1,0,0,0,1
1,0,0,0,1
1,0,0,0,1
1,0,0,0,1
1,0,0,0,1
1,0,0,0,1
1,0,0,0,1
1,0,0,0,1
1,0,0,0,1
1,0,0,0,1
1,0,0,0,1
1,0,0,0,1
1,0,0,0,1
2,0,0,0,2
2,0,0,0,2
1,0,0,0,1
1,0,0,0,1
1,0,0,0,1
1,0,0,0,1
2,0,0,0,2
1,0,0,0,1
1,0,0,0,1
1,0,0,0,1
1,0,0,0,1
1,0,0,0,1
1,0,0,0,1
2,0,0,0,2
1,0,0,0,1
3,0,0,0,3
1,0,0,0,1
5,0,0,0,5
1,0,0,0,1
1,0,0,0,1
2,0,0,0,2
1,0,0,0,1
1,0,0,0,1
1,0,0,0,1
1,0,0,0,1
1,0,0,0,1
1,0,0,0,1
3,0,0,0,3
1,0,0,0,1
1,0,0,0,1
2,0,0,0,2
2,0,0,0,2
1,0,0,0,1
2,0,0,0,2
1,0,0,0,1
2,0,0,0,2
1,0,0,0,1
5,0,0,0,5
1,0,0,0,1
1,0,0,0,1
1,0,0,0,1
7,1,0,0,8
3,4,0,0,7
2,1,1,0,4
1,0,0,0,1
1,0,0,0,1
1,0,0,0,1
1,0,0,0,1
1,0,0,0,1
2,0,0,0,2
1,0,0,0,1
1,0,0,0,1
1,0,0,0,1
1,0,0,0,1
2,0,0,0,2
1,0,0,0,1
5,0,0,0,5
1,0,0,0,1
1,0,0,0,1
3,0,0,0,3
1,0,0,0,1
4,0,0,0,4
1,0,0,0,1
1,0,0,0,1
1,0,0,0,1
2,0,0,0,2
1,0,0,0,1
1,0,0,0,1
1,0,0,0,1
1,0,0,0,1
1,0,0,0,1
1,0,0,0,1
1,0,0,0,1
1,0,0,0,1
1,0,0,0,1
1,0,0,0,1
2,0,0,0,2
3,0,0,0,3
1,0,0,0,1
1,0,0,0,1
1,0,0,0,1
1,0,0,0,1
1,0,0,0,1
1,0,0,0,1
1,0,0,0,1
1,0,0,0,1
2,0,0,0,2
4,0,0,0,4
5,0,0,0,5
1,0,0,0,1
1,0,0,0,1
1,0,0,0,1
1,0,0,0,1
1,0,0,0,1
1,0,0,0,1
1,0,0,0,1
1,0,0,0,1
1,0,0,0,1
2,0,1,0,3
1,0,0,0,1
1,0,0,0,1
1,0,0,0,1
1,0,0,0,1
1,0,0,0,1
1,0,0,0,1
1,0,0,0,1
1,0,0,0,1
2,0,0,0,2
1,0,0,0,1
1,0,0,0,1
1,0,0,0,1
1,0,0,0,1
1,0,0,0,1
3,1,0,0,4
2,0,0,0,2
1,0,0,0,1
1,2,0,0,3
1,0,0,0,1
1,0,0,0,1
1,0,0,0,1
1,0,0,0,1
1,0,0,0,1
1,0,0,0,1
1,0,0,0,1
1,0,0,0,1
3,0,0,0,3
1,0,0,0,1
1,0,0,0,1
1,0,0,0,1
1,0,0,0,1
1,0,0,0,1
1,0,0,0,1
1,0,0,0,1
1,0,0,0,1
1,0,0,0,1
1,0,0,0,1
1,3,0,0,4
1,0,0,0,1
2,0,0,0,2
1,0,0,0,1
2,0,0,0,2
1,0,0,0,1
1,0,0,0,1
1,0,0,0,1
1,0,0,0,1
1,0,0,0,1
1,0,0,0,1
1,0,0,0,1
1,0,0,0,1
2,0,0,0,2
1,0,0,0,1
1,0,0,0,1
2,1,0,0,3
1,0,0,0,1
1,0,0,0,1
1,0,0,0,1
1,0,0,0,1
1,0,0,0,1
1,0,0,0,1
2,0,0,0,2
1,0,0,0,1
3,0,0,0,3
2,0,0,0,2
2,0,0,0,2
1,0,0,0,1
1,0,0,0,1
2,0,0,0,2
1,6,0,0,7
1,0,0,0,1
1,0,0,0,1
1,0,0,0,1
4,0,0,0,4
2,5,1,0,8
1,0,0,0,1
2,0,0,0,2
1,0,0,0,1
1,0,0,0,1
1,0,0,0,1
2,0,0,0,2
1,0,0,0,1
2,0,0,0,2
1,0,0,0,1
2,0,0,0,2
1,0,0,0,1
1,0,0,0,1
1,0,0,0,1
1,32,0,0,33
1,0,0,0,1
1,0,0,0,1
1,0,0,0,1
1,0,0,0,1
1,0,0,0,1
3,0,0,0,3
1,0,0,0,1
1,0,0,0,1
3,0,0,0,3
1,0,0,0,1
1,0,0,0,1
1,0,0,0,1
1,0,0,0,1
1,0,0,0,1
1,0,0,0,1
1,0,0,0,1
1,0,0,0,1
1,0,0,0,1
1,0,0,0,1
1,0,0,0,1
4,6,0,0,10
1,0,0,0,1
1,0,0,0,1
1,0,0,0,1
3,5,0,0,8
1,0,0,0,1
1,0,0,0,1
1,0,0,0,1
1,0,0,0,1
1,0,0,0,1
1,0,0,0,1
1,1,0,0,2
1,0,0,0,1
1,0,0,0,1
1,0,0,0,1
2,0,0,0,2
1,0,0,0,1
1,3,0,0,4
1,0,0,0,1
1,0,0,0,1
1,0,0,0,1
1,0,0,0,1
1,0,0,0,1
3,0,0,0,3
1,0,0,0,1
1,0,0,0,1
2,0,0,0,2
1,0,0,0,1
1,0,0,0,1
1,0,0,0,1
1,0,0,0,1
2,0,0,0,2
1,0,0,0,1
1,0,0,0,1
1,0,0,0,1
1,0,0,0,1
1,0,0,0,1
1,0,0,0,1
1,0,0,0,1
2,0,0,0,2
1,0,0,0,1
2,23,0,0,25
1,0,0,0,1
1,0,0,0,1
3,8,0,0,11
1,0,0,0,1
1,0,0,0,1
1,0,0,0,1
3,0,0,0,3
1,0,0,0,1
3,0,0,0,3
5,0,0,0,5
1,0,0,0,1
1,0,0,0,1
7,1,0,0,8
2,2,0,0,4
9,0,0,0,9
1,0,0,0,1
1,0,0,0,1
1,0,0,0,1
1,0,0,0,1
1,0,0,0,1
1,0,1,0,2
2,0,0,0,2
2,0,0,0,2
1,0,0,0,1
6,0,0,0,6
1,0,0,0,1
2,0,0,0,2
1,0,0,0,1
1,0,0,0,1
2,0,0,0,2
1,0,0,0,1
1,1,1,0,3
1,0,0,0,1
3,0,0,0,3
6,0,0,0,6
1,3,0,0,4
1,0,0,0,1
2,0,0,0,2
1,0,0,0,1
1,0,0,0,1
2,0,0,0,2
1,0,0,0,1
1,0,0,0,1
2,0,0,0,2
1,1,0,0,2
2,1,1,0,4
1,0,0,0,1
1,0,0,0,1
1,0,0,0,1
1,0,0,0,1
1,0,0,0,1
1,0,0,0,1
2,0,0,0,2
3,0,0,0,3
2,0,0,0,2
2,1,0,0,3
1,0,0,0,1
1,0,0,0,1
1,0,0,0,1
1,0,0,0,1
1,0,0,0,1
2,0,0,0,2
1,0,0,0,1
1,0,0,0,1
1,0,0,0,1
1,0,0,0,1
1,0,0,0,1
2,0,0,0,2
1,0,0,0,1
1,0,0,0,1
2,0,0,0,2
1,0,0,0,1
1,0,0,0,1
1,0,0,0,1
1,0,0,0,1
1,0,0,0,1
1,0,0,0,1
1,0,0,0,1
1,0,0,0,1
1,0,0,0,1
1,0,0,0,1
1,0,0,0,1
1,0,0,0,1
2,0,0,0,2
2,0,0,0,2
2,0,0,0,2
1,0,0,0,1
1,0,0,0,1
4,0,0,0,4
1,0,0,0,1
1,0,0,0,1
1,0,0,0,1
1,0,0,0,1
1,2,0,0,3
1,0,0,0,1
1,0,0,0,1
1,0,0,0,1
2,0,0,0,2
1,0,0,0,1
4,0,0,0,4
1,0,0,0,1
1,1,0,0,2
1,0,0,0,1
1,0,0,0,1
1,0,0,0,1
1,0,0,0,1
1,0,0,0,1
1,0,0,0,1
1,0,0,0,1
1,0,0,0,1
1,0,0,0,1
2,1,0,0,3
1,0,0,0,1
1,3,0,0,4
1,0,0,0,1
1,0,0,0,1
1,0,0,0,1
1,0,0,0,1
1,0,0,0,1
3,0,0,0,3
1,0,0,0,1
1,0,0,0,1
1,1,0,0,2
1,0,0,0,1
1,0,0,0,1
2,0,0,0,2
1,0,0,0,1
1,0,0,0,1
1,0,0,0,1
1,0,0,0,1
4,0,0,0,4
1,0,0,0,1
1,0,0,0,1
1,0,0,0,1
1,0,0,0,1
1,0,0,0,1
1,0,0,0,1
1,0,0,0,1
1,0,0,0,1
2,0,0,0,2
1,0,0,0,1
1,0,0,0,1
3,0,0,0,3
1,0,0,0,1
1,0,0,0,1
1,0,0,0,1
2,0,0,0,2
1,0,0,0,1
1,0,0,0,1
1,0,0,0,1
1,0,0,0,1
1,0,0,0,1
1,0,0,0,1
1,0,0,0,1
1,0,0,0,1
2,0,0,0,2
1,0,0,0,1
3,2,0,0,5
1,0,0,0,1
1,0,0,0,1
1,0,0,0,1
1,0,0,0,1
1,0,0,0,1
3,0,0,0,3
1,0,0,0,1
7,0,0,0,7
1,0,0,0,1
1,0,0,0,1
3,2,0,0,5
1,0,0,0,1
4,0,0,0,4
1,0,0,0,1
1,0,0,0,1
1,0,0,0,1
1,0,0,0,1
6,0,0,0,6
1,0,0,0,1
1,0,0,0,1
1,0,0,0,1
2,0,0,0,2
1,0,0,0,1
1,0,0,0,1
1,0,0,0,1
2,0,0,0,2
1,0,0,0,1
4,0,0,0,4
1,0,0,0,1
1,0,0,0,1
1,0,0,0,1
1,0,0,0,1
5,0,0,0,5
5,0,0,0,5
1,0,0,0,1
1,0,0,0,1
2,0,0,0,2
2,0,0,0,2
7,0,0,0,7
3,0,0,0,3
2,0,0,0,2
1,0,0,0,1
1,0,0,0,1
1,0,0,0,1
1,0,0,0,1
2,2,0,0,4
1,0,0,0,1
4,0,1,0,5
1,0,0,0,1
1,0,0,0,1
1,0,0,0,1
3,1,0,0,4
2,0,0,0,2
3,0,0,0,3
1,0,0,0,1
2,0,0,0,2
1,0,0,0,1
2,0,0,0,2
1,0,0,0,1
2,0,0,0,2
3,0,0,0,3
1,0,0,0,1
1,0,0,0,1
1,0,0,0,1
1,0,0,0,1
1,0,0,0,1
1,0,0,0,1
1,0,0,0,1
2,0,0,0,2
1,0,0,0,1
2,0,0,0,2
1,0,0,0,1
1,0,0,0,1
2,0,0,0,2
2,0,0,0,2
1,0,0,0,1
1,0,0,0,1
1,0,0,0,1
5,0,0,0,5
1,0,0,0,1
1,0,0,0,1
1,0,0,0,1
1,0,0,0,1
2,0,0,0,2
1,0,0,0,1
1,0,0,0,1
2,0,0,0,2
2,0,0,0,2
1,0,0,0,1
1,0,0,0,1
1,0,0,0,1
2,0,0,0,2
1,0,0,0,1
1,0,0,0,1
3,0,0,0,3
1,0,0,0,1
1,0,0,0,1
1,0,0,0,1
1,0,0,0,1
2,0,0,0,2
4,2,0,0,6
1,0,0,0,1
1,0,0,0,1
1,0,0,0,1
1,0,0,0,1
1,0,0,0,1
1,0,0,0,1
1,0,0,0,1
1,0,0,0,1
1,0,0,0,1
1,0,0,0,1
1,0,0,0,1
1,0,0,0,1
1,0,0,0,1
3,0,0,0,3
1,0,0,0,1
1,0,0,0,1
2,0,0,0,2
1,1,0,0,2
1,0,0,0,1
1,0,0,0,1
1,0,0,0,1
1,0,0,0,1
1,1,1,0,3
1,0,0,0,1
1,0,0,0,1
1,0,0,0,1
2,0,0,0,2
1,0,0,0,1
2,0,0,0,2
1,0,0,0,1
1,0,0,0,1
1,2,0,0,3
1,0,0,0,1
1,0,0,0,1
1,0,0,0,1
3,0,0,0,3
1,0,0,0,1
1,0,0,0,1
1,1,1,0,3
1,3,0,0,4
2,0,0,0,2
1,0,0,0,1
1,0,0,0,1
1,0,0,0,1
1,0,0,0,1
1,0,0,0,1
1,0,0,0,1
1,0,0,0,1
1,6,0,0,7
2,0,0,0,2
2,0,0,0,2
1,0,0,0,1
1,0,0,0,1
1,0,0,0,1
1,5,0,0,6
3,0,0,0,3
2,0,0,0,2
1,0,0,0,1
1,0,0,0,1
1,0,0,0,1
1,0,0,0,1
3,0,0,0,3
1,0,0,0,1
3,0,0,0,3
1,0,0,0,1
1,0,0,0,1
1,0,0,0,1
1,0,0,0,1
2,0,0,0,2
1,0,0,0,1
1,0,0,0,1
4,0,0,0,4
4,0,0,0,4
1,0,0,0,1
3,1,0,0,4
1,0,0,0,1
3,0,0,0,3
1,0,0,0,1
1,0,0,0,1
1,0,0,0,1
1,0,0,0,1
1,0,0,0,1
1,0,0,0,1
2,0,0,0,2
1,0,0,0,1
1,0,0,0,1
13,19,1,0,33
1,0,0,0,1
1,0,0,0,1
1,0,0,0,1
1,0,0,0,1
3,0,0,0,3
1,0,0,0,1
3,0,0,0,3
1,0,0,0,1
1,0,0,0,1
6,0,0,0,6
1,0,0,0,1
1,0,0,0,1
1,0,0,0,1
1,0,0,0,1
1,2,0,0,3
1,0,0,0,1
1,0,0,0,1
1,0,0,0,1
1,0,0,0,1
3,0,0,0,3
2,0,0,0,2
1,0,0,0,1
1,0,0,0,1
1,0,0,0,1
1,0,0,0,1
1,0,0,0,1
2,0,0,0,2
1,0,0,0,1
1,0,0,0,1
3,0,0,0,3
1,0,0,0,1
1,0,0,0,1
1,0,0,0,1
1,0,0,0,1
1,0,0,0,1
2,0,0,0,2
1,0,0,0,1
2,0,0,0,2
1,0,0,0,1
1,0,0,0,1
1,0,0,0,1
1,0,0,0,1
1,0,0,0,1
1,0,0,0,1
1,0,0,0,1
1,0,0,0,1
1,0,0,0,1
1,0,0,0,1
1,0,0,0,1
1,0,0,0,1
3,0,0,0,3
1,0,0,0,1
1,0,0,0,1
6,0,0,0,6
1,0,0,0,1
1,0,0,0,1
1,0,0,0,1
3,0,0,0,3
1,0,0,0,1
1,0,0,0,1
2,0,0,0,2
1,0,0,0,1
1,0,0,0,1
1,0,0,0,1
3,0,0,0,3
1,0,0,0,1
1,0,0,0,1
1,0,0,0,1
2,0,0,0,2
2,0,0,0,2
1,0,0,0,1
3,0,0,0,3
2,0,0,0,2
1,0,0,0,1
1,0,0,0,1
2,0,0,0,2
1,0,0,0,1
1,0,0,0,1
1,0,0,0,1
1,0,0,0,1
1,0,0,0,1
1,0,0,0,1
1,0,0,0,1
1,0,0,0,1
1,0,0,0,1
1,0,0,0,1
1,0,0,0,1
1,0,0,0,1
1,0,0,0,1
2,0,0,0,2
3,0,0,0,3
1,0,0,0,1
1,0,0,0,1
1,0,0,0,1
1,0,0,0,1
1,0,0,0,1
1,0,0,0,1
1,0,0,0,1
1,0,0,0,1
1,0,0,0,1
1,0,0,0,1
1,0,0,0,1
2,0,0,0,2
1,0,0,0,1
5,38,1,0,44
1,0,0,0,1
1,0,0,0,1
4,0,0,0,4
1,0,0,0,1
1,0,0,0,1
1,0,0,0,1
1,0,0,0,1
3,0,0,0,3
1,0,0,0,1
1,0,0,0,1
1,0,0,0,1
1,0,0,0,1
1,0,0,0,1
1,0,0,0,1
1,0,0,0,1
1,0,0,0,1
2,0,0,0,2
1,0,0,0,1
7,2,1,0,10
1,0,0,0,1
1,0,0,0,1
1,0,0,0,1
1,0,0,0,1
3,0,0,0,3
1,0,0,0,1
1,0,0,0,1
1,0,0,0,1
2,0,0,0,2
2,0,0,0,2
1,0,0,0,1
7,0,0,0,7
1,0,0,0,1
1,0,0,0,1
1,0,0,0,1
1,0,0,0,1
1,0,0,0,1
1,0,0,0,1
2,0,0,0,2
1,0,0,0,1
2,0,0,0,2
1,0,0,0,1
1,0,0,0,1
1,0,0,0,1
1,0,0,0,1
2,0,0,0,2
1,0,0,0,1
1,0,0,0,1
4,0,0,0,4
5,0,0,0,5
1,0,0,0,1
1,0,0,0,1
3,0,0,0,3
1,0,0,0,1
1,0,0,0,1
1,0,0,0,1
3,0,0,0,3
1,0,0,0,1
1,0,0,0,1
4,0,0,0,4
1,0,0,0,1
1,0,0,0,1
1,0,0,0,1
1,0,0,0,1
1,19,0,0,20
1,0,0,0,1
1,0,0,0,1
1,0,0,0,1
1,0,0,0,1
1,0,0,0,1
1,0,0,0,1
1,0,0,0,1
2,0,0,0,2
1,0,0,0,1
1,0,0,0,1
1,0,0,0,1
1,0,0,0,1
1,0,0,0,1
1,0,0,0,1
1,0,0,0,1
1,0,0,0,1
4,0,0,0,4
1,0,0,0,1
1,5,0,0,6
1,0,0,0,1
2,0,0,0,2
2,0,0,0,2
1,0,0,0,1
1,0,0,0,1
1,0,0,0,1
1,0,0,0,1
2,0,0,0,2
1,0,0,0,1
1,0,0,0,1
1,0,0,0,1
1,0,0,0,1
1,0,0,0,1
1,0,0,0,1
1,0,0,0,1
4,0,0,0,4
1,0,0,0,1
2,0,0,0,2
2,0,0,0,2
1,0,0,0,1
3,0,0,0,3
2,0,0,0,2
1,0,0,0,1
1,0,0,0,1
1,0,0,0,1
1,0,0,0,1
1,0,0,0,1
2,0,0,0,2
1,0,0,0,1
1,0,0,0,1
1,0,0,0,1
1,0,0,0,1
1,0,0,0,1
1,0,0,0,1
2,0,0,0,2
1,0,0,0,1
1,0,0,0,1
2,0,0,0,2
1,0,0,0,1
1,0,0,0,1
1,0,0,0,1
1,0,0,0,1
1,0,0,0,1
1,0,0,0,1
1,0,0,0,1
1,0,0,0,1
2,0,0,0,2
3,0,0,0,3
1,0,0,0,1
1,0,0,0,1
2,0,0,0,2
1,0,0,0,1
1,0,0,0,1
1,0,0,0,1
1,0,0,0,1
1,1,0,0,2
2,0,0,0,2
1,0,0,0,1
2,0,0,0,2
2,0,0,0,2
1,0,0,0,1
5,0,1,0,6
3,0,0,0,3
1,0,0,0,1
1,0,0,0,1
2,0,0,0,2
7,0,0,0,7
4,0,0,0,4
1,0,0,0,1
2,0,0,0,2
1,0,0,0,1
1,0,0,0,1
3,0,0,0,3
3,0,0,0,3
1,0,0,0,1
1,0,0,0,1
1,5,0,0,6
3,0,0,0,3
2,0,0,0,2
1,0,0,0,1
4,0,0,0,4
1,0,0,0,1
2,0,0,0,2
3,0,0,0,3
1,0,0,0,1
1,0,0,0,1
1,0,0,0,1
1,0,0,0,1
1,0,0,0,1
3,2,1,0,6
1,0,0,0,1
5,4,0,0,9
1,0,0,0,1
1,0,0,0,1
1,0,0,0,1
4,0,0,0,4
2,0,0,0,2
3,0,0,0,3
1,0,0,0,1
1,0,0,0,1
1,0,0,0,1
1,0,0,0,1
1,0,0,0,1
2,0,0,0,2
1,0,0,0,1
1,0,0,0,1
1,0,0,0,1
3,0,0,0,3
1,0,0,0,1
1,0,0,0,1
2,0,0,0,2
3,0,0,0,3
1,0,0,0,1
1,0,0,0,1
1,0,0,0,1
1,0,0,0,1
1,0,0,0,1
1,0,0,0,1
1,0,0,0,1
1,0,0,0,1
3,1,0,0,4
1,0,0,0,1
6,0,0,0,6
2,0,0,0,2
1,0,0,0,1
1,0,0,0,1
1,0,0,0,1
1,0,0,0,1
1,0,0,0,1
1,0,0,0,1
3,0,0,0,3
1,0,0,0,1
2,0,0,0,2
1,0,0,0,1
1,0,0,0,1
2,0,0,0,2
1,0,0,0,1
1,0,0,0,1
1,0,0,0,1
1,0,0,0,1
1,0,0,0,1
1,0,0,0,1
1,0,0,0,1
1,0,0,0,1
1,0,0,0,1
1,0,0,0,1
1,0,0,0,1
1,0,0,0,1
1,0,0,0,1
2,0,0,0,2
1,0,0,0,1
1,0,0,0,1
1,0,0,0,1
1,0,0,0,1
2,0,0,0,2
1,0,0,0,1
1,0,0,0,1
1,0,0,0,1
2,0,0,0,2
1,0,0,0,1
2,0,0,0,2
1,0,0,0,1
1,0,0,0,1
1,0,0,0,1
1,0,0,0,1
1,0,0,0,1
1,0,0,0,1
1,0,0,0,1
1,0,0,0,1
1,0,0,0,1
1,0,0,0,1
1,0,0,0,1
1,0,0,0,1
1,0,0,0,1
1,0,0,0,1
1,0,0,0,1
1,0,0,0,1
1,1,0,0,2
1,3,0,0,4
1,0,0,0,1
1,0,0,0,1
1,0,0,0,1
1,0,0,0,1
3,0,0,0,3
1,0,0,0,1
2,0,0,0,2
1,0,0,0,1
2,0,0,0,2
1,0,0,0,1
5,37,0,0,42
1,0,0,0,1
2,0,0,0,2
1,0,0,0,1
1,0,0,0,1
5,0,0,0,5
1,0,0,0,1
2,0,0,0,2
1,0,0,0,1
1,0,0,0,1
1,0,0,0,1
1,0,0,0,1
1,0,0,0,1
1,0,0,0,1
1,0,0,0,1
1,0,0,0,1
2,0,0,0,2
1,0,0,0,1
3,0,0,0,3
2,0,0,0,2
1,0,0,0,1
1,0,0,0,1
1,0,0,0,1
6,0,0,0,6
1,0,0,0,1
1,0,0,0,1
1,0,0,0,1
1,0,0,0,1
1,0,0,0,1
1,0,0,0,1
1,0,0,0,1
1,0,0,0,1
1,0,0,0,1
1,0,0,0,1
1,0,0,0,1
1,0,0,0,1
1,0,0,0,1
1,0,0,0,1
1,0,0,0,1
2,0,0,0,2
1,0,0,0,1
1,0,0,0,1
2,0,0,0,2
1,0,0,0,1
1,0,0,0,1
1,0,0,0,1
1,0,0,0,1
1,0,0,0,1
1,0,0,0,1
1,0,0,0,1
1,0,0,0,1
1,0,0,0,1
3,0,0,0,3
1,0,0,0,1
1,0,0,0,1
1,0,0,0,1
1,2,0,0,3
1,0,0,0,1
1,0,0,0,1
1,0,0,0,1
1,0,0,0,1
1,0,0,0,1
1,0,0,0,1
4,0,0,0,4
1,0,0,0,1
1,0,0,0,1
5,0,0,0,5
1,0,0,0,1
1,0,0,0,1
1,4,0,0,5
4,0,0,0,4
2,0,0,0,2
2,0,0,0,2
1,0,0,0,1
1,0,0,0,1
1,0,1,0,2
1,0,0,0,1
1,0,0,0,1
3,0,0,0,3
2,0,0,0,2
1,0,0,0,1
1,0,0,0,1
1,0,0,0,1
1,0,0,0,1
1,0,0,0,1
1,0,0,0,1
3,0,0,0,3
1,0,0,0,1
1,0,0,0,1
1,0,0,0,1
1,0,0,0,1
6,0,0,0,6
2,0,0,0,2
1,2,0,0,3
1,0,0,0,1
2,0,0,0,2
2,0,0,0,2
8,0,0,0,8
1,0,0,0,1
1,0,0,0,1
1,0,0,0,1
1,0,0,0,1
2,0,0,0,2
1,0,0,0,1
2,0,0,0,2
1,0,0,0,1
1,0,0,0,1
2,0,0,0,2
1,0,0,0,1
1,0,0,0,1
1,0,0,0,1
1,0,0,0,1
3,0,0,0,3
1,0,0,0,1
2,0,0,0,2
1,0,0,0,1
1,0,0,0,1
2,0,0,0,2
1,0,0,0,1
1,0,0,0,1
2,0,0,0,2
2,0,0,0,2
1,0,0,0,1
2,0,0,0,2
1,0,0,0,1
1,0,0,0,1
1,0,0,0,1
1,0,0,0,1
4,0,0,0,4
1,0,0,0,1
1,0,0,0,1
1,0,0,0,1
1,0,0,0,1
5,0,0,0,5
1,0,0,0,1
1,0,0,0,1
2,0,0,0,2
2,0,0,0,2
1,0,0,0,1
1,0,0,0,1
1,0,0,0,1
1,0,0,0,1
3,0,0,0,3
1,0,0,0,1
2,0,0,0,2
4,0,0,0,4
1,0,0,0,1
2,0,0,0,2
1,0,0,0,1
1,0,0,0,1
1,0,0,0,1
1,0,0,0,1
1,0,0,0,1
1,0,0,0,1
2,0,0,0,2
1,0,0,0,1
2,0,0,0,2
1,0,0,0,1
2,0,0,0,2
1,0,0,0,1
1,0,0,0,1
1,0,0,0,1
3,0,0,0,3
1,0,0,0,1
1,0,0,0,1
2,0,0,0,2
1,0,0,0,1
1,0,0,0,1
2,0,0,0,2
1,0,0,0,1
5,0,0,0,5
1,0,0,0,1
1,0,0,0,1
1,0,0,0,1
1,0,0,0,1
1,0,0,0,1
1,0,0,0,1
2,1,0,0,3
1,0,0,0,1
2,0,0,0,2
1,0,0,0,1
1,0,0,0,1
1,0,0,0,1
2,0,0,0,2
2,0,0,0,2
1,0,0,0,1
1,0,0,0,1
1,0,0,0,1
1,0,0,0,1
1,0,0,0,1
1,0,0,0,1
2,0,0,0,2
1,0,0,0,1
1,0,0,0,1
1,0,0,0,1
1,0,0,0,1
1,0,0,0,1
1,0,0,0,1
1,0,0,0,1
1,0,0,0,1
1,0,0,0,1
1,0,0,0,1
1,0,0,0,1
1,0,0,0,1
5,0,0,0,5
2,0,0,0,2
1,0,0,0,1
1,0,0,0,1
1,0,0,0,1
1,0,0,0,1
1,0,0,0,1
1,0,0,0,1
1,0,0,0,1
1,0,0,0,1
1,0,0,0,1
1,0,0,0,1
1,0,0,0,1
1,0,0,0,1
1,0,0,0,1
1,0,0,0,1
1,1,3,0,5
1,0,0,0,1
1,0,0,0,1
3,0,0,0,3
1,0,0,0,1
1,0,0,0,1
2,0,0,0,2
1,0,0,0,1
1,0,0,0,1
1,0,0,0,1
2,0,0,0,2
1,0,0,0,1
1,0,0,0,1
1,0,0,0,1
1,0,0,0,1
1,0,0,0,1
1,0,0,0,1
2,0,0,0,2
1,0,0,0,1
1,0,0,0,1
1,0,0,0,1
1,0,0,0,1
2,0,0,0,2
1,0,0,0,1
1,0,0,0,1
1,0,0,0,1
1,0,0,0,1
1,0,0,0,1
1,0,0,0,1
2,0,0,0,2
1,0,0,0,1
1,0,0,0,1
1,0,0,0,1
2,0,0,0,2
1,0,0,0,1
1,0,0,0,1
1,0,0,0,1
2,0,0,0,2
1,0,0,0,1
1,0,0,0,1
1,0,0,0,1
1,0,0,0,1
1,0,0,0,1
2,0,0,0,2
1,2,0,0,3
1,0,0,0,1
1,0,0,0,1
1,0,0,0,1
1,0,0,0,1
1,0,0,0,1
1,0,0,0,1
1,0,0,0,1
2,0,0,0,2
1,0,0,0,1
1,0,0,0,1
1,0,0,0,1
2,0,0,0,2
1,0,0,0,1
2,0,0,0,2
1,0,0,0,1
7,0,0,0,7
4,0,0,0,4
1,0,0,0,1
1,0,0,0,1
1,0,0,0,1
2,0,0,0,2
1,0,0,0,1
1,0,0,0,1
1,0,0,0,1
1,0,0,0,1
1,0,0,0,1
2,0,0,0,2
1,0,0,0,1
1,0,0,0,1
1,0,0,0,1
1,0,0,0,1
1,0,0,0,1
1,0,0,0,1
1,0,0,0,1
1,0,0,0,1
1,0,0,0,1
1,0,0,0,1
1,0,0,0,1
1,0,0,0,1
1,0,0,0,1
2,0,0,0,2
1,0,0,0,1
1,0,0,0,1
1,0,0,0,1
1,0,0,0,1
1,0,0,0,1
1,0,0,0,1
2,0,0,0,2
1,0,0,0,1
1,0,0,0,1
1,0,0,0,1
1,0,0,0,1
1,0,0,0,1
1,0,0,0,1
1,0,0,0,1
4,0,0,0,4
5,0,0,0,5
2,0,0,0,2
1,0,0,0,1
1,0,0,0,1
2,0,0,0,2
1,0,0,0,1
3,0,0,0,3
1,0,0,0,1
1,4,0,0,5
1,0,0,0,1
1,0,0,0,1
1,0,0,0,1
1,0,0,0,1
1,0,0,0,1
1,0,0,0,1
1,0,0,0,1
1,0,0,0,1
1,0,0,0,1
2,0,0,0,2
1,0,0,0,1
2,0,0,0,2
1,0,0,0,1
1,0,0,0,1
1,0,0,0,1
1,0,0,0,1
2,0,0,0,2
1,0,0,0,1
1,0,0,0,1
1,0,0,0,1
2,0,0,0,2
1,8,1,0,10
1,0,0,0,1
1,0,0,0,1
2,0,0,0,2
1,0,0,0,1
1,0,0,0,1
1,0,0,0,1
1,0,0,0,1
12,0,0,0,12
1,0,2,0,3
1,0,0,0,1
1,0,0,0,1
1,0,0,0,1
2,0,0,0,2
1,0,0,0,1
1,0,0,0,1
1,0,0,0,1
3,0,0,0,3
3,0,0,0,3
3,0,0,0,3
4,0,0,0,4
2,0,0,0,2
1,0,0,0,1
4,0,0,0,4
1,0,0,0,1
1,0,0,0,1
1,0,0,0,1
1,0,0,0,1
1,0,0,0,1
1,0,0,0,1
2,0,0,0,2
3,0,0,0,3
1,0,0,0,1
1,0,0,0,1
2,0,0,0,2
3,0,0,0,3
1,0,0,0,1
2,0,0,0,2
1,10,1,0,12
3,0,0,0,3
1,0,0,0,1
1,0,0,0,1
1,0,0,0,1
1,0,0,0,1
1,0,0,0,1
3,0,0,0,3
1,0,0,0,1
1,0,0,0,1
1,0,0,0,1
3,0,0,0,3
1,0,0,0,1
1,0,0,0,1
1,0,0,0,1
1,0,0,0,1
2,0,0,0,2
1,0,0,0,1
1,0,0,0,1
1,0,0,0,1
1,0,0,0,1
1,0,0,0,1
1,0,0,0,1
1,0,0,0,1
1,0,0,0,1
1,0,0,0,1
1,0,0,0,1
2,0,0,0,2
1,0,0,0,1
1,0,0,0,1
1,0,0,0,1
1,0,0,0,1
1,0,0,0,1
1,0,0,0,1
1,0,0,0,1
1,0,0,0,1
1,0,0,0,1
3,1,0,0,4
1,10,0,0,11
2,0,0,0,2
1,0,0,0,1
1,0,0,0,1
1,0,0,0,1
1,0,0,0,1
1,0,0,0,1
1,0,0,0,1
1,0,0,0,1
1,0,0,0,1
1,0,0,0,1
4,0,0,0,4
1,0,0,0,1
2,0,0,0,2
1,0,0,0,1
2,0,0,0,2
1,0,0,0,1
1,0,0,0,1
1,0,0,0,1
1,0,0,0,1
1,0,0,0,1
1,0,0,0,1
1,0,0,0,1
1,0,0,0,1
1,0,0,0,1
2,0,0,0,2
1,0,0,0,1
1,0,0,0,1
1,0,0,0,1
1,0,0,0,1
1,0,0,0,1
1,0,0,0,1
1,0,0,0,1
1,0,0,0,1
3,0,0,0,3
1,0,0,0,1
1,0,0,0,1
1,0,0,0,1
1,0,0,0,1
1,0,0,0,1
1,0,0,0,1
1,0,0,0,1
2,0,0,0,2
1,0,0,0,1
1,0,0,0,1
2,0,0,0,2
2,0,0,0,2
1,0,0,0,1
1,0,0,0,1
1,0,0,0,1
1,0,0,0,1
1,0,0,0,1
1,0,0,0,1
2,0,0,0,2
2,0,0,0,2
1,0,0,0,1
1,0,0,0,1
1,4,0,0,5
1,0,0,0,1
2,0,0,0,2
1,0,0,0,1
1,0,0,0,1
2,0,0,0,2
2,0,0,0,2
2,0,0,0,2
1,0,0,0,1
2,0,0,0,2
1,0,0,0,1
1,0,0,0,1
1,0,0,0,1
1,0,0,0,1
1,0,0,0,1
1,1,0,0,2
6,0,0,0,6
1,0,0,0,1
2,0,0,0,2
1,0,0,0,1
1,0,0,0,1
2,0,0,0,2
1,0,0,0,1
1,0,0,0,1
1,0,0,0,1
1,0,0,0,1
1,0,0,0,1
1,0,0,0,1
2,0,0,0,2
1,0,0,0,1
2,0,0,0,2
1,0,0,0,1
1,0,0,0,1
2,0,0,0,2
2,0,0,0,2
1,0,0,0,1
1,0,0,0,1
1,0,0,0,1
1,0,0,0,1
4,0,0,0,4
1,0,0,0,1
1,0,0,0,1
1,0,0,0,1
1,0,0,0,1
2,0,0,0,2
2,0,0,0,2
1,0,0,0,1
1,0,0,0,1
1,0,0,0,1
2,0,0,0,2
1,0,0,0,1
2,0,0,0,2
1,0,0,0,1
1,0,0,0,1
1,0,0,0,1
1,0,0,0,1
1,0,0,0,1
3,0,0,0,3
1,0,0,0,1
3,0,0,0,3
1,0,0,0,1
1,0,0,0,1
1,0,0,0,1
1,0,0,0,1
2,0,0,0,2
1,0,0,0,1
1,0,0,0,1
1,0,0,0,1
1,0,0,0,1
1,0,0,0,1
1,0,0,0,1
1,0,0,0,1
2,0,0,0,2
1,0,0,0,1
2,0,0,0,2
1,0,0,0,1
1,0,0,0,1
2,0,0,0,2
1,0,0,0,1
2,0,0,0,2
1,0,0,0,1
1,0,0,0,1
1,0,0,0,1
1,0,0,0,1
1,2,1,0,4
2,0,0,0,2
1,0,0,0,1
2,0,0,0,2
1,0,0,0,1
1,0,0,0,1
1,0,0,0,1
3,0,0,0,3
1,0,0,0,1
1,0,0,0,1
2,0,0,0,2
2,0,0,0,2
2,0,0,0,2
1,0,0,0,1
1,0,0,0,1
1,0,0,0,1
2,0,0,0,2
2,0,0,0,2
2,0,0,0,2
1,0,0,0,1
1,0,0,0,1
3,0,0,0,3
1,0,0,0,1
1,0,0,0,1
1,0,0,0,1
1,0,0,0,1
1,0,0,0,1
1,0,0,0,1
1,0,0,0,1
2,0,0,0,2
1,0,0,0,1
3,0,0,0,3
4,0,0,0,4
1,2,0,0,3
1,0,0,0,1
1,0,0,0,1
2,0,0,0,2
1,0,0,0,1
1,1,0,0,2
1,0,0,0,1
1,0,0,0,1
2,0,0,0,2
3,0,0,0,3
1,0,0,0,1
1,0,0,0,1
1,0,0,0,1
1,0,0,0,1
1,0,0,0,1
1,0,0,0,1
1,0,0,0,1
1,0,0,0,1
1,0,0,0,1
6,7,1,0,14
1,0,0,0,1
1,0,0,0,1
3,0,0,0,3
2,0,0,0,2
1,0,0,0,1
1,0,0,0,1
1,0,0,0,1
1,0,0,0,1
2,0,0,0,2
2,0,0,0,2
1,0,0,0,1
2,0,0,0,2
1,0,0,0,1
1,0,0,0,1
1,0,0,0,1
1,0,0,0,1
1,0,0,0,1
1,0,0,0,1
1,8,0,0,9
2,0,0,0,2
4,1,0,0,5
1,0,0,0,1
1,0,0,0,1
3,0,0,0,3
1,0,0,0,1
1,0,0,0,1
1,0,0,0,1
1,1,0,0,2
2,0,0,0,2
1,0,0,0,1
1,0,0,0,1
1,0,0,0,1
2,0,0,0,2
1,0,0,0,1
1,0,0,0,1
1,0,0,0,1
3,0,0,0,3
1,0,0,0,1
1,0,0,0,1
2,0,0,0,2
1,0,0,0,1
1,0,0,0,1
1,0,0,0,1
1,0,0,0,1
2,0,0,0,2
2,0,0,0,2
1,0,0,0,1
1,0,0,0,1
2,26,0,0,28
1,0,0,0,1
1,0,0,0,1
1,0,0,0,1
1,0,0,0,1
2,1,0,0,3
1,0,0,0,1
1,0,0,0,1
1,0,0,0,1
1,0,0,0,1
1,0,0,0,1
1,0,0,0,1
1,0,0,0,1
1,0,0,0,1
1,0,0,0,1
4,0,0,0,4
1,0,0,0,1
1,0,0,0,1
1,0,0,0,1
1,0,0,0,1
5,0,0,0,5
1,0,0,0,1
1,0,0,0,1
2,0,0,0,2
1,0,0,0,1
1,0,0,0,1
1,0,0,0,1
1,0,0,0,1
1,0,0,0,1
1,0,0,0,1
3,0,0,0,3
1,0,0,0,1
1,0,0,0,1
1,0,0,0,1
1,0,0,0,1
1,0,0,0,1
3,0,0,0,3
2,0,0,0,2
2,3,3,0,8
1,0,0,0,1
2,0,0,0,2
1,0,0,0,1
1,6,0,0,7
1,0,0,0,1
1,0,0,0,1
1,0,0,0,1
1,0,0,0,1
1,0,0,0,1
1,0,0,0,1
1,0,0,0,1
2,0,0,0,2
1,0,0,0,1
3,0,0,0,3
1,0,0,0,1
1,0,0,0,1
1,0,0,0,1
1,0,0,0,1
2,0,0,0,2
1,0,0,0,1
1,2,0,0,3
3,0,0,0,3
1,0,0,0,1
1,0,0,0,1
1,0,0,0,1
1,0,0,0,1
1,0,0,0,1
1,5,2,0,8
1,0,0,0,1
1,0,0,0,1
1,0,0,0,1
1,0,0,0,1
1,0,0,0,1
2,0,0,0,2
1,0,0,0,1
1,0,0,0,1
1,0,0,0,1
1,0,0,0,1
1,0,0,0,1
3,0,0,0,3
1,0,0,0,1
2,0,0,0,2
2,0,0,0,2
1,0,0,0,1
1,0,0,0,1
1,0,0,0,1
1,0,0,0,1
2,0,0,0,2
1,0,0,0,1
2,0,0,0,2
1,0,0,0,1
1,0,0,0,1
1,0,0,0,1
2,0,0,0,2
1,0,0,0,1
2,0,0,0,2
1,0,0,0,1
1,0,0,0,1
1,0,0,0,1
2,0,0,0,2
5,0,0,0,5
1,0,0,0,1
1,0,0,0,1
2,0,0,0,2
1,0,0,0,1
1,0,0,0,1
2,0,0,0,2
3,0,0,0,3
1,0,0,0,1
3,0,0,0,3
1,6,0,0,7
1,0,0,0,1
2,0,0,0,2
2,0,0,0,2
2,0,0,0,2
4,0,0,0,4
1,0,0,0,1
2,0,0,0,2
1,0,0,0,1
1,0,0,0,1
1,0,0,0,1
1,0,0,0,1
2,1,0,0,3
1,0,0,0,1
1,0,0,0,1
4,0,0,0,4
1,0,0,0,1
4,0,0,0,4
1,0,0,0,1
4,0,0,0,4
2,0,0,0,2
1,0,0,0,1
1,0,0,0,1
2,0,0,0,2
5,0,0,0,5
2,0,0,0,2
2,0,0,0,2
1,0,0,0,1
1,0,0,0,1
3,0,0,0,3
1,0,0,0,1
1,0,0,0,1
1,0,0,0,1
1,0,0,0,1
1,0,0,0,1
1,0,0,0,1
5,1,0,0,6
1,0,0,0,1
2,0,0,0,2
1,0,0,0,1
4,0,0,0,4
2,0,0,0,2
1,0,0,0,1
1,0,0,0,1
1,0,0,0,1
1,0,0,0,1
1,0,0,0,1
1,0,0,0,1
1,0,0,0,1
1,0,0,0,1
1,0,0,0,1
2,0,0,0,2
1,0,0,0,1
1,0,0,0,1
1,0,0,0,1
1,0,0,0,1
1,0,0,0,1
2,0,0,0,2
1,0,0,0,1
1,0,0,0,1
1,0,0,0,1
2,0,0,0,2
1,0,0,0,1
1,0,0,0,1
1,0,0,0,1
1,0,0,0,1
1,0,0,0,1
1,0,0,0,1
3,0,0,0,3
1,0,0,0,1
2,0,0,0,2
1,0,0,0,1
1,0,0,0,1
3,0,0,0,3
2,0,0,0,2
1,0,0,0,1
1,0,0,0,1
1,0,0,0,1
1,0,0,0,1
1,0,0,0,1
1,0,0,0,1
1,0,0,0,1
2,0,0,0,2
4,0,0,0,4
1,0,0,0,1
3,14,0,0,17
1,0,0,0,1
1,0,0,0,1
1,0,0,0,1
1,0,0,0,1
2,0,0,0,2
3,2,0,0,5
2,0,0,0,2
1,2,0,0,3
3,0,0,0,3
1,0,0,0,1
1,0,0,0,1
1,0,0,0,1
1,0,0,0,1
1,0,0,0,1
1,0,0,0,1
1,0,0,0,1
1,0,0,0,1
1,0,0,0,1
1,0,0,0,1
1,0,0,0,1
1,0,0,0,1
1,0,0,0,1
2,0,0,0,2
1,0,0,0,1
1,0,0,0,1
3,0,0,0,3
2,0,0,0,2
1,0,0,0,1
3,0,0,0,3
2,0,0,0,2
1,0,0,0,1
1,0,0,0,1
4,0,0,0,4
1,0,0,0,1
1,0,0,0,1
1,0,0,0,1
1,0,0,0,1
1,0,0,0,1
1,0,0,0,1
1,0,0,0,1
1,0,0,0,1
1,0,0,0,1
1,0,0,0,1
1,0,0,0,1
4,0,0,0,4
1,0,0,0,1
1,0,0,0,1
1,0,0,0,1
1,0,0,0,1
3,0,0,0,3
1,0,0,0,1
1,0,0,0,1
1,0,0,0,1
1,0,0,0,1
1,0,0,0,1
1,0,0,0,1
1,0,0,0,1
1,0,0,0,1
1,0,0,0,1
1,0,0,0,1
1,0,0,0,1
1,0,0,0,1
1,0,0,0,1
3,0,0,0,3
1,0,0,0,1
1,0,0,0,1
2,0,0,0,2
2,0,0,0,2
1,0,0,0,1
3,15,0,0,18
1,0,0,0,1
1,0,0,0,1
2,0,0,0,2
2,0,0,0,2
1,1,0,0,2
2,0,0,0,2
1,0,0,0,1
1,0,0,0,1
1,0,0,0,1
1,0,0,0,1
1,0,0,0,1
1,0,0,0,1
1,0,0,0,1
1,0,0,0,1
1,0,0,0,1
2,0,0,0,2
1,0,0,0,1
1,0,0,0,1
1,0,0,0,1
1,0,0,0,1
1,0,0,0,1
1,0,0,0,1
1,0,0,0,1
5,0,0,0,5
1,0,0,0,1
5,0,0,0,5
4,0,0,0,4
1,0,0,0,1
1,0,0,0,1
1,0,0,0,1
2,0,0,0,2
2,0,0,0,2
1,0,0,0,1
2,0,0,0,2
1,0,0,0,1
4,6,0,0,10
1,0,0,0,1
1,0,0,0,1
1,0,0,0,1
1,0,0,0,1
1,0,0,0,1
1,0,0,0,1
1,0,0,0,1
1,0,0,0,1
1,0,0,0,1
1,0,0,0,1
1,0,0,0,1
1,0,0,0,1
1,0,0,0,1
1,0,0,0,1
1,0,0,0,1
1,0,0,0,1
1,0,0,0,1
2,0,0,0,2
1,0,0,0,1
2,0,0,0,2
1,0,0,0,1
1,1,0,0,2
1,0,0,0,1
1,26,0,0,27
2,0,0,0,2
1,0,0,0,1
1,0,0,0,1
1,0,0,0,1
2,1,0,0,3
1,0,0,0,1
2,0,0,0,2
2,0,0,0,2
1,0,0,0,1
1,0,0,0,1
1,0,0,0,1
1,0,0,0,1
2,6,0,0,8
1,0,0,0,1
1,0,0,0,1
1,0,0,0,1
1,0,0,0,1
1,0,0,0,1
1,0,0,0,1
1,0,0,0,1
1,0,0,0,1
1,0,0,0,1
1,0,0,0,1
1,0,0,0,1
1,0,0,0,1
1,0,0,0,1
7,0,0,0,7
1,0,0,0,1
1,0,0,0,1
1,0,0,0,1
1,0,0,0,1
1,0,0,0,1
1,0,0,0,1
2,0,0,0,2
1,0,0,0,1
1,0,0,0,1
1,0,0,0,1
1,0,0,0,1
2,0,0,0,2
2,0,0,0,2
2,0,0,0,2
2,0,0,0,2
1,0,0,0,1
1,0,0,0,1
1,0,0,0,1
1,0,0,0,1
1,0,0,0,1
3,0,0,0,3
1,0,0,0,1
1,0,0,0,1
1,0,0,0,1
1,0,0,0,1
2,0,0,0,2
1,0,0,0,1
3,0,0,0,3
1,0,0,0,1
2,0,0,0,2
1,0,0,0,1
1,0,0,0,1
1,0,0,0,1
2,0,0,0,2
1,0,0,0,1
1,0,0,0,1
3,0,0,0,3
1,0,0,0,1
1,0,0,0,1
2,0,0,0,2
1,0,1,0,2
1,0,0,0,1
2,0,0,0,2
1,0,0,0,1
1,0,0,0,1
1,0,0,0,1
5,0,0,0,5
2,0,0,0,2
1,0,0,0,1
2,0,0,0,2
1,0,0,0,1
1,0,0,0,1
1,0,0,0,1
1,0,0,0,1
1,0,0,0,1
1,0,0,0,1
1,0,0,0,1
1,6,0,0,7
1,0,0,0,1
3,0,0,0,3
5,0,0,0,5
2,0,0,0,2
1,0,0,0,1
2,0,0,0,2
1,0,0,0,1
1,0,0,0,1
1,0,0,0,1
1,0,0,0,1
3,0,0,0,3
1,0,0,0,1
1,0,0,0,1
1,0,0,0,1
2,0,0,0,2
1,0,0,0,1
1,0,0,0,1
1,0,0,0,1
1,0,0,0,1
1,0,0,0,1
1,0,0,0,1
1,0,0,0,1
1,0,0,0,1
1,0,0,0,1
3,0,0,0,3
1,0,0,0,1
3,0,0,0,3
2,0,0,0,2
1,0,0,0,1
1,0,0,0,1
1,0,0,0,1
1,0,0,0,1
1,0,0,0,1
2,0,0,0,2
1,0,0,0,1
1,0,0,0,1
1,0,0,0,1
2,23,0,0,25
1,0,0,0,1
1,0,0,0,1
15,0,0,0,15
1,0,0,0,1
1,0,0,0,1
1,0,0,0,1
2,0,0,0,2
1,0,0,0,1
1,0,0,0,1
1,0,0,0,1
1,0,0,0,1
1,0,0,0,1
3,0,0,0,3
1,0,0,0,1
1,0,0,0,1
5,0,0,0,5
1,0,0,0,1
2,0,0,0,2
1,0,0,0,1
1,0,0,0,1
1,0,0,0,1
1,0,0,0,1
1,0,0,0,1
2,0,0,0,2
1,0,0,0,1
1,0,0,0,1
1,0,0,0,1
4,4,0,0,8
1,0,0,0,1
1,0,0,0,1
1,0,0,0,1
2,0,0,0,2
1,0,0,0,1
1,0,0,0,1
3,0,0,0,3
4,0,0,0,4
1,0,0,0,1
1,0,1,0,2
2,0,0,0,2
1,0,0,0,1
1,0,0,0,1
1,0,0,0,1
1,0,0,0,1
3,0,0,0,3
2,0,0,0,2
1,0,0,0,1
1,0,0,0,1
5,0,0,0,5
1,0,0,0,1
1,0,0,0,1
1,0,0,0,1
2,0,0,0,2
1,0,0,0,1
1,0,0,0,1
2,0,0,0,2
1,0,0,0,1
1,0,0,0,1
1,0,0,0,1
2,0,0,0,2
1,0,0,0,1
2,0,0,0,2
1,0,0,0,1
1,0,0,0,1
1,1,0,0,2
1,0,0,0,1
4,0,0,0,4
2,0,0,0,2
1,0,0,0,1
1,0,0,0,1
2,8,0,0,10
1,0,0,0,1
1,0,0,0,1
1,0,0,0,1
3,0,0,0,3
1,0,0,0,1
1,0,0,0,1
1,0,0,0,1
2,0,0,0,2
1,0,0,0,1
1,0,0,0,1
1,0,0,0,1
1,0,0,0,1
1,0,0,0,1
1,0,0,0,1
2,0,0,0,2
1,0,0,0,1
1,0,0,0,1
1,0,0,0,1
2,0,0,0,2
1,0,0,0,1
4,0,0,0,4
1,0,0,0,1
1,0,0,0,1
1,0,0,0,1
1,0,0,0,1
1,0,0,0,1
1,0,0,0,1
1,0,0,0,1
1,0,0,0,1
1,0,0,0,1
1,0,0,0,1
1,0,0,0,1
1,0,0,0,1
1,0,0,0,1
1,0,0,0,1
1,0,0,0,1
1,0,0,0,1
1,0,0,0,1
1,10,0,0,11
3,0,0,0,3
3,0,0,0,3
1,0,0,0,1
1,0,0,0,1
1,0,0,0,1
1,0,0,0,1
1,0,0,0,1
1,0,0,0,1
1,0,0,0,1
2,0,0,0,2
1,0,0,0,1
1,0,0,0,1
1,0,0,0,1
1,0,0,0,1
1,0,0,0,1
1,0,0,0,1
1,0,0,0,1
1,0,0,0,1
1,0,0,0,1
1,0,0,0,1
1,0,0,0,1
4,0,0,0,4
1,0,0,0,1
1,0,0,0,1
1,0,0,0,1
4,0,0,0,4
1,2,0,0,3
2,0,0,0,2
1,0,0,0,1
1,0,0,0,1
2,14,0,0,16
2,0,0,0,2
4,0,0,0,4
1,0,0,0,1
1,0,0,0,1
1,0,0,0,1
1,0,0,0,1
3,0,0,0,3
1,0,0,0,1
4,0,0,0,4
1,0,0,0,1
1,0,0,0,1
1,0,0,0,1
1,0,0,0,1
1,0,0,0,1
1,0,0,0,1
1,0,0,0,1
1,0,0,0,1
2,0,0,0,2
1,0,0,0,1
3,0,0,0,3
2,0,0,0,2
2,0,0,0,2
1,0,0,0,1
1,0,0,0,1
2,0,0,0,2
2,0,0,0,2
1,0,0,0,1
1,0,0,0,1
1,0,0,0,1
1,0,0,0,1
1,0,0,0,1
3,0,0,0,3
1,0,0,0,1
1,0,0,0,1
1,0,0,0,1
2,0,0,0,2
1,0,0,0,1
3,1,0,0,4
4,0,0,0,4
4,0,0,0,4
1,0,0,0,1
1,0,0,0,1
3,0,0,0,3
2,0,0,0,2
1,0,0,0,1
1,0,0,0,1
1,0,0,0,1
1,0,0,0,1
1,0,0,0,1
1,0,0,0,1
1,0,0,0,1
1,0,0,0,1
1,0,0,0,1
4,0,0,0,4
1,0,0,0,1
1,0,0,0,1
3,0,0,0,3
1,0,0,0,1
1,0,0,0,1
5,0,0,0,5
1,0,0,0,1
1,0,0,0,1
1,0,0,0,1
6,0,0,0,6
1,0,0,0,1
1,0,0,0,1
2,0,0,0,2
1,0,0,0,1
1,0,0,0,1
1,0,0,0,1
5,2,1,0,8
1,0,0,0,1
1,0,0,0,1
4,0,0,0,4
1,0,0,0,1
1,0,0,0,1
1,0,0,0,1
1,0,0,0,1
3,0,0,0,3
3,0,0,0,3
2,0,0,0,2
1,0,0,0,1
1,0,0,0,1
1,0,0,0,1
2,0,0,0,2
2,0,0,0,2
1,0,0,0,1
1,0,0,0,1
1,0,0,0,1
1,0,0,0,1
1,0,0,0,1
1,0,0,0,1
1,0,0,0,1
1,0,0,0,1
1,0,0,0,1
2,0,0,0,2
1,0,0,0,1
1,0,0,0,1
1,0,0,0,1
1,0,0,0,1
2,0,0,0,2
2,6,0,0,8
1,0,0,0,1
3,0,0,0,3
1,0,0,0,1
1,0,0,0,1
1,0,0,0,1
1,0,0,0,1
2,0,0,0,2
1,0,0,0,1
1,0,0,0,1
1,5,0,0,6
1,0,0,0,1
1,0,0,0,1
1,0,0,0,1
1,0,0,0,1
1,0,0,0,1
1,0,0,0,1
1,0,0,0,1
1,0,0,0,1
1,0,0,0,1
1,0,0,0,1
3,0,0,0,3
1,0,0,0,1
1,0,0,0,1
1,0,0,0,1
1,0,0,0,1
1,0,0,0,1
2,0,0,0,2
2,0,0,0,2
1,0,0,0,1
1,0,0,0,1
1,0,0,0,1
1,0,0,0,1
3,0,0,0,3
2,0,0,0,2
1,0,0,0,1
1,0,0,0,1
1,0,0,0,1
6,0,0,0,6
1,0,0,0,1
1,0,0,0,1
1,0,0,0,1
1,0,0,0,1
1,0,0,0,1
1,0,0,0,1
1,0,0,0,1
1,0,0,0,1
2,0,0,0,2
1,0,0,0,1
2,0,0,0,2
1,0,0,0,1
1,0,0,0,1
1,0,0,0,1
1,0,0,0,1
2,0,0,0,2
1,0,0,0,1
1,0,0,0,1
1,0,0,0,1
1,0,0,0,1
1,0,0,0,1
2,0,0,0,2
1,0,0,0,1
4,0,0,0,4
1,0,0,0,1
1,0,0,0,1
1,0,0,0,1
1,0,0,0,1
1,0,0,0,1
1,0,0,0,1
1,0,0,0,1
1,0,0,0,1
1,0,0,0,1
1,0,0,0,1
1,0,0,0,1
1,0,0,0,1
1,0,0,0,1
1,0,0,0,1
2,0,0,0,2
2,0,0,0,2
1,0,0,0,1
1,0,0,0,1
1,0,0,0,1
1,0,0,0,1
1,0,0,0,1
1,0,0,0,1
3,0,0,0,3
1,0,0,0,1
1,0,0,0,1
1,0,0,0,1
2,0,0,0,2
4,9,1,0,14
3,3,0,0,6
2,0,0,0,2
1,0,0,0,1
1,0,0,0,1
1,0,0,0,1
1,0,0,0,1
1,0,0,0,1
2,0,0,0,2
4,0,0,0,4
1,0,0,0,1
1,0,0,0,1
1,0,0,0,1
1,0,0,0,1
3,0,0,0,3
1,0,0,0,1
2,0,0,0,2
1,0,0,0,1
1,0,0,0,1
1,0,0,0,1
1,0,0,0,1
1,0,0,0,1
2,0,0,0,2
3,0,0,0,3
1,0,0,0,1
4,0,0,0,4
1,0,0,0,1
2,0,0,0,2
1,0,0,0,1
1,0,0,0,1
1,0,0,0,1
1,0,0,0,1
1,0,0,0,1
1,0,0,0,1
1,0,1,0,2
1,0,0,0,1
1,0,0,0,1
1,0,0,0,1
1,0,0,0,1
1,0,0,0,1
1,0,0,0,1
3,0,0,0,3
1,0,0,0,1
1,0,0,0,1
1,0,0,0,1
1,0,0,0,1
1,0,0,0,1
2,0,0,0,2
1,0,1,0,2
2,0,0,0,2
1,0,0,0,1
1,0,0,0,1
1,0,0,0,1
1,0,0,0,1
1,0,0,0,1
1,0,0,0,1
2,0,0,0,2
1,0,0,0,1
1,0,0,0,1
2,0,0,0,2
2,4,3,0,9
1,0,0,0,1
1,0,0,0,1
1,0,0,0,1
7,1,0,0,8
1,2,0,0,3
1,0,0,0,1
1,0,0,0,1
2,0,0,0,2
1,0,0,0,1
1,0,0,0,1
1,0,0,0,1
1,0,0,0,1
2,0,0,0,2
1,0,0,0,1
7,0,0,0,7
1,0,0,0,1
1,0,0,0,1
1,3,1,0,5
1,0,0,0,1
1,0,0,0,1
1,0,0,0,1
1,0,0,0,1
1,0,0,0,1
1,0,0,0,1
1,0,0,0,1
1,0,0,0,1
1,0,0,0,1
1,0,0,0,1
1,0,0,0,1
1,0,0,0,1
1,0,0,0,1
1,0,0,0,1
1,0,0,0,1
1,0,0,0,1
3,0,0,0,3
1,0,0,0,1
1,0,0,0,1
1,0,0,0,1
2,0,0,0,2
1,0,0,0,1
1,0,0,0,1
3,0,0,0,3
1,0,0,0,1
2,0,0,0,2
1,0,0,0,1
2,0,0,0,2
1,0,0,0,1
1,0,0,0,1
1,0,0,0,1
1,0,0,0,1
1,0,0,0,1
1,0,0,0,1
1,0,0,0,1
1,0,0,0,1
1,0,0,0,1
1,0,0,0,1
2,0,0,0,2
2,0,0,0,2
1,0,0,0,1
1,0,0,0,1
1,0,0,0,1
1,0,0,0,1
1,0,0,0,1
1,0,0,0,1
2,26,0,0,28
2,0,0,0,2
1,0,0,0,1
1,0,0,0,1
1,0,0,0,1
1,0,0,0,1
2,0,0,0,2
1,0,0,0,1
1,0,0,0,1
1,0,0,0,1
2,0,0,0,2
2,0,0,0,2
1,0,0,0,1
2,0,0,0,2
1,0,0,0,1
1,0,0,0,1
1,0,0,0,1
1,0,0,0,1
3,0,0,0,3
1,0,0,0,1
1,0,0,0,1
1,0,0,0,1
1,2,0,0,3
1,0,0,0,1
1,0,0,0,1
2,0,0,0,2
2,0,0,0,2
1,0,0,0,1
1,0,0,0,1
1,0,0,0,1
2,0,0,0,2
1,0,0,0,1
1,0,0,0,1
1,0,0,0,1
1,0,0,0,1
1,0,0,0,1
1,0,0,0,1
1,0,0,0,1
1,8,0,0,9
1,0,0,0,1
1,0,0,0,1
1,0,0,0,1
1,0,0,0,1
1,0,0,0,1
1,0,0,0,1
1,0,0,0,1
2,0,0,0,2
2,0,0,0,2
2,0,0,0,2
1,0,0,0,1
1,0,0,0,1
1,0,0,0,1
1,0,0,0,1
1,10,0,0,11
1,0,0,0,1
1,0,0,0,1
1,0,0,0,1
1,0,0,0,1
4,1,0,0,5
3,0,0,0,3
2,0,0,0,2
1,0,0,0,1
4,38,0,0,42
3,3,0,0,6
1,73,7,0,81
2,0,0,0,2
1,0,0,0,1
1,0,0,0,1
2,0,0,0,2
1,0,0,0,1
1,0,0,0,1
1,0,0,0,1
1,0,0,0,1
1,0,0,0,1
1,0,0,0,1
1,0,0,0,1
1,0,0,0,1
1,0,0,0,1
1,0,0,0,1
1,0,0,0,1
2,0,0,0,2
2,0,0,0,2
1,0,0,0,1
1,0,0,0,1
4,0,0,0,4
2,2,0,0,4
1,0,0,0,1
1,0,0,0,1
1,0,0,0,1
1,0,0,0,1
2,0,0,0,2
1,0,0,0,1
1,0,0,0,1
1,0,0,0,1
1,0,0,0,1
1,0,0,0,1
2,0,0,0,2
1,0,0,0,1
1,0,0,0,1
2,0,0,0,2
1,0,0,0,1
1,0,0,0,1
1,0,0,0,1
2,0,0,0,2
1,0,0,0,1
1,0,0,0,1
1,0,0,0,1
1,0,0,0,1
1,0,0,0,1
1,0,0,0,1
1,0,0,0,1
1,0,0,0,1
1,0,0,0,1
1,0,0,0,1
1,0,0,0,1
1,0,0,0,1
1,0,0,0,1
1,0,0,0,1
1,0,0,0,1
1,0,0,0,1
1,0,0,0,1
1,0,0,0,1
1,0,0,0,1
1,0,0,0,1
1,0,0,0,1
1,0,0,0,1
1,0,0,0,1
3,0,0,0,3
1,0,0,0,1
4,0,0,0,4
1,0,0,0,1
1,0,0,0,1
1,0,0,0,1
1,0,0,0,1
2,0,0,0,2
3,0,2,0,5
1,0,0,0,1
5,0,0,0,5
3,0,0,0,3
1,0,0,0,1
1,0,0,0,1
1,0,0,0,1
1,2,0,0,3
1,0,0,0,1
1,0,0,0,1
1,0,0,0,1
1,0,0,0,1
1,0,0,0,1
3,0,0,0,3
1,0,0,0,1
1,0,0,0,1
1,0,0,0,1
1,0,0,0,1
1,0,0,0,1
3,0,0,0,3
4,0,0,0,4
2,0,0,0,2
1,0,0,0,1
1,0,0,0,1
1,0,0,0,1
1,0,0,0,1
1,0,0,0,1
1,0,0,0,1
1,0,0,0,1
2,0,0,0,2
1,7,0,0,8
1,0,0,0,1
2,2,0,0,4
1,1,0,0,2
1,0,0,0,1
2,0,0,0,2
1,0,0,0,1
1,0,0,0,1
1,0,0,0,1
1,0,0,0,1
2,0,0,0,2
1,0,0,0,1
1,0,0,0,1
1,0,0,0,1
1,0,0,0,1
1,0,0,0,1
1,0,0,0,1
2,0,0,0,2
1,0,0,0,1
2,102,0,0,104
1,0,0,0,1
1,0,0,0,1
1,0,0,0,1
1,0,0,0,1
1,0,0,0,1
1,0,0,0,1
1,0,0,0,1
4,0,0,0,4
1,0,0,0,1
3,0,0,0,3
1,0,0,0,1
1,0,0,0,1
4,0,0,0,4
1,0,0,0,1
1,4,0,0,5
2,0,0,0,2
1,0,0,0,1
2,0,0,0,2
1,5,0,0,6
1,0,0,0,1
2,0,0,0,2
1,0,0,0,1
4,0,0,0,4
1,0,0,0,1
3,0,0,0,3
1,0,0,0,1
1,0,0,0,1
1,0,0,0,1
1,0,0,0,1
1,0,0,0,1
1,0,0,0,1
2,0,0,0,2
2,2,0,0,4
1,0,0,0,1
4,0,0,0,4
3,0,0,0,3
1,0,0,0,1
1,0,0,0,1
3,2,0,0,5
1,0,0,0,1
1,0,0,0,1
1,0,0,0,1
1,0,0,0,1
3,0,0,0,3
1,0,0,0,1
1,0,0,0,1
1,0,0,0,1
1,0,0,0,1
1,0,0,0,1
1,0,0,0,1
1,0,0,0,1
1,0,0,0,1
1,0,0,0,1
1,0,0,0,1
3,0,0,0,3
1,0,0,0,1
1,0,0,0,1
3,5,0,0,8
4,0,0,0,4
2,0,0,0,2
2,0,0,0,2
1,0,0,0,1
1,0,0,0,1
1,0,0,0,1
3,0,0,0,3
2,0,0,0,2
1,0,0,0,1
1,0,0,0,1
1,0,0,0,1
1,0,0,0,1
1,0,0,0,1
1,0,0,0,1
1,0,0,0,1
1,0,0,0,1
3,0,0,0,3
2,0,0,0,2
1,0,0,0,1
1,0,0,0,1
1,0,0,0,1
1,19,0,0,20
1,0,0,0,1
2,0,0,0,2
1,0,0,0,1
1,0,0,0,1
2,0,0,0,2
1,0,0,0,1
1,0,0,0,1
1,0,0,0,1
2,0,0,0,2
2,0,0,0,2
3,0,0,0,3
1,0,0,0,1
1,0,0,0,1
1,0,0,0,1
1,0,0,0,1
3,0,0,0,3
1,0,0,0,1
2,0,0,0,2
4,0,0,0,4
1,0,0,0,1
1,0,0,0,1
1,0,0,0,1
1,0,0,0,1
5,2,0,0,7
1,0,0,0,1
1,0,0,0,1
1,0,0,0,1
1,0,0,0,1
2,0,0,0,2
1,0,0,0,1
1,2,0,0,3
1,0,0,0,1
1,0,0,0,1
1,0,0,0,1
1,0,0,0,1
1,0,0,0,1
1,0,0,0,1
1,0,0,0,1
1,0,0,0,1
1,0,0,0,1
1,0,0,0,1
1,0,0,0,1
6,1,0,0,7
2,0,0,0,2
1,0,0,0,1
1,0,0,0,1
1,0,0,0,1
1,0,0,0,1
1,0,0,0,1
5,0,0,0,5
1,0,0,0,1
1,0,0,0,1
1,0,0,0,1
2,0,0,0,2
2,6,0,0,8
1,0,0,0,1
1,0,0,0,1
1,0,0,0,1
1,0,0,0,1
1,0,0,0,1
1,0,0,0,1
1,0,0,0,1
1,0,0,0,1
1,0,0,0,1
1,0,0,0,1
1,0,0,0,1
2,0,0,0,2
2,0,0,0,2
1,0,0,0,1
1,0,0,0,1
1,0,0,0,1
1,0,0,0,1
2,0,0,0,2
1,0,0,0,1
2,0,0,0,2
1,0,0,0,1
1,0,0,0,1
6,0,0,0,6
1,0,0,0,1
1,0,0,0,1
1,0,0,0,1
1,0,0,0,1
4,0,0,0,4
2,0,0,0,2
3,0,0,0,3
1,0,0,0,1
2,0,0,0,2
1,0,0,0,1
1,0,0,0,1
2,0,0,0,2
1,0,0,0,1
1,0,0,0,1
1,0,0,0,1
1,0,0,0,1
1,0,0,0,1
1,0,0,0,1
1,0,0,0,1
2,0,0,0,2
3,15,0,0,18
1,0,0,0,1
1,0,0,0,1
1,0,0,0,1
1,0,0,0,1
4,0,0,0,4
1,0,0,0,1
1,0,0,0,1
1,0,0,0,1
1,0,0,0,1
1,0,0,0,1
1,0,0,0,1
1,0,0,0,1
2,0,0,0,2
1,0,0,0,1
1,0,0,0,1
1,0,0,0,1
1,0,0,0,1
1,5,0,0,6
1,0,0,0,1
1,0,0,0,1
1,0,0,0,1
1,0,0,0,1
1,0,0,0,1
1,0,0,0,1
1,0,0,0,1
2,0,0,0,2
1,0,0,0,1
2,0,0,0,2
1,0,0,0,1
1,0,0,0,1
2,0,0,0,2
3,0,0,0,3
1,0,0,0,1
1,0,0,0,1
23,1,0,0,24
1,0,0,0,1
1,0,0,0,1
1,4,0,0,5
2,0,0,0,2
1,0,0,0,1
1,0,0,0,1
1,0,0,0,1
1,0,0,0,1
1,0,0,0,1
1,0,0,0,1
1,0,0,0,1
2,0,0,0,2
1,0,0,0,1
1,0,0,0,1
1,0,0,0,1
1,0,0,0,1
1,0,0,0,1
7,0,0,0,7
1,0,0,0,1
1,0,0,0,1
1,0,0,0,1
1,0,0,0,1
1,0,0,0,1
1,0,0,0,1
1,0,0,0,1
3,0,0,0,3
1,0,0,0,1
1,0,0,0,1
1,0,0,0,1
1,0,0,0,1
1,0,0,0,1
1,0,0,0,1
2,0,0,0,2
1,0,0,0,1
1,0,0,0,1
1,0,0,0,1
3,0,0,0,3
1,0,0,0,1
1,0,0,0,1
1,0,0,0,1
1,0,0,0,1
1,0,0,0,1
1,0,0,0,1
1,0,0,0,1
1,0,0,0,1
1,0,0,0,1
2,0,0,0,2
1,0,0,0,1
3,0,0,0,3
2,0,0,0,2
2,0,0,0,2
1,0,0,0,1
1,0,0,0,1
1,0,0,0,1
1,0,0,0,1
1,0,0,0,1
1,0,0,0,1
1,0,0,0,1
3,2,0,0,5
2,4,0,0,6
2,0,0,0,2
1,0,0,0,1
1,0,0,0,1
3,1,0,0,4
2,0,0,0,2
1,0,0,0,1
1,0,0,0,1
1,0,0,0,1
1,0,0,0,1
1,0,0,0,1
1,28,0,0,29
1,0,0,0,1
1,0,0,0,1
1,0,0,0,1
1,0,0,0,1
1,0,0,0,1
1,0,0,0,1
1,0,0,0,1
1,3,0,0,4
1,0,0,0,1
1,0,0,0,1
1,0,0,0,1
6,0,0,0,6
1,0,0,0,1
1,0,0,0,1
1,0,0,0,1
6,0,0,0,6
1,0,0,0,1
2,0,0,0,2
1,0,0,0,1
2,0,0,0,2
1,0,0,0,1
1,0,0,0,1
1,0,0,0,1
2,0,0,0,2
1,0,0,0,1
3,0,0,0,3
1,0,0,0,1
1,0,0,0,1
3,0,0,0,3
1,0,0,0,1
1,0,0,0,1
1,0,0,0,1
1,2,0,0,3
1,0,0,0,1
1,0,0,0,1
3,0,0,0,3
1,0,0,0,1
1,0,0,0,1
1,0,0,0,1
2,0,0,0,2
2,0,0,0,2
3,0,0,0,3
7,0,0,0,7
1,0,0,0,1
1,0,0,0,1
1,2,0,0,3
3,1,1,0,5
1,0,0,0,1
1,0,0,0,1
1,0,0,0,1
4,0,0,0,4
2,0,0,0,2
2,0,0,0,2
1,0,0,0,1
2,0,0,0,2
1,0,0,0,1
1,0,0,0,1
1,0,0,0,1
1,0,0,0,1
3,0,0,0,3
1,0,0,0,1
4,0,0,0,4
1,0,0,0,1
3,0,0,0,3
1,0,0,0,1
1,0,0,0,1
1,0,0,0,1
1,1,0,0,2
1,0,0,0,1
1,0,0,0,1
1,0,0,0,1
1,0,0,0,1
2,0,0,0,2
2,0,0,0,2
1,0,0,0,1
1,0,0,0,1
1,0,0,0,1
4,33,0,0,37
2,0,0,0,2
1,0,0,0,1
1,0,0,0,1
1,0,0,0,1
1,0,0,0,1
3,0,0,0,3
1,0,0,0,1
1,0,0,0,1
1,0,0,0,1
5,0,0,0,5
1,0,0,0,1
1,0,0,0,1
1,0,0,0,1
1,0,0,0,1
1,0,0,0,1
1,0,0,0,1
1,0,0,0,1
2,0,1,0,3
1,0,0,0,1
1,0,0,0,1
1,0,0,0,1
1,0,0,0,1
1,0,0,0,1
1,0,0,0,1
1,0,0,0,1
3,0,0,0,3
1,0,0,0,1
1,0,0,0,1
1,0,0,0,1
1,0,0,0,1
1,0,0,0,1
1,0,0,0,1
1,0,0,0,1
1,0,0,0,1
1,0,0,0,1
2,0,0,0,2
1,0,0,0,1
1,0,0,0,1
3,0,0,0,3
1,0,0,0,1
1,0,0,0,1
1,0,0,0,1
1,0,0,0,1
1,0,0,0,1
1,0,0,0,1
3,0,0,0,3
2,0,0,0,2
1,0,0,0,1
1,0,0,0,1
1,0,0,0,1
2,0,0,0,2
1,0,0,0,1
1,0,0,0,1
2,0,0,0,2
1,0,0,0,1
1,0,0,0,1
1,0,0,0,1
2,0,0,0,2
3,0,0,0,3
2,0,0,0,2
2,0,0,0,2
1,0,0,0,1
1,0,0,0,1
1,0,0,0,1
1,0,0,0,1
1,0,0,0,1
1,0,0,0,1
1,0,0,0,1
2,0,0,0,2
1,0,0,0,1
1,0,0,0,1
1,0,0,0,1
1,0,0,0,1
6,0,0,0,6
1,0,0,0,1
1,0,0,0,1
1,0,0,0,1
1,0,0,0,1
1,0,0,0,1
1,0,0,0,1
1,0,0,0,1
1,0,0,0,1
1,0,0,0,1
1,0,0,0,1
1,2,0,0,3
3,0,0,0,3
1,0,0,0,1
1,0,0,0,1
1,0,0,0,1
1,0,0,0,1
2,0,0,0,2
1,0,0,0,1
2,0,0,0,2
1,0,0,0,1
1,0,0,0,1
1,0,0,0,1
1,0,0,0,1
1,0,0,0,1
1,0,0,0,1
3,0,0,0,3
1,1,0,0,2
1,0,0,0,1
1,0,0,0,1
1,0,0,0,1
1,0,0,0,1
1,0,0,0,1
1,0,0,0,1
1,0,0,0,1
1,0,1,0,2
1,0,0,0,1
1,0,0,0,1
1,0,0,0,1
1,0,0,0,1
1,0,0,0,1
1,0,0,0,1
1,0,0,0,1
1,0,0,0,1
2,0,0,0,2
1,0,0,0,1
1,0,0,0,1
1,0,0,0,1
1,0,0,0,1
1,0,0,0,1
6,0,0,0,6
1,0,0,0,1
1,0,0,0,1
1,0,0,0,1
1,0,0,0,1
1,0,0,0,1
1,0,0,0,1
1,0,0,0,1
1,0,0,0,1
1,0,0,0,1
3,0,0,0,3
1,0,0,0,1
1,0,0,0,1
1,0,0,0,1
2,2,0,0,4
1,0,0,0,1
1,0,0,0,1
1,0,0,0,1
1,0,0,0,1
1,0,0,0,1
1,0,0,0,1
1,0,0,0,1
1,0,0,0,1
1,0,0,0,1
1,0,0,0,1
1,0,0,0,1
1,0,0,0,1
1,0,0,0,1
1,0,0,0,1
1,0,0,0,1
3,0,0,0,3
1,0,0,0,1
1,0,0,0,1
1,0,0,0,1
1,0,0,0,1
1,0,0,0,1
2,0,0,0,2
4,2,1,0,7
1,9,0,0,10
1,0,0,0,1
2,0,0,0,2
1,0,0,0,1
1,0,0,0,1
1,0,0,0,1
1,0,0,0,1
1,0,0,0,1
1,1,1,0,3
1,0,0,0,1
1,0,0,0,1
3,0,0,0,3
1,0,0,0,1
1,0,0,0,1
1,0,0,0,1
2,0,0,0,2
2,0,0,0,2
1,0,0,0,1
1,0,0,0,1
1,0,0,0,1
1,0,0,0,1
3,0,0,0,3
3,0,0,0,3
1,0,0,0,1
1,0,0,0,1
1,0,0,0,1
1,0,0,0,1
1,0,0,0,1
1,0,0,0,1
2,11,0,0,13
1,0,0,0,1
4,0,0,0,4
1,0,0,0,1
1,0,0,0,1
1,0,0,0,1
1,0,0,0,1
1,0,0,0,1
1,0,0,0,1
2,0,0,0,2
1,0,0,0,1
1,0,0,0,1
1,0,0,0,1
2,0,0,0,2
1,0,0,0,1
1,0,0,0,1
1,0,0,0,1
1,0,0,0,1
1,0,0,0,1
10,0,0,0,10
1,0,0,0,1
3,0,0,0,3
1,0,0,0,1
1,0,0,0,1
3,0,0,0,3
2,0,0,0,2
1,0,0,0,1
1,0,0,0,1
1,0,0,0,1
4,0,0,0,4
1,0,0,0,1
1,6,0,0,7
1,0,0,0,1
1,0,0,0,1
1,0,0,0,1
1,0,0,0,1
2,0,0,0,2
1,0,0,0,1
1,0,0,0,1
1,0,0,0,1
1,0,0,0,1
1,0,0,0,1
1,0,0,0,1
1,0,0,0,1
1,0,0,0,1
1,0,0,0,1
1,0,0,0,1
1,0,0,0,1
1,0,0,0,1
2,0,0,0,2
1,0,0,0,1
1,0,0,0,1
1,0,0,0,1
1,0,0,0,1
1,0,0,0,1
1,0,0,0,1
1,0,0,0,1
1,0,0,0,1
1,0,0,0,1
2,0,0,0,2
1,0,0,0,1
1,0,1,0,2
3,0,1,0,4
1,0,0,0,1
3,0,0,0,3
1,0,0,0,1
1,0,0,0,1
1,0,0,0,1
1,0,0,0,1
1,0,0,0,1
1,0,0,0,1
1,0,0,0,1
3,0,0,0,3
1,0,0,0,1
1,0,0,0,1
1,0,0,0,1
1,0,0,0,1
1,0,0,0,1
1,0,0,0,1
3,0,0,0,3
1,1,0,0,2
1,0,0,0,1
1,0,0,0,1
1,0,0,0,1
2,0,0,0,2
1,0,0,0,1
1,0,0,0,1
1,0,0,0,1
2,0,0,0,2
1,0,0,0,1
1,0,0,0,1
1,0,0,0,1
1,0,0,0,1
1,0,0,0,1
1,0,0,0,1
1,0,0,0,1
1,0,0,0,1
2,0,0,0,2
1,0,0,0,1
1,0,0,0,1
1,0,0,0,1
1,1,0,0,2
1,0,0,0,1
1,0,0,0,1
1,0,0,0,1
1,0,0,0,1
3,0,0,0,3
2,0,0,0,2
1,0,0,0,1
1,0,0,0,1
1,0,0,0,1
5,0,0,0,5
1,0,0,0,1
1,0,0,0,1
3,0,0,0,3
1,0,0,0,1
2,0,0,0,2
1,0,0,0,1
1,0,0,0,1
1,0,0,0,1
1,0,0,0,1
6,0,0,0,6
1,33,1,0,35
1,0,0,0,1
1,0,0,0,1
1,0,0,0,1
2,0,0,0,2
1,0,0,0,1
2,0,0,0,2
1,0,0,0,1
1,0,0,0,1
1,0,0,0,1
1,0,0,0,1
1,0,0,0,1
1,0,0,0,1
4,21,2,0,27
1,0,0,0,1
1,0,0,0,1
1,0,1,0,2
1,0,0,0,1
12,0,0,0,12
1,0,0,0,1
1,0,0,0,1
1,0,0,0,1
1,0,0,0,1
1,0,0,0,1
7,0,0,0,7
2,3,0,0,5
1,0,0,0,1
1,0,0,0,1
1,0,0,0,1
1,0,0,0,1
5,5,1,0,11
1,0,0,0,1
1,5,0,0,6
3,0,0,0,3
1,0,0,0,1
1,0,0,0,1
1,0,0,0,1
1,0,0,0,1
2,0,0,0,2
2,0,0,0,2
1,0,0,0,1
2,0,0,0,2
1,0,0,0,1
1,0,0,0,1
3,0,0,0,3
1,0,0,0,1
3,0,0,0,3
1,0,0,0,1
2,0,0,0,2
1,0,0,0,1
1,2,0,0,3
1,0,0,0,1
1,0,0,0,1
1,0,0,0,1
1,0,0,0,1
2,0,0,0,2
1,0,0,0,1
2,0,0,0,2
1,0,0,0,1
1,0,0,0,1
2,0,0,0,2
1,0,0,0,1
1,5,0,0,6
1,0,0,0,1
1,6,0,0,7
3,0,0,0,3
1,0,0,0,1
8,0,0,0,8
2,0,0,0,2
1,0,0,0,1
1,0,0,0,1
1,0,0,0,1
1,0,0,0,1
2,2,0,0,4
1,0,0,0,1
1,0,0,0,1
1,0,0,0,1
1,0,0,0,1
1,0,0,0,1
1,0,0,0,1
2,0,0,0,2
1,2,0,0,3
1,0,0,0,1
1,0,0,0,1
1,0,0,0,1
1,0,0,0,1
1,0,0,0,1
1,4,0,0,5
1,0,0,0,1
1,0,0,0,1
2,0,0,0,2
3,0,0,0,3
1,0,0,0,1
1,0,0,0,1
1,0,0,0,1
1,0,0,0,1
1,0,0,0,1
1,0,0,0,1
1,0,0,0,1
1,0,0,0,1
1,0,0,0,1
2,0,0,0,2
1,0,0,0,1
1,0,0,0,1
1,0,0,0,1
1,0,0,0,1
1,0,0,0,1
1,0,0,0,1
3,15,0,0,18
1,0,0,0,1
2,0,0,0,2
1,0,0,0,1
1,0,0,0,1
1,0,0,0,1
1,0,0,0,1
1,0,0,0,1
1,1,1,0,3
7,0,0,0,7
4,0,0,0,4
1,0,0,0,1
1,0,0,0,1
1,0,0,0,1
1,0,0,0,1
1,0,0,0,1
3,0,0,0,3
1,0,0,0,1
2,0,0,0,2
2,0,0,0,2
2,8,0,0,10
1,0,0,0,1
2,0,0,0,2
1,0,0,0,1
1,0,0,0,1
1,0,0,0,1
1,0,0,0,1
1,0,0,0,1
3,0,0,0,3
1,0,0,0,1
1,11,0,0,12
1,0,0,0,1
1,0,0,0,1
1,0,0,0,1
1,0,0,0,1
1,0,0,0,1
1,0,0,0,1
1,0,0,0,1
2,0,0,0,2
6,0,0,0,6
1,0,0,0,1
1,0,0,0,1
2,0,0,0,2
1,0,0,0,1
1,0,0,0,1
2,0,0,0,2
3,2,0,0,5
1,0,0,0,1
2,0,0,0,2
1,0,0,0,1
3,0,0,0,3
1,0,0,0,1
1,0,0,0,1
2,0,0,0,2
2,0,0,0,2
1,0,0,0,1
1,0,0,0,1
2,0,0,0,2
1,1,0,0,2
1,0,0,0,1
3,0,0,0,3
1,0,0,0,1
1,0,0,0,1
1,0,0,0,1
1,0,0,0,1
1,1,1,0,3
1,0,0,0,1
1,0,0,0,1
1,0,0,0,1
1,0,0,0,1
1,0,0,0,1
1,0,0,0,1
1,0,0,0,1
2,0,0,0,2
1,0,0,0,1
1,0,0,0,1
2,4,0,0,6
2,0,0,0,2
1,0,0,0,1
1,0,0,0,1
1,0,0,0,1
3,0,0,0,3
1,0,0,0,1
1,0,0,0,1
1,0,0,0,1
1,0,0,0,1
1,0,0,0,1
1,0,0,0,1
1,0,0,0,1
1,0,0,0,1
1,0,0,0,1
2,0,0,0,2
2,0,0,0,2
1,0,0,0,1
1,0,0,0,1
2,0,0,0,2
4,5,0,0,9
1,0,0,0,1
1,0,0,0,1
1,0,0,0,1
2,0,0,0,2
1,0,0,0,1
1,0,0,0,1
1,0,0,0,1
1,0,0,0,1
1,0,0,0,1
1,0,0,0,1
1,0,0,0,1
2,0,0,0,2
1,0,0,0,1
6,0,0,0,6
2,0,0,0,2
1,0,0,0,1
1,0,0,0,1
1,0,0,0,1
2,0,0,0,2
1,0,0,0,1
1,0,0,0,1
1,0,0,0,1
1,0,0,0,1
1,0,0,0,1
1,0,0,0,1
1,0,0,0,1
1,0,0,0,1
1,0,0,0,1
2,0,0,0,2
1,0,0,0,1
1,0,0,0,1
1,0,0,0,1
1,0,0,0,1
1,0,0,0,1
2,0,0,0,2
1,0,0,0,1
2,0,0,0,2
1,0,0,0,1
2,0,0,0,2
1,0,0,0,1
1,0,0,0,1
2,0,0,0,2
1,0,0,0,1
1,0,0,0,1
1,0,0,0,1
1,0,0,0,1
1,0,0,0,1
1,0,0,0,1
1,0,0,0,1
1,0,0,0,1
1,0,0,0,1
1,0,0,0,1
1,0,0,0,1
1,0,0,0,1
1,0,0,0,1
1,0,0,0,1
1,0,0,0,1
1,0,0,0,1
1,0,0,0,1
1,0,0,0,1
1,0,0,0,1
3,0,0,0,3
1,0,0,0,1
1,0,0,0,1
1,0,0,0,1
1,0,0,0,1
1,0,0,0,1
1,0,0,0,1
1,0,0,0,1
1,0,0,0,1
2,0,0,0,2
1,0,0,0,1
1,0,0,0,1
1,0,0,0,1
1,0,0,0,1
1,0,0,0,1
1,0,0,0,1
2,0,0,0,2
2,0,0,0,2
1,0,0,0,1
1,0,0,0,1
1,0,0,0,1
1,0,0,0,1
1,0,0,0,1
2,0,0,0,2
2,0,0,0,2
3,0,0,0,3
1,0,0,0,1
3,0,0,0,3
1,0,0,0,1
1,0,0,0,1
1,0,0,0,1
1,0,0,0,1
1,0,0,0,1
1,0,0,0,1
1,0,0,0,1
1,0,0,0,1
1,0,0,0,1
1,0,0,0,1
3,0,1,0,4
2,0,0,0,2
1,0,0,0,1
1,5,1,0,7
1,0,0,0,1
1,0,0,0,1
4,0,0,0,4
1,0,0,0,1
1,0,0,0,1
1,0,0,0,1
3,4,0,0,7
1,0,0,0,1
2,0,0,0,2
1,0,0,0,1
1,0,0,0,1
1,0,0,0,1
2,0,0,0,2
3,0,0,0,3
2,0,0,0,2
1,0,0,0,1
5,2,0,0,7
3,0,0,0,3
1,0,0,0,1
1,0,0,0,1
1,0,0,0,1
1,0,0,0,1
2,0,0,0,2
1,0,0,0,1
1,0,0,0,1
1,0,0,0,1
1,0,0,0,1
11,0,0,0,11
2,0,0,0,2
1,0,0,0,1
1,0,0,0,1
1,0,0,0,1
1,0,0,0,1
5,0,0,0,5
1,0,0,0,1
2,0,0,0,2
2,0,0,0,2
2,0,0,0,2
1,0,0,0,1
2,0,0,0,2
1,0,0,0,1
1,0,0,0,1
1,0,0,0,1
1,0,0,0,1
3,0,0,0,3
2,2,0,0,4
2,0,0,0,2
1,0,0,0,1
1,0,0,0,1
4,0,0,0,4
1,0,0,0,1
1,0,0,0,1
1,0,0,0,1
1,0,0,0,1
2,0,0,0,2
1,0,0,0,1
1,0,0,0,1
1,0,0,0,1
1,0,0,0,1
1,0,0,0,1
1,0,0,0,1
1,0,0,0,1
1,0,0,0,1
1,0,0,0,1
1,0,0,0,1
1,0,0,0,1
2,0,0,0,2
4,0,0,0,4
1,0,0,0,1
1,0,0,0,1
1,0,0,0,1
1,0,0,0,1
1,0,0,0,1
1,0,0,0,1
1,0,0,0,1
1,0,0,0,1
5,0,1,0,6
4,0,0,0,4
1,0,0,0,1
1,0,0,0,1
1,0,0,0,1
3,0,0,0,3
8,0,0,0,8
1,0,0,0,1
1,0,0,0,1
1,0,0,0,1
1,0,0,0,1
1,0,0,0,1
2,0,0,0,2
1,0,0,0,1
2,0,0,0,2
1,0,0,0,1
1,0,0,0,1
1,0,0,0,1
1,0,0,0,1
1,0,0,0,1
1,0,0,0,1
1,0,0,0,1
1,0,0,0,1
2,0,0,0,2
1,0,0,0,1
2,0,0,0,2
2,0,0,0,2
2,0,0,0,2
2,0,0,0,2
2,0,0,0,2
2,0,0,0,2
1,0,0,0,1
4,0,0,0,4
1,0,0,0,1
2,0,0,0,2
1,1,0,0,2
1,0,0,0,1
3,0,0,0,3
1,0,0,0,1
1,0,0,0,1
1,0,0,0,1
2,0,0,0,2
1,0,0,0,1
1,0,0,0,1
1,0,0,0,1
1,0,0,0,1
2,0,0,0,2
1,0,0,0,1
1,0,0,0,1
1,0,0,0,1
2,0,0,0,2
1,0,0,0,1
1,0,0,0,1
2,0,0,0,2
1,0,0,0,1
1,0,0,0,1
2,0,0,0,2
3,0,0,0,3
1,0,0,0,1
1,0,0,0,1
2,1,1,0,4
1,0,0,0,1
4,0,0,0,4
1,0,0,0,1
2,0,0,0,2
4,0,0,0,4
1,0,0,0,1
1,0,0,0,1
3,0,0,0,3
4,0,0,0,4
2,0,0,0,2
1,0,0,0,1
1,0,0,0,1
3,0,0,0,3
1,0,0,0,1
1,0,0,0,1
1,0,0,0,1
1,0,0,0,1
1,9,0,0,10
1,0,0,0,1
2,0,0,0,2
1,0,0,0,1
2,0,0,0,2
1,0,0,0,1
2,0,0,0,2
1,0,0,0,1
2,0,0,0,2
3,0,0,0,3
1,0,0,0,1
1,0,0,0,1
4,0,0,0,4
1,0,0,0,1
1,0,0,0,1
2,0,0,0,2
4,0,0,0,4
1,3,0,0,4
1,0,0,0,1
1,0,0,0,1
1,0,0,0,1
1,0,0,0,1
1,0,0,0,1
2,0,0,0,2
1,0,0,0,1
3,0,0,0,3
1,2,0,0,3
2,0,0,0,2
2,0,0,0,2
1,0,0,0,1
1,0,0,0,1
1,0,0,0,1
3,2,0,0,5
2,0,0,0,2
1,0,0,0,1
1,3,0,0,4
3,0,0,0,3
5,0,0,0,5
1,0,0,0,1
1,0,0,0,1
1,0,0,0,1
1,0,0,0,1
1,0,0,0,1
4,0,0,0,4
1,0,0,0,1
1,0,0,0,1
1,0,0,0,1
1,0,0,0,1
1,0,0,0,1
1,0,0,0,1
1,0,0,0,1
1,0,0,0,1
1,0,0,0,1
1,0,0,0,1
1,0,0,0,1
1,31,0,0,32
1,0,0,0,1
1,0,0,0,1
1,0,0,0,1
1,0,0,0,1
2,0,0,0,2
3,0,0,0,3
1,0,0,0,1
1,0,0,0,1
1,0,0,0,1
3,2,0,0,5
1,0,0,0,1
1,0,0,0,1
4,0,0,0,4
2,0,0,0,2
2,0,0,0,2
1,0,0,0,1
1,0,0,0,1
1,0,0,0,1
1,0,0,0,1
1,0,0,0,1
2,0,0,0,2
1,0,0,0,1
1,0,0,0,1
1,0,0,0,1
1,0,0,0,1
1,1,0,0,2
1,0,0,0,1
1,0,0,0,1
1,0,0,0,1
1,0,0,0,1
1,0,0,0,1
1,0,0,0,1
1,0,0,0,1
1,0,0,0,1
2,0,0,0,2
1,0,0,0,1
2,0,0,0,2
2,0,0,0,2
1,0,0,0,1
1,0,0,0,1
1,0,0,0,1
1,0,0,0,1
1,0,0,0,1
1,0,0,0,1
1,0,0,0,1
1,0,0,0,1
1,0,0,0,1
1,0,0,0,1
1,0,0,0,1
1,0,0,0,1
1,0,0,0,1
1,633,0,0,634
1,0,0,0,1
2,0,0,0,2
1,0,0,0,1
1,0,0,0,1
1,0,0,0,1
3,1,1,0,5
2,0,0,0,2
1,0,0,0,1
1,0,0,0,1
1,0,0,0,1
1,0,0,0,1
1,0,0,0,1
1,0,0,0,1
1,0,0,0,1
1,0,0,0,1
1,0,0,0,1
1,0,0,0,1
1,0,0,0,1
1,0,0,0,1
2,0,0,0,2
2,0,0,0,2
1,0,0,0,1
1,0,0,0,1
2,0,0,0,2
1,4,1,0,6
1,0,0,0,1
1,0,0,0,1
1,0,0,0,1
1,0,0,0,1
1,2,1,0,4
1,0,0,0,1
2,0,0,0,2
1,0,0,0,1
1,0,0,0,1
2,0,0,0,2
1,0,0,0,1
1,0,0,0,1
2,0,0,0,2
1,0,0,0,1
5,0,0,0,5
1,0,0,0,1
1,0,0,0,1
1,0,0,0,1
2,0,0,0,2
1,0,0,0,1
2,0,0,0,2
3,0,0,0,3
1,0,0,0,1
1,0,0,0,1
1,0,0,0,1
3,0,0,0,3
3,0,0,0,3
1,0,0,0,1
2,0,0,0,2
1,0,0,0,1
2,0,0,0,2
3,48,0,0,51
1,0,0,0,1
1,0,0,0,1
1,0,0,0,1
1,0,0,0,1
1,0,0,0,1
2,0,0,0,2
1,0,0,0,1
1,0,0,0,1
6,0,0,0,6
2,0,0,0,2
1,0,0,0,1
1,0,0,0,1
1,0,0,0,1
1,0,0,0,1
1,0,0,0,1
2,4,0,0,6
1,0,0,0,1
1,0,0,0,1
1,0,0,0,1
2,0,0,0,2
1,0,0,0,1
2,0,0,0,2
3,0,0,0,3
1,0,0,0,1
3,0,0,0,3
1,0,0,0,1
2,0,0,0,2
1,2,0,0,3
2,1,0,0,3
7,0,0,0,7
2,0,0,0,2
1,0,0,0,1
1,0,0,0,1
3,0,0,0,3
3,7,0,0,10
1,0,0,0,1
1,0,0,0,1
3,0,0,0,3
1,0,0,0,1
1,0,0,0,1
1,0,0,0,1
1,0,0,0,1
2,0,0,0,2
1,0,0,0,1
1,0,0,0,1
1,0,0,0,1
2,1,0,0,3
1,0,0,0,1
4,0,0,0,4
4,2,0,0,6
1,0,0,0,1
2,0,0,0,2
2,0,0,0,2
1,0,0,0,1
2,0,0,0,2
1,0,0,0,1
1,0,0,0,1
2,0,0,0,2
1,0,0,0,1
4,0,0,0,4
2,0,0,0,2
1,0,0,0,1
1,0,0,0,1
7,0,0,0,7
1,0,0,0,1
1,0,0,0,1
1,0,0,0,1
1,0,0,0,1
1,0,0,0,1
1,0,0,0,1
2,0,0,0,2
1,0,0,0,1
2,0,0,0,2
2,0,0,0,2
1,0,0,0,1
3,0,0,0,3
1,0,0,0,1
1,0,0,0,1
5,0,0,0,5
1,0,0,0,1
1,0,0,0,1
1,0,0,0,1
3,0,0,0,3
1,0,0,0,1
1,0,0,0,1
3,0,0,0,3
2,0,0,0,2
1,0,0,0,1
1,0,0,0,1
1,0,0,0,1
2,0,0,0,2
1,0,0,0,1
1,0,0,0,1
1,0,0,0,1
3,0,0,0,3
1,0,0,0,1
2,0,1,0,3
1,0,0,0,1
2,0,0,0,2
3,0,0,0,3
1,0,0,0,1
1,0,0,0,1
1,0,0,0,1
2,0,0,0,2
1,0,0,0,1
2,0,0,0,2
1,0,0,0,1
5,0,0,0,5
1,0,0,0,1
5,0,0,0,5
1,0,0,0,1
3,0,0,0,3
1,1,1,0,3
2,0,0,0,2
1,0,0,0,1
1,0,0,0,1
1,0,0,0,1
1,0,0,0,1
1,0,0,0,1
1,0,0,0,1
1,0,0,0,1
1,0,0,0,1
1,0,0,0,1
1,0,0,0,1
1,0,0,0,1
1,0,0,0,1
1,0,0,0,1
1,0,0,0,1
6,0,0,0,6
2,0,0,0,2
1,0,0,0,1
1,0,0,0,1
1,0,0,0,1
1,0,0,0,1
2,0,0,0,2
1,0,0,0,1
1,0,0,0,1
1,0,0,0,1
2,0,0,0,2
1,0,0,0,1
1,0,0,0,1
1,0,0,0,1
1,2,0,0,3
2,0,0,0,2
1,0,0,0,1
1,0,0,0,1
1,0,0,0,1
2,0,0,0,2
1,0,0,0,1
1,0,0,0,1
3,0,0,0,3
3,14,0,0,17
1,0,0,0,1
1,0,0,0,1
1,0,0,0,1
1,0,0,0,1
1,0,0,0,1
1,0,0,0,1
3,0,0,0,3
1,0,0,0,1
1,0,0,0,1
1,0,0,0,1
1,0,0,0,1
2,1,0,0,3
1,0,0,0,1
5,0,0,0,5
1,0,0,0,1
1,0,0,0,1
1,0,0,0,1
1,0,0,0,1
2,0,0,0,2
1,0,0,0,1
2,0,0,0,2
1,0,0,0,1
1,0,0,0,1
1,0,0,0,1
1,0,0,0,1
1,0,0,0,1
1,0,0,0,1
1,0,0,0,1
3,0,0,0,3
1,0,0,0,1
1,0,0,0,1
1,0,0,0,1
5,2,0,0,7
1,0,0,0,1
1,0,0,0,1
1,0,0,0,1
1,0,0,0,1
1,0,0,0,1
1,0,0,0,1
3,0,0,0,3
2,0,0,0,2
1,0,0,0,1
1,0,0,0,1
1,0,0,0,1
1,0,0,0,1
1,0,0,0,1
1,0,0,0,1
2,0,0,0,2
1,0,0,0,1
1,0,2,0,3
1,0,0,0,1
1,0,0,0,1
3,0,0,0,3
2,0,0,0,2
1,0,0,0,1
1,0,0,0,1
1,0,0,0,1
2,0,0,0,2
1,0,0,0,1
1,0,0,0,1
1,0,0,0,1
1,0,0,0,1
1,0,0,0,1
1,0,0,0,1
1,0,0,0,1
2,0,0,0,2
1,0,0,0,1
1,0,0,0,1
6,0,0,0,6
1,0,0,0,1
1,0,0,0,1
1,0,0,0,1
1,0,0,0,1
1,4,0,0,5
1,0,0,0,1
3,0,1,0,4
2,0,0,0,2
2,0,0,0,2
1,0,0,0,1
1,0,0,0,1
1,0,0,0,1
1,0,0,0,1
1,0,0,0,1
1,0,0,0,1
1,0,0,0,1
1,0,0,0,1
1,0,0,0,1
1,0,0,0,1
1,0,0,0,1
1,0,0,0,1
1,0,0,0,1
1,0,0,0,1
1,0,0,0,1
1,0,0,0,1
1,0,0,0,1
2,0,0,0,2
3,0,0,0,3
2,0,0,0,2
2,0,0,0,2
1,0,0,0,1
1,0,0,0,1
1,0,0,0,1
3,0,0,0,3
1,0,0,0,1
1,0,0,0,1
1,0,0,0,1
1,0,0,0,1
3,0,0,0,3
1,0,0,0,1
1,0,0,0,1
1,0,0,0,1
1,0,0,0,1
1,0,0,0,1
1,0,0,0,1
1,0,0,0,1
1,0,0,0,1
1,0,0,0,1
1,0,0,0,1
3,0,0,0,3
1,0,0,0,1
1,0,0,0,1
1,0,0,0,1
1,0,0,0,1
1,0,0,0,1
1,0,0,0,1
1,0,0,0,1
1,0,0,0,1
1,0,0,0,1
1,0,0,0,1
1,0,0,0,1
1,0,0,0,1
1,0,0,0,1
1,0,0,0,1
1,0,0,0,1
1,0,0,0,1
2,0,0,0,2
2,0,0,0,2
1,0,0,0,1
1,0,0,0,1
1,0,0,0,1
1,0,0,0,1
1,0,0,0,1
1,0,0,0,1
1,0,0,0,1
1,0,0,0,1
1,4,0,0,5
2,0,0,0,2
1,0,0,0,1
1,0,0,0,1
1,0,0,0,1
2,0,0,0,2
1,0,0,0,1
1,0,0,0,1
1,0,0,0,1
1,0,0,0,1
1,0,0,0,1
2,0,0,0,2
1,0,0,0,1
3,0,0,0,3
1,0,0,0,1
1,0,0,0,1
1,0,0,0,1
1,0,0,0,1
1,0,0,0,1
2,0,0,0,2
1,0,0,0,1
1,0,0,0,1
1,0,0,0,1
1,0,0,0,1
1,0,0,0,1
2,0,0,0,2
2,0,0,0,2
2,0,0,0,2
2,0,0,0,2
4,0,0,0,4
1,0,0,0,1
1,0,0,0,1
2,0,0,0,2
1,0,0,0,1
1,4,0,0,5
2,0,0,0,2
1,0,0,0,1
1,0,0,0,1
1,0,0,0,1
1,0,0,0,1
1,0,0,0,1
1,0,0,0,1
1,0,0,0,1
1,0,0,0,1
1,2,0,0,3
1,0,0,0,1
1,0,0,0,1
1,0,0,0,1
1,0,0,0,1
1,0,0,0,1
3,0,0,0,3
1,0,0,0,1
1,0,0,0,1
1,0,0,0,1
1,0,0,0,1
8,0,0,0,8
1,0,0,0,1
11,7,0,0,18
2,0,0,0,2
2,0,0,0,2
1,0,0,0,1
1,0,0,0,1
1,0,0,0,1
1,0,0,0,1
1,0,0,0,1
1,0,0,0,1
1,0,0,0,1
1,0,0,0,1
1,2,0,0,3
1,0,0,0,1
9,0,0,0,9
1,0,0,0,1
1,0,0,0,1
1,0,0,0,1
4,0,0,0,4
2,0,0,0,2
1,2,1,0,4
1,0,0,0,1
1,0,0,0,1
1,0,0,0,1
1,0,0,0,1
2,3,0,0,5
1,0,0,0,1
1,0,0,0,1
1,0,0,0,1
1,0,0,0,1
3,0,0,0,3
1,0,0,0,1
1,0,0,0,1
5,0,0,0,5
1,0,0,0,1
2,0,0,0,2
2,0,0,0,2
1,0,0,0,1
2,0,0,0,2
1,0,0,0,1
1,0,0,0,1
1,0,0,0,1
1,0,0,0,1
1,0,0,0,1
1,0,0,0,1
1,0,0,0,1
1,0,0,0,1
4,0,0,0,4
1,0,0,0,1
1,0,0,0,1
1,0,0,0,1
1,0,0,0,1
2,0,0,0,2
1,0,0,0,1
1,0,0,0,1
1,0,0,0,1
5,2,0,0,7
3,0,0,0,3
1,0,0,0,1
1,0,0,0,1
2,0,0,0,2
1,0,0,0,1
1,9,0,0,10
1,0,0,0,1
1,13,0,0,14
4,0,0,0,4
1,0,0,0,1
1,0,0,0,1
5,0,0,0,5
1,0,0,0,1
1,0,0,0,1
1,0,0,0,1
1,0,0,0,1
1,0,0,0,1
1,0,0,0,1
1,0,0,0,1
2,0,0,0,2
1,0,0,0,1
3,0,0,0,3
1,0,0,0,1
1,0,0,0,1
2,0,0,0,2
1,0,0,0,1
2,0,0,0,2
1,0,0,0,1
1,0,0,0,1
1,0,0,0,1
4,0,0,0,4
1,0,0,0,1
1,0,0,0,1
1,0,0,0,1
1,0,0,0,1
2,0,0,0,2
5,2,0,0,7
2,1,0,0,3
1,0,0,0,1
1,0,0,0,1
1,0,0,0,1
1,0,0,0,1
1,0,0,0,1
2,0,0,0,2
1,0,0,0,1
1,0,0,0,1
1,0,0,0,1
1,0,0,0,1
1,0,0,0,1
4,0,0,0,4
1,0,0,0,1
2,0,0,0,2
1,0,0,0,1
1,0,0,0,1
1,0,0,0,1
5,0,0,0,5
1,0,0,0,1
1,0,0,0,1
2,0,0,0,2
1,0,0,0,1
1,0,0,0,1
3,0,0,0,3
3,0,0,0,3
1,0,0,0,1
1,0,0,0,1
4,0,0,0,4
3,0,0,0,3
1,0,0,0,1
2,1,0,0,3
1,0,0,0,1
1,1,1,0,3
1,0,0,0,1
1,0,0,0,1
1,0,0,0,1
3,0,0,0,3
1,1,0,0,2
2,0,0,0,2
3,0,0,0,3
1,0,0,0,1
1,0,0,0,1
1,0,0,0,1
1,0,0,0,1
1,0,0,0,1
1,0,0,0,1
1,0,0,0,1
3,0,0,0,3
1,0,0,0,1
1,0,0,0,1
1,0,0,0,1
3,0,0,0,3
2,0,0,0,2
1,0,0,0,1
4,0,0,0,4
1,0,0,0,1
1,0,0,0,1
1,0,0,0,1
3,0,0,0,3
1,0,0,0,1
1,0,0,0,1
1,0,0,0,1
2,0,0,0,2
1,0,0,0,1
2,4,0,0,6
2,0,0,0,2
1,0,0,0,1
2,0,0,0,2
1,0,0,0,1
2,0,0,0,2
1,0,0,0,1
1,0,0,0,1
2,0,0,0,2
1,0,0,0,1
1,0,0,0,1
1,0,0,0,1
3,0,0,0,3
1,0,0,0,1
1,0,0,0,1
1,0,0,0,1
1,0,0,0,1
1,0,0,0,1
2,0,0,0,2
1,0,0,0,1
1,0,0,0,1
1,0,0,0,1
2,0,0,0,2
3,0,0,0,3
1,0,0,0,1
2,0,0,0,2
2,1,3,0,6
1,0,0,0,1
1,0,0,0,1
1,0,0,0,1
1,0,0,0,1
2,0,0,0,2
3,0,0,0,3
2,0,0,0,2
2,0,0,0,2
1,0,0,0,1
1,0,0,0,1
1,0,0,0,1
3,0,0,0,3
2,1,0,0,3
1,0,0,0,1
1,0,0,0,1
1,0,0,0,1
1,0,0,0,1
1,0,0,0,1
4,0,0,0,4
1,3,0,0,4
1,0,0,0,1
1,0,0,0,1
3,0,0,0,3
1,0,0,0,1
1,0,0,0,1
2,0,0,0,2
1,0,0,0,1
2,0,0,0,2
1,0,0,0,1
1,0,0,0,1
1,0,0,0,1
1,0,0,0,1
1,0,0,0,1
1,0,0,0,1
1,0,0,0,1
1,0,0,0,1
1,0,0,0,1
1,0,0,0,1
2,647,0,0,649
2,0,0,0,2
1,0,0,0,1
2,0,0,0,2
1,2,0,0,3
1,0,0,0,1
1,0,0,0,1
2,2,3,0,7
1,0,0,0,1
1,0,0,0,1
2,0,0,0,2
1,0,0,0,1
1,0,0,0,1
1,0,0,0,1
1,0,0,0,1
1,0,0,0,1
1,0,0,0,1
1,0,0,0,1
1,0,0,0,1
1,0,0,0,1
1,0,0,0,1
1,0,0,0,1
1,0,0,0,1
3,0,0,0,3
1,0,0,0,1
1,0,0,0,1
1,0,0,0,1
1,0,0,0,1
1,0,0,0,1
1,0,0,0,1
1,0,0,0,1
1,0,0,0,1
1,0,0,0,1
1,0,0,0,1
1,0,0,0,1
1,0,0,0,1
1,0,0,0,1
1,0,0,0,1
1,0,0,0,1
1,0,0,0,1
1,0,0,0,1
1,0,0,0,1
1,0,0,0,1
5,0,0,0,5
1,0,0,0,1
1,0,0,0,1
1,0,0,0,1
1,0,0,0,1
1,0,0,0,1
3,0,0,0,3
1,60,0,0,61
2,0,0,0,2
1,0,0,0,1
1,0,0,0,1
1,0,0,0,1
1,0,0,0,1
1,0,0,0,1
4,0,0,0,4
1,0,0,0,1
1,0,0,0,1
1,1,0,0,2
1,0,0,0,1
1,0,0,0,1
3,1,0,0,4
2,2,0,0,4
1,0,0,0,1
1,0,0,0,1
1,0,0,0,1
4,0,0,0,4
2,0,0,0,2
1,0,0,0,1
1,0,0,0,1
1,0,0,0,1
1,0,0,0,1
1,0,0,0,1
1,0,0,0,1
1,0,0,0,1
1,0,0,0,1
2,0,0,0,2
1,0,0,0,1
1,0,0,0,1
1,0,0,0,1
1,0,0,0,1
1,6,1,0,8
1,0,0,0,1
1,0,0,0,1
1,0,0,0,1
1,0,0,0,1
8,1,0,0,9
1,0,0,0,1
1,0,0,0,1
3,0,0,0,3
1,0,0,0,1
6,0,0,0,6
1,0,0,0,1
1,0,0,0,1
1,0,0,0,1
4,0,0,0,4
3,0,0,0,3
1,0,0,0,1
1,0,0,0,1
1,0,0,0,1
1,0,0,0,1
1,0,0,0,1
1,0,0,0,1
1,0,0,0,1
1,0,0,0,1
1,0,0,0,1
1,0,0,0,1
1,0,0,0,1
1,0,0,0,1
2,0,0,0,2
1,0,0,0,1
1,0,0,0,1
6,3,0,0,9
3,0,0,0,3
2,0,0,0,2
1,0,0,0,1
1,0,0,0,1
1,0,0,0,1
1,0,0,0,1
2,0,0,0,2
1,0,0,0,1
1,0,0,0,1
1,0,0,0,1
2,0,0,0,2
1,0,0,0,1
3,0,0,0,3
1,0,0,0,1
1,0,0,0,1
1,0,0,0,1
1,0,0,0,1
1,0,0,0,1
4,0,0,0,4
2,0,0,0,2
1,0,0,0,1
5,0,0,0,5
2,0,0,0,2
2,0,0,0,2
1,0,0,0,1
1,0,0,0,1
1,0,0,0,1
1,0,0,0,1
1,0,0,0,1
1,0,0,0,1
4,0,0,0,4
1,0,0,0,1
1,0,0,0,1
1,0,0,0,1
1,0,0,0,1
1,16,1,0,18
1,1,0,0,2
2,0,0,0,2
1,0,0,0,1
2,0,0,0,2
1,0,0,0,1
1,0,0,0,1
1,0,0,0,1
2,0,0,0,2
3,1,1,0,5
1,0,0,0,1
1,0,0,0,1
1,0,0,0,1
1,0,0,0,1
1,0,0,0,1
5,1,1,0,7
3,0,0,0,3
1,0,0,0,1
1,0,0,0,1
1,0,0,0,1
1,0,0,0,1
1,0,0,0,1
1,0,0,0,1
1,0,0,0,1
1,0,0,0,1
1,0,0,0,1
2,0,0,0,2
1,0,0,0,1
1,0,0,0,1
1,0,0,0,1
1,0,0,0,1
1,0,0,0,1
1,0,0,0,1
2,2,0,0,4
1,0,0,0,1
1,0,0,0,1
1,0,0,0,1
1,0,0,0,1
1,0,0,0,1
3,0,0,0,3
1,3,0,0,4
1,0,0,0,1
1,0,0,0,1
5,0,0,0,5
1,0,0,0,1
1,0,0,0,1
1,0,0,0,1
1,0,0,0,1
1,0,0,0,1
1,0,0,0,1
4,0,0,0,4
1,0,0,0,1
1,0,0,0,1
1,0,0,0,1
2,64,0,0,66
2,0,0,0,2
1,0,0,0,1
1,0,0,0,1
2,0,0,0,2
1,0,0,0,1
1,0,0,0,1
1,0,0,0,1
2,0,0,0,2
1,0,0,0,1
2,0,0,0,2
1,0,0,0,1
1,0,0,0,1
2,0,0,0,2
1,0,0,0,1
1,0,0,0,1
1,0,0,0,1
1,0,0,0,1
1,0,0,0,1
1,0,0,0,1
1,0,0,0,1
1,0,0,0,1
1,0,0,0,1
1,0,0,0,1
2,0,0,0,2
1,0,0,0,1
1,0,0,0,1
1,0,0,0,1
2,0,0,0,2
3,0,0,0,3
3,0,0,0,3
1,0,0,0,1
1,0,0,0,1
1,0,0,0,1
2,0,0,0,2
1,0,0,0,1
1,0,0,0,1
1,0,0,0,1
3,0,0,0,3
1,0,0,0,1
1,0,0,0,1
1,0,0,0,1
1,0,0,0,1
1,0,0,0,1
3,0,0,0,3
1,0,0,0,1
1,0,0,0,1
1,0,0,0,1
3,1,0,0,4
1,0,0,0,1
1,7,0,0,8
1,0,0,0,1
1,0,0,0,1
1,0,0,0,1
1,0,0,0,1
2,0,0,0,2
1,0,0,0,1
1,0,0,0,1
1,0,0,0,1
1,0,0,0,1
2,0,0,0,2
2,0,0,0,2
1,0,0,0,1
1,0,0,0,1
1,0,0,0,1
1,0,0,0,1
1,0,0,0,1
1,0,0,0,1
1,0,0,0,1
1,0,0,0,1
1,0,0,0,1
1,0,0,0,1
1,0,0,0,1
1,2,1,0,4
1,0,0,0,1
4,0,0,0,4
1,1,0,0,2
1,0,0,0,1
1,0,0,0,1
3,0,0,0,3
2,0,0,0,2
1,0,0,0,1
1,0,1,0,2
3,0,0,0,3
1,0,0,0,1
3,0,0,0,3
1,0,0,0,1
1,0,0,0,1
1,0,0,0,1
1,0,0,0,1
5,0,0,0,5
1,0,0,0,1
3,0,0,0,3
1,0,0,0,1
1,0,0,0,1
1,0,0,0,1
2,0,0,0,2
1,0,0,0,1
2,0,0,0,2
1,0,0,0,1
1,0,0,0,1
1,0,0,0,1
1,0,0,0,1
1,0,0,0,1
1,0,0,0,1
1,0,0,0,1
1,0,0,0,1
2,0,0,0,2
1,23,0,0,24
1,0,0,0,1
1,0,0,0,1
1,0,0,0,1
3,0,0,0,3
1,0,0,0,1
3,0,0,0,3
1,0,0,0,1
1,0,0,0,1
1,0,0,0,1
2,0,0,0,2
2,0,0,0,2
1,0,0,0,1
1,0,0,0,1
1,0,0,0,1
1,0,0,0,1
1,0,0,0,1
1,0,0,0,1
3,0,0,0,3
1,0,0,0,1
2,0,0,0,2
3,0,0,0,3
1,0,0,0,1
1,0,0,0,1
1,0,0,0,1
1,0,0,0,1
1,0,0,0,1
2,0,0,0,2
1,0,0,0,1
1,0,0,0,1
2,0,0,0,2
1,0,0,0,1
1,0,0,0,1
1,0,0,0,1
1,0,0,0,1
3,1,3,0,7
2,0,0,0,2
1,0,0,0,1
2,0,0,0,2
1,0,0,0,1
2,0,0,0,2
1,0,0,0,1
2,0,0,0,2
1,0,0,0,1
1,0,0,0,1
1,0,0,0,1
1,0,0,0,1
1,0,0,0,1
1,0,0,0,1
1,0,0,0,1
1,0,0,0,1
1,0,0,0,1
2,2,0,0,4
1,0,0,0,1
2,0,0,0,2
1,0,0,0,1
1,0,0,0,1
1,0,0,0,1
2,3,2,0,7
1,0,0,0,1
3,0,0,0,3
1,0,0,0,1
1,0,0,0,1
1,0,0,0,1
2,0,0,0,2
1,0,0,0,1
2,0,0,0,2
1,0,0,0,1
1,0,0,0,1
1,0,0,0,1
1,0,0,0,1
1,0,0,0,1
1,0,0,0,1
2,0,0,0,2
3,0,0,0,3
1,0,0,0,1
1,0,0,0,1
1,0,0,0,1
1,0,0,0,1
2,0,0,0,2
1,5,0,0,6
1,0,0,0,1
1,0,0,0,1
1,0,0,0,1
1,0,0,0,1
1,0,0,0,1
1,0,0,0,1
1,0,0,0,1
3,0,0,0,3
1,0,0,0,1
1,0,0,0,1
1,0,0,0,1
1,0,0,0,1
1,0,0,0,1
1,0,0,0,1
1,0,0,0,1
2,0,0,0,2
1,0,0,0,1
1,0,0,0,1
1,0,0,0,1
1,0,0,0,1
1,0,0,0,1
1,0,0,0,1
1,0,0,0,1
2,0,0,0,2
2,0,0,0,2
1,0,0,0,1
1,0,0,0,1
1,0,0,0,1
1,0,0,0,1
1,0,0,0,1
4,0,0,0,4
1,0,0,0,1
2,0,0,0,2
2,0,0,0,2
1,0,0,0,1
3,0,0,0,3
1,0,0,0,1
1,0,0,0,1
1,0,0,0,1
1,0,0,0,1
2,0,0,0,2
1,0,0,0,1
1,0,0,0,1
1,0,0,0,1
1,0,0,0,1
1,0,0,0,1
1,0,0,0,1
1,0,0,0,1
1,0,0,0,1
1,0,0,0,1
1,0,0,0,1
1,0,0,0,1
1,0,0,0,1
1,0,0,0,1
2,4,0,0,6
1,0,0,0,1
1,0,0,0,1
1,0,0,0,1
1,0,0,0,1
2,0,0,0,2
1,0,0,0,1
1,0,0,0,1
1,0,0,0,1
1,0,0,0,1
1,0,0,0,1
1,0,0,0,1
1,0,0,0,1
3,0,0,0,3
1,0,0,0,1
1,0,0,0,1
2,0,0,0,2
1,0,0,0,1
1,2,0,0,3
1,0,0,0,1
1,0,2,0,3
1,0,0,0,1
1,0,0,0,1
3,0,0,0,3
1,0,0,0,1
4,0,0,0,4
2,0,0,0,2
1,0,0,0,1
1,0,0,0,1
1,0,0,0,1
2,0,0,0,2
2,0,0,0,2
2,0,0,0,2
1,0,0,0,1
1,0,0,0,1
1,0,0,0,1
4,0,0,0,4
2,0,0,0,2
1,0,0,0,1
1,0,0,0,1
1,0,0,0,1
1,0,0,0,1
1,0,0,0,1
1,0,0,0,1
1,4,0,0,5
2,0,0,0,2
1,0,0,0,1
1,0,0,0,1
1,0,0,0,1
1,0,0,0,1
2,1,0,0,3
1,0,0,0,1
1,0,0,0,1
1,0,0,0,1
1,0,0,0,1
1,0,0,0,1
1,0,0,0,1
1,0,0,0,1
1,0,0,0,1
2,0,0,0,2
1,0,0,0,1
2,0,0,0,2
1,0,0,0,1
1,0,0,0,1
1,0,0,0,1
4,0,0,0,4
3,0,0,0,3
5,3,0,0,8
1,0,0,0,1
1,0,0,0,1
1,0,0,0,1
1,0,0,0,1
1,0,0,0,1
1,0,0,0,1
1,0,0,0,1
1,0,0,0,1
1,0,0,0,1
5,4,0,0,9
1,0,0,0,1
2,0,0,0,2
1,0,0,0,1
1,0,0,0,1
1,0,0,0,1
1,0,0,0,1
1,0,0,0,1
3,0,0,0,3
1,0,0,0,1
1,0,0,0,1
2,0,0,0,2
1,0,0,0,1
1,0,0,0,1
1,0,0,0,1
1,0,0,0,1
1,0,0,0,1
1,0,0,0,1
3,0,0,0,3
1,0,0,0,1
1,0,0,0,1
1,0,0,0,1
1,0,0,0,1
1,0,0,0,1
1,0,0,0,1
2,0,0,0,2
1,0,0,0,1
1,0,0,0,1
2,0,0,0,2
2,0,0,0,2
1,0,0,0,1
1,0,0,0,1
1,0,0,0,1
2,0,0,0,2
1,0,0,0,1
3,0,0,0,3
1,0,0,0,1
1,0,0,0,1
2,0,0,0,2
2,0,0,0,2
1,0,0,0,1
1,0,0,0,1
1,0,0,0,1
1,0,0,0,1
1,0,0,0,1
1,0,0,0,1
1,0,0,0,1
1,0,0,0,1
1,0,0,0,1
2,0,0,0,2
1,0,0,0,1
1,0,0,0,1
1,0,0,0,1
1,0,0,0,1
2,0,0,0,2
1,0,0,0,1
1,0,0,0,1
3,0,0,0,3
5,0,0,0,5
3,1,0,0,4
1,0,0,0,1
1,0,0,0,1
3,0,0,0,3
1,0,0,0,1
1,0,0,0,1
3,0,0,0,3
8,2,0,0,10
1,0,0,0,1
1,32,0,0,33
1,0,0,0,1
1,0,0,0,1
1,0,0,0,1
1,0,0,0,1
1,0,0,0,1
3,0,0,0,3
3,0,0,0,3
1,0,0,0,1
1,0,0,0,1
1,0,0,0,1
1,0,0,0,1
2,0,0,0,2
2,0,0,0,2
1,0,0,0,1
2,0,0,0,2
1,0,0,0,1
1,0,0,0,1
1,0,0,0,1
1,0,0,0,1
1,0,0,0,1
1,0,0,0,1
1,0,0,0,1
2,0,0,0,2
6,0,0,0,6
1,0,0,0,1
2,0,0,0,2
1,0,0,0,1
1,0,0,0,1
1,0,0,0,1
1,0,0,0,1
1,0,0,0,1
3,0,0,0,3
1,0,0,0,1
1,0,0,0,1
1,0,0,0,1
1,0,0,0,1
1,0,0,0,1
3,0,0,0,3
2,0,0,0,2
1,0,0,0,1
1,0,0,0,1
2,0,0,0,2
1,0,0,0,1
1,0,0,0,1
1,0,0,0,1
1,0,0,0,1
1,0,0,0,1
1,0,0,0,1
1,0,0,0,1
1,0,0,0,1
1,0,0,0,1
1,0,0,0,1
1,0,0,0,1
1,1,0,0,2
1,0,0,0,1
3,0,0,0,3
1,0,0,0,1
1,16,0,0,17
1,0,0,0,1
1,0,0,0,1
1,0,0,0,1
1,0,0,0,1
1,0,0,0,1
1,0,0,0,1
1,0,0,0,1
1,0,0,0,1
1,0,0,0,1
3,0,0,0,3
5,0,0,0,5
1,0,0,0,1
2,0,0,0,2
11,17,2,0,30
1,0,0,0,1
1,0,0,0,1
1,1,1,0,3
2,0,0,0,2
2,0,0,0,2
1,0,0,0,1
1,0,0,0,1
2,0,0,0,2
1,0,0,0,1
2,0,0,0,2
6,0,0,0,6
1,0,0,0,1
1,0,0,0,1
1,0,0,0,1
1,0,0,0,1
2,3,0,0,5
2,0,0,0,2
1,0,0,0,1
1,0,0,0,1
1,0,0,0,1
1,1,0,0,2
2,0,0,0,2
1,0,0,0,1
1,0,0,0,1
4,0,0,0,4
1,0,0,0,1
3,0,0,0,3
1,0,0,0,1
1,0,0,0,1
1,0,0,0,1
1,0,0,0,1
1,0,0,0,1
1,0,0,0,1
1,0,0,0,1
1,0,0,0,1
1,0,0,0,1
1,0,0,0,1
1,0,0,0,1
2,0,0,0,2
3,0,0,0,3
3,0,0,0,3
1,0,0,0,1
1,0,0,0,1
2,0,0,0,2
2,0,0,0,2
1,0,0,0,1
1,0,0,0,1
2,0,0,0,2
1,0,0,0,1
3,0,0,0,3
1,0,0,0,1
4,0,0,0,4
1,0,0,0,1
1,0,0,0,1
1,0,0,0,1
6,0,0,0,6
1,0,0,0,1
1,0,0,0,1
1,1,0,0,2
1,0,0,0,1
1,0,0,0,1
1,0,0,0,1
3,0,0,0,3
1,0,0,0,1
1,0,0,0,1
1,0,0,0,1
1,0,0,0,1
1,0,0,0,1
1,0,0,0,1
1,0,0,0,1
1,0,0,0,1
1,0,0,0,1
2,0,0,0,2
1,0,0,0,1
4,0,0,0,4
1,0,0,0,1
1,0,0,0,1
1,0,0,0,1
1,0,0,0,1
6,0,0,0,6
2,0,0,0,2
1,0,0,0,1
1,0,0,0,1
1,0,0,0,1
1,0,0,0,1
1,0,0,0,1
2,0,0,0,2
3,0,0,0,3
1,0,0,0,1
1,0,0,0,1
1,0,0,0,1
1,0,0,0,1
1,0,0,0,1
2,0,0,0,2
1,0,0,0,1
1,0,0,0,1
2,0,0,0,2
1,0,0,0,1
1,0,0,0,1
1,0,0,0,1
1,0,0,0,1
1,0,0,0,1
7,2,0,0,9
2,0,0,0,2
4,0,0,0,4
1,0,0,0,1
1,0,0,0,1
1,0,0,0,1
1,0,0,0,1
1,0,0,0,1
2,0,0,0,2
1,0,0,0,1
8,1,0,0,9
2,0,0,0,2
3,0,0,0,3
1,0,0,0,1
1,0,0,0,1
1,0,0,0,1
1,0,0,0,1
1,0,0,0,1
2,0,0,0,2
1,0,0,0,1
1,0,0,0,1
1,0,0,0,1
1,0,0,0,1
1,0,0,0,1
1,6,0,0,7
1,0,0,0,1
2,0,0,0,2
1,7,0,0,8
1,0,0,0,1
3,0,0,0,3
1,0,0,0,1
1,0,0,0,1
4,0,0,0,4
1,0,0,0,1
1,0,0,0,1
1,0,0,0,1
1,0,0,0,1
1,0,0,0,1
1,0,0,0,1
1,0,0,0,1
3,0,0,0,3
1,0,0,0,1
1,0,0,0,1
1,0,0,0,1
1,0,0,0,1
1,0,0,0,1
1,4,0,0,5
1,0,0,0,1
2,0,0,0,2
2,0,0,0,2
1,0,0,0,1
1,0,0,0,1
1,0,0,0,1
1,0,0,0,1
2,0,0,0,2
2,0,0,0,2
3,0,0,0,3
1,0,0,0,1
1,0,0,0,1
3,0,0,0,3
1,2,0,0,3
1,0,0,0,1
1,0,0,0,1
1,0,0,0,1
1,0,0,0,1
2,0,0,0,2
1,0,0,0,1
1,0,0,0,1
2,0,0,0,2
2,0,0,0,2
2,0,0,0,2
1,0,0,0,1
1,0,0,0,1
1,0,0,0,1
1,0,0,0,1
1,0,0,0,1
2,0,0,0,2
1,0,0,0,1
1,0,0,0,1
1,0,0,0,1
1,0,0,0,1
1,0,0,0,1
1,0,0,0,1
4,25,0,0,29
1,0,0,0,1
1,0,0,0,1
1,0,0,0,1
1,0,0,0,1
1,3,2,0,6
1,0,0,0,1
1,0,0,0,1
3,0,0,0,3
2,0,0,0,2
1,0,0,0,1
1,0,0,0,1
1,0,0,0,1
1,0,0,0,1
2,0,0,0,2
1,0,0,0,1
1,0,0,0,1
1,0,0,0,1
1,0,0,0,1
1,0,0,0,1
1,0,0,0,1
1,0,0,0,1
2,0,0,0,2
3,0,0,0,3
2,6,0,0,8
2,0,0,0,2
1,0,0,0,1
1,0,0,0,1
1,0,0,0,1
1,0,0,0,1
4,0,0,0,4
1,0,0,0,1
1,0,0,0,1
1,0,0,0,1
1,0,0,0,1
2,0,0,0,2
4,0,0,0,4
1,0,0,0,1
1,0,0,0,1
1,0,0,0,1
1,0,0,0,1
1,0,0,0,1
1,0,0,0,1
2,0,0,0,2
1,0,0,0,1
5,0,0,0,5
1,0,0,0,1
1,0,0,0,1
3,0,0,0,3
1,0,0,0,1
2,0,0,0,2
1,0,0,0,1
1,0,0,0,1
1,0,0,0,1
1,0,0,0,1
1,0,0,0,1
1,0,0,0,1
2,0,2,0,4
1,0,0,0,1
1,0,0,0,1
1,0,0,0,1
1,0,0,0,1
1,0,0,0,1
1,0,0,0,1
2,0,0,0,2
1,0,0,0,1
5,0,0,0,5
1,0,0,0,1
1,0,0,0,1
2,0,0,0,2
1,0,0,0,1
2,0,0,0,2
1,0,0,0,1
1,0,0,0,1
1,0,0,0,1
1,0,0,0,1
1,0,0,0,1
1,0,0,0,1
1,0,0,0,1
1,0,0,0,1
1,0,0,0,1
1,0,0,0,1
1,0,0,0,1
1,0,0,0,1
1,0,0,0,1
1,0,0,0,1
1,0,0,0,1
1,0,0,0,1
1,0,0,0,1
1,0,0,0,1
1,0,0,0,1
1,0,0,0,1
1,0,0,0,1
1,0,0,0,1
1,0,0,0,1
1,0,0,0,1
1,0,0,0,1
1,0,0,0,1
4,0,0,0,4
2,0,0,0,2
1,0,0,0,1
3,2,0,0,5
1,0,0,0,1
2,0,0,0,2
3,0,0,0,3
2,0,0,0,2
1,0,0,0,1
1,0,0,0,1
2,0,0,0,2
1,0,0,0,1
1,0,0,0,1
2,0,0,0,2
1,0,0,0,1
1,0,0,0,1
1,0,0,0,1
1,0,0,0,1
1,0,0,0,1
1,0,0,0,1
1,0,0,0,1
1,0,0,0,1
2,0,0,0,2
1,0,0,0,1
1,0,0,0,1
1,0,0,0,1
1,0,0,0,1
2,0,0,0,2
1,0,0,0,1
2,0,0,0,2
2,0,0,0,2
1,0,0,0,1
1,0,0,0,1
1,0,0,0,1
3,0,0,0,3
1,0,0,0,1
3,1,0,0,4
1,0,0,0,1
1,0,0,0,1
5,0,0,0,5
1,0,0,0,1
1,0,0,0,1
1,0,0,0,1
1,0,0,0,1
1,0,0,0,1
1,0,0,0,1
1,0,0,0,1
1,0,0,0,1
5,0,0,0,5
1,0,0,0,1
1,0,0,0,1
3,0,0,0,3
5,0,0,0,5
1,0,0,0,1
2,0,0,0,2
1,0,0,0,1
1,0,0,0,1
1,2,0,0,3
1,0,0,0,1
2,0,0,0,2
1,0,0,0,1
3,0,0,0,3
1,0,0,0,1
1,0,0,0,1
1,2,0,0,3
1,0,0,0,1
1,0,0,0,1
1,0,0,0,1
1,0,0,0,1
1,0,0,0,1
1,0,0,0,1
1,0,0,0,1
1,0,0,0,1
1,0,0,0,1
1,0,0,0,1
1,0,0,0,1
1,0,0,0,1
1,0,0,0,1
1,1,1,0,3
3,0,0,0,3
2,0,0,0,2
2,0,0,0,2
1,0,0,0,1
2,0,0,0,2
2,2,0,0,4
1,0,0,0,1
1,0,0,0,1
1,0,0,0,1
2,0,0,0,2
1,0,0,0,1
1,0,0,0,1
1,0,0,0,1
1,0,0,0,1
3,6,0,0,9
1,0,0,0,1
2,0,0,0,2
4,0,0,0,4
1,0,0,0,1
1,0,0,0,1
1,0,0,0,1
1,0,0,0,1
1,0,0,0,1
1,0,0,0,1
1,0,0,0,1
2,0,0,0,2
1,0,0,0,1
1,0,0,0,1
1,0,0,0,1
1,4,0,0,5
1,0,0,0,1
1,0,0,0,1
1,2,0,0,3
1,0,0,0,1
1,0,0,0,1
1,0,0,0,1
2,0,0,0,2
1,0,0,0,1
1,0,0,0,1
1,0,0,0,1
1,0,0,0,1
2,0,0,0,2
1,0,0,0,1
1,0,0,0,1
2,0,0,0,2
2,0,0,0,2
1,0,0,0,1
1,0,0,0,1
1,0,0,0,1
1,0,0,0,1
1,0,0,0,1
1,0,0,0,1
1,0,0,0,1
3,0,0,0,3
1,0,0,0,1
1,0,0,0,1
1,1,0,0,2
1,2,0,0,3
1,0,0,0,1
1,0,0,0,1
1,0,0,0,1
1,0,0,0,1
1,0,0,0,1
2,0,0,0,2
3,0,0,0,3
1,0,0,0,1
1,0,0,0,1
1,0,0,0,1
1,0,0,0,1
1,0,0,0,1
1,0,0,0,1
2,0,0,0,2
1,0,0,0,1
1,0,0,0,1
1,0,0,0,1
1,0,0,0,1
1,0,0,0,1
1,0,0,0,1
1,0,0,0,1
3,0,0,0,3
1,4,0,0,5
1,0,0,0,1
3,0,0,0,3
2,0,0,0,2
1,0,0,0,1
1,0,0,0,1
1,0,0,0,1
1,0,0,0,1
1,0,0,0,1
2,2,0,0,4
1,0,0,0,1
1,0,0,0,1
2,0,0,0,2
1,0,0,0,1
1,0,0,0,1
1,0,0,0,1
1,0,0,0,1
1,0,0,0,1
1,0,0,0,1
1,0,0,0,1
1,0,0,0,1
1,0,0,0,1
1,0,0,0,1
1,0,0,0,1
2,0,0,0,2
1,0,0,0,1
1,0,0,0,1
1,0,0,0,1
2,0,0,0,2
1,0,0,0,1
1,0,0,0,1
1,0,0,0,1
2,0,0,0,2
1,0,0,0,1
3,3,0,0,6
1,0,0,0,1
1,0,0,0,1
1,0,0,0,1
3,0,3,0,6
7,0,0,0,7
1,0,0,0,1
1,0,0,0,1
4,0,0,0,4
1,1,1,0,3
1,0,0,0,1
1,0,0,0,1
1,0,0,0,1
2,11,0,0,13
1,0,0,0,1
1,0,0,0,1
1,0,0,0,1
3,0,0,0,3
1,0,0,0,1
1,0,0,0,1
1,0,0,0,1
1,0,0,0,1
1,0,0,0,1
1,0,0,0,1
1,0,0,0,1
1,0,0,0,1
1,0,0,0,1
2,0,0,0,2
1,0,0,0,1
1,0,0,0,1
1,0,0,0,1
1,0,0,0,1
1,0,0,0,1
1,0,0,0,1
1,0,0,0,1
2,0,0,0,2
1,0,0,0,1
1,0,0,0,1
1,0,0,0,1
1,0,0,0,1
3,0,0,0,3
1,0,0,0,1
1,0,0,0,1
3,0,0,0,3
1,0,0,0,1
1,0,0,0,1
5,3,0,0,8
1,0,0,0,1
1,0,0,0,1
1,0,0,0,1
1,0,0,0,1
1,0,0,0,1
1,0,0,0,1
2,0,0,0,2
1,0,0,0,1
1,0,0,0,1
1,0,0,0,1
1,0,0,0,1
1,0,0,0,1
1,0,0,0,1
2,0,0,0,2
1,0,0,0,1
2,0,0,0,2
1,0,0,0,1
1,0,0,0,1
1,0,0,0,1
1,0,0,0,1
2,0,0,0,2
1,0,0,0,1
1,0,0,0,1
2,0,0,0,2
1,0,0,0,1
1,0,0,0,1
1,0,0,0,1
3,0,0,0,3
1,0,0,0,1
3,0,0,0,3
1,0,0,0,1
3,0,0,0,3
1,0,0,0,1
1,0,0,0,1
1,0,0,0,1
1,0,0,0,1
1,0,0,0,1
1,0,0,0,1
1,0,0,0,1
2,0,0,0,2
1,0,0,0,1
3,0,0,0,3
1,0,0,0,1
1,0,0,0,1
1,0,0,0,1
1,0,0,0,1
4,0,0,0,4
1,0,0,0,1
1,0,0,0,1
1,0,0,0,1
3,1,0,0,4
1,0,0,0,1
2,0,0,0,2
1,0,0,0,1
1,0,0,0,1
1,0,0,0,1
1,0,0,0,1
1,0,0,0,1
2,0,0,0,2
1,0,0,0,1
1,0,0,0,1
1,0,0,0,1
1,0,0,0,1
4,0,0,0,4
1,0,0,0,1
1,0,0,0,1
1,0,0,0,1
5,0,0,0,5
1,0,0,0,1
3,0,0,0,3
1,0,0,0,1
2,0,0,0,2
1,0,0,0,1
1,0,0,0,1
1,0,0,0,1
1,0,0,0,1
1,0,0,0,1
1,0,0,0,1
1,0,0,0,1
1,0,0,0,1
1,0,0,0,1
2,0,0,0,2
2,0,0,0,2
1,0,0,0,1
1,0,0,0,1
1,0,0,0,1
2,0,0,0,2
2,0,0,0,2
1,0,0,0,1
4,0,0,0,4
1,0,0,0,1
1,0,0,0,1
1,0,0,0,1
1,0,0,0,1
1,0,0,0,1
2,0,0,0,2
3,0,0,0,3
1,0,0,0,1
2,0,0,0,2
1,2,0,0,3
1,0,0,0,1
2,0,0,0,2
1,0,0,0,1
2,0,0,0,2
2,0,0,0,2
1,0,0,0,1
1,0,0,0,1
1,0,0,0,1
3,0,0,0,3
1,0,0,0,1
1,0,0,0,1
1,0,0,0,1
1,0,0,0,1
3,0,0,0,3
1,0,0,0,1
1,0,0,0,1
3,0,0,0,3
1,0,0,0,1
1,0,0,0,1
2,0,0,0,2
2,0,0,0,2
1,0,0,0,1
1,0,0,0,1
4,0,0,0,4
1,0,0,0,1
1,0,0,0,1
2,10,0,0,12
1,0,0,0,1
1,0,0,0,1
1,0,0,0,1
2,0,0,0,2
2,2,0,0,4
1,0,0,0,1
2,0,0,0,2
1,0,0,0,1
1,0,0,0,1
4,0,0,0,4
1,0,0,0,1
1,0,0,0,1
2,5,0,0,7
2,0,0,0,2
2,0,0,0,2
1,0,0,0,1
1,0,0,0,1
8,0,0,0,8
1,0,0,0,1
1,0,0,0,1
2,0,0,0,2
1,0,0,0,1
1,0,0,0,1
2,0,0,0,2
7,0,0,0,7
1,0,0,0,1
1,0,0,0,1
1,0,0,0,1
1,0,0,0,1
1,0,0,0,1
3,0,0,0,3
1,0,0,0,1
1,0,0,0,1
3,0,0,0,3
2,9,0,0,11
3,0,0,0,3
1,0,0,0,1
5,0,0,0,5
1,0,0,0,1
1,0,0,0,1
1,0,0,0,1
5,0,0,0,5
1,0,0,0,1
1,0,0,0,1
1,0,0,0,1
1,0,0,0,1
1,0,0,0,1
1,0,0,0,1
1,0,0,0,1
1,0,0,0,1
1,0,0,0,1
3,0,0,0,3
3,0,0,0,3
2,0,0,0,2
1,0,0,0,1
1,0,0,0,1
1,0,0,0,1
1,4,0,0,5
1,0,0,0,1
1,0,0,0,1
1,0,0,0,1
1,0,0,0,1
1,0,0,0,1
1,0,0,0,1
2,0,0,0,2
1,0,0,0,1
1,0,0,0,1
5,0,0,0,5
2,0,0,0,2
1,0,0,0,1
1,0,0,0,1
1,0,0,0,1
1,0,0,0,1
2,0,0,0,2
1,0,0,0,1
2,0,0,0,2
1,0,0,0,1
1,0,0,0,1
2,0,0,0,2
1,0,0,0,1
1,0,0,0,1
1,0,0,0,1
1,0,0,0,1
1,0,0,0,1
1,0,0,0,1
4,0,0,0,4
1,0,0,0,1
1,0,0,0,1
1,0,0,0,1
1,0,0,0,1
1,0,0,0,1
1,0,0,0,1
1,0,0,0,1
1,0,0,0,1
1,8,0,0,9
1,0,0,0,1
1,0,0,0,1
2,0,0,0,2
1,0,0,0,1
1,0,0,0,1
1,0,0,0,1
1,0,0,0,1
1,0,0,0,1
1,0,0,0,1
1,0,0,0,1
1,0,0,0,1
2,0,0,0,2
2,0,0,0,2
1,0,0,0,1
2,0,0,0,2
1,0,0,0,1
1,0,0,0,1
1,0,0,0,1
1,0,0,0,1
1,0,0,0,1
2,0,0,0,2
4,0,0,0,4
3,0,0,0,3
1,0,0,0,1
2,0,0,0,2
1,0,0,0,1
1,0,0,0,1
1,0,0,0,1
1,1,0,0,2
1,1,0,0,2
1,0,0,0,1
1,0,0,0,1
1,0,0,0,1
1,0,0,0,1
2,0,0,0,2
1,0,0,0,1
1,0,0,0,1
1,0,0,0,1
1,0,0,0,1
2,0,0,0,2
1,0,0,0,1
1,0,0,0,1
1,0,0,0,1
1,0,0,0,1
3,0,0,0,3
1,0,0,0,1
1,0,0,0,1
1,0,0,0,1
2,0,0,0,2
1,0,0,0,1
1,37,1,0,39
1,0,0,0,1
1,0,0,0,1
1,0,0,0,1
2,0,0,0,2
1,0,0,0,1
1,0,0,0,1
1,0,0,0,1
1,0,0,0,1
1,0,0,0,1
1,0,0,0,1
1,0,0,0,1
1,0,0,0,1
1,5,0,0,6
1,0,0,0,1
2,0,0,0,2
1,0,0,0,1
1,0,0,0,1
2,0,0,0,2
1,0,0,0,1
1,0,0,0,1
1,0,0,0,1
5,0,0,0,5
2,0,0,0,2
3,0,0,0,3
2,0,0,0,2
1,0,0,0,1
1,0,0,0,1
1,0,0,0,1
1,0,0,0,1
1,0,0,0,1
2,0,0,0,2
1,0,0,0,1
1,0,0,0,1
2,0,0,0,2
1,0,0,0,1
1,0,0,0,1
1,0,0,0,1
1,0,0,0,1
1,0,0,0,1
2,0,0,0,2
3,6,0,0,9
2,0,0,0,2
1,0,0,0,1
1,0,0,0,1
1,0,0,0,1
2,0,0,0,2
1,0,0,0,1
1,0,0,0,1
1,0,0,0,1
1,0,0,0,1
1,0,0,0,1
1,0,0,0,1
1,0,0,0,1
3,0,0,0,3
1,0,0,0,1
2,0,0,0,2
1,0,0,0,1
1,0,0,0,1
1,0,0,0,1
1,0,0,0,1
1,0,0,0,1
2,0,0,0,2
1,0,0,0,1
1,0,0,0,1
2,0,0,0,2
3,28,0,0,31
1,0,0,0,1
1,0,0,0,1
2,0,0,0,2
1,0,0,0,1
4,0,0,0,4
1,0,0,0,1
2,0,0,0,2
2,0,0,0,2
3,0,0,0,3
1,0,0,0,1
2,0,0,0,2
2,0,0,0,2
1,0,0,0,1
5,0,0,0,5
1,0,0,0,1
3,0,0,0,3
1,3,0,0,4
1,0,0,0,1
1,0,0,0,1
2,0,0,0,2
1,0,0,0,1
1,0,0,0,1
2,0,0,0,2
1,0,0,0,1
1,0,0,0,1
1,0,0,0,1
1,0,0,0,1
3,0,0,0,3
4,0,0,0,4
1,0,0,0,1
1,0,0,0,1
1,0,0,0,1
1,0,0,0,1
1,0,0,0,1
2,0,0,0,2
1,0,0,0,1
3,1,0,0,4
1,0,0,0,1
1,0,0,0,1
1,0,0,0,1
3,0,0,0,3
1,0,0,0,1
2,0,0,0,2
1,0,0,0,1
1,0,0,0,1
1,0,0,0,1
1,0,0,0,1
9,0,0,0,9
2,8,0,0,10
2,0,0,0,2
1,0,0,0,1
1,0,0,0,1
1,0,0,0,1
3,0,0,0,3
1,0,0,0,1
2,0,0,0,2
2,3,0,0,5
1,0,0,0,1
1,0,0,0,1
2,0,0,0,2
1,0,0,0,1
1,0,0,0,1
1,0,0,0,1
1,0,0,0,1
1,0,0,0,1
1,0,0,0,1
11,0,0,0,11
1,0,0,0,1
1,0,0,0,1
1,0,0,0,1
1,0,0,0,1
3,0,0,0,3
1,0,0,0,1
3,0,0,0,3
1,0,0,0,1
2,0,0,0,2
2,0,0,0,2
1,0,0,0,1
1,0,0,0,1
1,0,0,0,1
1,0,0,0,1
1,0,2,0,3
1,0,0,0,1
2,0,0,0,2
2,0,0,0,2
2,0,0,0,2
1,0,0,0,1
3,0,0,0,3
1,0,0,0,1
1,0,0,0,1
1,0,0,0,1
3,0,0,0,3
2,0,0,0,2
1,0,0,0,1
1,0,0,0,1
1,0,0,0,1
3,0,0,0,3
2,0,0,0,2
1,0,0,0,1
2,0,0,0,2
1,0,0,0,1
2,0,0,0,2
3,0,0,0,3
1,0,0,0,1
1,0,0,0,1
3,0,0,0,3
1,0,0,0,1
1,0,0,0,1
1,1,1,0,3
1,0,0,0,1
1,0,0,0,1
1,0,0,0,1
1,0,0,0,1
1,0,0,0,1
1,0,0,0,1
1,0,0,0,1
1,0,0,0,1
2,0,0,0,2
2,0,0,0,2
1,0,0,0,1
2,0,0,0,2
1,0,0,0,1
4,0,0,0,4
4,1,0,0,5
1,0,0,0,1
2,0,0,0,2
1,0,0,0,1
1,0,0,0,1
1,0,0,0,1
1,0,0,0,1
1,0,0,0,1
1,0,0,0,1
1,0,0,0,1
3,0,0,0,3
1,0,0,0,1
7,0,0,0,7
2,0,0,0,2
1,0,0,0,1
1,0,0,0,1
1,0,0,0,1
1,0,0,0,1
1,0,0,0,1
2,0,0,0,2
1,0,0,0,1
1,0,0,0,1
2,0,0,0,2
1,0,0,0,1
1,0,0,0,1
1,0,0,0,1
1,0,0,0,1
2,0,0,0,2
1,0,0,0,1
1,0,0,0,1
2,0,0,0,2
2,0,0,0,2
1,0,0,0,1
1,0,0,0,1
1,0,0,0,1
1,0,0,0,1
3,0,0,0,3
1,0,0,0,1
1,0,0,0,1
1,0,0,0,1
2,0,0,0,2
9,2,0,0,11
4,0,0,0,4
2,3,0,0,5
1,0,0,0,1
1,0,0,0,1
1,0,0,0,1
1,0,0,0,1
1,0,0,0,1
1,0,0,0,1
1,0,0,0,1
2,0,0,0,2
1,0,0,0,1
1,2,1,0,4
1,0,0,0,1
1,0,0,0,1
1,0,0,0,1
1,0,0,0,1
3,0,0,0,3
1,0,0,0,1
1,0,0,0,1
1,0,0,0,1
1,0,0,0,1
1,0,0,0,1
1,0,0,0,1
1,0,0,0,1
1,0,0,0,1
1,0,0,0,1
1,0,0,0,1
1,0,0,0,1
1,0,0,0,1
1,0,0,0,1
1,0,0,0,1
1,0,0,0,1
2,0,0,0,2
1,4,1,0,6
3,0,0,0,3
1,0,0,0,1
1,0,0,0,1
2,0,0,0,2
1,0,0,0,1
1,1,0,0,2
1,0,0,0,1
1,0,0,0,1
1,0,0,0,1
1,0,0,0,1
2,0,0,0,2
1,0,0,0,1
1,0,0,0,1
3,0,0,0,3
2,3,0,0,5
2,0,0,0,2
1,0,0,0,1
1,0,0,0,1
1,0,0,0,1
1,0,0,0,1
1,0,0,0,1
1,0,0,0,1
1,0,0,0,1
1,0,0,0,1
1,0,0,0,1
1,0,0,0,1
1,0,0,0,1
1,0,0,0,1
1,0,0,0,1
1,0,0,0,1
1,0,0,0,1
4,0,0,0,4
2,0,0,0,2
2,0,0,0,2
1,0,0,0,1
2,0,0,0,2
1,0,0,0,1
1,0,0,0,1
1,0,0,0,1
1,0,0,0,1
2,0,0,0,2
4,0,0,0,4
1,0,0,0,1
1,0,0,0,1
1,0,0,0,1
1,0,0,0,1
1,0,0,0,1
1,0,0,0,1
1,0,0,0,1
1,0,0,0,1
1,0,0,0,1
1,0,0,0,1
1,0,0,0,1
1,0,0,0,1
2,0,0,0,2
1,0,0,0,1
1,0,0,0,1
1,0,0,0,1
1,0,0,0,1
1,0,0,0,1
1,0,0,0,1
1,0,0,0,1
1,0,0,0,1
1,0,0,0,1
1,0,0,0,1
1,0,0,0,1
1,0,0,0,1
1,0,0,0,1
6,0,0,0,6
1,0,0,0,1
1,0,0,0,1
4,0,0,0,4
1,0,0,0,1
1,0,0,0,1
2,0,0,0,2
1,0,0,0,1
1,0,0,0,1
1,0,0,0,1
1,0,0,0,1
1,0,0,0,1
1,0,0,0,1
1,0,0,0,1
1,0,0,0,1
1,0,0,0,1
1,0,0,0,1
1,0,0,0,1
1,0,0,0,1
1,0,0,0,1
3,0,0,0,3
1,0,0,0,1
1,0,0,0,1
1,0,0,0,1
1,0,0,0,1
1,0,0,0,1
1,0,0,0,1
1,0,0,0,1
2,0,0,0,2
3,0,0,0,3
1,0,0,0,1
1,0,0,0,1
1,0,0,0,1
1,0,0,0,1
1,0,0,0,1
1,0,0,0,1
1,0,0,0,1
1,0,0,0,1
1,0,0,0,1
1,0,0,0,1
1,0,0,0,1
1,0,0,0,1
2,0,0,0,2
2,0,0,0,2
1,0,0,0,1
2,0,0,0,2
1,0,0,0,1
1,0,0,0,1
1,0,0,0,1
2,0,0,0,2
1,0,0,0,1
2,0,0,0,2
1,0,0,0,1
1,0,0,0,1
1,0,0,0,1
1,0,0,0,1
2,0,0,0,2
1,0,0,0,1
2,0,0,0,2
3,0,0,0,3
1,0,0,0,1
3,0,0,0,3
1,0,0,0,1
1,0,0,0,1
1,0,0,0,1
1,0,0,0,1
2,0,0,0,2
1,0,0,0,1
1,0,0,0,1
2,0,0,0,2
3,0,0,0,3
3,0,0,0,3
2,0,0,0,2
1,0,0,0,1
1,0,0,0,1
1,0,0,0,1
2,0,0,0,2
1,0,0,0,1
1,0,0,0,1
1,0,0,0,1
1,0,0,0,1
1,0,0,0,1
1,0,0,0,1
2,0,0,0,2
1,0,0,0,1
1,0,0,0,1
4,0,0,0,4
1,0,0,0,1
1,0,0,0,1
1,0,0,0,1
2,0,0,0,2
4,0,0,0,4
1,0,0,0,1
1,0,0,0,1
1,0,0,0,1
1,0,0,0,1
1,0,0,0,1
1,0,0,0,1
1,0,0,0,1
1,0,0,0,1
1,0,2,0,3
4,0,0,0,4
1,0,0,0,1
1,0,0,0,1
3,4,0,0,7
1,0,0,0,1
1,0,0,0,1
1,0,0,0,1
1,0,0,0,1
1,0,0,0,1
1,0,0,0,1
1,0,0,0,1
1,0,0,0,1
1,0,0,0,1
1,0,0,0,1
1,0,0,0,1
1,0,0,0,1
1,0,0,0,1
2,0,0,0,2
1,0,0,0,1
1,0,0,0,1
1,0,0,0,1
2,0,0,0,2
1,0,0,0,1
1,0,0,0,1
2,0,0,0,2
1,0,0,0,1
1,0,0,0,1
1,0,0,0,1
1,0,0,0,1
4,2,0,0,6
1,0,0,0,1
1,1,0,0,2
2,0,0,0,2
1,0,0,0,1
1,0,0,0,1
1,0,0,0,1
1,0,0,0,1
1,0,0,0,1
1,0,0,0,1
1,0,0,0,1
1,0,0,0,1
3,0,0,0,3
1,0,0,0,1
1,0,0,0,1
1,1,0,0,2
2,0,0,0,2
1,0,0,0,1
1,0,0,0,1
2,0,0,0,2
1,0,0,0,1
1,0,0,0,1
1,0,0,0,1
1,0,0,0,1
3,0,0,0,3
1,0,0,0,1
1,0,0,0,1
1,0,0,0,1
1,0,0,0,1
7,0,0,0,7
1,0,0,0,1
1,0,0,0,1
1,0,0,0,1
1,1,1,0,3
1,0,0,0,1
2,3,0,0,5
1,0,0,0,1
1,0,0,0,1
1,0,0,0,1
1,0,0,0,1
1,0,0,0,1
1,0,0,0,1
1,0,0,0,1
1,0,0,0,1
1,0,0,0,1
1,0,0,0,1
1,0,0,0,1
1,0,0,0,1
1,0,0,0,1
1,0,0,0,1
1,0,0,0,1
1,0,0,0,1
1,0,0,0,1
2,0,0,0,2
1,0,0,0,1
1,0,0,0,1
1,0,0,0,1
1,0,0,0,1
6,0,0,0,6
1,0,0,0,1
1,0,0,0,1
1,0,0,0,1
1,1,1,0,3
1,0,0,0,1
1,0,0,0,1
1,0,0,0,1
2,0,0,0,2
1,3,0,0,4
1,5,0,0,6
4,0,0,0,4
1,0,0,0,1
1,0,0,0,1
1,0,0,0,1
1,0,0,0,1
2,0,0,0,2
1,0,0,0,1
1,0,0,0,1
1,0,0,0,1
4,0,0,0,4
1,0,0,0,1
1,0,0,0,1
1,0,0,0,1
7,0,0,0,7
1,0,0,0,1
3,0,0,0,3
9,0,0,0,9
1,0,0,0,1
1,0,0,0,1
1,0,0,0,1
2,0,0,0,2
3,0,0,0,3
2,0,0,0,2
1,0,0,0,1
1,0,0,0,1
1,0,0,0,1
1,0,0,0,1
1,0,0,0,1
1,0,0,0,1
1,0,0,0,1
1,0,0,0,1
1,0,0,0,1
3,0,0,0,3
1,0,0,0,1
1,0,0,0,1
1,0,0,0,1
1,1,0,0,2
2,0,0,0,2
7,0,0,0,7
1,0,1,0,2
1,0,0,0,1
1,0,0,0,1
4,0,0,0,4
1,0,0,0,1
1,0,1,0,2
1,0,0,0,1
1,0,0,0,1
2,1,0,0,3
1,0,0,0,1
1,0,0,0,1
1,0,0,0,1
3,0,0,0,3
1,0,0,0,1
1,0,0,0,1
1,0,0,0,1
1,0,0,0,1
1,0,0,0,1
1,0,0,0,1
1,0,0,0,1
1,0,0,0,1
1,0,0,0,1
6,1,0,0,7
2,0,0,0,2
2,0,0,0,2
1,0,0,0,1
1,12,0,0,13
1,0,0,0,1
1,0,0,0,1
1,0,0,0,1
3,0,0,0,3
1,0,0,0,1
1,0,0,0,1
1,0,0,0,1
1,0,0,0,1
1,0,0,0,1
1,0,0,0,1
1,0,0,0,1
1,0,0,0,1
1,0,0,0,1
2,0,0,0,2
1,0,0,0,1
6,0,0,0,6
1,0,0,0,1
1,0,0,0,1
1,0,0,0,1
4,0,0,0,4
3,0,0,0,3
3,0,0,0,3
4,0,0,0,4
3,0,0,0,3
1,0,0,0,1
1,0,0,0,1
1,0,0,0,1
2,5,0,0,7
3,0,0,0,3
1,0,0,0,1
4,0,0,0,4
1,0,0,0,1
1,0,0,0,1
1,0,0,0,1
2,0,0,0,2
1,0,0,0,1
1,0,0,0,1
3,0,0,0,3
1,0,0,0,1
1,0,0,0,1
1,0,0,0,1
1,0,0,0,1
1,1,0,0,2
1,0,0,0,1
2,0,0,0,2
1,0,0,0,1
1,0,0,0,1
2,0,0,0,2
1,0,0,0,1
1,0,0,0,1
1,0,0,0,1
1,0,0,0,1
1,0,0,0,1
5,0,0,0,5
4,1,0,0,5
1,0,0,0,1
2,0,0,0,2
6,0,0,0,6
1,0,0,0,1
1,0,0,0,1
1,0,0,0,1
1,0,0,0,1
1,0,0,0,1
1,0,0,0,1
1,0,0,0,1
1,0,0,0,1
1,0,0,0,1
1,0,0,0,1
3,0,0,0,3
1,0,0,0,1
1,0,0,0,1
1,0,0,0,1
1,0,0,0,1
1,0,0,0,1
1,0,0,0,1
1,0,0,0,1
1,0,0,0,1
2,0,0,0,2
1,0,0,0,1
1,0,0,0,1
1,0,0,0,1
1,0,0,0,1
1,0,0,0,1
1,0,0,0,1
1,0,0,0,1
1,0,0,0,1
1,0,0,0,1
1,0,0,0,1
3,0,0,0,3
1,0,0,0,1
1,0,0,0,1
1,0,0,0,1
1,0,0,0,1
1,0,0,0,1
1,0,0,0,1
3,5,0,0,8
1,0,0,0,1
2,0,0,0,2
1,27,1,0,29
4,0,0,0,4
2,0,0,0,2
1,0,0,0,1
1,2,0,0,3
1,0,0,0,1
1,0,0,0,1
1,0,0,0,1
1,0,0,0,1
1,0,0,0,1
1,0,0,0,1
1,0,0,0,1
1,0,0,0,1
1,0,0,0,1
1,0,0,0,1
6,0,0,0,6
2,0,0,0,2
1,0,0,0,1
1,0,0,0,1
1,0,0,0,1
1,0,0,0,1
1,0,0,0,1
2,0,0,0,2
2,0,0,0,2
1,0,0,0,1
1,0,0,0,1
1,0,0,0,1
3,0,0,0,3
2,0,0,0,2
1,0,0,0,1
1,0,0,0,1
1,0,0,0,1
2,0,0,0,2
2,0,0,0,2
2,0,0,0,2
1,0,0,0,1
1,0,0,0,1
1,0,0,0,1
1,0,0,0,1
1,0,0,0,1
1,0,0,0,1
1,0,0,0,1
1,0,0,0,1
2,0,0,0,2
1,0,0,0,1
2,0,0,0,2
1,0,0,0,1
1,0,0,0,1
1,0,0,0,1
1,0,0,0,1
1,0,0,0,1
1,0,0,0,1
1,0,0,0,1
6,0,0,0,6
1,0,0,0,1
1,3,0,0,4
2,2,0,0,4
1,4,0,0,5
1,0,0,0,1
2,0,0,0,2
4,0,0,0,4
1,0,0,0,1
1,0,0,0,1
3,0,0,0,3
1,0,0,0,1
1,0,0,0,1
1,0,0,0,1
1,0,0,0,1
1,0,0,0,1
2,0,0,0,2
1,0,0,0,1
1,0,0,0,1
1,0,2,0,3
1,0,0,0,1
1,0,0,0,1
2,0,0,0,2
1,0,0,0,1
2,0,0,0,2
1,0,0,0,1
1,0,0,0,1
5,0,0,0,5
2,4,0,0,6
1,0,0,0,1
4,0,0,0,4
1,0,0,0,1
2,0,0,0,2
3,0,0,0,3
1,0,0,0,1
2,0,0,0,2
1,0,0,0,1
1,0,0,0,1
1,0,0,0,1
1,0,0,0,1
1,0,0,0,1
1,0,0,0,1
1,0,0,0,1
2,0,0,0,2
1,0,0,0,1
1,0,0,0,1
1,0,0,0,1
2,0,0,0,2
1,0,0,0,1
1,0,0,0,1
1,0,0,0,1
1,0,0,0,1
1,0,0,0,1
1,0,0,0,1
1,0,0,0,1
1,0,0,0,1
2,0,0,0,2
1,0,0,0,1
1,0,0,0,1
4,0,0,0,4
1,0,0,0,1
2,0,0,0,2
1,0,0,0,1
2,0,0,0,2
2,1,0,0,3
1,0,0,0,1
1,0,0,0,1
3,2,0,0,5
1,0,0,0,1
1,0,0,0,1
1,0,0,0,1
1,0,0,0,1
1,0,0,0,1
1,0,0,0,1
1,0,0,0,1
1,0,0,0,1
2,0,0,0,2
1,0,0,0,1
2,0,0,0,2
1,0,0,0,1
1,0,0,0,1
1,0,0,0,1
3,0,0,0,3
1,0,0,0,1
1,0,0,0,1
2,0,0,0,2
1,0,0,0,1
1,0,0,0,1
2,0,0,0,2
1,0,0,0,1
1,0,0,0,1
1,0,0,0,1
2,0,0,0,2
1,0,0,0,1
1,0,0,0,1
2,0,0,0,2
1,0,0,0,1
2,0,0,0,2
1,0,0,0,1
2,0,0,0,2
1,0,0,0,1
1,0,0,0,1
2,0,0,0,2
1,0,0,0,1
1,1,0,0,2
4,0,0,0,4
2,0,0,0,2
2,0,0,0,2
1,0,0,0,1
2,0,0,0,2
2,0,0,0,2
1,0,0,0,1
1,0,0,0,1
1,0,0,0,1
1,2,0,0,3
1,0,0,0,1
1,0,0,0,1
3,3,0,0,6
1,1,0,0,2
1,0,0,0,1
1,0,0,0,1
1,0,0,0,1
1,0,0,0,1
1,0,0,0,1
1,0,0,0,1
1,0,0,0,1
1,0,0,0,1
2,0,0,0,2
1,0,0,0,1
2,0,0,0,2
1,0,0,0,1
1,0,0,0,1
1,0,0,0,1
1,0,0,0,1
1,1,1,0,3
1,0,0,0,1
1,0,0,0,1
1,0,0,0,1
1,0,0,0,1
1,0,0,0,1
1,0,0,0,1
1,0,0,0,1
1,0,0,0,1
1,0,0,0,1
1,0,0,0,1
1,0,0,0,1
1,0,0,0,1
1,0,0,0,1
1,0,0,0,1
1,0,0,0,1
1,0,0,0,1
4,0,0,0,4
4,0,0,0,4
2,0,0,0,2
1,0,0,0,1
2,0,0,0,2
2,0,0,0,2
1,0,0,0,1
1,0,0,0,1
1,0,0,0,1
1,0,0,0,1
2,0,0,0,2
1,0,0,0,1
1,0,0,0,1
1,0,0,0,1
2,7,0,0,9
1,0,0,0,1
2,0,0,0,2
1,0,0,0,1
1,0,0,0,1
1,0,0,0,1
1,0,0,0,1
1,0,0,0,1
1,0,0,0,1
1,0,0,0,1
2,0,0,0,2
1,0,0,0,1
1,0,0,0,1
1,0,0,0,1
1,0,0,0,1
2,0,0,0,2
1,0,0,0,1
1,0,0,0,1
1,0,0,0,1
3,0,1,0,4
1,1,0,0,2
1,0,0,0,1
1,0,0,0,1
3,0,0,0,3
4,0,0,0,4
1,0,0,0,1
6,3,1,0,10
1,0,0,0,1
1,0,0,0,1
1,0,0,0,1
1,0,0,0,1
1,2,0,0,3
2,0,0,0,2
1,0,0,0,1
1,0,0,0,1
3,2,0,0,5
4,15,0,0,19
1,0,0,0,1
1,0,0,0,1
1,0,0,0,1
1,0,0,0,1
1,0,0,0,1
1,0,0,0,1
1,0,0,0,1
2,0,0,0,2
1,0,0,0,1
1,0,0,0,1
5,0,0,0,5
1,0,0,0,1
1,0,0,0,1
2,0,0,0,2
1,0,0,0,1
1,0,0,0,1
1,0,0,0,1
1,0,0,0,1
3,0,0,0,3
1,0,0,0,1
2,0,0,0,2
1,0,0,0,1
4,0,0,0,4
1,0,0,0,1
1,0,0,0,1
1,0,0,0,1
1,0,0,0,1
1,0,0,0,1
1,0,0,0,1
1,0,0,0,1
4,68,0,0,72
3,0,0,0,3
5,0,0,0,5
6,1,0,0,7
1,0,0,0,1
1,0,0,0,1
1,0,0,0,1
1,0,0,0,1
1,0,0,0,1
1,0,0,0,1
1,0,0,0,1
1,0,0,0,1
1,0,0,0,1
1,0,0,0,1
1,0,0,0,1
1,0,0,0,1
2,0,0,0,2
1,0,0,0,1
1,0,0,0,1
1,0,0,0,1
3,0,0,0,3
1,0,0,0,1
2,0,0,0,2
1,0,0,0,1
1,0,0,0,1
1,0,0,0,1
1,0,0,0,1
1,0,0,0,1
1,0,0,0,1
1,0,0,0,1
1,0,0,0,1
1,0,0,0,1
1,0,0,0,1
5,0,0,0,5
1,0,0,0,1
1,0,0,0,1
1,0,0,0,1
2,0,0,0,2
1,0,0,0,1
2,11,0,0,13
1,0,0,0,1
4,0,0,0,4
1,0,0,0,1
1,0,0,0,1
1,0,0,0,1
1,0,0,0,1
1,0,0,0,1
1,2,0,0,3
1,0,0,0,1
3,0,0,0,3
1,0,0,0,1
1,0,0,0,1
2,0,0,0,2
1,0,0,0,1
1,0,0,0,1
3,0,0,0,3
1,0,0,0,1
1,0,0,0,1
1,0,0,0,1
1,0,0,0,1
1,0,0,0,1
2,0,0,0,2
1,0,0,0,1
1,0,0,0,1
1,0,0,0,1
2,0,0,0,2
1,0,0,0,1
1,4,0,0,5
1,0,0,0,1
1,0,0,0,1
1,0,0,0,1
1,0,0,0,1
1,0,0,0,1
3,0,0,0,3
1,0,0,0,1
1,0,0,0,1
1,7,0,0,8
1,0,0,0,1
1,0,0,0,1
1,0,0,0,1
1,0,0,0,1
1,0,0,0,1
2,0,0,0,2
1,0,0,0,1
1,0,0,0,1
2,0,0,0,2
2,0,0,0,2
1,0,0,0,1
1,0,0,0,1
1,0,0,0,1
1,0,0,0,1
1,2,0,0,3
1,0,0,0,1
1,0,0,0,1
1,0,0,0,1
1,0,0,0,1
6,0,0,0,6
1,0,0,0,1
1,0,0,0,1
1,0,0,0,1
1,0,0,0,1
1,0,0,0,1
1,0,0,0,1
1,0,0,0,1
1,0,0,0,1
1,0,0,0,1
1,0,0,0,1
1,0,0,0,1
1,0,0,0,1
1,0,0,0,1
2,0,0,0,2
1,0,0,0,1
2,0,0,0,2
1,0,0,0,1
1,0,0,0,1
1,0,0,0,1
3,0,0,0,3
4,0,0,0,4
1,0,0,0,1
1,0,0,0,1
1,0,0,0,1
1,0,0,0,1
1,0,0,0,1
1,3,0,0,4
1,175,0,0,176
1,0,0,0,1
1,0,0,0,1
3,0,0,0,3
1,0,0,0,1
1,0,0,0,1
3,0,0,0,3
1,0,0,0,1
3,0,0,0,3
1,0,0,0,1
2,0,0,0,2
1,0,0,0,1
1,0,0,0,1
1,0,0,0,1
1,0,0,0,1
1,0,0,0,1
1,0,0,0,1
1,0,0,0,1
1,0,0,0,1
1,0,0,0,1
1,0,0,0,1
1,0,0,0,1
1,0,0,0,1
2,0,0,0,2
2,0,0,0,2
1,0,0,0,1
3,0,0,0,3
1,0,0,0,1
3,0,0,0,3
1,0,0,0,1
1,0,0,0,1
1,0,0,0,1
1,0,0,0,1
1,0,0,0,1
1,0,0,0,1
3,0,0,0,3
1,0,0,0,1
1,0,0,0,1
1,0,0,0,1
1,0,0,0,1
2,0,0,0,2
1,0,0,0,1
1,0,0,0,1
1,0,0,0,1
3,0,0,0,3
1,0,0,0,1
1,1,0,0,2
1,0,0,0,1
1,0,0,0,1
1,0,0,0,1
4,0,0,0,4
1,0,0,0,1
1,0,0,0,1
1,0,0,0,1
1,0,0,0,1
2,0,0,0,2
1,0,0,0,1
2,0,0,0,2
1,0,0,0,1
1,0,0,0,1
3,0,0,0,3
1,0,0,0,1
1,0,0,0,1
1,0,0,0,1
1,0,0,0,1
1,0,0,0,1
1,0,0,0,1
1,0,0,0,1
2,0,0,0,2
2,0,0,0,2
2,0,0,0,2
1,0,0,0,1
1,0,0,0,1
1,0,0,0,1
1,0,0,0,1
1,0,0,0,1
3,0,0,0,3
1,0,0,0,1
1,0,0,0,1
1,0,0,0,1
1,0,0,0,1
1,1,0,0,2
1,0,0,0,1
1,0,0,0,1
1,0,0,0,1
1,0,0,0,1
1,0,0,0,1
1,0,0,0,1
1,0,0,0,1
1,0,0,0,1
1,0,0,0,1
4,0,0,0,4
1,0,0,0,1
1,0,0,0,1
1,0,0,0,1
2,0,0,0,2
2,0,0,0,2
1,0,0,0,1
1,0,0,0,1
1,0,0,0,1
1,0,0,0,1
1,0,0,0,1
1,0,0,0,1
1,0,0,0,1
1,0,0,0,1
3,1,1,0,5
1,0,0,0,1
1,0,0,0,1
2,0,0,0,2
1,0,0,0,1
1,0,0,0,1
1,0,0,0,1
1,0,0,0,1
3,0,0,0,3
1,0,0,0,1
1,0,0,0,1
1,0,0,0,1
1,0,0,0,1
3,0,0,0,3
1,0,0,0,1
1,0,0,0,1
2,0,0,0,2
1,0,0,0,1
2,0,0,0,2
1,2,1,0,4
1,0,0,0,1
1,0,0,0,1
1,0,0,0,1
1,0,0,0,1
3,0,0,0,3
1,0,0,0,1
1,0,0,0,1
1,0,0,0,1
1,0,0,0,1
1,0,0,0,1
1,0,0,0,1
1,0,0,0,1
1,0,0,0,1
4,11,0,0,15
1,0,0,0,1
1,0,0,0,1
1,0,0,0,1
1,0,0,0,1
1,0,0,0,1
2,0,0,0,2
1,0,0,0,1
1,0,0,0,1
1,0,0,0,1
1,0,0,0,1
2,0,0,0,2
1,0,0,0,1
1,0,0,0,1
1,0,0,0,1
3,0,0,0,3
1,0,0,0,1
2,0,0,0,2
1,0,0,0,1
1,0,0,0,1
1,0,0,0,1
1,0,0,0,1
1,0,0,0,1
1,0,0,0,1
2,0,0,0,2
2,0,0,0,2
1,0,0,0,1
1,0,0,0,1
1,0,0,0,1
1,0,0,0,1
1,0,0,0,1
1,0,0,0,1
1,0,0,0,1
1,2,0,0,3
1,0,0,0,1
1,0,0,0,1
1,0,0,0,1
3,0,0,0,3
1,0,0,0,1
1,0,0,0,1
1,0,0,0,1
1,0,0,0,1
1,0,0,0,1
1,0,0,0,1
2,0,0,0,2
1,0,0,0,1
1,0,0,0,1
1,0,0,0,1
1,0,0,0,1
1,0,0,0,1
1,0,0,0,1
1,0,0,0,1
1,0,0,0,1
4,0,0,0,4
1,0,0,0,1
1,0,0,0,1
1,0,0,0,1
2,0,0,0,2
2,0,0,0,2
1,0,0,0,1
2,0,0,0,2
3,0,0,0,3
1,7,0,0,8
1,0,0,0,1
1,0,0,0,1
1,0,0,0,1
1,0,0,0,1
1,2,0,0,3
1,0,0,0,1
1,0,0,0,1
1,0,0,0,1
1,0,0,0,1
1,0,0,0,1
3,0,0,0,3
1,0,0,0,1
1,4,0,0,5
1,0,0,0,1
1,0,0,0,1
1,0,0,0,1
1,0,0,0,1
2,0,0,0,2
6,5,0,0,11
1,0,0,0,1
1,0,0,0,1
3,0,0,0,3
1,0,0,0,1
2,0,0,0,2
1,0,0,0,1
2,0,0,0,2
2,0,0,0,2
2,0,0,0,2
1,0,0,0,1
1,0,0,0,1
1,0,0,0,1
1,0,0,0,1
1,0,0,0,1
1,0,0,0,1
1,0,0,0,1
1,0,0,0,1
1,0,0,0,1
5,0,0,0,5
2,0,0,0,2
1,0,0,0,1
1,0,0,0,1
1,0,0,0,1
1,0,0,0,1
1,0,0,0,1
1,0,0,0,1
1,0,0,0,1
3,1,0,0,4
2,0,0,0,2
1,0,0,0,1
1,0,0,0,1
1,0,0,0,1
2,0,0,0,2
1,0,0,0,1
2,0,0,0,2
1,0,0,0,1
1,0,0,0,1
4,3,0,0,7
1,0,0,0,1
1,0,0,0,1
1,0,0,0,1
2,0,0,0,2
1,0,0,0,1
1,0,0,0,1
3,0,0,0,3
1,0,0,0,1
5,1,0,0,6
1,0,0,0,1
1,0,0,0,1
3,0,0,0,3
2,0,0,0,2
1,0,0,0,1
1,0,0,0,1
1,0,0,0,1
2,0,0,0,2
1,0,0,0,1
1,0,0,0,1
1,0,0,0,1
9,14,0,0,23
1,0,0,0,1
1,0,0,0,1
1,0,0,0,1
1,0,0,0,1
1,0,0,0,1
1,0,0,0,1
1,0,0,0,1
1,0,0,0,1
1,0,0,0,1
1,0,0,0,1
1,0,0,0,1
1,0,0,0,1
1,0,0,0,1
1,0,0,0,1
1,0,0,0,1
1,0,0,0,1
1,0,0,0,1
1,0,0,0,1
1,0,0,0,1
1,0,0,0,1
1,0,0,0,1
2,0,0,0,2
1,0,0,0,1
2,0,0,0,2
1,0,0,0,1
1,0,0,0,1
1,0,0,0,1
1,0,0,0,1
2,0,0,0,2
3,0,0,0,3
1,0,0,0,1
1,0,0,0,1
1,0,0,0,1
1,0,0,0,1
1,0,0,0,1
1,0,0,0,1
1,0,0,0,1
1,0,0,0,1
1,0,0,0,1
1,0,0,0,1
1,0,0,0,1
1,0,0,0,1
1,0,0,0,1
1,0,0,0,1
2,0,0,0,2
2,0,0,0,2
1,0,0,0,1
1,0,0,0,1
1,0,0,0,1
1,0,0,0,1
3,0,0,0,3
1,0,0,0,1
1,0,0,0,1
1,0,0,0,1
1,0,0,0,1
1,0,0,0,1
1,0,0,0,1
1,0,0,0,1
1,0,0,0,1
1,0,0,0,1
1,0,0,0,1
1,0,0,0,1
1,0,0,0,1
1,0,0,0,1
1,0,0,0,1
1,6,0,0,7
1,0,0,0,1
1,0,0,0,1
1,0,0,0,1
1,0,0,0,1
1,0,0,0,1
6,0,0,0,6
2,0,0,0,2
1,0,0,0,1
2,0,0,0,2
4,0,0,0,4
4,0,0,0,4
1,0,0,0,1
1,0,0,0,1
1,0,0,0,1
3,0,0,0,3
3,1,0,0,4
1,0,0,0,1
1,0,0,0,1
1,0,0,0,1
1,0,0,0,1
4,0,0,0,4
1,0,0,0,1
1,0,0,0,1
1,0,0,0,1
2,0,0,0,2
1,0,0,0,1
1,0,0,0,1
1,0,0,0,1
1,0,0,0,1
1,0,0,0,1
1,0,0,0,1
2,0,0,0,2
1,0,0,0,1
1,0,0,0,1
3,0,0,0,3
1,0,0,0,1
2,0,0,0,2
1,0,0,0,1
3,0,0,0,3
1,0,0,0,1
1,0,0,0,1
1,0,0,0,1
1,0,0,0,1
1,0,0,0,1
1,0,0,0,1
2,2,0,0,4
1,0,0,0,1
1,0,0,0,1
2,0,0,0,2
1,0,0,0,1
1,0,0,0,1
1,0,0,0,1
1,0,0,0,1
3,0,0,0,3
1,0,0,0,1
2,0,0,0,2
4,0,0,0,4
1,0,0,0,1
1,0,0,0,1
1,0,0,0,1
1,0,0,0,1
1,0,0,0,1
7,0,0,0,7
1,0,0,0,1
1,0,0,0,1
1,0,0,0,1
1,0,0,0,1
1,0,0,0,1
1,0,0,0,1
3,0,0,0,3
1,0,0,0,1
3,1,1,0,5
1,0,0,0,1
1,0,0,0,1
1,0,0,0,1
1,0,0,0,1
1,0,0,0,1
1,0,0,0,1
2,0,0,0,2
1,0,0,0,1
1,0,0,0,1
1,0,0,0,1
1,0,0,0,1
1,0,0,0,1
2,0,0,0,2
1,0,0,0,1
1,0,0,0,1
3,0,0,0,3
1,0,0,0,1
1,0,0,0,1
1,0,0,0,1
4,0,0,0,4
1,0,0,0,1
1,0,0,0,1
1,0,0,0,1
1,0,0,0,1
2,0,0,0,2
1,0,0,0,1
1,0,0,0,1
1,0,0,0,1
2,0,0,0,2
2,0,0,0,2
1,0,0,0,1
1,0,0,0,1
1,1,0,0,2
1,0,0,0,1
2,0,0,0,2
1,0,0,0,1
1,0,0,0,1
1,0,0,0,1
1,0,0,0,1
1,0,0,0,1
6,0,0,0,6
2,0,0,0,2
2,0,0,0,2
1,0,0,0,1
1,0,0,0,1
3,0,0,0,3
1,0,0,0,1
1,0,0,0,1
1,0,0,0,1
1,0,0,0,1
1,0,0,0,1
1,0,0,0,1
4,0,0,0,4
2,0,0,0,2
1,0,0,0,1
3,0,0,0,3
1,0,0,0,1
2,13,0,0,15
1,1,1,0,3
1,0,0,0,1
1,0,0,0,1
1,0,0,0,1
1,0,0,0,1
1,0,0,0,1
1,0,0,0,1
1,0,0,0,1
4,12,0,0,16
2,0,0,0,2
1,0,0,0,1
1,0,0,0,1
1,0,0,0,1
3,0,0,0,3
1,0,0,0,1
1,0,0,0,1
1,0,0,0,1
1,0,0,0,1
3,0,0,0,3
1,0,0,0,1
1,0,0,0,1
1,6,0,0,7
1,0,0,0,1
1,0,0,0,1
1,0,0,0,1
1,0,0,0,1
1,0,0,0,1
1,0,0,0,1
2,0,0,0,2
1,0,0,0,1
2,0,0,0,2
3,0,0,0,3
1,0,0,0,1
2,0,0,0,2
1,0,0,0,1
1,0,0,0,1
1,0,0,0,1
3,0,0,0,3
2,0,0,0,2
1,0,0,0,1
1,0,0,0,1
1,0,0,0,1
1,0,0,0,1
1,0,0,0,1
1,0,0,0,1
2,0,0,0,2
1,0,0,0,1
1,0,0,0,1
2,0,0,0,2
1,0,0,0,1
1,0,0,0,1
1,0,0,0,1
1,0,0,0,1
1,0,0,0,1
1,0,0,0,1
1,0,0,0,1
1,0,0,0,1
2,0,0,0,2
1,0,0,0,1
5,0,0,0,5
1,0,0,0,1
3,0,0,0,3
1,0,0,0,1
1,0,0,0,1
2,1,0,0,3
1,0,0,0,1
1,0,0,0,1
3,0,0,0,3
1,0,0,0,1
2,0,0,0,2
1,0,0,0,1
2,0,0,0,2
1,0,0,0,1
1,0,0,0,1
1,0,0,0,1
1,0,0,0,1
1,0,0,0,1
2,0,0,0,2
1,0,0,0,1
1,0,0,0,1
1,0,0,0,1
1,0,0,0,1
1,0,0,0,1
1,0,0,0,1
3,0,0,0,3
1,0,0,0,1
2,0,0,0,2
2,0,0,0,2
2,0,0,0,2
1,0,0,0,1
1,0,0,0,1
3,0,0,0,3
1,0,0,0,1
1,0,0,0,1
3,0,0,0,3
2,0,0,0,2
1,0,0,0,1
1,0,0,0,1
1,0,0,0,1
1,0,0,0,1
1,0,0,0,1
1,0,0,0,1
1,0,0,0,1
1,0,0,0,1
2,0,0,0,2
1,0,0,0,1
1,0,0,0,1
1,0,0,0,1
1,0,0,0,1
1,0,0,0,1
1,0,0,0,1
1,0,0,0,1
1,2,0,0,3
1,0,0,0,1
2,0,0,0,2
2,0,0,0,2
1,0,0,0,1
1,0,0,0,1
1,0,0,0,1
1,0,0,0,1
2,0,0,0,2
1,0,0,0,1
1,0,0,0,1
1,0,0,0,1
2,0,0,0,2
1,0,0,0,1
1,0,0,0,1
2,5,0,0,7
1,0,0,0,1
3,0,0,0,3
1,0,0,0,1
1,0,0,0,1
3,0,0,0,3
2,1,1,0,4
1,0,0,0,1
2,0,0,0,2
1,0,0,0,1
2,0,0,0,2
1,0,0,0,1
4,0,0,0,4
1,0,0,0,1
1,0,0,0,1
3,0,0,0,3
1,0,0,0,1
1,0,0,0,1
1,0,0,0,1
3,4,5,0,12
2,0,0,0,2
2,0,0,0,2
1,0,0,0,1
2,0,0,0,2
1,0,0,0,1
2,0,0,0,2
1,0,0,0,1
2,0,0,0,2
2,0,0,0,2
1,0,0,0,1
3,0,0,0,3
1,2,0,0,3
2,0,0,0,2
1,0,0,0,1
1,0,0,0,1
1,0,0,0,1
1,0,0,0,1
3,0,0,0,3
2,0,0,0,2
1,0,0,0,1
1,0,0,0,1
2,0,0,0,2
1,0,0,0,1
1,0,0,0,1
1,0,0,0,1
1,0,0,0,1
1,0,0,0,1
1,0,0,0,1
1,0,0,0,1
1,0,0,0,1
1,0,0,0,1
1,0,0,0,1
1,0,0,0,1
1,0,0,0,1
2,0,0,0,2
1,0,0,0,1
1,0,0,0,1
1,0,0,0,1
1,0,0,0,1
2,0,0,0,2
1,0,0,0,1
1,0,0,0,1
1,0,0,0,1
1,0,0,0,1
2,0,0,0,2
3,0,0,0,3
1,0,0,0,1
1,0,0,0,1
1,2,0,0,3
1,0,0,0,1
2,0,0,0,2
1,0,0,0,1
1,0,0,0,1
3,2,0,0,5
1,0,0,0,1
1,0,0,0,1
1,0,0,0,1
1,0,0,0,1
1,0,0,0,1
1,0,0,0,1
3,0,0,0,3
2,0,0,0,2
1,0,0,0,1
1,0,0,0,1
1,5,0,0,6
1,0,0,0,1
1,0,0,0,1
1,0,0,0,1
1,0,0,0,1
1,0,0,0,1
2,0,0,0,2
1,0,0,0,1
1,0,0,0,1
1,0,0,0,1
2,0,0,0,2
3,0,0,0,3
1,0,0,0,1
1,0,0,0,1
1,0,0,0,1
1,0,0,0,1
2,0,0,0,2
1,0,0,0,1
1,0,0,0,1
1,0,0,0,1
2,0,0,0,2
1,0,0,0,1
1,0,0,0,1
1,0,0,0,1
1,0,0,0,1
1,0,0,0,1
1,0,0,0,1
4,0,0,0,4
1,0,0,0,1
1,0,0,0,1
1,0,0,0,1
1,0,0,0,1
1,0,0,0,1
2,0,0,0,2
1,0,0,0,1
1,0,0,0,1
1,0,0,0,1
1,0,0,0,1
1,0,0,0,1
1,0,0,0,1
1,0,0,0,1
1,0,0,0,1
1,0,0,0,1
1,0,0,0,1
1,0,0,0,1
1,0,0,0,1
2,0,0,0,2
1,0,0,0,1
1,0,0,0,1
1,0,0,0,1
1,0,0,0,1
1,0,0,0,1
3,0,0,0,3
1,0,0,0,1
2,0,0,0,2
1,0,0,0,1
2,0,0,0,2
1,0,0,0,1
1,0,0,0,1
3,0,0,0,3
1,0,0,0,1
1,0,0,0,1
1,0,0,0,1
1,0,0,0,1
1,0,0,0,1
2,0,0,0,2
1,0,0,0,1
1,0,0,0,1
1,0,0,0,1
1,0,0,0,1
1,0,0,0,1
1,0,0,0,1
1,0,0,0,1
1,0,0,0,1
1,0,0,0,1
1,0,0,0,1
5,0,0,0,5
2,0,0,0,2
7,0,0,0,7
3,0,0,0,3
2,0,0,0,2
1,0,0,0,1
2,0,0,0,2
1,0,0,0,1
1,0,0,0,1
2,0,0,0,2
1,0,0,0,1
1,0,0,0,1
1,0,0,0,1
2,0,0,0,2
1,0,0,0,1
1,0,0,0,1
2,0,0,0,2
2,0,0,0,2
1,0,0,0,1
1,0,0,0,1
1,0,0,0,1
4,0,0,0,4
1,0,0,0,1
1,0,0,0,1
1,0,0,0,1
1,0,0,0,1
1,0,0,0,1
1,0,0,0,1
2,0,0,0,2
1,0,0,0,1
2,0,0,0,2
3,0,0,0,3
1,0,0,0,1
1,0,0,0,1
1,0,0,0,1
1,0,0,0,1
1,0,0,0,1
1,0,0,0,1
3,0,0,0,3
1,0,0,0,1
1,0,0,0,1
1,0,0,0,1
1,0,0,0,1
3,0,0,0,3
1,0,0,0,1
1,0,0,0,1
1,0,0,0,1
1,0,0,0,1
1,0,0,0,1
1,0,0,0,1
1,0,0,0,1
1,0,0,0,1
1,0,0,0,1
2,0,0,0,2
4,0,0,0,4
1,0,0,0,1
1,0,0,0,1
2,1,0,0,3
9,8,0,0,17
1,0,0,0,1
3,0,0,0,3
1,0,0,0,1
2,0,0,0,2
1,0,0,0,1
1,0,0,0,1
1,0,0,0,1
1,0,0,0,1
1,0,0,0,1
3,0,0,0,3
1,0,0,0,1
2,0,0,0,2
1,0,0,0,1
1,0,0,0,1
1,0,0,0,1
1,0,0,0,1
1,0,0,0,1
1,0,0,0,1
1,0,0,0,1
1,0,0,0,1
1,0,0,0,1
5,0,0,0,5
1,0,0,0,1
1,0,0,0,1
2,0,0,0,2
1,0,0,0,1
1,0,0,0,1
2,0,0,0,2
1,0,0,0,1
2,0,0,0,2
1,0,0,0,1
1,0,0,0,1
1,0,0,0,1
1,0,0,0,1
1,0,0,0,1
1,5,0,0,6
2,0,0,0,2
3,0,0,0,3
1,0,0,0,1
1,0,0,0,1
1,0,0,0,1
1,0,0,0,1
2,0,0,0,2
2,0,0,0,2
1,0,0,0,1
1,0,0,0,1
2,0,0,0,2
2,0,0,0,2
1,0,0,0,1
1,0,0,0,1
2,0,0,0,2
1,0,0,0,1
1,0,0,0,1
1,0,0,0,1
1,0,0,0,1
1,0,0,0,1
3,0,0,0,3
1,0,0,0,1
3,0,0,0,3
1,0,0,0,1
1,0,0,0,1
1,0,0,0,1
1,0,0,0,1
2,0,0,0,2
1,0,0,0,1
1,0,0,0,1
1,0,0,0,1
1,0,0,0,1
1,0,0,0,1
1,0,0,0,1
1,0,0,0,1
1,0,0,0,1
3,0,0,0,3
3,0,0,0,3
1,0,0,0,1
1,0,0,0,1
1,0,0,0,1
3,0,0,0,3
1,0,0,0,1
1,0,0,0,1
2,0,0,0,2
1,0,0,0,1
2,6,0,0,8
3,0,0,0,3
2,0,0,0,2
1,0,0,0,1
1,0,0,0,1
2,0,0,0,2
1,0,0,0,1
4,0,0,0,4
2,0,0,0,2
1,0,0,0,1
2,0,0,0,2
2,0,0,0,2
1,0,0,0,1
6,0,0,0,6
1,0,0,0,1
1,0,0,0,1
1,0,0,0,1
3,0,0,0,3
1,0,0,0,1
1,0,0,0,1
4,0,0,0,4
1,0,0,0,1
1,0,0,0,1
1,0,0,0,1
1,0,0,0,1
2,0,0,0,2
2,0,0,0,2
1,0,0,0,1
1,0,0,0,1
1,0,0,0,1
1,0,0,0,1
1,0,0,0,1
1,0,0,0,1
4,0,0,0,4
1,0,0,0,1
1,0,0,0,1
1,0,0,0,1
1,0,0,0,1
1,0,0,0,1
1,0,0,0,1
2,0,0,0,2
1,0,0,0,1
4,0,0,0,4
1,0,0,0,1
1,0,0,0,1
1,0,0,0,1
2,0,0,0,2
1,0,0,0,1
1,0,0,0,1
1,0,0,0,1
1,0,0,0,1
1,0,0,0,1
5,0,0,0,5
2,0,0,0,2
1,0,0,0,1
3,0,0,0,3
3,0,0,0,3
1,0,0,0,1
5,0,0,0,5
1,0,0,0,1
4,50,0,0,54
1,0,0,0,1
1,0,0,0,1
1,0,0,0,1
1,0,0,0,1
2,0,0,0,2
2,0,0,0,2
1,0,0,0,1
1,0,0,0,1
1,0,0,0,1
1,0,0,0,1
2,0,0,0,2
3,0,0,0,3
1,0,0,0,1
1,0,0,0,1
1,0,0,0,1
1,0,0,0,1
1,0,0,0,1
1,0,0,0,1
5,0,0,0,5
1,0,0,0,1
1,0,0,0,1
1,0,0,0,1
2,0,0,0,2
1,0,0,0,1
1,0,0,0,1
1,0,0,0,1
1,0,0,0,1
1,0,0,0,1
1,0,0,0,1
1,0,0,0,1
1,0,0,0,1
1,0,0,0,1
1,0,0,0,1
1,0,0,0,1
2,13,1,0,16
1,0,0,0,1
1,0,0,0,1
1,0,0,0,1
1,0,0,0,1
2,0,0,0,2
1,0,0,0,1
1,0,0,0,1
3,0,0,0,3
5,0,0,0,5
1,0,0,0,1
1,0,0,0,1
1,0,0,0,1
1,0,0,0,1
1,0,0,0,1
1,0,0,0,1
1,0,0,0,1
1,0,0,0,1
1,0,0,0,1
1,0,0,0,1
1,0,0,0,1
1,0,0,0,1
3,0,0,0,3
1,0,0,0,1
1,0,0,0,1
2,0,0,0,2
2,0,0,0,2
2,0,0,0,2
1,0,0,0,1
3,0,0,0,3
2,0,0,0,2
1,0,0,0,1
1,0,0,0,1
1,0,0,0,1
2,0,0,0,2
1,0,0,0,1
1,0,0,0,1
1,0,0,0,1
1,0,0,0,1
1,0,0,0,1
1,0,0,0,1
1,0,0,0,1
1,0,0,0,1
1,0,0,0,1
1,0,0,0,1
1,0,0,0,1
1,0,0,0,1
1,0,0,0,1
1,0,0,0,1
3,0,0,0,3
6,1,0,0,7
1,0,0,0,1
3,0,0,0,3
11,0,0,0,11
1,0,0,0,1
1,0,0,0,1
4,0,0,0,4
1,0,0,0,1
1,0,0,0,1
6,0,0,0,6
2,0,0,0,2
1,0,0,0,1
1,0,0,0,1
1,0,0,0,1
3,0,0,0,3
1,0,0,0,1
2,0,0,0,2
1,0,0,0,1
3,0,0,0,3
1,0,0,0,1
1,0,0,0,1
5,0,0,0,5
1,0,0,0,1
2,0,0,0,2
1,0,0,0,1
1,0,0,0,1
4,0,0,0,4
1,0,0,0,1
1,0,0,0,1
1,0,0,0,1
1,0,0,0,1
1,0,0,0,1
1,0,0,0,1
1,0,0,0,1
1,0,0,0,1
1,3,0,0,4
1,37,0,0,38
3,0,0,0,3
1,0,0,0,1
1,0,0,0,1
2,0,0,0,2
1,0,0,0,1
1,0,0,0,1
1,0,0,0,1
1,0,0,0,1
1,0,0,0,1
1,0,0,0,1
1,0,0,0,1
1,0,0,0,1
2,0,0,0,2
1,0,0,0,1
1,0,0,0,1
1,0,0,0,1
1,0,0,0,1
3,0,0,0,3
1,0,0,0,1
1,0,0,0,1
1,0,0,0,1
1,0,0,0,1
1,0,0,0,1
5,2,0,0,7
1,0,0,0,1
1,0,0,0,1
1,0,0,0,1
2,0,0,0,2
8,0,0,0,8
1,0,0,0,1
2,0,0,0,2
3,0,0,0,3
5,0,0,0,5
1,0,0,0,1
3,0,0,0,3
2,0,0,0,2
1,0,0,0,1
1,0,0,0,1
1,0,0,0,1
1,0,0,0,1
1,0,0,0,1
4,0,0,0,4
3,0,0,0,3
1,0,0,0,1
1,0,0,0,1
1,2,3,0,6
1,2,1,0,4
1,0,0,0,1
3,0,0,0,3
1,0,0,0,1
1,0,0,0,1
1,0,0,0,1
1,0,0,0,1
1,0,0,0,1
1,0,0,0,1
2,0,0,0,2
3,0,0,0,3
1,0,0,0,1
4,0,0,0,4
1,0,0,0,1
4,0,0,0,4
1,0,0,0,1
2,2,0,0,4
1,0,0,0,1
4,0,0,0,4
1,0,0,0,1
1,0,0,0,1
1,0,0,0,1
2,0,0,0,2
1,0,0,0,1
1,0,0,0,1
1,0,0,0,1
2,0,0,0,2
1,2,0,0,3
2,0,0,0,2
1,0,0,0,1
1,0,0,0,1
1,0,0,0,1
3,1,1,0,5
2,0,0,0,2
1,0,0,0,1
3,5,0,0,8
1,0,0,0,1
2,0,0,0,2
3,0,0,0,3
2,0,0,0,2
6,0,0,0,6
2,0,0,0,2
1,0,0,0,1
2,0,0,0,2
1,0,0,0,1
1,0,0,0,1
2,0,0,0,2
2,0,0,0,2
1,0,0,0,1
2,0,0,0,2
1,0,0,0,1
1,0,0,0,1
1,0,0,0,1
1,0,0,0,1
2,0,0,0,2
1,0,0,0,1
1,0,0,0,1
2,0,0,0,2
3,0,0,0,3
1,0,0,0,1
1,0,0,0,1
1,0,0,0,1
2,0,0,0,2
1,0,0,0,1
1,0,0,0,1
2,0,0,0,2
1,0,0,0,1
1,0,0,0,1
1,0,0,0,1
1,0,0,0,1
1,0,0,0,1
1,0,0,0,1
1,0,0,0,1
1,0,0,0,1
2,0,0,0,2
1,0,0,0,1
1,0,0,0,1
4,0,0,0,4
2,0,0,0,2
2,0,0,0,2
2,0,0,0,2
1,0,0,0,1
1,0,0,0,1
1,0,0,0,1
1,0,0,0,1
2,0,0,0,2
1,0,0,0,1
1,0,0,0,1
2,2,0,0,4
1,0,0,0,1
1,0,0,0,1
1,0,0,0,1
2,0,0,0,2
1,0,0,0,1
1,0,0,0,1
1,0,0,0,1
1,0,0,0,1
2,0,1,0,3
1,0,0,0,1
1,0,0,0,1
1,0,0,0,1
1,0,0,0,1
1,0,0,0,1
1,0,0,0,1
1,0,0,0,1
2,0,0,0,2
1,0,0,0,1
1,0,0,0,1
1,0,0,0,1
1,0,0,0,1
1,0,0,0,1
1,0,0,0,1
1,0,0,0,1
1,0,0,0,1
1,0,0,0,1
2,0,0,0,2
1,0,0,0,1
1,0,0,0,1
4,0,0,0,4
1,0,0,0,1
1,0,0,0,1
1,0,0,0,1
1,0,0,0,1
1,0,0,0,1
1,0,0,0,1
1,0,0,0,1
1,0,0,0,1
2,0,0,0,2
1,0,0,0,1
3,0,0,0,3
1,0,0,0,1
2,0,0,0,2
2,0,0,0,2
1,98,0,0,99
1,0,0,0,1
3,0,0,0,3
1,0,0,0,1
1,0,0,0,1
1,0,0,0,1
1,0,0,0,1
1,1,0,0,2
1,0,0,0,1
1,0,0,0,1
1,0,0,0,1
2,0,0,0,2
1,0,0,0,1
1,0,0,0,1
2,0,0,0,2
1,0,0,0,1
1,0,0,0,1
8,0,0,0,8
4,0,0,0,4
1,0,0,0,1
1,0,0,0,1
1,0,0,0,1
1,0,0,0,1
1,0,0,0,1
1,0,0,0,1
2,0,0,0,2
1,0,0,0,1
1,0,0,0,1
3,0,0,0,3
1,0,0,0,1
1,0,0,0,1
2,0,0,0,2
6,0,0,0,6
2,0,0,0,2
1,0,0,0,1
2,0,0,0,2
1,0,0,0,1
1,0,0,0,1
1,0,0,0,1
1,0,0,0,1
1,0,0,0,1
1,0,0,0,1
1,0,0,0,1
2,0,0,0,2
4,0,0,0,4
1,0,0,0,1
1,0,0,0,1
1,0,0,0,1
1,0,0,0,1
1,0,0,0,1
1,0,0,0,1
2,0,0,0,2
1,0,0,0,1
2,0,0,0,2
1,0,0,0,1
1,0,0,0,1
1,0,0,0,1
1,0,0,0,1
4,0,0,0,4
2,0,0,0,2
1,0,0,0,1
1,0,0,0,1
1,0,0,0,1
1,2,0,0,3
1,0,0,0,1
3,0,0,0,3
1,0,0,0,1
1,0,0,0,1
1,0,0,0,1
1,0,0,0,1
1,0,0,0,1
1,0,0,0,1
1,0,0,0,1
1,1,0,0,2
2,0,0,0,2
1,0,0,0,1
1,2,1,0,4
1,0,0,0,1
1,0,0,0,1
1,0,0,0,1
1,0,0,0,1
1,0,0,0,1
3,3,0,0,6
1,0,0,0,1
2,0,0,0,2
1,0,0,0,1
1,0,0,0,1
1,4,1,0,6
2,0,0,0,2
1,0,0,0,1
1,0,0,0,1
1,0,0,0,1
1,0,0,0,1
1,0,0,0,1
2,0,0,0,2
4,0,0,0,4
1,0,0,0,1
1,0,0,0,1
1,0,0,0,1
2,0,0,0,2
1,0,0,0,1
3,4,0,0,7
1,0,0,0,1
1,0,0,0,1
1,0,0,0,1
1,0,0,0,1
1,0,0,0,1
1,0,0,0,1
1,0,0,0,1
1,0,0,0,1
1,0,0,0,1
1,0,0,0,1
4,0,0,0,4
1,0,0,0,1
1,0,0,0,1
1,0,0,0,1
1,0,0,0,1
1,0,0,0,1
1,0,0,0,1
1,0,0,0,1
1,0,0,0,1
3,0,0,0,3
1,0,0,0,1
1,0,0,0,1
1,0,0,0,1
1,0,0,0,1
4,0,0,0,4
1,0,0,0,1
1,0,0,0,1
1,0,0,0,1
1,0,0,0,1
1,0,0,0,1
1,0,0,0,1
3,0,0,0,3
1,0,0,0,1
2,0,0,0,2
1,3,0,0,4
1,0,0,0,1
1,0,0,0,1
3,0,0,0,3
1,0,0,0,1
1,0,0,0,1
1,0,0,0,1
1,0,0,0,1
1,0,0,0,1
1,5,0,0,6
6,0,0,0,6
1,0,0,0,1
1,0,0,0,1
1,0,0,0,1
3,0,0,0,3
1,0,0,0,1
1,1,0,0,2
3,0,0,0,3
1,0,0,0,1
1,0,0,0,1
1,0,0,0,1
1,0,0,0,1
2,1,0,0,3
4,0,0,0,4
1,0,0,0,1
1,0,0,0,1
2,0,0,0,2
1,0,0,0,1
1,0,0,0,1
1,0,0,0,1
2,0,0,0,2
2,0,0,0,2
1,0,0,0,1
1,0,0,0,1
3,0,0,0,3
1,0,0,0,1
1,0,0,0,1
1,0,0,0,1
3,0,0,0,3
1,0,0,0,1
1,0,0,0,1
4,0,0,0,4
2,0,0,0,2
1,0,0,0,1
1,0,0,0,1
1,0,0,0,1
2,0,0,0,2
3,0,0,0,3
1,0,0,0,1
6,0,0,0,6
1,0,0,0,1
1,0,0,0,1
1,0,0,0,1
1,0,0,0,1
1,0,0,0,1
1,0,0,0,1
1,0,0,0,1
1,0,0,0,1
1,1,0,0,2
1,0,0,0,1
1,0,0,0,1
1,0,0,0,1
1,0,0,0,1
1,0,0,0,1
1,0,0,0,1
1,0,0,0,1
1,0,0,0,1
1,0,0,0,1
1,0,0,0,1
2,0,0,0,2
2,2,0,0,4
2,0,0,0,2
1,0,0,0,1
1,0,0,0,1
3,0,0,0,3
1,0,0,0,1
2,0,0,0,2
1,0,0,0,1
1,0,0,0,1
1,0,0,0,1
1,0,0,0,1
1,0,0,0,1
1,0,0,0,1
1,0,0,0,1
7,0,0,0,7
2,6,1,0,9
1,0,0,0,1
3,2,0,0,5
1,0,0,0,1
1,0,0,0,1
2,0,0,0,2
1,0,0,0,1
1,0,0,0,1
1,0,0,0,1
1,2,0,0,3
1,0,0,0,1
1,0,0,0,1
1,0,0,0,1
1,0,0,0,1
1,0,0,0,1
1,0,0,0,1
1,0,0,0,1
2,0,0,0,2
1,0,0,0,1
1,0,0,0,1
2,0,0,0,2
7,3,0,0,10
4,0,0,0,4
3,0,0,0,3
2,0,0,0,2
3,0,0,0,3
1,0,0,0,1
1,0,0,0,1
1,0,0,0,1
1,0,0,0,1
2,0,0,0,2
2,0,0,0,2
1,0,0,0,1
1,0,0,0,1
2,0,0,0,2
2,0,0,0,2
3,0,0,0,3
2,17,0,0,19
1,0,0,0,1
1,0,0,0,1
1,0,0,0,1
2,0,0,0,2
1,0,0,0,1
4,0,0,0,4
1,0,0,0,1
1,0,0,0,1
1,0,0,0,1
1,0,0,0,1
1,0,0,0,1
1,0,0,0,1
2,0,0,0,2
1,0,0,0,1
3,0,0,0,3
1,0,0,0,1
1,0,0,0,1
1,0,0,0,1
1,0,0,0,1
3,0,0,0,3
1,0,0,0,1
1,0,0,0,1
1,0,0,0,1
1,0,0,0,1
1,0,0,0,1
1,0,0,0,1
1,0,0,0,1
2,0,0,0,2
1,0,0,0,1
4,0,0,0,4
1,0,0,0,1
1,0,0,0,1
1,0,0,0,1
1,0,0,0,1
1,0,0,0,1
1,0,0,0,1
1,0,0,0,1
1,0,0,0,1
1,0,0,0,1
1,0,0,0,1
2,0,0,0,2
1,0,0,0,1
1,0,0,0,1
1,0,0,0,1
4,0,0,0,4
1,0,0,0,1
1,0,0,0,1
11,0,0,0,11
1,0,0,0,1
1,0,0,0,1
2,0,0,0,2
6,0,0,0,6
1,0,0,0,1
1,0,0,0,1
1,0,0,0,1
2,0,0,0,2
1,0,0,0,1
1,0,0,0,1
2,0,0,0,2
1,0,0,0,1
1,0,0,0,1
2,0,0,0,2
1,0,0,0,1
1,0,0,0,1
1,0,0,0,1
1,0,0,0,1
2,0,0,0,2
6,0,0,0,6
1,0,0,0,1
2,0,0,0,2
1,0,0,0,1
1,0,0,0,1
1,0,0,0,1
1,0,0,0,1
1,0,0,0,1
1,0,0,0,1
1,0,0,0,1
4,0,0,0,4
2,0,0,0,2
1,0,0,0,1
3,0,0,0,3
2,0,0,0,2
1,0,0,0,1
1,0,0,0,1
1,0,0,0,1
1,0,0,0,1
1,0,0,0,1
3,0,0,0,3
1,3,0,0,4
1,0,0,0,1
7,0,0,0,7
1,0,0,0,1
1,0,0,0,1
1,0,0,0,1
1,0,0,0,1
1,0,0,0,1
1,0,0,0,1
3,0,0,0,3
1,0,0,0,1
1,0,0,0,1
2,3,0,0,5
2,4,0,0,6
1,0,0,0,1
1,0,0,0,1
1,0,0,0,1
1,0,0,0,1
1,0,0,0,1
1,0,0,0,1
1,2,0,0,3
1,1,0,0,2
1,0,0,0,1
1,0,0,0,1
1,0,1,0,2
1,0,0,0,1
1,0,0,0,1
1,0,0,0,1
3,1,0,0,4
1,0,0,0,1
3,0,0,0,3
1,0,0,0,1
2,0,0,0,2
1,0,0,0,1
2,0,0,0,2
1,0,0,0,1
1,0,0,0,1
1,0,0,0,1
2,0,0,0,2
1,0,0,0,1
1,0,0,0,1
1,0,0,0,1
1,0,0,0,1
1,0,0,0,1
1,0,0,0,1
1,0,0,0,1
1,0,0,0,1
1,0,0,0,1
1,3,0,0,4
1,0,0,0,1
1,0,0,0,1
1,1,0,0,2
1,0,0,0,1
1,0,0,0,1
1,0,0,0,1
2,1,0,0,3
1,0,0,0,1
1,0,0,0,1
1,0,0,0,1
5,0,0,0,5
1,0,0,0,1
2,0,0,0,2
1,0,0,0,1
1,0,0,0,1
3,0,0,0,3
1,0,0,0,1
1,0,0,0,1
1,0,0,0,1
1,0,0,0,1
1,0,0,0,1
5,4,0,0,9
2,0,0,0,2
1,0,0,0,1
1,0,0,0,1
1,0,0,0,1
2,0,0,0,2
1,0,0,0,1
2,0,0,0,2
1,0,0,0,1
1,0,0,0,1
1,0,0,0,1
2,0,0,0,2
2,0,0,0,2
1,0,0,0,1
1,0,0,0,1
3,0,0,0,3
1,0,0,0,1
1,0,0,0,1
1,0,0,0,1
1,0,0,0,1
2,0,0,0,2
1,0,0,0,1
1,0,0,0,1
2,0,0,0,2
1,0,0,0,1
1,0,0,0,1
5,0,0,0,5
1,0,0,0,1
1,0,0,0,1
4,0,0,0,4
1,0,0,0,1
1,0,0,0,1
1,0,0,0,1
1,0,0,0,1
1,0,0,0,1
2,0,0,0,2
1,0,0,0,1
1,0,0,0,1
1,0,0,0,1
1,0,0,0,1
1,0,0,0,1
1,0,0,0,1
1,0,0,0,1
1,2,0,0,3
1,0,0,0,1
5,1,1,0,7
1,0,0,0,1
1,0,0,0,1
1,0,0,0,1
1,0,0,0,1
1,0,0,0,1
1,0,0,0,1
1,0,0,0,1
1,0,0,0,1
2,0,0,0,2
1,0,0,0,1
1,0,0,0,1
1,0,0,0,1
1,0,0,0,1
1,0,0,0,1
1,0,0,0,1
1,0,0,0,1
1,0,0,0,1
1,0,0,0,1
1,0,0,0,1
1,4,0,0,5
4,0,0,0,4
1,0,0,0,1
1,0,0,0,1
1,0,0,0,1
1,0,0,0,1
1,0,0,0,1
1,0,0,0,1
1,0,0,0,1
1,0,0,0,1
1,0,0,0,1
1,0,0,0,1
1,0,0,0,1
1,0,0,0,1
1,0,0,0,1
1,0,0,0,1
1,0,0,0,1
1,0,0,0,1
1,0,0,0,1
1,0,0,0,1
1,0,0,0,1
1,0,0,0,1
1,0,0,0,1
1,0,0,0,1
1,0,0,0,1
1,0,0,0,1
2,0,0,0,2
1,0,0,0,1
3,2,0,0,5
1,0,0,0,1
3,0,0,0,3
1,0,0,0,1
1,0,0,0,1
2,0,0,0,2
1,0,0,0,1
1,0,0,0,1
1,0,0,0,1
2,0,0,0,2
1,0,0,0,1
1,0,0,0,1
2,0,0,0,2
1,0,0,0,1
1,0,0,0,1
1,0,0,0,1
1,0,0,0,1
1,0,0,0,1
1,0,0,0,1
1,0,0,0,1
1,0,0,0,1
1,0,0,0,1
1,0,0,0,1
1,0,0,0,1
1,0,0,0,1
1,0,0,0,1
1,5,0,0,6
1,0,0,0,1
1,0,0,0,1
1,0,0,0,1
1,0,0,0,1
1,0,0,0,1
1,0,0,0,1
1,0,0,0,1
1,0,0,0,1
1,0,0,0,1
2,0,0,0,2
1,0,0,0,1
1,0,0,0,1
2,0,0,0,2
1,0,0,0,1
1,0,0,0,1
1,0,0,0,1
1,0,0,0,1
1,0,0,0,1
1,0,0,0,1
3,1,0,0,4
1,0,0,0,1
2,0,0,0,2
2,0,0,0,2
1,0,0,0,1
5,1,0,0,6
2,0,0,0,2
1,0,0,0,1
1,0,0,0,1
1,0,0,0,1
1,8,0,0,9
1,0,0,0,1
1,0,0,0,1
1,0,0,0,1
2,0,0,0,2
1,0,0,0,1
1,0,0,0,1
1,0,0,0,1
1,0,0,0,1
1,0,0,0,1
1,0,0,0,1
1,0,0,0,1
1,0,0,0,1
1,0,0,0,1
2,0,0,0,2
1,0,0,0,1
2,0,0,0,2
2,0,0,0,2
1,0,0,0,1
1,0,0,0,1
1,0,0,0,1
1,0,0,0,1
1,0,0,0,1
1,0,0,0,1
1,0,0,0,1
1,0,0,0,1
1,0,0,0,1
3,0,0,0,3
1,0,0,0,1
1,0,0,0,1
1,0,0,0,1
3,0,0,0,3
1,0,0,0,1
1,0,0,0,1
1,0,0,0,1
1,0,0,0,1
1,0,0,0,1
3,0,0,0,3
3,1,0,0,4
1,0,0,0,1
1,0,0,0,1
1,0,0,0,1
1,0,0,0,1
1,0,0,0,1
1,0,0,0,1
2,0,0,0,2
1,0,0,0,1
1,0,0,0,1
1,1,0,0,2
2,10,0,0,12
1,0,0,0,1
2,0,0,0,2
1,0,0,0,1
1,0,0,0,1
1,0,0,0,1
1,0,0,0,1
1,0,0,0,1
1,20,0,0,21
4,2,1,0,7
1,0,0,0,1
1,0,0,0,1
1,0,0,0,1
2,0,0,0,2
1,0,0,0,1
2,4,0,0,6
1,0,0,0,1
2,0,0,0,2
1,0,0,0,1
1,0,0,0,1
1,0,0,0,1
1,0,0,0,1
5,0,0,0,5
1,2,0,0,3
1,0,0,0,1
1,0,0,0,1
1,0,0,0,1
3,0,0,0,3
1,0,0,0,1
1,0,0,0,1
1,0,0,0,1
1,0,0,0,1
1,0,0,0,1
1,2,0,0,3
1,0,0,0,1
1,0,0,0,1
1,0,0,0,1
1,0,0,0,1
1,0,0,0,1
1,0,0,0,1
1,0,0,0,1
4,0,0,0,4
1,0,0,0,1
1,0,0,0,1
1,0,0,0,1
1,0,0,0,1
1,0,0,0,1
1,0,0,0,1
1,0,0,0,1
1,0,0,0,1
1,0,0,0,1
1,0,0,0,1
1,0,0,0,1
2,0,0,0,2
1,0,0,0,1
1,0,0,0,1
1,0,0,0,1
1,0,0,0,1
1,0,0,0,1
1,0,0,0,1
1,0,0,0,1
1,0,0,0,1
1,0,0,0,1
2,2,0,0,4
1,0,0,0,1
1,0,0,0,1
2,0,0,0,2
1,0,0,0,1
1,0,0,0,1
1,0,0,0,1
2,0,0,0,2
1,1,0,0,2
3,0,0,0,3
1,0,0,0,1
1,0,0,0,1
2,0,0,0,2
2,0,0,0,2
1,0,0,0,1
1,0,0,0,1
1,1,0,0,2
2,0,0,0,2
1,0,0,0,1
1,0,0,0,1
1,0,0,0,1
1,0,0,0,1
2,0,0,0,2
1,0,0,0,1
4,0,0,0,4
1,0,0,0,1
3,0,0,0,3
1,0,0,0,1
1,0,0,0,1
1,0,0,0,1
1,0,0,0,1
2,0,0,0,2
2,0,0,0,2
2,0,0,0,2
1,0,0,0,1
2,0,1,0,3
1,0,0,0,1
1,0,0,0,1
2,0,0,0,2
2,0,0,0,2
1,0,0,0,1
1,0,0,0,1
2,0,0,0,2
1,0,0,0,1
2,0,0,0,2
2,0,0,0,2
1,0,0,0,1
2,0,0,0,2
1,0,0,0,1
1,0,0,0,1
1,0,0,0,1
1,0,0,0,1
2,0,0,0,2
2,0,0,0,2
4,0,0,0,4
1,0,0,0,1
1,0,0,0,1
3,0,0,0,3
1,0,0,0,1
2,0,0,0,2
1,0,0,0,1
1,0,0,0,1
1,0,0,0,1
1,0,0,0,1
2,0,0,0,2
1,0,0,0,1
1,0,0,0,1
1,0,0,0,1
1,0,0,0,1
1,0,0,0,1
1,0,0,0,1
1,0,0,0,1
1,0,0,0,1
1,0,0,0,1
1,0,0,0,1
2,0,0,0,2
2,0,0,0,2
1,3,0,0,4
1,0,0,0,1
1,0,0,0,1
1,0,0,0,1
1,0,0,0,1
1,0,0,0,1
1,0,0,0,1
2,0,0,0,2
1,0,0,0,1
1,0,0,0,1
1,0,0,0,1
1,0,0,0,1
1,0,0,0,1
1,0,0,0,1
1,0,0,0,1
1,0,0,0,1
1,0,0,0,1
1,0,0,0,1
1,0,0,0,1
1,0,0,0,1
1,0,0,0,1
4,0,0,0,4
1,0,0,0,1
1,7,0,0,8
4,0,0,0,4
1,0,0,0,1
2,0,0,0,2
1,0,0,0,1
3,3,0,0,6
2,0,0,0,2
1,0,0,0,1
1,0,0,0,1
1,0,0,0,1
1,0,0,0,1
1,0,0,0,1
1,0,0,0,1
1,0,0,0,1
2,0,0,0,2
1,0,0,0,1
1,0,0,0,1
1,0,0,0,1
1,0,0,0,1
2,4,0,0,6
1,0,0,0,1
2,0,0,0,2
3,0,0,0,3
1,0,0,0,1
5,0,0,0,5
3,0,0,0,3
1,0,0,0,1
4,0,0,0,4
4,0,0,0,4
1,0,0,0,1
1,0,0,0,1
2,0,0,0,2
1,0,0,0,1
1,0,0,0,1
3,0,0,0,3
1,0,0,0,1
1,0,0,0,1
1,0,0,0,1
1,0,0,0,1
1,0,0,0,1
1,0,0,0,1
5,0,0,0,5
2,0,0,0,2
1,0,0,0,1
3,0,0,0,3
2,0,0,0,2
1,0,0,0,1
6,0,0,0,6
1,0,0,0,1
1,0,0,0,1
1,0,0,0,1
1,0,0,0,1
1,0,0,0,1
1,0,0,0,1
1,0,0,0,1
1,0,0,0,1
2,0,0,0,2
1,0,0,0,1
1,0,0,0,1
3,0,0,0,3
3,0,0,0,3
5,0,0,0,5
2,0,0,0,2
1,0,0,0,1
1,0,0,0,1
2,0,0,0,2
1,0,0,0,1
1,0,0,0,1
1,0,0,0,1
2,0,0,0,2
1,0,0,0,1
1,0,0,0,1
1,0,0,0,1
1,0,0,0,1
2,0,0,0,2
1,0,0,0,1
1,0,0,0,1
1,0,0,0,1
1,0,0,0,1
1,0,0,0,1
2,0,0,0,2
1,1,0,0,2
1,0,0,0,1
1,0,0,0,1
5,0,0,0,5
2,1,0,0,3
1,0,0,0,1
1,0,0,0,1
2,1,0,0,3
2,0,0,0,2
1,0,0,0,1
1,0,0,0,1
1,0,0,0,1
1,0,0,0,1
1,0,0,0,1
3,0,0,0,3
1,0,0,0,1
1,0,0,0,1
1,0,0,0,1
1,0,0,0,1
1,0,0,0,1
1,0,0,0,1
1,0,0,0,1
1,0,0,0,1
2,0,0,0,2
1,0,0,0,1
1,7,0,0,8
1,0,0,0,1
7,38,3,0,48
1,0,0,0,1
1,0,0,0,1
1,0,0,0,1
1,0,0,0,1
1,0,0,0,1
1,0,0,0,1
1,0,0,0,1
1,0,0,0,1
1,0,0,0,1
1,0,0,0,1
1,0,0,0,1
1,0,0,0,1
1,0,0,0,1
1,0,0,0,1
1,162,0,0,163
1,0,0,0,1
1,0,0,0,1
1,0,0,0,1
1,0,0,0,1
1,0,0,0,1
1,0,0,0,1
2,0,0,0,2
1,0,0,0,1
1,0,0,0,1
1,0,0,0,1
2,0,0,0,2
1,0,0,0,1
4,0,0,0,4
3,0,1,0,4
1,0,0,0,1
1,0,0,0,1
1,0,0,0,1
1,0,0,0,1
1,0,0,0,1
1,0,0,0,1
1,0,0,0,1
4,0,0,0,4
1,0,0,0,1
1,0,0,0,1
3,0,0,0,3
1,0,0,0,1
1,0,0,0,1
1,0,0,0,1
1,0,0,0,1
1,0,0,0,1
1,0,0,0,1
2,0,0,0,2
1,0,0,0,1
1,0,0,0,1
1,0,0,0,1
1,0,0,0,1
1,0,0,0,1
1,0,0,0,1
1,0,0,0,1
1,0,0,0,1
1,0,0,0,1
1,0,0,0,1
3,0,0,0,3
1,0,0,0,1
2,0,0,0,2
1,0,0,0,1
1,0,0,0,1
1,0,0,0,1
1,0,0,0,1
2,5,0,0,7
1,3,0,0,4
1,0,0,0,1
1,0,0,0,1
1,0,0,0,1
2,0,0,0,2
1,0,0,0,1
1,0,0,0,1
1,0,0,0,1
1,0,0,0,1
1,0,0,0,1
1,0,0,0,1
1,0,0,0,1
1,0,0,0,1
1,2,0,0,3
1,0,0,0,1
1,0,0,0,1
1,0,0,0,1
1,0,0,0,1
3,0,0,0,3
1,0,0,0,1
1,0,0,0,1
1,0,0,0,1
2,0,0,0,2
1,0,0,0,1
3,0,0,0,3
1,0,0,0,1
1,0,0,0,1
1,0,0,0,1
1,0,0,0,1
1,0,0,0,1
1,0,0,0,1
2,0,0,0,2
5,1,1,0,7
1,0,0,0,1
2,0,0,0,2
1,0,0,0,1
2,0,0,0,2
1,0,0,0,1
1,0,0,0,1
1,0,0,0,1
1,0,0,0,1
1,0,0,0,1
1,0,0,0,1
1,0,0,0,1
1,0,0,0,1
3,0,0,0,3
1,0,0,0,1
5,1,0,0,6
1,0,0,0,1
1,0,0,0,1
1,0,0,0,1
1,0,0,0,1
1,0,0,0,1
1,0,0,0,1
1,0,0,0,1
2,0,0,0,2
1,0,0,0,1
1,0,0,0,1
1,0,0,0,1
1,0,0,0,1
1,0,0,0,1
1,0,0,0,1
1,0,0,0,1
1,0,0,0,1
1,0,0,0,1
1,2,0,0,3
1,0,0,0,1
2,0,0,0,2
1,0,0,0,1
1,0,0,0,1
1,0,0,0,1
2,0,0,0,2
1,0,0,0,1
2,0,0,0,2
2,0,0,0,2
1,0,0,0,1
1,0,0,0,1
1,0,0,0,1
1,0,0,0,1
1,0,2,0,3
1,0,0,0,1
1,0,0,0,1
1,0,0,0,1
1,0,0,0,1
1,0,0,0,1
1,0,0,0,1
1,0,0,0,1
2,0,0,0,2
2,0,0,0,2
1,0,0,0,1
5,0,0,0,5
1,0,0,0,1
1,0,0,0,1
1,0,0,0,1
1,0,0,0,1
1,0,0,0,1
1,0,0,0,1
1,0,0,0,1
1,0,0,0,1
1,0,0,0,1
1,0,0,0,1
1,0,0,0,1
1,0,0,0,1
3,0,0,0,3
1,0,0,0,1
1,0,0,0,1
1,0,0,0,1
1,0,0,0,1
1,0,0,0,1
2,13,0,0,15
1,0,0,0,1
1,0,0,0,1
7,13,0,0,20
4,0,0,0,4
1,0,0,0,1
1,0,0,0,1
1,0,0,0,1
2,6,0,0,8
1,0,0,0,1
1,0,0,0,1
1,0,0,0,1
3,0,0,0,3
1,0,0,0,1
1,0,0,0,1
1,0,0,0,1
1,0,0,0,1
1,0,0,0,1
1,0,0,0,1
1,0,0,0,1
1,0,0,0,1
1,0,0,0,1
2,0,0,0,2
3,0,0,0,3
1,0,0,0,1
1,0,0,0,1
2,0,0,0,2
1,0,0,0,1
1,0,0,0,1
3,0,0,0,3
2,0,0,0,2
1,0,0,0,1
1,0,0,0,1
1,0,0,0,1
1,0,0,0,1
1,0,0,0,1
1,0,0,0,1
1,0,0,0,1
2,0,0,0,2
1,0,0,0,1
1,0,0,0,1
1,0,0,0,1
1,0,0,0,1
1,0,0,0,1
1,0,0,0,1
1,0,0,0,1
1,0,0,0,1
1,0,0,0,1
1,0,0,0,1
1,0,0,0,1
1,591,0,0,592
1,0,0,0,1
3,0,0,0,3
2,0,0,0,2
1,0,0,0,1
2,0,0,0,2
2,3,0,0,5
1,0,0,0,1
1,0,0,0,1
1,0,0,0,1
1,0,0,0,1
1,0,0,0,1
1,0,0,0,1
1,0,0,0,1
2,0,0,0,2
2,0,0,0,2
1,0,0,0,1
3,0,0,0,3
1,0,0,0,1
1,0,0,0,1
4,0,0,0,4
2,0,0,0,2
2,0,0,0,2
1,0,0,0,1
1,0,0,0,1
1,0,0,0,1
1,0,0,0,1
1,0,0,0,1
1,0,0,0,1
1,0,0,0,1
1,0,0,0,1
1,0,0,0,1
1,0,0,0,1
1,0,0,0,1
1,0,0,0,1
2,0,0,0,2
1,0,0,0,1
1,0,0,0,1
1,0,0,0,1
1,0,0,0,1
1,0,0,0,1
1,0,0,0,1
1,0,0,0,1
1,0,0,0,1
1,0,0,0,1
2,3,0,0,5
1,0,0,0,1
1,0,0,0,1
1,5,1,0,7
1,0,0,0,1
1,0,0,0,1
1,0,0,0,1
1,0,0,0,1
1,0,0,0,1
1,0,0,0,1
1,0,0,0,1
2,0,0,0,2
1,0,0,0,1
1,0,0,0,1
1,0,0,0,1
1,0,0,0,1
1,0,0,0,1
1,0,0,0,1
1,0,0,0,1
1,0,0,0,1
2,0,0,0,2
1,0,0,0,1
1,0,0,0,1
1,0,0,0,1
1,0,0,0,1
1,0,0,0,1
1,0,0,0,1
1,0,0,0,1
1,0,0,0,1
1,0,0,0,1
1,0,0,0,1
1,3,0,0,4
1,0,0,0,1
1,0,0,0,1
1,0,0,0,1
3,0,0,0,3
2,0,0,0,2
1,0,0,0,1
1,0,0,0,1
1,0,0,0,1
1,0,0,0,1
1,0,0,0,1
1,0,0,0,1
1,0,0,0,1
1,0,0,0,1
1,0,0,0,1
1,0,0,0,1
1,0,0,0,1
1,0,0,0,1
6,0,0,0,6
1,0,0,0,1
1,0,0,0,1
1,0,0,0,1
1,0,0,0,1
1,0,0,0,1
1,0,0,0,1
1,0,0,0,1
3,42,0,0,45
1,0,0,0,1
1,0,0,0,1
1,0,0,0,1
1,0,0,0,1
1,0,0,0,1
1,0,0,0,1
2,0,0,0,2
1,13,0,0,14
4,0,0,0,4
1,0,0,0,1
1,0,0,0,1
1,0,0,0,1
3,0,0,0,3
1,0,0,0,1
1,0,0,0,1
1,0,0,0,1
2,0,0,0,2
1,0,0,0,1
1,0,0,0,1
1,0,0,0,1
1,0,0,0,1
4,0,0,0,4
2,0,0,0,2
1,2,1,0,4
1,0,0,0,1
1,0,0,0,1
1,0,0,0,1
2,0,0,0,2
1,0,0,0,1
2,0,0,0,2
1,0,0,0,1
2,0,0,0,2
1,0,0,0,1
1,0,0,0,1
1,0,0,0,1
1,1,0,0,2
1,0,0,0,1
3,1,0,0,4
1,0,0,0,1
1,0,0,0,1
1,0,0,0,1
1,0,0,0,1
1,0,0,0,1
1,0,0,0,1
1,0,0,0,1
1,0,0,0,1
1,0,0,0,1
1,0,0,0,1
1,0,0,0,1
1,0,0,0,1
1,0,0,0,1
1,0,0,0,1
1,0,0,0,1
1,0,0,0,1
1,0,0,0,1
1,0,0,0,1
1,0,0,0,1
2,0,0,0,2
1,0,0,0,1
1,0,0,0,1
1,0,0,0,1
1,0,0,0,1
1,0,0,0,1
1,0,0,0,1
2,0,0,0,2
1,0,0,0,1
1,0,0,0,1
2,0,0,0,2
1,0,0,0,1
1,0,0,0,1
1,0,0,0,1
1,0,0,0,1
1,2,0,0,3
1,0,0,0,1
3,0,0,0,3
3,0,0,0,3
1,0,0,0,1
3,1,2,0,6
1,0,0,0,1
2,0,0,0,2
1,21,0,0,22
1,0,0,0,1
1,0,0,0,1
2,5,0,0,7
3,0,0,0,3
1,0,0,0,1
1,0,0,0,1
2,0,0,0,2
1,0,0,0,1
1,0,0,0,1
1,0,0,0,1
1,0,0,0,1
1,0,0,0,1
1,0,0,0,1
2,0,0,0,2
4,1,0,0,5
2,0,0,0,2
4,6,1,0,11
1,0,0,0,1
4,0,0,0,4
1,0,0,0,1
3,0,0,0,3
1,0,0,0,1
1,0,0,0,1
1,0,0,0,1
1,0,0,0,1
1,0,0,0,1
1,0,0,0,1
2,0,0,0,2
1,0,0,0,1
2,0,0,0,2
2,0,0,0,2
1,0,0,0,1
1,0,0,0,1
1,0,0,0,1
1,0,0,0,1
1,0,0,0,1
1,0,0,0,1
1,0,0,0,1
1,0,0,0,1
1,0,0,0,1
1,0,0,0,1
1,0,0,0,1
1,6,8,0,15
1,0,0,0,1
1,0,0,0,1
1,0,0,0,1
1,0,0,0,1
7,0,0,0,7
1,0,0,0,1
1,0,0,0,1
1,0,0,0,1
2,0,0,0,2
1,0,0,0,1
2,0,0,0,2
1,0,0,0,1
1,0,0,0,1
8,0,0,0,8
2,0,0,0,2
2,13,0,0,15
1,0,0,0,1
1,0,0,0,1
1,0,0,0,1
1,0,0,0,1
1,0,0,0,1
1,0,0,0,1
1,0,0,0,1
1,0,0,0,1
2,0,0,0,2
1,0,0,0,1
4,0,0,0,4
1,0,0,0,1
1,0,0,0,1
1,0,0,0,1
5,2,0,0,7
1,2,0,0,3
1,0,0,0,1
1,0,0,0,1
1,0,0,0,1
1,0,0,0,1
1,1,0,0,2
1,0,0,0,1
1,0,0,0,1
1,0,0,0,1
1,0,0,0,1
1,0,0,0,1
1,0,0,0,1
1,0,0,0,1
1,0,0,0,1
2,3,1,0,6
1,0,0,0,1
1,0,0,0,1
1,0,0,0,1
2,0,0,0,2
1,0,0,0,1
2,0,0,0,2
1,0,0,0,1
2,0,0,0,2
7,0,0,0,7
4,0,0,0,4
1,0,0,0,1
1,0,0,0,1
1,0,0,0,1
1,0,0,0,1
1,0,0,0,1
1,0,0,0,1
1,0,0,0,1
1,0,0,0,1
1,0,0,0,1
2,0,0,0,2
3,0,0,0,3
1,0,0,0,1
1,0,0,0,1
6,0,0,0,6
1,0,0,0,1
1,0,0,0,1
1,4,0,0,5
1,0,0,0,1
2,0,0,0,2
1,0,0,0,1
1,0,0,0,1
1,0,0,0,1
5,7,1,0,13
1,0,0,0,1
1,0,0,0,1
1,0,0,0,1
3,0,0,0,3
1,0,0,0,1
1,0,0,0,1
1,0,0,0,1
1,0,0,0,1
3,0,0,0,3
1,0,0,0,1
1,0,0,0,1
3,0,0,0,3
1,0,0,0,1
1,0,0,0,1
2,0,0,0,2
1,0,0,0,1
1,0,0,0,1
1,0,0,0,1
1,0,0,0,1
6,0,0,0,6
1,0,0,0,1
1,0,0,0,1
1,0,0,0,1
1,0,0,0,1
1,0,0,0,1
2,0,0,0,2
1,0,0,0,1
1,0,0,0,1
1,0,0,0,1
1,0,0,0,1
1,0,0,0,1
1,0,0,0,1
1,0,0,0,1
1,0,0,0,1
1,0,0,0,1
3,0,0,0,3
2,0,0,0,2
1,0,0,0,1
1,0,0,0,1
1,0,0,0,1
1,0,0,0,1
1,0,0,0,1
1,0,0,0,1
3,2,0,0,5
1,0,0,0,1
1,0,0,0,1
1,0,0,0,1
1,0,0,0,1
1,0,0,0,1
1,0,0,0,1
1,0,0,0,1
1,0,0,0,1
1,0,0,0,1
1,0,0,0,1
1,0,0,0,1
1,0,0,0,1
2,0,0,0,2
1,0,0,0,1
1,0,0,0,1
2,0,0,0,2
4,0,0,0,4
2,0,0,0,2
1,0,0,0,1
2,0,0,0,2
1,0,0,0,1
1,0,0,0,1
1,0,0,0,1
1,0,0,0,1
1,0,0,0,1
4,0,0,0,4
1,0,0,0,1
1,0,0,0,1
1,0,0,0,1
1,0,0,0,1
1,0,0,0,1
2,0,0,0,2
2,0,0,0,2
2,0,0,0,2
1,0,0,0,1
1,0,0,0,1
1,0,0,0,1
1,0,0,0,1
1,0,0,0,1
1,0,0,0,1
1,0,0,0,1
1,0,0,0,1
1,0,0,0,1
2,0,0,0,2
1,0,0,0,1
2,0,0,0,2
1,0,0,0,1
2,0,0,0,2
2,1,0,0,3
2,27,0,0,29
1,0,0,0,1
1,0,0,0,1
2,0,0,0,2
1,0,0,0,1
1,0,0,0,1
1,0,0,0,1
1,0,0,0,1
1,0,0,0,1
1,0,0,0,1
6,0,0,0,6
1,0,0,0,1
1,0,0,0,1
1,0,0,0,1
2,0,0,0,2
1,0,0,0,1
3,0,0,0,3
2,0,0,0,2
1,0,0,0,1
1,0,0,0,1
1,0,0,0,1
3,0,0,0,3
8,0,0,0,8
1,0,0,0,1
1,0,0,0,1
9,1,0,0,10
1,0,0,0,1
1,0,0,0,1
3,0,0,0,3
1,0,0,0,1
1,0,0,0,1
2,0,0,0,2
1,0,0,0,1
1,0,0,0,1
1,0,0,0,1
1,0,0,0,1
2,0,0,0,2
1,0,0,0,1
2,0,0,0,2
1,0,0,0,1
6,0,0,0,6
3,0,0,0,3
1,0,0,0,1
1,0,0,0,1
1,0,0,0,1
1,0,0,0,1
1,0,0,0,1
2,0,0,0,2
6,1,1,0,8
1,0,0,0,1
1,0,0,0,1
1,0,0,0,1
1,0,0,0,1
1,0,0,0,1
1,0,0,0,1
1,0,0,0,1
2,0,0,0,2
2,3,1,0,6
1,0,0,0,1
1,0,0,0,1
2,0,0,0,2
2,0,0,0,2
1,0,0,0,1
1,0,0,0,1
1,0,0,0,1
1,0,0,0,1
1,0,0,0,1
1,0,0,0,1
1,0,0,0,1
1,0,0,0,1
1,0,0,0,1
1,0,0,0,1
1,0,0,0,1
1,0,0,0,1
1,0,0,0,1
1,0,0,0,1
2,0,0,0,2
1,0,0,0,1
1,0,0,0,1
1,0,0,0,1
1,0,0,0,1
1,0,0,0,1
1,0,0,0,1
1,0,0,0,1
2,0,0,0,2
2,0,0,0,2
1,0,0,0,1
1,0,0,0,1
1,0,0,0,1
2,0,0,0,2
1,0,0,0,1
3,0,0,0,3
1,0,0,0,1
1,0,0,0,1
1,0,0,0,1
3,0,0,0,3
1,0,0,0,1
1,0,0,0,1
1,0,0,0,1
4,0,0,0,4
1,0,0,0,1
2,0,0,0,2
1,0,0,0,1
1,0,0,0,1
1,0,0,0,1
3,0,0,0,3
1,0,0,0,1
1,0,0,0,1
1,0,0,0,1
1,0,0,0,1
3,0,0,0,3
2,0,0,0,2
2,0,0,0,2
2,0,0,0,2
1,0,0,0,1
1,0,0,0,1
1,0,0,0,1
1,0,0,0,1
1,0,0,0,1
1,0,0,0,1
1,0,0,0,1
1,0,0,0,1
2,0,0,0,2
1,0,0,0,1
1,0,0,0,1
1,0,0,0,1
2,2,0,0,4
3,0,0,0,3
1,0,0,0,1
1,0,0,0,1
5,1,0,0,6
1,0,0,0,1
3,0,0,0,3
1,0,0,0,1
1,0,0,0,1
1,0,0,0,1
2,0,0,0,2
1,0,0,0,1
2,0,0,0,2
1,0,0,0,1
1,0,0,0,1
1,0,0,0,1
1,0,0,0,1
1,0,0,0,1
1,0,0,0,1
2,0,0,0,2
4,2,0,0,6
3,0,0,0,3
1,0,0,0,1
4,0,0,0,4
1,0,0,0,1
3,0,0,0,3
1,0,0,0,1
4,0,0,0,4
1,0,0,0,1
1,0,0,0,1
1,0,0,0,1
3,0,0,0,3
3,0,0,0,3
1,0,0,0,1
1,0,0,0,1
1,0,0,0,1
3,0,0,0,3
1,0,0,0,1
1,0,0,0,1
1,0,0,0,1
1,0,0,0,1
1,0,0,0,1
4,0,0,0,4
1,0,0,0,1
5,0,0,0,5
1,0,0,0,1
3,0,0,0,3
6,1,0,0,7
1,0,0,0,1
1,0,0,0,1
1,0,0,0,1
1,0,0,0,1
1,0,0,0,1
1,0,0,0,1
1,0,0,0,1
1,0,0,0,1
3,0,0,0,3
2,0,0,0,2
1,0,0,0,1
2,0,0,0,2
1,0,0,0,1
1,0,0,0,1
3,0,0,0,3
1,0,0,0,1
1,0,0,0,1
1,0,0,0,1
1,0,0,0,1
1,0,0,0,1
1,0,0,0,1
1,0,0,0,1
1,0,0,0,1
2,0,0,0,2
1,1,0,0,2
5,2,0,0,7
1,0,0,0,1
1,0,0,0,1
1,0,0,0,1
2,0,0,0,2
1,0,0,0,1
3,0,0,0,3
1,0,0,0,1
4,0,0,0,4
1,0,0,0,1
2,0,0,0,2
1,0,0,0,1
2,0,0,0,2
1,0,0,0,1
4,2,0,0,6
2,0,0,0,2
3,2,0,0,5
1,0,0,0,1
2,0,0,0,2
1,0,0,0,1
1,0,0,0,1
2,0,0,0,2
2,0,0,0,2
3,0,0,0,3
1,0,0,0,1
1,0,0,0,1
1,0,0,0,1
1,0,0,0,1
1,0,0,0,1
1,0,0,0,1
1,0,0,0,1
1,0,0,0,1
2,0,0,0,2
1,0,0,0,1
1,0,0,0,1
1,0,0,0,1
2,0,0,0,2
1,0,0,0,1
1,0,0,0,1
2,1,0,0,3
2,0,0,0,2
1,0,0,0,1
1,0,0,0,1
2,0,0,0,2
1,0,0,0,1
1,0,0,0,1
7,0,0,0,7
1,0,0,0,1
4,0,0,0,4
3,0,0,0,3
1,0,0,0,1
1,0,0,0,1
1,0,0,0,1
1,0,0,0,1
1,0,0,0,1
2,0,0,0,2
2,0,0,0,2
1,0,0,0,1
1,0,0,0,1
2,0,0,0,2
3,8,0,0,11
2,0,0,0,2
1,0,0,0,1
2,0,0,0,2
1,0,0,0,1
2,0,0,0,2
1,0,0,0,1
1,0,0,0,1
1,0,0,0,1
1,0,0,0,1
1,0,0,0,1
1,0,2,0,3
2,0,0,0,2
1,0,0,0,1
1,0,0,0,1
1,0,0,0,1
1,0,0,0,1
1,0,0,0,1
1,0,0,0,1
1,0,0,0,1
1,0,0,0,1
1,0,0,0,1
2,0,0,0,2
1,2,0,0,3
1,0,0,0,1
1,0,0,0,1
1,0,0,0,1
1,0,0,0,1
1,0,0,0,1
2,0,0,0,2
1,0,0,0,1
1,0,0,0,1
1,0,0,0,1
1,0,0,0,1
1,0,0,0,1
2,0,0,0,2
1,0,0,0,1
2,0,0,0,2
2,2,1,0,5
1,0,0,0,1
1,0,0,0,1
1,0,0,0,1
1,0,0,0,1
1,0,0,0,1
1,0,0,0,1
5,6,0,0,11
3,0,0,0,3
1,0,0,0,1
1,0,0,0,1
2,0,0,0,2
3,0,0,0,3
1,0,0,0,1
1,0,0,0,1
1,0,0,0,1
1,0,0,0,1
1,0,0,0,1
1,0,0,0,1
1,0,0,0,1
1,2,0,0,3
1,0,0,0,1
2,0,0,0,2
1,0,0,0,1
1,0,0,0,1
2,0,0,0,2
1,0,0,0,1
2,0,0,0,2
2,0,0,0,2
3,0,0,0,3
1,0,0,0,1
1,1,0,0,2
2,39,2,0,43
1,0,0,0,1
2,28,0,0,30
1,0,0,0,1
4,0,0,0,4
3,0,0,0,3
3,0,0,0,3
1,0,0,0,1
2,0,0,0,2
1,0,0,0,1
1,0,0,0,1
1,0,0,0,1
1,0,0,0,1
1,0,0,0,1
1,0,0,0,1
1,0,0,0,1
1,0,0,0,1
1,0,0,0,1
6,0,0,0,6
1,0,0,0,1
1,0,0,0,1
1,0,0,0,1
1,0,0,0,1
1,0,0,0,1
1,0,0,0,1
1,0,0,0,1
1,0,0,0,1
1,0,0,0,1
1,0,0,0,1
1,0,0,0,1
2,0,0,0,2
1,0,0,0,1
1,0,0,0,1
2,0,0,0,2
2,0,0,0,2
1,0,0,0,1
1,0,0,0,1
1,0,0,0,1
1,0,0,0,1
1,0,0,0,1
1,0,0,0,1
1,0,0,0,1
1,0,0,0,1
1,0,0,0,1
2,0,0,0,2
2,0,0,0,2
1,0,0,0,1
1,0,0,0,1
2,0,0,0,2
1,0,0,0,1
2,0,0,0,2
1,0,0,0,1
1,0,0,0,1
3,2,0,0,5
1,0,0,0,1
1,0,0,0,1
1,0,0,0,1
1,0,0,0,1
2,0,0,0,2
2,0,0,0,2
1,0,0,0,1
1,0,0,0,1
1,0,0,0,1
1,0,0,0,1
1,0,0,0,1
2,0,0,0,2
1,0,0,0,1
2,0,0,0,2
1,0,0,0,1
2,0,0,0,2
1,0,0,0,1
1,0,0,0,1
1,0,0,0,1
1,0,0,0,1
1,0,0,0,1
1,3,0,0,4
1,0,0,0,1
1,0,0,0,1
1,0,0,0,1
1,0,0,0,1
1,0,0,0,1
2,0,0,0,2
1,0,0,0,1
3,0,0,0,3
1,0,0,0,1
1,0,0,0,1
1,0,0,0,1
1,0,0,0,1
2,0,0,0,2
1,0,0,0,1
2,0,0,0,2
1,0,0,0,1
1,0,0,0,1
1,0,0,0,1
1,0,0,0,1
2,0,0,0,2
1,0,0,0,1
1,0,0,0,1
1,0,0,0,1
1,0,0,0,1
1,0,0,0,1
1,0,0,0,1
2,0,0,0,2
1,0,0,0,1
1,0,0,0,1
1,0,0,0,1
1,0,0,0,1
1,0,0,0,1
1,0,0,0,1
1,0,0,0,1
1,0,0,0,1
1,0,0,0,1
3,0,0,0,3
1,0,0,0,1
1,0,0,0,1
1,0,0,0,1
1,0,0,0,1
1,0,0,0,1
1,0,0,0,1
1,0,0,0,1
1,0,0,0,1
1,0,0,0,1
3,0,0,0,3
1,0,0,0,1
1,0,0,0,1
1,0,0,0,1
2,0,0,0,2
1,0,0,0,1
1,0,0,0,1
1,0,0,0,1
1,0,0,0,1
5,0,0,0,5
3,0,0,0,3
1,0,0,0,1
1,0,0,0,1
3,0,0,0,3
1,0,0,0,1
1,0,0,0,1
2,0,0,0,2
1,0,0,0,1
1,0,0,0,1
1,0,0,0,1
1,0,0,0,1
1,0,0,0,1
2,0,0,0,2
2,0,0,0,2
6,0,0,0,6
3,0,0,0,3
2,0,0,0,2
1,8,0,0,9
6,0,0,0,6
1,0,0,0,1
1,0,0,0,1
1,2,0,0,3
1,0,0,0,1
2,0,0,0,2
1,0,0,0,1
1,0,0,0,1
3,0,0,0,3
1,0,0,0,1
8,13,0,0,21
1,0,0,0,1
1,0,0,0,1
7,0,0,0,7
1,0,0,0,1
1,0,0,0,1
1,0,0,0,1
1,0,0,0,1
1,0,0,0,1
1,0,0,0,1
1,0,0,0,1
1,0,0,0,1
1,0,0,0,1
1,0,0,0,1
1,0,0,0,1
1,0,0,0,1
1,0,0,0,1
1,0,0,0,1
3,0,0,0,3
1,0,0,0,1
1,0,0,0,1
1,0,0,0,1
1,14,0,0,15
1,4,1,0,6
1,0,0,0,1
1,0,0,0,1
1,0,0,0,1
1,0,0,0,1
2,0,0,0,2
1,0,0,0,1
2,0,0,0,2
1,0,0,0,1
1,0,0,0,1
1,0,0,0,1
1,0,0,0,1
1,0,0,0,1
1,0,0,0,1
1,0,0,0,1
1,0,0,0,1
1,0,0,0,1
1,0,0,0,1
3,0,0,0,3
1,0,0,0,1
2,0,0,0,2
3,0,0,0,3
2,0,0,0,2
1,0,0,0,1
1,0,0,0,1
1,0,0,0,1
1,0,0,0,1
1,0,0,0,1
1,0,0,0,1
2,0,0,0,2
1,0,0,0,1
1,0,0,0,1
1,3,0,0,4
1,0,0,0,1
1,0,0,0,1
1,0,0,0,1
1,0,0,0,1
1,0,0,0,1
1,0,0,0,1
1,0,0,0,1
2,0,0,0,2
1,0,0,0,1
1,0,0,0,1
1,0,0,0,1
4,0,0,0,4
1,0,0,0,1
1,0,0,0,1
1,0,0,0,1
1,0,0,0,1
1,0,0,0,1
1,0,0,0,1
1,0,0,0,1
1,1,1,0,3
1,0,0,0,1
1,0,0,0,1
1,0,0,0,1
1,0,0,0,1
1,0,0,0,1
1,0,0,0,1
1,0,0,0,1
1,0,0,0,1
1,0,0,0,1
1,0,0,0,1
1,0,0,0,1
1,0,0,0,1
1,0,0,0,1
1,0,0,0,1
1,0,0,0,1
1,0,0,0,1
1,0,0,0,1
1,0,0,0,1
1,0,0,0,1
3,0,0,0,3
1,0,0,0,1
1,0,0,0,1
2,0,0,0,2
1,0,0,0,1
1,0,0,0,1
1,0,0,0,1
1,0,0,0,1
2,6,0,0,8
1,0,0,0,1
1,0,0,0,1
1,0,0,0,1
1,0,0,0,1
1,0,0,0,1
1,0,0,0,1
1,0,0,0,1
1,0,0,0,1
2,0,0,0,2
2,0,0,0,2
1,0,0,0,1
1,0,0,0,1
1,0,0,0,1
1,0,0,0,1
2,0,0,0,2
1,0,0,0,1
2,0,0,0,2
1,0,0,0,1
1,0,0,0,1
1,0,0,0,1
1,0,0,0,1
9,6,0,0,15
1,0,0,0,1
1,0,0,0,1
4,1,0,0,5
1,0,0,0,1
1,0,0,0,1
1,0,0,0,1
1,0,0,0,1
1,0,0,0,1
1,0,0,0,1
1,0,0,0,1
1,0,0,0,1
1,0,0,0,1
1,0,0,0,1
4,0,0,0,4
1,0,0,0,1
1,0,0,0,1
2,0,0,0,2
1,0,0,0,1
1,0,0,0,1
1,0,0,0,1
1,0,0,0,1
2,0,0,0,2
1,0,0,0,1
1,0,0,0,1
2,0,0,0,2
1,0,0,0,1
1,0,0,0,1
1,0,0,0,1
1,0,0,0,1
1,0,0,0,1
1,0,0,0,1
1,0,0,0,1
1,0,0,0,1
1,0,0,0,1
1,0,0,0,1
1,0,0,0,1
2,0,0,0,2
1,0,0,0,1
1,0,0,0,1
1,0,0,0,1
1,0,0,0,1
1,0,0,0,1
2,0,0,0,2
1,0,0,0,1
1,0,0,0,1
1,0,0,0,1
1,0,0,0,1
1,7,0,0,8
1,0,0,0,1
1,0,0,0,1
1,0,0,0,1
3,0,0,0,3
1,0,0,0,1
1,0,0,0,1
1,0,0,0,1
1,0,0,0,1
1,0,0,0,1
1,0,0,0,1
1,0,0,0,1
1,0,0,0,1
1,0,0,0,1
3,0,0,0,3
1,0,0,0,1
1,0,0,0,1
1,0,0,0,1
1,0,0,0,1
1,0,0,0,1
2,0,0,0,2
2,0,0,0,2
4,0,0,0,4
1,0,0,0,1
1,0,0,0,1
1,0,0,0,1
1,0,0,0,1
1,0,0,0,1
1,0,0,0,1
1,0,0,0,1
1,0,0,0,1
1,0,0,0,1
1,0,0,0,1
1,2,2,0,5
7,35,0,0,42
1,0,0,0,1
2,0,0,0,2
1,0,0,0,1
1,0,0,0,1
1,0,0,0,1
1,0,0,0,1
1,0,0,0,1
1,0,0,0,1
1,0,0,0,1
1,0,0,0,1
1,0,0,0,1
2,0,0,0,2
1,0,0,0,1
1,0,0,0,1
1,0,0,0,1
1,0,0,0,1
1,0,0,0,1
2,0,0,0,2
1,0,0,0,1
1,0,0,0,1
1,0,0,0,1
1,0,0,0,1
1,0,0,0,1
10,1,0,0,11
6,1,0,0,7
2,0,0,0,2
2,0,0,0,2
1,0,0,0,1
1,0,0,0,1
1,0,0,0,1
6,9,1,0,16
2,0,0,0,2
1,0,0,0,1
2,0,0,0,2
1,0,0,0,1
1,0,0,0,1
1,0,0,0,1
1,0,0,0,1
1,0,0,0,1
3,0,0,0,3
1,0,0,0,1
1,0,0,0,1
1,5,0,0,6
1,0,0,0,1
1,0,0,0,1
2,0,0,0,2
1,0,0,0,1
1,0,0,0,1
2,0,0,0,2
1,0,0,0,1
1,0,0,0,1
4,0,0,0,4
1,0,0,0,1
2,7,0,0,9
1,0,0,0,1
1,0,0,0,1
3,0,0,0,3
1,0,0,0,1
1,0,0,0,1
1,0,0,0,1
1,0,0,0,1
5,1,0,0,6
2,0,0,0,2
1,0,0,0,1
1,0,0,0,1
1,0,0,0,1
2,0,0,0,2
1,0,0,0,1
1,0,0,0,1
1,0,0,0,1
1,0,0,0,1
1,0,0,0,1
1,0,0,0,1
1,0,0,0,1
1,0,0,0,1
2,0,0,0,2
1,0,0,0,1
3,0,0,0,3
1,0,0,0,1
2,0,0,0,2
1,0,0,0,1
1,0,0,0,1
1,0,0,0,1
2,0,0,0,2
2,0,0,0,2
1,0,0,0,1
1,27,0,0,28
1,0,0,0,1
2,0,0,0,2
1,0,0,0,1
1,0,0,0,1
4,0,0,0,4
1,0,0,0,1
1,0,0,0,1
1,0,0,0,1
1,0,0,0,1
1,0,0,0,1
1,0,0,0,1
1,0,0,0,1
1,0,0,0,1
1,0,0,0,1
1,0,0,0,1
1,0,0,0,1
1,0,0,0,1
1,0,0,0,1
2,2,0,0,4
3,0,0,0,3
1,0,0,0,1
1,0,0,0,1
4,0,0,0,4
3,1,0,0,4
1,0,0,0,1
1,0,0,0,1
1,0,0,0,1
1,0,0,0,1
1,0,0,0,1
1,0,0,0,1
1,0,0,0,1
1,0,0,0,1
1,11,0,0,12
1,0,0,0,1
1,0,0,0,1
1,0,0,0,1
1,0,0,0,1
3,0,0,0,3
2,0,0,0,2
2,0,0,0,2
2,0,0,0,2
1,0,0,0,1
2,50,8,0,60
1,0,0,0,1
2,0,0,0,2
1,0,0,0,1
1,0,0,0,1
1,0,0,0,1
1,0,0,0,1
1,4,1,0,6
1,0,0,0,1
1,0,0,0,1
1,0,0,0,1
1,0,0,0,1
1,0,0,0,1
1,0,0,0,1
1,0,0,0,1
2,0,0,0,2
1,0,0,0,1
2,0,0,0,2
7,0,0,0,7
3,0,0,0,3
5,0,0,0,5
1,0,0,0,1
1,0,0,0,1
2,0,0,0,2
1,1,0,0,2
1,0,0,0,1
1,0,0,0,1
1,0,0,0,1
1,0,0,0,1
2,0,0,0,2
1,0,0,0,1
1,0,0,0,1
1,0,0,0,1
1,0,0,0,1
2,0,0,0,2
2,1,0,0,3
1,0,0,0,1
1,0,0,0,1
1,0,0,0,1
1,0,0,0,1
1,0,0,0,1
1,0,0,0,1
1,0,0,0,1
3,0,0,0,3
2,0,0,0,2
1,1,0,0,2
1,0,0,0,1
1,0,0,0,1
1,0,0,0,1
1,0,0,0,1
1,0,0,0,1
2,0,0,0,2
2,0,0,0,2
1,0,0,0,1
2,0,0,0,2
1,0,0,0,1
3,0,0,0,3
1,0,0,0,1
3,2,0,0,5
1,0,0,0,1
2,0,0,0,2
2,0,0,0,2
1,0,0,0,1
2,2,1,0,5
1,0,0,0,1
2,0,0,0,2
1,0,0,0,1
1,0,0,0,1
1,0,0,0,1
1,0,0,0,1
1,0,0,0,1
3,1,0,0,4
1,0,0,0,1
2,0,0,0,2
1,0,0,0,1
1,0,0,0,1
1,0,0,0,1
1,0,0,0,1
2,1,0,0,3
1,0,0,0,1
1,0,0,0,1
1,0,0,0,1
1,0,0,0,1
1,0,0,0,1
1,0,0,0,1
1,0,0,0,1
2,0,0,0,2
1,0,0,0,1
3,0,0,0,3
1,0,0,0,1
1,0,0,0,1
9,1,0,0,10
1,0,0,0,1
1,0,0,0,1
1,0,0,0,1
3,0,0,0,3
1,0,0,0,1
1,0,0,0,1
1,0,0,0,1
1,0,0,0,1
1,0,0,0,1
1,0,0,0,1
1,0,0,0,1
2,0,0,0,2
1,0,0,0,1
1,0,0,0,1
1,0,0,0,1
1,0,0,0,1
1,0,0,0,1
1,0,0,0,1
1,0,0,0,1
1,0,0,0,1
1,0,0,0,1
1,0,0,0,1
1,0,0,0,1
1,0,0,0,1
2,0,0,0,2
1,0,0,0,1
1,0,0,0,1
1,0,0,0,1
1,0,0,0,1
1,0,0,0,1
1,0,0,0,1
1,0,0,0,1
1,0,0,0,1
1,0,0,0,1
2,0,0,0,2
3,0,0,0,3
2,0,0,0,2
1,0,0,0,1
5,7,0,0,12
1,0,0,0,1
1,0,0,0,1
1,0,0,0,1
1,0,0,0,1
1,0,0,0,1
1,0,0,0,1
2,0,0,0,2
1,0,0,0,1
1,0,0,0,1
1,0,0,0,1
1,0,0,0,1
1,0,0,0,1
1,0,0,0,1
1,0,0,0,1
3,0,0,0,3
1,1,0,0,2
4,4,0,0,8
1,0,0,0,1
1,0,0,0,1
1,0,0,0,1
1,0,0,0,1
4,0,0,0,4
2,0,0,0,2
3,0,0,0,3
1,0,0,0,1
1,0,0,0,1
3,0,0,0,3
1,2,0,0,3
1,0,0,0,1
1,1,0,0,2
1,0,0,0,1
1,0,0,0,1
1,0,0,0,1
2,0,0,0,2
1,0,0,0,1
1,0,0,0,1
1,0,0,0,1
4,0,0,0,4
2,0,0,0,2
2,0,0,0,2
1,0,0,0,1
1,0,0,0,1
1,0,0,0,1
1,0,0,0,1
1,0,0,0,1
2,0,0,0,2
1,0,0,0,1
1,0,0,0,1
3,0,0,0,3
1,0,0,0,1
1,0,0,0,1
3,24,5,0,32
2,0,0,0,2
1,0,0,0,1
1,0,0,0,1
1,0,0,0,1
1,0,0,0,1
1,0,0,0,1
1,0,0,0,1
2,0,0,0,2
1,0,0,0,1
1,0,0,0,1
1,0,0,0,1
2,0,0,0,2
1,0,0,0,1
3,0,0,0,3
1,0,0,0,1
1,0,0,0,1
1,0,0,0,1
1,0,0,0,1
1,0,0,0,1
2,0,0,0,2
1,0,0,0,1
2,0,0,0,2
1,0,0,0,1
1,0,0,0,1
1,8,0,0,9
1,0,0,0,1
1,0,0,0,1
1,0,0,0,1
1,0,0,0,1
4,2,0,0,6
1,0,0,0,1
1,0,0,0,1
2,0,0,0,2
1,0,0,0,1
1,0,0,0,1
2,0,0,0,2
1,0,0,0,1
1,0,0,0,1
1,0,0,0,1
2,1,0,0,3
4,0,0,0,4
2,0,0,0,2
1,0,0,0,1
1,0,0,0,1
1,0,0,0,1
1,0,0,0,1
1,0,0,0,1
3,0,0,0,3
1,0,0,0,1
1,0,0,0,1
1,0,0,0,1
2,0,0,0,2
1,0,0,0,1
2,0,0,0,2
1,0,0,0,1
1,0,0,0,1
1,0,0,0,1
1,0,0,0,1
1,0,0,0,1
1,0,0,0,1
1,0,0,0,1
2,0,0,0,2
3,0,0,0,3
1,0,0,0,1
1,0,0,0,1
1,0,0,0,1
1,0,0,0,1
1,0,0,0,1
2,0,0,0,2
1,0,0,0,1
2,0,0,0,2
1,0,0,0,1
1,0,0,0,1
1,0,0,0,1
1,1,1,0,3
1,0,0,0,1
1,0,0,0,1
1,0,0,0,1
1,0,0,0,1
1,0,0,0,1
3,0,0,0,3
2,1,0,0,3
1,0,0,0,1
3,0,0,0,3
1,0,0,0,1
1,0,0,0,1
1,0,0,0,1
1,0,0,0,1
1,0,0,0,1
2,0,0,0,2
1,0,0,0,1
1,0,0,0,1
1,0,0,0,1
1,20,1,0,22
1,0,0,0,1
1,0,0,0,1
2,11,0,0,13
1,0,0,0,1
1,0,0,0,1
3,0,0,0,3
1,0,0,0,1
2,0,0,0,2
1,0,0,0,1
1,0,0,0,1
1,0,0,0,1
1,0,1,0,2
2,0,0,0,2
1,0,0,0,1
1,0,0,0,1
1,0,0,0,1
2,0,0,0,2
1,0,0,0,1
2,0,0,0,2
1,0,0,0,1
1,0,0,0,1
1,0,0,0,1
2,0,0,0,2
1,0,0,0,1
2,0,0,0,2
2,0,0,0,2
1,1,1,0,3
2,0,0,0,2
1,0,0,0,1
2,0,0,0,2
1,0,0,0,1
1,0,0,0,1
1,0,0,0,1
1,0,0,0,1
1,0,0,0,1
1,0,0,0,1
3,0,0,0,3
1,0,0,0,1
1,0,0,0,1
1,48,0,0,49
1,0,0,0,1
1,0,0,0,1
1,0,0,0,1
1,0,0,0,1
1,0,0,0,1
4,0,0,0,4
6,0,0,0,6
1,0,0,0,1
1,0,0,0,1
1,0,0,0,1
1,0,0,0,1
1,0,0,0,1
1,0,0,0,1
1,0,0,0,1
1,0,0,0,1
1,0,0,0,1
1,0,0,0,1
1,0,0,0,1
1,0,0,0,1
1,0,0,0,1
4,0,0,0,4
2,0,0,0,2
3,0,0,0,3
2,0,0,0,2
1,0,0,0,1
1,0,0,0,1
1,0,0,0,1
1,0,0,0,1
1,0,0,0,1
1,0,0,0,1
1,0,0,0,1
1,0,0,0,1
3,0,0,0,3
2,0,0,0,2
1,0,0,0,1
2,0,0,0,2
1,0,0,0,1
1,0,0,0,1
1,0,0,0,1
1,0,0,0,1
3,0,0,0,3
1,0,0,0,1
1,0,0,0,1
1,0,0,0,1
1,0,0,0,1
1,0,0,0,1
1,0,0,0,1
1,0,0,0,1
2,0,0,0,2
1,0,0,0,1
1,0,0,0,1
1,0,0,0,1
2,0,0,0,2
2,0,0,0,2
1,0,0,0,1
1,0,0,0,1
1,0,0,0,1
1,0,0,0,1
1,0,0,0,1
2,0,0,0,2
2,0,0,0,2
1,0,0,0,1
1,0,0,0,1
1,0,0,0,1
2,0,0,0,2
2,0,0,0,2
1,0,0,0,1
1,0,0,0,1
1,0,0,0,1
3,0,0,0,3
1,0,0,0,1
2,0,0,0,2
1,0,0,0,1
1,0,0,0,1
2,0,0,0,2
1,0,0,0,1
1,0,0,0,1
1,0,0,0,1
2,0,0,0,2
1,0,0,0,1
1,0,0,0,1
1,0,0,0,1
1,0,0,0,1
1,0,0,0,1
1,0,0,0,1
1,0,0,0,1
1,0,0,0,1
1,0,0,0,1
1,0,0,0,1
3,0,0,0,3
1,0,0,0,1
1,0,0,0,1
1,0,0,0,1
1,0,0,0,1
1,0,0,0,1
3,0,0,0,3
1,0,0,0,1
1,0,0,0,1
1,0,0,0,1
1,0,0,0,1
2,0,0,0,2
2,0,0,0,2
1,0,0,0,1
1,0,0,0,1
1,0,0,0,1
1,0,0,0,1
1,0,0,0,1
2,0,0,0,2
1,0,0,0,1
1,0,0,0,1
1,0,0,0,1
1,0,0,0,1
1,0,0,0,1
1,0,0,0,1
2,0,0,0,2
1,0,0,0,1
1,0,0,0,1
1,0,0,0,1
1,0,0,0,1
2,0,0,0,2
4,0,0,0,4
2,0,0,0,2
1,0,0,0,1
1,0,0,0,1
1,0,0,0,1
2,0,0,0,2
4,0,0,0,4
1,0,0,0,1
1,0,0,0,1
1,0,0,0,1
1,0,0,0,1
1,0,0,0,1
3,0,0,0,3
2,0,0,0,2
1,0,0,0,1
1,0,0,0,1
1,0,0,0,1
2,0,0,0,2
3,0,0,0,3
2,4,0,0,6
1,0,0,0,1
1,0,0,0,1
3,0,0,0,3
1,0,0,0,1
1,0,0,0,1
1,0,0,0,1
3,1,0,0,4
1,0,0,0,1
2,0,0,0,2
1,0,0,0,1
1,0,0,0,1
2,0,0,0,2
1,0,0,0,1
1,0,0,0,1
1,0,0,0,1
1,0,0,0,1
1,0,0,0,1
1,0,0,0,1
1,0,0,0,1
1,0,0,0,1
1,2,0,0,3
1,0,0,0,1
2,0,0,0,2
4,1,0,0,5
2,0,0,0,2
1,0,0,0,1
1,0,0,0,1
1,0,0,0,1
2,0,0,0,2
2,0,0,0,2
1,0,0,0,1
3,0,0,0,3
1,0,0,0,1
1,0,0,0,1
1,0,0,0,1
1,0,0,0,1
1,0,0,0,1
3,0,0,0,3
1,0,0,0,1
1,0,0,0,1
2,0,0,0,2
1,0,0,0,1
7,0,0,0,7
4,1,0,0,5
1,0,0,0,1
1,0,0,0,1
1,0,0,0,1
3,0,0,0,3
1,0,0,0,1
1,0,0,0,1
1,0,0,0,1
1,0,0,0,1
3,0,0,0,3
1,0,0,0,1
1,0,0,0,1
1,0,0,0,1
1,0,0,0,1
1,0,0,0,1
1,0,0,0,1
1,0,0,0,1
1,0,0,0,1
1,1,0,0,2
2,0,0,0,2
1,0,0,0,1
1,0,0,0,1
3,0,0,0,3
1,0,0,0,1
3,0,0,0,3
1,0,0,0,1
1,0,0,0,1
1,0,0,0,1
1,0,0,0,1
1,0,0,0,1
1,0,0,0,1
1,0,0,0,1
2,0,0,0,2
3,0,0,0,3
1,0,0,0,1
1,0,0,0,1
1,0,0,0,1
5,0,0,0,5
1,0,0,0,1
1,0,0,0,1
2,0,1,0,3
1,0,0,0,1
1,0,0,0,1
2,0,0,0,2
2,0,0,0,2
2,0,0,0,2
1,0,0,0,1
1,18,1,0,20
1,0,0,0,1
1,0,0,0,1
1,0,0,0,1
1,0,0,0,1
1,0,0,0,1
1,0,0,0,1
1,0,0,0,1
1,0,0,0,1
1,0,0,0,1
6,0,0,0,6
1,0,0,0,1
1,0,0,0,1
2,0,0,0,2
1,0,0,0,1
4,0,0,0,4
1,0,0,0,1
1,0,0,0,1
2,0,0,0,2
2,0,0,0,2
1,0,0,0,1
2,0,0,0,2
1,0,0,0,1
1,0,0,0,1
2,0,0,0,2
1,0,0,0,1
1,0,0,0,1
2,0,0,0,2
1,0,0,0,1
4,1,0,0,5
1,0,0,0,1
1,0,0,0,1
1,0,0,0,1
1,0,0,0,1
1,0,0,0,1
1,0,0,0,1
1,0,0,0,1
2,0,0,0,2
1,0,0,0,1
1,0,0,0,1
1,0,0,0,1
1,0,0,0,1
1,0,0,0,1
1,0,0,0,1
1,0,0,0,1
2,0,0,0,2
1,0,0,0,1
6,0,0,0,6
2,0,0,0,2
3,0,0,0,3
3,0,0,0,3
1,0,0,0,1
1,0,0,0,1
2,0,0,0,2
1,0,0,0,1
1,0,0,0,1
1,0,0,0,1
1,0,0,0,1
1,0,0,0,1
1,0,0,0,1
1,0,0,0,1
1,0,0,0,1
1,0,0,0,1
1,0,0,0,1
1,0,0,0,1
1,0,0,0,1
1,0,0,0,1
1,0,0,0,1
3,0,0,0,3
1,0,0,0,1
1,0,0,0,1
1,0,0,0,1
2,0,0,0,2
1,0,0,0,1
2,0,0,0,2
1,0,0,0,1
1,0,0,0,1
1,0,0,0,1
1,0,0,0,1
1,0,0,0,1
1,2,0,0,3
1,0,0,0,1
1,0,0,0,1
1,0,0,0,1
2,0,0,0,2
1,0,0,0,1
2,0,0,0,2
3,0,0,0,3
1,0,0,0,1
1,0,0,0,1
1,0,0,0,1
2,0,0,0,2
1,0,0,0,1
1,0,0,0,1
1,0,0,0,1
1,0,0,0,1
1,0,0,0,1
2,0,0,0,2
1,0,0,0,1
1,0,0,0,1
1,0,0,0,1
2,0,0,0,2
1,0,0,0,1
1,0,0,0,1
1,0,0,0,1
1,0,0,0,1
2,0,0,0,2
1,0,0,0,1
2,0,0,0,2
1,37,0,0,38
1,0,0,0,1
1,0,0,0,1
1,0,0,0,1
1,0,0,0,1
2,0,0,0,2
1,0,0,0,1
1,0,0,0,1
1,0,0,0,1
2,0,0,0,2
1,0,0,0,1
1,0,0,0,1
1,0,0,0,1
2,0,0,0,2
3,0,0,0,3
1,0,0,0,1
1,0,0,0,1
2,0,0,0,2
1,0,0,0,1
1,0,0,0,1
1,1,0,0,2
1,0,0,0,1
1,0,0,0,1
1,0,0,0,1
1,0,0,0,1
1,0,0,0,1
1,0,0,0,1
1,0,0,0,1
1,0,0,0,1
1,0,0,0,1
1,0,0,0,1
1,0,0,0,1
2,0,0,0,2
1,0,0,0,1
1,0,0,0,1
4,0,0,0,4
1,0,0,0,1
1,0,0,0,1
2,0,0,0,2
1,0,0,0,1
1,0,0,0,1
2,0,0,0,2
1,0,0,0,1
2,0,0,0,2
2,0,0,0,2
1,0,0,0,1
1,0,0,0,1
1,0,0,0,1
1,0,0,0,1
2,9,0,0,11
3,0,1,0,4
1,0,0,0,1
1,0,0,0,1
1,0,0,0,1
1,0,0,0,1
1,1,0,0,2
1,1,0,0,2
1,0,0,0,1
1,0,0,0,1
1,0,0,0,1
1,0,0,0,1
1,15,0,0,16
2,0,0,0,2
1,0,0,0,1
1,0,0,0,1
1,0,0,0,1
4,0,0,0,4
1,0,0,0,1
2,0,0,0,2
1,0,0,0,1
1,0,0,0,1
1,0,0,0,1
1,0,0,0,1
1,0,0,0,1
1,0,0,0,1
1,0,0,0,1
1,0,0,0,1
1,0,0,0,1
1,0,0,0,1
1,0,0,0,1
1,0,0,0,1
1,0,0,0,1
1,0,0,0,1
1,0,0,0,1
2,0,0,0,2
1,0,0,0,1
1,0,0,0,1
1,0,0,0,1
1,0,0,0,1
2,0,0,0,2
4,1,1,0,6
1,0,0,0,1
4,0,0,0,4
1,0,0,0,1
1,0,0,0,1
1,0,0,0,1
2,0,0,0,2
1,0,0,0,1
1,0,0,0,1
1,0,0,0,1
1,0,0,0,1
1,0,0,0,1
1,0,0,0,1
1,0,0,0,1
1,0,0,0,1
2,0,0,0,2
1,0,0,0,1
1,0,0,0,1
1,0,0,0,1
2,0,0,0,2
1,0,0,0,1
1,0,0,0,1
1,0,0,0,1
2,0,0,0,2
2,0,0,0,2
2,0,0,0,2
1,0,0,0,1
1,0,0,0,1
2,0,0,0,2
1,0,0,0,1
1,0,0,0,1
1,0,0,0,1
1,0,0,0,1
1,0,0,0,1
6,0,0,0,6
1,0,0,0,1
1,0,0,0,1
1,0,0,0,1
3,0,0,0,3
1,0,0,0,1
3,0,0,0,3
1,162,0,0,163
1,0,0,0,1
1,0,0,0,1
1,0,0,0,1
1,0,0,0,1
2,0,0,0,2
2,0,0,0,2
1,0,0,0,1
1,0,0,0,1
1,0,0,0,1
2,0,0,0,2
1,0,0,0,1
1,0,0,0,1
3,0,0,0,3
1,0,0,0,1
1,0,0,0,1
4,0,0,0,4
4,0,0,0,4
1,0,0,0,1
1,0,0,0,1
1,0,0,0,1
1,0,0,0,1
3,0,0,0,3
1,0,0,0,1
2,0,0,0,2
4,0,0,0,4
1,0,0,0,1
2,0,0,0,2
1,0,0,0,1
1,0,0,0,1
5,0,0,0,5
1,0,0,0,1
1,0,0,0,1
1,0,0,0,1
1,0,0,0,1
2,0,0,0,2
1,0,0,0,1
6,5,0,0,11
1,0,0,0,1
1,0,0,0,1
1,0,0,0,1
1,0,0,0,1
1,0,0,0,1
1,0,0,0,1
1,0,0,0,1
1,0,0,0,1
1,0,0,0,1
2,0,0,0,2
1,0,0,0,1
1,0,0,0,1
1,0,0,0,1
1,0,0,0,1
1,0,0,0,1
1,0,0,0,1
2,0,0,0,2
1,0,0,0,1
2,2,0,0,4
2,0,0,0,2
2,0,0,0,2
1,0,0,0,1
1,0,0,0,1
1,0,0,0,1
1,0,0,0,1
1,0,0,0,1
2,1,0,0,3
2,0,0,0,2
3,0,0,0,3
1,0,0,0,1
5,0,0,0,5
1,0,0,0,1
1,0,0,0,1
1,0,0,0,1
3,0,0,0,3
1,0,0,0,1
1,0,0,0,1
1,0,0,0,1
1,0,0,0,1
1,0,0,0,1
1,0,0,0,1
1,0,0,0,1
1,0,0,0,1
1,0,0,0,1
1,0,0,0,1
1,0,0,0,1
1,0,0,0,1
3,0,0,0,3
1,0,0,0,1
1,0,0,0,1
4,0,0,0,4
1,0,0,0,1
5,4,0,0,9
1,0,0,0,1
1,0,0,0,1
1,0,0,0,1
4,0,0,0,4
2,0,0,0,2
1,0,0,0,1
4,0,0,0,4
1,0,0,0,1
1,0,0,0,1
1,0,0,0,1
3,0,0,0,3
1,0,0,0,1
1,0,0,0,1
1,0,0,0,1
1,0,0,0,1
1,0,0,0,1
1,0,0,0,1
1,0,0,0,1
1,0,0,0,1
1,0,0,0,1
1,0,0,0,1
1,0,0,0,1
1,0,0,0,1
1,0,0,0,1
1,0,0,0,1
1,0,0,0,1
2,0,0,0,2
1,15,0,0,16
1,0,0,0,1
2,0,0,0,2
1,0,0,0,1
1,0,0,0,1
1,0,0,0,1
1,0,0,0,1
1,1,1,0,3
1,0,0,0,1
1,0,0,0,1
3,0,0,0,3
1,0,0,0,1
2,0,0,0,2
1,0,0,0,1
2,0,0,0,2
5,0,0,0,5
3,0,0,0,3
1,0,0,0,1
1,0,0,0,1
1,0,0,0,1
3,1,0,0,4
1,0,0,0,1
1,0,0,0,1
1,0,0,0,1
3,0,0,0,3
1,0,0,0,1
1,0,0,0,1
1,0,0,0,1
1,0,0,0,1
1,0,0,0,1
3,0,0,0,3
1,0,0,0,1
1,0,0,0,1
2,0,0,0,2
1,0,0,0,1
2,0,0,0,2
1,0,0,0,1
2,0,0,0,2
1,0,0,0,1
3,0,0,0,3
1,0,0,0,1
1,0,0,0,1
3,0,0,0,3
1,0,0,0,1
2,0,0,0,2
1,0,0,0,1
1,0,0,0,1
2,0,0,0,2
2,0,0,0,2
1,0,0,0,1
1,0,0,0,1
1,0,0,0,1
1,0,0,0,1
1,0,0,0,1
1,0,0,0,1
1,0,0,0,1
1,0,0,0,1
2,0,0,0,2
2,0,0,0,2
1,0,0,0,1
2,0,0,0,2
2,0,0,0,2
1,0,0,0,1
1,0,0,0,1
2,0,0,0,2
1,0,0,0,1
1,0,0,0,1
1,0,0,0,1
3,0,0,0,3
2,0,0,0,2
1,0,0,0,1
1,3,0,0,4
1,0,0,0,1
1,0,0,0,1
1,0,0,0,1
5,0,0,0,5
1,0,0,0,1
1,0,0,0,1
2,0,0,0,2
3,1,0,0,4
1,0,0,0,1
1,0,0,0,1
1,0,0,0,1
1,0,0,0,1
1,0,0,0,1
2,0,0,0,2
4,0,0,0,4
3,0,0,0,3
1,0,0,0,1
2,0,0,0,2
1,0,0,0,1
1,0,0,0,1
1,0,0,0,1
1,0,0,0,1
1,0,0,0,1
6,0,0,0,6
12,16,0,0,28
1,0,0,0,1
1,0,0,0,1
1,0,0,0,1
2,0,0,0,2
1,0,0,0,1
1,1,0,0,2
1,0,0,0,1
1,0,0,0,1
1,0,0,0,1
1,0,0,0,1
1,0,0,0,1
1,0,0,0,1
1,0,0,0,1
1,0,0,0,1
1,0,0,0,1
1,0,0,0,1
2,7,0,0,9
1,0,0,0,1
5,2,1,0,8
1,0,0,0,1
2,0,0,0,2
1,0,0,0,1
1,0,0,0,1
1,0,0,0,1
1,0,0,0,1
1,0,0,0,1
1,0,0,0,1
1,0,0,0,1
2,0,0,0,2
1,0,0,0,1
1,0,0,0,1
1,0,0,0,1
3,0,0,0,3
1,0,0,0,1
1,0,0,0,1
1,0,0,0,1
1,0,0,0,1
1,0,0,0,1
1,0,0,0,1
1,0,0,0,1
1,0,0,0,1
2,0,0,0,2
1,0,0,0,1
1,0,0,0,1
2,0,0,0,2
1,0,0,0,1
1,0,0,0,1
1,0,0,0,1
1,0,0,0,1
1,0,0,0,1
1,0,0,0,1
2,0,0,0,2
1,0,0,0,1
1,0,0,0,1
1,0,0,0,1
1,0,0,0,1
1,0,0,0,1
1,0,0,0,1
1,0,0,0,1
3,0,0,0,3
1,0,0,0,1
1,0,0,0,1
1,0,0,0,1
2,3,0,0,5
1,0,0,0,1
1,0,0,0,1
1,0,0,0,1
2,2,0,0,4
1,0,0,0,1
2,0,0,0,2
3,0,0,0,3
1,0,0,0,1
1,0,0,0,1
1,0,0,0,1
2,0,0,0,2
1,0,0,0,1
1,0,0,0,1
4,0,0,0,4
1,0,0,0,1
1,0,0,0,1
1,0,0,0,1
1,0,0,0,1
1,0,0,0,1
1,0,0,0,1
1,0,0,0,1
2,0,0,0,2
1,0,0,0,1
2,0,0,0,2
1,0,0,0,1
1,0,0,0,1
1,0,0,0,1
1,0,0,0,1
1,0,0,0,1
1,0,0,0,1
1,0,0,0,1
2,0,0,0,2
1,0,0,0,1
1,0,0,0,1
1,0,0,0,1
1,0,0,0,1
1,0,0,0,1
1,0,0,0,1
1,0,0,0,1
1,0,0,0,1
1,0,0,0,1
2,0,0,0,2
1,0,0,0,1
1,0,0,0,1
2,0,0,0,2
1,0,0,0,1
1,0,0,0,1
1,0,0,0,1
1,0,0,0,1
1,0,0,0,1
1,0,0,0,1
3,0,0,0,3
1,0,0,0,1
1,0,0,0,1
3,0,0,0,3
2,0,0,0,2
1,0,0,0,1
1,0,0,0,1
1,0,0,0,1
2,0,0,0,2
1,0,0,0,1
3,0,0,0,3
1,0,0,0,1
1,0,0,0,1
1,0,0,0,1
1,0,0,0,1
1,0,0,0,1
1,0,0,0,1
1,0,0,0,1
1,0,0,0,1
1,0,0,0,1
3,0,0,0,3
1,0,0,0,1
1,0,0,0,1
1,0,0,0,1
1,0,0,0,1
1,0,0,0,1
1,0,0,0,1
1,0,0,0,1
1,0,0,0,1
1,0,0,0,1
2,0,0,0,2
1,0,0,0,1
1,0,0,0,1
1,0,0,0,1
1,0,0,0,1
1,0,0,0,1
3,0,0,0,3
1,0,0,0,1
1,0,0,0,1
1,0,0,0,1
1,0,0,0,1
3,0,0,0,3
4,13,0,0,17
1,0,0,0,1
1,0,0,0,1
1,0,0,0,1
12,16,0,0,28
1,0,0,0,1
1,0,0,0,1
1,0,0,0,1
1,0,0,0,1
1,13,0,0,14
1,0,0,0,1
1,0,0,0,1
1,1,0,0,2
1,0,0,0,1
2,0,0,0,2
1,0,0,0,1
1,0,0,0,1
2,0,0,0,2
1,0,0,0,1
1,0,0,0,1
1,0,0,0,1
1,0,0,0,1
2,0,0,0,2
1,0,0,0,1
1,0,0,0,1
1,0,0,0,1
1,0,0,0,1
1,0,0,0,1
1,0,0,0,1
1,0,0,0,1
2,0,0,0,2
1,0,0,0,1
1,0,0,0,1
1,0,0,0,1
1,0,0,0,1
1,0,0,0,1
1,0,0,0,1
1,0,0,0,1
1,0,0,0,1
1,0,0,0,1
1,0,0,0,1
2,0,0,0,2
1,0,0,0,1
2,0,0,0,2
1,0,0,0,1
1,0,0,0,1
6,0,0,0,6
1,0,0,0,1
1,0,0,0,1
1,0,0,0,1
2,0,0,0,2
1,0,0,0,1
1,0,0,0,1
1,0,0,0,1
1,0,0,0,1
1,0,0,0,1
1,0,0,0,1
2,0,0,0,2
1,0,0,0,1
1,0,0,0,1
1,0,0,0,1
2,0,0,0,2
1,0,0,0,1
1,1,1,0,3
1,0,0,0,1
1,0,0,0,1
1,0,0,0,1
1,0,0,0,1
1,0,0,0,1
1,0,0,0,1
1,0,0,0,1
1,0,0,0,1
1,0,0,0,1
1,0,0,0,1
1,0,0,0,1
1,0,0,0,1
1,0,0,0,1
2,0,0,0,2
1,0,0,0,1
1,0,0,0,1
2,0,0,0,2
2,0,0,0,2
1,0,0,0,1
1,0,0,0,1
1,0,0,0,1
1,0,0,0,1
1,0,0,0,1
1,0,0,0,1
1,0,0,0,1
2,0,0,0,2
2,0,0,0,2
1,0,0,0,1
1,0,0,0,1
1,0,0,0,1
1,0,0,0,1
1,0,0,0,1
1,0,0,0,1
3,0,0,0,3
1,0,0,0,1
2,0,0,0,2
4,0,0,0,4
1,0,0,0,1
5,0,0,0,5
1,0,0,0,1
1,0,0,0,1
1,0,0,0,1
1,0,0,0,1
1,0,0,0,1
1,0,0,0,1
1,0,0,0,1
1,0,0,0,1
1,0,0,0,1
1,0,0,0,1
1,0,0,0,1
2,0,0,0,2
2,0,0,0,2
2,0,0,0,2
2,0,0,0,2
1,0,0,0,1
1,0,0,0,1
1,0,0,0,1
2,0,0,0,2
1,0,0,0,1
1,0,0,0,1
1,0,0,0,1
1,0,0,0,1
1,0,0,0,1
2,0,0,0,2
1,0,0,0,1
1,0,0,0,1
1,4,0,0,5
1,0,0,0,1
1,0,0,0,1
2,0,0,0,2
1,0,0,0,1
1,0,0,0,1
2,0,0,0,2
1,0,0,0,1
2,0,0,0,2
1,0,0,0,1
1,0,0,0,1
1,0,0,0,1
1,0,0,0,1
1,0,0,0,1
2,0,0,0,2
1,0,0,0,1
1,0,0,0,1
1,0,0,0,1
2,0,0,0,2
1,0,0,0,1
15,0,0,0,15
2,0,0,0,2
1,0,0,0,1
1,0,0,0,1
1,0,0,0,1
1,0,0,0,1
3,0,0,0,3
1,0,0,0,1
1,0,0,0,1
1,0,0,0,1
1,0,0,0,1
1,0,0,0,1
1,0,0,0,1
1,0,0,0,1
2,0,0,0,2
1,0,0,0,1
1,0,0,0,1
1,0,0,0,1
1,0,0,0,1
1,0,0,0,1
2,0,0,0,2
4,0,0,0,4
4,0,0,0,4
1,0,0,0,1
1,0,0,0,1
1,0,0,0,1
1,0,0,0,1
1,0,0,0,1
1,0,0,0,1
1,0,0,0,1
1,0,0,0,1
4,0,0,0,4
1,0,0,0,1
1,0,0,0,1
1,0,0,0,1
2,0,0,0,2
2,0,0,0,2
1,0,0,0,1
1,0,0,0,1
2,0,0,0,2
1,0,0,0,1
2,0,0,0,2
1,0,0,0,1
3,0,0,0,3
1,0,0,0,1
1,0,0,0,1
4,0,0,0,4
1,0,0,0,1
1,2,0,0,3
1,0,0,0,1
1,0,0,0,1
1,0,0,0,1
1,0,0,0,1
1,0,0,0,1
1,0,0,0,1
1,0,0,0,1
1,0,0,0,1
1,0,0,0,1
1,0,0,0,1
1,0,0,0,1
1,0,0,0,1
7,2,0,0,9
2,0,0,0,2
1,0,0,0,1
2,0,0,0,2
1,0,0,0,1
1,0,0,0,1
1,0,0,0,1
1,0,0,0,1
1,0,0,0,1
3,0,1,0,4
2,0,0,0,2
1,0,0,0,1
1,0,0,0,1
1,0,0,0,1
1,0,0,0,1
3,0,0,0,3
1,0,0,0,1
2,0,0,0,2
1,0,0,0,1
1,0,0,0,1
1,0,0,0,1
1,0,0,0,1
1,0,0,0,1
2,0,0,0,2
1,0,0,0,1
1,0,0,0,1
1,0,0,0,1
2,0,0,0,2
1,0,0,0,1
1,0,0,0,1
1,0,0,0,1
1,0,0,0,1
1,0,0,0,1
1,0,0,0,1
2,0,0,0,2
1,0,0,0,1
1,0,0,0,1
1,0,0,0,1
1,0,0,0,1
1,0,0,0,1
5,0,0,0,5
1,0,0,0,1
1,0,0,0,1
2,0,0,0,2
2,0,0,0,2
1,0,0,0,1
1,0,0,0,1
1,0,0,0,1
1,0,0,0,1
1,0,0,0,1
3,0,0,0,3
1,0,0,0,1
1,0,0,0,1
1,0,0,0,1
2,0,0,0,2
1,0,0,0,1
1,0,0,0,1
1,0,0,0,1
1,0,0,0,1
3,0,0,0,3
1,0,0,0,1
1,0,0,0,1
2,2,0,0,4
1,0,0,0,1
1,0,0,0,1
1,0,0,0,1
1,0,0,0,1
1,0,0,0,1
1,0,0,0,1
1,0,0,0,1
1,0,0,0,1
3,0,0,0,3
1,0,0,0,1
3,0,0,0,3
1,0,0,0,1
1,0,0,0,1
1,0,0,0,1
1,0,0,0,1
2,0,0,0,2
1,0,0,0,1
1,0,0,0,1
1,0,0,0,1
2,0,0,0,2
1,0,0,0,1
2,0,0,0,2
1,0,0,0,1
1,0,0,0,1
1,0,0,0,1
1,0,0,0,1
1,0,0,0,1
1,0,0,0,1
2,0,0,0,2
1,0,0,0,1
2,2,0,0,4
1,0,0,0,1
1,0,0,0,1
1,0,0,0,1
1,0,0,0,1
4,0,0,0,4
1,0,0,0,1
1,0,0,0,1
1,0,0,0,1
1,0,0,0,1
4,0,0,0,4
1,0,0,0,1
1,0,0,0,1
1,0,0,0,1
1,0,0,0,1
1,0,0,0,1
1,1,0,0,2
3,0,0,0,3
1,0,0,0,1
5,47,1,0,53
1,0,0,0,1
2,0,0,0,2
1,0,0,0,1
1,0,0,0,1
1,0,0,0,1
1,0,0,0,1
1,0,0,0,1
1,0,0,0,1
4,7,0,0,11
1,0,0,0,1
1,0,0,0,1
1,0,0,0,1
5,0,0,0,5
1,0,0,0,1
1,0,0,0,1
1,0,0,0,1
1,0,0,0,1
1,0,0,0,1
1,0,0,0,1
1,0,0,0,1
2,0,0,0,2
2,0,0,0,2
1,0,0,0,1
1,0,0,0,1
1,0,0,0,1
2,0,0,0,2
1,0,0,0,1
1,0,0,0,1
2,1,2,0,5
1,0,0,0,1
1,0,0,0,1
1,0,0,0,1
1,0,0,0,1
1,0,0,0,1
1,0,0,0,1
5,0,0,0,5
2,0,0,0,2
1,0,0,0,1
1,0,0,0,1
1,0,0,0,1
1,0,0,0,1
2,0,0,0,2
2,0,0,0,2
1,0,0,0,1
1,0,0,0,1
3,0,0,0,3
1,0,0,0,1
1,0,0,0,1
1,0,0,0,1
3,0,0,0,3
1,0,0,0,1
1,0,0,0,1
2,2,0,0,4
1,0,0,0,1
3,0,0,0,3
2,0,0,0,2
1,0,0,0,1
1,0,0,0,1
1,0,0,0,1
1,0,0,0,1
2,0,0,0,2
6,0,0,0,6
2,0,0,0,2
1,0,0,0,1
1,0,0,0,1
1,0,0,0,1
1,0,0,0,1
1,0,0,0,1
1,0,0,0,1
1,0,0,0,1
1,0,0,0,1
1,0,0,0,1
1,0,0,0,1
1,0,0,0,1
1,0,0,0,1
1,0,0,0,1
2,3,1,0,6
1,0,0,0,1
1,0,0,0,1
1,0,0,0,1
1,0,0,0,1
1,0,0,0,1
2,0,0,0,2
1,0,0,0,1
1,0,0,0,1
1,0,0,0,1
1,0,0,0,1
1,0,0,0,1
2,0,0,0,2
1,0,0,0,1
1,0,0,0,1
2,0,0,0,2
1,0,0,0,1
1,0,0,0,1
3,0,0,0,3
2,0,0,0,2
3,0,0,0,3
1,0,0,0,1
3,0,0,0,3
3,0,0,0,3
1,0,0,0,1
1,0,0,0,1
2,0,0,0,2
2,0,0,0,2
1,0,0,0,1
1,0,0,0,1
1,0,0,0,1
1,0,0,0,1
6,0,0,0,6
3,0,0,0,3
1,0,0,0,1
1,0,0,0,1
1,0,0,0,1
2,0,0,0,2
1,0,0,0,1
1,0,0,0,1
1,0,0,0,1
1,0,0,0,1
1,0,0,0,1
1,0,0,0,1
1,0,0,0,1
4,0,0,0,4
3,0,0,0,3
1,0,0,0,1
1,0,0,0,1
1,0,0,0,1
1,0,0,0,1
1,2,0,0,3
2,0,0,0,2
3,0,0,0,3
2,0,0,0,2
1,0,0,0,1
1,0,0,0,1
2,0,0,0,2
6,0,0,0,6
1,0,0,0,1
3,0,0,0,3
1,0,0,0,1
1,0,0,0,1
3,0,0,0,3
1,0,0,0,1
1,0,0,0,1
1,0,0,0,1
1,0,0,0,1
3,0,0,0,3
1,348,0,0,349
1,0,0,0,1
1,0,0,0,1
1,0,0,0,1
2,0,0,0,2
1,0,0,0,1
1,0,0,0,1
1,0,0,0,1
1,0,0,0,1
1,0,0,0,1
1,0,0,0,1
2,0,0,0,2
1,0,0,0,1
1,0,0,0,1
3,0,0,0,3
1,0,0,0,1
2,0,0,0,2
1,0,0,0,1
1,0,0,0,1
1,0,0,0,1
1,0,0,0,1
2,0,0,0,2
1,0,0,0,1
1,0,0,0,1
1,0,0,0,1
1,0,0,0,1
2,0,0,0,2
1,0,0,0,1
1,0,0,0,1
2,0,0,0,2
1,0,0,0,1
1,0,0,0,1
1,0,0,0,1
2,0,0,0,2
1,0,0,0,1
1,0,0,0,1
2,0,0,0,2
1,0,1,0,2
1,0,0,0,1
1,0,0,0,1
2,0,0,0,2
1,0,0,0,1
2,0,0,0,2
1,0,0,0,1
1,0,0,0,1
1,0,0,0,1
1,0,0,0,1
2,0,0,0,2
1,0,0,0,1
1,0,0,0,1
1,0,0,0,1
1,0,0,0,1
2,0,0,0,2
1,0,0,0,1
3,0,0,0,3
2,0,0,0,2
1,0,0,0,1
1,0,0,0,1
1,0,0,0,1
5,0,0,0,5
1,0,0,0,1
1,0,0,0,1
1,0,0,0,1
1,0,0,0,1
1,0,0,0,1
5,0,0,0,5
1,0,0,0,1
4,0,0,0,4
1,0,0,0,1
1,0,0,0,1
1,0,0,0,1
1,0,0,0,1
1,0,0,0,1
1,0,0,0,1
1,0,0,0,1
1,0,0,0,1
2,0,0,0,2
1,0,0,0,1
1,0,0,0,1
1,0,0,0,1
2,0,0,0,2
4,0,0,0,4
3,0,0,0,3
4,0,0,0,4
1,0,0,0,1
1,0,0,0,1
1,0,0,0,1
1,0,0,0,1
2,0,0,0,2
1,0,0,0,1
1,0,0,0,1
1,0,0,0,1
1,0,0,0,1
2,0,0,0,2
1,0,0,0,1
1,0,0,0,1
3,0,0,0,3
2,0,0,0,2
5,0,0,0,5
2,0,0,0,2
1,0,0,0,1
1,0,0,0,1
1,0,0,0,1
1,0,0,0,1
1,0,0,0,1
1,0,0,0,1
1,0,0,0,1
1,0,0,0,1
1,0,0,0,1
1,0,0,0,1
1,0,0,0,1
2,0,0,0,2
1,4,0,0,5
1,0,0,0,1
1,0,0,0,1
1,0,0,0,1
1,0,0,0,1
1,0,0,0,1
1,0,0,0,1
4,0,0,0,4
2,0,0,0,2
2,0,0,0,2
1,0,0,0,1
1,0,0,0,1
1,0,0,0,1
1,0,0,0,1
2,0,0,0,2
1,0,0,0,1
1,0,0,0,1
1,0,0,0,1
2,0,0,0,2
3,0,0,0,3
4,0,0,0,4
2,0,0,0,2
1,0,0,0,1
1,0,0,0,1
1,0,0,0,1
3,0,0,0,3
3,0,0,0,3
2,0,0,0,2
1,0,0,0,1
1,0,0,0,1
1,0,0,0,1
3,0,0,0,3
1,0,0,0,1
1,0,0,0,1
1,0,0,0,1
1,0,0,0,1
2,0,0,0,2
1,0,0,0,1
1,0,0,0,1
1,0,0,0,1
1,0,0,0,1
2,0,0,0,2
4,0,0,0,4
1,0,0,0,1
2,2,0,0,4
1,0,0,0,1
2,0,0,0,2
1,0,0,0,1
1,0,0,0,1
1,0,0,0,1
1,0,0,0,1
2,0,0,0,2
2,0,0,0,2
1,0,0,0,1
1,0,0,0,1
2,0,0,0,2
1,0,0,0,1
2,0,0,0,2
3,0,0,0,3
1,0,0,0,1
1,0,0,0,1
1,0,0,0,1
1,0,0,0,1
1,1,0,0,2
1,0,0,0,1
1,0,0,0,1
1,0,0,0,1
1,0,0,0,1
1,0,0,0,1
1,0,0,0,1
1,0,0,0,1
1,0,0,0,1
1,0,0,0,1
1,0,0,0,1
1,0,0,0,1
2,0,0,0,2
1,0,0,0,1
2,0,0,0,2
1,0,0,0,1
1,0,0,0,1
2,0,0,0,2
1,0,0,0,1
3,3,0,0,6
1,0,0,0,1
1,0,0,0,1
1,0,0,0,1
1,0,0,0,1
1,0,0,0,1
1,0,0,0,1
1,0,0,0,1
1,0,0,0,1
1,0,0,0,1
3,0,0,0,3
1,0,0,0,1
1,0,0,0,1
2,1,1,0,4
1,0,0,0,1
3,0,0,0,3
1,0,0,0,1
1,0,0,0,1
1,0,0,0,1
1,1,0,0,2
1,0,0,0,1
1,0,0,0,1
1,2,0,0,3
1,0,0,0,1
1,0,0,0,1
1,0,0,0,1
1,0,0,0,1
1,0,0,0,1
1,0,0,0,1
1,0,0,0,1
3,7,2,0,12
1,0,0,0,1
1,0,0,0,1
2,0,0,0,2
1,0,0,0,1
1,0,0,0,1
1,0,0,0,1
1,0,0,0,1
1,0,0,0,1
1,0,0,0,1
1,0,0,0,1
1,0,0,0,1
1,0,0,0,1
1,0,0,0,1
1,0,0,0,1
1,0,0,0,1
2,0,0,0,2
1,0,0,0,1
1,0,0,0,1
1,0,0,0,1
1,0,0,0,1
1,0,0,0,1
1,0,0,0,1
1,0,0,0,1
5,0,0,0,5
1,0,0,0,1
2,2,0,0,4
1,0,0,0,1
1,0,0,0,1
1,0,0,0,1
7,0,0,0,7
2,0,0,0,2
1,0,0,0,1
4,0,0,0,4
4,0,0,0,4
1,0,0,0,1
1,0,0,0,1
1,0,0,0,1
1,0,0,0,1
1,0,0,0,1
2,0,0,0,2
1,0,0,0,1
2,0,0,0,2
1,0,0,0,1
2,0,0,0,2
1,0,0,0,1
2,0,0,0,2
1,0,0,0,1
3,0,0,0,3
1,0,0,0,1
1,0,0,0,1
1,0,0,0,1
1,0,0,0,1
2,0,0,0,2
2,0,0,0,2
1,0,0,0,1
1,1,0,0,2
2,0,0,0,2
1,0,0,0,1
1,0,0,0,1
2,0,0,0,2
1,0,0,0,1
1,0,0,0,1
1,0,0,0,1
5,0,0,0,5
1,0,0,0,1
1,0,0,0,1
1,0,0,0,1
1,0,0,0,1
1,0,0,0,1
1,132,0,0,133
1,0,0,0,1
1,0,0,0,1
1,0,0,0,1
2,0,0,0,2
1,0,0,0,1
1,0,0,0,1
1,0,0,0,1
1,0,0,0,1
1,0,0,0,1
1,0,0,0,1
1,0,0,0,1
1,0,0,0,1
2,3,0,0,5
1,0,0,0,1
1,0,0,0,1
1,0,0,0,1
1,0,0,0,1
2,0,0,0,2
1,0,0,0,1
2,0,0,0,2
1,0,0,0,1
2,0,0,0,2
1,0,0,0,1
1,0,0,0,1
1,0,0,0,1
1,0,0,0,1
2,0,0,0,2
1,0,0,0,1
1,0,0,0,1
1,0,0,0,1
1,0,0,0,1
1,0,0,0,1
1,0,0,0,1
2,0,0,0,2
1,0,0,0,1
1,0,0,0,1
1,0,0,0,1
2,0,0,0,2
1,0,0,0,1
2,0,0,0,2
1,0,0,0,1
1,0,0,0,1
1,0,0,0,1
1,0,0,0,1
1,0,0,0,1
1,0,0,0,1
2,0,0,0,2
1,0,0,0,1
1,0,0,0,1
2,0,0,0,2
1,0,0,0,1
1,0,0,0,1
1,1,0,0,2
1,0,0,0,1
1,0,0,0,1
1,0,0,0,1
3,0,0,0,3
3,0,0,0,3
1,2,0,0,3
1,0,0,0,1
1,0,0,0,1
1,0,0,0,1
2,0,0,0,2
1,0,0,0,1
1,0,0,0,1
1,0,0,0,1
1,0,0,0,1
1,0,0,0,1
1,0,0,0,1
1,0,0,0,1
2,0,0,0,2
1,0,0,0,1
1,0,0,0,1
1,0,0,0,1
6,0,0,0,6
5,0,0,0,5
1,0,0,0,1
1,0,0,0,1
1,0,0,0,1
1,0,0,0,1
1,0,0,0,1
1,0,0,0,1
1,0,0,0,1
1,0,0,0,1
1,0,0,0,1
1,0,0,0,1
1,0,0,0,1
1,0,0,0,1
2,0,0,0,2
1,0,0,0,1
1,0,0,0,1
1,0,0,0,1
1,0,0,0,1
1,0,0,0,1
1,0,0,0,1
1,0,0,0,1
1,0,0,0,1
2,0,0,0,2
1,0,0,0,1
1,0,0,0,1
1,0,0,0,1
1,0,0,0,1
1,0,0,0,1
1,0,0,0,1
1,0,0,0,1
1,2,0,0,3
2,0,0,0,2
2,0,0,0,2
1,0,0,0,1
1,0,0,0,1
1,0,0,0,1
1,0,0,0,1
2,0,0,0,2
1,0,0,0,1
4,0,0,0,4
1,0,0,0,1
2,0,0,0,2
1,0,0,0,1
1,0,0,0,1
1,0,0,0,1
1,0,0,0,1
2,0,0,0,2
1,0,0,0,1
2,0,0,0,2
1,0,0,0,1
1,0,0,0,1
2,0,0,0,2
1,0,0,0,1
1,0,0,0,1
1,0,0,0,1
1,0,0,0,1
1,0,0,0,1
1,0,0,0,1
2,0,0,0,2
2,0,0,0,2
1,0,0,0,1
1,0,0,0,1
1,0,0,0,1
1,0,0,0,1
1,0,0,0,1
1,0,0,0,1
2,13,0,0,15
1,0,0,0,1
1,6,0,0,7
1,0,0,0,1
2,0,0,0,2
1,0,0,0,1
1,0,0,0,1
1,0,0,0,1
1,0,0,0,1
1,0,0,0,1
1,0,0,0,1
1,0,0,0,1
2,0,0,0,2
3,0,0,0,3
2,0,0,0,2
1,0,0,0,1
1,0,0,0,1
1,0,0,0,1
1,0,0,0,1
1,0,0,0,1
1,0,0,0,1
1,0,0,0,1
1,0,0,0,1
2,0,0,0,2
1,0,0,0,1
1,0,0,0,1
3,0,0,0,3
2,1,0,0,3
2,0,0,0,2
2,0,0,0,2
1,0,0,0,1
2,0,0,0,2
1,0,0,0,1
2,2,0,0,4
1,2,1,0,4
1,0,0,0,1
1,0,0,0,1
3,0,0,0,3
1,0,0,0,1
1,0,0,0,1
1,0,0,0,1
1,0,0,0,1
1,0,0,0,1
3,0,0,0,3
1,0,0,0,1
1,0,0,0,1
2,0,0,0,2
1,0,0,0,1
1,0,0,0,1
1,0,0,0,1
1,0,0,0,1
1,0,0,0,1
4,0,0,0,4
1,0,0,0,1
1,0,0,0,1
1,0,0,0,1
3,1,0,0,4
1,0,0,0,1
1,0,0,0,1
1,0,0,0,1
1,1,1,0,3
2,0,0,0,2
1,0,0,0,1
1,0,0,0,1
5,0,0,0,5
1,0,0,0,1
7,18,2,0,27
1,0,0,0,1
1,0,0,0,1
1,0,0,0,1
1,1,0,0,2
1,0,0,0,1
1,0,0,0,1
1,0,0,0,1
1,0,0,0,1
1,0,0,0,1
1,6,0,0,7
2,0,0,0,2
1,0,0,0,1
1,0,0,0,1
1,0,0,0,1
1,2,0,0,3
1,0,0,0,1
1,0,0,0,1
1,0,0,0,1
2,0,0,0,2
7,1,0,0,8
1,0,0,0,1
1,0,0,0,1
2,0,0,0,2
1,0,0,0,1
1,0,0,0,1
1,1,0,0,2
1,0,0,0,1
2,0,0,0,2
4,0,0,0,4
1,0,0,0,1
2,0,0,0,2
1,0,0,0,1
2,0,0,0,2
1,0,0,0,1
2,0,0,0,2
1,0,0,0,1
2,0,0,0,2
1,0,0,0,1
1,0,0,0,1
1,0,0,0,1
1,0,0,0,1
1,0,0,0,1
4,0,0,0,4
1,0,0,0,1
1,0,0,0,1
1,0,0,0,1
1,0,0,0,1
2,0,0,0,2
2,0,0,0,2
1,0,0,0,1
1,0,0,0,1
1,0,0,0,1
2,0,0,0,2
1,0,0,0,1
1,0,0,0,1
1,0,0,0,1
3,0,0,0,3
1,0,0,0,1
3,0,0,0,3
1,0,0,0,1
1,0,0,0,1
1,0,0,0,1
1,0,0,0,1
1,0,0,0,1
1,0,0,0,1
1,0,0,0,1
1,0,0,0,1
1,0,0,0,1
3,0,0,0,3
1,0,0,0,1
1,0,0,0,1
1,0,0,0,1
1,23,0,0,24
1,0,0,0,1
1,0,0,0,1
1,0,0,0,1
1,0,0,0,1
1,0,0,0,1
2,0,0,0,2
1,0,0,0,1
1,0,0,0,1
1,0,0,0,1
1,0,0,0,1
1,0,0,0,1
1,0,0,0,1
1,0,0,0,1
1,0,0,0,1
1,0,0,0,1
1,0,0,0,1
1,0,0,0,1
1,0,0,0,1
1,0,0,0,1
1,0,0,0,1
1,0,0,0,1
1,0,0,0,1
4,0,0,0,4
1,0,0,0,1
1,0,0,0,1
1,0,0,0,1
1,0,0,0,1
1,0,0,0,1
1,0,0,0,1
1,0,0,0,1
2,0,0,0,2
3,0,0,0,3
1,0,0,0,1
1,0,0,0,1
1,0,0,0,1
4,0,0,0,4
1,0,0,0,1
1,0,0,0,1
1,0,0,0,1
1,0,0,0,1
1,0,0,0,1
4,0,0,0,4
1,0,0,0,1
1,0,0,0,1
1,0,0,0,1
1,0,0,0,1
1,0,0,0,1
2,0,0,0,2
1,0,0,0,1
1,0,0,0,1
1,0,0,0,1
1,0,0,0,1
2,0,0,0,2
1,0,0,0,1
1,0,0,0,1
1,0,0,0,1
1,0,0,0,1
3,2,0,0,5
1,0,0,0,1
1,0,0,0,1
1,0,0,0,1
3,0,0,0,3
2,0,0,0,2
1,0,0,0,1
1,0,0,0,1
1,0,0,0,1
5,0,0,0,5
1,0,0,0,1
1,0,0,0,1
1,1,0,0,2
1,0,0,0,1
1,0,0,0,1
1,0,0,0,1
2,0,0,0,2
1,0,0,0,1
2,0,0,0,2
1,0,0,0,1
2,0,0,0,2
1,0,0,0,1
1,0,0,0,1
1,0,0,0,1
3,0,0,0,3
2,0,0,0,2
2,0,0,0,2
1,0,0,0,1
1,0,0,0,1
1,0,0,0,1
3,0,0,0,3
1,0,0,0,1
1,0,0,0,1
1,0,0,0,1
1,0,0,0,1
2,0,0,0,2
1,0,0,0,1
1,0,0,0,1
1,0,0,0,1
1,0,0,0,1
1,0,0,0,1
1,0,0,0,1
1,0,0,0,1
1,0,0,0,1
1,0,0,0,1
1,0,0,0,1
1,0,0,0,1
1,0,0,0,1
1,0,0,0,1
2,0,0,0,2
1,0,0,0,1
1,0,0,0,1
2,0,0,0,2
2,0,0,0,2
1,0,0,0,1
3,0,0,0,3
1,0,0,0,1
2,0,0,0,2
1,0,0,0,1
1,0,0,0,1
1,0,0,0,1
1,0,0,0,1
1,0,0,0,1
1,0,0,0,1
1,0,0,0,1
1,0,0,0,1
1,0,0,0,1
1,0,0,0,1
1,0,0,0,1
1,0,0,0,1
1,0,0,0,1
1,0,0,0,1
1,0,0,0,1
2,0,0,0,2
1,0,0,0,1
1,0,0,0,1
1,0,0,0,1
1,0,0,0,1
1,0,0,0,1
2,0,0,0,2
1,0,0,0,1
1,0,0,0,1
2,0,0,0,2
1,0,0,0,1
3,0,0,0,3
1,0,0,0,1
1,0,0,0,1
1,0,0,0,1
1,0,0,0,1
1,0,0,0,1
2,4,0,0,6
1,0,0,0,1
1,0,0,0,1
1,0,0,0,1
1,0,0,0,1
1,0,0,0,1
1,0,0,0,1
2,0,0,0,2
1,0,0,0,1
1,0,0,0,1
1,0,0,0,1
1,0,0,0,1
1,0,0,0,1
3,0,0,0,3
1,0,0,0,1
4,0,0,0,4
2,0,0,0,2
1,0,0,0,1
2,0,0,0,2
1,0,0,0,1
1,0,0,0,1
1,0,0,0,1
2,0,0,0,2
1,0,0,0,1
1,0,0,0,1
1,0,0,0,1
1,0,0,0,1
3,0,0,0,3
1,0,0,0,1
1,0,0,0,1
2,0,0,0,2
2,0,0,0,2
1,0,0,0,1
1,0,0,0,1
2,0,0,0,2
1,0,0,0,1
1,0,0,0,1
4,0,0,0,4
1,0,0,0,1
1,0,0,0,1
1,0,0,0,1
1,0,0,0,1
1,0,0,0,1
1,0,0,0,1
1,0,0,0,1
1,0,0,0,1
1,1,3,0,5
1,0,0,0,1
1,0,0,0,1
2,0,0,0,2
2,0,0,0,2
1,0,0,0,1
1,0,0,0,1
1,0,0,0,1
1,0,0,0,1
1,0,0,0,1
1,0,0,0,1
1,0,0,0,1
2,3,0,0,5
1,0,0,0,1
1,0,0,0,1
1,0,0,0,1
1,0,0,0,1
4,0,0,0,4
2,0,0,0,2
1,0,0,0,1
2,0,0,0,2
1,0,0,0,1
2,0,0,0,2
1,0,0,0,1
1,0,0,0,1
2,0,0,0,2
1,0,0,0,1
2,0,0,0,2
1,0,0,0,1
1,0,0,0,1
2,0,0,0,2
5,0,0,0,5
2,0,0,0,2
1,0,0,0,1
1,0,0,0,1
1,0,0,0,1
1,0,0,0,1
1,0,0,0,1
1,0,0,0,1
1,0,0,0,1
1,0,0,0,1
1,0,0,0,1
1,0,0,0,1
1,0,0,0,1
1,0,0,0,1
1,0,0,0,1
2,0,0,0,2
4,0,0,0,4
1,0,0,0,1
1,0,0,0,1
1,0,0,0,1
1,0,0,0,1
1,0,0,0,1
1,0,0,0,1
1,0,0,0,1
1,0,0,0,1
1,0,0,0,1
1,0,0,0,1
1,0,0,0,1
2,0,0,0,2
1,0,0,0,1
1,0,0,0,1
1,0,0,0,1
1,0,0,0,1
1,0,0,0,1
1,0,0,0,1
1,0,0,0,1
2,0,0,0,2
1,0,0,0,1
1,0,0,0,1
1,0,0,0,1
1,0,0,0,1
1,0,0,0,1
1,0,0,0,1
1,0,0,0,1
1,0,0,0,1
1,0,0,0,1
1,17,0,0,18
1,0,0,0,1
1,0,0,0,1
1,0,0,0,1
1,0,0,0,1
3,0,0,0,3
1,0,0,0,1
2,0,0,0,2
1,0,0,0,1
1,0,0,0,1
1,0,0,0,1
1,0,0,0,1
1,0,0,0,1
1,0,0,0,1
1,0,0,0,1
1,0,0,0,1
1,0,0,0,1
1,0,0,0,1
1,0,0,0,1
1,0,0,0,1
1,0,0,0,1
1,0,0,0,1
1,0,0,0,1
1,0,0,0,1
2,0,0,0,2
1,0,0,0,1
2,0,0,0,2
1,0,0,0,1
1,0,0,0,1
1,0,0,0,1
2,0,0,0,2
1,0,0,0,1
1,0,0,0,1
1,0,0,0,1
2,0,0,0,2
2,0,0,0,2
1,0,0,0,1
3,0,0,0,3
1,0,0,0,1
1,0,0,0,1
1,0,0,0,1
2,0,0,0,2
1,0,0,0,1
2,0,0,0,2
3,0,0,0,3
1,0,0,0,1
2,0,0,0,2
1,0,0,0,1
1,0,0,0,1
1,0,0,0,1
1,0,0,0,1
1,0,0,0,1
1,0,0,0,1
1,0,0,0,1
1,0,0,0,1
2,3,0,0,5
1,0,0,0,1
1,0,0,0,1
1,0,0,0,1
1,0,0,0,1
2,0,0,0,2
1,0,0,0,1
4,0,0,0,4
1,0,0,0,1
2,0,0,0,2
1,0,0,0,1
1,0,0,0,1
1,0,0,0,1
1,0,0,0,1
1,0,0,0,1
1,0,0,0,1
1,0,0,0,1
2,0,0,0,2
1,0,0,0,1
1,0,0,0,1
1,0,0,0,1
1,25,1,0,27
1,0,0,0,1
1,0,0,0,1
1,0,0,0,1
1,0,0,0,1
1,0,0,0,1
1,0,0,0,1
1,0,0,0,1
1,0,0,0,1
2,0,0,0,2
1,0,0,0,1
1,0,0,0,1
1,0,0,0,1
1,0,0,0,1
3,0,0,0,3
2,0,0,0,2
1,0,0,0,1
1,0,0,0,1
1,0,0,0,1
1,0,0,0,1
1,0,0,0,1
1,0,0,0,1
7,0,0,0,7
1,0,0,0,1
1,1,0,0,2
1,2,0,0,3
2,0,0,0,2
1,0,0,0,1
1,0,0,0,1
1,0,0,0,1
1,0,0,0,1
1,0,0,0,1
1,0,0,0,1
1,0,0,0,1
2,0,0,0,2
1,0,0,0,1
1,0,0,0,1
2,0,0,0,2
4,0,0,0,4
1,0,0,0,1
1,0,0,0,1
1,0,0,0,1
1,16,0,0,17
1,0,0,0,1
1,0,0,0,1
1,0,0,0,1
1,0,0,0,1
1,0,0,0,1
2,0,0,0,2
3,0,0,0,3
1,0,0,0,1
1,0,0,0,1
1,0,0,0,1
1,0,0,0,1
1,0,0,0,1
1,0,0,0,1
2,0,0,0,2
1,0,0,0,1
2,0,0,0,2
1,0,0,0,1
1,0,0,0,1
1,0,0,0,1
1,0,0,0,1
2,0,0,0,2
1,0,0,0,1
1,0,0,0,1
1,0,0,0,1
1,0,0,0,1
1,0,0,0,1
1,0,0,0,1
1,0,0,0,1
1,0,0,0,1
1,0,0,0,1
3,0,0,0,3
1,0,0,0,1
1,0,0,0,1
1,0,0,0,1
2,0,0,0,2
3,0,0,0,3
1,0,0,0,1
1,0,0,0,1
1,0,0,0,1
1,0,0,0,1
1,0,0,0,1
2,0,0,0,2
1,0,0,0,1
1,0,0,0,1
5,0,0,0,5
1,0,0,0,1
2,0,0,0,2
1,0,0,0,1
1,0,0,0,1
1,0,0,0,1
1,0,0,0,1
1,0,0,0,1
1,0,0,0,1
1,0,0,0,1
5,0,0,0,5
1,0,0,0,1
1,0,0,0,1
1,0,0,0,1
1,0,0,0,1
1,0,0,0,1
1,0,0,0,1
1,0,0,0,1
1,0,0,0,1
1,0,0,0,1
1,0,0,0,1
1,0,0,0,1
1,0,0,0,1
1,0,0,0,1
1,0,0,0,1
1,0,0,0,1
1,0,0,0,1
1,0,0,0,1
1,0,0,0,1
1,0,0,0,1
1,0,0,0,1
1,0,0,0,1
3,0,0,0,3
1,0,0,0,1
1,0,0,0,1
1,0,0,0,1
1,0,0,0,1
4,0,0,0,4
1,0,0,0,1
1,0,0,0,1
1,0,0,0,1
1,0,0,0,1
1,0,0,0,1
3,5,0,0,8
1,0,0,0,1
1,0,0,0,1
3,9,0,0,12
1,0,0,0,1
2,0,0,0,2
1,0,0,0,1
4,0,0,0,4
1,0,0,0,1
1,0,0,0,1
1,0,0,0,1
1,0,0,0,1
1,0,0,0,1
1,0,0,0,1
1,0,0,0,1
1,0,0,0,1
1,0,0,0,1
1,0,0,0,1
3,0,0,0,3
3,9,0,0,12
1,0,0,0,1
1,0,0,0,1
1,0,0,0,1
1,0,0,0,1
3,0,0,0,3
1,0,0,0,1
2,0,0,0,2
2,0,0,0,2
1,0,0,0,1
1,0,0,0,1
1,0,0,0,1
1,0,0,0,1
1,0,0,0,1
1,0,0,0,1
2,0,0,0,2
1,0,0,0,1
1,0,0,0,1
1,0,0,0,1
1,0,0,0,1
4,0,0,0,4
1,0,0,0,1
2,0,0,0,2
1,0,0,0,1
5,0,0,0,5
4,0,0,0,4
2,0,0,0,2
2,0,0,0,2
1,0,0,0,1
1,0,0,0,1
1,0,0,0,1
2,0,0,0,2
1,0,0,0,1
2,0,0,0,2
1,0,0,0,1
1,0,0,0,1
1,0,0,0,1
2,0,0,0,2
2,2,0,0,4
1,0,0,0,1
1,0,0,0,1
1,0,0,0,1
1,0,0,0,1
1,0,0,0,1
2,0,0,0,2
2,0,0,0,2
1,0,0,0,1
6,0,0,0,6
2,0,0,0,2
2,0,0,0,2
2,0,0,0,2
2,0,0,0,2
1,0,0,0,1
1,0,0,0,1
1,0,0,0,1
4,0,0,0,4
3,0,0,0,3
1,0,0,0,1
1,0,0,0,1
1,0,0,0,1
1,0,0,0,1
1,0,0,0,1
1,0,0,0,1
1,0,0,0,1
4,0,0,0,4
1,0,0,0,1
1,0,0,0,1
1,0,0,0,1
1,0,0,0,1
1,0,0,0,1
2,0,0,0,2
1,0,0,0,1
2,0,0,0,2
1,0,0,0,1
2,0,0,0,2
2,0,0,0,2
1,0,0,0,1
1,0,0,0,1
1,0,0,0,1
1,0,0,0,1
3,0,0,0,3
2,0,0,0,2
1,0,0,0,1
1,0,0,0,1
1,0,0,0,1
1,0,0,0,1
1,0,0,0,1
2,0,0,0,2
1,0,0,0,1
2,6,0,0,8
3,0,0,0,3
1,0,0,0,1
1,0,0,0,1
1,0,0,0,1
4,0,0,0,4
1,0,0,0,1
1,0,0,0,1
1,0,0,0,1
1,0,0,0,1
1,0,0,0,1
1,0,0,0,1
3,0,0,0,3
2,0,0,0,2
1,0,0,0,1
1,0,0,0,1
1,0,0,0,1
1,0,0,0,1
2,0,0,0,2
1,0,0,0,1
1,0,0,0,1
1,0,0,0,1
1,0,0,0,1
3,0,0,0,3
2,0,0,0,2
1,0,0,0,1
3,0,0,0,3
1,0,0,0,1
1,0,0,0,1
1,0,0,0,1
1,0,0,0,1
1,0,0,0,1
2,1,0,0,3
1,0,0,0,1
2,0,0,0,2
1,0,0,0,1
2,0,0,0,2
1,0,0,0,1
1,0,0,0,1
1,0,0,0,1
1,0,0,0,1
1,0,0,0,1
1,0,0,0,1
11,1,0,0,12
3,0,0,0,3
1,0,0,0,1
1,0,0,0,1
1,0,0,0,1
1,5,0,0,6
1,0,0,0,1
1,0,0,0,1
1,0,0,0,1
1,0,0,0,1
1,0,0,0,1
1,0,0,0,1
1,0,0,0,1
2,0,0,0,2
1,0,0,0,1
1,0,0,0,1
4,0,0,0,4
2,0,0,0,2
1,0,0,0,1
1,0,0,0,1
2,0,0,0,2
1,0,0,0,1
1,0,0,0,1
1,0,0,0,1
3,0,0,0,3
4,1,0,0,5
1,0,0,0,1
2,0,0,0,2
1,0,0,0,1
2,0,0,0,2
2,0,0,0,2
1,0,0,0,1
2,0,0,0,2
2,0,0,0,2
1,0,0,0,1
2,0,0,0,2
2,0,0,0,2
1,0,0,0,1
1,0,0,0,1
1,0,0,0,1
4,0,0,0,4
1,0,0,0,1
1,1,0,0,2
1,0,0,0,1
1,0,0,0,1
1,0,0,0,1
3,0,0,0,3
1,0,0,0,1
1,0,0,0,1
1,0,0,0,1
1,0,0,0,1
1,0,0,0,1
1,3,0,0,4
3,0,0,0,3
1,0,0,0,1
3,0,0,0,3
1,0,0,0,1
1,0,0,0,1
1,0,0,0,1
1,0,0,0,1
2,0,0,0,2
1,0,0,0,1
1,0,0,0,1
3,4,0,0,7
1,0,0,0,1
1,0,0,0,1
1,0,0,0,1
3,0,0,0,3
1,0,0,0,1
1,0,0,0,1
1,0,0,0,1
1,0,0,0,1
1,0,0,0,1
2,0,0,0,2
1,0,0,0,1
1,6,1,0,8
1,0,0,0,1
1,0,0,0,1
4,0,0,0,4
1,0,0,0,1
1,0,0,0,1
1,3,0,0,4
2,0,0,0,2
1,0,0,0,1
2,0,0,0,2
1,0,0,0,1
1,0,0,0,1
1,1,0,0,2
1,0,0,0,1
1,0,0,0,1
1,0,0,0,1
1,0,0,0,1
1,0,0,0,1
1,0,0,0,1
2,0,0,0,2
1,0,0,0,1
1,0,0,0,1
1,0,0,0,1
1,0,0,0,1
1,0,0,0,1
5,0,0,0,5
1,0,0,0,1
1,0,0,0,1
1,0,0,0,1
1,0,0,0,1
2,0,0,0,2
1,0,0,0,1
1,0,0,0,1
1,0,0,0,1
1,0,0,0,1
1,0,0,0,1
2,0,0,0,2
1,0,0,0,1
1,0,0,0,1
1,0,0,0,1
1,0,0,0,1
2,0,0,0,2
2,0,0,0,2
2,0,0,0,2
1,0,0,0,1
1,0,0,0,1
2,0,0,0,2
3,0,0,0,3
1,0,0,0,1
2,0,0,0,2
2,0,0,0,2
1,0,0,0,1
1,0,0,0,1
1,0,0,0,1
2,0,0,0,2
3,6,1,0,10
1,0,0,0,1
1,0,0,0,1
1,0,0,0,1
1,0,0,0,1
1,0,0,0,1
1,0,0,0,1
1,0,0,0,1
1,0,0,0,1
1,2,2,0,5
1,0,0,0,1
1,0,0,0,1
1,0,0,0,1
2,4,0,0,6
1,0,0,0,1
1,0,0,0,1
1,0,0,0,1
1,0,0,0,1
1,0,0,0,1
2,0,0,0,2
1,0,0,0,1
2,0,0,0,2
1,0,0,0,1
1,0,0,0,1
1,0,0,0,1
1,0,0,0,1
1,0,0,0,1
1,0,0,0,1
1,0,0,0,1
6,0,0,0,6
1,0,0,0,1
2,0,0,0,2
1,0,0,0,1
2,2,0,0,4
1,0,0,0,1
1,0,0,0,1
1,0,0,0,1
3,0,0,0,3
2,0,0,0,2
2,0,0,0,2
2,0,0,0,2
1,0,0,0,1
5,0,0,0,5
1,0,0,0,1
3,0,0,0,3
1,0,0,0,1
1,0,0,0,1
1,0,0,0,1
1,28,0,0,29
1,0,0,0,1
1,0,0,0,1
2,0,0,0,2
1,0,0,0,1
3,3,0,0,6
1,0,0,0,1
1,0,0,0,1
1,0,0,0,1
1,0,0,0,1
1,0,0,0,1
1,0,0,0,1
1,0,0,0,1
1,0,0,0,1
1,0,0,0,1
1,0,0,0,1
1,0,0,0,1
2,0,0,0,2
1,0,0,0,1
1,0,0,0,1
1,2,0,0,3
1,0,0,0,1
6,0,0,0,6
2,0,0,0,2
1,0,0,0,1
2,0,0,0,2
1,0,0,0,1
1,0,0,0,1
1,0,0,0,1
1,0,0,0,1
1,0,0,0,1
2,0,0,0,2
1,0,0,0,1
1,0,0,0,1
1,0,0,0,1
1,0,0,0,1
2,0,0,0,2
1,0,0,0,1
1,0,0,0,1
1,0,0,0,1
1,0,0,0,1
1,0,0,0,1
2,0,0,0,2
1,0,0,0,1
1,0,0,0,1
1,0,0,0,1
1,0,0,0,1
1,0,0,0,1
1,0,0,0,1
1,0,0,0,1
1,0,0,0,1
1,0,0,0,1
1,5,0,0,6
1,0,0,0,1
3,0,0,0,3
1,0,0,0,1
1,0,0,0,1
1,0,0,0,1
1,0,0,0,1
2,0,0,0,2
1,0,0,0,1
1,0,0,0,1
1,0,0,0,1
3,0,0,0,3
1,0,0,0,1
1,0,0,0,1
2,0,0,0,2
1,0,0,0,1
1,0,0,0,1
1,0,0,0,1
1,0,0,0,1
1,0,0,0,1
1,0,0,0,1
1,0,0,0,1
2,0,0,0,2
1,0,0,0,1
2,0,0,0,2
3,0,0,0,3
1,0,0,0,1
1,0,0,0,1
1,0,0,0,1
1,0,0,0,1
1,0,0,0,1
1,0,0,0,1
1,0,0,0,1
1,0,0,0,1
1,0,0,0,1
1,0,0,0,1
2,0,0,0,2
2,0,0,0,2
1,0,0,0,1
1,0,0,0,1
1,7,0,0,8
1,0,0,0,1
1,0,0,0,1
1,0,0,0,1
1,0,0,0,1
1,23,0,0,24
1,0,0,0,1
1,0,0,0,1
1,0,0,0,1
1,0,0,0,1
1,0,0,0,1
1,0,0,0,1
1,0,0,0,1
1,0,0,0,1
1,0,0,0,1
1,0,0,0,1
3,0,0,0,3
1,0,0,0,1
2,0,0,0,2
2,0,0,0,2
1,0,0,0,1
1,0,0,0,1
1,0,0,0,1
1,0,0,0,1
1,0,0,0,1
1,0,0,0,1
1,0,0,0,1
1,0,0,0,1
11,0,0,0,11
1,0,0,0,1
2,0,0,0,2
5,0,0,0,5
1,0,0,0,1
1,0,0,0,1
2,0,0,0,2
2,0,0,0,2
2,1,1,0,4
1,0,0,0,1
2,0,0,0,2
1,0,0,0,1
1,0,0,0,1
1,0,0,0,1
1,0,0,0,1
4,0,0,0,4
5,0,0,0,5
1,0,0,0,1
1,0,0,0,1
1,0,0,0,1
1,0,0,0,1
1,0,0,0,1
1,0,0,0,1
1,0,0,0,1
1,0,0,0,1
1,0,0,0,1
1,0,0,0,1
1,0,0,0,1
1,0,0,0,1
1,0,0,0,1
1,0,0,0,1
1,0,0,0,1
1,0,0,0,1
1,0,0,0,1
1,0,0,0,1
1,0,0,0,1
1,0,0,0,1
1,0,0,0,1
1,0,0,0,1
1,0,0,0,1
2,0,0,0,2
1,0,0,0,1
4,10,0,0,14
1,0,0,0,1
1,0,0,0,1
1,0,0,0,1
1,0,0,0,1
2,0,0,0,2
1,0,0,0,1
1,0,0,0,1
5,3,1,0,9
3,0,0,0,3
1,0,0,0,1
1,0,0,0,1
1,0,0,0,1
1,0,0,0,1
4,0,0,0,4
1,0,0,0,1
1,0,0,0,1
1,0,0,0,1
1,0,0,0,1
1,0,0,0,1
1,4,0,0,5
1,0,0,0,1
1,0,0,0,1
4,0,0,0,4
2,0,0,0,2
1,0,0,0,1
1,0,0,0,1
1,0,0,0,1
4,0,0,0,4
1,0,0,0,1
1,0,0,0,1
2,0,0,0,2
1,0,0,0,1
1,0,0,0,1
1,0,0,0,1
2,0,0,0,2
2,0,0,0,2
1,0,0,0,1
1,0,0,0,1
1,0,0,0,1
1,0,0,0,1
3,0,0,0,3
1,0,0,0,1
1,1,0,0,2
1,0,0,0,1
1,0,0,0,1
4,0,0,0,4
1,0,0,0,1
3,13,0,0,16
1,0,0,0,1
1,0,0,0,1
1,0,0,0,1
1,0,0,0,1
1,0,0,0,1
1,0,0,0,1
1,0,0,0,1
2,0,0,0,2
1,2,0,0,3
2,0,0,0,2
1,0,0,0,1
1,0,0,0,1
1,0,0,0,1
1,0,0,0,1
2,0,0,0,2
1,0,0,0,1
1,0,0,0,1
2,0,0,0,2
1,0,0,0,1
1,0,0,0,1
3,0,0,0,3
1,0,0,0,1
1,0,0,0,1
1,0,0,0,1
1,0,0,0,1
1,0,0,0,1
1,0,0,0,1
4,0,0,0,4
1,0,0,0,1
2,0,0,0,2
1,0,0,0,1
1,0,0,0,1
1,0,0,0,1
1,0,0,0,1
1,0,0,0,1
1,0,0,0,1
1,0,0,0,1
1,0,0,0,1
1,0,0,0,1
1,0,0,0,1
1,0,0,0,1
1,0,0,0,1
1,0,0,0,1
1,0,0,0,1
1,0,0,0,1
1,0,0,0,1
2,0,0,0,2
5,0,0,0,5
1,0,0,0,1
2,0,0,0,2
1,0,0,0,1
2,0,0,0,2
2,0,0,0,2
1,0,0,0,1
1,0,0,0,1
1,2,0,0,3
1,0,0,0,1
1,0,0,0,1
1,0,0,0,1
1,0,0,0,1
1,0,0,0,1
1,0,0,0,1
6,0,0,0,6
1,0,0,0,1
1,0,0,0,1
1,0,0,0,1
1,0,0,0,1
1,0,0,0,1
1,0,0,0,1
2,0,0,0,2
1,0,0,0,1
2,0,0,0,2
1,0,0,0,1
1,0,0,0,1
1,0,0,0,1
1,0,0,0,1
2,0,0,0,2
1,0,0,0,1
3,1,0,0,4
1,0,0,0,1
2,0,0,0,2
2,0,0,0,2
3,0,0,0,3
1,0,0,0,1
1,0,0,0,1
1,0,0,0,1
1,0,0,0,1
1,0,0,0,1
1,0,0,0,1
1,0,0,0,1
1,0,0,0,1
3,0,0,0,3
1,0,0,0,1
1,0,0,0,1
1,0,0,0,1
2,1,0,0,3
1,0,0,0,1
1,0,0,0,1
2,0,0,0,2
1,0,0,0,1
7,0,0,0,7
1,0,0,0,1
1,12,0,0,13
1,0,0,0,1
2,4,0,0,6
1,0,0,0,1
1,0,0,0,1
4,0,0,0,4
2,0,0,0,2
2,0,0,0,2
1,0,0,0,1
1,0,0,0,1
1,0,0,0,1
1,0,0,0,1
2,0,0,0,2
1,0,0,0,1
1,0,0,0,1
1,0,0,0,1
1,0,0,0,1
1,0,0,0,1
2,0,0,0,2
1,0,0,0,1
1,0,0,0,1
1,0,0,0,1
1,0,0,0,1
4,0,0,0,4
2,0,0,0,2
2,0,0,0,2
1,0,0,0,1
1,0,0,0,1
2,0,0,0,2
1,0,0,0,1
1,0,0,0,1
5,2,0,0,7
3,0,0,0,3
1,0,0,0,1
1,0,0,0,1
1,0,0,0,1
2,0,0,0,2
1,0,0,0,1
1,0,0,0,1
1,0,0,0,1
1,0,0,0,1
1,0,1,0,2
1,0,0,0,1
8,0,0,0,8
1,0,0,0,1
2,0,0,0,2
1,0,0,0,1
1,0,0,0,1
1,0,0,0,1
2,0,0,0,2
1,0,0,0,1
1,0,0,0,1
3,0,0,0,3
1,0,0,0,1
1,0,0,0,1
1,0,0,0,1
1,0,0,0,1
1,0,0,0,1
1,0,0,0,1
1,1,1,0,3
3,0,0,0,3
3,0,0,0,3
1,0,0,0,1
1,0,0,0,1
1,0,0,0,1
1,0,0,0,1
1,0,0,0,1
5,0,0,0,5
1,0,0,0,1
1,0,0,0,1
2,0,0,0,2
1,0,0,0,1
1,0,0,0,1
1,0,0,0,1
1,0,0,0,1
2,0,0,0,2
1,0,0,0,1
1,0,0,0,1
1,0,0,0,1
1,0,0,0,1
1,0,0,0,1
1,0,0,0,1
1,0,0,0,1
2,0,0,0,2
1,0,0,0,1
1,0,0,0,1
1,0,0,0,1
2,0,0,0,2
1,0,0,0,1
2,0,0,0,2
1,0,0,0,1
3,0,0,0,3
1,0,0,0,1
1,0,0,0,1
1,0,0,0,1
2,0,0,0,2
1,0,0,0,1
1,0,0,0,1
1,0,0,0,1
1,0,0,0,1
2,1,0,0,3
1,0,0,0,1
1,0,0,0,1
1,0,0,0,1
1,3,1,0,5
1,0,0,0,1
1,0,0,0,1
3,0,0,0,3
2,0,0,0,2
1,0,0,0,1
1,0,0,0,1
1,0,0,0,1
2,0,0,0,2
2,0,0,0,2
1,0,0,0,1
1,0,0,0,1
1,0,0,0,1
1,0,0,0,1
3,0,0,0,3
1,0,0,0,1
1,0,0,0,1
1,0,0,0,1
4,0,0,0,4
2,0,0,0,2
1,0,0,0,1
1,0,0,0,1
2,0,0,0,2
1,0,0,0,1
1,2,0,0,3
1,0,0,0,1
2,0,0,0,2
1,0,0,0,1
1,0,0,0,1
1,0,0,0,1
2,0,0,0,2
1,0,0,0,1
3,0,0,0,3
2,0,0,0,2
1,0,0,0,1
1,0,0,0,1
1,0,0,0,1
1,0,0,0,1
1,0,0,0,1
1,0,0,0,1
2,0,0,0,2
1,0,0,0,1
3,0,0,0,3
1,0,0,0,1
1,0,0,0,1
5,4,0,0,9
2,0,0,0,2
2,0,0,0,2
1,0,0,0,1
1,0,0,0,1
1,0,0,0,1
2,6,1,0,9
1,0,0,0,1
3,0,0,0,3
1,0,0,0,1
1,0,0,0,1
1,0,0,0,1
1,0,0,0,1
1,0,0,0,1
1,0,0,0,1
1,0,0,0,1
1,0,0,0,1
1,0,0,0,1
2,0,0,0,2
1,0,0,0,1
1,0,0,0,1
1,0,0,0,1
1,0,0,0,1
1,0,0,0,1
1,0,0,0,1
1,0,0,0,1
1,0,0,0,1
1,0,0,0,1
1,0,0,0,1
1,0,0,0,1
2,0,0,0,2
1,0,0,0,1
1,0,0,0,1
1,0,0,0,1
3,0,0,0,3
2,0,0,0,2
2,0,0,0,2
1,0,0,0,1
2,0,0,0,2
1,0,0,0,1
1,0,0,0,1
1,0,0,0,1
1,0,0,0,1
1,0,0,0,1
1,0,0,0,1
1,0,0,0,1
1,0,0,0,1
1,0,0,0,1
1,0,0,0,1
1,0,0,0,1
2,0,0,0,2
1,0,0,0,1
1,0,0,0,1
2,0,0,0,2
5,0,0,0,5
1,0,0,0,1
1,0,0,0,1
1,0,0,0,1
1,0,0,0,1
1,0,0,0,1
1,0,0,0,1
1,0,0,0,1
2,0,0,0,2
1,0,0,0,1
1,0,0,0,1
1,0,0,0,1
4,0,0,0,4
1,0,0,0,1
2,0,0,0,2
1,0,0,0,1
1,0,0,0,1
1,0,0,0,1
1,0,0,0,1
1,0,0,0,1
1,0,0,0,1
1,0,0,0,1
1,0,0,0,1
1,0,0,0,1
1,0,0,0,1
1,0,0,0,1
2,0,0,0,2
1,0,0,0,1
1,0,0,0,1
1,0,0,0,1
1,0,0,0,1
1,0,0,0,1
1,0,0,0,1
1,0,0,0,1
1,0,0,0,1
1,0,0,0,1
1,0,0,0,1
1,0,0,0,1
1,0,0,0,1
1,0,0,0,1
1,0,0,0,1
1,0,0,0,1
1,0,0,0,1
1,0,0,0,1
1,0,0,0,1
2,0,0,0,2
1,0,0,0,1
1,0,0,0,1
1,0,0,0,1
1,0,0,0,1
1,0,0,0,1
1,0,0,0,1
1,0,0,0,1
1,0,0,0,1
1,0,0,0,1
1,0,0,0,1
1,0,0,0,1
1,0,0,0,1
1,7,0,0,8
1,0,0,0,1
1,0,0,0,1
1,0,0,0,1
1,0,0,0,1
1,0,0,0,1
1,0,0,0,1
1,0,0,0,1
1,0,0,0,1
2,2,0,0,4
1,0,0,0,1
1,0,0,0,1
1,0,0,0,1
1,29,0,0,30
1,0,0,0,1
1,0,0,0,1
1,0,0,0,1
1,0,0,0,1
1,0,0,0,1
1,0,0,0,1
2,0,0,0,2
1,0,0,0,1
1,0,0,0,1
1,0,0,0,1
4,0,0,0,4
1,0,0,0,1
2,0,0,0,2
9,6,3,0,18
1,0,0,0,1
1,0,0,0,1
2,0,0,0,2
3,1,0,0,4
1,0,0,0,1
1,0,0,0,1
1,0,0,0,1
1,0,0,0,1
2,0,0,0,2
1,0,0,0,1
1,0,0,0,1
4,0,0,0,4
1,0,0,0,1
1,0,0,0,1
1,0,0,0,1
3,0,0,0,3
1,0,0,0,1
1,0,0,0,1
2,0,0,0,2
1,0,0,0,1
1,0,0,0,1
1,0,0,0,1
2,0,0,0,2
2,0,0,0,2
1,0,0,0,1
1,0,0,0,1
1,0,0,0,1
1,0,0,0,1
1,0,0,0,1
3,0,0,0,3
1,0,0,0,1
1,0,0,0,1
2,0,0,0,2
1,0,0,0,1
1,0,0,0,1
1,0,0,0,1
1,0,0,0,1
1,0,0,0,1
1,0,0,0,1
1,0,0,0,1
1,0,0,0,1
1,0,0,0,1
1,0,0,0,1
1,0,0,0,1
1,0,0,0,1
1,0,0,0,1
1,0,0,0,1
1,0,0,0,1
1,0,0,0,1
1,0,0,0,1
1,0,0,0,1
1,0,0,0,1
1,0,0,0,1
1,0,0,0,1
5,0,0,0,5
1,0,0,0,1
2,0,0,0,2
1,0,0,0,1
1,0,0,0,1
1,0,0,0,1
1,0,0,0,1
1,0,0,0,1
1,0,0,0,1
1,0,0,0,1
2,0,0,0,2
1,0,0,0,1
1,0,0,0,1
1,0,0,0,1
2,0,0,0,2
2,0,0,0,2
3,0,0,0,3
1,0,0,0,1
1,0,0,0,1
1,0,0,0,1
1,0,0,0,1
1,0,0,0,1
2,0,0,0,2
1,0,0,0,1
1,0,0,0,1
1,0,0,0,1
1,0,0,0,1
1,0,0,0,1
1,0,0,0,1
1,0,0,0,1
1,0,0,0,1
1,0,0,0,1
2,0,0,0,2
1,0,0,0,1
1,0,0,0,1
1,0,0,0,1
2,0,0,0,2
1,0,0,0,1
2,0,0,0,2
1,0,0,0,1
2,0,0,0,2
2,0,0,0,2
1,0,0,0,1
2,0,0,0,2
1,0,0,0,1
1,0,0,0,1
1,0,0,0,1
1,0,0,0,1
1,0,0,0,1
1,0,0,0,1
2,0,0,0,2
1,0,0,0,1
1,0,0,0,1
1,0,0,0,1
1,0,0,0,1
3,0,0,0,3
1,0,0,0,1
3,0,0,0,3
1,0,0,0,1
1,0,0,0,1
1,0,0,0,1
1,27,0,0,28
1,0,0,0,1
1,0,0,0,1
1,0,0,0,1
1,0,0,0,1
1,0,0,0,1
1,0,0,0,1
3,1,0,0,4
1,0,0,0,1
1,0,0,0,1
1,0,0,0,1
2,0,0,0,2
2,0,0,0,2
2,0,0,0,2
1,0,0,0,1
2,0,0,0,2
1,0,0,0,1
1,0,0,0,1
1,0,0,0,1
3,0,0,0,3
2,0,0,0,2
1,0,0,0,1
1,0,0,0,1
1,0,0,0,1
1,0,0,0,1
1,0,0,0,1
2,0,0,0,2
1,66,0,0,67
1,0,0,0,1
1,0,0,0,1
1,0,0,0,1
1,0,0,0,1
1,0,0,0,1
1,0,0,0,1
1,0,0,0,1
2,1,0,0,3
1,0,0,0,1
1,0,0,0,1
1,0,0,0,1
1,0,0,0,1
1,0,0,0,1
3,0,0,0,3
1,6,0,0,7
2,0,0,0,2
1,0,0,0,1
1,0,0,0,1
1,0,0,0,1
3,0,0,0,3
1,0,0,0,1
1,0,0,0,1
1,0,0,0,1
1,0,0,0,1
1,0,0,0,1
1,1,0,0,2
1,0,0,0,1
1,0,0,0,1
6,3,0,0,9
1,0,0,0,1
1,0,0,0,1
2,0,0,0,2
1,0,0,0,1
1,0,0,0,1
5,0,0,0,5
2,0,0,0,2
1,0,0,0,1
1,0,0,0,1
1,0,0,0,1
1,0,0,0,1
4,0,0,0,4
1,0,0,0,1
1,0,0,0,1
1,0,0,0,1
1,0,0,0,1
1,0,0,0,1
1,0,0,0,1
1,0,0,0,1
1,0,0,0,1
1,0,0,0,1
1,0,0,0,1
1,0,0,0,1
1,0,0,0,1
1,0,0,0,1
1,0,0,0,1
1,0,0,0,1
1,0,0,0,1
1,0,0,0,1
3,0,0,0,3
1,0,0,0,1
1,0,0,0,1
1,0,0,0,1
1,0,0,0,1
1,0,0,0,1
5,0,0,0,5
1,0,0,0,1
3,0,0,0,3
1,0,0,0,1
6,0,0,0,6
3,0,0,0,3
1,0,0,0,1
2,0,0,0,2
1,0,0,0,1
1,0,0,0,1
1,0,0,0,1
1,0,0,0,1
1,0,0,0,1
6,0,0,0,6
1,0,0,0,1
1,0,0,0,1
1,0,0,0,1
2,0,0,0,2
2,0,0,0,2
1,0,0,0,1
1,0,0,0,1
2,0,0,0,2
4,2,0,0,6
1,0,0,0,1
1,0,0,0,1
1,0,0,0,1
1,0,0,0,1
2,0,0,0,2
1,0,0,0,1
3,0,0,0,3
1,0,0,0,1
2,0,0,0,2
1,0,0,0,1
1,0,0,0,1
3,0,0,0,3
1,0,0,0,1
1,0,0,0,1
1,0,0,0,1
1,0,0,0,1
1,0,0,0,1
1,0,0,0,1
2,0,0,0,2
1,3,0,0,4
1,0,0,0,1
1,0,0,0,1
1,0,0,0,1
1,0,0,0,1
1,0,0,0,1
1,0,0,0,1
2,0,0,0,2
1,0,0,0,1
1,0,0,0,1
1,0,0,0,1
1,0,0,0,1
1,0,0,0,1
2,0,0,0,2
1,0,0,0,1
2,29,0,0,31
1,0,0,0,1
2,0,0,0,2
1,7,1,0,9
1,0,0,0,1
2,0,0,0,2
1,0,0,0,1
1,0,0,0,1
1,0,0,0,1
2,0,0,0,2
1,0,0,0,1
1,0,0,0,1
3,0,0,0,3
1,0,0,0,1
1,0,0,0,1
1,0,0,0,1
1,0,0,0,1
1,0,0,0,1
1,0,0,0,1
1,0,0,0,1
1,0,0,0,1
1,0,0,0,1
1,0,0,0,1
1,0,0,0,1
1,0,0,0,1
1,0,0,0,1
1,0,0,0,1
1,0,0,0,1
1,0,0,0,1
1,0,0,0,1
1,0,0,0,1
1,0,0,0,1
1,0,0,0,1
1,0,0,0,1
1,0,0,0,1
1,0,0,0,1
2,0,0,0,2
1,0,0,0,1
1,0,0,0,1
1,5,0,0,6
1,0,0,0,1
1,0,0,0,1
4,0,0,0,4
1,0,0,0,1
1,0,0,0,1
1,0,0,0,1
1,0,0,0,1
1,0,0,0,1
1,0,0,0,1
4,0,0,0,4
1,0,0,0,1
1,0,0,0,1
1,0,0,0,1
1,0,0,0,1
1,0,0,0,1
2,0,0,0,2
5,0,0,0,5
3,0,0,0,3
1,0,0,0,1
1,0,0,0,1
2,0,0,0,2
1,0,0,0,1
3,1,1,0,5
2,0,0,0,2
1,0,0,0,1
1,0,0,0,1
2,2,0,0,4
4,0,0,0,4
1,0,0,0,1
1,0,0,0,1
1,0,0,0,1
1,0,0,0,1
1,0,0,0,1
1,0,0,0,1
1,0,0,0,1
1,0,0,0,1
1,0,0,0,1
1,0,0,0,1
1,6,0,0,7
1,1,1,0,3
1,0,0,0,1
1,0,0,0,1
1,0,0,0,1
1,0,0,0,1
1,0,0,0,1
1,0,0,0,1
2,0,0,0,2
1,0,0,0,1
1,0,0,0,1
1,0,0,0,1
3,0,0,0,3
1,0,0,0,1
1,0,0,0,1
1,0,0,0,1
2,61,0,0,63
1,0,0,0,1
2,0,0,0,2
1,0,0,0,1
3,0,0,0,3
1,0,0,0,1
1,0,0,0,1
2,0,0,0,2
2,0,0,0,2
2,0,0,0,2
1,0,0,0,1
1,0,0,0,1
1,0,0,0,1
1,0,0,0,1
1,0,0,0,1
1,0,0,0,1
1,0,0,0,1
1,0,0,0,1
4,1,2,0,7
1,0,0,0,1
1,0,0,0,1
1,0,0,0,1
1,0,0,0,1
1,0,0,0,1
1,0,0,0,1
1,0,0,0,1
1,0,0,0,1
3,0,0,0,3
1,0,0,0,1
1,0,0,0,1
1,0,0,0,1
1,0,0,0,1
1,0,0,0,1
1,0,0,0,1
1,0,0,0,1
1,0,0,0,1
1,0,0,0,1
2,0,0,0,2
1,0,0,0,1
5,0,0,0,5
1,1,1,0,3
1,0,0,0,1
1,0,0,0,1
1,0,0,0,1
5,0,0,0,5
1,0,0,0,1
1,0,0,0,1
1,0,0,0,1
1,0,0,0,1
1,0,0,0,1
1,0,0,0,1
2,0,0,0,2
2,0,1,0,3
1,79,0,0,80
1,0,0,0,1
1,0,0,0,1
1,0,0,0,1
3,0,0,0,3
3,0,0,0,3
1,0,0,0,1
3,0,0,0,3
1,0,0,0,1
1,0,0,0,1
1,0,0,0,1
1,0,0,0,1
1,0,0,0,1
1,0,0,0,1
1,0,0,0,1
2,0,0,0,2
2,0,0,0,2
1,0,0,0,1
1,0,0,0,1
2,0,0,0,2
1,0,0,0,1
2,0,0,0,2
1,0,0,0,1
1,0,0,0,1
1,0,0,0,1
1,3,0,0,4
1,0,0,0,1
1,0,0,0,1
2,0,0,0,2
1,0,0,0,1
1,0,0,0,1
1,0,0,0,1
1,0,0,0,1
2,0,0,0,2
2,0,0,0,2
1,0,0,0,1
1,0,0,0,1
1,0,0,0,1
1,0,0,0,1
4,0,0,0,4
1,0,0,0,1
1,0,0,0,1
1,0,0,0,1
1,0,0,0,1
2,0,0,0,2
1,0,0,0,1
2,0,0,0,2
1,0,0,0,1
3,0,0,0,3
1,0,0,0,1
1,0,0,0,1
1,0,0,0,1
2,51,0,0,53
2,0,0,0,2
3,0,0,0,3
1,0,0,0,1
1,0,0,0,1
1,0,0,0,1
2,0,0,0,2
2,0,0,0,2
1,0,0,0,1
6,2,0,0,8
1,0,0,0,1
1,0,0,0,1
1,0,0,0,1
1,0,0,0,1
1,0,0,0,1
1,0,0,0,1
2,0,0,0,2
2,0,0,0,2
1,0,0,0,1
1,0,0,0,1
1,0,0,0,1
1,0,0,0,1
1,0,0,0,1
2,0,0,0,2
1,0,0,0,1
1,0,0,0,1
1,0,0,0,1
1,0,0,0,1
2,0,0,0,2
1,0,0,0,1
2,0,0,0,2
1,0,0,0,1
1,0,0,0,1
1,0,0,0,1
2,0,0,0,2
1,0,0,0,1
2,0,0,0,2
2,0,0,0,2
1,0,0,0,1
1,0,0,0,1
2,0,0,0,2
2,0,0,0,2
1,0,0,0,1
1,0,0,0,1
2,0,0,0,2
3,0,0,0,3
3,0,0,0,3
1,0,0,0,1
1,0,0,0,1
2,0,0,0,2
1,0,0,0,1
1,0,0,0,1
1,0,0,0,1
4,14,0,0,18
2,0,0,0,2
1,0,0,0,1
1,0,0,0,1
1,0,0,0,1
1,0,0,0,1
1,0,0,0,1
1,0,0,0,1
1,0,0,0,1
3,0,0,0,3
1,0,0,0,1
1,0,0,0,1
1,0,0,0,1
1,4,1,0,6
2,0,0,0,2
1,0,0,0,1
2,0,0,0,2
1,0,0,0,1
1,0,0,0,1
3,38,2,0,43
1,0,0,0,1
1,0,0,0,1
1,0,0,0,1
2,1,0,0,3
1,0,0,0,1
1,0,0,0,1
1,0,0,0,1
1,0,0,0,1
3,0,0,0,3
1,1,0,0,2
1,0,0,0,1
1,5,0,0,6
1,0,0,0,1
2,0,0,0,2
1,0,0,0,1
1,0,0,0,1
1,0,0,0,1
2,0,0,0,2
1,0,0,0,1
5,0,0,0,5
1,0,0,0,1
1,0,0,0,1
1,0,0,0,1
1,0,0,0,1
1,0,0,0,1
1,0,0,0,1
3,0,0,0,3
1,0,0,0,1
1,0,0,0,1
1,0,0,0,1
1,0,0,0,1
1,2,0,0,3
1,0,0,0,1
1,0,0,0,1
1,0,0,0,1
1,2,0,0,3
1,0,0,0,1
1,0,0,0,1
2,0,0,0,2
1,0,0,0,1
1,0,0,0,1
1,0,0,0,1
1,13,0,0,14
1,0,0,0,1
2,0,0,0,2
1,0,0,0,1
1,0,0,0,1
3,0,0,0,3
1,0,0,0,1
1,0,0,0,1
1,0,0,0,1
3,0,3,0,6
3,0,0,0,3
3,0,0,0,3
2,0,0,0,2
1,0,0,0,1
2,2,0,0,4
2,0,0,0,2
2,0,0,0,2
1,0,0,0,1
1,0,0,0,1
1,0,0,0,1
1,0,0,0,1
1,0,0,0,1
2,0,0,0,2
1,0,0,0,1
1,0,0,0,1
1,0,0,0,1
1,0,0,0,1
1,0,0,0,1
1,0,0,0,1
1,0,0,0,1
1,0,0,0,1
2,0,0,0,2
1,0,0,0,1
1,0,0,0,1
1,0,0,0,1
1,0,0,0,1
2,0,0,0,2
1,0,0,0,1
1,0,0,0,1
1,0,0,0,1
2,0,0,0,2
2,0,0,0,2
2,0,0,0,2
1,0,0,0,1
1,0,0,0,1
1,0,0,0,1
1,0,0,0,1
2,0,0,0,2
1,0,0,0,1
1,0,0,0,1
1,0,0,0,1
1,0,0,0,1
3,0,0,0,3
1,0,0,0,1
1,0,0,0,1
1,0,0,0,1
1,0,0,0,1
1,0,0,0,1
3,0,0,0,3
3,0,0,0,3
2,0,0,0,2
1,0,0,0,1
2,0,0,0,2
1,0,0,0,1
1,0,0,0,1
1,0,0,0,1
1,0,0,0,1
1,0,0,0,1
1,0,0,0,1
1,0,0,0,1
1,0,0,0,1
1,0,0,0,1
1,0,0,0,1
1,0,0,0,1
5,0,0,0,5
1,0,0,0,1
1,0,0,0,1
1,0,0,0,1
1,0,0,0,1
1,0,0,0,1
1,0,0,0,1
1,0,0,0,1
1,0,0,0,1
1,0,0,0,1
1,0,0,0,1
1,0,0,0,1
1,0,0,0,1
2,0,0,0,2
1,0,0,0,1
1,0,0,0,1
1,0,0,0,1
1,0,0,0,1
2,0,0,0,2
1,0,0,0,1
1,0,0,0,1
1,0,0,0,1
1,0,0,0,1
1,0,0,0,1
2,1,0,0,3
4,1,0,0,5
3,0,0,0,3
1,0,0,0,1
1,0,0,0,1
1,0,0,0,1
2,0,0,0,2
1,0,0,0,1
1,0,0,0,1
1,0,0,0,1
1,0,0,0,1
1,0,0,0,1
1,0,0,0,1
1,0,0,0,1
1,0,0,0,1
1,0,0,0,1
1,0,0,0,1
1,0,0,0,1
14,2,0,0,16
1,0,0,0,1
1,0,0,0,1
2,0,0,0,2
1,0,0,0,1
3,0,0,0,3
1,2,1,0,4
1,0,0,0,1
1,0,0,0,1
1,0,0,0,1
1,0,0,0,1
1,0,0,0,1
1,0,0,0,1
1,0,0,0,1
1,0,0,0,1
2,0,0,0,2
2,0,0,0,2
1,0,0,0,1
1,0,0,0,1
1,0,0,0,1
1,2,0,0,3
1,0,0,0,1
2,0,0,0,2
1,0,0,0,1
1,0,0,0,1
1,0,0,0,1
1,0,0,0,1
2,8,3,0,13
1,0,0,0,1
1,0,0,0,1
2,0,0,0,2
1,0,0,0,1
1,3,0,0,4
1,0,0,0,1
1,0,0,0,1
1,0,0,0,1
2,0,0,0,2
1,0,0,0,1
1,0,0,0,1
1,0,0,0,1
1,0,0,0,1
1,0,0,0,1
1,0,0,0,1
1,0,0,0,1
1,0,0,0,1
2,0,0,0,2
1,0,0,0,1
1,0,0,0,1
1,0,0,0,1
1,0,0,0,1
1,0,0,0,1
1,0,0,0,1
2,0,0,0,2
1,0,0,0,1
1,0,0,0,1
1,0,0,0,1
1,0,0,0,1
1,0,0,0,1
1,0,0,0,1
1,1,0,0,2
1,0,0,0,1
3,0,0,0,3
1,0,0,0,1
1,0,0,0,1
1,0,0,0,1
1,0,0,0,1
2,0,0,0,2
3,0,0,0,3
1,0,0,0,1
2,0,0,0,2
1,0,0,0,1
1,0,0,0,1
1,0,0,0,1
1,0,0,0,1
1,0,0,0,1
1,30,0,0,31
2,0,0,0,2
1,0,0,0,1
1,0,0,0,1
1,0,0,0,1
1,0,0,0,1
4,1,0,0,5
1,0,0,0,1
1,0,0,0,1
1,0,0,0,1
1,0,0,0,1
1,0,0,0,1
2,0,0,0,2
1,0,0,0,1
1,0,0,0,1
1,0,0,0,1
1,0,0,0,1
1,0,0,0,1
1,0,0,0,1
1,0,0,0,1
1,0,0,0,1
1,0,0,0,1
1,0,0,0,1
1,0,0,0,1
1,0,0,0,1
1,0,0,0,1
1,0,0,0,1
1,0,0,0,1
1,0,0,0,1
1,0,0,0,1
1,0,0,0,1
1,0,0,0,1
1,0,0,0,1
1,0,0,0,1
1,0,0,0,1
3,0,0,0,3
2,0,0,0,2
2,0,0,0,2
1,0,0,0,1
1,0,0,0,1
1,0,0,0,1
3,0,0,0,3
2,19,0,0,21
1,0,0,0,1
1,0,0,0,1
2,0,0,0,2
1,0,0,0,1
1,0,0,0,1
1,0,0,0,1
1,0,0,0,1
2,0,0,0,2
1,0,0,0,1
1,0,0,0,1
1,0,0,0,1
1,0,0,0,1
1,0,0,0,1
5,0,0,0,5
1,0,0,0,1
1,0,0,0,1
1,0,0,0,1
1,0,0,0,1
2,2,0,0,4
4,0,0,0,4
1,0,0,0,1
1,0,0,0,1
1,0,0,0,1
1,0,0,0,1
2,0,0,0,2
1,0,0,0,1
1,0,0,0,1
1,0,0,0,1
1,0,0,0,1
1,0,0,0,1
1,0,0,0,1
1,0,0,0,1
1,0,0,0,1
1,0,0,0,1
1,0,0,0,1
1,0,0,0,1
1,0,0,0,1
1,0,0,0,1
1,0,0,0,1
1,0,0,0,1
2,0,0,0,2
1,0,0,0,1
1,0,0,0,1
1,0,0,0,1
1,0,0,0,1
1,0,0,0,1
2,0,0,0,2
1,0,0,0,1
1,0,0,0,1
2,0,0,0,2
1,0,0,0,1
2,0,0,0,2
4,0,0,0,4
1,0,0,0,1
1,0,0,0,1
3,0,0,0,3
1,0,0,0,1
1,0,0,0,1
1,0,0,0,1
1,0,0,0,1
1,0,0,0,1
1,0,0,0,1
1,0,0,0,1
1,0,0,0,1
1,0,0,0,1
1,0,0,0,1
4,0,0,0,4
1,0,0,0,1
1,0,0,0,1
1,0,0,0,1
1,0,0,0,1
1,0,0,0,1
2,0,0,0,2
1,0,0,0,1
1,0,0,0,1
1,0,0,0,1
1,0,0,0,1
2,0,0,0,2
1,0,0,0,1
2,0,0,0,2
1,0,0,0,1
1,0,0,0,1
1,2,0,0,3
1,0,0,0,1
2,0,0,0,2
1,0,0,0,1
2,0,0,0,2
2,0,0,0,2
1,0,0,0,1
5,0,0,0,5
1,0,0,0,1
1,0,0,0,1
1,3,0,0,4
1,0,0,0,1
1,0,0,0,1
1,0,0,0,1
2,0,0,0,2
1,0,0,0,1
1,0,0,0,1
1,0,0,0,1
1,0,0,0,1
6,9,0,0,15
1,0,0,0,1
1,0,0,0,1
1,0,0,0,1
2,0,0,0,2
2,0,0,0,2
1,0,0,0,1
1,0,0,0,1
1,0,0,0,1
1,0,0,0,1
4,0,0,0,4
1,0,0,0,1
1,0,0,0,1
2,0,0,0,2
1,0,0,0,1
1,0,0,0,1
1,0,0,0,1
1,0,0,0,1
5,0,0,0,5
1,0,0,0,1
1,0,0,0,1
1,0,0,0,1
1,0,0,0,1
1,0,0,0,1
1,0,0,0,1
1,0,0,0,1
1,0,0,0,1
1,0,0,0,1
1,0,0,0,1
4,0,0,0,4
1,2,0,0,3
1,0,0,0,1
1,6,0,0,7
1,0,0,0,1
1,0,0,0,1
1,0,0,0,1
1,0,0,0,1
1,0,0,0,1
1,0,0,0,1
1,0,0,0,1
1,0,0,0,1
1,0,0,0,1
3,0,0,0,3
2,0,0,0,2
3,0,0,0,3
1,0,0,0,1
1,0,0,0,1
1,0,0,0,1
1,0,0,0,1
1,0,0,0,1
1,0,0,0,1
1,0,0,0,1
1,0,0,0,1
2,0,0,0,2
1,0,0,0,1
2,0,0,0,2
2,0,0,0,2
2,12,2,0,16
2,0,0,0,2
1,0,0,0,1
2,0,0,0,2
1,0,0,0,1
1,0,0,0,1
1,0,0,0,1
1,0,0,0,1
1,0,0,0,1
1,0,0,0,1
1,0,0,0,1
2,0,0,0,2
1,32,0,0,33
1,0,0,0,1
2,0,0,0,2
3,0,0,0,3
1,0,0,0,1
1,0,0,0,1
1,0,0,0,1
1,0,0,0,1
1,0,0,0,1
1,0,0,0,1
1,0,0,0,1
1,0,0,0,1
3,4,0,0,7
1,0,0,0,1
1,0,0,0,1
1,0,0,0,1
2,0,0,0,2
1,0,0,0,1
1,0,0,0,1
1,3,0,0,4
1,0,0,0,1
1,0,0,0,1
1,0,0,0,1
1,0,0,0,1
1,0,0,0,1
2,0,0,0,2
1,0,0,0,1
1,0,0,0,1
1,0,0,0,1
1,0,0,0,1
2,0,0,0,2
1,0,0,0,1
1,0,0,0,1
1,0,0,0,1
1,0,0,0,1
1,0,0,0,1
1,0,0,0,1
1,0,0,0,1
2,0,0,0,2
1,0,0,0,1
1,0,0,0,1
1,0,0,0,1
1,0,0,0,1
1,0,0,0,1
1,0,0,0,1
1,0,0,0,1
1,0,0,0,1
1,0,0,0,1
1,0,0,0,1
2,0,0,0,2
2,0,0,0,2
1,0,0,0,1
2,0,0,0,2
2,0,0,0,2
3,0,0,0,3
1,0,0,0,1
1,0,0,0,1
1,0,0,0,1
1,0,0,0,1
1,0,0,0,1
1,0,0,0,1
1,0,0,0,1
1,0,0,0,1
1,0,0,0,1
1,0,0,0,1
1,0,0,0,1
1,0,0,0,1
1,0,0,0,1
1,0,0,0,1
1,0,0,0,1
1,0,0,0,1
2,0,0,0,2
1,0,0,0,1
1,0,0,0,1
1,0,0,0,1
1,0,0,0,1
2,0,0,0,2
1,0,0,0,1
1,0,0,0,1
2,0,0,0,2
1,0,0,0,1
1,0,0,0,1
1,0,0,0,1
1,0,0,0,1
2,0,0,0,2
1,0,0,0,1
1,0,0,0,1
1,2,0,0,3
1,0,0,0,1
1,0,0,0,1
1,0,0,0,1
1,0,0,0,1
1,1,0,0,2
2,0,0,0,2
2,0,0,0,2
3,0,0,0,3
1,0,0,0,1
1,0,0,0,1
1,0,0,0,1
4,3,0,0,7
1,0,0,0,1
1,0,0,0,1
1,0,0,0,1
1,0,0,0,1
2,0,0,0,2
1,1,0,0,2
1,0,0,0,1
1,0,0,0,1
1,0,0,0,1
1,0,0,0,1
1,0,0,0,1
1,0,0,0,1
1,0,0,0,1
1,0,0,0,1
1,0,0,0,1
1,0,0,0,1
3,2,0,0,5
1,0,0,0,1
3,0,0,0,3
1,0,0,0,1
2,0,0,0,2
1,0,0,0,1
1,0,0,0,1
1,0,0,0,1
1,0,0,0,1
1,0,0,0,1
1,0,0,0,1
1,0,0,0,1
1,0,0,0,1
1,0,0,0,1
4,0,0,0,4
1,0,0,0,1
2,0,0,0,2
1,0,0,0,1
1,0,0,0,1
1,0,0,0,1
2,0,0,0,2
3,0,0,0,3
1,0,0,0,1
1,0,0,0,1
1,0,0,0,1
1,0,0,0,1
1,0,0,0,1
1,0,0,0,1
1,0,0,0,1
1,0,0,0,1
2,1,0,0,3
1,1,0,0,2
2,0,0,0,2
1,0,0,0,1
1,2,0,0,3
1,0,0,0,1
1,0,0,0,1
2,0,0,0,2
1,0,0,0,1
1,0,0,0,1
2,0,0,0,2
1,0,0,0,1
1,0,0,0,1
2,0,0,0,2
2,0,0,0,2
1,0,0,0,1
1,0,0,0,1
1,0,0,0,1
1,0,0,0,1
1,0,0,0,1
2,1,0,0,3
2,0,0,0,2
1,0,0,0,1
1,0,0,0,1
1,0,0,0,1
1,0,0,0,1
1,0,0,0,1
1,0,0,0,1
1,0,0,0,1
1,0,0,0,1
1,0,0,0,1
1,0,0,0,1
2,0,0,0,2
1,0,0,0,1
1,0,0,0,1
2,0,0,0,2
1,0,0,0,1
1,0,0,0,1
1,0,0,0,1
1,0,0,0,1
1,0,0,0,1
1,0,0,0,1
5,0,0,0,5
1,0,0,0,1
2,0,0,0,2
1,0,0,0,1
2,29,2,0,33
1,0,0,0,1
1,0,0,0,1
1,3,0,0,4
1,0,0,0,1
1,0,0,0,1
1,0,0,0,1
1,0,0,0,1
1,0,0,0,1
1,0,0,0,1
1,0,0,0,1
1,0,0,0,1
1,0,0,0,1
1,0,0,0,1
1,0,0,0,1
1,0,0,0,1
1,0,0,0,1
1,1,0,0,2
1,0,0,0,1
1,0,0,0,1
1,0,0,0,1
1,0,0,0,1
1,0,0,0,1
1,0,0,0,1
1,0,0,0,1
2,2,0,0,4
1,0,0,0,1
1,0,0,0,1
1,0,0,0,1
1,0,0,0,1
1,0,0,0,1
1,0,0,0,1
1,0,0,0,1
4,0,0,0,4
1,4,0,0,5
1,0,0,0,1
1,0,0,0,1
1,0,0,0,1
1,0,0,0,1
1,0,0,0,1
1,0,0,0,1
2,0,0,0,2
1,0,0,0,1
2,2,0,0,4
2,0,0,0,2
1,0,0,0,1
1,0,0,0,1
1,0,0,0,1
3,2,0,0,5
1,0,0,0,1
1,0,0,0,1
2,0,0,0,2
4,0,0,0,4
1,0,0,0,1
1,0,0,0,1
1,0,0,0,1
1,0,0,0,1
1,0,0,0,1
1,0,0,0,1
1,0,0,0,1
1,0,0,0,1
1,0,0,0,1
1,0,0,0,1
2,0,0,0,2
1,0,0,0,1
2,0,0,0,2
1,11,0,0,12
1,0,0,0,1
5,14,0,0,19
1,0,0,0,1
3,0,0,0,3
1,0,0,0,1
1,0,0,0,1
1,0,0,0,1
1,0,0,0,1
1,0,0,0,1
1,0,0,0,1
1,0,0,0,1
1,0,0,0,1
4,0,0,0,4
1,0,0,0,1
1,0,0,0,1
1,0,0,0,1
3,0,1,0,4
1,4,1,0,6
1,0,0,0,1
1,0,0,0,1
1,0,0,0,1
1,0,0,0,1
2,0,0,0,2
1,1,0,0,2
1,0,0,0,1
2,0,0,0,2
1,0,0,0,1
1,0,0,0,1
1,0,0,0,1
6,0,0,0,6
1,0,0,0,1
2,0,0,0,2
5,0,0,0,5
1,0,0,0,1
1,0,0,0,1
3,0,0,0,3
1,0,0,0,1
1,0,0,0,1
2,0,0,0,2
2,0,0,0,2
1,0,0,0,1
4,0,1,0,5
1,0,0,0,1
1,0,0,0,1
1,0,0,0,1
1,0,0,0,1
1,0,0,0,1
1,0,0,0,1
1,0,0,0,1
1,0,0,0,1
1,0,0,0,1
1,0,0,0,1
1,0,0,0,1
1,0,0,0,1
1,1,1,0,3
1,0,0,0,1
1,0,0,0,1
1,0,0,0,1
1,0,0,0,1
1,0,0,0,1
1,0,0,0,1
1,0,0,0,1
1,0,0,0,1
1,0,0,0,1
1,0,0,0,1
1,0,0,0,1
1,0,0,0,1
1,0,0,0,1
2,0,0,0,2
1,0,0,0,1
1,0,0,0,1
1,0,0,0,1
1,0,0,0,1
1,0,0,0,1
3,0,0,0,3
1,0,0,0,1
1,0,0,0,1
1,0,1,0,2
3,0,0,0,3
1,0,0,0,1
1,0,0,0,1
1,0,0,0,1
1,0,0,0,1
1,0,0,0,1
1,0,0,0,1
1,0,0,0,1
1,0,0,0,1
3,0,0,0,3
1,1,0,0,2
1,0,0,0,1
1,0,0,0,1
1,0,0,0,1
2,0,0,0,2
1,0,0,0,1
2,0,0,0,2
2,0,0,0,2
1,0,0,0,1
1,0,0,0,1
1,0,0,0,1
1,0,0,0,1
1,0,0,0,1
1,4,0,0,5
1,0,0,0,1
1,0,0,0,1
1,0,0,0,1
3,0,0,0,3
1,0,0,0,1
1,0,0,0,1
1,0,0,0,1
1,0,0,0,1
2,0,0,0,2
1,0,0,0,1
1,0,0,0,1
1,0,0,0,1
1,0,0,0,1
2,0,0,0,2
4,0,0,0,4
1,0,0,0,1
1,0,0,0,1
1,0,0,0,1
1,0,0,0,1
1,0,0,0,1
1,0,0,0,1
1,0,0,0,1
1,0,0,0,1
2,0,0,0,2
1,0,0,0,1
1,0,0,0,1
1,0,0,0,1
1,0,0,0,1
2,0,0,0,2
1,0,0,0,1
1,0,0,0,1
1,0,0,0,1
2,0,0,0,2
1,0,0,0,1
1,0,0,0,1
2,0,0,0,2
1,0,0,0,1
1,0,0,0,1
1,0,0,0,1
1,0,0,0,1
1,0,0,0,1
1,0,0,0,1
1,0,0,0,1
1,0,0,0,1
1,1,0,0,2
1,0,0,0,1
1,0,0,0,1
2,0,0,0,2
1,0,0,0,1
1,0,0,0,1
4,1,1,0,6
1,0,0,0,1
1,0,0,0,1
2,0,0,0,2
1,0,0,0,1
1,0,0,0,1
1,0,0,0,1
1,0,0,0,1
1,0,0,0,1
1,0,0,0,1
1,0,0,0,1
2,0,0,0,2
1,0,0,0,1
1,0,0,0,1
1,0,0,0,1
1,0,0,0,1
1,0,0,0,1
1,1,0,0,2
1,0,0,0,1
1,0,0,0,1
1,0,0,0,1
1,0,0,0,1
1,0,0,0,1
1,0,0,0,1
2,8,0,0,10
7,1,0,0,8
2,0,0,0,2
1,0,0,0,1
1,0,0,0,1
1,0,0,0,1
1,0,0,0,1
1,0,0,0,1
1,0,0,0,1
1,0,0,0,1
1,0,0,0,1
1,0,0,0,1
1,0,0,0,1
1,0,0,0,1
1,0,0,0,1
1,0,0,0,1
1,0,0,0,1
1,0,0,0,1
1,0,0,0,1
3,0,0,0,3
1,0,0,0,1
3,0,0,0,3
1,0,0,0,1
1,0,0,0,1
1,0,0,0,1
2,0,0,0,2
5,0,0,0,5
1,0,0,0,1
1,0,0,0,1
1,0,0,0,1
1,0,0,0,1
6,0,0,0,6
15,0,0,0,15
1,0,0,0,1
1,0,0,0,1
1,0,0,0,1
1,0,0,0,1
1,0,0,0,1
2,0,0,0,2
1,0,0,0,1
2,0,0,0,2
1,0,0,0,1
1,0,0,0,1
1,0,0,0,1
3,0,0,0,3
1,0,0,0,1
1,0,0,0,1
1,0,0,0,1
1,0,0,0,1
1,0,0,0,1
1,0,0,0,1
1,0,0,0,1
1,0,0,0,1
1,0,0,0,1
2,0,0,0,2
1,0,0,0,1
2,0,0,0,2
1,0,0,0,1
1,0,0,0,1
1,0,0,0,1
1,32,0,0,33
1,0,0,0,1
1,0,0,0,1
1,0,0,0,1
1,0,0,0,1
1,0,0,0,1
1,0,0,0,1
1,0,0,0,1
3,6,0,0,9
1,0,0,0,1
1,0,0,0,1
1,0,0,0,1
1,0,0,0,1
1,0,0,0,1
1,0,0,0,1
1,0,0,0,1
2,0,0,0,2
1,0,0,0,1
1,0,0,0,1
1,0,0,0,1
3,0,0,0,3
1,0,0,0,1
1,0,0,0,1
1,0,0,0,1
1,0,0,0,1
3,0,0,0,3
2,0,0,0,2
1,0,0,0,1
1,0,0,0,1
1,0,0,0,1
1,2,1,0,4
1,0,0,0,1
1,0,0,0,1
1,0,0,0,1
1,0,0,0,1
8,0,0,0,8
1,0,0,0,1
1,0,0,0,1
2,0,0,0,2
1,0,0,0,1
1,0,0,0,1
2,0,0,0,2
1,0,0,0,1
1,0,0,0,1
1,0,0,0,1
1,0,0,0,1
1,0,0,0,1
1,0,0,0,1
1,0,0,0,1
1,0,0,0,1
1,0,0,0,1
1,2,0,0,3
1,0,0,0,1
1,0,0,0,1
1,0,0,0,1
2,0,0,0,2
1,1,0,0,2
1,0,0,0,1
1,0,0,0,1
1,0,0,0,1
1,0,0,0,1
1,0,0,0,1
1,0,0,0,1
2,0,0,0,2
1,0,0,0,1
1,1,0,0,2
1,0,0,0,1
3,20,0,0,23
1,0,0,0,1
1,0,0,0,1
1,0,0,0,1
1,0,0,0,1
1,0,0,0,1
1,0,0,0,1
2,0,0,0,2
1,0,0,0,1
1,0,0,0,1
1,0,0,0,1
1,0,0,0,1
1,0,0,0,1
3,0,0,0,3
1,0,0,0,1
1,0,0,0,1
1,0,0,0,1
1,0,0,0,1
3,0,0,0,3
2,0,0,0,2
3,2,0,0,5
1,0,0,0,1
1,0,0,0,1
7,0,0,0,7
3,0,0,0,3
1,0,0,0,1
1,0,0,0,1
1,0,0,0,1
1,0,0,0,1
1,0,0,0,1
1,0,0,0,1
2,0,0,0,2
2,0,0,0,2
1,0,0,0,1
2,0,0,0,2
1,0,0,0,1
1,0,0,0,1
1,0,0,0,1
1,0,0,0,1
1,0,0,0,1
1,0,0,0,1
1,0,0,0,1
3,0,0,0,3
1,0,0,0,1
1,0,0,0,1
1,0,0,0,1
2,0,0,0,2
1,0,0,0,1
1,0,0,0,1
2,0,0,0,2
1,0,0,0,1
1,0,0,0,1
1,0,0,0,1
1,0,0,0,1
1,0,0,0,1
1,0,0,0,1
1,0,0,0,1
1,0,0,0,1
1,0,0,0,1
1,2,0,0,3
1,0,0,0,1
2,0,0,0,2
2,0,0,0,2
1,0,0,0,1
1,0,0,0,1
1,0,0,0,1
1,0,0,0,1
1,0,0,0,1
1,0,0,0,1
3,0,0,0,3
1,0,0,0,1
1,0,0,0,1
1,0,0,0,1
1,0,0,0,1
1,0,0,0,1
4,0,0,0,4
5,14,0,0,19
1,0,0,0,1
1,0,0,0,1
1,0,0,0,1
1,0,0,0,1
2,0,0,0,2
1,0,0,0,1
1,0,0,0,1
1,0,0,0,1
1,0,0,0,1
2,0,0,0,2
4,0,0,0,4
2,0,0,0,2
1,0,0,0,1
3,0,0,0,3
1,0,0,0,1
1,0,0,0,1
1,0,0,0,1
1,0,0,0,1
1,0,0,0,1
2,0,0,0,2
2,0,0,0,2
1,0,0,0,1
1,0,0,0,1
2,0,0,0,2
1,0,0,0,1
1,0,0,0,1
1,0,0,0,1
1,0,0,0,1
2,0,0,0,2
1,0,0,0,1
1,0,0,0,1
1,0,0,0,1
1,0,0,0,1
1,0,0,0,1
4,0,0,0,4
1,0,0,0,1
1,0,0,0,1
1,0,0,0,1
2,0,0,0,2
4,0,0,0,4
3,0,0,0,3
2,0,0,0,2
1,0,0,0,1
1,0,0,0,1
1,0,0,0,1
1,0,0,0,1
1,0,0,0,1
1,2,1,0,4
1,2,0,0,3
1,0,0,0,1
1,0,0,0,1
1,0,0,0,1
1,0,0,0,1
2,0,0,0,2
1,0,0,0,1
1,0,0,0,1
1,0,0,0,1
1,0,0,0,1
2,0,0,0,2
1,0,0,0,1
2,0,0,0,2
1,0,0,0,1
2,0,0,0,2
1,0,0,0,1
1,0,0,0,1
2,0,0,0,2
1,0,0,0,1
1,0,0,0,1
1,0,0,0,1
1,0,0,0,1
1,0,0,0,1
1,0,0,0,1
2,0,0,0,2
1,0,0,0,1
2,0,0,0,2
1,0,0,0,1
1,0,0,0,1
1,0,0,0,1
4,0,0,0,4
1,0,0,0,1
1,0,0,0,1
2,0,0,0,2
1,0,0,0,1
1,0,0,0,1
1,0,0,0,1
4,0,0,0,4
1,0,0,0,1
1,0,0,0,1
1,0,0,0,1
1,0,0,0,1
1,0,0,0,1
1,0,0,0,1
1,0,0,0,1
1,0,0,0,1
3,0,0,0,3
1,0,0,0,1
1,0,0,0,1
2,0,0,0,2
1,0,0,0,1
1,0,0,0,1
1,0,0,0,1
1,0,0,0,1
1,0,0,0,1
1,0,0,0,1
1,0,0,0,1
2,0,0,0,2
6,1,0,0,7
2,0,0,0,2
3,0,0,0,3
1,0,0,0,1
2,3,0,0,5
1,0,0,0,1
1,0,0,0,1
1,0,0,0,1
5,0,0,0,5
1,0,0,0,1
1,0,0,0,1
3,0,0,0,3
1,0,0,0,1
1,0,0,0,1
2,0,0,0,2
2,0,0,0,2
3,0,0,0,3
1,0,0,0,1
1,0,0,0,1
2,2,0,0,4
1,0,0,0,1
1,0,0,0,1
1,0,0,0,1
1,0,0,0,1
1,0,0,0,1
1,0,0,0,1
1,0,0,0,1
1,0,0,0,1
1,0,0,0,1
1,0,0,0,1
1,0,0,0,1
1,0,0,0,1
1,0,0,0,1
1,0,0,0,1
1,0,0,0,1
1,0,0,0,1
1,0,0,0,1
1,0,0,0,1
1,0,0,0,1
1,0,0,0,1
1,0,0,0,1
1,0,0,0,1
1,0,0,0,1
2,0,0,0,2
2,0,0,0,2
1,0,0,0,1
1,0,0,0,1
3,0,0,0,3
1,0,0,0,1
1,0,0,0,1
1,0,0,0,1
3,0,0,0,3
1,0,0,0,1
2,0,0,0,2
1,0,0,0,1
1,0,0,0,1
2,0,0,0,2
1,0,0,0,1
1,0,0,0,1
1,0,0,0,1
2,0,0,0,2
3,0,0,0,3
1,0,0,0,1
1,0,0,0,1
1,0,0,0,1
1,0,0,0,1
1,0,0,0,1
1,0,0,0,1
1,0,0,0,1
1,0,0,0,1
1,0,0,0,1
1,0,0,0,1
1,0,1,0,2
1,0,0,0,1
2,0,0,0,2
3,0,0,0,3
1,2,0,0,3
1,0,0,0,1
2,0,0,0,2
1,0,0,0,1
4,0,0,0,4
1,0,0,0,1
1,0,0,0,1
2,0,0,0,2
1,0,0,0,1
1,0,0,0,1
2,0,0,0,2
1,0,0,0,1
1,0,0,0,1
1,0,0,0,1
1,0,0,0,1
2,0,0,0,2
1,0,0,0,1
3,0,0,0,3
1,0,0,0,1
1,0,0,0,1
1,0,0,0,1
1,0,0,0,1
1,0,0,0,1
1,0,0,0,1
1,0,0,0,1
1,0,0,0,1
3,0,0,0,3
1,0,0,0,1
1,0,0,0,1
1,0,0,0,1
2,0,0,0,2
1,0,0,0,1
1,0,0,0,1
1,0,0,0,1
1,0,0,0,1
1,0,0,0,1
1,0,0,0,1
1,1,0,0,2
1,0,0,0,1
1,0,0,0,1
2,0,0,0,2
1,0,0,0,1
2,0,0,0,2
1,0,0,0,1
1,0,0,0,1
1,0,0,0,1
1,0,0,0,1
1,0,0,0,1
1,0,0,0,1
1,0,0,0,1
2,0,0,0,2
1,0,0,0,1
1,0,0,0,1
1,0,0,0,1
1,0,0,0,1
1,0,0,0,1
1,6,0,0,7
1,0,0,0,1
1,1,0,0,2
1,0,0,0,1
1,0,0,0,1
1,0,0,0,1
1,0,0,0,1
1,0,0,0,1
2,0,0,0,2
1,0,0,0,1
2,0,0,0,2
1,0,0,0,1
1,0,0,0,1
1,0,0,0,1
1,0,0,0,1
2,0,0,0,2
2,0,0,0,2
2,0,0,0,2
1,0,0,0,1
1,0,0,0,1
1,0,0,0,1
1,0,0,0,1
1,0,0,0,1
2,0,0,0,2
1,0,0,0,1
2,0,0,0,2
1,0,0,0,1
2,0,0,0,2
2,0,0,0,2
1,0,0,0,1
2,2,0,0,4
1,0,0,0,1
1,0,0,0,1
1,0,0,0,1
1,0,0,0,1
1,0,0,0,1
1,1,0,0,2
1,0,0,0,1
1,0,0,0,1
2,0,0,0,2
1,0,0,0,1
1,0,0,0,1
1,0,0,0,1
1,0,0,0,1
2,0,0,0,2
1,0,0,0,1
2,0,1,0,3
1,0,0,0,1
1,0,0,0,1
5,0,0,0,5
1,2,0,0,3
1,0,0,0,1
2,0,0,0,2
1,0,0,0,1
1,0,0,0,1
3,0,0,0,3
1,3,0,0,4
3,6,0,0,9
1,0,0,0,1
1,0,0,0,1
1,0,0,0,1
1,0,0,0,1
1,0,0,0,1
2,0,0,0,2
1,0,0,0,1
1,0,0,0,1
1,0,0,0,1
1,0,0,0,1
1,2,0,0,3
3,2,0,0,5
1,0,0,0,1
2,0,0,0,2
1,0,0,0,1
1,0,0,0,1
1,1,0,0,2
1,0,0,0,1
1,0,0,0,1
2,0,0,0,2
1,0,0,0,1
1,0,0,0,1
4,0,0,0,4
2,0,0,0,2
1,0,0,0,1
1,0,0,0,1
1,0,0,0,1
1,0,0,0,1
1,0,0,0,1
3,0,0,0,3
1,0,0,0,1
4,0,0,0,4
1,0,0,0,1
1,0,0,0,1
1,0,0,0,1
4,0,0,0,4
1,0,0,0,1
1,0,0,0,1
2,0,0,0,2
1,1,0,0,2
1,0,0,0,1
1,0,0,0,1
1,0,0,0,1
1,0,0,0,1
1,0,0,0,1
1,0,0,0,1
1,0,0,0,1
1,0,0,0,1
2,0,0,0,2
1,0,0,0,1
1,0,0,0,1
1,0,0,0,1
1,0,0,0,1
1,0,0,0,1
1,0,0,0,1
1,0,0,0,1
1,0,0,0,1
1,0,0,0,1
2,0,0,0,2
1,0,0,0,1
1,0,0,0,1
1,0,0,0,1
2,0,0,0,2
1,0,0,0,1
1,0,0,0,1
1,1,0,0,2
1,0,0,0,1
1,0,0,0,1
1,0,0,0,1
1,0,0,0,1
3,0,0,0,3
1,0,0,0,1
1,0,0,0,1
1,0,0,0,1
1,0,0,0,1
1,0,0,0,1
1,0,0,0,1
1,0,0,0,1
1,0,0,0,1
2,0,0,0,2
1,0,0,0,1
1,0,0,0,1
2,0,0,0,2
1,0,0,0,1
2,0,0,0,2
1,0,0,0,1
1,0,0,0,1
1,0,0,0,1
10,1,0,0,11
1,0,0,0,1
1,0,0,0,1
1,0,0,0,1
1,0,0,0,1
2,0,0,0,2
1,1,1,0,3
1,0,0,0,1
1,0,0,0,1
1,0,0,0,1
1,0,0,0,1
1,0,0,0,1
1,0,0,0,1
2,0,0,0,2
1,0,0,0,1
1,0,0,0,1
2,0,0,0,2
1,0,0,0,1
1,0,0,0,1
2,0,0,0,2
1,0,0,0,1
1,0,0,0,1
2,0,0,0,2
1,0,0,0,1
1,0,0,0,1
2,0,0,0,2
1,0,0,0,1
1,0,0,0,1
1,0,0,0,1
1,0,0,0,1
1,0,0,0,1
1,0,0,0,1
1,0,0,0,1
4,0,0,0,4
2,0,0,0,2
1,0,0,0,1
1,0,0,0,1
1,0,0,0,1
1,0,0,0,1
1,0,0,0,1
1,0,0,0,1
1,0,0,0,1
2,0,0,0,2
1,0,0,0,1
1,0,0,0,1
1,0,0,0,1
3,0,0,0,3
1,0,0,0,1
1,0,0,0,1
1,0,0,0,1
2,0,0,0,2
1,0,0,0,1
4,0,0,0,4
1,0,0,0,1
2,0,0,0,2
1,0,0,0,1
1,0,0,0,1
1,0,0,0,1
1,0,0,0,1
1,0,0,0,1
1,0,0,0,1
1,0,0,0,1
1,0,0,0,1
1,0,0,0,1
2,0,0,0,2
1,2,0,0,3
1,0,0,0,1
1,0,0,0,1
1,0,0,0,1
1,0,0,0,1
1,0,0,0,1
1,0,0,0,1
1,0,0,0,1
4,0,0,0,4
1,0,0,0,1
1,2,0,0,3
1,0,0,0,1
1,0,0,0,1
1,0,0,0,1
1,0,0,0,1
1,0,0,0,1
1,0,0,0,1
1,0,0,0,1
2,0,0,0,2
1,0,0,0,1
1,2,0,0,3
1,0,0,0,1
1,0,0,0,1
1,0,0,0,1
1,0,0,0,1
1,0,0,0,1
3,0,0,0,3
3,0,0,0,3
3,0,0,0,3
2,0,0,0,2
1,0,0,0,1
4,0,0,0,4
1,0,0,0,1
1,0,0,0,1
1,0,0,0,1
1,0,0,0,1
1,0,0,0,1
1,0,0,0,1
1,0,0,0,1
1,0,0,0,1
1,0,0,0,1
1,0,0,0,1
1,0,0,0,1
1,0,0,0,1
1,0,0,0,1
2,0,0,0,2
4,0,0,0,4
2,0,0,0,2
1,0,0,0,1
1,0,0,0,1
4,0,0,0,4
2,0,0,0,2
4,0,0,0,4
1,0,0,0,1
1,0,0,0,1
1,0,0,0,1
1,0,0,0,1
1,0,0,0,1
1,0,0,0,1
1,0,0,0,1
3,0,0,0,3
2,0,0,0,2
1,0,0,0,1
1,0,0,0,1
1,0,0,0,1
1,0,0,0,1
1,0,0,0,1
2,0,0,0,2
2,0,0,0,2
3,1,0,0,4
1,0,0,0,1
1,0,0,0,1
1,0,0,0,1
2,0,0,0,2
3,0,0,0,3
1,0,0,0,1
1,0,0,0,1
1,0,0,0,1
1,0,0,0,1
1,0,0,0,1
1,0,0,0,1
4,1,0,0,5
1,0,0,0,1
1,0,0,0,1
1,1,0,0,2
2,1,0,0,3
1,0,0,0,1
1,0,0,0,1
1,0,0,0,1
1,0,0,0,1
1,0,0,0,1
1,0,0,0,1
1,0,0,0,1
1,0,0,0,1
1,0,0,0,1
1,0,0,0,1
1,0,0,0,1
1,0,0,0,1
1,0,0,0,1
1,0,0,0,1
2,0,0,0,2
3,0,0,0,3
1,0,0,0,1
1,0,0,0,1
1,0,0,0,1
1,0,0,0,1
3,0,0,0,3
1,0,0,0,1
1,0,0,0,1
6,0,0,0,6
1,0,0,0,1
2,0,0,0,2
1,0,0,0,1
1,0,0,0,1
1,0,0,0,1
2,0,0,0,2
1,0,0,0,1
1,0,0,0,1
2,0,0,0,2
1,0,0,0,1
1,0,0,0,1
1,0,0,0,1
1,0,0,0,1
2,0,0,0,2
3,0,0,0,3
1,0,0,0,1
1,0,0,0,1
1,0,0,0,1
1,0,0,0,1
1,0,0,0,1
1,0,0,0,1
1,4,1,0,6
1,0,0,0,1
3,0,0,0,3
2,0,0,0,2
1,0,0,0,1
1,0,0,0,1
1,0,0,0,1
1,6,0,0,7
1,0,0,0,1
1,0,0,0,1
2,0,0,0,2
1,0,0,0,1
1,0,0,0,1
1,0,0,0,1
1,0,0,0,1
3,0,0,0,3
1,0,0,0,1
1,0,0,0,1
1,0,0,0,1
2,0,0,0,2
1,1,0,0,2
1,0,0,0,1
1,0,0,0,1
1,0,0,0,1
1,0,0,0,1
2,0,0,0,2
1,0,0,0,1
2,0,0,0,2
1,0,0,0,1
1,0,0,0,1
1,1,0,0,2
1,0,0,0,1
1,0,0,0,1
1,0,0,0,1
2,0,0,0,2
1,0,0,0,1
1,0,0,0,1
1,0,0,0,1
1,0,0,0,1
2,0,0,0,2
1,0,0,0,1
2,0,0,0,2
1,0,0,0,1
1,0,0,0,1
1,0,0,0,1
2,0,0,0,2
1,0,0,0,1
1,0,0,0,1
1,0,0,0,1
1,0,0,0,1
1,0,0,0,1
1,0,0,0,1
1,0,0,0,1
1,0,0,0,1
1,0,0,0,1
1,0,0,0,1
1,0,0,0,1
1,0,0,0,1
1,0,0,0,1
2,0,0,0,2
1,0,0,0,1
1,0,0,0,1
2,0,0,0,2
2,0,0,0,2
4,0,0,0,4
1,0,0,0,1
1,0,0,0,1
1,0,0,0,1
1,0,0,0,1
2,0,0,0,2
1,0,0,0,1
1,0,0,0,1
1,0,0,0,1
3,0,0,0,3
1,0,0,0,1
1,0,0,0,1
1,0,0,0,1
2,0,0,0,2
1,0,0,0,1
1,0,0,0,1
1,0,0,0,1
1,0,0,0,1
1,0,0,0,1
1,0,0,0,1
1,0,0,0,1
1,0,0,0,1
1,0,0,0,1
1,0,0,0,1
1,0,0,0,1
1,0,0,0,1
1,0,0,0,1
2,0,0,0,2
1,0,0,0,1
1,0,0,0,1
3,0,0,0,3
10,0,0,0,10
1,0,0,0,1
4,0,0,0,4
1,0,0,0,1
2,0,0,0,2
1,0,0,0,1
2,0,0,0,2
1,0,0,0,1
1,0,0,0,1
1,0,0,0,1
3,0,0,0,3
1,0,0,0,1
1,0,0,0,1
1,0,0,0,1
1,0,0,0,1
1,0,0,0,1
1,0,0,0,1
1,0,0,0,1
1,0,0,0,1
1,0,0,0,1
2,0,0,0,2
1,0,0,0,1
1,0,0,0,1
2,0,0,0,2
1,0,0,0,1
1,0,0,0,1
1,0,0,0,1
2,0,0,0,2
1,2,0,0,3
3,2,0,0,5
2,0,0,0,2
2,0,0,0,2
1,0,0,0,1
1,0,0,0,1
1,0,0,0,1
3,2,0,0,5
5,0,0,0,5
1,0,0,0,1
2,0,0,0,2
1,0,0,0,1
1,0,0,0,1
2,0,0,0,2
1,0,0,0,1
2,0,0,0,2
1,0,0,0,1
1,0,0,0,1
1,0,0,0,1
1,0,0,0,1
1,0,0,0,1
1,0,0,0,1
1,0,0,0,1
1,0,0,0,1
1,0,0,0,1
1,0,0,0,1
4,0,0,0,4
1,0,0,0,1
1,0,0,0,1
1,0,0,0,1
1,0,0,0,1
2,0,0,0,2
1,0,0,0,1
1,0,0,0,1
1,0,0,0,1
1,0,0,0,1
1,0,0,0,1
1,0,0,0,1
3,0,0,0,3
1,0,0,0,1
4,0,0,0,4
2,0,0,0,2
1,0,0,0,1
1,0,0,0,1
1,0,0,0,1
1,0,0,0,1
1,0,0,0,1
1,0,0,0,1
1,0,0,0,1
1,0,0,0,1
1,0,0,0,1
1,0,0,0,1
1,0,0,0,1
2,1,0,0,3
1,0,0,0,1
1,0,0,0,1
1,0,0,0,1
2,0,0,0,2
1,0,0,0,1
1,0,0,0,1
1,0,0,0,1
1,0,0,0,1
1,0,0,0,1
3,0,0,0,3
2,0,0,0,2
2,0,0,0,2
1,0,0,0,1
5,0,0,0,5
2,0,0,0,2
1,0,0,0,1
1,0,0,0,1
1,0,0,0,1
1,0,0,0,1
1,0,0,0,1
2,0,0,0,2
1,0,0,0,1
1,0,0,0,1
2,0,0,0,2
2,0,0,0,2
1,0,0,0,1
2,0,0,0,2
2,0,0,0,2
1,0,0,0,1
1,0,0,0,1
1,0,0,0,1
1,0,0,0,1
1,0,0,0,1
3,0,0,0,3
1,0,0,0,1
1,0,0,0,1
1,0,0,0,1
2,0,0,0,2
1,0,0,0,1
1,0,0,0,1
1,0,0,0,1
1,0,0,0,1
1,0,0,0,1
1,0,0,0,1
1,0,0,0,1
1,0,0,0,1
1,0,0,0,1
1,0,0,0,1
3,0,0,0,3
1,0,0,0,1
1,0,0,0,1
1,0,0,0,1
1,0,0,0,1
4,0,0,0,4
1,0,0,0,1
3,0,0,0,3
1,0,0,0,1
1,0,0,0,1
5,0,0,0,5
1,0,0,0,1
2,0,0,0,2
1,0,0,0,1
1,0,0,0,1
1,0,0,0,1
1,0,0,0,1
1,0,0,0,1
3,0,0,0,3
1,0,0,0,1
1,0,0,0,1
1,0,0,0,1
1,0,0,0,1
1,0,0,0,1
1,0,0,0,1
1,0,0,0,1
5,0,0,0,5
2,0,0,0,2
1,0,0,0,1
1,0,0,0,1
1,0,0,0,1
1,0,0,0,1
1,0,0,0,1
1,0,0,0,1
3,0,0,0,3
1,0,0,0,1
1,0,0,0,1
1,0,0,0,1
2,0,0,0,2
1,0,0,0,1
1,0,0,0,1
1,4,1,0,6
1,0,0,0,1
2,0,0,0,2
2,0,0,0,2
1,0,0,0,1
1,0,0,0,1
1,0,0,0,1
1,0,0,0,1
1,0,0,0,1
1,0,0,0,1
1,0,0,0,1
1,0,0,0,1
1,0,0,0,1
2,0,0,0,2
1,0,0,0,1
2,0,0,0,2
1,0,0,0,1
1,0,0,0,1
1,0,0,0,1
1,0,0,0,1
1,0,0,0,1
1,0,0,0,1
1,0,0,0,1
1,0,0,0,1
1,0,0,0,1
1,0,0,0,1
1,0,0,0,1
1,0,0,0,1
1,0,0,0,1
1,0,0,0,1
4,7,0,0,11
1,0,0,0,1
5,0,0,0,5
2,0,0,0,2
4,0,0,0,4
2,0,0,0,2
1,0,0,0,1
1,0,0,0,1
2,0,0,0,2
1,0,0,0,1
1,0,0,0,1
3,0,0,0,3
1,0,0,0,1
1,0,0,0,1
1,0,0,0,1
1,0,0,0,1
1,0,0,0,1
1,0,0,0,1
1,0,0,0,1
1,0,0,0,1
1,0,0,0,1
1,0,0,0,1
1,0,0,0,1
1,0,0,0,1
1,0,0,0,1
4,0,0,0,4
1,0,0,0,1
1,0,0,0,1
1,0,0,0,1
3,0,0,0,3
1,0,0,0,1
1,0,0,0,1
1,0,0,0,1
1,0,0,0,1
1,0,0,0,1
1,0,0,0,1
1,2,0,0,3
2,0,0,0,2
1,0,0,0,1
1,0,0,0,1
1,0,0,0,1
1,0,0,0,1
6,1,0,0,7
1,0,0,0,1
1,0,0,0,1
1,0,0,0,1
1,0,0,0,1
2,0,0,0,2
1,0,0,0,1
1,0,0,0,1
1,0,0,0,1
1,0,0,0,1
1,0,0,0,1
1,0,0,0,1
1,0,0,0,1
1,0,0,0,1
2,0,0,0,2
2,0,0,0,2
1,0,0,0,1
1,0,0,0,1
1,0,0,0,1
2,0,0,0,2
1,0,0,0,1
1,0,0,0,1
4,7,0,0,11
1,0,0,0,1
1,0,0,0,1
1,0,0,0,1
1,0,0,0,1
2,0,0,0,2
1,0,0,0,1
1,0,0,0,1
1,0,0,0,1
1,0,0,0,1
1,0,0,0,1
1,0,0,0,1
1,0,0,0,1
1,0,0,0,1
1,0,0,0,1
1,0,0,0,1
1,0,0,0,1
1,0,0,0,1
1,0,0,0,1
1,0,0,0,1
1,0,0,0,1
1,0,0,0,1
3,0,0,0,3
1,0,0,0,1
1,0,0,0,1
3,0,0,0,3
1,0,0,0,1
1,1,0,0,2
1,0,0,0,1
1,0,0,0,1
1,0,0,0,1
1,0,0,0,1
1,0,0,0,1
4,0,0,0,4
1,0,0,0,1
1,0,0,0,1
1,0,0,0,1
1,0,0,0,1
11,2,0,0,13
1,0,0,0,1
1,0,0,0,1
1,0,0,0,1
1,0,0,0,1
1,0,0,0,1
1,0,0,0,1
1,0,0,0,1
1,0,0,0,1
2,0,0,0,2
2,0,0,0,2
6,0,0,0,6
1,0,0,0,1
3,0,0,0,3
2,0,0,0,2
2,0,0,0,2
1,0,0,0,1
1,0,0,0,1
4,0,0,0,4
1,0,0,0,1
2,0,0,0,2
1,0,0,0,1
1,0,0,0,1
1,0,0,0,1
1,76,0,0,77
1,0,0,0,1
2,0,0,0,2
1,0,0,0,1
10,4,2,0,16
1,0,0,0,1
1,0,0,0,1
1,0,0,0,1
1,0,0,0,1
1,0,0,0,1
1,0,0,0,1
1,0,0,0,1
1,0,0,0,1
1,0,0,0,1
5,0,0,0,5
1,0,0,0,1
1,0,0,0,1
1,0,0,0,1
1,0,0,0,1
1,0,0,0,1
2,0,0,0,2
3,0,0,0,3
1,0,0,0,1
1,0,0,0,1
5,9,0,0,14
5,4,0,0,9
1,0,0,0,1
1,0,0,0,1
1,0,0,0,1
2,0,0,0,2
1,0,0,0,1
1,0,0,0,1
1,0,0,0,1
1,0,0,0,1
1,0,0,0,1
1,0,0,0,1
1,2,0,0,3
1,0,0,0,1
2,0,0,0,2
2,0,0,0,2
1,0,0,0,1
1,0,0,0,1
1,0,0,0,1
1,0,0,0,1
1,0,0,0,1
1,0,0,0,1
3,0,0,0,3
3,0,0,0,3
1,0,0,0,1
1,0,0,0,1
1,0,0,0,1
1,0,0,0,1
1,0,0,0,1
5,0,0,0,5
3,0,0,0,3
1,0,0,0,1
1,0,0,0,1
1,0,0,0,1
1,0,0,0,1
3,0,0,0,3
2,0,0,0,2
1,0,0,0,1
2,0,0,0,2
1,0,0,0,1
1,0,0,0,1
1,0,0,0,1
1,0,0,0,1
1,0,0,0,1
2,0,0,0,2
1,0,0,0,1
1,0,0,0,1
2,0,0,0,2
1,0,0,0,1
1,0,0,0,1
2,0,0,0,2
1,2,0,0,3
1,3,1,0,5
1,0,0,0,1
1,0,0,0,1
2,0,0,0,2
1,0,0,0,1
2,0,0,0,2
1,0,0,0,1
2,0,0,0,2
2,0,0,0,2
1,0,0,0,1
1,0,0,0,1
1,0,0,0,1
3,1,0,0,4
1,0,0,0,1
1,0,0,0,1
1,0,0,0,1
1,0,0,0,1
1,0,0,0,1
1,0,0,0,1
1,0,0,0,1
1,0,0,0,1
1,0,0,0,1
2,0,0,0,2
1,0,0,0,1
1,0,0,0,1
1,0,0,0,1
1,0,0,0,1
1,0,0,0,1
1,0,0,0,1
2,0,0,0,2
1,0,0,0,1
2,0,0,0,2
1,0,0,0,1
3,0,0,0,3
1,0,0,0,1
1,0,0,0,1
1,0,0,0,1
8,0,0,0,8
1,0,0,0,1
1,0,0,0,1
1,0,0,0,1
1,0,0,0,1
2,0,0,0,2
1,0,0,0,1
1,0,0,0,1
1,0,0,0,1
1,0,0,0,1
1,0,0,0,1
1,0,0,0,1
1,0,0,0,1
1,0,1,0,2
1,0,0,0,1
1,0,0,0,1
1,0,0,0,1
1,0,0,0,1
1,0,0,0,1
1,0,0,0,1
1,0,0,0,1
1,0,0,0,1
1,183,0,0,184
3,0,0,0,3
1,0,0,0,1
1,0,0,0,1
1,0,0,0,1
1,0,0,0,1
2,0,0,0,2
1,0,0,0,1
1,0,0,0,1
1,0,0,0,1
2,11,0,0,13
1,0,0,0,1
1,0,0,0,1
1,0,0,0,1
1,0,0,0,1
2,5,0,0,7
1,0,0,0,1
1,0,0,0,1
1,0,0,0,1
1,0,0,0,1
1,0,0,0,1
2,0,0,0,2
1,0,0,0,1
1,0,0,0,1
1,0,0,0,1
1,0,0,0,1
1,0,0,0,1
1,0,0,0,1
1,0,0,0,1
1,0,0,0,1
1,0,0,0,1
2,0,0,0,2
1,0,0,0,1
1,0,0,0,1
5,0,0,0,5
1,0,0,0,1
2,0,0,0,2
1,0,0,0,1
1,0,0,0,1
1,0,0,0,1
1,0,0,0,1
1,0,0,0,1
1,0,0,0,1
1,0,0,0,1
1,0,0,0,1
1,0,0,0,1
1,0,0,0,1
1,0,0,0,1
1,0,0,0,1
1,0,0,0,1
1,0,0,0,1
1,0,0,0,1
1,0,0,0,1
1,3,2,0,6
5,2,0,0,7
1,0,0,0,1
1,0,0,0,1
1,0,0,0,1
1,0,0,0,1
1,0,0,0,1
1,0,0,0,1
1,0,0,0,1
2,0,0,0,2
1,0,0,0,1
1,2,0,0,3
1,0,0,0,1
1,0,0,0,1
1,0,0,0,1
1,0,0,0,1
1,0,0,0,1
1,0,0,0,1
1,0,0,0,1
1,0,0,0,1
1,0,0,0,1
1,0,0,0,1
1,0,0,0,1
1,0,0,0,1
1,0,0,0,1
1,0,0,0,1
4,0,0,0,4
1,0,0,0,1
1,0,0,0,1
1,0,0,0,1
1,0,0,0,1
2,0,0,0,2
1,0,0,0,1
1,0,0,0,1
1,0,0,0,1
1,0,0,0,1
1,0,0,0,1
1,1,0,0,2
1,0,0,0,1
1,0,0,0,1
1,0,0,0,1
1,0,0,0,1
1,0,0,0,1
1,0,0,0,1
1,0,0,0,1
2,0,0,0,2
1,0,0,0,1
1,0,0,0,1
1,0,0,0,1
1,0,0,0,1
1,0,0,0,1
1,0,0,0,1
1,0,0,0,1
1,0,0,0,1
1,0,0,0,1
1,0,0,0,1
1,0,0,0,1
1,0,0,0,1
2,0,0,0,2
3,0,0,0,3
1,0,0,0,1
1,0,0,0,1
6,0,0,0,6
1,0,0,0,1
1,0,0,0,1
1,0,0,0,1
1,0,0,0,1
3,5,1,0,9
1,0,0,0,1
1,0,0,0,1
1,0,0,0,1
1,0,0,0,1
1,0,0,0,1
1,0,0,0,1
1,0,0,0,1
1,0,0,0,1
1,0,0,0,1
1,0,0,0,1
3,0,0,0,3
1,0,0,0,1
2,0,1,0,3
1,0,0,0,1
1,0,0,0,1
1,0,0,0,1
1,0,0,0,1
1,0,0,0,1
2,0,0,0,2
1,0,0,0,1
1,0,0,0,1
1,0,0,0,1
1,0,0,0,1
1,0,0,0,1
1,0,0,0,1
1,0,0,0,1
1,0,0,0,1
1,0,0,0,1
1,0,0,0,1
1,0,0,0,1
1,0,0,0,1
2,0,0,0,2
1,0,0,0,1
6,227,0,0,233
1,0,0,0,1
3,0,0,0,3
2,0,0,0,2
3,0,0,0,3
1,0,0,0,1
2,1,0,0,3
1,0,0,0,1
1,0,0,0,1
1,0,0,0,1
3,0,0,0,3
1,0,0,0,1
1,0,0,0,1
1,0,0,0,1
3,0,0,0,3
1,0,0,0,1
1,0,0,0,1
2,0,0,0,2
1,0,0,0,1
1,0,0,0,1
1,0,0,0,1
1,1,1,0,3
2,0,0,0,2
1,0,0,0,1
3,0,0,0,3
3,0,0,0,3
1,0,0,0,1
1,0,0,0,1
1,0,0,0,1
1,0,0,0,1
2,0,0,0,2
1,0,0,0,1
1,0,0,0,1
1,0,0,0,1
1,0,0,0,1
1,0,0,0,1
1,0,0,0,1
2,0,0,0,2
2,0,0,0,2
1,1,0,0,2
5,8,1,0,14
2,0,0,0,2
1,0,0,0,1
1,0,0,0,1
1,0,0,0,1
1,0,0,0,1
1,0,0,0,1
2,0,0,0,2
1,0,0,0,1
1,0,0,0,1
1,0,0,0,1
2,0,0,0,2
3,0,0,0,3
1,0,0,0,1
2,41,0,0,43
1,0,0,0,1
1,0,0,0,1
1,0,0,0,1
1,0,0,0,1
1,2,0,0,3
1,2,0,0,3
1,0,0,0,1
1,0,0,0,1
1,0,0,0,1
1,0,0,0,1
1,0,0,0,1
2,0,0,0,2
1,0,0,0,1
1,0,0,0,1
1,0,0,0,1
1,0,0,0,1
1,0,0,0,1
1,0,0,0,1
1,0,0,0,1
2,0,0,0,2
1,0,0,0,1
1,0,0,0,1
1,0,0,0,1
1,0,0,0,1
3,0,0,0,3
1,0,0,0,1
1,0,0,0,1
3,0,0,0,3
1,0,0,0,1
1,0,0,0,1
1,0,0,0,1
1,0,0,0,1
1,0,0,0,1
4,0,0,0,4
1,0,0,0,1
1,0,0,0,1
1,0,0,0,1
1,0,0,0,1
2,0,0,0,2
1,0,0,0,1
1,0,0,0,1
1,0,0,0,1
1,0,0,0,1
1,0,0,0,1
1,0,0,0,1
1,0,0,0,1
1,0,0,0,1
1,0,0,0,1
2,0,0,0,2
1,0,0,0,1
1,2,0,0,3
3,0,0,0,3
1,0,0,0,1
1,0,0,0,1
2,0,0,0,2
1,0,0,0,1
2,0,0,0,2
2,0,0,0,2
1,0,0,0,1
2,0,0,0,2
2,1,1,0,4
1,0,0,0,1
1,0,0,0,1
3,0,0,0,3
1,0,0,0,1
2,0,0,0,2
1,0,0,0,1
1,0,0,0,1
1,0,0,0,1
2,0,0,0,2
1,0,0,0,1
1,0,0,0,1
1,0,0,0,1
1,0,0,0,1
1,0,0,0,1
1,0,0,0,1
1,0,0,0,1
1,0,0,0,1
1,0,0,0,1
2,0,0,0,2
1,0,0,0,1
1,2,0,0,3
1,0,0,0,1
2,0,0,0,2
1,0,0,0,1
1,0,0,0,1
1,0,2,0,3
1,0,0,0,1
1,0,0,0,1
3,0,0,0,3
1,0,0,0,1
1,0,0,0,1
3,0,0,0,3
1,0,0,0,1
1,0,0,0,1
2,0,0,0,2
2,0,0,0,2
1,0,0,0,1
1,0,0,0,1
1,0,0,0,1
1,0,0,0,1
1,0,0,0,1
1,0,0,0,1
1,0,0,0,1
1,0,0,0,1
4,0,0,0,4
2,0,0,0,2
1,0,0,0,1
1,0,0,0,1
1,0,0,0,1
1,0,0,0,1
1,0,0,0,1
2,0,0,0,2
1,0,0,0,1
1,0,0,0,1
1,0,0,0,1
1,1,1,0,3
1,0,0,0,1
1,0,0,0,1
1,0,0,0,1
1,0,0,0,1
7,5,0,0,12
1,0,0,0,1
1,0,0,0,1
2,0,0,0,2
1,0,0,0,1
1,0,0,0,1
1,0,0,0,1
1,0,0,0,1
3,0,0,0,3
1,0,0,0,1
1,0,0,0,1
2,0,0,0,2
2,0,0,0,2
1,0,0,0,1
3,0,0,0,3
1,0,0,0,1
1,0,0,0,1
5,0,0,0,5
1,0,0,0,1
1,0,0,0,1
1,0,0,0,1
1,0,0,0,1
2,0,0,0,2
2,0,0,0,2
1,0,0,0,1
1,0,0,0,1
1,0,0,0,1
2,0,0,0,2
1,0,0,0,1
1,0,0,0,1
6,3,1,0,10
1,0,0,0,1
1,0,0,0,1
1,0,0,0,1
1,0,0,0,1
1,0,0,0,1
2,0,0,0,2
1,0,0,0,1
1,0,0,0,1
4,3,0,0,7
1,0,0,0,1
1,0,0,0,1
1,0,0,0,1
3,0,0,0,3
1,0,0,0,1
1,0,0,0,1
1,0,0,0,1
2,0,0,0,2
1,0,0,0,1
1,0,0,0,1
1,0,0,0,1
2,0,0,0,2
1,0,0,0,1
1,0,0,0,1
1,0,0,0,1
1,0,0,0,1
2,2,0,0,4
1,0,0,0,1
1,0,0,0,1
1,0,0,0,1
3,0,0,0,3
1,0,0,0,1
1,0,0,0,1
1,0,0,0,1
1,0,0,0,1
4,0,0,0,4
1,0,0,0,1
1,0,0,0,1
1,0,0,0,1
1,0,0,0,1
3,0,0,0,3
1,0,0,0,1
1,0,0,0,1
1,0,0,0,1
1,0,0,0,1
1,0,0,0,1
1,0,0,0,1
1,0,0,0,1
2,0,0,0,2
1,0,0,0,1
1,0,0,0,1
1,0,0,0,1
3,0,0,0,3
1,0,0,0,1
1,0,0,0,1
1,0,0,0,1
1,0,0,0,1
1,0,0,0,1
1,0,0,0,1
2,0,0,0,2
1,0,0,0,1
6,0,0,0,6
1,0,0,0,1
1,0,0,0,1
1,0,0,0,1
1,0,0,0,1
2,0,0,0,2
1,0,0,0,1
1,0,0,0,1
1,0,0,0,1
3,0,0,0,3
1,0,0,0,1
1,0,0,0,1
1,0,0,0,1
3,0,0,0,3
1,1,0,0,2
1,0,0,0,1
1,0,0,0,1
1,0,0,0,1
1,0,0,0,1
1,0,0,0,1
2,0,0,0,2
1,0,0,0,1
2,0,0,0,2
1,0,0,0,1
1,0,1,0,2
1,0,0,0,1
1,0,0,0,1
4,0,0,0,4
1,0,0,0,1
1,0,0,0,1
1,0,0,0,1
3,0,0,0,3
1,0,0,0,1
1,0,0,0,1
1,0,0,0,1
2,0,0,0,2
4,0,0,0,4
1,0,0,0,1
1,0,0,0,1
2,0,0,0,2
1,0,0,0,1
1,0,0,0,1
3,0,0,0,3
1,0,0,0,1
1,0,0,0,1
2,0,0,0,2
1,0,0,0,1
1,0,0,0,1
4,0,0,0,4
2,0,0,0,2
2,38,0,0,40
3,0,0,0,3
3,0,0,0,3
1,0,0,0,1
1,0,0,0,1
1,0,0,0,1
2,0,0,0,2
2,0,0,0,2
1,0,0,0,1
1,1,0,0,2
1,0,0,0,1
2,0,0,0,2
2,0,0,0,2
1,0,0,0,1
1,0,0,0,1
1,0,0,0,1
1,0,0,0,1
1,0,0,0,1
1,0,0,0,1
1,3,0,0,4
2,0,0,0,2
1,0,0,0,1
2,0,0,0,2
1,0,0,0,1
1,0,0,0,1
2,0,0,0,2
2,0,0,0,2
1,0,0,0,1
1,0,0,0,1
1,0,0,0,1
5,0,0,0,5
1,0,0,0,1
1,0,0,0,1
1,0,0,0,1
1,0,0,0,1
1,0,0,0,1
1,0,0,0,1
1,0,0,0,1
2,0,0,0,2
1,0,0,0,1
1,0,0,0,1
1,0,0,0,1
2,0,0,0,2
1,0,0,0,1
5,0,0,0,5
1,0,0,0,1
1,0,0,0,1
1,0,0,0,1
1,0,0,0,1
4,0,0,0,4
1,0,0,0,1
1,0,0,0,1
1,0,0,0,1
1,0,0,0,1
1,0,0,0,1
2,0,0,0,2
1,0,0,0,1
1,0,0,0,1
1,0,0,0,1
1,0,0,0,1
2,0,0,0,2
1,0,0,0,1
1,0,0,0,1
2,0,0,0,2
1,0,0,0,1
1,0,0,0,1
4,0,0,0,4
1,0,0,0,1
2,0,0,0,2
1,0,0,0,1
1,0,0,0,1
1,0,0,0,1
2,0,0,0,2
1,0,0,0,1
1,0,0,0,1
1,0,0,0,1
1,0,0,0,1
2,0,0,0,2
1,0,0,0,1
1,0,0,0,1
3,0,0,0,3
1,0,0,0,1
4,5,0,0,9
3,1,0,0,4
1,0,0,0,1
1,0,0,0,1
1,0,0,0,1
1,0,0,0,1
1,0,0,0,1
3,0,0,0,3
1,0,0,0,1
1,0,0,0,1
2,0,0,0,2
1,0,0,0,1
3,0,0,0,3
1,0,0,0,1
1,12,0,0,13
1,0,0,0,1
1,0,0,0,1
2,0,0,0,2
1,0,0,0,1
4,0,0,0,4
1,6,0,0,7
3,0,0,0,3
2,0,0,0,2
1,0,0,0,1
1,0,0,0,1
1,0,0,0,1
1,0,0,0,1
1,0,0,0,1
1,0,0,0,1
1,0,0,0,1
1,0,0,0,1
2,0,0,0,2
1,0,0,0,1
1,0,0,0,1
2,0,0,0,2
2,0,0,0,2
1,0,0,0,1
1,0,0,0,1
1,0,0,0,1
1,0,0,0,1
1,0,0,0,1
1,0,0,0,1
1,0,0,0,1
1,0,0,0,1
2,0,0,0,2
1,12,0,0,13
3,0,0,0,3
1,0,0,0,1
2,0,0,0,2
1,0,0,0,1
1,3,0,0,4
4,0,0,0,4
1,0,0,0,1
1,0,0,0,1
1,0,0,0,1
1,0,0,0,1
1,0,0,0,1
1,0,0,0,1
1,0,0,0,1
1,0,0,0,1
1,0,0,0,1
1,0,0,0,1
1,0,0,0,1
1,0,0,0,1
1,0,0,0,1
1,0,0,0,1
1,0,0,0,1
1,0,0,0,1
1,0,0,0,1
1,0,0,0,1
1,0,0,0,1
1,0,0,0,1
3,0,0,0,3
1,0,0,0,1
1,0,0,0,1
1,0,0,0,1
1,0,0,0,1
1,0,0,0,1
1,0,0,0,1
1,0,0,0,1
3,2,0,0,5
1,0,0,0,1
1,0,0,0,1
1,0,0,0,1
4,0,0,0,4
1,0,0,0,1
1,0,0,0,1
1,0,0,0,1
1,0,0,0,1
1,0,0,0,1
1,0,0,0,1
1,0,0,0,1
1,0,0,0,1
1,0,0,0,1
1,0,0,0,1
1,0,0,0,1
1,0,0,0,1
2,0,0,0,2
1,0,0,0,1
1,0,0,0,1
1,0,0,0,1
2,0,0,0,2
2,0,0,0,2
2,0,0,0,2
1,0,0,0,1
4,0,0,0,4
1,0,0,0,1
1,0,0,0,1
1,0,0,0,1
1,0,0,0,1
2,0,0,0,2
2,0,0,0,2
1,0,0,0,1
1,0,0,0,1
1,0,0,0,1
1,0,0,0,1
1,0,0,0,1
1,0,0,0,1
1,0,0,0,1
1,0,0,0,1
1,0,0,0,1
1,0,0,0,1
1,0,0,0,1
1,0,0,0,1
1,0,0,0,1
2,0,0,0,2
1,0,0,0,1
3,0,0,0,3
2,0,0,0,2
1,0,0,0,1
1,0,0,0,1
3,0,0,0,3
1,0,0,0,1
1,0,0,0,1
1,0,0,0,1
2,0,0,0,2
1,0,0,0,1
1,0,0,0,1
1,0,0,0,1
1,0,0,0,1
1,0,0,0,1
1,0,0,0,1
1,0,0,0,1
1,0,0,0,1
1,0,0,0,1
1,0,0,0,1
1,0,0,0,1
1,0,0,0,1
1,8,0,0,9
1,0,0,0,1
1,0,0,0,1
1,0,0,0,1
1,0,0,0,1
1,0,0,0,1
1,0,0,0,1
2,0,0,0,2
8,0,0,0,8
1,0,0,0,1
1,0,0,0,1
2,7,0,0,9
1,0,0,0,1
2,0,0,0,2
1,0,0,0,1
1,0,0,0,1
1,0,0,0,1
1,0,0,0,1
2,0,0,0,2
1,0,0,0,1
1,0,0,0,1
1,0,0,0,1
1,0,0,0,1
1,0,0,0,1
1,0,0,0,1
1,0,0,0,1
3,1,0,0,4
1,0,0,0,1
1,1,1,0,3
2,0,0,0,2
3,1,0,0,4
2,0,0,0,2
2,0,0,0,2
2,0,0,0,2
1,0,0,0,1
1,0,0,0,1
2,0,0,0,2
1,0,0,0,1
1,0,0,0,1
2,0,0,0,2
1,0,0,0,1
4,0,0,0,4
4,0,0,0,4
1,0,0,0,1
1,0,0,0,1
1,0,0,0,1
1,0,0,0,1
2,0,0,0,2
1,0,0,0,1
1,0,0,0,1
1,0,0,0,1
1,0,0,0,1
1,0,0,0,1
1,0,0,0,1
1,0,0,0,1
3,0,0,0,3
1,0,0,0,1
1,0,0,0,1
1,0,0,0,1
1,0,0,0,1
1,0,0,0,1
2,0,0,0,2
1,0,0,0,1
1,0,0,0,1
1,0,0,0,1
1,0,0,0,1
1,0,0,0,1
1,0,0,0,1
3,0,0,0,3
1,0,0,0,1
1,0,0,0,1
1,0,0,0,1
1,0,0,0,1
1,0,0,0,1
2,0,0,0,2
1,0,0,0,1
1,0,0,0,1
2,0,0,0,2
1,0,0,0,1
1,0,0,0,1
1,0,0,0,1
3,0,0,0,3
4,0,0,0,4
1,0,0,0,1
1,0,0,0,1
2,0,0,0,2
1,0,0,0,1
1,0,0,0,1
1,0,0,0,1
1,0,0,0,1
1,0,0,0,1
4,0,0,0,4
1,0,0,0,1
1,0,0,0,1
3,28,0,0,31
4,38,0,0,42
1,0,0,0,1
2,0,0,0,2
2,0,0,0,2
1,0,0,0,1
1,0,0,0,1
1,0,0,0,1
1,0,0,0,1
1,0,0,0,1
1,0,0,0,1
2,0,0,0,2
2,0,0,0,2
2,0,0,0,2
1,0,0,0,1
1,0,0,0,1
3,0,0,0,3
1,0,0,0,1
1,0,0,0,1
1,0,0,0,1
2,0,0,0,2
1,0,0,0,1
1,0,0,0,1
1,0,0,0,1
1,0,0,0,1
1,0,0,0,1
1,0,0,0,1
1,0,0,0,1
2,1,1,0,4
2,0,0,0,2
1,0,0,0,1
1,0,0,0,1
1,0,0,0,1
1,0,0,0,1
2,0,0,0,2
1,0,0,0,1
1,0,0,0,1
1,0,0,0,1
2,0,0,0,2
2,0,0,0,2
1,0,0,0,1
1,0,0,0,1
1,0,0,0,1
2,0,0,0,2
2,0,0,0,2
1,0,0,0,1
2,0,0,0,2
1,2,0,0,3
2,0,0,0,2
2,0,0,0,2
1,0,0,0,1
1,0,0,0,1
1,0,0,0,1
1,0,0,0,1
2,0,0,0,2
1,0,0,0,1
1,0,0,0,1
1,0,0,0,1
1,0,0,0,1
4,0,0,0,4
1,0,0,0,1
1,0,0,0,1
1,0,0,0,1
1,0,0,0,1
1,0,0,0,1
1,0,0,0,1
1,0,0,0,1
1,0,0,0,1
4,0,0,0,4
2,0,0,0,2
1,0,0,0,1
1,0,0,0,1
1,0,0,0,1
1,0,0,0,1
1,0,0,0,1
1,0,0,0,1
2,0,0,0,2
3,0,0,0,3
1,0,0,0,1
3,0,0,0,3
1,0,0,0,1
1,0,0,0,1
1,0,0,0,1
5,0,0,0,5
2,0,0,0,2
1,0,0,0,1
1,0,0,0,1
1,0,0,0,1
1,0,0,0,1
1,0,0,0,1
2,0,0,0,2
1,0,0,0,1
1,0,0,0,1
1,0,0,0,1
1,0,0,0,1
1,0,0,0,1
1,0,0,0,1
1,0,0,0,1
1,0,0,0,1
1,5,0,0,6
1,0,0,0,1
1,0,0,0,1
1,0,0,0,1
1,0,0,0,1
2,0,0,0,2
2,0,0,0,2
2,7,0,0,9
2,0,0,0,2
1,0,0,0,1
1,0,0,0,1
1,0,0,0,1
1,0,0,0,1
1,0,0,0,1
1,0,0,0,1
1,0,0,0,1
1,0,0,0,1
1,0,0,0,1
1,0,0,0,1
1,0,0,0,1
3,0,0,0,3
1,0,0,0,1
1,0,0,0,1
1,0,0,0,1
1,0,0,0,1
2,0,0,0,2
1,1,1,0,3
1,2,0,0,3
1,0,0,0,1
1,1,0,0,2
1,0,0,0,1
1,0,0,0,1
1,0,0,0,1
1,0,0,0,1
1,0,0,0,1
1,0,0,0,1
1,0,0,0,1
1,0,0,0,1
1,0,0,0,1
1,0,0,0,1
1,0,0,0,1
1,0,0,0,1
1,0,0,0,1
3,0,0,0,3
2,0,0,0,2
1,0,0,0,1
1,0,0,0,1
1,0,0,0,1
1,0,0,0,1
1,0,0,0,1
1,0,0,0,1
1,0,0,0,1
1,0,0,0,1
1,0,0,0,1
2,0,0,0,2
1,0,0,0,1
1,0,0,0,1
1,0,0,0,1
1,0,0,0,1
1,0,0,0,1
1,0,0,0,1
2,0,0,0,2
1,0,0,0,1
1,0,0,0,1
1,0,0,0,1
1,0,0,0,1
1,0,0,0,1
1,0,0,0,1
2,0,0,0,2
2,0,0,0,2
2,0,0,0,2
1,0,0,0,1
1,0,0,0,1
1,0,0,0,1
1,0,0,0,1
1,0,0,0,1
1,0,0,0,1
1,0,0,0,1
1,0,0,0,1
1,0,0,0,1
1,0,0,0,1
1,0,0,0,1
1,0,0,0,1
1,0,0,0,1
1,0,0,0,1
1,0,0,0,1
1,0,0,0,1
3,0,0,0,3
1,0,0,0,1
1,0,0,0,1
2,0,0,0,2
1,0,0,0,1
1,0,0,0,1
1,0,0,0,1
2,0,0,0,2
1,0,0,0,1
1,0,0,0,1
1,0,0,0,1
3,0,0,0,3
1,0,0,0,1
1,0,0,0,1
1,0,0,0,1
1,0,0,0,1
1,0,0,0,1
2,0,0,0,2
1,0,0,0,1
1,0,0,0,1
2,0,0,0,2
1,0,0,0,1
1,0,0,0,1
1,0,0,0,1
2,0,0,0,2
1,0,0,0,1
2,0,0,0,2
1,1,0,0,2
1,0,0,0,1
3,0,0,0,3
2,0,0,0,2
1,0,0,0,1
2,0,0,0,2
1,0,0,0,1
1,0,0,0,1
1,0,0,0,1
1,0,0,0,1
1,0,0,0,1
1,0,0,0,1
1,0,0,0,1
1,0,0,0,1
1,0,0,0,1
2,0,0,0,2
1,0,0,0,1
1,0,0,0,1
2,0,0,0,2
1,0,0,0,1
3,0,0,0,3
1,0,0,0,1
1,0,0,0,1
1,0,0,0,1
1,2,0,0,3
1,3,0,0,4
1,0,0,0,1
1,0,0,0,1
1,0,0,0,1
2,0,0,0,2
1,0,0,0,1
1,0,0,0,1
2,0,0,0,2
1,0,0,0,1
1,0,0,0,1
1,0,0,0,1
1,0,0,0,1
1,0,0,0,1
2,0,0,0,2
1,0,0,0,1
1,0,0,0,1
1,0,0,0,1
1,0,0,0,1
1,0,0,0,1
2,0,0,0,2
8,0,0,0,8
1,0,0,0,1
1,0,0,0,1
1,0,0,0,1
1,2,0,0,3
3,0,0,0,3
2,0,0,0,2
1,0,0,0,1
1,0,0,0,1
1,0,0,0,1
1,0,0,0,1
1,0,0,0,1
3,0,0,0,3
1,0,0,0,1
1,1,0,0,2
1,0,0,0,1
1,0,0,0,1
1,0,0,0,1
2,0,0,0,2
1,0,0,0,1
1,0,0,0,1
2,0,0,0,2
2,0,0,0,2
1,0,0,0,1
1,0,0,0,1
1,0,0,0,1
1,0,0,0,1
1,0,0,0,1
3,1,0,0,4
1,0,0,0,1
1,0,0,0,1
1,0,0,0,1
1,0,0,0,1
1,0,0,0,1
1,0,0,0,1
5,2,0,0,7
1,0,0,0,1
1,0,0,0,1
3,0,0,0,3
3,0,0,0,3
2,0,0,0,2
2,0,0,0,2
2,0,0,0,2
1,0,0,0,1
2,0,0,0,2
1,0,0,0,1
1,0,0,0,1
1,0,0,0,1
1,0,0,0,1
1,0,0,0,1
2,0,0,0,2
1,0,0,0,1
1,0,0,0,1
1,0,0,0,1
1,0,0,0,1
2,0,0,0,2
1,0,0,0,1
1,0,0,0,1
1,0,0,0,1
2,0,0,0,2
1,0,0,0,1
1,0,0,0,1
1,0,0,0,1
1,0,0,0,1
1,0,0,0,1
1,0,0,0,1
1,0,0,0,1
2,0,0,0,2
2,0,0,0,2
1,0,0,0,1
1,0,0,0,1
1,0,0,0,1
1,0,0,0,1
1,0,0,0,1
1,0,0,0,1
1,0,0,0,1
1,0,0,0,1
1,0,0,0,1
1,0,0,0,1
1,0,0,0,1
1,0,0,0,1
1,0,0,0,1
2,2,0,0,4
1,4,1,0,6
1,0,0,0,1
1,0,0,0,1
2,0,0,0,2
1,0,0,0,1
1,0,0,0,1
1,0,0,0,1
1,0,0,0,1
1,0,0,0,1
1,0,0,0,1
1,0,0,0,1
1,0,0,0,1
1,0,0,0,1
1,0,0,0,1
1,0,0,0,1
2,0,0,0,2
1,0,0,0,1
2,0,0,0,2
1,0,0,0,1
1,0,0,0,1
1,7,0,0,8
1,0,0,0,1
2,0,0,0,2
1,0,0,0,1
1,0,0,0,1
1,0,0,0,1
1,0,0,0,1
1,0,0,0,1
1,0,0,0,1
1,0,0,0,1
1,0,0,0,1
1,0,0,0,1
1,0,0,0,1
1,0,0,0,1
1,0,0,0,1
1,0,0,0,1
1,0,0,0,1
1,0,0,0,1
2,0,0,0,2
2,0,0,0,2
3,0,0,0,3
1,0,0,0,1
1,0,0,0,1
1,0,0,0,1
1,0,0,0,1
2,0,0,0,2
1,0,0,0,1
1,0,0,0,1
1,0,0,0,1
1,0,0,0,1
1,0,0,0,1
1,0,0,0,1
1,0,0,0,1
1,0,0,0,1
4,0,0,0,4
1,0,0,0,1
2,0,0,0,2
1,0,0,0,1
2,0,0,0,2
2,0,0,0,2
1,0,0,0,1
1,12,0,0,13
1,0,0,0,1
1,0,0,0,1
1,0,0,0,1
1,0,0,0,1
1,0,0,0,1
1,0,0,0,1
3,0,0,0,3
1,0,0,0,1
1,0,0,0,1
1,0,0,0,1
1,0,0,0,1
2,0,0,0,2
1,0,0,0,1
1,0,0,0,1
2,0,0,0,2
4,0,0,0,4
1,0,0,0,1
1,0,0,0,1
6,1,0,0,7
1,0,0,0,1
4,0,0,0,4
1,0,0,0,1
1,0,0,0,1
1,0,0,0,1
2,0,0,0,2
1,0,0,0,1
2,0,0,0,2
4,0,0,0,4
1,0,0,0,1
1,0,0,0,1
4,0,0,0,4
1,0,0,0,1
1,0,0,0,1
2,0,0,0,2
1,2,1,0,4
1,0,0,0,1
1,0,0,0,1
2,0,0,0,2
6,4,11,0,21
1,0,0,0,1
1,0,0,0,1
1,0,0,0,1
1,0,0,0,1
1,0,0,0,1
3,0,0,0,3
3,0,0,0,3
1,0,0,0,1
1,0,0,0,1
1,0,0,0,1
2,0,0,0,2
1,0,0,0,1
1,0,0,0,1
1,0,0,0,1
3,0,0,0,3
1,0,0,0,1
1,0,0,0,1
1,0,0,0,1
1,0,0,0,1
1,0,0,0,1
1,0,0,0,1
1,0,0,0,1
2,0,0,0,2
1,0,0,0,1
5,0,0,0,5
2,0,0,0,2
1,0,0,0,1
2,0,0,0,2
1,0,0,0,1
1,0,0,0,1
1,0,0,0,1
1,0,0,0,1
1,0,0,0,1
2,0,0,0,2
1,0,0,0,1
4,0,0,0,4
1,0,0,0,1
1,0,0,0,1
1,0,0,0,1
1,0,0,0,1
1,0,0,0,1
1,0,0,0,1
1,0,0,0,1
1,0,0,0,1
1,0,0,0,1
1,0,0,0,1
1,0,0,0,1
3,0,0,0,3
1,0,0,0,1
1,0,0,0,1
1,0,0,0,1
1,0,0,0,1
1,0,0,0,1
1,0,0,0,1
1,0,0,0,1
1,0,0,0,1
2,0,0,0,2
1,0,0,0,1
2,0,0,0,2
1,0,0,0,1
1,0,0,0,1
1,0,0,0,1
2,6,0,0,8
1,0,0,0,1
2,0,0,0,2
1,0,0,0,1
2,0,0,0,2
1,0,0,0,1
1,0,0,0,1
1,0,0,0,1
1,0,0,0,1
2,0,0,0,2
1,0,1,0,2
6,0,0,0,6
1,0,0,0,1
1,0,0,0,1
1,0,0,0,1
1,0,0,0,1
2,0,0,0,2
2,0,0,0,2
1,0,0,0,1
1,0,0,0,1
1,0,0,0,1
1,0,0,0,1
1,0,0,0,1
1,0,0,0,1
1,0,0,0,1
1,0,0,0,1
1,0,0,0,1
2,1,0,0,3
4,0,0,0,4
1,0,0,0,1
1,0,0,0,1
1,0,0,0,1
1,0,0,0,1
1,0,0,0,1
1,0,0,0,1
1,0,0,0,1
1,0,0,0,1
1,0,0,0,1
1,0,0,0,1
1,0,0,0,1
1,0,0,0,1
1,0,0,0,1
1,0,0,0,1
1,0,0,0,1
1,0,0,0,1
1,0,0,0,1
1,0,0,0,1
1,0,0,0,1
1,0,0,0,1
1,0,0,0,1
1,0,0,0,1
2,0,0,0,2
1,0,0,0,1
6,0,0,0,6
3,0,0,0,3
3,0,0,0,3
4,0,0,0,4
1,0,0,0,1
1,21,0,0,22
1,0,0,0,1
2,0,0,0,2
2,0,0,0,2
1,0,0,0,1
1,0,0,0,1
1,0,0,0,1
1,0,0,0,1
1,0,0,0,1
1,0,0,0,1
2,0,0,0,2
5,0,0,0,5
1,0,0,0,1
1,0,0,0,1
1,0,0,0,1
1,0,0,0,1
1,0,0,0,1
4,0,0,0,4
1,0,0,0,1
1,0,0,0,1
1,0,0,0,1
1,0,0,0,1
1,0,0,0,1
1,0,0,0,1
1,0,0,0,1
1,0,0,0,1
2,0,0,0,2
1,0,0,0,1
1,0,0,0,1
2,0,0,0,2
1,0,0,0,1
3,0,0,0,3
1,0,0,0,1
1,0,0,0,1
1,0,0,0,1
1,0,0,0,1
1,0,0,0,1
1,0,0,0,1
1,0,0,0,1
1,0,0,0,1
1,0,0,0,1
4,0,0,0,4
1,0,0,0,1
1,0,0,0,1
1,0,0,0,1
1,0,0,0,1
1,0,0,0,1
2,0,0,0,2
1,0,0,0,1
1,0,0,0,1
4,0,0,0,4
1,0,0,0,1
2,0,0,0,2
1,0,0,0,1
2,1,0,0,3
2,0,0,0,2
1,0,0,0,1
1,0,0,0,1
1,0,0,0,1
1,0,0,0,1
1,0,0,0,1
2,0,0,0,2
1,0,0,0,1
1,0,0,0,1
1,3,1,0,5
2,0,0,0,2
1,0,0,0,1
1,0,0,0,1
3,0,0,0,3
1,0,0,0,1
1,0,0,0,1
2,0,0,0,2
1,0,0,0,1
2,0,0,0,2
1,0,0,0,1
1,0,0,0,1
1,0,0,0,1
1,0,0,0,1
3,0,0,0,3
2,0,0,0,2
2,0,0,0,2
1,0,0,0,1
1,0,0,0,1
1,0,0,0,1
1,0,0,0,1
1,0,0,0,1
1,0,0,0,1
1,0,0,0,1
1,0,0,0,1
1,0,0,0,1
1,0,0,0,1
1,0,0,0,1
1,0,0,0,1
2,0,0,0,2
1,0,0,0,1
1,0,0,0,1
5,0,0,0,5
1,0,0,0,1
1,0,0,0,1
1,0,0,0,1
3,0,0,0,3
1,0,0,0,1
1,0,0,0,1
1,0,0,0,1
1,0,0,0,1
1,0,0,0,1
3,0,0,0,3
1,0,0,0,1
1,0,0,0,1
2,1,0,0,3
1,0,0,0,1
1,0,0,0,1
1,0,0,0,1
1,0,0,0,1
1,0,0,0,1
1,12,0,0,13
1,9,0,0,10
2,0,0,0,2
5,0,0,0,5
5,32,0,0,37
1,0,0,0,1
1,11,0,0,12
1,0,0,0,1
2,0,0,0,2
1,0,0,0,1
1,0,0,0,1
2,0,0,0,2
1,0,0,0,1
3,0,0,0,3
2,0,0,0,2
1,0,0,0,1
1,0,0,0,1
1,0,0,0,1
1,0,0,0,1
1,0,0,0,1
1,0,0,0,1
1,0,0,0,1
1,0,0,0,1
1,0,0,0,1
1,0,0,0,1
1,0,0,0,1
1,0,0,0,1
1,0,0,0,1
1,0,0,0,1
1,0,0,0,1
1,0,0,0,1
1,0,0,0,1
1,0,0,0,1
3,0,0,0,3
2,0,0,0,2
1,0,0,0,1
1,0,0,0,1
1,0,0,0,1
1,0,0,0,1
1,8,1,0,10
1,0,0,0,1
1,0,0,0,1
1,0,0,0,1
1,0,0,0,1
1,0,0,0,1
2,4,0,0,6
3,0,0,0,3
1,0,0,0,1
2,0,0,0,2
2,0,0,0,2
1,1,0,0,2
1,0,0,0,1
1,0,0,0,1
1,0,0,0,1
1,0,0,0,1
1,0,0,0,1
1,0,0,0,1
1,0,0,0,1
2,0,0,0,2
1,0,0,0,1
2,0,0,0,2
1,0,0,0,1
2,0,0,0,2
1,0,0,0,1
1,0,0,0,1
1,0,0,0,1
1,0,0,0,1
1,0,0,0,1
1,0,0,0,1
1,0,0,0,1
1,0,0,0,1
2,0,0,0,2
1,0,0,0,1
1,0,0,0,1
1,0,0,0,1
6,0,0,0,6
2,0,0,0,2
1,0,0,0,1
1,0,0,0,1
1,0,0,0,1
1,0,0,0,1
2,0,0,0,2
3,0,0,0,3
1,0,0,0,1
2,0,0,0,2
1,0,0,0,1
1,0,0,0,1
1,1,1,0,3
1,0,0,0,1
1,0,0,0,1
1,0,0,0,1
1,0,0,0,1
1,0,0,0,1
1,0,0,0,1
1,0,0,0,1
1,0,0,0,1
1,0,0,0,1
2,0,0,0,2
1,0,0,0,1
1,0,0,0,1
2,0,0,0,2
2,0,0,0,2
1,0,0,0,1
2,0,0,0,2
1,0,0,0,1
3,0,0,0,3
1,0,0,0,1
1,0,0,0,1
1,0,0,0,1
2,0,0,0,2
1,0,0,0,1
1,0,0,0,1
1,0,0,0,1
1,0,0,0,1
1,0,0,0,1
1,0,0,0,1
1,0,0,0,1
1,0,0,0,1
1,0,0,0,1
1,0,0,0,1
1,0,0,0,1
1,0,0,0,1
1,0,0,0,1
1,0,0,0,1
2,0,0,0,2
1,0,0,0,1
1,0,0,0,1
1,0,0,0,1
1,0,0,0,1
1,0,0,0,1
1,0,0,0,1
1,0,0,0,1
1,0,0,0,1
1,0,0,0,1
1,0,0,0,1
1,0,0,0,1
1,0,0,0,1
1,0,0,0,1
1,0,0,0,1
1,0,0,0,1
1,0,0,0,1
1,0,0,0,1
1,0,0,0,1
1,0,0,0,1
2,4,0,0,6
1,0,0,0,1
3,14,0,0,17
6,21,1,0,28
2,0,0,0,2
1,0,0,0,1
1,0,0,0,1
1,0,0,0,1
1,0,0,0,1
4,0,0,0,4
1,0,0,0,1
1,0,0,0,1
1,0,0,0,1
1,0,0,0,1
1,0,0,0,1
1,3,0,0,4
1,0,0,0,1
1,0,0,0,1
2,0,0,0,2
2,0,0,0,2
1,0,0,0,1
1,0,0,0,1
1,0,0,0,1
1,0,0,0,1
1,0,0,0,1
1,1,0,0,2
1,28,0,0,29
1,0,0,0,1
1,0,0,0,1
2,0,0,0,2
1,0,0,0,1
1,0,0,0,1
1,0,0,0,1
1,0,0,0,1
1,0,0,0,1
1,0,0,0,1
1,0,0,0,1
1,0,0,0,1
1,0,0,0,1
1,0,0,0,1
1,0,0,0,1
1,0,0,0,1
4,0,0,0,4
1,0,0,0,1
4,0,0,0,4
1,0,0,0,1
1,0,0,0,1
4,0,0,0,4
1,0,0,0,1
1,0,0,0,1
1,0,0,0,1
1,0,0,0,1
1,0,0,0,1
1,0,0,0,1
1,0,0,0,1
1,0,0,0,1
1,0,0,0,1
1,0,0,0,1
1,0,0,0,1
1,0,0,0,1
1,0,0,0,1
2,0,0,0,2
1,0,0,0,1
1,0,0,0,1
1,0,0,0,1
1,0,0,0,1
1,0,0,0,1
1,0,0,0,1
2,1,0,0,3
1,0,0,0,1
1,0,0,0,1
1,29,0,0,30
1,0,0,0,1
1,0,0,0,1
1,0,0,0,1
1,0,0,0,1
2,0,0,0,2
1,0,0,0,1
1,0,0,0,1
1,0,0,0,1
1,0,0,0,1
1,0,0,0,1
1,0,0,0,1
2,0,0,0,2
1,0,0,0,1
1,2,0,0,3
1,0,0,0,1
1,0,0,0,1
1,0,0,0,1
1,0,0,0,1
1,3,1,0,5
1,0,0,0,1
1,0,0,0,1
1,0,0,0,1
1,0,0,0,1
1,0,0,0,1
1,0,0,0,1
1,0,0,0,1
1,0,0,0,1
2,0,0,0,2
2,0,0,0,2
1,0,0,0,1
1,0,0,0,1
2,0,0,0,2
1,0,0,0,1
1,0,0,0,1
4,0,0,0,4
1,0,0,0,1
1,0,0,0,1
1,0,0,0,1
1,4,0,0,5
1,0,0,0,1
1,0,0,0,1
2,0,0,0,2
2,0,0,0,2
1,0,0,0,1
2,0,0,0,2
3,0,0,0,3
1,0,0,0,1
1,0,0,0,1
1,0,0,0,1
1,0,0,0,1
3,0,0,0,3
1,0,0,0,1
1,0,0,0,1
1,0,0,0,1
1,0,0,0,1
1,0,0,0,1
1,0,0,0,1
2,0,0,0,2
1,0,0,0,1
1,0,0,0,1
1,0,0,0,1
1,0,0,0,1
2,0,0,0,2
3,0,0,0,3
1,0,0,0,1
1,0,0,0,1
1,0,0,0,1
1,0,0,0,1
2,0,0,0,2
1,0,0,0,1
1,0,0,0,1
1,0,0,0,1
2,0,0,0,2
2,0,0,0,2
1,0,0,0,1
1,0,0,0,1
1,2,0,0,3
1,0,0,0,1
1,0,0,0,1
3,0,0,0,3
2,0,0,0,2
1,0,0,0,1
2,0,0,0,2
1,0,0,0,1
1,0,0,0,1
1,0,0,0,1
3,1,1,0,5
1,0,0,0,1
1,230,0,0,231
2,0,0,0,2
1,0,0,0,1
1,0,0,0,1
1,0,0,0,1
1,0,0,0,1
2,0,0,0,2
2,0,0,0,2
1,0,0,0,1
2,0,0,0,2
1,0,0,0,1
2,0,0,0,2
1,0,0,0,1
1,0,0,0,1
1,0,0,0,1
1,0,0,0,1
1,0,0,0,1
1,0,0,0,1
1,0,0,0,1
1,0,0,0,1
1,0,0,0,1
2,0,0,0,2
3,0,0,0,3
1,0,0,0,1
2,10,0,0,12
1,5,0,0,6
2,0,0,0,2
1,0,0,0,1
1,0,0,0,1
1,0,0,0,1
1,0,0,0,1
1,0,0,0,1
1,0,0,0,1
2,0,0,0,2
1,0,0,0,1
2,0,0,0,2
1,0,0,0,1
1,0,0,0,1
1,0,0,0,1
2,0,0,0,2
2,0,0,0,2
1,0,0,0,1
1,0,0,0,1
1,0,0,0,1
1,0,0,0,1
1,0,0,0,1
1,0,0,0,1
1,0,0,0,1
2,0,0,0,2
1,0,0,0,1
1,0,0,0,1
1,0,0,0,1
1,0,0,0,1
1,0,0,0,1
1,0,0,0,1
1,0,0,0,1
1,0,0,0,1
1,0,0,0,1
3,0,0,0,3
2,0,0,0,2
1,0,0,0,1
1,0,0,0,1
1,0,0,0,1
3,0,0,0,3
1,0,0,0,1
4,0,0,0,4
1,0,0,0,1
1,0,0,0,1
1,0,0,0,1
1,0,0,0,1
3,0,0,0,3
1,0,0,0,1
1,0,0,0,1
1,0,0,0,1
2,0,0,0,2
1,0,0,0,1
1,0,0,0,1
1,0,0,0,1
1,0,0,0,1
1,0,0,0,1
1,0,0,0,1
1,0,0,0,1
2,0,0,0,2
1,0,0,0,1
1,0,0,0,1
1,0,0,0,1
2,0,0,0,2
2,0,0,0,2
1,0,0,0,1
1,0,0,0,1
1,0,0,0,1
1,0,0,0,1
1,0,0,0,1
1,0,0,0,1
1,0,0,0,1
1,0,0,0,1
1,0,0,0,1
1,0,0,0,1
1,0,0,0,1
1,0,0,0,1
2,79,0,0,81
1,0,0,0,1
5,2,0,0,7
1,0,0,0,1
3,0,0,0,3
2,0,0,0,2
1,0,0,0,1
1,0,0,0,1
2,0,0,0,2
1,0,0,0,1
1,0,0,0,1
1,0,0,0,1
1,0,0,0,1
7,0,0,0,7
1,0,0,0,1
2,0,0,0,2
1,0,0,0,1
2,0,0,0,2
2,0,0,0,2
1,0,0,0,1
5,0,0,0,5
1,0,0,0,1
1,0,0,0,1
2,0,0,0,2
2,0,0,0,2
4,0,0,0,4
1,0,0,0,1
1,0,0,0,1
1,0,0,0,1
1,0,0,0,1
1,0,0,0,1
1,0,0,0,1
2,4,0,0,6
1,0,0,0,1
1,0,0,0,1
1,0,0,0,1
1,0,0,0,1
1,0,0,0,1
2,0,0,0,2
1,0,0,0,1
1,0,0,0,1
1,0,0,0,1
1,0,0,0,1
1,0,0,0,1
1,0,0,0,1
1,0,0,0,1
1,0,0,0,1
2,0,0,0,2
1,0,0,0,1
3,0,0,0,3
1,0,0,0,1
1,0,0,0,1
1,0,0,0,1
1,0,0,0,1
1,0,0,0,1
1,0,0,0,1
2,0,0,0,2
1,0,0,0,1
2,0,0,0,2
1,0,0,0,1
1,0,0,0,1
1,0,0,0,1
1,0,0,0,1
1,0,0,0,1
1,0,0,0,1
1,0,0,0,1
3,120,0,0,123
1,0,0,0,1
2,0,0,0,2
1,0,0,0,1
1,6,0,0,7
1,0,0,0,1
1,0,0,0,1
2,0,0,0,2
2,0,0,0,2
2,0,0,0,2
1,0,0,0,1
1,0,0,0,1
2,0,0,0,2
1,0,0,0,1
3,0,0,0,3
2,0,0,0,2
1,0,0,0,1
2,0,0,0,2
2,0,0,0,2
2,0,0,0,2
3,8,0,0,11
1,0,0,0,1
1,0,0,0,1
1,0,0,0,1
1,0,0,0,1
1,0,0,0,1
1,0,0,0,1
1,1,0,0,2
1,0,0,0,1
1,0,0,0,1
1,0,0,0,1
1,0,0,0,1
1,0,0,0,1
1,0,0,0,1
1,3,0,0,4
1,0,0,0,1
1,0,0,0,1
5,0,0,0,5
2,0,0,0,2
1,1,0,0,2
1,0,0,0,1
2,0,0,0,2
1,0,0,0,1
1,0,0,0,1
1,0,0,0,1
2,0,0,0,2
1,0,0,0,1
1,0,0,0,1
1,0,0,0,1
3,0,0,0,3
1,0,0,0,1
1,0,0,0,1
1,0,0,0,1
1,0,0,0,1
1,0,0,0,1
1,0,0,0,1
1,0,0,0,1
4,0,0,0,4
1,0,0,0,1
1,0,0,0,1
1,0,0,0,1
8,0,0,0,8
2,0,0,0,2
4,0,0,0,4
1,0,0,0,1
1,0,0,0,1
1,0,0,0,1
1,0,0,0,1
1,0,0,0,1
3,0,0,0,3
2,0,0,0,2
1,10,0,0,11
1,0,0,0,1
1,1,0,0,2
1,0,0,0,1
3,0,0,0,3
1,0,0,0,1
1,0,0,0,1
1,0,0,0,1
1,0,0,0,1
1,0,0,0,1
1,0,0,0,1
1,0,0,0,1
1,0,0,0,1
1,0,0,0,1
1,0,0,0,1
3,0,0,0,3
1,0,0,0,1
1,0,0,0,1
1,0,0,0,1
1,0,0,0,1
1,0,0,0,1
1,0,0,0,1
1,0,0,0,1
1,0,0,0,1
1,0,0,0,1
1,0,0,0,1
1,0,0,0,1
1,0,0,0,1
1,0,1,0,2
1,0,0,0,1
1,0,0,0,1
1,0,0,0,1
1,0,0,0,1
1,0,0,0,1
1,0,0,0,1
1,0,0,0,1
1,0,0,0,1
2,0,0,0,2
1,0,0,0,1
1,0,0,0,1
1,0,0,0,1
1,0,0,0,1
1,0,0,0,1
1,0,0,0,1
1,0,0,0,1
1,0,0,0,1
2,0,0,0,2
1,0,0,0,1
1,0,0,0,1
1,0,0,0,1
1,0,0,0,1
1,0,0,0,1
1,0,0,0,1
1,0,0,0,1
2,0,0,0,2
1,0,0,0,1
1,0,0,0,1
1,0,0,0,1
1,0,0,0,1
1,0,0,0,1
1,0,0,0,1
1,0,0,0,1
1,0,0,0,1
3,0,0,0,3
1,3,2,0,6
1,0,0,0,1
1,0,0,0,1
1,0,0,0,1
1,0,0,0,1
1,0,0,0,1
3,0,0,0,3
1,0,0,0,1
1,0,0,0,1
1,0,0,0,1
1,88,0,0,89
1,0,0,0,1
1,0,0,0,1
1,0,0,0,1
1,0,0,0,1
1,0,0,0,1
10,0,0,0,10
1,0,2,0,3
1,0,0,0,1
1,0,0,0,1
1,0,0,0,1
1,0,0,0,1
1,0,0,0,1
1,0,0,0,1
1,0,0,0,1
1,0,0,0,1
2,0,0,0,2
1,0,0,0,1
1,0,0,0,1
1,0,0,0,1
1,0,0,0,1
1,0,0,0,1
2,0,0,0,2
1,0,0,0,1
3,0,0,0,3
5,0,0,0,5
1,0,0,0,1
1,0,0,0,1
1,0,0,0,1
1,4,1,0,6
1,0,0,0,1
1,0,0,0,1
1,0,0,0,1
1,0,0,0,1
2,0,0,0,2
1,0,0,0,1
1,0,0,0,1
1,0,0,0,1
3,0,0,0,3
1,2,0,0,3
6,0,0,0,6
6,0,0,0,6
1,0,0,0,1
1,0,0,0,1
1,0,0,0,1
3,39,0,0,42
1,0,0,0,1
2,0,0,0,2
1,0,0,0,1
1,0,0,0,1
2,0,0,0,2
1,0,0,0,1
1,0,0,0,1
2,0,0,0,2
2,0,0,0,2
1,0,0,0,1
1,0,0,0,1
1,0,0,0,1
1,0,0,0,1
1,0,0,0,1
1,0,0,0,1
1,0,0,0,1
1,0,0,0,1
1,0,0,0,1
1,0,0,0,1
4,0,0,0,4
1,0,0,0,1
1,0,0,0,1
1,0,0,0,1
1,0,0,0,1
1,0,0,0,1
2,0,0,0,2
2,0,0,0,2
1,0,0,0,1
1,0,0,0,1
2,0,0,0,2
1,0,0,0,1
1,0,0,0,1
2,11,0,0,13
1,0,0,0,1
1,1,0,0,2
1,0,0,0,1
1,0,0,0,1
1,0,0,0,1
1,0,0,0,1
2,0,0,0,2
1,0,0,0,1
1,0,0,0,1
1,0,0,0,1
1,0,0,0,1
1,0,0,0,1
1,0,0,0,1
2,0,0,0,2
1,0,0,0,1
1,0,0,0,1
2,0,0,0,2
1,0,0,0,1
1,0,0,0,1
1,0,0,0,1
1,0,0,0,1
2,0,0,0,2
2,0,0,0,2
1,0,0,0,1
1,0,0,0,1
1,0,0,0,1
1,0,0,0,1
1,0,0,0,1
1,0,0,0,1
1,0,0,0,1
1,0,0,0,1
1,0,0,0,1
1,0,0,0,1
2,0,0,0,2
1,0,0,0,1
1,0,0,0,1
1,0,0,0,1
1,3,0,0,4
1,1,0,0,2
3,0,0,0,3
3,1,0,0,4
2,0,0,0,2
1,0,0,0,1
2,0,0,0,2
1,0,0,0,1
1,1,0,0,2
1,0,0,0,1
2,2,0,0,4
2,0,0,0,2
1,0,0,0,1
4,0,0,0,4
1,0,0,0,1
1,0,0,0,1
1,0,0,0,1
2,0,0,0,2
1,0,0,0,1
1,0,0,0,1
2,0,0,0,2
1,0,0,0,1
1,0,0,0,1
1,5,0,0,6
1,0,0,0,1
3,0,0,0,3
1,0,0,0,1
1,0,0,0,1
1,0,0,0,1
1,0,0,0,1
1,0,0,0,1
1,0,0,0,1
1,0,0,0,1
1,0,0,0,1
1,0,0,0,1
1,0,0,0,1
1,0,0,0,1
1,0,0,0,1
1,0,0,0,1
1,0,0,0,1
1,0,0,0,1
1,0,0,0,1
1,0,0,0,1
1,0,0,0,1
2,0,0,0,2
1,0,0,0,1
1,0,0,0,1
1,0,0,0,1
1,0,0,0,1
1,0,0,0,1
1,0,0,0,1
1,0,0,0,1
4,0,0,0,4
1,0,0,0,1
3,0,0,0,3
1,0,0,0,1
2,0,0,0,2
1,0,0,0,1
1,0,0,0,1
1,0,0,0,1
1,0,0,0,1
3,0,0,0,3
1,0,0,0,1
1,0,0,0,1
2,0,0,0,2
1,0,0,0,1
1,0,0,0,1
1,0,0,0,1
1,0,0,0,1
1,5,0,0,6
1,0,0,0,1
1,0,0,0,1
1,0,0,0,1
1,0,0,0,1
1,0,0,0,1
1,0,0,0,1
1,0,0,0,1
1,0,0,0,1
1,0,0,0,1
1,0,0,0,1
2,0,0,0,2
1,0,0,0,1
1,0,0,0,1
1,0,0,0,1
1,0,0,0,1
1,0,0,0,1
1,0,0,0,1
1,0,0,0,1
1,0,0,0,1
1,0,0,0,1
2,0,0,0,2
3,0,0,0,3
1,0,0,0,1
1,0,0,0,1
1,0,0,0,1
1,0,0,0,1
2,1,0,0,3
1,5,3,0,9
1,0,0,0,1
3,0,1,0,4
1,3,1,0,5
1,0,0,0,1
1,0,1,0,2
1,0,0,0,1
1,0,0,0,1
2,0,0,0,2
2,2,0,0,4
1,0,0,0,1
1,0,0,0,1
1,0,0,0,1
1,0,0,0,1
1,0,0,0,1
1,0,0,0,1
1,0,0,0,1
5,0,0,0,5
1,0,0,0,1
1,0,0,0,1
1,0,0,0,1
2,10,1,0,13
1,0,0,0,1
1,0,0,0,1
1,0,0,0,1
2,0,0,0,2
1,0,0,0,1
1,0,0,0,1
2,0,0,0,2
1,0,0,0,1
1,0,0,0,1
2,0,0,0,2
1,0,0,0,1
1,0,0,0,1
2,0,0,0,2
2,0,0,0,2
1,0,0,0,1
1,0,0,0,1
1,0,0,0,1
1,0,0,0,1
4,0,0,0,4
1,0,0,0,1
1,0,0,0,1
1,0,0,0,1
1,0,0,0,1
2,0,0,0,2
1,0,0,0,1
1,0,0,0,1
1,0,0,0,1
1,0,0,0,1
1,0,0,0,1
1,0,0,0,1
1,0,0,0,1
2,0,0,0,2
1,0,0,0,1
1,0,0,0,1
1,0,0,0,1
1,0,0,0,1
1,0,0,0,1
1,0,0,0,1
1,0,0,0,1
2,0,0,0,2
2,0,0,0,2
4,0,0,0,4
1,0,0,0,1
2,0,0,0,2
1,0,0,0,1
1,0,0,0,1
1,2,0,0,3
1,0,0,0,1
1,0,0,0,1
1,0,0,0,1
1,0,0,0,1
1,0,0,0,1
1,0,0,0,1
1,0,0,0,1
1,0,0,0,1
1,0,0,0,1
2,0,0,0,2
3,0,0,0,3
1,0,0,0,1
1,0,0,0,1
1,0,0,0,1
1,0,0,0,1
1,0,0,0,1
1,0,0,0,1
1,0,0,0,1
1,0,0,0,1
1,0,0,0,1
1,0,0,0,1
1,0,0,0,1
1,2,1,0,4
1,0,0,0,1
1,0,0,0,1
1,0,0,0,1
1,0,0,0,1
1,0,0,0,1
1,0,0,0,1
1,0,0,0,1
1,0,0,0,1
1,0,0,0,1
1,0,0,0,1
4,0,0,0,4
1,0,0,0,1
1,0,0,0,1
3,23,0,0,26
3,0,0,0,3
1,0,0,0,1
1,0,0,0,1
1,0,0,0,1
1,0,0,0,1
1,0,0,0,1
1,0,0,0,1
1,0,0,0,1
1,0,0,0,1
1,0,0,0,1
2,0,0,0,2
1,0,0,0,1
1,0,0,0,1
1,0,0,0,1
1,0,0,0,1
1,0,0,0,1
1,0,0,0,1
1,0,0,0,1
1,0,0,0,1
1,0,0,0,1
2,0,0,0,2
1,0,0,0,1
6,0,0,0,6
3,0,0,0,3
1,0,0,0,1
4,1,0,0,5
1,0,0,0,1
1,0,0,0,1
3,0,0,0,3
1,0,0,0,1
1,0,0,0,1
1,0,0,0,1
1,0,0,0,1
1,0,0,0,1
1,0,0,0,1
1,0,0,0,1
1,0,0,0,1
1,0,0,0,1
1,0,0,0,1
1,0,0,0,1
1,0,0,0,1
1,0,0,0,1
1,0,0,0,1
1,0,0,0,1
1,0,0,0,1
1,0,0,0,1
2,0,0,0,2
1,0,0,0,1
1,0,0,0,1
1,0,0,0,1
1,0,0,0,1
1,0,0,0,1
1,0,0,0,1
1,0,0,0,1
1,0,0,0,1
1,4,0,0,5
1,0,0,0,1
1,0,0,0,1
1,0,0,0,1
1,0,0,0,1
3,0,0,0,3
3,0,0,0,3
1,0,0,0,1
1,0,0,0,1
1,0,0,0,1
1,0,0,0,1
1,0,0,0,1
1,0,0,0,1
1,0,0,0,1
1,0,0,0,1
2,0,0,0,2
1,0,0,0,1
1,0,0,0,1
1,0,0,0,1
2,0,0,0,2
1,0,0,0,1
1,0,0,0,1
1,0,0,0,1
1,0,0,0,1
1,0,0,0,1
1,61,0,0,62
1,0,0,0,1
1,0,0,0,1
1,0,0,0,1
1,0,0,0,1
1,0,0,0,1
1,0,0,0,1
1,0,0,0,1
5,30,0,0,35
3,0,0,0,3
1,0,0,0,1
1,0,0,0,1
2,0,0,0,2
1,0,0,0,1
2,0,0,0,2
1,0,0,0,1
2,0,0,0,2
1,0,0,0,1
2,0,0,0,2
1,0,0,0,1
1,0,0,0,1
1,0,0,0,1
1,0,0,0,1
1,0,0,0,1
1,0,0,0,1
2,0,0,0,2
1,0,0,0,1
1,0,0,0,1
1,0,0,0,1
1,0,0,0,1
1,0,0,0,1
1,0,0,0,1
7,0,0,0,7
1,0,0,0,1
1,0,0,0,1
1,0,0,0,1
1,0,0,0,1
2,0,0,0,2
1,0,0,0,1
1,0,0,0,1
1,0,0,0,1
1,0,0,0,1
3,0,0,0,3
1,6,1,0,8
1,0,0,0,1
1,0,0,0,1
1,0,0,0,1
2,0,0,0,2
1,0,0,0,1
1,0,0,0,1
1,0,0,0,1
1,0,0,0,1
1,0,0,0,1
3,0,0,0,3
1,0,0,0,1
1,0,0,0,1
1,0,0,0,1
1,0,0,0,1
1,0,0,0,1
7,0,0,0,7
2,0,0,0,2
1,0,0,0,1
1,0,0,0,1
2,0,0,0,2
2,0,0,0,2
1,0,0,0,1
1,0,0,0,1
1,0,0,0,1
2,0,0,0,2
1,0,0,0,1
1,0,0,0,1
1,0,0,0,1
1,0,0,0,1
1,0,0,0,1
1,0,0,0,1
1,0,0,0,1
1,0,0,0,1
1,0,0,0,1
2,0,0,0,2
1,0,0,0,1
1,0,0,0,1
1,0,0,0,1
2,0,0,0,2
1,0,0,0,1
1,0,0,0,1
1,0,0,0,1
1,0,0,0,1
1,0,0,0,1
1,0,0,0,1
1,0,0,0,1
1,0,0,0,1
1,0,0,0,1
2,0,0,0,2
2,0,0,0,2
1,0,0,0,1
2,0,0,0,2
1,0,0,0,1
1,0,0,0,1
1,0,0,0,1
1,55,1,0,57
1,0,0,0,1
1,0,0,0,1
1,2,0,0,3
1,0,0,0,1
1,0,0,0,1
2,0,0,0,2
1,0,0,0,1
1,0,0,0,1
1,0,0,0,1
1,0,0,0,1
1,0,0,0,1
5,0,0,0,5
1,0,0,0,1
2,0,0,0,2
6,4,1,0,11
1,0,0,0,1
1,0,0,0,1
1,0,0,0,1
4,0,0,0,4
1,0,0,0,1
1,0,0,0,1
1,0,0,0,1
2,0,0,0,2
1,0,0,0,1
1,0,0,0,1
1,1,0,0,2
1,0,0,0,1
1,0,0,0,1
1,0,0,0,1
2,0,0,0,2
1,0,0,0,1
2,0,0,0,2
1,0,0,0,1
2,0,0,0,2
1,0,0,0,1
1,0,0,0,1
1,0,0,0,1
1,0,0,0,1
1,0,0,0,1
1,0,0,0,1
1,0,0,0,1
3,0,0,0,3
1,0,0,0,1
1,0,0,0,1
1,0,0,0,1
1,0,0,0,1
1,0,0,0,1
2,0,0,0,2
1,0,0,0,1
2,0,0,0,2
1,0,0,0,1
1,0,0,0,1
1,0,0,0,1
1,0,0,0,1
1,0,0,0,1
1,0,0,0,1
1,0,0,0,1
1,0,0,0,1
1,0,0,0,1
2,0,0,0,2
1,0,0,0,1
1,0,0,0,1
1,0,0,0,1
1,0,0,0,1
1,0,0,0,1
1,0,0,0,1
1,0,0,0,1
1,0,0,0,1
1,0,0,0,1
1,0,0,0,1
1,0,0,0,1
1,0,0,0,1
1,0,0,0,1
1,0,0,0,1
1,0,0,0,1
1,0,0,0,1
2,0,0,0,2
1,0,0,0,1
2,0,0,0,2
2,0,0,0,2
1,0,0,0,1
3,4,0,0,7
1,2,0,0,3
1,0,0,0,1
1,0,0,0,1
1,0,0,0,1
1,0,0,0,1
1,0,0,0,1
1,0,0,0,1
2,0,0,0,2
1,0,0,0,1
4,0,0,0,4
1,0,0,0,1
1,0,0,0,1
1,0,0,0,1
1,0,0,0,1
4,3,0,0,7
1,0,0,0,1
1,0,0,0,1
1,0,0,0,1
1,0,0,0,1
1,0,0,0,1
1,0,0,0,1
6,0,0,0,6
1,0,0,0,1
1,0,0,0,1
1,0,0,0,1
1,0,0,0,1
1,0,0,0,1
1,0,0,0,1
1,0,0,0,1
1,0,0,0,1
2,0,0,0,2
11,0,0,0,11
1,0,0,0,1
1,0,0,0,1
1,0,0,0,1
1,0,0,0,1
1,0,0,0,1
1,0,0,0,1
1,0,0,0,1
1,0,0,0,1
1,0,0,0,1
1,0,0,0,1
1,0,0,0,1
1,0,0,0,1
1,0,0,0,1
7,0,0,0,7
1,0,0,0,1
1,0,0,0,1
1,0,0,0,1
3,0,0,0,3
1,0,0,0,1
1,0,0,0,1
1,0,0,0,1
1,0,0,0,1
1,0,0,0,1
1,0,0,0,1
2,0,0,0,2
1,0,0,0,1
1,0,0,0,1
1,0,0,0,1
1,0,0,0,1
2,0,0,0,2
1,0,0,0,1
1,0,0,0,1
3,0,0,0,3
1,0,0,0,1
2,0,0,0,2
1,0,0,0,1
1,0,0,0,1
1,0,0,0,1
1,0,0,0,1
1,0,0,0,1
1,0,0,0,1
1,0,0,0,1
1,0,0,0,1
1,0,0,0,1
1,0,0,0,1
1,0,0,0,1
1,0,0,0,1
1,0,0,0,1
1,0,0,0,1
1,0,0,0,1
4,0,0,0,4
3,0,0,0,3
1,0,0,0,1
1,0,0,0,1
1,0,0,0,1
1,0,0,0,1
1,0,0,0,1
2,0,0,0,2
1,0,0,0,1
1,0,0,0,1
2,0,0,0,2
1,0,0,0,1
1,0,0,0,1
1,0,0,0,1
1,0,0,0,1
1,0,0,0,1
3,0,0,0,3
1,0,0,0,1
1,0,0,0,1
1,0,0,0,1
1,0,0,0,1
1,0,0,0,1
1,0,0,0,1
1,0,0,0,1
2,0,0,0,2
1,0,0,0,1
1,0,0,0,1
1,0,0,0,1
1,0,0,0,1
3,0,0,0,3
1,0,0,0,1
3,0,0,0,3
1,0,0,0,1
1,0,0,0,1
1,0,0,0,1
2,0,0,0,2
1,0,0,0,1
1,0,0,0,1
1,0,0,0,1
1,0,0,0,1
1,0,0,0,1
1,0,0,0,1
2,0,0,0,2
2,1,0,0,3
2,0,0,0,2
1,0,0,0,1
1,0,0,0,1
1,0,0,0,1
1,0,0,0,1
1,0,0,0,1
1,0,0,0,1
1,0,0,0,1
2,0,0,0,2
1,0,0,0,1
1,0,0,0,1
1,0,0,0,1
1,0,0,0,1
1,0,0,0,1
1,0,0,0,1
1,0,0,0,1
3,0,0,0,3
1,0,0,0,1
1,0,0,0,1
1,3,0,0,4
1,0,0,0,1
1,0,0,0,1
3,0,0,0,3
1,0,0,0,1
1,0,0,0,1
1,0,0,0,1
1,0,0,0,1
1,0,0,0,1
1,0,0,0,1
3,0,0,0,3
6,0,0,0,6
2,0,0,0,2
1,0,0,0,1
1,0,0,0,1
1,0,0,0,1
1,0,0,0,1
1,0,0,0,1
2,0,0,0,2
1,0,0,0,1
1,0,0,0,1
1,0,0,0,1
5,0,0,0,5
2,0,0,0,2
2,0,0,0,2
1,0,0,0,1
2,0,0,0,2
1,0,0,0,1
8,0,0,0,8
3,0,0,0,3
1,0,0,0,1
1,0,0,0,1
1,0,0,0,1
3,0,0,0,3
1,0,0,0,1
2,0,0,0,2
1,0,0,0,1
1,0,0,0,1
1,0,0,0,1
12,3,1,0,16
1,0,0,0,1
1,0,0,0,1
1,0,0,0,1
1,0,0,0,1
1,0,0,0,1
1,0,0,0,1
1,1,1,0,3
1,0,0,0,1
1,0,0,0,1
1,0,0,0,1
2,0,0,0,2
1,0,0,0,1
1,0,0,0,1
1,0,0,0,1
1,0,0,0,1
1,0,1,0,2
1,0,0,0,1
2,2,0,0,4
1,0,0,0,1
1,0,0,0,1
1,0,0,0,1
1,0,0,0,1
1,0,0,0,1
1,0,0,0,1
1,0,0,0,1
1,0,0,0,1
1,0,0,0,1
1,0,0,0,1
7,0,0,0,7
2,0,0,0,2
2,0,1,0,3
1,0,0,0,1
1,0,0,0,1
1,0,0,0,1
1,0,0,0,1
1,0,0,0,1
2,0,0,0,2
1,0,0,0,1
2,0,0,0,2
1,0,0,0,1
1,0,0,0,1
2,0,0,0,2
1,0,0,0,1
1,0,0,0,1
2,0,0,0,2
1,0,0,0,1
2,0,0,0,2
3,0,0,0,3
2,0,0,0,2
2,0,0,0,2
2,0,0,0,2
3,0,0,0,3
3,0,0,0,3
1,0,0,0,1
1,0,0,0,1
1,0,0,0,1
1,0,0,0,1
1,0,0,0,1
1,5,0,0,6
2,0,0,0,2
1,0,0,0,1
2,2,0,0,4
1,0,0,0,1
1,0,0,0,1
1,0,0,0,1
2,0,0,0,2
2,0,0,0,2
1,0,0,0,1
1,0,0,0,1
1,0,0,0,1
9,0,0,0,9
2,0,0,0,2
1,0,0,0,1
1,0,0,0,1
1,0,0,0,1
1,0,0,0,1
3,0,0,0,3
1,0,0,0,1
1,0,0,0,1
1,0,0,0,1
1,0,0,0,1
1,0,0,0,1
1,0,0,0,1
1,0,0,0,1
1,0,0,0,1
2,0,0,0,2
1,0,0,0,1
1,0,0,0,1
1,0,0,0,1
1,0,0,0,1
1,0,0,0,1
1,0,0,0,1
5,0,0,0,5
1,0,0,0,1
2,0,0,0,2
1,0,0,0,1
4,0,0,0,4
1,0,0,0,1
1,0,0,0,1
2,2,0,0,4
1,0,0,0,1
1,0,0,0,1
1,0,0,0,1
1,0,0,0,1
3,0,0,0,3
1,0,0,0,1
1,0,0,0,1
1,0,0,0,1
2,0,0,0,2
1,0,0,0,1
1,0,0,0,1
2,0,0,0,2
1,0,0,0,1
1,0,0,0,1
2,0,0,0,2
1,0,0,0,1
2,0,0,0,2
1,0,0,0,1
1,0,0,0,1
1,0,0,0,1
2,0,0,0,2
1,0,0,0,1
1,0,0,0,1
1,0,0,0,1
1,0,0,0,1
1,0,0,0,1
1,0,0,0,1
2,0,0,0,2
2,0,0,0,2
1,0,0,0,1
1,0,0,0,1
1,0,0,0,1
1,0,0,0,1
1,0,0,0,1
2,0,0,0,2
1,0,0,0,1
1,0,0,0,1
2,0,0,0,2
1,0,0,0,1
1,0,0,0,1
1,0,0,0,1
1,0,0,0,1
1,0,0,0,1
1,0,0,0,1
1,0,0,0,1
1,0,0,0,1
1,0,0,0,1
1,0,0,0,1
1,0,0,0,1
1,0,0,0,1
1,0,0,0,1
1,0,0,0,1
3,0,0,0,3
1,0,0,0,1
1,0,0,0,1
1,0,0,0,1
1,0,0,0,1
1,0,0,0,1
1,0,0,0,1
3,0,0,0,3
1,0,0,0,1
1,0,0,0,1
1,0,0,0,1
2,0,0,0,2
1,0,0,0,1
1,0,0,0,1
1,0,0,0,1
1,0,0,0,1
1,0,0,0,1
1,0,0,0,1
1,0,0,0,1
1,0,0,0,1
1,0,0,0,1
2,0,0,0,2
1,0,0,0,1
2,0,0,0,2
1,0,0,0,1
1,0,0,0,1
1,0,0,0,1
1,0,0,0,1
1,0,0,0,1
1,1,0,0,2
1,0,0,0,1
2,0,0,0,2
1,0,0,0,1
1,0,0,0,1
2,0,0,0,2
1,0,0,0,1
1,0,0,0,1
1,0,0,0,1
1,0,0,0,1
1,0,0,0,1
1,0,0,0,1
2,0,0,0,2
1,0,0,0,1
2,0,0,0,2
4,0,0,0,4
2,0,0,0,2
1,0,0,0,1
1,0,0,0,1
3,0,0,0,3
1,0,0,0,1
1,0,0,0,1
1,0,0,0,1
1,0,0,0,1
1,0,0,0,1
1,0,0,0,1
2,0,0,0,2
4,1,0,0,5
1,0,0,0,1
1,0,0,0,1
5,0,0,0,5
1,0,0,0,1
1,0,0,0,1
1,0,0,0,1
1,0,0,0,1
1,0,0,0,1
1,0,0,0,1
1,0,0,0,1
1,0,0,0,1
1,0,0,0,1
2,0,0,0,2
1,0,0,0,1
1,0,0,0,1
1,0,0,0,1
1,0,0,0,1
1,0,0,0,1
1,0,0,0,1
1,0,0,0,1
2,0,0,0,2
1,0,0,0,1
2,0,0,0,2
1,0,0,0,1
1,0,0,0,1
1,0,0,0,1
1,0,0,0,1
1,0,0,0,1
8,0,0,0,8
4,0,0,0,4
1,0,0,0,1
1,0,0,0,1
1,0,0,0,1
6,0,0,0,6
2,4,0,0,6
1,0,0,0,1
8,0,0,0,8
1,0,0,0,1
1,0,0,0,1
1,0,0,0,1
1,0,0,0,1
2,0,0,0,2
1,0,0,0,1
1,0,0,0,1
2,0,0,0,2
1,0,0,0,1
1,0,0,0,1
1,0,0,0,1
1,0,0,0,1
1,0,0,0,1
2,0,0,0,2
1,0,0,0,1
1,0,0,0,1
1,0,0,0,1
1,0,0,0,1
1,0,0,0,1
1,0,0,0,1
2,0,0,0,2
1,0,0,0,1
6,0,0,0,6
2,0,0,0,2
1,1,0,0,2
1,0,0,0,1
1,0,0,0,1
1,0,0,0,1
1,0,0,0,1
3,0,0,0,3
1,0,0,0,1
1,0,0,0,1
2,0,0,0,2
3,0,0,0,3
1,0,0,0,1
1,0,0,0,1
2,0,0,0,2
2,0,0,0,2
1,0,0,0,1
2,0,0,0,2
1,0,0,0,1
1,0,0,0,1
2,0,0,0,2
6,0,0,0,6
4,0,0,0,4
1,0,0,0,1
1,0,0,0,1
1,0,0,0,1
1,0,0,0,1
3,0,0,0,3
1,0,0,0,1
1,0,0,0,1
1,0,0,0,1
1,0,0,0,1
1,0,0,0,1
1,0,0,0,1
1,0,0,0,1
2,0,0,0,2
1,0,0,0,1
1,0,0,0,1
3,0,0,0,3
2,0,0,0,2
1,0,0,0,1
1,0,0,0,1
1,0,0,0,1
1,0,0,0,1
1,0,0,0,1
1,0,0,0,1
1,0,0,0,1
1,0,0,0,1
1,0,0,0,1
2,0,0,0,2
2,0,0,0,2
1,0,0,0,1
1,0,0,0,1
4,0,0,0,4
1,0,0,0,1
1,0,0,0,1
2,0,0,0,2
1,0,0,0,1
1,0,0,0,1
5,0,0,0,5
1,0,0,0,1
3,0,0,0,3
1,0,0,0,1
2,0,0,0,2
1,0,0,0,1
1,0,0,0,1
1,0,0,0,1
1,0,0,0,1
1,0,0,0,1
4,0,0,0,4
1,0,0,0,1
1,0,0,0,1
1,0,0,0,1
1,0,0,0,1
1,0,0,0,1
2,0,0,0,2
1,0,0,0,1
1,0,0,0,1
1,0,0,0,1
1,0,0,0,1
1,0,0,0,1
1,0,0,0,1
1,0,0,0,1
1,0,0,0,1
1,0,0,0,1
1,0,0,0,1
1,0,0,0,1
2,0,0,0,2
1,0,0,0,1
1,0,0,0,1
2,1,1,0,4
3,0,0,0,3
1,0,0,0,1
1,0,0,0,1
1,0,0,0,1
2,0,0,0,2
1,0,0,0,1
1,0,0,0,1
1,0,0,0,1
1,0,0,0,1
1,0,0,0,1
2,0,0,0,2
2,0,0,0,2
1,0,0,0,1
1,0,0,0,1
1,0,0,0,1
2,0,0,0,2
1,0,0,0,1
2,0,0,0,2
2,0,0,0,2
1,0,0,0,1
1,0,0,0,1
2,0,0,0,2
1,0,0,0,1
1,0,0,0,1
1,0,0,0,1
2,0,0,0,2
1,0,0,0,1
2,0,0,0,2
1,0,0,0,1
1,0,0,0,1
1,0,0,0,1
1,0,0,0,1
1,0,0,0,1
1,0,0,0,1
2,0,0,0,2
1,0,0,0,1
1,0,0,0,1
1,0,0,0,1
1,0,0,0,1
3,0,0,0,3
1,0,0,0,1
4,0,0,0,4
1,0,0,0,1
1,0,0,0,1
1,0,0,0,1
1,0,0,0,1
2,0,0,0,2
2,0,0,0,2
1,0,0,0,1
3,0,0,0,3
1,0,0,0,1
1,0,0,0,1
2,0,0,0,2
1,0,0,0,1
1,0,0,0,1
1,0,0,0,1
10,10,0,0,20
1,0,0,0,1
1,0,0,0,1
1,0,0,0,1
1,0,0,0,1
1,0,0,0,1
1,0,0,0,1
1,0,0,0,1
1,0,0,0,1
1,0,0,0,1
3,0,0,0,3
2,0,0,0,2
2,0,0,0,2
1,0,0,0,1
1,0,1,0,2
1,0,0,0,1
2,0,0,0,2
7,0,0,0,7
1,0,0,0,1
1,0,0,0,1
1,0,0,0,1
1,0,0,0,1
1,0,0,0,1
1,0,0,0,1
1,1,0,0,2
1,0,0,0,1
1,0,0,0,1
1,0,0,0,1
1,0,0,0,1
1,0,0,0,1
2,3,0,0,5
1,0,0,0,1
2,0,0,0,2
1,0,0,0,1
1,0,0,0,1
1,0,0,0,1
1,0,0,0,1
1,0,0,0,1
1,0,0,0,1
8,0,0,0,8
1,0,0,0,1
2,0,0,0,2
1,0,0,0,1
1,0,0,0,1
1,0,0,0,1
1,0,0,0,1
1,0,0,0,1
1,0,0,0,1
2,0,0,0,2
1,0,0,0,1
1,0,0,0,1
4,0,0,0,4
1,0,0,0,1
1,0,0,0,1
1,0,0,0,1
1,0,0,0,1
1,0,0,0,1
2,20,0,0,22
1,0,0,0,1
1,0,0,0,1
1,0,0,0,1
1,0,0,0,1
1,0,0,0,1
1,0,0,0,1
1,0,0,0,1
1,0,0,0,1
2,0,0,0,2
1,0,0,0,1
2,0,0,0,2
1,0,0,0,1
1,0,0,0,1
3,0,0,0,3
1,0,0,0,1
5,0,0,0,5
1,0,0,0,1
1,0,0,0,1
1,0,0,0,1
1,0,0,0,1
3,0,0,0,3
1,0,0,0,1
1,0,0,0,1
1,0,0,0,1
1,0,0,0,1
1,0,0,0,1
1,0,0,0,1
3,0,0,0,3
1,0,0,0,1
2,0,0,0,2
1,0,0,0,1
1,0,0,0,1
3,182,1,0,186
1,0,0,0,1
1,0,0,0,1
1,0,0,0,1
1,0,0,0,1
1,0,0,0,1
3,0,0,0,3
1,0,0,0,1
2,0,0,0,2
1,1,0,0,2
1,0,0,0,1
1,0,0,0,1
1,0,0,0,1
1,0,0,0,1
1,0,0,0,1
1,0,0,0,1
1,0,0,0,1
1,0,0,0,1
1,0,0,0,1
1,0,0,0,1
2,0,0,0,2
1,0,0,0,1
1,1,0,0,2
1,3,0,0,4
2,0,0,0,2
1,0,0,0,1
1,0,0,0,1
1,0,0,0,1
1,0,0,0,1
1,0,0,0,1
1,0,0,0,1
1,0,0,0,1
2,0,0,0,2
1,0,0,0,1
1,0,0,0,1
1,0,0,0,1
1,2,0,0,3
1,0,0,0,1
1,0,0,0,1
1,0,0,0,1
1,0,0,0,1
3,0,0,0,3
1,0,0,0,1
1,0,0,0,1
1,0,0,0,1
1,0,0,0,1
1,0,0,0,1
1,0,0,0,1
1,0,0,0,1
1,0,0,0,1
1,0,0,0,1
1,0,0,0,1
2,0,0,0,2
1,0,0,0,1
1,0,0,0,1
5,0,0,0,5
1,0,0,0,1
1,0,0,0,1
1,0,0,0,1
1,0,0,0,1
1,0,0,0,1
1,0,0,0,1
1,0,0,0,1
1,0,0,0,1
1,0,0,0,1
1,0,0,0,1
6,0,0,0,6
1,0,0,0,1
1,1,1,0,3
1,0,0,0,1
1,0,0,0,1
6,0,0,0,6
1,0,0,0,1
1,0,0,0,1
1,0,0,0,1
1,0,0,0,1
1,0,0,0,1
1,0,0,0,1
1,0,0,0,1
3,6,0,0,9
2,0,0,0,2
1,0,0,0,1
1,0,0,0,1
1,0,0,0,1
1,0,0,0,1
1,0,0,0,1
1,0,0,0,1
2,0,0,0,2
2,0,0,0,2
2,11,0,0,13
1,0,0,0,1
1,0,0,0,1
1,0,0,0,1
1,0,0,0,1
1,0,0,0,1
1,0,0,0,1
1,0,0,0,1
1,0,0,0,1
1,0,0,0,1
1,0,0,0,1
1,0,0,0,1
1,0,0,0,1
4,0,0,0,4
1,0,0,0,1
1,0,0,0,1
2,0,0,0,2
1,0,0,0,1
1,0,0,0,1
2,0,0,0,2
1,0,0,0,1
1,0,0,0,1
1,0,0,0,1
1,0,0,0,1
1,0,0,0,1
1,0,0,0,1
1,0,0,0,1
1,0,0,0,1
1,0,0,0,1
2,0,0,0,2
1,0,0,0,1
1,0,0,0,1
1,0,0,0,1
2,0,0,0,2
4,0,0,0,4
1,0,0,0,1
1,0,0,0,1
1,0,1,0,2
3,0,0,0,3
1,0,0,0,1
1,0,0,0,1
1,0,0,0,1
1,0,0,0,1
2,0,0,0,2
1,0,0,0,1
3,3,0,0,6
2,0,0,0,2
1,0,0,0,1
1,0,0,0,1
1,0,0,0,1
1,0,0,0,1
1,0,0,0,1
1,0,0,0,1
1,0,0,0,1
1,0,0,0,1
1,0,0,0,1
1,0,0,0,1
1,0,0,0,1
1,0,0,0,1
2,0,0,0,2
1,0,0,0,1
1,0,0,0,1
1,0,0,0,1
2,0,0,0,2
1,0,0,0,1
1,0,0,0,1
2,0,0,0,2
1,0,0,0,1
1,0,0,0,1
1,0,0,0,1
1,0,0,0,1
1,0,0,0,1
1,0,0,0,1
1,0,0,0,1
3,0,0,0,3
1,0,0,0,1
1,0,0,0,1
1,0,0,0,1
1,0,0,0,1
1,0,0,0,1
1,0,0,0,1
1,0,0,0,1
2,0,0,0,2
3,0,1,0,4
1,0,0,0,1
1,0,0,0,1
1,0,0,0,1
1,0,0,0,1
1,0,0,0,1
2,0,0,0,2
1,0,0,0,1
1,0,0,0,1
2,0,0,0,2
1,0,0,0,1
1,0,0,0,1
1,0,0,0,1
1,0,0,0,1
1,0,0,0,1
1,0,0,0,1
1,0,0,0,1
1,0,0,0,1
1,0,0,0,1
1,0,0,0,1
1,0,0,0,1
2,0,0,0,2
2,0,0,0,2
1,0,0,0,1
1,0,0,0,1
1,0,0,0,1
1,0,0,0,1
1,0,0,0,1
1,1,0,0,2
2,0,0,0,2
1,0,0,0,1
1,0,0,0,1
1,0,0,0,1
1,0,0,0,1
1,0,0,0,1
1,0,0,0,1
1,0,0,0,1
1,0,0,0,1
1,0,0,0,1
1,0,0,0,1
1,0,0,0,1
1,0,0,0,1
1,0,0,0,1
1,0,0,0,1
1,0,0,0,1
1,0,0,0,1
1,0,0,0,1
1,0,0,0,1
1,0,0,0,1
1,0,0,0,1
1,0,0,0,1
1,0,0,0,1
1,0,0,0,1
1,0,0,0,1
1,0,0,0,1
1,0,0,0,1
1,0,0,0,1
1,0,0,0,1
1,0,0,0,1
1,0,0,0,1
1,0,0,0,1
1,0,0,0,1
1,0,0,0,1
1,0,0,0,1
1,0,0,0,1
2,0,0,0,2
2,25,0,0,27
2,0,0,0,2
1,0,0,0,1
2,0,0,0,2
1,0,0,0,1
1,0,0,0,1
1,0,0,0,1
9,0,0,0,9
2,0,0,0,2
2,0,0,0,2
1,0,0,0,1
1,0,0,0,1
1,0,0,0,1
1,0,0,0,1
1,0,0,0,1
1,0,0,0,1
1,2,0,0,3
1,0,0,0,1
1,0,0,0,1
1,0,0,0,1
1,0,0,0,1
1,0,0,0,1
1,0,0,0,1
1,1,1,0,3
1,0,0,0,1
3,0,0,0,3
1,0,0,0,1
1,0,0,0,1
1,0,0,0,1
2,0,0,0,2
1,0,0,0,1
1,0,0,0,1
1,0,0,0,1
1,0,0,0,1
1,0,0,0,1
1,0,0,0,1
2,0,0,0,2
2,0,0,0,2
1,0,0,0,1
1,0,0,0,1
1,0,0,0,1
1,0,0,0,1
1,0,0,0,1
1,14,0,0,15
1,0,0,0,1
1,0,0,0,1
1,0,0,0,1
1,0,0,0,1
1,0,0,0,1
1,0,0,0,1
1,0,0,0,1
1,0,0,0,1
1,0,0,0,1
1,0,0,0,1
1,0,0,0,1
1,0,0,0,1
2,0,0,0,2
4,0,0,0,4
5,0,0,0,5
2,0,0,0,2
1,0,0,0,1
1,0,0,0,1
1,0,0,0,1
3,0,0,0,3
1,0,0,0,1
1,0,0,0,1
1,0,0,0,1
3,4,0,0,7
1,0,0,0,1
1,0,0,0,1
1,0,0,0,1
1,0,0,0,1
1,0,0,0,1
1,0,0,0,1
1,0,0,0,1
1,0,0,0,1
1,0,0,0,1
1,0,0,0,1
1,0,0,0,1
1,0,0,0,1
1,0,0,0,1
3,0,0,0,3
1,3,0,0,4
1,0,0,0,1
1,0,0,0,1
1,0,0,0,1
1,0,0,0,1
1,0,0,0,1
1,0,0,0,1
1,0,0,0,1
1,0,0,0,1
1,0,0,0,1
1,0,0,0,1
1,0,0,0,1
2,0,0,0,2
2,0,0,0,2
1,0,0,0,1
1,0,0,0,1
2,0,0,0,2
1,0,0,0,1
1,0,0,0,1
1,0,0,0,1
1,0,0,0,1
1,0,0,0,1
1,0,0,0,1
1,0,0,0,1
2,0,0,0,2
1,0,0,0,1
1,0,0,0,1
1,0,0,0,1
1,0,0,0,1
1,0,0,0,1
1,0,0,0,1
1,0,0,0,1
1,3,0,0,4
1,0,0,0,1
1,0,0,0,1
1,0,0,0,1
1,0,0,0,1
1,0,0,0,1
1,0,0,0,1
1,0,0,0,1
1,0,0,0,1
2,0,0,0,2
1,0,0,0,1
1,0,0,0,1
1,0,0,0,1
2,0,0,0,2
2,0,0,0,2
1,0,0,0,1
1,0,0,0,1
2,0,0,0,2
1,0,0,0,1
1,0,0,0,1
1,0,0,0,1
1,0,0,0,1
1,0,0,0,1
1,0,0,0,1
1,0,0,0,1
1,0,0,0,1
1,0,0,0,1
1,0,0,0,1
1,0,0,0,1
1,0,0,0,1
1,0,0,0,1
5,0,0,0,5
1,0,0,0,1
1,0,0,0,1
1,0,0,0,1
2,0,0,0,2
1,0,0,0,1
1,0,0,0,1
2,0,0,0,2
1,0,0,0,1
1,0,0,0,1
1,0,0,0,1
1,1,0,0,2
2,0,0,0,2
2,3,0,0,5
1,0,0,0,1
1,0,0,0,1
1,0,0,0,1
1,0,0,0,1
1,3,0,0,4
1,0,0,0,1
1,0,0,0,1
3,0,0,0,3
1,0,0,0,1
1,0,0,0,1
1,0,0,0,1
1,0,0,0,1
1,0,0,0,1
1,0,0,0,1
2,0,0,0,2
2,0,0,0,2
1,0,0,0,1
2,0,0,0,2
1,0,0,0,1
5,0,0,0,5
1,0,0,0,1
1,0,0,0,1
1,0,0,0,1
1,0,0,0,1
1,0,0,0,1
1,0,0,0,1
1,0,0,0,1
1,0,0,0,1
1,0,0,0,1
5,0,0,0,5
3,0,0,0,3
2,0,0,0,2
1,0,0,0,1
1,0,0,0,1
1,0,0,0,1
2,0,0,0,2
4,0,0,0,4
1,0,0,0,1
1,0,0,0,1
1,0,0,0,1
2,0,0,0,2
1,0,0,0,1
3,0,0,0,3
5,0,0,0,5
1,0,0,0,1
1,0,0,0,1
2,0,0,0,2
1,0,0,0,1
1,0,0,0,1
1,0,0,0,1
1,0,0,0,1
1,0,0,0,1
3,0,0,0,3
1,0,0,0,1
1,0,0,0,1
1,6,0,0,7
1,0,0,0,1
1,0,0,0,1
1,0,0,0,1
1,0,0,0,1
1,0,0,0,1
1,0,0,0,1
1,0,0,0,1
1,0,0,0,1
7,0,0,0,7
1,0,0,0,1
3,0,0,0,3
1,0,0,0,1
1,0,0,0,1
1,0,0,0,1
1,0,0,0,1
4,0,0,0,4
1,0,0,0,1
1,0,0,0,1
1,8,0,0,9
1,0,0,0,1
1,0,0,0,1
1,0,0,0,1
1,0,0,0,1
1,0,0,0,1
1,0,0,0,1
1,0,0,0,1
1,0,0,0,1
3,0,0,0,3
1,0,0,0,1
1,0,0,0,1
1,0,0,0,1
2,0,0,0,2
1,0,0,0,1
1,0,0,0,1
1,0,0,0,1
1,0,0,0,1
1,0,0,0,1
1,0,0,0,1
1,0,0,0,1
1,0,0,0,1
3,0,0,0,3
1,0,0,0,1
1,0,0,0,1
1,0,0,0,1
1,0,0,0,1
1,0,0,0,1
1,0,0,0,1
2,0,0,0,2
1,0,0,0,1
2,0,0,0,2
1,0,0,0,1
3,0,0,0,3
1,0,0,0,1
1,0,0,0,1
1,0,0,0,1
1,0,0,0,1
2,0,0,0,2
3,0,0,0,3
1,0,0,0,1
1,0,0,0,1
1,0,0,0,1
1,0,0,0,1
2,5,0,0,7
2,0,0,0,2
1,0,0,0,1
2,0,0,0,2
1,0,0,0,1
1,0,0,0,1
2,0,0,0,2
1,0,0,0,1
1,0,0,0,1
1,0,0,0,1
1,0,0,0,1
1,0,0,0,1
1,0,0,0,1
1,0,0,0,1
1,0,0,0,1
2,0,0,0,2
1,0,0,0,1
1,0,0,0,1
1,0,0,0,1
1,0,0,0,1
2,0,0,0,2
1,0,0,0,1
3,0,0,0,3
6,0,0,0,6
1,0,0,0,1
1,0,0,0,1
5,0,0,0,5
1,0,0,0,1
1,0,0,0,1
1,0,0,0,1
1,0,0,0,1
1,1,0,0,2
1,0,0,0,1
1,0,0,0,1
1,0,0,0,1
1,0,0,0,1
1,0,0,0,1
2,0,0,0,2
1,0,0,0,1
1,0,0,0,1
1,0,0,0,1
1,0,0,0,1
1,0,0,0,1
1,0,0,0,1
1,0,0,0,1
1,0,0,0,1
1,0,0,0,1
1,0,0,0,1
2,0,0,0,2
2,0,0,0,2
1,0,0,0,1
2,0,0,0,2
1,0,0,0,1
1,0,0,0,1
1,0,0,0,1
1,0,0,0,1
2,0,0,0,2
2,0,0,0,2
1,0,0,0,1
1,0,0,0,1
1,0,0,0,1
1,0,0,0,1
1,0,0,0,1
1,0,0,0,1
1,0,0,0,1
1,0,0,0,1
1,0,0,0,1
3,0,0,0,3
1,0,0,0,1
1,0,0,0,1
1,0,0,0,1
2,0,0,0,2
1,0,0,0,1
1,0,0,0,1
2,0,0,0,2
1,0,0,0,1
1,0,0,0,1
1,0,0,0,1
2,0,0,0,2
1,0,0,0,1
1,0,0,0,1
1,0,0,0,1
1,0,0,0,1
1,0,0,0,1
1,0,0,0,1
1,0,0,0,1
1,0,0,0,1
1,0,0,0,1
1,0,0,0,1
1,0,0,0,1
1,0,0,0,1
1,0,0,0,1
1,0,0,0,1
1,0,0,0,1
1,0,0,0,1
2,0,0,0,2
1,0,0,0,1
1,0,0,0,1
1,0,0,0,1
1,0,0,0,1
4,0,0,0,4
6,0,0,0,6
4,0,0,0,4
1,0,0,0,1
1,0,1,0,2
1,0,0,0,1
1,0,0,0,1
2,0,0,0,2
1,0,0,0,1
1,0,0,0,1
2,0,0,0,2
1,0,0,0,1
2,0,0,0,2
1,0,0,0,1
3,0,0,0,3
1,0,0,0,1
1,0,0,0,1
1,0,0,0,1
1,0,0,0,1
1,0,0,0,1
1,0,0,0,1
1,0,0,0,1
1,0,0,0,1
1,0,0,0,1
2,0,0,0,2
1,0,0,0,1
1,0,0,0,1
1,0,0,0,1
1,0,0,0,1
1,0,0,0,1
1,3,0,0,4
3,2,0,0,5
1,0,0,0,1
1,0,0,0,1
1,0,0,0,1
1,0,0,0,1
1,0,0,0,1
1,0,0,0,1
1,0,0,0,1
1,0,0,0,1
1,0,0,0,1
1,0,0,0,1
2,8,0,0,10
1,0,0,0,1
1,0,0,0,1
1,0,0,0,1
2,0,0,0,2
1,0,0,0,1
1,0,0,0,1
1,0,0,0,1
1,0,0,0,1
1,0,0,0,1
1,0,0,0,1
1,0,0,0,1
1,0,0,0,1
2,0,0,0,2
1,0,0,0,1
1,0,0,0,1
1,0,0,0,1
1,0,0,0,1
1,0,0,0,1
2,0,0,0,2
3,0,0,0,3
1,0,1,0,2
2,0,0,0,2
1,0,0,0,1
2,0,0,0,2
1,0,0,0,1
2,63,2,0,67
1,0,0,0,1
2,0,0,0,2
3,0,0,0,3
1,0,0,0,1
1,0,0,0,1
1,0,0,0,1
1,0,0,0,1
1,0,0,0,1
1,0,0,0,1
2,0,0,0,2
2,0,0,0,2
1,0,0,0,1
2,0,0,0,2
3,0,0,0,3
3,0,0,0,3
1,0,0,0,1
1,0,0,0,1
1,0,0,0,1
2,0,0,0,2
2,0,0,0,2
1,0,0,0,1
1,0,0,0,1
1,0,0,0,1
1,0,0,0,1
1,0,0,0,1
1,0,0,0,1
1,0,0,0,1
1,0,0,0,1
1,0,0,0,1
1,0,0,0,1
1,0,0,0,1
1,0,0,0,1
1,0,0,0,1
1,0,0,0,1
1,0,0,0,1
2,1,0,0,3
1,0,0,0,1
1,20,0,0,21
2,0,0,0,2
1,0,0,0,1
1,0,0,0,1
1,0,0,0,1
1,0,0,0,1
1,0,0,0,1
1,0,0,0,1
4,0,0,0,4
1,0,0,0,1
1,0,0,0,1
1,0,0,0,1
1,0,0,0,1
1,0,0,0,1
1,0,0,0,1
1,0,0,0,1
2,0,0,0,2
2,0,0,0,2
1,0,0,0,1
1,0,0,0,1
1,0,0,0,1
2,0,0,0,2
2,0,0,0,2
2,0,0,0,2
1,0,0,0,1
1,0,0,0,1
2,0,0,0,2
2,0,0,0,2
1,1,0,0,2
1,0,0,0,1
1,0,0,0,1
1,0,0,0,1
4,0,0,0,4
4,6,0,0,10
1,0,0,0,1
1,0,0,0,1
2,0,0,0,2
1,0,0,0,1
1,0,0,0,1
1,0,0,0,1
2,0,0,0,2
2,0,0,0,2
1,0,0,0,1
1,0,0,0,1
4,0,0,0,4
3,0,0,0,3
2,0,0,0,2
4,10,0,0,14
1,0,0,0,1
2,0,0,0,2
1,0,0,0,1
1,0,0,0,1
3,0,0,0,3
1,0,0,0,1
3,0,0,0,3
1,0,0,0,1
1,0,0,0,1
1,0,0,0,1
1,0,0,0,1
3,2,1,0,6
1,0,0,0,1
1,0,0,0,1
1,0,0,0,1
3,0,0,0,3
1,0,0,0,1
1,0,0,0,1
1,0,0,0,1
1,0,0,0,1
1,0,0,0,1
1,0,0,0,1
1,0,0,0,1
1,0,0,0,1
5,0,0,0,5
1,0,0,0,1
1,0,0,0,1
1,0,0,0,1
2,0,0,0,2
1,0,0,0,1
1,0,0,0,1
1,0,0,0,1
1,0,0,0,1
1,0,0,0,1
1,0,0,0,1
2,0,0,0,2
1,0,0,0,1
2,0,0,0,2
1,0,0,0,1
1,0,0,0,1
1,31,0,0,32
2,0,0,0,2
1,0,0,0,1
1,0,0,0,1
1,0,0,0,1
1,0,0,0,1
1,0,0,0,1
1,0,0,0,1
1,0,0,0,1
1,0,0,0,1
1,0,0,0,1
1,0,0,0,1
1,0,0,0,1
1,0,0,0,1
1,0,0,0,1
1,0,0,0,1
1,0,0,0,1
2,0,0,0,2
1,0,0,0,1
1,0,2,0,3
2,0,0,0,2
1,0,0,0,1
1,0,0,0,1
1,0,0,0,1
1,0,0,0,1
1,0,0,0,1
1,0,0,0,1
1,0,0,0,1
1,0,0,0,1
1,0,0,0,1
2,0,0,0,2
1,0,0,0,1
1,0,0,0,1
1,0,0,0,1
1,0,0,0,1
1,0,0,0,1
2,0,0,0,2
1,0,0,0,1
1,0,0,0,1
1,0,0,0,1
1,0,0,0,1
1,0,0,0,1
2,0,0,0,2
1,0,0,0,1
2,0,0,0,2
1,0,0,0,1
1,0,0,0,1
1,0,0,0,1
1,0,0,0,1
1,0,0,0,1
1,0,0,0,1
1,0,0,0,1
1,0,0,0,1
1,0,0,0,1
1,0,0,0,1
1,0,0,0,1
2,0,0,0,2
1,0,0,0,1
4,0,0,0,4
2,0,0,0,2
1,2,1,0,4
3,0,0,0,3
1,0,0,0,1
1,0,0,0,1
1,0,0,0,1
1,0,0,0,1
1,0,0,0,1
1,0,0,0,1
1,0,0,0,1
1,0,0,0,1
1,0,0,0,1
1,0,0,0,1
1,0,0,0,1
1,0,0,0,1
1,0,0,0,1
2,0,0,0,2
1,0,0,0,1
1,0,0,0,1
4,0,0,0,4
2,0,0,0,2
1,0,0,0,1
1,2,0,0,3
1,0,0,0,1
1,0,0,0,1
1,0,0,0,1
1,0,0,0,1
1,0,0,0,1
1,0,0,0,1
1,0,0,0,1
5,1,0,0,6
1,0,0,0,1
1,0,0,0,1
1,0,0,0,1
1,0,0,0,1
1,0,0,0,1
2,0,0,0,2
2,0,0,0,2
1,0,0,0,1
1,0,0,0,1
1,0,0,0,1
1,0,0,0,1
1,0,0,0,1
1,0,0,0,1
1,0,0,0,1
1,0,0,0,1
1,0,0,0,1
1,0,0,0,1
3,1,0,0,4
1,0,0,0,1
1,0,0,0,1
2,0,0,0,2
1,0,0,0,1
1,0,0,0,1
1,0,0,0,1
1,0,0,0,1
1,0,0,0,1
1,0,0,0,1
1,0,0,0,1
1,0,0,0,1
1,0,0,0,1
1,0,0,0,1
2,0,0,0,2
1,0,0,0,1
1,0,0,0,1
2,0,0,0,2
2,0,0,0,2
1,0,0,0,1
1,0,0,0,1
1,0,0,0,1
1,3,2,0,6
1,0,0,0,1
1,0,0,0,1
3,0,0,0,3
1,0,0,0,1
2,3,0,0,5
1,0,0,0,1
3,0,0,0,3
1,0,0,0,1
1,0,0,0,1
1,0,0,0,1
1,0,0,0,1
1,0,0,0,1
1,0,0,0,1
2,1,1,0,4
1,0,0,0,1
2,0,0,0,2
1,0,0,0,1
1,0,0,0,1
2,1,0,0,3
2,0,0,0,2
2,0,0,0,2
1,0,0,0,1
1,0,0,0,1
1,0,0,0,1
1,0,0,0,1
2,0,0,0,2
1,0,0,0,1
1,0,0,0,1
3,0,0,0,3
2,0,0,0,2
1,0,0,0,1
1,0,0,0,1
1,0,0,0,1
2,0,0,0,2
1,0,0,0,1
1,0,0,0,1
1,0,0,0,1
1,0,0,0,1
4,0,0,0,4
1,0,0,0,1
1,0,0,0,1
1,0,0,0,1
2,47,0,0,49
1,0,0,0,1
1,0,0,0,1
1,0,0,0,1
1,0,0,0,1
1,0,0,0,1
1,0,0,0,1
1,0,0,0,1
5,0,0,0,5
1,0,0,0,1
1,0,0,0,1
1,0,0,0,1
1,0,0,0,1
1,0,0,0,1
1,0,0,0,1
1,0,0,0,1
2,0,0,0,2
1,0,0,0,1
2,3,0,0,5
1,0,0,0,1
1,0,0,0,1
3,2,1,0,6
1,0,0,0,1
1,0,0,0,1
1,0,0,0,1
1,0,0,0,1
1,0,0,0,1
1,0,0,0,1
1,0,0,0,1
3,0,0,0,3
1,0,0,0,1
1,0,0,0,1
1,0,0,0,1
2,0,0,0,2
1,0,0,0,1
1,0,0,0,1
3,6,0,0,9
1,0,0,0,1
3,0,0,0,3
1,0,0,0,1
1,0,0,0,1
3,0,0,0,3
1,0,0,0,1
1,0,0,0,1
1,0,0,0,1
1,0,0,0,1
2,0,0,0,2
1,0,0,0,1
1,0,0,0,1
1,0,0,0,1
2,0,0,0,2
1,0,0,0,1
1,0,0,0,1
1,0,0,0,1
1,0,0,0,1
1,0,0,0,1
1,0,0,0,1
1,0,0,0,1
3,0,0,0,3
3,0,0,0,3
1,0,0,0,1
3,0,0,0,3
2,0,0,0,2
1,0,0,0,1
5,4,0,0,9
1,0,0,0,1
1,0,0,0,1
1,0,0,0,1
1,0,0,0,1
1,0,0,0,1
2,0,0,0,2
1,0,0,0,1
2,0,1,0,3
1,0,0,0,1
1,0,0,0,1
1,0,0,0,1
1,0,0,0,1
1,0,0,0,1
1,0,0,0,1
1,0,0,0,1
1,0,0,0,1
1,0,0,0,1
1,0,0,0,1
1,0,0,0,1
1,0,0,0,1
3,0,0,0,3
1,0,0,0,1
1,0,0,0,1
1,0,0,0,1
6,0,0,0,6
2,0,0,0,2
1,0,0,0,1
1,0,0,0,1
1,0,0,0,1
1,0,0,0,1
2,0,0,0,2
1,0,0,0,1
1,0,0,0,1
1,0,0,0,1
1,0,0,0,1
2,0,0,0,2
2,0,0,0,2
2,0,0,0,2
1,0,0,0,1
1,0,0,0,1
1,0,0,0,1
2,0,0,0,2
2,0,0,0,2
2,0,0,0,2
1,0,0,0,1
1,0,0,0,1
1,0,0,0,1
1,0,0,0,1
2,6,0,0,8
1,0,0,0,1
1,0,0,0,1
1,0,0,0,1
1,0,0,0,1
1,0,0,0,1
1,0,0,0,1
1,0,0,0,1
1,0,0,0,1
1,0,0,0,1
1,0,0,0,1
1,0,0,0,1
1,0,0,0,1
1,0,0,0,1
1,0,0,0,1
1,0,0,0,1
2,0,0,0,2
2,0,0,0,2
1,0,0,0,1
1,0,0,0,1
1,0,0,0,1
1,0,0,0,1
1,0,0,0,1
2,0,0,0,2
1,0,0,0,1
1,0,0,0,1
1,0,0,0,1
1,0,0,0,1
1,0,0,0,1
1,0,0,0,1
1,0,0,0,1
2,0,0,0,2
1,0,0,0,1
1,0,0,0,1
1,0,0,0,1
1,0,0,0,1
1,1,1,0,3
1,0,0,0,1
1,0,0,0,1
1,0,0,0,1
2,0,0,0,2
2,0,0,0,2
2,0,0,0,2
1,0,0,0,1
1,0,0,0,1
1,0,0,0,1
1,0,0,0,1
1,0,0,0,1
1,0,0,0,1
1,0,0,0,1
2,0,0,0,2
1,0,0,0,1
3,0,0,0,3
1,0,0,0,1
1,0,0,0,1
3,0,0,0,3
1,0,0,0,1
1,0,0,0,1
1,2,0,0,3
1,0,0,0,1
1,8,0,0,9
5,0,0,0,5
2,0,0,0,2
1,0,0,0,1
3,12,0,0,15
1,0,0,0,1
2,0,0,0,2
3,0,0,0,3
2,0,0,0,2
1,0,0,0,1
1,0,0,0,1
1,0,0,0,1
1,0,0,0,1
1,0,0,0,1
1,0,0,0,1
1,0,0,0,1
1,0,0,0,1
2,0,0,0,2
3,1,1,0,5
1,0,0,0,1
2,0,0,0,2
1,0,0,0,1
1,0,0,0,1
4,0,0,0,4
1,0,0,0,1
1,0,0,0,1
1,0,0,0,1
1,0,0,0,1
1,0,0,0,1
2,0,0,0,2
2,0,0,0,2
2,0,0,0,2
1,0,0,0,1
1,0,0,0,1
1,0,0,0,1
1,0,0,0,1
1,0,0,0,1
1,0,0,0,1
2,0,0,0,2
1,0,0,0,1
1,0,0,0,1
1,0,0,0,1
2,0,0,0,2
1,0,0,0,1
1,0,0,0,1
1,0,0,0,1
1,0,0,0,1
1,0,0,0,1
1,0,0,0,1
1,0,0,0,1
1,0,0,0,1
1,0,0,0,1
1,0,0,0,1
1,0,0,0,1
1,7,0,0,8
1,2,0,0,3
1,0,0,0,1
1,0,0,0,1
1,0,0,0,1
4,0,0,0,4
1,0,0,0,1
1,0,0,0,1
1,0,0,0,1
1,0,0,0,1
2,0,0,0,2
1,0,0,0,1
1,0,0,0,1
1,0,0,0,1
1,0,0,0,1
2,0,0,0,2
1,0,0,0,1
2,0,0,0,2
1,0,0,0,1
1,0,0,0,1
1,0,0,0,1
1,0,0,0,1
1,0,0,0,1
1,0,0,0,1
1,0,0,0,1
2,2,0,0,4
1,0,0,0,1
1,0,0,0,1
1,0,0,0,1
1,0,0,0,1
1,0,0,0,1
2,0,0,0,2
1,0,0,0,1
1,0,0,0,1
1,0,0,0,1
3,0,0,0,3
1,0,0,0,1
1,0,0,0,1
1,0,0,0,1
1,0,0,0,1
1,0,0,0,1
1,0,0,0,1
2,0,0,0,2
1,0,0,0,1
1,0,0,0,1
1,0,0,0,1
1,0,0,0,1
2,0,0,0,2
1,0,0,0,1
2,0,0,0,2
1,0,0,0,1
1,0,0,0,1
1,4,0,0,5
2,0,0,0,2
4,0,0,0,4
2,0,0,0,2
1,0,0,0,1
1,0,0,0,1
1,0,0,0,1
1,0,0,0,1
2,0,0,0,2
1,0,0,0,1
1,0,0,0,1
1,0,0,0,1
4,0,0,0,4
1,0,0,0,1
1,0,0,0,1
1,0,0,0,1
1,0,0,0,1
1,0,0,0,1
2,0,0,0,2
1,0,0,0,1
1,0,0,0,1
1,0,0,0,1
1,0,0,0,1
1,0,0,0,1
1,0,0,0,1
1,0,0,0,1
1,0,0,0,1
1,0,0,0,1
1,0,0,0,1
1,0,0,0,1
1,0,0,0,1
2,0,0,0,2
5,0,0,0,5
1,0,0,0,1
1,0,0,0,1
1,0,0,0,1
1,0,0,0,1
1,0,0,0,1
1,13,1,0,15
2,0,0,0,2
1,0,0,0,1
1,0,0,0,1
1,0,0,0,1
3,0,0,0,3
1,0,0,0,1
1,0,0,0,1
1,0,0,0,1
1,0,0,0,1
1,0,0,0,1
1,0,0,0,1
1,0,0,0,1
1,0,0,0,1
2,0,0,0,2
1,0,0,0,1
5,0,0,0,5
2,0,0,0,2
1,0,0,0,1
1,0,0,0,1
1,0,0,0,1
3,2,0,0,5
2,0,0,0,2
1,0,0,0,1
1,0,0,0,1
1,0,0,0,1
3,0,0,0,3
4,0,0,0,4
1,0,0,0,1
1,0,0,0,1
1,0,0,0,1
1,0,0,0,1
1,0,0,0,1
1,0,0,0,1
1,0,0,0,1
1,0,0,0,1
3,0,0,0,3
1,0,0,0,1
1,0,0,0,1
1,0,0,0,1
1,0,0,0,1
2,0,0,0,2
1,0,0,0,1
1,0,0,0,1
1,0,0,0,1
1,0,0,0,1
1,1,0,0,2
1,0,0,0,1
1,0,0,0,1
1,0,0,0,1
1,0,0,0,1
1,0,0,0,1
1,0,0,0,1
1,0,0,0,1
1,1,0,0,2
1,0,0,0,1
1,0,0,0,1
1,0,0,0,1
1,0,0,0,1
1,0,0,0,1
1,0,0,0,1
3,0,0,0,3
1,0,0,0,1
3,16,0,0,19
1,0,0,0,1
1,0,0,0,1
1,0,0,0,1
1,0,0,0,1
1,0,0,0,1
4,0,1,0,5
1,0,0,0,1
1,0,0,0,1
1,0,0,0,1
2,0,0,0,2
1,0,0,0,1
1,0,0,0,1
1,0,0,0,1
1,0,0,0,1
1,0,0,0,1
3,0,0,0,3
2,0,0,0,2
1,0,0,0,1
1,0,0,0,1
1,0,0,0,1
1,0,0,0,1
1,0,0,0,1
2,0,0,0,2
2,0,0,0,2
2,0,0,0,2
1,0,0,0,1
1,0,0,0,1
2,0,0,0,2
2,0,0,0,2
2,0,0,0,2
1,0,0,0,1
1,0,0,0,1
1,0,0,0,1
4,0,0,0,4
1,0,0,0,1
1,0,0,0,1
3,0,0,0,3
3,0,0,0,3
1,0,0,0,1
3,0,0,0,3
3,0,0,0,3
1,0,0,0,1
1,0,0,0,1
1,0,0,0,1
1,0,0,0,1
3,0,0,0,3
1,0,0,0,1
1,0,0,0,1
1,0,0,0,1
1,0,0,0,1
1,0,0,0,1
1,0,0,0,1
2,0,0,0,2
1,0,0,0,1
1,0,0,0,1
1,0,0,0,1
1,0,0,0,1
1,0,0,0,1
1,0,0,0,1
1,0,0,0,1
2,0,0,0,2
1,0,0,0,1
3,0,0,0,3
1,0,0,0,1
1,0,0,0,1
1,0,0,0,1
1,0,0,0,1
2,0,0,0,2
1,0,0,0,1
1,0,0,0,1
1,0,0,0,1
1,0,0,0,1
1,0,0,0,1
1,0,0,0,1
1,0,0,0,1
1,0,0,0,1
2,0,0,0,2
1,0,0,0,1
1,0,0,0,1
1,0,0,0,1
2,0,0,0,2
1,0,0,0,1
1,0,0,0,1
1,0,0,0,1
1,0,0,0,1
2,0,0,0,2
1,0,0,0,1
1,0,0,0,1
1,0,0,0,1
1,0,0,0,1
2,1,0,0,3
1,0,0,0,1
1,0,0,0,1
2,0,0,0,2
2,0,0,0,2
1,0,0,0,1
1,0,0,0,1
1,0,0,0,1
1,0,0,0,1
1,0,0,0,1
1,0,0,0,1
1,1,2,0,4
1,0,0,0,1
1,0,0,0,1
1,0,0,0,1
1,0,0,0,1
3,0,0,0,3
1,0,0,0,1
1,0,0,0,1
1,0,0,0,1
1,0,0,0,1
1,3,0,0,4
1,0,0,0,1
1,0,0,0,1
1,0,0,0,1
1,0,0,0,1
1,0,0,0,1
2,0,0,0,2
1,0,0,0,1
2,2,0,0,4
2,0,0,0,2
3,1,0,0,4
2,0,0,0,2
1,0,0,0,1
1,0,0,0,1
2,0,0,0,2
3,0,0,0,3
1,0,0,0,1
1,0,0,0,1
1,0,0,0,1
1,0,0,0,1
4,0,0,0,4
1,0,0,0,1
1,0,0,0,1
1,0,0,0,1
1,0,0,0,1
2,0,0,0,2
1,2,0,0,3
1,0,0,0,1
1,0,0,0,1
1,0,0,0,1
2,0,0,0,2
1,0,0,0,1
4,0,0,0,4
1,0,0,0,1
1,0,0,0,1
1,0,0,0,1
1,0,0,0,1
1,0,0,0,1
3,0,0,0,3
1,1,1,0,3
1,0,0,0,1
4,16,0,0,20
1,0,0,0,1
2,19,0,0,21
1,0,0,0,1
1,0,0,0,1
1,0,0,0,1
1,0,0,0,1
1,0,0,0,1
1,0,0,0,1
5,0,0,0,5
1,0,0,0,1
1,0,0,0,1
1,0,0,0,1
7,0,0,0,7
2,0,0,0,2
1,0,0,0,1
3,0,0,0,3
1,0,0,0,1
1,0,0,0,1
1,0,0,0,1
1,2,2,0,5
1,0,0,0,1
5,2,0,0,7
1,0,0,0,1
1,0,0,0,1
1,0,0,0,1
1,0,0,0,1
1,0,0,0,1
1,0,0,0,1
4,0,0,0,4
1,0,0,0,1
1,0,0,0,1
1,0,0,0,1
1,0,0,0,1
1,0,0,0,1
1,0,0,0,1
1,0,0,0,1
1,0,0,0,1
1,1,1,0,3
1,0,0,0,1
1,0,0,0,1
1,0,0,0,1
1,0,0,0,1
1,0,0,0,1
1,0,0,0,1
1,0,0,0,1
1,0,0,0,1
1,0,0,0,1
1,0,0,0,1
1,0,0,0,1
1,0,0,0,1
1,0,0,0,1
1,0,0,0,1
1,0,0,0,1
1,0,0,0,1
1,0,0,0,1
1,0,0,0,1
1,0,0,0,1
1,0,0,0,1
1,0,0,0,1
1,0,0,0,1
1,0,0,0,1
3,0,0,0,3
1,0,0,0,1
1,0,0,0,1
1,0,0,0,1
1,0,0,0,1
1,0,0,0,1
1,0,0,0,1
1,5,0,0,6
2,0,0,0,2
1,0,0,0,1
1,0,0,0,1
1,0,0,0,1
1,0,0,0,1
1,0,0,0,1
4,0,0,0,4
1,0,0,0,1
1,0,0,0,1
1,0,0,0,1
1,0,0,0,1
2,0,0,0,2
1,0,0,0,1
2,0,0,0,2
1,0,0,0,1
1,0,0,0,1
1,0,0,0,1
2,0,0,0,2
1,0,0,0,1
1,0,0,0,1
1,0,0,0,1
1,0,0,0,1
1,0,0,0,1
1,0,0,0,1
3,0,0,0,3
2,0,0,0,2
1,0,0,0,1
1,0,0,0,1
2,0,0,0,2
4,0,0,0,4
1,0,0,0,1
1,0,0,0,1
2,0,0,0,2
1,0,0,0,1
1,0,0,0,1
1,0,0,0,1
1,0,0,0,1
1,0,0,0,1
1,0,0,0,1
1,0,0,0,1
1,0,0,0,1
1,0,0,0,1
1,0,0,0,1
1,0,0,0,1
1,0,0,0,1
1,0,0,0,1
1,0,0,0,1
1,0,0,0,1
1,0,0,0,1
1,0,0,0,1
1,0,0,0,1
1,0,0,0,1
1,0,0,0,1
1,1,0,0,2
2,0,0,0,2
1,0,0,0,1
1,0,0,0,1
2,0,0,0,2
1,0,0,0,1
2,0,0,0,2
1,0,0,0,1
1,0,0,0,1
1,0,0,0,1
1,0,0,0,1
1,0,0,0,1
1,0,0,0,1
1,0,0,0,1
2,0,0,0,2
1,0,0,0,1
1,0,0,0,1
1,0,0,0,1
1,0,0,0,1
1,0,0,0,1
1,0,0,0,1
1,0,0,0,1
2,0,0,0,2
1,0,0,0,1
1,0,0,0,1
2,0,0,0,2
1,0,0,0,1
1,0,0,0,1
2,0,0,0,2
2,0,0,0,2
3,0,0,0,3
3,0,0,0,3
1,0,0,0,1
1,0,0,0,1
1,0,0,0,1
1,0,0,0,1
2,0,0,0,2
1,0,0,0,1
1,0,0,0,1
1,0,0,0,1
1,0,0,0,1
1,0,0,0,1
1,0,0,0,1
1,0,0,0,1
3,0,0,0,3
1,0,0,0,1
1,0,0,0,1
1,0,0,0,1
1,0,0,0,1
1,0,0,0,1
1,0,0,0,1
1,0,0,0,1
1,0,0,0,1
1,0,0,0,1
2,0,0,0,2
1,0,0,0,1
1,0,0,0,1
1,0,0,0,1
1,0,0,0,1
1,0,0,0,1
1,0,0,0,1
2,0,0,0,2
1,0,0,0,1
9,0,0,0,9
1,0,0,0,1
1,0,0,0,1
4,0,0,0,4
3,0,0,0,3
1,0,0,0,1
1,0,0,0,1
1,0,0,0,1
1,0,0,0,1
1,0,0,0,1
1,0,0,0,1
1,0,0,0,1
1,0,0,0,1
1,0,0,0,1
1,0,0,0,1
2,0,0,0,2
1,0,0,0,1
1,0,0,0,1
1,0,0,0,1
1,0,0,0,1
1,0,0,0,1
1,0,0,0,1
1,0,0,0,1
1,0,0,0,1
1,0,0,0,1
2,0,0,0,2
1,0,0,0,1
2,0,0,0,2
1,0,0,0,1
1,0,0,0,1
1,0,0,0,1
1,0,0,0,1
1,0,0,0,1
2,0,0,0,2
1,0,0,0,1
1,0,0,0,1
2,0,0,0,2
1,0,0,0,1
1,0,0,0,1
1,0,0,0,1
2,0,0,0,2
1,0,0,0,1
1,34,0,0,35
2,0,0,0,2
1,0,0,0,1
1,0,0,0,1
1,0,0,0,1
1,0,0,0,1
1,0,0,0,1
1,0,0,0,1
3,0,0,0,3
2,0,0,0,2
1,0,0,0,1
1,0,0,0,1
1,0,0,0,1
1,0,0,0,1
2,2,0,0,4
1,0,0,0,1
1,0,0,0,1
1,0,0,0,1
1,0,0,0,1
1,0,0,0,1
1,0,0,0,1
1,0,0,0,1
1,0,0,0,1
1,0,0,0,1
1,0,0,0,1
1,0,0,0,1
1,0,0,0,1
1,0,0,0,1
1,0,0,0,1
1,0,0,0,1
1,0,0,0,1
1,0,0,0,1
1,0,0,0,1
1,0,0,0,1
1,0,0,0,1
1,0,0,0,1
1,0,0,0,1
1,0,0,0,1
1,0,0,0,1
1,0,0,0,1
3,0,0,0,3
1,0,0,0,1
1,0,0,0,1
1,0,0,0,1
2,27,1,0,30
1,0,0,0,1
1,0,0,0,1
1,0,0,0,1
1,0,0,0,1
1,0,0,0,1
1,0,0,0,1
1,0,0,0,1
1,0,0,0,1
1,0,0,0,1
1,0,0,0,1
1,0,0,0,1
1,0,0,0,1
1,0,0,0,1
4,0,0,0,4
1,0,0,0,1
1,0,0,0,1
1,0,0,0,1
1,0,0,0,1
1,0,0,0,1
1,0,0,0,1
1,0,0,0,1
3,0,0,0,3
1,0,0,0,1
1,0,0,0,1
1,0,0,0,1
2,0,0,0,2
1,0,0,0,1
1,0,0,0,1
1,0,0,0,1
3,0,0,0,3
1,0,0,0,1
1,8,1,0,10
1,6,0,0,7
1,0,0,0,1
3,0,0,0,3
1,0,0,0,1
1,0,0,0,1
1,0,0,0,1
1,0,0,0,1
1,8,0,0,9
1,0,0,0,1
2,0,0,0,2
1,0,0,0,1
1,0,0,0,1
2,0,0,0,2
1,0,0,0,1
1,0,0,0,1
1,0,0,0,1
1,1,0,0,2
1,0,0,0,1
1,0,0,0,1
1,0,0,0,1
1,0,0,0,1
1,0,1,0,2
3,1,0,0,4
1,0,0,0,1
2,0,0,0,2
1,0,0,0,1
1,0,0,0,1
1,0,0,0,1
1,0,0,0,1
1,0,0,0,1
1,0,0,0,1
1,0,0,0,1
2,0,0,0,2
1,0,0,0,1
1,0,0,0,1
1,0,0,0,1
3,0,0,0,3
1,0,0,0,1
1,0,0,0,1
1,0,0,0,1
1,0,0,0,1
1,0,0,0,1
1,0,0,0,1
1,0,0,0,1
1,0,0,0,1
1,0,0,0,1
1,0,0,0,1
2,0,0,0,2
1,0,0,0,1
2,0,0,0,2
1,0,0,0,1
2,0,0,0,2
2,0,0,0,2
1,0,0,0,1
1,0,0,0,1
1,0,0,0,1
2,0,0,0,2
1,0,0,0,1
1,0,0,0,1
1,0,0,0,1
1,0,0,0,1
1,0,0,0,1
1,0,0,0,1
2,0,0,0,2
1,0,0,0,1
1,0,0,0,1
1,0,0,0,1
1,0,0,0,1
1,0,0,0,1
1,0,0,0,1
1,0,0,0,1
1,0,0,0,1
1,0,0,0,1
1,0,0,0,1
1,6,0,0,7
2,0,0,0,2
1,0,0,0,1
1,0,0,0,1
1,0,0,0,1
1,0,0,0,1
1,0,0,0,1
1,0,0,0,1
1,0,0,0,1
1,0,0,0,1
1,0,0,0,1
1,0,0,0,1
2,0,0,0,2
1,0,0,0,1
1,0,0,0,1
1,0,0,0,1
2,0,0,0,2
1,0,0,0,1
2,0,0,0,2
1,0,0,0,1
1,0,0,0,1
1,0,0,0,1
1,0,0,0,1
1,0,0,0,1
1,0,0,0,1
1,0,0,0,1
3,0,0,0,3
1,0,0,0,1
1,0,0,0,1
3,40,0,0,43
1,0,0,0,1
1,0,0,0,1
1,0,0,0,1
1,0,0,0,1
1,0,0,0,1
1,9,2,0,12
1,0,0,0,1
1,0,0,0,1
1,0,0,0,1
1,0,0,0,1
1,0,0,0,1
3,0,0,0,3
4,12,0,0,16
1,0,0,0,1
1,0,0,0,1
1,0,0,0,1
4,0,0,0,4
1,7,1,0,9
2,0,0,0,2
1,0,0,0,1
1,0,0,0,1
1,0,0,0,1
2,0,0,0,2
1,0,0,0,1
2,0,0,0,2
1,0,0,0,1
1,0,0,0,1
2,0,0,0,2
1,0,0,0,1
1,0,0,0,1
2,0,0,0,2
1,0,0,0,1
1,0,0,0,1
1,0,0,0,1
1,0,0,0,1
2,0,0,0,2
2,0,0,0,2
1,0,0,0,1
1,0,0,0,1
1,0,0,0,1
1,0,0,0,1
2,0,0,0,2
1,0,0,0,1
1,0,0,0,1
1,0,0,0,1
1,0,0,0,1
1,0,0,0,1
5,0,0,0,5
3,0,0,0,3
1,0,0,0,1
1,0,0,0,1
1,0,0,0,1
1,0,0,0,1
1,0,0,0,1
1,0,0,0,1
2,0,0,0,2
1,0,0,0,1
6,2,0,0,8
1,0,0,0,1
4,0,0,0,4
1,0,0,0,1
1,0,0,0,1
1,0,0,0,1
1,0,0,0,1
1,0,0,0,1
1,0,0,0,1
2,0,0,0,2
1,0,0,0,1
1,0,0,0,1
1,0,0,0,1
1,0,0,0,1
1,0,0,0,1
1,0,0,0,1
1,0,0,0,1
2,0,0,0,2
1,0,0,0,1
1,0,0,0,1
2,0,0,0,2
1,0,0,0,1
1,0,0,0,1
1,0,0,0,1
2,1,0,0,3
2,0,0,0,2
1,0,0,0,1
1,0,0,0,1
2,0,0,0,2
1,0,0,0,1
1,0,0,0,1
1,3,0,0,4
10,0,0,0,10
1,0,0,0,1
1,0,0,0,1
1,0,0,0,1
1,0,0,0,1
1,0,0,0,1
1,0,0,0,1
1,0,0,0,1
1,0,0,0,1
1,0,0,0,1
1,0,0,0,1
1,1,0,0,2
1,0,0,0,1
4,0,0,0,4
1,0,0,0,1
6,0,0,0,6
2,0,0,0,2
2,0,0,0,2
1,0,0,0,1
1,0,0,0,1
1,0,0,0,1
1,0,0,0,1
1,0,0,0,1
1,0,0,0,1
1,0,0,0,1
1,0,0,0,1
1,0,0,0,1
1,0,0,0,1
1,0,0,0,1
1,0,0,0,1
1,0,0,0,1
1,0,0,0,1
1,0,0,0,1
1,0,0,0,1
1,0,0,0,1
1,0,0,0,1
1,0,0,0,1
1,0,0,0,1
1,0,0,0,1
2,0,0,0,2
1,0,0,0,1
1,0,0,0,1
2,0,0,0,2
1,0,0,0,1
1,0,0,0,1
2,0,0,0,2
1,0,0,0,1
1,0,0,0,1
1,0,0,0,1
1,0,0,0,1
1,0,0,0,1
2,0,0,0,2
2,0,0,0,2
1,0,0,0,1
1,0,0,0,1
1,0,0,0,1
1,0,0,0,1
1,0,0,0,1
1,0,0,0,1
1,0,0,0,1
1,0,0,0,1
1,0,0,0,1
1,0,0,0,1
1,0,0,0,1
2,0,0,0,2
1,0,0,0,1
3,0,0,0,3
6,0,0,0,6
1,0,0,0,1
1,0,0,0,1
1,0,0,0,1
1,0,0,0,1
1,0,0,0,1
1,0,0,0,1
1,0,0,0,1
1,0,0,0,1
1,0,0,0,1
1,0,0,0,1
2,0,0,0,2
1,6,0,0,7
1,0,0,0,1
2,0,0,0,2
1,0,0,0,1
1,0,0,0,1
5,2,0,0,7
1,0,0,0,1
3,0,0,0,3
1,0,0,0,1
1,0,0,0,1
2,0,0,0,2
1,0,0,0,1
4,0,0,0,4
1,0,0,0,1
2,0,0,0,2
1,0,0,0,1
1,0,0,0,1
1,0,0,0,1
1,0,0,0,1
1,0,0,0,1
1,0,0,0,1
1,0,0,0,1
1,0,0,0,1
2,0,0,0,2
1,0,0,0,1
1,0,0,0,1
1,0,0,0,1
1,0,0,0,1
1,0,0,0,1
1,0,0,0,1
2,0,0,0,2
1,0,0,0,1
3,0,0,0,3
3,0,0,0,3
1,0,0,0,1
1,9,0,0,10
2,0,0,0,2
1,0,0,0,1
2,0,0,0,2
2,0,0,0,2
1,0,0,0,1
11,21,1,0,33
1,0,0,0,1
1,0,0,0,1
1,0,0,0,1
1,0,0,0,1
1,0,0,0,1
1,0,0,0,1
1,0,0,0,1
1,0,0,0,1
1,0,0,0,1
1,0,0,0,1
1,0,0,0,1
3,0,0,0,3
1,0,0,0,1
1,0,0,0,1
1,0,0,0,1
1,0,0,0,1
1,0,0,0,1
1,0,0,0,1
1,0,0,0,1
4,0,0,0,4
1,0,0,0,1
1,0,0,0,1
1,0,0,0,1
1,0,0,0,1
1,0,0,0,1
1,0,0,0,1
1,0,0,0,1
2,0,0,0,2
3,0,0,0,3
1,0,0,0,1
1,0,0,0,1
1,0,0,0,1
1,0,0,0,1
1,0,0,0,1
1,0,0,0,1
1,0,0,0,1
1,0,0,0,1
1,0,0,0,1
1,0,0,0,1
1,0,0,0,1
1,0,0,0,1
1,0,0,0,1
1,0,0,0,1
3,0,0,0,3
2,0,0,0,2
1,0,0,0,1
2,1,0,0,3
1,0,0,0,1
1,0,0,0,1
1,0,0,0,1
2,0,0,0,2
1,0,0,0,1
2,0,0,0,2
1,0,0,0,1
1,0,0,0,1
1,0,0,0,1
1,0,0,0,1
1,0,0,0,1
5,6,0,0,11
1,0,0,0,1
1,0,0,0,1
1,0,0,0,1
1,0,0,0,1
1,0,0,0,1
2,0,0,0,2
1,0,0,0,1
1,0,0,0,1
1,0,0,0,1
2,0,0,0,2
3,0,0,0,3
1,0,0,0,1
1,13,0,0,14
1,0,0,0,1
1,3,0,0,4
1,0,0,0,1
1,0,0,0,1
1,0,0,0,1
1,0,0,0,1
1,0,0,0,1
2,0,0,0,2
1,0,0,0,1
1,0,0,0,1
1,0,0,0,1
1,0,0,0,1
1,0,0,0,1
1,0,0,0,1
1,0,0,0,1
1,0,0,0,1
2,0,0,0,2
1,0,0,0,1
1,0,0,0,1
1,0,0,0,1
1,0,0,0,1
1,0,0,0,1
4,0,0,0,4
1,0,0,0,1
1,0,0,0,1
2,0,0,0,2
1,0,0,0,1
1,0,0,0,1
1,0,0,0,1
1,0,0,0,1
1,0,0,0,1
2,0,0,0,2
1,0,0,0,1
1,0,0,0,1
4,0,0,0,4
1,0,0,0,1
3,1,0,0,4
1,0,0,0,1
2,0,0,0,2
1,0,0,0,1
1,0,0,0,1
2,0,0,0,2
1,0,0,0,1
1,0,0,0,1
1,0,0,0,1
1,0,0,0,1
1,0,0,0,1
2,0,0,0,2
1,0,0,0,1
1,0,0,0,1
1,0,0,0,1
2,0,0,0,2
1,0,0,0,1
1,0,0,0,1
1,1,0,0,2
1,0,0,0,1
1,0,0,0,1
1,2,0,0,3
2,0,0,0,2
2,0,0,0,2
1,0,0,0,1
1,0,0,0,1
1,0,0,0,1
1,0,0,0,1
1,0,0,0,1
1,0,0,0,1
1,0,0,0,1
1,0,0,0,1
1,0,0,0,1
1,0,0,0,1
1,0,0,0,1
1,0,0,0,1
1,0,0,0,1
2,0,0,0,2
1,0,0,0,1
1,0,0,0,1
1,0,0,0,1
1,0,0,0,1
4,0,0,0,4
1,0,0,0,1
1,4,0,0,5
1,0,0,0,1
2,0,0,0,2
1,0,0,0,1
2,0,0,0,2
1,0,0,0,1
1,0,0,0,1
1,0,0,0,1
1,0,0,0,1
1,0,0,0,1
1,0,0,0,1
1,0,0,0,1
1,0,0,0,1
1,0,0,0,1
1,0,0,0,1
2,0,0,0,2
1,0,0,0,1
1,0,0,0,1
1,0,0,0,1
1,0,0,0,1
2,0,0,0,2
1,0,0,0,1
1,0,0,0,1
1,0,0,0,1
1,0,0,0,1
1,0,0,0,1
1,8,0,0,9
1,0,0,0,1
1,0,0,0,1
1,0,0,0,1
1,0,0,0,1
1,0,0,0,1
1,0,0,0,1
1,0,0,0,1
3,0,0,0,3
1,0,0,0,1
1,0,0,0,1
1,0,0,0,1
1,0,0,0,1
2,0,0,0,2
1,0,0,0,1
5,0,0,0,5
1,0,0,0,1
2,0,0,0,2
1,0,0,0,1
1,0,0,0,1
1,2,0,0,3
1,0,0,0,1
1,0,0,0,1
6,0,0,0,6
1,0,0,0,1
3,0,0,0,3
2,3,1,0,6
1,0,0,0,1
1,0,0,0,1
1,0,0,0,1
1,0,0,0,1
1,0,0,0,1
1,0,0,0,1
4,0,0,0,4
2,0,0,0,2
2,0,0,0,2
1,0,0,0,1
1,0,0,0,1
1,0,0,0,1
1,0,0,0,1
1,0,0,0,1
1,0,0,0,1
1,0,0,0,1
1,2,4,0,7
2,0,0,0,2
1,0,0,0,1
1,0,0,0,1
1,0,0,0,1
3,0,0,0,3
1,0,0,0,1
1,0,0,0,1
3,0,0,0,3
1,0,0,0,1
1,0,0,0,1
1,0,0,0,1
2,8,0,0,10
1,0,0,0,1
1,0,0,0,1
1,0,0,0,1
1,0,0,0,1
1,0,0,0,1
1,0,0,0,1
2,0,0,0,2
3,0,0,0,3
1,0,0,0,1
1,0,0,0,1
1,0,0,0,1
1,0,0,0,1
1,0,0,0,1
1,0,0,0,1
1,0,0,0,1
3,0,0,0,3
1,0,0,0,1
1,0,0,0,1
1,0,0,0,1
1,0,0,0,1
1,0,0,0,1
2,0,0,0,2
2,0,0,0,2
1,0,0,0,1
1,0,0,0,1
1,0,0,0,1
1,0,0,0,1
1,0,0,0,1
1,0,0,0,1
2,0,0,0,2
1,0,0,0,1
1,0,0,0,1
2,0,0,0,2
1,0,0,0,1
1,0,0,0,1
2,0,0,0,2
1,0,0,0,1
4,0,0,0,4
1,0,0,0,1
2,0,0,0,2
1,0,0,0,1
1,0,0,0,1
3,11,1,0,15
1,0,0,0,1
1,0,0,0,1
2,0,0,0,2
1,1,0,0,2
4,0,0,0,4
1,0,0,0,1
3,0,0,0,3
2,0,0,0,2
1,0,0,0,1
1,0,0,0,1
1,0,0,0,1
1,0,0,0,1
1,0,0,0,1
1,0,0,0,1
1,0,0,0,1
1,0,0,0,1
1,0,0,0,1
1,0,0,0,1
1,0,0,0,1
1,0,0,0,1
1,0,0,0,1
1,0,0,0,1
1,0,0,0,1
1,0,0,0,1
1,0,0,0,1
1,0,0,0,1
1,0,0,0,1
1,0,0,0,1
1,0,0,0,1
1,0,0,0,1
1,0,0,0,1
1,0,0,0,1
1,0,0,0,1
1,0,0,0,1
1,0,0,0,1
1,0,0,0,1
1,0,0,0,1
1,0,0,0,1
1,0,0,0,1
1,0,0,0,1
1,0,0,0,1
2,0,0,0,2
1,0,0,0,1
3,0,0,0,3
1,0,0,0,1
2,0,0,0,2
1,0,0,0,1
1,1,0,0,2
1,1,0,0,2
1,0,0,0,1
1,0,0,0,1
1,0,0,0,1
1,0,0,0,1
1,0,0,0,1
2,0,0,0,2
1,0,0,0,1
1,0,0,0,1
2,0,0,0,2
1,0,0,0,1
1,0,0,0,1
1,0,0,0,1
1,0,0,0,1
1,0,0,0,1
1,0,0,0,1
1,0,0,0,1
1,0,0,0,1
2,0,0,0,2
2,0,0,0,2
1,0,0,0,1
2,0,0,0,2
1,0,0,0,1
1,0,0,0,1
1,0,0,0,1
1,2,0,0,3
1,0,0,0,1
1,0,0,0,1
1,0,0,0,1
1,0,0,0,1
1,0,0,0,1
1,0,0,0,1
1,0,0,0,1
4,0,0,0,4
1,0,0,0,1
1,3,0,0,4
2,113,0,0,115
1,0,0,0,1
2,0,0,0,2
1,0,0,0,1
2,0,0,0,2
1,0,0,0,1
1,0,0,0,1
1,0,0,0,1
1,0,0,0,1
1,0,0,0,1
1,0,0,0,1
1,0,0,0,1
2,4,0,0,6
1,0,0,0,1
1,0,0,0,1
2,0,0,0,2
1,0,0,0,1
1,0,0,0,1
1,0,0,0,1
1,0,0,0,1
1,0,0,0,1
1,0,0,0,1
1,0,0,0,1
1,0,0,0,1
1,0,0,0,1
1,0,0,0,1
1,0,0,0,1
1,0,0,0,1
1,0,0,0,1
2,0,0,0,2
1,0,0,0,1
1,0,0,0,1
1,0,0,0,1
1,0,0,0,1
1,0,0,0,1
1,0,0,0,1
1,0,0,0,1
1,0,0,0,1
1,9,1,0,11
1,0,0,0,1
1,0,0,0,1
2,0,0,0,2
1,0,0,0,1
1,0,0,0,1
1,0,0,0,1
1,0,0,0,1
1,0,0,0,1
2,0,0,0,2
1,0,0,0,1
1,0,0,0,1
1,0,0,0,1
1,0,0,0,1
1,0,0,0,1
1,0,0,0,1
1,0,0,0,1
1,0,0,0,1
1,0,0,0,1
1,0,0,0,1
1,0,0,0,1
1,0,0,0,1
1,0,0,0,1
1,0,0,0,1
1,0,0,0,1
1,0,0,0,1
4,3,0,0,7
2,0,0,0,2
1,0,0,0,1
3,0,0,0,3
2,0,0,0,2
1,0,0,0,1
1,4,0,0,5
1,0,0,0,1
1,0,0,0,1
4,0,0,0,4
4,0,0,0,4
1,0,0,0,1
1,0,0,0,1
1,0,0,0,1
1,0,0,0,1
1,0,0,0,1
1,0,0,0,1
1,0,0,0,1
1,0,0,0,1
2,0,0,0,2
1,0,0,0,1
1,0,0,0,1
1,0,0,0,1
1,0,0,0,1
1,0,0,0,1
1,0,0,0,1
1,0,0,0,1
1,0,0,0,1
2,2,0,0,4
1,0,0,0,1
1,0,0,0,1
1,0,0,0,1
1,0,0,0,1
1,0,0,0,1
1,0,0,0,1
1,0,0,0,1
1,0,0,0,1
1,0,0,0,1
1,0,0,0,1
1,0,0,0,1
2,10,0,0,12
1,0,0,0,1
1,0,0,0,1
1,0,0,0,1
3,0,0,0,3
4,0,0,0,4
1,0,0,0,1
1,0,0,0,1
1,0,0,0,1
1,0,0,0,1
1,0,0,0,1
1,0,0,0,1
1,0,0,0,1
1,0,0,0,1
1,0,0,0,1
3,0,0,0,3
1,0,0,0,1
1,0,0,0,1
1,0,0,0,1
1,0,0,0,1
1,0,0,0,1
1,0,0,0,1
1,0,0,0,1
2,0,0,0,2
1,0,0,0,1
3,1,0,0,4
1,0,0,0,1
1,0,0,0,1
1,0,0,0,1
1,0,0,0,1
2,0,0,0,2
1,0,0,0,1
4,0,0,0,4
1,0,0,0,1
1,0,0,0,1
1,0,0,0,1
1,0,0,0,1
4,0,0,0,4
1,0,0,0,1
1,0,0,0,1
2,0,0,0,2
1,0,0,0,1
1,0,0,0,1
1,0,0,0,1
1,0,0,0,1
1,0,0,0,1
3,0,0,0,3
2,0,0,0,2
1,0,0,0,1
1,0,0,0,1
1,0,0,0,1
1,1,1,0,3
1,0,0,0,1
1,0,0,0,1
2,0,0,0,2
1,0,0,0,1
1,0,0,0,1
1,0,0,0,1
1,0,0,0,1
2,0,0,0,2
1,0,0,0,1
1,0,0,0,1
1,0,0,0,1
1,0,0,0,1
1,0,0,0,1
2,0,0,0,2
1,0,0,0,1
1,0,0,0,1
1,0,0,0,1
1,0,0,0,1
2,0,0,0,2
1,0,0,0,1
1,0,0,0,1
1,0,0,0,1
1,0,0,0,1
1,0,0,0,1
2,0,0,0,2
2,0,0,0,2
1,0,0,0,1
1,0,0,0,1
1,0,0,0,1
1,0,0,0,1
3,0,0,0,3
1,0,0,0,1
1,0,0,0,1
3,0,0,0,3
1,0,0,0,1
1,0,0,0,1
1,0,0,0,1
3,0,0,0,3
1,0,0,0,1
1,0,0,0,1
1,0,0,0,1
1,0,0,0,1
1,0,0,0,1
2,633,0,0,635
2,0,0,0,2
1,0,0,0,1
1,0,0,0,1
1,0,0,0,1
1,0,0,0,1
1,0,0,0,1
1,0,0,0,1
1,0,0,0,1
1,0,0,0,1
1,0,0,0,1
1,0,0,0,1
1,0,0,0,1
3,0,0,0,3
1,0,0,0,1
1,0,0,0,1
1,0,0,0,1
2,0,0,0,2
1,0,0,0,1
1,0,0,0,1
1,0,0,0,1
1,0,0,0,1
1,0,0,0,1
1,0,0,0,1
3,0,0,0,3
2,0,1,0,3
2,0,0,0,2
1,0,0,0,1
1,0,0,0,1
1,0,0,0,1
1,0,0,0,1
2,0,0,0,2
2,0,0,0,2
2,0,0,0,2
1,0,0,0,1
1,0,0,0,1
1,0,0,0,1
2,0,0,0,2
1,0,0,0,1
2,0,0,0,2
3,1,1,0,5
1,0,0,0,1
1,0,0,0,1
1,0,0,0,1
1,0,0,0,1
1,0,0,0,1
3,0,0,0,3
1,0,0,0,1
1,0,0,0,1
1,0,0,0,1
2,0,0,0,2
1,0,0,0,1
1,0,0,0,1
1,0,0,0,1
1,0,0,0,1
4,0,0,0,4
1,0,0,0,1
1,0,0,0,1
2,3,0,0,5
2,3,0,0,5
2,0,0,0,2
1,3,0,0,4
1,0,0,0,1
2,0,0,0,2
1,0,0,0,1
1,0,0,0,1
1,0,0,0,1
1,0,0,0,1
2,0,0,0,2
1,0,0,0,1
1,0,0,0,1
2,0,0,0,2
1,0,0,0,1
4,1,0,0,5
1,4,0,0,5
1,1,0,0,2
1,0,0,0,1
1,0,0,0,1
1,0,0,0,1
2,0,0,0,2
1,0,0,0,1
1,0,0,0,1
2,0,0,0,2
2,0,0,0,2
1,0,0,0,1
1,0,0,0,1
1,0,0,0,1
1,0,0,0,1
1,0,0,0,1
1,0,0,0,1
1,0,0,0,1
3,0,0,0,3
2,0,0,0,2
1,0,0,0,1
1,0,0,0,1
1,0,0,0,1
2,0,0,0,2
1,0,0,0,1
1,0,0,0,1
1,0,0,0,1
1,0,0,0,1
1,0,0,0,1
2,0,0,0,2
1,0,0,0,1
1,0,0,0,1
1,0,0,0,1
1,0,0,0,1
1,0,0,0,1
1,0,0,0,1
3,0,0,0,3
1,0,0,0,1
1,0,0,0,1
1,0,0,0,1
1,0,0,0,1
2,1,0,0,3
3,0,0,0,3
1,0,0,0,1
2,0,0,0,2
1,0,0,0,1
1,0,0,0,1
2,0,0,0,2
1,0,0,0,1
2,0,0,0,2
2,0,0,0,2
1,0,0,0,1
1,0,0,0,1
2,0,0,0,2
1,0,0,0,1
1,0,0,0,1
1,0,0,0,1
1,0,0,0,1
1,0,0,0,1
1,0,0,0,1
1,0,0,0,1
1,0,0,0,1
1,0,0,0,1
2,0,0,0,2
1,0,0,0,1
1,0,0,0,1
1,0,0,0,1
1,0,0,0,1
1,0,0,0,1
2,0,0,0,2
1,0,0,0,1
1,0,0,0,1
2,0,0,0,2
1,0,0,0,1
1,0,0,0,1
1,0,0,0,1
3,0,0,0,3
1,0,0,0,1
1,0,0,0,1
2,0,1,0,3
1,0,0,0,1
1,0,0,0,1
1,0,0,0,1
2,0,0,0,2
3,0,0,0,3
1,0,0,0,1
1,0,0,0,1
1,0,0,0,1
4,0,0,0,4
1,0,0,0,1
1,0,0,0,1
1,0,0,0,1
1,0,0,0,1
1,0,0,0,1
1,0,0,0,1
1,0,0,0,1
1,0,0,0,1
1,0,0,0,1
2,1,0,0,3
1,0,0,0,1
1,0,0,0,1
1,0,0,0,1
1,0,0,0,1
1,0,0,0,1
1,0,0,0,1
1,0,0,0,1
1,0,0,0,1
2,0,0,0,2
1,0,0,0,1
1,0,0,0,1
2,0,0,0,2
1,0,0,0,1
1,0,0,0,1
1,0,0,0,1
1,0,0,0,1
2,0,0,0,2
2,0,0,0,2
1,0,0,0,1
1,0,0,0,1
1,0,0,0,1
1,0,0,0,1
1,0,0,0,1
2,0,0,0,2
1,0,0,0,1
1,2,0,0,3
2,0,0,0,2
1,0,0,0,1
1,0,0,0,1
1,0,0,0,1
1,0,0,0,1
1,0,0,0,1
1,0,0,0,1
1,0,0,0,1
1,0,0,0,1
1,0,0,0,1
1,7,0,0,8
1,0,0,0,1
1,0,0,0,1
2,0,0,0,2
2,0,0,0,2
1,0,0,0,1
1,0,0,0,1
1,0,0,0,1
3,9,1,0,13
1,0,0,0,1
1,0,0,0,1
4,0,0,0,4
1,0,0,0,1
1,0,0,0,1
1,0,0,0,1
1,0,0,0,1
1,0,0,0,1
1,0,0,0,1
1,0,0,0,1
2,0,0,0,2
1,0,0,0,1
1,0,0,0,1
1,0,0,0,1
1,0,0,0,1
1,0,0,0,1
4,0,0,0,4
1,0,0,0,1
1,0,0,0,1
5,4,5,0,14
3,0,0,0,3
2,0,0,0,2
2,0,0,0,2
1,0,0,0,1
1,0,0,0,1
1,0,0,0,1
1,0,0,0,1
3,0,0,0,3
1,7,0,0,8
2,0,0,0,2
1,0,0,0,1
1,0,0,0,1
1,0,0,0,1
1,0,0,0,1
1,0,0,0,1
2,0,0,0,2
4,0,0,0,4
1,0,0,0,1
1,0,0,0,1
2,0,0,0,2
2,0,0,0,2
1,0,0,0,1
1,0,0,0,1
1,0,0,0,1
2,0,0,0,2
1,0,0,0,1
1,0,0,0,1
1,0,0,0,1
1,0,0,0,1
1,0,0,0,1
1,0,0,0,1
2,1,0,0,3
1,0,0,0,1
1,0,0,0,1
1,0,0,0,1
1,0,0,0,1
2,0,0,0,2
1,0,0,0,1
1,0,0,0,1
1,0,0,0,1
1,0,0,0,1
1,0,0,0,1
1,0,0,0,1
1,0,0,0,1
1,0,0,0,1
1,0,0,0,1
3,0,0,0,3
2,0,0,0,2
1,0,0,0,1
1,0,0,0,1
6,0,0,0,6
1,1,0,0,2
1,0,0,0,1
2,0,0,0,2
1,0,0,0,1
1,0,0,0,1
1,0,0,0,1
1,0,0,0,1
1,0,0,0,1
1,0,0,0,1
1,0,0,0,1
1,0,0,0,1
1,0,0,0,1
1,0,0,0,1
2,0,0,0,2
1,0,0,0,1
3,0,0,0,3
1,0,2,0,3
1,0,0,0,1
1,0,0,0,1
1,4,0,0,5
1,0,0,0,1
1,0,0,0,1
1,0,0,0,1
1,0,0,0,1
1,0,0,0,1
4,0,0,0,4
2,94,0,0,96
1,0,0,0,1
2,0,0,0,2
1,0,0,0,1
1,0,0,0,1
1,0,0,0,1
1,0,0,0,1
1,0,0,0,1
1,0,0,0,1
1,0,0,0,1
1,0,0,0,1
1,0,0,0,1
1,0,0,0,1
1,0,0,0,1
1,0,0,0,1
1,0,0,0,1
1,0,0,0,1
1,0,0,0,1
6,0,0,0,6
1,0,0,0,1
1,0,0,0,1
1,0,0,0,1
1,0,0,0,1
1,0,0,0,1
2,0,0,0,2
1,0,0,0,1
6,0,0,0,6
1,0,0,0,1
1,0,0,0,1
1,0,0,0,1
3,0,0,0,3
1,0,0,0,1
3,0,0,0,3
1,0,0,0,1
1,0,0,0,1
2,2,0,0,4
3,0,0,0,3
1,0,0,0,1
2,0,0,0,2
1,0,0,0,1
1,0,0,0,1
1,0,0,0,1
1,0,0,0,1
2,0,0,0,2
1,0,0,0,1
2,0,0,0,2
1,0,0,0,1
1,0,0,0,1
1,0,0,0,1
1,0,0,0,1
1,0,0,0,1
1,0,0,0,1
2,1,1,0,4
1,0,0,0,1
1,0,0,0,1
2,0,0,0,2
1,0,0,0,1
1,0,0,0,1
1,0,0,0,1
1,0,0,0,1
5,0,0,0,5
2,0,0,0,2
1,0,0,0,1
1,0,0,0,1
3,0,0,0,3
1,0,0,0,1
1,0,0,0,1
1,0,0,0,1
1,0,0,0,1
1,0,0,0,1
1,0,0,0,1
1,0,0,0,1
1,0,0,0,1
1,0,0,0,1
2,0,0,0,2
2,0,0,0,2
2,0,0,0,2
1,0,0,0,1
2,2,0,0,4
1,0,0,0,1
2,0,0,0,2
1,0,0,0,1
1,0,0,0,1
6,5,0,0,11
1,0,0,0,1
1,0,0,0,1
1,0,0,0,1
1,0,0,0,1
1,0,0,0,1
1,0,0,0,1
1,0,0,0,1
2,0,0,0,2
1,5,6,0,12
1,0,0,0,1
1,0,0,0,1
1,0,0,0,1
1,0,0,0,1
1,0,0,0,1
2,0,0,0,2
1,0,0,0,1
1,0,0,0,1
1,0,0,0,1
1,0,0,0,1
1,0,0,0,1
1,0,0,0,1
1,0,0,0,1
1,0,0,0,1
1,0,0,0,1
9,0,0,0,9
1,0,0,0,1
1,0,0,0,1
1,0,0,0,1
1,0,0,0,1
1,0,0,0,1
1,0,0,0,1
1,0,0,0,1
1,0,0,0,1
1,0,0,0,1
1,0,0,0,1
1,0,0,0,1
1,0,0,0,1
2,0,0,0,2
1,0,0,0,1
1,0,0,0,1
2,0,0,0,2
1,0,0,0,1
1,0,0,0,1
1,0,0,0,1
1,0,0,0,1
1,0,0,0,1
1,0,0,0,1
1,0,0,0,1
1,0,0,0,1
1,0,0,0,1
1,0,0,0,1
1,4,0,0,5
1,0,0,0,1
2,0,0,0,2
1,0,0,0,1
1,0,0,0,1
1,0,0,0,1
2,0,0,0,2
6,0,0,0,6
1,0,0,0,1
1,0,0,0,1
1,0,0,0,1
1,0,0,0,1
4,0,0,0,4
1,0,0,0,1
3,0,0,0,3
1,0,0,0,1
3,0,0,0,3
1,0,0,0,1
1,0,0,0,1
1,0,0,0,1
2,0,0,0,2
1,0,0,0,1
1,0,0,0,1
1,0,0,0,1
1,0,0,0,1
1,0,0,0,1
1,0,0,0,1
1,0,0,0,1
1,0,0,0,1
1,0,0,0,1
2,0,0,0,2
1,0,0,0,1
1,0,0,0,1
1,0,0,0,1
1,0,0,0,1
1,0,0,0,1
1,0,0,0,1
1,0,0,0,1
2,0,0,0,2
1,0,0,0,1
1,0,0,0,1
1,0,0,0,1
1,0,0,0,1
1,0,0,0,1
1,0,0,0,1
1,2,0,0,3
1,0,0,0,1
1,0,0,0,1
1,0,0,0,1
2,2,0,0,4
1,0,0,0,1
1,0,0,0,1
1,0,0,0,1
2,0,0,0,2
1,0,0,0,1
1,0,0,0,1
1,0,0,0,1
1,0,0,0,1
1,0,0,0,1
1,0,0,0,1
2,0,0,0,2
1,0,0,0,1
1,0,0,0,1
1,0,0,0,1
3,0,0,0,3
2,0,0,0,2
1,0,0,0,1
2,0,0,0,2
1,0,0,0,1
1,0,0,0,1
1,0,0,0,1
12,0,1,0,13
1,0,0,0,1
1,0,0,0,1
1,0,0,0,1
1,0,0,0,1
1,0,0,0,1
1,0,0,0,1
1,0,0,0,1
1,0,0,0,1
1,0,0,0,1
1,0,0,0,1
1,0,0,0,1
1,0,0,0,1
1,0,0,0,1
1,0,0,0,1
1,0,0,0,1
1,0,0,0,1
1,0,0,0,1
1,0,0,0,1
3,0,0,0,3
2,0,0,0,2
1,0,0,0,1
1,0,0,0,1
1,2,0,0,3
1,0,0,0,1
1,0,0,0,1
1,0,0,0,1
1,0,0,0,1
1,0,0,0,1
1,0,0,0,1
1,0,0,0,1
3,0,0,0,3
1,0,0,0,1
1,0,0,0,1
1,0,0,0,1
1,0,0,0,1
2,0,0,0,2
1,0,0,0,1
1,0,0,0,1
3,0,0,0,3
1,0,0,0,1
1,0,0,0,1
1,0,0,0,1
1,0,0,0,1
1,5,0,0,6
1,0,0,0,1
1,0,0,0,1
1,0,0,0,1
1,0,0,0,1
1,0,0,0,1
1,0,0,0,1
2,0,0,0,2
1,0,0,0,1
1,0,0,0,1
2,0,0,0,2
1,0,0,0,1
1,0,0,0,1
3,0,0,0,3
1,0,0,0,1
1,0,0,0,1
1,0,0,0,1
1,0,0,0,1
1,5,0,0,6
1,0,0,0,1
1,0,0,0,1
1,0,0,0,1
1,0,0,0,1
1,0,0,0,1
1,0,0,0,1
1,0,0,0,1
1,0,0,0,1
1,0,0,0,1
1,0,0,0,1
3,1,6,0,10
1,0,0,0,1
1,0,0,0,1
1,0,0,0,1
1,0,0,0,1
1,0,0,0,1
2,0,0,0,2
1,0,0,0,1
1,0,0,0,1
1,0,0,0,1
1,0,0,0,1
1,0,0,0,1
1,0,0,0,1
2,0,0,0,2
1,0,0,0,1
1,0,0,0,1
3,0,0,0,3
1,0,0,0,1
1,0,0,0,1
1,0,0,0,1
3,0,0,0,3
1,0,0,0,1
1,0,0,0,1
1,0,0,0,1
1,0,0,0,1
1,0,0,0,1
1,0,0,0,1
1,0,0,0,1
1,0,0,0,1
1,0,0,0,1
1,2,0,0,3
1,0,0,0,1
1,0,0,0,1
1,0,0,0,1
1,6,0,0,7
1,0,0,0,1
2,0,0,0,2
1,0,0,0,1
1,0,0,0,1
1,4,0,0,5
1,0,0,0,1
1,0,0,0,1
1,0,0,0,1
1,0,0,0,1
1,0,0,0,1
1,0,0,0,1
3,0,0,0,3
1,0,0,0,1
1,0,0,0,1
1,0,0,0,1
1,0,0,0,1
1,0,0,0,1
1,0,0,0,1
1,0,0,0,1
3,0,0,0,3
1,0,0,0,1
2,0,0,0,2
1,0,0,0,1
1,0,0,0,1
2,0,0,0,2
2,0,0,0,2
5,0,0,0,5
2,0,0,0,2
1,0,0,0,1
1,0,0,0,1
1,0,0,0,1
5,0,0,0,5
1,0,0,0,1
1,0,0,0,1
1,0,0,0,1
2,0,0,0,2
4,0,0,0,4
1,0,0,0,1
1,0,0,0,1
2,0,0,0,2
1,0,0,0,1
1,0,0,0,1
1,0,0,0,1
1,0,0,0,1
1,0,0,0,1
1,0,0,0,1
1,0,0,0,1
1,0,0,0,1
3,0,0,0,3
1,0,0,0,1
2,0,0,0,2
2,3,1,0,6
1,0,0,0,1
1,0,0,0,1
1,0,0,0,1
1,0,0,0,1
1,0,0,0,1
2,0,0,0,2
1,0,0,0,1
2,0,0,0,2
1,0,0,0,1
1,0,0,0,1
2,0,0,0,2
1,0,1,0,2
1,0,0,0,1
1,0,0,0,1
1,0,0,0,1
1,0,0,0,1
1,0,0,0,1
1,0,0,0,1
1,0,0,0,1
1,0,0,0,1
2,0,0,0,2
5,0,0,0,5
1,0,0,0,1
1,0,0,0,1
1,0,0,0,1
1,0,0,0,1
1,0,0,0,1
1,0,0,0,1
1,0,0,0,1
1,0,0,0,1
1,0,0,0,1
2,0,0,0,2
2,0,0,0,2
1,0,0,0,1
1,0,0,0,1
2,0,0,0,2
3,0,0,0,3
1,0,0,0,1
1,0,0,0,1
1,0,0,0,1
2,0,0,0,2
1,0,0,0,1
1,0,0,0,1
1,0,0,0,1
1,0,0,0,1
1,1,0,0,2
2,0,0,0,2
1,0,0,0,1
2,0,0,0,2
1,0,0,0,1
2,0,0,0,2
1,0,0,0,1
4,0,0,0,4
1,0,0,0,1
2,0,0,0,2
1,0,0,0,1
1,0,0,0,1
1,0,0,0,1
1,0,0,0,1
1,0,0,0,1
1,0,0,0,1
1,0,0,0,1
1,1,0,0,2
1,0,0,0,1
1,0,0,0,1
1,0,0,0,1
1,0,0,0,1
1,0,0,0,1
1,6,0,0,7
1,0,0,0,1
1,0,0,0,1
1,0,0,0,1
2,3,0,0,5
1,0,0,0,1
2,0,0,0,2
1,0,0,0,1
1,0,0,0,1
1,0,0,0,1
1,0,0,0,1
1,0,0,0,1
1,0,0,0,1
1,0,0,0,1
1,0,0,0,1
1,0,0,0,1
1,0,0,0,1
2,0,0,0,2
2,0,0,0,2
1,0,0,0,1
1,0,0,0,1
1,0,0,0,1
1,0,0,0,1
1,0,0,0,1
1,0,0,0,1
1,0,0,0,1
1,0,0,0,1
1,0,0,0,1
1,0,0,0,1
1,0,0,0,1
1,0,0,0,1
1,0,0,0,1
1,0,0,0,1
1,0,0,0,1
1,0,0,0,1
1,0,0,0,1
1,0,0,0,1
1,0,0,0,1
3,0,0,0,3
1,2,0,0,3
2,0,0,0,2
1,0,0,0,1
1,0,0,0,1
2,2,0,0,4
1,0,0,0,1
3,0,0,0,3
1,0,0,0,1
1,0,0,0,1
1,0,0,0,1
1,0,0,0,1
2,0,0,0,2
1,0,0,0,1
1,0,0,0,1
1,1,1,0,3
1,0,0,0,1
1,0,0,0,1
2,0,0,0,2
5,0,0,0,5
1,0,0,0,1
1,0,0,0,1
5,0,0,0,5
1,0,0,0,1
2,0,0,0,2
1,0,0,0,1
1,1,0,0,2
1,0,0,0,1
1,0,0,0,1
3,0,0,0,3
1,0,0,0,1
1,0,0,0,1
1,0,0,0,1
1,0,0,0,1
1,0,0,0,1
1,0,0,0,1
1,0,0,0,1
1,0,0,0,1
2,0,0,0,2
1,0,0,0,1
1,0,0,0,1
1,0,0,0,1
1,0,0,0,1
1,0,0,0,1
1,0,0,0,1
1,0,0,0,1
1,0,0,0,1
1,0,0,0,1
1,0,0,0,1
1,0,0,0,1
1,0,0,0,1
1,0,0,0,1
1,0,0,0,1
1,0,0,0,1
1,0,0,0,1
2,0,0,0,2
1,0,0,0,1
1,0,0,0,1
1,0,0,0,1
4,0,0,0,4
3,0,0,0,3
1,0,0,0,1
1,0,0,0,1
1,0,0,0,1
1,0,0,0,1
1,2,0,0,3
2,0,0,0,2
2,0,0,0,2
1,0,0,0,1
1,0,0,0,1
2,0,0,0,2
2,0,0,0,2
1,0,0,0,1
2,0,0,0,2
1,0,0,0,1
1,0,0,0,1
1,0,0,0,1
1,0,0,0,1
2,0,0,0,2
1,0,0,0,1
1,0,0,0,1
1,0,0,0,1
2,0,0,0,2
1,0,0,0,1
1,0,0,0,1
1,0,0,0,1
1,0,0,0,1
2,0,0,0,2
1,0,0,0,1
2,0,0,0,2
1,0,0,0,1
1,0,0,0,1
1,0,0,0,1
1,0,0,0,1
2,0,0,0,2
1,0,0,0,1
2,0,0,0,2
1,0,0,0,1
2,0,0,0,2
1,0,0,0,1
1,0,0,0,1
2,0,0,0,2
2,0,0,0,2
2,0,0,0,2
1,0,0,0,1
1,0,0,0,1
1,0,0,0,1
3,0,0,0,3
2,1,1,0,4
4,0,0,0,4
1,0,0,0,1
2,0,0,0,2
1,0,0,0,1
1,0,0,0,1
1,0,0,0,1
1,0,0,0,1
1,0,0,0,1
1,0,0,0,1
1,0,0,0,1
5,0,0,0,5
1,0,0,0,1
1,0,0,0,1
1,0,0,0,1
1,0,0,0,1
1,0,0,0,1
2,0,0,0,2
1,0,0,0,1
1,0,0,0,1
2,0,0,0,2
4,0,0,0,4
4,0,0,0,4
1,0,0,0,1
2,0,0,0,2
1,0,0,0,1
1,0,0,0,1
1,0,0,0,1
1,0,0,0,1
1,0,0,0,1
1,0,0,0,1
1,0,0,0,1
1,0,0,0,1
1,0,0,0,1
1,0,0,0,1
1,0,0,0,1
3,0,0,0,3
1,0,0,0,1
1,0,0,0,1
1,0,0,0,1
1,0,0,0,1
1,0,0,0,1
3,0,0,0,3
2,0,0,0,2
1,0,0,0,1
1,0,0,0,1
1,0,0,0,1
1,0,0,0,1
2,0,0,0,2
1,0,0,0,1
1,0,0,0,1
1,0,0,0,1
1,0,0,0,1
1,0,0,0,1
1,0,0,0,1
2,0,0,0,2
1,0,0,0,1
1,0,0,0,1
2,0,0,0,2
1,0,0,0,1
1,0,0,0,1
2,0,0,0,2
1,0,0,0,1
1,0,0,0,1
2,0,0,0,2
1,0,0,0,1
1,0,0,0,1
1,0,0,0,1
2,3,0,0,5
1,0,0,0,1
1,0,0,0,1
1,0,0,0,1
1,0,0,0,1
1,0,0,0,1
1,0,0,0,1
2,0,0,0,2
1,0,0,0,1
1,0,0,0,1
1,0,0,0,1
1,0,0,0,1
1,0,0,0,1
1,0,0,0,1
1,0,0,0,1
1,0,0,0,1
2,0,0,0,2
1,0,0,0,1
1,0,0,0,1
2,0,0,0,2
1,0,0,0,1
1,0,0,0,1
1,0,0,0,1
2,0,0,0,2
1,0,0,0,1
6,0,0,0,6
1,0,0,0,1
1,0,0,0,1
1,0,0,0,1
1,0,0,0,1
1,0,0,0,1
4,0,0,0,4
1,0,0,0,1
6,8,0,0,14
1,0,0,0,1
1,0,0,0,1
1,0,0,0,1
1,0,0,0,1
2,0,0,0,2
1,0,0,0,1
1,0,0,0,1
1,0,0,0,1
1,0,0,0,1
1,0,0,0,1
1,0,0,0,1
1,0,0,0,1
2,0,0,0,2
1,0,0,0,1
1,0,0,0,1
1,0,0,0,1
1,0,0,0,1
2,0,0,0,2
1,0,0,0,1
1,0,0,0,1
1,0,0,0,1
1,0,0,0,1
2,0,0,0,2
2,0,0,0,2
1,0,0,0,1
1,0,0,0,1
2,0,0,0,2
1,0,0,0,1
1,0,0,0,1
1,0,0,0,1
1,0,0,0,1
1,0,0,0,1
1,0,0,0,1
1,0,0,0,1
1,0,0,0,1
2,0,0,0,2
1,0,0,0,1
1,0,0,0,1
1,0,0,0,1
3,0,0,0,3
1,0,0,0,1
1,0,0,0,1
2,0,0,0,2
2,0,0,0,2
2,0,0,0,2
1,0,0,0,1
1,0,0,0,1
1,0,0,0,1
1,0,0,0,1
1,0,0,0,1
1,0,0,0,1
1,0,0,0,1
1,0,0,0,1
5,0,0,0,5
1,0,0,0,1
1,0,0,0,1
3,0,0,0,3
1,0,0,0,1
1,0,0,0,1
1,0,0,0,1
1,0,0,0,1
1,0,0,0,1
1,0,0,0,1
4,0,0,0,4
1,0,0,0,1
1,0,0,0,1
1,3,0,0,4
2,0,0,0,2
2,0,0,0,2
3,0,0,0,3
2,0,0,0,2
1,0,0,0,1
2,0,0,0,2
1,0,0,0,1
1,2,0,0,3
1,0,0,0,1
1,0,0,0,1
1,0,0,0,1
1,0,0,0,1
1,0,0,0,1
1,0,0,0,1
1,0,0,0,1
1,0,0,0,1
1,0,0,0,1
1,0,0,0,1
1,0,0,0,1
1,0,0,0,1
1,0,0,0,1
1,0,0,0,1
2,1,0,0,3
1,0,0,0,1
1,2,0,0,3
1,0,0,0,1
5,0,0,0,5
1,0,0,0,1
1,0,0,0,1
1,0,0,0,1
1,0,0,0,1
2,0,0,0,2
1,0,0,0,1
1,0,0,0,1
1,0,0,0,1
4,0,0,0,4
4,0,0,0,4
1,0,0,0,1
1,0,0,0,1
1,0,0,0,1
1,0,0,0,1
1,0,0,0,1
1,0,0,0,1
1,0,0,0,1
1,0,0,0,1
1,0,0,0,1
1,0,0,0,1
1,0,0,0,1
2,0,0,0,2
1,0,0,0,1
1,0,0,0,1
1,0,0,0,1
2,0,0,0,2
1,0,0,0,1
1,0,0,0,1
1,0,0,0,1
1,0,0,0,1
1,0,0,0,1
1,0,0,0,1
1,0,0,0,1
1,75,0,0,76
1,0,0,0,1
2,0,0,0,2
1,0,0,0,1
2,0,0,0,2
4,0,0,0,4
1,3,0,0,4
1,0,0,0,1
1,0,0,0,1
3,0,0,0,3
1,0,0,0,1
3,0,0,0,3
1,0,0,0,1
1,0,0,0,1
1,0,0,0,1
1,0,0,0,1
1,0,0,0,1
4,0,0,0,4
1,0,0,0,1
1,0,0,0,1
1,0,0,0,1
1,0,0,0,1
1,0,0,0,1
2,0,0,0,2
1,0,0,0,1
1,0,0,0,1
1,0,0,0,1
1,0,0,0,1
1,0,0,0,1
1,0,0,0,1
2,0,0,0,2
1,0,0,0,1
1,0,0,0,1
1,0,0,0,1
1,0,0,0,1
1,0,0,0,1
1,0,0,0,1
1,0,0,0,1
1,0,0,0,1
1,0,0,0,1
1,0,0,0,1
1,0,0,0,1
1,0,0,0,1
1,0,0,0,1
1,0,0,0,1
2,0,0,0,2
1,0,0,0,1
1,0,0,0,1
1,0,0,0,1
2,0,0,0,2
1,0,0,0,1
1,0,0,0,1
1,0,0,0,1
1,0,0,0,1
1,0,0,0,1
1,0,0,0,1
1,0,0,0,1
1,0,0,0,1
1,0,0,0,1
2,2,0,0,4
1,0,0,0,1
1,0,0,0,1
1,0,0,0,1
1,0,0,0,1
2,0,0,0,2
1,0,0,0,1
1,0,0,0,1
1,0,0,0,1
1,0,0,0,1
1,0,0,0,1
3,0,0,0,3
1,0,0,0,1
1,0,0,0,1
1,0,0,0,1
1,0,0,0,1
1,0,0,0,1
2,4,0,0,6
2,0,0,0,2
1,0,0,0,1
3,0,2,0,5
1,0,0,0,1
1,0,0,0,1
2,0,0,0,2
1,0,0,0,1
1,0,0,0,1
2,0,0,0,2
1,0,0,0,1
1,10,0,0,11
1,0,0,0,1
1,0,0,0,1
4,0,0,0,4
1,0,0,0,1
1,0,0,0,1
1,0,0,0,1
1,0,0,0,1
2,0,0,0,2
1,0,0,0,1
2,0,0,0,2
1,0,0,0,1
2,0,0,0,2
1,0,0,0,1
1,0,0,0,1
1,0,0,0,1
2,0,0,0,2
1,0,0,0,1
1,0,0,0,1
1,0,0,0,1
1,0,0,0,1
1,0,0,0,1
1,0,0,0,1
1,0,0,0,1
1,0,0,0,1
1,0,0,0,1
1,0,0,0,1
1,0,0,0,1
1,0,0,0,1
2,0,0,0,2
1,0,0,0,1
1,0,0,0,1
1,0,0,0,1
1,0,0,0,1
1,0,0,0,1
9,0,0,0,9
1,0,0,0,1
1,0,0,0,1
2,0,0,0,2
1,0,0,0,1
1,0,0,0,1
5,0,0,0,5
1,0,0,0,1
1,0,0,0,1
1,0,0,0,1
1,0,0,0,1
1,0,0,0,1
1,0,0,0,1
1,0,0,0,1
3,0,0,0,3
1,0,0,0,1
1,0,0,0,1
1,0,0,0,1
1,0,0,0,1
1,0,0,0,1
1,0,0,0,1
1,0,0,0,1
3,0,0,0,3
1,0,0,0,1
1,0,0,0,1
1,0,0,0,1
1,0,0,0,1
1,0,0,0,1
1,0,0,0,1
1,0,0,0,1
1,0,0,0,1
1,4,0,0,5
2,0,0,0,2
1,0,0,0,1
1,0,0,0,1
1,0,0,0,1
1,0,0,0,1
1,0,0,0,1
1,0,0,0,1
2,0,0,0,2
1,5,0,0,6
1,0,0,0,1
1,0,0,0,1
1,0,0,0,1
1,0,0,0,1
1,0,0,0,1
1,0,0,0,1
3,0,0,0,3
1,0,0,0,1
1,0,0,0,1
1,0,0,0,1
1,0,0,0,1
1,0,0,0,1
1,0,0,0,1
1,0,0,0,1
1,0,0,0,1
1,0,0,0,1
1,0,0,0,1
1,0,0,0,1
1,0,0,0,1
1,0,0,0,1
1,0,0,0,1
1,0,0,0,1
1,0,0,0,1
2,2,0,0,4
1,0,0,0,1
3,0,0,0,3
1,0,0,0,1
1,0,0,0,1
1,0,0,0,1
4,0,1,0,5
1,0,0,0,1
2,0,0,0,2
1,0,0,0,1
4,3,0,0,7
5,0,0,0,5
1,0,0,0,1
1,0,0,0,1
1,0,0,0,1
1,0,0,0,1
1,0,0,0,1
1,0,0,0,1
1,3,1,0,5
1,0,0,0,1
1,0,0,0,1
1,0,0,0,1
1,0,0,0,1
1,0,0,0,1
3,0,0,0,3
2,0,0,0,2
1,0,0,0,1
1,0,0,0,1
2,0,0,0,2
2,0,0,0,2
2,0,0,0,2
1,0,0,0,1
1,0,0,0,1
1,0,0,0,1
2,0,0,0,2
1,0,0,0,1
1,0,0,0,1
1,0,0,0,1
1,0,0,0,1
2,0,0,0,2
1,0,0,0,1
1,0,0,0,1
2,0,0,0,2
1,0,0,0,1
1,0,0,0,1
1,0,0,0,1
1,0,0,0,1
1,0,0,0,1
1,0,0,0,1
1,0,0,0,1
1,0,0,0,1
1,0,0,0,1
1,0,0,0,1
1,0,0,0,1
1,0,0,0,1
1,0,0,0,1
2,0,0,0,2
1,0,0,0,1
1,0,0,0,1
2,0,0,0,2
1,1,1,0,3
1,0,0,0,1
1,0,0,0,1
1,0,0,0,1
2,0,0,0,2
1,0,0,0,1
2,0,0,0,2
1,0,0,0,1
1,0,0,0,1
2,0,0,0,2
1,0,0,0,1
1,0,0,0,1
1,0,0,0,1
1,0,0,0,1
3,0,0,0,3
2,0,0,0,2
1,0,0,0,1
1,0,0,0,1
1,0,0,0,1
2,0,0,0,2
2,0,0,0,2
1,0,0,0,1
1,0,0,0,1
1,0,0,0,1
1,0,0,0,1
1,0,0,0,1
2,0,0,0,2
1,0,0,0,1
2,1,1,0,4
1,0,0,0,1
2,0,0,0,2
1,0,0,0,1
1,0,0,0,1
1,0,0,0,1
3,0,0,0,3
1,0,0,0,1
1,0,0,0,1
1,0,0,0,1
1,0,0,0,1
2,0,0,0,2
1,0,0,0,1
1,0,0,0,1
2,3,1,0,6
1,0,0,0,1
2,0,0,0,2
1,0,0,0,1
2,0,0,0,2
1,0,0,0,1
1,2,0,0,3
2,0,0,0,2
1,0,0,0,1
3,1,1,0,5
1,0,0,0,1
1,0,0,0,1
1,0,0,0,1
1,0,0,0,1
1,0,0,0,1
1,0,0,0,1
1,0,0,0,1
1,0,0,0,1
1,0,0,0,1
1,0,0,0,1
1,0,0,0,1
2,0,0,0,2
3,0,0,0,3
1,0,0,0,1
1,0,0,0,1
1,0,0,0,1
4,0,0,0,4
1,0,0,0,1
1,0,0,0,1
1,0,0,0,1
1,0,0,0,1
1,0,0,0,1
1,0,0,0,1
2,0,0,0,2
1,0,0,0,1
3,0,0,0,3
3,0,0,0,3
1,0,0,0,1
1,0,0,0,1
1,0,0,0,1
1,0,0,0,1
2,0,0,0,2
1,0,0,0,1
1,0,0,0,1
1,0,0,0,1
1,5,0,0,6
3,4,0,0,7
1,0,0,0,1
1,0,0,0,1
1,0,0,0,1
4,0,0,0,4
1,0,0,0,1
1,0,0,0,1
1,0,0,0,1
1,0,0,0,1
5,0,0,0,5
1,0,0,0,1
4,0,0,0,4
1,0,0,0,1
1,0,0,0,1
1,0,0,0,1
1,0,0,0,1
3,0,0,0,3
1,0,0,0,1
1,0,0,0,1
1,0,0,0,1
1,0,0,0,1
1,0,0,0,1
3,0,0,0,3
1,0,0,0,1
2,0,0,0,2
1,0,0,0,1
2,0,0,0,2
1,0,0,0,1
2,0,0,0,2
1,0,0,0,1
1,0,0,0,1
1,0,0,0,1
1,0,0,0,1
2,3,0,0,5
1,0,0,0,1
1,0,0,0,1
1,0,0,0,1
1,0,0,0,1
3,0,0,0,3
1,0,0,0,1
3,0,0,0,3
1,0,0,0,1
3,0,0,0,3
5,0,0,0,5
1,0,0,0,1
1,0,0,0,1
1,0,0,0,1
2,0,0,0,2
1,0,0,0,1
1,0,0,0,1
1,0,0,0,1
1,0,0,0,1
1,0,0,0,1
1,0,0,0,1
1,0,0,0,1
1,0,0,0,1
1,0,0,0,1
1,0,0,0,1
2,48,1,0,51
1,0,0,0,1
1,0,0,0,1
1,0,0,0,1
1,0,0,0,1
1,2,0,0,3
1,0,0,0,1
1,0,0,0,1
1,0,0,0,1
1,0,0,0,1
1,0,0,0,1
1,0,0,0,1
1,0,0,0,1
3,0,0,0,3
1,0,0,0,1
1,0,0,0,1
1,0,0,0,1
1,0,0,0,1
1,0,0,0,1
2,0,0,0,2
1,0,0,0,1
1,0,0,0,1
2,13,0,0,15
1,0,0,0,1
1,0,0,0,1
2,0,0,0,2
2,0,0,0,2
1,0,0,0,1
1,0,0,0,1
1,0,0,0,1
1,0,0,0,1
1,0,0,0,1
1,0,0,0,1
1,0,0,0,1
1,0,0,0,1
1,0,0,0,1
1,0,0,0,1
1,0,0,0,1
1,0,0,0,1
1,0,0,0,1
1,0,0,0,1
1,0,0,0,1
2,0,0,0,2
1,0,0,0,1
1,0,0,0,1
3,0,0,0,3
1,0,0,0,1
1,0,0,0,1
3,0,0,0,3
1,0,0,0,1
1,0,0,0,1
2,0,0,0,2
1,0,0,0,1
2,2,0,0,4
3,0,0,0,3
1,0,0,0,1
1,0,0,0,1
1,0,0,0,1
1,0,0,0,1
2,0,0,0,2
1,0,0,0,1
1,6,0,0,7
1,0,0,0,1
1,0,0,0,1
1,0,0,0,1
1,0,0,0,1
3,0,0,0,3
1,0,0,0,1
2,0,0,0,2
2,0,0,0,2
1,0,0,0,1
1,0,0,0,1
1,0,0,0,1
1,0,0,0,1
2,0,0,0,2
1,0,0,0,1
2,0,0,0,2
1,2,0,0,3
3,0,0,0,3
2,0,0,0,2
1,0,0,0,1
1,0,0,0,1
1,0,0,0,1
1,0,0,0,1
1,0,0,0,1
1,0,0,0,1
1,0,0,0,1
1,0,0,0,1
1,0,0,0,1
2,0,0,0,2
1,0,0,0,1
1,0,0,0,1
2,0,0,0,2
1,0,0,0,1
1,0,0,0,1
1,0,0,0,1
1,0,0,0,1
2,0,0,0,2
1,0,0,0,1
1,0,0,0,1
1,0,0,0,1
2,0,0,0,2
2,0,0,0,2
1,0,0,0,1
1,0,0,0,1
1,0,0,0,1
1,0,0,0,1
1,0,0,0,1
4,0,0,0,4
1,0,0,0,1
1,0,0,0,1
2,0,0,0,2
2,0,0,0,2
1,0,0,0,1
1,0,0,0,1
1,0,0,0,1
1,0,0,0,1
1,0,0,0,1
3,0,0,0,3
1,0,0,0,1
1,0,0,0,1
1,0,0,0,1
1,0,0,0,1
1,0,0,0,1
3,0,0,0,3
1,0,0,0,1
1,0,0,0,1
1,0,0,0,1
2,0,0,0,2
1,0,0,0,1
1,0,0,0,1
1,0,0,0,1
2,0,0,0,2
3,0,0,0,3
2,0,0,0,2
1,0,0,0,1
1,0,0,0,1
1,0,0,0,1
1,0,0,0,1
1,0,0,0,1
1,0,0,0,1
1,0,0,0,1
1,0,0,0,1
2,0,0,0,2
2,0,0,0,2
1,0,0,0,1
1,0,0,0,1
1,0,0,0,1
1,0,0,0,1
1,0,0,0,1
1,0,0,0,1
2,0,0,0,2
1,0,0,0,1
1,0,0,0,1
1,0,0,0,1
1,0,0,0,1
1,0,0,0,1
1,0,0,0,1
1,0,0,0,1
1,0,0,0,1
1,0,0,0,1
2,0,0,0,2
2,0,0,0,2
1,0,0,0,1
1,0,0,0,1
3,0,0,0,3
1,0,0,0,1
1,0,0,0,1
1,0,0,0,1
2,0,0,0,2
2,0,0,0,2
1,0,0,0,1
1,2,0,0,3
3,0,0,0,3
1,0,0,0,1
1,0,0,0,1
2,0,0,0,2
1,0,0,0,1
2,0,0,0,2
1,0,0,0,1
1,0,0,0,1
1,0,0,0,1
1,0,0,0,1
1,0,0,0,1
1,0,0,0,1
1,0,0,0,1
1,0,0,0,1
1,0,0,0,1
1,0,0,0,1
1,0,0,0,1
1,0,0,0,1
3,0,0,0,3
1,0,0,0,1
1,0,0,0,1
1,0,0,0,1
2,0,0,0,2
5,0,0,0,5
1,0,0,0,1
2,0,0,0,2
1,0,0,0,1
2,0,0,0,2
2,0,0,0,2
1,0,0,0,1
1,0,0,0,1
3,0,0,0,3
1,0,0,0,1
1,0,0,0,1
1,0,0,0,1
6,0,0,0,6
1,0,0,0,1
1,0,0,0,1
1,0,0,0,1
2,0,0,0,2
1,0,0,0,1
2,0,0,0,2
1,0,0,0,1
2,0,0,0,2
1,1,0,0,2
2,0,0,0,2
2,0,0,0,2
2,0,0,0,2
1,0,0,0,1
1,0,0,0,1
1,0,0,0,1
1,0,0,0,1
1,0,0,0,1
1,0,0,0,1
1,0,0,0,1
1,0,0,0,1
1,0,0,0,1
1,1,1,0,3
7,0,0,0,7
2,0,0,0,2
1,0,0,0,1
1,0,0,0,1
2,0,0,0,2
1,0,0,0,1
1,0,0,0,1
1,0,0,0,1
2,0,0,0,2
2,0,0,0,2
1,0,0,0,1
1,0,0,0,1
1,0,0,0,1
2,0,0,0,2
1,0,0,0,1
1,0,0,0,1
2,0,0,0,2
1,0,0,0,1
2,0,0,0,2
1,0,0,0,1
1,0,0,0,1
3,0,0,0,3
1,4,1,0,6
1,0,0,0,1
2,0,0,0,2
1,0,0,0,1
7,0,0,0,7
2,0,0,0,2
1,0,0,0,1
1,0,0,0,1
1,0,0,0,1
1,0,0,0,1
1,0,0,0,1
1,0,0,0,1
1,0,0,0,1
1,0,0,0,1
1,0,0,0,1
1,0,0,0,1
3,0,0,0,3
1,0,0,0,1
1,0,0,0,1
1,0,0,0,1
2,0,1,0,3
1,0,0,0,1
1,0,0,0,1
1,0,0,0,1
2,0,0,0,2
1,0,0,0,1
1,0,0,0,1
1,0,0,0,1
2,0,2,0,4
1,0,0,0,1
1,0,0,0,1
1,0,0,0,1
1,0,0,0,1
1,0,0,0,1
1,0,0,0,1
1,0,0,0,1
2,0,0,0,2
1,0,0,0,1
1,0,0,0,1
1,0,0,0,1
1,0,0,0,1
1,0,0,0,1
1,0,0,0,1
1,0,0,0,1
2,0,0,0,2
2,0,0,0,2
1,0,0,0,1
1,0,0,0,1
5,0,0,0,5
2,0,0,0,2
1,0,0,0,1
1,0,0,0,1
1,0,0,0,1
2,0,0,0,2
1,0,0,0,1
1,0,0,0,1
1,0,0,0,1
1,0,0,0,1
1,0,0,0,1
4,0,0,0,4
3,0,0,0,3
1,0,0,0,1
2,0,0,0,2
1,0,0,0,1
1,0,0,0,1
1,0,0,0,1
1,0,0,0,1
1,0,0,0,1
1,0,0,0,1
1,0,0,0,1
1,0,0,0,1
2,0,0,0,2
1,0,0,0,1
1,0,0,0,1
1,0,0,0,1
1,0,0,0,1
1,0,0,0,1
2,2,1,0,5
2,0,0,0,2
2,0,0,0,2
1,0,0,0,1
1,0,0,0,1
2,0,0,0,2
3,0,0,0,3
1,0,0,0,1
1,0,0,0,1
1,0,0,0,1
1,0,0,0,1
1,0,0,0,1
1,0,0,0,1
1,0,0,0,1
1,0,0,0,1
1,0,0,0,1
1,0,0,0,1
1,0,0,0,1
1,0,0,0,1
1,0,0,0,1
1,0,0,0,1
1,0,0,0,1
2,0,0,0,2
1,0,0,0,1
4,0,0,0,4
1,0,0,0,1
1,2,0,0,3
1,0,0,0,1
2,0,0,0,2
1,0,0,0,1
1,0,0,0,1
1,0,0,0,1
1,0,0,0,1
3,0,0,0,3
1,0,0,0,1
1,0,0,0,1
1,0,0,0,1
1,0,0,0,1
1,0,0,0,1
1,0,0,0,1
1,0,0,0,1
1,0,0,0,1
1,0,0,0,1
1,0,0,0,1
1,0,0,0,1
1,0,0,0,1
1,0,0,0,1
1,0,0,0,1
1,0,0,0,1
1,0,0,0,1
1,0,0,0,1
1,0,0,0,1
1,0,0,0,1
2,0,0,0,2
1,0,0,0,1
1,0,0,0,1
1,0,0,0,1
1,0,0,0,1
1,0,0,0,1
4,0,0,0,4
4,0,0,0,4
1,0,0,0,1
1,0,0,0,1
1,0,0,0,1
1,0,0,0,1
2,0,0,0,2
2,0,0,0,2
1,0,0,0,1
1,0,0,0,1
1,0,0,0,1
1,0,0,0,1
1,0,0,0,1
1,0,0,0,1
1,0,0,0,1
1,0,0,0,1
2,0,0,0,2
1,0,0,0,1
1,0,0,0,1
1,0,0,0,1
1,0,0,0,1
1,0,0,0,1
1,0,0,0,1
1,0,0,0,1
1,0,0,0,1
1,0,0,0,1
1,0,0,0,1
1,0,0,0,1
1,0,0,0,1
1,0,0,0,1
1,0,0,0,1
1,0,1,0,2
1,0,0,0,1
1,0,0,0,1
1,0,0,0,1
2,0,0,0,2
1,0,0,0,1
1,0,0,0,1
1,0,0,0,1
2,0,0,0,2
1,0,0,0,1
2,0,0,0,2
2,0,0,0,2
1,0,0,0,1
1,0,0,0,1
1,0,0,0,1
1,0,0,0,1
1,0,0,0,1
1,0,0,0,1
1,0,0,0,1
1,0,0,0,1
1,0,0,0,1
1,0,0,0,1
2,0,0,0,2
1,0,0,0,1
1,0,0,0,1
1,0,0,0,1
1,0,0,0,1
1,0,0,0,1
1,0,0,0,1
1,0,0,0,1
1,0,0,0,1
1,10,0,0,11
1,0,0,0,1
1,0,0,0,1
1,0,0,0,1
1,0,0,0,1
4,1,1,0,6
2,1,1,0,4
2,0,0,0,2
4,0,0,0,4
2,0,0,0,2
1,0,0,0,1
1,0,0,0,1
1,0,0,0,1
4,0,0,0,4
1,0,0,0,1
1,0,0,0,1
1,0,0,0,1
4,0,0,0,4
1,0,0,0,1
1,0,0,0,1
1,0,0,0,1
1,0,0,0,1
1,0,0,0,1
1,0,0,0,1
1,0,0,0,1
1,0,0,0,1
2,0,0,0,2
2,0,0,0,2
1,0,0,0,1
1,0,0,0,1
1,0,0,0,1
1,0,0,0,1
2,2,0,0,4
1,0,0,0,1
1,0,0,0,1
1,0,0,0,1
1,0,0,0,1
1,0,0,0,1
1,0,0,0,1
1,0,0,0,1
1,0,0,0,1
1,0,0,0,1
2,0,0,0,2
4,0,0,0,4
1,0,0,0,1
1,0,0,0,1
1,0,0,0,1
2,0,0,0,2
1,0,0,0,1
1,0,0,0,1
2,3,0,0,5
1,0,0,0,1
1,0,0,0,1
3,0,0,0,3
1,0,0,0,1
2,0,0,0,2
1,0,0,0,1
2,0,0,0,2
1,0,0,0,1
1,0,0,0,1
1,0,0,0,1
1,0,0,0,1
2,0,0,0,2
1,0,0,0,1
1,0,0,0,1
2,0,0,0,2
1,0,0,0,1
1,0,0,0,1
1,0,0,0,1
2,0,0,0,2
1,0,0,0,1
2,0,0,0,2
1,0,0,0,1
1,0,0,0,1
1,0,0,0,1
1,0,0,0,1
5,0,0,0,5
1,4,2,0,7
3,4,0,0,7
1,0,0,0,1
1,0,0,0,1
1,0,0,0,1
2,0,0,0,2
1,0,0,0,1
1,0,0,0,1
1,0,0,0,1
1,0,0,0,1
1,0,0,0,1
1,0,0,0,1
1,0,0,0,1
1,0,0,0,1
1,0,0,0,1
1,0,0,0,1
1,0,0,0,1
1,0,0,0,1
1,0,0,0,1
3,3,0,0,6
2,0,0,0,2
3,0,0,0,3
1,0,0,0,1
1,0,0,0,1
1,0,0,0,1
1,0,0,0,1
2,0,0,0,2
3,0,0,0,3
1,0,0,0,1
1,0,0,0,1
1,0,0,0,1
1,0,0,0,1
1,0,0,0,1
1,0,0,0,1
3,0,0,0,3
5,0,0,0,5
1,0,0,0,1
1,0,0,0,1
1,0,0,0,1
1,0,0,0,1
1,0,0,0,1
1,0,0,0,1
1,0,0,0,1
4,0,1,0,5
1,0,0,0,1
1,0,0,0,1
1,0,0,0,1
1,0,0,0,1
5,0,0,0,5
2,0,0,0,2
1,0,0,0,1
1,0,0,0,1
1,0,0,0,1
1,0,0,0,1
1,0,0,0,1
1,0,0,0,1
1,0,0,0,1
1,0,0,0,1
3,0,0,0,3
1,0,0,0,1
1,0,0,0,1
2,0,0,0,2
2,0,0,0,2
1,15,0,0,16
1,0,0,0,1
2,0,0,0,2
1,0,2,0,3
1,0,0,0,1
1,0,0,0,1
2,0,0,0,2
1,0,0,0,1
1,0,0,0,1
3,1,0,0,4
1,0,0,0,1
1,0,0,0,1
1,0,0,0,1
1,0,0,0,1
1,0,0,0,1
1,0,0,0,1
2,0,0,0,2
1,2,0,0,3
1,0,0,0,1
1,0,0,0,1
1,0,0,0,1
1,0,0,0,1
1,0,0,0,1
1,0,0,0,1
1,0,0,0,1
1,0,0,0,1
1,0,0,0,1
1,0,0,0,1
2,0,0,0,2
2,0,0,0,2
1,0,0,0,1
1,0,0,0,1
1,4,0,0,5
1,0,0,0,1
1,0,0,0,1
3,0,0,0,3
1,0,0,0,1
1,0,0,0,1
2,0,0,0,2
1,0,0,0,1
1,0,0,0,1
2,0,0,0,2
1,0,0,0,1
1,0,0,0,1
1,0,0,0,1
1,0,0,0,1
2,0,0,0,2
2,0,0,0,2
3,0,0,0,3
2,0,0,0,2
1,0,0,0,1
1,0,0,0,1
1,0,0,0,1
2,0,0,0,2
1,0,0,0,1
1,0,0,0,1
1,0,0,0,1
1,0,0,0,1
1,0,0,0,1
1,0,0,0,1
2,0,0,0,2
1,0,0,0,1
1,0,0,0,1
1,5,0,0,6
1,0,0,0,1
1,0,0,0,1
1,0,0,0,1
1,0,0,0,1
1,0,0,0,1
1,0,0,0,1
2,0,0,0,2
1,4,0,0,5
2,0,0,0,2
1,0,0,0,1
1,0,0,0,1
1,0,0,0,1
1,0,0,0,1
1,0,0,0,1
2,0,0,0,2
1,0,0,0,1
1,0,0,0,1
1,0,0,0,1
1,0,0,0,1
1,0,0,0,1
1,0,0,0,1
1,0,0,0,1
1,0,0,0,1
1,0,0,0,1
1,0,0,0,1
1,0,0,0,1
1,0,0,0,1
1,0,0,0,1
2,0,0,0,2
1,0,0,0,1
1,0,0,0,1
4,0,0,0,4
1,0,0,0,1
1,0,0,0,1
2,0,0,0,2
1,0,0,0,1
1,0,0,0,1
1,0,0,0,1
1,0,0,0,1
1,0,0,0,1
1,0,0,0,1
1,0,0,0,1
1,0,0,0,1
2,0,0,0,2
1,0,0,0,1
1,0,0,0,1
1,0,0,0,1
1,0,0,0,1
1,0,0,0,1
1,0,0,0,1
1,0,0,0,1
1,0,0,0,1
2,0,0,0,2
1,0,0,0,1
1,0,0,0,1
1,0,0,0,1
1,0,0,0,1
1,0,0,0,1
3,0,0,0,3
1,0,0,0,1
1,0,0,0,1
1,0,0,0,1
2,0,0,0,2
1,0,0,0,1
1,0,0,0,1
1,0,0,0,1
1,0,0,0,1
1,0,0,0,1
1,0,0,0,1
1,0,0,0,1
1,0,0,0,1
2,0,0,0,2
1,0,0,0,1
1,0,0,0,1
2,0,0,0,2
2,0,0,0,2
1,0,0,0,1
1,0,0,0,1
3,0,0,0,3
1,0,0,0,1
1,0,0,0,1
1,0,0,0,1
2,0,0,0,2
1,0,0,0,1
1,0,0,0,1
1,0,0,0,1
1,0,0,0,1
1,0,0,0,1
2,0,0,0,2
1,0,0,0,1
1,0,0,0,1
3,0,0,0,3
2,0,0,0,2
2,0,0,0,2
1,0,0,0,1
1,0,0,0,1
2,0,0,0,2
1,0,0,0,1
1,0,0,0,1
1,0,0,0,1
1,0,0,0,1
1,0,0,0,1
1,0,0,0,1
1,0,0,0,1
1,0,0,0,1
1,0,0,0,1
1,0,0,0,1
1,0,0,0,1
1,0,0,0,1
1,0,0,0,1
1,0,0,0,1
2,0,0,0,2
1,0,0,0,1
1,0,0,0,1
1,0,0,0,1
2,0,0,0,2
1,0,0,0,1
2,0,0,0,2
2,0,0,0,2
1,0,0,0,1
1,0,0,0,1
2,0,0,0,2
5,0,0,0,5
2,0,0,0,2
1,0,0,0,1
1,0,0,0,1
1,0,0,0,1
1,0,0,0,1
1,0,0,0,1
1,0,0,0,1
3,1,0,0,4
1,0,0,0,1
1,0,0,0,1
1,0,0,0,1
1,0,0,0,1
1,0,0,0,1
1,0,0,0,1
1,0,0,0,1
2,0,0,0,2
1,0,0,0,1
1,0,0,0,1
1,0,0,0,1
1,0,0,0,1
8,0,0,0,8
1,0,0,0,1
1,0,0,0,1
1,0,0,0,1
1,0,0,0,1
1,0,0,0,1
1,0,0,0,1
1,0,0,0,1
1,0,0,0,1
1,0,0,0,1
1,0,0,0,1
3,0,0,0,3
1,0,0,0,1
1,0,0,0,1
1,0,0,0,1
1,0,0,0,1
2,0,0,0,2
2,0,0,0,2
1,0,0,0,1
2,0,0,0,2
1,0,0,0,1
3,0,0,0,3
1,0,0,0,1
1,0,0,0,1
2,0,0,0,2
2,0,0,0,2
1,0,0,0,1
1,0,0,0,1
4,0,0,0,4
1,0,0,0,1
1,0,0,0,1
1,0,0,0,1
1,0,0,0,1
2,0,0,0,2
1,0,0,0,1
2,0,0,0,2
1,0,0,0,1
1,0,0,0,1
1,0,0,0,1
1,0,0,0,1
1,0,0,0,1
1,0,0,0,1
1,0,0,0,1
2,0,0,0,2
1,0,0,0,1
1,0,0,0,1
1,0,0,0,1
1,0,0,0,1
1,0,0,0,1
1,0,0,0,1
2,0,0,0,2
1,0,0,0,1
1,0,0,0,1
1,0,0,0,1
1,0,0,0,1
1,0,0,0,1
2,0,0,0,2
1,0,0,0,1
1,0,0,0,1
1,0,0,0,1
1,0,0,0,1
1,0,0,0,1
1,0,0,0,1
1,0,0,0,1
1,0,0,0,1
1,0,0,0,1
1,0,0,0,1
1,0,0,0,1
1,0,0,0,1
3,1,0,0,4
3,0,0,0,3
3,9,0,0,12
2,0,0,0,2
1,0,0,0,1
1,0,0,0,1
1,0,0,0,1
1,0,0,0,1
3,3,0,0,6
3,0,0,0,3
1,0,0,0,1
1,0,0,0,1
2,1,0,0,3
1,0,0,0,1
1,0,0,0,1
1,0,0,0,1
3,0,0,0,3
1,0,0,0,1
1,0,0,0,1
1,0,0,0,1
3,0,0,0,3
1,0,0,0,1
1,0,0,0,1
1,0,0,0,1
1,0,0,0,1
1,0,0,0,1
1,0,0,0,1
1,0,0,0,1
1,0,0,0,1
1,0,0,0,1
1,0,0,0,1
1,0,0,0,1
2,0,0,0,2
1,0,0,0,1
1,0,0,0,1
1,0,0,0,1
1,0,0,0,1
1,0,0,0,1
1,0,0,0,1
1,0,0,0,1
1,0,0,0,1
1,0,0,0,1
1,0,0,0,1
1,0,0,0,1
2,0,0,0,2
1,0,0,0,1
1,0,0,0,1
1,0,0,0,1
5,0,0,0,5
1,0,0,0,1
1,0,0,0,1
1,0,0,0,1
1,0,0,0,1
2,0,0,0,2
4,0,0,0,4
1,0,0,0,1
3,0,0,0,3
1,0,0,0,1
1,0,0,0,1
1,0,0,0,1
1,0,0,0,1
1,0,0,0,1
1,0,0,0,1
1,3,0,0,4
1,0,0,0,1
1,0,0,0,1
2,0,0,0,2
1,0,0,0,1
1,0,0,0,1
1,0,0,0,1
1,0,0,0,1
3,3,0,0,6
1,0,0,0,1
1,0,0,0,1
1,0,0,0,1
1,0,0,0,1
1,0,0,0,1
1,0,0,0,1
1,0,0,0,1
1,0,0,0,1
1,0,0,0,1
1,0,0,0,1
1,0,0,0,1
1,0,0,0,1
1,0,0,0,1
2,0,0,0,2
1,0,0,0,1
1,0,0,0,1
1,0,0,0,1
1,0,0,0,1
2,0,0,0,2
1,0,0,0,1
1,0,0,0,1
3,0,2,0,5
1,0,0,0,1
3,0,0,0,3
1,0,0,0,1
2,0,0,0,2
1,0,0,0,1
2,2,0,0,4
1,0,0,0,1
3,0,0,0,3
1,0,1,0,2
1,0,0,0,1
1,0,0,0,1
1,0,0,0,1
1,0,0,0,1
1,0,0,0,1
1,0,0,0,1
1,1,0,0,2
1,0,0,0,1
1,0,0,0,1
1,0,0,0,1
1,0,0,0,1
1,0,0,0,1
1,0,0,0,1
1,0,0,0,1
1,0,0,0,1
1,0,0,0,1
1,0,0,0,1
1,0,0,0,1
2,0,0,0,2
2,0,0,0,2
2,0,0,0,2
1,0,0,0,1
1,0,0,0,1
1,0,0,0,1
2,1,0,0,3
1,0,0,0,1
2,0,0,0,2
1,0,0,0,1
1,0,0,0,1
1,0,0,0,1
2,0,0,0,2
1,0,0,0,1
1,0,0,0,1
1,0,0,0,1
1,0,0,0,1
1,0,0,0,1
1,0,0,0,1
1,0,0,0,1
1,0,0,0,1
1,0,0,0,1
1,0,0,0,1
3,0,0,0,3
1,0,0,0,1
1,0,0,0,1
1,0,0,0,1
1,0,0,0,1
1,0,0,0,1
1,0,0,0,1
1,0,0,0,1
2,0,0,0,2
1,0,0,0,1
1,0,0,0,1
1,0,0,0,1
1,0,0,0,1
1,0,0,0,1
1,0,0,0,1
1,0,0,0,1
1,0,0,0,1
1,0,0,0,1
1,0,0,0,1
1,0,0,0,1
4,0,0,0,4
1,0,0,0,1
1,0,0,0,1
1,0,0,0,1
1,0,0,0,1
1,0,0,0,1
2,0,0,0,2
2,0,0,0,2
2,0,0,0,2
1,0,0,0,1
1,0,0,0,1
1,0,0,0,1
1,0,0,0,1
2,0,0,0,2
1,0,0,0,1
1,0,0,0,1
1,0,0,0,1
1,0,0,0,1
1,0,0,0,1
3,0,0,0,3
1,0,0,0,1
1,0,0,0,1
3,0,0,0,3
1,0,0,0,1
1,0,0,0,1
1,0,0,0,1
1,0,0,0,1
1,0,0,0,1
4,0,0,0,4
1,0,0,0,1
1,0,0,0,1
2,0,0,0,2
2,0,0,0,2
1,0,0,0,1
1,0,0,0,1
2,0,0,0,2
1,0,0,0,1
1,1,0,0,2
1,0,0,0,1
1,0,0,0,1
1,0,0,0,1
1,0,0,0,1
1,0,0,0,1
1,0,0,0,1
1,0,0,0,1
1,0,0,0,1
1,0,0,0,1
1,0,0,0,1
1,0,0,0,1
1,0,0,0,1
1,0,0,0,1
1,0,0,0,1
1,0,0,0,1
1,0,0,0,1
1,0,0,0,1
1,0,0,0,1
2,0,0,0,2
1,0,0,0,1
1,0,0,0,1
1,0,0,0,1
1,0,0,0,1
1,0,0,0,1
1,0,0,0,1
1,0,0,0,1
1,0,0,0,1
5,1,0,0,6
2,0,0,0,2
1,0,0,0,1
2,0,0,0,2
1,0,0,0,1
1,0,0,0,1
2,0,0,0,2
1,0,0,0,1
1,0,0,0,1
1,0,0,0,1
2,0,0,0,2
4,0,0,0,4
1,0,0,0,1
2,0,0,0,2
1,0,0,0,1
1,0,0,0,1
1,0,0,0,1
1,0,0,0,1
1,0,0,0,1
1,0,0,0,1
1,0,0,0,1
1,0,0,0,1
1,0,0,0,1
1,0,0,0,1
1,0,0,0,1
1,0,0,0,1
1,0,0,0,1
1,0,0,0,1
1,0,0,0,1
1,0,0,0,1
2,0,0,0,2
1,0,0,0,1
2,29,0,0,31
1,0,0,0,1
3,0,0,0,3
2,0,0,0,2
1,0,0,0,1
2,0,0,0,2
1,0,0,0,1
1,0,0,0,1
1,0,0,0,1
1,0,0,0,1
3,0,0,0,3
1,0,0,0,1
3,0,0,0,3
1,0,0,0,1
1,0,0,0,1
1,0,0,0,1
1,0,0,0,1
1,0,0,0,1
2,0,0,0,2
1,0,0,0,1
1,0,0,0,1
1,0,0,0,1
2,0,0,0,2
1,0,0,0,1
1,0,0,0,1
1,0,0,0,1
1,0,0,0,1
2,0,0,0,2
1,0,0,0,1
1,0,0,0,1
1,0,0,0,1
1,0,0,0,1
1,0,0,0,1
3,1,1,0,5
1,0,0,0,1
1,0,0,0,1
1,0,0,0,1
1,0,0,0,1
1,0,0,0,1
3,0,0,0,3
1,0,0,0,1
1,0,0,0,1
1,0,0,0,1
1,0,0,0,1
1,0,0,0,1
1,0,0,0,1
3,0,0,0,3
1,0,0,0,1
2,0,0,0,2
3,0,0,0,3
1,1,0,0,2
1,0,0,0,1
1,0,0,0,1
2,0,0,0,2
1,0,0,0,1
4,0,0,0,4
2,13,4,0,19
1,0,0,0,1
1,0,0,0,1
1,0,0,0,1
1,0,0,0,1
1,0,0,0,1
1,0,0,0,1
1,0,0,0,1
1,0,0,0,1
1,0,0,0,1
1,0,0,0,1
1,0,0,0,1
1,0,0,0,1
1,0,0,0,1
1,0,0,0,1
1,0,0,0,1
1,0,0,0,1
1,0,0,0,1
1,0,0,0,1
1,0,0,0,1
2,0,0,0,2
2,0,0,0,2
1,0,0,0,1
1,0,0,0,1
1,0,0,0,1
1,0,0,0,1
1,0,0,0,1
1,0,0,0,1
1,0,0,0,1
1,0,0,0,1
1,0,0,0,1
2,0,0,0,2
1,0,0,0,1
1,0,0,0,1
1,0,0,0,1
1,0,0,0,1
1,0,0,0,1
1,0,0,0,1
1,0,0,0,1
4,1,0,0,5
4,1,0,0,5
1,0,0,0,1
1,0,0,0,1
3,0,0,0,3
1,0,0,0,1
1,0,0,0,1
1,0,0,0,1
1,0,0,0,1
1,0,0,0,1
8,0,0,0,8
1,0,0,0,1
1,0,0,0,1
1,0,0,0,1
1,0,0,0,1
1,0,0,0,1
2,0,0,0,2
2,0,0,0,2
1,0,0,0,1
4,0,0,0,4
1,0,0,0,1
1,14,0,0,15
1,0,0,0,1
1,0,0,0,1
1,0,0,0,1
1,0,0,0,1
1,0,0,0,1
1,1,1,0,3
1,1,1,0,3
1,0,0,0,1
1,0,0,0,1
2,0,0,0,2
1,0,0,0,1
3,0,0,0,3
1,0,0,0,1
1,0,0,0,1
2,0,0,0,2
1,0,0,0,1
1,0,0,0,1
1,0,0,0,1
1,0,0,0,1
2,0,0,0,2
1,0,0,0,1
1,0,0,0,1
2,0,0,0,2
1,0,0,0,1
1,0,0,0,1
1,0,0,0,1
1,0,0,0,1
3,0,0,0,3
1,0,0,0,1
1,0,0,0,1
1,0,0,0,1
1,0,0,0,1
1,0,0,0,1
1,0,0,0,1
1,0,0,0,1
2,0,0,0,2
1,0,0,0,1
1,0,0,0,1
1,0,0,0,1
1,0,0,0,1
1,0,0,0,1
1,0,0,0,1
1,0,0,0,1
1,0,0,0,1
4,21,0,0,25
1,0,0,0,1
1,5,0,0,6
1,0,0,0,1
2,0,0,0,2
1,0,0,0,1
1,0,0,0,1
1,0,0,0,1
2,0,0,0,2
1,0,0,0,1
1,0,0,0,1
1,0,0,0,1
1,0,0,0,1
1,8,0,0,9
1,0,0,0,1
1,0,0,0,1
1,0,0,0,1
1,0,0,0,1
1,0,0,0,1
1,0,0,0,1
1,0,0,0,1
2,1,0,0,3
1,0,0,0,1
1,0,0,0,1
2,0,0,0,2
1,0,0,0,1
1,0,0,0,1
1,0,0,0,1
2,0,0,0,2
1,0,0,0,1
1,0,0,0,1
1,0,0,0,1
2,0,0,0,2
1,0,0,0,1
2,0,0,0,2
1,0,0,0,1
1,0,0,0,1
1,0,0,0,1
1,0,0,0,1
1,0,0,0,1
1,3,0,0,4
1,0,0,0,1
1,0,0,0,1
1,0,0,0,1
1,0,0,0,1
1,0,0,0,1
1,0,0,0,1
1,0,0,0,1
1,0,0,0,1
1,0,0,0,1
2,0,0,0,2
1,0,0,0,1
3,0,0,0,3
1,0,0,0,1
2,0,0,0,2
1,0,0,0,1
1,0,0,0,1
2,0,0,0,2
6,0,0,0,6
1,0,0,0,1
1,0,0,0,1
1,0,0,0,1
1,0,0,0,1
1,0,0,0,1
1,0,0,0,1
1,0,0,0,1
2,0,0,0,2
1,0,0,0,1
1,0,0,0,1
1,0,0,0,1
1,0,0,0,1
3,0,0,0,3
1,0,0,0,1
3,0,0,0,3
1,0,0,0,1
1,0,0,0,1
1,0,0,0,1
1,0,0,0,1
1,0,0,0,1
2,2,0,0,4
1,0,0,0,1
1,0,0,0,1
1,0,0,0,1
1,0,0,0,1
1,0,0,0,1
2,0,0,0,2
1,0,0,0,1
1,0,0,0,1
2,0,0,0,2
1,0,0,0,1
1,0,0,0,1
1,0,0,0,1
1,0,0,0,1
1,0,0,0,1
2,0,0,0,2
1,0,0,0,1
1,0,0,0,1
1,0,0,0,1
1,0,0,0,1
1,0,0,0,1
1,0,0,0,1
1,1,0,0,2
1,0,0,0,1
1,0,0,0,1
1,0,0,0,1
2,1,0,0,3
1,0,0,0,1
1,0,0,0,1
1,0,0,0,1
1,0,0,0,1
1,0,0,0,1
1,0,0,0,1
1,0,0,0,1
1,0,0,0,1
1,0,0,0,1
1,0,0,0,1
1,0,0,0,1
1,0,0,0,1
2,0,0,0,2
1,0,0,0,1
1,0,0,0,1
1,0,0,0,1
1,0,0,0,1
1,0,0,0,1
2,0,0,0,2
1,0,0,0,1
1,0,0,0,1
1,0,0,0,1
1,0,0,0,1
1,0,0,0,1
1,0,2,0,3
1,0,0,0,1
1,0,0,0,1
1,0,0,0,1
2,0,0,0,2
3,0,0,0,3
1,0,0,0,1
1,0,0,0,1
3,0,0,0,3
1,0,0,0,1
1,0,0,0,1
1,0,0,0,1
3,0,0,0,3
1,0,0,0,1
1,0,0,0,1
1,2,0,0,3
1,0,0,0,1
1,0,0,0,1
2,0,0,0,2
1,0,0,0,1
1,0,0,0,1
1,0,0,0,1
1,0,0,0,1
1,0,0,0,1
1,0,0,0,1
1,0,0,0,1
1,0,0,0,1
1,0,0,0,1
1,0,0,0,1
1,0,0,0,1
1,0,0,0,1
1,0,0,0,1
1,0,0,0,1
1,0,0,0,1
1,0,0,0,1
1,0,0,0,1
2,0,0,0,2
1,0,0,0,1
1,2,1,0,4
1,0,0,0,1
1,0,0,0,1
1,0,0,0,1
1,0,0,0,1
1,0,0,0,1
1,0,0,0,1
2,0,0,0,2
1,0,0,0,1
1,3,0,0,4
1,0,0,0,1
1,0,0,0,1
2,0,0,0,2
1,0,0,0,1
2,0,0,0,2
1,0,0,0,1
2,0,0,0,2
1,0,0,0,1
2,0,0,0,2
1,0,0,0,1
1,0,0,0,1
1,0,0,0,1
1,0,0,0,1
1,0,0,0,1
1,0,0,0,1
1,0,0,0,1
1,0,0,0,1
2,0,0,0,2
2,0,0,0,2
4,1,0,0,5
1,0,0,0,1
1,0,0,0,1
3,0,0,0,3
1,0,0,0,1
1,0,0,0,1
1,0,0,0,1
1,2,0,0,3
3,16,0,0,19
1,0,0,0,1
2,0,0,0,2
1,0,0,0,1
1,0,0,0,1
1,0,0,0,1
1,0,0,0,1
1,0,0,0,1
1,0,0,0,1
1,0,0,0,1
1,0,0,0,1
1,0,0,0,1
1,0,0,0,1
1,0,0,0,1
2,1,0,0,3
1,0,0,0,1
1,0,0,0,1
2,0,0,0,2
3,0,0,0,3
4,0,0,0,4
1,0,0,0,1
2,0,0,0,2
1,0,0,0,1
1,0,0,0,1
1,0,0,0,1
1,0,0,0,1
1,0,0,0,1
1,0,0,0,1
1,0,0,0,1
1,0,0,0,1
1,0,0,0,1
2,0,0,0,2
1,0,0,0,1
1,0,0,0,1
1,0,0,0,1
2,0,0,0,2
1,0,0,0,1
5,0,0,0,5
2,0,0,0,2
1,0,0,0,1
1,0,0,0,1
2,1,0,0,3
2,0,0,0,2
1,0,0,0,1
1,0,0,0,1
1,0,0,0,1
1,0,0,0,1
1,0,0,0,1
1,0,0,0,1
1,0,0,0,1
1,0,0,0,1
1,0,0,0,1
1,0,0,0,1
1,0,0,0,1
1,0,0,0,1
1,0,0,0,1
1,0,0,0,1
1,0,0,0,1
1,0,0,0,1
1,0,0,0,1
1,0,0,0,1
1,0,0,0,1
1,0,0,0,1
1,0,0,0,1
1,0,0,0,1
3,0,0,0,3
1,0,0,0,1
1,0,0,0,1
1,0,0,0,1
1,0,0,0,1
1,0,0,0,1
1,0,0,0,1
2,0,0,0,2
1,0,0,0,1
1,0,0,0,1
3,0,0,0,3
1,0,0,0,1
1,0,0,0,1
1,0,0,0,1
1,0,0,0,1
1,10,1,0,12
2,0,0,0,2
1,0,0,0,1
1,0,0,0,1
2,0,0,0,2
1,0,0,0,1
1,0,0,0,1
1,0,0,0,1
1,0,0,0,1
1,0,0,0,1
1,0,0,0,1
1,0,0,0,1
1,0,0,0,1
1,0,0,0,1
1,0,0,0,1
1,0,0,0,1
1,0,0,0,1
1,0,0,0,1
1,0,0,0,1
1,0,0,0,1
1,0,0,0,1
5,2,0,0,7
1,0,0,0,1
1,0,0,0,1
1,0,0,0,1
3,0,0,0,3
1,0,0,0,1
1,0,0,0,1
1,0,0,0,1
1,0,0,0,1
1,0,0,0,1
1,0,0,0,1
2,0,0,0,2
2,0,0,0,2
1,0,0,0,1
1,0,0,0,1
1,0,0,0,1
1,0,0,0,1
1,0,0,0,1
1,0,0,0,1
1,0,0,0,1
2,0,0,0,2
4,0,0,0,4
1,0,0,0,1
1,0,0,0,1
1,0,0,0,1
1,0,0,0,1
1,0,0,0,1
1,0,0,0,1
1,0,0,0,1
2,0,0,0,2
2,0,0,0,2
1,0,0,0,1
2,0,0,0,2
3,0,0,0,3
3,0,0,0,3
1,0,0,0,1
1,0,0,0,1
1,0,0,0,1
1,0,0,0,1
1,0,0,0,1
1,0,0,0,1
1,0,0,0,1
1,0,0,0,1
1,0,0,0,1
1,0,0,0,1
1,0,0,0,1
1,0,0,0,1
1,1,0,0,2
1,0,0,0,1
1,1,0,0,2
1,0,0,0,1
12,0,0,0,12
1,0,0,0,1
3,0,0,0,3
1,0,0,0,1
1,0,0,0,1
1,0,0,0,1
2,0,0,0,2
1,0,0,0,1
1,0,0,0,1
1,0,0,0,1
1,0,0,0,1
1,0,0,0,1
5,0,0,0,5
1,0,0,0,1
2,0,0,0,2
1,0,0,0,1
2,0,0,0,2
1,0,0,0,1
5,9,0,0,14
1,0,0,0,1
2,0,0,0,2
1,0,0,0,1
1,0,0,0,1
1,0,0,0,1
1,0,0,0,1
1,0,0,0,1
1,0,0,0,1
1,0,0,0,1
2,0,0,0,2
1,0,0,0,1
1,0,0,0,1
2,0,0,0,2
1,0,0,0,1
2,0,0,0,2
1,0,0,0,1
1,0,0,0,1
1,0,0,0,1
2,0,0,0,2
1,0,0,0,1
1,0,0,0,1
1,0,0,0,1
2,0,0,0,2
1,0,0,0,1
1,0,0,0,1
1,0,0,0,1
2,0,0,0,2
1,0,0,0,1
2,0,0,0,2
1,0,0,0,1
1,0,0,0,1
2,0,0,0,2
1,0,0,0,1
1,0,0,0,1
1,0,0,0,1
2,0,0,0,2
1,0,0,0,1
1,0,0,0,1
1,0,0,0,1
1,0,0,0,1
1,0,0,0,1
1,0,0,0,1
2,4,0,0,6
1,0,0,0,1
1,0,0,0,1
1,0,0,0,1
2,0,0,0,2
2,0,0,0,2
1,0,0,0,1
1,0,0,0,1
1,0,0,0,1
2,1,0,0,3
1,7,0,0,8
1,0,0,0,1
1,0,0,0,1
5,0,0,0,5
1,0,0,0,1
2,0,0,0,2
1,0,0,0,1
1,0,0,0,1
2,0,0,0,2
1,0,0,0,1
1,0,0,0,1
1,0,0,0,1
1,0,0,0,1
1,0,0,0,1
2,0,0,0,2
1,0,0,0,1
1,0,0,0,1
4,0,0,0,4
3,0,0,0,3
1,0,0,0,1
1,0,0,0,1
1,0,0,0,1
1,0,0,0,1
1,0,0,0,1
1,0,0,0,1
1,0,0,0,1
2,0,0,0,2
1,0,0,0,1
2,0,0,0,2
1,0,0,0,1
1,0,0,0,1
1,0,0,0,1
1,0,0,0,1
2,0,0,0,2
1,0,0,0,1
1,0,0,0,1
1,0,0,0,1
1,0,0,0,1
2,0,0,0,2
1,0,0,0,1
1,1,1,0,3
2,0,0,0,2
1,0,0,0,1
1,0,0,0,1
1,0,0,0,1
1,0,0,0,1
2,0,0,0,2
1,0,0,0,1
1,0,0,0,1
2,0,0,0,2
1,0,0,0,1
1,0,0,0,1
1,0,0,0,1
1,0,0,0,1
1,0,0,0,1
1,0,0,0,1
1,0,0,0,1
2,0,0,0,2
1,0,0,0,1
1,0,0,0,1
5,2,0,0,7
2,0,0,0,2
1,0,0,0,1
5,0,0,0,5
1,0,0,0,1
1,0,0,0,1
1,0,0,0,1
1,0,0,0,1
1,0,0,0,1
1,0,0,0,1
1,0,0,0,1
1,0,0,0,1
1,0,0,0,1
3,0,0,0,3
2,0,0,0,2
1,0,0,0,1
1,0,0,0,1
2,0,0,0,2
1,0,0,0,1
1,0,0,0,1
1,0,0,0,1
2,0,0,0,2
1,0,0,0,1
1,0,0,0,1
1,0,0,0,1
1,0,0,0,1
1,0,0,0,1
1,0,0,0,1
1,0,0,0,1
1,0,0,0,1
1,0,0,0,1
1,0,0,0,1
1,0,0,0,1
1,0,0,0,1
1,0,0,0,1
1,0,0,0,1
1,9,2,0,12
1,0,0,0,1
1,0,0,0,1
3,0,0,0,3
2,0,0,0,2
1,0,0,0,1
1,0,0,0,1
1,0,0,0,1
1,0,0,0,1
3,0,0,0,3
1,0,0,0,1
1,0,0,0,1
1,0,0,0,1
1,0,0,0,1
1,4,0,0,5
1,0,0,0,1
1,1,0,0,2
1,0,0,0,1
1,0,0,0,1
1,0,0,0,1
1,0,0,0,1
1,0,0,0,1
1,0,0,0,1
1,0,0,0,1
1,0,0,0,1
1,0,0,0,1
1,0,0,0,1
1,0,0,0,1
1,0,0,0,1
1,0,0,0,1
1,0,0,0,1
1,0,0,0,1
2,0,0,0,2
1,0,0,0,1
1,0,0,0,1
1,0,0,0,1
1,0,0,0,1
3,0,0,0,3
1,0,0,0,1
1,0,0,0,1
2,0,0,0,2
1,0,0,0,1
5,0,0,0,5
1,0,0,0,1
1,0,0,0,1
1,0,0,0,1
2,0,0,0,2
1,0,0,0,1
1,0,0,0,1
1,0,0,0,1
1,0,0,0,1
1,0,0,0,1
2,0,0,0,2
1,0,0,0,1
1,0,0,0,1
1,0,0,0,1
1,0,0,0,1
3,0,0,0,3
2,0,0,0,2
5,0,0,0,5
1,0,0,0,1
2,0,0,0,2
1,0,0,0,1
2,0,0,0,2
1,0,0,0,1
2,0,0,0,2
1,0,0,0,1
1,0,0,0,1
1,0,0,0,1
1,0,0,0,1
1,0,0,0,1
1,0,0,0,1
1,0,0,0,1
2,0,0,0,2
1,0,0,0,1
1,0,0,0,1
1,0,0,0,1
1,0,0,0,1
2,0,0,0,2
1,0,0,0,1
1,0,0,0,1
2,0,0,0,2
1,0,0,0,1
1,0,0,0,1
1,0,0,0,1
1,0,0,0,1
3,0,0,0,3
2,0,0,0,2
2,0,0,0,2
1,0,0,0,1
1,0,0,0,1
1,0,0,0,1
1,0,0,0,1
1,0,0,0,1
1,0,0,0,1
2,0,0,0,2
1,0,0,0,1
1,0,0,0,1
1,6,2,0,9
1,0,0,0,1
1,0,0,0,1
1,0,0,0,1
2,0,0,0,2
2,0,0,0,2
1,0,0,0,1
1,0,0,0,1
1,0,0,0,1
1,0,0,0,1
2,0,0,0,2
1,0,0,0,1
1,0,0,0,1
1,0,0,0,1
1,0,0,0,1
1,0,0,0,1
1,0,0,0,1
1,0,0,0,1
1,6,0,0,7
3,0,0,0,3
1,0,0,0,1
2,0,0,0,2
3,0,0,0,3
1,0,0,0,1
3,0,0,0,3
1,0,0,0,1
1,0,0,0,1
1,0,0,0,1
1,0,0,0,1
2,0,0,0,2
1,0,0,0,1
1,0,0,0,1
1,0,0,0,1
1,0,0,0,1
2,0,0,0,2
1,0,0,0,1
1,0,0,0,1
2,0,0,0,2
1,0,0,0,1
1,0,0,0,1
4,0,0,0,4
1,0,0,0,1
1,0,0,0,1
1,0,0,0,1
1,0,0,0,1
1,0,0,0,1
3,0,0,0,3
2,1,0,0,3
3,0,0,0,3
1,0,0,0,1
2,0,0,0,2
1,0,0,0,1
1,0,0,0,1
1,0,0,0,1
1,0,0,0,1
1,0,0,0,1
1,0,0,0,1
1,0,0,0,1
1,0,0,0,1
3,0,0,0,3
1,2,0,0,3
1,0,0,0,1
1,2,1,0,4
1,0,0,0,1
2,0,0,0,2
3,0,0,0,3
2,1,0,0,3
1,0,0,0,1
1,0,0,0,1
1,0,0,0,1
1,0,0,0,1
1,0,0,0,1
1,0,0,0,1
1,0,0,0,1
1,0,0,0,1
1,0,0,0,1
1,0,0,0,1
1,0,0,0,1
1,0,0,0,1
1,0,0,0,1
1,0,0,0,1
1,0,0,0,1
1,0,0,0,1
1,0,0,0,1
4,0,0,0,4
1,0,0,0,1
1,0,0,0,1
2,0,0,0,2
2,0,1,0,3
1,0,0,0,1
1,0,0,0,1
1,0,0,0,1
1,0,0,0,1
1,0,0,0,1
1,0,0,0,1
1,0,0,0,1
1,0,0,0,1
1,0,0,0,1
1,2,0,0,3
1,0,0,0,1
1,0,0,0,1
1,0,0,0,1
1,0,0,0,1
1,0,0,0,1
2,0,0,0,2
1,0,0,0,1
1,0,0,0,1
1,0,0,0,1
2,0,0,0,2
1,0,0,0,1
1,0,0,0,1
1,0,0,0,1
3,0,0,0,3
1,0,0,0,1
1,0,0,0,1
1,0,0,0,1
1,0,0,0,1
1,0,0,0,1
1,0,0,0,1
1,0,0,0,1
3,0,0,0,3
1,0,0,0,1
1,0,0,0,1
1,0,0,0,1
1,0,0,0,1
1,0,0,0,1
1,3,0,0,4
1,0,0,0,1
2,4,0,0,6
2,1,0,0,3
1,0,0,0,1
1,0,0,0,1
1,0,0,0,1
1,0,0,0,1
1,0,0,0,1
2,1,0,0,3
2,0,0,0,2
1,0,0,0,1
1,0,0,0,1
1,0,0,0,1
1,0,0,0,1
1,0,0,0,1
2,0,0,0,2
5,0,0,0,5
1,0,0,0,1
1,0,0,0,1
1,0,0,0,1
1,0,0,0,1
1,0,0,0,1
2,50,1,0,53
1,0,0,0,1
1,0,0,0,1
1,0,0,0,1
2,0,0,0,2
1,0,0,0,1
5,2,0,0,7
1,1,0,0,2
1,0,0,0,1
1,0,0,0,1
3,0,0,0,3
2,0,0,0,2
1,0,0,0,1
1,0,0,0,1
1,0,0,0,1
2,0,0,0,2
1,0,0,0,1
2,0,0,0,2
1,0,0,0,1
1,0,0,0,1
2,0,0,0,2
2,0,0,0,2
1,0,0,0,1
1,0,0,0,1
1,0,0,0,1
2,2,0,0,4
1,0,0,0,1
2,0,0,0,2
1,0,0,0,1
1,0,0,0,1
1,0,0,0,1
1,0,0,0,1
1,0,0,0,1
1,0,0,0,1
2,0,0,0,2
1,0,0,0,1
2,0,0,0,2
1,0,0,0,1
1,0,0,0,1
2,50,1,0,53
1,0,0,0,1
1,0,0,0,1
1,9,0,0,10
1,0,0,0,1
1,0,0,0,1
1,0,0,0,1
1,0,0,0,1
1,0,0,0,1
1,0,0,0,1
1,0,0,0,1
1,0,0,0,1
2,0,0,0,2
1,0,0,0,1
1,0,0,0,1
1,0,0,0,1
1,0,0,0,1
1,0,0,0,1
1,0,0,0,1
8,0,0,0,8
1,0,0,0,1
1,0,0,0,1
1,0,0,0,1
1,0,0,0,1
2,0,0,0,2
3,0,0,0,3
2,0,0,0,2
1,0,0,0,1
1,0,0,0,1
1,0,0,0,1
2,44,1,0,47
1,0,0,0,1
1,0,0,0,1
1,0,0,0,1
1,0,0,0,1
1,0,0,0,1
1,0,0,0,1
1,0,0,0,1
1,0,0,0,1
1,0,0,0,1
1,0,0,0,1
1,0,0,0,1
1,0,0,0,1
1,0,0,0,1
1,0,0,0,1
1,0,0,0,1
1,0,0,0,1
2,0,0,0,2
3,2,0,0,5
1,0,0,0,1
2,0,0,0,2
3,0,0,0,3
2,0,0,0,2
1,0,0,0,1
1,0,0,0,1
1,0,0,0,1
1,0,0,0,1
1,0,0,0,1
1,0,0,0,1
1,0,0,0,1
1,0,0,0,1
1,0,0,0,1
1,0,0,0,1
1,0,0,0,1
1,0,0,0,1
1,0,0,0,1
1,0,0,0,1
1,3,0,0,4
1,0,0,0,1
1,0,0,0,1
1,0,0,0,1
1,0,0,0,1
1,0,0,0,1
1,0,0,0,1
1,0,0,0,1
1,0,0,0,1
1,0,0,0,1
1,0,0,0,1
2,0,0,0,2
1,0,0,0,1
1,0,0,0,1
1,0,0,0,1
1,0,0,0,1
1,0,0,0,1
1,0,0,0,1
1,0,0,0,1
2,0,0,0,2
1,0,0,0,1
1,0,0,0,1
6,0,0,0,6
1,0,0,0,1
1,0,0,0,1
2,0,0,0,2
1,0,0,0,1
1,0,0,0,1
1,0,0,0,1
1,0,0,0,1
4,0,0,0,4
1,0,0,0,1
1,0,0,0,1
2,0,0,0,2
1,0,0,0,1
1,0,0,0,1
1,0,0,0,1
3,0,0,0,3
1,0,0,0,1
1,0,0,0,1
1,0,0,0,1
1,0,0,0,1
2,0,0,0,2
1,0,0,0,1
1,0,0,0,1
2,0,0,0,2
2,0,0,0,2
1,0,0,0,1
1,0,0,0,1
1,0,0,0,1
1,0,0,0,1
1,0,0,0,1
1,0,0,0,1
3,0,0,0,3
3,0,0,0,3
1,0,0,0,1
1,0,0,0,1
1,0,0,0,1
1,0,0,0,1
2,0,0,0,2
2,0,0,0,2
3,0,0,0,3
1,0,0,0,1
1,0,0,0,1
1,0,0,0,1
1,0,0,0,1
2,0,0,0,2
4,1,1,0,6
1,0,0,0,1
2,0,0,0,2
1,0,0,0,1
1,2,0,0,3
1,0,0,0,1
1,0,0,0,1
1,0,0,0,1
1,0,0,0,1
1,0,0,0,1
1,0,0,0,1
1,0,0,0,1
1,0,0,0,1
1,0,0,0,1
1,0,0,0,1
1,0,0,0,1
2,0,0,0,2
1,0,0,0,1
1,0,0,0,1
1,0,0,0,1
1,0,0,0,1
1,0,0,0,1
1,0,0,0,1
1,0,0,0,1
1,0,0,0,1
1,0,0,0,1
2,0,0,0,2
1,0,0,0,1
2,0,0,0,2
4,0,0,0,4
1,2,0,0,3
1,0,0,0,1
1,0,0,0,1
1,0,0,0,1
1,0,0,0,1
5,0,0,0,5
1,0,0,0,1
1,0,0,0,1
1,0,0,0,1
1,0,0,0,1
2,0,0,0,2
1,0,0,0,1
1,0,0,0,1
1,0,0,0,1
1,0,0,0,1
1,0,0,0,1
2,0,0,0,2
1,0,0,0,1
1,0,0,0,1
1,0,0,0,1
1,0,0,0,1
1,0,0,0,1
1,5,1,0,7
1,0,0,0,1
1,0,0,0,1
1,0,0,0,1
1,0,0,0,1
1,1,0,0,2
1,0,0,0,1
2,0,0,0,2
1,0,0,0,1
1,0,0,0,1
2,0,0,0,2
1,0,0,0,1
1,0,0,0,1
1,0,0,0,1
1,0,0,0,1
2,0,0,0,2
1,0,0,0,1
1,0,0,0,1
2,0,0,0,2
1,3,0,0,4
1,0,0,0,1
1,0,1,0,2
3,0,0,0,3
2,0,0,0,2
1,0,0,0,1
1,0,0,0,1
1,0,0,0,1
1,0,0,0,1
3,1,0,0,4
1,0,0,0,1
1,0,0,0,1
1,0,0,0,1
1,0,0,0,1
2,0,0,0,2
1,0,0,0,1
1,0,0,0,1
2,0,0,0,2
1,0,0,0,1
2,0,0,0,2
1,0,0,0,1
1,0,0,0,1
2,0,0,0,2
1,0,0,0,1
3,0,0,0,3
1,0,0,0,1
1,0,0,0,1
2,0,0,0,2
1,0,0,0,1
1,2,0,0,3
2,0,0,0,2
1,0,0,0,1
1,0,0,0,1
2,0,0,0,2
3,0,0,0,3
1,0,0,0,1
2,0,0,0,2
1,0,0,0,1
1,0,0,0,1
1,0,0,0,1
2,0,0,0,2
1,0,0,0,1
1,0,0,0,1
2,0,0,0,2
1,0,0,0,1
1,1,0,0,2
1,0,0,0,1
1,0,0,0,1
2,0,0,0,2
1,2,0,0,3
1,0,0,0,1
1,0,0,0,1
1,0,0,0,1
1,0,0,0,1
3,1,1,0,5
1,0,0,0,1
1,0,0,0,1
1,0,0,0,1
1,0,0,0,1
1,0,0,0,1
1,0,0,0,1
1,0,0,0,1
1,0,0,0,1
2,0,0,0,2
1,0,0,0,1
1,0,0,0,1
1,0,0,0,1
2,0,0,0,2
2,0,0,0,2
1,0,0,0,1
1,0,0,0,1
1,0,0,0,1
2,0,0,0,2
2,0,0,0,2
1,0,0,0,1
1,0,0,0,1
1,0,0,0,1
1,0,0,0,1
2,0,0,0,2
1,0,0,0,1
1,0,0,0,1
1,0,0,0,1
1,0,0,0,1
3,0,0,0,3
1,0,0,0,1
1,0,0,0,1
1,0,0,0,1
1,0,0,0,1
1,0,0,0,1
1,0,0,0,1
1,0,0,0,1
1,2,0,0,3
1,0,0,0,1
1,0,0,0,1
1,0,0,0,1
1,0,0,0,1
1,0,0,0,1
1,0,0,0,1
1,0,0,0,1
2,0,0,0,2
1,0,0,0,1
2,0,0,0,2
1,0,0,0,1
2,0,0,0,2
2,0,0,0,2
1,0,0,0,1
1,0,0,0,1
1,0,0,0,1
1,0,0,0,1
2,0,0,0,2
1,0,0,0,1
1,0,0,0,1
1,0,0,0,1
1,0,0,0,1
7,0,0,0,7
1,0,0,0,1
1,0,0,0,1
6,0,0,0,6
1,0,0,0,1
2,0,0,0,2
2,0,0,0,2
3,0,0,0,3
1,0,0,0,1
1,0,0,0,1
1,0,0,0,1
1,0,0,0,1
4,99,0,0,103
1,0,0,0,1
1,0,0,0,1
1,0,0,0,1
1,0,0,0,1
1,0,0,0,1
2,0,0,0,2
1,2,0,0,3
3,0,0,0,3
1,0,0,0,1
2,0,0,0,2
1,0,0,0,1
1,0,0,0,1
1,0,0,0,1
1,0,0,0,1
1,0,0,0,1
1,0,0,0,1
1,0,0,0,1
1,0,0,0,1
1,0,0,0,1
1,0,0,0,1
1,0,0,0,1
1,0,0,0,1
1,0,0,0,1
1,0,0,0,1
1,0,0,0,1
3,0,0,0,3
2,0,0,0,2
2,0,0,0,2
1,0,0,0,1
3,0,0,0,3
1,0,0,0,1
1,0,0,0,1
1,0,0,0,1
1,0,0,0,1
1,0,0,0,1
1,0,0,0,1
1,0,0,0,1
4,0,0,0,4
2,0,0,0,2
1,0,0,0,1
1,0,0,0,1
1,0,0,0,1
1,0,0,0,1
1,0,0,0,1
1,0,0,0,1
1,0,0,0,1
2,0,0,0,2
1,0,0,0,1
5,0,0,0,5
3,0,0,0,3
1,0,0,0,1
1,0,0,0,1
2,0,0,0,2
1,0,0,0,1
1,0,0,0,1
1,0,0,0,1
2,0,0,0,2
1,0,0,0,1
1,0,0,0,1
1,0,0,0,1
1,0,0,0,1
1,0,0,0,1
1,0,0,0,1
1,0,0,0,1
1,0,0,0,1
1,0,0,0,1
1,0,0,0,1
1,0,0,0,1
1,0,0,0,1
2,0,0,0,2
1,0,0,0,1
1,0,0,0,1
1,0,0,0,1
1,0,0,0,1
3,0,0,0,3
1,0,0,0,1
2,0,0,0,2
1,0,0,0,1
3,0,0,0,3
4,3,0,0,7
1,0,0,0,1
1,0,0,0,1
1,0,0,0,1
1,0,0,0,1
1,0,0,0,1
1,0,0,0,1
1,0,0,0,1
1,0,0,0,1
1,0,0,0,1
2,0,0,0,2
1,0,1,0,2
1,0,0,0,1
3,0,0,0,3
1,0,0,0,1
1,0,0,0,1
1,0,0,0,1
1,0,0,0,1
1,0,0,0,1
2,0,0,0,2
1,0,0,0,1
1,0,0,0,1
1,0,0,0,1
1,0,0,0,1
1,0,0,0,1
1,0,0,0,1
3,0,0,0,3
1,0,0,0,1
1,0,0,0,1
1,12,0,0,13
1,0,0,0,1
1,0,0,0,1
1,0,0,0,1
1,0,0,0,1
1,0,0,0,1
1,0,0,0,1
2,0,0,0,2
1,0,0,0,1
1,0,0,0,1
1,14,0,0,15
2,0,0,0,2
1,0,0,0,1
1,0,0,0,1
1,0,0,0,1
2,0,0,0,2
1,0,0,0,1
4,0,0,0,4
1,0,0,0,1
1,0,0,0,1
1,0,0,0,1
1,0,0,0,1
1,0,0,0,1
1,0,0,0,1
1,0,0,0,1
1,0,0,0,1
1,22,1,0,24
1,0,0,0,1
1,0,0,0,1
1,0,0,0,1
2,0,0,0,2
4,0,0,0,4
1,0,0,0,1
2,0,0,0,2
1,0,0,0,1
1,2,1,0,4
1,0,0,0,1
1,0,0,0,1
1,0,0,0,1
2,0,0,0,2
1,0,0,0,1
1,0,0,0,1
1,0,0,0,1
1,0,0,0,1
1,0,0,0,1
1,0,0,0,1
1,0,0,0,1
3,0,0,0,3
1,0,0,0,1
2,0,0,0,2
2,0,0,0,2
1,0,0,0,1
1,2,0,0,3
1,0,0,0,1
1,0,0,0,1
1,0,0,0,1
1,0,0,0,1
1,0,0,0,1
1,0,0,0,1
1,0,0,0,1
1,0,0,0,1
2,0,0,0,2
1,0,0,0,1
1,0,0,0,1
1,0,0,0,1
3,0,0,0,3
1,0,0,0,1
1,0,0,0,1
2,0,0,0,2
1,0,0,0,1
1,0,0,0,1
1,0,0,0,1
1,0,0,0,1
4,0,0,0,4
1,0,0,0,1
1,0,0,0,1
1,0,0,0,1
1,0,0,0,1
1,0,0,0,1
1,0,0,0,1
1,591,0,0,592
1,0,0,0,1
1,0,0,0,1
1,1,0,0,2
1,0,0,0,1
1,1,0,0,2
2,0,0,0,2
1,0,0,0,1
1,0,0,0,1
1,4,0,0,5
1,627,2,0,630
1,1,0,0,2
1,0,0,0,1
1,0,0,0,1
1,0,0,0,1
1,0,0,0,1
2,0,0,0,2
1,0,0,0,1
1,0,0,0,1
2,0,0,0,2
2,0,0,0,2
1,0,0,0,1
2,0,0,0,2
1,0,0,0,1
1,0,0,0,1
1,0,0,0,1
1,0,0,0,1
1,0,0,0,1
1,0,0,0,1
2,0,0,0,2
1,0,0,0,1
2,0,0,0,2
1,0,0,0,1
1,0,0,0,1
1,0,0,0,1
1,0,0,0,1
1,0,0,0,1
1,0,0,0,1
1,0,0,0,1
1,0,0,0,1
1,0,0,0,1
1,0,0,0,1
1,0,0,0,1
1,0,0,0,1
1,0,0,0,1
2,0,0,0,2
1,0,0,0,1
2,0,0,0,2
3,0,0,0,3
5,0,0,0,5
2,0,0,0,2
1,0,0,0,1
1,0,0,0,1
1,0,0,0,1
1,0,0,0,1
1,0,0,0,1
1,0,0,0,1
4,0,0,0,4
1,0,0,0,1
1,0,0,0,1
2,0,0,0,2
2,0,0,0,2
1,0,0,0,1
1,0,0,0,1
1,0,0,0,1
1,0,0,0,1
1,0,0,0,1
1,0,0,0,1
1,0,0,0,1
1,0,0,0,1
1,0,0,0,1
2,0,0,0,2
1,1,0,0,2
2,1,1,0,4
1,0,0,0,1
1,0,0,0,1
1,0,0,0,1
1,0,0,0,1
1,0,0,0,1
1,0,0,0,1
1,0,0,0,1
4,0,0,0,4
1,0,0,0,1
2,0,0,0,2
1,0,0,0,1
1,0,0,0,1
1,0,0,0,1
1,0,0,0,1
2,0,0,0,2
2,0,0,0,2
1,0,0,0,1
2,0,0,0,2
1,0,0,0,1
1,0,0,0,1
2,0,0,0,2
3,0,0,0,3
1,0,0,0,1
1,0,0,0,1
1,0,0,0,1
1,0,0,0,1
1,0,0,0,1
3,0,0,0,3
1,0,0,0,1
1,0,0,0,1
1,0,0,0,1
1,0,0,0,1
1,0,0,0,1
1,0,0,0,1
1,0,0,0,1
1,0,0,0,1
1,0,0,0,1
1,0,0,0,1
1,0,0,0,1
1,0,0,0,1
1,0,0,0,1
1,0,0,0,1
1,0,0,0,1
1,0,0,0,1
4,0,0,0,4
1,0,0,0,1
5,0,0,0,5
2,0,0,0,2
1,0,0,0,1
1,0,0,0,1
1,0,0,0,1
1,0,0,0,1
1,0,0,0,1
1,0,0,0,1
1,0,0,0,1
1,0,0,0,1
1,0,0,0,1
1,0,0,0,1
1,0,0,0,1
1,0,0,0,1
1,0,0,0,1
1,0,0,0,1
2,0,0,0,2
1,0,0,0,1
3,0,0,0,3
1,0,0,0,1
1,0,0,0,1
9,1,1,0,11
1,0,0,0,1
1,0,0,0,1
1,0,0,0,1
1,0,0,0,1
1,0,0,0,1
2,0,0,0,2
2,0,0,0,2
1,0,0,0,1
1,5,0,0,6
1,0,0,0,1
2,0,0,0,2
1,0,0,0,1
1,0,0,0,1
1,0,0,0,1
1,0,0,0,1
2,0,0,0,2
1,0,0,0,1
1,0,0,0,1
1,0,0,0,1
1,0,0,0,1
1,0,0,0,1
1,0,0,0,1
1,0,0,0,1
2,0,0,0,2
1,0,0,0,1
1,0,0,0,1
1,0,0,0,1
1,0,0,0,1
1,0,0,0,1
1,0,0,0,1
1,0,0,0,1
1,0,0,0,1
1,0,0,0,1
2,0,0,0,2
2,0,0,0,2
1,0,0,0,1
1,0,0,0,1
2,0,0,0,2
1,0,0,0,1
1,0,0,0,1
1,0,0,0,1
2,0,0,0,2
1,0,0,0,1
1,0,0,0,1
1,0,0,0,1
1,0,0,0,1
1,4,0,0,5
1,0,0,0,1
2,0,0,0,2
1,0,0,0,1
1,0,0,0,1
1,0,0,0,1
3,0,0,0,3
1,0,0,0,1
2,2,0,0,4
1,0,0,0,1
1,0,0,0,1
1,0,0,0,1
3,0,0,0,3
1,6,2,0,9
1,0,0,0,1
1,0,0,0,1
1,0,0,0,1
2,0,0,0,2
1,0,0,0,1
1,0,0,0,1
1,0,0,0,1
1,0,0,0,1
1,0,0,0,1
1,0,0,0,1
1,0,0,0,1
1,0,0,0,1
1,0,0,0,1
1,0,0,0,1
1,0,0,0,1
1,0,0,0,1
1,0,0,0,1
1,0,0,0,1
1,0,0,0,1
1,0,0,0,1
1,0,0,0,1
1,0,0,0,1
1,0,0,0,1
1,0,0,0,1
1,0,0,0,1
2,0,0,0,2
1,0,0,0,1
1,0,0,0,1
1,0,0,0,1
1,0,0,0,1
1,0,0,0,1
1,0,0,0,1
1,0,0,0,1
1,0,0,0,1
8,0,0,0,8
1,0,0,0,1
1,0,0,0,1
2,0,0,0,2
1,0,0,0,1
1,0,0,0,1
1,0,0,0,1
1,0,0,0,1
1,0,0,0,1
1,0,0,0,1
1,0,0,0,1
1,0,0,0,1
1,0,0,0,1
1,0,0,0,1
2,0,0,0,2
1,439,0,0,440
1,0,0,0,1
1,0,0,0,1
1,0,0,0,1
1,0,0,0,1
1,0,0,0,1
2,0,0,0,2
1,0,0,0,1
1,1,0,0,2
1,0,0,0,1
1,0,0,0,1
1,0,0,0,1
1,0,0,0,1
1,0,0,0,1
1,0,0,0,1
4,0,0,0,4
1,0,0,0,1
1,0,0,0,1
1,2,0,0,3
1,0,0,0,1
1,0,0,0,1
1,0,0,0,1
1,0,0,0,1
3,0,0,0,3
1,0,0,0,1
1,0,0,0,1
1,0,0,0,1
1,0,0,0,1
1,0,0,0,1
1,0,0,0,1
2,0,0,0,2
1,0,0,0,1
1,0,0,0,1
2,0,0,0,2
1,0,0,0,1
2,0,0,0,2
2,0,0,0,2
2,0,0,0,2
2,0,0,0,2
1,0,0,0,1
1,0,0,0,1
2,0,0,0,2
3,0,0,0,3
1,0,0,0,1
1,0,0,0,1
1,98,0,0,99
1,0,0,0,1
1,0,0,0,1
1,0,0,0,1
1,0,0,0,1
1,0,0,0,1
1,0,0,0,1
4,1,2,0,7
1,0,0,0,1
1,0,0,0,1
1,0,0,0,1
1,0,0,0,1
1,0,0,0,1
1,0,0,0,1
1,0,0,0,1
1,0,0,0,1
1,0,0,0,1
1,0,0,0,1
1,0,0,0,1
1,0,0,0,1
1,0,0,0,1
2,0,0,0,2
1,0,0,0,1
1,0,0,0,1
1,0,0,0,1
2,0,0,0,2
2,0,0,0,2
1,0,0,0,1
1,0,0,0,1
1,0,0,0,1
1,0,0,0,1
2,0,0,0,2
1,0,0,0,1
1,0,0,0,1
3,0,0,0,3
1,0,0,0,1
1,0,0,0,1
1,0,0,0,1
1,0,0,0,1
1,0,0,0,1
1,0,0,0,1
1,0,0,0,1
1,0,0,0,1
1,0,0,0,1
1,0,0,0,1
1,0,0,0,1
1,0,0,0,1
1,0,0,0,1
1,0,0,0,1
1,0,0,0,1
1,0,0,0,1
1,0,0,0,1
1,2,0,0,3
1,0,0,0,1
1,0,0,0,1
1,0,0,0,1
1,0,0,0,1
1,0,0,0,1
1,0,0,0,1
1,0,0,0,1
1,0,0,0,1
1,0,0,0,1
1,0,0,0,1
2,0,0,0,2
1,0,0,0,1
1,0,0,0,1
1,0,0,0,1
1,0,0,0,1
1,0,0,0,1
1,0,0,0,1
4,0,0,0,4
1,0,0,0,1
1,0,0,0,1
2,0,0,0,2
2,0,0,0,2
2,0,0,0,2
3,0,0,0,3
1,0,0,0,1
1,0,0,0,1
1,0,0,0,1
1,0,0,0,1
1,0,0,0,1
1,0,0,0,1
1,0,0,0,1
1,0,0,0,1
3,0,0,0,3
1,0,0,0,1
1,1,0,0,2
1,0,0,0,1
1,0,0,0,1
1,0,0,0,1
1,0,0,0,1
1,0,0,0,1
1,0,0,0,1
1,1,0,0,2
1,0,0,0,1
1,0,0,0,1
1,0,0,0,1
1,0,0,0,1
1,0,0,0,1
1,0,0,0,1
1,0,0,0,1
1,0,0,0,1
1,1,0,0,2
1,8,2,0,11
1,0,0,0,1
1,0,0,0,1
1,0,0,0,1
1,0,0,0,1
1,0,0,0,1
1,0,0,0,1
1,0,0,0,1
2,0,0,0,2
1,0,0,0,1
1,0,0,0,1
1,0,0,0,1
1,0,0,0,1
1,0,0,0,1
1,0,0,0,1
1,0,0,0,1
1,0,0,0,1
1,0,0,0,1
1,50,0,0,51
2,0,0,0,2
1,0,0,0,1
1,0,0,0,1
1,0,0,0,1
1,0,0,0,1
1,0,0,0,1
1,2,0,0,3
1,0,0,0,1
1,0,0,0,1
1,0,0,0,1
1,0,0,0,1
1,0,0,0,1
4,0,0,0,4
1,0,0,0,1
1,0,0,0,1
3,13,0,0,16
1,0,0,0,1
2,0,0,0,2
1,1,0,0,2
1,0,0,0,1
1,0,0,0,1
1,0,0,0,1
1,7,0,0,8
1,3,0,0,4
1,0,0,0,1
3,0,0,0,3
1,0,0,0,1
1,0,0,0,1
1,0,0,0,1
2,0,0,0,2
1,0,0,0,1
1,23,0,0,24
1,0,0,0,1
1,0,0,0,1
1,0,0,0,1
1,0,0,0,1
1,0,0,0,1
1,0,0,0,1
1,0,0,0,1
1,0,0,0,1
1,0,0,0,1
1,0,0,0,1
1,0,0,0,1
1,0,0,0,1
1,0,0,0,1
2,0,0,0,2
1,0,0,0,1
1,0,0,0,1
1,0,0,0,1
1,0,0,0,1
1,0,0,0,1
1,0,0,0,1
1,0,0,0,1
3,0,0,0,3
1,0,0,0,1
3,0,0,0,3
1,0,0,0,1
2,0,0,0,2
1,0,0,0,1
1,0,0,0,1
1,0,0,0,1
1,0,0,0,1
1,0,0,0,1
2,0,0,0,2
4,2,1,0,7
1,0,0,0,1
1,0,0,0,1
1,0,0,0,1
1,0,0,0,1
1,0,0,0,1
1,0,0,0,1
2,0,0,0,2
1,0,0,0,1
1,0,0,0,1
1,0,0,0,1
1,0,0,0,1
1,0,0,0,1
1,0,0,0,1
1,0,0,0,1
1,0,0,0,1
1,0,0,0,1
1,0,0,0,1
3,0,0,0,3
3,0,0,0,3
1,0,0,0,1
1,0,0,0,1
1,0,0,0,1
1,0,0,0,1
1,0,0,0,1
1,0,0,0,1
1,0,0,0,1
1,0,0,0,1
2,0,0,0,2
1,0,0,0,1
1,0,0,0,1
1,0,0,0,1
2,1,1,0,4
1,0,0,0,1
1,0,0,0,1
5,0,0,0,5
2,0,0,0,2
1,0,0,0,1
2,0,0,0,2
2,0,0,0,2
1,0,0,0,1
1,0,0,0,1
3,0,0,0,3
1,0,0,0,1
1,0,0,0,1
1,0,0,0,1
1,0,0,0,1
1,0,0,0,1
1,0,0,0,1
1,0,0,0,1
1,0,0,0,1
1,0,0,0,1
2,0,0,0,2
1,0,0,0,1
1,0,0,0,1
1,0,0,0,1
1,0,0,0,1
1,0,0,0,1
1,0,0,0,1
1,0,0,0,1
1,0,0,0,1
1,0,0,0,1
1,0,0,0,1
1,0,0,0,1
2,0,0,0,2
1,0,0,0,1
1,0,0,0,1
1,0,0,0,1
2,0,0,0,2
1,0,0,0,1
2,0,1,0,3
1,0,0,0,1
1,0,0,0,1
1,0,0,0,1
1,0,0,0,1
1,0,0,0,1
1,0,0,0,1
1,3,0,0,4
2,0,0,0,2
1,0,0,0,1
2,0,0,0,2
3,0,0,0,3
1,0,0,0,1
1,0,0,0,1
3,0,0,0,3
1,0,0,0,1
1,0,0,0,1
1,0,0,0,1
1,0,0,0,1
1,0,0,0,1
1,0,0,0,1
1,0,0,0,1
1,0,0,0,1
1,0,0,0,1
3,0,0,0,3
2,0,0,0,2
1,0,0,0,1
1,0,0,0,1
1,0,0,0,1
1,0,0,0,1
1,0,0,0,1
1,0,0,0,1
2,0,0,0,2
1,0,0,0,1
1,0,0,0,1
1,0,0,0,1
1,0,0,0,1
1,0,0,0,1
1,0,0,0,1
4,0,0,0,4
2,0,0,0,2
1,0,0,0,1
1,0,0,0,1
1,0,0,0,1
1,0,0,0,1
1,0,0,0,1
1,0,0,0,1
3,0,0,0,3
1,0,0,0,1
1,0,0,0,1
1,0,0,0,1
1,0,0,0,1
1,0,0,0,1
2,0,0,0,2
1,0,0,0,1
1,0,0,0,1
2,0,0,0,2
1,0,0,0,1
1,0,0,0,1
2,0,0,0,2
1,0,0,0,1
4,0,0,0,4
1,0,0,0,1
1,0,0,0,1
3,0,0,0,3
1,0,0,0,1
1,0,0,0,1
1,0,0,0,1
1,0,0,0,1
2,0,0,0,2
1,0,0,0,1
1,0,0,0,1
1,0,0,0,1
1,0,0,0,1
1,0,0,0,1
1,0,0,0,1
1,0,0,0,1
1,0,0,0,1
2,0,0,0,2
2,0,0,0,2
1,0,0,0,1
1,0,0,0,1
3,0,0,0,3
1,0,0,0,1
1,0,0,0,1
1,0,0,0,1
1,0,0,0,1
1,0,0,0,1
2,0,0,0,2
1,0,0,0,1
1,0,0,0,1
1,0,0,0,1
1,0,0,0,1
2,0,0,0,2
1,0,0,0,1
1,0,0,0,1
1,0,0,0,1
1,0,0,0,1
1,0,0,0,1
2,0,0,0,2
1,0,0,0,1
1,0,0,0,1
2,0,0,0,2
1,0,0,0,1
3,0,0,0,3
1,0,0,0,1
1,0,0,0,1
1,0,0,0,1
1,0,0,0,1
1,0,0,0,1
2,0,0,0,2
1,0,0,0,1
1,0,0,0,1
1,0,0,0,1
1,0,0,0,1
1,0,0,0,1
1,0,0,0,1
2,3,0,0,5
1,0,0,0,1
1,0,0,0,1
2,0,0,0,2
1,0,0,0,1
2,0,0,0,2
1,0,0,0,1
1,0,0,0,1
1,0,0,0,1
2,0,0,0,2
1,1,0,0,2
1,1,0,0,2
1,0,0,0,1
1,0,0,0,1
2,0,0,0,2
1,0,0,0,1
2,0,0,0,2
1,0,0,0,1
1,2,0,0,3
2,0,0,0,2
1,0,0,0,1
1,0,0,0,1
1,0,0,0,1
2,0,0,0,2
1,0,0,0,1
3,0,0,0,3
1,0,0,0,1
1,0,0,0,1
1,0,0,0,1
1,3,0,0,4
1,0,0,0,1
2,0,0,0,2
1,0,0,0,1
1,0,0,0,1
1,0,0,0,1
1,0,0,0,1
3,0,0,0,3
1,0,0,0,1
1,0,0,0,1
1,0,0,0,1
1,0,0,0,1
1,0,0,0,1
1,0,0,0,1
1,0,0,0,1
1,0,0,0,1
1,0,0,0,1
1,0,0,0,1
1,0,0,0,1
1,0,0,0,1
1,0,0,0,1
1,0,0,0,1
3,0,0,0,3
1,0,0,0,1
1,0,0,0,1
1,0,0,0,1
1,0,0,0,1
1,0,0,0,1
1,0,0,0,1
1,0,0,0,1
2,0,0,0,2
1,0,0,0,1
2,0,0,0,2
1,0,0,0,1
1,0,0,0,1
4,5,0,0,9
3,0,0,0,3
2,0,0,0,2
1,0,0,0,1
1,0,0,0,1
1,0,0,0,1
1,0,0,0,1
1,0,0,0,1
1,0,0,0,1
1,0,0,0,1
1,2,0,0,3
1,0,0,0,1
1,0,0,0,1
1,0,0,0,1
1,0,0,0,1
3,2,0,0,5
2,0,0,0,2
1,0,0,0,1
1,0,0,0,1
1,0,0,0,1
1,0,0,0,1
2,0,0,0,2
1,38,0,0,39
1,0,0,0,1
1,0,0,0,1
1,0,0,0,1
1,0,0,0,1
1,0,0,0,1
1,0,0,0,1
1,0,0,0,1
1,0,0,0,1
1,0,0,0,1
1,0,0,0,1
1,0,0,0,1
1,0,0,0,1
2,0,0,0,2
1,0,0,0,1
1,0,0,0,1
5,0,0,0,5
1,0,0,0,1
3,0,0,0,3
3,0,0,0,3
1,0,0,0,1
3,0,0,0,3
1,0,0,0,1
1,0,0,0,1
1,0,0,0,1
1,0,0,0,1
1,0,0,0,1
1,0,0,0,1
1,0,0,0,1
1,0,0,0,1
3,0,0,0,3
1,0,0,0,1
2,0,0,0,2
1,0,0,0,1
1,0,0,0,1
2,0,0,0,2
1,0,0,0,1
2,0,0,0,2
1,0,0,0,1
2,0,0,0,2
1,0,0,0,1
1,0,0,0,1
1,0,0,0,1
1,0,0,0,1
2,0,0,0,2
1,4,0,0,5
1,0,0,0,1
1,0,0,0,1
1,0,0,0,1
1,0,0,0,1
3,0,0,0,3
1,0,0,0,1
2,0,0,0,2
1,0,0,0,1
1,0,0,0,1
1,0,0,0,1
1,0,0,0,1
1,0,0,0,1
1,0,0,0,1
1,0,0,0,1
1,0,0,0,1
5,0,0,0,5
1,0,0,0,1
1,0,0,0,1
1,0,0,0,1
2,2,0,0,4
1,0,0,0,1
1,0,0,0,1
4,0,0,0,4
1,4,0,0,5
1,0,0,0,1
1,0,0,0,1
1,0,0,0,1
1,0,0,0,1
1,0,0,0,1
1,0,0,0,1
1,0,0,0,1
1,0,0,0,1
1,0,0,0,1
2,0,0,0,2
3,0,0,0,3
3,0,0,0,3
1,0,0,0,1
1,0,0,0,1
2,0,0,0,2
1,0,0,0,1
1,0,0,0,1
2,0,0,0,2
1,0,0,0,1
1,0,0,0,1
1,0,0,0,1
1,0,0,0,1
1,0,0,0,1
1,0,0,0,1
1,0,0,0,1
1,0,0,0,1
1,0,0,0,1
1,0,0,0,1
1,0,0,0,1
1,0,0,0,1
2,0,0,0,2
1,0,0,0,1
1,0,0,0,1
1,0,0,0,1
1,0,0,0,1
1,0,0,0,1
2,0,0,0,2
1,0,0,0,1
1,0,0,0,1
1,2,0,0,3
1,0,0,0,1
1,0,0,0,1
1,0,0,0,1
1,0,0,0,1
2,0,0,0,2
1,0,0,0,1
3,0,0,0,3
1,0,0,0,1
1,0,0,0,1
1,0,0,0,1
1,0,0,0,1
3,0,0,0,3
1,0,0,0,1
1,0,0,0,1
1,0,0,0,1
3,0,0,0,3
1,0,0,0,1
1,0,0,0,1
1,5,0,0,6
1,0,0,0,1
1,0,0,0,1
1,0,0,0,1
1,0,0,0,1
1,0,0,0,1
3,0,0,0,3
1,0,0,0,1
1,0,0,0,1
3,0,0,0,3
2,0,0,0,2
1,0,0,0,1
2,0,0,0,2
1,0,0,0,1
1,0,0,0,1
1,1,0,0,2
1,0,0,0,1
1,0,0,0,1
1,0,0,0,1
1,0,0,0,1
1,0,0,0,1
1,0,0,0,1
2,0,0,0,2
1,0,0,0,1
1,0,0,0,1
1,0,0,0,1
1,0,0,0,1
1,0,0,0,1
1,0,0,0,1
1,0,0,0,1
4,0,0,0,4
1,0,0,0,1
1,0,0,0,1
1,0,0,0,1
1,0,0,0,1
2,0,0,0,2
1,0,0,0,1
1,0,0,0,1
1,0,0,0,1
1,0,0,0,1
9,0,0,0,9
1,0,0,0,1
1,0,0,0,1
2,0,0,0,2
1,0,0,0,1
1,0,0,0,1
1,0,0,0,1
1,0,0,0,1
1,0,0,0,1
1,0,0,0,1
1,0,0,0,1
1,0,0,0,1
1,0,0,0,1
1,0,0,0,1
1,0,0,0,1
2,0,0,0,2
2,0,0,0,2
1,0,0,0,1
5,144,0,0,149
1,5,1,0,7
1,0,0,0,1
2,0,0,0,2
1,0,0,0,1
1,0,0,0,1
1,0,0,0,1
2,0,0,0,2
3,0,0,0,3
2,0,0,0,2
1,0,0,0,1
1,0,0,0,1
1,0,0,0,1
1,0,0,0,1
2,0,0,0,2
1,0,0,0,1
2,0,0,0,2
3,0,0,0,3
1,0,0,0,1
1,0,0,0,1
1,0,0,0,1
2,0,0,0,2
3,0,0,0,3
2,0,0,0,2
1,0,0,0,1
5,0,0,0,5
1,0,0,0,1
1,0,0,0,1
1,0,0,0,1
1,0,0,0,1
2,3,0,0,5
1,0,0,0,1
1,0,0,0,1
1,0,0,0,1
1,0,0,0,1
1,0,0,0,1
1,0,0,0,1
2,0,0,0,2
1,0,0,0,1
2,0,0,0,2
1,0,0,0,1
1,0,0,0,1
1,0,0,0,1
1,0,0,0,1
2,0,0,0,2
1,0,0,0,1
1,0,0,0,1
1,0,0,0,1
1,0,0,0,1
2,0,0,0,2
1,0,0,0,1
1,0,0,0,1
1,0,0,0,1
1,0,0,0,1
4,0,0,0,4
5,0,0,0,5
1,0,0,0,1
1,0,0,0,1
2,0,0,0,2
1,0,0,0,1
1,0,0,0,1
1,0,0,0,1
1,0,0,0,1
1,0,0,0,1
1,0,0,0,1
2,0,0,0,2
1,0,0,0,1
1,0,0,0,1
1,0,0,0,1
1,0,0,0,1
1,0,0,0,1
2,0,0,0,2
2,0,0,0,2
2,0,0,0,2
1,0,0,0,1
1,0,0,0,1
1,0,0,0,1
1,0,0,0,1
1,0,0,0,1
1,0,0,0,1
4,0,0,0,4
1,0,0,0,1
1,0,0,0,1
1,1,0,0,2
2,0,0,0,2
1,0,0,0,1
1,0,0,0,1
2,0,0,0,2
1,0,0,0,1
1,0,0,0,1
1,0,0,0,1
3,0,0,0,3
1,0,0,0,1
1,0,0,0,1
3,0,0,0,3
1,0,0,0,1
1,0,0,0,1
2,0,0,0,2
1,0,0,0,1
3,0,0,0,3
1,0,0,0,1
2,0,0,0,2
2,1,3,0,6
2,0,0,0,2
1,0,0,0,1
1,0,0,0,1
1,0,0,0,1
1,0,0,0,1
1,0,0,0,1
2,0,0,0,2
3,0,0,0,3
1,0,0,0,1
2,0,0,0,2
1,0,0,0,1
1,0,0,0,1
2,0,0,0,2
2,0,0,0,2
1,0,0,0,1
1,0,0,0,1
1,0,0,0,1
1,0,0,0,1
1,0,0,0,1
1,0,0,0,1
1,0,0,0,1
1,0,0,0,1
1,0,0,0,1
2,0,0,0,2
2,0,0,0,2
1,0,0,0,1
1,0,0,0,1
1,0,0,0,1
2,0,0,0,2
1,0,0,0,1
1,0,0,0,1
1,0,0,0,1
3,0,0,0,3
1,0,0,0,1
3,0,0,0,3
1,0,0,0,1
1,0,0,0,1
1,0,0,0,1
2,0,0,0,2
1,0,0,0,1
1,0,0,0,1
1,0,0,0,1
2,0,0,0,2
1,0,0,0,1
1,0,0,0,1
1,0,0,0,1
2,0,0,0,2
5,0,0,0,5
1,0,0,0,1
2,0,0,0,2
3,0,0,0,3
1,0,0,0,1
1,0,0,0,1
1,0,0,0,1
1,0,0,0,1
2,0,0,0,2
1,0,0,0,1
3,0,0,0,3
1,0,0,0,1
2,0,0,0,2
1,0,0,0,1
1,0,0,0,1
2,0,0,0,2
1,0,0,0,1
1,0,0,0,1
1,0,0,0,1
1,0,0,0,1
1,0,0,0,1
1,0,0,0,1
1,0,0,0,1
1,0,0,0,1
1,1,0,0,2
1,0,0,0,1
1,0,0,0,1
1,0,0,0,1
1,0,0,0,1
4,0,0,0,4
1,0,0,0,1
1,0,0,0,1
1,0,0,0,1
3,0,0,0,3
2,0,0,0,2
1,0,0,0,1
1,0,0,0,1
1,0,0,0,1
1,0,0,0,1
1,0,0,0,1
1,0,0,0,1
1,0,0,0,1
1,0,0,0,1
1,0,0,0,1
1,0,0,0,1
1,0,0,0,1
1,0,0,0,1
1,0,0,0,1
1,0,0,0,1
1,0,0,0,1
1,0,0,0,1
1,0,0,0,1
1,0,0,0,1
1,0,0,0,1
1,0,0,0,1
1,0,0,0,1
2,0,0,0,2
2,0,0,0,2
2,0,0,0,2
1,0,0,0,1
1,0,0,0,1
1,0,0,0,1
1,0,0,0,1
1,0,0,0,1
1,0,0,0,1
1,0,0,0,1
1,0,0,0,1
1,0,0,0,1
1,0,0,0,1
1,0,0,0,1
1,0,0,0,1
1,0,0,0,1
4,0,0,0,4
1,0,0,0,1
2,0,0,0,2
1,0,0,0,1
1,0,0,0,1
1,0,0,0,1
1,0,0,0,1
2,0,0,0,2
1,0,0,0,1
1,0,0,0,1
1,0,0,0,1
1,0,0,0,1
2,0,0,0,2
1,0,0,0,1
1,0,0,0,1
1,0,0,0,1
1,0,0,0,1
1,0,0,0,1
1,0,0,0,1
1,0,0,0,1
1,0,0,0,1
1,1,0,0,2
1,0,0,0,1
1,0,0,0,1
3,0,0,0,3
1,0,0,0,1
1,0,0,0,1
1,0,0,0,1
2,2,0,0,4
1,0,0,0,1
1,0,0,0,1
1,0,0,0,1
1,0,0,0,1
1,0,0,0,1
1,0,0,0,1
1,0,0,0,1
1,0,0,0,1
1,0,0,0,1
1,0,0,0,1
1,0,0,0,1
1,0,0,0,1
1,0,0,0,1
1,0,0,0,1
1,0,0,0,1
1,0,0,0,1
2,0,0,0,2
1,0,0,0,1
1,0,0,0,1
1,0,0,0,1
1,0,0,0,1
1,0,0,0,1
1,0,0,0,1
2,0,0,0,2
2,0,0,0,2
1,0,0,0,1
1,0,0,0,1
1,0,0,0,1
1,0,0,0,1
1,0,0,0,1
1,0,0,0,1
1,0,0,0,1
1,0,0,0,1
1,0,0,0,1
1,0,0,0,1
1,0,0,0,1
2,0,0,0,2
1,0,0,0,1
1,0,0,0,1
1,0,0,0,1
1,0,0,0,1
1,0,0,0,1
1,0,0,0,1
3,0,0,0,3
1,0,0,0,1
1,0,0,0,1
2,0,0,0,2
2,0,0,0,2
1,0,0,0,1
1,0,0,0,1
1,0,0,0,1
1,0,0,0,1
2,0,0,0,2
1,3,0,0,4
1,0,0,0,1
1,0,0,0,1
1,0,0,0,1
1,0,0,0,1
2,0,0,0,2
2,0,0,0,2
1,0,0,0,1
1,0,0,0,1
1,0,0,0,1
3,0,0,0,3
3,1,0,0,4
1,0,0,0,1
2,0,0,0,2
2,16,0,0,18
1,0,0,0,1
3,41,0,0,44
3,0,0,0,3
1,0,0,0,1
2,0,0,0,2
1,0,0,0,1
2,0,0,0,2
1,0,0,0,1
1,0,0,0,1
1,0,0,0,1
2,0,0,0,2
2,0,0,0,2
1,0,0,0,1
1,0,0,0,1
1,0,0,0,1
1,0,0,0,1
1,0,0,0,1
1,0,0,0,1
1,0,0,0,1
2,0,0,0,2
3,0,0,0,3
1,0,0,0,1
1,0,0,0,1
1,0,0,0,1
1,0,0,0,1
1,0,0,0,1
1,0,0,0,1
1,0,0,0,1
1,0,0,0,1
2,13,6,0,21
1,5,0,0,6
2,0,0,0,2
1,0,0,0,1
1,1,0,0,2
1,0,0,0,1
1,0,0,0,1
1,2,0,0,3
1,0,0,0,1
2,0,0,0,2
1,0,0,0,1
2,1,0,0,3
1,0,0,0,1
1,0,0,0,1
1,0,0,0,1
2,0,0,0,2
1,0,0,0,1
1,0,0,0,1
2,2,0,0,4
1,0,0,0,1
1,0,0,0,1
2,0,0,0,2
1,0,0,0,1
3,0,0,0,3
1,4,0,0,5
1,0,0,0,1
1,0,0,0,1
1,0,0,0,1
2,0,0,0,2
1,0,0,0,1
1,0,0,0,1
1,0,0,0,1
1,0,0,0,1
1,0,0,0,1
1,0,0,0,1
1,0,0,0,1
2,0,0,0,2
1,0,0,0,1
1,0,0,0,1
1,0,0,0,1
1,0,0,0,1
2,0,0,0,2
1,0,0,0,1
1,0,0,0,1
1,0,0,0,1
1,0,0,0,1
1,0,0,0,1
1,0,0,0,1
1,0,0,0,1
1,0,0,0,1
2,3,0,0,5
1,0,0,0,1
1,0,0,0,1
1,0,0,0,1
5,0,0,0,5
1,0,0,0,1
1,0,0,0,1
1,0,0,0,1
1,0,0,0,1
1,0,0,0,1
1,0,0,0,1
1,0,0,0,1
2,0,0,0,2
1,0,0,0,1
1,0,0,0,1
2,0,0,0,2
4,0,0,0,4
2,0,0,0,2
1,0,0,0,1
1,0,0,0,1
1,2,0,0,3
1,0,0,0,1
1,0,0,0,1
1,0,0,0,1
1,0,0,0,1
1,0,0,0,1
1,0,0,0,1
1,0,0,0,1
2,0,0,0,2
1,11,0,0,12
2,0,0,0,2
1,0,0,0,1
1,0,0,0,1
2,0,0,0,2
1,0,0,0,1
1,0,0,0,1
1,0,0,0,1
4,0,0,0,4
1,0,0,0,1
1,0,0,0,1
1,0,0,0,1
1,0,0,0,1
1,0,0,0,1
1,0,0,0,1
1,0,0,0,1
1,0,0,0,1
1,0,0,0,1
2,0,0,0,2
1,0,0,0,1
1,0,0,0,1
1,0,0,0,1
1,0,0,0,1
1,0,0,0,1
1,0,0,0,1
1,0,0,0,1
1,0,0,0,1
1,0,0,0,1
1,0,0,0,1
1,0,0,0,1
1,0,0,0,1
1,0,0,0,1
1,0,0,0,1
1,0,0,0,1
1,0,0,0,1
2,0,0,0,2
1,0,0,0,1
1,0,0,0,1
1,0,0,0,1
2,0,0,0,2
1,0,0,0,1
1,0,0,0,1
1,0,0,0,1
2,0,0,0,2
2,0,0,0,2
1,0,0,0,1
1,0,0,0,1
1,0,0,0,1
2,0,0,0,2
2,0,0,0,2
1,0,0,0,1
1,0,0,0,1
1,0,0,0,1
1,0,0,0,1
1,0,0,0,1
2,0,0,0,2
1,0,0,0,1
1,0,0,0,1
1,0,0,0,1
1,0,0,0,1
1,0,0,0,1
1,0,0,0,1
2,0,0,0,2
1,0,0,0,1
10,0,0,0,10
1,0,0,0,1
1,0,0,0,1
1,0,0,0,1
5,0,0,0,5
1,0,0,0,1
1,0,0,0,1
1,0,0,0,1
1,0,0,0,1
2,0,0,0,2
1,0,0,0,1
1,0,0,0,1
1,0,0,0,1
2,0,0,0,2
1,0,0,0,1
2,0,0,0,2
1,0,0,0,1
1,0,0,0,1
1,0,0,0,1
1,0,0,0,1
1,0,0,0,1
1,0,0,0,1
1,0,0,0,1
2,0,0,0,2
2,0,0,0,2
1,0,0,0,1
1,0,0,0,1
1,0,0,0,1
1,0,0,0,1
1,0,0,0,1
3,0,0,0,3
1,0,0,0,1
1,0,0,0,1
1,0,0,0,1
1,0,0,0,1
1,0,0,0,1
1,0,0,0,1
1,0,0,0,1
2,0,0,0,2
1,0,0,0,1
2,0,0,0,2
1,0,0,0,1
1,0,0,0,1
2,0,0,0,2
2,0,0,0,2
1,0,0,0,1
1,0,0,0,1
2,0,0,0,2
2,0,0,0,2
2,0,0,0,2
1,0,0,0,1
1,0,0,0,1
2,0,0,0,2
1,0,0,0,1
1,0,0,0,1
2,0,0,0,2
1,0,0,0,1
2,0,0,0,2
1,0,0,0,1
1,0,0,0,1
2,0,0,0,2
1,0,0,0,1
1,0,0,0,1
1,0,0,0,1
1,0,0,0,1
1,0,0,0,1
1,0,0,0,1
1,0,0,0,1
1,0,0,0,1
1,0,0,0,1
1,0,0,0,1
1,0,0,0,1
5,0,0,0,5
1,1,0,0,2
1,0,0,0,1
1,0,0,0,1
2,0,0,0,2
1,0,0,0,1
2,0,0,0,2
1,0,0,0,1
2,0,0,0,2
1,0,0,0,1
3,0,0,0,3
1,0,0,0,1
1,0,0,0,1
1,0,0,0,1
1,0,0,0,1
1,0,0,0,1
1,0,0,0,1
1,0,0,0,1
1,0,0,0,1
1,0,0,0,1
2,0,0,0,2
1,0,0,0,1
2,0,0,0,2
1,0,0,0,1
1,0,0,0,1
1,0,0,0,1
1,0,0,0,1
1,0,0,0,1
1,0,0,0,1
1,0,0,0,1
1,0,0,0,1
1,0,0,0,1
1,0,0,0,1
3,0,0,0,3
2,0,0,0,2
1,1,0,0,2
2,1,0,0,3
4,0,0,0,4
3,0,0,0,3
2,0,0,0,2
1,0,0,0,1
4,2,0,0,6
1,0,0,0,1
2,0,0,0,2
1,0,0,0,1
1,0,0,0,1
1,0,0,0,1
1,0,0,0,1
1,0,0,0,1
3,0,0,0,3
1,0,0,0,1
1,0,0,0,1
1,0,0,0,1
1,0,0,0,1
1,0,0,0,1
1,0,0,0,1
1,0,0,0,1
1,0,0,0,1
1,0,0,0,1
1,0,0,0,1
1,0,0,0,1
1,0,0,0,1
3,0,0,0,3
1,0,0,0,1
1,0,0,0,1
4,0,0,0,4
1,0,0,0,1
1,0,0,0,1
1,0,0,0,1
1,0,0,0,1
1,0,0,0,1
1,0,0,0,1
1,0,0,0,1
2,0,0,0,2
1,0,0,0,1
1,0,0,0,1
1,0,0,0,1
1,0,0,0,1
1,0,0,0,1
1,0,0,0,1
2,0,0,0,2
1,0,0,0,1
1,0,0,0,1
1,0,0,0,1
2,0,0,0,2
1,0,0,0,1
1,0,0,0,1
1,0,0,0,1
1,0,0,0,1
1,0,0,0,1
1,2,0,0,3
1,0,0,0,1
1,0,0,0,1
1,0,0,0,1
1,0,0,0,1
1,0,0,0,1
2,17,0,0,19
1,0,0,0,1
2,0,0,0,2
1,0,0,0,1
1,0,0,0,1
1,0,0,0,1
4,0,0,0,4
2,0,0,0,2
1,0,0,0,1
1,0,0,0,1
2,0,0,0,2
1,0,0,0,1
1,0,0,0,1
1,0,0,0,1
3,0,0,0,3
1,0,0,0,1
1,1,0,0,2
1,0,0,0,1
1,0,0,0,1
1,0,0,0,1
1,0,0,0,1
1,0,0,0,1
1,6,0,0,7
1,0,0,0,1
1,0,0,0,1
2,0,0,0,2
1,0,0,0,1
1,0,0,0,1
1,0,0,0,1
2,0,0,0,2
3,0,0,0,3
1,0,0,0,1
1,0,0,0,1
1,0,0,0,1
1,0,0,0,1
2,0,0,0,2
3,3,0,0,6
1,0,0,0,1
1,0,0,0,1
2,0,0,0,2
1,0,0,0,1
2,0,0,0,2
1,0,0,0,1
1,0,0,0,1
1,0,0,0,1
1,0,0,0,1
1,0,0,0,1
1,0,0,0,1
1,0,0,0,1
2,0,0,0,2
1,0,0,0,1
1,0,1,0,2
3,0,0,0,3
1,0,0,0,1
2,0,0,0,2
9,4,0,0,13
1,0,0,0,1
1,0,0,0,1
1,1,0,0,2
1,0,0,0,1
2,0,0,0,2
1,0,0,0,1
2,0,0,0,2
1,0,0,0,1
3,24,1,0,28
1,0,0,0,1
2,0,0,0,2
1,0,0,0,1
1,0,0,0,1
1,0,0,0,1
1,0,0,0,1
1,0,0,0,1
1,0,0,0,1
2,0,0,0,2
1,0,0,0,1
1,0,0,0,1
1,0,0,0,1
1,0,0,0,1
1,0,0,0,1
1,0,0,0,1
1,0,0,0,1
1,0,0,0,1
1,0,0,0,1
2,0,0,0,2
1,0,0,0,1
1,0,0,0,1
1,0,0,0,1
1,0,0,0,1
3,0,0,0,3
1,0,0,0,1
1,0,0,0,1
1,0,0,0,1
1,0,0,0,1
1,0,0,0,1
1,0,0,0,1
1,0,0,0,1
1,0,0,0,1
1,0,0,0,1
1,0,0,0,1
1,0,0,0,1
2,0,0,0,2
1,2,0,0,3
1,0,0,0,1
1,0,0,0,1
1,0,0,0,1
1,0,0,0,1
1,0,0,0,1
1,0,0,0,1
1,0,0,0,1
1,0,0,0,1
1,0,0,0,1
1,0,0,0,1
1,0,0,0,1
1,0,0,0,1
1,0,0,0,1
1,0,0,0,1
1,0,0,0,1
3,0,0,0,3
1,0,0,0,1
1,0,0,0,1
1,0,0,0,1
2,0,0,0,2
2,0,0,0,2
1,0,0,0,1
1,0,0,0,1
2,1,0,0,3
1,0,0,0,1
1,0,0,0,1
1,0,0,0,1
1,1,0,0,2
1,0,0,0,1
1,0,0,0,1
1,0,0,0,1
1,0,0,0,1
1,0,0,0,1
2,0,0,0,2
1,0,0,0,1
1,0,0,0,1
1,0,0,0,1
1,0,0,0,1
2,0,0,0,2
1,0,0,0,1
1,0,0,0,1
1,0,0,0,1
1,0,0,0,1
1,0,0,0,1
1,0,0,0,1
1,0,0,0,1
1,0,0,0,1
1,0,0,0,1
1,0,0,0,1
1,0,0,0,1
1,0,0,0,1
1,0,0,0,1
1,0,0,0,1
1,0,0,0,1
2,0,0,0,2
1,0,0,0,1
1,0,0,0,1
1,0,0,0,1
1,0,0,0,1
1,0,0,0,1
1,0,0,0,1
2,0,0,0,2
1,0,0,0,1
2,0,0,0,2
1,0,0,0,1
1,1,0,0,2
2,0,0,0,2
1,0,0,0,1
1,0,0,0,1
2,0,0,0,2
2,0,0,0,2
3,0,0,0,3
1,0,0,0,1
1,0,0,0,1
3,0,0,0,3
1,0,0,0,1
1,0,0,0,1
1,0,0,0,1
1,0,0,0,1
1,0,0,0,1
1,0,0,0,1
2,0,0,0,2
1,0,0,0,1
1,0,0,0,1
1,0,0,0,1
1,0,0,0,1
1,0,0,0,1
1,0,0,0,1
2,0,0,0,2
1,0,0,0,1
1,0,0,0,1
1,0,0,0,1
1,0,0,0,1
1,0,0,0,1
3,0,0,0,3
1,0,0,0,1
1,0,0,0,1
1,0,0,0,1
3,0,0,0,3
1,0,0,0,1
1,0,0,0,1
1,0,0,0,1
1,0,0,0,1
3,0,0,0,3
1,0,0,0,1
1,0,0,0,1
3,0,0,0,3
1,0,0,0,1
1,0,0,0,1
1,0,0,0,1
2,0,0,0,2
2,0,0,0,2
1,0,0,0,1
1,0,0,0,1
1,0,0,0,1
1,0,0,0,1
1,0,0,0,1
1,0,0,0,1
1,0,0,0,1
1,0,0,0,1
1,0,0,0,1
1,0,0,0,1
1,0,0,0,1
1,0,0,0,1
1,2,0,0,3
4,2,0,0,6
1,0,0,0,1
1,0,0,0,1
1,0,0,0,1
1,0,0,0,1
1,0,0,0,1
1,0,0,0,1
1,0,0,0,1
1,0,0,0,1
1,0,0,0,1
1,0,0,0,1
1,0,0,0,1
4,0,0,0,4
1,0,0,0,1
2,0,0,0,2
4,0,0,0,4
6,0,0,0,6
1,0,0,0,1
1,0,0,0,1
2,0,0,0,2
1,0,0,0,1
1,0,0,0,1
1,0,0,0,1
1,0,0,0,1
3,0,0,0,3
1,0,0,0,1
1,0,0,0,1
1,0,0,0,1
1,4,0,0,5
1,0,0,0,1
1,0,0,0,1
1,0,0,0,1
1,0,0,0,1
1,0,0,0,1
1,0,0,0,1
1,9,0,0,10
1,0,0,0,1
1,0,0,0,1
1,0,0,0,1
1,0,0,0,1
1,0,0,0,1
1,0,0,0,1
1,2,0,0,3
1,0,0,0,1
1,0,0,0,1
1,0,0,0,1
1,0,0,0,1
1,0,0,0,1
1,0,0,0,1
1,0,0,0,1
1,0,0,0,1
1,0,0,0,1
1,0,0,0,1
1,0,0,0,1
1,0,0,0,1
2,0,0,0,2
1,2,0,0,3
1,0,0,0,1
1,0,0,0,1
1,0,0,0,1
1,0,0,0,1
2,0,0,0,2
1,0,0,0,1
1,0,0,0,1
1,0,0,0,1
1,0,0,0,1
1,0,0,0,1
1,0,0,0,1
1,0,0,0,1
1,0,0,0,1
2,0,0,0,2
2,0,0,0,2
1,0,0,0,1
2,0,0,0,2
1,0,0,0,1
5,0,0,0,5
1,0,0,0,1
1,0,0,0,1
1,0,0,0,1
1,0,0,0,1
1,0,0,0,1
1,0,0,0,1
1,0,0,0,1
1,0,0,0,1
1,0,0,0,1
1,0,0,0,1
1,0,0,0,1
3,0,0,0,3
1,0,0,0,1
1,0,0,0,1
2,0,0,0,2
1,0,0,0,1
1,0,0,0,1
2,0,0,0,2
1,0,0,0,1
1,0,0,0,1
2,0,0,0,2
1,0,0,0,1
1,0,0,0,1
1,0,0,0,1
1,0,0,0,1
1,0,0,0,1
2,0,0,0,2
1,0,0,0,1
1,0,0,0,1
4,0,0,0,4
1,0,0,0,1
1,0,0,0,1
3,0,0,0,3
1,0,0,0,1
1,0,0,0,1
4,4,0,0,8
3,0,0,0,3
1,0,0,0,1
2,0,0,0,2
1,0,0,0,1
1,0,0,0,1
1,0,0,0,1
1,0,0,0,1
1,0,0,0,1
1,0,0,0,1
3,0,0,0,3
1,0,0,0,1
1,0,0,0,1
1,0,0,0,1
1,0,0,0,1
1,0,0,0,1
1,0,0,0,1
2,0,0,0,2
1,0,0,0,1
1,0,0,0,1
1,0,0,0,1
2,0,0,0,2
1,0,0,0,1
1,0,0,0,1
1,0,0,0,1
2,0,0,0,2
1,0,0,0,1
1,0,0,0,1
1,0,0,0,1
2,131,0,0,133
1,0,0,0,1
1,0,0,0,1
1,0,0,0,1
2,0,0,0,2
1,0,0,0,1
1,0,0,0,1
5,0,0,0,5
1,0,0,0,1
1,0,0,0,1
1,4,0,0,5
1,0,0,0,1
1,0,0,0,1
1,0,0,0,1
2,0,0,0,2
1,0,0,0,1
1,0,0,0,1
1,0,0,0,1
1,0,0,0,1
1,0,0,0,1
1,0,0,0,1
3,2,1,0,6
2,0,0,0,2
3,5,0,0,8
1,1,1,0,3
2,0,0,0,2
1,0,0,0,1
1,0,0,0,1
1,0,0,0,1
1,0,0,0,1
1,0,0,0,1
1,0,0,0,1
1,0,0,0,1
1,0,0,0,1
1,0,0,0,1
1,0,0,0,1
1,0,0,0,1
1,0,0,0,1
2,0,0,0,2
2,0,0,0,2
1,0,0,0,1
1,0,0,0,1
2,0,0,0,2
1,0,0,0,1
1,0,0,0,1
1,6,0,0,7
1,0,0,0,1
1,3,0,0,4
1,0,0,0,1
1,0,0,0,1
1,3,0,0,4
1,0,0,0,1
2,0,0,0,2
1,0,0,0,1
2,0,0,0,2
1,0,0,0,1
4,0,0,0,4
2,0,0,0,2
1,0,0,0,1
1,0,0,0,1
1,0,0,0,1
1,0,0,0,1
1,0,0,0,1
1,0,0,0,1
1,0,0,0,1
1,0,0,0,1
3,0,0,0,3
4,0,0,0,4
1,0,0,0,1
1,0,0,0,1
1,0,0,0,1
1,0,0,0,1
1,0,0,0,1
1,0,0,0,1
1,0,0,0,1
1,0,0,0,1
1,0,0,0,1
2,0,0,0,2
1,0,0,0,1
1,0,0,0,1
1,0,0,0,1
3,0,0,0,3
1,0,0,0,1
2,0,0,0,2
1,0,0,0,1
2,0,0,0,2
1,0,0,0,1
1,0,0,0,1
1,0,0,0,1
1,0,0,0,1
1,0,0,0,1
2,0,0,0,2
1,0,0,0,1
1,0,0,0,1
1,0,0,0,1
1,0,0,0,1
1,0,0,0,1
1,0,0,0,1
1,0,0,0,1
1,0,0,0,1
2,0,0,0,2
4,0,0,0,4
3,0,1,0,4
1,0,0,0,1
1,0,0,0,1
1,0,0,0,1
1,0,0,0,1
1,0,0,0,1
1,0,0,0,1
1,0,0,0,1
1,0,0,0,1
1,0,0,0,1
1,0,0,0,1
2,0,0,0,2
1,0,0,0,1
1,0,0,0,1
1,0,0,0,1
1,0,0,0,1
1,0,0,0,1
2,0,0,0,2
1,0,0,0,1
1,0,0,0,1
1,0,0,0,1
2,0,0,0,2
4,5,0,0,9
1,0,0,0,1
1,0,0,0,1
1,0,0,0,1
2,0,0,0,2
2,0,0,0,2
1,0,0,0,1
1,0,0,0,1
2,0,0,0,2
1,0,0,0,1
1,0,0,0,1
2,0,0,0,2
1,0,0,0,1
1,0,0,0,1
1,0,0,0,1
1,0,0,0,1
1,0,0,0,1
1,3,0,0,4
1,0,0,0,1
1,0,0,0,1
1,0,0,0,1
1,0,0,0,1
1,0,0,0,1
1,0,0,0,1
1,0,0,0,1
1,0,0,0,1
1,0,0,0,1
2,0,0,0,2
2,0,0,0,2
1,0,0,0,1
1,0,0,0,1
1,0,0,0,1
1,0,0,0,1
1,0,0,0,1
1,0,0,0,1
1,0,0,0,1
2,0,0,0,2
1,0,0,0,1
1,0,0,0,1
1,0,0,0,1
1,0,0,0,1
1,0,0,0,1
1,0,0,0,1
1,0,0,0,1
1,0,0,0,1
1,0,0,0,1
1,0,0,0,1
1,0,0,0,1
1,0,0,0,1
1,0,0,0,1
1,0,0,0,1
1,0,0,0,1
1,0,0,0,1
2,0,0,0,2
1,0,0,0,1
1,0,0,0,1
3,0,0,0,3
1,0,0,0,1
4,0,0,0,4
1,0,0,0,1
1,0,0,0,1
1,7,0,0,8
1,3,0,0,4
3,5,1,0,9
1,0,0,0,1
1,0,0,0,1
1,0,0,0,1
1,0,0,0,1
6,0,0,0,6
1,0,0,0,1
1,0,0,0,1
1,0,0,0,1
1,0,0,0,1
1,0,0,0,1
1,0,0,0,1
1,0,0,0,1
1,0,0,0,1
1,0,0,0,1
2,0,0,0,2
1,0,0,0,1
1,0,0,0,1
1,0,0,0,1
1,0,0,0,1
3,1,0,0,4
1,0,0,0,1
1,0,0,0,1
1,0,0,0,1
2,0,0,0,2
1,0,0,0,1
1,0,0,0,1
1,0,0,0,1
1,0,0,0,1
1,0,0,0,1
1,0,0,0,1
2,0,0,0,2
1,7,0,0,8
1,0,0,0,1
1,0,0,0,1
1,0,0,0,1
2,0,0,0,2
1,0,0,0,1
1,0,0,0,1
1,0,0,0,1
1,0,0,0,1
2,0,0,0,2
2,0,0,0,2
1,0,0,0,1
1,0,0,0,1
2,0,0,0,2
1,0,0,0,1
1,0,0,0,1
1,0,0,0,1
2,0,0,0,2
1,0,0,0,1
1,0,0,0,1
4,0,0,0,4
1,0,0,0,1
1,0,0,0,1
3,0,0,0,3
1,0,0,0,1
1,0,0,0,1
2,0,0,0,2
1,0,0,0,1
2,0,0,0,2
1,0,0,0,1
2,3,0,0,5
1,0,0,0,1
1,2,0,0,3
1,0,0,0,1
1,0,0,0,1
3,2,0,0,5
1,0,0,0,1
1,0,0,0,1
1,0,0,0,1
1,0,0,0,1
1,0,0,0,1
1,0,0,0,1
2,0,0,0,2
1,0,0,0,1
1,0,0,0,1
1,0,0,0,1
4,0,0,0,4
1,0,0,0,1
1,0,0,0,1
1,0,0,0,1
1,0,0,0,1
2,0,0,0,2
2,0,0,0,2
1,0,0,0,1
1,0,0,0,1
2,0,1,0,3
1,0,0,0,1
1,0,0,0,1
1,0,0,0,1
1,0,0,0,1
1,0,0,0,1
1,2,0,0,3
1,0,0,0,1
1,0,0,0,1
2,0,0,0,2
2,0,0,0,2
1,0,0,0,1
2,0,0,0,2
1,0,0,0,1
1,0,0,0,1
1,0,0,0,1
1,0,0,0,1
1,0,0,0,1
1,0,0,0,1
1,0,0,0,1
2,0,0,0,2
1,0,0,0,1
1,0,0,0,1
1,0,0,0,1
1,0,0,0,1
1,0,0,0,1
1,0,0,0,1
1,0,0,0,1
1,0,0,0,1
3,0,0,0,3
1,0,0,0,1
1,0,0,0,1
1,0,0,0,1
1,0,0,0,1
1,10,0,0,11
1,0,0,0,1
1,0,0,0,1
1,0,0,0,1
2,0,0,0,2
1,0,0,0,1
3,0,0,0,3
1,0,0,0,1
3,0,0,0,3
1,0,0,0,1
1,0,0,0,1
1,0,0,0,1
1,0,0,0,1
1,0,0,0,1
2,0,0,0,2
2,0,0,0,2
1,0,0,0,1
1,0,0,0,1
1,0,0,0,1
1,0,0,0,1
2,0,0,0,2
4,1,0,0,5
1,0,0,0,1
1,0,0,0,1
1,0,0,0,1
1,0,0,0,1
1,0,0,0,1
1,0,0,0,1
1,0,0,0,1
1,0,0,0,1
1,0,0,0,1
2,0,0,0,2
1,1,0,0,2
2,0,0,0,2
5,0,0,0,5
1,0,0,0,1
1,0,0,0,1
1,0,0,0,1
1,0,0,0,1
1,0,0,0,1
1,0,0,0,1
1,0,0,0,1
1,0,0,0,1
1,0,0,0,1
1,1,0,0,2
1,0,0,0,1
1,0,0,0,1
1,0,0,0,1
1,0,0,0,1
1,14,0,0,15
1,0,0,0,1
1,0,0,0,1
2,0,0,0,2
1,0,0,0,1
1,0,0,0,1
1,0,0,0,1
2,0,0,0,2
1,0,0,0,1
1,0,0,0,1
1,0,0,0,1
2,2,0,0,4
1,0,0,0,1
1,0,0,0,1
3,28,1,0,32
1,0,0,0,1
1,0,0,0,1
1,0,0,0,1
2,0,0,0,2
1,0,0,0,1
1,0,0,0,1
1,0,0,0,1
1,0,0,0,1
1,0,0,0,1
1,0,0,0,1
1,0,0,0,1
1,0,0,0,1
1,0,0,0,1
1,0,0,0,1
1,0,0,0,1
1,0,0,0,1
1,0,0,0,1
1,0,0,0,1
1,0,0,0,1
2,0,0,0,2
1,0,0,0,1
1,0,0,0,1
1,0,0,0,1
1,0,0,0,1
1,0,0,0,1
2,0,0,0,2
1,0,0,0,1
2,0,0,0,2
3,0,0,0,3
1,0,0,0,1
1,0,0,0,1
1,0,0,0,1
1,0,0,0,1
1,0,0,0,1
3,0,0,0,3
2,0,0,0,2
2,0,0,0,2
1,0,0,0,1
1,0,0,0,1
1,0,0,0,1
1,0,0,0,1
3,0,0,0,3
1,0,0,0,1
2,0,0,0,2
1,0,0,0,1
1,0,0,0,1
2,0,0,0,2
2,0,0,0,2
1,0,0,0,1
1,0,0,0,1
1,0,0,0,1
1,0,0,0,1
1,0,0,0,1
2,0,0,0,2
1,0,0,0,1
1,0,0,0,1
1,0,0,0,1
1,0,0,0,1
1,0,0,0,1
1,0,0,0,1
1,0,0,0,1
1,0,0,0,1
1,0,0,0,1
1,0,0,0,1
1,0,0,0,1
1,0,0,0,1
1,0,0,0,1
1,0,0,0,1
1,0,0,0,1
1,0,0,0,1
1,0,0,0,1
1,0,0,0,1
1,0,0,0,1
1,0,0,0,1
1,0,0,0,1
1,0,0,0,1
1,182,4,0,187
3,0,0,0,3
1,0,0,0,1
3,0,0,0,3
2,0,0,0,2
2,0,0,0,2
1,0,0,0,1
1,0,0,0,1
1,0,0,0,1
1,0,0,0,1
1,0,0,0,1
2,0,0,0,2
1,0,0,0,1
1,0,0,0,1
2,0,0,0,2
1,0,0,0,1
2,1,0,0,3
1,0,0,0,1
1,0,0,0,1
1,0,0,0,1
1,0,0,0,1
1,0,0,0,1
1,0,0,0,1
1,0,0,0,1
1,0,0,0,1
1,0,0,0,1
4,0,0,0,4
4,0,0,0,4
1,0,0,0,1
1,0,0,0,1
4,0,0,0,4
1,0,0,0,1
1,0,0,0,1
3,0,0,0,3
1,0,0,0,1
1,0,0,0,1
1,0,0,0,1
1,0,0,0,1
1,0,0,0,1
1,0,0,0,1
1,0,0,0,1
1,0,0,0,1
1,0,0,0,1
1,0,0,0,1
1,0,0,0,1
1,0,0,0,1
1,0,0,0,1
1,0,0,0,1
2,0,0,0,2
1,0,0,0,1
2,0,0,0,2
1,0,0,0,1
2,0,0,0,2
1,0,0,0,1
1,0,0,0,1
2,0,0,0,2
1,0,0,0,1
1,0,0,0,1
2,0,0,0,2
1,0,0,0,1
1,0,0,0,1
10,0,0,0,10
1,0,0,0,1
1,0,0,0,1
1,0,0,0,1
1,0,0,0,1
1,0,0,0,1
1,0,0,0,1
1,0,0,0,1
1,0,0,0,1
1,0,0,0,1
1,0,0,0,1
1,0,0,0,1
1,0,0,0,1
1,0,0,0,1
1,0,0,0,1
1,0,0,0,1
1,0,0,0,1
1,0,0,0,1
1,0,0,0,1
2,0,0,0,2
1,0,0,0,1
1,0,0,0,1
2,0,0,0,2
2,0,0,0,2
4,0,0,0,4
1,0,0,0,1
1,0,0,0,1
1,0,0,0,1
2,0,0,0,2
3,0,0,0,3
1,0,0,0,1
1,0,0,0,1
1,0,0,0,1
1,0,0,0,1
1,0,0,0,1
1,0,0,0,1
2,1,0,0,3
1,0,0,0,1
2,0,0,0,2
1,0,0,0,1
1,0,0,0,1
1,0,0,0,1
1,0,0,0,1
3,5,0,0,8
1,0,0,0,1
1,0,0,0,1
1,0,0,0,1
1,0,0,0,1
1,1,0,0,2
1,0,0,0,1
3,0,0,0,3
1,0,0,0,1
1,0,0,0,1
1,0,0,0,1
1,0,0,0,1
1,0,0,0,1
1,0,0,0,1
1,0,0,0,1
1,0,0,0,1
1,0,0,0,1
2,0,0,0,2
1,0,0,0,1
1,0,0,0,1
1,0,0,0,1
2,0,0,0,2
1,0,0,0,1
1,0,0,0,1
3,2,0,0,5
1,0,0,0,1
4,0,0,0,4
1,0,0,0,1
1,0,0,0,1
2,0,0,0,2
1,0,0,0,1
6,2,0,0,8
1,0,1,0,2
1,0,0,0,1
3,0,0,0,3
5,0,0,0,5
1,0,0,0,1
1,0,0,0,1
1,0,0,0,1
1,0,0,0,1
1,0,0,0,1
1,0,0,0,1
1,0,0,0,1
2,0,0,0,2
2,0,0,0,2
1,0,0,0,1
1,0,0,0,1
1,0,0,0,1
1,0,0,0,1
1,0,0,0,1
1,0,0,0,1
1,0,0,0,1
1,0,0,0,1
1,0,0,0,1
1,0,0,0,1
1,0,0,0,1
3,0,2,0,5
1,0,0,0,1
1,0,0,0,1
1,0,0,0,1
3,0,0,0,3
1,0,0,0,1
1,0,0,0,1
1,0,0,0,1
1,0,0,0,1
2,0,0,0,2
1,0,0,0,1
6,0,0,0,6
2,0,0,0,2
1,0,0,0,1
1,0,0,0,1
1,0,0,0,1
1,0,0,0,1
1,0,0,0,1
3,0,0,0,3
2,0,0,0,2
1,0,0,0,1
1,0,0,0,1
1,0,0,0,1
1,0,0,0,1
1,0,0,0,1
1,0,0,0,1
1,0,0,0,1
1,0,0,0,1
1,0,0,0,1
1,0,0,0,1
1,0,0,0,1
2,0,0,0,2
3,1,0,0,4
1,0,0,0,1
1,0,0,0,1
2,0,0,0,2
1,0,0,0,1
1,0,0,0,1
2,0,0,0,2
1,0,0,0,1
3,1,0,0,4
1,0,0,0,1
1,0,0,0,1
1,1,0,0,2
1,0,0,0,1
1,0,0,0,1
1,0,1,0,2
1,5,0,0,6
1,0,0,0,1
1,0,0,0,1
3,10,2,0,15
1,0,0,0,1
1,0,0,0,1
1,0,0,0,1
2,0,0,0,2
1,0,0,0,1
1,0,0,0,1
1,0,0,0,1
2,0,0,0,2
1,0,0,0,1
1,0,0,0,1
1,0,0,0,1
1,0,0,0,1
1,0,0,0,1
1,0,0,0,1
1,0,0,0,1
1,0,0,0,1
2,0,0,0,2
1,0,0,0,1
2,2,0,0,4
3,0,0,0,3
1,0,0,0,1
1,0,0,0,1
1,0,0,0,1
2,0,0,0,2
1,0,0,0,1
1,0,0,0,1
3,28,0,0,31
1,0,0,0,1
2,0,0,0,2
1,0,0,0,1
1,0,0,0,1
1,0,0,0,1
1,0,0,0,1
1,0,0,0,1
1,18,0,0,19
1,0,0,0,1
1,0,0,0,1
1,0,0,0,1
1,0,0,0,1
2,0,0,0,2
1,0,0,0,1
2,0,0,0,2
1,0,0,0,1
2,0,0,0,2
3,0,0,0,3
1,3,0,0,4
3,0,0,0,3
1,0,0,0,1
2,2,0,0,4
1,0,0,0,1
1,0,0,0,1
2,0,0,0,2
1,0,0,0,1
1,0,0,0,1
3,0,0,0,3
1,0,0,0,1
1,0,0,0,1
1,0,0,0,1
1,0,0,0,1
1,0,0,0,1
1,0,0,0,1
1,0,0,0,1
1,0,0,0,1
2,0,0,0,2
3,0,0,0,3
1,0,0,0,1
2,0,0,0,2
2,0,0,0,2
3,0,0,0,3
2,0,0,0,2
1,0,0,0,1
1,0,0,0,1
1,0,0,0,1
1,0,0,0,1
2,0,0,0,2
1,0,0,0,1
1,0,0,0,1
1,0,0,0,1
1,0,0,0,1
1,0,0,0,1
1,0,0,0,1
1,0,0,0,1
1,0,0,0,1
1,0,0,0,1
1,0,0,0,1
1,0,0,0,1
2,0,0,0,2
1,0,0,0,1
2,0,0,0,2
1,0,0,0,1
1,0,0,0,1
1,0,0,0,1
1,0,0,0,1
1,0,0,0,1
1,0,0,0,1
1,0,0,0,1
1,0,0,0,1
1,0,0,0,1
1,0,0,0,1
1,0,0,0,1
1,0,0,0,1
1,0,0,0,1
1,0,0,0,1
1,627,5,0,633
2,0,0,0,2
1,0,0,0,1
2,0,0,0,2
1,0,0,0,1
2,0,0,0,2
1,0,0,0,1
1,0,0,0,1
1,0,0,0,1
1,0,0,0,1
1,0,0,0,1
1,0,0,0,1
1,0,0,0,1
1,0,0,0,1
1,0,0,0,1
1,0,0,0,1
1,0,0,0,1
1,0,0,0,1
1,0,0,0,1
1,0,0,0,1
1,0,0,0,1
1,0,0,0,1
1,0,0,0,1
1,0,0,0,1
4,0,0,0,4
1,0,0,0,1
1,0,0,0,1
1,0,0,0,1
3,0,0,0,3
1,0,0,0,1
1,0,0,0,1
1,0,0,0,1
1,0,0,0,1
3,0,0,0,3
1,0,0,0,1
1,0,0,0,1
1,0,0,0,1
1,0,0,0,1
1,0,0,0,1
1,0,0,0,1
1,0,0,0,1
1,0,0,0,1
1,0,0,0,1
1,0,0,0,1
1,0,0,0,1
2,0,0,0,2
1,0,0,0,1
1,0,0,0,1
1,0,0,0,1
1,0,0,0,1
1,0,0,0,1
2,0,0,0,2
1,0,0,0,1
1,0,0,0,1
1,0,0,0,1
1,0,0,0,1
1,0,0,0,1
1,0,0,0,1
1,0,0,0,1
1,0,0,0,1
1,0,0,0,1
1,0,0,0,1
1,0,0,0,1
1,1,1,0,3
1,0,0,0,1
1,0,0,0,1
1,0,0,0,1
1,0,0,0,1
1,0,0,0,1
1,0,0,0,1
1,0,0,0,1
2,0,0,0,2
1,0,0,0,1
1,0,0,0,1
1,0,0,0,1
1,0,0,0,1
1,0,0,0,1
2,2,0,0,4
2,0,0,0,2
2,0,0,0,2
2,0,0,0,2
1,0,0,0,1
1,0,0,0,1
1,0,0,0,1
1,0,0,0,1
1,0,0,0,1
1,0,0,0,1
1,0,0,0,1
1,0,0,0,1
1,0,0,0,1
2,0,0,0,2
1,0,0,0,1
1,0,0,0,1
1,0,0,0,1
1,0,0,0,1
1,0,0,0,1
1,0,0,0,1
1,0,0,0,1
1,0,0,0,1
1,0,0,0,1
1,7,0,0,8
1,0,0,0,1
1,0,0,0,1
1,0,0,0,1
1,0,0,0,1
1,0,0,0,1
1,0,0,0,1
1,2,0,0,3
1,0,2,0,3
2,0,0,0,2
1,0,0,0,1
1,0,0,0,1
2,0,0,0,2
1,0,0,0,1
1,0,0,0,1
1,0,0,0,1
1,0,0,0,1
1,0,0,0,1
1,0,0,0,1
1,25,0,0,26
1,0,0,0,1
1,0,0,0,1
2,0,0,0,2
1,0,0,0,1
1,0,0,0,1
1,1,0,0,2
1,0,0,0,1
1,0,0,0,1
1,0,0,0,1
1,0,0,0,1
1,0,0,0,1
3,0,0,0,3
1,0,0,0,1
2,0,0,0,2
4,0,0,0,4
2,0,0,0,2
3,0,0,0,3
1,0,0,0,1
7,0,2,0,9
1,0,0,0,1
6,0,0,0,6
1,0,0,0,1
1,0,0,0,1
1,0,0,0,1
1,0,0,0,1
1,0,0,0,1
1,0,0,0,1
1,0,0,0,1
1,0,0,0,1
2,0,0,0,2
1,0,0,0,1
1,0,0,0,1
1,0,0,0,1
1,0,0,0,1
1,10,0,0,11
1,0,0,0,1
1,0,0,0,1
2,0,0,0,2
1,3,1,0,5
1,0,0,0,1
1,0,0,0,1
3,0,0,0,3
1,0,0,0,1
2,0,0,0,2
1,0,0,0,1
1,0,0,0,1
2,0,0,0,2
1,0,0,0,1
2,0,0,0,2
1,0,0,0,1
1,0,0,0,1
1,0,0,0,1
2,3,0,0,5
2,0,0,0,2
1,0,0,0,1
2,0,0,0,2
2,0,0,0,2
1,0,0,0,1
1,0,0,0,1
1,0,0,0,1
1,0,0,0,1
1,0,0,0,1
1,0,0,0,1
1,0,0,0,1
2,0,0,0,2
1,0,0,0,1
1,0,0,0,1
1,0,0,0,1
1,0,0,0,1
1,0,0,0,1
4,0,1,0,5
1,0,0,0,1
1,0,0,0,1
1,1,1,0,3
6,0,2,0,8
1,0,0,0,1
1,6,0,0,7
1,0,0,0,1
1,0,0,0,1
2,0,0,0,2
1,0,0,0,1
1,0,0,0,1
4,0,0,0,4
2,0,0,0,2
1,0,0,0,1
1,0,0,0,1
1,0,0,0,1
1,0,0,0,1
1,0,0,0,1
1,0,0,0,1
1,1,0,0,2
1,0,0,0,1
3,0,0,0,3
1,0,0,0,1
1,0,0,0,1
1,0,0,0,1
1,0,0,0,1
1,0,0,0,1
1,0,0,0,1
1,0,0,0,1
2,0,0,0,2
1,0,0,0,1
1,0,0,0,1
1,0,0,0,1
1,0,0,0,1
1,0,0,0,1
1,0,0,0,1
1,0,0,0,1
1,0,0,0,1
3,0,0,0,3
1,0,0,0,1
1,0,0,0,1
1,0,0,0,1
1,0,0,0,1
2,0,0,0,2
3,0,0,0,3
2,0,0,0,2
1,0,0,0,1
1,0,0,0,1
1,0,0,0,1
2,0,0,0,2
1,0,0,0,1
1,0,0,0,1
1,0,0,0,1
2,0,0,0,2
1,0,0,0,1
1,0,0,0,1
1,0,0,0,1
2,6,0,0,8
2,0,0,0,2
1,0,0,0,1
2,0,0,0,2
3,0,0,0,3
1,0,0,0,1
1,0,0,0,1
1,0,0,0,1
1,0,0,0,1
2,0,0,0,2
1,0,0,0,1
1,0,0,0,1
1,0,0,0,1
1,0,0,0,1
1,0,0,0,1
1,2,0,0,3
1,0,0,0,1
2,0,0,0,2
3,0,0,0,3
1,0,0,0,1
1,0,0,0,1
1,0,0,0,1
1,0,0,0,1
1,0,0,0,1
1,0,0,0,1
1,0,0,0,1
1,0,0,0,1
1,0,0,0,1
1,0,0,0,1
1,0,0,0,1
1,0,0,0,1
1,0,0,0,1
1,0,0,0,1
1,0,0,0,1
1,0,0,0,1
1,0,0,0,1
2,0,0,0,2
1,0,0,0,1
1,0,0,0,1
1,0,0,0,1
1,0,0,0,1
2,0,0,0,2
2,0,0,0,2
2,0,0,0,2
1,0,0,0,1
2,0,0,0,2
1,0,0,0,1
2,0,0,0,2
1,0,0,0,1
1,0,0,0,1
1,0,0,0,1
3,0,0,0,3
1,0,0,0,1
1,0,0,0,1
1,0,0,0,1
1,0,0,0,1
1,0,0,0,1
1,0,0,0,1
1,0,0,0,1
1,0,0,0,1
1,0,0,0,1
1,0,0,0,1
1,0,0,0,1
2,0,0,0,2
1,0,0,0,1
1,0,0,0,1
1,0,0,0,1
2,0,0,0,2
1,0,0,0,1
1,0,0,0,1
1,0,0,0,1
1,0,0,0,1
1,0,0,0,1
1,0,0,0,1
1,0,0,0,1
1,0,0,0,1
1,0,0,0,1
1,0,0,0,1
2,0,0,0,2
2,0,0,0,2
1,0,0,0,1
1,0,0,0,1
1,0,0,0,1
1,0,0,0,1
1,0,0,0,1
1,0,0,0,1
1,0,0,0,1
1,0,0,0,1
1,0,0,0,1
1,0,0,0,1
1,0,0,0,1
1,0,0,0,1
1,0,0,0,1
1,0,0,0,1
1,0,0,0,1
1,0,0,0,1
5,0,0,0,5
1,0,0,0,1
1,0,0,0,1
2,0,0,0,2
1,0,0,0,1
1,0,0,0,1
1,0,0,0,1
1,0,0,0,1
6,0,0,0,6
1,0,0,0,1
1,0,0,0,1
1,0,0,0,1
1,0,0,0,1
1,0,0,0,1
1,0,0,0,1
2,0,0,0,2
1,0,0,0,1
1,0,0,0,1
2,0,0,0,2
1,0,0,0,1
1,0,0,0,1
3,2,1,0,6
2,0,0,0,2
1,0,0,0,1
1,0,0,0,1
1,0,0,0,1
1,0,0,0,1
1,0,0,0,1
1,0,0,0,1
1,0,0,0,1
1,0,0,0,1
1,0,0,0,1
1,0,0,0,1
1,0,0,0,1
2,0,0,0,2
2,0,0,0,2
6,2,6,0,14
2,0,0,0,2
3,8,0,0,11
1,0,0,0,1
2,0,0,0,2
1,0,0,0,1
1,0,0,0,1
1,0,0,0,1
2,0,0,0,2
1,0,0,0,1
1,0,0,0,1
1,0,0,0,1
1,0,0,0,1
1,0,0,0,1
2,0,0,0,2
1,0,0,0,1
1,0,0,0,1
1,0,0,0,1
1,0,0,0,1
3,0,0,0,3
4,0,0,0,4
1,0,0,0,1
1,0,0,0,1
1,0,0,0,1
1,0,0,0,1
1,0,0,0,1
2,0,0,0,2
1,0,0,0,1
1,0,0,0,1
1,0,0,0,1
1,0,0,0,1
1,0,0,0,1
1,0,0,0,1
1,0,0,0,1
1,0,0,0,1
1,0,0,0,1
1,0,0,0,1
1,0,0,0,1
1,0,0,0,1
1,0,0,0,1
1,0,0,0,1
1,0,0,0,1
2,0,0,0,2
1,0,0,0,1
1,0,0,0,1
1,0,0,0,1
2,0,0,0,2
2,0,0,0,2
1,0,0,0,1
1,0,0,0,1
1,0,0,0,1
1,0,0,0,1
1,0,0,0,1
1,0,0,0,1
1,0,0,0,1
1,0,0,0,1
1,0,0,0,1
1,0,0,0,1
1,0,0,0,1
1,0,0,0,1
1,0,0,0,1
1,0,0,0,1
1,1,0,0,2
2,0,0,0,2
1,0,0,0,1
2,0,0,0,2
1,0,0,0,1
1,0,0,0,1
3,0,0,0,3
1,0,0,0,1
1,0,0,0,1
1,0,0,0,1
1,0,0,0,1
1,0,0,0,1
1,0,0,0,1
1,0,0,0,1
1,0,0,0,1
1,0,0,0,1
1,0,0,0,1
1,0,0,0,1
2,0,0,0,2
3,1,0,0,4
2,0,0,0,2
1,0,0,0,1
2,0,0,0,2
1,0,0,0,1
1,0,0,0,1
4,0,0,0,4
3,0,0,0,3
1,0,0,0,1
1,0,0,0,1
1,0,0,0,1
1,0,0,0,1
1,0,0,0,1
1,0,0,0,1
1,0,0,0,1
1,0,0,0,1
1,0,0,0,1
1,0,0,0,1
2,0,0,0,2
1,1,0,0,2
3,0,0,0,3
6,0,1,0,7
1,0,0,0,1
1,0,0,0,1
1,0,0,0,1
1,0,0,0,1
1,0,0,0,1
1,0,0,0,1
1,0,0,0,1
1,0,0,0,1
1,0,0,0,1
1,0,0,0,1
1,0,0,0,1
1,0,0,0,1
1,0,0,0,1
1,0,0,0,1
1,0,0,0,1
1,0,0,0,1
1,0,0,0,1
1,0,0,0,1
2,0,0,0,2
2,0,0,0,2
1,0,0,0,1
1,0,0,0,1
1,0,0,0,1
1,80,0,0,81
1,0,0,0,1
2,0,0,0,2
1,0,0,0,1
1,0,0,0,1
1,0,0,0,1
3,27,0,0,30
1,0,0,0,1
1,0,0,0,1
1,0,0,0,1
1,0,0,0,1
1,0,0,0,1
3,0,0,0,3
1,0,0,0,1
3,0,0,0,3
1,0,0,0,1
1,0,0,0,1
1,0,0,0,1
1,0,0,0,1
1,0,0,0,1
1,0,0,0,1
1,0,0,0,1
1,0,0,0,1
1,0,0,0,1
1,0,0,0,1
2,0,0,0,2
1,0,0,0,1
1,0,0,0,1
1,0,0,0,1
4,0,0,0,4
1,0,0,0,1
1,0,0,0,1
1,0,0,0,1
1,0,0,0,1
1,0,0,0,1
2,0,0,0,2
1,0,0,0,1
1,0,0,0,1
1,0,0,0,1
1,0,0,0,1
1,0,0,0,1
1,0,0,0,1
1,0,0,0,1
1,0,0,0,1
1,0,0,0,1
1,0,0,0,1
1,0,0,0,1
1,0,0,0,1
1,0,0,0,1
1,0,0,0,1
1,0,0,0,1
2,0,0,0,2
1,0,0,0,1
1,0,0,0,1
3,15,0,0,18
3,0,0,0,3
1,0,0,0,1
3,0,0,0,3
1,0,0,0,1
2,0,0,0,2
1,0,0,0,1
1,0,0,0,1
1,0,0,0,1
1,0,0,0,1
1,0,0,0,1
1,0,0,0,1
2,0,0,0,2
2,0,0,0,2
3,0,0,0,3
1,0,0,0,1
2,0,0,0,2
1,0,0,0,1
1,0,0,0,1
1,0,0,0,1
1,0,0,0,1
1,0,0,0,1
1,0,0,0,1
1,1,1,0,3
1,0,0,0,1
1,0,0,0,1
1,0,0,0,1
1,0,0,0,1
2,0,0,0,2
1,0,0,0,1
1,0,0,0,1
1,0,1,0,2
1,0,0,0,1
1,0,0,0,1
1,0,0,0,1
1,0,0,0,1
1,0,0,0,1
2,0,0,0,2
1,0,0,0,1
1,0,0,0,1
1,0,0,0,1
1,0,0,0,1
1,0,0,0,1
2,0,0,0,2
3,0,0,0,3
1,0,0,0,1
2,0,0,0,2
1,0,0,0,1
1,0,0,0,1
1,0,0,0,1
1,0,0,0,1
2,0,0,0,2
1,0,0,0,1
2,0,0,0,2
1,0,0,0,1
2,0,0,0,2
1,0,0,0,1
1,0,0,0,1
1,0,0,0,1
1,0,0,0,1
1,0,0,0,1
1,0,0,0,1
1,0,0,0,1
1,0,0,0,1
1,0,0,0,1
1,0,0,0,1
1,0,0,0,1
1,0,0,0,1
1,0,0,0,1
1,0,0,0,1
3,0,0,0,3
1,0,0,0,1
1,0,0,0,1
3,0,0,0,3
1,0,0,0,1
1,0,0,0,1
2,0,0,0,2
2,0,0,0,2
3,0,0,0,3
1,0,0,0,1
1,0,0,0,1
1,0,0,0,1
1,0,0,0,1
2,0,0,0,2
1,0,0,0,1
1,0,0,0,1
1,0,0,0,1
1,0,0,0,1
1,0,0,0,1
1,0,0,0,1
1,0,0,0,1
1,0,0,0,1
1,0,0,0,1
2,0,0,0,2
1,0,0,0,1
1,0,0,0,1
1,0,0,0,1
1,0,0,0,1
1,0,0,0,1
1,0,0,0,1
2,0,0,0,2
1,0,0,0,1
1,0,0,0,1
2,0,0,0,2
1,0,0,0,1
1,0,0,0,1
1,0,0,0,1
1,1,1,0,3
1,11,0,0,12
1,0,0,0,1
2,0,0,0,2
3,0,0,0,3
1,0,0,0,1
1,0,0,0,1
3,0,0,0,3
1,0,0,0,1
3,2,0,0,5
1,11,0,0,12
1,0,0,0,1
2,0,0,0,2
1,0,0,0,1
1,1,0,0,2
1,0,0,0,1
1,0,0,0,1
1,0,0,0,1
1,0,0,0,1
1,0,0,0,1
1,0,0,0,1
1,0,0,0,1
3,0,0,0,3
1,0,0,0,1
2,0,0,0,2
1,0,0,0,1
3,0,0,0,3
2,0,0,0,2
1,0,0,0,1
2,0,0,0,2
1,0,0,0,1
8,0,0,0,8
1,0,0,0,1
1,0,0,0,1
4,0,0,0,4
1,0,0,0,1
3,654,0,0,657
3,0,0,0,3
2,0,0,0,2
1,0,0,0,1
2,0,0,0,2
4,0,0,0,4
1,0,0,0,1
1,0,0,0,1
2,0,0,0,2
1,0,0,0,1
1,0,0,0,1
1,0,0,0,1
1,0,0,0,1
1,0,0,0,1
3,0,0,0,3
1,0,0,0,1
1,0,0,0,1
1,0,0,0,1
2,0,0,0,2
1,0,0,0,1
1,0,0,0,1
1,0,0,0,1
1,0,0,0,1
1,0,0,0,1
1,0,0,0,1
1,0,0,0,1
1,0,0,0,1
1,0,0,0,1
1,0,0,0,1
1,0,0,0,1
2,0,0,0,2
1,0,0,0,1
1,0,0,0,1
1,0,0,0,1
2,0,0,0,2
1,0,0,0,1
1,0,0,0,1
3,0,0,0,3
1,0,0,0,1
1,0,0,0,1
1,0,0,0,1
3,0,0,0,3
2,0,0,0,2
1,0,0,0,1
1,0,0,0,1
1,0,0,0,1
1,0,0,0,1
1,0,0,0,1
1,0,0,0,1
1,0,0,0,1
1,0,0,0,1
1,0,0,0,1
6,0,0,0,6
1,0,0,0,1
1,6,0,0,7
1,0,0,0,1
1,0,0,0,1
1,0,0,0,1
1,0,0,0,1
1,0,0,0,1
1,0,0,0,1
2,0,0,0,2
1,0,0,0,1
2,0,0,0,2
1,0,0,0,1
1,0,0,0,1
1,0,0,0,1
1,0,0,0,1
1,0,0,0,1
1,0,0,0,1
1,0,0,0,1
1,0,0,0,1
1,0,0,0,1
2,0,0,0,2
3,0,0,0,3
1,0,0,0,1
1,0,0,0,1
1,0,0,0,1
1,0,0,0,1
4,0,0,0,4
1,0,0,0,1
1,0,0,0,1
4,0,0,0,4
2,0,0,0,2
1,0,0,0,1
1,0,0,0,1
2,0,0,0,2
1,0,0,0,1
1,0,0,0,1
2,0,0,0,2
1,0,0,0,1
3,0,0,0,3
1,0,0,0,1
1,0,0,0,1
3,0,0,0,3
1,0,0,0,1
1,0,0,0,1
1,0,0,0,1
1,0,0,0,1
1,0,0,0,1
1,0,0,0,1
1,0,0,0,1
2,0,0,0,2
1,0,0,0,1
1,0,0,0,1
1,0,0,0,1
2,0,0,0,2
2,0,0,0,2
1,15,1,0,17
1,0,0,0,1
1,0,0,0,1
1,0,0,0,1
1,0,0,0,1
1,0,0,0,1
2,0,0,0,2
1,0,0,0,1
1,0,0,0,1
1,0,0,0,1
1,0,0,0,1
1,0,0,0,1
1,0,0,0,1
6,0,0,0,6
2,0,0,0,2
1,0,0,0,1
1,0,0,0,1
1,0,0,0,1
2,0,0,0,2
4,0,0,0,4
1,0,0,0,1
1,0,0,0,1
1,0,0,0,1
2,0,0,0,2
1,0,0,0,1
2,0,0,0,2
3,0,0,0,3
2,0,0,0,2
1,1,0,0,2
1,0,0,0,1
1,0,0,0,1
1,0,0,0,1
1,0,0,0,1
3,0,0,0,3
1,0,0,0,1
2,0,0,0,2
1,0,0,0,1
1,0,0,0,1
2,0,0,0,2
1,0,0,0,1
1,0,0,0,1
1,0,0,0,1
1,0,0,0,1
4,0,0,0,4
1,0,0,0,1
1,0,0,0,1
1,1,0,0,2
1,0,0,0,1
1,0,0,0,1
1,0,0,0,1
1,0,0,0,1
1,0,0,0,1
1,0,0,0,1
2,0,0,0,2
1,0,0,0,1
2,0,0,0,2
1,0,0,0,1
1,0,0,0,1
1,0,0,0,1
1,0,0,0,1
1,0,0,0,1
1,0,0,0,1
4,0,0,0,4
1,0,0,0,1
1,0,0,0,1
1,0,0,0,1
1,0,0,0,1
1,0,0,0,1
1,0,0,0,1
1,0,0,0,1
1,0,0,0,1
1,0,0,0,1
1,0,0,0,1
1,0,0,0,1
1,0,0,0,1
1,0,0,0,1
1,0,0,0,1
3,0,0,0,3
1,0,0,0,1
1,0,0,0,1
1,0,0,0,1
2,0,0,0,2
2,0,0,0,2
2,0,0,0,2
1,0,0,0,1
2,0,0,0,2
1,0,0,0,1
1,0,0,0,1
1,0,0,0,1
1,0,0,0,1
1,0,0,0,1
1,0,0,0,1
1,0,0,0,1
1,0,0,0,1
1,0,0,0,1
1,0,0,0,1
1,4,0,0,5
1,0,0,0,1
1,0,0,0,1
1,0,0,0,1
1,0,0,0,1
2,0,0,0,2
1,0,0,0,1
1,0,0,0,1
3,0,0,0,3
1,0,0,0,1
1,0,0,0,1
1,0,0,0,1
2,0,0,0,2
1,0,0,0,1
1,0,0,0,1
2,0,0,0,2
1,0,0,0,1
1,0,0,0,1
3,0,0,0,3
1,0,0,0,1
1,0,0,0,1
1,0,0,0,1
2,0,0,0,2
1,0,0,0,1
1,0,0,0,1
1,0,0,0,1
1,0,0,0,1
1,0,0,0,1
1,0,0,0,1
2,0,0,0,2
1,0,0,0,1
2,0,0,0,2
1,0,0,0,1
1,0,0,0,1
1,0,0,0,1
1,0,0,0,1
1,0,0,0,1
1,0,0,0,1
1,0,0,0,1
2,0,0,0,2
1,7,0,0,8
1,0,0,0,1
1,0,0,0,1
3,3,0,0,6
1,0,0,0,1
1,13,0,0,14
1,2,0,0,3
1,0,0,0,1
2,0,0,0,2
7,6,0,0,13
1,0,0,0,1
1,0,0,0,1
1,0,0,0,1
1,0,0,0,1
1,0,0,0,1
3,0,0,0,3
1,0,0,0,1
1,0,0,0,1
1,0,0,0,1
1,0,0,0,1
1,0,0,0,1
1,0,0,0,1
1,0,0,0,1
1,0,0,0,1
1,0,0,0,1
1,0,0,0,1
1,0,0,0,1
1,0,0,0,1
1,0,0,0,1
1,0,0,0,1
1,0,0,0,1
1,0,0,0,1
1,0,0,0,1
2,0,0,0,2
1,0,0,0,1
2,0,0,0,2
1,0,0,0,1
1,0,0,0,1
1,0,0,0,1
2,0,0,0,2
1,0,0,0,1
1,0,0,0,1
1,0,0,0,1
1,17,0,0,18
1,0,0,0,1
2,0,0,0,2
1,0,0,0,1
1,0,0,0,1
1,0,0,0,1
2,0,0,0,2
1,0,0,0,1
1,0,0,0,1
1,0,0,0,1
3,0,0,0,3
1,0,0,0,1
1,0,0,0,1
1,0,0,0,1
1,0,0,0,1
3,0,0,0,3
1,0,0,0,1
1,0,0,0,1
1,0,0,0,1
1,0,0,0,1
1,0,0,0,1
1,0,0,0,1
1,0,0,0,1
1,0,0,0,1
1,0,0,0,1
1,0,0,0,1
1,0,0,0,1
2,0,0,0,2
1,0,0,0,1
1,0,0,0,1
2,0,0,0,2
1,0,0,0,1
2,0,0,0,2
3,0,0,0,3
3,0,0,0,3
1,0,0,0,1
1,0,0,0,1
1,0,0,0,1
1,0,0,0,1
1,0,0,0,1
6,0,0,0,6
1,0,0,0,1
1,0,0,0,1
1,0,0,0,1
1,0,0,0,1
1,0,0,0,1
1,0,0,0,1
3,0,0,0,3
1,0,0,0,1
1,0,0,0,1
1,0,0,0,1
1,0,0,0,1
1,0,0,0,1
1,0,0,0,1
1,0,0,0,1
3,0,0,0,3
1,0,0,0,1
1,0,0,0,1
1,0,0,0,1
1,0,0,0,1
1,0,0,0,1
4,0,0,0,4
1,0,0,0,1
1,0,0,0,1
1,0,0,0,1
1,0,0,0,1
1,0,0,0,1
1,0,0,0,1
1,0,0,0,1
2,0,0,0,2
1,0,0,0,1
1,0,0,0,1
1,0,0,0,1
1,1,1,0,3
1,0,0,0,1
1,0,0,0,1
1,0,0,0,1
1,0,0,0,1
1,0,0,0,1
1,0,0,0,1
1,0,0,0,1
1,0,0,0,1
1,2,2,0,5
1,0,0,0,1
1,0,0,0,1
2,0,0,0,2
1,0,0,0,1
1,0,0,0,1
1,0,0,0,1
1,0,0,0,1
1,0,0,0,1
1,0,0,0,1
1,0,0,0,1
1,0,0,0,1
3,1,0,0,4
1,0,0,0,1
1,0,0,0,1
1,0,0,0,1
3,0,0,0,3
1,0,0,0,1
1,0,0,0,1
1,0,0,0,1
1,0,0,0,1
1,0,0,0,1
1,0,0,0,1
1,0,0,0,1
1,0,0,0,1
1,0,0,0,1
1,3,0,0,4
1,0,0,0,1
1,0,0,0,1
1,0,0,0,1
1,0,0,0,1
1,0,0,0,1
1,0,0,0,1
1,0,0,0,1
1,0,0,0,1
1,0,0,0,1
5,1,0,0,6
1,0,0,0,1
1,0,0,0,1
1,0,0,0,1
2,0,0,0,2
1,0,0,0,1
1,0,0,0,1
1,0,0,0,1
1,0,0,0,1
1,0,0,0,1
1,0,0,0,1
1,0,0,0,1
1,0,0,0,1
4,0,0,0,4
2,10,0,0,12
1,0,0,0,1
2,0,0,0,2
1,0,0,0,1
2,0,0,0,2
1,0,0,0,1
2,0,0,0,2
1,0,0,0,1
1,0,0,0,1
1,0,0,0,1
1,0,0,0,1
5,0,0,0,5
1,0,0,0,1
1,0,0,0,1
5,0,0,0,5
1,4,0,0,5
2,0,0,0,2
1,0,0,0,1
2,0,0,0,2
1,0,0,0,1
1,0,0,0,1
1,0,0,0,1
1,0,0,0,1
1,0,0,0,1
2,0,0,0,2
1,0,0,0,1
1,0,0,0,1
1,0,0,0,1
1,0,0,0,1
2,0,0,0,2
1,0,0,0,1
1,0,0,0,1
4,0,0,0,4
2,0,0,0,2
3,0,0,0,3
1,0,0,0,1
1,0,0,0,1
1,0,0,0,1
1,0,0,0,1
1,0,0,0,1
1,0,0,0,1
1,0,0,0,1
1,0,0,0,1
1,0,0,0,1
1,0,0,0,1
1,0,0,0,1
1,0,0,0,1
3,0,0,0,3
4,0,0,0,4
1,0,0,0,1
1,0,0,0,1
1,0,0,0,1
1,0,0,0,1
1,0,0,0,1
2,0,0,0,2
1,0,0,0,1
1,0,0,0,1
1,0,0,0,1
3,0,0,0,3
1,0,0,0,1
1,0,0,0,1
1,0,0,0,1
1,0,0,0,1
1,0,0,0,1
1,0,0,0,1
1,0,0,0,1
1,0,0,0,1
4,0,0,0,4
1,0,0,0,1
1,0,0,0,1
1,0,0,0,1
1,0,0,0,1
1,0,0,0,1
1,0,0,0,1
1,0,0,0,1
1,0,0,0,1
1,0,0,0,1
1,0,0,0,1
1,0,0,0,1
1,0,0,0,1
1,0,0,0,1
2,0,0,0,2
1,0,0,0,1
1,0,0,0,1
1,0,0,0,1
1,0,0,0,1
1,0,0,0,1
1,1,0,0,2
1,0,0,0,1
1,0,0,0,1
1,0,0,0,1
1,0,0,0,1
1,0,0,0,1
1,0,0,0,1
1,0,0,0,1
1,0,0,0,1
2,0,0,0,2
4,0,0,0,4
1,0,0,0,1
1,0,0,0,1
1,0,0,0,1
1,0,1,0,2
3,0,0,0,3
1,0,0,0,1
1,0,0,0,1
1,0,0,0,1
1,0,0,0,1
1,0,0,0,1
2,0,0,0,2
1,0,0,0,1
1,0,0,0,1
1,0,0,0,1
2,0,0,0,2
1,0,0,0,1
1,0,0,0,1
2,0,0,0,2
1,0,0,0,1
1,0,0,0,1
1,0,0,0,1
1,0,0,0,1
2,0,0,0,2
1,0,0,0,1
1,0,0,0,1
1,0,0,0,1
1,0,0,0,1
1,0,0,0,1
1,0,0,0,1
2,0,0,0,2
2,0,0,0,2
1,0,0,0,1
1,0,0,0,1
1,0,0,0,1
1,0,0,0,1
1,0,0,0,1
1,0,0,0,1
1,0,0,0,1
2,0,0,0,2
2,0,0,0,2
2,0,0,0,2
1,0,0,0,1
1,0,0,0,1
2,0,0,0,2
1,0,0,0,1
1,0,0,0,1
1,0,0,0,1
2,0,0,0,2
1,0,0,0,1
1,0,0,0,1
1,0,0,0,1
2,0,0,0,2
1,0,0,0,1
1,0,0,0,1
1,0,0,0,1
1,0,0,0,1
2,0,0,0,2
3,0,0,0,3
1,0,0,0,1
2,0,0,0,2
1,0,0,0,1
2,0,0,0,2
1,0,0,0,1
1,0,0,0,1
4,0,0,0,4
1,0,0,0,1
1,2,0,0,3
1,0,0,0,1
2,0,0,0,2
1,0,0,0,1
1,0,0,0,1
1,0,0,0,1
1,0,0,0,1
1,0,0,0,1
1,0,0,0,1
1,0,0,0,1
2,5,0,0,7
1,0,0,0,1
1,0,0,0,1
1,0,0,0,1
1,0,0,0,1
1,0,0,0,1
2,0,0,0,2
1,0,0,0,1
3,0,0,0,3
1,0,0,0,1
1,0,0,0,1
1,0,0,0,1
1,0,0,0,1
1,0,0,0,1
2,0,0,0,2
1,0,0,0,1
1,0,0,0,1
1,0,0,0,1
7,0,0,0,7
1,0,0,0,1
1,0,0,0,1
1,0,0,0,1
1,0,0,0,1
1,0,0,0,1
1,0,0,0,1
1,0,0,0,1
1,0,0,0,1
1,0,0,0,1
5,0,0,0,5
2,0,0,0,2
1,0,0,0,1
1,0,0,0,1
1,0,0,0,1
1,0,0,0,1
2,0,0,0,2
1,0,0,0,1
1,0,0,0,1
1,0,0,0,1
2,0,0,0,2
1,0,0,0,1
1,0,0,0,1
1,0,0,0,1
1,0,0,0,1
1,0,0,0,1
1,0,0,0,1
1,2,0,0,3
1,0,0,0,1
1,0,0,0,1
1,0,0,0,1
1,0,0,0,1
1,0,0,0,1
1,0,0,0,1
2,0,0,0,2
1,0,0,0,1
1,0,0,0,1
1,0,0,0,1
1,0,0,0,1
1,0,0,0,1
2,0,0,0,2
6,0,0,0,6
1,0,0,0,1
2,9,1,0,12
1,0,0,0,1
2,0,0,0,2
2,0,0,0,2
1,0,0,0,1
1,0,0,0,1
1,0,0,0,1
3,0,0,0,3
1,0,0,0,1
1,0,0,0,1
1,0,0,0,1
2,0,0,0,2
1,0,0,0,1
1,4,0,0,5
1,0,0,0,1
1,0,0,0,1
1,0,0,0,1
1,0,0,0,1
2,0,0,0,2
1,0,0,0,1
1,0,0,0,1
1,0,0,0,1
2,0,0,0,2
1,0,0,0,1
1,0,0,0,1
1,0,0,0,1
2,0,0,0,2
1,0,0,0,1
1,0,0,0,1
1,0,0,0,1
1,0,0,0,1
1,0,0,0,1
1,0,0,0,1
1,0,0,0,1
4,0,0,0,4
1,0,0,0,1
2,591,0,0,593
1,0,0,0,1
1,0,0,0,1
2,0,0,0,2
4,1,0,0,5
3,0,0,0,3
1,0,0,0,1
1,0,0,0,1
1,0,0,0,1
1,0,0,0,1
1,0,0,0,1
1,0,0,0,1
1,0,0,0,1
1,0,0,0,1
1,0,0,0,1
2,0,0,0,2
2,0,0,0,2
1,0,0,0,1
1,0,0,0,1
1,0,0,0,1
1,0,0,0,1
1,0,0,0,1
1,0,0,0,1
1,0,0,0,1
1,0,0,0,1
1,0,0,0,1
2,0,0,0,2
2,0,0,0,2
1,0,0,0,1
1,0,0,0,1
3,0,0,0,3
1,0,0,0,1
1,0,0,0,1
1,0,0,0,1
1,0,0,0,1
1,0,0,0,1
1,0,0,0,1
1,0,0,0,1
1,0,0,0,1
2,0,0,0,2
1,0,0,0,1
1,0,0,0,1
2,7,0,0,9
1,0,0,0,1
1,0,0,0,1
2,0,0,0,2
1,0,0,0,1
3,0,0,0,3
1,0,0,0,1
2,0,0,0,2
1,0,0,0,1
2,0,0,0,2
2,0,0,0,2
2,0,0,0,2
1,0,0,0,1
1,0,0,0,1
1,0,0,0,1
1,0,0,0,1
1,0,0,0,1
1,0,0,0,1
1,0,0,0,1
1,0,0,0,1
1,0,0,0,1
1,0,0,0,1
1,0,0,0,1
1,0,0,0,1
1,0,0,0,1
1,0,0,0,1
1,0,0,0,1
1,0,0,0,1
2,17,1,0,20
2,0,0,0,2
1,0,0,0,1
1,0,0,0,1
1,0,0,0,1
3,4,1,0,8
1,0,0,0,1
1,0,0,0,1
2,0,0,0,2
1,0,0,0,1
1,2,0,0,3
1,0,0,0,1
1,0,0,0,1
1,0,0,0,1
2,0,0,0,2
4,0,0,0,4
1,0,0,0,1
5,0,0,0,5
1,0,0,0,1
1,0,0,0,1
1,0,0,0,1
1,0,0,0,1
2,0,0,0,2
1,0,0,0,1
1,0,0,0,1
1,0,0,0,1
1,0,0,0,1
1,0,0,0,1
1,0,0,0,1
4,10,2,0,16
1,0,0,0,1
1,0,0,0,1
1,0,0,0,1
1,0,0,0,1
1,0,0,0,1
1,0,0,0,1
1,4,0,0,5
1,0,0,0,1
1,0,0,0,1
1,0,0,0,1
1,2,0,0,3
1,0,0,0,1
1,0,0,0,1
1,0,0,0,1
1,0,0,0,1
1,0,0,0,1
1,0,0,0,1
1,0,0,0,1
1,0,0,0,1
1,0,0,0,1
1,0,0,0,1
1,0,0,0,1
1,0,0,0,1
2,0,0,0,2
1,0,0,0,1
3,1,1,0,5
1,0,0,0,1
2,0,0,0,2
1,0,0,0,1
4,0,0,0,4
1,0,0,0,1
1,0,0,0,1
1,0,0,0,1
1,0,0,0,1
1,0,0,0,1
1,0,0,0,1
1,0,0,0,1
6,0,0,0,6
1,0,0,0,1
1,0,0,0,1
1,0,0,0,1
1,0,0,0,1
1,0,0,0,1
1,0,0,0,1
1,3,0,0,4
1,0,0,0,1
2,0,0,0,2
1,0,0,0,1
1,0,0,0,1
1,0,0,0,1
4,0,0,0,4
1,0,0,0,1
1,0,0,0,1
1,0,0,0,1
1,0,0,0,1
1,0,0,0,1
1,0,0,0,1
2,0,0,0,2
2,0,0,0,2
1,0,0,0,1
2,14,2,0,18
1,0,0,0,1
1,0,0,0,1
1,0,0,0,1
1,0,0,0,1
1,0,0,0,1
1,0,0,0,1
1,0,0,0,1
1,0,0,0,1
1,0,0,0,1
2,0,0,0,2
1,0,0,0,1
1,0,0,0,1
1,0,0,0,1
4,0,0,0,4
1,0,0,0,1
1,2,1,0,4
1,0,0,0,1
5,0,0,0,5
1,0,0,0,1
1,0,0,0,1
1,0,0,0,1
3,0,0,0,3
1,0,0,0,1
1,0,0,0,1
1,0,0,0,1
4,0,0,0,4
2,0,0,0,2
1,0,0,0,1
3,0,0,0,3
4,0,0,0,4
1,0,0,0,1
1,0,0,0,1
1,0,0,0,1
3,0,0,0,3
1,0,0,0,1
1,0,0,0,1
1,0,0,0,1
1,0,0,0,1
1,0,0,0,1
2,0,0,0,2
4,7,0,0,11
1,0,0,0,1
1,0,0,0,1
1,0,0,0,1
1,0,0,0,1
1,0,0,0,1
1,0,0,0,1
1,0,0,0,1
1,0,0,0,1
1,0,0,0,1
1,0,0,0,1
1,0,0,0,1
3,2,0,0,5
1,0,0,0,1
1,0,0,0,1
1,0,0,0,1
2,0,0,0,2
1,0,0,0,1
1,0,0,0,1
1,0,0,0,1
1,0,0,0,1
2,0,0,0,2
1,0,0,0,1
1,0,0,0,1
1,0,0,0,1
1,0,0,0,1
1,0,0,0,1
2,0,0,0,2
3,0,0,0,3
1,0,0,0,1
1,0,0,0,1
2,0,0,0,2
1,0,0,0,1
1,0,0,0,1
1,0,0,0,1
1,0,0,0,1
1,0,0,0,1
1,0,0,0,1
1,0,0,0,1
1,0,0,0,1
1,0,0,0,1
1,0,0,0,1
1,0,0,0,1
1,0,0,0,1
1,0,0,0,1
1,0,0,0,1
3,0,0,0,3
1,0,0,0,1
1,2,1,0,4
1,0,0,0,1
1,0,0,0,1
2,0,0,0,2
1,0,0,0,1
1,0,0,0,1
4,0,0,0,4
1,0,0,0,1
1,0,0,0,1
1,0,0,0,1
1,0,0,0,1
2,0,0,0,2
1,0,0,0,1
1,0,0,0,1
2,2,1,0,5
1,0,0,0,1
1,0,0,0,1
6,1,0,0,7
1,0,0,0,1
1,0,0,0,1
1,0,0,0,1
3,0,0,0,3
1,0,0,0,1
2,0,0,0,2
3,0,0,0,3
1,0,0,0,1
1,0,0,0,1
1,0,0,0,1
1,0,0,0,1
2,0,0,0,2
1,0,0,0,1
1,0,0,0,1
1,0,0,0,1
1,0,0,0,1
2,0,0,0,2
1,0,0,0,1
1,0,0,0,1
1,0,0,0,1
1,0,0,0,1
2,0,0,0,2
8,0,0,0,8
1,0,0,0,1
1,0,0,0,1
1,0,0,0,1
1,0,0,0,1
3,0,0,0,3
1,0,0,0,1
1,0,0,0,1
1,0,0,0,1
1,0,0,0,1
2,0,0,0,2
1,0,0,0,1
1,0,0,0,1
4,0,0,0,4
1,0,0,0,1
1,0,0,0,1
1,0,0,0,1
1,0,0,0,1
1,0,0,0,1
1,0,0,0,1
1,0,0,0,1
1,0,0,0,1
1,0,0,0,1
1,0,0,0,1
1,0,0,0,1
1,0,0,0,1
2,0,0,0,2
1,0,0,0,1
1,0,0,0,1
1,0,0,0,1
1,0,0,0,1
1,0,0,0,1
1,2,2,0,5
1,0,0,0,1
2,0,0,0,2
1,0,0,0,1
2,0,0,0,2
1,4,0,0,5
1,0,0,0,1
1,0,0,0,1
1,0,0,0,1
2,0,0,0,2
1,0,0,0,1
1,0,0,0,1
1,2,0,0,3
2,0,0,0,2
1,0,0,0,1
1,0,0,0,1
1,0,0,0,1
3,0,0,0,3
1,0,0,0,1
1,0,0,0,1
1,0,0,0,1
1,0,0,0,1
1,0,0,0,1
2,1,0,0,3
1,0,0,0,1
4,4,2,0,10
2,0,0,0,2
1,0,0,0,1
1,0,0,0,1
1,0,0,0,1
2,0,0,0,2
1,0,0,0,1
2,0,0,0,2
1,0,0,0,1
1,0,0,0,1
1,0,0,0,1
1,0,0,0,1
1,0,0,0,1
1,0,0,0,1
3,0,0,0,3
1,6,0,0,7
1,0,0,0,1
1,0,0,0,1
1,0,0,0,1
1,0,0,0,1
3,0,0,0,3
1,0,0,0,1
2,0,0,0,2
1,0,0,0,1
1,0,0,0,1
1,0,0,0,1
2,0,0,0,2
1,0,0,0,1
1,1,0,0,2
1,0,0,0,1
1,0,0,0,1
1,0,0,0,1
1,0,0,0,1
1,689,0,0,690
1,0,0,0,1
1,0,0,0,1
1,0,0,0,1
2,0,0,0,2
1,0,0,0,1
2,0,0,0,2
1,0,0,0,1
1,0,0,0,1
1,0,0,0,1
1,0,0,0,1
1,0,0,0,1
1,0,0,0,1
1,0,0,0,1
1,0,0,0,1
1,0,0,0,1
1,0,0,0,1
1,0,0,0,1
1,0,0,0,1
2,0,0,0,2
1,0,0,0,1
1,0,0,0,1
1,0,0,0,1
1,0,0,0,1
1,0,0,0,1
1,0,0,0,1
2,0,0,0,2
1,0,0,0,1
2,0,0,0,2
1,0,0,0,1
2,0,0,0,2
1,0,0,0,1
1,0,0,0,1
1,0,0,0,1
1,0,0,0,1
1,0,0,0,1
1,0,0,0,1
1,0,0,0,1
6,0,0,0,6
1,0,0,0,1
1,0,0,0,1
1,0,0,0,1
1,0,0,0,1
1,0,0,0,1
1,0,0,0,1
1,0,0,0,1
1,0,0,0,1
2,0,0,0,2
1,0,0,0,1
2,6,0,0,8
3,0,0,0,3
1,0,0,0,1
1,0,0,0,1
2,0,0,0,2
1,0,0,0,1
1,0,0,0,1
2,0,0,0,2
1,0,0,0,1
1,3,0,0,4
1,0,0,0,1
1,0,0,0,1
1,0,0,0,1
1,0,0,0,1
1,0,0,0,1
1,0,0,0,1
1,0,0,0,1
1,0,0,0,1
2,0,0,0,2
1,2,0,0,3
1,0,0,0,1
1,0,0,0,1
1,0,0,0,1
1,0,0,0,1
2,0,0,0,2
2,0,0,0,2
1,0,0,0,1
1,0,0,0,1
1,0,0,0,1
1,0,0,0,1
1,0,0,0,1
2,0,0,0,2
1,0,0,0,1
2,0,0,0,2
1,0,0,0,1
1,0,0,0,1
1,0,0,0,1
1,0,0,0,1
1,0,0,0,1
1,0,0,0,1
1,0,0,0,1
1,0,0,0,1
1,0,0,0,1
1,0,0,0,1
5,0,0,0,5
1,0,0,0,1
1,0,0,0,1
1,0,0,0,1
2,0,0,0,2
1,0,0,0,1
1,0,0,0,1
1,0,0,0,1
1,0,0,0,1
1,0,0,0,1
1,0,0,0,1
1,0,0,0,1
1,0,0,0,1
1,0,0,0,1
1,0,0,0,1
1,0,0,0,1
1,0,0,0,1
1,0,0,0,1
1,0,0,0,1
2,0,0,0,2
1,0,0,0,1
1,0,0,0,1
1,0,0,0,1
1,0,0,0,1
4,0,0,0,4
4,13,0,0,17
1,0,0,0,1
1,0,0,0,1
1,0,0,0,1
1,0,0,0,1
1,0,0,0,1
1,0,0,0,1
1,0,0,0,1
1,0,0,0,1
1,0,0,0,1
2,0,0,0,2
1,0,0,0,1
1,0,0,0,1
1,0,0,0,1
1,0,0,0,1
1,0,0,0,1
5,0,0,0,5
1,0,0,0,1
2,0,0,0,2
1,0,0,0,1
1,0,0,0,1
1,0,0,0,1
2,0,0,0,2
1,0,0,0,1
4,0,0,0,4
2,0,0,0,2
1,23,56,0,80
1,0,0,0,1
2,0,0,0,2
1,0,0,0,1
1,0,0,0,1
1,0,0,0,1
1,0,0,0,1
3,0,0,0,3
1,0,0,0,1
1,0,0,0,1
1,0,0,0,1
1,0,0,0,1
5,0,0,0,5
1,0,0,0,1
1,0,0,0,1
1,0,0,0,1
1,0,0,0,1
1,0,0,0,1
1,0,0,0,1
1,0,0,0,1
1,0,0,0,1
1,0,0,0,1
1,0,0,0,1
1,0,0,0,1
1,0,0,0,1
2,0,0,0,2
1,0,0,0,1
1,0,0,0,1
1,0,0,0,1
1,0,0,0,1
1,0,0,0,1
1,0,0,0,1
1,0,0,0,1
1,0,0,0,1
1,0,0,0,1
1,0,0,0,1
1,0,0,0,1
2,0,0,0,2
1,0,0,0,1
1,0,0,0,1
1,0,0,0,1
1,0,0,0,1
1,0,0,0,1
1,0,0,0,1
2,0,0,0,2
2,0,0,0,2
1,0,0,0,1
2,0,0,0,2
2,0,0,0,2
1,0,0,0,1
1,0,0,0,1
1,1,0,0,2
1,0,0,0,1
3,0,0,0,3
1,0,0,0,1
2,0,0,0,2
3,1,0,0,4
1,0,0,0,1
1,0,0,0,1
1,0,0,0,1
5,0,0,0,5
1,0,0,0,1
1,0,0,0,1
1,0,0,0,1
1,0,0,0,1
1,0,0,0,1
1,0,0,0,1
1,0,0,0,1
1,0,0,0,1
1,0,0,0,1
1,0,0,0,1
1,0,0,0,1
1,0,0,0,1
1,0,0,0,1
2,0,0,0,2
1,0,0,0,1
1,0,0,0,1
1,0,0,0,1
1,0,0,0,1
4,2,0,0,6
2,2,0,0,4
1,0,0,0,1
1,0,0,0,1
1,0,0,0,1
1,0,0,0,1
1,0,0,0,1
1,0,0,0,1
1,0,0,0,1
1,0,0,0,1
2,0,0,0,2
2,0,0,0,2
2,0,0,0,2
1,0,0,0,1
2,0,0,0,2
1,0,0,0,1
1,0,0,0,1
3,0,0,0,3
1,0,0,0,1
1,0,0,0,1
1,0,0,0,1
3,0,0,0,3
1,0,0,0,1
1,0,0,0,1
1,0,0,0,1
2,0,0,0,2
1,0,0,0,1
1,0,0,0,1
3,0,0,0,3
2,5,0,0,7
5,23,0,0,28
2,0,0,0,2
1,0,0,0,1
2,0,0,0,2
3,2,0,0,5
1,0,0,0,1
1,0,0,0,1
1,0,0,0,1
1,0,0,0,1
5,0,0,0,5
1,0,0,0,1
4,0,0,0,4
1,0,0,0,1
1,2,0,0,3
2,0,0,0,2
1,0,0,0,1
1,0,0,0,1
1,0,0,0,1
1,0,0,0,1
2,0,0,0,2
1,0,0,0,1
1,0,0,0,1
1,0,0,0,1
1,21,0,0,22
1,0,0,0,1
3,0,0,0,3
1,0,0,0,1
1,7,0,0,8
1,0,0,0,1
1,0,0,0,1
1,0,0,0,1
1,0,0,0,1
1,0,0,0,1
1,0,0,0,1
1,0,0,0,1
1,0,0,0,1
1,0,0,0,1
1,0,0,0,1
2,0,0,0,2
1,0,0,0,1
10,7,0,0,17
3,0,0,0,3
2,1,0,0,3
1,0,0,0,1
1,0,0,0,1
1,0,0,0,1
1,0,0,0,1
1,0,0,0,1
1,0,0,0,1
1,0,0,0,1
1,0,0,0,1
2,5,0,0,7
1,0,0,0,1
1,0,0,0,1
3,0,0,0,3
1,0,0,0,1
1,0,0,0,1
1,0,0,0,1
1,0,0,0,1
1,0,0,0,1
1,0,0,0,1
1,0,0,0,1
8,0,0,0,8
4,0,0,0,4
3,0,0,0,3
1,0,0,0,1
1,0,0,0,1
1,0,0,0,1
1,0,0,0,1
3,0,0,0,3
1,0,0,0,1
1,0,0,0,1
3,0,0,0,3
1,0,0,0,1
1,0,0,0,1
1,0,0,0,1
1,0,0,0,1
1,0,0,0,1
1,0,0,0,1
1,0,0,0,1
2,0,0,0,2
1,0,0,0,1
1,0,0,0,1
1,0,0,0,1
1,0,0,0,1
1,0,0,0,1
1,0,0,0,1
1,0,0,0,1
1,0,0,0,1
1,0,0,0,1
1,0,0,0,1
1,0,0,0,1
2,0,0,0,2
2,0,0,0,2
2,0,0,0,2
2,0,0,0,2
1,0,0,0,1
1,0,0,0,1
1,0,0,0,1
1,0,0,0,1
1,0,0,0,1
2,0,0,0,2
1,0,0,0,1
1,0,0,0,1
1,0,0,0,1
1,0,0,0,1
1,0,0,0,1
1,0,0,0,1
1,0,0,0,1
1,0,0,0,1
1,0,0,0,1
1,0,0,0,1
1,0,0,0,1
1,0,0,0,1
1,0,0,0,1
1,0,0,0,1
1,1,0,0,2
1,0,0,0,1
3,0,0,0,3
1,0,0,0,1
1,0,0,0,1
1,0,0,0,1
1,2,0,0,3
4,0,0,0,4
1,0,0,0,1
1,0,0,0,1
2,0,0,0,2
1,0,0,0,1
3,0,0,0,3
5,0,0,0,5
1,0,0,0,1
2,0,0,0,2
1,0,0,0,1
1,0,0,0,1
2,0,0,0,2
4,0,0,0,4
1,0,0,0,1
3,4,0,0,7
1,0,0,0,1
1,0,0,0,1
1,0,0,0,1
2,0,0,0,2
1,0,0,0,1
2,0,0,0,2
1,0,0,0,1
6,1,1,0,8
1,0,0,0,1
2,0,0,0,2
1,0,0,0,1
2,0,0,0,2
2,0,0,0,2
1,0,0,0,1
1,0,0,0,1
1,0,0,0,1
1,0,0,0,1
1,0,0,0,1
1,0,0,0,1
1,0,0,0,1
1,0,0,0,1
2,0,0,0,2
1,0,0,0,1
1,1,0,0,2
1,0,0,0,1
2,0,0,0,2
2,0,0,0,2
1,0,0,0,1
1,0,0,0,1
1,0,0,0,1
2,0,0,0,2
1,0,0,0,1
1,0,0,0,1
1,0,0,0,1
1,0,0,0,1
4,0,0,0,4
1,0,0,0,1
1,0,0,0,1
1,0,0,0,1
2,0,0,0,2
1,0,0,0,1
1,0,0,0,1
1,0,0,0,1
1,0,0,0,1
1,0,0,0,1
1,0,0,0,1
1,0,0,0,1
2,0,0,0,2
1,0,0,0,1
1,10,0,0,11
1,0,0,0,1
1,0,0,0,1
1,0,0,0,1
1,0,0,0,1
1,0,0,0,1
1,0,0,0,1
1,0,0,0,1
1,0,0,0,1
1,0,0,0,1
2,0,0,0,2
1,0,0,0,1
1,0,0,0,1
1,0,0,0,1
1,0,0,0,1
1,0,0,0,1
1,0,0,0,1
1,0,0,0,1
1,0,0,0,1
1,0,0,0,1
2,0,0,0,2
1,0,0,0,1
2,0,0,0,2
1,0,0,0,1
1,0,0,0,1
1,0,0,0,1
1,0,0,0,1
5,0,0,0,5
1,0,0,0,1
1,0,0,0,1
1,0,0,0,1
2,0,0,0,2
2,7,0,0,9
2,0,0,0,2
1,0,0,0,1
1,0,0,0,1
1,0,0,0,1
1,0,0,0,1
1,0,0,0,1
1,0,0,0,1
1,0,0,0,1
1,0,0,0,1
1,0,0,0,1
1,0,0,0,1
1,0,0,0,1
1,0,0,0,1
1,0,0,0,1
1,0,0,0,1
1,0,0,0,1
1,0,0,0,1
1,0,0,0,1
1,0,0,0,1
1,0,0,0,1
1,0,0,0,1
1,0,0,0,1
1,0,0,0,1
1,0,0,0,1
1,0,0,0,1
1,0,0,0,1
2,0,0,0,2
1,0,0,0,1
1,0,0,0,1
1,1,0,0,2
1,0,0,0,1
1,0,0,0,1
4,0,0,0,4
1,0,0,0,1
1,0,0,0,1
1,0,0,0,1
6,0,0,0,6
1,0,0,0,1
1,0,0,0,1
2,0,0,0,2
1,0,0,0,1
2,0,0,0,2
1,0,0,0,1
1,0,1,0,2
1,0,0,0,1
1,0,0,0,1
2,0,0,0,2
1,0,0,0,1
1,0,0,0,1
1,0,0,0,1
1,39,0,0,40
2,0,0,0,2
1,0,0,0,1
1,0,0,0,1
1,0,0,0,1
1,0,0,0,1
1,0,0,0,1
1,0,0,0,1
1,0,0,0,1
1,0,0,0,1
2,0,0,0,2
1,0,0,0,1
1,0,0,0,1
1,0,0,0,1
1,0,0,0,1
1,2,0,0,3
1,0,0,0,1
1,0,0,0,1
1,0,0,0,1
1,0,0,0,1
2,0,0,0,2
1,0,0,0,1
3,0,1,0,4
1,0,0,0,1
1,0,0,0,1
1,0,0,0,1
1,0,0,0,1
1,0,0,0,1
2,0,0,0,2
1,0,0,0,1
3,0,0,0,3
2,0,0,0,2
1,0,0,0,1
1,0,0,0,1
1,0,0,0,1
2,0,0,0,2
5,0,0,0,5
1,0,0,0,1
1,0,0,0,1
1,0,0,0,1
2,0,0,0,2
1,0,0,0,1
4,0,0,0,4
1,0,0,0,1
1,0,0,0,1
1,0,0,0,1
1,0,0,0,1
3,0,0,0,3
1,0,0,0,1
1,0,0,0,1
1,0,0,0,1
2,1,0,0,3
1,0,0,0,1
1,0,0,0,1
1,0,0,0,1
1,0,0,0,1
1,0,0,0,1
1,0,0,0,1
1,0,0,0,1
1,0,0,0,1
1,0,0,0,1
1,0,0,0,1
2,0,0,0,2
2,0,0,0,2
1,0,0,0,1
3,0,0,0,3
1,0,0,0,1
2,0,0,0,2
1,0,0,0,1
1,0,0,0,1
1,0,0,0,1
1,0,0,0,1
2,0,0,0,2
1,0,0,0,1
1,0,0,0,1
2,1,0,0,3
1,0,0,0,1
1,0,0,0,1
1,0,0,0,1
1,0,0,0,1
1,0,0,0,1
1,0,0,0,1
1,0,0,0,1
1,0,0,0,1
1,0,0,0,1
1,0,0,0,1
1,0,0,0,1
1,0,0,0,1
1,0,0,0,1
4,0,0,0,4
1,0,0,0,1
1,0,0,0,1
1,0,0,0,1
1,0,0,0,1
2,0,0,0,2
1,0,0,0,1
1,0,0,0,1
1,0,0,0,1
1,0,0,0,1
1,63,0,0,64
2,0,0,0,2
1,0,0,0,1
1,0,0,0,1
1,0,0,0,1
1,0,0,0,1
1,0,0,0,1
1,0,0,0,1
1,0,0,0,1
1,0,0,0,1
1,0,0,0,1
1,0,0,0,1
1,0,0,0,1
1,0,0,0,1
1,0,0,0,1
2,0,0,0,2
2,0,0,0,2
1,0,0,0,1
1,0,0,0,1
1,0,0,0,1
1,0,0,0,1
2,0,0,0,2
1,0,0,0,1
1,0,0,0,1
1,0,0,0,1
4,0,0,0,4
1,0,0,0,1
2,0,0,0,2
3,64,1,0,68
2,0,0,0,2
1,0,0,0,1
1,0,0,0,1
1,0,0,0,1
2,0,0,0,2
1,0,0,0,1
1,1,0,0,2
1,0,0,0,1
4,0,0,0,4
1,0,0,0,1
2,0,0,0,2
1,0,0,0,1
1,0,0,0,1
1,0,0,0,1
1,0,0,0,1
1,0,0,0,1
1,0,0,0,1
1,0,0,0,1
1,0,0,0,1
1,0,0,0,1
1,0,0,0,1
1,0,0,0,1
1,27,1,0,29
1,0,0,0,1
1,2,1,0,4
1,0,0,0,1
1,0,0,0,1
3,0,0,0,3
1,0,0,0,1
1,0,0,0,1
1,0,0,0,1
2,0,0,0,2
1,0,0,0,1
1,0,0,0,1
1,0,0,0,1
2,0,0,0,2
1,0,0,0,1
1,0,0,0,1
1,0,0,0,1
1,0,0,0,1
2,0,0,0,2
1,0,0,0,1
1,0,0,0,1
1,0,0,0,1
3,0,0,0,3
1,0,0,0,1
1,0,0,0,1
1,0,0,0,1
2,0,0,0,2
1,0,0,0,1
1,0,0,0,1
1,0,0,0,1
1,0,0,0,1
1,0,0,0,1
3,0,0,0,3
3,0,0,0,3
1,0,0,0,1
2,0,0,0,2
1,0,0,0,1
1,4,0,0,5
1,0,0,0,1
1,0,0,0,1
1,0,0,0,1
1,0,0,0,1
1,0,0,0,1
3,0,0,0,3
1,0,0,0,1
1,0,0,0,1
2,0,0,0,2
1,0,0,0,1
1,0,0,0,1
1,0,0,0,1
2,0,0,0,2
1,0,0,0,1
2,0,0,0,2
4,0,0,0,4
1,0,0,0,1
1,0,0,0,1
1,0,0,0,1
1,0,0,0,1
1,0,0,0,1
1,0,0,0,1
1,0,0,0,1
7,0,0,0,7
1,0,0,0,1
1,0,0,0,1
1,0,0,0,1
1,0,0,0,1
4,0,0,0,4
1,0,0,0,1
1,0,0,0,1
3,0,0,0,3
2,0,0,0,2
1,0,0,0,1
1,0,0,0,1
1,0,0,0,1
2,0,0,0,2
1,0,0,0,1
1,0,0,0,1
2,0,0,0,2
1,0,0,0,1
1,6,1,0,8
1,0,0,0,1
1,4,0,0,5
1,0,0,0,1
1,0,0,0,1
1,0,0,0,1
1,0,0,0,1
1,0,0,0,1
4,0,0,0,4
1,0,0,0,1
1,0,0,0,1
1,0,0,0,1
1,0,0,0,1
1,0,0,0,1
1,0,0,0,1
1,0,0,0,1
1,0,0,0,1
3,0,0,0,3
1,0,0,0,1
1,0,0,0,1
2,0,0,0,2
2,0,0,0,2
1,0,0,0,1
2,0,0,0,2
1,0,0,0,1
1,0,0,0,1
1,0,0,0,1
2,0,0,0,2
1,0,0,0,1
1,0,0,0,1
2,0,0,0,2
1,0,0,0,1
2,0,0,0,2
1,0,0,0,1
1,0,0,0,1
1,0,0,0,1
1,0,0,0,1
2,0,0,0,2
1,0,0,0,1
1,0,0,0,1
1,0,0,0,1
2,0,0,0,2
1,0,0,0,1
3,0,0,0,3
1,0,0,0,1
1,0,0,0,1
1,0,0,0,1
1,0,0,0,1
1,0,0,0,1
1,0,0,0,1
1,0,0,0,1
1,0,0,0,1
1,0,0,0,1
1,0,0,0,1
1,0,0,0,1
1,0,0,0,1
1,0,0,0,1
1,0,0,0,1
1,0,0,0,1
1,0,0,0,1
1,0,0,0,1
1,0,0,0,1
2,0,0,0,2
1,0,0,0,1
2,0,0,0,2
1,0,0,0,1
1,0,0,0,1
2,0,0,0,2
1,0,0,0,1
1,0,0,0,1
1,0,0,0,1
3,0,0,0,3
1,0,0,0,1
1,0,0,0,1
1,0,0,0,1
1,0,0,0,1
1,0,0,0,1
9,1,0,0,10
1,0,0,0,1
1,0,0,0,1
1,0,0,0,1
1,0,0,0,1
2,0,0,0,2
1,0,0,0,1
2,0,0,0,2
1,0,0,0,1
4,0,0,0,4
2,0,0,0,2
2,0,0,0,2
1,0,0,0,1
1,0,0,0,1
1,0,0,0,1
1,0,0,0,1
1,0,0,0,1
1,0,0,0,1
1,0,0,0,1
2,0,0,0,2
1,0,0,0,1
1,0,0,0,1
1,0,0,0,1
1,0,0,0,1
1,0,0,0,1
1,0,0,0,1
1,0,0,0,1
1,0,0,0,1
1,0,0,0,1
1,0,0,0,1
1,0,0,0,1
2,0,0,0,2
1,0,0,0,1
1,0,0,0,1
1,0,0,0,1
1,0,0,0,1
1,0,0,0,1
2,0,0,0,2
1,0,0,0,1
1,0,0,0,1
1,0,0,0,1
4,0,0,0,4
1,0,0,0,1
6,0,0,0,6
1,0,0,0,1
1,0,0,0,1
1,0,0,0,1
1,0,0,0,1
1,0,0,0,1
1,0,0,0,1
1,0,0,0,1
1,0,0,0,1
3,0,0,0,3
1,0,0,0,1
1,0,0,0,1
2,0,0,0,2
1,0,0,0,1
1,0,0,0,1
1,0,0,0,1
2,0,0,0,2
1,0,0,0,1
2,0,0,0,2
1,0,0,0,1
1,0,0,0,1
1,0,0,0,1
1,0,0,0,1
1,0,0,0,1
2,0,0,0,2
2,0,0,0,2
2,0,0,0,2
1,0,0,0,1
1,0,0,0,1
1,0,0,0,1
2,0,0,0,2
1,0,0,0,1
1,0,0,0,1
1,0,0,0,1
1,0,0,0,1
1,0,0,0,1
1,0,0,0,1
2,0,0,0,2
1,0,0,0,1
1,0,0,0,1
1,0,0,0,1
1,0,0,0,1
2,0,0,0,2
1,0,0,0,1
1,0,0,0,1
1,0,0,0,1
1,0,0,0,1
1,0,0,0,1
1,0,0,0,1
1,2,1,0,4
2,0,0,0,2
1,0,0,0,1
2,0,0,0,2
3,0,0,0,3
1,0,0,0,1
2,0,0,0,2
1,0,0,0,1
4,0,0,0,4
2,0,0,0,2
2,0,0,0,2
1,0,0,0,1
1,0,0,0,1
1,0,0,0,1
1,0,0,0,1
1,0,0,0,1
1,0,0,0,1
1,0,0,0,1
1,0,0,0,1
1,0,0,0,1
1,0,0,0,1
1,0,0,0,1
1,0,0,0,1
1,5,0,0,6
1,0,0,0,1
2,0,0,0,2
1,0,0,0,1
1,0,0,0,1
1,0,0,0,1
1,0,0,0,1
1,0,0,0,1
1,0,0,0,1
2,0,0,0,2
1,0,0,0,1
1,0,0,0,1
1,0,0,0,1
1,0,0,0,1
1,0,0,0,1
1,0,0,0,1
1,0,0,0,1
1,0,0,0,1
1,0,0,0,1
2,0,0,0,2
1,0,0,0,1
1,0,0,0,1
2,0,0,0,2
1,0,0,0,1
1,0,0,0,1
1,12,0,0,13
1,0,0,0,1
1,0,0,0,1
1,0,0,0,1
1,0,0,0,1
1,0,0,0,1
1,0,0,0,1
1,0,0,0,1
4,2,0,0,6
1,0,0,0,1
1,0,0,0,1
1,1,1,0,3
1,0,0,0,1
1,0,0,0,1
1,0,0,0,1
1,0,0,0,1
1,0,0,0,1
2,0,0,0,2
1,0,0,0,1
1,0,0,0,1
1,0,0,0,1
1,0,0,0,1
1,0,0,0,1
1,0,0,0,1
1,0,0,0,1
1,0,0,0,1
1,0,0,0,1
2,0,0,0,2
1,0,0,0,1
1,0,0,0,1
1,0,0,0,1
2,0,0,0,2
1,0,0,0,1
2,0,0,0,2
1,0,0,0,1
1,0,0,0,1
2,0,0,0,2
1,0,0,0,1
1,0,0,0,1
2,0,0,0,2
2,0,0,0,2
4,0,0,0,4
1,0,0,0,1
4,0,0,0,4
1,0,0,0,1
1,0,0,0,1
1,0,0,0,1
1,0,0,0,1
3,0,0,0,3
1,0,0,0,1
1,0,0,0,1
1,0,0,0,1
1,0,0,0,1
1,0,0,0,1
1,0,0,0,1
1,0,0,0,1
1,0,0,0,1
1,0,0,0,1
1,0,0,0,1
1,0,0,0,1
1,0,0,0,1
1,5,1,0,7
2,1,1,0,4
1,0,0,0,1
1,0,0,0,1
1,0,0,0,1
2,0,0,0,2
1,0,0,0,1
2,0,0,0,2
1,0,0,0,1
1,0,0,0,1
3,0,0,0,3
1,0,0,0,1
2,0,0,0,2
5,0,0,0,5
3,0,0,0,3
4,0,0,0,4
1,0,0,0,1
1,0,0,0,1
1,0,0,0,1
1,0,0,0,1
1,0,0,0,1
1,0,0,0,1
1,0,0,0,1
1,0,0,0,1
1,0,0,0,1
1,1,0,0,2
1,0,0,0,1
1,0,0,0,1
2,0,0,0,2
1,0,0,0,1
2,0,0,0,2
1,0,0,0,1
1,0,0,0,1
1,0,0,0,1
2,0,0,0,2
1,0,0,0,1
1,0,0,0,1
1,0,0,0,1
1,0,0,0,1
1,0,0,0,1
1,0,0,0,1
1,0,0,0,1
2,0,0,0,2
1,0,0,0,1
1,0,0,0,1
1,0,0,0,1
1,0,0,0,1
1,0,0,0,1
1,0,0,0,1
1,0,0,0,1
1,0,0,0,1
1,0,0,0,1
2,5,2,0,9
1,0,0,0,1
1,0,0,0,1
1,0,0,0,1
1,0,0,0,1
1,0,0,0,1
2,0,0,0,2
1,0,0,0,1
1,0,0,0,1
1,0,0,0,1
4,1,0,0,5
1,0,0,0,1
2,0,0,0,2
2,0,0,0,2
1,0,0,0,1
1,0,0,0,1
1,0,0,0,1
1,0,0,0,1
2,0,0,0,2
1,0,0,0,1
1,0,0,0,1
1,0,0,0,1
2,0,0,0,2
1,0,0,0,1
1,0,0,0,1
1,0,0,0,1
1,0,0,0,1
1,0,0,0,1
1,0,0,0,1
1,0,0,0,1
5,0,0,0,5
1,0,0,0,1
1,0,0,0,1
1,0,0,0,1
1,0,0,0,1
1,0,0,0,1
1,0,0,0,1
1,0,0,0,1
2,0,0,0,2
1,0,0,0,1
1,0,0,0,1
2,0,0,0,2
1,0,0,0,1
1,0,0,0,1
1,0,0,0,1
1,0,0,0,1
1,0,0,0,1
1,0,0,0,1
1,0,0,0,1
1,1,1,0,3
3,1,0,0,4
1,0,0,0,1
1,0,0,0,1
1,0,0,0,1
2,0,0,0,2
1,0,0,0,1
3,0,0,0,3
3,62,1,0,66
1,0,0,0,1
1,0,0,0,1
1,5,0,0,6
2,0,0,0,2
1,0,0,0,1
2,0,0,0,2
1,0,0,0,1
3,0,0,0,3
1,0,0,0,1
2,0,0,0,2
2,0,0,0,2
2,0,0,0,2
1,0,0,0,1
1,0,0,0,1
1,0,0,0,1
1,0,0,0,1
1,0,0,0,1
1,4,0,0,5
2,12,0,0,14
1,0,0,0,1
1,0,0,0,1
1,0,0,0,1
1,0,0,0,1
2,0,0,0,2
1,6,0,0,7
2,0,0,0,2
1,0,0,0,1
1,0,0,0,1
1,0,0,0,1
1,0,0,0,1
1,0,0,0,1
1,0,0,0,1
3,0,0,0,3
1,0,0,0,1
1,0,0,0,1
1,0,0,0,1
2,0,0,0,2
1,0,0,0,1
1,0,0,0,1
1,0,0,0,1
1,0,0,0,1
3,0,0,0,3
1,0,0,0,1
1,0,0,0,1
1,1,0,0,2
1,0,0,0,1
1,0,0,0,1
1,0,0,0,1
1,84,0,0,85
1,0,0,0,1
1,0,0,0,1
1,0,0,0,1
1,0,0,0,1
1,226,0,0,227
1,0,0,0,1
2,0,0,0,2
1,0,0,0,1
1,0,0,0,1
1,0,0,0,1
1,0,0,0,1
1,0,0,0,1
2,0,0,0,2
1,0,0,0,1
1,0,0,0,1
1,0,0,0,1
3,0,0,0,3
1,0,0,0,1
2,0,0,0,2
1,0,0,0,1
3,0,0,0,3
1,0,0,0,1
4,0,0,0,4
1,0,0,0,1
1,0,0,0,1
5,0,0,0,5
2,0,0,0,2
1,0,0,0,1
1,0,0,0,1
1,0,0,0,1
1,0,0,0,1
1,0,0,0,1
1,0,0,0,1
4,0,0,0,4
1,0,0,0,1
1,0,0,0,1
1,0,0,0,1
2,0,0,0,2
1,0,0,0,1
1,0,0,0,1
1,0,0,0,1
1,0,0,0,1
1,0,0,0,1
2,0,0,0,2
1,0,0,0,1
1,0,0,0,1
1,0,0,0,1
1,0,0,0,1
1,0,0,0,1
1,0,0,0,1
1,0,0,0,1
1,0,0,0,1
1,0,0,0,1
1,0,0,0,1
1,0,0,0,1
1,0,0,0,1
1,0,0,0,1
1,0,0,0,1
2,0,0,0,2
1,0,0,0,1
1,0,0,0,1
2,0,0,0,2
1,0,0,0,1
1,0,0,0,1
1,0,0,0,1
1,0,0,0,1
1,0,0,0,1
1,0,0,0,1
1,0,0,0,1
3,0,0,0,3
2,0,0,0,2
3,0,0,0,3
1,0,0,0,1
1,0,0,0,1
1,0,0,0,1
1,0,0,0,1
1,0,0,0,1
1,0,0,0,1
1,0,0,0,1
1,0,0,0,1
1,0,0,0,1
1,0,0,0,1
1,0,0,0,1
1,0,0,0,1
3,0,0,0,3
1,0,0,0,1
1,0,0,0,1
1,0,0,0,1
1,0,0,0,1
1,0,0,0,1
2,0,0,0,2
1,0,0,0,1
2,0,0,0,2
1,0,0,0,1
2,0,0,0,2
1,0,0,0,1
1,0,0,0,1
1,0,0,0,1
1,0,0,0,1
1,0,0,0,1
1,0,0,0,1
1,0,0,0,1
3,0,0,0,3
1,0,0,0,1
1,0,0,0,1
1,0,0,0,1
1,0,0,0,1
1,0,0,0,1
1,0,0,0,1
2,0,0,0,2
1,0,0,0,1
1,0,0,0,1
3,4,0,0,7
1,0,0,0,1
2,0,0,0,2
1,0,0,0,1
1,0,0,0,1
1,0,0,0,1
2,0,0,0,2
2,1,0,0,3
1,0,0,0,1
1,0,0,0,1
1,0,0,0,1
2,0,0,0,2
1,0,0,0,1
1,0,0,0,1
1,0,0,0,1
1,0,0,0,1
1,0,0,0,1
1,0,0,0,1
3,0,0,0,3
1,0,0,0,1
1,0,0,0,1
1,0,0,0,1
1,0,0,0,1
3,0,0,0,3
1,0,0,0,1
1,0,0,0,1
1,0,0,0,1
3,0,0,0,3
1,0,0,0,1
1,0,0,0,1
6,0,0,0,6
1,0,0,0,1
1,0,0,0,1
1,6,2,0,9
2,4,0,0,6
2,0,0,0,2
1,0,2,0,3
1,0,0,0,1
1,0,0,0,1
1,0,0,0,1
1,0,0,0,1
1,0,0,0,1
1,0,0,0,1
1,0,0,0,1
1,0,0,0,1
1,0,0,0,1
1,0,0,0,1
1,0,0,0,1
1,0,0,0,1
1,0,0,0,1
1,0,0,0,1
2,0,0,0,2
1,0,0,0,1
1,0,0,0,1
1,0,0,0,1
1,0,0,0,1
4,0,0,0,4
1,0,0,0,1
1,0,0,0,1
1,0,0,0,1
1,0,0,0,1
1,0,0,0,1
1,0,0,0,1
1,0,0,0,1
1,0,0,0,1
1,0,0,0,1
1,0,0,0,1
1,0,0,0,1
2,0,0,0,2
1,0,0,0,1
1,0,0,0,1
1,0,0,0,1
2,0,0,0,2
1,0,0,0,1
1,0,0,0,1
3,0,0,0,3
1,0,0,0,1
1,0,0,0,1
1,0,0,0,1
1,0,0,0,1
1,0,0,0,1
1,0,0,0,1
1,0,0,0,1
1,0,0,0,1
1,0,0,0,1
2,0,0,0,2
2,1,0,0,3
1,0,0,0,1
1,0,0,0,1
1,0,0,0,1
1,0,0,0,1
2,0,0,0,2
1,0,0,0,1
1,0,0,0,1
1,0,0,0,1
1,0,0,0,1
1,0,0,0,1
1,0,0,0,1
1,0,0,0,1
1,0,0,0,1
1,0,0,0,1
1,0,0,0,1
1,0,0,0,1
1,0,0,0,1
3,0,0,0,3
2,0,0,0,2
1,0,0,0,1
1,0,0,0,1
1,0,0,0,1
1,0,0,0,1
1,0,0,0,1
1,0,0,0,1
1,0,0,0,1
1,0,0,0,1
1,0,0,0,1
2,0,0,0,2
1,0,0,0,1
1,0,0,0,1
1,0,0,0,1
2,0,0,0,2
1,0,0,0,1
1,0,0,0,1
1,0,0,0,1
1,0,0,0,1
1,0,0,0,1
1,1,0,0,2
3,1,0,0,4
3,0,0,0,3
1,0,0,0,1
1,0,0,0,1
1,0,0,0,1
2,0,0,0,2
1,0,0,0,1
2,0,0,0,2
1,0,0,0,1
2,0,0,0,2
1,0,0,0,1
2,0,0,0,2
1,0,0,0,1
3,0,0,0,3
1,0,0,0,1
1,0,0,0,1
3,0,0,0,3
1,0,0,0,1
1,0,0,0,1
1,2,0,0,3
1,0,0,0,1
1,0,0,0,1
1,0,0,0,1
1,0,0,0,1
1,0,0,0,1
1,0,0,0,1
1,0,0,0,1
1,0,0,0,1
1,0,0,0,1
1,0,0,0,1
1,0,0,0,1
1,0,0,0,1
1,0,0,0,1
1,0,0,0,1
2,0,0,0,2
1,0,0,0,1
2,0,0,0,2
1,0,0,0,1
1,0,0,0,1
1,1,2,0,4
1,0,0,0,1
1,0,0,0,1
1,0,0,0,1
1,0,0,0,1
1,0,0,0,1
1,0,0,0,1
1,0,0,0,1
1,0,0,0,1
1,0,0,0,1
1,0,0,0,1
2,0,0,0,2
1,0,0,0,1
1,0,0,0,1
1,0,0,0,1
1,0,0,0,1
2,0,0,0,2
1,0,0,0,1
1,0,0,0,1
1,0,0,0,1
2,0,0,0,2
2,2,0,0,4
1,0,0,0,1
2,0,0,0,2
1,0,0,0,1
1,0,0,0,1
1,0,0,0,1
1,0,0,0,1
1,0,0,0,1
1,0,0,0,1
1,0,0,0,1
1,0,0,0,1
1,0,0,0,1
1,0,0,0,1
1,0,0,0,1
1,0,0,0,1
1,0,0,0,1
1,0,0,0,1
1,0,0,0,1
1,0,0,0,1
1,0,0,0,1
1,0,0,0,1
1,0,0,0,1
1,0,0,0,1
1,0,0,0,1
1,0,0,0,1
1,0,0,0,1
1,0,0,0,1
1,0,0,0,1
1,0,0,0,1
2,0,0,0,2
2,0,0,0,2
1,0,0,0,1
1,92,0,0,93
1,0,0,0,1
1,0,0,0,1
1,0,0,0,1
2,0,0,0,2
2,0,0,0,2
1,0,0,0,1
1,0,0,0,1
1,0,0,0,1
2,0,0,0,2
1,0,0,0,1
1,0,0,0,1
1,0,0,0,1
1,0,0,0,1
1,0,0,0,1
1,0,0,0,1
1,0,0,0,1
1,0,0,0,1
1,0,0,0,1
1,0,0,0,1
5,0,0,0,5
1,0,0,0,1
1,0,0,0,1
1,0,0,0,1
1,0,0,0,1
1,0,0,0,1
1,0,0,0,1
1,0,0,0,1
1,0,0,0,1
2,0,0,0,2
1,0,0,0,1
1,0,0,0,1
1,0,0,0,1
1,0,0,0,1
1,0,0,0,1
1,0,0,0,1
1,0,0,0,1
1,0,0,0,1
1,0,0,0,1
1,0,0,0,1
1,0,0,0,1
2,0,0,0,2
1,0,0,0,1
1,0,0,0,1
1,4,0,0,5
1,0,0,0,1
4,0,0,0,4
1,0,0,0,1
1,0,0,0,1
2,1,0,0,3
1,0,0,0,1
1,0,0,0,1
1,0,0,0,1
2,0,0,0,2
1,0,0,0,1
1,0,0,0,1
1,0,0,0,1
1,0,0,0,1
1,0,0,0,1
1,0,0,0,1
1,0,0,0,1
1,0,0,0,1
2,0,0,0,2
1,0,0,0,1
1,0,0,0,1
1,0,0,0,1
1,0,0,0,1
1,0,0,0,1
1,0,0,0,1
2,0,0,0,2
1,0,0,0,1
1,0,0,0,1
1,0,0,0,1
1,0,0,0,1
1,0,0,0,1
1,0,0,0,1
1,0,0,0,1
2,0,1,0,3
3,0,0,0,3
1,0,0,0,1
1,0,0,0,1
1,0,0,0,1
1,0,0,0,1
3,0,0,0,3
1,0,0,0,1
1,0,0,0,1
1,0,0,0,1
3,0,0,0,3
1,0,0,0,1
1,0,0,0,1
2,0,0,0,2
1,0,0,0,1
1,0,0,0,1
4,0,0,0,4
2,0,0,0,2
1,0,0,0,1
1,0,0,0,1
1,0,0,0,1
1,0,0,0,1
1,0,0,0,1
1,3,0,0,4
1,0,0,0,1
1,0,0,0,1
1,0,0,0,1
2,0,0,0,2
1,0,0,0,1
2,0,0,0,2
2,0,0,0,2
1,0,0,0,1
1,0,0,0,1
2,0,0,0,2
1,0,0,0,1
1,0,0,0,1
2,0,0,0,2
1,0,0,0,1
1,0,0,0,1
1,0,0,0,1
1,0,0,0,1
1,0,0,0,1
3,0,0,0,3
2,3,0,0,5
2,0,0,0,2
1,0,0,0,1
1,0,0,0,1
2,0,0,0,2
1,0,0,0,1
1,0,0,0,1
1,0,0,0,1
1,0,0,0,1
1,0,0,0,1
1,0,0,0,1
3,0,0,0,3
1,0,0,0,1
1,0,0,0,1
1,0,0,0,1
1,0,0,0,1
1,0,0,0,1
1,0,0,0,1
1,1,1,0,3
1,19,0,0,20
3,0,0,0,3
3,0,0,0,3
1,0,0,0,1
1,0,0,0,1
1,0,0,0,1
1,0,0,0,1
1,0,0,0,1
4,0,0,0,4
1,0,0,0,1
1,0,0,0,1
2,0,0,0,2
1,0,0,0,1
1,0,0,0,1
1,0,0,0,1
1,25,0,0,26
3,0,0,0,3
1,0,0,0,1
1,0,0,0,1
1,0,0,0,1
2,0,0,0,2
1,0,0,0,1
1,0,0,0,1
1,0,0,0,1
1,0,0,0,1
1,0,0,0,1
1,0,0,0,1
1,0,0,0,1
1,0,0,0,1
1,0,0,0,1
1,0,0,0,1
1,0,0,0,1
1,0,0,0,1
1,0,0,0,1
1,0,0,0,1
1,0,0,0,1
1,0,0,0,1
1,0,0,0,1
1,0,0,0,1
1,0,0,0,1
1,0,0,0,1
1,0,0,0,1
4,0,0,0,4
1,0,0,0,1
1,0,0,0,1
1,1,0,0,2
1,0,0,0,1
1,0,0,0,1
1,0,0,0,1
1,0,0,0,1
1,0,0,0,1
1,0,0,0,1
1,0,0,0,1
1,0,0,0,1
1,0,0,0,1
3,0,0,0,3
2,0,0,0,2
1,0,0,0,1
1,0,0,0,1
1,0,0,0,1
1,0,0,0,1
1,0,0,0,1
1,0,0,0,1
5,0,0,0,5
1,0,0,0,1
1,0,0,0,1
1,0,0,0,1
1,0,0,0,1
1,0,0,0,1
4,0,0,0,4
1,0,0,0,1
2,2,0,0,4
1,0,0,0,1
2,0,0,0,2
1,0,0,0,1
1,0,0,0,1
1,0,0,0,1
1,0,0,0,1
1,0,0,0,1
1,0,0,0,1
1,0,0,0,1
1,0,0,0,1
1,0,0,0,1
1,0,0,0,1
1,0,0,0,1
1,3,0,0,4
1,0,0,0,1
3,0,0,0,3
1,0,0,0,1
1,0,0,0,1
1,0,0,0,1
1,0,0,0,1
1,0,0,0,1
1,0,0,0,1
1,0,0,0,1
1,0,0,0,1
1,0,0,0,1
1,0,0,0,1
1,0,0,0,1
1,0,0,0,1
1,0,0,0,1
4,5,0,0,9
1,0,0,0,1
1,0,0,0,1
1,0,0,0,1
1,0,0,0,1
2,0,0,0,2
1,0,0,0,1
1,0,0,0,1
1,0,0,0,1
3,2,0,0,5
2,0,0,0,2
1,0,0,0,1
1,0,0,0,1
1,0,0,0,1
1,0,0,0,1
1,0,0,0,1
1,0,0,0,1
2,0,0,0,2
1,0,0,0,1
1,0,0,0,1
1,0,0,0,1
2,0,0,0,2
2,0,0,0,2
1,0,0,0,1
1,0,0,0,1
1,0,0,0,1
1,0,0,0,1
1,0,0,0,1
1,0,0,0,1
1,0,0,0,1
1,0,0,0,1
1,0,0,0,1
1,0,0,0,1
1,0,0,0,1
1,0,0,0,1
2,0,0,0,2
1,0,0,0,1
1,0,0,0,1
1,0,0,0,1
5,0,0,0,5
1,0,0,0,1
1,0,0,0,1
1,0,0,0,1
1,0,0,0,1
1,0,0,0,1
1,0,0,0,1
2,0,0,0,2
1,0,0,0,1
1,0,0,0,1
1,0,0,0,1
1,0,0,0,1
1,0,0,0,1
1,0,0,0,1
2,1,1,0,4
3,0,0,0,3
1,0,0,0,1
1,0,0,0,1
1,0,0,0,1
1,0,0,0,1
1,0,0,0,1
1,0,0,0,1
1,0,0,0,1
1,0,0,0,1
1,0,0,0,1
1,0,0,0,1
2,0,0,0,2
1,0,0,0,1
1,0,0,0,1
1,0,0,0,1
1,0,0,0,1
1,0,0,0,1
1,0,0,0,1
1,0,0,0,1
1,0,0,0,1
1,0,0,0,1
1,0,0,0,1
1,0,0,0,1
1,0,0,0,1
1,0,0,0,1
1,0,0,0,1
1,0,0,0,1
1,0,0,0,1
1,0,0,0,1
1,0,0,0,1
1,0,0,0,1
1,0,0,0,1
4,0,0,0,4
2,0,0,0,2
1,0,0,0,1
1,0,0,0,1
3,0,0,0,3
1,0,0,0,1
1,0,0,0,1
1,0,0,0,1
2,0,0,0,2
1,0,0,0,1
2,0,0,0,2
1,0,0,0,1
1,0,0,0,1
1,0,0,0,1
1,0,0,0,1
2,0,0,0,2
1,0,0,0,1
1,0,0,0,1
1,0,0,0,1
1,0,0,0,1
1,0,0,0,1
3,0,0,0,3
1,0,0,0,1
1,0,0,0,1
1,0,0,0,1
1,3,0,0,4
2,0,0,0,2
3,0,0,0,3
1,0,0,0,1
2,0,0,0,2
1,0,0,0,1
2,0,0,0,2
1,0,0,0,1
1,0,0,0,1
1,0,0,0,1
1,0,0,0,1
1,0,0,0,1
2,0,0,0,2
1,0,0,0,1
1,0,0,0,1
1,0,0,0,1
1,0,0,0,1
1,0,0,0,1
3,0,0,0,3
1,0,0,0,1
1,0,0,0,1
1,0,0,0,1
1,0,0,0,1
1,0,0,0,1
1,0,0,0,1
1,0,0,0,1
1,0,0,0,1
1,0,0,0,1
1,0,0,0,1
2,0,0,0,2
1,0,0,0,1
1,0,0,0,1
1,0,0,0,1
1,0,0,0,1
1,0,0,0,1
2,0,0,0,2
1,0,0,0,1
1,0,0,0,1
2,0,0,0,2
1,0,0,0,1
1,0,0,0,1
1,0,0,0,1
2,0,0,0,2
1,0,0,0,1
3,0,0,0,3
1,0,0,0,1
1,0,0,0,1
1,0,0,0,1
1,0,0,0,1
2,0,0,0,2
1,0,0,0,1
1,0,0,0,1
1,0,0,0,1
1,0,0,0,1
1,0,0,0,1
1,0,0,0,1
1,0,0,0,1
3,2,0,0,5
5,0,0,0,5
1,0,0,0,1
1,0,0,0,1
3,0,0,0,3
1,0,0,0,1
3,0,0,0,3
1,0,0,0,1
1,0,0,0,1
1,0,0,0,1
2,0,0,0,2
1,0,0,0,1
6,0,0,0,6
1,0,0,0,1
3,1,1,0,5
1,0,0,0,1
1,0,0,0,1
1,0,0,0,1
1,0,0,0,1
2,0,0,0,2
1,0,0,0,1
1,0,0,0,1
1,0,0,0,1
2,0,0,0,2
1,0,0,0,1
2,0,0,0,2
1,0,0,0,1
1,0,0,0,1
1,0,0,0,1
2,0,0,0,2
1,0,0,0,1
13,1,0,0,14
1,0,0,0,1
1,0,0,0,1
1,0,0,0,1
2,1,0,0,3
1,0,0,0,1
1,0,0,0,1
1,0,0,0,1
1,0,0,0,1
1,0,0,0,1
1,0,0,0,1
1,0,0,0,1
1,0,0,0,1
1,0,0,0,1
1,0,0,0,1
1,0,0,0,1
1,0,0,0,1
1,0,0,0,1
1,0,0,0,1
1,0,0,0,1
2,0,0,0,2
1,0,0,0,1
2,3,1,0,6
1,0,0,0,1
3,0,0,0,3
2,0,0,0,2
1,0,0,0,1
2,0,0,0,2
1,0,0,0,1
2,0,0,0,2
2,0,0,0,2
4,2,1,0,7
1,0,0,0,1
1,0,0,0,1
2,0,0,0,2
1,0,0,0,1
3,0,0,0,3
1,0,0,0,1
1,0,0,0,1
2,0,0,0,2
1,0,0,0,1
1,0,0,0,1
2,0,0,0,2
1,0,0,0,1
2,0,0,0,2
1,0,0,0,1
1,0,0,0,1
1,0,0,0,1
1,0,0,0,1
1,0,0,0,1
1,0,0,0,1
1,0,0,0,1
1,0,0,0,1
1,0,0,0,1
1,0,0,0,1
1,0,0,0,1
1,0,0,0,1
1,0,0,0,1
1,0,0,0,1
1,0,0,0,1
1,0,0,0,1
1,0,0,0,1
1,0,0,0,1
2,0,0,0,2
1,0,0,0,1
3,0,0,0,3
1,0,0,0,1
1,0,0,0,1
3,0,0,0,3
1,0,0,0,1
1,0,0,0,1
1,0,0,0,1
2,0,0,0,2
1,0,0,0,1
3,0,1,0,4
1,0,0,0,1
1,0,0,0,1
1,0,0,0,1
1,0,0,0,1
4,0,0,0,4
1,0,0,0,1
1,0,0,0,1
1,0,0,0,1
3,0,0,0,3
1,0,0,0,1
1,0,0,0,1
3,0,0,0,3
2,0,0,0,2
1,0,0,0,1
1,0,0,0,1
1,0,0,0,1
2,0,0,0,2
1,3,1,0,5
1,0,0,0,1
3,0,0,0,3
1,0,0,0,1
1,0,0,0,1
1,0,0,0,1
1,0,0,0,1
1,0,0,0,1
1,0,0,0,1
3,0,0,0,3
1,0,0,0,1
1,0,0,0,1
1,0,0,0,1
1,0,0,0,1
1,0,0,0,1
1,0,0,0,1
1,0,0,0,1
1,0,0,0,1
1,0,0,0,1
2,0,0,0,2
4,0,0,0,4
1,0,0,0,1
1,0,0,0,1
1,0,0,0,1
1,0,0,0,1
1,0,0,0,1
1,0,0,0,1
2,0,0,0,2
1,0,0,0,1
1,0,0,0,1
2,0,0,0,2
1,0,0,0,1
1,0,0,0,1
1,0,0,0,1
1,0,0,0,1
1,0,0,0,1
1,0,0,0,1
1,0,0,0,1
2,0,0,0,2
1,0,0,0,1
1,0,0,0,1
2,0,0,0,2
1,0,0,0,1
1,0,0,0,1
2,0,0,0,2
1,0,0,0,1
1,0,0,0,1
1,0,0,0,1
2,0,0,0,2
1,0,0,0,1
2,0,0,0,2
1,0,0,0,1
1,0,0,0,1
1,0,0,0,1
1,0,0,0,1
1,0,0,0,1
1,0,0,0,1
2,0,0,0,2
1,0,0,0,1
1,0,0,0,1
1,0,0,0,1
2,0,0,0,2
2,0,0,0,2
2,1,0,0,3
1,0,0,0,1
1,0,0,0,1
1,0,0,0,1
1,0,0,0,1
1,0,0,0,1
1,0,0,0,1
1,0,0,0,1
2,0,0,0,2
2,0,0,0,2
1,0,0,0,1
1,0,0,0,1
1,0,0,0,1
2,5,0,0,7
2,0,0,0,2
1,0,0,0,1
1,0,0,0,1
2,0,0,0,2
1,0,0,0,1
1,0,0,0,1
2,0,0,0,2
1,0,0,0,1
1,0,0,0,1
1,0,0,0,1
2,9,0,0,11
2,0,0,0,2
1,0,0,0,1
2,0,0,0,2
1,0,0,0,1
1,0,0,0,1
1,0,0,0,1
1,0,0,0,1
1,0,0,0,1
1,0,0,0,1
1,0,0,0,1
1,0,0,0,1
1,0,0,0,1
1,20,0,0,21
1,0,0,0,1
1,0,0,0,1
1,0,0,0,1
3,0,0,0,3
1,0,0,0,1
1,0,0,0,1
1,0,0,0,1
1,0,0,0,1
1,0,0,0,1
1,0,0,0,1
1,0,0,0,1
1,0,0,0,1
2,0,0,0,2
1,0,0,0,1
1,0,0,0,1
1,0,0,0,1
1,0,0,0,1
1,1,0,0,2
1,0,0,0,1
1,0,0,0,1
1,0,0,0,1
1,0,0,0,1
1,0,0,0,1
1,0,0,0,1
1,0,0,0,1
1,0,0,0,1
1,0,0,0,1
2,0,0,0,2
1,0,0,0,1
1,0,0,0,1
1,0,0,0,1
1,0,0,0,1
1,0,0,0,1
1,0,0,0,1
1,0,0,0,1
1,0,0,0,1
1,9,2,0,12
1,0,0,0,1
1,0,0,0,1
1,0,0,0,1
1,0,0,0,1
1,0,0,0,1
1,0,0,0,1
2,0,0,0,2
1,0,0,0,1
1,0,0,0,1
1,0,0,0,1
1,0,0,0,1
1,0,0,0,1
1,0,0,0,1
1,0,0,0,1
1,0,0,0,1
1,0,0,0,1
1,0,0,0,1
1,0,0,0,1
1,0,0,0,1
1,1,0,0,2
1,0,0,0,1
1,0,0,0,1
2,0,0,0,2
1,0,0,0,1
1,0,0,0,1
1,0,0,0,1
1,0,0,0,1
1,0,0,0,1
1,0,0,0,1
1,0,0,0,1
1,0,0,0,1
1,0,0,0,1
2,0,0,0,2
1,0,0,0,1
2,0,0,0,2
2,0,0,0,2
2,0,0,0,2
1,0,0,0,1
1,0,0,0,1
1,0,0,0,1
1,0,0,0,1
1,0,0,0,1
1,0,0,0,1
2,0,0,0,2
1,0,0,0,1
1,0,0,0,1
1,0,0,0,1
1,0,0,0,1
1,0,0,0,1
1,0,0,0,1
2,0,0,0,2
1,0,0,0,1
1,0,0,0,1
2,0,0,0,2
1,0,0,0,1
1,0,0,0,1
1,0,0,0,1
1,0,0,0,1
1,0,0,0,1
1,0,0,0,1
1,0,0,0,1
1,0,0,0,1
1,0,0,0,1
1,0,0,0,1
1,0,0,0,1
1,0,0,0,1
1,1,0,0,2
1,0,0,0,1
1,0,0,0,1
1,0,0,0,1
1,0,0,0,1
1,0,0,0,1
1,0,0,0,1
1,0,0,0,1
1,0,0,0,1
4,0,0,0,4
1,0,0,0,1
1,0,0,0,1
2,0,0,0,2
1,0,0,0,1
1,0,0,0,1
1,6,0,0,7
1,0,0,0,1
1,0,0,0,1
1,0,0,0,1
1,0,0,0,1
1,0,0,0,1
1,0,0,0,1
2,0,0,0,2
1,0,0,0,1
1,0,0,0,1
1,0,0,0,1
1,0,0,0,1
1,0,0,0,1
1,0,0,0,1
1,0,0,0,1
3,0,0,0,3
1,0,0,0,1
1,0,0,0,1
1,592,0,0,593
2,0,0,0,2
1,0,0,0,1
1,0,0,0,1
1,0,0,0,1
3,0,1,0,4
1,0,0,0,1
1,0,0,0,1
1,0,0,0,1
3,0,0,0,3
1,0,0,0,1
1,0,0,0,1
1,0,0,0,1
3,0,0,0,3
3,0,0,0,3
1,0,0,0,1
3,2,0,0,5
1,0,0,0,1
1,0,0,0,1
3,0,0,0,3
2,0,0,0,2
1,0,0,0,1
1,0,0,0,1
1,0,0,0,1
1,0,0,0,1
2,74,0,0,76
1,0,0,0,1
2,0,0,0,2
1,0,0,0,1
1,0,0,0,1
1,0,0,0,1
1,0,0,0,1
1,0,0,0,1
1,0,0,0,1
1,0,0,0,1
1,1,1,0,3
2,0,0,0,2
3,0,0,0,3
1,0,0,0,1
1,0,0,0,1
1,0,0,0,1
1,0,0,0,1
1,0,0,0,1
1,0,0,0,1
1,0,0,0,1
1,0,0,0,1
1,0,0,0,1
1,0,0,0,1
1,0,0,0,1
1,0,0,0,1
1,0,0,0,1
1,0,0,0,1
1,0,0,0,1
1,0,0,0,1
2,0,0,0,2
1,0,0,0,1
3,0,0,0,3
1,0,0,0,1
1,0,0,0,1
1,0,0,0,1
1,0,0,0,1
1,0,0,0,1
1,0,0,0,1
1,0,0,0,1
1,0,0,0,1
1,0,0,0,1
1,0,0,0,1
1,0,0,0,1
1,0,0,0,1
1,0,0,0,1
1,0,0,0,1
1,0,0,0,1
1,0,0,0,1
2,0,0,0,2
6,0,1,0,7
1,0,0,0,1
1,0,0,0,1
1,0,0,0,1
1,0,0,0,1
4,0,0,0,4
1,0,0,0,1
1,0,0,0,1
1,0,0,0,1
3,0,0,0,3
1,0,0,0,1
1,0,0,0,1
1,0,0,0,1
1,0,0,0,1
1,0,0,0,1
2,0,0,0,2
1,0,0,0,1
1,0,0,0,1
2,1,0,0,3
1,0,0,0,1
1,0,0,0,1
1,0,0,0,1
1,0,0,0,1
1,0,0,0,1
1,0,0,0,1
1,0,0,0,1
1,0,0,0,1
1,0,0,0,1
1,0,0,0,1
1,0,0,0,1
1,0,0,0,1
1,0,0,0,1
1,0,0,0,1
1,0,0,0,1
2,0,0,0,2
1,0,0,0,1
1,0,0,0,1
2,0,0,0,2
1,0,0,0,1
1,0,0,0,1
3,0,0,0,3
1,0,0,0,1
1,0,0,0,1
4,0,0,0,4
1,0,0,0,1
1,0,0,0,1
1,0,0,0,1
9,2,0,0,11
1,0,0,0,1
1,0,0,0,1
2,0,0,0,2
3,15,0,0,18
1,0,0,0,1
2,0,0,0,2
1,0,0,0,1
1,0,0,0,1
1,0,0,0,1
1,0,0,0,1
1,0,0,0,1
2,0,0,0,2
1,0,0,0,1
1,0,0,0,1
1,0,0,0,1
1,0,0,0,1
1,0,0,0,1
1,0,0,0,1
1,0,0,0,1
1,0,0,0,1
1,1,0,0,2
2,0,0,0,2
1,163,0,0,164
1,0,0,0,1
1,0,0,0,1
1,0,0,0,1
1,0,0,0,1
2,0,0,0,2
1,0,0,0,1
1,0,0,0,1
1,0,0,0,1
3,2,1,0,6
1,2,1,0,4
1,0,0,0,1
1,0,0,0,1
2,0,0,0,2
1,0,0,0,1
2,0,0,0,2
4,6,1,0,11
2,1,0,0,3
1,0,0,0,1
1,0,0,0,1
1,0,0,0,1
1,0,0,0,1
1,0,0,0,1
1,0,0,0,1
2,0,0,0,2
1,0,0,0,1
1,0,0,0,1
1,0,0,0,1
3,0,0,0,3
1,0,0,0,1
1,0,0,0,1
1,0,0,0,1
1,0,0,0,1
1,0,0,0,1
1,0,0,0,1
1,0,0,0,1
1,0,0,0,1
1,0,0,0,1
1,0,0,0,1
1,0,0,0,1
3,0,0,0,3
1,0,0,0,1
1,0,0,0,1
3,0,0,0,3
1,0,0,0,1
2,0,0,0,2
1,0,0,0,1
2,0,0,0,2
2,0,0,0,2
1,0,0,0,1
1,0,0,0,1
1,0,0,0,1
1,0,0,0,1
6,1,1,0,8
3,0,0,0,3
1,0,0,0,1
1,0,0,0,1
3,0,0,0,3
3,0,0,0,3
1,0,0,0,1
1,0,0,0,1
1,0,0,0,1
1,0,0,0,1
1,0,0,0,1
1,0,0,0,1
1,0,0,0,1
1,0,0,0,1
1,0,0,0,1
1,0,0,0,1
2,0,0,0,2
1,0,0,0,1
1,0,0,0,1
1,0,0,0,1
2,0,0,0,2
1,0,0,0,1
1,0,0,0,1
1,0,0,0,1
1,0,0,0,1
1,0,0,0,1
1,0,0,0,1
1,0,0,0,1
2,0,0,0,2
1,0,0,0,1
1,0,0,0,1
1,0,0,0,1
1,0,0,0,1
1,0,0,0,1
1,0,0,0,1
2,0,0,0,2
1,0,0,0,1
1,0,0,0,1
1,0,0,0,1
1,0,0,0,1
1,0,0,0,1
1,0,0,0,1
2,0,0,0,2
1,0,0,0,1
1,0,0,0,1
1,0,0,0,1
1,0,0,0,1
2,0,0,0,2
2,0,0,0,2
1,0,0,0,1
2,0,0,0,2
1,0,0,0,1
1,0,0,0,1
1,0,0,0,1
2,0,0,0,2
1,0,0,0,1
1,0,0,0,1
1,0,0,0,1
1,1,0,0,2
1,0,0,0,1
1,0,0,0,1
4,2,0,0,6
1,0,0,0,1
1,0,0,0,1
2,0,0,0,2
1,0,0,0,1
3,0,0,0,3
1,0,0,0,1
1,0,0,0,1
1,0,0,0,1
1,0,0,0,1
1,0,0,0,1
1,0,0,0,1
1,0,0,0,1
1,0,0,0,1
1,0,0,0,1
1,0,0,0,1
1,0,0,0,1
1,0,0,0,1
1,0,0,0,1
1,0,0,0,1
1,0,0,0,1
3,0,0,0,3
1,0,0,0,1
2,0,0,0,2
1,0,0,0,1
1,0,0,0,1
1,0,0,0,1
1,0,0,0,1
1,0,0,0,1
1,0,0,0,1
5,0,0,0,5
1,0,0,0,1
1,0,0,0,1
1,0,0,0,1
1,0,0,0,1
1,0,0,0,1
1,0,0,0,1
1,0,0,0,1
1,0,0,0,1
3,0,0,0,3
3,0,0,0,3
2,0,0,0,2
1,0,0,0,1
1,0,0,0,1
1,0,0,0,1
3,0,0,0,3
1,0,0,0,1
1,0,0,0,1
2,0,0,0,2
2,0,0,0,2
1,0,0,0,1
1,0,0,0,1
1,0,0,0,1
1,0,0,0,1
2,0,0,0,2
1,32,0,0,33
1,0,0,0,1
1,0,0,0,1
1,0,0,0,1
1,0,0,0,1
2,0,0,0,2
1,0,0,0,1
1,0,0,0,1
1,0,0,0,1
1,0,0,0,1
1,0,0,0,1
1,0,0,0,1
3,0,0,0,3
1,0,0,0,1
1,0,0,0,1
1,0,0,0,1
1,0,0,0,1
2,0,0,0,2
1,0,0,0,1
1,0,0,0,1
1,0,0,0,1
1,0,0,0,1
1,0,0,0,1
1,0,0,0,1
4,0,0,0,4
1,0,0,0,1
1,0,0,0,1
1,0,0,0,1
1,0,0,0,1
1,0,0,0,1
2,0,0,0,2
1,0,0,0,1
1,0,0,0,1
3,0,0,0,3
1,0,0,0,1
1,5,0,0,6
2,0,0,0,2
1,0,0,0,1
1,2,0,0,3
1,0,0,0,1
1,0,0,0,1
1,0,0,0,1
2,0,0,0,2
1,0,0,0,1
2,0,0,0,2
2,0,0,0,2
1,0,0,0,1
4,0,0,0,4
1,0,0,0,1
1,0,0,0,1
1,0,0,0,1
1,0,0,0,1
1,0,0,0,1
1,0,0,0,1
1,0,0,0,1
2,0,0,0,2
1,0,0,0,1
3,0,0,0,3
1,0,0,0,1
1,0,0,0,1
1,0,0,0,1
2,0,0,0,2
1,0,0,0,1
1,0,0,0,1
1,0,0,0,1
2,0,0,0,2
2,0,0,0,2
1,0,0,0,1
1,0,0,0,1
1,0,0,0,1
1,0,0,0,1
1,2,0,0,3
2,0,0,0,2
1,0,0,0,1
1,0,0,0,1
1,0,0,0,1
1,0,0,0,1
2,1,0,0,3
2,0,0,0,2
1,0,0,0,1
3,0,0,0,3
1,0,0,0,1
1,0,0,0,1
1,0,0,0,1
1,0,0,0,1
2,0,0,0,2
2,0,0,0,2
1,0,0,0,1
1,0,0,0,1
1,0,0,0,1
1,0,0,0,1
1,0,0,0,1
1,0,0,0,1
1,0,0,0,1
1,0,0,0,1
1,0,0,0,1
1,0,0,0,1
2,0,0,0,2
1,0,0,0,1
1,0,0,0,1
2,0,0,0,2
1,0,0,0,1
1,0,0,0,1
2,0,0,0,2
1,0,0,0,1
2,5,0,0,7
1,0,0,0,1
1,0,0,0,1
1,0,0,0,1
1,0,0,0,1
2,0,0,0,2
2,0,0,0,2
1,0,0,0,1
1,0,0,0,1
1,0,0,0,1
2,0,0,0,2
3,0,0,0,3
1,0,0,0,1
2,0,0,0,2
2,1,2,0,5
1,0,0,0,1
1,0,0,0,1
3,0,0,0,3
1,0,0,0,1
3,1,0,0,4
1,0,0,0,1
2,0,0,0,2
1,0,0,0,1
1,0,0,0,1
1,0,0,0,1
1,0,0,0,1
1,0,0,0,1
1,0,0,0,1
1,0,0,0,1
1,0,0,0,1
1,0,0,0,1
1,0,0,0,1
1,0,0,0,1
1,0,0,0,1
1,0,0,0,1
1,0,0,0,1
1,0,0,0,1
1,0,0,0,1
3,0,0,0,3
1,0,0,0,1
1,0,0,0,1
1,0,0,0,1
1,0,0,0,1
1,0,0,0,1
2,0,0,0,2
1,0,0,0,1
1,0,0,0,1
3,0,0,0,3
1,0,0,0,1
1,0,0,0,1
1,0,0,0,1
2,0,0,0,2
1,0,0,0,1
1,0,0,0,1
2,0,0,0,2
2,0,0,0,2
1,0,0,0,1
1,0,0,0,1
1,0,0,0,1
1,0,0,0,1
1,0,0,0,1
1,0,0,0,1
1,0,0,0,1
1,0,0,0,1
1,0,0,0,1
1,0,0,0,1
1,0,0,0,1
2,0,0,0,2
1,0,0,0,1
1,0,0,0,1
1,0,0,0,1
2,1,0,0,3
1,0,0,0,1
1,0,0,0,1
1,0,0,0,1
1,0,0,0,1
1,0,0,0,1
1,0,0,0,1
1,0,0,0,1
1,0,0,0,1
1,0,0,0,1
2,0,0,0,2
4,0,0,0,4
1,0,0,0,1
1,0,0,0,1
1,0,0,0,1
3,0,0,0,3
2,0,0,0,2
4,0,0,0,4
1,0,0,0,1
1,0,0,0,1
1,0,0,0,1
1,0,0,0,1
1,0,0,0,1
1,0,0,0,1
1,0,0,0,1
1,0,0,0,1
2,1,0,0,3
1,0,0,0,1
2,0,0,0,2
1,0,0,0,1
1,0,0,0,1
1,0,0,0,1
3,0,0,0,3
1,0,0,0,1
1,0,0,0,1
1,0,0,0,1
1,0,0,0,1
1,0,0,0,1
1,0,0,0,1
1,0,0,0,1
2,0,0,0,2
1,0,0,0,1
3,0,0,0,3
1,0,0,0,1
5,0,0,0,5
1,5,0,0,6
1,0,0,0,1
1,0,0,0,1
1,0,0,0,1
1,0,0,0,1
1,0,0,0,1
1,0,0,0,1
1,0,0,0,1
1,0,0,0,1
3,1,0,0,4
1,0,0,0,1
2,0,0,0,2
2,0,0,0,2
1,0,0,0,1
3,0,0,0,3
1,0,0,0,1
1,0,0,0,1
1,0,0,0,1
1,0,0,0,1
1,0,0,0,1
1,0,0,0,1
1,0,0,0,1
1,0,0,0,1
2,0,0,0,2
2,0,0,0,2
1,0,0,0,1
1,0,0,0,1
1,0,0,0,1
1,0,0,0,1
1,0,0,0,1
1,0,0,0,1
1,0,0,0,1
1,0,0,0,1
1,0,0,0,1
1,0,0,0,1
1,0,0,0,1
1,0,0,0,1
1,0,0,0,1
1,0,0,0,1
1,0,0,0,1
2,0,0,0,2
1,0,0,0,1
1,0,0,0,1
1,0,0,0,1
1,0,0,0,1
1,0,0,0,1
1,0,0,0,1
2,0,0,0,2
2,0,0,0,2
1,0,0,0,1
2,0,0,0,2
1,5,0,0,6
1,0,0,0,1
1,0,0,0,1
3,0,0,0,3
1,0,0,0,1
1,0,0,0,1
1,0,0,0,1
1,0,0,0,1
1,0,0,0,1
2,0,0,0,2
1,0,0,0,1
1,0,0,0,1
2,0,0,0,2
1,0,0,0,1
1,0,0,0,1
1,0,0,0,1
1,0,0,0,1
1,0,0,0,1
1,0,0,0,1
1,0,0,0,1
2,0,0,0,2
1,0,0,0,1
1,0,0,0,1
1,0,0,0,1
1,0,0,0,1
1,0,0,0,1
1,0,0,0,1
1,0,0,0,1
1,0,0,0,1
1,0,0,0,1
1,0,0,0,1
1,0,0,0,1
1,0,0,0,1
1,0,0,0,1
1,0,0,0,1
1,0,0,0,1
1,0,0,0,1
1,0,0,0,1
1,0,0,0,1
2,0,0,0,2
2,0,0,0,2
1,0,0,0,1
4,1,0,0,5
1,0,0,0,1
1,0,0,0,1
1,0,0,0,1
1,0,0,0,1
1,0,0,0,1
1,0,0,0,1
1,0,0,0,1
1,0,0,0,1
1,0,0,0,1
1,0,0,0,1
1,0,0,0,1
1,0,0,0,1
1,0,0,0,1
1,0,0,0,1
1,0,0,0,1
1,0,0,0,1
1,0,0,0,1
1,0,0,0,1
2,0,0,0,2
3,0,0,0,3
2,0,0,0,2
1,0,0,0,1
2,0,0,0,2
3,0,0,0,3
1,0,0,0,1
1,0,0,0,1
1,0,0,0,1
1,0,0,0,1
1,0,0,0,1
1,0,0,0,1
1,0,0,0,1
1,0,0,0,1
1,0,0,0,1
1,0,0,0,1
1,0,0,0,1
1,0,0,0,1
1,0,0,0,1
1,0,0,0,1
1,0,0,0,1
1,0,0,0,1
1,0,0,0,1
1,0,0,0,1
1,0,0,0,1
1,0,0,0,1
1,0,0,0,1
1,0,0,0,1
3,0,0,0,3
1,0,0,0,1
2,0,0,0,2
2,0,0,0,2
2,13,0,0,15
1,0,0,0,1
1,0,0,0,1
3,0,0,0,3
1,0,0,0,1
1,0,0,0,1
1,0,0,0,1
2,0,0,0,2
1,0,0,0,1
1,0,0,0,1
1,0,0,0,1
1,0,0,0,1
1,0,0,0,1
1,0,0,0,1
1,0,0,0,1
1,0,0,0,1
2,0,0,0,2
2,0,0,0,2
1,0,0,0,1
1,0,0,0,1
1,0,0,0,1
2,0,0,0,2
1,0,0,0,1
1,0,0,0,1
3,0,0,0,3
1,0,0,0,1
1,0,0,0,1
1,0,0,0,1
1,0,0,0,1
1,0,0,0,1
1,0,0,0,1
2,0,0,0,2
2,0,0,0,2
1,0,0,0,1
2,0,0,0,2
1,0,0,0,1
4,0,0,0,4
2,0,0,0,2
1,0,0,0,1
1,0,0,0,1
1,0,0,0,1
1,0,0,0,1
1,0,0,0,1
1,0,0,0,1
1,0,0,0,1
1,0,0,0,1
1,0,0,0,1
1,0,0,0,1
1,0,0,0,1
1,0,0,0,1
1,0,0,0,1
6,0,0,0,6
1,0,0,0,1
1,0,0,0,1
1,0,0,0,1
1,0,0,0,1
1,0,0,0,1
2,0,0,0,2
1,0,0,0,1
1,0,0,0,1
1,0,0,0,1
1,0,0,0,1
1,0,0,0,1
1,0,0,0,1
1,0,0,0,1
2,0,0,0,2
1,0,0,0,1
1,0,0,0,1
1,0,0,0,1
3,0,0,0,3
1,0,0,0,1
1,0,0,0,1
1,0,0,0,1
1,0,0,0,1
1,0,0,0,1
2,0,0,0,2
1,0,0,0,1
1,0,0,0,1
1,0,0,0,1
1,0,0,0,1
2,0,0,0,2
1,0,0,0,1
1,0,0,0,1
1,1,0,0,2
1,0,0,0,1
2,0,0,0,2
1,0,0,0,1
1,0,0,0,1
1,0,0,0,1
1,0,0,0,1
1,0,0,0,1
2,0,0,0,2
2,0,0,0,2
1,0,0,0,1
1,0,0,0,1
1,0,0,0,1
1,0,0,0,1
1,0,0,0,1
1,0,0,0,1
2,0,0,0,2
3,0,0,0,3
1,0,0,0,1
1,0,0,0,1
3,0,0,0,3
1,0,0,0,1
1,0,0,0,1
1,0,0,0,1
1,0,0,0,1
1,0,0,0,1
1,0,0,0,1
1,0,0,0,1
1,0,0,0,1
1,0,0,0,1
1,0,0,0,1
1,0,0,0,1
1,0,0,0,1
1,0,0,0,1
1,0,0,0,1
2,4,1,0,7
1,0,0,0,1
2,0,0,0,2
1,0,0,0,1
1,0,0,0,1
1,0,0,0,1
1,0,0,0,1
1,0,0,0,1
1,0,0,0,1
1,0,0,0,1
1,0,0,0,1
2,0,0,0,2
1,0,0,0,1
1,0,0,0,1
3,0,0,0,3
1,0,0,0,1
1,0,0,0,1
1,0,0,0,1
1,0,0,0,1
1,0,0,0,1
2,0,0,0,2
1,0,0,0,1
1,0,0,0,1
2,0,0,0,2
1,0,0,0,1
1,0,0,0,1
1,0,0,0,1
1,0,0,0,1
1,0,0,0,1
4,0,0,0,4
1,0,0,0,1
1,0,0,0,1
1,0,0,0,1
1,0,0,0,1
1,0,0,0,1
4,0,0,0,4
1,0,0,0,1
1,0,0,0,1
1,0,0,0,1
1,0,0,0,1
1,0,0,0,1
1,0,0,0,1
1,0,0,0,1
1,0,0,0,1
1,0,0,0,1
3,0,0,0,3
1,0,0,0,1
1,0,0,0,1
2,0,0,0,2
2,0,0,0,2
1,0,0,0,1
1,0,0,0,1
1,0,0,0,1
1,0,0,0,1
1,0,0,0,1
1,0,0,0,1
1,0,0,0,1
2,0,0,0,2
5,0,0,0,5
1,0,0,0,1
3,0,0,0,3
1,0,0,0,1
1,0,0,0,1
2,0,0,0,2
1,0,0,0,1
1,0,0,0,1
1,0,0,0,1
1,0,0,0,1
1,0,0,0,1
1,0,0,0,1
2,0,0,0,2
1,0,0,0,1
1,0,0,0,1
1,0,0,0,1
1,0,0,0,1
1,0,0,0,1
2,0,0,0,2
1,0,0,0,1
1,0,0,0,1
1,0,0,0,1
1,0,0,0,1
1,0,0,0,1
1,0,0,0,1
2,0,0,0,2
1,0,0,0,1
2,0,0,0,2
1,0,0,0,1
4,0,0,0,4
1,0,0,0,1
1,0,0,0,1
1,0,0,0,1
1,0,0,0,1
1,0,0,0,1
1,0,0,0,1
1,0,0,0,1
1,0,0,0,1
1,0,0,0,1
1,0,0,0,1
1,0,0,0,1
1,0,0,0,1
1,0,0,0,1
1,0,0,0,1
1,0,0,0,1
1,0,0,0,1
3,0,0,0,3
1,0,0,0,1
1,0,0,0,1
2,3,0,0,5
4,0,0,0,4
1,0,0,0,1
1,0,0,0,1
1,0,0,0,1
1,0,0,0,1
1,0,0,0,1
1,0,0,0,1
1,0,0,0,1
1,0,0,0,1
1,1,0,0,2
1,0,0,0,1
2,0,0,0,2
1,0,0,0,1
1,7,0,0,8
1,0,0,0,1
3,0,0,0,3
1,0,0,0,1
1,0,0,0,1
1,0,0,0,1
1,0,0,0,1
1,0,0,0,1
1,0,0,0,1
1,0,1,0,2
1,0,0,0,1
1,0,0,0,1
1,0,0,0,1
2,0,0,0,2
1,0,0,0,1
5,0,0,0,5
1,0,0,0,1
1,0,0,0,1
1,0,0,0,1
1,0,0,0,1
1,0,0,0,1
1,0,0,0,1
2,0,0,0,2
3,0,0,0,3
2,0,0,0,2
3,0,0,0,3
2,20,1,0,23
1,0,0,0,1
1,0,0,0,1
1,0,0,0,1
1,0,0,0,1
1,0,0,0,1
1,0,0,0,1
1,0,0,0,1
1,0,0,0,1
1,0,0,0,1
1,0,0,0,1
1,0,0,0,1
1,0,0,0,1
1,0,0,0,1
1,0,0,0,1
1,0,0,0,1
1,0,0,0,1
1,0,0,0,1
1,0,0,0,1
1,0,0,0,1
1,0,0,0,1
2,0,0,0,2
1,0,0,0,1
2,0,0,0,2
1,0,0,0,1
1,5,0,0,6
2,0,0,0,2
2,0,0,0,2
2,1,0,0,3
1,0,0,0,1
1,0,0,0,1
1,0,0,0,1
1,0,0,0,1
2,0,0,0,2
1,0,0,0,1
1,0,0,0,1
1,0,0,0,1
5,0,0,0,5
3,0,0,0,3
1,0,0,0,1
1,0,0,0,1
1,0,0,0,1
1,0,0,0,1
5,1,0,0,6
6,0,0,0,6
1,0,0,0,1
2,0,0,0,2
1,0,0,0,1
1,0,0,0,1
1,0,0,0,1
1,0,0,0,1
1,0,0,0,1
4,0,0,0,4
1,0,0,0,1
1,0,0,0,1
1,0,0,0,1
1,0,0,0,1
1,0,0,0,1
1,0,0,0,1
1,0,0,0,1
1,0,0,0,1
1,0,0,0,1
1,1,0,0,2
2,9,0,0,11
4,1,0,0,5
2,0,0,0,2
1,0,0,0,1
1,0,0,0,1
1,0,0,0,1
1,0,0,0,1
1,0,0,0,1
1,0,0,0,1
1,0,0,0,1
1,0,0,0,1
1,0,0,0,1
1,0,0,0,1
1,0,0,0,1
1,0,0,0,1
1,0,0,0,1
1,0,0,0,1
2,0,0,0,2
1,0,0,0,1
2,0,0,0,2
5,0,0,0,5
1,0,0,0,1
1,0,0,0,1
1,0,0,0,1
2,0,0,0,2
2,0,0,0,2
2,0,0,0,2
1,0,0,0,1
1,0,0,0,1
1,0,0,0,1
1,0,0,0,1
1,0,0,0,1
2,0,0,0,2
1,0,0,0,1
1,0,0,0,1
2,0,0,0,2
1,0,0,0,1
1,0,0,0,1
1,0,0,0,1
1,0,0,0,1
1,0,0,0,1
1,0,0,0,1
1,0,0,0,1
1,0,0,0,1
1,0,0,0,1
3,0,0,0,3
1,0,0,0,1
1,0,0,0,1
1,0,0,0,1
1,0,0,0,1
6,0,0,0,6
2,0,0,0,2
2,0,0,0,2
1,0,0,0,1
1,0,0,0,1
1,0,0,0,1
2,0,0,0,2
3,0,0,0,3
1,0,0,0,1
1,0,0,0,1
1,0,3,0,4
1,0,0,0,1
1,0,0,0,1
1,0,0,0,1
1,0,0,0,1
1,0,0,0,1
1,0,0,0,1
1,0,0,0,1
1,0,0,0,1
2,0,0,0,2
1,0,0,0,1
2,0,0,0,2
3,0,0,0,3
1,0,0,0,1
2,0,0,0,2
1,0,0,0,1
1,0,0,0,1
2,0,0,0,2
1,0,0,0,1
1,0,0,0,1
1,0,0,0,1
2,0,0,0,2
1,0,0,0,1
1,0,0,0,1
1,0,0,0,1
1,0,0,0,1
1,0,0,0,1
1,0,0,0,1
1,0,0,0,1
1,0,0,0,1
1,0,0,0,1
1,0,0,0,1
1,0,0,0,1
1,0,0,0,1
1,0,0,0,1
3,0,0,0,3
1,0,0,0,1
1,0,0,0,1
1,0,0,0,1
2,0,0,0,2
2,0,0,0,2
1,0,0,0,1
2,0,0,0,2
1,0,0,0,1
1,0,0,0,1
1,0,0,0,1
1,0,0,0,1
1,0,0,0,1
1,0,0,0,1
1,0,0,0,1
1,0,0,0,1
1,0,0,0,1
1,0,0,0,1
6,1,0,0,7
1,0,0,0,1
3,0,0,0,3
1,0,0,0,1
3,0,0,0,3
2,0,0,0,2
1,0,0,0,1
1,0,0,0,1
1,0,0,0,1
1,0,0,0,1
1,0,0,0,1
1,0,0,0,1
1,0,0,0,1
1,0,0,0,1
1,0,2,0,3
1,0,0,0,1
1,0,0,0,1
1,0,0,0,1
1,0,0,0,1
1,0,0,0,1
1,0,0,0,1
2,0,0,0,2
3,0,0,0,3
1,0,0,0,1
1,0,0,0,1
1,0,0,0,1
1,0,0,0,1
1,0,0,0,1
3,0,0,0,3
1,0,0,0,1
1,0,0,0,1
1,0,0,0,1
1,0,0,0,1
1,0,0,0,1
1,0,0,0,1
1,0,0,0,1
1,0,0,0,1
1,0,0,0,1
1,0,0,0,1
4,0,0,0,4
1,0,0,0,1
2,0,0,0,2
2,0,0,0,2
1,0,0,0,1
1,0,0,0,1
1,0,0,0,1
1,1,0,0,2
1,0,0,0,1
1,0,0,0,1
2,0,0,0,2
1,0,0,0,1
1,0,0,0,1
3,0,0,0,3
1,0,0,0,1
1,0,0,0,1
1,0,0,0,1
3,0,0,0,3
1,0,0,0,1
1,0,0,0,1
1,0,0,0,1
1,0,0,0,1
1,0,0,0,1
3,0,0,0,3
1,4,0,0,5
1,0,0,0,1
1,0,0,0,1
1,0,0,0,1
3,0,0,0,3
1,0,0,0,1
1,0,0,0,1
1,0,0,0,1
1,0,0,0,1
1,0,0,0,1
1,0,0,0,1
1,0,0,0,1
1,0,0,0,1
1,0,0,0,1
1,0,0,0,1
2,0,0,0,2
2,0,0,0,2
1,0,0,0,1
1,0,0,0,1
1,0,0,0,1
1,0,0,0,1
2,0,0,0,2
1,0,0,0,1
1,0,0,0,1
1,0,0,0,1
1,0,0,0,1
1,0,0,0,1
1,0,0,0,1
1,0,0,0,1
1,0,0,0,1
1,2,0,0,3
2,0,0,0,2
1,0,0,0,1
1,0,0,0,1
1,0,0,0,1
1,0,0,0,1
1,0,0,0,1
1,0,0,0,1
2,0,0,0,2
1,0,0,0,1
1,0,0,0,1
1,0,0,0,1
1,0,0,0,1
1,0,0,0,1
1,0,0,0,1
1,0,0,0,1
1,0,0,0,1
2,0,0,0,2
1,0,0,0,1
1,0,0,0,1
1,3,0,0,4
2,0,0,0,2
2,0,0,0,2
1,0,0,0,1
2,0,0,0,2
2,0,0,0,2
1,0,0,0,1
1,0,0,0,1
1,0,0,0,1
1,0,0,0,1
1,0,0,0,1
1,0,0,0,1
1,0,0,0,1
1,0,0,0,1
1,0,0,0,1
1,0,0,0,1
1,0,0,0,1
1,0,0,0,1
3,0,0,0,3
1,0,0,0,1
7,31,2,0,40
1,0,0,0,1
1,0,0,0,1
1,0,0,0,1
1,0,0,0,1
1,0,0,0,1
1,0,0,0,1
1,0,0,0,1
1,0,0,0,1
1,0,0,0,1
1,0,0,0,1
1,0,0,0,1
1,0,0,0,1
2,0,0,0,2
1,1,0,0,2
2,0,0,0,2
1,0,0,0,1
1,0,0,0,1
1,0,0,0,1
1,0,0,0,1
1,0,0,0,1
1,0,0,0,1
1,0,0,0,1
3,0,0,0,3
3,0,0,0,3
1,0,0,0,1
1,0,0,0,1
4,0,0,0,4
1,0,0,0,1
1,0,0,0,1
1,0,0,0,1
3,0,0,0,3
1,0,0,0,1
1,0,0,0,1
1,0,0,0,1
1,0,0,0,1
1,0,0,0,1
1,0,0,0,1
1,0,0,0,1
1,0,0,0,1
1,0,0,0,1
1,0,0,0,1
1,0,0,0,1
1,0,0,0,1
1,0,0,0,1
1,0,0,0,1
3,0,0,0,3
1,0,0,0,1
1,0,0,0,1
1,0,0,0,1
1,0,0,0,1
1,0,0,0,1
1,0,0,0,1
1,0,0,0,1
1,0,0,0,1
1,0,0,0,1
1,0,0,0,1
2,0,0,0,2
1,0,0,0,1
1,0,0,0,1
1,0,0,0,1
1,0,0,0,1
2,0,0,0,2
1,0,0,0,1
1,0,0,0,1
1,0,0,0,1
1,0,0,0,1
1,0,0,0,1
1,0,0,0,1
1,0,0,0,1
1,0,0,0,1
1,0,0,0,1
1,0,0,0,1
1,0,0,0,1
1,0,0,0,1
1,0,0,0,1
3,0,0,0,3
1,0,0,0,1
1,16,0,0,17
1,0,0,0,1
2,1,1,0,4
3,0,0,0,3
1,0,0,0,1
1,0,0,0,1
1,0,0,0,1
1,0,0,0,1
2,0,0,0,2
1,0,0,0,1
2,0,0,0,2
1,0,0,0,1
1,0,0,0,1
1,0,0,0,1
1,0,0,0,1
1,0,0,0,1
1,0,0,0,1
5,0,0,0,5
2,0,0,0,2
1,0,0,0,1
1,0,0,0,1
1,0,0,0,1
1,0,0,0,1
1,0,0,0,1
1,0,0,0,1
1,0,0,0,1
2,0,0,0,2
1,0,0,0,1
1,0,0,0,1
1,0,0,0,1
1,0,0,0,1
1,0,0,0,1
2,0,0,0,2
2,15,0,0,17
2,0,0,0,2
1,0,0,0,1
1,0,0,0,1
1,0,0,0,1
2,1,1,0,4
1,0,0,0,1
1,0,0,0,1
1,0,0,0,1
2,1,1,0,4
1,0,0,0,1
1,0,0,0,1
1,0,0,0,1
1,0,0,0,1
3,0,0,0,3
1,0,0,0,1
1,0,0,0,1
2,0,0,0,2
1,0,0,0,1
1,0,0,0,1
1,0,0,0,1
2,0,0,0,2
1,0,0,0,1
6,0,0,0,6
1,0,0,0,1
2,0,0,0,2
2,0,0,0,2
1,0,0,0,1
1,0,0,0,1
1,0,0,0,1
1,0,0,0,1
1,0,0,0,1
1,0,0,0,1
1,0,0,0,1
1,0,0,0,1
1,0,0,0,1
1,0,0,0,1
1,0,0,0,1
1,0,0,0,1
1,0,0,0,1
1,0,0,0,1
1,0,0,0,1
1,0,0,0,1
1,0,0,0,1
1,0,0,0,1
1,0,0,0,1
1,0,0,0,1
2,0,0,0,2
4,0,0,0,4
1,0,0,0,1
1,0,0,0,1
1,0,0,0,1
1,0,0,0,1
1,0,0,0,1
1,0,0,0,1
1,0,0,0,1
1,0,0,0,1
1,0,0,0,1
1,0,0,0,1
1,0,0,0,1
1,0,0,0,1
3,0,0,0,3
1,0,0,0,1
1,0,0,0,1
1,0,0,0,1
1,0,0,0,1
1,0,0,0,1
1,0,0,0,1
1,0,0,0,1
1,0,0,0,1
1,1,0,0,2
1,0,0,0,1
1,0,0,0,1
2,2,0,0,4
2,0,0,0,2
1,0,0,0,1
1,0,0,0,1
1,0,0,0,1
2,0,0,0,2
1,0,0,0,1
1,0,0,0,1
1,0,2,0,3
1,0,0,0,1
1,0,0,0,1
1,0,0,0,1
1,0,0,0,1
1,0,0,0,1
1,0,0,0,1
1,0,0,0,1
2,0,0,0,2
1,0,0,0,1
1,0,0,0,1
2,0,0,0,2
1,0,0,0,1
1,0,0,0,1
1,0,0,0,1
1,0,0,0,1
2,1,1,0,4
1,0,0,0,1
2,0,0,0,2
1,0,0,0,1
1,0,0,0,1
1,0,0,0,1
1,0,0,0,1
2,0,0,0,2
1,0,0,0,1
2,0,0,0,2
1,0,0,0,1
2,0,0,0,2
1,0,0,0,1
1,0,0,0,1
1,438,0,0,439
1,0,0,0,1
1,0,0,0,1
1,0,0,0,1
1,0,0,0,1
1,0,0,0,1
1,0,0,0,1
1,0,0,0,1
1,0,0,0,1
1,0,0,0,1
2,0,0,0,2
1,0,0,0,1
1,0,0,0,1
1,0,0,0,1
1,0,0,0,1
1,0,0,0,1
1,0,0,0,1
1,0,0,0,1
1,0,0,0,1
1,0,0,0,1
1,0,0,0,1
1,0,0,0,1
4,0,0,0,4
1,0,0,0,1
1,0,0,0,1
1,0,0,0,1
1,0,0,0,1
1,0,0,0,1
1,0,0,0,1
1,0,0,0,1
2,1,0,0,3
1,0,0,0,1
1,0,0,0,1
1,0,0,0,1
2,1,0,0,3
1,0,0,0,1
1,0,0,0,1
1,0,0,0,1
1,0,0,0,1
2,3,0,0,5
1,0,0,0,1
1,0,0,0,1
1,3,0,0,4
2,0,0,0,2
1,0,0,0,1
1,0,0,0,1
1,0,0,0,1
1,0,0,0,1
1,0,0,0,1
1,0,0,0,1
1,0,0,0,1
1,0,0,0,1
1,0,0,0,1
1,0,0,0,1
1,0,0,0,1
1,0,0,0,1
1,0,0,0,1
1,0,0,0,1
1,0,0,0,1
1,0,0,0,1
1,0,0,0,1
3,0,0,0,3
1,0,0,0,1
3,0,0,0,3
1,0,0,0,1
1,0,0,0,1
1,0,0,0,1
3,0,0,0,3
1,0,0,0,1
1,0,0,0,1
1,0,0,0,1
1,0,0,0,1
1,0,0,0,1
1,0,0,0,1
1,0,0,0,1
3,0,0,0,3
1,0,0,0,1
1,0,0,0,1
1,0,0,0,1
1,0,0,0,1
1,0,0,0,1
1,0,0,0,1
1,0,0,0,1
1,0,0,0,1
2,4,0,0,6
1,0,0,0,1
1,0,0,0,1
1,0,0,0,1
1,0,0,0,1
1,0,0,0,1
1,0,0,0,1
1,0,0,0,1
1,0,0,0,1
2,0,0,0,2
1,0,0,0,1
1,0,0,0,1
2,0,0,0,2
1,0,0,0,1
2,0,0,0,2
1,0,0,0,1
1,0,0,0,1
1,0,0,0,1
1,0,0,0,1
1,0,0,0,1
1,0,0,0,1
1,0,0,0,1
1,0,0,0,1
1,0,0,0,1
1,0,0,0,1
2,8,0,0,10
1,0,0,0,1
2,0,0,0,2
1,0,0,0,1
1,0,0,0,1
1,0,0,0,1
1,0,0,0,1
3,0,0,0,3
1,0,0,0,1
1,0,0,0,1
1,0,0,0,1
1,0,0,0,1
1,0,0,0,1
1,0,0,0,1
2,0,0,0,2
2,0,0,0,2
1,0,0,0,1
1,0,0,0,1
2,0,0,0,2
1,0,0,0,1
1,0,0,0,1
1,0,0,0,1
1,0,0,0,1
2,0,0,0,2
1,0,0,0,1
1,0,0,0,1
1,0,0,0,1
1,0,0,0,1
1,0,0,0,1
1,0,0,0,1
1,0,0,0,1
1,0,0,0,1
1,0,0,0,1
1,0,0,0,1
1,0,0,0,1
1,0,0,0,1
1,0,0,0,1
3,0,0,0,3
1,0,0,0,1
1,0,0,0,1
1,0,0,0,1
1,0,0,0,1
1,0,0,0,1
2,0,0,0,2
1,0,0,0,1
1,0,0,0,1
1,0,0,0,1
1,0,0,0,1
1,0,0,0,1
1,0,0,0,1
1,0,0,0,1
1,2,0,0,3
1,0,0,0,1
1,0,0,0,1
2,0,0,0,2
2,0,0,0,2
2,0,0,0,2
1,0,0,0,1
2,0,0,0,2
3,0,0,0,3
1,0,0,0,1
1,0,0,0,1
1,0,0,0,1
2,0,0,0,2
1,0,0,0,1
1,0,0,0,1
1,0,0,0,1
3,0,0,0,3
1,0,0,0,1
1,0,0,0,1
1,0,0,0,1
1,0,0,0,1
3,0,0,0,3
2,0,0,0,2
1,2,0,0,3
2,0,0,0,2
1,0,0,0,1
2,0,0,0,2
1,0,0,0,1
1,0,0,0,1
1,0,0,0,1
2,0,0,0,2
1,0,0,0,1
1,0,0,0,1
1,0,0,0,1
1,0,0,0,1
1,0,0,0,1
1,0,0,0,1
1,0,0,0,1
1,0,0,0,1
1,0,0,0,1
1,0,0,0,1
2,0,0,0,2
1,0,0,0,1
1,0,0,0,1
1,0,0,0,1
2,0,0,0,2
1,0,0,0,1
1,0,0,0,1
1,0,0,0,1
1,0,0,0,1
1,0,0,0,1
1,0,0,0,1
1,0,0,0,1
1,0,0,0,1
1,0,0,0,1
1,0,0,0,1
1,0,0,0,1
2,0,0,0,2
1,0,0,0,1
1,0,0,0,1
3,3,0,0,6
1,0,0,0,1
1,0,0,0,1
1,0,0,0,1
1,0,0,0,1
1,0,0,0,1
1,0,0,0,1
1,0,0,0,1
1,0,0,0,1
1,0,0,0,1
1,0,0,0,1
1,0,0,0,1
1,0,0,0,1
2,0,0,0,2
1,1,0,0,2
1,0,0,0,1
1,0,0,0,1
1,0,0,0,1
5,0,0,0,5
1,0,0,0,1
1,0,0,0,1
1,0,0,0,1
2,0,0,0,2
1,0,0,0,1
1,0,0,0,1
1,0,0,0,1
1,0,0,0,1
1,0,0,0,1
1,0,0,0,1
1,0,0,0,1
1,3,0,0,4
1,0,0,0,1
1,0,0,0,1
1,0,0,0,1
1,0,0,0,1
2,0,0,0,2
2,0,0,0,2
5,0,0,0,5
2,0,0,0,2
3,0,0,0,3
1,0,0,0,1
2,0,0,0,2
1,0,0,0,1
1,0,0,0,1
1,0,0,0,1
1,0,0,0,1
2,0,0,0,2
1,0,0,0,1
1,0,0,0,1
1,0,0,0,1
1,0,0,0,1
2,0,0,0,2
1,0,0,0,1
1,0,0,0,1
1,0,0,0,1
1,0,0,0,1
1,0,0,0,1
1,0,0,0,1
1,0,0,0,1
1,0,0,0,1
1,0,0,0,1
1,0,0,0,1
1,0,0,0,1
1,0,0,0,1
1,0,0,0,1
1,0,0,0,1
1,0,0,0,1
4,0,0,0,4
1,0,0,0,1
1,0,0,0,1
1,0,0,0,1
1,0,0,0,1
4,0,0,0,4
2,0,0,0,2
1,0,0,0,1
1,0,0,0,1
1,0,0,0,1
1,0,0,0,1
1,0,0,0,1
1,0,0,0,1
1,0,0,0,1
1,0,0,0,1
1,0,0,0,1
1,0,0,0,1
1,0,0,0,1
3,0,0,0,3
1,0,0,0,1
1,0,0,0,1
1,0,0,0,1
1,0,0,0,1
1,0,0,0,1
1,0,0,0,1
1,0,0,0,1
1,0,0,0,1
1,0,0,0,1
1,0,0,0,1
1,0,0,0,1
1,0,0,0,1
1,0,0,0,1
1,0,0,0,1
3,0,0,0,3
1,0,0,0,1
2,0,0,0,2
2,0,0,0,2
1,0,0,0,1
1,0,0,0,1
6,0,0,0,6
1,0,0,0,1
1,0,0,0,1
1,0,0,0,1
2,0,0,0,2
1,0,0,0,1
1,0,0,0,1
1,0,0,0,1
1,0,0,0,1
1,0,0,0,1
2,0,0,0,2
1,0,0,0,1
1,0,0,0,1
1,0,0,0,1
1,0,0,0,1
1,0,0,0,1
2,0,0,0,2
1,0,0,0,1
1,0,0,0,1
1,0,0,0,1
1,0,0,0,1
1,0,0,0,1
2,3,0,0,5
1,0,0,0,1
2,2,0,0,4
3,1,0,0,4
1,0,0,0,1
2,0,0,0,2
1,0,0,0,1
1,0,0,0,1
1,0,0,0,1
1,0,0,0,1
1,0,0,0,1
1,0,0,0,1
1,0,0,0,1
1,0,0,0,1
1,0,0,0,1
1,0,0,0,1
1,0,0,0,1
1,0,0,0,1
1,0,0,0,1
1,0,0,0,1
2,0,0,0,2
3,0,0,0,3
1,0,0,0,1
1,0,0,0,1
2,0,0,0,2
1,0,0,0,1
2,0,0,0,2
1,0,0,0,1
1,0,0,0,1
1,0,0,0,1
1,0,0,0,1
1,0,0,0,1
1,0,0,0,1
7,1,0,0,8
1,1,0,0,2
2,0,0,0,2
1,0,0,0,1
2,0,0,0,2
1,0,0,0,1
1,0,0,0,1
1,0,0,0,1
2,0,0,0,2
1,0,0,0,1
1,0,0,0,1
1,0,0,0,1
1,0,0,0,1
1,0,0,0,1
4,0,0,0,4
1,0,0,0,1
1,0,0,0,1
1,0,0,0,1
2,0,0,0,2
1,0,0,0,1
3,0,0,0,3
1,0,0,0,1
1,0,0,0,1
2,0,0,0,2
1,0,0,0,1
1,0,0,0,1
1,0,0,0,1
1,0,0,0,1
4,0,0,0,4
1,0,0,0,1
1,0,0,0,1
1,0,0,0,1
1,0,0,0,1
1,0,0,0,1
1,0,0,0,1
1,0,0,0,1
1,0,0,0,1
1,0,0,0,1
1,0,0,0,1
1,0,0,0,1
1,0,0,0,1
1,52,2,0,55
1,0,0,0,1
1,0,0,0,1
1,0,0,0,1
2,0,0,0,2
1,0,0,0,1
1,0,0,0,1
1,0,0,0,1
1,0,0,0,1
1,0,0,0,1
3,0,0,0,3
1,0,0,0,1
1,0,0,0,1
2,0,0,0,2
1,0,0,0,1
1,0,0,0,1
1,0,0,0,1
1,0,0,0,1
1,0,0,0,1
2,0,0,0,2
2,0,0,0,2
1,0,0,0,1
2,0,0,0,2
1,0,0,0,1
2,0,0,0,2
1,0,0,0,1
1,0,0,0,1
1,0,0,0,1
3,0,0,0,3
1,0,0,0,1
2,0,0,0,2
1,0,0,0,1
2,357,0,0,359
2,0,0,0,2
1,3,0,0,4
1,0,0,0,1
3,0,0,0,3
2,0,0,0,2
1,0,0,0,1
2,0,0,0,2
1,0,0,0,1
2,0,0,0,2
1,0,0,0,1
1,0,0,0,1
1,0,0,0,1
1,0,0,0,1
1,0,0,0,1
1,0,0,0,1
2,0,0,0,2
1,0,0,0,1
1,0,0,0,1
1,0,0,0,1
1,0,0,0,1
1,0,0,0,1
1,0,0,0,1
1,0,0,0,1
1,0,0,0,1
1,0,0,0,1
2,0,0,0,2
1,0,0,0,1
1,0,0,0,1
1,0,0,0,1
2,0,0,0,2
1,0,0,0,1
1,0,0,0,1
1,0,0,0,1
1,0,0,0,1
1,0,0,0,1
1,0,0,0,1
2,0,0,0,2
3,0,0,0,3
1,0,0,0,1
1,0,0,0,1
1,0,0,0,1
1,0,0,0,1
1,0,0,0,1
1,0,0,0,1
1,0,0,0,1
1,0,0,0,1
1,0,0,0,1
1,0,0,0,1
2,0,0,0,2
1,0,0,0,1
1,0,0,0,1
1,0,0,0,1
1,0,0,0,1
2,0,0,0,2
1,0,0,0,1
1,0,0,0,1
2,0,0,0,2
1,0,0,0,1
1,0,0,0,1
1,0,0,0,1
1,0,0,0,1
3,0,0,0,3
1,1,0,0,2
1,0,0,0,1
1,0,0,0,1
1,0,0,0,1
1,0,0,0,1
1,0,0,0,1
1,0,0,0,1
4,22,0,0,26
1,0,0,0,1
1,0,0,0,1
1,6,1,0,8
2,0,0,0,2
1,0,0,0,1
1,0,0,0,1
2,0,0,0,2
1,0,0,0,1
1,0,0,0,1
1,0,0,0,1
1,0,0,0,1
3,0,0,0,3
1,0,0,0,1
1,0,0,0,1
1,0,0,0,1
1,2,0,0,3
1,0,0,0,1
3,0,0,0,3
1,0,0,0,1
1,0,0,0,1
1,0,0,0,1
1,0,0,0,1
1,0,0,0,1
1,0,0,0,1
1,0,0,0,1
1,0,0,0,1
4,0,0,0,4
1,0,0,0,1
1,0,0,0,1
1,0,0,0,1
1,0,0,0,1
1,0,0,0,1
1,0,0,0,1
1,0,0,0,1
1,0,0,0,1
1,0,0,0,1
1,0,0,0,1
2,0,0,0,2
1,0,0,0,1
1,0,0,0,1
1,0,0,0,1
2,0,0,0,2
3,0,0,0,3
1,0,0,0,1
1,0,0,0,1
1,0,0,0,1
1,0,0,0,1
1,0,0,0,1
1,0,0,0,1
2,0,0,0,2
1,0,0,0,1
1,0,0,0,1
1,0,0,0,1
1,0,0,0,1
1,0,0,0,1
1,0,0,0,1
1,0,0,0,1
5,0,0,0,5
2,0,0,0,2
1,0,0,0,1
3,0,0,0,3
1,0,0,0,1
2,0,0,0,2
1,0,0,0,1
1,0,0,0,1
1,0,0,0,1
1,0,0,0,1
1,0,0,0,1
1,0,0,0,1
1,0,0,0,1
1,0,0,0,1
1,0,0,0,1
2,0,0,0,2
1,0,0,0,1
1,0,0,0,1
1,0,0,0,1
1,1,0,0,2
1,0,0,0,1
1,0,0,0,1
1,0,0,0,1
1,0,0,0,1
1,0,0,0,1
1,0,0,0,1
1,0,0,0,1
1,0,0,0,1
1,0,0,0,1
1,0,0,0,1
1,0,0,0,1
3,1,0,0,4
1,0,0,0,1
1,0,0,0,1
1,0,0,0,1
1,0,0,0,1
1,0,0,0,1
2,0,0,0,2
1,0,0,0,1
1,0,0,0,1
1,0,0,0,1
1,0,0,0,1
1,0,0,0,1
1,0,0,0,1
1,0,0,0,1
4,1,0,0,5
1,0,0,0,1
1,0,0,0,1
1,0,0,0,1
1,0,0,0,1
3,0,0,0,3
3,0,0,0,3
1,0,0,0,1
1,0,0,0,1
1,0,0,0,1
1,0,0,0,1
1,0,0,0,1
1,0,0,0,1
1,0,0,0,1
1,0,0,0,1
1,0,0,0,1
1,0,0,0,1
1,0,0,0,1
1,0,0,0,1
1,0,0,0,1
1,0,0,0,1
1,0,0,0,1
1,0,0,0,1
2,0,0,0,2
2,0,0,0,2
1,0,0,0,1
1,0,0,0,1
3,0,0,0,3
1,0,0,0,1
1,0,0,0,1
1,0,0,0,1
1,0,0,0,1
1,53,0,0,54
2,0,0,0,2
1,0,0,0,1
1,0,2,0,3
1,0,0,0,1
2,0,0,0,2
1,0,0,0,1
1,0,0,0,1
2,0,0,0,2
2,0,0,0,2
1,0,0,0,1
1,0,0,0,1
1,0,0,0,1
1,0,0,0,1
1,2,0,0,3
1,2,0,0,3
1,0,0,0,1
1,0,0,0,1
1,0,0,0,1
1,0,0,0,1
2,0,0,0,2
2,0,0,0,2
3,0,0,0,3
1,0,0,0,1
1,0,0,0,1
1,0,0,0,1
1,0,0,0,1
1,0,0,0,1
1,3,0,0,4
1,0,0,0,1
3,0,0,0,3
1,0,0,0,1
1,0,0,0,1
1,0,0,0,1
2,0,0,0,2
1,0,0,0,1
1,0,0,0,1
2,0,0,0,2
1,0,0,0,1
1,0,0,0,1
1,0,0,0,1
1,0,0,0,1
1,0,0,0,1
1,0,0,0,1
2,0,0,0,2
1,0,0,0,1
1,0,0,0,1
1,0,0,0,1
1,0,0,0,1
1,0,0,0,1
1,0,0,0,1
1,0,0,0,1
2,0,0,0,2
1,0,0,0,1
1,0,0,0,1
1,0,0,0,1
1,0,0,0,1
1,0,1,0,2
1,0,0,0,1
1,0,0,0,1
1,0,0,0,1
1,0,0,0,1
1,0,0,0,1
1,0,0,0,1
1,0,0,0,1
2,0,0,0,2
1,0,0,0,1
1,0,0,0,1
1,0,0,0,1
1,0,0,0,1
1,0,0,0,1
1,0,0,0,1
1,0,0,0,1
2,0,0,0,2
1,0,0,0,1
1,0,0,0,1
1,0,0,0,1
1,0,0,0,1
2,0,0,0,2
1,0,0,0,1
2,0,0,0,2
1,0,0,0,1
2,0,0,0,2
1,0,0,0,1
3,0,0,0,3
1,0,0,0,1
1,0,0,0,1
1,0,0,0,1
1,0,0,0,1
2,0,0,0,2
1,0,0,0,1
1,0,0,0,1
1,0,0,0,1
2,1,0,0,3
1,0,0,0,1
1,0,0,0,1
1,0,0,0,1
1,0,0,0,1
1,0,0,0,1
1,0,0,0,1
1,0,0,0,1
1,9,0,0,10
1,1,0,0,2
1,0,0,0,1
1,0,0,0,1
1,0,0,0,1
1,0,0,0,1
1,0,0,0,1
2,0,0,0,2
1,0,0,0,1
1,0,0,0,1
1,0,0,0,1
1,0,0,0,1
1,0,0,0,1
1,0,0,0,1
3,0,0,0,3
1,0,0,0,1
2,0,0,0,2
1,0,0,0,1
1,0,0,0,1
1,0,0,0,1
1,0,0,0,1
1,0,0,0,1
2,0,0,0,2
1,0,0,0,1
3,0,0,0,3
1,0,0,0,1
1,0,0,0,1
1,0,0,0,1
1,0,0,0,1
1,0,0,0,1
1,0,0,0,1
1,0,0,0,1
1,0,0,0,1
1,0,0,0,1
1,0,0,0,1
1,0,0,0,1
1,0,0,0,1
2,0,0,0,2
2,0,0,0,2
1,0,0,0,1
1,0,0,0,1
1,14,0,0,15
1,0,0,0,1
2,0,0,0,2
1,0,0,0,1
1,0,0,0,1
1,0,0,0,1
1,0,0,0,1
1,0,0,0,1
2,0,0,0,2
1,0,0,0,1
1,0,0,0,1
1,0,0,0,1
1,0,0,0,1
1,0,0,0,1
3,0,0,0,3
1,0,0,0,1
1,0,0,0,1
1,0,0,0,1
1,0,0,0,1
1,0,0,0,1
1,0,0,0,1
1,0,0,0,1
2,0,0,0,2
2,0,0,0,2
1,0,0,0,1
1,0,0,0,1
1,0,0,0,1
5,1,0,0,6
1,0,0,0,1
2,0,0,0,2
3,0,0,0,3
1,0,0,0,1
1,0,0,0,1
1,0,0,0,1
2,0,0,0,2
1,0,0,0,1
1,0,0,0,1
1,0,0,0,1
1,0,0,0,1
1,0,0,0,1
1,0,0,0,1
1,0,0,0,1
1,0,0,0,1
1,0,0,0,1
2,633,0,0,635
1,0,0,0,1
1,0,0,0,1
2,1,0,0,3
1,0,0,0,1
1,0,0,0,1
1,0,0,0,1
1,0,0,0,1
1,0,0,0,1
1,0,0,0,1
2,0,0,0,2
1,0,0,0,1
1,0,0,0,1
2,3,1,0,6
1,0,0,0,1
2,0,0,0,2
4,0,0,0,4
6,0,0,0,6
7,0,0,0,7
1,0,0,0,1
1,0,0,0,1
1,0,0,0,1
1,0,0,0,1
3,0,0,0,3
1,0,0,0,1
1,0,0,0,1
1,0,0,0,1
1,0,0,0,1
2,0,0,0,2
1,0,0,0,1
4,2,0,0,6
2,0,0,0,2
1,0,0,0,1
2,0,0,0,2
1,0,0,0,1
1,0,0,0,1
1,0,0,0,1
1,0,0,0,1
1,0,0,0,1
1,0,0,0,1
1,0,0,0,1
3,0,0,0,3
1,0,0,0,1
2,0,0,0,2
1,0,0,0,1
1,0,0,0,1
1,0,0,0,1
1,0,0,0,1
1,0,0,0,1
1,0,0,0,1
1,0,0,0,1
1,0,0,0,1
1,0,0,0,1
1,0,0,0,1
1,0,1,0,2
1,0,0,0,1
1,0,0,0,1
1,0,0,0,1
2,0,0,0,2
1,0,0,0,1
1,0,0,0,1
1,0,0,0,1
1,0,0,0,1
1,0,0,0,1
1,0,0,0,1
1,0,0,0,1
1,0,0,0,1
1,0,0,0,1
1,0,0,0,1
3,0,0,0,3
1,0,0,0,1
1,0,0,0,1
1,0,0,0,1
4,0,0,0,4
1,0,0,0,1
1,0,0,0,1
2,0,0,0,2
1,0,0,0,1
1,0,0,0,1
1,0,0,0,1
1,0,0,0,1
1,0,0,0,1
1,0,0,0,1
1,0,0,0,1
2,0,0,0,2
1,0,0,0,1
1,0,0,0,1
4,0,0,0,4
4,0,0,0,4
2,0,0,0,2
2,0,0,0,2
1,0,0,0,1
1,0,0,0,1
1,0,0,0,1
2,0,0,0,2
1,1,0,0,2
1,0,0,0,1
3,0,0,0,3
1,0,0,0,1
1,0,0,0,1
1,0,0,0,1
1,0,0,0,1
1,0,0,0,1
1,0,0,0,1
2,0,0,0,2
1,0,0,0,1
1,0,0,0,1
1,0,0,0,1
1,0,0,0,1
1,2,1,0,4
1,0,0,0,1
2,0,0,0,2
1,0,0,0,1
2,4,1,0,7
1,0,0,0,1
2,0,0,0,2
1,0,0,0,1
1,0,0,0,1
1,0,0,0,1
1,0,0,0,1
1,0,0,0,1
1,0,0,0,1
1,0,0,0,1
1,0,0,0,1
1,0,0,0,1
1,0,0,0,1
1,0,0,0,1
1,0,0,0,1
1,0,0,0,1
1,0,0,0,1
1,0,0,0,1
1,0,0,0,1
2,0,0,0,2
1,0,0,0,1
1,0,0,0,1
1,0,0,0,1
2,7,1,0,10
1,0,0,0,1
1,0,0,0,1
2,0,0,0,2
1,0,0,0,1
1,0,0,0,1
1,0,0,0,1
1,0,0,0,1
1,0,0,0,1
1,0,0,0,1
3,0,0,0,3
1,0,0,0,1
1,0,0,0,1
1,0,0,0,1
1,0,0,0,1
1,0,0,0,1
1,0,0,0,1
1,0,0,0,1
3,0,0,0,3
2,0,0,0,2
1,0,0,0,1
1,0,0,0,1
2,0,0,0,2
1,0,0,0,1
3,0,0,0,3
1,0,0,0,1
1,0,0,0,1
1,0,0,0,1
1,0,0,0,1
2,0,0,0,2
1,0,0,0,1
1,0,0,0,1
1,0,0,0,1
1,0,0,0,1
1,0,0,0,1
1,0,0,0,1
1,0,0,0,1
1,0,0,0,1
1,0,0,0,1
1,0,0,0,1
2,0,0,0,2
1,0,0,0,1
1,0,0,0,1
2,0,0,0,2
2,0,0,0,2
1,0,0,0,1
1,0,0,0,1
1,0,0,0,1
1,0,0,0,1
1,0,0,0,1
1,0,0,0,1
2,0,0,0,2
1,0,0,0,1
2,0,0,0,2
1,0,0,0,1
1,0,0,0,1
1,0,0,0,1
1,0,0,0,1
5,0,0,0,5
1,0,0,0,1
1,0,0,0,1
1,0,0,0,1
1,0,0,0,1
2,4,0,0,6
1,0,0,0,1
1,0,0,0,1
1,0,0,0,1
3,6,0,0,9
1,0,0,0,1
1,0,0,0,1
2,0,0,0,2
1,0,0,0,1
1,0,0,0,1
1,0,0,0,1
1,0,0,0,1
1,0,0,0,1
1,0,0,0,1
5,0,0,0,5
2,0,0,0,2
1,0,0,0,1
1,0,0,0,1
1,0,0,0,1
1,0,0,0,1
1,0,0,0,1
1,0,0,0,1
1,0,0,0,1
4,0,0,0,4
1,0,0,0,1
1,0,0,0,1
1,0,0,0,1
1,0,0,0,1
1,0,0,0,1
1,0,0,0,1
1,0,0,0,1
1,0,0,0,1
3,0,0,0,3
1,0,0,0,1
1,0,0,0,1
1,0,0,0,1
2,0,0,0,2
1,0,0,0,1
1,0,0,0,1
1,0,0,0,1
1,0,0,0,1
1,0,0,0,1
1,0,0,0,1
1,0,0,0,1
1,0,0,0,1
1,0,0,0,1
5,0,0,0,5
1,0,0,0,1
1,0,0,0,1
1,0,0,0,1
1,0,0,0,1
1,0,0,0,1
1,0,0,0,1
2,0,0,0,2
1,0,0,0,1
3,0,0,0,3
1,0,0,0,1
1,0,0,0,1
1,0,0,0,1
1,0,0,0,1
1,0,0,0,1
2,0,0,0,2
1,0,0,0,1
1,0,0,0,1
1,0,0,0,1
1,0,0,0,1
1,0,0,0,1
1,0,0,0,1
1,0,0,0,1
1,0,0,0,1
1,0,0,0,1
1,0,0,0,1
1,0,0,0,1
1,0,0,0,1
1,0,0,0,1
1,0,0,0,1
1,0,0,0,1
1,0,0,0,1
1,0,0,0,1
1,0,0,0,1
1,0,0,0,1
1,0,0,0,1
1,0,0,0,1
1,0,0,0,1
1,0,0,0,1
1,0,0,0,1
1,0,0,0,1
1,0,0,0,1
2,0,0,0,2
1,0,0,0,1
2,0,0,0,2
1,0,0,0,1
2,0,0,0,2
1,0,0,0,1
1,0,0,0,1
3,628,0,0,631
1,28,0,0,29
2,0,0,0,2
1,0,0,0,1
1,0,0,0,1
1,0,0,0,1
1,0,0,0,1
2,0,0,0,2
1,0,0,0,1
1,0,0,0,1
1,1,0,0,2
1,0,0,0,1
1,0,0,0,1
3,0,0,0,3
2,0,0,0,2
2,0,0,0,2
1,0,0,0,1
2,0,0,0,2
1,0,0,0,1
1,0,0,0,1
1,0,0,0,1
1,0,0,0,1
2,10,0,0,12
1,0,0,0,1
1,0,0,0,1
1,0,0,0,1
1,0,0,0,1
1,0,0,0,1
1,0,0,0,1
1,0,0,0,1
1,0,0,0,1
2,0,0,0,2
2,0,0,0,2
1,0,0,0,1
2,0,0,0,2
3,0,0,0,3
1,0,0,0,1
1,0,0,0,1
1,0,0,0,1
1,0,0,0,1
1,0,0,0,1
1,0,0,0,1
1,0,0,0,1
3,0,0,0,3
1,0,0,0,1
1,0,0,0,1
2,0,0,0,2
1,0,0,0,1
1,0,0,0,1
1,0,0,0,1
1,0,0,0,1
1,0,0,0,1
1,0,0,0,1
2,0,0,0,2
1,0,0,0,1
1,0,0,0,1
1,0,0,0,1
1,0,0,0,1
2,0,0,0,2
1,0,0,0,1
1,0,0,0,1
1,0,0,0,1
1,0,0,0,1
1,0,0,0,1
1,0,0,0,1
1,0,0,0,1
2,0,0,0,2
4,0,0,0,4
1,0,0,0,1
4,0,0,0,4
1,0,0,0,1
6,0,0,0,6
1,0,0,0,1
1,0,0,0,1
1,0,0,0,1
2,0,0,0,2
1,0,0,0,1
1,0,0,0,1
1,0,0,0,1
1,0,0,0,1
1,0,0,0,1
1,0,0,0,1
1,0,0,0,1
1,0,0,0,1
1,0,0,0,1
1,0,0,0,1
1,0,0,0,1
1,0,0,0,1
1,0,0,0,1
2,0,0,0,2
1,0,0,0,1
1,0,0,0,1
1,0,0,0,1
1,0,0,0,1
2,0,0,0,2
1,0,0,0,1
2,0,0,0,2
1,0,0,0,1
1,0,0,0,1
1,0,0,0,1
1,0,0,0,1
1,0,0,0,1
1,0,0,0,1
1,0,0,0,1
1,0,0,0,1
4,0,0,0,4
1,0,0,0,1
1,0,0,0,1
1,0,0,0,1
1,4,0,0,5
1,0,0,0,1
2,0,0,0,2
1,0,0,0,1
1,0,0,0,1
1,0,0,0,1
3,0,0,0,3
1,0,0,0,1
1,0,0,0,1
1,0,0,0,1
1,0,0,0,1
1,0,0,0,1
1,0,0,0,1
1,0,0,0,1
1,0,0,0,1
1,0,0,0,1
1,0,0,0,1
1,0,0,0,1
1,0,0,0,1
1,0,0,0,1
1,0,0,0,1
1,0,0,0,1
1,0,0,0,1
1,0,0,0,1
1,0,0,0,1
1,5,0,0,6
1,0,0,0,1
1,0,0,0,1
1,0,0,0,1
2,0,0,0,2
1,0,0,0,1
1,0,0,0,1
2,3,0,0,5
2,0,0,0,2
1,0,0,0,1
1,0,0,0,1
1,0,0,0,1
1,0,0,0,1
1,0,0,0,1
1,0,0,0,1
6,0,0,0,6
1,0,0,0,1
1,0,0,0,1
1,0,0,0,1
2,0,0,0,2
1,0,0,0,1
1,0,0,0,1
1,0,0,0,1
1,0,0,0,1
2,0,0,0,2
1,0,0,0,1
1,0,0,0,1
2,0,0,0,2
1,0,0,0,1
1,0,0,0,1
1,0,0,0,1
2,0,0,0,2
1,0,0,0,1
1,0,0,0,1
1,0,0,0,1
1,0,0,0,1
1,0,0,0,1
1,1,0,0,2
1,0,0,0,1
2,0,0,0,2
1,0,0,0,1
2,0,0,0,2
2,4,0,0,6
4,0,0,0,4
2,0,0,0,2
1,0,0,0,1
2,0,0,0,2
1,0,0,0,1
1,0,0,0,1
1,0,0,0,1
1,0,0,0,1
1,0,0,0,1
1,0,0,0,1
1,0,0,0,1
1,0,0,0,1
1,0,0,0,1
1,0,0,0,1
3,0,0,0,3
1,0,0,0,1
2,0,0,0,2
1,0,0,0,1
1,0,0,0,1
2,0,0,0,2
1,0,0,0,1
1,0,0,0,1
1,0,0,0,1
1,0,0,0,1
1,0,0,0,1
10,0,0,0,10
1,0,0,0,1
1,0,0,0,1
1,0,0,0,1
1,0,0,0,1
1,0,0,0,1
1,0,0,0,1
1,0,0,0,1
1,0,0,0,1
1,0,0,0,1
1,0,0,0,1
1,0,0,0,1
1,0,0,0,1
2,0,0,0,2
1,0,0,0,1
1,0,0,0,1
1,0,0,0,1
1,0,0,0,1
3,0,0,0,3
1,0,0,0,1
1,0,0,0,1
2,0,0,0,2
1,0,0,0,1
1,0,0,0,1
1,0,0,0,1
1,0,0,0,1
1,0,0,0,1
1,0,0,0,1
1,0,0,0,1
1,0,0,0,1
1,0,0,0,1
1,0,0,0,1
1,0,0,0,1
1,0,0,0,1
1,0,0,0,1
2,0,0,0,2
4,0,0,0,4
1,0,0,0,1
2,0,0,0,2
1,0,0,0,1
1,0,0,0,1
1,0,0,0,1
2,0,0,0,2
1,0,0,0,1
1,0,0,0,1
2,0,0,0,2
1,0,0,0,1
1,1,0,0,2
1,0,0,0,1
1,0,0,0,1
1,0,0,0,1
1,0,0,0,1
1,0,0,0,1
2,0,0,0,2
1,0,0,0,1
5,0,0,0,5
1,0,0,0,1
1,0,0,0,1
1,0,0,0,1
1,0,0,0,1
1,0,0,0,1
1,0,0,0,1
1,0,0,0,1
1,0,0,0,1
1,0,0,0,1
1,0,0,0,1
1,0,0,0,1
1,0,0,0,1
3,0,0,0,3
1,0,0,0,1
2,0,0,0,2
1,0,0,0,1
1,0,0,0,1
1,0,0,0,1
1,0,0,0,1
2,0,0,0,2
1,0,0,0,1
2,0,0,0,2
1,0,0,0,1
1,0,0,0,1
2,0,0,0,2
1,0,0,0,1
2,0,0,0,2
2,0,0,0,2
1,0,0,0,1
1,0,0,0,1
1,0,0,0,1
7,0,0,0,7
1,0,0,0,1
1,0,0,0,1
2,0,0,0,2
1,3,1,0,5
1,0,0,0,1
1,0,0,0,1
1,0,0,0,1
1,0,0,0,1
2,3,0,0,5
2,0,0,0,2
1,0,0,0,1
2,0,0,0,2
1,0,0,0,1
1,0,0,0,1
1,0,0,0,1
1,0,0,0,1
1,0,0,0,1
1,0,0,0,1
1,0,0,0,1
1,0,0,0,1
1,0,0,0,1
1,0,0,0,1
1,2,0,0,3
1,0,0,0,1
1,0,0,0,1
1,0,0,0,1
1,0,0,0,1
1,0,0,0,1
6,0,0,0,6
1,0,0,0,1
1,0,0,0,1
1,0,0,0,1
1,0,0,0,1
1,0,0,0,1
1,0,0,0,1
1,0,0,0,1
1,0,0,0,1
1,0,0,0,1
1,0,0,0,1
1,0,0,0,1
1,0,0,0,1
2,0,0,0,2
3,0,0,0,3
1,0,0,0,1
1,0,0,0,1
1,0,0,0,1
1,0,0,0,1
1,0,0,0,1
1,0,0,0,1
2,0,0,0,2
1,0,0,0,1
1,0,0,0,1
2,0,0,0,2
1,0,0,0,1
2,94,0,0,96
3,0,0,0,3
1,0,0,0,1
1,0,0,0,1
1,0,0,0,1
2,0,0,0,2
2,0,0,0,2
2,0,0,0,2
1,0,0,0,1
1,0,0,0,1
1,0,0,0,1
1,0,0,0,1
1,0,0,0,1
3,0,0,0,3
1,0,0,0,1
1,0,0,0,1
1,0,0,0,1
1,0,0,0,1
1,5,0,0,6
2,0,0,0,2
1,0,0,0,1
3,0,0,0,3
1,0,0,0,1
1,0,0,0,1
1,0,0,0,1
2,0,0,0,2
1,0,0,0,1
1,0,0,0,1
1,0,0,0,1
1,0,0,0,1
2,0,0,0,2
1,0,0,0,1
2,0,0,0,2
1,0,0,0,1
1,0,0,0,1
1,0,0,0,1
1,0,0,0,1
2,0,0,0,2
1,0,0,0,1
1,0,0,0,1
1,0,0,0,1
1,0,0,0,1
2,0,0,0,2
1,0,0,0,1
1,0,0,0,1
1,0,0,0,1
1,0,0,0,1
1,0,0,0,1
1,0,0,0,1
2,0,0,0,2
1,0,0,0,1
1,0,0,0,1
1,0,0,0,1
2,0,0,0,2
2,0,0,0,2
1,0,0,0,1
1,0,0,0,1
1,1,1,0,3
1,0,0,0,1
2,0,0,0,2
1,0,0,0,1
1,0,0,0,1
1,0,0,0,1
2,0,0,0,2
1,0,0,0,1
1,0,0,0,1
1,0,0,0,1
1,0,0,0,1
1,0,0,0,1
3,0,3,0,6
1,0,0,0,1
1,0,0,0,1
1,0,0,0,1
1,0,0,0,1
1,0,0,0,1
2,0,0,0,2
1,0,0,0,1
1,0,0,0,1
1,0,0,0,1
1,0,0,0,1
1,0,0,0,1
2,0,0,0,2
1,0,0,0,1
1,0,0,0,1
4,2,0,0,6
1,0,0,0,1
1,0,0,0,1
1,2,0,0,3
1,0,0,0,1
1,0,0,0,1
2,0,0,0,2
1,0,0,0,1
2,0,0,0,2
1,0,0,0,1
3,1,0,0,4
1,0,0,0,1
2,0,0,0,2
1,20,0,0,21
1,0,0,0,1
1,0,0,0,1
2,2,0,0,4
1,0,0,0,1
1,0,0,0,1
1,0,0,0,1
1,0,0,0,1
1,0,0,0,1
2,0,0,0,2
1,0,0,0,1
2,0,0,0,2
1,0,0,0,1
1,0,0,0,1
1,0,0,0,1
1,0,0,0,1
1,0,0,0,1
1,0,0,0,1
1,0,0,0,1
1,0,0,0,1
1,0,0,0,1
1,0,0,0,1
1,0,0,0,1
1,0,0,0,1
1,0,0,0,1
1,0,0,0,1
1,0,0,0,1
1,0,0,0,1
1,0,0,0,1
1,0,0,0,1
1,0,0,0,1
1,0,0,0,1
1,0,0,0,1
1,0,0,0,1
1,0,0,0,1
2,0,0,0,2
1,0,0,0,1
1,0,0,0,1
1,0,0,0,1
1,0,0,0,1
1,0,0,0,1
1,0,0,0,1
1,0,0,0,1
1,0,0,0,1
1,0,0,0,1
2,0,0,0,2
1,0,0,0,1
2,0,0,0,2
1,0,0,0,1
1,0,0,0,1
2,0,0,0,2
1,0,0,0,1
1,0,0,0,1
1,0,0,0,1
3,0,0,0,3
1,0,0,0,1
1,0,0,0,1
3,0,0,0,3
5,0,0,0,5
1,0,0,0,1
1,0,0,0,1
1,0,0,0,1
2,0,0,0,2
1,0,0,0,1
1,0,0,0,1
1,0,0,0,1
1,0,0,0,1
1,0,0,0,1
1,0,0,0,1
2,0,0,0,2
1,0,0,0,1
1,0,0,0,1
1,0,0,0,1
3,0,0,0,3
1,0,0,0,1
1,0,0,0,1
1,0,0,0,1
1,0,0,0,1
1,0,0,0,1
1,0,0,0,1
1,0,0,0,1
1,0,0,0,1
6,0,0,0,6
1,0,0,0,1
2,0,0,0,2
1,0,0,0,1
1,0,0,0,1
1,0,0,0,1
1,0,0,0,1
1,0,0,0,1
1,0,0,0,1
1,0,0,0,1
1,0,0,0,1
1,0,0,0,1
2,0,0,0,2
1,0,0,0,1
2,0,0,0,2
1,0,0,0,1
1,0,0,0,1
1,0,0,0,1
2,0,0,0,2
2,0,0,0,2
1,0,0,0,1
1,0,0,0,1
1,0,0,0,1
2,0,0,0,2
1,0,0,0,1
1,0,0,0,1
1,0,0,0,1
1,0,0,0,1
1,0,0,0,1
1,0,0,0,1
4,12,0,0,16
1,0,0,0,1
1,0,0,0,1
1,0,0,0,1
1,0,0,0,1
1,0,0,0,1
1,0,0,0,1
1,0,0,0,1
1,0,0,0,1
1,0,0,0,1
1,0,0,0,1
1,0,0,0,1
1,0,0,0,1
1,0,0,0,1
1,0,0,0,1
1,0,0,0,1
2,1,0,0,3
2,0,0,0,2
1,0,0,0,1
1,0,0,0,1
1,0,0,0,1
1,0,0,0,1
1,0,0,0,1
1,0,0,0,1
1,0,0,0,1
2,0,0,0,2
1,0,0,0,1
4,0,0,0,4
1,0,0,0,1
1,0,0,0,1
1,0,0,0,1
1,0,0,0,1
1,0,0,0,1
1,0,0,0,1
2,0,0,0,2
1,0,0,0,1
2,0,0,0,2
2,0,0,0,2
1,0,0,0,1
1,0,0,0,1
1,0,0,0,1
1,0,0,0,1
1,0,0,0,1
1,0,0,0,1
1,0,0,0,1
1,0,0,0,1
1,0,0,0,1
1,0,0,0,1
1,0,0,0,1
1,0,0,0,1
1,0,0,0,1
1,0,0,0,1
1,0,0,0,1
1,0,0,0,1
1,0,0,0,1
1,0,0,0,1
1,0,0,0,1
2,0,0,0,2
1,0,0,0,1
1,0,0,0,1
1,0,0,0,1
1,0,0,0,1
3,0,0,0,3
1,0,0,0,1
1,0,0,0,1
3,0,0,0,3
1,0,0,0,1
1,0,0,0,1
1,0,0,0,1
1,0,0,0,1
1,0,0,0,1
1,0,0,0,1
1,0,0,0,1
1,0,0,0,1
1,0,0,0,1
1,0,0,0,1
1,0,0,0,1
1,0,0,0,1
1,0,0,0,1
1,0,0,0,1
1,0,0,0,1
1,0,0,0,1
1,0,0,0,1
5,6,0,0,11
1,0,0,0,1
2,0,0,0,2
3,0,0,0,3
1,0,0,0,1
1,0,0,0,1
1,0,0,0,1
6,0,0,0,6
1,0,0,0,1
1,0,0,0,1
1,0,0,0,1
1,0,0,0,1
2,0,0,0,2
1,0,0,0,1
2,2,0,0,4
1,0,0,0,1
1,0,0,0,1
2,0,0,0,2
1,0,0,0,1
1,0,0,0,1
1,0,0,0,1
1,6,0,0,7
1,0,0,0,1
1,0,0,0,1
1,0,0,0,1
1,0,0,0,1
1,0,0,0,1
1,0,0,0,1
1,0,0,0,1
1,0,0,0,1
1,0,0,0,1
1,0,0,0,1
1,0,0,0,1
1,0,0,0,1
1,0,0,0,1
1,0,0,0,1
1,0,0,0,1
1,0,0,0,1
1,0,0,0,1
1,0,0,0,1
1,0,0,0,1
2,0,0,0,2
3,0,0,0,3
1,0,0,0,1
2,0,0,0,2
2,0,0,0,2
1,0,0,0,1
1,0,0,0,1
1,0,0,0,1
3,0,0,0,3
1,0,0,0,1
1,0,0,0,1
1,0,0,0,1
1,0,0,0,1
1,0,0,0,1
1,0,0,0,1
1,0,0,0,1
1,0,0,0,1
1,0,0,0,1
1,0,0,0,1
1,0,0,0,1
2,0,0,0,2
1,0,0,0,1
2,0,0,0,2
1,0,0,0,1
1,0,0,0,1
1,0,0,0,1
1,0,0,0,1
2,0,0,0,2
1,0,0,0,1
2,0,0,0,2
1,0,0,0,1
3,0,0,0,3
1,0,0,0,1
1,0,0,0,1
1,0,0,0,1
1,0,0,0,1
1,0,0,0,1
1,0,0,0,1
2,0,0,0,2
1,0,0,0,1
1,0,0,0,1
1,0,0,0,1
1,2,0,0,3
1,0,0,0,1
1,0,0,0,1
1,0,0,0,1
2,0,0,0,2
1,0,0,0,1
1,0,0,0,1
1,0,0,0,1
1,0,0,0,1
2,0,0,0,2
1,0,0,0,1
1,0,0,0,1
1,0,0,0,1
1,0,0,0,1
1,0,0,0,1
1,0,0,0,1
1,0,0,0,1
1,0,0,0,1
2,0,0,0,2
1,0,0,0,1
2,0,0,0,2
1,0,0,0,1
1,0,0,0,1
1,0,0,0,1
1,0,0,0,1
1,0,0,0,1
1,0,0,0,1
1,0,0,0,1
1,0,0,0,1
1,0,0,0,1
1,0,0,0,1
1,0,0,0,1
2,0,0,0,2
2,0,0,0,2
1,0,0,0,1
1,0,0,0,1
1,0,0,0,1
2,0,0,0,2
2,1,0,0,3
1,2,0,0,3
1,0,0,0,1
1,0,0,0,1
3,0,0,0,3
1,0,0,0,1
2,0,0,0,2
1,0,0,0,1
1,0,0,0,1
1,0,0,0,1
3,0,0,0,3
1,0,0,0,1
1,0,0,0,1
1,0,0,0,1
1,0,0,0,1
1,0,0,0,1
1,0,0,0,1
1,0,0,0,1
1,0,0,0,1
2,0,0,0,2
1,0,0,0,1
3,0,0,0,3
1,0,0,0,1
2,0,0,0,2
1,0,0,0,1
1,0,0,0,1
1,0,0,0,1
3,0,0,0,3
1,0,0,0,1
1,0,0,0,1
1,0,0,0,1
1,0,0,0,1
2,0,0,0,2
1,0,0,0,1
1,0,0,0,1
1,0,0,0,1
1,0,0,0,1
1,0,0,0,1
1,0,0,0,1
1,0,0,0,1
1,0,0,0,1
1,0,0,0,1
1,0,0,0,1
1,0,0,0,1
1,0,0,0,1
2,0,0,0,2
2,0,0,0,2
4,0,0,0,4
1,0,0,0,1
1,0,0,0,1
1,0,0,0,1
1,0,0,0,1
1,0,0,0,1
1,0,0,0,1
3,0,0,0,3
1,0,0,0,1
2,0,0,0,2
1,0,0,0,1
2,0,0,0,2
2,0,0,0,2
1,0,0,0,1
1,0,0,0,1
1,0,0,0,1
3,0,0,0,3
2,0,0,0,2
1,0,0,0,1
1,0,0,0,1
1,0,0,0,1
1,0,0,0,1
1,0,0,0,1
1,0,0,0,1
1,0,0,0,1
1,0,0,0,1
1,0,0,0,1
1,0,0,0,1
1,0,0,0,1
1,0,0,0,1
2,0,0,0,2
1,0,0,0,1
2,0,0,0,2
1,0,0,0,1
1,0,0,0,1
1,0,0,0,1
1,0,0,0,1
1,0,0,0,1
1,0,0,0,1
1,0,0,0,1
1,0,0,0,1
2,0,0,0,2
1,0,0,0,1
1,0,0,0,1
1,0,0,0,1
1,0,0,0,1
4,0,0,0,4
1,0,0,0,1
1,0,0,0,1
1,0,0,0,1
1,0,0,0,1
1,0,0,0,1
2,0,0,0,2
1,0,0,0,1
1,0,0,0,1
1,0,0,0,1
1,0,0,0,1
1,0,0,0,1
1,0,0,0,1
1,0,0,0,1
1,0,0,0,1
1,0,0,0,1
1,0,0,0,1
1,0,0,0,1
1,0,0,0,1
1,0,0,0,1
1,0,0,0,1
1,0,0,0,1
1,0,0,0,1
1,0,0,0,1
2,0,0,0,2
1,0,0,0,1
1,0,0,0,1
2,0,0,0,2
1,0,0,0,1
3,1,1,0,5
1,0,0,0,1
2,0,0,0,2
1,0,0,0,1
1,0,0,0,1
1,0,0,0,1
1,0,0,0,1
2,0,0,0,2
1,0,0,0,1
1,1,0,0,2
1,0,0,0,1
5,0,0,0,5
1,0,0,0,1
1,0,0,0,1
1,0,0,0,1
1,0,0,0,1
1,0,0,0,1
1,0,0,0,1
1,0,0,0,1
1,0,0,0,1
1,0,0,0,1
1,0,0,0,1
1,0,0,0,1
1,0,0,0,1
2,0,0,0,2
3,13,1,0,17
1,0,0,0,1
1,0,0,0,1
1,0,0,0,1
1,0,0,0,1
1,0,0,0,1
2,0,0,0,2
1,0,0,0,1
1,0,0,0,1
1,0,0,0,1
1,0,0,0,1
2,0,0,0,2
1,0,0,0,1
1,0,0,0,1
1,0,0,0,1
1,0,0,0,1
2,0,0,0,2
1,0,0,0,1
1,0,0,0,1
1,0,0,0,1
1,0,0,0,1
1,0,0,0,1
2,0,0,0,2
1,0,0,0,1
1,0,0,0,1
1,0,0,0,1
1,0,0,0,1
1,0,0,0,1
1,0,0,0,1
1,0,0,0,1
1,0,0,0,1
1,0,0,0,1
1,0,0,0,1
1,0,0,0,1
1,0,0,0,1
1,0,0,0,1
1,0,0,0,1
2,0,0,0,2
1,0,0,0,1
1,0,0,0,1
1,0,0,0,1
2,0,0,0,2
1,0,0,0,1
1,0,0,0,1
1,0,0,0,1
1,0,0,0,1
1,0,0,0,1
1,0,0,0,1
1,0,0,0,1
1,0,0,0,1
1,0,0,0,1
1,0,0,0,1
1,0,0,0,1
1,0,0,0,1
2,0,0,0,2
1,0,0,0,1
1,0,0,0,1
2,0,0,0,2
1,0,0,0,1
1,0,0,0,1
1,0,0,0,1
1,0,0,0,1
1,0,0,0,1
1,0,0,0,1
1,0,0,0,1
1,0,0,0,1
1,0,0,0,1
1,0,0,0,1
1,0,0,0,1
1,0,0,0,1
1,0,0,0,1
1,0,0,0,1
1,0,0,0,1
1,0,0,0,1
1,0,0,0,1
1,9,0,0,10
1,2,0,0,3
1,0,0,0,1
1,0,0,0,1
1,0,0,0,1
1,2,0,0,3
2,1,0,0,3
1,0,0,0,1
1,0,0,0,1
2,0,0,0,2
1,0,0,0,1
1,0,0,0,1
4,0,0,0,4
1,0,0,0,1
3,0,0,0,3
1,0,0,0,1
2,0,0,0,2
1,0,0,0,1
1,0,0,0,1
1,0,0,0,1
1,0,0,0,1
1,0,0,0,1
1,0,0,0,1
1,0,0,0,1
1,0,0,0,1
1,0,0,0,1
1,0,0,0,1
1,0,0,0,1
1,2,1,0,4
1,0,0,0,1
1,0,0,0,1
1,0,0,0,1
1,0,0,0,1
1,0,0,0,1
1,0,0,0,1
1,0,0,0,1
1,0,0,0,1
1,0,0,0,1
1,0,0,0,1
1,0,0,0,1
1,0,0,0,1
1,0,0,0,1
1,0,0,0,1
6,0,0,0,6
1,0,0,0,1
1,0,0,0,1
1,0,0,0,1
1,0,0,0,1
1,0,0,0,1
2,0,0,0,2
2,0,0,0,2
1,0,0,0,1
2,0,0,0,2
1,0,0,0,1
2,0,0,0,2
1,0,0,0,1
2,0,0,0,2
4,0,0,0,4
1,0,0,0,1
1,0,0,0,1
1,0,0,0,1
1,0,0,0,1
1,0,0,0,1
4,0,0,0,4
1,0,0,0,1
2,0,0,0,2
1,0,0,0,1
1,0,0,0,1
1,0,0,0,1
1,0,0,0,1
3,3,0,0,6
1,0,0,0,1
1,0,0,0,1
1,0,0,0,1
1,0,0,0,1
1,0,0,0,1
1,0,0,0,1
1,0,0,0,1
1,0,0,0,1
2,0,0,0,2
2,0,0,0,2
2,0,0,0,2
1,0,0,0,1
1,0,0,0,1
1,0,0,0,1
1,0,0,0,1
1,0,0,0,1
1,0,0,0,1
1,0,0,0,1
1,0,0,0,1
2,0,0,0,2
1,0,0,0,1
1,0,0,0,1
4,0,0,0,4
2,0,0,0,2
1,0,0,0,1
1,0,0,0,1
1,0,0,0,1
1,0,0,0,1
1,0,0,0,1
2,0,0,0,2
1,0,0,0,1
2,0,0,0,2
1,0,0,0,1
3,1,0,0,4
1,0,0,0,1
1,0,0,0,1
5,0,0,0,5
1,0,0,0,1
2,0,0,0,2
1,0,0,0,1
1,0,0,0,1
1,0,0,0,1
1,0,0,0,1
1,0,0,0,1
1,0,0,0,1
1,0,0,0,1
1,0,0,0,1
1,2,0,0,3
1,0,0,0,1
1,0,0,0,1
1,0,0,0,1
2,0,0,0,2
1,0,0,0,1
1,0,0,0,1
1,0,0,0,1
2,0,0,0,2
1,0,0,0,1
1,0,0,0,1
1,0,0,0,1
2,0,0,0,2
1,0,0,0,1
2,0,0,0,2
2,0,0,0,2
3,1,0,0,4
1,0,0,0,1
1,0,0,0,1
1,0,0,0,1
1,0,0,0,1
1,0,0,0,1
1,0,0,0,1
1,0,0,0,1
1,0,0,0,1
1,0,0,0,1
1,0,0,0,1
1,0,0,0,1
1,0,0,0,1
1,0,0,0,1
1,0,0,0,1
1,0,0,0,1
2,0,0,0,2
1,0,0,0,1
1,0,0,0,1
1,0,0,0,1
1,0,0,0,1
1,0,0,0,1
1,0,0,0,1
1,0,0,0,1
1,0,0,0,1
1,0,0,0,1
1,0,0,0,1
1,0,0,0,1
1,0,0,0,1
1,0,0,0,1
1,0,0,0,1
1,0,0,0,1
1,0,0,0,1
1,0,0,0,1
1,0,0,0,1
1,0,0,0,1
1,0,0,0,1
1,0,0,0,1
4,2,0,0,6
1,0,0,0,1
3,0,0,0,3
1,0,0,0,1
1,0,0,0,1
1,0,0,0,1
1,0,0,0,1
1,0,0,0,1
1,0,0,0,1
1,0,0,0,1
1,0,0,0,1
1,0,0,0,1
1,0,0,0,1
1,3,0,0,4
3,0,0,0,3
1,0,0,0,1
1,0,0,0,1
1,0,0,0,1
1,0,0,0,1
1,0,0,0,1
1,0,0,0,1
1,0,0,0,1
3,0,0,0,3
1,0,0,0,1
1,0,0,0,1
1,0,0,0,1
1,9,0,0,10
1,0,0,0,1
1,0,0,0,1
1,0,0,0,1
1,0,0,0,1
4,6,0,0,10
1,0,0,0,1
1,0,0,0,1
1,0,0,0,1
2,0,0,0,2
1,0,0,0,1
1,0,0,0,1
1,0,0,0,1
3,0,0,0,3
4,0,0,0,4
1,0,0,0,1
2,0,0,0,2
1,0,0,0,1
1,0,0,0,1
1,0,0,0,1
1,0,0,0,1
5,2,1,0,8
1,0,0,0,1
2,0,0,0,2
1,0,2,0,3
1,0,0,0,1
1,0,0,0,1
1,0,0,0,1
1,0,0,0,1
1,0,0,0,1
1,0,0,0,1
1,0,0,0,1
1,0,0,0,1
1,0,0,0,1
1,0,0,0,1
1,0,0,0,1
1,0,0,0,1
1,0,0,0,1
1,0,0,0,1
1,0,0,0,1
1,0,0,0,1
1,0,0,0,1
5,2,0,0,7
1,0,0,0,1
1,0,0,0,1
2,0,0,0,2
1,0,0,0,1
1,0,0,0,1
1,0,0,0,1
1,0,0,0,1
1,0,0,0,1
2,12,0,0,14
1,0,0,0,1
1,0,0,0,1
2,0,0,0,2
1,0,0,0,1
1,0,0,0,1
1,0,0,0,1
1,0,0,0,1
1,0,0,0,1
1,0,0,0,1
2,0,0,0,2
1,0,0,0,1
2,0,0,0,2
1,0,0,0,1
1,438,0,0,439
1,0,0,0,1
1,0,0,0,1
1,0,0,0,1
1,0,0,0,1
1,0,0,0,1
1,0,0,0,1
1,0,0,0,1
2,0,0,0,2
1,0,0,0,1
1,0,0,0,1
1,0,0,0,1
2,0,0,0,2
1,0,0,0,1
1,0,0,0,1
1,0,0,0,1
1,0,0,0,1
1,0,0,0,1
1,0,0,0,1
2,0,0,0,2
2,0,0,0,2
1,0,0,0,1
1,0,0,0,1
1,0,0,0,1
1,0,0,0,1
1,0,0,0,1
1,0,0,0,1
4,0,0,0,4
1,0,0,0,1
1,0,0,0,1
1,0,0,0,1
1,0,0,0,1
1,0,0,0,1
1,0,0,0,1
1,0,0,0,1
1,0,0,0,1
1,0,0,0,1
1,0,0,0,1
1,0,0,0,1
1,0,0,0,1
1,0,0,0,1
4,2,0,0,6
1,0,0,0,1
2,0,0,0,2
2,0,0,0,2
1,0,0,0,1
1,0,0,0,1
1,0,0,0,1
1,0,0,0,1
1,0,0,0,1
1,0,0,0,1
1,0,0,0,1
1,0,0,0,1
1,0,0,0,1
2,0,0,0,2
1,0,0,0,1
1,0,0,0,1
2,0,0,0,2
1,39,2,0,42
1,0,0,0,1
1,0,0,0,1
6,0,0,0,6
1,0,0,0,1
1,0,0,0,1
1,0,0,0,1
1,0,0,0,1
1,0,0,0,1
2,0,0,0,2
1,0,0,0,1
1,0,0,0,1
1,0,0,0,1
1,0,0,0,1
1,0,0,0,1
1,0,0,0,1
1,0,0,0,1
2,0,0,0,2
1,0,0,0,1
1,0,0,0,1
2,0,0,0,2
1,0,0,0,1
1,0,0,0,1
2,0,0,0,2
1,0,0,0,1
1,0,0,0,1
2,0,0,0,2
1,0,0,0,1
1,0,0,0,1
1,0,0,0,1
2,0,0,0,2
2,0,0,0,2
1,0,0,0,1
1,0,0,0,1
1,0,0,0,1
2,0,0,0,2
3,0,0,0,3
1,0,0,0,1
1,0,0,0,1
1,0,0,0,1
1,0,0,0,1
1,0,0,0,1
1,0,0,0,1
1,0,0,0,1
1,0,0,0,1
1,0,0,0,1
1,26,0,0,27
1,0,0,0,1
1,0,0,0,1
1,0,0,0,1
1,0,0,0,1
1,0,0,0,1
1,0,0,0,1
1,0,0,0,1
1,0,0,0,1
3,0,0,0,3
1,0,0,0,1
1,0,0,0,1
2,0,0,0,2
5,0,0,0,5
1,0,0,0,1
3,0,0,0,3
5,0,0,0,5
2,0,0,0,2
1,0,0,0,1
1,0,0,0,1
1,0,0,0,1
7,0,0,0,7
1,0,0,0,1
1,0,0,0,1
1,0,0,0,1
3,0,0,0,3
1,0,0,0,1
2,0,0,0,2
1,0,0,0,1
2,0,0,0,2
2,0,0,0,2
1,0,0,0,1
3,2,0,0,5
2,0,0,0,2
1,0,0,0,1
1,0,0,0,1
1,0,0,0,1
1,0,0,0,1
1,0,0,0,1
1,0,0,0,1
1,3,0,0,4
2,0,0,0,2
1,0,0,0,1
1,0,0,0,1
1,0,0,0,1
1,0,0,0,1
1,0,0,0,1
1,0,0,0,1
1,0,0,0,1
1,0,0,0,1
1,0,0,0,1
1,0,0,0,1
1,0,0,0,1
1,0,0,0,1
1,0,0,0,1
2,0,0,0,2
1,0,0,0,1
1,0,0,0,1
1,0,0,0,1
1,0,0,0,1
1,0,0,0,1
1,0,0,0,1
1,0,0,0,1
1,0,0,0,1
2,0,0,0,2
1,0,0,0,1
3,0,0,0,3
1,0,0,0,1
1,0,0,0,1
1,0,0,0,1
2,0,0,0,2
1,0,0,0,1
1,0,0,0,1
2,0,0,0,2
1,0,0,0,1
1,0,0,0,1
1,0,0,0,1
1,0,0,0,1
1,0,0,0,1
1,0,0,0,1
2,0,0,0,2
1,0,0,0,1
3,1,0,0,4
2,0,0,0,2
1,0,0,0,1
1,0,0,0,1
1,0,0,0,1
3,0,0,0,3
1,0,0,0,1
1,0,0,0,1
1,0,0,0,1
1,0,0,0,1
1,0,0,0,1
1,0,0,0,1
1,0,0,0,1
1,0,0,0,1
1,0,0,0,1
2,0,0,0,2
1,0,0,0,1
1,0,0,0,1
1,0,0,0,1
1,0,0,0,1
1,0,0,0,1
1,0,0,0,1
1,0,0,0,1
1,0,0,0,1
1,0,0,0,1
1,0,0,0,1
2,0,0,0,2
1,0,0,0,1
6,0,0,0,6
1,0,0,0,1
1,0,0,0,1
1,0,0,0,1
1,0,0,0,1
2,0,0,0,2
1,0,0,0,1
1,0,0,0,1
1,0,0,0,1
2,0,0,0,2
1,0,0,0,1
1,0,0,0,1
1,0,0,0,1
1,0,0,0,1
1,0,0,0,1
1,0,0,0,1
1,4,0,0,5
1,0,0,0,1
1,0,0,0,1
1,0,0,0,1
1,0,0,0,1
3,0,0,0,3
1,0,0,0,1
1,0,0,0,1
1,0,0,0,1
1,0,0,0,1
1,0,0,0,1
1,0,0,0,1
1,0,0,0,1
2,0,0,0,2
2,0,0,0,2
1,0,0,0,1
1,0,0,0,1
1,0,0,0,1
3,0,0,0,3
2,0,0,0,2
1,0,0,0,1
1,0,0,0,1
1,0,0,0,1
1,0,0,0,1
1,0,0,0,1
1,0,0,0,1
1,0,0,0,1
1,0,0,0,1
1,0,0,0,1
2,0,0,0,2
1,0,0,0,1
1,0,0,0,1
1,0,0,0,1
1,0,0,0,1
1,0,0,0,1
1,0,0,0,1
1,0,0,0,1
1,0,0,0,1
2,0,0,0,2
1,0,0,0,1
1,0,0,0,1
1,0,0,0,1
1,0,0,0,1
1,0,0,0,1
1,0,0,0,1
1,0,0,0,1
1,0,0,0,1
1,0,0,0,1
1,0,0,0,1
1,0,0,0,1
1,0,0,0,1
1,0,0,0,1
1,0,0,0,1
1,0,0,0,1
1,0,0,0,1
1,0,0,0,1
2,2,0,0,4
1,0,0,0,1
1,0,0,0,1
3,0,0,0,3
1,0,0,0,1
1,0,0,0,1
1,21,0,0,22
1,0,0,0,1
1,0,0,0,1
1,0,0,0,1
1,0,0,0,1
1,0,0,0,1
1,0,0,0,1
1,0,0,0,1
1,0,0,0,1
3,0,0,0,3
1,0,0,0,1
1,0,0,0,1
1,0,0,0,1
2,0,0,0,2
1,0,0,0,1
1,0,0,0,1
1,0,0,0,1
1,0,0,0,1
1,0,0,0,1
1,1,0,0,2
2,0,0,0,2
1,0,0,0,1
1,0,0,0,1
1,0,0,0,1
1,0,0,0,1
1,0,0,0,1
1,0,0,0,1
1,0,0,0,1
1,0,0,0,1
2,0,0,0,2
1,0,0,0,1
1,0,0,0,1
1,0,0,0,1
1,0,0,0,1
1,0,0,0,1
2,0,0,0,2
1,0,0,0,1
1,0,0,0,1
1,1,1,0,3
1,0,0,0,1
2,1,0,0,3
1,0,0,0,1
1,0,0,0,1
1,0,0,0,1
1,0,0,0,1
1,0,0,0,1
3,0,0,0,3
1,0,0,0,1
1,0,0,0,1
1,0,0,0,1
1,0,0,0,1
3,0,0,0,3
2,0,0,0,2
1,0,0,0,1
1,0,0,0,1
5,0,0,0,5
1,0,0,0,1
1,0,0,0,1
1,0,0,0,1
2,0,0,0,2
1,0,0,0,1
1,0,0,0,1
1,0,0,0,1
1,0,0,0,1
4,0,0,0,4
1,0,0,0,1
1,0,0,0,1
2,0,0,0,2
2,2,0,0,4
1,0,0,0,1
1,0,0,0,1
1,0,0,0,1
1,0,0,0,1
2,0,0,0,2
1,0,0,0,1
1,0,0,0,1
2,0,0,0,2
1,0,0,0,1
1,0,0,0,1
1,0,0,0,1
1,0,0,0,1
1,0,0,0,1
1,0,0,0,1
1,0,0,0,1
1,0,0,0,1
1,0,0,0,1
1,0,0,0,1
1,0,0,0,1
3,0,0,0,3
1,0,0,0,1
1,0,0,0,1
1,0,0,0,1
4,0,0,0,4
1,0,0,0,1
1,0,0,0,1
1,0,0,0,1
3,0,0,0,3
1,0,0,0,1
1,0,0,0,1
1,0,0,0,1
2,0,0,0,2
1,0,0,0,1
1,0,0,0,1
3,0,0,0,3
1,0,0,0,1
1,0,0,0,1
1,0,0,0,1
1,0,0,0,1
1,0,0,0,1
1,0,0,0,1
1,0,0,0,1
1,0,0,0,1
1,0,0,0,1
1,0,0,0,1
1,0,0,0,1
1,0,0,0,1
4,0,0,0,4
1,0,0,0,1
1,0,0,0,1
1,0,0,0,1
1,0,0,0,1
1,0,0,0,1
1,0,0,0,1
1,0,0,0,1
2,0,0,0,2
1,0,0,0,1
6,5,0,0,11
3,0,0,0,3
1,0,0,0,1
1,0,0,0,1
1,0,0,0,1
1,0,0,0,1
3,3,1,0,7
1,0,0,0,1
1,0,0,0,1
2,0,0,0,2
1,0,0,0,1
1,0,0,0,1
1,0,0,0,1
1,0,0,0,1
1,0,0,0,1
1,0,0,0,1
1,0,0,0,1
1,2,0,0,3
2,0,0,0,2
1,0,0,0,1
1,0,0,0,1
1,0,0,0,1
1,0,0,0,1
1,0,0,0,1
1,0,0,0,1
2,0,0,0,2
1,0,0,0,1
1,0,0,0,1
1,0,0,0,1
1,0,0,0,1
1,0,0,0,1
1,0,0,0,1
1,0,0,0,1
1,0,0,0,1
1,0,0,0,1
1,0,0,0,1
1,0,0,0,1
1,0,0,0,1
1,0,0,0,1
1,0,0,0,1
1,0,0,0,1
1,0,0,0,1
1,0,0,0,1
1,0,0,0,1
1,0,0,0,1
1,0,0,0,1
1,0,0,0,1
1,0,0,0,1
1,0,0,0,1
1,0,0,0,1
1,0,0,0,1
1,0,0,0,1
2,0,0,0,2
1,0,0,0,1
1,0,0,0,1
1,0,0,0,1
1,0,0,0,1
1,0,0,0,1
3,0,0,0,3
1,0,0,0,1
1,0,0,0,1
1,0,0,0,1
1,0,0,0,1
2,0,1,0,3
1,0,0,0,1
1,0,0,0,1
1,0,0,0,1
1,0,0,0,1
2,0,0,0,2
1,0,0,0,1
1,0,0,0,1
1,0,0,0,1
2,0,0,0,2
1,0,0,0,1
1,0,0,0,1
2,0,0,0,2
1,0,0,0,1
1,0,0,0,1
1,0,0,0,1
1,0,0,0,1
1,0,0,0,1
1,0,0,0,1
1,0,0,0,1
1,0,0,0,1
1,0,0,0,1
2,0,0,0,2
1,0,0,0,1
1,0,0,0,1
3,0,0,0,3
4,0,0,0,4
2,2,0,0,4
1,0,0,0,1
1,0,0,0,1
1,0,0,0,1
1,0,0,0,1
1,0,0,0,1
1,0,0,0,1
1,0,0,0,1
1,0,0,0,1
1,0,0,0,1
1,0,0,0,1
1,0,0,0,1
1,0,0,0,1
1,0,0,0,1
1,0,0,0,1
1,0,0,0,1
1,0,0,0,1
1,0,0,0,1
1,0,0,0,1
1,0,0,0,1
1,0,0,0,1
1,0,0,0,1
1,0,0,0,1
1,0,0,0,1
1,0,0,0,1
3,0,0,0,3
2,0,0,0,2
1,0,0,0,1
2,0,0,0,2
1,0,0,0,1
1,0,0,0,1
1,7,1,0,9
1,0,0,0,1
1,0,0,0,1
1,0,0,0,1
1,0,0,0,1
1,0,0,0,1
2,0,0,0,2
2,0,0,0,2
1,0,0,0,1
2,0,0,0,2
1,0,0,0,1
3,0,0,0,3
2,0,0,0,2
1,0,0,0,1
1,0,0,0,1
1,0,0,0,1
1,0,0,0,1
1,0,0,0,1
1,0,0,0,1
1,0,0,0,1
1,0,0,0,1
2,1,0,0,3
1,0,0,0,1
1,0,0,0,1
1,0,0,0,1
1,0,0,0,1
1,0,0,0,1
1,0,0,0,1
5,0,0,0,5
1,0,0,0,1
1,0,0,0,1
1,0,0,0,1
1,0,0,0,1
1,0,0,0,1
1,0,0,0,1
1,0,0,0,1
3,0,0,0,3
1,0,0,0,1
1,0,0,0,1
1,0,0,0,1
2,2,0,0,4
1,0,0,0,1
1,0,0,0,1
1,0,0,0,1
1,0,0,0,1
1,0,0,0,1
2,0,0,0,2
1,0,0,0,1
1,0,0,0,1
1,0,0,0,1
1,0,0,0,1
1,0,0,0,1
1,0,0,0,1
1,0,0,0,1
1,0,0,0,1
3,0,0,0,3
2,0,0,0,2
1,0,0,0,1
1,0,0,0,1
1,0,0,0,1
1,0,0,0,1
1,0,0,0,1
1,0,0,0,1
1,0,0,0,1
1,0,0,0,1
1,0,0,0,1
3,0,0,0,3
1,0,0,0,1
1,0,0,0,1
1,0,0,0,1
1,0,0,0,1
1,0,0,0,1
1,0,0,0,1
2,0,0,0,2
1,0,0,0,1
1,0,0,0,1
1,0,0,0,1
1,0,0,0,1
1,0,0,0,1
1,0,0,0,1
1,0,0,0,1
1,0,0,0,1
1,0,0,0,1
1,0,0,0,1
1,0,0,0,1
1,0,0,0,1
1,0,0,0,1
3,0,0,0,3
2,0,0,0,2
1,0,0,0,1
2,0,0,0,2
1,0,0,0,1
1,0,0,0,1
1,0,0,0,1
1,0,0,0,1
1,0,0,0,1
1,0,0,0,1
1,0,0,0,1
1,0,0,0,1
1,0,0,0,1
1,0,0,0,1
1,0,0,0,1
1,0,0,0,1
1,0,0,0,1
1,0,0,0,1
2,0,0,0,2
2,0,0,0,2
1,0,0,0,1
1,0,0,0,1
1,0,0,0,1
1,0,0,0,1
1,0,0,0,1
1,0,0,0,1
1,0,0,0,1
1,0,0,0,1
1,0,0,0,1
3,0,0,0,3
1,0,0,0,1
1,0,0,0,1
1,0,0,0,1
1,0,0,0,1
1,0,0,0,1
1,0,0,0,1
1,0,0,0,1
1,0,0,0,1
1,0,0,0,1
2,0,0,0,2
1,0,0,0,1
1,0,0,0,1
1,0,0,0,1
1,0,0,0,1
1,0,0,0,1
1,2,0,0,3
1,0,0,0,1
1,0,0,0,1
1,0,0,0,1
1,0,0,0,1
1,0,0,0,1
1,0,0,0,1
1,0,0,0,1
1,0,1,0,2
1,0,0,0,1
1,0,0,0,1
1,0,0,0,1
4,0,0,0,4
1,0,0,0,1
1,0,0,0,1
1,0,0,0,1
1,0,0,0,1
1,0,0,0,1
1,0,0,0,1
1,0,0,0,1
2,0,0,0,2
1,0,0,0,1
1,0,0,0,1
1,0,0,0,1
1,0,0,0,1
1,0,0,0,1
1,0,0,0,1
1,0,0,0,1
1,0,0,0,1
1,0,0,0,1
1,0,0,0,1
2,0,0,0,2
1,0,0,0,1
2,0,0,0,2
3,0,0,0,3
1,0,0,0,1
1,0,0,0,1
1,0,0,0,1
2,0,0,0,2
1,0,0,0,1
1,0,0,0,1
1,0,0,0,1
1,0,0,0,1
1,0,0,0,1
1,0,0,0,1
4,0,0,0,4
1,0,0,0,1
1,0,0,0,1
1,0,0,0,1
1,0,0,0,1
1,0,0,0,1
1,0,0,0,1
1,0,0,0,1
1,0,0,0,1
1,0,0,0,1
1,0,0,0,1
1,0,0,0,1
1,0,0,0,1
2,0,0,0,2
1,0,0,0,1
1,0,0,0,1
1,0,0,0,1
1,0,0,0,1
1,0,0,0,1
1,0,0,0,1
1,0,0,0,1
1,0,0,0,1
2,0,0,0,2
1,0,0,0,1
1,0,0,0,1
1,0,0,0,1
1,0,0,0,1
1,0,0,0,1
1,0,0,0,1
2,0,0,0,2
1,0,0,0,1
1,0,0,0,1
1,0,0,0,1
1,0,0,0,1
2,0,0,0,2
2,0,0,0,2
1,0,0,0,1
1,0,0,0,1
2,0,0,0,2
1,0,0,0,1
1,0,0,0,1
1,0,0,0,1
1,0,0,0,1
5,3,0,0,8
2,0,0,0,2
1,0,0,0,1
1,0,0,0,1
1,0,0,0,1
1,0,0,0,1
4,0,0,0,4
1,0,0,0,1
1,0,0,0,1
1,0,0,0,1
1,0,0,0,1
1,0,0,0,1
1,0,0,0,1
2,0,0,0,2
2,0,0,0,2
1,0,0,0,1
1,0,0,0,1
1,0,0,0,1
1,0,0,0,1
1,0,0,0,1
1,0,0,0,1
1,0,0,0,1
1,0,0,0,1
1,0,0,0,1
2,0,0,0,2
2,0,0,0,2
1,0,0,0,1
1,0,0,0,1
1,0,0,0,1
1,0,0,0,1
2,0,0,0,2
1,0,0,0,1
2,0,0,0,2
1,0,0,0,1
1,0,0,0,1
1,0,0,0,1
1,0,0,0,1
1,0,0,0,1
1,0,0,0,1
1,0,0,0,1
1,0,0,0,1
2,0,0,0,2
1,0,0,0,1
2,0,0,0,2
1,0,0,0,1
4,0,0,0,4
1,0,0,0,1
1,0,0,0,1
2,0,0,0,2
4,0,0,0,4
2,0,0,0,2
1,0,0,0,1
1,0,0,0,1
1,0,0,0,1
2,0,0,0,2
2,0,0,0,2
4,0,0,0,4
1,0,0,0,1
1,0,0,0,1
1,1,0,0,2
1,0,0,0,1
1,0,0,0,1
1,0,0,0,1
1,0,0,0,1
1,0,0,0,1
1,0,0,0,1
1,0,0,0,1
1,1,0,0,2
1,0,0,0,1
1,8,0,0,9
1,0,0,0,1
1,0,0,0,1
1,0,0,0,1
1,0,0,0,1
1,0,0,0,1
2,0,0,0,2
2,0,0,0,2
2,0,0,0,2
1,0,0,0,1
1,0,0,0,1
1,0,0,0,1
1,0,0,0,1
1,0,0,0,1
1,0,0,0,1
1,0,0,0,1
1,1,0,0,2
1,0,0,0,1
1,0,0,0,1
4,0,0,0,4
1,0,0,0,1
2,0,0,0,2
1,0,0,0,1
1,0,0,0,1
1,0,0,0,1
1,0,0,0,1
1,0,0,0,1
1,0,0,0,1
1,0,0,0,1
3,0,0,0,3
1,0,0,0,1
2,0,0,0,2
1,0,0,0,1
1,0,0,0,1
1,0,0,0,1
1,0,0,0,1
2,0,0,0,2
1,0,0,0,1
1,0,0,0,1
1,0,0,0,1
1,0,0,0,1
1,0,0,0,1
1,0,0,0,1
1,0,0,0,1
1,0,0,0,1
1,0,0,0,1
1,0,0,0,1
1,0,0,0,1
1,0,0,0,1
1,0,0,0,1
1,0,0,0,1
1,0,0,0,1
1,0,0,0,1
1,1,1,0,3
1,0,0,0,1
1,0,0,0,1
1,0,0,0,1
1,0,2,0,3
1,0,0,0,1
1,0,0,0,1
1,0,0,0,1
1,0,0,0,1
1,0,0,0,1
1,0,0,0,1
1,0,0,0,1
1,0,0,0,1
1,0,0,0,1
1,0,0,0,1
1,0,0,0,1
1,0,0,0,1
1,0,0,0,1
1,0,0,0,1
1,0,0,0,1
1,0,0,0,1
2,0,0,0,2
1,3,0,0,4
1,0,0,0,1
2,0,0,0,2
1,0,0,0,1
1,0,0,0,1
1,0,0,0,1
1,0,0,0,1
1,0,0,0,1
1,0,0,0,1
1,0,0,0,1
1,0,0,0,1
1,0,0,0,1
1,0,0,0,1
1,0,0,0,1
1,0,0,0,1
1,0,0,0,1
1,0,0,0,1
1,0,0,0,1
1,0,0,0,1
1,0,0,0,1
1,0,0,0,1
1,0,0,0,1
1,0,0,0,1
4,0,0,0,4
1,0,0,0,1
9,0,0,0,9
1,0,0,0,1
1,0,0,0,1
2,0,0,0,2
2,0,0,0,2
1,0,0,0,1
1,0,0,0,1
1,0,0,0,1
1,0,0,0,1
1,0,0,0,1
1,0,0,0,1
1,0,0,0,1
1,0,0,0,1
1,0,0,0,1
1,0,0,0,1
1,0,0,0,1
1,0,0,0,1
4,0,0,0,4
1,0,0,0,1
1,0,0,0,1
1,0,0,0,1
1,0,0,0,1
2,0,0,0,2
2,0,0,0,2
1,0,0,0,1
1,0,0,0,1
1,0,0,0,1
1,0,0,0,1
1,0,0,0,1
1,0,0,0,1
1,0,0,0,1
1,0,0,0,1
1,0,0,0,1
2,0,0,0,2
1,0,0,0,1
1,0,0,0,1
2,0,0,0,2
1,0,0,0,1
1,0,0,0,1
1,0,0,0,1
1,0,0,0,1
3,0,0,0,3
1,0,0,0,1
1,0,0,0,1
1,0,0,0,1
1,0,0,0,1
1,0,0,0,1
1,0,0,0,1
1,0,0,0,1
2,0,0,0,2
1,0,0,0,1
2,0,0,0,2
1,0,0,0,1
2,0,0,0,2
1,0,0,0,1
1,0,0,0,1
1,0,0,0,1
1,0,0,0,1
1,0,0,0,1
2,0,0,0,2
1,0,0,0,1
1,0,0,0,1
1,0,0,0,1
3,0,0,0,3
2,0,0,0,2
1,0,0,0,1
1,0,0,0,1
2,0,0,0,2
1,0,0,0,1
1,0,0,0,1
1,0,0,0,1
1,0,0,0,1
1,0,0,0,1
1,0,0,0,1
5,0,0,0,5
1,17,0,0,18
1,0,0,0,1
1,0,0,0,1
1,0,0,0,1
1,0,0,0,1
1,0,0,0,1
2,0,0,0,2
2,0,0,0,2
1,0,0,0,1
1,0,0,0,1
1,0,0,0,1
1,0,0,0,1
1,0,0,0,1
1,0,0,0,1
8,0,0,0,8
1,0,0,0,1
1,5,0,0,6
1,0,0,0,1
1,0,0,0,1
1,0,0,0,1
4,0,0,0,4
2,0,0,0,2
1,0,0,0,1
1,0,0,0,1
1,0,0,0,1
1,0,0,0,1
1,0,0,0,1
1,0,0,0,1
1,0,0,0,1
1,0,0,0,1
2,0,0,0,2
1,0,0,0,1
1,0,0,0,1
1,0,0,0,1
1,0,0,0,1
2,0,0,0,2
1,0,0,0,1
1,0,0,0,1
1,0,0,0,1
1,0,0,0,1
1,0,0,0,1
2,0,0,0,2
1,0,0,0,1
2,0,0,0,2
1,0,0,0,1
2,0,0,0,2
1,0,0,0,1
1,0,0,0,1
1,0,0,0,1
1,0,0,0,1
1,0,0,0,1
1,0,0,0,1
1,0,0,0,1
1,0,0,0,1
1,0,0,0,1
1,0,0,0,1
1,0,0,0,1
1,0,0,0,1
1,0,0,0,1
1,0,0,0,1
1,0,0,0,1
1,0,0,0,1
1,0,0,0,1
1,0,0,0,1
1,0,0,0,1
1,0,0,0,1
1,0,0,0,1
1,0,0,0,1
1,0,0,0,1
1,0,0,0,1
1,0,0,0,1
1,0,0,0,1
1,0,0,0,1
1,0,0,0,1
1,0,0,0,1
3,0,0,0,3
1,0,0,0,1
1,0,0,0,1
1,0,0,0,1
1,0,0,0,1
1,0,0,0,1
1,0,0,0,1
2,1,1,0,4
4,1,0,0,5
1,0,0,0,1
1,0,0,0,1
1,0,0,0,1
1,0,0,0,1
1,0,0,0,1
1,0,0,0,1
1,0,0,0,1
1,0,0,0,1
1,0,0,0,1
5,0,0,0,5
1,0,0,0,1
1,0,0,0,1
1,0,0,0,1
1,0,0,0,1
1,0,0,0,1
1,0,0,0,1
1,1,1,0,3
2,0,0,0,2
1,0,0,0,1
1,0,0,0,1
1,0,0,0,1
1,0,0,0,1
1,0,0,0,1
1,0,0,0,1
1,0,0,0,1
1,0,0,0,1
3,0,0,0,3
1,0,0,0,1
2,0,0,0,2
1,0,0,0,1
1,0,0,0,1
2,0,0,0,2
1,0,0,0,1
1,0,0,0,1
2,0,0,0,2
1,0,0,0,1
1,0,0,0,1
1,0,0,0,1
1,1,0,0,2
2,0,1,0,3
3,0,0,0,3
2,0,0,0,2
1,0,0,0,1
3,0,0,0,3
1,0,0,0,1
1,0,0,0,1
3,0,0,0,3
1,0,0,0,1
1,0,0,0,1
1,0,0,0,1
1,0,0,0,1
1,0,0,0,1
1,0,0,0,1
1,0,0,0,1
1,0,0,0,1
1,0,0,0,1
1,0,0,0,1
1,0,0,0,1
1,0,0,0,1
1,0,0,0,1
1,0,0,0,1
1,0,0,0,1
1,0,0,0,1
1,0,0,0,1
2,0,0,0,2
1,0,0,0,1
1,0,0,0,1
1,0,0,0,1
3,0,0,0,3
1,0,0,0,1
1,0,0,0,1
1,0,0,0,1
1,0,0,0,1
1,0,0,0,1
1,0,0,0,1
3,0,0,0,3
2,0,0,0,2
1,0,0,0,1
2,0,0,0,2
2,0,0,0,2
1,0,0,0,1
1,0,0,0,1
1,0,0,0,1
1,0,0,0,1
2,0,0,0,2
1,0,0,0,1
1,0,0,0,1
2,0,0,0,2
1,0,0,0,1
1,0,0,0,1
1,0,0,0,1
1,0,0,0,1
4,0,0,0,4
1,0,0,0,1
1,0,0,0,1
1,0,0,0,1
1,33,0,0,34
1,0,0,0,1
2,0,0,0,2
1,0,0,0,1
1,0,0,0,1
1,0,0,0,1
1,0,0,0,1
3,0,0,0,3
1,0,0,0,1
1,0,0,0,1
1,0,0,0,1
1,0,0,0,1
2,0,0,0,2
1,0,0,0,1
2,0,0,0,2
4,0,0,0,4
1,0,0,0,1
4,8,0,0,12
3,0,0,0,3
1,0,0,0,1
1,0,0,0,1
1,0,0,0,1
1,0,0,0,1
2,0,0,0,2
1,0,0,0,1
1,0,0,0,1
1,0,0,0,1
2,0,0,0,2
1,2,2,0,5
1,0,0,0,1
1,0,0,0,1
1,0,0,0,1
3,0,0,0,3
1,0,0,0,1
1,0,0,0,1
2,0,0,0,2
1,0,0,0,1
1,0,0,0,1
3,0,0,0,3
1,0,0,0,1
1,0,0,0,1
1,0,0,0,1
1,0,0,0,1
1,0,0,0,1
2,0,0,0,2
1,0,0,0,1
1,0,0,0,1
1,0,0,0,1
1,0,0,0,1
1,0,0,0,1
1,0,0,0,1
1,0,0,0,1
1,0,0,0,1
1,0,0,0,1
1,0,0,0,1
1,0,0,0,1
2,0,0,0,2
2,0,0,0,2
2,0,0,0,2
1,1,0,0,2
2,0,0,0,2
1,0,0,0,1
1,0,0,0,1
1,0,0,0,1
1,0,0,0,1
1,0,0,0,1
2,0,0,0,2
1,0,0,0,1
2,0,0,0,2
1,0,0,0,1
1,0,0,0,1
1,0,0,0,1
1,0,0,0,1
2,0,0,0,2
1,0,0,0,1
1,0,0,0,1
1,0,0,0,1
1,0,0,0,1
1,0,0,0,1
1,0,0,0,1
1,0,0,0,1
1,0,0,0,1
2,0,0,0,2
1,0,0,0,1
1,0,0,0,1
1,0,0,0,1
1,0,0,0,1
3,0,0,0,3
1,0,0,0,1
2,0,0,0,2
1,0,0,0,1
1,0,0,0,1
1,8,0,0,9
1,0,1,0,2
1,0,0,0,1
2,0,0,0,2
1,0,0,0,1
5,13,0,0,18
2,0,0,0,2
2,0,0,0,2
1,0,0,0,1
1,0,0,0,1
1,0,0,0,1
1,0,0,0,1
1,0,0,0,1
1,0,0,0,1
1,0,0,0,1
1,0,0,0,1
1,0,0,0,1
2,0,0,0,2
1,0,0,0,1
2,0,0,0,2
1,0,0,0,1
1,0,0,0,1
1,0,0,0,1
3,0,0,0,3
1,0,0,0,1
1,0,0,0,1
3,0,0,0,3
1,0,0,0,1
1,0,0,0,1
1,0,0,0,1
1,0,0,0,1
1,0,0,0,1
1,0,0,0,1
1,0,0,0,1
1,0,0,0,1
1,0,0,0,1
1,0,0,0,1
2,0,0,0,2
1,0,0,0,1
2,0,0,0,2
1,0,0,0,1
1,0,0,0,1
1,0,0,0,1
2,0,0,0,2
1,0,0,0,1
1,0,0,0,1
1,0,0,0,1
4,0,0,0,4
2,0,0,0,2
1,0,0,0,1
1,0,0,0,1
1,1,0,0,2
2,0,0,0,2
1,1,0,0,2
1,0,0,0,1
1,0,0,0,1
1,0,0,0,1
1,0,0,0,1
1,0,0,0,1
2,0,0,0,2
6,0,0,0,6
1,0,0,0,1
1,0,0,0,1
1,0,0,0,1
1,6,0,0,7
1,0,0,0,1
1,0,0,0,1
1,0,0,0,1
1,0,0,0,1
2,0,0,0,2
1,0,0,0,1
1,0,0,0,1
1,0,0,0,1
1,0,0,0,1
1,0,0,0,1
1,0,0,0,1
1,0,0,0,1
1,0,0,0,1
1,0,0,0,1
1,2,0,0,3
1,0,0,0,1
2,0,0,0,2
1,0,0,0,1
1,0,0,0,1
1,1,0,0,2
1,0,0,0,1
3,0,0,0,3
2,0,0,0,2
1,0,0,0,1
1,0,0,0,1
1,0,0,0,1
3,1,0,0,4
1,0,0,0,1
1,0,0,0,1
1,0,0,0,1
1,0,0,0,1
5,0,0,0,5
1,0,0,0,1
2,1,0,0,3
1,0,0,0,1
1,0,0,0,1
1,0,0,0,1
1,0,0,0,1
1,0,0,0,1
1,0,0,0,1
1,8,0,0,9
1,0,0,0,1
1,0,0,0,1
2,0,0,0,2
1,0,0,0,1
1,0,0,0,1
1,0,0,0,1
3,0,0,0,3
1,0,0,0,1
1,0,0,0,1
2,0,0,0,2
1,0,0,0,1
1,0,0,0,1
1,0,0,0,1
2,0,0,0,2
3,0,0,0,3
1,0,0,0,1
1,0,0,0,1
1,0,0,0,1
2,0,0,0,2
1,0,0,0,1
1,0,0,0,1
2,0,0,0,2
2,1,1,0,4
1,0,0,0,1
6,1,0,0,7
1,0,0,0,1
1,0,0,0,1
1,0,0,0,1
1,0,0,0,1
1,0,0,0,1
1,0,0,0,1
1,0,0,0,1
2,0,0,0,2
1,0,0,0,1
2,1,0,0,3
2,0,0,0,2
1,0,0,0,1
2,0,0,0,2
1,0,0,0,1
2,0,0,0,2
1,0,0,0,1
2,0,0,0,2
1,0,0,0,1
1,4,1,0,6
1,0,0,0,1
1,0,0,0,1
1,0,0,0,1
1,0,0,0,1
1,0,0,0,1
1,0,0,0,1
2,0,0,0,2
1,0,0,0,1
1,0,0,0,1
1,0,0,0,1
1,0,0,0,1
2,0,0,0,2
1,0,0,0,1
1,0,0,0,1
1,0,0,0,1
1,81,0,0,82
1,0,0,0,1
1,0,0,0,1
1,0,0,0,1
1,0,0,0,1
1,0,0,0,1
2,0,0,0,2
1,0,0,0,1
1,0,0,0,1
1,0,0,0,1
2,0,0,0,2
1,0,0,0,1
1,0,0,0,1
1,0,0,0,1
2,4,0,0,6
1,0,0,0,1
1,0,0,0,1
1,0,0,0,1
1,0,0,0,1
1,0,0,0,1
1,0,0,0,1
1,0,0,0,1
1,0,0,0,1
1,0,0,0,1
1,0,0,0,1
2,0,0,0,2
1,0,0,0,1
1,0,0,0,1
1,0,0,0,1
6,0,0,0,6
1,0,0,0,1
1,0,0,0,1
1,0,0,0,1
1,0,0,0,1
1,0,0,0,1
1,0,0,0,1
2,0,0,0,2
1,0,0,0,1
1,0,0,0,1
4,2,0,0,6
2,6,1,0,9
4,0,0,0,4
1,0,0,0,1
1,0,0,0,1
1,0,0,0,1
1,0,0,0,1
2,0,0,0,2
1,0,0,0,1
1,0,0,0,1
1,0,0,0,1
1,0,0,0,1
1,0,0,0,1
1,0,0,0,1
2,0,0,0,2
1,0,0,0,1
1,0,0,0,1
1,0,0,0,1
1,0,0,0,1
1,0,2,0,3
1,0,0,0,1
1,0,0,0,1
1,0,0,0,1
2,0,0,0,2
2,0,0,0,2
1,0,0,0,1
1,0,0,0,1
1,0,0,0,1
1,0,0,0,1
1,0,0,0,1
1,0,0,0,1
1,0,0,0,1
1,0,0,0,1
1,0,0,0,1
1,0,0,0,1
1,0,0,0,1
1,0,0,0,1
1,0,0,0,1
1,0,0,0,1
1,0,0,0,1
1,0,0,0,1
1,0,0,0,1
1,0,0,0,1
1,0,0,0,1
1,0,0,0,1
1,0,0,0,1
1,0,0,0,1
2,0,0,0,2
1,0,0,0,1
1,0,0,0,1
1,0,0,0,1
1,0,0,0,1
1,0,0,0,1
1,0,0,0,1
2,0,0,0,2
1,0,0,0,1
1,16,0,0,17
3,0,0,0,3
1,0,0,0,1
1,0,0,0,1
2,0,0,0,2
1,0,0,0,1
2,0,0,0,2
1,0,0,0,1
1,0,0,0,1
1,0,0,0,1
1,0,0,0,1
1,0,0,0,1
1,0,0,0,1
1,0,0,0,1
1,0,0,0,1
1,0,0,0,1
1,0,0,0,1
1,0,0,0,1
1,0,0,0,1
1,0,1,0,2
1,0,0,0,1
1,0,0,0,1
1,0,0,0,1
2,0,0,0,2
1,0,0,0,1
1,0,0,0,1
1,0,0,0,1
1,0,0,0,1
1,0,0,0,1
1,0,0,0,1
5,0,0,0,5
1,0,0,0,1
1,0,0,0,1
2,0,0,0,2
1,0,0,0,1
6,0,0,0,6
1,0,0,0,1
2,0,0,0,2
1,0,0,0,1
1,0,0,0,1
1,0,0,0,1
1,0,0,0,1
1,0,0,0,1
2,0,0,0,2
1,0,0,0,1
1,0,0,0,1
1,0,0,0,1
1,0,0,0,1
1,0,0,0,1
1,0,0,0,1
1,0,0,0,1
1,0,0,0,1
1,0,0,0,1
1,0,0,0,1
1,0,0,0,1
1,0,0,0,1
3,0,0,0,3
2,0,0,0,2
1,0,0,0,1
1,0,0,0,1
1,0,0,0,1
1,0,0,0,1
1,0,0,0,1
1,0,0,0,1
1,0,0,0,1
1,1,0,0,2
1,0,0,0,1
1,0,0,0,1
1,0,0,0,1
1,0,0,0,1
1,0,0,0,1
1,0,0,0,1
2,0,0,0,2
1,0,0,0,1
2,0,0,0,2
1,0,0,0,1
2,0,0,0,2
1,0,0,0,1
1,0,0,0,1
4,0,0,0,4
1,0,0,0,1
1,0,0,0,1
1,0,0,0,1
2,1,0,0,3
1,1,1,0,3
1,0,0,0,1
1,0,0,0,1
1,0,0,0,1
1,0,0,0,1
1,0,0,0,1
1,0,0,0,1
1,1,0,0,2
2,0,0,0,2
1,0,0,0,1
1,0,0,0,1
1,0,0,0,1
1,0,0,0,1
1,0,0,0,1
1,0,0,0,1
1,0,0,0,1
1,0,0,0,1
1,0,0,0,1
1,0,0,0,1
1,0,0,0,1
2,0,0,0,2
1,0,0,0,1
1,0,0,0,1
1,0,0,0,1
2,0,0,0,2
1,0,0,0,1
1,0,0,0,1
2,0,0,0,2
1,0,0,0,1
1,0,0,0,1
1,0,0,0,1
1,0,0,0,1
1,0,0,0,1
1,0,0,0,1
3,0,0,0,3
1,0,0,0,1
1,3,0,0,4
1,0,0,0,1
1,0,0,0,1
1,0,0,0,1
1,0,0,0,1
2,0,0,0,2
1,0,0,0,1
1,0,0,0,1
1,0,0,0,1
1,0,0,0,1
1,0,0,0,1
1,0,0,0,1
1,0,0,0,1
1,0,0,0,1
1,0,0,0,1
1,0,0,0,1
1,0,0,0,1
1,0,0,0,1
1,0,0,0,1
1,0,0,0,1
1,0,0,0,1
1,0,0,0,1
1,0,0,0,1
1,0,0,0,1
3,0,0,0,3
2,0,0,0,2
1,0,0,0,1
1,0,0,0,1
1,0,0,0,1
2,0,0,0,2
1,0,0,0,1
1,0,0,0,1
1,0,0,0,1
1,0,0,0,1
2,0,0,0,2
1,0,0,0,1
1,0,0,0,1
6,0,0,0,6
1,0,0,0,1
1,0,0,0,1
1,0,0,0,1
1,0,0,0,1
1,0,0,0,1
1,0,0,0,1
1,0,0,0,1
2,0,0,0,2
1,0,0,0,1
1,0,0,0,1
1,0,0,0,1
1,0,0,0,1
1,0,0,0,1
1,0,0,0,1
2,0,0,0,2
1,0,0,0,1
1,0,0,0,1
2,0,0,0,2
1,0,0,0,1
1,0,0,0,1
1,0,0,0,1
1,0,0,0,1
2,0,0,0,2
1,0,0,0,1
1,0,0,0,1
1,0,0,0,1
1,0,0,0,1
1,0,0,0,1
1,0,0,0,1
1,0,0,0,1
1,0,0,0,1
1,0,0,0,1
2,0,0,0,2
1,0,0,0,1
2,0,0,0,2
1,0,0,0,1
1,0,0,0,1
1,0,0,0,1
1,0,0,0,1
4,0,0,0,4
1,0,0,0,1
3,50,0,0,53
1,0,0,0,1
1,0,0,0,1
1,0,0,0,1
1,0,0,0,1
1,0,0,0,1
1,0,0,0,1
3,0,0,0,3
3,0,0,0,3
4,0,0,0,4
1,0,0,0,1
1,15,0,0,16
1,0,0,0,1
1,0,0,0,1
1,0,0,0,1
1,0,0,0,1
1,7,0,0,8
1,0,0,0,1
1,0,0,0,1
1,0,0,0,1
1,0,0,0,1
1,0,0,0,1
1,0,0,0,1
1,0,0,0,1
1,0,0,0,1
2,0,0,0,2
2,2,0,0,4
1,0,0,0,1
1,0,0,0,1
1,0,0,0,1
2,0,0,0,2
1,0,0,0,1
1,0,0,0,1
1,0,0,0,1
1,0,0,0,1
3,0,0,0,3
4,0,0,0,4
1,0,0,0,1
1,0,0,0,1
2,0,0,0,2
1,0,0,0,1
1,0,0,0,1
1,0,0,0,1
1,0,0,0,1
1,0,0,0,1
1,0,0,0,1
3,0,0,0,3
1,0,0,0,1
1,0,0,0,1
2,0,0,0,2
2,0,0,0,2
2,0,0,0,2
2,0,0,0,2
4,0,0,0,4
1,0,0,0,1
1,0,0,0,1
1,0,0,0,1
1,0,0,0,1
1,0,0,0,1
1,0,0,0,1
2,0,0,0,2
2,0,0,0,2
1,0,0,0,1
2,0,0,0,2
1,0,0,0,1
1,0,0,0,1
1,0,0,0,1
1,0,0,0,1
2,0,0,0,2
1,0,0,0,1
1,0,0,0,1
1,0,0,0,1
2,0,0,0,2
1,0,0,0,1
1,4,0,0,5
1,0,0,0,1
1,0,0,0,1
1,0,0,0,1
1,0,0,0,1
1,0,0,0,1
1,0,0,0,1
1,0,0,0,1
3,0,0,0,3
1,0,0,0,1
1,0,0,0,1
1,0,0,0,1
1,0,0,0,1
2,0,0,0,2
1,0,0,0,1
3,0,0,0,3
1,0,0,0,1
1,0,0,0,1
1,0,0,0,1
1,0,0,0,1
1,0,0,0,1
1,0,0,0,1
1,0,0,0,1
2,0,0,0,2
1,0,0,0,1
4,1,0,0,5
3,0,0,0,3
1,0,0,0,1
2,0,0,0,2
1,0,0,0,1
1,0,0,0,1
1,0,0,0,1
2,0,0,0,2
1,0,0,0,1
4,0,0,0,4
1,0,0,0,1
1,0,0,0,1
1,0,0,0,1
1,0,0,0,1
1,0,0,0,1
1,0,0,0,1
2,0,0,0,2
1,0,0,0,1
4,1,0,0,5
1,0,0,0,1
1,0,0,0,1
2,0,0,0,2
2,0,0,0,2
1,0,0,0,1
2,0,0,0,2
1,0,0,0,1
1,0,0,0,1
1,0,0,0,1
1,0,0,0,1
2,0,0,0,2
1,0,0,0,1
1,0,0,0,1
1,0,0,0,1
1,0,0,0,1
1,0,0,0,1
1,0,0,0,1
1,0,0,0,1
1,0,0,0,1
1,15,1,0,17
2,0,0,0,2
1,0,0,0,1
1,0,0,0,1
1,0,0,0,1
2,0,0,0,2
1,0,0,0,1
2,0,0,0,2
1,0,0,0,1
1,0,0,0,1
1,0,0,0,1
1,0,0,0,1
1,0,0,0,1
1,0,0,0,1
1,0,0,0,1
2,0,0,0,2
1,0,0,0,1
1,0,0,0,1
1,0,0,0,1
1,0,0,0,1
1,0,0,0,1
1,0,0,0,1
1,0,0,0,1
1,0,0,0,1
1,0,0,0,1
5,0,0,0,5
1,0,0,0,1
1,0,0,0,1
1,0,0,0,1
1,0,0,0,1
1,0,0,0,1
1,0,0,0,1
1,0,0,0,1
1,0,0,0,1
1,0,0,0,1
1,0,0,0,1
1,0,0,0,1
1,0,0,0,1
1,0,0,0,1
1,0,0,0,1
1,0,0,0,1
1,0,0,0,1
1,0,0,0,1
1,0,0,0,1
1,0,0,0,1
3,0,0,0,3
1,1,0,0,2
1,0,0,0,1
1,0,0,0,1
1,0,0,0,1
3,0,0,0,3
2,0,0,0,2
1,0,0,0,1
1,0,0,0,1
1,0,0,0,1
1,0,0,0,1
2,0,0,0,2
1,0,0,0,1
1,0,0,0,1
1,0,0,0,1
2,0,0,0,2
1,0,0,0,1
1,0,0,0,1
3,0,0,0,3
1,0,0,0,1
2,0,0,0,2
1,0,0,0,1
3,0,0,0,3
1,0,0,0,1
1,0,0,0,1
2,0,0,0,2
2,0,0,0,2
1,0,0,0,1
1,0,0,0,1
1,0,0,0,1
1,0,0,0,1
1,2,0,0,3
3,0,0,0,3
1,0,0,0,1
1,0,0,0,1
2,0,0,0,2
1,0,0,0,1
1,0,0,0,1
1,0,0,0,1
1,0,0,0,1
1,0,0,0,1
1,0,0,0,1
1,2,0,0,3
1,0,0,0,1
1,0,0,0,1
1,0,0,0,1
1,0,0,0,1
1,0,0,0,1
1,0,0,0,1
2,1,0,0,3
1,0,0,0,1
1,0,0,0,1
1,0,0,0,1
1,0,0,0,1
1,0,0,0,1
1,0,0,0,1
1,0,0,0,1
1,0,0,0,1
1,0,0,0,1
2,0,0,0,2
1,0,0,0,1
1,0,0,0,1
1,0,0,0,1
1,0,0,0,1
1,0,0,0,1
1,0,0,0,1
1,0,0,0,1
1,0,0,0,1
1,1,0,0,2
3,0,0,0,3
1,0,0,0,1
4,0,0,0,4
1,0,0,0,1
1,0,0,0,1
2,0,0,0,2
1,0,0,0,1
2,0,0,0,2
1,0,0,0,1
1,0,0,0,1
2,0,0,0,2
1,0,0,0,1
1,0,0,0,1
1,0,0,0,1
1,0,0,0,1
1,0,0,0,1
1,0,0,0,1
1,0,0,0,1
1,0,0,0,1
2,0,0,0,2
1,0,0,0,1
2,0,0,0,2
1,0,0,0,1
2,0,0,0,2
1,0,0,0,1
1,0,0,0,1
1,0,0,0,1
1,0,0,0,1
1,0,0,0,1
1,0,0,0,1
1,0,0,0,1
1,2,0,0,3
1,0,0,0,1
1,0,0,0,1
1,0,0,0,1
1,0,0,0,1
1,0,0,0,1
1,0,0,0,1
2,0,0,0,2
1,0,0,0,1
1,0,0,0,1
2,0,0,0,2
1,0,0,0,1
1,0,0,0,1
1,0,0,0,1
1,0,0,0,1
2,0,0,0,2
1,0,0,0,1
1,0,0,0,1
1,0,0,0,1
1,0,0,0,1
1,0,0,0,1
1,0,0,0,1
1,0,0,0,1
1,0,0,0,1
1,0,0,0,1
1,0,0,0,1
1,0,0,0,1
1,0,0,0,1
1,0,0,0,1
1,7,0,0,8
1,6,0,0,7
1,0,0,0,1
3,0,0,0,3
1,0,0,0,1
3,0,0,0,3
1,0,0,0,1
1,0,0,0,1
1,0,0,0,1
1,0,0,0,1
1,0,0,0,1
1,0,0,0,1
2,0,0,0,2
1,0,0,0,1
4,0,0,0,4
1,0,0,0,1
1,0,0,0,1
1,0,0,0,1
1,0,0,0,1
1,0,0,0,1
1,0,0,0,1
1,0,0,0,1
1,0,0,0,1
2,0,0,0,2
1,0,0,0,1
3,0,0,0,3
2,0,0,0,2
1,0,0,0,1
1,0,0,0,1
1,0,0,0,1
2,0,0,0,2
1,0,0,0,1
1,0,0,0,1
2,0,0,0,2
1,0,0,0,1
1,0,0,0,1
1,0,0,0,1
1,0,0,0,1
1,0,0,0,1
1,0,0,0,1
1,0,0,0,1
1,0,0,0,1
1,0,0,0,1
2,0,0,0,2
1,0,0,0,1
1,0,0,0,1
1,0,0,0,1
2,0,0,0,2
1,0,0,0,1
1,0,0,0,1
1,0,0,0,1
1,0,0,0,1
1,0,0,0,1
1,0,0,0,1
3,0,0,0,3
1,0,0,0,1
1,0,0,0,1
3,0,0,0,3
3,0,0,0,3
1,0,0,0,1
5,0,0,0,5
2,0,0,0,2
1,0,0,0,1
2,1,0,0,3
1,0,0,0,1
1,0,0,0,1
1,0,0,0,1
1,0,0,0,1
1,0,0,0,1
1,0,0,0,1
1,0,0,0,1
2,0,0,0,2
1,0,0,0,1
1,0,0,0,1
1,0,0,0,1
3,0,0,0,3
1,0,0,0,1
1,0,0,0,1
1,0,0,0,1
1,0,0,0,1
1,0,0,0,1
1,0,0,0,1
1,0,0,0,1
2,0,0,0,2
2,0,0,0,2
1,0,0,0,1
1,0,0,0,1
1,0,0,0,1
1,0,0,0,1
1,0,0,0,1
2,0,0,0,2
1,0,0,0,1
1,0,0,0,1
1,0,0,0,1
1,0,0,0,1
1,0,0,0,1
4,0,0,0,4
1,0,0,0,1
2,0,0,0,2
1,0,0,0,1
1,0,0,0,1
1,0,0,0,1
1,0,0,0,1
1,0,0,0,1
1,0,0,0,1
1,0,0,0,1
1,0,0,0,1
1,0,0,0,1
1,0,0,0,1
1,0,0,0,1
1,0,0,0,1
3,0,0,0,3
1,0,0,0,1
1,0,0,0,1
1,0,0,0,1
1,0,0,0,1
2,0,0,0,2
1,0,0,0,1
1,0,0,0,1
2,0,0,0,2
1,0,0,0,1
1,0,0,0,1
2,0,0,0,2
1,0,0,0,1
1,0,0,0,1
1,0,0,0,1
1,0,0,0,1
3,0,0,0,3
2,0,0,0,2
1,0,0,0,1
1,0,0,0,1
1,0,0,0,1
2,0,0,0,2
1,0,0,0,1
1,0,0,0,1
1,0,0,0,1
1,0,0,0,1
2,0,0,0,2
2,0,0,0,2
1,0,0,0,1
1,0,0,0,1
5,0,0,0,5
1,0,0,0,1
1,0,0,0,1
1,1,1,0,3
1,0,0,0,1
1,0,0,0,1
1,0,0,0,1
1,0,0,0,1
1,0,0,0,1
4,2,0,0,6
1,0,0,0,1
1,0,0,0,1
1,0,0,0,1
1,0,0,0,1
1,0,0,0,1
2,0,0,0,2
1,0,0,0,1
1,0,0,0,1
1,0,0,0,1
1,0,0,0,1
1,0,0,0,1
1,0,0,0,1
1,0,0,0,1
1,0,0,0,1
1,0,0,0,1
1,0,0,0,1
2,0,0,0,2
2,0,0,0,2
1,0,0,0,1
1,0,0,0,1
1,0,0,0,1
1,0,0,0,1
2,0,0,0,2
1,0,0,0,1
1,0,0,0,1
1,0,0,0,1
1,0,0,0,1
1,0,0,0,1
1,0,0,0,1
3,0,1,0,4
1,0,0,0,1
1,0,0,0,1
1,0,0,0,1
1,0,0,0,1
1,4,0,0,5
1,0,0,0,1
2,0,0,0,2
1,0,0,0,1
1,0,0,0,1
1,0,0,0,1
1,0,0,0,1
1,0,0,0,1
1,0,0,0,1
1,0,0,0,1
1,1,0,0,2
1,0,0,0,1
1,0,0,0,1
1,0,0,0,1
2,0,0,0,2
1,0,0,0,1
1,0,0,0,1
1,0,0,0,1
1,0,0,0,1
1,0,0,0,1
1,0,0,0,1
1,0,0,0,1
1,0,0,0,1
1,0,0,0,1
1,0,0,0,1
1,0,0,0,1
1,0,0,0,1
1,0,0,0,1
1,0,0,0,1
1,0,0,0,1
1,0,0,0,1
1,0,0,0,1
1,0,0,0,1
1,0,0,0,1
1,0,0,0,1
1,0,0,0,1
1,0,0,0,1
1,0,0,0,1
1,0,0,0,1
1,0,0,0,1
1,0,0,0,1
1,0,0,0,1
1,0,0,0,1
1,0,0,0,1
2,0,0,0,2
1,0,0,0,1
1,0,0,0,1
1,0,0,0,1
1,0,0,0,1
1,0,0,0,1
1,0,0,0,1
3,0,0,0,3
1,0,0,0,1
1,0,0,0,1
1,0,0,0,1
2,0,0,0,2
2,0,0,0,2
1,0,0,0,1
2,0,0,0,2
1,0,0,0,1
2,0,0,0,2
1,0,0,0,1
1,0,0,0,1
1,0,0,0,1
1,3,0,0,4
2,0,0,0,2
1,0,0,0,1
1,0,0,0,1
1,0,0,0,1
1,0,0,0,1
1,0,0,0,1
1,0,0,0,1
2,0,0,0,2
1,0,0,0,1
1,0,0,0,1
1,0,0,0,1
1,0,0,0,1
3,0,0,0,3
1,0,0,0,1
3,2,0,0,5
1,0,0,0,1
1,0,0,0,1
1,0,0,0,1
1,0,0,0,1
6,5,0,0,11
3,0,0,0,3
1,0,0,0,1
2,0,0,0,2
1,0,0,0,1
2,0,0,0,2
1,0,0,0,1
1,0,0,0,1
2,0,0,0,2
1,0,0,0,1
1,0,0,0,1
1,0,0,0,1
1,2,0,0,3
2,0,0,0,2
1,0,0,0,1
1,0,0,0,1
1,0,0,0,1
1,0,0,0,1
1,0,0,0,1
1,0,0,0,1
1,0,0,0,1
1,0,0,0,1
1,0,0,0,1
1,0,0,0,1
1,0,0,0,1
1,0,0,0,1
1,0,0,0,1
1,0,0,0,1
1,0,0,0,1
1,0,0,0,1
1,0,0,0,1
1,0,0,0,1
1,0,0,0,1
3,2,0,0,5
1,0,0,0,1
1,0,0,0,1
1,0,0,0,1
1,0,0,0,1
2,0,0,0,2
1,0,0,0,1
2,0,0,0,2
1,0,0,0,1
1,0,0,0,1
1,0,0,0,1
1,0,0,0,1
1,0,0,0,1
1,0,0,0,1
1,0,0,0,1
1,0,0,0,1
1,0,0,0,1
1,0,0,0,1
1,0,0,0,1
1,0,0,0,1
1,0,0,0,1
1,0,0,0,1
2,0,0,0,2
1,0,0,0,1
1,0,0,0,1
1,0,0,0,1
1,0,0,0,1
1,0,0,0,1
1,0,0,0,1
2,0,0,0,2
1,0,0,0,1
1,0,0,0,1
1,0,0,0,1
1,0,0,0,1
1,0,0,0,1
1,0,0,0,1
1,0,0,0,1
2,0,0,0,2
1,0,0,0,1
1,0,0,0,1
1,0,0,0,1
1,0,0,0,1
1,0,0,0,1
2,0,0,0,2
1,0,0,0,1
1,0,0,0,1
1,0,0,0,1
1,0,0,0,1
1,0,0,0,1
1,0,0,0,1
1,0,0,0,1
1,0,0,0,1
1,0,0,0,1
1,0,0,0,1
1,0,0,0,1
1,0,0,0,1
1,0,0,0,1
1,0,0,0,1
1,0,0,0,1
1,0,0,0,1
1,0,0,0,1
3,0,0,0,3
1,0,0,0,1
1,0,0,0,1
2,6,0,0,8
2,0,0,0,2
1,0,0,0,1
1,0,0,0,1
1,0,0,0,1
1,0,0,0,1
1,0,0,0,1
2,635,1,0,638
1,0,0,0,1
1,0,0,0,1
1,0,0,0,1
2,0,0,0,2
1,0,0,0,1
1,0,0,0,1
2,0,0,0,2
1,0,0,0,1
1,0,0,0,1
1,0,0,0,1
1,0,0,0,1
1,0,0,0,1
1,0,0,0,1
1,0,0,0,1
2,0,0,0,2
1,0,0,0,1
1,0,0,0,1
1,0,0,0,1
3,0,0,0,3
2,0,0,0,2
1,0,0,0,1
3,0,0,0,3
1,0,0,0,1
1,0,0,0,1
1,0,0,0,1
2,0,0,0,2
1,0,0,0,1
1,0,0,0,1
1,0,0,0,1
1,0,0,0,1
1,0,0,0,1
1,0,0,0,1
1,0,0,0,1
1,0,0,0,1
1,0,0,0,1
1,0,0,0,1
2,0,0,0,2
2,0,0,0,2
1,0,0,0,1
1,0,0,0,1
1,0,0,0,1
1,0,0,0,1
4,0,0,0,4
1,0,0,0,1
1,0,0,0,1
1,0,0,0,1
2,0,0,0,2
2,0,0,0,2
1,0,0,0,1
1,0,0,0,1
1,0,0,0,1
1,0,0,0,1
3,0,0,0,3
1,0,0,0,1
1,0,0,0,1
1,0,0,0,1
1,0,0,0,1
1,0,0,0,1
1,0,0,0,1
2,0,0,0,2
1,0,0,0,1
1,0,0,0,1
1,0,0,0,1
2,0,0,0,2
2,0,0,0,2
1,0,0,0,1
1,0,0,0,1
2,0,0,0,2
2,0,0,0,2
1,0,0,0,1
1,0,0,0,1
1,2,1,0,4
1,0,0,0,1
1,0,0,0,1
2,0,0,0,2
1,0,0,0,1
1,0,0,0,1
2,0,0,0,2
1,0,0,0,1
1,0,0,0,1
1,0,0,0,1
1,0,0,0,1
4,0,0,0,4
1,0,0,0,1
1,0,0,0,1
1,0,0,0,1
4,0,0,0,4
1,0,0,0,1
2,0,0,0,2
1,0,0,0,1
1,0,0,0,1
1,0,0,0,1
1,0,0,0,1
1,0,0,0,1
1,0,0,0,1
1,0,0,0,1
1,0,0,0,1
1,0,0,0,1
1,0,0,0,1
1,0,0,0,1
1,0,0,0,1
1,0,0,0,1
1,0,0,0,1
1,0,0,0,1
1,0,0,0,1
1,0,0,0,1
1,0,0,0,1
1,0,0,0,1
1,0,0,0,1
1,0,0,0,1
1,0,0,0,1
1,0,0,0,1
3,0,0,0,3
1,0,0,0,1
1,0,0,0,1
1,0,0,0,1
1,0,0,0,1
1,0,0,0,1
1,0,0,0,1
1,0,0,0,1
1,0,0,0,1
1,0,0,0,1
2,0,0,0,2
1,0,0,0,1
1,0,0,0,1
1,0,0,0,1
2,0,0,0,2
1,0,0,0,1
1,0,0,0,1
1,0,0,0,1
2,0,0,0,2
1,0,0,0,1
1,0,0,0,1
1,0,0,0,1
1,0,0,0,1
1,0,0,0,1
1,0,0,0,1
1,0,0,0,1
1,0,0,0,1
1,0,0,0,1
1,0,0,0,1
1,0,0,0,1
1,0,0,0,1
2,0,0,0,2
2,0,0,0,2
1,0,0,0,1
1,0,0,0,1
1,0,0,0,1
1,0,0,0,1
1,0,0,0,1
1,0,0,0,1
1,0,0,0,1
1,0,0,0,1
1,0,0,0,1
1,0,0,0,1
1,0,0,0,1
1,0,0,0,1
1,0,0,0,1
4,0,0,0,4
1,0,0,0,1
2,0,0,0,2
1,0,0,0,1
1,0,0,0,1
1,0,0,0,1
1,0,0,0,1
3,0,1,0,4
1,0,0,0,1
2,0,0,0,2
1,0,0,0,1
1,0,0,0,1
1,0,0,0,1
2,0,0,0,2
1,0,0,0,1
1,0,0,0,1
1,0,0,0,1
1,0,0,0,1
1,0,0,0,1
1,0,0,0,1
1,0,0,0,1
4,0,0,0,4
1,0,0,0,1
3,0,0,0,3
1,0,0,0,1
1,0,0,0,1
2,0,0,0,2
2,8,0,0,10
1,0,0,0,1
3,0,0,0,3
1,0,0,0,1
1,0,0,0,1
1,0,0,0,1
2,0,0,0,2
1,0,0,0,1
1,0,0,0,1
1,0,0,0,1
1,0,0,0,1
1,0,0,0,1
3,0,0,0,3
1,0,0,0,1
2,0,0,0,2
1,0,0,0,1
1,0,0,0,1
1,0,0,0,1
1,0,0,0,1
2,0,0,0,2
1,0,0,0,1
2,0,0,0,2
3,0,0,0,3
1,0,0,0,1
1,0,0,0,1
1,0,0,0,1
1,0,0,0,1
1,0,0,0,1
1,0,0,0,1
1,0,0,0,1
2,0,0,0,2
1,0,0,0,1
1,0,0,0,1
1,0,0,0,1
1,0,0,0,1
1,0,0,0,1
1,0,0,0,1
1,0,0,0,1
2,0,0,0,2
2,0,0,0,2
1,0,0,0,1
1,0,0,0,1
2,0,0,0,2
1,0,0,0,1
2,0,0,0,2
2,0,0,0,2
1,0,0,0,1
1,0,0,0,1
1,0,0,0,1
1,0,0,0,1
2,3,0,0,5
1,0,0,0,1
1,0,0,0,1
2,0,0,0,2
1,0,0,0,1
1,0,0,0,1
3,0,0,0,3
1,0,0,0,1
1,0,0,0,1
1,0,0,0,1
1,0,0,0,1
1,0,0,0,1
1,0,0,0,1
2,0,0,0,2
1,0,0,0,1
2,0,0,0,2
1,0,0,0,1
1,0,0,0,1
1,0,0,0,1
1,0,0,0,1
1,0,0,0,1
1,0,0,0,1
1,0,0,0,1
1,0,0,0,1
1,0,0,0,1
1,0,0,0,1
1,0,0,0,1
1,0,0,0,1
1,0,0,0,1
2,0,0,0,2
1,0,0,0,1
1,0,0,0,1
2,0,0,0,2
1,0,0,0,1
1,0,0,0,1
1,0,0,0,1
1,0,0,0,1
1,0,0,0,1
1,0,0,0,1
1,0,0,0,1
2,0,0,0,2
1,0,0,0,1
1,0,0,0,1
1,0,0,0,1
1,0,0,0,1
1,0,0,0,1
1,0,0,0,1
1,0,0,0,1
1,0,0,0,1
1,0,0,0,1
1,0,0,0,1
1,0,0,0,1
1,0,0,0,1
1,0,0,0,1
3,0,0,0,3
1,0,0,0,1
1,0,0,0,1
1,0,0,0,1
2,0,0,0,2
1,0,0,0,1
1,0,0,0,1
1,0,0,0,1
1,0,0,0,1
1,0,0,0,1
3,0,0,0,3
1,0,0,0,1
1,0,0,0,1
1,0,0,0,1
2,0,0,0,2
1,0,0,0,1
4,0,0,0,4
1,0,0,0,1
2,0,0,0,2
1,0,0,0,1
2,0,0,0,2
2,0,0,0,2
1,0,0,0,1
2,0,0,0,2
2,0,0,0,2
1,0,0,0,1
1,0,0,0,1
1,0,0,0,1
1,0,0,0,1
1,0,0,0,1
2,0,0,0,2
1,0,0,0,1
1,0,0,0,1
1,0,0,0,1
1,0,0,0,1
1,0,0,0,1
1,0,0,0,1
1,0,0,0,1
1,0,0,0,1
1,0,0,0,1
1,0,0,0,1
2,0,0,0,2
1,0,0,0,1
1,0,0,0,1
1,0,0,0,1
1,0,0,0,1
1,0,0,0,1
1,0,0,0,1
2,0,0,0,2
1,0,0,0,1
2,0,0,0,2
1,0,0,0,1
1,0,0,0,1
1,0,0,0,1
1,0,0,0,1
1,3,0,0,4
1,3,1,0,5
1,0,0,0,1
1,0,0,0,1
2,0,0,0,2
1,0,0,0,1
1,0,0,0,1
1,0,0,0,1
1,0,0,0,1
1,0,0,0,1
1,0,0,0,1
1,0,0,0,1
1,0,0,0,1
1,0,0,0,1
2,0,0,0,2
1,0,0,0,1
1,0,0,0,1
1,0,0,0,1
1,0,0,0,1
1,0,0,0,1
1,0,0,0,1
1,0,0,0,1
1,0,0,0,1
2,0,0,0,2
1,0,0,0,1
1,0,0,0,1
1,0,0,0,1
1,0,0,0,1
1,0,0,0,1
1,0,0,0,1
3,0,0,0,3
4,0,0,0,4
1,0,0,0,1
2,0,1,0,3
1,0,0,0,1
1,0,0,0,1
1,0,0,0,1
1,0,0,0,1
1,0,0,0,1
1,0,0,0,1
1,0,0,0,1
2,0,0,0,2
1,0,0,0,1
3,1,0,0,4
1,0,0,0,1
1,0,0,0,1
1,0,0,0,1
1,0,0,0,1
1,0,0,0,1
1,0,0,0,1
1,0,0,0,1
1,0,0,0,1
1,0,0,0,1
1,0,0,0,1
2,0,0,0,2
1,0,0,0,1
1,0,0,0,1
1,0,0,0,1
1,0,0,0,1
1,0,0,0,1
2,0,0,0,2
1,0,0,0,1
2,0,0,0,2
1,0,0,0,1
1,0,0,0,1
1,0,0,0,1
1,0,0,0,1
1,0,0,0,1
1,0,0,0,1
1,0,0,0,1
1,0,0,0,1
2,0,0,0,2
1,0,0,0,1
1,0,0,0,1
1,0,0,0,1
1,0,0,0,1
1,0,0,0,1
1,0,0,0,1
1,0,0,0,1
1,0,0,0,1
1,0,0,0,1
2,0,0,0,2
1,0,0,0,1
1,0,0,0,1
1,0,0,0,1
2,0,0,0,2
2,0,0,0,2
2,0,0,0,2
2,0,0,0,2
2,0,0,0,2
1,0,0,0,1
1,0,0,0,1
1,0,0,0,1
2,0,0,0,2
1,0,0,0,1
1,0,0,0,1
1,2,0,0,3
1,0,0,0,1
1,0,0,0,1
1,0,0,0,1
1,0,0,0,1
1,0,0,0,1
1,0,0,0,1
2,0,0,0,2
4,0,0,0,4
1,0,0,0,1
1,0,0,0,1
5,0,0,0,5
2,0,0,0,2
1,0,0,0,1
1,0,0,0,1
1,0,0,0,1
1,0,0,0,1
1,0,0,0,1
1,0,0,0,1
1,0,0,0,1
1,0,0,0,1
5,0,0,0,5
1,0,0,0,1
1,0,0,0,1
2,0,0,0,2
1,0,0,0,1
1,0,0,0,1
2,0,0,0,2
2,0,0,0,2
2,0,0,0,2
1,0,0,0,1
1,0,0,0,1
2,0,0,0,2
2,0,0,0,2
1,0,0,0,1
1,0,0,0,1
1,0,0,0,1
2,19,0,0,21
1,0,0,0,1
1,0,0,0,1
1,0,0,0,1
1,0,0,0,1
1,0,0,0,1
1,0,0,0,1
1,0,0,0,1
1,0,0,0,1
2,0,0,0,2
1,0,0,0,1
1,0,0,0,1
2,0,0,0,2
1,4,1,0,6
1,0,0,0,1
1,0,0,0,1
1,0,0,0,1
1,0,0,0,1
2,0,0,0,2
1,0,0,0,1
1,0,0,0,1
1,0,0,0,1
1,2,2,0,5
1,2,2,0,5
1,0,0,0,1
1,6,2,0,9
1,0,0,0,1
2,0,0,0,2
1,0,0,0,1
1,0,0,0,1
3,1,1,0,5
1,0,0,0,1
1,0,0,0,1
1,6,0,0,7
1,0,0,0,1
5,0,0,0,5
1,0,0,0,1
1,0,0,0,1
1,0,0,0,1
2,0,0,0,2
1,0,0,0,1
1,0,0,0,1
1,0,0,0,1
1,0,0,0,1
1,0,0,0,1
1,0,0,0,1
1,0,0,0,1
2,0,0,0,2
1,0,0,0,1
1,0,0,0,1
1,0,0,0,1
1,0,0,0,1
1,0,0,0,1
1,0,0,0,1
1,0,0,0,1
1,0,0,0,1
2,0,0,0,2
1,0,0,0,1
1,0,0,0,1
1,0,0,0,1
1,0,0,0,1
2,0,0,0,2
1,0,0,0,1
1,0,0,0,1
1,0,0,0,1
1,0,0,0,1
1,0,0,0,1
1,0,0,0,1
1,0,0,0,1
1,0,0,0,1
1,0,0,0,1
1,0,0,0,1
1,0,0,0,1
1,0,0,0,1
1,0,0,0,1
1,0,0,0,1
1,0,0,0,1
1,0,0,0,1
1,0,0,0,1
1,0,0,0,1
1,0,0,0,1
1,0,0,0,1
1,0,0,0,1
1,0,0,0,1
1,0,0,0,1
3,0,0,0,3
1,0,0,0,1
1,0,0,0,1
1,0,0,0,1
1,0,0,0,1
1,0,0,0,1
1,0,0,0,1
1,0,0,0,1
1,0,0,0,1
1,0,0,0,1
1,0,0,0,1
1,0,0,0,1
2,0,0,0,2
1,0,0,0,1
1,0,0,0,1
2,0,0,0,2
1,0,0,0,1
1,0,0,0,1
1,0,0,0,1
2,0,0,0,2
1,0,0,0,1
1,0,0,0,1
1,0,0,0,1
1,0,0,0,1
1,0,0,0,1
1,0,0,0,1
1,0,0,0,1
1,0,0,0,1
2,3,1,0,6
1,0,0,0,1
1,0,0,0,1
1,1,1,0,3
1,0,0,0,1
1,0,0,0,1
1,0,0,0,1
1,0,0,0,1
1,0,0,0,1
1,0,0,0,1
1,0,0,0,1
1,0,0,0,1
1,0,0,0,1
1,0,0,0,1
1,0,0,0,1
1,0,0,0,1
1,0,0,0,1
1,0,0,0,1
1,0,0,0,1
2,0,0,0,2
1,0,0,0,1
3,0,0,0,3
2,0,0,0,2
1,0,0,0,1
1,0,0,0,1
3,0,0,0,3
2,0,0,0,2
1,0,0,0,1
1,0,0,0,1
1,0,0,0,1
2,0,0,0,2
1,0,0,0,1
1,0,0,0,1
1,0,0,0,1
2,0,0,0,2
1,0,0,0,1
1,0,0,0,1
1,0,0,0,1
1,0,0,0,1
1,0,0,0,1
1,0,0,0,1
1,0,0,0,1
1,0,0,0,1
2,0,0,0,2
1,4,0,0,5
1,0,0,0,1
1,0,0,0,1
1,0,0,0,1
1,0,0,0,1
1,0,0,0,1
1,0,0,0,1
1,0,0,0,1
2,0,0,0,2
2,0,0,0,2
1,0,0,0,1
1,0,0,0,1
1,2,0,0,3
1,0,0,0,1
3,0,0,0,3
1,0,0,0,1
1,0,0,0,1
2,0,0,0,2
2,0,0,0,2
2,0,0,0,2
1,0,0,0,1
2,1,0,0,3
1,0,0,0,1
1,0,0,0,1
1,25,0,0,26
2,0,0,0,2
1,0,0,0,1
1,0,0,0,1
1,0,0,0,1
2,0,0,0,2
2,1,1,0,4
1,0,0,0,1
1,0,0,0,1
1,0,0,0,1
2,0,0,0,2
10,0,0,0,10
1,0,0,0,1
1,0,0,0,1
1,0,0,0,1
2,0,0,0,2
1,0,0,0,1
1,0,0,0,1
1,0,0,0,1
1,0,0,0,1
1,0,0,0,1
2,0,0,0,2
1,0,0,0,1
1,0,0,0,1
1,0,0,0,1
1,0,0,0,1
2,0,0,0,2
1,0,0,0,1
1,0,0,0,1
4,0,0,0,4
1,0,0,0,1
2,0,0,0,2
1,0,0,0,1
2,0,0,0,2
1,0,0,0,1
2,0,0,0,2
1,0,0,0,1
1,0,0,0,1
1,0,0,0,1
1,0,0,0,1
1,0,0,0,1
1,0,0,0,1
2,0,0,0,2
1,0,0,0,1
2,0,0,0,2
1,0,0,0,1
1,0,0,0,1
1,0,0,0,1
1,0,0,0,1
1,0,0,0,1
1,0,0,0,1
1,0,0,0,1
1,0,0,0,1
1,0,0,0,1
5,0,0,0,5
1,0,0,0,1
1,0,0,0,1
1,0,0,0,1
1,0,0,0,1
1,0,0,0,1
2,0,0,0,2
2,5,0,0,7
2,0,0,0,2
1,0,0,0,1
2,0,0,0,2
1,0,0,0,1
1,0,0,0,1
1,0,0,0,1
1,0,0,0,1
1,0,0,0,1
1,0,0,0,1
1,0,0,0,1
1,0,0,0,1
1,0,0,0,1
1,0,0,0,1
1,0,0,0,1
1,0,0,0,1
1,0,0,0,1
1,0,0,0,1
1,0,0,0,1
1,0,0,0,1
1,0,0,0,1
1,0,0,0,1
3,0,0,0,3
1,0,0,0,1
1,0,0,0,1
2,0,0,0,2
1,0,0,0,1
1,0,0,0,1
2,0,0,0,2
2,0,0,0,2
1,0,0,0,1
1,0,0,0,1
1,0,0,0,1
1,0,0,0,1
2,0,0,0,2
1,0,0,0,1
1,0,0,0,1
3,0,0,0,3
4,0,0,0,4
1,0,0,0,1
1,4,0,0,5
3,0,0,0,3
2,0,0,0,2
1,0,0,0,1
1,0,0,0,1
1,0,0,0,1
1,0,0,0,1
1,0,0,0,1
1,0,0,0,1
1,0,0,0,1
1,0,0,0,1
1,0,0,0,1
2,0,0,0,2
1,0,0,0,1
1,0,0,0,1
1,0,0,0,1
1,0,0,0,1
1,0,0,0,1
1,0,0,0,1
1,0,0,0,1
1,0,0,0,1
1,0,0,0,1
1,0,0,0,1
1,0,0,0,1
1,0,0,0,1
1,0,0,0,1
1,0,0,0,1
1,0,0,0,1
1,39,0,0,40
1,0,0,0,1
1,4,1,0,6
1,0,1,0,2
1,0,0,0,1
2,0,0,0,2
1,0,0,0,1
1,0,0,0,1
1,0,0,0,1
1,0,0,0,1
1,0,0,0,1
1,0,0,0,1
1,0,0,0,1
1,0,0,0,1
1,0,0,0,1
2,0,0,0,2
1,0,0,0,1
1,0,0,0,1
1,0,0,0,1
1,0,0,0,1
2,0,0,0,2
1,0,0,0,1
1,0,0,0,1
3,0,0,0,3
1,0,0,0,1
2,0,0,0,2
1,0,0,0,1
1,0,0,0,1
1,0,0,0,1
1,0,0,0,1
3,0,0,0,3
1,0,0,0,1
1,0,0,0,1
1,0,0,0,1
1,0,0,0,1
1,0,0,0,1
1,0,0,0,1
1,0,0,0,1
2,0,0,0,2
1,0,0,0,1
1,0,0,0,1
1,0,0,0,1
1,0,0,0,1
1,0,0,0,1
1,0,0,0,1
3,0,0,0,3
2,0,0,0,2
1,0,0,0,1
2,0,0,0,2
1,0,0,0,1
1,0,0,0,1
2,7,0,0,9
1,0,0,0,1
1,0,0,0,1
1,0,0,0,1
1,0,0,0,1
1,0,0,0,1
1,0,0,0,1
4,0,0,0,4
1,0,0,0,1
1,0,0,0,1
1,0,0,0,1
1,0,0,0,1
2,0,0,0,2
1,0,0,0,1
1,0,0,0,1
1,0,0,0,1
1,0,0,0,1
1,0,0,0,1
1,0,0,0,1
2,0,0,0,2
1,0,0,0,1
1,0,0,0,1
1,0,0,0,1
3,0,0,0,3
1,0,0,0,1
1,0,0,0,1
1,0,0,0,1
1,0,0,0,1
1,0,0,0,1
3,0,0,0,3
1,0,0,0,1
1,0,0,0,1
1,0,0,0,1
1,0,0,0,1
1,0,0,0,1
1,0,0,0,1
1,0,0,0,1
2,0,0,0,2
1,6,0,0,7
1,0,0,0,1
2,0,0,0,2
1,0,0,0,1
1,0,0,0,1
1,0,0,0,1
1,0,0,0,1
2,0,0,0,2
1,0,0,0,1
2,0,0,0,2
1,0,0,0,1
1,0,0,0,1
2,6,0,0,8
1,0,0,0,1
2,0,0,0,2
1,0,0,0,1
1,0,0,0,1
1,0,0,0,1
1,0,0,0,1
1,0,0,0,1
1,0,0,0,1
1,0,0,0,1
1,0,0,0,1
2,14,4,0,20
1,0,0,0,1
1,0,0,0,1
1,0,0,0,1
3,0,0,0,3
1,0,0,0,1
2,0,0,0,2
1,0,0,0,1
1,0,0,0,1
3,0,0,0,3
1,0,0,0,1
1,0,0,0,1
1,0,0,0,1
1,0,0,0,1
2,0,0,0,2
3,0,0,0,3
1,0,0,0,1
1,0,0,0,1
3,7,0,0,10
2,0,0,0,2
1,0,0,0,1
1,0,0,0,1
1,0,0,0,1
1,0,0,0,1
1,0,0,0,1
1,0,0,0,1
3,0,0,0,3
1,0,0,0,1
1,0,0,0,1
1,0,0,0,1
1,0,0,0,1
1,0,0,0,1
1,0,0,0,1
1,0,0,0,1
1,0,0,0,1
1,0,0,0,1
1,0,0,0,1
1,0,0,0,1
1,0,0,0,1
1,0,0,0,1
1,0,0,0,1
1,0,0,0,1
2,2,1,0,5
1,0,0,0,1
1,0,0,0,1
2,0,0,0,2
1,0,0,0,1
1,0,0,0,1
1,0,0,0,1
1,0,0,0,1
1,0,0,0,1
2,0,0,0,2
1,0,0,0,1
1,0,0,0,1
1,0,0,0,1
1,0,0,0,1
1,2,0,0,3
1,0,0,0,1
1,0,0,0,1
1,0,0,0,1
2,15,0,0,17
1,0,0,0,1
1,0,0,0,1
1,0,0,0,1
1,0,0,0,1
1,0,0,0,1
1,0,0,0,1
2,0,0,0,2
3,0,0,0,3
1,0,0,0,1
1,0,0,0,1
2,0,0,0,2
1,0,0,0,1
1,0,0,0,1
1,0,0,0,1
1,2,0,0,3
2,0,0,0,2
1,4,0,0,5
1,0,0,0,1
4,0,0,0,4
3,0,0,0,3
1,0,0,0,1
1,0,0,0,1
1,0,0,0,1
1,0,0,0,1
1,0,0,0,1
1,0,0,0,1
1,0,0,0,1
1,0,0,0,1
1,0,0,0,1
2,0,0,0,2
1,0,0,0,1
4,0,0,0,4
2,0,0,0,2
1,0,0,0,1
4,0,0,0,4
1,0,0,0,1
1,0,0,0,1
2,0,0,0,2
1,0,0,0,1
3,2,0,0,5
1,0,0,0,1
1,0,0,0,1
2,5,0,0,7
1,0,0,0,1
1,0,0,0,1
1,0,0,0,1
1,0,0,0,1
2,0,0,0,2
2,0,0,0,2
1,0,0,0,1
1,0,0,0,1
1,0,0,0,1
2,0,0,0,2
1,0,0,0,1
1,0,0,0,1
1,0,0,0,1
1,0,0,0,1
1,0,0,0,1
1,0,0,0,1
1,0,0,0,1
1,0,0,0,1
1,0,0,0,1
1,0,0,0,1
1,0,0,0,1
1,0,0,0,1
2,0,0,0,2
1,0,0,0,1
1,0,0,0,1
1,0,0,0,1
1,0,0,0,1
6,0,0,0,6
5,0,0,0,5
2,0,0,0,2
1,0,0,0,1
1,0,0,0,1
1,0,0,0,1
1,0,0,0,1
2,0,0,0,2
1,0,0,0,1
1,0,0,0,1
2,0,0,0,2
1,0,0,0,1
1,0,0,0,1
1,0,0,0,1
1,0,0,0,1
1,0,0,0,1
1,0,0,0,1
1,0,0,0,1
1,0,0,0,1
1,0,0,0,1
1,0,0,0,1
1,0,0,0,1
3,0,0,0,3
1,0,0,0,1
1,1,0,0,2
1,0,0,0,1
1,0,0,0,1
1,0,0,0,1
1,0,0,0,1
1,0,0,0,1
1,0,0,0,1
1,0,0,0,1
1,0,0,0,1
2,0,0,0,2
1,0,0,0,1
1,0,0,0,1
1,0,0,0,1
1,0,0,0,1
1,0,0,0,1
1,0,0,0,1
1,0,0,0,1
1,0,0,0,1
3,1,1,0,5
1,0,0,0,1
1,0,0,0,1
1,0,0,0,1
1,0,0,0,1
1,0,0,0,1
1,0,0,0,1
1,0,0,0,1
2,40,0,0,42
1,0,0,0,1
1,0,0,0,1
1,0,0,0,1
1,0,0,0,1
1,0,0,0,1
1,0,0,0,1
1,0,0,0,1
1,0,0,0,1
1,0,0,0,1
1,0,0,0,1
1,0,0,0,1
2,0,0,0,2
2,58,0,0,60
1,0,0,0,1
1,0,0,0,1
1,0,0,0,1
2,0,0,0,2
1,0,0,0,1
1,0,0,0,1
1,0,0,0,1
2,0,0,0,2
1,0,0,0,1
1,0,0,0,1
2,0,0,0,2
1,0,0,0,1
1,0,0,0,1
1,0,0,0,1
1,0,0,0,1
1,0,0,0,1
1,0,0,0,1
1,0,0,0,1
1,0,0,0,1
1,0,0,0,1
3,0,0,0,3
1,0,0,0,1
1,0,0,0,1
1,0,0,0,1
1,0,0,0,1
2,0,0,0,2
1,0,0,0,1
3,0,0,0,3
1,0,0,0,1
1,0,0,0,1
1,0,0,0,1
1,0,0,0,1
1,0,0,0,1
1,0,0,0,1
2,0,0,0,2
1,0,0,0,1
2,0,0,0,2
1,0,0,0,1
1,0,0,0,1
3,0,0,0,3
1,0,0,0,1
1,0,0,0,1
1,0,0,0,1
1,0,0,0,1
1,0,0,0,1
3,0,0,0,3
2,0,0,0,2
1,0,0,0,1
1,0,0,0,1
1,0,0,0,1
2,0,0,0,2
2,0,0,0,2
1,0,0,0,1
1,0,0,0,1
1,78,0,0,79
1,0,0,0,1
3,0,0,0,3
1,0,0,0,1
1,0,0,0,1
2,0,0,0,2
2,0,0,0,2
1,0,0,0,1
1,0,0,0,1
1,0,0,0,1
1,0,0,0,1
1,0,0,0,1
1,0,0,0,1
1,0,0,0,1
3,0,0,0,3
1,0,0,0,1
1,0,0,0,1
1,13,0,0,14
4,10,0,0,14
1,0,0,0,1
2,0,0,0,2
1,0,0,0,1
1,0,0,0,1
1,0,0,0,1
1,0,0,0,1
1,0,0,0,1
1,0,0,0,1
1,0,0,0,1
1,0,0,0,1
2,0,0,0,2
1,0,0,0,1
3,0,0,0,3
1,0,0,0,1
1,0,0,0,1
2,0,0,0,2
2,0,0,0,2
1,0,0,0,1
1,0,0,0,1
4,0,0,0,4
1,0,0,0,1
3,0,0,0,3
1,0,0,0,1
1,0,0,0,1
1,0,0,0,1
3,0,0,0,3
1,0,0,0,1
1,0,0,0,1
2,0,0,0,2
1,0,0,0,1
1,0,0,0,1
1,0,0,0,1
1,0,0,0,1
1,0,0,0,1
1,0,0,0,1
1,0,0,0,1
1,0,0,0,1
1,0,0,0,1
1,0,0,0,1
1,0,0,0,1
2,0,0,0,2
1,0,0,0,1
1,0,0,0,1
1,0,0,0,1
1,0,0,0,1
1,0,0,0,1
1,0,0,0,1
1,0,0,0,1
1,0,0,0,1
2,0,0,0,2
1,0,0,0,1
3,0,0,0,3
1,0,0,0,1
1,0,0,0,1
1,0,0,0,1
1,0,0,0,1
3,3,0,0,6
1,0,0,0,1
2,0,0,0,2
1,0,0,0,1
1,0,0,0,1
2,0,0,0,2
1,0,0,0,1
1,0,0,0,1
1,0,0,0,1
2,0,0,0,2
1,0,0,0,1
1,0,0,0,1
1,0,0,0,1
1,0,0,0,1
1,0,0,0,1
1,0,0,0,1
1,0,0,0,1
1,0,0,0,1
1,0,0,0,1
3,0,0,0,3
1,0,0,0,1
1,0,0,0,1
1,0,0,0,1
3,0,0,0,3
1,0,0,0,1
1,0,0,0,1
1,0,0,0,1
1,1,0,0,2
1,0,0,0,1
1,0,0,0,1
2,0,0,0,2
1,1,0,0,2
2,0,0,0,2
1,0,0,0,1
1,0,0,0,1
2,2,0,0,4
1,0,0,0,1
1,0,0,0,1
1,0,0,0,1
1,3,0,0,4
3,0,0,0,3
1,0,0,0,1
1,0,0,0,1
1,0,0,0,1
1,0,0,0,1
1,0,0,0,1
1,0,0,0,1
1,0,0,0,1
1,0,0,0,1
1,0,0,0,1
1,0,0,0,1
1,0,0,0,1
1,0,0,0,1
1,0,0,0,1
1,0,0,0,1
1,0,0,0,1
2,0,0,0,2
1,0,0,0,1
1,0,0,0,1
1,0,0,0,1
1,0,0,0,1
1,0,0,0,1
1,0,0,0,1
1,0,0,0,1
1,1,0,0,2
1,0,0,0,1
1,0,0,0,1
1,0,0,0,1
1,0,0,0,1
3,0,0,0,3
2,14,1,0,17
1,0,0,0,1
2,0,0,0,2
1,0,0,0,1
1,0,0,0,1
1,2,0,0,3
1,0,0,0,1
1,0,0,0,1
2,0,0,0,2
1,0,0,0,1
1,0,0,0,1
1,0,0,0,1
1,0,0,0,1
1,0,0,0,1
1,0,0,0,1
1,0,0,0,1
1,0,0,0,1
1,0,0,0,1
1,0,0,0,1
1,0,0,0,1
1,0,0,0,1
1,0,0,0,1
1,0,0,0,1
1,0,0,0,1
1,0,0,0,1
1,0,0,0,1
2,0,0,0,2
2,0,0,0,2
1,0,0,0,1
1,0,0,0,1
1,0,0,0,1
2,0,0,0,2
1,0,0,0,1
2,0,0,0,2
1,0,0,0,1
3,0,0,0,3
1,0,0,0,1
1,0,0,0,1
1,1,0,0,2
2,0,0,0,2
1,0,0,0,1
1,0,0,0,1
1,0,0,0,1
1,0,0,0,1
1,0,0,0,1
1,0,0,0,1
1,0,0,0,1
1,0,0,0,1
1,0,0,0,1
1,0,0,0,1
5,3,1,0,9
1,0,0,0,1
1,0,0,0,1
1,0,0,0,1
1,0,0,0,1
1,0,0,0,1
1,0,0,0,1
1,0,0,0,1
3,0,0,0,3
1,0,0,0,1
1,0,0,0,1
1,0,0,0,1
1,0,0,0,1
2,0,0,0,2
1,0,0,0,1
2,0,0,0,2
1,0,0,0,1
1,0,0,0,1
1,0,0,0,1
2,0,0,0,2
1,0,0,0,1
3,2,0,0,5
1,0,0,0,1
1,0,0,0,1
1,0,0,0,1
1,0,0,0,1
1,0,0,0,1
1,0,0,0,1
1,0,0,0,1
3,0,0,0,3
1,0,0,0,1
1,0,0,0,1
1,0,0,0,1
1,0,0,0,1
1,0,0,0,1
2,0,0,0,2
1,0,0,0,1
1,0,0,0,1
1,0,0,0,1
2,0,0,0,2
1,0,0,0,1
1,0,0,0,1
1,0,0,0,1
2,0,0,0,2
1,0,0,0,1
1,0,0,0,1
1,0,0,0,1
1,0,0,0,1
1,0,0,0,1
3,0,0,0,3
1,0,0,0,1
1,0,0,0,1
1,0,0,0,1
1,0,0,0,1
1,0,0,0,1
1,0,0,0,1
2,0,0,0,2
4,0,0,0,4
1,0,0,0,1
1,0,0,0,1
1,0,0,0,1
1,0,0,0,1
1,0,0,0,1
1,0,0,0,1
1,0,0,0,1
2,0,0,0,2
1,0,0,0,1
1,0,0,0,1
2,0,0,0,2
2,0,0,0,2
2,0,0,0,2
1,0,0,0,1
2,0,0,0,2
1,2,0,0,3
1,0,0,0,1
1,0,0,0,1
1,0,0,0,1
2,0,0,0,2
1,0,0,0,1
1,0,0,0,1
1,0,0,0,1
1,0,0,0,1
1,0,0,0,1
1,0,0,0,1
1,0,0,0,1
1,0,0,0,1
1,0,0,0,1
1,0,0,0,1
1,0,0,0,1
1,0,0,0,1
1,0,0,0,1
1,0,0,0,1
1,0,0,0,1
1,0,0,0,1
1,0,0,0,1
2,2,0,0,4
1,0,0,0,1
1,0,0,0,1
2,0,0,0,2
1,0,0,0,1
1,0,0,0,1
1,0,0,0,1
2,0,0,0,2
2,0,0,0,2
1,0,0,0,1
1,0,0,0,1
2,0,0,0,2
1,0,0,0,1
1,0,0,0,1
3,0,0,0,3
1,0,0,0,1
1,0,0,0,1
1,0,0,0,1
2,0,0,0,2
1,0,0,0,1
1,0,0,0,1
1,0,0,0,1
2,0,0,0,2
1,0,0,0,1
3,1,0,0,4
1,0,0,0,1
2,0,0,0,2
1,0,0,0,1
1,0,0,0,1
2,0,0,0,2
1,0,0,0,1
1,0,0,0,1
3,0,0,0,3
1,0,0,0,1
3,0,0,0,3
1,0,0,0,1
1,0,0,0,1
1,0,0,0,1
1,0,0,0,1
1,0,0,0,1
1,0,0,0,1
1,0,0,0,1
1,0,0,0,1
1,0,0,0,1
2,0,0,0,2
2,0,1,0,3
1,0,0,0,1
1,0,0,0,1
1,0,0,0,1
1,0,0,0,1
1,0,0,0,1
1,0,0,0,1
1,0,0,0,1
1,0,0,0,1
2,0,0,0,2
1,0,0,0,1
1,2,0,0,3
1,0,0,0,1
2,0,0,0,2
1,0,0,0,1
4,0,0,0,4
1,0,0,0,1
1,0,0,0,1
2,0,0,0,2
1,0,0,0,1
1,0,0,0,1
1,0,0,0,1
1,0,0,0,1
1,0,0,0,1
1,0,0,0,1
2,0,0,0,2
2,0,0,0,2
1,0,0,0,1
2,0,0,0,2
1,0,0,0,1
2,0,0,0,2
1,0,0,0,1
1,0,0,0,1
1,0,0,0,1
1,0,0,0,1
1,0,0,0,1
1,0,0,0,1
1,0,0,0,1
1,0,0,0,1
1,0,0,0,1
2,1,1,0,4
2,0,0,0,2
1,0,0,0,1
1,0,0,0,1
3,0,0,0,3
1,0,0,0,1
1,0,0,0,1
1,0,0,0,1
1,0,0,0,1
1,0,0,0,1
1,0,0,0,1
1,0,0,0,1
1,0,0,0,1
1,0,0,0,1
5,0,0,0,5
4,0,0,0,4
1,0,0,0,1
1,0,0,0,1
1,0,0,0,1
1,0,0,0,1
1,0,0,0,1
1,0,0,0,1
1,0,0,0,1
1,0,0,0,1
1,0,0,0,1
1,0,0,0,1
1,0,0,0,1
1,0,0,0,1
3,0,0,0,3
3,4,0,0,7
1,0,0,0,1
2,0,2,0,4
1,0,0,0,1
1,0,0,0,1
1,0,0,0,1
2,0,0,0,2
1,0,0,0,1
1,0,0,0,1
1,0,0,0,1
2,0,0,0,2
1,0,0,0,1
1,0,0,0,1
1,1,0,0,2
2,0,0,0,2
1,0,0,0,1
1,0,0,0,1
1,0,0,0,1
1,0,0,0,1
1,0,0,0,1
2,2,0,0,4
1,0,0,0,1
1,0,0,0,1
1,0,0,0,1
1,0,0,0,1
1,0,0,0,1
1,0,0,0,1
2,0,0,0,2
1,0,0,0,1
1,0,0,0,1
1,0,0,0,1
1,0,0,0,1
1,0,0,0,1
1,0,0,0,1
1,0,0,0,1
1,0,0,0,1
1,0,0,0,1
1,0,0,0,1
1,0,0,0,1
1,0,0,0,1
1,0,0,0,1
1,0,0,0,1
1,1,1,0,3
1,0,0,0,1
1,0,0,0,1
1,0,0,0,1
1,0,0,0,1
1,0,0,0,1
1,0,0,0,1
1,0,0,0,1
1,0,0,0,1
2,0,0,0,2
1,0,0,0,1
1,0,0,0,1
1,0,0,0,1
1,0,0,0,1
1,1,0,0,2
1,0,0,0,1
1,0,0,0,1
1,0,0,0,1
1,0,0,0,1
1,0,0,0,1
1,0,0,0,1
1,0,0,0,1
2,0,0,0,2
1,0,0,0,1
2,0,0,0,2
2,0,0,0,2
1,0,0,0,1
4,0,0,0,4
1,0,0,0,1
3,0,0,0,3
1,0,0,0,1
1,0,0,0,1
1,0,0,0,1
1,0,0,0,1
1,4,0,0,5
1,0,0,0,1
1,0,0,0,1
1,0,0,0,1
1,0,0,0,1
2,0,0,0,2
3,0,0,0,3
1,0,0,0,1
1,0,0,0,1
2,0,0,0,2
1,0,0,0,1
1,0,0,0,1
1,0,0,0,1
1,0,0,0,1
1,0,0,0,1
1,0,0,0,1
1,0,0,0,1
1,0,0,0,1
1,0,0,0,1
1,0,0,0,1
1,0,0,0,1
1,0,0,0,1
1,0,0,0,1
1,0,0,0,1
1,0,0,0,1
1,0,0,0,1
1,0,0,0,1
2,0,0,0,2
1,0,0,0,1
1,0,0,0,1
1,0,0,0,1
1,0,0,0,1
1,0,0,0,1
1,0,0,0,1
1,0,0,0,1
1,0,0,0,1
1,0,0,0,1
1,0,0,0,1
3,0,0,0,3
1,0,0,0,1
1,0,0,0,1
1,0,0,0,1
1,0,0,0,1
1,0,0,0,1
1,0,0,0,1
1,0,0,0,1
2,0,0,0,2
1,0,0,0,1
1,0,0,0,1
1,0,0,0,1
1,0,0,0,1
1,0,0,0,1
1,0,0,0,1
1,0,0,0,1
1,0,0,0,1
1,0,0,0,1
1,0,0,0,1
1,0,0,0,1
1,0,0,0,1
1,0,0,0,1
1,0,0,0,1
1,0,0,0,1
1,0,0,0,1
1,0,0,0,1
1,0,0,0,1
1,0,0,0,1
1,0,0,0,1
1,0,0,0,1
1,0,0,0,1
1,0,0,0,1
2,0,0,0,2
1,0,0,0,1
1,0,0,0,1
2,0,0,0,2
1,0,0,0,1
1,0,0,0,1
1,0,0,0,1
1,0,0,0,1
1,0,0,0,1
1,0,0,0,1
1,0,0,0,1
2,0,0,0,2
1,0,0,0,1
1,0,0,0,1
1,0,0,0,1
1,0,0,0,1
1,0,0,0,1
1,0,0,0,1
2,0,0,0,2
1,0,0,0,1
1,0,0,0,1
2,0,0,0,2
1,0,0,0,1
4,0,0,0,4
1,0,0,0,1
3,0,0,0,3
1,0,0,0,1
1,0,0,0,1
2,0,0,0,2
2,0,0,0,2
1,0,0,0,1
1,0,0,0,1
1,0,0,0,1
1,0,0,0,1
1,0,0,0,1
1,0,0,0,1
1,0,0,0,1
1,0,0,0,1
1,0,0,0,1
1,0,0,0,1
1,0,0,0,1
1,0,0,0,1
1,0,0,0,1
2,0,0,0,2
1,0,0,0,1
1,0,0,0,1
1,0,1,0,2
1,0,0,0,1
1,0,0,0,1
1,0,0,0,1
1,0,0,0,1
1,0,0,0,1
1,0,0,0,1
1,0,0,0,1
1,0,0,0,1
1,0,0,0,1
1,0,0,0,1
1,0,0,0,1
1,0,0,0,1
1,0,0,0,1
1,0,0,0,1
1,0,0,0,1
1,0,0,0,1
1,0,0,0,1
1,0,0,0,1
1,0,0,0,1
1,0,0,0,1
1,0,0,0,1
2,0,0,0,2
1,0,0,0,1
1,0,0,0,1
1,0,0,0,1
1,0,0,0,1
1,0,0,0,1
1,0,0,0,1
1,0,0,0,1
2,0,0,0,2
1,0,0,0,1
1,0,0,0,1
1,0,0,0,1
1,0,0,0,1
1,0,0,0,1
1,0,0,0,1
1,0,0,0,1
1,0,0,0,1
1,0,0,0,1
1,0,0,0,1
1,0,0,0,1
1,0,0,0,1
1,0,0,0,1
2,5,1,0,8
1,0,0,0,1
1,0,0,0,1
3,69,0,0,72
1,0,0,0,1
1,0,0,0,1
1,0,0,0,1
1,0,0,0,1
1,0,0,0,1
1,0,0,0,1
1,0,0,0,1
1,0,0,0,1
3,0,0,0,3
1,0,0,0,1
2,0,0,0,2
1,0,0,0,1
2,0,0,0,2
1,0,0,0,1
1,0,0,0,1
1,0,0,0,1
1,0,0,0,1
1,0,0,0,1
1,0,0,0,1
1,0,0,0,1
1,0,0,0,1
1,0,0,0,1
1,0,0,0,1
1,0,0,0,1
1,1,0,0,2
1,0,0,0,1
2,0,0,0,2
1,0,0,0,1
1,0,0,0,1
1,0,0,0,1
1,0,0,0,1
1,0,0,0,1
1,0,0,0,1
1,0,0,0,1
3,0,0,0,3
1,0,0,0,1
1,0,0,0,1
1,0,0,0,1
1,0,0,0,1
1,0,0,0,1
1,0,0,0,1
1,0,0,0,1
1,0,0,0,1
1,0,0,0,1
1,0,0,0,1
1,0,0,0,1
1,0,0,0,1
1,0,0,0,1
2,0,0,0,2
1,0,0,0,1
1,0,0,0,1
1,0,0,0,1
2,0,0,0,2
5,0,0,0,5
1,0,0,0,1
1,2,0,0,3
1,0,0,0,1
1,0,0,0,1
1,0,0,0,1
2,0,0,0,2
1,0,0,0,1
1,0,0,0,1
1,0,0,0,1
1,0,0,0,1
1,0,0,0,1
1,0,0,0,1
1,0,0,0,1
1,1,0,0,2
1,0,0,0,1
1,0,0,0,1
3,0,0,0,3
1,0,0,0,1
3,34,0,0,37
3,0,0,0,3
1,0,0,0,1
4,0,0,0,4
1,0,0,0,1
1,0,0,0,1
1,0,0,0,1
1,0,0,0,1
1,0,0,0,1
3,0,0,0,3
3,0,0,0,3
1,0,0,0,1
2,0,0,0,2
1,0,0,0,1
1,0,0,0,1
1,0,0,0,1
1,0,0,0,1
1,0,0,0,1
4,0,0,0,4
1,0,0,0,1
1,0,0,0,1
1,0,0,0,1
2,0,0,0,2
1,0,0,0,1
3,0,0,0,3
1,0,0,0,1
1,0,0,0,1
1,0,0,0,1
1,0,0,0,1
1,0,0,0,1
1,0,0,0,1
2,0,0,0,2
1,0,0,0,1
1,0,0,0,1
3,0,0,0,3
2,0,0,0,2
1,0,0,0,1
1,6,0,0,7
1,0,0,0,1
1,0,0,0,1
1,0,0,0,1
1,0,0,0,1
1,0,0,0,1
2,0,0,0,2
1,0,0,0,1
2,0,0,0,2
1,0,0,0,1
1,0,0,0,1
1,0,0,0,1
1,0,0,0,1
1,0,0,0,1
1,0,0,0,1
1,0,0,0,1
1,0,0,0,1
1,0,0,0,1
1,0,0,0,1
1,0,0,0,1
2,0,0,0,2
1,0,0,0,1
2,2,0,0,4
1,0,0,0,1
1,0,0,0,1
1,0,0,0,1
2,0,0,0,2
1,0,0,0,1
1,0,0,0,1
1,0,0,0,1
3,0,0,0,3
2,0,0,0,2
1,0,0,0,1
2,0,0,0,2
1,0,0,0,1
1,0,0,0,1
1,5,0,0,6
1,0,0,0,1
1,0,0,0,1
1,0,0,0,1
1,0,0,0,1
1,0,0,0,1
1,0,0,0,1
3,12,0,0,15
1,0,0,0,1
1,0,0,0,1
1,0,0,0,1
1,0,0,0,1
2,0,0,0,2
1,0,0,0,1
1,0,0,0,1
1,0,0,0,1
2,0,0,0,2
2,0,0,0,2
1,0,0,0,1
1,0,0,0,1
1,0,0,0,1
1,0,0,0,1
2,0,0,0,2
1,0,0,0,1
1,0,0,0,1
3,3,0,0,6
1,0,0,0,1
3,0,0,0,3
1,0,0,0,1
1,0,0,0,1
1,0,0,0,1
1,0,0,0,1
1,0,0,0,1
1,0,0,0,1
1,0,0,0,1
1,0,0,0,1
1,0,0,0,1
1,0,0,0,1
1,0,0,0,1
1,0,0,0,1
1,0,0,0,1
1,0,0,0,1
1,0,0,0,1
1,0,0,0,1
1,0,0,0,1
1,0,0,0,1
2,0,0,0,2
1,0,0,0,1
1,0,0,0,1
1,0,0,0,1
2,3,0,0,5
1,0,0,0,1
1,0,0,0,1
2,0,0,0,2
1,0,0,0,1
1,0,0,0,1
1,0,0,0,1
1,0,0,0,1
1,0,0,0,1
1,0,0,0,1
1,0,0,0,1
1,2,0,0,3
2,0,0,0,2
1,0,0,0,1
1,0,0,0,1
1,0,0,0,1
1,0,0,0,1
1,0,0,0,1
1,0,0,0,1
1,0,0,0,1
2,0,0,0,2
1,0,0,0,1
1,0,0,0,1
1,0,0,0,1
2,0,0,0,2
2,0,0,0,2
1,0,0,0,1
5,0,0,0,5
1,0,0,0,1
1,0,0,0,1
1,0,0,0,1
1,0,0,0,1
1,0,0,0,1
1,0,0,0,1
1,0,0,0,1
2,0,0,0,2
1,0,0,0,1
1,2,0,0,3
1,0,0,0,1
2,0,0,0,2
5,0,0,0,5
1,0,0,0,1
1,0,0,0,1
1,11,0,0,12
1,0,0,0,1
1,0,0,0,1
2,0,0,0,2
1,0,0,0,1
2,0,0,0,2
1,0,0,0,1
1,0,0,0,1
1,0,0,0,1
1,0,0,0,1
1,0,0,0,1
1,0,0,0,1
1,0,0,0,1
1,0,0,0,1
1,0,0,0,1
2,0,0,0,2
4,35,0,0,39
1,0,0,0,1
1,0,0,0,1
1,0,0,0,1
1,0,0,0,1
1,0,0,0,1
1,0,0,0,1
1,0,0,0,1
1,0,0,0,1
1,0,0,0,1
1,0,0,0,1
1,0,0,0,1
1,0,0,0,1
1,0,0,0,1
1,0,0,0,1
1,0,0,0,1
1,0,0,0,1
1,0,0,0,1
1,0,0,0,1
1,0,0,0,1
2,0,0,0,2
2,0,0,0,2
1,0,0,0,1
1,0,0,0,1
1,0,0,0,1
1,0,0,0,1
1,0,0,0,1
1,0,0,0,1
1,0,0,0,1
2,0,0,0,2
1,0,0,0,1
1,0,0,0,1
1,0,0,0,1
2,0,0,0,2
1,3,0,0,4
2,0,0,0,2
2,0,0,0,2
2,1,0,0,3
2,0,0,0,2
1,0,0,0,1
1,0,0,0,1
1,0,0,0,1
1,0,0,0,1
1,0,0,0,1
1,0,0,0,1
2,0,0,0,2
1,0,0,0,1
1,0,0,0,1
1,0,0,0,1
1,0,0,0,1
1,0,0,0,1
3,0,0,0,3
1,2,0,0,3
2,0,0,0,2
1,0,0,0,1
1,0,0,0,1
1,0,0,0,1
1,0,0,0,1
1,0,0,0,1
1,0,0,0,1
1,0,0,0,1
1,0,0,0,1
1,0,0,0,1
1,0,0,0,1
1,0,0,0,1
1,0,0,0,1
1,0,0,0,1
1,0,0,0,1
1,0,0,0,1
1,0,0,0,1
1,0,0,0,1
1,0,0,0,1
1,0,0,0,1
1,0,0,0,1
1,0,0,0,1
1,0,0,0,1
2,0,0,0,2
1,0,0,0,1
1,0,0,0,1
2,0,0,0,2
1,0,0,0,1
1,0,0,0,1
1,0,0,0,1
1,0,0,0,1
1,0,0,0,1
1,0,0,0,1
1,0,0,0,1
1,0,0,0,1
1,0,0,0,1
1,0,0,0,1
1,0,0,0,1
2,0,0,0,2
1,0,0,0,1
1,0,0,0,1
1,0,0,0,1
1,0,0,0,1
1,0,0,0,1
1,0,0,0,1
1,0,0,0,1
1,0,0,0,1
1,0,0,0,1
1,0,0,0,1
1,0,0,0,1
1,0,0,0,1
1,0,0,0,1
1,0,0,0,1
1,0,0,0,1
1,0,0,0,1
2,4,0,0,6
1,0,0,0,1
1,0,0,0,1
1,0,0,0,1
2,0,0,0,2
4,0,0,0,4
1,0,0,0,1
1,0,0,0,1
2,0,0,0,2
2,0,0,0,2
1,0,0,0,1
1,0,0,0,1
1,0,0,0,1
1,0,0,0,1
1,0,0,0,1
1,0,0,0,1
1,0,0,0,1
2,33,0,0,35
1,0,0,0,1
1,0,0,0,1
1,0,0,0,1
1,0,0,0,1
1,0,0,0,1
2,0,0,0,2
1,0,0,0,1
1,0,0,0,1
1,0,0,0,1
1,0,0,0,1
1,0,0,0,1
1,0,0,0,1
2,0,0,0,2
1,0,0,0,1
1,0,0,0,1
1,0,0,0,1
1,0,0,0,1
1,0,0,0,1
1,2,0,0,3
1,0,0,0,1
1,0,0,0,1
2,0,0,0,2
1,0,0,0,1
1,0,0,0,1
1,0,0,0,1
1,0,0,0,1
1,0,0,0,1
1,0,0,0,1
1,0,0,0,1
1,0,0,0,1
2,0,0,0,2
1,0,0,0,1
1,0,0,0,1
5,0,0,0,5
1,0,0,0,1
1,0,0,0,1
1,0,0,0,1
1,0,0,0,1
1,0,0,0,1
1,0,0,0,1
2,0,0,0,2
1,0,0,0,1
1,0,0,0,1
1,0,0,0,1
1,0,0,0,1
1,0,0,0,1
4,1,1,0,6
1,0,0,0,1
1,2,0,0,3
1,0,0,0,1
1,0,0,0,1
1,0,0,0,1
1,0,0,0,1
1,0,0,0,1
1,0,0,0,1
1,0,0,0,1
1,0,0,0,1
1,0,0,0,1
1,0,0,0,1
1,0,0,0,1
1,0,0,0,1
3,2,1,0,6
1,0,0,0,1
1,0,0,0,1
1,0,0,0,1
1,0,0,0,1
1,2,0,0,3
2,0,0,0,2
1,0,0,0,1
1,0,0,0,1
2,0,0,0,2
1,0,0,0,1
1,0,0,0,1
1,0,0,0,1
1,0,0,0,1
1,0,0,0,1
1,0,0,0,1
1,0,0,0,1
1,0,0,0,1
1,0,0,0,1
1,0,0,0,1
2,0,0,0,2
1,10,1,0,12
1,0,0,0,1
1,0,0,0,1
1,0,0,0,1
1,0,0,0,1
1,0,0,0,1
1,0,0,0,1
1,0,0,0,1
4,2,0,0,6
1,0,0,0,1
1,0,0,0,1
1,0,0,0,1
1,0,0,0,1
1,0,0,0,1
1,0,0,0,1
1,0,0,0,1
1,0,0,0,1
1,0,0,0,1
1,0,0,0,1
1,0,0,0,1
1,0,0,0,1
1,0,0,0,1
1,0,0,0,1
1,0,0,0,1
3,2,0,0,5
1,0,0,0,1
1,0,0,0,1
1,0,0,0,1
1,0,0,0,1
1,0,0,0,1
1,0,0,0,1
2,0,0,0,2
2,0,0,0,2
1,0,0,0,1
1,0,0,0,1
1,0,0,0,1
1,0,0,0,1
1,0,0,0,1
1,0,0,0,1
1,0,0,0,1
1,0,0,0,1
2,0,0,0,2
2,0,0,0,2
1,0,0,0,1
1,0,0,0,1
1,0,0,0,1
1,0,0,0,1
1,0,0,0,1
1,0,0,0,1
1,0,0,0,1
3,0,0,0,3
2,0,0,0,2
1,0,0,0,1
1,0,0,0,1
2,0,0,0,2
2,0,0,0,2
1,0,0,0,1
1,0,0,0,1
1,0,0,0,1
1,0,0,0,1
1,0,0,0,1
1,0,0,0,1
1,0,0,0,1
1,0,0,0,1
1,0,0,0,1
1,0,0,0,1
1,0,1,0,2
1,0,0,0,1
1,0,0,0,1
1,0,0,0,1
1,0,0,0,1
1,0,0,0,1
1,0,0,0,1
2,0,0,0,2
1,0,0,0,1
1,0,0,0,1
1,0,0,0,1
1,0,0,0,1
2,0,0,0,2
1,0,0,0,1
1,0,0,0,1
1,0,0,0,1
1,0,0,0,1
1,0,0,0,1
1,0,0,0,1
2,0,0,0,2
2,0,0,0,2
1,0,0,0,1
1,0,0,0,1
1,0,0,0,1
1,0,0,0,1
1,0,0,0,1
1,0,0,0,1
1,0,0,0,1
1,0,0,0,1
1,0,0,0,1
1,0,0,0,1
2,0,0,0,2
1,0,0,0,1
1,1,0,0,2
1,0,0,0,1
1,0,0,0,1
2,0,0,0,2
1,0,0,0,1
1,0,0,0,1
1,2,0,0,3
1,0,0,0,1
1,3,0,0,4
1,0,0,0,1
1,0,0,0,1
2,0,0,0,2
2,0,0,0,2
3,0,0,0,3
1,0,0,0,1
1,0,0,0,1
1,0,0,0,1
1,0,0,0,1
3,0,0,0,3
1,0,0,0,1
1,0,0,0,1
1,0,0,0,1
1,0,0,0,1
1,0,0,0,1
1,0,0,0,1
1,0,0,0,1
1,0,0,0,1
1,0,0,0,1
1,0,0,0,1
2,0,0,0,2
4,0,0,0,4
1,0,0,0,1
1,0,0,0,1
1,0,0,0,1
1,0,0,0,1
1,0,0,0,1
1,0,0,0,1
1,0,0,0,1
1,0,0,0,1
1,0,0,0,1
1,0,0,0,1
1,0,0,0,1
1,0,0,0,1
1,0,0,0,1
1,0,0,0,1
1,0,0,0,1
1,0,0,0,1
1,0,0,0,1
2,0,0,0,2
1,0,0,0,1
1,0,0,0,1
1,0,0,0,1
1,0,0,0,1
1,0,0,0,1
1,0,0,0,1
1,0,0,0,1
1,0,0,0,1
1,0,0,0,1
1,0,0,0,1
1,0,0,0,1
1,0,0,0,1
1,0,0,0,1
1,0,0,0,1
1,0,0,0,1
1,0,0,0,1
1,0,0,0,1
1,0,0,0,1
1,0,0,0,1
1,0,0,0,1
1,0,0,0,1
1,0,0,0,1
1,0,0,0,1
2,0,0,0,2
1,0,0,0,1
1,0,0,0,1
2,0,0,0,2
1,0,0,0,1
1,0,0,0,1
1,0,0,0,1
1,0,0,0,1
1,0,0,0,1
1,0,0,0,1
1,0,0,0,1
1,0,0,0,1
1,0,0,0,1
1,0,0,0,1
1,0,0,0,1
1,0,0,0,1
1,0,0,0,1
1,0,0,0,1
1,0,0,0,1
1,0,0,0,1
1,0,0,0,1
1,0,0,0,1
1,0,0,0,1
1,0,0,0,1
1,0,0,0,1
1,0,0,0,1
1,0,0,0,1
1,0,0,0,1
1,0,0,0,1
1,0,0,0,1
1,0,0,0,1
1,0,0,0,1
1,0,0,0,1
1,0,0,0,1
1,0,0,0,1
1,0,0,0,1
1,1,0,0,2
1,0,0,0,1
4,0,0,0,4
1,0,0,0,1
1,0,0,0,1
1,0,0,0,1
1,0,0,0,1
1,0,0,0,1
1,0,0,0,1
2,0,0,0,2
1,0,0,0,1
2,0,0,0,2
1,0,0,0,1
1,0,0,0,1
1,0,0,0,1
1,0,0,0,1
1,0,0,0,1
1,0,0,0,1
2,0,0,0,2
2,0,0,0,2
1,0,0,0,1
1,0,0,0,1
1,0,0,0,1
1,0,0,0,1
1,0,0,0,1
2,0,0,0,2
1,0,0,0,1
1,0,0,0,1
1,0,0,0,1
1,0,0,0,1
1,0,0,0,1
1,0,0,0,1
1,0,0,0,1
1,0,0,0,1
1,0,0,0,1
1,0,0,0,1
1,0,0,0,1
1,0,0,0,1
1,0,0,0,1
1,0,0,0,1
1,0,0,0,1
1,0,0,0,1
6,0,0,0,6
1,0,0,0,1
3,0,0,0,3
1,0,0,0,1
3,0,0,0,3
1,0,0,0,1
1,0,0,0,1
1,0,0,0,1
1,0,0,0,1
1,0,0,0,1
2,0,0,0,2
3,0,0,0,3
1,0,0,0,1
1,0,0,0,1
3,7,0,0,10
1,0,0,0,1
1,0,0,0,1
1,0,0,0,1
1,0,0,0,1
1,0,0,0,1
1,237,0,0,238
1,0,0,0,1
1,0,0,0,1
1,0,0,0,1
1,0,0,0,1
1,0,0,0,1
1,0,0,0,1
1,0,0,0,1
1,0,0,0,1
1,0,0,0,1
1,0,0,0,1
1,0,0,0,1
1,0,0,0,1
1,0,0,0,1
1,0,0,0,1
1,0,0,0,1
3,0,0,0,3
1,0,0,0,1
1,0,0,0,1
1,0,0,0,1
1,0,0,0,1
1,0,0,0,1
3,0,0,0,3
1,0,0,0,1
1,0,0,0,1
1,0,0,0,1
2,0,0,0,2
1,0,0,0,1
1,0,0,0,1
1,0,0,0,1
1,0,0,0,1
1,0,0,0,1
1,0,0,0,1
1,0,0,0,1
1,0,0,0,1
1,0,0,0,1
1,0,0,0,1
1,0,0,0,1
1,0,0,0,1
1,0,0,0,1
1,0,0,0,1
3,3,0,0,6
1,0,0,0,1
1,0,0,0,1
1,0,0,0,1
1,0,0,0,1
1,0,0,0,1
1,0,0,0,1
1,0,0,0,1
3,0,0,0,3
1,0,0,0,1
2,0,0,0,2
2,0,0,0,2
1,0,0,0,1
1,0,0,0,1
1,0,0,0,1
1,0,0,0,1
1,0,0,0,1
1,0,0,0,1
1,0,0,0,1
1,7,0,0,8
1,0,0,0,1
1,0,0,0,1
2,0,0,0,2
1,0,0,0,1
1,0,0,0,1
1,0,0,0,1
1,0,0,0,1
3,0,0,0,3
1,0,0,0,1
2,0,0,0,2
1,0,0,0,1
1,0,0,0,1
1,0,0,0,1
1,0,0,0,1
1,0,0,0,1
1,0,0,0,1
1,0,0,0,1
2,0,0,0,2
2,0,0,0,2
1,0,0,0,1
1,3,0,0,4
1,0,0,0,1
1,0,0,0,1
1,0,0,0,1
1,0,0,0,1
1,0,0,0,1
1,0,0,0,1
1,0,0,0,1
1,0,0,0,1
1,0,0,0,1
1,0,0,0,1
1,0,0,0,1
3,0,0,0,3
2,0,0,0,2
1,0,0,0,1
4,0,0,0,4
1,0,0,0,1
2,0,0,0,2
1,0,0,0,1
1,0,0,0,1
2,2,0,0,4
1,0,0,0,1
2,0,0,0,2
2,0,0,0,2
1,0,0,0,1
1,0,0,0,1
1,0,0,0,1
1,0,0,0,1
1,0,0,0,1
1,0,0,0,1
2,5,0,0,7
1,0,0,0,1
1,0,0,0,1
3,0,0,0,3
1,0,0,0,1
1,0,0,0,1
1,0,0,0,1
1,0,0,0,1
3,0,0,0,3
1,0,0,0,1
2,0,0,0,2
2,0,0,0,2
1,0,0,0,1
1,0,0,0,1
1,0,0,0,1
2,4,0,0,6
3,27,0,0,30
1,0,0,0,1
1,1,0,0,2
1,2,0,0,3
3,9,1,0,13
2,0,0,0,2
1,0,0,0,1
1,0,0,0,1
1,0,0,0,1
1,0,0,0,1
1,0,0,0,1
2,0,0,0,2
1,0,0,0,1
1,0,0,0,1
1,0,0,0,1
1,0,0,0,1
2,0,0,0,2
1,0,0,0,1
1,0,0,0,1
1,0,0,0,1
1,0,0,0,1
1,0,0,0,1
1,0,0,0,1
1,2,0,0,3
1,0,0,0,1
1,0,0,0,1
1,0,0,0,1
1,0,0,0,1
1,0,0,0,1
1,0,0,0,1
1,0,0,0,1
1,0,0,0,1
1,0,0,0,1
1,0,0,0,1
1,0,0,0,1
1,0,0,0,1
1,0,0,0,1
1,0,0,0,1
2,0,0,0,2
1,0,0,0,1
1,0,0,0,1
1,0,0,0,1
1,0,0,0,1
1,0,0,0,1
1,0,0,0,1
1,0,0,0,1
1,0,0,0,1
2,0,0,0,2
1,0,0,0,1
1,0,0,0,1
1,0,0,0,1
1,0,0,0,1
1,0,0,0,1
1,0,0,0,1
1,0,0,0,1
2,0,0,0,2
1,0,0,0,1
1,0,0,0,1
1,0,0,0,1
3,2,0,0,5
1,0,0,0,1
1,0,0,0,1
1,0,0,0,1
1,0,0,0,1
1,0,0,0,1
1,0,0,0,1
1,0,0,0,1
1,0,0,0,1
1,0,0,0,1
1,0,0,0,1
1,0,0,0,1
2,0,0,0,2
1,0,0,0,1
1,0,0,0,1
1,0,0,0,1
1,0,0,0,1
1,0,0,0,1
1,0,0,0,1
1,0,0,0,1
1,0,0,0,1
1,0,0,0,1
1,0,0,0,1
1,0,0,0,1
1,0,0,0,1
1,0,0,0,1
1,0,0,0,1
1,0,0,0,1
1,0,0,0,1
1,0,0,0,1
1,0,0,0,1
1,0,0,0,1
2,0,0,0,2
1,0,0,0,1
1,0,0,0,1
1,0,0,0,1
1,0,0,0,1
1,0,0,0,1
1,0,0,0,1
1,0,0,0,1
2,0,0,0,2
1,0,0,0,1
1,0,0,0,1
2,0,0,0,2
1,0,0,0,1
1,0,0,0,1
1,0,0,0,1
1,0,0,0,1
1,0,0,0,1
1,0,0,0,1
3,0,0,0,3
1,0,0,0,1
1,0,0,0,1
1,0,0,0,1
1,0,0,0,1
1,0,0,0,1
1,0,0,0,1
1,0,0,0,1
1,0,0,0,1
1,0,0,0,1
3,0,0,0,3
1,0,0,0,1
1,0,0,0,1
1,0,0,0,1
1,0,0,0,1
1,0,0,0,1
2,0,0,0,2
4,10,5,0,19
1,0,0,0,1
1,0,0,0,1
1,0,0,0,1
3,4,0,0,7
1,0,0,0,1
5,0,0,0,5
1,0,0,0,1
1,0,0,0,1
1,0,0,0,1
1,0,0,0,1
1,0,0,0,1
1,0,0,0,1
1,0,0,0,1
1,0,0,0,1
1,0,0,0,1
1,0,0,0,1
1,0,0,0,1
1,0,0,0,1
1,0,0,0,1
1,0,0,0,1
1,0,0,0,1
1,0,0,0,1
2,0,0,0,2
1,0,0,0,1
1,0,0,0,1
1,0,0,0,1
1,0,0,0,1
1,0,0,0,1
3,10,0,0,13
2,0,0,0,2
1,0,0,0,1
2,0,0,0,2
1,0,0,0,1
1,0,0,0,1
1,0,0,0,1
1,0,0,0,1
2,0,0,0,2
1,0,0,0,1
2,0,0,0,2
2,0,0,0,2
1,0,0,0,1
1,0,0,0,1
1,0,0,0,1
1,0,0,0,1
1,0,0,0,1
1,0,0,0,1
1,0,0,0,1
1,0,0,0,1
1,0,0,0,1
1,0,0,0,1
1,0,0,0,1
1,0,0,0,1
1,0,0,0,1
1,0,0,0,1
1,0,0,0,1
2,0,0,0,2
1,0,0,0,1
1,0,0,0,1
1,0,0,0,1
1,0,0,0,1
2,1,0,0,3
1,0,0,0,1
1,0,0,0,1
1,0,0,0,1
1,0,0,0,1
1,0,0,0,1
2,0,0,0,2
1,0,0,0,1
1,0,0,0,1
1,0,0,0,1
3,0,0,0,3
2,0,0,0,2
1,0,0,0,1
2,0,0,0,2
1,0,0,0,1
1,0,0,0,1
1,0,0,0,1
1,0,0,0,1
1,0,0,0,1
2,0,0,0,2
1,0,0,0,1
1,0,0,0,1
1,0,0,0,1
1,0,0,0,1
1,0,0,0,1
1,0,0,0,1
1,0,0,0,1
1,0,0,0,1
1,0,0,0,1
2,0,0,0,2
1,0,0,0,1
1,0,0,0,1
1,0,0,0,1
2,0,0,0,2
1,0,0,0,1
2,0,0,0,2
1,0,0,0,1
1,0,0,0,1
1,0,0,0,1
1,0,0,0,1
1,0,0,0,1
1,0,0,0,1
1,0,0,0,1
1,0,0,0,1
1,0,0,0,1
1,0,0,0,1
1,2,0,0,3
1,0,0,0,1
1,0,0,0,1
1,0,0,0,1
1,0,0,0,1
1,0,0,0,1
3,0,0,0,3
1,0,0,0,1
2,0,0,0,2
1,0,0,0,1
1,0,0,0,1
1,0,0,0,1
1,0,0,0,1
2,0,0,0,2
1,0,0,0,1
1,0,0,0,1
1,0,0,0,1
1,0,0,0,1
1,0,0,0,1
1,1,0,0,2
1,0,0,0,1
1,0,0,0,1
7,3,0,0,10
1,0,0,0,1
1,0,0,0,1
1,0,0,0,1
1,0,0,0,1
4,18,0,0,22
4,20,2,0,26
1,0,0,0,1
1,0,0,0,1
1,0,0,0,1
1,0,0,0,1
1,0,0,0,1
1,0,0,0,1
3,0,0,0,3
1,0,0,0,1
1,0,0,0,1
1,0,0,0,1
1,0,0,0,1
1,0,0,0,1
1,0,0,0,1
1,0,0,0,1
1,0,0,0,1
3,0,0,0,3
1,0,0,0,1
2,0,0,0,2
1,0,0,0,1
1,0,0,0,1
1,0,0,0,1
1,0,0,0,1
1,0,0,0,1
1,0,0,0,1
1,0,0,0,1
1,1,0,0,2
1,0,0,0,1
1,0,0,0,1
1,0,0,0,1
1,0,0,0,1
1,0,0,0,1
3,0,0,0,3
1,0,0,0,1
2,0,0,0,2
1,0,0,0,1
1,0,0,0,1
1,0,0,0,1
1,0,0,0,1
1,0,0,0,1
1,0,0,0,1
1,0,0,0,1
1,0,0,0,1
1,0,0,0,1
1,0,0,0,1
1,0,0,0,1
1,0,0,0,1
2,5,0,0,7
1,2,1,0,4
1,0,0,0,1
2,0,0,0,2
1,0,0,0,1
1,0,0,0,1
1,0,0,0,1
2,0,0,0,2
1,0,0,0,1
2,0,0,0,2
1,0,0,0,1
2,0,0,0,2
1,0,0,0,1
1,0,0,0,1
1,0,0,0,1
1,0,0,0,1
1,0,0,0,1
1,0,0,0,1
1,0,0,0,1
1,0,0,0,1
3,0,0,0,3
1,0,0,0,1
2,0,0,0,2
1,2,1,0,4
1,0,0,0,1
1,0,0,0,1
1,0,0,0,1
1,0,0,0,1
1,0,0,0,1
3,0,0,0,3
1,0,0,0,1
1,0,0,0,1
1,0,0,0,1
1,0,0,0,1
2,0,0,0,2
1,0,0,0,1
1,0,0,0,1
1,0,0,0,1
1,0,0,0,1
2,0,0,0,2
1,0,0,0,1
1,0,0,0,1
1,0,0,0,1
1,0,0,0,1
1,0,0,0,1
1,0,0,0,1
1,0,0,0,1
1,0,0,0,1
3,98,0,0,101
1,0,0,0,1
3,0,0,0,3
3,0,0,0,3
1,0,0,0,1
1,0,0,0,1
2,0,0,0,2
1,0,0,0,1
3,0,0,0,3
1,0,0,0,1
1,0,0,0,1
1,0,0,0,1
1,0,0,0,1
1,0,0,0,1
2,0,0,0,2
2,0,0,0,2
2,0,0,0,2
1,0,0,0,1
1,0,0,0,1
3,0,0,0,3
2,0,0,0,2
1,0,0,0,1
1,0,0,0,1
1,0,0,0,1
2,0,0,0,2
3,0,0,0,3
1,0,0,0,1
1,0,0,0,1
1,0,0,0,1
1,0,0,0,1
1,0,0,0,1
1,0,0,0,1
1,0,0,0,1
3,0,0,0,3
1,0,0,0,1
2,0,0,0,2
1,0,0,0,1
2,0,0,0,2
1,0,0,0,1
1,0,0,0,1
1,0,0,0,1
1,0,0,0,1
1,0,0,0,1
1,0,0,0,1
1,0,0,0,1
1,0,0,0,1
1,0,0,0,1
1,0,0,0,1
4,0,0,0,4
1,0,0,0,1
2,0,0,0,2
1,0,0,0,1
1,0,0,0,1
1,0,0,0,1
1,0,0,0,1
1,0,0,0,1
1,0,0,0,1
1,0,0,0,1
1,0,0,0,1
1,0,0,0,1
1,0,0,0,1
1,2,1,0,4
1,0,0,0,1
1,0,0,0,1
1,0,0,0,1
1,0,0,0,1
2,0,0,0,2
1,0,0,0,1
2,0,0,0,2
1,0,0,0,1
3,0,0,0,3
1,0,0,0,1
2,0,0,0,2
1,0,0,0,1
1,9,0,0,10
1,0,0,0,1
1,0,0,0,1
1,0,0,0,1
1,0,0,0,1
2,0,0,0,2
1,0,0,0,1
3,0,0,0,3
3,0,0,0,3
3,0,0,0,3
1,0,0,0,1
2,0,0,0,2
1,0,0,0,1
1,0,0,0,1
1,0,0,0,1
3,0,0,0,3
1,0,0,0,1
1,0,0,0,1
1,0,0,0,1
1,0,0,0,1
2,0,0,0,2
1,2,0,0,3
1,0,0,0,1
2,0,0,0,2
1,0,0,0,1
1,0,0,0,1
1,0,0,0,1
1,0,0,0,1
3,0,0,0,3
1,0,0,0,1
3,3,0,0,6
1,0,0,0,1
1,0,0,0,1
1,3,0,0,4
1,0,0,0,1
1,0,0,0,1
1,0,0,0,1
1,0,0,0,1
1,0,0,0,1
1,0,0,0,1
2,0,0,0,2
1,0,0,0,1
1,0,0,0,1
1,0,0,0,1
1,0,0,0,1
1,0,0,0,1
7,0,0,0,7
1,0,0,0,1
5,0,0,0,5
1,0,0,0,1
1,0,0,0,1
1,0,0,0,1
1,0,0,0,1
1,0,0,0,1
1,0,0,0,1
1,0,0,0,1
1,0,0,0,1
1,0,0,0,1
1,0,0,0,1
1,1,0,0,2
1,2,0,0,3
1,0,0,0,1
1,0,0,0,1
1,0,0,0,1
1,0,0,0,1
1,0,0,0,1
3,0,0,0,3
1,0,0,0,1
1,0,0,0,1
1,0,0,0,1
2,0,0,0,2
5,0,0,0,5
1,0,0,0,1
1,0,0,0,1
1,0,0,0,1
2,0,0,0,2
2,0,0,0,2
1,0,0,0,1
1,0,0,0,1
1,0,0,0,1
1,0,0,0,1
1,0,0,0,1
1,0,0,0,1
1,0,0,0,1
1,0,0,0,1
4,8,3,0,15
1,0,0,0,1
2,0,0,0,2
2,0,0,0,2
1,0,0,0,1
1,0,0,0,1
1,0,0,0,1
1,0,0,0,1
1,0,0,0,1
1,0,0,0,1
1,0,0,0,1
1,0,0,0,1
1,0,0,0,1
1,0,0,0,1
1,0,0,0,1
1,4,0,0,5
1,0,0,0,1
2,2,0,0,4
1,0,0,0,1
1,0,0,0,1
1,0,0,0,1
1,0,0,0,1
2,0,0,0,2
1,0,0,0,1
1,0,0,0,1
1,0,0,0,1
1,0,0,0,1
1,0,0,0,1
1,0,0,0,1
1,0,0,0,1
1,0,0,0,1
1,0,0,0,1
1,0,0,0,1
1,0,0,0,1
1,0,0,0,1
1,0,0,0,1
1,0,0,0,1
1,0,0,0,1
1,0,0,0,1
1,0,0,0,1
1,0,0,0,1
1,0,0,0,1
2,0,0,0,2
1,0,0,0,1
1,0,0,0,1
1,0,0,0,1
1,0,0,0,1
2,0,0,0,2
1,0,0,0,1
2,0,0,0,2
1,0,0,0,1
1,0,0,0,1
1,0,0,0,1
1,0,0,0,1
2,0,0,0,2
1,0,0,0,1
1,0,0,0,1
3,0,0,0,3
1,0,0,0,1
1,0,0,0,1
1,0,0,0,1
1,0,0,0,1
1,0,0,0,1
1,0,0,0,1
1,0,0,0,1
1,0,0,0,1
1,0,0,0,1
2,2,0,0,4
1,0,0,0,1
2,2,0,0,4
1,0,0,0,1
5,2,0,0,7
1,0,0,0,1
1,0,0,0,1
1,0,0,0,1
1,0,0,0,1
1,0,0,0,1
1,0,0,0,1
1,0,0,0,1
1,0,0,0,1
1,0,0,0,1
1,0,0,0,1
1,0,0,0,1
1,0,0,0,1
1,0,0,0,1
1,0,0,0,1
1,0,0,0,1
1,0,0,0,1
1,0,0,0,1
1,0,0,0,1
1,0,0,0,1
1,0,0,0,1
1,0,0,0,1
1,0,0,0,1
1,0,0,0,1
1,0,0,0,1
1,0,0,0,1
1,0,0,0,1
1,0,0,0,1
2,0,0,0,2
3,0,0,0,3
2,0,0,0,2
3,0,0,0,3
1,0,0,0,1
2,0,0,0,2
1,0,0,0,1
1,0,0,0,1
1,0,0,0,1
2,1,0,0,3
1,0,0,0,1
1,0,0,0,1
1,0,0,0,1
2,0,0,0,2
1,0,0,0,1
1,0,0,0,1
2,0,0,0,2
1,0,0,0,1
1,0,0,0,1
1,0,0,0,1
1,0,0,0,1
1,0,0,0,1
1,0,0,0,1
1,2,1,0,4
1,0,0,0,1
2,0,0,0,2
2,0,0,0,2
2,2,0,0,4
1,0,0,0,1
1,0,0,0,1
1,0,0,0,1
1,0,0,0,1
1,0,0,0,1
1,0,0,0,1
2,0,0,0,2
1,0,0,0,1
1,0,0,0,1
1,0,0,0,1
1,0,0,0,1
2,0,0,0,2
1,0,0,0,1
1,0,0,0,1
2,0,0,0,2
1,0,0,0,1
1,0,0,0,1
2,0,0,0,2
1,0,0,0,1
1,6,0,0,7
2,0,0,0,2
1,0,0,0,1
1,0,0,0,1
1,0,0,0,1
1,0,0,0,1
1,0,0,0,1
1,0,0,0,1
2,0,0,0,2
1,0,0,0,1
2,0,0,0,2
2,0,0,0,2
1,0,0,0,1
1,0,0,0,1
1,0,0,0,1
1,0,0,0,1
1,0,0,0,1
1,0,0,0,1
1,0,0,0,1
1,0,0,0,1
1,0,0,0,1
1,4,0,0,5
1,0,0,0,1
1,0,0,0,1
3,0,0,0,3
1,0,0,0,1
1,0,0,0,1
2,0,0,0,2
1,0,0,0,1
1,0,0,0,1
1,0,0,0,1
1,0,0,0,1
1,0,0,0,1
1,0,0,0,1
1,0,0,0,1
1,0,0,0,1
1,0,0,0,1
1,0,0,0,1
1,0,0,0,1
2,0,0,0,2
1,0,0,0,1
1,0,0,0,1
1,0,0,0,1
1,0,0,0,1
1,0,0,0,1
1,0,0,0,1
1,0,0,0,1
1,0,0,0,1
4,0,0,0,4
1,0,0,0,1
1,0,0,0,1
1,2,0,0,3
1,0,0,0,1
1,0,0,0,1
1,5,2,0,8
1,0,0,0,1
4,0,0,0,4
1,0,0,0,1
1,0,0,0,1
1,0,0,0,1
1,0,0,0,1
1,0,0,0,1
1,0,0,0,1
4,0,0,0,4
1,0,0,0,1
1,0,0,0,1
2,0,0,0,2
1,0,0,0,1
1,0,0,0,1
2,4,0,0,6
1,0,0,0,1
1,0,0,0,1
1,0,0,0,1
1,0,0,0,1
1,0,0,0,1
2,0,0,0,2
1,0,0,0,1
1,0,0,0,1
1,0,0,0,1
1,1,0,0,2
1,0,0,0,1
1,0,0,0,1
1,0,0,0,1
1,0,0,0,1
2,0,0,0,2
4,1,0,0,5
1,0,0,0,1
2,0,0,0,2
1,0,0,0,1
1,0,0,0,1
1,0,0,0,1
1,0,0,0,1
1,0,0,0,1
1,0,0,0,1
1,0,0,0,1
1,0,0,0,1
3,2,0,0,5
1,0,0,0,1
1,0,0,0,1
1,0,0,0,1
1,0,0,0,1
1,0,0,0,1
1,0,0,0,1
2,0,0,0,2
1,0,0,0,1
1,0,0,0,1
1,0,0,0,1
1,0,0,0,1
1,0,0,0,1
1,0,0,0,1
1,0,0,0,1
1,0,0,0,1
1,0,0,0,1
1,0,0,0,1
3,0,0,0,3
1,0,0,0,1
1,0,0,0,1
1,0,0,0,1
1,0,0,0,1
1,0,0,0,1
2,0,0,0,2
1,0,0,0,1
7,0,0,0,7
2,0,0,0,2
2,0,0,0,2
1,0,0,0,1
1,0,0,0,1
1,0,0,0,1
1,0,0,0,1
1,0,0,0,1
1,0,0,0,1
2,0,0,0,2
1,0,0,0,1
1,0,0,0,1
1,0,0,0,1
1,0,0,0,1
1,0,0,0,1
1,0,0,0,1
1,0,0,0,1
1,0,0,0,1
1,0,0,0,1
1,0,0,0,1
1,0,0,0,1
1,0,0,0,1
1,0,0,0,1
1,0,0,0,1
1,0,0,0,1
1,5,0,0,6
1,0,0,0,1
1,0,0,0,1
1,0,0,0,1
1,0,0,0,1
1,0,0,0,1
1,0,0,0,1
1,0,0,0,1
1,0,0,0,1
1,0,0,0,1
1,0,0,0,1
1,0,0,0,1
1,0,0,0,1
1,0,0,0,1
1,0,0,0,1
1,0,0,0,1
2,0,0,0,2
1,0,0,0,1
1,0,0,0,1
1,0,0,0,1
2,0,0,0,2
1,0,0,0,1
3,0,0,0,3
1,0,0,0,1
1,0,0,0,1
1,0,0,0,1
1,0,0,0,1
1,0,0,0,1
1,0,0,0,1
1,0,0,0,1
6,0,0,0,6
1,0,0,0,1
1,0,0,0,1
1,0,0,0,1
1,0,0,0,1
1,0,0,0,1
1,0,0,0,1
1,0,0,0,1
1,0,0,0,1
1,0,0,0,1
1,0,0,0,1
1,0,0,0,1
1,0,0,0,1
1,0,0,0,1
1,0,0,0,1
1,0,0,0,1
1,0,0,0,1
2,0,0,0,2
1,0,0,0,1
1,0,0,0,1
1,0,0,0,1
1,0,0,0,1
1,0,0,0,1
1,2,0,0,3
1,0,0,0,1
2,0,0,0,2
1,0,0,0,1
1,0,0,0,1
1,0,0,0,1
1,0,0,0,1
1,0,0,0,1
1,0,0,0,1
2,0,0,0,2
1,0,0,0,1
1,0,0,0,1
2,0,0,0,2
1,0,0,0,1
1,0,0,0,1
1,0,0,0,1
1,0,0,0,1
1,0,0,0,1
1,0,0,0,1
1,0,0,0,1
1,0,0,0,1
1,0,0,0,1
1,0,0,0,1
1,0,0,0,1
1,0,0,0,1
1,0,0,0,1
2,0,0,0,2
2,0,0,0,2
2,0,0,0,2
1,0,0,0,1
1,0,0,0,1
1,0,0,0,1
1,0,0,0,1
2,0,0,0,2
2,0,0,0,2
1,7,0,0,8
1,0,0,0,1
1,0,0,0,1
1,0,0,0,1
1,0,0,0,1
1,0,0,0,1
1,592,0,0,593
1,0,0,0,1
1,0,0,0,1
1,0,0,0,1
1,0,0,0,1
1,0,0,0,1
1,0,0,0,1
1,0,0,0,1
1,0,0,0,1
1,0,0,0,1
1,0,0,0,1
2,0,0,0,2
1,0,0,0,1
1,0,0,0,1
2,0,0,0,2
1,0,0,0,1
1,0,0,0,1
1,0,0,0,1
1,0,0,0,1
1,0,0,0,1
1,0,0,0,1
1,0,0,0,1
2,4,2,0,8
2,0,0,0,2
1,0,0,0,1
2,0,0,0,2
1,0,0,0,1
1,0,0,0,1
2,0,0,0,2
1,0,0,0,1
1,0,0,0,1
1,0,0,0,1
1,0,0,0,1
1,0,0,0,1
1,0,0,0,1
1,0,0,0,1
1,0,0,0,1
1,0,0,0,1
2,0,0,0,2
1,0,0,0,1
1,0,0,0,1
1,0,0,0,1
1,0,0,0,1
1,0,0,0,1
1,0,0,0,1
1,0,0,0,1
1,0,0,0,1
2,2,0,0,4
1,0,0,0,1
1,0,0,0,1
1,0,0,0,1
1,0,0,0,1
3,0,0,0,3
1,0,0,0,1
1,0,0,0,1
1,0,0,0,1
1,0,0,0,1
1,0,0,0,1
1,0,0,0,1
1,0,0,0,1
1,0,0,0,1
1,0,0,0,1
1,0,0,0,1
1,0,0,0,1
2,0,0,0,2
1,0,0,0,1
1,0,0,0,1
1,0,0,0,1
1,0,0,0,1
1,0,0,0,1
1,0,0,0,1
1,0,0,0,1
2,0,0,0,2
3,0,0,0,3
1,0,0,0,1
1,0,0,0,1
1,0,0,0,1
1,0,0,0,1
1,0,0,0,1
1,0,0,0,1
1,0,0,0,1
1,0,0,0,1
1,0,0,0,1
1,0,0,0,1
1,0,0,0,1
1,0,0,0,1
3,5,0,0,8
1,0,0,0,1
1,0,0,0,1
1,0,0,0,1
1,0,0,0,1
1,0,0,0,1
1,0,0,0,1
1,0,0,0,1
1,0,0,0,1
1,0,0,0,1
1,0,0,0,1
1,0,0,0,1
1,0,0,0,1
1,0,0,0,1
1,3,0,0,4
2,0,0,0,2
1,0,0,0,1
1,0,0,0,1
1,0,0,0,1
1,239,7,0,247
1,0,0,0,1
1,0,0,0,1
1,0,0,0,1
1,0,0,0,1
3,0,0,0,3
1,0,0,0,1
1,0,0,0,1
1,0,0,0,1
1,34,0,0,35
1,0,0,0,1
1,0,0,0,1
1,0,0,0,1
1,0,0,0,1
1,0,0,0,1
3,6,1,0,10
1,0,0,0,1
1,0,0,0,1
1,0,0,0,1
1,0,0,0,1
1,0,0,0,1
1,0,0,0,1
3,0,0,0,3
2,0,0,0,2
1,0,0,0,1
1,0,0,0,1
1,0,0,0,1
1,0,0,0,1
1,0,0,0,1
1,0,0,0,1
1,0,0,0,1
1,0,0,0,1
1,0,0,0,1
1,0,0,0,1
1,0,0,0,1
1,0,0,0,1
2,0,0,0,2
1,0,0,0,1
1,0,0,0,1
1,0,0,0,1
1,0,0,0,1
1,0,0,0,1
4,2,0,0,6
1,0,0,0,1
1,0,0,0,1
1,0,0,0,1
2,0,0,0,2
1,0,0,0,1
1,0,0,0,1
1,0,0,0,1
2,0,0,0,2
1,0,0,0,1
1,0,0,0,1
1,0,0,0,1
1,0,0,0,1
1,0,0,0,1
1,0,0,0,1
2,14,0,0,16
1,0,0,0,1
1,0,0,0,1
1,0,0,0,1
1,0,0,0,1
1,0,0,0,1
1,0,0,0,1
1,0,0,0,1
1,0,0,0,1
2,0,0,0,2
4,0,0,0,4
1,0,0,0,1
1,0,0,0,1
1,0,0,0,1
1,0,0,0,1
1,0,0,0,1
1,0,0,0,1
1,0,0,0,1
2,0,0,0,2
1,0,0,0,1
1,0,0,0,1
3,1,0,0,4
1,0,0,0,1
1,0,0,0,1
1,0,0,0,1
1,0,0,0,1
1,0,0,0,1
1,0,0,0,1
1,0,0,0,1
1,0,0,0,1
1,0,0,0,1
1,0,0,0,1
4,0,0,0,4
1,0,0,0,1
1,0,0,0,1
1,0,0,0,1
1,0,0,0,1
6,6,0,0,12
1,0,0,0,1
1,0,0,0,1
1,0,0,0,1
1,0,0,0,1
1,0,0,0,1
1,0,0,0,1
1,0,0,0,1
1,8,0,0,9
1,0,0,0,1
1,0,0,0,1
2,0,0,0,2
1,0,0,0,1
1,0,0,0,1
3,0,0,0,3
2,0,0,0,2
2,0,0,0,2
1,0,0,0,1
1,0,0,0,1
2,0,0,0,2
2,2,1,0,5
1,0,0,0,1
1,0,0,0,1
2,0,0,0,2
1,0,0,0,1
3,0,0,0,3
1,0,0,0,1
1,0,0,0,1
2,0,0,0,2
1,0,0,0,1
1,0,0,0,1
1,0,0,0,1
1,0,0,0,1
1,0,0,0,1
1,0,0,0,1
1,0,0,0,1
1,0,0,0,1
1,1,0,0,2
1,0,0,0,1
3,0,0,0,3
1,0,0,0,1
1,0,0,0,1
3,0,0,0,3
1,0,0,0,1
3,24,0,0,27
1,0,0,0,1
3,0,0,0,3
1,0,0,0,1
2,0,0,0,2
1,12,0,0,13
1,0,0,0,1
1,0,0,0,1
1,0,0,0,1
1,0,0,0,1
1,0,0,0,1
1,1,0,0,2
2,0,0,0,2
1,0,0,0,1
1,0,0,0,1
1,0,0,0,1
1,0,0,0,1
1,0,0,0,1
1,0,0,0,1
1,0,0,0,1
1,0,0,0,1
1,0,0,0,1
2,0,0,0,2
1,0,0,0,1
1,0,0,0,1
1,0,0,0,1
1,0,0,0,1
1,0,0,0,1
3,29,1,0,33
1,0,0,0,1
2,0,0,0,2
1,0,0,0,1
1,0,0,0,1
2,6,2,0,10
1,0,0,0,1
1,0,0,0,1
1,0,0,0,1
1,0,0,0,1
1,0,0,0,1
2,0,0,0,2
1,0,0,0,1
1,0,0,0,1
1,0,0,0,1
1,0,0,0,1
1,0,0,0,1
1,0,0,0,1
1,0,0,0,1
1,0,0,0,1
1,0,0,0,1
2,0,0,0,2
3,0,0,0,3
1,0,0,0,1
1,0,0,0,1
2,0,0,0,2
1,0,0,0,1
1,0,0,0,1
1,0,0,0,1
1,0,0,0,1
1,0,0,0,1
1,0,0,0,1
1,0,0,0,1
1,0,0,0,1
1,0,0,0,1
2,0,0,0,2
1,0,0,0,1
2,0,0,0,2
1,0,0,0,1
1,0,0,0,1
1,0,0,0,1
1,0,0,0,1
1,4,1,0,6
2,0,0,0,2
2,0,0,0,2
3,0,0,0,3
1,0,0,0,1
1,0,0,0,1
1,0,0,0,1
1,0,0,0,1
1,0,0,0,1
1,0,0,0,1
1,0,0,0,1
2,0,0,0,2
1,0,0,0,1
1,0,0,0,1
1,0,0,0,1
1,0,0,0,1
1,0,0,0,1
1,0,0,0,1
1,0,0,0,1
2,0,0,0,2
1,0,0,0,1
1,0,0,0,1
1,0,0,0,1
1,0,0,0,1
1,0,0,0,1
1,0,0,0,1
1,0,0,0,1
1,0,0,0,1
1,0,0,0,1
1,0,0,0,1
1,0,0,0,1
1,0,0,0,1
1,0,0,0,1
1,0,0,0,1
1,0,0,0,1
1,0,0,0,1
1,0,0,0,1
2,0,0,0,2
2,0,0,0,2
1,0,0,0,1
1,0,0,0,1
1,0,0,0,1
1,0,0,0,1
1,0,0,0,1
1,0,0,0,1
2,0,0,0,2
1,0,0,0,1
1,0,0,0,1
1,0,0,0,1
1,3,0,0,4
1,0,0,0,1
1,0,0,0,1
1,0,0,0,1
1,0,0,0,1
2,0,0,0,2
1,0,0,0,1
1,0,0,0,1
1,0,0,0,1
1,0,0,0,1
1,0,0,0,1
1,0,0,0,1
1,0,0,0,1
1,0,0,0,1
1,0,0,0,1
1,0,0,0,1
1,0,0,0,1
1,0,0,0,1
1,0,0,0,1
1,0,0,0,1
1,0,0,0,1
1,0,0,0,1
1,0,0,0,1
1,0,0,0,1
1,0,0,0,1
1,0,0,0,1
1,0,0,0,1
1,0,0,0,1
1,0,0,0,1
1,0,0,0,1
3,8,1,0,12
1,0,0,0,1
1,0,0,0,1
1,0,0,0,1
1,0,0,0,1
1,0,0,0,1
2,0,0,0,2
1,0,0,0,1
1,0,0,0,1
1,0,0,0,1
4,2,0,0,6
2,0,0,0,2
1,0,0,0,1
2,0,0,0,2
1,0,0,0,1
1,0,0,0,1
2,0,0,0,2
1,0,0,0,1
1,0,0,0,1
1,0,0,0,1
1,0,0,0,1
3,0,0,0,3
1,0,0,0,1
2,0,0,0,2
1,0,0,0,1
2,0,0,0,2
1,0,0,0,1
1,0,0,0,1
2,1,0,0,3
1,0,0,0,1
1,0,0,0,1
1,0,0,0,1
1,0,0,0,1
1,0,0,0,1
1,0,0,0,1
2,0,0,0,2
1,0,0,0,1
2,0,0,0,2
1,0,0,0,1
1,0,0,0,1
1,0,0,0,1
1,0,0,0,1
1,0,0,0,1
1,0,0,0,1
1,0,0,0,1
1,0,0,0,1
1,0,0,0,1
1,0,0,0,1
1,0,0,0,1
1,0,0,0,1
1,0,0,0,1
2,0,0,0,2
1,0,0,0,1
1,0,0,0,1
1,0,0,0,1
1,0,0,0,1
1,0,0,0,1
1,0,0,0,1
1,0,0,0,1
1,0,0,0,1
1,0,0,0,1
1,0,0,0,1
1,2,0,0,3
1,0,0,0,1
2,0,0,0,2
2,0,0,0,2
1,0,0,0,1
1,0,0,0,1
1,0,0,0,1
1,0,0,0,1
1,0,0,0,1
1,0,0,0,1
1,0,0,0,1
1,0,0,0,1
2,0,0,0,2
1,0,0,0,1
1,0,0,0,1
1,0,0,0,1
1,0,0,0,1
1,3,0,0,4
1,0,0,0,1
1,0,0,0,1
1,0,0,0,1
2,0,0,0,2
1,0,0,0,1
1,0,0,0,1
1,0,0,0,1
1,0,0,0,1
1,0,0,0,1
1,0,0,0,1
1,0,0,0,1
1,0,0,0,1
1,0,0,0,1
3,0,0,0,3
1,0,0,0,1
2,0,0,0,2
1,0,0,0,1
5,39,1,0,45
1,0,0,0,1
2,0,0,0,2
1,0,0,0,1
1,0,0,0,1
1,0,0,0,1
1,0,0,0,1
1,0,0,0,1
1,0,0,0,1
1,0,0,0,1
1,0,0,0,1
2,0,0,0,2
2,0,0,0,2
1,0,0,0,1
1,0,0,0,1
1,0,0,0,1
1,0,0,0,1
1,0,0,0,1
1,0,0,0,1
1,0,0,0,1
2,0,0,0,2
1,0,0,0,1
1,0,0,0,1
1,0,0,0,1
1,0,0,0,1
1,0,0,0,1
4,0,0,0,4
1,0,0,0,1
3,0,0,0,3
1,0,0,0,1
1,0,0,0,1
2,0,0,0,2
1,0,0,0,1
2,0,0,0,2
1,0,0,0,1
1,0,0,0,1
1,0,0,0,1
1,0,0,0,1
3,0,0,0,3
1,0,0,0,1
2,0,0,0,2
1,0,0,0,1
1,0,0,0,1
1,0,0,0,1
1,0,0,0,1
1,0,0,0,1
1,0,0,0,1
1,0,0,0,1
1,0,0,0,1
1,0,0,0,1
1,0,0,0,1
1,0,0,0,1
1,0,0,0,1
1,0,0,0,1
1,0,0,0,1
1,0,0,0,1
1,0,0,0,1
1,0,0,0,1
1,1,0,0,2
1,0,0,0,1
1,0,0,0,1
1,0,0,0,1
1,0,0,0,1
1,0,0,0,1
1,0,0,0,1
1,0,0,0,1
1,0,0,0,1
1,0,0,0,1
1,0,0,0,1
1,0,0,0,1
1,0,0,0,1
1,0,0,0,1
1,0,0,0,1
1,0,0,0,1
1,0,0,0,1
1,0,0,0,1
1,0,0,0,1
1,0,0,0,1
1,0,0,0,1
1,0,0,0,1
1,0,0,0,1
2,0,0,0,2
2,0,0,0,2
1,0,0,0,1
1,0,0,0,1
2,0,0,0,2
1,0,0,0,1
1,0,0,0,1
1,0,0,0,1
1,0,0,0,1
1,9,0,0,10
2,2,0,0,4
1,0,0,0,1
1,0,0,0,1
1,0,0,0,1
1,0,0,0,1
1,0,0,0,1
1,0,0,0,1
2,0,0,0,2
1,0,0,0,1
1,0,0,0,1
1,0,0,0,1
1,0,0,0,1
1,0,0,0,1
1,0,0,0,1
1,0,0,0,1
1,0,0,0,1
1,5,0,0,6
1,0,0,0,1
1,0,0,0,1
1,0,0,0,1
1,0,0,0,1
1,0,0,0,1
2,0,0,0,2
1,0,0,0,1
2,0,0,0,2
1,0,0,0,1
1,0,0,0,1
1,0,0,0,1
1,0,0,0,1
2,0,0,0,2
1,0,0,0,1
1,0,0,0,1
3,1,0,0,4
1,0,0,0,1
1,0,0,0,1
1,0,0,0,1
1,0,0,0,1
1,0,0,0,1
1,0,0,0,1
2,0,0,0,2
1,0,0,0,1
2,0,0,0,2
2,0,0,0,2
1,0,0,0,1
1,0,0,0,1
3,0,0,0,3
1,0,0,0,1
2,0,0,0,2
1,0,0,0,1
1,0,0,0,1
1,0,0,0,1
1,0,0,0,1
2,2,0,0,4
1,0,0,0,1
1,0,0,0,1
1,0,0,0,1
1,0,0,0,1
2,0,0,0,2
1,0,0,0,1
2,0,0,0,2
3,0,0,0,3
1,0,0,0,1
1,0,0,0,1
1,0,0,0,1
1,8,0,0,9
1,0,0,0,1
2,0,0,0,2
1,0,0,0,1
1,0,0,0,1
1,0,0,0,1
1,0,0,0,1
1,0,0,0,1
1,0,0,0,1
1,0,0,0,1
1,0,0,0,1
1,0,0,0,1
1,0,0,0,1
1,0,0,0,1
1,0,0,0,1
1,0,0,0,1
2,0,0,0,2
1,0,0,0,1
1,0,0,0,1
2,0,0,0,2
1,0,0,0,1
1,0,0,0,1
1,0,0,0,1
1,0,0,0,1
2,0,0,0,2
1,0,0,0,1
1,0,0,0,1
1,0,0,0,1
1,0,0,0,1
1,0,0,0,1
3,0,0,0,3
1,0,0,0,1
1,0,0,0,1
1,0,0,0,1
1,0,0,0,1
1,0,0,0,1
1,0,0,0,1
1,0,0,0,1
1,0,0,0,1
1,0,0,0,1
1,0,0,0,1
1,0,0,0,1
3,0,0,0,3
1,0,0,0,1
1,0,0,0,1
1,0,0,0,1
1,0,0,0,1
1,0,0,0,1
1,0,0,0,1
1,0,0,0,1
1,0,0,0,1
1,0,0,0,1
1,1,0,0,2
1,0,0,0,1
1,0,0,0,1
3,0,1,0,4
1,0,0,0,1
2,0,0,0,2
1,0,0,0,1
1,0,0,0,1
1,0,0,0,1
1,0,0,0,1
1,0,0,0,1
1,0,0,0,1
2,0,0,0,2
1,0,0,0,1
1,0,0,0,1
1,0,0,0,1
1,0,0,0,1
2,0,0,0,2
1,0,0,0,1
1,0,0,0,1
1,0,0,0,1
1,0,0,0,1
1,0,0,0,1
1,0,0,0,1
1,0,0,0,1
1,0,0,0,1
1,0,0,0,1
1,0,0,0,1
1,0,0,0,1
1,0,0,0,1
1,34,0,0,35
6,0,0,0,6
1,10,1,0,12
1,0,0,0,1
1,0,0,0,1
1,0,0,0,1
1,1,0,0,2
1,0,0,0,1
1,0,0,0,1
1,0,0,0,1
1,0,0,0,1
1,0,0,0,1
1,0,0,0,1
1,0,0,0,1
1,0,0,0,1
1,0,0,0,1
1,0,0,0,1
1,0,0,0,1
1,0,0,0,1
2,0,0,0,2
1,0,0,0,1
1,0,0,0,1
1,0,0,0,1
1,0,0,0,1
1,0,0,0,1
2,0,0,0,2
1,0,0,0,1
1,0,0,0,1
1,0,0,0,1
1,0,0,0,1
1,0,0,0,1
1,0,0,0,1
1,0,0,0,1
1,0,0,0,1
3,0,0,0,3
1,0,0,0,1
1,0,0,0,1
1,0,0,0,1
1,0,0,0,1
1,1,0,0,2
1,0,0,0,1
1,2,0,0,3
1,0,0,0,1
1,0,0,0,1
1,0,0,0,1
1,0,0,0,1
1,2,0,0,3
1,0,0,0,1
3,0,0,0,3
1,0,0,0,1
1,0,0,0,1
1,0,0,0,1
1,0,0,0,1
1,0,0,0,1
1,0,0,0,1
1,4,0,0,5
1,0,0,0,1
1,0,0,0,1
1,0,0,0,1
1,0,0,0,1
1,0,0,0,1
1,0,0,0,1
1,0,0,0,1
1,0,0,0,1
1,0,0,0,1
1,0,0,0,1
2,0,0,0,2
1,0,0,0,1
1,0,0,0,1
1,0,0,0,1
1,0,0,0,1
1,0,0,0,1
1,0,0,0,1
1,0,0,0,1
1,2,0,0,3
1,0,0,0,1
1,0,0,0,1
1,0,0,0,1
1,0,0,0,1
1,0,0,0,1
1,0,0,0,1
2,0,0,0,2
2,0,0,0,2
1,0,0,0,1
2,0,0,0,2
1,0,0,0,1
2,4,0,0,6
1,0,0,0,1
1,0,0,0,1
1,0,0,0,1
1,0,0,0,1
1,0,0,0,1
1,0,0,0,1
1,0,0,0,1
1,0,0,0,1
1,0,0,0,1
1,0,0,0,1
1,0,0,0,1
1,0,0,0,1
1,0,0,0,1
1,0,0,0,1
1,0,0,0,1
1,0,0,0,1
1,0,0,0,1
2,0,0,0,2
1,0,0,0,1
2,5,1,0,8
1,0,0,0,1
1,0,0,0,1
2,0,0,0,2
1,0,0,0,1
1,0,0,0,1
1,0,0,0,1
1,0,0,0,1
1,0,0,0,1
1,0,0,0,1
1,0,0,0,1
2,0,0,0,2
1,0,0,0,1
2,0,0,0,2
1,0,0,0,1
4,0,0,0,4
1,0,0,0,1
1,0,0,0,1
1,0,0,0,1
1,0,0,0,1
1,0,0,0,1
1,0,0,0,1
1,0,0,0,1
2,0,0,0,2
1,0,0,0,1
1,0,0,0,1
1,0,0,0,1
1,0,0,0,1
1,0,0,0,1
1,0,0,0,1
1,0,0,0,1
1,0,0,0,1
1,0,0,0,1
1,0,0,0,1
1,0,0,0,1
1,0,0,0,1
1,0,0,0,1
1,0,0,0,1
1,0,0,0,1
1,0,0,0,1
1,0,0,0,1
1,0,0,0,1
1,0,0,0,1
1,0,0,0,1
1,0,0,0,1
1,0,0,0,1
1,0,0,0,1
1,0,0,0,1
1,0,0,0,1
1,0,0,0,1
1,0,0,0,1
2,0,0,0,2
1,2,0,0,3
2,3,0,0,5
2,0,0,0,2
1,0,0,0,1
1,0,0,0,1
3,7,0,0,10
1,0,0,0,1
1,0,0,0,1
1,0,0,0,1
1,0,0,0,1
1,0,0,0,1
1,0,0,0,1
1,0,0,0,1
1,0,0,0,1
1,0,0,0,1
1,0,0,0,1
1,0,0,0,1
1,0,0,0,1
1,0,0,0,1
1,0,0,0,1
1,0,0,0,1
1,0,0,0,1
1,0,0,0,1
1,0,0,0,1
1,0,0,0,1
1,0,0,0,1
1,0,0,0,1
1,0,0,0,1
1,0,0,0,1
1,0,0,0,1
2,0,0,0,2
1,0,0,0,1
1,0,0,0,1
1,0,0,0,1
2,0,0,0,2
6,0,0,0,6
2,0,0,0,2
1,0,0,0,1
1,0,0,0,1
1,0,0,0,1
2,0,0,0,2
1,0,0,0,1
1,0,0,0,1
1,0,0,0,1
1,0,0,0,1
1,0,0,0,1
1,0,0,0,1
1,0,0,0,1
1,0,0,0,1
1,0,0,0,1
1,0,0,0,1
1,0,0,0,1
1,0,0,0,1
1,0,0,0,1
1,0,0,0,1
1,0,0,0,1
1,0,0,0,1
1,0,0,0,1
1,0,0,0,1
1,0,0,0,1
1,0,0,0,1
3,0,0,0,3
1,0,0,0,1
2,0,0,0,2
3,0,0,0,3
1,0,0,0,1
1,0,0,0,1
1,0,0,0,1
1,0,0,0,1
3,0,0,0,3
1,0,0,0,1
1,0,0,0,1
2,0,0,0,2
2,0,0,0,2
1,0,0,0,1
1,0,0,0,1
1,0,0,0,1
2,0,0,0,2
1,0,0,0,1
1,0,0,0,1
1,0,0,0,1
1,0,0,0,1
1,0,0,0,1
1,0,0,0,1
2,0,0,0,2
1,0,0,0,1
1,0,0,0,1
1,0,0,0,1
3,0,0,0,3
1,0,0,0,1
1,0,0,0,1
1,0,0,0,1
1,0,0,0,1
1,0,0,0,1
1,0,0,0,1
1,0,0,0,1
3,8,0,0,11
1,0,1,0,2
1,0,0,0,1
2,0,0,0,2
1,5,0,0,6
1,0,0,0,1
3,0,0,0,3
1,0,0,0,1
1,0,0,0,1
1,0,0,0,1
1,0,0,0,1
1,0,0,0,1
1,0,0,0,1
1,0,0,0,1
1,0,0,0,1
1,0,0,0,1
1,0,0,0,1
1,0,0,0,1
2,0,0,0,2
1,0,0,0,1
1,0,0,0,1
1,0,0,0,1
1,0,0,0,1
1,0,0,0,1
1,0,0,0,1
1,0,0,0,1
1,0,0,0,1
1,0,0,0,1
1,0,0,0,1
1,0,0,0,1
1,0,0,0,1
1,0,0,0,1
1,0,0,0,1
1,0,0,0,1
1,0,0,0,1
1,0,0,0,1
1,0,0,0,1
1,0,0,0,1
2,0,0,0,2
2,1,0,0,3
1,0,0,0,1
1,0,0,0,1
1,0,0,0,1
1,0,0,0,1
1,0,0,0,1
3,124,0,0,127
2,0,0,0,2
6,0,0,0,6
1,0,0,0,1
1,0,0,0,1
1,0,0,0,1
1,0,0,0,1
1,0,0,0,1
1,0,0,0,1
1,0,0,0,1
1,0,0,0,1
1,0,0,0,1
1,0,0,0,1
1,0,0,0,1
1,0,0,0,1
1,0,0,0,1
1,0,0,0,1
1,0,0,0,1
1,0,0,0,1
1,0,0,0,1
1,0,0,0,1
2,0,0,0,2
1,0,0,0,1
1,1,0,0,2
1,0,0,0,1
1,0,0,0,1
1,0,0,0,1
1,0,0,0,1
4,0,0,0,4
1,0,0,0,1
1,0,0,0,1
3,0,0,0,3
2,0,0,0,2
1,0,0,0,1
2,0,0,0,2
1,0,0,0,1
1,0,0,0,1
1,0,0,0,1
1,0,0,0,1
1,0,0,0,1
1,0,0,0,1
3,0,0,0,3
1,0,0,0,1
3,0,0,0,3
1,0,0,0,1
1,0,0,0,1
2,0,0,0,2
1,0,0,0,1
1,0,0,0,1
1,0,0,0,1
1,0,0,0,1
1,0,0,0,1
1,0,0,0,1
1,0,0,0,1
1,0,0,0,1
2,0,0,0,2
1,0,0,0,1
1,0,0,0,1
1,0,0,0,1
1,0,0,0,1
2,0,0,0,2
1,0,0,0,1
1,0,0,0,1
1,0,0,0,1
1,0,0,0,1
1,0,0,0,1
3,0,0,0,3
1,0,0,0,1
2,0,0,0,2
1,0,0,0,1
1,0,0,0,1
1,0,0,0,1
1,0,0,0,1
1,0,0,0,1
2,0,0,0,2
1,0,0,0,1
2,0,0,0,2
1,0,0,0,1
1,0,0,0,1
1,0,0,0,1
2,0,0,0,2
1,0,0,0,1
1,0,0,0,1
1,0,0,0,1
1,0,0,0,1
1,0,0,0,1
1,0,0,0,1
1,0,0,0,1
1,0,0,0,1
1,0,0,0,1
1,0,0,0,1
1,0,0,0,1
1,0,0,0,1
1,0,0,0,1
1,0,0,0,1
2,0,0,0,2
1,0,0,0,1
1,0,0,0,1
1,41,0,0,42
1,8,1,0,10
1,0,0,0,1
2,0,0,0,2
2,0,0,0,2
2,0,0,0,2
3,0,0,0,3
3,0,0,0,3
1,0,0,0,1
1,0,0,0,1
1,0,0,0,1
1,0,0,0,1
1,0,0,0,1
3,1,0,0,4
1,0,0,0,1
1,0,0,0,1
1,0,0,0,1
1,0,0,0,1
1,0,0,0,1
1,0,0,0,1
1,0,0,0,1
1,0,0,0,1
2,0,0,0,2
1,0,0,0,1
1,0,0,0,1
1,0,0,0,1
1,0,0,0,1
1,0,0,0,1
1,0,0,0,1
1,0,0,0,1
2,5,0,0,7
1,0,0,0,1
1,0,0,0,1
1,0,0,0,1
1,0,0,0,1
1,0,0,0,1
1,0,0,0,1
1,0,0,0,1
1,0,0,0,1
5,0,0,0,5
1,0,0,0,1
1,0,0,0,1
1,0,0,0,1
1,0,0,0,1
2,0,0,0,2
1,0,0,0,1
1,0,0,0,1
1,0,0,0,1
1,0,0,0,1
1,0,0,0,1
1,0,0,0,1
1,0,0,0,1
1,0,0,0,1
2,0,0,0,2
1,0,0,0,1
1,0,0,0,1
1,0,0,0,1
1,0,0,0,1
1,0,0,0,1
1,0,0,0,1
1,0,0,0,1
2,0,0,0,2
2,0,0,0,2
1,0,0,0,1
1,0,0,0,1
1,0,0,0,1
1,0,0,0,1
1,0,0,0,1
1,0,0,0,1
2,0,0,0,2
1,0,0,0,1
2,0,0,0,2
1,0,0,0,1
1,4,0,0,5
1,0,0,0,1
1,1,0,0,2
1,0,0,0,1
1,0,0,0,1
4,0,0,0,4
3,0,0,0,3
1,0,0,0,1
1,0,0,0,1
1,0,0,0,1
1,0,0,0,1
2,0,0,0,2
1,0,0,0,1
1,0,0,0,1
1,0,0,0,1
1,0,0,0,1
1,0,0,0,1
2,4,0,0,6
1,0,0,0,1
1,0,0,0,1
1,0,0,0,1
1,0,0,0,1
1,0,0,0,1
3,0,0,0,3
4,0,0,0,4
1,0,0,0,1
1,0,0,0,1
1,0,0,0,1
1,0,0,0,1
1,0,0,0,1
1,0,0,0,1
1,0,0,0,1
1,0,0,0,1
1,0,0,0,1
1,0,0,0,1
2,0,0,0,2
2,0,0,0,2
1,0,0,0,1
3,0,0,0,3
2,0,0,0,2
2,0,0,0,2
2,0,0,0,2
1,0,0,0,1
1,0,0,0,1
1,0,0,0,1
1,0,0,0,1
1,0,0,0,1
1,0,0,0,1
1,0,0,0,1
2,0,0,0,2
1,0,0,0,1
1,0,0,0,1
1,0,0,0,1
1,0,0,0,1
1,0,0,0,1
1,0,0,0,1
2,0,0,0,2
1,0,0,0,1
1,0,0,0,1
1,0,0,0,1
1,0,0,0,1
1,0,0,0,1
1,0,0,0,1
1,0,0,0,1
1,0,0,0,1
1,0,0,0,1
1,0,0,0,1
2,0,0,0,2
2,0,0,0,2
1,0,0,0,1
1,0,0,0,1
1,0,0,0,1
1,0,0,0,1
1,0,0,0,1
1,0,0,0,1
1,0,0,0,1
3,0,0,0,3
1,0,0,0,1
1,0,0,0,1
1,0,0,0,1
1,0,0,0,1
1,0,0,0,1
1,0,0,0,1
1,0,0,0,1
1,0,0,0,1
1,0,0,0,1
1,0,0,0,1
1,0,0,0,1
1,0,0,0,1
1,0,0,0,1
1,0,0,0,1
2,0,0,0,2
1,0,0,0,1
2,0,0,0,2
1,0,0,0,1
2,0,0,0,2
1,0,0,0,1
1,10,0,0,11
2,0,0,0,2
1,0,0,0,1
1,0,0,0,1
1,0,0,0,1
1,0,0,0,1
1,0,0,0,1
2,0,0,0,2
2,0,0,0,2
1,0,0,0,1
1,0,0,0,1
2,0,0,0,2
2,0,0,0,2
2,0,0,0,2
1,0,0,0,1
1,0,0,0,1
1,0,0,0,1
1,0,0,0,1
1,0,0,0,1
1,0,0,0,1
1,0,0,0,1
2,0,0,0,2
1,0,0,0,1
1,0,0,0,1
1,0,0,0,1
1,0,0,0,1
1,0,0,0,1
1,0,0,0,1
1,0,0,0,1
1,0,0,0,1
2,0,0,0,2
1,0,0,0,1
1,0,0,0,1
1,0,0,0,1
1,0,0,0,1
1,0,0,0,1
1,0,0,0,1
2,0,0,0,2
1,0,0,0,1
1,0,0,0,1
1,0,0,0,1
1,0,0,0,1
1,0,0,0,1
2,0,0,0,2
1,0,0,0,1
1,0,0,0,1
1,0,0,0,1
1,0,0,0,1
1,0,0,0,1
3,0,0,0,3
1,0,0,0,1
1,0,0,0,1
1,0,0,0,1
1,0,0,0,1
1,3,0,0,4
1,0,0,0,1
1,0,0,0,1
1,0,0,0,1
1,0,0,0,1
1,0,0,0,1
1,0,0,0,1
2,0,0,0,2
1,0,0,0,1
1,0,0,0,1
1,0,0,0,1
1,0,0,0,1
1,0,0,0,1
1,0,0,0,1
1,0,0,0,1
3,0,0,0,3
1,0,0,0,1
1,0,0,0,1
2,0,0,0,2
1,0,0,0,1
3,0,0,0,3
3,0,0,0,3
1,0,0,0,1
1,0,0,0,1
1,0,0,0,1
1,0,0,0,1
1,0,0,0,1
1,0,0,0,1
1,0,0,0,1
1,0,0,0,1
1,0,0,0,1
1,0,0,0,1
2,0,0,0,2
1,0,0,0,1
1,0,0,0,1
1,0,0,0,1
1,0,0,0,1
1,0,0,0,1
1,0,0,0,1
1,0,0,0,1
1,0,0,0,1
1,1,0,0,2
1,0,0,0,1
1,0,0,0,1
1,0,0,0,1
1,0,0,0,1
1,0,0,0,1
2,0,0,0,2
1,9,0,0,10
1,0,0,0,1
1,0,0,0,1
1,0,0,0,1
1,0,0,0,1
1,0,0,0,1
1,0,0,0,1
2,0,0,0,2
1,0,0,0,1
1,0,0,0,1
1,0,0,0,1
1,0,0,0,1
1,0,0,0,1
1,0,0,0,1
1,0,0,0,1
1,0,0,0,1
1,0,0,0,1
2,0,0,0,2
1,0,0,0,1
1,0,0,0,1
1,0,0,0,1
2,0,0,0,2
2,1,1,0,4
1,0,0,0,1
1,0,0,0,1
1,0,0,0,1
2,0,0,0,2
1,0,0,0,1
1,4,2,0,7
1,0,0,0,1
1,0,0,0,1
1,0,0,0,1
6,0,0,0,6
1,0,0,0,1
1,0,0,0,1
1,0,0,0,1
1,0,0,0,1
1,0,0,0,1
2,0,0,0,2
1,0,0,0,1
1,0,0,0,1
1,1,0,0,2
1,0,0,0,1
1,1,1,0,3
1,0,0,0,1
1,0,0,0,1
2,0,0,0,2
1,0,0,0,1
2,0,0,0,2
1,0,0,0,1
1,0,0,0,1
1,0,0,0,1
1,0,0,0,1
1,0,0,0,1
1,0,0,0,1
3,0,0,0,3
1,0,0,0,1
1,0,0,0,1
1,0,0,0,1
1,0,0,0,1
1,0,0,0,1
2,0,0,0,2
1,0,0,0,1
1,0,0,0,1
1,0,0,0,1
1,0,0,0,1
1,0,0,0,1
1,0,0,0,1
1,0,0,0,1
1,0,0,0,1
1,0,0,0,1
1,0,0,0,1
2,0,0,0,2
1,0,0,0,1
1,0,0,0,1
1,0,0,0,1
1,0,0,0,1
1,0,0,0,1
1,0,0,0,1
2,0,0,0,2
5,0,0,0,5
1,0,0,0,1
1,0,0,0,1
1,0,0,0,1
1,0,0,0,1
1,0,0,0,1
1,0,0,0,1
2,2,0,0,4
2,2,0,0,4
1,0,0,0,1
1,1,1,0,3
1,0,0,0,1
3,0,0,0,3
2,0,0,0,2
1,0,0,0,1
1,0,0,0,1
1,0,0,0,1
1,0,0,0,1
1,1,0,0,2
1,0,0,0,1
1,0,0,0,1
1,0,0,0,1
1,0,0,0,1
1,0,0,0,1
2,0,0,0,2
1,0,0,0,1
1,0,0,0,1
1,0,0,0,1
2,0,0,0,2
1,0,0,0,1
1,0,0,0,1
2,0,0,0,2
1,0,0,0,1
1,0,0,0,1
1,0,0,0,1
2,0,0,0,2
1,0,0,0,1
1,0,0,0,1
1,0,0,0,1
1,0,0,0,1
1,0,0,0,1
1,0,0,0,1
1,0,0,0,1
4,1,0,0,5
1,0,0,0,1
1,0,0,0,1
1,0,0,0,1
1,0,0,0,1
1,0,0,0,1
1,0,0,0,1
1,0,0,0,1
1,0,0,0,1
1,0,0,0,1
1,0,0,0,1
1,0,0,0,1
1,0,0,0,1
1,0,0,0,1
1,0,0,0,1
1,0,0,0,1
1,0,0,0,1
1,0,0,0,1
3,1,0,0,4
1,0,0,0,1
1,0,0,0,1
2,0,0,0,2
1,0,0,0,1
1,0,0,0,1
1,0,0,0,1
1,0,0,0,1
1,0,0,0,1
1,0,0,0,1
1,0,0,0,1
2,1,0,0,3
1,0,0,0,1
1,0,0,0,1
1,0,0,0,1
1,0,0,0,1
1,0,0,0,1
2,0,1,0,3
1,0,0,0,1
1,0,0,0,1
1,0,0,0,1
1,0,0,0,1
1,0,0,0,1
2,0,0,0,2
1,0,0,0,1
1,0,0,0,1
1,0,0,0,1
1,0,0,0,1
1,0,0,0,1
1,0,2,0,3
1,0,0,0,1
1,0,0,0,1
1,0,0,0,1
2,0,0,0,2
1,0,0,0,1
2,0,0,0,2
1,0,0,0,1
1,0,0,0,1
1,0,0,0,1
1,0,0,0,1
1,0,0,0,1
1,0,0,0,1
2,0,0,0,2
1,0,0,0,1
1,0,0,0,1
1,0,0,0,1
1,0,0,0,1
1,0,0,0,1
1,0,0,0,1
1,0,0,0,1
1,0,0,0,1
1,0,0,0,1
1,0,0,0,1
1,0,0,0,1
1,0,0,0,1
1,0,0,0,1
1,0,0,0,1
1,3,0,0,4
1,0,0,0,1
2,0,0,0,2
1,0,0,0,1
1,0,0,0,1
1,0,0,0,1
1,0,0,0,1
1,0,0,0,1
1,0,0,0,1
1,4,1,0,6
1,0,0,0,1
1,0,0,0,1
1,0,0,0,1
1,0,0,0,1
1,1,1,0,3
1,0,0,0,1
1,0,0,0,1
1,0,0,0,1
1,0,0,0,1
1,0,0,0,1
1,0,0,0,1
2,0,0,0,2
2,0,0,0,2
1,0,0,0,1
1,0,0,0,1
2,0,0,0,2
1,0,0,0,1
2,0,0,0,2
1,0,0,0,1
1,0,0,0,1
3,1,1,0,5
1,0,0,0,1
3,0,0,0,3
5,19,0,0,24
1,0,0,0,1
1,0,0,0,1
1,0,0,0,1
1,0,0,0,1
1,0,0,0,1
1,0,0,0,1
1,2,0,0,3
2,0,0,0,2
1,0,0,0,1
1,0,0,0,1
1,0,0,0,1
1,0,0,0,1
1,0,0,0,1
1,0,0,0,1
1,0,0,0,1
1,0,0,0,1
1,0,0,0,1
1,0,0,0,1
1,0,0,0,1
1,0,0,0,1
2,0,0,0,2
2,0,0,0,2
1,0,0,0,1
2,0,0,0,2
1,0,0,0,1
1,0,0,0,1
1,0,0,0,1
1,0,0,0,1
2,0,0,0,2
1,0,0,0,1
2,0,0,0,2
3,0,0,0,3
1,0,0,0,1
1,0,0,0,1
1,0,0,0,1
1,0,0,0,1
1,0,0,0,1
1,0,0,0,1
1,0,0,0,1
3,0,0,0,3
1,0,0,0,1
1,0,0,0,1
1,0,0,0,1
1,0,0,0,1
1,0,0,0,1
2,0,0,0,2
1,0,0,0,1
1,0,0,0,1
2,0,0,0,2
1,0,0,0,1
1,0,0,0,1
1,0,0,0,1
1,0,0,0,1
1,0,0,0,1
2,0,0,0,2
1,0,0,0,1
2,0,0,0,2
1,0,0,0,1
1,0,0,0,1
1,0,0,0,1
1,0,0,0,1
1,0,0,0,1
1,0,0,0,1
1,0,0,0,1
1,0,0,0,1
1,0,0,0,1
2,0,0,0,2
1,0,0,0,1
1,0,0,0,1
1,0,0,0,1
1,0,0,0,1
1,0,0,0,1
1,0,0,0,1
2,0,0,0,2
2,0,0,0,2
2,0,0,0,2
1,0,0,0,1
1,0,0,0,1
2,0,0,0,2
1,0,0,0,1
2,0,1,0,3
1,0,0,0,1
2,0,0,0,2
1,0,0,0,1
1,0,0,0,1
1,0,0,0,1
1,0,0,0,1
1,0,0,0,1
1,0,0,0,1
3,0,0,0,3
1,0,0,0,1
2,0,0,0,2
1,0,0,0,1
1,0,0,0,1
1,0,0,0,1
1,0,0,0,1
1,0,0,0,1
1,0,0,0,1
1,0,0,0,1
1,0,0,0,1
1,0,0,0,1
1,0,0,0,1
1,0,0,0,1
2,0,0,0,2
1,0,0,0,1
1,0,0,0,1
1,0,0,0,1
1,0,0,0,1
1,2,0,0,3
1,0,0,0,1
1,0,0,0,1
1,0,0,0,1
1,0,0,0,1
1,0,0,0,1
1,0,0,0,1
2,0,0,0,2
5,0,0,0,5
1,0,0,0,1
1,0,0,0,1
1,0,0,0,1
1,0,0,0,1
1,0,0,0,1
2,0,0,0,2
1,0,0,0,1
1,0,0,0,1
1,0,0,0,1
1,22,0,0,23
1,0,0,0,1
1,0,0,0,1
1,0,0,0,1
2,2,0,0,4
1,0,0,0,1
1,0,0,0,1
1,0,0,0,1
1,0,0,0,1
2,0,0,0,2
1,0,0,0,1
1,0,1,0,2
1,0,0,0,1
1,0,0,0,1
1,0,0,0,1
1,0,0,0,1
1,0,0,0,1
3,1,0,0,4
1,0,0,0,1
1,0,0,0,1
2,0,0,0,2
1,0,0,0,1
1,0,0,0,1
2,0,0,0,2
1,0,0,0,1
1,0,0,0,1
3,0,0,0,3
2,0,0,0,2
1,0,0,0,1
1,0,0,0,1
1,0,0,0,1
1,0,0,0,1
1,0,0,0,1
1,0,0,0,1
1,0,0,0,1
1,0,1,0,2
1,0,0,0,1
1,0,0,0,1
1,0,0,0,1
1,0,0,0,1
1,0,0,0,1
1,0,0,0,1
1,0,0,0,1
1,0,0,0,1
1,0,0,0,1
1,0,0,0,1
1,0,0,0,1
1,0,0,0,1
1,0,0,0,1
1,0,0,0,1
2,0,0,0,2
1,0,0,0,1
1,0,0,0,1
1,0,0,0,1
1,0,0,0,1
1,0,0,0,1
1,0,0,0,1
2,0,0,0,2
1,0,0,0,1
1,0,0,0,1
1,0,0,0,1
2,1,1,0,4
1,0,0,0,1
1,0,0,0,1
2,0,0,0,2
1,0,0,0,1
1,0,0,0,1
1,0,0,0,1
1,2,1,0,4
1,0,0,0,1
1,0,0,0,1
1,0,0,0,1
2,0,0,0,2
1,0,0,0,1
1,0,0,0,1
1,0,0,0,1
1,0,0,0,1
1,0,0,0,1
1,0,0,0,1
1,0,0,0,1
1,0,0,0,1
1,0,0,0,1
1,0,0,0,1
1,0,0,0,1
1,0,0,0,1
1,0,0,0,1
1,0,0,0,1
1,0,0,0,1
1,0,0,0,1
1,0,0,0,1
1,0,0,0,1
1,0,0,0,1
1,0,0,0,1
1,2,0,0,3
3,0,0,0,3
1,0,0,0,1
1,0,0,0,1
1,0,0,0,1
2,0,0,0,2
1,0,0,0,1
2,0,0,0,2
2,0,0,0,2
1,0,0,0,1
1,0,0,0,1
1,0,0,0,1
1,0,0,0,1
3,0,0,0,3
1,0,0,0,1
1,0,0,0,1
1,0,0,0,1
2,0,0,0,2
4,0,0,0,4
1,0,0,0,1
1,0,0,0,1
1,0,0,0,1
1,0,0,0,1
1,0,0,0,1
1,0,0,0,1
1,0,0,0,1
2,0,0,0,2
1,0,0,0,1
1,0,0,0,1
1,0,0,0,1
1,0,0,0,1
2,0,0,0,2
1,3,0,0,4
1,0,0,0,1
1,0,0,0,1
1,0,0,0,1
1,0,0,0,1
1,0,0,0,1
1,0,0,0,1
1,0,0,0,1
1,0,0,0,1
1,0,0,0,1
1,0,0,0,1
1,0,0,0,1
2,0,0,0,2
1,0,0,0,1
1,0,0,0,1
1,0,0,0,1
1,0,0,0,1
1,0,0,0,1
1,0,0,0,1
2,0,0,0,2
1,0,0,0,1
1,0,0,0,1
1,0,0,0,1
1,0,0,0,1
2,13,0,0,15
1,0,0,0,1
1,0,0,0,1
1,0,0,0,1
1,0,0,0,1
1,0,0,0,1
1,0,0,0,1
1,0,0,0,1
1,0,0,0,1
1,0,0,0,1
1,0,0,0,1
1,0,0,0,1
1,0,0,0,1
1,5,0,0,6
2,0,0,0,2
1,0,0,0,1
1,0,0,0,1
1,0,0,0,1
2,0,0,0,2
2,0,0,0,2
1,0,0,0,1
2,0,0,0,2
1,0,0,0,1
1,0,0,0,1
1,0,0,0,1
1,0,0,0,1
2,0,0,0,2
1,1,0,0,2
1,0,0,0,1
1,0,0,0,1
1,2,4,0,7
1,0,0,0,1
1,0,0,0,1
2,0,0,0,2
1,0,0,0,1
1,0,0,0,1
1,0,0,0,1
1,0,0,0,1
2,0,0,0,2
2,0,0,0,2
1,0,0,0,1
1,0,0,0,1
1,0,0,0,1
1,0,0,0,1
1,0,0,0,1
1,0,0,0,1
2,0,0,0,2
1,0,0,0,1
1,0,0,0,1
1,0,0,0,1
1,0,0,0,1
1,1,0,0,2
1,0,0,0,1
1,0,0,0,1
1,0,0,0,1
1,0,0,0,1
2,0,0,0,2
1,0,0,0,1
2,0,0,0,2
1,0,0,0,1
2,0,0,0,2
1,0,0,0,1
1,0,0,0,1
1,0,0,0,1
5,0,0,0,5
1,0,0,0,1
4,0,0,0,4
1,0,0,0,1
1,0,0,0,1
1,0,0,0,1
1,0,0,0,1
1,0,0,0,1
1,0,0,0,1
1,0,0,0,1
1,0,0,0,1
1,0,0,0,1
1,0,0,0,1
1,0,0,0,1
3,7,3,0,13
1,0,0,0,1
2,0,0,0,2
2,0,0,0,2
1,0,0,0,1
1,2,0,0,3
2,8,0,0,10
1,0,0,0,1
1,0,0,0,1
1,0,0,0,1
1,0,0,0,1
1,0,0,0,1
2,0,0,0,2
1,0,0,0,1
2,1,0,0,3
1,0,0,0,1
1,0,0,0,1
1,0,0,0,1
1,0,0,0,1
1,0,0,0,1
1,0,0,0,1
1,0,0,0,1
1,0,0,0,1
2,0,0,0,2
1,0,0,0,1
5,0,0,0,5
1,0,0,0,1
1,0,0,0,1
2,0,0,0,2
1,0,0,0,1
1,0,0,0,1
1,0,0,0,1
1,0,0,0,1
5,0,0,0,5
1,2,0,0,3
1,0,0,0,1
1,0,0,0,1
1,0,0,0,1
1,0,0,0,1
2,0,0,0,2
1,19,0,0,20
1,0,0,0,1
1,0,0,0,1
2,0,0,0,2
2,0,0,0,2
1,0,0,0,1
1,0,0,0,1
1,0,0,0,1
1,0,0,0,1
1,0,0,0,1
1,0,0,0,1
1,0,0,0,1
1,0,0,0,1
1,0,0,0,1
1,0,0,0,1
3,0,0,0,3
1,0,0,0,1
3,1,1,0,5
1,0,0,0,1
2,1,0,0,3
1,0,0,0,1
3,0,0,0,3
1,0,0,0,1
1,16,0,0,17
1,0,0,0,1
1,0,0,0,1
1,0,0,0,1
2,0,0,0,2
1,0,0,0,1
1,0,0,0,1
1,0,0,0,1
1,0,0,0,1
1,0,0,0,1
1,0,0,0,1
1,0,0,0,1
1,0,0,0,1
1,0,0,0,1
2,1,1,0,4
1,5,0,0,6
1,0,0,0,1
1,0,0,0,1
1,0,0,0,1
1,0,0,0,1
1,0,0,0,1
1,0,0,0,1
1,0,0,0,1
1,0,0,0,1
1,0,0,0,1
1,0,0,0,1
1,0,0,0,1
1,0,0,0,1
1,0,0,0,1
1,0,0,0,1
1,0,0,0,1
1,0,0,0,1
1,0,0,0,1
1,0,0,0,1
1,2,0,0,3
2,6,0,0,8
1,0,0,0,1
1,0,0,0,1
1,0,0,0,1
1,0,0,0,1
1,0,0,0,1
1,0,0,0,1
1,0,0,0,1
1,0,0,0,1
1,0,0,0,1
1,0,0,0,1
1,0,0,0,1
2,0,0,0,2
1,0,0,0,1
1,0,0,0,1
1,0,0,0,1
2,0,0,0,2
1,0,0,0,1
1,0,0,0,1
1,0,0,0,1
1,6,0,0,7
1,0,0,0,1
2,0,0,0,2
3,0,0,0,3
1,0,0,0,1
2,0,0,0,2
2,0,0,0,2
1,0,0,0,1
1,0,0,0,1
2,0,0,0,2
1,0,0,0,1
1,0,0,0,1
1,0,0,0,1
1,0,0,0,1
1,0,0,0,1
1,0,0,0,1
3,0,0,0,3
1,0,0,0,1
1,0,0,0,1
1,0,0,0,1
1,0,0,0,1
1,0,0,0,1
1,0,0,0,1
1,0,0,0,1
2,0,0,0,2
1,2,0,0,3
2,0,0,0,2
1,0,0,0,1
1,0,0,0,1
1,0,0,0,1
1,0,0,0,1
1,0,0,0,1
1,0,0,0,1
6,0,0,0,6
1,0,0,0,1
1,0,0,0,1
1,0,0,0,1
3,0,0,0,3
3,0,0,0,3
1,0,0,0,1
1,0,0,0,1
1,0,0,0,1
1,0,0,0,1
2,0,0,0,2
1,0,0,0,1
1,0,0,0,1
1,0,0,0,1
1,0,0,0,1
1,0,0,0,1
1,0,0,0,1
1,0,0,0,1
1,0,0,0,1
1,0,0,0,1
1,0,0,0,1
3,22,3,0,28
1,0,0,0,1
1,0,0,0,1
1,0,0,0,1
1,0,0,0,1
1,0,0,0,1
1,0,0,0,1
1,0,0,0,1
1,0,0,0,1
2,0,0,0,2
2,0,0,0,2
1,0,0,0,1
1,0,0,0,1
1,0,0,0,1
1,2,0,0,3
1,0,0,0,1
2,0,0,0,2
1,0,0,0,1
1,0,0,0,1
1,0,0,0,1
1,0,0,0,1
2,0,0,0,2
5,0,0,0,5
1,0,0,0,1
2,0,0,0,2
1,0,0,0,1
2,0,0,0,2
1,0,0,0,1
1,0,0,0,1
1,0,0,0,1
1,0,0,0,1
1,0,0,0,1
1,0,0,0,1
1,0,0,0,1
1,0,0,0,1
1,0,0,0,1
1,0,0,0,1
3,0,0,0,3
2,0,0,0,2
2,0,0,0,2
1,0,0,0,1
2,0,0,0,2
1,0,0,0,1
1,0,0,0,1
1,0,0,0,1
1,5,0,0,6
1,0,0,0,1
1,0,0,0,1
1,0,0,0,1
1,0,0,0,1
1,0,0,0,1
1,0,0,0,1
3,0,0,0,3
1,0,0,0,1
1,0,0,0,1
1,0,0,0,1
1,0,0,0,1
2,0,0,0,2
1,0,0,0,1
1,0,0,0,1
2,2,0,0,4
1,0,0,0,1
1,0,0,0,1
1,0,0,0,1
1,0,0,0,1
2,0,0,0,2
1,0,0,0,1
1,0,0,0,1
1,0,0,0,1
1,1,1,0,3
1,0,0,0,1
1,0,0,0,1
1,0,0,0,1
1,0,0,0,1
2,0,0,0,2
5,0,0,0,5
3,0,0,0,3
2,0,0,0,2
1,0,0,0,1
2,0,0,0,2
2,0,0,0,2
1,0,0,0,1
1,0,0,0,1
1,0,0,0,1
1,0,0,0,1
1,0,0,0,1
1,0,0,0,1
1,0,0,0,1
1,0,0,0,1
1,0,0,0,1
1,0,0,0,1
1,0,0,0,1
1,0,0,0,1
1,0,0,0,1
1,0,0,0,1
1,0,0,0,1
1,0,0,0,1
1,0,0,0,1
1,0,0,0,1
1,0,0,0,1
1,0,0,0,1
1,0,0,0,1
1,0,0,0,1
4,0,0,0,4
1,0,0,0,1
1,0,0,0,1
2,0,0,0,2
2,0,0,0,2
1,0,0,0,1
3,0,0,0,3
1,0,0,0,1
1,0,0,0,1
1,0,0,0,1
1,0,0,0,1
1,0,0,0,1
1,0,0,0,1
1,0,0,0,1
1,0,0,0,1
3,0,0,0,3
1,0,0,0,1
1,0,0,0,1
1,0,0,0,1
1,0,0,0,1
1,0,0,0,1
1,4,0,0,5
1,0,0,0,1
1,0,0,0,1
1,0,0,0,1
1,7,0,0,8
1,0,0,0,1
3,0,0,0,3
1,0,0,0,1
1,0,0,0,1
1,0,0,0,1
1,0,0,0,1
1,0,0,0,1
1,0,0,0,1
1,0,0,0,1
1,0,0,0,1
1,0,0,0,1
2,0,0,0,2
5,0,0,0,5
1,0,0,0,1
1,0,0,0,1
1,0,0,0,1
1,38,0,0,39
1,0,0,0,1
1,0,0,0,1
1,0,0,0,1
1,0,0,0,1
1,0,0,0,1
1,0,0,0,1
1,0,0,0,1
2,0,0,0,2
1,0,0,0,1
1,0,0,0,1
1,0,0,0,1
1,0,0,0,1
1,0,0,0,1
3,0,0,0,3
3,0,0,0,3
1,0,0,0,1
1,0,0,0,1
2,0,0,0,2
2,0,0,0,2
1,0,0,0,1
1,0,0,0,1
1,0,0,0,1
1,0,0,0,1
1,0,0,0,1
1,0,0,0,1
1,0,0,0,1
1,0,0,0,1
1,0,0,0,1
2,0,0,0,2
1,7,0,0,8
1,0,0,0,1
1,0,0,0,1
1,0,0,0,1
1,0,0,0,1
1,0,0,0,1
1,0,0,0,1
1,0,0,0,1
1,0,0,0,1
2,0,0,0,2
1,0,0,0,1
1,0,0,0,1
1,0,0,0,1
1,0,0,0,1
2,0,0,0,2
1,0,0,0,1
2,0,0,0,2
2,0,0,0,2
1,0,0,0,1
2,0,0,0,2
1,0,0,0,1
1,0,0,0,1
1,1,0,0,2
1,0,0,0,1
1,0,0,0,1
1,0,0,0,1
1,0,0,0,1
1,0,0,0,1
2,0,0,0,2
1,0,0,0,1
1,0,0,0,1
1,0,0,0,1
1,0,0,0,1
1,0,0,0,1
1,0,0,0,1
3,0,0,0,3
1,0,0,0,1
3,0,0,0,3
2,0,0,0,2
1,0,0,0,1
1,0,0,0,1
2,0,0,0,2
1,0,0,0,1
2,0,0,0,2
1,0,0,0,1
1,0,0,0,1
1,0,0,0,1
1,0,0,0,1
1,0,0,0,1
1,0,0,0,1
2,0,0,0,2
1,0,0,0,1
1,0,0,0,1
1,0,0,0,1
1,0,0,0,1
1,0,0,0,1
1,0,0,0,1
1,0,0,0,1
1,0,0,0,1
1,0,0,0,1
1,0,0,0,1
1,0,0,0,1
2,0,0,0,2
1,0,0,0,1
1,0,0,0,1
1,0,0,0,1
1,0,0,0,1
1,0,0,0,1
2,0,0,0,2
1,0,0,0,1
1,0,0,0,1
1,0,0,0,1
2,0,0,0,2
1,1,0,0,2
1,0,0,0,1
1,0,0,0,1
1,0,0,0,1
1,0,0,0,1
2,0,0,0,2
1,0,0,0,1
1,0,0,0,1
2,2,0,0,4
1,0,0,0,1
1,0,0,0,1
2,0,0,0,2
3,0,0,0,3
1,0,0,0,1
1,0,0,0,1
1,0,0,0,1
1,0,0,0,1
4,0,0,0,4
1,0,0,0,1
1,0,0,0,1
1,0,0,0,1
1,0,0,0,1
1,0,0,0,1
1,0,0,0,1
1,0,0,0,1
1,0,0,0,1
1,10,0,0,11
1,0,0,0,1
1,0,0,0,1
1,0,0,0,1
2,0,0,0,2
1,0,0,0,1
1,0,0,0,1
1,0,0,0,1
1,0,0,0,1
1,0,0,0,1
1,0,0,0,1
1,0,0,0,1
1,0,0,0,1
2,0,0,0,2
1,0,0,0,1
1,0,0,0,1
1,0,0,0,1
1,0,0,0,1
1,0,0,0,1
2,0,0,0,2
1,0,0,0,1
1,0,0,0,1
1,0,0,0,1
1,0,0,0,1
1,0,0,0,1
1,0,0,0,1
1,0,0,0,1
1,0,0,0,1
1,0,0,0,1
1,0,0,0,1
1,0,0,0,1
1,0,0,0,1
1,0,0,0,1
1,0,0,0,1
2,0,0,0,2
1,0,0,0,1
1,0,0,0,1
1,0,0,0,1
1,0,0,0,1
1,0,0,0,1
1,0,0,0,1
1,0,0,0,1
1,0,0,0,1
1,0,0,0,1
3,0,0,0,3
1,0,0,0,1
1,0,0,0,1
1,0,0,0,1
1,0,0,0,1
1,0,0,0,1
1,0,0,0,1
1,0,0,0,1
2,0,0,0,2
2,0,0,0,2
1,0,0,0,1
1,0,0,0,1
1,0,0,0,1
2,5,0,0,7
1,0,0,0,1
1,0,0,0,1
2,0,0,0,2
1,0,0,0,1
1,0,0,0,1
1,0,0,0,1
3,0,0,0,3
1,0,0,0,1
1,5,0,0,6
1,0,0,0,1
1,0,0,0,1
1,0,0,0,1
1,0,0,0,1
1,0,0,0,1
1,0,0,0,1
1,0,0,0,1
1,0,0,0,1
1,0,0,0,1
1,0,0,0,1
1,0,0,0,1
1,0,0,0,1
1,0,0,0,1
3,3,0,0,6
1,0,0,0,1
2,0,0,0,2
1,0,0,0,1
1,0,0,0,1
1,0,0,0,1
1,0,0,0,1
1,0,0,0,1
2,0,0,0,2
1,0,0,0,1
1,0,0,0,1
1,0,0,0,1
1,0,0,0,1
1,0,0,0,1
1,0,0,0,1
1,0,0,0,1
1,0,0,0,1
1,2,0,0,3
1,0,0,0,1
6,0,0,0,6
1,0,0,0,1
1,0,0,0,1
2,0,0,0,2
1,0,0,0,1
1,0,0,0,1
1,0,0,0,1
1,0,0,0,1
1,0,0,0,1
1,0,0,0,1
1,0,0,0,1
1,0,0,0,1
1,0,0,0,1
1,0,0,0,1
1,0,0,0,1
1,0,0,0,1
1,0,0,0,1
1,0,0,0,1
1,0,0,0,1
1,0,0,0,1
1,0,0,0,1
1,0,0,0,1
1,0,0,0,1
1,0,0,0,1
1,0,0,0,1
1,0,0,0,1
1,0,0,0,1
1,0,0,0,1
1,0,0,0,1
1,0,0,0,1
1,0,0,0,1
2,0,0,0,2
1,0,0,0,1
3,0,0,0,3
1,0,0,0,1
1,0,0,0,1
1,0,0,0,1
1,0,0,0,1
1,0,0,0,1
2,0,0,0,2
1,0,0,0,1
1,0,0,0,1
1,0,0,0,1
1,0,0,0,1
1,0,0,0,1
1,0,0,0,1
1,0,0,0,1
1,0,0,0,1
1,0,0,0,1
2,0,0,0,2
1,0,0,0,1
1,0,0,0,1
1,0,0,0,1
1,0,0,0,1
1,0,0,0,1
1,0,0,0,1
1,0,0,0,1
1,0,0,0,1
3,0,0,0,3
1,0,0,0,1
1,0,0,0,1
1,0,0,0,1
1,0,0,0,1
1,0,0,0,1
1,0,0,0,1
2,0,0,0,2
1,0,0,0,1
1,0,0,0,1
1,0,0,0,1
2,0,0,0,2
1,0,0,0,1
1,0,0,0,1
1,0,0,0,1
1,0,0,0,1
1,0,0,0,1
1,0,0,0,1
1,0,0,0,1
1,0,0,0,1
1,0,0,0,1
1,0,0,0,1
1,0,0,0,1
1,0,0,0,1
2,8,0,0,10
1,0,0,0,1
1,0,0,0,1
1,0,0,0,1
1,0,0,0,1
1,0,0,0,1
2,0,0,0,2
1,0,0,0,1
1,0,0,0,1
1,0,0,0,1
1,0,0,0,1
1,0,0,0,1
2,0,0,0,2
1,0,0,0,1
1,0,0,0,1
1,0,0,0,1
1,0,0,0,1
2,0,0,0,2
1,0,0,0,1
2,0,0,0,2
2,0,0,0,2
1,0,0,0,1
1,0,0,0,1
1,0,0,0,1
1,0,0,0,1
1,0,0,0,1
1,0,0,0,1
1,0,0,0,1
1,0,0,0,1
1,0,0,0,1
1,0,0,0,1
2,0,0,0,2
1,0,0,0,1
1,6,0,0,7
1,0,0,0,1
1,0,0,0,1
1,0,0,0,1
1,0,0,0,1
2,0,0,0,2
3,0,0,0,3
2,0,0,0,2
1,0,0,0,1
2,0,0,0,2
1,0,0,0,1
1,0,0,0,1
1,0,0,0,1
1,0,0,0,1
1,0,0,0,1
1,0,0,0,1
2,0,0,0,2
1,0,0,0,1
2,0,0,0,2
1,0,0,0,1
1,0,0,0,1
1,0,0,0,1
1,0,0,0,1
1,0,0,0,1
1,0,0,0,1
3,0,0,0,3
2,0,0,0,2
1,0,0,0,1
1,0,0,0,1
1,0,0,0,1
2,0,0,0,2
1,0,0,0,1
3,0,0,0,3
1,0,0,0,1
1,0,0,0,1
1,0,0,0,1
1,0,0,0,1
2,0,0,0,2
1,0,0,0,1
1,0,0,0,1
1,0,0,0,1
1,0,0,0,1
2,1,0,0,3
1,0,0,0,1
1,0,0,0,1
2,0,0,0,2
1,0,0,0,1
1,0,0,0,1
1,0,0,0,1
1,0,0,0,1
1,0,0,0,1
1,0,0,0,1
1,0,0,0,1
1,0,0,0,1
2,0,0,0,2
1,0,0,0,1
1,0,0,0,1
1,0,0,0,1
1,0,0,0,1
2,0,1,0,3
1,0,0,0,1
1,0,0,0,1
1,0,0,0,1
1,0,0,0,1
1,0,0,0,1
1,0,0,0,1
1,0,0,0,1
6,1,3,0,10
4,0,0,0,4
3,0,0,0,3
1,0,0,0,1
1,0,0,0,1
1,0,0,0,1
1,1,0,0,2
1,0,0,0,1
1,0,0,0,1
1,0,0,0,1
1,0,0,0,1
1,0,0,0,1
1,0,0,0,1
1,0,0,0,1
1,0,0,0,1
1,0,0,0,1
1,0,0,0,1
1,0,0,0,1
1,0,0,0,1
1,0,0,0,1
2,0,0,0,2
1,0,0,0,1
1,0,0,0,1
1,12,0,0,13
1,0,0,0,1
1,0,0,0,1
1,0,0,0,1
1,0,0,0,1
2,0,0,0,2
1,0,0,0,1
2,0,0,0,2
1,0,0,0,1
1,0,0,0,1
1,0,0,0,1
1,0,0,0,1
1,0,0,0,1
1,0,0,0,1
1,0,0,0,1
1,0,0,0,1
1,0,0,0,1
1,0,0,0,1
1,0,0,0,1
1,0,0,0,1
1,0,0,0,1
1,0,0,0,1
1,0,0,0,1
1,0,0,0,1
1,0,0,0,1
1,0,0,0,1
1,0,0,0,1
1,0,0,0,1
1,0,0,0,1
2,0,0,0,2
2,0,0,0,2
1,0,0,0,1
2,0,0,0,2
1,0,0,0,1
1,0,0,0,1
1,0,0,0,1
1,0,0,0,1
1,0,0,0,1
2,0,0,0,2
1,0,0,0,1
1,0,0,0,1
1,0,0,0,1
2,0,0,0,2
2,0,0,0,2
2,1,0,0,3
1,0,0,0,1
1,0,0,0,1
1,0,0,0,1
1,0,0,0,1
1,0,0,0,1
1,0,0,0,1
1,0,0,0,1
1,0,0,0,1
1,0,0,0,1
1,0,0,0,1
1,0,0,0,1
1,0,0,0,1
1,0,0,0,1
1,0,0,0,1
1,0,0,0,1
1,0,0,0,1
1,0,0,0,1
1,0,0,0,1
1,0,0,0,1
1,0,0,0,1
1,0,0,0,1
1,0,0,0,1
1,0,0,0,1
1,0,0,0,1
2,0,0,0,2
1,0,0,0,1
1,0,0,0,1
3,0,0,0,3
2,0,0,0,2
2,0,0,0,2
1,0,0,0,1
1,0,0,0,1
1,0,0,0,1
1,0,0,0,1
2,0,0,0,2
1,0,0,0,1
1,0,0,0,1
2,0,0,0,2
1,0,0,0,1
1,0,0,0,1
1,0,0,0,1
1,0,0,0,1
5,0,0,0,5
1,0,0,0,1
1,0,0,0,1
1,0,0,0,1
1,0,0,0,1
1,0,0,0,1
1,0,0,0,1
1,0,0,0,1
2,0,0,0,2
1,0,0,0,1
1,0,0,0,1
1,0,0,0,1
1,0,0,0,1
1,0,0,0,1
1,0,0,0,1
1,0,0,0,1
1,0,0,0,1
1,0,0,0,1
1,0,0,0,1
2,0,1,0,3
1,0,0,0,1
1,0,0,0,1
1,0,0,0,1
1,0,0,0,1
1,0,0,0,1
1,0,0,0,1
1,0,0,0,1
1,0,0,0,1
2,0,0,0,2
1,0,0,0,1
1,0,0,0,1
1,0,0,0,1
1,0,0,0,1
2,1,0,0,3
1,0,0,0,1
1,0,0,0,1
1,0,0,0,1
1,0,0,0,1
2,0,0,0,2
1,0,0,0,1
4,0,0,0,4
1,0,0,0,1
2,0,0,0,2
1,0,0,0,1
1,0,0,0,1
1,0,0,0,1
1,0,0,0,1
1,0,0,0,1
1,0,0,0,1
1,0,0,0,1
1,0,0,0,1
1,0,0,0,1
1,0,0,0,1
2,1,0,0,3
1,0,0,0,1
1,0,0,0,1
1,0,0,0,1
1,0,0,0,1
1,0,0,0,1
1,0,0,0,1
1,0,0,0,1
3,0,0,0,3
4,0,0,0,4
1,0,0,0,1
2,0,0,0,2
1,0,0,0,1
2,0,0,0,2
3,0,0,0,3
1,0,0,0,1
1,0,0,0,1
2,0,0,0,2
1,0,0,0,1
1,0,0,0,1
1,0,0,0,1
1,0,0,0,1
1,0,0,0,1
1,0,0,0,1
1,0,0,0,1
1,0,0,0,1
1,0,0,0,1
2,0,0,0,2
1,0,0,0,1
1,0,0,0,1
1,0,0,0,1
1,0,0,0,1
2,0,0,0,2
1,0,0,0,1
2,0,0,0,2
1,0,0,0,1
1,0,0,0,1
2,0,0,0,2
1,0,0,0,1
1,0,0,0,1
1,0,0,0,1
2,0,0,0,2
1,0,0,0,1
1,0,0,0,1
1,0,0,0,1
1,0,0,0,1
1,0,0,0,1
1,0,0,0,1
1,0,0,0,1
2,0,0,0,2
2,0,0,0,2
1,0,0,0,1
1,0,0,0,1
1,0,0,0,1
1,0,0,0,1
1,0,0,0,1
1,0,0,0,1
1,0,0,0,1
1,0,0,0,1
1,0,0,0,1
1,0,0,0,1
2,0,0,0,2
1,0,0,0,1
1,0,0,0,1
1,0,0,0,1
1,0,0,0,1
1,0,0,0,1
1,0,0,0,1
1,0,0,0,1
1,0,0,0,1
1,0,0,0,1
1,0,0,0,1
1,0,0,0,1
1,0,0,0,1
1,0,0,0,1
1,0,0,0,1
3,0,0,0,3
1,0,0,0,1
1,0,0,0,1
1,0,0,0,1
1,0,0,0,1
1,0,0,0,1
1,0,0,0,1
1,0,0,0,1
1,0,0,0,1
1,0,0,0,1
1,3,0,0,4
1,0,0,0,1
1,0,0,0,1
1,0,0,0,1
1,0,0,0,1
1,0,0,0,1
3,0,0,0,3
1,0,0,0,1
1,0,0,0,1
2,0,0,0,2
1,0,0,0,1
2,0,0,0,2
1,0,0,0,1
1,0,0,0,1
1,0,0,0,1
1,0,0,0,1
1,0,0,0,1
2,0,0,0,2
3,0,0,0,3
1,0,0,0,1
1,0,0,0,1
1,0,0,0,1
1,0,0,0,1
1,0,0,0,1
1,0,0,0,1
1,0,0,0,1
1,0,0,0,1
1,0,0,0,1
1,0,0,0,1
2,0,0,0,2
1,0,0,0,1
2,0,0,0,2
1,0,0,0,1
1,0,0,0,1
1,0,0,0,1
1,0,0,0,1
1,0,0,0,1
1,0,0,0,1
1,0,0,0,1
1,0,0,0,1
3,0,0,0,3
1,0,0,0,1
1,0,0,0,1
1,0,0,0,1
2,0,0,0,2
1,0,0,0,1
1,20,3,0,24
1,0,0,0,1
4,0,0,0,4
1,7,0,0,8
1,0,0,0,1
1,0,0,0,1
1,0,0,0,1
1,0,0,0,1
1,0,0,0,1
1,0,0,0,1
1,0,0,0,1
1,0,0,0,1
1,0,0,0,1
1,0,0,0,1
1,0,0,0,1
1,0,0,0,1
1,0,0,0,1
2,0,0,0,2
1,0,0,0,1
1,0,0,0,1
1,0,0,0,1
1,0,0,0,1
2,0,0,0,2
3,0,0,0,3
1,0,0,0,1
1,0,0,0,1
1,0,0,0,1
1,0,0,0,1
1,0,0,0,1
1,0,0,0,1
1,0,0,0,1
5,1,0,0,6
1,0,0,0,1
2,0,0,0,2
2,0,0,0,2
1,0,0,0,1
1,0,0,0,1
1,1,0,0,2
1,0,0,0,1
1,0,0,0,1
1,2,0,0,3
1,0,0,0,1
1,0,0,0,1
1,0,0,0,1
1,0,0,0,1
1,0,0,0,1
1,6,0,0,7
1,0,0,0,1
2,0,0,0,2
1,0,0,0,1
2,0,0,0,2
2,0,0,0,2
1,0,0,0,1
2,0,0,0,2
3,0,0,0,3
1,0,0,0,1
1,0,0,0,1
1,0,0,0,1
2,38,4,0,44
1,0,0,0,1
1,0,0,0,1
1,0,0,0,1
1,0,0,0,1
1,0,0,0,1
1,0,0,0,1
1,0,0,0,1
1,0,0,0,1
1,0,0,0,1
2,0,0,0,2
1,4,2,0,7
1,0,0,0,1
1,0,0,0,1
1,0,0,0,1
1,0,0,0,1
1,0,0,0,1
1,0,0,0,1
1,54,0,0,55
1,0,0,0,1
5,0,0,0,5
1,0,0,0,1
2,0,0,0,2
1,0,0,0,1
1,0,0,0,1
1,0,0,0,1
1,0,0,0,1
2,0,0,0,2
1,0,0,0,1
1,0,0,0,1
1,0,0,0,1
1,0,0,0,1
1,0,0,0,1
1,0,0,0,1
1,0,0,0,1
1,0,0,0,1
1,0,0,0,1
1,0,0,0,1
1,0,0,0,1
1,0,0,0,1
1,0,0,0,1
1,0,0,0,1
1,0,0,0,1
1,0,0,0,1
1,0,0,0,1
1,0,0,0,1
3,0,0,0,3
1,0,0,0,1
1,0,0,0,1
1,0,0,0,1
1,0,0,0,1
1,0,0,0,1
1,0,0,0,1
1,0,0,0,1
5,0,0,0,5
1,0,0,0,1
1,0,0,0,1
1,0,0,0,1
1,0,0,0,1
1,0,0,0,1
1,0,0,0,1
1,0,0,0,1
1,0,0,0,1
1,0,0,0,1
1,0,0,0,1
1,0,0,0,1
5,0,0,0,5
1,0,0,0,1
1,0,0,0,1
1,1,0,0,2
1,0,0,0,1
1,0,0,0,1
1,0,0,0,1
1,0,0,0,1
1,0,0,0,1
1,0,0,0,1
1,0,0,0,1
4,0,0,0,4
1,0,0,0,1
1,0,0,0,1
1,0,0,0,1
1,0,0,0,1
1,0,0,0,1
2,0,0,0,2
1,0,0,0,1
1,0,0,0,1
1,0,0,0,1
1,0,0,0,1
1,0,0,0,1
1,0,0,0,1
1,0,0,0,1
1,0,0,0,1
1,0,0,0,1
2,0,0,0,2
1,0,0,0,1
1,0,0,0,1
1,0,0,0,1
1,0,0,0,1
1,0,0,0,1
1,0,0,0,1
2,0,0,0,2
3,0,0,0,3
1,0,0,0,1
1,0,0,0,1
1,0,0,0,1
3,0,0,0,3
1,0,0,0,1
2,0,0,0,2
1,0,0,0,1
1,0,0,0,1
1,0,0,0,1
2,0,0,0,2
1,0,0,0,1
1,0,0,0,1
1,0,0,0,1
2,0,0,0,2
1,0,0,0,1
1,0,0,0,1
1,0,0,0,1
1,0,0,0,1
1,0,0,0,1
1,0,0,0,1
3,0,0,0,3
1,0,0,0,1
2,0,0,0,2
1,0,0,0,1
2,0,0,0,2
1,0,0,0,1
1,0,0,0,1
1,0,0,0,1
1,0,0,0,1
3,0,0,0,3
1,0,0,0,1
1,0,0,0,1
1,1,0,0,2
1,0,0,0,1
1,0,0,0,1
1,0,0,0,1
1,0,0,0,1
1,0,0,0,1
1,0,0,0,1
1,0,0,0,1
1,0,0,0,1
1,0,0,0,1
1,0,0,0,1
2,0,0,0,2
1,0,0,0,1
1,0,0,0,1
3,0,0,0,3
1,0,0,0,1
1,0,0,0,1
1,0,0,0,1
1,0,0,0,1
2,0,0,0,2
1,0,0,0,1
1,0,0,0,1
1,0,0,0,1
3,0,0,0,3
1,0,0,0,1
1,0,0,0,1
1,0,0,0,1
1,0,0,0,1
1,0,0,0,1
1,0,0,0,1
1,0,0,0,1
2,0,0,0,2
4,0,0,0,4
1,0,0,0,1
1,0,0,0,1
1,0,0,0,1
1,0,0,0,1
1,0,0,0,1
1,0,0,0,1
1,0,0,0,1
1,0,0,0,1
1,0,0,0,1
1,0,0,0,1
1,0,0,0,1
1,0,0,0,1
2,0,0,0,2
2,0,0,0,2
1,0,0,0,1
1,0,0,0,1
1,0,0,0,1
1,0,0,0,1
1,0,0,0,1
4,0,0,0,4
1,0,0,0,1
1,0,0,0,1
1,0,0,0,1
2,5,0,0,7
1,0,0,0,1
1,0,0,0,1
2,0,0,0,2
1,0,0,0,1
1,0,0,0,1
1,0,0,0,1
1,0,0,0,1
1,0,0,0,1
1,0,0,0,1
1,0,0,0,1
1,0,0,0,1
1,0,0,0,1
1,0,0,0,1
1,0,0,0,1
1,0,0,0,1
1,0,0,0,1
1,0,0,0,1
2,0,0,0,2
1,0,0,0,1
4,0,0,0,4
1,0,0,0,1
1,0,0,0,1
1,0,0,0,1
1,0,0,0,1
1,0,0,0,1
2,0,0,0,2
1,0,0,0,1
3,0,0,0,3
1,0,0,0,1
1,1,0,0,2
1,0,0,0,1
1,0,0,0,1
1,0,0,0,1
3,0,0,0,3
1,0,0,0,1
1,0,0,0,1
1,0,0,0,1
1,0,0,0,1
1,0,0,0,1
1,0,0,0,1
1,0,0,0,1
2,0,1,0,3
1,0,0,0,1
1,0,0,0,1
1,0,0,0,1
1,0,0,0,1
2,0,0,0,2
1,0,0,0,1
1,0,0,0,1
1,0,0,0,1
1,0,0,0,1
2,0,0,0,2
1,0,0,0,1
1,0,0,0,1
1,0,0,0,1
2,0,0,0,2
1,0,0,0,1
1,0,0,0,1
1,0,0,0,1
1,0,0,0,1
1,0,0,0,1
1,0,0,0,1
1,0,0,0,1
1,0,0,0,1
2,0,0,0,2
1,0,0,0,1
1,0,0,0,1
1,0,0,0,1
1,0,0,0,1
1,0,0,0,1
1,0,0,0,1
1,0,0,0,1
1,0,0,0,1
1,0,0,0,1
1,0,0,0,1
1,0,0,0,1
1,0,0,0,1
1,0,0,0,1
2,0,0,0,2
1,0,0,0,1
1,0,0,0,1
1,0,0,0,1
1,0,0,0,1
1,0,0,0,1
1,0,0,0,1
1,1,0,0,2
1,0,0,0,1
1,0,0,0,1
1,0,0,0,1
1,0,0,0,1
1,0,0,0,1
1,0,0,0,1
2,0,0,0,2
1,0,0,0,1
3,1,1,0,5
1,0,0,0,1
1,0,0,0,1
1,0,0,0,1
1,0,0,0,1
1,0,0,0,1
1,0,0,0,1
1,0,0,0,1
2,0,0,0,2
1,0,0,0,1
1,0,0,0,1
2,0,0,0,2
1,0,0,0,1
1,0,0,0,1
1,0,0,0,1
1,0,0,0,1
1,0,0,0,1
1,0,0,0,1
1,0,0,0,1
1,0,0,0,1
1,0,0,0,1
1,0,0,0,1
1,0,0,0,1
1,0,0,0,1
1,0,0,0,1
1,0,0,0,1
1,6,1,0,8
1,0,0,0,1
1,0,0,0,1
1,0,0,0,1
1,0,0,0,1
3,0,0,0,3
1,0,0,0,1
1,0,0,0,1
1,0,0,0,1
1,0,0,0,1
1,0,0,0,1
1,0,0,0,1
1,9,0,0,10
1,0,0,0,1
1,0,0,0,1
3,0,0,0,3
1,0,0,0,1
1,0,0,0,1
1,0,0,0,1
3,0,0,0,3
3,0,0,0,3
1,0,0,0,1
1,0,0,0,1
1,0,0,0,1
1,0,0,0,1
2,0,0,0,2
1,0,0,0,1
1,0,0,0,1
1,0,0,0,1
1,0,0,0,1
4,0,0,0,4
1,0,0,0,1
1,0,0,0,1
1,0,0,0,1
2,0,0,0,2
1,0,0,0,1
1,0,0,0,1
2,0,0,0,2
1,0,0,0,1
1,0,0,0,1
8,2,0,0,10
2,0,0,0,2
1,0,0,0,1
1,0,0,0,1
1,0,0,0,1
1,0,0,0,1
1,0,0,0,1
2,0,0,0,2
1,0,0,0,1
1,0,0,0,1
1,0,0,0,1
2,0,0,0,2
1,0,0,0,1
1,0,0,0,1
1,0,0,0,1
1,0,0,0,1
2,0,1,0,3
1,0,0,0,1
1,0,0,0,1
1,0,0,0,1
1,0,0,0,1
1,0,0,0,1
1,0,0,0,1
1,0,0,0,1
1,0,0,0,1
1,0,0,0,1
1,0,0,0,1
1,0,0,0,1
1,0,0,0,1
1,0,0,0,1
1,0,0,0,1
1,0,0,0,1
1,0,0,0,1
1,0,0,0,1
1,0,0,0,1
2,0,0,0,2
1,0,0,0,1
1,0,0,0,1
2,0,0,0,2
1,0,0,0,1
1,0,0,0,1
1,0,0,0,1
1,0,0,0,1
1,0,0,0,1
1,0,0,0,1
1,0,0,0,1
1,0,0,0,1
1,0,0,0,1
2,0,0,0,2
1,0,0,0,1
2,3,4,0,9
1,0,0,0,1
1,0,0,0,1
1,0,0,0,1
1,0,0,0,1
2,0,0,0,2
1,0,0,0,1
1,0,0,0,1
1,0,0,0,1
1,0,0,0,1
1,0,0,0,1
2,0,0,0,2
1,0,0,0,1
1,0,0,0,1
3,0,0,0,3
1,0,0,0,1
2,0,0,0,2
1,1,0,0,2
1,2,0,0,3
1,0,0,0,1
2,0,0,0,2
3,0,0,0,3
1,0,0,0,1
1,0,0,0,1
1,0,0,0,1
1,0,0,0,1
1,0,0,0,1
1,0,0,0,1
1,0,0,0,1
2,1,0,0,3
1,0,0,0,1
1,0,0,0,1
1,0,0,0,1
1,0,0,0,1
1,0,0,0,1
1,0,0,0,1
1,0,0,0,1
1,0,0,0,1
1,0,0,0,1
1,0,0,0,1
1,0,0,0,1
1,0,0,0,1
1,0,0,0,1
1,0,0,0,1
1,0,0,0,1
2,0,0,0,2
2,0,0,0,2
1,0,0,0,1
1,0,0,0,1
1,0,0,0,1
1,0,0,0,1
1,0,0,0,1
1,3,0,0,4
1,0,0,0,1
1,0,0,0,1
2,0,0,0,2
1,0,0,0,1
1,0,0,0,1
3,0,0,0,3
4,0,0,0,4
1,0,0,0,1
1,0,0,0,1
1,0,0,0,1
1,0,0,0,1
1,0,0,0,1
1,0,0,0,1
1,0,0,0,1
3,0,0,0,3
1,1,0,0,2
1,0,0,0,1
1,0,0,0,1
1,1,0,0,2
1,0,0,0,1
1,0,0,0,1
1,0,0,0,1
1,0,0,0,1
5,5,0,0,10
2,0,0,0,2
1,0,0,0,1
1,0,0,0,1
1,0,0,0,1
1,0,0,0,1
1,0,0,0,1
1,0,0,0,1
5,0,0,0,5
1,0,0,0,1
1,0,0,0,1
1,0,0,0,1
1,0,0,0,1
1,0,0,0,1
2,0,0,0,2
2,0,0,0,2
1,0,0,0,1
2,0,0,0,2
1,0,0,0,1
1,0,0,0,1
1,0,0,0,1
1,0,0,0,1
1,0,0,0,1
1,0,0,0,1
1,0,0,0,1
2,0,0,0,2
1,0,0,0,1
1,0,0,0,1
1,0,0,0,1
1,0,0,0,1
2,0,0,0,2
1,0,0,0,1
1,0,0,0,1
1,0,0,0,1
1,0,0,0,1
1,0,0,0,1
1,0,0,0,1
5,0,0,0,5
1,0,0,0,1
3,0,0,0,3
1,0,0,0,1
1,0,0,0,1
2,0,0,0,2
1,0,0,0,1
1,0,0,0,1
2,0,0,0,2
1,0,0,0,1
1,0,0,0,1
1,0,0,0,1
1,0,0,0,1
1,0,0,0,1
1,0,0,0,1
3,0,0,0,3
1,0,0,0,1
1,0,0,0,1
1,0,0,0,1
2,0,0,0,2
2,20,1,0,23
1,0,0,0,1
1,0,0,0,1
1,0,0,0,1
1,0,0,0,1
2,0,0,0,2
1,0,0,0,1
1,2,0,0,3
1,2,0,0,3
1,0,0,0,1
1,0,0,0,1
1,0,0,0,1
1,0,0,0,1
1,0,0,0,1
1,0,0,0,1
1,0,0,0,1
1,0,0,0,1
1,0,0,0,1
1,0,0,0,1
1,0,0,0,1
1,0,0,0,1
3,0,0,0,3
1,0,0,0,1
1,0,0,0,1
1,0,0,0,1
1,0,0,0,1
1,0,0,0,1
1,0,0,0,1
1,0,0,0,1
1,0,0,0,1
1,0,0,0,1
2,0,0,0,2
4,0,0,0,4
1,0,0,0,1
2,0,0,0,2
1,0,0,0,1
1,0,0,0,1
1,0,0,0,1
1,0,0,0,1
1,0,0,0,1
1,0,0,0,1
2,0,0,0,2
1,0,0,0,1
1,1,0,0,2
1,0,0,0,1
1,0,0,0,1
2,1,0,0,3
1,0,0,0,1
1,0,0,0,1
1,0,0,0,1
1,0,0,0,1
3,0,0,0,3
1,0,0,0,1
1,0,0,0,1
1,0,0,0,1
1,0,0,0,1
1,0,0,0,1
1,0,0,0,1
1,10,0,0,11
1,0,0,0,1
1,0,0,0,1
1,0,0,0,1
1,0,0,0,1
1,0,0,0,1
1,0,0,0,1
1,0,0,0,1
1,0,0,0,1
1,0,0,0,1
2,0,0,0,2
2,0,0,0,2
2,1,2,0,5
1,0,0,0,1
2,2,0,0,4
1,0,0,0,1
1,0,0,0,1
1,0,0,0,1
1,0,0,0,1
1,0,0,0,1
1,0,0,0,1
1,0,0,0,1
1,4,0,0,5
4,5,0,0,9
1,0,0,0,1
1,0,0,0,1
1,0,0,0,1
1,0,0,0,1
1,0,0,0,1
1,0,0,0,1
1,0,0,0,1
1,0,0,0,1
1,0,0,0,1
1,0,0,0,1
1,0,0,0,1
1,0,0,0,1
1,0,0,0,1
1,0,0,0,1
1,0,0,0,1
1,0,0,0,1
1,0,0,0,1
2,0,0,0,2
2,0,0,0,2
1,0,0,0,1
1,0,0,0,1
4,10,0,0,14
1,0,0,0,1
1,0,0,0,1
1,0,0,0,1
1,0,0,0,1
1,0,0,0,1
1,0,0,0,1
1,0,0,0,1
1,0,0,0,1
1,0,0,0,1
1,0,0,0,1
1,0,0,0,1
2,0,0,0,2
1,0,0,0,1
1,0,0,0,1
2,0,0,0,2
2,0,0,0,2
1,0,0,0,1
2,0,0,0,2
1,0,0,0,1
1,0,0,0,1
1,0,0,0,1
1,0,0,0,1
1,0,0,0,1
1,0,0,0,1
1,0,0,0,1
1,0,0,0,1
1,0,0,0,1
1,0,0,0,1
2,0,0,0,2
1,0,0,0,1
1,0,0,0,1
1,0,0,0,1
2,0,0,0,2
1,0,0,0,1
1,438,0,0,439
2,0,0,0,2
1,0,0,0,1
1,0,0,0,1
1,0,0,0,1
1,0,0,0,1
1,0,0,0,1
1,0,0,0,1
1,0,0,0,1
1,0,0,0,1
1,0,0,0,1
1,0,0,0,1
1,0,0,0,1
1,0,0,0,1
1,0,0,0,1
1,0,0,0,1
2,0,0,0,2
1,0,0,0,1
2,0,0,0,2
1,0,0,0,1
1,0,0,0,1
1,0,0,0,1
1,0,0,0,1
1,0,0,0,1
1,0,0,0,1
1,0,0,0,1
2,0,0,0,2
1,0,0,0,1
1,0,0,0,1
1,0,0,0,1
1,0,0,0,1
1,0,0,0,1
1,0,0,0,1
2,0,0,0,2
1,0,0,0,1
1,0,0,0,1
2,0,0,0,2
1,0,0,0,1
1,1,0,0,2
1,0,0,0,1
1,0,0,0,1
1,0,0,0,1
1,0,0,0,1
1,0,0,0,1
1,0,0,0,1
1,0,0,0,1
1,0,0,0,1
1,0,0,0,1
1,0,0,0,1
1,0,0,0,1
1,0,0,0,1
1,0,0,0,1
1,0,0,0,1
1,0,0,0,1
1,0,0,0,1
1,0,0,0,1
2,0,0,0,2
1,0,0,0,1
1,0,0,0,1
1,0,0,0,1
1,0,0,0,1
1,0,0,0,1
1,0,0,0,1
1,0,0,0,1
1,0,0,0,1
1,0,0,0,1
1,0,0,0,1
1,0,0,0,1
1,0,0,0,1
1,0,0,0,1
1,0,0,0,1
1,0,0,0,1
1,0,0,0,1
1,0,0,0,1
1,0,0,0,1
1,0,0,0,1
1,0,0,0,1
1,0,0,0,1
2,0,0,0,2
1,0,0,0,1
1,0,0,0,1
1,0,0,0,1
1,0,0,0,1
1,0,0,0,1
1,0,0,0,1
1,0,0,0,1
1,0,0,0,1
1,0,0,0,1
1,0,0,0,1
1,0,0,0,1
2,0,0,0,2
1,0,0,0,1
1,0,0,0,1
2,0,0,0,2
1,0,0,0,1
1,0,0,0,1
1,0,0,0,1
3,0,0,0,3
1,0,0,0,1
2,0,0,0,2
1,0,0,0,1
1,1,0,0,2
1,0,0,0,1
1,0,0,0,1
1,0,0,0,1
1,0,0,0,1
1,0,0,0,1
1,0,0,0,1
1,0,0,0,1
1,0,0,0,1
1,0,0,0,1
1,0,0,0,1
1,0,0,0,1
3,0,0,0,3
1,0,0,0,1
1,0,0,0,1
1,0,0,0,1
1,0,0,0,1
1,0,0,0,1
1,9,0,0,10
2,0,0,0,2
1,0,0,0,1
1,0,0,0,1
1,0,0,0,1
1,0,0,0,1
1,0,0,0,1
1,0,0,0,1
1,0,0,0,1
1,0,0,0,1
1,0,0,0,1
6,0,0,0,6
1,0,0,0,1
1,0,0,0,1
1,0,0,0,1
1,0,0,0,1
1,0,0,0,1
1,0,0,0,1
1,0,0,0,1
1,0,0,0,1
1,0,0,0,1
2,1,0,0,3
1,0,0,0,1
1,0,0,0,1
1,0,0,0,1
2,0,0,0,2
1,0,0,0,1
1,0,0,0,1
1,0,0,0,1
2,0,0,0,2
1,0,0,0,1
1,0,0,0,1
1,0,0,0,1
1,0,0,0,1
1,0,0,0,1
1,0,0,0,1
1,0,0,0,1
1,0,0,0,1
2,0,0,0,2
1,0,0,0,1
1,0,0,0,1
1,0,0,0,1
1,0,0,0,1
2,0,0,0,2
1,0,0,0,1
1,0,0,0,1
1,0,0,0,1
1,0,0,0,1
1,0,0,0,1
1,0,0,0,1
1,0,0,0,1
1,0,0,0,1
1,0,0,0,1
1,0,0,0,1
1,0,0,0,1
1,0,0,0,1
1,0,0,0,1
1,0,0,0,1
1,0,0,0,1
1,0,0,0,1
1,0,0,0,1
1,0,0,0,1
2,0,0,0,2
1,0,0,0,1
1,0,0,0,1
1,0,0,0,1
1,0,0,0,1
2,0,0,0,2
1,0,0,0,1
1,0,0,0,1
2,0,0,0,2
1,0,0,0,1
3,0,0,0,3
3,0,0,0,3
1,0,0,0,1
1,0,0,0,1
1,0,0,0,1
2,0,0,0,2
1,9,2,0,12
1,0,0,0,1
1,0,0,0,1
1,0,0,0,1
2,0,0,0,2
1,0,0,0,1
1,0,0,0,1
1,0,0,0,1
1,0,0,0,1
1,0,0,0,1
1,0,0,0,1
2,0,0,0,2
1,0,0,0,1
2,0,0,0,2
1,0,0,0,1
1,0,0,0,1
1,0,0,0,1
1,0,0,0,1
1,0,0,0,1
1,0,0,0,1
2,0,0,0,2
1,2,0,0,3
1,0,0,0,1
1,0,0,0,1
1,0,0,0,1
3,16,6,0,25
1,0,0,0,1
1,0,0,0,1
2,0,0,0,2
1,0,0,0,1
1,0,0,0,1
1,0,0,0,1
1,0,0,0,1
1,0,0,0,1
2,0,0,0,2
1,0,0,0,1
1,0,0,0,1
1,0,0,0,1
1,0,0,0,1
1,0,0,0,1
1,0,0,0,1
1,0,0,0,1
2,0,0,0,2
2,0,0,0,2
1,0,0,0,1
1,0,0,0,1
1,0,0,0,1
1,0,0,0,1
1,0,0,0,1
3,19,0,0,22
1,4,0,0,5
1,0,0,0,1
1,0,0,0,1
1,0,0,0,1
4,0,0,0,4
1,0,0,0,1
1,0,0,0,1
1,0,0,0,1
1,0,0,0,1
1,0,0,0,1
1,0,0,0,1
1,0,0,0,1
1,0,0,0,1
1,0,0,0,1
1,0,0,0,1
1,0,0,0,1
2,0,0,0,2
1,0,0,0,1
1,0,0,0,1
1,0,0,0,1
1,0,0,0,1
2,0,0,0,2
2,0,0,0,2
2,0,0,0,2
2,0,0,0,2
1,0,0,0,1
1,0,0,0,1
1,0,0,0,1
1,0,0,0,1
1,0,0,0,1
4,0,0,0,4
2,2,0,0,4
1,0,0,0,1
1,0,0,0,1
1,0,0,0,1
1,0,0,0,1
1,0,0,0,1
1,0,0,0,1
1,0,0,0,1
1,0,0,0,1
2,0,0,0,2
1,0,0,0,1
1,0,0,0,1
1,0,0,0,1
1,0,0,0,1
1,0,0,0,1
1,2,0,0,3
1,0,0,0,1
1,0,0,0,1
1,0,0,0,1
2,0,0,0,2
1,0,0,0,1
5,0,0,0,5
1,0,0,0,1
1,0,0,0,1
1,0,1,0,2
1,0,0,0,1
1,0,0,0,1
1,0,0,0,1
3,0,0,0,3
3,1,0,0,4
1,0,0,0,1
2,0,0,0,2
2,0,0,0,2
1,0,0,0,1
1,0,0,0,1
1,0,0,0,1
2,0,0,0,2
1,2,0,0,3
1,0,0,0,1
2,0,0,0,2
1,0,0,0,1
3,0,0,0,3
1,0,0,0,1
1,0,0,0,1
1,0,0,0,1
1,0,0,0,1
2,0,0,0,2
2,0,0,0,2
1,0,0,0,1
1,0,0,0,1
1,1,0,0,2
1,3,1,0,5
2,0,0,0,2
2,9,1,0,12
2,0,0,0,2
3,1,0,0,4
1,0,0,0,1
1,0,0,0,1
1,0,0,0,1
1,0,0,0,1
1,0,0,0,1
1,0,0,0,1
1,2,0,0,3
1,0,0,0,1
1,0,0,0,1
1,0,0,0,1
3,3,0,0,6
5,1,0,0,6
1,1,0,0,2
1,0,0,0,1
1,0,0,0,1
1,0,0,0,1
1,0,0,0,1
1,0,0,0,1
1,0,0,0,1
1,0,0,0,1
1,0,0,0,1
1,0,0,0,1
1,0,0,0,1
1,0,0,0,1
1,0,0,0,1
1,0,0,0,1
2,0,0,0,2
1,0,0,0,1
1,0,0,0,1
1,0,0,0,1
1,0,0,0,1
1,0,0,0,1
1,0,0,0,1
1,0,0,0,1
1,0,0,0,1
3,0,0,0,3
6,0,0,0,6
1,0,0,0,1
2,0,0,0,2
1,0,0,0,1
1,0,0,0,1
1,0,0,0,1
1,0,0,0,1
1,0,0,0,1
1,0,0,0,1
1,2,0,0,3
1,1,0,0,2
1,1,0,0,2
2,0,0,0,2
1,0,0,0,1
1,0,0,0,1
1,0,0,0,1
1,0,0,0,1
1,0,0,0,1
1,0,0,0,1
2,0,0,0,2
1,0,0,0,1
1,0,0,0,1
1,0,0,0,1
1,0,0,0,1
1,0,0,0,1
1,0,0,0,1
1,0,0,0,1
1,0,0,0,1
1,0,0,0,1
2,0,0,0,2
1,0,0,0,1
1,0,0,0,1
1,0,0,0,1
1,0,0,0,1
1,0,0,0,1
2,0,0,0,2
2,0,0,0,2
1,1,0,0,2
1,0,0,0,1
1,0,0,0,1
5,0,0,0,5
1,0,0,0,1
1,0,0,0,1
1,0,0,0,1
1,0,0,0,1
2,0,0,0,2
2,0,0,0,2
1,0,0,0,1
1,0,0,0,1
1,0,0,0,1
1,0,0,0,1
1,0,0,0,1
1,0,0,0,1
1,0,0,0,1
1,0,0,0,1
1,0,0,0,1
1,0,0,0,1
1,7,0,0,8
1,0,0,0,1
1,0,0,0,1
1,0,0,0,1
2,0,0,0,2
2,0,0,0,2
1,0,0,0,1
1,0,0,0,1
1,2,0,0,3
1,0,0,0,1
6,0,0,0,6
2,0,0,0,2
5,0,0,0,5
1,0,0,0,1
1,0,0,0,1
2,1,0,0,3
2,0,0,0,2
1,0,0,0,1
3,0,0,0,3
1,0,0,0,1
2,0,0,0,2
1,0,0,0,1
1,0,0,0,1
1,0,0,0,1
1,0,0,0,1
4,0,0,0,4
1,0,0,0,1
1,0,0,0,1
1,0,0,0,1
1,0,0,0,1
1,0,0,0,1
2,0,0,0,2
1,0,0,0,1
1,0,0,0,1
1,0,0,0,1
1,0,0,0,1
2,0,0,0,2
3,0,0,0,3
1,0,0,0,1
1,0,0,0,1
1,0,0,0,1
2,0,0,0,2
1,0,0,0,1
1,0,0,0,1
1,0,0,0,1
1,0,0,0,1
1,0,0,0,1
1,0,0,0,1
1,0,0,0,1
1,0,0,0,1
1,0,0,0,1
1,0,0,0,1
1,0,0,0,1
1,0,0,0,1
1,0,0,0,1
1,0,0,0,1
1,0,0,0,1
1,0,0,0,1
1,0,0,0,1
1,0,0,0,1
1,0,0,0,1
1,0,0,0,1
1,0,0,0,1
1,0,0,0,1
1,0,0,0,1
2,0,0,0,2
1,0,0,0,1
1,0,0,0,1
1,0,0,0,1
1,0,0,0,1
1,0,0,0,1
1,0,0,0,1
1,0,0,0,1
1,0,0,0,1
2,0,0,0,2
2,0,0,0,2
1,0,0,0,1
1,0,0,0,1
1,0,0,0,1
1,0,0,0,1
1,0,0,0,1
1,3,0,0,4
1,0,0,0,1
1,0,0,0,1
1,0,0,0,1
1,0,0,0,1
1,0,0,0,1
1,0,0,0,1
1,1,0,0,2
3,0,0,0,3
1,0,0,0,1
1,0,0,0,1
1,0,0,0,1
1,0,0,0,1
1,0,0,0,1
1,0,0,0,1
1,0,0,0,1
2,0,0,0,2
1,0,0,0,1
1,0,0,0,1
1,0,0,0,1
1,0,0,0,1
1,0,0,0,1
1,0,0,0,1
2,0,0,0,2
1,0,0,0,1
1,0,0,0,1
1,0,0,0,1
2,0,0,0,2
1,0,0,0,1
1,0,0,0,1
3,0,0,0,3
1,0,0,0,1
1,0,0,0,1
1,0,0,0,1
1,0,0,0,1
1,0,0,0,1
1,0,0,0,1
1,0,0,0,1
1,0,0,0,1
1,0,0,0,1
1,0,0,0,1
1,0,0,0,1
1,0,0,0,1
1,0,0,0,1
3,0,0,0,3
1,0,0,0,1
2,0,0,0,2
1,0,0,0,1
2,0,0,0,2
1,0,0,0,1
1,0,0,0,1
1,0,0,0,1
1,0,0,0,1
1,0,0,0,1
1,0,0,0,1
2,0,0,0,2
1,0,0,0,1
1,0,0,0,1
1,0,0,0,1
1,0,0,0,1
2,0,0,0,2
4,0,0,0,4
1,0,0,0,1
1,0,0,0,1
3,0,0,0,3
1,0,0,0,1
1,0,0,0,1
2,0,0,0,2
1,0,0,0,1
5,593,0,0,598
1,0,0,0,1
1,0,0,0,1
1,0,0,0,1
1,0,0,0,1
1,0,0,0,1
2,0,0,0,2
1,0,0,0,1
1,1,0,0,2
1,0,0,0,1
1,0,0,0,1
2,0,0,0,2
1,0,0,0,1
2,0,0,0,2
1,0,0,0,1
1,0,0,0,1
1,3,0,0,4
1,0,0,0,1
1,0,0,0,1
1,0,0,0,1
1,0,0,0,1
2,0,0,0,2
1,0,0,0,1
1,0,0,0,1
1,0,0,0,1
1,0,0,0,1
1,0,0,0,1
1,0,0,0,1
1,0,0,0,1
1,0,0,0,1
1,0,0,0,1
1,0,0,0,1
1,0,0,0,1
1,0,0,0,1
1,0,0,0,1
1,0,0,0,1
2,0,0,0,2
1,0,0,0,1
1,0,0,0,1
1,0,0,0,1
1,0,0,0,1
1,0,0,0,1
1,0,0,0,1
1,0,0,0,1
1,0,0,0,1
1,0,0,0,1
1,0,0,0,1
4,0,0,0,4
1,0,0,0,1
1,0,0,0,1
2,0,0,0,2
1,0,0,0,1
1,0,0,0,1
1,0,0,0,1
1,0,0,0,1
1,0,0,0,1
1,0,0,0,1
1,0,0,0,1
1,0,0,0,1
2,0,0,0,2
1,0,0,0,1
1,0,0,0,1
1,0,0,0,1
1,19,0,0,20
2,0,0,0,2
1,0,0,0,1
1,0,0,0,1
1,0,0,0,1
1,0,0,0,1
1,0,0,0,1
1,0,0,0,1
1,0,0,0,1
1,0,0,0,1
1,0,0,0,1
2,0,0,0,2
1,0,0,0,1
1,0,0,0,1
1,0,0,0,1
1,0,0,0,1
2,1,0,0,3
1,0,0,0,1
2,0,0,0,2
1,0,0,0,1
1,0,0,0,1
2,0,0,0,2
3,0,0,0,3
1,0,0,0,1
1,0,0,0,1
1,0,0,0,1
1,0,0,0,1
2,0,0,0,2
1,6,0,0,7
1,0,0,0,1
1,0,0,0,1
1,0,0,0,1
1,0,0,0,1
1,0,0,0,1
1,0,0,0,1
1,0,0,0,1
1,0,0,0,1
2,0,0,0,2
1,0,0,0,1
1,0,0,0,1
1,0,0,0,1
1,0,0,0,1
1,0,0,0,1
1,0,0,0,1
1,0,0,0,1
1,0,0,0,1
1,0,0,0,1
1,0,0,0,1
1,0,0,0,1
1,0,0,0,1
2,0,0,0,2
1,0,0,0,1
1,0,0,0,1
1,0,0,0,1
1,0,0,0,1
1,0,0,0,1
4,0,0,0,4
1,0,0,0,1
1,0,0,0,1
3,0,0,0,3
1,0,0,0,1
1,0,0,0,1
1,0,0,0,1
1,0,0,0,1
1,0,0,0,1
1,0,0,0,1
1,0,0,0,1
1,0,0,0,1
1,0,0,0,1
1,0,0,0,1
3,0,0,0,3
1,0,0,0,1
2,0,0,0,2
1,0,0,0,1
2,0,0,0,2
1,0,0,0,1
1,0,0,0,1
1,0,0,0,1
2,0,0,0,2
1,0,0,0,1
1,0,0,0,1
1,0,0,0,1
1,0,0,0,1
1,0,0,0,1
1,0,0,0,1
1,0,0,0,1
1,0,0,0,1
1,0,0,0,1
1,0,0,0,1
2,0,0,0,2
3,0,0,0,3
1,0,0,0,1
1,0,0,0,1
1,0,0,0,1
1,0,0,0,1
3,0,0,0,3
1,0,0,0,1
1,0,0,0,1
1,1,0,0,2
1,0,0,0,1
1,0,0,0,1
1,0,0,0,1
6,0,1,0,7
1,0,0,0,1
3,0,0,0,3
2,0,0,0,2
1,0,0,0,1
1,0,0,0,1
1,0,0,0,1
1,0,0,0,1
1,0,0,0,1
1,0,0,0,1
1,0,0,0,1
1,0,0,0,1
1,0,0,0,1
1,0,0,0,1
2,0,0,0,2
1,0,0,0,1
2,0,0,0,2
2,0,0,0,2
1,0,0,0,1
1,0,0,0,1
1,0,0,0,1
2,0,0,0,2
1,0,0,0,1
3,5,0,0,8
1,0,0,0,1
2,0,0,0,2
3,9,6,0,18
1,225,0,0,226
1,0,0,0,1
1,0,0,0,1
1,0,0,0,1
1,0,0,0,1
2,0,0,0,2
2,0,0,0,2
2,0,0,0,2
2,0,0,0,2
1,0,0,0,1
1,0,0,0,1
2,0,0,0,2
1,0,0,0,1
1,0,0,0,1
1,0,0,0,1
1,0,0,0,1
1,0,0,0,1
1,0,0,0,1
1,0,0,0,1
2,0,0,0,2
1,0,0,0,1
1,0,0,0,1
1,0,0,0,1
1,0,0,0,1
1,0,0,0,1
1,4,0,0,5
1,0,0,0,1
1,0,0,0,1
1,0,0,0,1
3,0,0,0,3
1,0,0,0,1
1,0,0,0,1
1,0,0,0,1
1,0,0,0,1
1,0,0,0,1
1,0,0,0,1
1,0,0,0,1
1,0,0,0,1
1,0,0,0,1
2,0,0,0,2
1,0,0,0,1
2,0,0,0,2
1,0,0,0,1
2,0,0,0,2
1,0,0,0,1
1,0,0,0,1
2,0,0,0,2
1,0,0,0,1
1,0,0,0,1
1,23,0,0,24
1,0,0,0,1
1,0,0,0,1
1,0,0,0,1
1,0,0,0,1
1,0,0,0,1
1,0,0,0,1
2,0,0,0,2
1,0,0,0,1
1,0,0,0,1
1,0,0,0,1
2,0,0,0,2
1,0,0,0,1
1,0,0,0,1
3,0,0,0,3
1,0,0,0,1
2,0,0,0,2
2,0,0,0,2
1,0,0,0,1
1,0,0,0,1
1,0,0,0,1
1,0,0,0,1
2,0,0,0,2
1,0,0,0,1
1,0,0,0,1
2,0,0,0,2
1,0,0,0,1
1,0,0,0,1
1,0,0,0,1
1,0,0,0,1
1,0,0,0,1
1,0,0,0,1
1,0,0,0,1
1,0,0,0,1
1,0,0,0,1
1,0,0,0,1
1,0,0,0,1
1,0,0,0,1
2,0,0,0,2
1,0,0,0,1
1,0,0,0,1
1,0,0,0,1
1,0,0,0,1
1,0,0,0,1
1,0,0,0,1
1,0,0,0,1
2,0,0,0,2
1,0,0,0,1
1,0,0,0,1
2,0,0,0,2
1,0,0,0,1
1,0,0,0,1
2,0,0,0,2
1,0,0,0,1
1,0,0,0,1
1,0,0,0,1
1,0,1,0,2
1,0,0,0,1
1,0,0,0,1
1,0,0,0,1
1,0,0,0,1
1,0,0,0,1
1,0,0,0,1
2,0,0,0,2
1,0,0,0,1
1,0,0,0,1
1,0,0,0,1
1,0,0,0,1
2,0,0,0,2
1,0,0,0,1
1,0,0,0,1
1,5,0,0,6
2,0,0,0,2
1,0,0,0,1
1,0,0,0,1
3,0,0,0,3
1,0,0,0,1
1,0,0,0,1
1,0,0,0,1
1,0,0,0,1
1,0,0,0,1
1,0,0,0,1
1,0,0,0,1
1,0,0,0,1
1,0,0,0,1
1,0,0,0,1
1,0,0,0,1
1,0,0,0,1
1,0,0,0,1
1,0,0,0,1
1,0,0,0,1
1,0,0,0,1
1,0,0,0,1
1,0,0,0,1
1,0,0,0,1
1,0,0,0,1
3,0,0,0,3
1,2,0,0,3
2,0,0,0,2
1,0,0,0,1
1,0,0,0,1
3,0,0,0,3
1,0,0,0,1
1,0,0,0,1
1,0,0,0,1
1,0,0,0,1
2,0,0,0,2
1,0,0,0,1
1,0,0,0,1
1,0,0,0,1
1,0,0,0,1
1,0,0,0,1
1,0,0,0,1
1,0,0,0,1
1,0,0,0,1
1,0,0,0,1
1,0,0,0,1
2,0,0,0,2
1,0,0,0,1
1,0,0,0,1
3,2,0,0,5
1,0,0,0,1
1,0,0,0,1
4,0,0,0,4
1,0,0,0,1
2,0,0,0,2
1,0,0,0,1
1,4,0,0,5
1,0,0,0,1
1,0,0,0,1
2,0,0,0,2
1,0,0,0,1
1,0,0,0,1
1,0,0,0,1
1,0,0,0,1
2,0,0,0,2
2,0,0,0,2
1,0,0,0,1
1,0,0,0,1
3,0,0,0,3
2,0,0,0,2
1,0,0,0,1
2,3,0,0,5
1,0,0,0,1
1,0,0,0,1
1,0,0,0,1
1,0,0,0,1
1,0,0,0,1
1,0,0,0,1
3,1,0,0,4
1,0,0,0,1
1,0,0,0,1
1,0,0,0,1
2,0,0,0,2
3,0,0,0,3
1,0,0,0,1
1,0,0,0,1
1,0,0,0,1
1,0,0,0,1
1,0,0,0,1
2,0,0,0,2
1,0,0,0,1
3,0,0,0,3
1,0,0,0,1
1,0,0,0,1
1,0,0,0,1
2,0,0,0,2
1,0,0,0,1
1,0,0,0,1
2,0,0,0,2
1,0,0,0,1
1,0,0,0,1
1,0,0,0,1
1,0,0,0,1
2,0,0,0,2
1,0,0,0,1
1,0,0,0,1
1,0,0,0,1
1,0,0,0,1
2,0,0,0,2
1,0,0,0,1
1,0,0,0,1
2,0,0,0,2
1,0,0,0,1
1,0,0,0,1
1,0,0,0,1
1,0,0,0,1
1,0,0,0,1
1,0,0,0,1
1,0,0,0,1
2,0,0,0,2
1,0,0,0,1
2,0,0,0,2
1,0,0,0,1
1,0,0,0,1
3,0,0,0,3
1,0,0,0,1
1,0,0,0,1
1,0,0,0,1
1,0,0,0,1
1,0,0,0,1
2,0,0,0,2
1,0,0,0,1
1,0,0,0,1
1,0,0,0,1
1,0,0,0,1
1,0,0,0,1
1,0,0,0,1
1,0,0,0,1
1,0,0,0,1
1,0,0,0,1
1,0,0,0,1
1,0,0,0,1
1,0,0,0,1
1,0,0,0,1
1,0,0,0,1
2,0,0,0,2
1,0,0,0,1
1,0,0,0,1
1,0,0,0,1
1,0,0,0,1
1,0,0,0,1
1,0,0,0,1
1,0,0,0,1
1,0,0,0,1
1,0,0,0,1
1,0,0,0,1
1,0,0,0,1
1,0,0,0,1
1,0,0,0,1
1,0,0,0,1
1,0,0,0,1
1,0,0,0,1
3,0,0,0,3
3,0,0,0,3
1,0,0,0,1
1,0,0,0,1
2,0,0,0,2
1,0,0,0,1
1,0,0,0,1
1,0,0,0,1
1,0,0,0,1
1,0,0,0,1
1,0,0,0,1
1,0,0,0,1
1,0,0,0,1
1,0,0,0,1
3,0,0,0,3
1,0,0,0,1
1,0,0,0,1
1,0,0,0,1
1,0,0,0,1
1,0,0,0,1
1,0,0,0,1
2,10,0,0,12
1,0,0,0,1
1,0,0,0,1
1,0,0,0,1
1,0,0,0,1
1,0,0,0,1
1,0,0,0,1
1,0,0,0,1
1,0,0,0,1
1,0,0,0,1
1,0,0,0,1
2,1,2,0,5
1,0,0,0,1
1,0,0,0,1
1,0,0,0,1
1,0,0,0,1
1,0,0,0,1
1,0,0,0,1
1,0,0,0,1
1,0,0,0,1
1,0,0,0,1
2,0,0,0,2
1,0,0,0,1
1,0,0,0,1
2,0,0,0,2
1,25,0,0,26
1,0,0,0,1
1,0,0,0,1
1,11,14,0,26
4,7,0,0,11
1,0,0,0,1
2,0,0,0,2
2,0,0,0,2
2,0,0,0,2
2,0,0,0,2
2,0,0,0,2
1,0,0,0,1
1,0,0,0,1
2,0,0,0,2
1,0,0,0,1
1,0,0,0,1
1,0,0,0,1
2,0,0,0,2
1,0,0,0,1
1,0,0,0,1
2,0,0,0,2
1,0,0,0,1
1,0,0,0,1
1,0,0,0,1
1,0,0,0,1
1,0,0,0,1
2,0,0,0,2
1,0,0,0,1
1,0,0,0,1
1,6,0,0,7
1,0,0,0,1
1,0,0,0,1
1,0,0,0,1
1,0,0,0,1
2,0,0,0,2
1,0,0,0,1
1,0,0,0,1
1,0,0,0,1
1,0,0,0,1
3,0,0,0,3
1,0,0,0,1
1,0,0,0,1
1,0,0,0,1
2,0,0,0,2
4,0,0,0,4
1,0,0,0,1
1,0,0,0,1
1,0,0,0,1
1,0,0,0,1
1,0,0,0,1
1,0,0,0,1
1,0,0,0,1
1,0,0,0,1
1,0,0,0,1
1,0,0,0,1
1,0,0,0,1
2,0,0,0,2
1,0,0,0,1
2,0,0,0,2
1,0,0,0,1
1,0,0,0,1
1,0,0,0,1
1,0,0,0,1
2,0,0,0,2
1,0,0,0,1
1,0,0,0,1
1,0,0,0,1
3,5,0,0,8
1,0,0,0,1
1,0,0,0,1
1,0,0,0,1
4,0,0,0,4
1,0,0,0,1
1,0,0,0,1
1,5,0,0,6
1,0,0,0,1
1,0,0,0,1
1,0,0,0,1
3,0,0,0,3
1,0,0,0,1
1,0,0,0,1
1,0,0,0,1
2,0,0,0,2
2,0,0,0,2
1,0,0,0,1
1,0,0,0,1
1,0,0,0,1
1,0,0,0,1
1,0,0,0,1
1,0,0,0,1
1,3,0,0,4
1,0,0,0,1
1,0,0,0,1
1,0,0,0,1
1,0,0,0,1
1,0,0,0,1
1,0,0,0,1
1,0,0,0,1
1,0,0,0,1
1,0,0,0,1
1,0,0,0,1
1,0,0,0,1
1,0,0,0,1
1,0,0,0,1
1,0,0,0,1
1,0,0,0,1
1,0,0,0,1
1,0,0,0,1
2,0,0,0,2
1,0,0,0,1
1,0,0,0,1
2,0,0,0,2
1,0,0,0,1
1,0,0,0,1
1,0,0,0,1
1,0,0,0,1
1,0,0,0,1
1,0,0,0,1
1,0,0,0,1
1,0,0,0,1
1,0,0,0,1
1,0,0,0,1
1,0,0,0,1
1,0,0,0,1
1,0,0,0,1
1,0,0,0,1
1,0,0,0,1
3,2,1,0,6
1,0,0,0,1
1,0,0,0,1
1,0,0,0,1
1,0,0,0,1
2,0,0,0,2
1,0,0,0,1
1,0,0,0,1
3,0,0,0,3
2,0,0,0,2
1,0,0,0,1
3,1,0,0,4
1,0,0,0,1
1,0,0,0,1
1,0,0,0,1
1,0,0,0,1
1,0,0,0,1
1,0,0,0,1
1,0,0,0,1
1,0,0,0,1
1,0,0,0,1
1,0,0,0,1
1,0,0,0,1
1,0,0,0,1
2,0,0,0,2
1,0,0,0,1
1,0,0,0,1
1,0,0,0,1
1,0,0,0,1
1,0,0,0,1
1,0,0,0,1
1,0,0,0,1
1,0,0,0,1
1,0,0,0,1
1,0,0,0,1
1,0,0,0,1
3,0,0,0,3
1,0,0,0,1
1,0,0,0,1
1,0,0,0,1
1,0,0,0,1
1,0,0,0,1
2,0,0,0,2
1,0,0,0,1
1,0,0,0,1
1,0,0,0,1
1,3,0,0,4
1,0,0,0,1
1,0,0,0,1
2,0,0,0,2
1,0,0,0,1
1,0,0,0,1
1,0,0,0,1
1,0,0,0,1
1,0,0,0,1
1,0,0,0,1
1,0,0,0,1
1,0,0,0,1
1,0,0,0,1
2,0,0,0,2
1,0,0,0,1
1,0,0,0,1
1,0,0,0,1
2,0,0,0,2
1,0,0,0,1
1,0,0,0,1
1,0,0,0,1
1,0,0,0,1
1,0,0,0,1
1,0,0,0,1
1,0,0,0,1
1,0,0,0,1
1,0,0,0,1
1,0,0,0,1
1,0,0,0,1
1,0,0,0,1
1,0,0,0,1
1,0,0,0,1
1,0,0,0,1
1,0,0,0,1
3,0,0,0,3
1,0,0,0,1
1,0,0,0,1
1,0,0,0,1
1,0,0,0,1
1,0,0,0,1
1,0,0,0,1
1,0,0,0,1
1,0,0,0,1
2,0,0,0,2
1,0,0,0,1
2,0,0,0,2
1,0,0,0,1
1,0,0,0,1
1,0,0,0,1
1,0,0,0,1
1,0,0,0,1
1,0,0,0,1
1,0,0,0,1
1,0,0,0,1
2,0,0,0,2
1,0,0,0,1
2,0,0,0,2
1,0,0,0,1
1,0,0,0,1
1,0,0,0,1
2,0,0,0,2
2,1,1,0,4
1,0,0,0,1
1,0,0,0,1
1,2,0,0,3
1,0,0,0,1
1,0,0,0,1
1,0,0,0,1
1,0,0,0,1
1,0,0,0,1
1,0,0,0,1
1,0,0,0,1
1,0,0,0,1
1,0,0,0,1
1,0,0,0,1
1,0,0,0,1
1,0,0,0,1
1,0,0,0,1
1,0,0,0,1
1,0,0,0,1
2,0,0,0,2
1,0,0,0,1
1,0,0,0,1
1,0,0,0,1
1,0,0,0,1
1,0,0,0,1
1,0,0,0,1
1,0,0,0,1
1,0,0,0,1
2,0,0,0,2
1,0,0,0,1
1,0,0,0,1
1,2,0,0,3
1,0,0,0,1
1,0,0,0,1
2,30,0,0,32
2,0,0,0,2
2,0,0,0,2
1,0,0,0,1
2,0,0,0,2
1,0,0,0,1
1,0,0,0,1
1,0,0,0,1
1,0,0,0,1
1,0,0,0,1
1,0,0,0,1
1,0,0,0,1
2,0,0,0,2
1,0,0,0,1
1,0,0,0,1
1,0,0,0,1
1,0,0,0,1
1,0,0,0,1
1,0,0,0,1
2,0,0,0,2
2,0,0,0,2
1,4,0,0,5
1,0,0,0,1
1,0,0,0,1
1,0,0,0,1
1,0,0,0,1
1,2,0,0,3
1,0,0,0,1
1,0,0,0,1
2,0,0,0,2
1,0,0,0,1
1,0,0,0,1
1,0,0,0,1
1,0,0,0,1
1,0,0,0,1
2,0,0,0,2
2,0,0,0,2
1,0,0,0,1
1,0,0,0,1
1,0,0,0,1
3,0,0,0,3
1,0,0,0,1
2,0,0,0,2
1,0,0,0,1
3,0,0,0,3
1,0,0,0,1
1,0,0,0,1
1,0,0,0,1
1,0,0,0,1
1,1,0,0,2
1,0,0,0,1
1,0,0,0,1
1,0,0,0,1
1,0,0,0,1
1,0,0,0,1
1,0,0,0,1
1,0,0,0,1
1,0,0,0,1
2,0,0,0,2
1,0,0,0,1
1,0,0,0,1
1,0,0,0,1
4,0,0,0,4
1,0,0,0,1
2,0,0,0,2
1,0,0,0,1
2,0,0,0,2
1,0,0,0,1
1,0,0,0,1
1,0,0,0,1
1,0,0,0,1
1,0,0,0,1
1,0,0,0,1
1,0,0,0,1
1,0,0,0,1
1,0,0,0,1
1,0,0,0,1
2,0,0,0,2
1,0,0,0,1
3,0,0,0,3
2,0,0,0,2
2,0,0,0,2
1,0,0,0,1
1,0,0,0,1
2,0,0,0,2
2,0,0,0,2
1,0,0,0,1
1,0,0,0,1
1,0,0,0,1
1,0,0,0,1
1,0,0,0,1
1,0,0,0,1
1,0,0,0,1
1,0,0,0,1
1,0,0,0,1
1,0,0,0,1
1,0,0,0,1
1,0,0,0,1
1,0,0,0,1
1,5,0,0,6
2,0,0,0,2
1,0,0,0,1
2,0,0,0,2
1,0,0,0,1
1,0,0,0,1
1,0,0,0,1
3,0,0,0,3
1,0,0,0,1
1,0,0,0,1
1,0,0,0,1
1,0,0,0,1
1,0,0,0,1
1,0,0,0,1
1,0,0,0,1
1,0,0,0,1
1,0,0,0,1
1,0,0,0,1
1,0,0,0,1
3,0,0,0,3
1,4,0,0,5
1,0,0,0,1
1,0,0,0,1
1,0,0,0,1
1,0,0,0,1
1,0,0,0,1
1,0,0,0,1
2,0,0,0,2
1,0,0,0,1
1,0,0,0,1
1,0,0,0,1
1,0,0,0,1
1,4,0,0,5
2,0,0,0,2
1,2,0,0,3
2,0,0,0,2
1,0,0,0,1
1,0,0,0,1
1,0,0,0,1
1,0,0,0,1
1,0,0,0,1
1,0,0,0,1
1,0,0,0,1
1,0,0,0,1
1,0,0,0,1
1,0,0,0,1
1,0,0,0,1
1,0,0,0,1
1,0,0,0,1
1,0,0,0,1
2,2,0,0,4
2,0,0,0,2
1,0,0,0,1
1,0,0,0,1
1,0,0,0,1
1,0,0,0,1
1,0,0,0,1
1,0,0,0,1
1,0,0,0,1
1,0,0,0,1
1,0,0,0,1
2,0,0,0,2
1,0,0,0,1
1,0,0,0,1
1,0,0,0,1
1,0,0,0,1
1,0,0,0,1
1,0,0,0,1
1,0,0,0,1
1,0,0,0,1
1,0,0,0,1
1,0,0,0,1
1,0,0,0,1
1,0,5,0,6
1,0,0,0,1
1,0,0,0,1
1,0,0,0,1
1,0,0,0,1
1,0,0,0,1
2,0,0,0,2
1,0,0,0,1
3,0,0,0,3
1,0,0,0,1
1,0,0,0,1
1,0,0,0,1
1,0,0,0,1
1,0,0,0,1
1,0,0,0,1
1,0,0,0,1
1,4,0,0,5
1,0,0,0,1
5,2,0,0,7
1,0,0,0,1
1,0,0,0,1
3,0,0,0,3
1,0,0,0,1
1,0,0,0,1
1,0,0,0,1
1,0,0,0,1
1,0,0,0,1
1,0,0,0,1
1,0,0,0,1
1,0,0,0,1
1,0,0,0,1
2,0,0,0,2
1,0,0,0,1
1,0,0,0,1
1,0,0,0,1
2,0,0,0,2
1,0,0,0,1
1,0,0,0,1
1,0,0,0,1
1,0,0,0,1
1,0,0,0,1
1,0,0,0,1
1,0,0,0,1
1,0,0,0,1
1,0,0,0,1
1,0,0,0,1
1,0,0,0,1
1,0,0,0,1
2,0,0,0,2
1,0,0,0,1
2,0,0,0,2
1,0,0,0,1
1,0,0,0,1
1,0,0,0,1
1,0,0,0,1
1,0,0,0,1
1,0,0,0,1
4,0,0,0,4
1,0,0,0,1
1,0,0,0,1
1,0,0,0,1
1,0,0,0,1
2,0,0,0,2
1,0,0,0,1
1,0,0,0,1
4,0,0,0,4
1,0,0,0,1
1,0,0,0,1
1,0,0,0,1
4,4,0,0,8
2,0,0,0,2
1,0,0,0,1
1,0,0,0,1
1,0,0,0,1
1,0,0,0,1
1,0,0,0,1
1,2,0,0,3
1,0,0,0,1
1,0,0,0,1
1,0,0,0,1
1,0,0,0,1
1,0,0,0,1
1,0,0,0,1
1,0,0,0,1
1,0,0,0,1
1,0,0,0,1
1,0,0,0,1
1,0,0,0,1
1,0,0,0,1
1,0,0,0,1
1,0,0,0,1
1,0,0,0,1
1,0,0,0,1
1,0,0,0,1
1,0,0,0,1
1,0,0,0,1
1,0,0,0,1
1,0,0,0,1
1,0,0,0,1
1,0,0,0,1
2,0,0,0,2
1,0,0,0,1
1,0,0,0,1
1,0,0,0,1
2,0,0,0,2
1,0,0,0,1
1,0,0,0,1
1,0,0,0,1
1,0,0,0,1
1,0,0,0,1
1,0,0,0,1
1,0,0,0,1
2,0,0,0,2
1,0,0,0,1
1,0,0,0,1
1,0,0,0,1
1,0,0,0,1
2,0,0,0,2
1,0,0,0,1
1,0,0,0,1
1,0,0,0,1
1,0,0,0,1
1,0,0,0,1
1,18,0,0,19
1,0,0,0,1
1,0,0,0,1
1,0,0,0,1
1,0,0,0,1
1,0,0,0,1
1,0,0,0,1
1,0,0,0,1
1,2,0,0,3
1,0,0,0,1
1,0,0,0,1
1,0,0,0,1
1,0,0,0,1
1,0,0,0,1
1,0,0,0,1
3,0,0,0,3
1,0,0,0,1
1,0,0,0,1
2,0,0,0,2
3,0,0,0,3
1,2,0,0,3
2,0,0,0,2
1,0,0,0,1
2,0,0,0,2
1,0,0,0,1
1,0,0,0,1
1,0,0,0,1
1,0,0,0,1
1,0,0,0,1
1,0,0,0,1
1,0,0,0,1
3,2,0,0,5
2,0,0,0,2
1,0,0,0,1
1,0,0,0,1
1,0,0,0,1
1,0,0,0,1
1,0,0,0,1
1,0,0,0,1
2,0,0,0,2
1,0,0,0,1
2,0,0,0,2
3,0,0,0,3
1,0,0,0,1
1,0,0,0,1
1,0,0,0,1
1,0,0,0,1
1,0,0,0,1
1,0,0,0,1
1,0,0,0,1
1,0,0,0,1
3,0,0,0,3
4,0,0,0,4
1,0,0,0,1
1,0,0,0,1
1,0,0,0,1
1,0,0,0,1
1,0,0,0,1
1,0,0,0,1
1,0,0,0,1
1,0,0,0,1
1,0,0,0,1
1,0,0,0,1
1,0,0,0,1
1,0,0,0,1
1,0,0,0,1
1,0,0,0,1
1,3,0,0,4
3,0,0,0,3
1,0,0,0,1
1,0,0,0,1
2,0,0,0,2
1,0,0,0,1
1,0,0,0,1
1,0,0,0,1
2,0,0,0,2
1,0,0,0,1
1,0,0,0,1
1,0,0,0,1
2,0,0,0,2
1,0,0,0,1
1,0,0,0,1
1,0,0,0,1
1,0,0,0,1
1,0,0,0,1
1,0,0,0,1
1,0,0,0,1
1,0,0,0,1
2,0,0,0,2
1,0,0,0,1
2,0,0,0,2
1,0,0,0,1
1,0,0,0,1
1,0,0,0,1
1,0,0,0,1
1,0,0,0,1
1,0,0,0,1
1,0,0,0,1
2,0,0,0,2
2,0,0,0,2
1,0,0,0,1
1,0,0,0,1
1,0,0,0,1
1,0,0,0,1
1,0,0,0,1
1,0,0,0,1
2,0,0,0,2
2,1,1,0,4
1,0,0,0,1
1,0,0,0,1
1,0,0,0,1
1,0,0,0,1
1,0,0,0,1
1,0,0,0,1
1,0,0,0,1
1,0,0,0,1
1,0,0,0,1
1,0,0,0,1
1,0,0,0,1
1,0,0,0,1
1,0,0,0,1
1,0,0,0,1
1,0,0,0,1
2,0,0,0,2
1,0,0,0,1
1,0,0,0,1
1,0,0,0,1
1,0,0,0,1
1,0,0,0,1
1,0,0,0,1
1,0,0,0,1
2,0,0,0,2
1,0,0,0,1
1,0,0,0,1
1,0,0,0,1
2,1,0,0,3
1,0,0,0,1
1,0,0,0,1
2,0,0,0,2
1,0,0,0,1
1,0,0,0,1
1,0,0,0,1
1,4,0,0,5
1,0,0,0,1
1,0,0,0,1
1,0,0,0,1
2,0,0,0,2
1,0,0,0,1
2,0,0,0,2
1,0,0,0,1
1,0,0,0,1
2,0,0,0,2
1,0,0,0,1
1,0,0,0,1
3,0,0,0,3
1,0,0,0,1
1,0,0,0,1
1,0,0,0,1
1,0,0,0,1
1,0,0,0,1
1,0,0,0,1
1,0,0,0,1
2,0,0,0,2
1,0,0,0,1
1,0,0,0,1
1,0,0,0,1
1,0,0,0,1
1,0,0,0,1
3,0,0,0,3
1,0,0,0,1
1,0,0,0,1
1,0,0,0,1
1,0,0,0,1
2,0,0,0,2
1,0,0,0,1
1,0,0,0,1
1,0,0,0,1
1,0,0,0,1
2,0,0,0,2
1,0,0,0,1
1,0,0,0,1
1,0,0,0,1
1,0,0,0,1
1,0,0,0,1
1,0,0,0,1
2,0,0,0,2
1,0,0,0,1
1,0,0,0,1
1,0,0,0,1
2,0,0,0,2
1,0,0,0,1
1,0,0,0,1
1,0,0,0,1
1,0,0,0,1
1,0,0,0,1
1,24,0,0,25
1,0,0,0,1
1,0,0,0,1
1,0,0,0,1
1,0,0,0,1
1,0,0,0,1
3,0,0,0,3
1,0,0,0,1
1,0,0,0,1
1,0,0,0,1
1,0,0,0,1
1,0,0,0,1
1,0,0,0,1
1,0,0,0,1
1,0,0,0,1
1,0,0,0,1
1,0,0,0,1
1,0,0,0,1
1,0,0,0,1
1,0,0,0,1
1,0,0,0,1
1,0,0,0,1
1,0,0,0,1
1,10,0,0,11
1,0,0,0,1
1,0,0,0,1
1,0,0,0,1
1,0,0,0,1
1,0,0,0,1
1,0,0,0,1
1,0,0,0,1
1,0,0,0,1
1,0,0,0,1
1,3,0,0,4
1,0,0,0,1
1,0,0,0,1
1,0,0,0,1
3,0,0,0,3
1,0,0,0,1
2,0,0,0,2
2,0,0,0,2
1,0,0,0,1
1,0,0,0,1
1,0,0,0,1
1,0,0,0,1
1,0,0,0,1
1,0,0,0,1
1,0,0,0,1
1,0,0,0,1
1,0,0,0,1
1,0,0,0,1
1,0,0,0,1
2,0,0,0,2
2,0,0,0,2
1,0,0,0,1
1,0,0,0,1
1,0,0,0,1
1,0,0,0,1
1,0,0,0,1
1,0,0,0,1
1,0,0,0,1
1,0,0,0,1
1,0,0,0,1
1,0,0,0,1
1,0,0,0,1
1,0,0,0,1
1,0,0,0,1
1,0,0,0,1
1,0,0,0,1
1,0,0,0,1
3,0,0,0,3
1,0,0,0,1
5,0,0,0,5
2,0,0,0,2
1,0,0,0,1
1,0,0,0,1
1,0,0,0,1
1,0,0,0,1
1,0,0,0,1
1,0,0,0,1
1,0,0,0,1
1,0,0,0,1
1,0,0,0,1
1,0,0,0,1
1,0,0,0,1
2,0,0,0,2
1,0,0,0,1
2,0,0,0,2
1,0,0,0,1
1,0,0,0,1
1,0,0,0,1
1,0,0,0,1
1,0,0,0,1
1,0,0,0,1
1,0,0,0,1
2,0,0,0,2
1,0,0,0,1
1,0,0,0,1
1,0,0,0,1
1,0,0,0,1
5,0,0,0,5
2,0,0,0,2
3,0,0,0,3
1,0,0,0,1
1,0,0,0,1
1,0,0,0,1
1,0,0,0,1
1,0,0,0,1
1,0,0,0,1
1,0,0,0,1
1,0,0,0,1
1,0,0,0,1
2,0,0,0,2
1,0,0,0,1
1,0,0,0,1
1,0,0,0,1
1,0,0,0,1
3,0,0,0,3
2,0,0,0,2
1,0,0,0,1
1,0,0,0,1
1,0,0,0,1
2,0,0,0,2
1,0,0,0,1
1,0,0,0,1
2,0,0,0,2
1,0,0,0,1
1,0,0,0,1
1,0,0,0,1
2,0,0,0,2
2,0,0,0,2
1,0,0,0,1
1,0,0,0,1
1,0,0,0,1
1,0,0,0,1
1,0,0,0,1
1,0,0,0,1
1,0,0,0,1
1,0,0,0,1
1,0,0,0,1
1,0,0,0,1
1,0,0,0,1
1,0,0,0,1
1,0,0,0,1
1,0,0,0,1
1,0,0,0,1
1,0,0,0,1
1,0,0,0,1
2,0,0,0,2
1,0,0,0,1
2,0,0,0,2
1,0,0,0,1
1,0,0,0,1
3,0,0,0,3
2,0,0,0,2
3,0,0,0,3
1,0,0,0,1
5,0,0,0,5
1,0,0,0,1
1,0,0,0,1
1,0,0,0,1
1,2,0,0,3
1,0,0,0,1
1,0,0,0,1
1,0,0,0,1
1,0,0,0,1
1,0,0,0,1
1,0,0,0,1
1,0,0,0,1
1,0,0,0,1
2,0,0,0,2
1,0,0,0,1
4,0,0,0,4
1,0,0,0,1
1,0,0,0,1
1,0,0,0,1
3,0,0,0,3
1,0,0,0,1
2,7,0,0,9
1,0,0,0,1
2,0,0,0,2
1,0,0,0,1
1,1,0,0,2
1,0,0,0,1
1,0,0,0,1
1,0,0,0,1
2,0,0,0,2
3,0,0,0,3
1,0,0,0,1
1,0,0,0,1
1,0,0,0,1
1,0,0,0,1
1,0,0,0,1
2,0,0,0,2
1,0,0,0,1
1,0,0,0,1
1,0,0,0,1
3,1,0,0,4
1,0,0,0,1
2,0,0,0,2
1,0,0,0,1
1,0,0,0,1
1,0,0,0,1
1,0,0,0,1
3,0,0,0,3
1,0,0,0,1
2,0,0,0,2
1,0,0,0,1
2,0,0,0,2
1,0,0,0,1
1,0,0,0,1
1,0,0,0,1
1,0,0,0,1
1,4,0,0,5
1,0,0,0,1
2,0,0,0,2
1,0,0,0,1
1,0,0,0,1
1,0,0,0,1
1,0,0,0,1
1,0,0,0,1
2,0,0,0,2
2,0,0,0,2
2,0,0,0,2
1,0,0,0,1
1,0,0,0,1
1,0,0,0,1
1,0,0,0,1
2,3,0,0,5
2,0,0,0,2
1,0,0,0,1
1,0,0,0,1
2,0,0,0,2
1,0,0,0,1
1,0,0,0,1
1,0,0,0,1
1,0,0,0,1
1,0,0,0,1
1,0,0,0,1
1,0,0,0,1
1,0,0,0,1
1,0,0,0,1
2,0,0,0,2
1,0,0,0,1
1,0,0,0,1
1,0,0,0,1
1,0,0,0,1
1,0,0,0,1
3,0,0,0,3
1,0,0,0,1
1,0,0,0,1
1,0,0,0,1
1,0,0,0,1
1,0,0,0,1
1,0,0,0,1
2,0,0,0,2
1,0,0,0,1
1,0,0,0,1
1,0,0,0,1
1,0,0,0,1
1,0,0,0,1
1,0,0,0,1
1,0,0,0,1
1,0,0,0,1
1,0,0,0,1
2,0,0,0,2
1,0,0,0,1
2,0,0,0,2
4,0,0,0,4
1,0,0,0,1
1,0,0,0,1
2,0,0,0,2
1,0,0,0,1
1,0,0,0,1
1,0,0,0,1
1,0,0,0,1
1,0,0,0,1
1,0,0,0,1
1,0,0,0,1
1,0,0,0,1
1,0,0,0,1
3,0,0,0,3
1,0,0,0,1
1,0,0,0,1
2,0,0,0,2
1,0,0,0,1
1,0,0,0,1
1,0,0,0,1
1,0,0,0,1
1,0,0,0,1
1,0,0,0,1
1,0,0,0,1
1,0,0,0,1
2,0,0,0,2
1,0,0,0,1
1,0,0,0,1
1,0,0,0,1
1,0,0,0,1
2,0,0,0,2
1,0,0,0,1
1,0,0,0,1
1,0,0,0,1
1,0,0,0,1
1,0,0,0,1
1,0,0,0,1
1,0,0,0,1
1,0,0,0,1
2,14,0,0,16
1,0,0,0,1
1,0,0,0,1
1,0,0,0,1
1,0,0,0,1
1,0,0,0,1
1,0,0,0,1
1,0,0,0,1
1,0,0,0,1
1,0,0,0,1
1,0,0,0,1
1,0,0,0,1
1,0,0,0,1
1,0,0,0,1
3,0,0,0,3
1,0,0,0,1
1,0,0,0,1
1,0,0,0,1
1,0,0,0,1
1,0,0,0,1
1,0,0,0,1
1,0,0,0,1
1,0,0,0,1
3,5,0,0,8
1,0,0,0,1
1,0,0,0,1
1,0,0,0,1
1,0,0,0,1
1,0,0,0,1
1,0,0,0,1
1,0,0,0,1
1,0,0,0,1
2,0,0,0,2
1,0,0,0,1
1,0,0,0,1
1,0,0,0,1
1,0,0,0,1
1,0,0,0,1
1,0,0,0,1
1,0,0,0,1
5,0,0,0,5
1,0,0,0,1
1,0,0,0,1
1,0,0,0,1
1,0,0,0,1
2,0,0,0,2
1,0,0,0,1
1,0,0,0,1
1,0,0,0,1
1,0,0,0,1
1,0,0,0,1
1,0,0,0,1
1,0,0,0,1
1,0,0,0,1
2,0,0,0,2
1,0,0,0,1
1,0,0,0,1
1,0,0,0,1
3,0,0,0,3
1,0,0,0,1
1,0,0,0,1
2,0,0,0,2
2,0,0,0,2
2,0,0,0,2
1,0,0,0,1
1,0,0,0,1
1,0,0,0,1
1,0,0,0,1
1,0,0,0,1
1,0,0,0,1
1,0,0,0,1
1,0,0,0,1
1,0,0,0,1
1,0,0,0,1
1,0,0,0,1
1,0,0,0,1
1,0,0,0,1
1,0,0,0,1
1,0,0,0,1
2,0,0,0,2
1,0,0,0,1
1,1,0,0,2
1,0,0,0,1
2,0,0,0,2
1,0,0,0,1
2,0,0,0,2
1,0,0,0,1
1,0,0,0,1
1,0,0,0,1
1,0,0,0,1
2,0,0,0,2
1,0,0,0,1
1,0,0,0,1
1,0,0,0,1
3,0,0,0,3
1,0,0,0,1
1,0,0,0,1
1,0,0,0,1
1,0,0,0,1
2,0,0,0,2
1,0,0,0,1
1,0,0,0,1
1,2,0,0,3
1,2,0,0,3
1,0,0,0,1
1,0,0,0,1
2,0,0,0,2
1,0,0,0,1
1,0,0,0,1
1,0,0,0,1
1,0,0,0,1
1,0,0,0,1
3,0,0,0,3
1,0,0,0,1
1,0,0,0,1
1,0,0,0,1
1,0,0,0,1
1,0,0,0,1
1,0,0,0,1
1,0,0,0,1
1,0,0,0,1
1,0,0,0,1
1,0,0,0,1
1,0,0,0,1
2,0,0,0,2
1,0,0,0,1
1,0,0,0,1
1,0,0,0,1
1,0,0,0,1
1,0,0,0,1
1,0,0,0,1
1,0,0,0,1
1,0,0,0,1
6,1,0,0,7
1,0,0,0,1
1,0,0,0,1
1,0,0,0,1
1,0,0,0,1
1,0,0,0,1
2,0,0,0,2
1,0,0,0,1
1,0,0,0,1
3,0,0,0,3
1,0,0,0,1
2,0,0,0,2
1,0,0,0,1
1,0,0,0,1
1,0,0,0,1
1,0,0,0,1
1,0,0,0,1
1,0,0,0,1
1,0,0,0,1
1,0,0,0,1
1,0,0,0,1
1,0,0,0,1
1,0,0,0,1
1,0,0,0,1
1,0,0,0,1
1,0,0,0,1
1,0,0,0,1
3,0,0,0,3
1,0,0,0,1
1,0,0,0,1
2,0,0,0,2
1,0,0,0,1
1,0,0,0,1
1,0,0,0,1
1,0,0,0,1
3,0,0,0,3
1,0,0,0,1
1,0,0,0,1
1,0,0,0,1
1,0,0,0,1
1,0,0,0,1
1,0,0,0,1
1,0,0,0,1
3,0,0,0,3
1,0,0,0,1
1,0,0,0,1
1,0,0,0,1
1,0,0,0,1
1,0,0,0,1
1,0,0,0,1
1,0,0,0,1
1,0,0,0,1
1,0,0,0,1
1,0,0,0,1
1,0,0,0,1
1,0,0,0,1
1,0,0,0,1
1,0,0,0,1
1,0,0,0,1
1,0,0,0,1
1,0,0,0,1
1,0,0,0,1
1,0,0,0,1
1,0,0,0,1
1,0,0,0,1
1,0,0,0,1
2,0,0,0,2
1,0,0,0,1
3,0,0,0,3
1,0,0,0,1
1,0,0,0,1
1,0,0,0,1
2,0,0,0,2
1,0,0,0,1
1,0,0,0,1
2,2,0,0,4
1,0,0,0,1
1,0,0,0,1
1,0,0,0,1
1,0,0,0,1
3,0,0,0,3
2,0,0,0,2
2,0,0,0,2
1,0,0,0,1
1,0,0,0,1
1,0,0,0,1
2,0,0,0,2
1,0,0,0,1
1,0,0,0,1
2,0,0,0,2
1,0,0,0,1
1,0,0,0,1
4,0,0,0,4
3,0,0,0,3
1,0,0,0,1
1,0,0,0,1
1,0,0,0,1
1,0,0,0,1
1,0,0,0,1
2,0,0,0,2
1,0,0,0,1
2,0,0,0,2
1,0,0,0,1
1,0,0,0,1
1,0,0,0,1
3,0,0,0,3
1,0,0,0,1
1,0,0,0,1
1,0,0,0,1
1,0,0,0,1
1,0,0,0,1
1,0,0,0,1
3,0,0,0,3
1,0,0,0,1
1,0,0,0,1
1,0,0,0,1
1,0,0,0,1
1,0,0,0,1
1,0,0,0,1
1,0,0,0,1
1,0,0,0,1
1,0,0,0,1
1,0,0,0,1
1,0,0,0,1
1,0,0,0,1
1,0,0,0,1
1,0,0,0,1
1,0,0,0,1
1,0,0,0,1
1,0,0,0,1
1,0,0,0,1
1,0,0,0,1
1,0,0,0,1
2,0,0,0,2
1,0,0,0,1
1,0,0,0,1
1,0,0,0,1
1,0,0,0,1
2,0,0,0,2
1,0,0,0,1
1,0,0,0,1
1,0,0,0,1
1,0,0,0,1
1,0,0,0,1
2,0,0,0,2
1,0,0,0,1
3,0,0,0,3
1,0,0,0,1
1,0,0,0,1
1,0,0,0,1
1,0,0,0,1
1,0,0,0,1
1,0,0,0,1
1,0,0,0,1
1,0,0,0,1
1,0,0,0,1
1,0,0,0,1
1,0,0,0,1
1,0,0,0,1
2,0,0,0,2
1,0,0,0,1
1,0,0,0,1
1,0,0,0,1
1,0,0,0,1
1,0,0,0,1
1,0,0,0,1
1,0,0,0,1
3,0,0,0,3
1,0,0,0,1
1,66,0,0,67
1,0,0,0,1
1,0,0,0,1
1,30,0,0,31
1,0,0,0,1
1,0,0,0,1
2,0,0,0,2
1,0,0,0,1
1,0,0,0,1
1,0,0,0,1
1,0,0,0,1
1,0,0,0,1
1,0,0,0,1
1,0,0,0,1
1,0,0,0,1
2,0,0,0,2
1,0,0,0,1
1,0,0,0,1
1,0,0,0,1
1,0,0,0,1
1,0,0,0,1
1,0,0,0,1
1,0,0,0,1
2,0,0,0,2
1,0,0,0,1
1,0,0,0,1
1,0,0,0,1
1,0,0,0,1
1,0,0,0,1
1,0,0,0,1
1,0,0,0,1
1,0,0,0,1
1,0,1,0,2
2,0,0,0,2
1,0,0,0,1
2,4,1,0,7
1,0,0,0,1
2,0,0,0,2
1,0,0,0,1
1,0,0,0,1
1,0,0,0,1
2,0,0,0,2
1,0,0,0,1
1,0,0,0,1
1,0,0,0,1
1,0,0,0,1
1,0,0,0,1
1,1,1,0,3
1,0,0,0,1
1,0,0,0,1
1,0,0,0,1
1,0,0,0,1
1,0,0,0,1
1,0,0,0,1
2,0,0,0,2
1,0,0,0,1
1,0,0,0,1
1,0,0,0,1
1,0,0,0,1
4,2,0,0,6
1,0,0,0,1
3,0,0,0,3
2,0,0,0,2
1,0,0,0,1
1,0,0,0,1
1,0,0,0,1
3,0,0,0,3
1,0,0,0,1
2,0,0,0,2
3,0,0,0,3
1,0,0,0,1
1,0,0,0,1
1,0,0,0,1
1,0,0,0,1
1,0,0,0,1
1,0,0,0,1
1,0,0,0,1
1,0,0,0,1
1,0,0,0,1
1,0,0,0,1
4,8,0,0,12
1,0,0,0,1
1,1,0,0,2
1,0,0,0,1
1,0,0,0,1
2,0,0,0,2
1,0,0,0,1
1,0,0,0,1
2,1,0,0,3
1,0,0,0,1
1,0,0,0,1
2,0,0,0,2
1,0,0,0,1
1,0,0,0,1
1,0,0,0,1
1,0,0,0,1
1,0,0,0,1
2,0,0,0,2
2,0,0,0,2
1,0,0,0,1
2,0,0,0,2
2,2,3,0,7
1,0,0,0,1
1,0,0,0,1
1,0,0,0,1
1,0,0,0,1
1,0,0,0,1
1,0,0,0,1
1,0,0,0,1
1,0,0,0,1
1,0,0,0,1
2,0,0,0,2
1,0,0,0,1
2,0,0,0,2
1,0,0,0,1
1,0,0,0,1
1,0,0,0,1
1,0,0,0,1
1,0,0,0,1
1,0,0,0,1
1,0,0,0,1
1,0,0,0,1
1,0,0,0,1
1,0,0,0,1
1,0,0,0,1
1,0,0,0,1
1,0,0,0,1
1,0,0,0,1
1,0,0,0,1
1,0,0,0,1
1,0,0,0,1
1,0,0,0,1
1,0,0,0,1
1,0,0,0,1
1,0,0,0,1
1,0,0,0,1
1,0,0,0,1
1,0,0,0,1
1,0,0,0,1
1,0,0,0,1
1,0,0,0,1
1,0,0,0,1
2,0,0,0,2
1,0,0,0,1
1,0,0,0,1
1,0,0,0,1
1,0,0,0,1
1,0,0,0,1
1,0,0,0,1
1,0,0,0,1
1,0,0,0,1
1,0,0,0,1
1,0,0,0,1
1,0,0,0,1
1,0,0,0,1
1,0,0,0,1
1,0,0,0,1
1,0,0,0,1
1,0,0,0,1
1,0,0,0,1
1,0,0,0,1
1,0,0,0,1
3,0,0,0,3
1,0,0,0,1
1,0,0,0,1
1,0,0,0,1
2,0,0,0,2
1,0,0,0,1
1,0,0,0,1
1,0,0,0,1
1,0,0,0,1
2,0,0,0,2
1,0,0,0,1
1,0,0,0,1
1,0,0,0,1
1,0,0,0,1
1,0,0,0,1
1,0,0,0,1
1,0,0,0,1
1,0,0,0,1
1,0,0,0,1
1,0,0,0,1
2,0,0,0,2
1,0,0,0,1
2,0,0,0,2
1,0,0,0,1
1,0,0,0,1
1,0,0,0,1
1,0,0,0,1
1,1,0,0,2
4,0,0,0,4
1,0,0,0,1
1,0,0,0,1
1,0,0,0,1
2,0,0,0,2
1,6,0,0,7
1,0,0,0,1
1,0,0,0,1
1,0,0,0,1
1,0,0,0,1
1,0,0,0,1
3,10,0,0,13
1,0,0,0,1
1,0,0,0,1
1,0,0,0,1
1,0,0,0,1
1,0,0,0,1
1,0,0,0,1
1,0,0,0,1
1,0,0,0,1
2,0,0,0,2
1,0,0,0,1
1,0,0,0,1
1,0,0,0,1
1,0,0,0,1
1,0,0,0,1
1,0,0,0,1
1,0,0,0,1
1,1,0,0,2
1,0,0,0,1
1,0,0,0,1
1,0,0,0,1
1,0,0,0,1
1,0,0,0,1
2,0,0,0,2
1,0,0,0,1
1,0,0,0,1
1,0,0,0,1
2,0,0,0,2
1,0,0,0,1
1,0,0,0,1
1,0,0,0,1
1,0,0,0,1
1,0,0,0,1
3,0,0,0,3
1,0,0,0,1
1,0,0,0,1
1,0,0,0,1
1,0,0,0,1
1,0,0,0,1
1,0,0,0,1
1,0,0,0,1
1,0,0,0,1
1,0,0,0,1
1,0,0,0,1
1,0,0,0,1
1,0,0,0,1
1,2,0,0,3
1,0,0,0,1
1,0,0,0,1
1,0,0,0,1
1,0,0,0,1
3,0,0,0,3
1,0,0,0,1
1,0,0,0,1
1,0,0,0,1
1,0,0,0,1
1,0,0,0,1
1,0,0,0,1
2,0,0,0,2
1,0,0,0,1
1,0,0,0,1
1,0,0,0,1
1,0,0,0,1
1,0,0,0,1
1,0,0,0,1
1,0,0,0,1
1,0,0,0,1
1,0,0,0,1
1,1,0,0,2
1,0,0,0,1
1,0,0,0,1
1,0,0,0,1
1,0,0,0,1
1,0,0,0,1
1,0,0,0,1
1,0,0,0,1
1,0,0,0,1
1,0,0,0,1
1,0,0,0,1
2,0,0,0,2
1,0,0,0,1
1,0,0,0,1
1,0,0,0,1
1,0,0,0,1
1,0,0,0,1
1,0,0,0,1
4,0,0,0,4
1,0,0,0,1
1,0,0,0,1
1,0,0,0,1
1,0,0,0,1
1,0,0,0,1
1,0,0,0,1
1,0,0,0,1
1,0,0,0,1
1,0,0,0,1
1,0,0,0,1
1,0,0,0,1
1,0,0,0,1
1,0,0,0,1
1,0,0,0,1
1,0,0,0,1
1,4,0,0,5
1,0,0,0,1
1,0,0,0,1
1,2,0,0,3
1,0,0,0,1
1,0,0,0,1
1,0,0,0,1
1,0,0,0,1
1,0,0,0,1
1,0,0,0,1
1,0,0,0,1
1,0,0,0,1
1,0,0,0,1
1,0,0,0,1
2,0,0,0,2
3,0,0,0,3
1,0,0,0,1
1,0,0,0,1
1,0,0,0,1
1,0,0,0,1
1,0,0,0,1
1,0,0,0,1
1,22,0,0,23
1,0,0,0,1
2,0,0,0,2
1,0,0,0,1
1,0,0,0,1
3,0,0,0,3
1,0,0,0,1
1,0,0,0,1
1,0,0,0,1
1,0,0,0,1
1,0,0,0,1
1,1,0,0,2
1,2,0,0,3
2,0,0,0,2
4,0,0,0,4
1,0,0,0,1
1,0,0,0,1
1,0,0,0,1
1,0,0,0,1
1,0,0,0,1
1,0,0,0,1
2,0,0,0,2
1,0,0,0,1
1,0,0,0,1
1,0,0,0,1
1,0,0,0,1
1,0,0,0,1
1,0,0,0,1
2,0,0,0,2
1,0,0,0,1
1,0,0,0,1
3,0,0,0,3
3,0,0,0,3
1,0,0,0,1
1,0,0,0,1
1,0,0,0,1
3,0,0,0,3
3,0,0,0,3
1,0,0,0,1
1,0,0,0,1
1,0,0,0,1
1,0,0,0,1
2,6,0,0,8
1,0,0,0,1
1,2,0,0,3
1,0,0,0,1
1,0,0,0,1
2,0,0,0,2
1,0,0,0,1
1,0,0,0,1
1,0,0,0,1
1,0,0,0,1
1,0,0,0,1
1,0,0,0,1
1,0,0,0,1
1,0,0,0,1
1,0,0,0,1
1,0,0,0,1
4,0,0,0,4
1,0,0,0,1
1,0,0,0,1
1,0,0,0,1
1,0,0,0,1
1,0,0,0,1
1,0,0,0,1
1,0,0,0,1
1,0,0,0,1
1,0,0,0,1
2,0,0,0,2
1,0,0,0,1
1,0,0,0,1
1,0,0,0,1
1,0,0,0,1
1,0,0,0,1
1,0,0,0,1
1,0,0,0,1
1,0,0,0,1
1,0,0,0,1
1,0,0,0,1
2,0,0,0,2
1,0,0,0,1
1,0,0,0,1
1,0,0,0,1
1,0,0,0,1
2,1,0,0,3
1,0,0,0,1
1,0,0,0,1
1,0,0,0,1
1,0,0,0,1
2,0,0,0,2
1,0,0,0,1
2,3,2,0,7
2,0,0,0,2
1,0,0,0,1
1,0,0,0,1
1,0,0,0,1
1,0,0,0,1
1,0,0,0,1
3,0,0,0,3
2,0,0,0,2
1,0,0,0,1
1,0,0,0,1
1,0,0,0,1
2,0,0,0,2
1,0,0,0,1
1,0,0,0,1
2,0,0,0,2
1,0,0,0,1
1,0,0,0,1
1,0,0,0,1
1,0,0,0,1
1,0,0,0,1
1,0,0,0,1
1,0,0,0,1
1,0,0,0,1
1,0,0,0,1
1,0,0,0,1
1,1,1,0,3
1,0,0,0,1
1,0,0,0,1
1,0,0,0,1
1,0,0,0,1
1,0,0,0,1
2,0,0,0,2
1,0,0,0,1
1,0,0,0,1
1,0,0,0,1
1,0,0,0,1
1,0,0,0,1
2,0,0,0,2
4,0,0,0,4
1,0,0,0,1
1,0,0,0,1
2,0,0,0,2
2,20,0,0,22
1,0,0,0,1
2,0,0,0,2
1,0,0,0,1
1,0,0,0,1
1,0,0,0,1
1,0,0,0,1
1,0,0,0,1
1,0,0,0,1
1,19,0,0,20
2,0,0,0,2
2,0,0,0,2
1,0,0,0,1
1,3,0,0,4
2,0,0,0,2
1,0,0,0,1
1,0,0,0,1
1,0,0,0,1
3,0,0,0,3
1,0,0,0,1
1,0,0,0,1
1,0,0,0,1
1,0,0,0,1
2,0,0,0,2
1,0,0,0,1
1,0,0,0,1
1,0,0,0,1
1,0,0,0,1
2,0,0,0,2
1,0,0,0,1
2,0,0,0,2
4,0,0,0,4
1,0,0,0,1
1,0,0,0,1
1,0,0,0,1
1,0,0,0,1
1,0,0,0,1
1,0,0,0,1
2,0,0,0,2
1,0,0,0,1
2,0,0,0,2
2,0,0,0,2
2,0,0,0,2
1,0,0,0,1
2,0,0,0,2
1,0,0,0,1
1,0,0,0,1
1,0,0,0,1
1,0,0,0,1
3,0,0,0,3
1,0,0,0,1
1,0,0,0,1
1,0,0,0,1
1,0,0,0,1
2,0,0,0,2
1,0,0,0,1
1,0,0,0,1
3,0,0,0,3
1,0,0,0,1
1,0,0,0,1
1,0,0,0,1
2,0,0,0,2
1,0,0,0,1
2,0,0,0,2
2,0,0,0,2
1,0,0,0,1
1,0,0,0,1
1,0,0,0,1
1,0,0,0,1
1,0,0,0,1
1,0,0,0,1
1,0,0,0,1
2,0,0,0,2
1,0,0,0,1
1,0,0,0,1
1,0,0,0,1
1,0,0,0,1
1,0,0,0,1
1,0,0,0,1
1,3,0,0,4
1,0,0,0,1
1,0,0,0,1
1,0,0,0,1
1,0,0,0,1
2,0,0,0,2
1,1,0,0,2
2,0,0,0,2
1,0,0,0,1
1,0,0,0,1
5,0,0,0,5
1,0,0,0,1
1,0,0,0,1
2,0,0,0,2
2,0,0,0,2
1,0,0,0,1
1,0,0,0,1
1,0,0,0,1
2,0,0,0,2
2,0,0,0,2
1,0,0,0,1
6,1,0,0,7
1,0,0,0,1
2,0,0,0,2
1,0,0,0,1
1,0,0,0,1
1,0,0,0,1
1,0,0,0,1
2,0,0,0,2
1,0,0,0,1
2,0,0,0,2
1,1,0,0,2
1,0,0,0,1
1,0,0,0,1
1,0,0,0,1
1,0,0,0,1
1,0,0,0,1
1,0,0,0,1
1,0,0,0,1
1,0,0,0,1
1,0,0,0,1
1,0,0,0,1
1,0,0,0,1
1,0,0,0,1
1,0,0,0,1
1,0,0,0,1
1,0,0,0,1
1,0,0,0,1
1,0,0,0,1
4,8,0,0,12
1,0,0,0,1
1,0,0,0,1
2,0,0,0,2
1,0,0,0,1
1,0,0,0,1
1,0,0,0,1
2,0,0,0,2
2,0,0,0,2
1,0,0,0,1
1,0,0,0,1
1,0,0,0,1
1,0,0,0,1
1,0,0,0,1
1,0,0,0,1
1,0,0,0,1
1,0,0,0,1
1,0,0,0,1
1,0,0,0,1
3,3,0,0,6
1,0,0,0,1
1,0,0,0,1
1,0,0,0,1
1,0,0,0,1
1,0,0,0,1
1,0,0,0,1
1,0,0,0,1
1,0,0,0,1
2,0,0,0,2
2,0,0,0,2
1,0,0,0,1
1,0,0,0,1
2,0,0,0,2
1,0,0,0,1
3,0,0,0,3
2,0,0,0,2
1,0,0,0,1
1,0,0,0,1
1,0,0,0,1
1,0,0,0,1
1,0,0,0,1
2,0,0,0,2
1,0,0,0,1
2,0,0,0,2
1,0,0,0,1
1,0,0,0,1
1,0,0,0,1
1,0,0,0,1
1,0,0,0,1
1,0,0,0,1
1,0,0,0,1
1,0,0,0,1
2,0,0,0,2
1,0,0,0,1
1,0,0,0,1
1,0,0,0,1
1,0,0,0,1
1,0,0,0,1
1,0,0,0,1
1,0,0,0,1
1,0,0,0,1
2,0,0,0,2
1,0,0,0,1
1,0,0,0,1
2,0,0,0,2
1,0,0,0,1
1,0,0,0,1
1,0,0,0,1
1,0,0,0,1
1,0,0,0,1
1,0,0,0,1
1,0,0,0,1
1,0,0,0,1
1,0,0,0,1
1,0,0,0,1
1,0,0,0,1
1,0,0,0,1
1,0,0,0,1
1,0,0,0,1
1,0,0,0,1
1,0,0,0,1
1,0,0,0,1
1,0,0,0,1
1,0,0,0,1
1,2,0,0,3
1,0,0,0,1
1,0,0,0,1
1,0,0,0,1
1,0,0,0,1
1,0,0,0,1
1,0,0,0,1
1,0,0,0,1
3,0,0,0,3
3,0,0,0,3
1,0,0,0,1
2,0,0,0,2
2,0,0,0,2
1,0,0,0,1
1,0,0,0,1
1,0,0,0,1
1,0,0,0,1
1,0,0,0,1
1,0,0,0,1
1,0,0,0,1
1,0,0,0,1
2,0,0,0,2
3,0,0,0,3
1,0,0,0,1
1,1,0,0,2
1,0,0,0,1
1,0,0,0,1
1,0,0,0,1
1,0,0,0,1
1,0,0,0,1
1,0,0,0,1
2,0,0,0,2
1,0,0,0,1
1,0,0,0,1
1,0,0,0,1
2,0,0,0,2
1,0,0,0,1
1,0,0,0,1
1,0,0,0,1
1,0,0,0,1
1,0,0,0,1
1,0,0,0,1
1,0,0,0,1
2,0,0,0,2
1,0,0,0,1
1,0,0,0,1
1,0,0,0,1
2,0,0,0,2
1,0,0,0,1
1,0,0,0,1
1,0,0,0,1
2,0,0,0,2
1,0,0,0,1
1,0,0,0,1
1,0,0,0,1
1,0,0,0,1
1,0,0,0,1
1,0,0,0,1
2,0,0,0,2
1,0,0,0,1
1,0,0,0,1
1,0,0,0,1
1,0,0,0,1
2,0,0,0,2
1,0,0,0,1
1,0,0,0,1
1,0,0,0,1
1,0,0,0,1
2,0,0,0,2
2,0,0,0,2
1,0,0,0,1
1,0,0,0,1
1,0,0,0,1
1,0,0,0,1
2,0,0,0,2
1,0,0,0,1
1,0,0,0,1
1,0,0,0,1
1,0,0,0,1
1,0,0,0,1
2,0,0,0,2
1,0,0,0,1
1,0,0,0,1
1,0,0,0,1
2,0,0,0,2
1,0,0,0,1
4,45,0,0,49
1,0,0,0,1
1,0,0,0,1
1,0,0,0,1
1,0,0,0,1
1,0,0,0,1
2,3,0,0,5
1,0,0,0,1
1,0,0,0,1
1,0,0,0,1
2,0,0,0,2
1,0,0,0,1
1,0,0,0,1
1,0,0,0,1
1,0,0,0,1
2,0,1,0,3
1,0,0,0,1
1,0,0,0,1
1,0,0,0,1
1,0,0,0,1
2,0,0,0,2
1,0,0,0,1
2,0,0,0,2
2,0,0,0,2
2,0,0,0,2
2,0,0,0,2
1,0,0,0,1
1,0,0,0,1
1,0,0,0,1
1,0,0,0,1
2,0,0,0,2
1,0,0,0,1
1,0,0,0,1
1,0,0,0,1
1,0,0,0,1
1,0,0,0,1
1,3,0,0,4
1,0,0,0,1
1,0,0,0,1
2,1,0,0,3
1,0,0,0,1
2,0,0,0,2
1,0,0,0,1
1,0,0,0,1
1,2,0,0,3
1,0,0,0,1
1,0,0,0,1
1,0,0,0,1
1,0,0,0,1
2,0,0,0,2
3,0,0,0,3
1,0,0,0,1
1,0,0,0,1
1,0,0,0,1
1,0,0,0,1
1,0,0,0,1
1,0,0,0,1
1,0,0,0,1
1,0,0,0,1
1,0,0,0,1
1,0,0,0,1
1,0,0,0,1
1,0,0,0,1
1,0,0,0,1
2,0,0,0,2
1,0,0,0,1
1,0,0,0,1
1,0,0,0,1
1,0,0,0,1
1,0,0,0,1
1,0,0,0,1
2,0,0,0,2
1,0,0,0,1
1,0,0,0,1
1,0,0,0,1
1,0,0,0,1
1,0,0,0,1
1,0,0,0,1
1,0,0,0,1
4,0,0,0,4
1,0,0,0,1
1,0,0,0,1
1,0,0,0,1
1,0,0,0,1
1,0,0,0,1
1,0,0,0,1
3,0,0,0,3
1,0,0,0,1
2,0,0,0,2
1,2,0,0,3
1,0,0,0,1
1,0,0,0,1
1,0,0,0,1
1,0,0,0,1
1,0,0,0,1
1,0,0,0,1
1,0,0,0,1
6,0,0,0,6
1,0,0,0,1
1,0,0,0,1
1,0,0,0,1
1,0,0,0,1
1,0,0,0,1
1,0,0,0,1
1,0,0,0,1
1,0,0,0,1
1,0,0,0,1
1,0,0,0,1
1,0,0,0,1
2,0,0,0,2
1,0,0,0,1
1,0,0,0,1
1,0,0,0,1
1,0,0,0,1
1,0,0,0,1
1,0,0,0,1
1,0,0,0,1
1,0,0,0,1
2,0,0,0,2
1,0,0,0,1
1,0,0,0,1
1,0,0,0,1
1,0,0,0,1
1,0,0,0,1
1,0,0,0,1
1,0,0,0,1
1,0,0,0,1
1,0,0,0,1
1,0,0,0,1
1,0,0,0,1
1,0,0,0,1
3,0,0,0,3
1,0,0,0,1
3,0,0,0,3
1,0,0,0,1
1,0,0,0,1
1,0,0,0,1
1,0,0,0,1
1,0,0,0,1
2,0,0,0,2
1,0,0,0,1
1,0,0,0,1
2,0,0,0,2
2,0,0,0,2
1,0,0,0,1
1,0,0,0,1
1,0,0,0,1
1,0,0,0,1
1,0,0,0,1
1,0,0,0,1
1,0,0,0,1
1,0,0,0,1
2,0,0,0,2
1,0,0,0,1
1,0,0,0,1
2,0,0,0,2
1,0,0,0,1
1,0,0,0,1
1,0,0,0,1
1,0,0,0,1
2,0,0,0,2
2,0,0,0,2
1,0,0,0,1
1,0,0,0,1
1,0,0,0,1
1,0,0,0,1
1,0,0,0,1
1,0,0,0,1
2,0,0,0,2
2,0,0,0,2
1,0,0,0,1
1,2,0,0,3
1,0,0,0,1
1,0,0,0,1
1,0,0,0,1
1,0,0,0,1
1,0,0,0,1
1,0,0,0,1
1,0,0,0,1
1,0,0,0,1
2,0,0,0,2
1,0,0,0,1
1,0,0,0,1
1,0,0,0,1
1,0,0,0,1
1,0,0,0,1
1,0,0,0,1
1,0,0,0,1
1,0,0,0,1
1,0,0,0,1
1,0,0,0,1
1,0,0,0,1
1,0,0,0,1
1,0,0,0,1
1,0,0,0,1
1,0,0,0,1
1,0,0,0,1
1,0,0,0,1
1,0,0,0,1
2,0,0,0,2
1,0,0,0,1
1,0,0,0,1
2,0,0,0,2
1,0,0,0,1
3,0,0,0,3
2,0,0,0,2
1,0,0,0,1
1,0,0,0,1
1,0,0,0,1
1,0,0,0,1
4,0,0,0,4
1,0,0,0,1
1,0,0,0,1
2,0,0,0,2
3,1,1,0,5
1,0,0,0,1
2,0,0,0,2
1,0,0,0,1
1,0,0,0,1
1,0,0,0,1
4,0,0,0,4
1,0,0,0,1
1,0,0,0,1
1,0,0,0,1
1,0,0,0,1
1,0,0,0,1
1,0,0,0,1
1,0,0,0,1
2,0,0,0,2
1,0,0,0,1
1,0,0,0,1
1,0,0,0,1
1,0,0,0,1
1,0,0,0,1
1,0,0,0,1
1,0,0,0,1
2,0,0,0,2
1,0,0,0,1
1,0,0,0,1
1,0,0,0,1
1,0,0,0,1
1,0,0,0,1
1,0,0,0,1
1,0,0,0,1
1,0,0,0,1
1,0,0,0,1
1,0,0,0,1
1,0,0,0,1
1,0,0,0,1
1,0,0,0,1
1,0,0,0,1
1,0,0,0,1
1,5,1,0,7
1,0,0,0,1
1,0,0,0,1
2,0,0,0,2
1,0,0,0,1
1,0,0,0,1
1,0,0,0,1
2,0,0,0,2
1,0,0,0,1
1,0,0,0,1
1,0,0,0,1
1,0,0,0,1
1,0,0,0,1
1,0,0,0,1
1,0,0,0,1
1,0,0,0,1
1,0,0,0,1
1,0,0,0,1
1,0,0,0,1
1,0,0,0,1
1,0,0,0,1
1,0,0,0,1
2,0,0,0,2
1,0,0,0,1
1,0,0,0,1
1,0,0,0,1
1,0,0,0,1
1,0,0,0,1
1,0,0,0,1
1,0,0,0,1
1,0,0,0,1
1,0,0,0,1
1,0,0,0,1
1,0,0,0,1
1,0,0,0,1
1,0,0,0,1
2,0,0,0,2
1,0,0,0,1
2,0,0,0,2
3,0,0,0,3
1,35,0,0,36
1,0,0,0,1
1,0,0,0,1
1,0,0,0,1
1,0,0,0,1
1,0,0,0,1
1,0,0,0,1
1,0,0,0,1
1,0,0,0,1
1,0,0,0,1
1,0,0,0,1
1,0,0,0,1
3,0,0,0,3
1,0,0,0,1
1,0,0,0,1
1,0,0,0,1
1,0,0,0,1
1,0,0,0,1
1,0,0,0,1
1,0,0,0,1
1,0,0,0,1
1,0,0,0,1
2,3,0,0,5
1,0,0,0,1
1,0,0,0,1
1,0,0,0,1
1,0,0,0,1
1,0,0,0,1
2,0,0,0,2
1,0,0,0,1
1,0,0,0,1
1,0,0,0,1
1,0,0,0,1
1,0,0,0,1
1,0,0,0,1
1,0,0,0,1
1,0,0,0,1
2,0,0,0,2
1,0,0,0,1
1,0,0,0,1
1,0,0,0,1
1,0,0,0,1
1,0,0,0,1
1,0,0,0,1
1,0,0,0,1
1,0,0,0,1
1,0,0,0,1
1,0,0,0,1
1,0,0,0,1
1,0,0,0,1
1,0,0,0,1
1,0,0,0,1
1,0,0,0,1
1,0,0,0,1
1,0,0,0,1
2,0,0,0,2
2,0,0,0,2
1,0,0,0,1
1,0,0,0,1
1,0,0,0,1
1,0,0,0,1
1,0,0,0,1
1,0,0,0,1
1,0,0,0,1
3,0,0,0,3
1,0,0,0,1
1,0,0,0,1
1,0,0,0,1
1,0,0,0,1
2,0,0,0,2
1,0,0,0,1
1,0,0,0,1
1,0,0,0,1
1,0,0,0,1
1,0,0,0,1
1,0,0,0,1
1,0,0,0,1
1,0,0,0,1
1,0,0,0,1
1,0,0,0,1
1,0,0,0,1
1,0,0,0,1
1,0,0,0,1
1,0,0,0,1
1,0,0,0,1
1,1,0,0,2
1,0,0,0,1
1,0,0,0,1
1,0,0,0,1
1,0,0,0,1
1,0,0,0,1
1,0,0,0,1
2,0,0,0,2
1,0,0,0,1
1,0,0,0,1
1,0,0,0,1
1,0,0,0,1
1,0,0,0,1
1,0,0,0,1
1,0,0,0,1
1,0,0,0,1
1,0,0,0,1
1,0,0,0,1
2,0,0,0,2
2,0,0,0,2
2,0,0,0,2
1,0,0,0,1
1,0,0,0,1
1,0,0,0,1
1,0,0,0,1
1,0,0,0,1
1,0,0,0,1
1,0,0,0,1
1,0,0,0,1
1,0,0,0,1
1,0,0,0,1
1,0,0,0,1
1,0,0,0,1
1,0,0,0,1
2,0,0,0,2
1,0,0,0,1
1,0,0,0,1
1,0,0,0,1
1,0,0,0,1
2,0,0,0,2
1,0,0,0,1
1,0,0,0,1
1,0,0,0,1
2,0,0,0,2
1,0,0,0,1
1,0,0,0,1
1,0,0,0,1
2,0,0,0,2
1,0,0,0,1
1,0,0,0,1
1,0,0,0,1
1,0,0,0,1
2,0,0,0,2
1,0,0,0,1
2,0,0,0,2
1,0,0,0,1
1,0,0,0,1
1,0,0,0,1
1,0,0,0,1
5,2,0,0,7
1,0,0,0,1
1,0,0,0,1
1,0,0,0,1
1,0,0,0,1
1,0,0,0,1
2,0,0,0,2
1,0,0,0,1
2,0,0,0,2
1,0,0,0,1
5,0,0,0,5
1,0,0,0,1
1,0,0,0,1
1,0,0,0,1
1,0,0,0,1
1,0,0,0,1
2,0,0,0,2
1,0,0,0,1
3,0,0,0,3
1,0,0,0,1
1,0,0,0,1
1,0,0,0,1
1,0,0,0,1
1,0,0,0,1
1,0,0,0,1
1,0,0,0,1
1,0,0,0,1
1,0,0,0,1
1,0,0,0,1
1,0,0,0,1
2,0,0,0,2
1,0,0,0,1
1,0,0,0,1
1,0,0,0,1
3,2,0,0,5
1,0,0,0,1
1,0,0,0,1
1,0,0,0,1
1,0,0,0,1
1,0,0,0,1
1,0,0,0,1
1,0,0,0,1
1,0,0,0,1
2,0,0,0,2
1,0,0,0,1
1,0,0,0,1
1,0,0,0,1
1,0,0,0,1
1,0,0,0,1
1,0,0,0,1
1,0,0,0,1
1,0,0,0,1
1,0,0,0,1
1,0,0,0,1
1,0,0,0,1
1,0,0,0,1
2,0,0,0,2
1,0,0,0,1
2,0,0,0,2
1,0,0,0,1
1,0,0,0,1
1,0,0,0,1
2,0,0,0,2
1,0,0,0,1
1,3,0,0,4
1,0,0,0,1
1,0,0,0,1
1,0,0,0,1
1,0,0,0,1
1,0,0,0,1
1,0,0,0,1
1,0,0,0,1
1,0,0,0,1
1,0,0,0,1
2,0,0,0,2
1,0,0,0,1
1,0,0,0,1
1,0,0,0,1
1,0,0,0,1
1,0,0,0,1
1,0,0,0,1
1,0,0,0,1
1,0,0,0,1
1,0,0,0,1
1,0,0,0,1
2,0,0,0,2
3,58,4,0,65
1,0,0,0,1
1,0,0,0,1
1,0,0,0,1
1,0,0,0,1
1,0,0,0,1
1,0,0,0,1
1,0,0,0,1
2,0,0,0,2
1,0,0,0,1
1,0,0,0,1
1,0,0,0,1
1,0,0,0,1
1,0,0,0,1
1,0,0,0,1
1,0,0,0,1
1,0,0,0,1
1,0,0,0,1
1,0,0,0,1
1,0,0,0,1
1,0,0,0,1
1,0,0,0,1
1,0,0,0,1
1,0,0,0,1
1,0,0,0,1
1,0,0,0,1
1,0,0,0,1
1,0,0,0,1
3,1,0,0,4
1,0,0,0,1
1,0,0,0,1
1,0,0,0,1
1,1,0,0,2
1,0,0,0,1
1,0,0,0,1
1,0,0,0,1
4,0,0,0,4
1,0,0,0,1
1,0,0,0,1
2,0,0,0,2
2,0,0,0,2
1,0,0,0,1
1,0,0,0,1
1,0,0,0,1
1,0,0,0,1
1,1,0,0,2
1,0,0,0,1
1,0,0,0,1
4,0,0,0,4
1,0,0,0,1
1,0,0,0,1
1,0,0,0,1
1,0,0,0,1
1,0,0,0,1
1,0,0,0,1
1,0,0,0,1
1,0,0,0,1
1,0,0,0,1
1,0,0,0,1
1,3,0,0,4
1,0,0,0,1
1,0,0,0,1
1,0,0,0,1
2,5,0,0,7
1,0,0,0,1
1,0,0,0,1
1,0,0,0,1
2,0,0,0,2
1,0,0,0,1
1,0,0,0,1
3,8,2,0,13
1,0,0,0,1
1,0,0,0,1
1,0,0,0,1
1,0,0,0,1
1,0,0,0,1
1,0,0,0,1
1,0,0,0,1
1,0,0,0,1
2,0,0,0,2
1,0,0,0,1
1,0,0,0,1
1,0,0,0,1
1,0,0,0,1
1,0,0,0,1
2,0,0,0,2
1,0,0,0,1
1,0,0,0,1
2,0,0,0,2
1,0,0,0,1
1,0,0,0,1
2,0,0,0,2
1,0,0,0,1
1,0,0,0,1
1,0,0,0,1
3,0,0,0,3
1,0,0,0,1
2,0,0,0,2
1,0,0,0,1
2,0,0,0,2
1,0,0,0,1
1,0,0,0,1
1,0,0,0,1
1,0,0,0,1
1,0,0,0,1
1,0,0,0,1
1,0,0,0,1
1,0,0,0,1
1,0,0,0,1
1,0,0,0,1
2,0,0,0,2
1,0,0,0,1
1,0,0,0,1
1,0,0,0,1
1,25,5,0,31
1,0,0,0,1
1,2,0,0,3
1,0,0,0,1
1,0,0,0,1
1,0,0,0,1
1,0,0,0,1
1,0,0,0,1
1,0,0,0,1
5,2,0,0,7
1,0,0,0,1
1,0,0,0,1
1,0,0,0,1
1,0,0,0,1
1,0,0,0,1
1,0,0,0,1
1,0,0,0,1
1,0,0,0,1
1,0,0,0,1
1,0,0,0,1
1,0,0,0,1
1,0,0,0,1
1,0,0,0,1
1,0,0,0,1
1,0,0,0,1
1,0,0,0,1
1,0,0,0,1
1,0,0,0,1
1,0,0,0,1
1,0,0,0,1
1,0,0,0,1
1,0,0,0,1
1,0,0,0,1
1,0,0,0,1
1,0,0,0,1
1,0,0,0,1
1,0,0,0,1
2,13,0,0,15
1,0,0,0,1
1,0,0,0,1
1,0,0,0,1
1,0,0,0,1
1,0,0,0,1
1,0,0,0,1
1,0,0,0,1
1,0,0,0,1
1,0,0,0,1
1,3,0,0,4
1,0,0,0,1
1,0,0,0,1
1,0,0,0,1
1,0,0,0,1
1,0,0,0,1
8,0,0,0,8
2,0,0,0,2
1,0,0,0,1
2,2,0,0,4
1,0,0,0,1
4,0,0,0,4
1,0,0,0,1
1,0,0,0,1
1,0,0,0,1
1,0,0,0,1
4,0,0,0,4
3,1,0,0,4
1,0,0,0,1
1,0,0,0,1
1,0,0,0,1
2,0,0,0,2
1,0,0,0,1
1,0,0,0,1
1,0,0,0,1
2,0,0,0,2
1,0,0,0,1
1,0,0,0,1
2,0,0,0,2
1,0,0,0,1
1,0,0,0,1
1,0,0,0,1
1,0,0,0,1
1,0,0,0,1
1,0,0,0,1
1,0,0,0,1
1,0,0,0,1
1,0,0,0,1
1,0,0,0,1
2,0,0,0,2
1,0,0,0,1
3,0,0,0,3
1,0,0,0,1
1,0,0,0,1
1,0,0,0,1
1,0,0,0,1
1,0,0,0,1
2,0,0,0,2
1,0,0,0,1
4,0,0,0,4
1,0,0,0,1
1,0,0,0,1
1,0,0,0,1
2,0,0,0,2
1,0,0,0,1
1,0,0,0,1
1,1,0,0,2
1,0,0,0,1
3,0,0,0,3
2,0,0,0,2
2,0,0,0,2
1,0,0,0,1
1,0,0,0,1
1,0,0,0,1
4,9,0,0,13
1,0,0,0,1
1,0,0,0,1
2,0,0,0,2
1,0,0,0,1
1,0,0,0,1
1,0,0,0,1
1,0,0,0,1
1,0,0,0,1
4,0,0,0,4
1,0,0,0,1
1,0,0,0,1
2,0,0,0,2
1,0,0,0,1
3,0,0,0,3
1,0,0,0,1
1,4,0,0,5
1,0,0,0,1
1,0,0,0,1
1,0,0,0,1
1,0,0,0,1
1,0,0,0,1
1,0,0,0,1
1,0,0,0,1
1,0,0,0,1
1,0,0,0,1
1,0,0,0,1
1,0,0,0,1
1,0,0,0,1
1,0,0,0,1
1,0,0,0,1
1,0,0,0,1
2,0,0,0,2
1,0,0,0,1
1,0,0,0,1
1,0,0,0,1
1,0,0,0,1
1,0,0,0,1
1,0,0,0,1
1,0,0,0,1
1,0,0,0,1
1,0,0,0,1
1,4,0,0,5
2,1,0,0,3
1,0,0,0,1
1,0,0,0,1
1,0,0,0,1
1,0,0,0,1
1,0,0,0,1
1,0,0,0,1
1,0,0,0,1
3,0,0,0,3
1,0,0,0,1
3,0,0,0,3
1,0,0,0,1
1,0,0,0,1
1,0,0,0,1
1,0,0,0,1
1,0,0,0,1
1,0,0,0,1
1,0,0,0,1
1,0,0,0,1
1,0,0,0,1
3,0,0,0,3
1,0,0,0,1
2,0,0,0,2
2,0,0,0,2
1,0,0,0,1
1,0,0,0,1
1,0,0,0,1
1,0,0,0,1
1,0,0,0,1
1,0,0,0,1
1,0,0,0,1
1,0,0,0,1
1,0,0,0,1
1,0,0,0,1
1,0,0,0,1
1,0,0,0,1
1,0,0,0,1
1,0,0,0,1
1,0,0,0,1
1,0,0,0,1
1,0,0,0,1
1,0,0,0,1
2,0,0,0,2
2,0,0,0,2
1,0,0,0,1
2,0,0,0,2
1,0,0,0,1
1,0,0,0,1
1,0,0,0,1
1,0,0,0,1
2,0,0,0,2
1,0,0,0,1
1,0,0,0,1
1,0,0,0,1
1,0,0,0,1
1,0,0,0,1
1,0,0,0,1
1,0,0,0,1
2,0,0,0,2
1,0,0,0,1
1,0,0,0,1
1,0,0,0,1
1,0,0,0,1
1,0,0,0,1
1,0,0,0,1
1,0,0,0,1
2,0,0,0,2
1,0,0,0,1
2,0,0,0,2
1,0,0,0,1
2,0,0,0,2
1,0,0,0,1
1,0,0,0,1
1,0,0,0,1
1,0,0,0,1
2,0,0,0,2
1,0,0,0,1
2,0,0,0,2
1,0,0,0,1
1,0,0,0,1
1,0,0,0,1
1,0,0,0,1
1,0,0,0,1
1,0,0,0,1
1,0,0,0,1
1,0,0,0,1
1,0,0,0,1
2,0,0,0,2
1,0,0,0,1
1,0,0,0,1
1,0,0,0,1
1,0,0,0,1
1,0,0,0,1
1,0,0,0,1
2,0,0,0,2
1,0,0,0,1
1,0,0,0,1
1,1,0,0,2
1,0,0,0,1
1,0,0,0,1
1,0,0,0,1
1,0,0,0,1
1,0,0,0,1
1,0,0,0,1
1,0,0,0,1
1,0,0,0,1
1,0,0,0,1
2,0,0,0,2
1,0,0,0,1
1,0,0,0,1
1,0,0,0,1
1,0,0,0,1
1,0,0,0,1
1,0,0,0,1
1,0,0,0,1
1,0,0,0,1
1,0,0,0,1
1,0,0,0,1
2,0,0,0,2
1,0,0,0,1
1,0,0,0,1
1,0,0,0,1
1,0,0,0,1
2,0,0,0,2
1,0,0,0,1
2,0,0,0,2
1,0,0,0,1
1,0,0,0,1
1,0,0,0,1
1,0,0,0,1
1,0,0,0,1
2,0,0,0,2
1,0,0,0,1
1,0,0,0,1
1,0,0,0,1
2,0,0,0,2
1,0,0,0,1
1,0,0,0,1
2,0,0,0,2
1,0,0,0,1
1,0,0,0,1
1,0,0,0,1
1,0,0,0,1
2,0,0,0,2
1,0,0,0,1
1,0,0,0,1
2,0,0,0,2
1,0,0,0,1
1,0,0,0,1
1,0,0,0,1
1,0,0,0,1
1,0,0,0,1
1,0,0,0,1
1,3,0,0,4
1,0,0,0,1
1,0,0,0,1
1,0,0,0,1
1,0,0,0,1
1,0,0,0,1
1,0,0,0,1
2,0,0,0,2
1,0,0,0,1
1,0,0,0,1
1,0,0,0,1
1,0,0,0,1
2,0,0,0,2
1,0,0,0,1
2,0,0,0,2
2,0,0,0,2
1,0,0,0,1
1,0,0,0,1
1,0,0,0,1
2,0,0,0,2
1,0,0,0,1
2,0,0,0,2
1,0,0,0,1
1,0,0,0,1
2,0,0,0,2
1,0,0,0,1
3,0,0,0,3
1,0,0,0,1
2,0,0,0,2
2,0,0,0,2
1,0,0,0,1
1,0,0,0,1
1,0,0,0,1
1,0,0,0,1
1,0,0,0,1
1,0,0,0,1
1,0,0,0,1
1,0,0,0,1
1,0,0,0,1
1,0,0,0,1
1,0,0,0,1
1,0,0,0,1
1,0,0,0,1
1,0,0,0,1
1,0,0,0,1
1,0,0,0,1
1,0,0,0,1
1,0,0,0,1
2,0,0,0,2
1,0,0,0,1
1,0,0,0,1
1,0,0,0,1
1,0,0,0,1
2,0,0,0,2
1,0,0,0,1
1,0,0,0,1
1,0,0,0,1
1,0,0,0,1
2,0,0,0,2
3,0,0,0,3
5,0,0,0,5
1,0,0,0,1
1,0,0,0,1
1,0,0,0,1
1,0,0,0,1
2,0,0,0,2
1,0,0,0,1
1,0,0,0,1
1,0,0,0,1
1,0,0,0,1
1,0,0,0,1
2,0,0,0,2
1,0,0,0,1
1,0,0,0,1
1,0,0,0,1
1,0,0,0,1
2,0,0,0,2
2,0,0,0,2
1,0,0,0,1
1,0,0,0,1
1,2,0,0,3
1,0,0,0,1
1,0,0,0,1
2,0,0,0,2
1,0,0,0,1
1,0,0,0,1
1,0,0,0,1
1,0,0,0,1
1,0,0,0,1
1,0,0,0,1
1,0,0,0,1
1,0,0,0,1
1,0,0,0,1
1,0,0,0,1
1,0,0,0,1
1,0,0,0,1
1,0,0,0,1
1,0,0,0,1
1,0,0,0,1
1,0,0,0,1
3,0,0,0,3
3,0,0,0,3
1,0,0,0,1
3,0,0,0,3
1,0,0,0,1
1,0,0,0,1
1,0,0,0,1
2,0,0,0,2
1,0,0,0,1
1,0,0,0,1
1,0,0,0,1
1,0,0,0,1
1,0,0,0,1
1,0,0,0,1
1,0,0,0,1
1,0,0,0,1
2,0,0,0,2
1,0,0,0,1
1,0,0,0,1
1,0,0,0,1
1,0,0,0,1
1,0,0,0,1
1,0,0,0,1
1,0,0,0,1
1,0,0,0,1
2,0,0,0,2
2,0,0,0,2
1,0,0,0,1
1,0,0,0,1
2,0,0,0,2
1,0,0,0,1
1,0,0,0,1
1,0,0,0,1
1,0,0,0,1
1,0,0,0,1
2,0,0,0,2
1,0,0,0,1
1,0,0,0,1
1,0,0,0,1
1,0,0,0,1
1,0,0,0,1
1,0,0,0,1
1,0,0,0,1
1,0,0,0,1
1,0,0,0,1
1,0,0,0,1
1,0,0,0,1
1,0,0,0,1
1,0,0,0,1
2,0,0,0,2
1,0,0,0,1
2,0,0,0,2
1,0,0,0,1
1,0,0,0,1
1,0,0,0,1
1,0,0,0,1
1,0,0,0,1
1,0,0,0,1
2,0,0,0,2
1,0,0,0,1
2,0,0,0,2
1,0,0,0,1
2,0,0,0,2
1,0,0,0,1
1,0,0,0,1
1,0,0,0,1
2,0,0,0,2
1,0,0,0,1
3,0,0,0,3
1,0,0,0,1
4,0,0,0,4
1,0,0,0,1
2,0,0,0,2
1,0,0,0,1
1,0,0,0,1
1,0,0,0,1
1,0,0,0,1
1,0,0,0,1
1,0,0,0,1
1,0,0,0,1
1,0,0,0,1
2,0,0,0,2
1,0,0,0,1
3,0,0,0,3
1,0,0,0,1
1,0,0,0,1
1,0,0,0,1
1,0,0,0,1
1,0,0,0,1
1,0,0,0,1
1,0,0,0,1
1,0,0,0,1
1,0,0,0,1
1,0,0,0,1
1,0,0,0,1
1,0,0,0,1
1,0,0,0,1
1,0,0,0,1
1,0,0,0,1
1,0,0,0,1
1,0,0,0,1
1,0,0,0,1
3,3,0,0,6
1,0,0,0,1
1,0,0,0,1
1,0,0,0,1
1,0,0,0,1
1,0,0,0,1
1,0,0,0,1
1,0,0,0,1
1,0,0,0,1
1,0,0,0,1
1,0,0,0,1
1,0,0,0,1
1,0,0,0,1
1,0,0,0,1
2,0,0,0,2
1,0,0,0,1
1,0,0,0,1
1,0,0,0,1
1,0,0,0,1
1,0,0,0,1
1,0,0,0,1
1,0,0,0,1
1,0,0,0,1
1,0,0,0,1
1,0,0,0,1
1,0,0,0,1
1,0,0,0,1
1,0,0,0,1
1,0,0,0,1
1,0,0,0,1
1,0,0,0,1
1,0,0,0,1
2,1,0,0,3
1,0,0,0,1
1,0,0,0,1
1,0,0,0,1
1,0,0,0,1
1,0,0,0,1
3,592,0,0,595
1,0,0,0,1
1,0,0,0,1
1,0,0,0,1
1,0,0,0,1
1,0,0,0,1
1,0,0,0,1
1,3,0,0,4
1,0,0,0,1
1,0,0,0,1
1,0,0,0,1
1,0,0,0,1
1,0,0,0,1
1,0,0,0,1
4,0,0,0,4
2,0,0,0,2
2,0,0,0,2
1,0,0,0,1
1,0,0,0,1
2,0,0,0,2
1,0,0,0,1
1,0,0,0,1
1,0,0,0,1
1,6,0,0,7
1,0,0,0,1
2,0,1,0,3
1,0,0,0,1
1,0,0,0,1
4,0,0,0,4
1,0,0,0,1
1,0,0,0,1
1,0,0,0,1
2,0,0,0,2
4,0,0,0,4
1,0,0,0,1
1,0,0,0,1
2,26,0,0,28
2,0,0,0,2
1,0,0,0,1
1,0,0,0,1
2,0,0,0,2
1,0,0,0,1
1,0,0,0,1
1,0,0,0,1
1,0,0,0,1
1,0,0,0,1
1,0,0,0,1
1,0,0,0,1
1,0,0,0,1
1,0,0,0,1
1,0,0,0,1
1,0,0,0,1
1,0,0,0,1
1,0,0,0,1
1,0,0,0,1
1,0,0,0,1
1,0,0,0,1
1,0,0,0,1
1,0,0,0,1
2,0,0,0,2
4,0,0,0,4
1,0,0,0,1
3,0,0,0,3
1,0,0,0,1
2,0,0,0,2
1,0,0,0,1
1,0,0,0,1
1,0,0,0,1
1,0,0,0,1
1,0,0,0,1
1,0,0,0,1
1,1,0,0,2
1,0,0,0,1
1,0,0,0,1
1,0,0,0,1
1,0,0,0,1
1,0,0,0,1
1,0,0,0,1
1,0,0,0,1
2,0,0,0,2
1,0,0,0,1
1,0,0,0,1
1,0,0,0,1
1,0,0,0,1
1,0,0,0,1
1,0,0,0,1
1,0,0,0,1
1,0,0,0,1
1,0,0,0,1
1,0,0,0,1
1,7,0,0,8
1,0,0,0,1
1,0,0,0,1
1,0,0,0,1
1,0,0,0,1
2,0,0,0,2
1,0,0,0,1
1,0,0,0,1
1,0,0,0,1
1,0,0,0,1
1,0,0,0,1
1,0,0,0,1
1,0,0,0,1
1,0,0,0,1
1,22,0,0,23
1,1,1,0,3
3,0,0,0,3
1,7,0,0,8
1,0,0,0,1
1,0,0,0,1
1,0,0,0,1
1,0,0,0,1
1,0,0,0,1
1,0,0,0,1
2,0,0,0,2
1,0,0,0,1
1,0,0,0,1
3,0,0,0,3
1,0,0,0,1
3,0,0,0,3
1,0,0,0,1
1,0,0,0,1
1,0,0,0,1
1,0,0,0,1
2,0,0,0,2
1,0,0,0,1
1,0,0,0,1
1,0,0,0,1
2,0,0,0,2
1,0,0,0,1
1,0,0,0,1
2,0,0,0,2
3,0,0,0,3
1,0,0,0,1
1,0,0,0,1
2,0,0,0,2
1,0,0,0,1
1,0,0,0,1
1,0,0,0,1
1,0,0,0,1
1,0,0,0,1
1,0,0,0,1
1,0,0,0,1
1,0,0,0,1
1,0,0,0,1
1,0,0,0,1
1,0,0,0,1
2,1,0,0,3
1,0,0,0,1
1,0,0,0,1
1,0,0,0,1
1,0,0,0,1
2,0,0,0,2
1,0,0,0,1
1,0,0,0,1
1,0,0,0,1
2,0,0,0,2
1,0,0,0,1
1,0,0,0,1
1,0,0,0,1
1,0,0,0,1
1,0,0,0,1
3,0,0,0,3
1,0,0,0,1
1,0,0,0,1
1,0,0,0,1
1,0,0,0,1
1,0,0,0,1
3,0,0,0,3
1,0,0,0,1
1,0,0,0,1
1,0,0,0,1
1,0,0,0,1
2,0,0,0,2
2,0,0,0,2
3,0,0,0,3
1,0,0,0,1
1,0,0,0,1
1,0,0,0,1
1,0,0,0,1
1,0,0,0,1
1,0,0,0,1
1,0,0,0,1
1,0,0,0,1
1,0,0,0,1
2,0,0,0,2
2,1,0,0,3
1,0,0,0,1
1,0,0,0,1
1,0,0,0,1
1,2,0,0,3
1,0,0,0,1
1,0,0,0,1
1,0,0,0,1
1,0,0,0,1
1,1,0,0,2
1,0,0,0,1
2,0,0,0,2
1,0,0,0,1
1,0,0,0,1
1,0,0,0,1
1,0,0,0,1
1,0,0,0,1
2,0,0,0,2
1,0,0,0,1
3,0,0,0,3
2,0,0,0,2
1,0,0,0,1
2,0,0,0,2
1,0,0,0,1
1,0,0,0,1
2,0,0,0,2
1,0,0,0,1
1,0,0,0,1
1,0,0,0,1
1,0,0,0,1
1,0,0,0,1
1,0,0,0,1
1,0,0,0,1
2,0,0,0,2
1,0,0,0,1
1,0,0,0,1
1,0,0,0,1
2,0,0,0,2
1,0,0,0,1
1,0,0,0,1
2,0,0,0,2
2,0,0,0,2
1,0,0,0,1
1,0,0,0,1
1,0,0,0,1
1,0,0,0,1
1,0,0,0,1
1,0,0,0,1
1,0,0,0,1
1,0,0,0,1
1,0,0,0,1
1,0,0,0,1
3,0,0,0,3
1,0,0,0,1
1,0,0,0,1
1,0,0,0,1
1,0,0,0,1
1,0,0,0,1
2,0,0,0,2
1,0,0,0,1
1,0,0,0,1
1,0,0,0,1
1,0,0,0,1
1,0,0,0,1
1,0,0,0,1
1,0,0,0,1
1,0,0,0,1
1,0,0,0,1
1,0,0,0,1
1,0,0,0,1
1,0,0,0,1
1,0,0,0,1
1,0,0,0,1
3,0,0,0,3
1,0,0,0,1
1,0,0,0,1
1,0,0,0,1
1,0,0,0,1
1,0,0,0,1
1,0,0,0,1
3,0,0,0,3
1,0,0,0,1
2,0,0,0,2
2,0,0,0,2
1,0,0,0,1
2,6,1,0,9
1,0,0,0,1
2,0,0,0,2
1,0,0,0,1
1,0,0,0,1
1,0,0,0,1
1,0,0,0,1
1,0,0,0,1
2,0,0,0,2
2,2,0,0,4
2,0,0,0,2
1,0,0,0,1
4,0,0,0,4
1,0,0,0,1
1,0,0,0,1
1,0,0,0,1
1,0,0,0,1
1,2,0,0,3
1,0,0,0,1
1,1,0,0,2
1,0,0,0,1
1,0,0,0,1
1,7,0,0,8
1,0,0,0,1
2,0,0,0,2
2,0,0,0,2
1,1,0,0,2
1,0,0,0,1
1,0,0,0,1
1,0,0,0,1
1,0,0,0,1
1,0,0,0,1
1,0,0,0,1
1,0,0,0,1
1,0,0,0,1
1,0,0,0,1
1,0,0,0,1
1,0,0,0,1
1,0,0,0,1
1,0,0,0,1
1,0,0,0,1
1,0,0,0,1
1,0,0,0,1
1,0,0,0,1
1,0,0,0,1
2,0,0,0,2
1,0,0,0,1
2,0,0,0,2
1,0,0,0,1
1,0,0,0,1
1,1,0,0,2
1,0,0,0,1
1,0,0,0,1
1,6,1,0,8
1,0,0,0,1
1,0,0,0,1
1,0,0,0,1
1,0,0,0,1
1,0,0,0,1
1,0,0,0,1
1,0,0,0,1
1,0,0,0,1
1,0,0,0,1
2,0,0,0,2
1,0,0,0,1
1,0,0,0,1
1,0,0,0,1
1,0,0,0,1
1,0,0,0,1
1,0,0,0,1
1,0,0,0,1
2,0,0,0,2
1,0,0,0,1
3,0,0,0,3
1,0,0,0,1
1,0,0,0,1
1,0,0,0,1
1,0,0,0,1
1,0,0,0,1
1,0,0,0,1
1,0,0,0,1
1,0,0,0,1
1,0,0,0,1
1,0,0,0,1
1,0,0,0,1
2,0,0,0,2
1,0,0,0,1
1,0,0,0,1
1,0,0,0,1
1,0,0,0,1
1,0,0,0,1
1,0,0,0,1
1,0,0,0,1
1,0,0,0,1
1,0,0,0,1
1,0,0,0,1
2,0,0,0,2
1,0,1,0,2
1,0,0,0,1
1,0,0,0,1
1,0,0,0,1
1,0,0,0,1
1,0,0,0,1
1,0,0,0,1
1,0,0,0,1
1,0,0,0,1
1,0,0,0,1
1,0,0,0,1
1,0,0,0,1
1,0,0,0,1
1,7,0,0,8
1,0,0,0,1
1,0,0,0,1
3,0,0,0,3
1,0,0,0,1
1,0,0,0,1
1,0,0,0,1
1,0,0,0,1
1,0,0,0,1
1,0,0,0,1
3,0,0,0,3
1,0,0,0,1
1,0,0,0,1
1,0,0,0,1
1,0,0,0,1
1,0,0,0,1
1,0,0,0,1
1,0,0,0,1
1,0,0,0,1
1,0,0,0,1
1,0,0,0,1
2,0,0,0,2
1,0,0,0,1
2,0,0,0,2
2,0,0,0,2
1,0,0,0,1
1,0,0,0,1
1,0,0,0,1
1,0,0,0,1
1,0,0,0,1
1,0,0,0,1
1,0,0,0,1
3,1,1,0,5
2,0,0,0,2
1,0,0,0,1
1,0,0,0,1
1,0,0,0,1
2,0,0,0,2
1,0,0,0,1
1,0,0,0,1
1,0,0,0,1
1,0,0,0,1
1,0,0,0,1
1,0,0,0,1
1,0,0,0,1
1,0,0,0,1
1,46,0,0,47
1,0,0,0,1
1,0,0,0,1
1,0,0,0,1
1,0,0,0,1
1,0,0,0,1
1,0,0,0,1
1,0,0,0,1
1,0,0,0,1
1,0,0,0,1
1,0,0,0,1
3,0,0,0,3
1,0,0,0,1
1,0,0,0,1
1,0,0,0,1
1,0,0,0,1
1,0,0,0,1
1,0,0,0,1
1,0,0,0,1
1,0,0,0,1
1,0,0,0,1
1,0,0,0,1
2,0,0,0,2
1,0,0,0,1
1,0,0,0,1
1,0,0,0,1
1,0,0,0,1
1,0,0,0,1
1,0,0,0,1
2,1,1,0,4
1,0,0,0,1
1,0,0,0,1
1,0,0,0,1
4,0,0,0,4
1,0,0,0,1
1,0,0,0,1
1,0,0,0,1
1,0,0,0,1
1,0,0,0,1
1,0,0,0,1
1,0,0,0,1
1,0,0,0,1
1,0,0,0,1
1,0,0,0,1
2,0,0,0,2
1,0,0,0,1
1,0,0,0,1
1,0,0,0,1
1,0,0,0,1
1,0,0,0,1
1,2,0,0,3
1,0,0,0,1
2,0,0,0,2
1,0,0,0,1
1,0,0,0,1
2,0,0,0,2
1,0,0,0,1
1,0,0,0,1
1,0,0,0,1
5,4,0,0,9
1,0,0,0,1
1,0,0,0,1
1,0,0,0,1
2,0,0,0,2
1,0,0,0,1
1,0,0,0,1
1,0,0,0,1
3,0,0,0,3
1,0,0,0,1
1,0,0,0,1
1,0,0,0,1
1,0,0,0,1
1,0,0,0,1
1,0,0,0,1
1,0,0,0,1
1,0,0,0,1
1,0,0,0,1
2,0,0,0,2
1,0,0,0,1
5,0,0,0,5
1,0,0,0,1
1,0,0,0,1
1,0,0,0,1
1,0,0,0,1
1,0,0,0,1
1,0,0,0,1
1,0,0,0,1
1,0,0,0,1
1,0,0,0,1
2,0,0,0,2
1,0,0,0,1
1,0,0,0,1
1,0,0,0,1
3,0,0,0,3
2,0,0,0,2
1,0,0,0,1
1,0,0,0,1
1,0,0,0,1
1,0,0,0,1
1,0,0,0,1
1,0,0,0,1
1,0,0,0,1
1,225,0,0,226
1,0,0,0,1
1,0,0,0,1
1,0,0,0,1
1,0,0,0,1
1,0,0,0,1
1,0,0,0,1
1,0,0,0,1
1,0,0,0,1
1,0,0,0,1
1,0,0,0,1
2,0,0,0,2
2,0,0,0,2
1,0,0,0,1
2,0,0,0,2
2,0,0,0,2
1,0,0,0,1
1,0,0,0,1
1,0,0,0,1
1,0,0,0,1
1,0,0,0,1
1,0,0,0,1
1,0,0,0,1
1,0,0,0,1
1,0,0,0,1
1,0,0,0,1
1,0,0,0,1
1,0,0,0,1
1,0,0,0,1
1,0,0,0,1
1,0,0,0,1
1,0,0,0,1
1,0,0,0,1
1,0,0,0,1
1,0,0,0,1
1,0,0,0,1
1,0,0,0,1
1,0,0,0,1
1,0,0,0,1
1,0,0,0,1
1,0,0,0,1
2,0,0,0,2
1,0,0,0,1
1,0,0,0,1
1,0,0,0,1
1,0,0,0,1
1,0,0,0,1
1,66,39,0,106
1,0,0,0,1
1,1,0,0,2
1,0,0,0,1
1,0,0,0,1
1,0,0,0,1
2,0,0,0,2
1,0,0,0,1
1,0,0,0,1
1,0,0,0,1
1,0,0,0,1
1,0,0,0,1
2,2,1,0,5
1,0,0,0,1
1,0,0,0,1
1,0,0,0,1
1,0,0,0,1
1,0,0,0,1
3,0,0,0,3
1,0,0,0,1
1,0,0,0,1
1,0,0,0,1
2,0,0,0,2
2,2,0,0,4
1,0,0,0,1
1,0,0,0,1
1,0,0,0,1
1,0,0,0,1
1,0,0,0,1
1,0,0,0,1
1,22,0,0,23
1,0,0,0,1
1,0,0,0,1
1,0,0,0,1
1,0,0,0,1
1,0,0,0,1
2,0,0,0,2
1,0,0,0,1
1,0,0,0,1
1,0,0,0,1
1,0,0,0,1
1,0,0,0,1
1,0,0,0,1
1,0,0,0,1
1,0,0,0,1
1,0,0,0,1
1,0,0,0,1
1,0,0,0,1
1,0,0,0,1
1,0,0,0,1
1,0,0,0,1
1,0,0,0,1
1,0,0,0,1
2,0,0,0,2
1,0,0,0,1
1,0,0,0,1
1,0,0,0,1
1,0,0,0,1
1,0,0,0,1
1,0,0,0,1
1,0,0,0,1
1,0,0,0,1
1,0,0,0,1
2,2,0,0,4
1,0,0,0,1
3,0,0,0,3
1,0,0,0,1
5,4,1,0,10
1,0,0,0,1
2,2,0,0,4
1,0,0,0,1
1,0,0,0,1
1,0,0,0,1
2,0,0,0,2
1,0,0,0,1
1,0,0,0,1
1,0,0,0,1
1,0,0,0,1
1,0,0,0,1
1,0,0,0,1
2,0,0,0,2
1,0,0,0,1
1,0,0,0,1
1,0,0,0,1
1,0,0,0,1
1,0,0,0,1
1,0,0,0,1
1,0,1,0,2
1,0,0,0,1
1,0,0,0,1
1,0,0,0,1
1,0,0,0,1
1,0,0,0,1
1,0,0,0,1
1,0,0,0,1
1,0,0,0,1
5,1,0,0,6
1,0,0,0,1
2,0,0,0,2
1,0,0,0,1
1,0,0,0,1
1,0,0,0,1
1,0,0,0,1
1,0,0,0,1
1,0,0,0,1
4,0,0,0,4
1,2,0,0,3
1,0,0,0,1
1,0,0,0,1
1,0,0,0,1
2,0,0,0,2
1,0,0,0,1
1,0,0,0,1
1,0,0,0,1
2,0,0,0,2
1,0,0,0,1
1,0,0,0,1
1,0,0,0,1
1,0,0,0,1
1,0,0,0,1
1,0,0,0,1
1,0,0,0,1
1,0,0,0,1
1,0,0,0,1
1,0,0,0,1
1,0,0,0,1
1,0,0,0,1
1,0,0,0,1
1,0,0,0,1
2,0,0,0,2
1,0,0,0,1
1,0,0,0,1
1,0,0,0,1
1,0,0,0,1
2,0,0,0,2
1,0,0,0,1
1,0,0,0,1
1,0,0,0,1
1,0,0,0,1
1,0,0,0,1
1,0,0,0,1
1,0,0,0,1
3,1,0,0,4
1,0,0,0,1
1,0,0,0,1
1,0,0,0,1
1,0,0,0,1
1,0,0,0,1
1,0,0,0,1
1,0,0,0,1
1,0,0,0,1
1,1,0,0,2
1,0,0,0,1
1,66,0,0,67
2,0,0,0,2
1,0,0,0,1
1,0,0,0,1
1,0,0,0,1
3,3,0,0,6
1,0,0,0,1
1,0,0,0,1
1,0,0,0,1
1,0,0,0,1
1,0,0,0,1
1,0,0,0,1
5,0,0,0,5
2,0,0,0,2
1,0,0,0,1
1,0,0,0,1
2,0,0,0,2
1,0,0,0,1
3,0,0,0,3
3,0,0,0,3
1,0,0,0,1
1,0,0,0,1
1,0,0,0,1
2,0,0,0,2
1,0,0,0,1
1,0,0,0,1
1,0,0,0,1
2,0,0,0,2
1,0,0,0,1
1,0,0,0,1
1,0,0,0,1
1,0,0,0,1
1,0,0,0,1
1,0,0,0,1
1,0,0,0,1
1,0,0,0,1
1,0,0,0,1
3,0,0,0,3
1,0,0,0,1
1,0,0,0,1
1,0,0,0,1
1,0,0,0,1
1,0,0,0,1
1,0,0,0,1
1,0,0,0,1
1,0,0,0,1
1,0,0,0,1
1,0,0,0,1
2,0,0,0,2
1,0,0,0,1
1,0,0,0,1
2,0,0,0,2
1,0,0,0,1
1,0,0,0,1
1,0,0,0,1
1,0,0,0,1
3,0,0,0,3
2,0,0,0,2
2,0,0,0,2
1,0,0,0,1
1,0,0,0,1
1,0,0,0,1
1,0,0,0,1
1,0,0,0,1
1,0,0,0,1
1,0,0,0,1
1,0,0,0,1
1,1,1,0,3
1,0,0,0,1
1,0,0,0,1
1,0,0,0,1
1,0,0,0,1
1,0,0,0,1
1,0,0,0,1
1,0,0,0,1
1,0,0,0,1
2,0,0,0,2
1,0,0,0,1
1,0,0,0,1
2,0,0,0,2
1,0,0,0,1
1,0,0,0,1
1,0,0,0,1
1,0,0,0,1
1,0,0,0,1
2,0,0,0,2
2,0,0,0,2
1,0,0,0,1
1,0,0,0,1
1,0,0,0,1
1,0,0,0,1
2,0,0,0,2
1,0,0,0,1
1,0,0,0,1
1,0,0,0,1
3,0,0,0,3
1,0,0,0,1
1,0,0,0,1
1,0,0,0,1
1,0,0,0,1
1,0,0,0,1
1,0,0,0,1
1,0,0,0,1
1,0,0,0,1
2,0,0,0,2
1,0,0,0,1
1,0,0,0,1
1,0,0,0,1
1,0,0,0,1
1,0,0,0,1
1,0,0,0,1
1,0,0,0,1
1,0,0,0,1
1,0,0,0,1
1,0,0,0,1
2,0,0,0,2
1,0,0,0,1
1,0,0,0,1
1,0,0,0,1
1,0,0,0,1
1,0,0,0,1
1,0,0,0,1
1,0,0,0,1
1,0,0,0,1
1,0,0,0,1
1,0,0,0,1
1,0,0,0,1
1,0,0,0,1
1,0,0,0,1
1,0,0,0,1
1,0,0,0,1
1,0,0,0,1
1,0,0,0,1
1,0,0,0,1
2,0,0,0,2
1,4,0,0,5
1,0,0,0,1
1,0,0,0,1
1,0,0,0,1
1,0,0,0,1
5,5,1,0,11
1,0,0,0,1
1,0,0,0,1
1,0,0,0,1
1,0,0,0,1
1,1,1,0,3
1,0,0,0,1
2,0,0,0,2
1,0,0,0,1
1,0,0,0,1
1,0,0,0,1
1,0,0,0,1
1,0,0,0,1
1,0,0,0,1
1,0,0,0,1
1,0,0,0,1
1,0,0,0,1
1,0,0,0,1
1,0,0,0,1
1,0,0,0,1
2,0,0,0,2
1,0,0,0,1
1,0,0,0,1
2,0,0,0,2
1,0,0,0,1
2,0,0,0,2
1,0,0,0,1
1,0,0,0,1
2,0,0,0,2
1,0,0,0,1
2,0,0,0,2
1,0,0,0,1
1,0,0,0,1
1,0,0,0,1
1,0,0,0,1
1,0,0,0,1
1,0,0,0,1
2,0,0,0,2
3,0,0,0,3
1,0,0,0,1
1,0,0,0,1
1,0,0,0,1
2,0,0,0,2
1,0,0,0,1
2,0,0,0,2
1,0,0,0,1
2,0,0,0,2
2,0,0,0,2
1,0,0,0,1
4,0,0,0,4
2,0,0,0,2
1,0,0,0,1
1,0,0,0,1
1,1,1,0,3
1,0,0,0,1
1,0,0,0,1
1,0,0,0,1
1,0,0,0,1
2,0,0,0,2
1,0,0,0,1
1,0,0,0,1
2,0,0,0,2
1,0,0,0,1
1,0,0,0,1
1,0,0,0,1
4,0,0,0,4
1,0,0,0,1
1,0,0,0,1
1,0,0,0,1
1,0,0,0,1
1,0,0,0,1
1,0,0,0,1
1,0,0,0,1
1,0,0,0,1
1,0,0,0,1
1,0,0,0,1
1,0,0,0,1
1,0,0,0,1
1,0,0,0,1
2,0,0,0,2
2,0,0,0,2
1,0,0,0,1
6,0,0,0,6
2,0,0,0,2
1,0,0,0,1
2,0,0,0,2
3,10,0,0,13
1,0,0,0,1
1,0,0,0,1
1,0,0,0,1
1,0,0,0,1
1,0,0,0,1
1,0,0,0,1
3,0,0,0,3
1,0,0,0,1
1,0,0,0,1
1,0,0,0,1
1,0,0,0,1
1,0,0,0,1
1,0,0,0,1
1,0,0,0,1
1,0,0,0,1
2,5,0,0,7
1,0,0,0,1
1,0,0,0,1
1,0,0,0,1
1,0,0,0,1
1,0,0,0,1
3,0,0,0,3
1,0,0,0,1
1,0,0,0,1
1,0,0,0,1
1,1,0,0,2
1,0,0,0,1
1,0,0,0,1
1,0,0,0,1
1,0,0,0,1
5,1,0,0,6
2,0,0,0,2
1,0,0,0,1
1,0,0,0,1
1,0,0,0,1
2,0,0,0,2
1,0,0,0,1
2,0,0,0,2
1,0,0,0,1
2,0,0,0,2
1,0,0,0,1
1,0,0,0,1
1,0,0,0,1
2,0,0,0,2
1,0,0,0,1
1,0,0,0,1
2,0,0,0,2
1,0,0,0,1
1,0,0,0,1
1,0,0,0,1
1,0,0,0,1
1,0,0,0,1
1,0,0,0,1
1,0,0,0,1
1,0,0,0,1
1,0,0,0,1
1,0,0,0,1
1,0,0,0,1
1,0,0,0,1
1,0,0,0,1
1,0,0,0,1
1,0,0,0,1
1,0,0,0,1
1,0,0,0,1
1,0,0,0,1
6,1,0,0,7
2,0,0,0,2
1,0,0,0,1
1,0,0,0,1
1,0,0,0,1
1,0,0,0,1
1,0,0,0,1
1,0,0,0,1
1,0,0,0,1
1,3,0,0,4
1,0,0,0,1
1,0,0,0,1
1,0,0,0,1
1,0,0,0,1
1,0,0,0,1
4,0,0,0,4
1,0,0,0,1
1,0,0,0,1
1,0,0,0,1
2,0,0,0,2
1,0,0,0,1
1,0,0,0,1
1,0,0,0,1
1,0,0,0,1
2,0,0,0,2
2,0,0,0,2
1,0,0,0,1
1,0,0,0,1
1,0,0,0,1
1,0,0,0,1
1,0,0,0,1
1,0,0,0,1
1,1,0,0,2
1,0,0,0,1
2,4,0,0,6
2,0,0,0,2
1,0,0,0,1
1,1,0,0,2
1,0,0,0,1
1,0,0,0,1
1,0,0,0,1
1,0,0,0,1
1,0,0,0,1
1,0,0,0,1
1,0,0,0,1
1,0,0,0,1
1,0,0,0,1
1,0,0,0,1
1,0,0,0,1
2,0,0,0,2
1,0,0,0,1
1,0,0,0,1
1,0,0,0,1
1,0,0,0,1
1,0,0,0,1
1,0,0,0,1
1,0,0,0,1
1,0,0,0,1
1,0,0,0,1
1,0,0,0,1
1,0,0,0,1
1,0,0,0,1
1,0,0,0,1
1,0,0,0,1
1,0,0,0,1
1,0,0,0,1
1,0,0,0,1
1,0,0,0,1
1,0,0,0,1
1,0,0,0,1
1,0,0,0,1
1,0,0,0,1
2,0,0,0,2
2,0,0,0,2
1,0,0,0,1
1,0,0,0,1
1,0,0,0,1
1,0,0,0,1
1,0,0,0,1
1,0,0,0,1
1,0,0,0,1
1,0,0,0,1
1,0,0,0,1
2,0,0,0,2
2,0,0,0,2
1,0,0,0,1
1,0,0,0,1
1,0,0,0,1
1,0,0,0,1
2,0,0,0,2
1,0,0,0,1
1,0,0,0,1
1,0,0,0,1
1,0,0,0,1
1,0,0,0,1
1,0,0,0,1
1,0,0,0,1
1,0,0,0,1
2,0,0,0,2
1,0,0,0,1
1,0,0,0,1
1,0,0,0,1
2,0,0,0,2
1,0,0,0,1
1,0,0,0,1
1,0,0,0,1
1,0,0,0,1
2,0,0,0,2
1,0,0,0,1
1,0,0,0,1
1,0,0,0,1
1,2,0,0,3
2,0,0,0,2
1,0,0,0,1
1,0,0,0,1
1,0,0,0,1
1,0,0,0,1
1,0,0,0,1
1,0,0,0,1
1,0,0,0,1
2,0,0,0,2
1,0,0,0,1
1,0,0,0,1
1,0,0,0,1
1,0,0,0,1
1,0,0,0,1
1,0,0,0,1
1,0,0,0,1
1,0,0,0,1
3,0,0,0,3
1,0,0,0,1
1,0,0,0,1
1,0,0,0,1
1,0,0,0,1
2,40,1,0,43
1,0,0,0,1
1,0,0,0,1
1,0,0,0,1
1,0,0,0,1
1,0,0,0,1
1,0,0,0,1
1,0,0,0,1
1,0,0,0,1
2,0,0,0,2
1,0,0,0,1
2,0,0,0,2
2,4,0,0,6
1,0,0,0,1
1,0,0,0,1
1,0,0,0,1
2,0,0,0,2
1,0,0,0,1
1,0,0,0,1
1,0,0,0,1
2,0,0,0,2
1,0,0,0,1
1,0,0,0,1
1,0,0,0,1
1,0,0,0,1
1,2,0,0,3
2,0,0,0,2
1,0,0,0,1
1,0,0,0,1
1,0,0,0,1
1,0,0,0,1
1,0,0,0,1
1,0,0,0,1
1,0,0,0,1
1,0,0,0,1
1,0,0,0,1
1,0,0,0,1
2,0,0,0,2
2,0,0,0,2
1,0,0,0,1
1,0,0,0,1
1,0,0,0,1
2,0,0,0,2
1,0,0,0,1
1,0,0,0,1
1,0,0,0,1
1,0,0,0,1
1,0,0,0,1
3,0,0,0,3
1,0,0,0,1
1,0,0,0,1
1,0,0,0,1
1,0,0,0,1
1,0,0,0,1
1,0,0,0,1
1,0,0,0,1
1,0,0,0,1
1,0,0,0,1
2,0,0,0,2
1,0,0,0,1
1,0,0,0,1
1,0,0,0,1
1,0,0,0,1
1,0,0,0,1
1,0,0,0,1
1,4,0,0,5
3,0,0,0,3
1,0,0,0,1
1,0,0,0,1
1,0,0,0,1
1,0,0,0,1
1,0,0,0,1
1,0,0,0,1
1,0,0,0,1
1,0,0,0,1
1,0,0,0,1
1,0,0,0,1
1,0,0,0,1
1,0,0,0,1
1,0,0,0,1
1,0,0,0,1
1,0,0,0,1
1,0,0,0,1
1,0,0,0,1
1,0,0,0,1
3,14,23,0,40
2,0,0,0,2
1,0,0,0,1
1,0,0,0,1
1,0,0,0,1
1,0,0,0,1
1,0,0,0,1
1,0,0,0,1
3,0,0,0,3
1,0,0,0,1
1,0,0,0,1
1,0,0,0,1
1,0,0,0,1
1,0,0,0,1
2,0,0,0,2
1,4,2,0,7
1,0,0,0,1
2,0,0,0,2
1,0,0,0,1
1,0,0,0,1
1,0,0,0,1
1,0,0,0,1
1,0,0,0,1
1,0,0,0,1
1,0,0,0,1
1,0,0,0,1
1,0,0,0,1
2,0,0,0,2
1,0,0,0,1
1,0,0,0,1
1,0,0,0,1
1,0,0,0,1
1,0,0,0,1
1,0,0,0,1
2,0,0,0,2
1,0,0,0,1
1,0,0,0,1
1,0,0,0,1
1,0,0,0,1
1,0,0,0,1
1,0,0,0,1
1,0,0,0,1
1,0,0,0,1
1,0,0,0,1
1,0,0,0,1
1,0,0,0,1
1,0,0,0,1
1,0,0,0,1
1,0,0,0,1
1,0,0,0,1
1,0,0,0,1
1,0,0,0,1
1,0,0,0,1
2,0,0,0,2
1,0,0,0,1
2,0,0,0,2
2,3,0,0,5
1,0,0,0,1
1,0,0,0,1
1,0,0,0,1
2,0,0,0,2
1,3,0,0,4
1,0,0,0,1
1,0,0,0,1
1,0,0,0,1
1,0,0,0,1
1,0,0,0,1
1,0,0,0,1
2,0,0,0,2
1,0,0,0,1
4,0,0,0,4
1,0,0,0,1
1,0,0,0,1
1,0,0,0,1
1,0,0,0,1
1,0,0,0,1
1,0,0,0,1
1,0,0,0,1
1,0,0,0,1
1,0,0,0,1
1,0,0,0,1
1,2,0,0,3
1,0,0,0,1
1,0,0,0,1
1,0,0,0,1
1,0,0,0,1
1,0,0,0,1
3,0,0,0,3
1,0,0,0,1
1,0,0,0,1
1,0,0,0,1
1,0,0,0,1
4,0,0,0,4
1,0,0,0,1
1,0,0,0,1
3,0,0,0,3
1,0,0,0,1
2,1,0,0,3
1,0,0,0,1
1,0,0,0,1
1,0,0,0,1
1,0,0,0,1
1,0,0,0,1
2,0,0,0,2
1,0,0,0,1
1,0,0,0,1
1,0,0,0,1
1,0,0,0,1
1,0,0,0,1
1,0,0,0,1
1,0,0,0,1
2,0,0,0,2
1,0,0,0,1
1,0,0,0,1
1,0,0,0,1
1,0,0,0,1
1,0,0,0,1
1,0,0,0,1
1,0,0,0,1
1,0,0,0,1
2,0,0,0,2
3,0,0,0,3
1,0,0,0,1
2,0,0,0,2
1,0,0,0,1
1,0,0,0,1
1,0,0,0,1
1,0,0,0,1
1,0,0,0,1
1,0,0,0,1
1,0,0,0,1
1,0,0,0,1
1,0,0,0,1
2,0,0,0,2
2,0,0,0,2
1,0,0,0,1
1,0,0,0,1
1,0,0,0,1
1,0,0,0,1
1,0,0,0,1
1,0,0,0,1
2,0,0,0,2
1,0,0,0,1
2,0,0,0,2
1,0,0,0,1
3,0,0,0,3
2,0,0,0,2
1,0,0,0,1
1,0,0,0,1
2,0,0,0,2
1,0,0,0,1
5,0,0,0,5
1,0,0,0,1
1,0,0,0,1
1,0,0,0,1
1,0,0,0,1
1,0,0,0,1
2,0,0,0,2
1,0,0,0,1
1,0,0,0,1
1,0,0,0,1
1,0,0,0,1
1,0,0,0,1
1,0,0,0,1
1,0,0,0,1
1,0,0,0,1
2,0,0,0,2
2,0,0,0,2
1,0,0,0,1
1,0,0,0,1
1,0,0,0,1
2,0,0,0,2
1,0,0,0,1
1,0,0,0,1
6,0,0,0,6
3,1,0,0,4
1,0,0,0,1
1,0,0,0,1
1,0,0,0,1
1,0,0,0,1
1,0,0,0,1
1,0,0,0,1
1,0,0,0,1
1,0,0,0,1
1,0,0,0,1
1,0,0,0,1
1,0,0,0,1
1,0,0,0,1
1,0,0,0,1
1,0,0,0,1
1,0,0,0,1
2,0,0,0,2
1,0,0,0,1
1,0,0,0,1
1,0,0,0,1
1,0,0,0,1
2,0,0,0,2
2,0,0,0,2
1,0,0,0,1
1,0,0,0,1
2,0,0,0,2
1,0,0,0,1
1,0,0,0,1
1,0,0,0,1
1,0,0,0,1
1,0,0,0,1
1,0,0,0,1
1,0,0,0,1
1,0,0,0,1
1,0,0,0,1
1,0,0,0,1
1,0,0,0,1
1,0,0,0,1
1,0,0,0,1
1,0,0,0,1
2,0,0,0,2
1,0,0,0,1
1,0,0,0,1
1,0,0,0,1
1,0,0,0,1
2,0,0,0,2
1,0,0,0,1
1,0,0,0,1
1,0,0,0,1
1,0,0,0,1
1,0,0,0,1
1,0,0,0,1
2,0,0,0,2
1,0,0,0,1
1,0,0,0,1
1,0,0,0,1
1,0,0,0,1
1,0,0,0,1
1,0,0,0,1
1,0,0,0,1
1,0,0,0,1
1,0,0,0,1
1,0,0,0,1
2,0,0,0,2
2,0,0,0,2
2,0,0,0,2
1,0,0,0,1
1,0,0,0,1
4,0,0,0,4
5,0,0,0,5
2,0,0,0,2
1,0,0,0,1
1,0,0,0,1
1,0,0,0,1
1,0,0,0,1
3,0,0,0,3
1,0,0,0,1
1,0,0,0,1
1,0,0,0,1
1,0,0,0,1
1,0,0,0,1
1,0,0,0,1
1,0,0,0,1
1,0,0,0,1
1,0,0,0,1
1,0,0,0,1
2,0,0,0,2
3,0,0,0,3
1,0,0,0,1
1,0,0,0,1
2,0,0,0,2
1,0,0,0,1
1,0,0,0,1
1,0,0,0,1
1,0,0,0,1
1,0,0,0,1
1,0,0,0,1
2,0,0,0,2
1,0,0,0,1
2,0,0,0,2
1,0,0,0,1
2,0,0,0,2
1,0,0,0,1
1,0,0,0,1
1,0,0,0,1
1,0,0,0,1
3,0,0,0,3
1,0,0,0,1
1,0,0,0,1
1,0,0,0,1
1,0,0,0,1
1,0,0,0,1
1,5,0,0,6
1,0,0,0,1
4,2,0,0,6
1,0,0,0,1
1,0,0,0,1
2,0,0,0,2
2,0,0,0,2
1,0,0,0,1
1,0,0,0,1
1,0,0,0,1
1,2,0,0,3
1,0,0,0,1
1,0,0,0,1
1,0,0,0,1
1,0,0,0,1
1,0,0,0,1
1,0,0,0,1
1,0,0,0,1
1,0,0,0,1
1,0,0,0,1
1,0,0,0,1
1,0,0,0,1
1,0,0,0,1
1,0,0,0,1
1,0,0,0,1
1,0,0,0,1
1,0,0,0,1
1,0,0,0,1
1,0,0,0,1
2,42,1,0,45
1,0,0,0,1
3,0,0,0,3
1,0,0,0,1
1,0,0,0,1
1,0,0,0,1
1,0,0,0,1
1,0,0,0,1
1,0,0,0,1
1,0,0,0,1
2,0,0,0,2
1,0,0,0,1
1,0,0,0,1
1,0,0,0,1
1,0,0,0,1
1,0,0,0,1
1,0,0,0,1
1,0,0,0,1
1,0,0,0,1
5,0,0,0,5
1,0,0,0,1
1,0,0,0,1
1,0,0,0,1
1,0,0,0,1
1,0,0,0,1
1,0,0,0,1
1,0,0,0,1
1,0,0,0,1
1,0,0,0,1
1,0,0,0,1
1,0,0,0,1
1,0,0,0,1
1,0,0,0,1
1,0,0,0,1
1,2,0,0,3
1,0,0,0,1
2,0,0,0,2
1,0,0,0,1
1,0,0,0,1
2,0,0,0,2
1,0,0,0,1
1,0,0,0,1
1,0,0,0,1
1,2,2,0,5
1,0,0,0,1
1,0,0,0,1
1,1,0,0,2
1,0,0,0,1
2,3,0,0,5
1,0,0,0,1
1,0,0,0,1
1,0,0,0,1
1,0,0,0,1
1,0,0,0,1
1,0,0,0,1
1,0,0,0,1
1,0,0,0,1
1,0,0,0,1
1,0,0,0,1
1,0,0,0,1
1,0,0,0,1
1,0,0,0,1
1,0,0,0,1
1,0,0,0,1
2,0,0,0,2
1,0,0,0,1
1,0,0,0,1
1,0,0,0,1
1,0,0,0,1
1,0,0,0,1
1,0,0,0,1
1,0,0,0,1
1,0,0,0,1
1,0,0,0,1
2,0,0,0,2
1,0,0,0,1
1,0,0,0,1
1,0,0,0,1
1,0,0,0,1
4,0,0,0,4
3,0,0,0,3
3,0,0,0,3
1,0,0,0,1
1,0,0,0,1
1,0,0,0,1
1,0,0,0,1
1,0,0,0,1
1,0,0,0,1
1,0,0,0,1
1,0,0,0,1
1,0,0,0,1
1,0,0,0,1
1,0,0,0,1
6,0,0,0,6
1,0,0,0,1
1,0,0,0,1
1,0,0,0,1
1,0,0,0,1
1,0,0,0,1
2,0,0,0,2
1,0,0,0,1
3,0,0,0,3
1,0,0,0,1
3,0,0,0,3
1,0,0,0,1
1,0,0,0,1
1,0,0,0,1
1,0,0,0,1
1,0,0,0,1
1,0,0,0,1
1,0,0,0,1
1,0,0,0,1
1,0,0,0,1
1,0,0,0,1
2,0,0,0,2
1,0,0,0,1
1,0,0,0,1
1,0,0,0,1
1,0,0,0,1
1,0,0,0,1
1,0,0,0,1
1,0,0,0,1
1,0,0,0,1
1,0,0,0,1
1,0,0,0,1
1,0,0,0,1
1,0,0,0,1
1,0,0,0,1
1,0,0,0,1
1,0,0,0,1
1,0,0,0,1
1,0,0,0,1
1,0,0,0,1
1,0,0,0,1
1,0,0,0,1
1,0,0,0,1
1,8,0,0,9
1,0,0,0,1
1,0,0,0,1
1,0,0,0,1
1,0,0,0,1
1,0,0,0,1
1,0,0,0,1
1,0,0,0,1
1,0,0,0,1
1,0,0,0,1
1,0,0,0,1
1,0,0,0,1
1,0,0,0,1
1,0,0,0,1
1,0,0,0,1
1,0,0,0,1
1,0,0,0,1
1,0,0,0,1
1,0,0,0,1
1,0,0,0,1
1,0,0,0,1
1,0,0,0,1
1,0,0,0,1
1,0,0,0,1
2,0,0,0,2
1,0,0,0,1
1,0,0,0,1
1,0,0,0,1
1,0,0,0,1
1,0,0,0,1
1,0,0,0,1
1,0,0,0,1
1,0,0,0,1
1,0,0,0,1
1,0,0,0,1
1,0,0,0,1
1,0,0,0,1
1,0,0,0,1
1,0,0,0,1
1,0,0,0,1
1,0,0,0,1
4,10,2,0,16
1,0,0,0,1
1,0,0,0,1
1,0,0,0,1
1,0,0,0,1
2,0,0,0,2
2,0,0,0,2
1,0,0,0,1
1,0,0,0,1
1,0,0,0,1
1,0,0,0,1
1,0,0,0,1
1,0,0,0,1
1,0,0,0,1
2,4,1,0,7
1,0,0,0,1
1,0,0,0,1
1,0,0,0,1
1,0,0,0,1
1,0,0,0,1
1,0,0,0,1
1,0,0,0,1
1,0,0,0,1
1,0,0,0,1
1,0,0,0,1
1,0,0,0,1
2,0,0,0,2
1,0,0,0,1
2,0,0,0,2
1,0,0,0,1
2,8,0,0,10
1,0,0,0,1
1,0,0,0,1
2,75,0,0,77
1,0,0,0,1
1,0,0,0,1
1,0,0,0,1
4,0,0,0,4
1,0,0,0,1
1,0,0,0,1
1,0,0,0,1
1,0,0,0,1
1,0,0,0,1
1,0,0,0,1
3,0,0,0,3
1,0,0,0,1
2,0,0,0,2
2,0,0,0,2
1,0,0,0,1
1,0,0,0,1
1,0,0,0,1
1,0,0,0,1
1,0,0,0,1
1,0,0,0,1
1,0,0,0,1
2,0,0,0,2
1,0,0,0,1
1,0,0,0,1
1,0,0,0,1
1,0,0,0,1
1,0,0,0,1
1,0,0,0,1
1,0,0,0,1
1,0,0,0,1
1,0,0,0,1
1,0,0,0,1
1,0,0,0,1
3,0,0,0,3
2,0,0,0,2
1,0,0,0,1
2,0,0,0,2
1,0,0,0,1
2,0,0,0,2
1,0,0,0,1
1,0,0,0,1
2,0,0,0,2
1,0,0,0,1
1,0,0,0,1
1,2,0,0,3
2,0,0,0,2
2,0,0,0,2
1,0,0,0,1
1,0,0,0,1
1,0,0,0,1
2,0,0,0,2
1,0,0,0,1
1,0,0,0,1
1,0,0,0,1
1,0,0,0,1
1,0,0,0,1
2,0,0,0,2
1,0,0,0,1
1,0,0,0,1
2,4,0,0,6
2,0,0,0,2
1,0,0,0,1
3,0,0,0,3
1,0,0,0,1
1,0,0,0,1
1,0,0,0,1
1,0,0,0,1
1,0,0,0,1
1,0,0,0,1
1,0,0,0,1
2,0,0,0,2
1,0,0,0,1
1,1,0,0,2
1,0,0,0,1
1,0,0,0,1
1,0,0,0,1
1,0,0,0,1
1,0,0,0,1
1,0,0,0,1
1,0,0,0,1
2,0,0,0,2
5,2,0,0,7
1,0,0,0,1
1,0,0,0,1
1,0,0,0,1
4,0,0,0,4
1,0,0,0,1
1,0,0,0,1
1,0,0,0,1
1,0,0,0,1
1,0,0,0,1
1,0,0,0,1
1,0,0,0,1
1,0,0,0,1
1,0,0,0,1
2,0,0,0,2
2,0,0,0,2
3,0,0,0,3
3,0,0,0,3
1,0,0,0,1
2,0,0,0,2
1,0,0,0,1
1,0,0,0,1
1,13,1,0,15
3,0,0,0,3
3,0,0,0,3
1,0,0,0,1
1,0,0,0,1
1,0,0,0,1
2,0,0,0,2
1,0,0,0,1
1,0,0,0,1
1,0,0,0,1
1,0,0,0,1
1,0,0,0,1
1,0,0,0,1
1,0,0,0,1
1,0,0,0,1
1,0,0,0,1
1,2,0,0,3
1,0,0,0,1
1,0,0,0,1
1,0,0,0,1
2,0,0,0,2
1,0,0,0,1
2,0,0,0,2
1,10,1,0,12
1,0,0,0,1
1,0,0,0,1
1,0,0,0,1
1,0,0,0,1
2,0,0,0,2
1,0,0,0,1
1,1,0,0,2
1,1,0,0,2
1,0,0,0,1
1,0,0,0,1
1,0,0,0,1
1,0,0,0,1
1,0,0,0,1
2,0,0,0,2
1,0,0,0,1
1,0,0,0,1
1,0,0,0,1
2,0,0,0,2
1,1,0,0,2
3,1,1,0,5
1,0,0,0,1
1,0,0,0,1
1,0,0,0,1
1,0,0,0,1
1,0,0,0,1
1,0,0,0,1
4,7,0,0,11
1,0,0,0,1
1,0,0,0,1
1,0,0,0,1
1,0,0,0,1
1,0,0,0,1
1,0,0,0,1
2,0,0,0,2
1,0,0,0,1
1,0,0,0,1
4,2,0,0,6
1,0,0,0,1
1,0,0,0,1
2,0,0,0,2
1,0,0,0,1
1,0,0,0,1
1,0,0,0,1
1,0,0,0,1
1,0,0,0,1
1,0,0,0,1
3,0,0,0,3
1,0,0,0,1
1,0,0,0,1
1,0,0,0,1
2,0,0,0,2
1,0,0,0,1
1,0,0,0,1
1,0,0,0,1
2,1,0,0,3
1,0,0,0,1
1,0,0,0,1
1,0,0,0,1
1,0,0,0,1
1,0,0,0,1
2,0,0,0,2
1,0,0,0,1
1,0,0,0,1
2,0,0,0,2
1,0,0,0,1
1,0,0,0,1
5,0,0,0,5
1,0,0,0,1
1,0,0,0,1
1,0,0,0,1
1,2,0,0,3
1,0,0,0,1
2,0,0,0,2
1,0,0,0,1
1,0,0,0,1
1,0,0,0,1
1,0,0,0,1
1,0,0,0,1
1,0,0,0,1
1,0,0,0,1
2,0,0,0,2
2,0,0,0,2
1,0,0,0,1
1,0,0,0,1
1,0,0,0,1
1,0,0,0,1
1,0,0,0,1
1,0,0,0,1
1,0,0,0,1
1,2,0,0,3
1,2,0,0,3
2,0,0,0,2
2,13,0,0,15
1,0,0,0,1
1,0,0,0,1
1,0,0,0,1
1,0,0,0,1
1,0,0,0,1
1,0,0,0,1
1,0,0,0,1
2,0,0,0,2
1,0,0,0,1
1,0,0,0,1
1,0,0,0,1
1,0,0,0,1
1,0,0,0,1
1,0,0,0,1
1,0,0,0,1
1,0,0,0,1
1,0,0,0,1
1,0,0,0,1
1,0,0,0,1
1,0,0,0,1
1,0,0,0,1
1,0,0,0,1
1,0,0,0,1
1,0,0,0,1
2,0,0,0,2
1,0,0,0,1
1,0,0,0,1
1,0,0,0,1
1,0,0,0,1
2,0,0,0,2
1,0,0,0,1
1,0,0,0,1
1,0,0,0,1
2,0,0,0,2
1,0,0,0,1
1,0,0,0,1
1,0,0,0,1
1,0,0,0,1
2,0,0,0,2
3,0,0,0,3
1,0,0,0,1
3,2,0,0,5
1,2,3,0,6
1,0,0,0,1
1,0,0,0,1
1,0,0,0,1
1,0,0,0,1
2,0,0,0,2
1,0,0,0,1
1,0,0,0,1
2,0,0,0,2
1,0,0,0,1
1,0,0,0,1
1,0,0,0,1
1,0,0,0,1
1,0,0,0,1
1,0,0,0,1
1,0,0,0,1
1,0,0,0,1
1,0,0,0,1
1,0,0,0,1
1,0,0,0,1
1,0,0,0,1
2,0,0,0,2
1,6,1,0,8
1,0,0,0,1
1,0,0,0,1
1,0,0,0,1
1,0,0,0,1
2,0,0,0,2
1,0,0,0,1
2,0,0,0,2
1,0,0,0,1
1,0,0,0,1
2,2,0,0,4
1,0,0,0,1
1,0,0,0,1
1,0,0,0,1
1,0,0,0,1
1,0,0,0,1
1,0,0,0,1
1,0,0,0,1
1,0,0,0,1
2,0,0,0,2
1,0,0,0,1
1,0,0,0,1
1,0,0,0,1
3,0,0,0,3
1,0,0,0,1
1,0,0,0,1
3,0,0,0,3
2,0,0,0,2
2,0,0,0,2
1,4,1,0,6
1,0,0,0,1
1,0,0,0,1
1,0,0,0,1
1,0,0,0,1
2,0,0,0,2
2,0,0,0,2
1,0,0,0,1
1,0,0,0,1
1,0,0,0,1
1,0,0,0,1
1,0,0,0,1
1,0,0,0,1
3,0,0,0,3
2,0,0,0,2
1,0,0,0,1
1,0,0,0,1
1,0,0,0,1
1,0,0,0,1
1,0,0,0,1
1,0,0,0,1
1,0,0,0,1
1,0,0,0,1
1,0,0,0,1
1,0,0,0,1
5,0,0,0,5
1,0,0,0,1
1,0,0,0,1
1,0,0,0,1
2,0,0,0,2
1,0,0,0,1
1,0,0,0,1
1,0,0,0,1
1,0,0,0,1
2,0,0,0,2
1,0,0,0,1
1,0,0,0,1
1,0,0,0,1
1,0,0,0,1
1,0,0,0,1
1,0,0,0,1
1,0,0,0,1
3,0,0,0,3
1,0,0,0,1
2,0,0,0,2
1,0,0,0,1
1,0,0,0,1
1,0,0,0,1
1,0,0,0,1
1,0,0,0,1
1,2,1,0,4
1,0,0,0,1
1,0,0,0,1
1,0,0,0,1
1,0,0,0,1
1,0,0,0,1
1,0,0,0,1
1,0,0,0,1
1,0,0,0,1
1,0,0,0,1
1,0,0,0,1
1,0,0,0,1
1,0,0,0,1
1,2,0,0,3
1,0,0,0,1
1,0,0,0,1
1,0,0,0,1
2,0,0,0,2
1,0,0,0,1
1,0,0,0,1
1,0,0,0,1
1,0,0,0,1
1,0,0,0,1
1,0,0,0,1
2,0,0,0,2
1,0,0,0,1
2,0,0,0,2
1,0,0,0,1
1,0,0,0,1
1,0,0,0,1
1,0,0,0,1
2,0,0,0,2
1,0,0,0,1
1,0,0,0,1
2,0,0,0,2
1,0,0,0,1
1,0,0,0,1
1,0,0,0,1
1,0,0,0,1
1,0,0,0,1
1,0,0,0,1
1,0,0,0,1
2,0,0,0,2
1,0,0,0,1
1,0,0,0,1
1,0,0,0,1
2,0,0,0,2
1,0,0,0,1
1,0,0,0,1
1,0,0,0,1
1,0,0,0,1
1,0,0,0,1
3,2,0,0,5
1,0,0,0,1
1,0,0,0,1
1,0,0,0,1
1,0,0,0,1
1,2,0,0,3
1,0,0,0,1
1,0,0,0,1
1,0,0,0,1
1,0,0,0,1
1,0,0,0,1
1,0,0,0,1
1,0,0,0,1
1,0,0,0,1
1,0,0,0,1
2,0,0,0,2
1,0,0,0,1
2,0,0,0,2
1,15,0,0,16
3,0,0,0,3
2,0,1,0,3
1,0,0,0,1
3,0,0,0,3
2,0,0,0,2
4,0,0,0,4
2,0,0,0,2
1,0,0,0,1
1,0,0,0,1
4,0,0,0,4
1,0,0,0,1
1,0,0,0,1
1,0,0,0,1
1,0,0,0,1
1,0,0,0,1
2,0,0,0,2
1,0,0,0,1
1,0,0,0,1
1,0,0,0,1
1,0,0,0,1
3,0,0,0,3
1,0,0,0,1
2,0,0,0,2
1,0,0,0,1
2,0,0,0,2
1,0,0,0,1
1,0,0,0,1
1,0,0,0,1
1,0,0,0,1
1,0,0,0,1
1,0,0,0,1
1,0,0,0,1
1,0,0,0,1
3,0,0,0,3
1,0,0,0,1
1,0,0,0,1
1,0,0,0,1
1,0,0,0,1
1,0,0,0,1
1,0,0,0,1
1,0,0,0,1
3,0,0,0,3
1,0,0,0,1
3,0,0,0,3
1,0,0,0,1
1,0,0,0,1
2,0,0,0,2
1,0,0,0,1
1,0,0,0,1
4,0,0,0,4
1,0,0,0,1
1,0,0,0,1
1,0,0,0,1
1,0,0,0,1
1,0,0,0,1
1,0,0,0,1
1,0,0,0,1
1,0,0,0,1
1,0,0,0,1
2,0,0,0,2
2,0,0,0,2
1,0,0,0,1
1,0,0,0,1
2,0,0,0,2
2,0,0,0,2
2,0,0,0,2
1,0,0,0,1
1,0,0,0,1
1,0,0,0,1
2,0,0,0,2
1,0,0,0,1
1,0,0,0,1
1,0,0,0,1
2,0,1,0,3
1,0,0,0,1
1,0,0,0,1
1,0,0,0,1
1,0,0,0,1
1,0,0,0,1
1,0,0,0,1
1,0,0,0,1
1,0,0,0,1
1,0,0,0,1
1,0,0,0,1
2,0,0,0,2
1,0,0,0,1
1,0,0,0,1
1,0,0,0,1
1,0,0,0,1
1,0,0,0,1
1,0,0,0,1
1,0,0,0,1
1,0,0,0,1
1,0,0,0,1
3,0,0,0,3
1,0,0,0,1
1,0,0,0,1
1,0,0,0,1
1,0,0,0,1
1,0,0,0,1
1,0,0,0,1
1,0,0,0,1
1,0,0,0,1
1,0,0,0,1
1,0,0,0,1
1,0,0,0,1
1,0,0,0,1
2,0,0,0,2
1,0,0,0,1
1,0,0,0,1
1,0,0,0,1
1,1,1,0,3
1,0,0,0,1
1,0,0,0,1
1,0,0,0,1
1,0,0,0,1
1,11,1,0,13
4,0,0,0,4
1,0,0,0,1
1,0,0,0,1
2,0,0,0,2
1,0,0,0,1
1,0,0,0,1
1,0,0,0,1
1,0,0,0,1
1,0,0,0,1
1,1,0,0,2
1,0,0,0,1
1,0,0,0,1
1,0,0,0,1
1,0,0,0,1
1,0,0,0,1
4,0,0,0,4
1,0,0,0,1
1,0,0,0,1
1,0,0,0,1
1,0,0,0,1
1,0,0,0,1
2,0,0,0,2
1,0,0,0,1
1,0,0,0,1
1,0,0,0,1
1,0,0,0,1
1,0,0,0,1
1,10,0,0,11
1,2,0,0,3
2,0,0,0,2
1,0,0,0,1
4,0,0,0,4
1,0,0,0,1
1,0,0,0,1
1,0,0,0,1
1,0,0,0,1
1,0,0,0,1
1,0,0,0,1
1,0,0,0,1
1,0,0,0,1
1,0,0,0,1
1,0,0,0,1
1,0,0,0,1
1,0,0,0,1
1,0,0,0,1
1,0,0,0,1
3,0,0,0,3
1,0,0,0,1
1,0,0,0,1
1,0,0,0,1
1,0,0,0,1
1,0,0,0,1
1,0,0,0,1
1,0,0,0,1
1,0,0,0,1
3,0,0,0,3
2,0,0,0,2
1,0,0,0,1
1,1,0,0,2
1,0,0,0,1
1,0,0,0,1
1,0,0,0,1
1,0,0,0,1
1,0,0,0,1
1,0,0,0,1
1,0,0,0,1
1,0,0,0,1
1,0,0,0,1
2,0,0,0,2
1,0,0,0,1
1,0,0,0,1
1,0,0,0,1
1,0,0,0,1
2,3,1,0,6
1,0,0,0,1
2,0,0,0,2
1,0,0,0,1
1,0,0,0,1
1,0,0,0,1
1,0,0,0,1
1,0,0,0,1
1,0,0,0,1
1,0,0,0,1
2,0,0,0,2
1,0,0,0,1
1,0,0,0,1
1,0,0,0,1
1,0,0,0,1
1,0,0,0,1
1,0,0,0,1
1,0,0,0,1
1,0,0,0,1
1,0,0,0,1
1,0,0,0,1
1,0,0,0,1
1,0,0,0,1
1,0,0,0,1
1,0,0,0,1
1,0,0,0,1
1,0,0,0,1
1,0,0,0,1
1,0,0,0,1
1,0,0,0,1
2,0,0,0,2
1,0,0,0,1
1,0,0,0,1
3,0,0,0,3
1,0,0,0,1
1,0,0,0,1
1,0,0,0,1
1,0,0,0,1
1,0,0,0,1
4,0,0,0,4
2,0,0,0,2
1,0,0,0,1
1,0,0,0,1
1,0,0,0,1
2,0,0,0,2
1,0,0,0,1
1,0,0,0,1
1,0,0,0,1
1,0,0,0,1
1,0,0,0,1
1,0,0,0,1
1,0,0,0,1
1,0,0,0,1
1,0,0,0,1
1,0,0,0,1
2,0,0,0,2
1,0,0,0,1
1,0,0,0,1
1,0,0,0,1
1,0,0,0,1
1,0,0,0,1
2,0,0,0,2
1,0,0,0,1
1,0,0,0,1
2,0,0,0,2
1,0,0,0,1
3,0,0,0,3
1,0,0,0,1
3,0,0,0,3
1,0,0,0,1
2,0,0,0,2
1,0,0,0,1
1,0,0,0,1
1,0,0,0,1
2,0,0,0,2
1,0,0,0,1
3,0,0,0,3
1,0,0,0,1
1,0,0,0,1
1,0,0,0,1
1,0,0,0,1
1,0,0,0,1
1,0,0,0,1
1,0,0,0,1
2,0,0,0,2
1,0,0,0,1
1,0,0,0,1
3,0,0,0,3
1,0,0,0,1
1,0,0,0,1
1,0,0,0,1
1,0,0,0,1
2,0,0,0,2
1,0,0,0,1
1,0,0,0,1
1,0,0,0,1
1,0,0,0,1
1,0,0,0,1
1,0,0,0,1
2,0,0,0,2
1,0,0,0,1
1,0,0,0,1
1,0,0,0,1
1,0,0,0,1
1,2,0,0,3
2,0,0,0,2
1,0,0,0,1
1,0,0,0,1
1,0,0,0,1
1,0,0,0,1
1,0,0,0,1
2,0,0,0,2
1,0,0,0,1
1,0,0,0,1
1,0,0,0,1
1,0,0,0,1
1,0,0,0,1
1,0,0,0,1
1,0,0,0,1
1,0,0,0,1
1,0,0,0,1
1,0,0,0,1
1,0,0,0,1
1,0,0,0,1
1,0,0,0,1
2,0,0,0,2
1,0,0,0,1
1,0,0,0,1
3,0,0,0,3
1,0,0,0,1
1,0,0,0,1
1,0,0,0,1
1,0,0,0,1
1,0,0,0,1
1,2,0,0,3
1,0,0,0,1
1,0,0,0,1
1,0,0,0,1
3,6,0,0,9
2,0,0,0,2
1,0,0,0,1
1,0,0,0,1
1,0,0,0,1
2,0,0,0,2
1,0,0,0,1
1,0,0,0,1
1,0,0,0,1
1,0,0,0,1
1,0,0,0,1
1,0,0,0,1
1,0,0,0,1
1,0,0,0,1
1,0,0,0,1
1,0,0,0,1
1,0,0,0,1
1,0,0,0,1
1,0,0,0,1
1,2,0,0,3
1,0,0,0,1
1,0,0,0,1
1,0,0,0,1
1,0,0,0,1
3,0,0,0,3
1,0,0,0,1
1,0,0,0,1
1,0,0,0,1
2,0,0,0,2
1,0,0,0,1
2,0,0,0,2
1,0,0,0,1
1,0,0,0,1
1,0,0,0,1
2,0,0,0,2
1,0,0,0,1
1,0,0,0,1
1,0,0,0,1
1,0,0,0,1
1,0,0,0,1
1,0,0,0,1
1,0,0,0,1
1,0,0,0,1
1,0,0,0,1
1,0,0,0,1
2,0,0,0,2
2,0,0,0,2
1,0,0,0,1
2,0,0,0,2
1,0,0,0,1
1,0,0,0,1
1,0,0,0,1
1,2,0,0,3
1,0,0,0,1
1,0,0,0,1
1,0,0,0,1
1,0,0,0,1
2,0,0,0,2
1,0,0,0,1
1,0,0,0,1
1,0,0,0,1
1,0,0,0,1
1,0,0,0,1
1,0,0,0,1
1,0,0,0,1
2,0,0,0,2
1,0,0,0,1
1,0,0,0,1
1,593,0,0,594
1,0,0,0,1
1,0,0,0,1
1,0,0,0,1
1,0,0,0,1
1,0,0,0,1
1,0,0,0,1
1,0,0,0,1
2,0,0,0,2
1,0,0,0,1
1,0,0,0,1
1,0,0,0,1
1,0,0,0,1
1,0,0,0,1
1,0,0,0,1
1,0,0,0,1
3,0,0,0,3
1,0,0,0,1
1,0,0,0,1
1,0,0,0,1
1,0,0,0,1
1,0,0,0,1
1,0,0,0,1
1,0,0,0,1
1,0,0,0,1
1,0,0,0,1
1,0,0,0,1
1,0,0,0,1
1,0,0,0,1
1,0,0,0,1
2,0,0,0,2
1,0,0,0,1
1,0,0,0,1
4,0,0,0,4
1,0,0,0,1
1,0,0,0,1
1,0,0,0,1
1,0,0,0,1
1,0,0,0,1
1,0,0,0,1
2,2,0,0,4
1,0,0,0,1
2,0,0,0,2
1,0,0,0,1
1,0,0,0,1
1,0,0,0,1
1,0,0,0,1
3,11,0,0,14
1,0,0,0,1
1,0,0,0,1
1,0,0,0,1
1,0,0,0,1
1,0,0,0,1
1,0,0,0,1
1,0,0,0,1
1,0,0,0,1
1,0,0,0,1
1,0,0,0,1
1,0,0,0,1
1,0,0,0,1
1,0,0,0,1
1,0,0,0,1
1,0,0,0,1
2,0,0,0,2
1,0,0,0,1
1,0,0,0,1
2,0,0,0,2
1,0,0,0,1
3,0,0,0,3
1,19,0,0,20
1,0,0,0,1
1,0,0,0,1
1,0,0,0,1
1,0,0,0,1
1,0,0,0,1
2,0,0,0,2
1,0,0,0,1
1,0,0,0,1
1,0,0,0,1
1,0,0,0,1
1,0,0,0,1
1,0,0,0,1
3,0,0,0,3
1,0,0,0,1
1,0,0,0,1
2,0,0,0,2
1,0,0,0,1
1,0,0,0,1
2,0,0,0,2
1,0,0,0,1
2,0,0,0,2
1,0,0,0,1
1,0,0,0,1
1,0,0,0,1
1,0,0,0,1
1,0,0,0,1
1,0,0,0,1
1,0,0,0,1
1,0,0,0,1
1,0,0,0,1
1,0,0,0,1
1,0,0,0,1
1,0,0,0,1
1,0,0,0,1
1,0,0,0,1
1,0,0,0,1
2,0,0,0,2
2,0,0,0,2
1,0,0,0,1
1,0,0,0,1
3,0,0,0,3
1,0,0,0,1
1,0,0,0,1
1,1,0,0,2
1,0,0,0,1
1,0,0,0,1
1,0,0,0,1
1,0,0,0,1
1,0,0,0,1
1,0,0,0,1
1,0,0,0,1
1,0,0,0,1
1,0,0,0,1
1,0,0,0,1
1,0,0,0,1
1,0,0,0,1
1,0,0,0,1
1,0,0,0,1
1,0,0,0,1
1,0,0,0,1
1,0,0,0,1
1,0,0,0,1
1,0,0,0,1
1,0,0,0,1
2,0,0,0,2
1,0,0,0,1
1,0,0,0,1
1,0,0,0,1
2,0,0,0,2
3,0,0,0,3
1,0,0,0,1
1,0,0,0,1
1,0,0,0,1
1,0,0,0,1
1,0,0,0,1
1,0,0,0,1
1,0,0,0,1
1,0,0,0,1
1,0,0,0,1
1,0,0,0,1
2,0,0,0,2
1,0,0,0,1
1,0,0,0,1
1,0,0,0,1
1,0,0,0,1
1,0,0,0,1
1,0,0,0,1
3,0,0,0,3
1,0,0,0,1
1,0,0,0,1
1,0,0,0,1
1,0,0,0,1
1,0,0,0,1
1,0,0,0,1
1,0,0,0,1
1,0,0,0,1
1,0,0,0,1
1,0,0,0,1
1,0,0,0,1
1,0,0,0,1
1,0,0,0,1
1,0,0,0,1
1,0,0,0,1
1,25,1,0,27
1,0,0,0,1
1,0,0,0,1
1,0,0,0,1
2,0,0,0,2
1,0,0,0,1
1,0,0,0,1
1,0,0,0,1
2,0,0,0,2
1,0,0,0,1
1,0,0,0,1
1,0,0,0,1
2,0,0,0,2
1,0,0,0,1
1,0,0,0,1
3,0,0,0,3
2,0,0,0,2
1,0,0,0,1
1,0,0,0,1
1,0,0,0,1
1,0,0,0,1
1,0,0,0,1
1,0,0,0,1
1,0,0,0,1
2,0,0,0,2
1,0,0,0,1
1,1,0,0,2
1,0,0,0,1
1,0,0,0,1
1,0,0,0,1
1,0,0,0,1
4,0,0,0,4
1,0,0,0,1
1,0,0,0,1
3,0,0,0,3
3,0,0,0,3
2,0,0,0,2
1,0,0,0,1
1,0,0,0,1
1,0,0,0,1
1,0,0,0,1
1,0,0,0,1
1,0,0,0,1
1,0,0,0,1
1,0,0,0,1
2,0,0,0,2
1,0,0,0,1
1,0,0,0,1
5,0,0,0,5
1,0,0,0,1
1,0,0,0,1
1,0,0,0,1
1,0,0,0,1
1,0,0,0,1
1,0,0,0,1
1,0,0,0,1
1,0,0,0,1
1,0,0,0,1
1,0,0,0,1
1,0,0,0,1
1,0,0,0,1
1,0,0,0,1
1,0,0,0,1
2,0,0,0,2
1,0,0,0,1
1,0,0,0,1
1,0,0,0,1
1,0,0,0,1
1,0,0,0,1
1,0,0,0,1
1,0,0,0,1
2,0,0,0,2
1,0,0,0,1
1,0,0,0,1
1,0,0,0,1
1,0,0,0,1
1,0,0,0,1
1,0,0,0,1
1,0,0,0,1
1,0,0,0,1
2,0,0,0,2
3,0,0,0,3
1,0,0,0,1
1,0,0,0,1
1,0,0,0,1
1,0,0,0,1
1,0,0,0,1
1,0,0,0,1
1,0,0,0,1
1,0,0,0,1
1,0,0,0,1
1,0,0,0,1
1,0,0,0,1
2,0,0,0,2
1,0,0,0,1
1,0,0,0,1
1,0,0,0,1
1,0,0,0,1
1,0,0,0,1
1,0,0,0,1
1,0,0,0,1
1,0,0,0,1
1,0,0,0,1
2,0,0,0,2
1,0,0,0,1
1,0,0,0,1
1,0,0,0,1
1,0,0,0,1
5,0,0,0,5
1,0,0,0,1
1,0,0,0,1
1,0,0,0,1
1,0,0,0,1
1,0,0,0,1
1,0,0,0,1
1,0,0,0,1
1,0,0,0,1
1,0,0,0,1
2,0,0,0,2
1,0,0,0,1
1,0,0,0,1
1,0,0,0,1
1,0,0,0,1
1,0,0,0,1
1,0,0,0,1
1,0,0,0,1
1,0,0,0,1
1,5,0,0,6
1,0,0,0,1
2,0,0,0,2
2,0,0,0,2
1,0,0,0,1
1,0,0,0,1
1,0,0,0,1
1,0,0,0,1
3,0,0,0,3
1,0,0,0,1
1,0,0,0,1
1,0,0,0,1
1,0,0,0,1
1,0,0,0,1
1,9,0,0,10
1,0,0,0,1
1,0,0,0,1
1,0,0,0,1
1,0,0,0,1
1,0,0,0,1
1,0,0,0,1
2,0,0,0,2
1,0,0,0,1
1,0,0,0,1
1,0,0,0,1
1,0,0,0,1
1,6,0,0,7
1,0,0,0,1
1,0,0,0,1
1,0,0,0,1
1,0,0,0,1
2,0,0,0,2
1,0,0,0,1
1,0,0,0,1
1,0,0,0,1
1,0,0,0,1
1,0,0,0,1
2,0,0,0,2
1,0,0,0,1
2,0,0,0,2
1,0,0,0,1
1,0,0,0,1
1,0,0,0,1
1,0,0,0,1
1,0,0,0,1
1,0,0,0,1
1,0,0,0,1
2,0,0,0,2
2,0,0,0,2
1,0,0,0,1
1,0,0,0,1
1,0,0,0,1
1,0,0,0,1
1,0,0,0,1
1,0,0,0,1
1,0,0,0,1
1,0,0,0,1
1,0,0,0,1
1,0,0,0,1
1,0,0,0,1
1,0,0,0,1
1,0,0,0,1
1,0,0,0,1
1,0,0,0,1
1,0,0,0,1
1,0,0,0,1
1,0,0,0,1
1,0,0,0,1
1,0,0,0,1
1,0,0,0,1
1,0,0,0,1
1,0,0,0,1
1,0,0,0,1
2,0,0,0,2
1,0,0,0,1
1,0,0,0,1
1,0,0,0,1
1,0,0,0,1
1,0,0,0,1
1,0,0,0,1
1,0,0,0,1
1,0,0,0,1
1,0,0,0,1
2,3,0,0,5
1,0,0,0,1
2,0,0,0,2
3,0,0,0,3
2,0,0,0,2
1,0,0,0,1
1,0,0,0,1
2,0,0,0,2
1,0,0,0,1
1,0,0,0,1
1,0,0,0,1
1,0,0,0,1
1,0,0,0,1
1,0,0,0,1
1,0,0,0,1
1,0,0,0,1
1,0,0,0,1
1,0,0,0,1
1,0,0,0,1
1,0,0,0,1
1,0,0,0,1
1,0,0,0,1
1,0,0,0,1
1,0,0,0,1
1,0,0,0,1
1,0,0,0,1
1,0,0,0,1
1,0,0,0,1
2,0,0,0,2
1,0,0,0,1
1,0,0,0,1
1,0,0,0,1
1,0,0,0,1
1,0,0,0,1
2,0,0,0,2
1,0,0,0,1
1,0,0,0,1
1,0,0,0,1
3,30,5,0,38
1,0,0,0,1
1,0,0,0,1
1,0,0,0,1
1,0,0,0,1
2,0,0,0,2
1,0,0,0,1
1,0,0,0,1
1,0,0,0,1
2,0,0,0,2
1,0,0,0,1
1,0,0,0,1
1,0,0,0,1
2,0,0,0,2
2,0,0,0,2
1,0,0,0,1
1,0,0,0,1
1,0,0,0,1
1,0,0,0,1
1,0,0,0,1
1,0,0,0,1
1,0,0,0,1
1,0,0,0,1
1,0,0,0,1
1,0,0,0,1
1,0,0,0,1
1,0,0,0,1
2,0,0,0,2
2,0,0,0,2
1,0,0,0,1
1,0,0,0,1
2,0,0,0,2
1,0,0,0,1
2,0,0,0,2
1,0,0,0,1
1,0,0,0,1
1,0,0,0,1
1,0,0,0,1
2,0,0,0,2
1,0,0,0,1
1,0,0,0,1
1,0,0,0,1
1,0,0,0,1
1,0,0,0,1
1,1,0,0,2
2,0,0,0,2
1,0,0,0,1
2,0,0,0,2
2,0,0,0,2
1,0,0,0,1
1,0,0,0,1
1,0,0,0,1
1,0,0,0,1
1,0,0,0,1
1,0,0,0,1
1,0,0,0,1
1,0,0,0,1
1,0,0,0,1
1,0,0,0,1
2,0,0,0,2
1,0,0,0,1
1,0,0,0,1
1,0,0,0,1
3,2,0,0,5
1,0,0,0,1
1,0,0,0,1
1,0,0,0,1
1,0,0,0,1
1,0,0,0,1
1,0,0,0,1
2,0,0,0,2
1,0,0,0,1
1,0,0,0,1
1,0,0,0,1
4,2,0,0,6
1,2,0,0,3
2,0,0,0,2
1,0,0,0,1
1,0,0,0,1
1,0,0,0,1
1,0,0,0,1
1,0,0,0,1
1,0,0,0,1
1,0,0,0,1
1,0,0,0,1
1,0,0,0,1
1,0,0,0,1
1,0,0,0,1
1,0,0,0,1
1,0,0,0,1
1,0,0,0,1
3,0,0,0,3
1,0,0,0,1
2,0,0,0,2
1,0,0,0,1
1,0,0,0,1
1,0,0,0,1
2,1,2,0,5
1,0,0,0,1
1,0,0,0,1
1,0,0,0,1
1,0,0,0,1
1,0,0,0,1
1,0,0,0,1
1,0,0,0,1
1,0,0,0,1
1,0,0,0,1
1,0,0,0,1
1,0,0,0,1
1,0,0,0,1
1,0,0,0,1
1,0,0,0,1
1,0,0,0,1
1,0,0,0,1
1,0,0,0,1
2,0,0,0,2
1,0,0,0,1
1,0,0,0,1
1,0,0,0,1
1,0,0,0,1
1,0,0,0,1
2,0,0,0,2
1,0,0,0,1
3,0,0,0,3
2,0,0,0,2
2,0,0,0,2
1,0,0,0,1
1,0,0,0,1
1,0,0,0,1
2,0,0,0,2
1,0,0,0,1
1,0,0,0,1
1,0,0,0,1
1,0,0,0,1
1,0,0,0,1
1,0,0,0,1
1,0,0,0,1
1,0,0,0,1
1,0,0,0,1
1,0,0,0,1
3,0,0,0,3
1,0,0,0,1
1,0,0,0,1
1,0,0,0,1
1,0,0,0,1
1,0,0,0,1
1,0,0,0,1
1,0,0,0,1
1,0,0,0,1
1,0,0,0,1
1,0,0,0,1
1,0,0,0,1
1,0,0,0,1
1,0,0,0,1
1,0,0,0,1
1,0,0,0,1
2,0,0,0,2
1,0,0,0,1
2,0,0,0,2
1,0,0,0,1
1,0,0,0,1
1,0,0,0,1
1,0,0,0,1
1,0,0,0,1
1,0,0,0,1
1,0,0,0,1
1,0,0,0,1
1,0,0,0,1
1,0,0,0,1
1,0,0,0,1
1,0,0,0,1
1,0,0,0,1
1,0,0,0,1
1,0,0,0,1
3,29,0,0,32
2,0,0,0,2
1,0,0,0,1
1,0,0,0,1
1,0,0,0,1
1,0,0,0,1
2,0,1,0,3
1,0,0,0,1
1,0,0,0,1
1,0,0,0,1
1,0,0,0,1
5,0,0,0,5
1,0,0,0,1
1,0,0,0,1
1,0,0,0,1
1,0,0,0,1
2,0,0,0,2
1,0,0,0,1
3,0,0,0,3
1,0,0,0,1
1,0,0,0,1
1,0,0,0,1
1,0,0,0,1
1,0,0,0,1
1,0,0,0,1
2,0,0,0,2
1,0,0,0,1
1,0,0,0,1
1,0,0,0,1
1,0,0,0,1
1,0,0,0,1
1,0,0,0,1
1,0,0,0,1
1,1,0,0,2
1,0,0,0,1
1,0,0,0,1
1,0,0,0,1
1,0,0,0,1
1,0,0,0,1
1,0,0,0,1
1,0,0,0,1
2,0,0,0,2
1,0,0,0,1
1,0,0,0,1
1,0,0,0,1
1,0,0,0,1
1,0,0,0,1
2,0,0,0,2
1,0,0,0,1
1,0,0,0,1
1,4,0,0,5
1,3,0,0,4
1,0,0,0,1
3,0,0,0,3
2,0,0,0,2
1,0,0,0,1
1,0,0,0,1
1,0,0,0,1
2,0,0,0,2
1,0,0,0,1
1,1,0,0,2
3,0,0,0,3
1,0,0,0,1
1,0,0,0,1
3,0,0,0,3
1,0,0,0,1
1,0,0,0,1
1,0,0,0,1
1,0,0,0,1
1,0,0,0,1
1,0,0,0,1
1,0,0,0,1
3,0,0,0,3
1,0,0,0,1
3,0,0,0,3
1,0,0,0,1
1,0,0,0,1
1,0,0,0,1
1,0,0,0,1
1,0,0,0,1
1,0,0,0,1
1,0,0,0,1
1,0,0,0,1
1,0,0,0,1
1,0,0,0,1
1,0,0,0,1
1,0,0,0,1
2,0,0,0,2
1,0,0,0,1
2,0,0,0,2
1,0,0,0,1
1,0,0,0,1
1,0,0,0,1
2,0,0,0,2
1,0,0,0,1
1,0,0,0,1
1,0,0,0,1
2,0,0,0,2
1,0,0,0,1
1,0,0,0,1
1,0,0,0,1
1,0,0,0,1
1,0,0,0,1
1,0,0,0,1
1,0,0,0,1
1,0,0,0,1
1,0,0,0,1
1,0,0,0,1
1,15,0,0,16
1,0,0,0,1
2,0,0,0,2
1,0,0,0,1
1,0,0,0,1
1,0,0,0,1
3,0,0,0,3
1,0,0,0,1
2,0,0,0,2
1,0,0,0,1
1,0,0,0,1
1,0,0,0,1
1,0,0,0,1
1,0,0,0,1
1,0,0,0,1
1,0,0,0,1
2,0,0,0,2
1,0,0,0,1
1,0,0,0,1
2,0,0,0,2
1,0,0,0,1
1,0,0,0,1
1,0,0,0,1
1,0,0,0,1
1,0,0,0,1
1,0,0,0,1
1,0,0,0,1
4,0,1,0,5
1,0,0,0,1
1,0,0,0,1
1,0,0,0,1
1,0,0,0,1
1,0,0,0,1
1,0,0,0,1
2,0,0,0,2
1,0,0,0,1
1,0,0,0,1
1,0,0,0,1
1,0,0,0,1
1,0,0,0,1
1,0,0,0,1
1,0,0,0,1
1,0,0,0,1
2,0,0,0,2
1,0,0,0,1
1,0,0,0,1
1,0,0,0,1
1,0,0,0,1
3,0,0,0,3
1,0,0,0,1
1,0,0,0,1
1,0,0,0,1
1,0,0,0,1
1,0,0,0,1
1,0,0,0,1
1,0,0,0,1
1,0,0,0,1
1,0,0,0,1
1,0,0,0,1
2,0,0,0,2
2,0,0,0,2
2,1,1,0,4
1,0,0,0,1
2,0,0,0,2
1,0,0,0,1
4,0,0,0,4
1,0,0,0,1
1,0,0,0,1
1,0,0,0,1
2,0,0,0,2
1,0,0,0,1
1,0,0,0,1
1,3,0,0,4
1,0,0,0,1
1,0,0,0,1
1,0,0,0,1
2,0,0,0,2
2,0,0,0,2
1,0,0,0,1
1,0,0,0,1
1,0,0,0,1
1,0,0,0,1
1,0,0,0,1
1,0,0,0,1
1,0,0,0,1
1,0,0,0,1
1,0,0,0,1
1,3,1,0,5
1,0,0,0,1
1,0,0,0,1
1,0,0,0,1
1,0,0,0,1
1,0,0,0,1
1,0,0,0,1
1,0,0,0,1
4,0,0,0,4
2,0,0,0,2
1,0,0,0,1
1,0,0,0,1
1,0,0,0,1
1,0,0,0,1
1,0,0,0,1
1,0,0,0,1
1,0,0,0,1
2,0,0,0,2
1,0,0,0,1
1,0,0,0,1
1,0,0,0,1
1,0,0,0,1
1,0,0,0,1
1,0,0,0,1
1,0,0,0,1
1,0,0,0,1
1,0,0,0,1
1,0,0,0,1
1,0,0,0,1
1,0,0,0,1
1,0,0,0,1
1,0,0,0,1
1,0,0,0,1
1,0,0,0,1
1,0,0,0,1
1,0,0,0,1
1,0,0,0,1
1,0,0,0,1
1,0,0,0,1
1,0,0,0,1
2,0,1,0,3
1,0,0,0,1
1,0,0,0,1
1,0,0,0,1
1,0,0,0,1
1,0,0,0,1
1,0,0,0,1
1,0,0,0,1
1,0,0,0,1
1,0,0,0,1
3,4,0,0,7
1,0,0,0,1
1,0,0,0,1
1,0,0,0,1
1,0,0,0,1
1,0,0,0,1
1,0,0,0,1
1,0,0,0,1
1,0,0,0,1
3,0,0,0,3
1,0,0,0,1
1,0,0,0,1
1,0,0,0,1
1,0,0,0,1
1,0,0,0,1
1,0,0,0,1
1,0,0,0,1
1,0,0,0,1
1,0,0,0,1
1,0,0,0,1
2,0,0,0,2
1,0,0,0,1
2,0,0,0,2
1,0,0,0,1
1,0,0,0,1
1,0,0,0,1
1,0,0,0,1
1,0,0,0,1
1,0,0,0,1
1,0,0,0,1
1,0,0,0,1
2,0,0,0,2
1,0,0,0,1
1,0,0,0,1
1,0,0,0,1
1,0,0,0,1
1,0,0,0,1
1,0,0,0,1
1,0,0,0,1
1,0,0,0,1
1,0,0,0,1
1,0,0,0,1
1,0,0,0,1
1,0,0,0,1
1,0,0,0,1
1,0,0,0,1
1,0,0,0,1
4,0,0,0,4
1,0,0,0,1
1,0,0,0,1
1,0,0,0,1
5,10,0,0,15
1,0,0,0,1
1,0,0,0,1
1,0,0,0,1
1,0,0,0,1
1,0,0,0,1
1,0,0,0,1
1,0,0,0,1
1,0,0,0,1
1,0,0,0,1
1,0,0,0,1
1,0,0,0,1
2,0,0,0,2
1,0,0,0,1
1,0,0,0,1
1,0,0,0,1
2,0,0,0,2
1,0,0,0,1
1,0,0,0,1
2,0,0,0,2
1,0,0,0,1
1,0,0,0,1
1,0,0,0,1
1,0,0,0,1
1,0,0,0,1
1,0,0,0,1
1,0,0,0,1
1,0,0,0,1
2,0,0,0,2
1,0,0,0,1
1,0,0,0,1
2,0,0,0,2
2,0,0,0,2
1,0,0,0,1
1,0,0,0,1
1,0,0,0,1
1,0,0,0,1
1,0,0,0,1
3,0,0,0,3
2,0,0,0,2
1,0,0,0,1
1,0,0,0,1
1,0,0,0,1
1,0,0,0,1
1,0,0,0,1
2,0,0,0,2
1,0,0,0,1
1,0,0,0,1
1,0,0,0,1
1,0,0,0,1
1,0,0,0,1
1,0,0,0,1
1,0,0,0,1
1,0,0,0,1
4,0,0,0,4
1,0,0,0,1
1,0,0,0,1
1,0,0,0,1
1,0,0,0,1
1,0,0,0,1
1,0,0,0,1
1,0,0,0,1
1,0,0,0,1
1,0,0,0,1
1,0,0,0,1
1,0,0,0,1
1,0,0,0,1
1,0,0,0,1
1,0,0,0,1
1,0,0,0,1
2,0,0,0,2
2,0,0,0,2
1,0,0,0,1
1,0,0,0,1
1,0,0,0,1
1,0,0,0,1
1,0,0,0,1
1,0,0,0,1
1,0,0,0,1
1,0,0,0,1
1,0,0,0,1
1,0,0,0,1
1,0,0,0,1
1,0,0,0,1
1,0,0,0,1
1,0,0,0,1
1,0,0,0,1
1,0,0,0,1
1,0,0,0,1
1,0,0,0,1
1,0,0,0,1
1,0,0,0,1
1,0,0,0,1
1,0,0,0,1
1,0,0,0,1
1,0,0,0,1
1,0,0,0,1
1,0,0,0,1
1,0,0,0,1
1,0,0,0,1
1,0,0,0,1
1,0,0,0,1
2,0,0,0,2
1,0,0,0,1
1,0,0,0,1
1,0,0,0,1
1,0,0,0,1
1,0,0,0,1
1,2,0,0,3
1,0,0,0,1
1,0,0,0,1
1,0,0,0,1
1,0,0,0,1
2,0,0,0,2
1,0,0,0,1
1,0,0,0,1
1,0,0,0,1
2,0,0,0,2
1,0,0,0,1
1,0,0,0,1
1,0,0,0,1
1,0,0,0,1
1,0,0,0,1
1,0,0,0,1
1,0,0,0,1
2,0,0,0,2
1,0,0,0,1
2,0,0,0,2
1,0,0,0,1
1,0,0,0,1
1,0,0,0,1
1,0,0,0,1
3,0,0,0,3
1,0,0,0,1
1,0,0,0,1
1,0,0,0,1
1,0,0,0,1
1,0,0,0,1
1,0,0,0,1
1,0,0,0,1
1,0,0,0,1
1,0,0,0,1
1,0,0,0,1
1,0,0,0,1
1,0,0,0,1
1,0,0,0,1
1,0,0,0,1
2,0,0,0,2
1,0,0,0,1
1,0,0,0,1
1,0,0,0,1
1,0,0,0,1
2,0,0,0,2
2,0,0,0,2
1,0,0,0,1
1,0,0,0,1
1,0,0,0,1
1,0,0,0,1
1,0,0,0,1
1,0,0,0,1
1,0,0,0,1
1,0,0,0,1
1,0,0,0,1
1,0,0,0,1
1,0,0,0,1
1,0,0,0,1
1,0,0,0,1
1,0,0,0,1
1,0,0,0,1
1,0,0,0,1
1,0,0,0,1
1,0,0,0,1
1,0,0,0,1
1,0,0,0,1
1,0,0,0,1
1,0,0,0,1
5,0,0,0,5
1,0,0,0,1
1,0,0,0,1
1,0,0,0,1
1,0,0,0,1
1,0,0,0,1
1,0,0,0,1
1,0,0,0,1
1,0,0,0,1
1,0,0,0,1
1,0,0,0,1
1,0,0,0,1
3,0,0,0,3
1,0,0,0,1
1,0,0,0,1
1,0,0,0,1
1,0,0,0,1
1,0,0,0,1
2,0,0,0,2
1,0,0,0,1
3,0,0,0,3
2,0,0,0,2
1,0,0,0,1
1,0,0,0,1
1,0,0,0,1
2,0,0,0,2
1,0,0,0,1
3,0,0,0,3
1,0,0,0,1
1,0,0,0,1
1,0,0,0,1
1,0,0,0,1
1,0,0,0,1
1,0,0,0,1
1,0,0,0,1
1,0,0,0,1
1,0,0,0,1
1,0,0,0,1
1,0,0,0,1
1,0,0,0,1
1,0,0,0,1
1,0,0,0,1
1,0,0,0,1
3,0,0,0,3
1,1,0,0,2
1,0,0,0,1
1,0,0,0,1
1,0,0,0,1
1,0,0,0,1
1,0,0,0,1
1,0,0,0,1
1,0,0,0,1
2,0,0,0,2
1,0,0,0,1
1,0,0,0,1
2,0,0,0,2
1,0,0,0,1
1,0,0,0,1
1,0,0,0,1
2,2,0,0,4
1,0,0,0,1
1,0,0,0,1
1,0,0,0,1
1,0,0,0,1
1,0,0,0,1
1,0,0,0,1
1,0,0,0,1
1,0,0,0,1
1,0,0,0,1
1,0,0,0,1
1,0,0,0,1
1,0,0,0,1
1,0,0,0,1
1,0,0,0,1
1,0,0,0,1
1,0,0,0,1
1,0,0,0,1
1,0,0,0,1
1,0,0,0,1
1,0,0,0,1
1,0,0,0,1
1,0,0,0,1
1,0,0,0,1
1,0,0,0,1
1,0,0,0,1
1,0,0,0,1
1,0,0,0,1
1,0,0,0,1
1,0,0,0,1
1,0,0,0,1
1,0,0,0,1
2,0,0,0,2
1,0,0,0,1
1,0,0,0,1
1,0,0,0,1
1,0,0,0,1
1,0,0,0,1
1,1,0,0,2
2,0,0,0,2
1,0,0,0,1
1,0,0,0,1
1,0,0,0,1
1,0,0,0,1
1,0,0,0,1
2,0,0,0,2
1,0,0,0,1
1,0,0,0,1
1,0,0,0,1
1,2,0,0,3
1,0,0,0,1
2,0,0,0,2
2,0,0,0,2
1,0,0,0,1
1,0,0,0,1
1,0,0,0,1
1,2,0,0,3
1,0,0,0,1
1,0,0,0,1
2,0,0,0,2
1,0,0,0,1
1,0,0,0,1
1,0,0,0,1
1,0,0,0,1
1,0,0,0,1
4,0,0,0,4
1,0,0,0,1
2,0,0,0,2
1,0,0,0,1
1,0,0,0,1
2,0,0,0,2
1,0,0,0,1
1,0,0,0,1
1,0,0,0,1
1,0,0,0,1
1,0,0,0,1
1,0,0,0,1
1,0,0,0,1
2,0,0,0,2
1,0,0,0,1
1,0,0,0,1
1,0,0,0,1
1,0,0,0,1
1,0,0,0,1
1,0,0,0,1
1,0,0,0,1
1,0,0,0,1
1,0,0,0,1
1,0,0,0,1
2,0,0,0,2
1,0,0,0,1
1,0,0,0,1
2,0,0,0,2
1,0,0,0,1
1,0,0,0,1
1,0,0,0,1
1,0,0,0,1
1,0,0,0,1
1,0,0,0,1
2,0,0,0,2
2,0,0,0,2
1,0,0,0,1
1,0,0,0,1
1,0,0,0,1
1,0,0,0,1
1,0,0,0,1
1,0,0,0,1
1,0,0,0,1
1,0,0,0,1
1,0,0,0,1
1,0,0,0,1
1,0,0,0,1
1,0,0,0,1
2,0,0,0,2
1,0,0,0,1
3,0,0,0,3
1,0,0,0,1
1,0,0,0,1
1,0,0,0,1
1,0,0,0,1
2,0,0,0,2
1,0,0,0,1
3,0,0,0,3
1,0,0,0,1
1,0,0,0,1
1,3,0,0,4
1,0,0,0,1
1,0,0,0,1
1,0,0,0,1
5,0,0,0,5
1,0,0,0,1
2,0,0,0,2
2,0,0,0,2
1,0,0,0,1
1,0,0,0,1
1,0,0,0,1
1,0,0,0,1
2,0,0,0,2
1,1,1,0,3
2,0,0,0,2
1,0,0,0,1
1,0,0,0,1
2,0,0,0,2
1,0,0,0,1
1,0,0,0,1
1,0,0,0,1
1,0,0,0,1
1,0,0,0,1
1,0,0,0,1
1,0,0,0,1
1,0,0,0,1
1,0,0,0,1
1,0,0,0,1
1,0,0,0,1
1,0,0,0,1
1,0,0,0,1
5,0,0,0,5
1,0,0,0,1
1,0,0,0,1
1,0,0,0,1
1,0,0,0,1
2,0,0,0,2
1,0,0,0,1
1,0,0,0,1
1,0,0,0,1
1,0,0,0,1
2,62,0,0,64
1,0,0,0,1
1,0,0,0,1
1,1,0,0,2
1,0,0,0,1
1,0,0,0,1
1,0,0,0,1
1,0,0,0,1
1,0,0,0,1
1,0,0,0,1
1,0,0,0,1
1,0,0,0,1
2,0,0,0,2
2,0,0,0,2
1,0,0,0,1
3,0,0,0,3
1,0,0,0,1
2,0,0,0,2
2,0,0,0,2
1,0,0,0,1
1,0,0,0,1
1,0,0,0,1
1,0,0,0,1
1,0,0,0,1
2,0,0,0,2
1,0,0,0,1
1,0,0,0,1
1,0,0,0,1
2,0,0,0,2
1,0,0,0,1
1,0,0,0,1
1,1,0,0,2
1,0,0,0,1
3,0,0,0,3
1,0,0,0,1
1,0,0,0,1
1,0,0,0,1
1,0,0,0,1
1,0,0,0,1
1,0,0,0,1
1,0,0,0,1
1,0,0,0,1
1,2,0,0,3
1,0,0,0,1
1,0,0,0,1
2,0,0,0,2
1,0,0,0,1
1,0,0,0,1
1,0,0,0,1
1,0,0,0,1
1,0,0,0,1
2,0,0,0,2
1,0,0,0,1
2,0,0,0,2
3,0,0,0,3
1,0,0,0,1
1,0,0,0,1
1,0,0,0,1
2,0,0,0,2
1,0,0,0,1
1,0,0,0,1
2,0,0,0,2
3,0,0,0,3
1,0,0,0,1
1,0,0,0,1
2,0,0,0,2
1,0,0,0,1
1,0,0,0,1
1,0,0,0,1
1,0,0,0,1
1,0,0,0,1
1,0,0,0,1
1,0,0,0,1
1,0,0,0,1
1,0,0,0,1
1,0,0,0,1
2,0,0,0,2
1,0,0,0,1
2,0,0,0,2
1,0,0,0,1
1,0,0,0,1
1,0,0,0,1
1,0,0,0,1
1,0,0,0,1
1,0,0,0,1
2,0,0,0,2
1,0,0,0,1
1,0,0,0,1
2,0,0,0,2
1,0,0,0,1
1,0,0,0,1
1,0,0,0,1
1,0,0,0,1
1,0,0,0,1
1,0,0,0,1
1,0,0,0,1
2,0,0,0,2
1,0,0,0,1
1,0,0,0,1
1,0,0,0,1
2,0,0,0,2
1,0,0,0,1
1,0,0,0,1
1,0,0,0,1
1,0,0,0,1
1,0,0,0,1
1,0,0,0,1
2,0,0,0,2
4,0,0,0,4
1,0,0,0,1
2,0,0,0,2
2,0,0,0,2
1,0,0,0,1
1,0,0,0,1
1,0,0,0,1
1,0,0,0,1
1,0,0,0,1
2,0,0,0,2
1,0,0,0,1
1,0,0,0,1
1,6,0,0,7
1,0,0,0,1
1,0,1,0,2
1,0,0,0,1
1,0,0,0,1
1,0,0,0,1
2,0,0,0,2
1,0,0,0,1
1,0,0,0,1
1,0,0,0,1
1,0,0,0,1
1,0,0,0,1
1,0,0,0,1
1,0,0,0,1
1,0,0,0,1
1,0,0,0,1
1,0,0,0,1
1,0,0,0,1
1,0,0,0,1
1,0,0,0,1
3,0,0,0,3
1,0,0,0,1
1,0,0,0,1
1,0,0,0,1
1,0,0,0,1
1,0,0,0,1
1,0,0,0,1
1,0,0,0,1
1,3,0,0,4
1,0,0,0,1
2,0,0,0,2
1,0,0,0,1
2,0,0,0,2
1,0,0,0,1
1,0,0,0,1
1,0,0,0,1
1,0,0,0,1
2,0,0,0,2
1,0,0,0,1
1,0,0,0,1
1,0,0,0,1
3,0,0,0,3
1,0,0,0,1
1,0,0,0,1
1,0,0,0,1
1,0,0,0,1
1,0,0,0,1
1,0,0,0,1
1,0,0,0,1
1,0,0,0,1
2,7,0,0,9
1,0,0,0,1
1,0,0,0,1
1,0,0,0,1
1,0,0,0,1
1,0,0,0,1
1,0,0,0,1
1,0,0,0,1
1,0,0,0,1
1,0,0,0,1
1,0,0,0,1
1,0,0,0,1
1,0,0,0,1
1,0,0,0,1
1,0,0,0,1
1,0,0,0,1
2,0,0,0,2
1,0,0,0,1
1,0,0,0,1
1,0,0,0,1
1,0,0,0,1
1,0,0,0,1
1,0,0,0,1
1,0,0,0,1
1,0,0,0,1
1,0,0,0,1
1,6,0,0,7
1,0,0,0,1
1,0,0,0,1
1,1,0,0,2
5,0,0,0,5
1,0,0,0,1
1,0,0,0,1
2,0,0,0,2
1,0,0,0,1
1,0,0,0,1
1,0,0,0,1
1,0,0,0,1
1,0,0,0,1
1,0,0,0,1
3,0,0,0,3
1,0,0,0,1
1,0,0,0,1
1,0,0,0,1
3,11,0,0,14
2,8,0,0,10
1,0,0,0,1
1,0,0,0,1
1,0,0,0,1
1,0,0,0,1
1,0,0,0,1
1,0,0,0,1
3,0,0,0,3
2,0,0,0,2
1,0,0,0,1
1,0,0,0,1
1,0,0,0,1
1,0,0,0,1
1,0,0,0,1
1,0,0,0,1
2,11,0,0,13
1,0,0,0,1
1,0,0,0,1
1,0,0,0,1
2,0,0,0,2
1,0,0,0,1
1,0,0,0,1
1,0,0,0,1
2,0,0,0,2
1,0,0,0,1
1,0,0,0,1
1,0,0,0,1
1,0,0,0,1
1,0,0,0,1
1,0,0,0,1
2,0,0,0,2
1,0,0,0,1
4,0,0,0,4
1,0,0,0,1
1,0,0,0,1
3,0,0,0,3
1,0,0,0,1
2,0,0,0,2
2,0,0,0,2
1,0,0,0,1
2,0,0,0,2
1,0,0,0,1
1,0,0,0,1
1,0,0,0,1
1,0,0,0,1
1,3,0,0,4
1,5,0,0,6
3,0,0,0,3
2,0,0,0,2
1,0,0,0,1
1,0,0,0,1
1,0,0,0,1
1,0,0,0,1
1,0,0,0,1
1,0,0,0,1
2,0,0,0,2
1,0,0,0,1
1,0,0,0,1
1,0,0,0,1
1,1,0,0,2
1,0,0,0,1
1,0,0,0,1
1,0,0,0,1
1,0,0,0,1
1,0,0,0,1
1,0,0,0,1
1,0,0,0,1
1,0,0,0,1
1,0,0,0,1
1,0,0,0,1
1,0,0,0,1
1,0,0,0,1
1,0,0,0,1
1,0,0,0,1
1,0,0,0,1
1,0,0,0,1
1,0,0,0,1
2,0,0,0,2
1,0,0,0,1
3,0,0,0,3
1,0,0,0,1
1,0,0,0,1
1,2,0,0,3
1,0,0,0,1
1,1,0,0,2
1,0,0,0,1
1,0,0,0,1
1,0,0,0,1
1,2,0,0,3
1,0,0,0,1
3,0,0,0,3
2,1,0,0,3
1,0,0,0,1
1,0,0,0,1
1,2,0,0,3
1,0,0,0,1
3,0,0,0,3
1,0,0,0,1
1,0,0,0,1
1,0,0,0,1
1,0,0,0,1
2,0,0,0,2
1,0,0,0,1
1,592,0,0,593
1,0,0,0,1
1,0,0,0,1
1,0,0,0,1
2,0,0,0,2
1,0,0,0,1
1,0,0,0,1
1,0,0,0,1
1,0,0,0,1
1,0,0,0,1
1,0,0,0,1
1,0,0,0,1
1,0,0,0,1
1,0,0,0,1
1,0,0,0,1
1,0,0,0,1
1,0,0,0,1
2,0,0,0,2
1,0,0,0,1
1,0,0,0,1
1,0,0,0,1
2,0,0,0,2
1,0,0,0,1
1,0,0,0,1
1,0,0,0,1
1,0,0,0,1
1,0,0,0,1
1,0,0,0,1
1,0,0,0,1
1,51,0,0,52
1,0,0,0,1
1,0,0,0,1
1,0,0,0,1
1,0,0,0,1
1,0,0,0,1
1,0,0,0,1
1,0,0,0,1
1,0,0,0,1
1,0,0,0,1
1,0,0,0,1
1,0,0,0,1
1,0,0,0,1
1,0,0,0,1
4,0,0,0,4
1,0,0,0,1
1,0,0,0,1
1,0,0,0,1
3,0,0,0,3
1,0,0,0,1
2,0,0,0,2
1,0,0,0,1
1,0,0,0,1
1,0,0,0,1
2,0,0,0,2
1,2,1,0,4
1,0,0,0,1
2,0,0,0,2
1,0,0,0,1
1,0,0,0,1
1,0,0,0,1
1,0,0,0,1
2,0,0,0,2
1,0,0,0,1
1,0,0,0,1
1,0,0,0,1
1,0,0,0,1
1,0,0,0,1
1,0,0,0,1
1,0,0,0,1
1,0,0,0,1
1,0,0,0,1
1,0,0,0,1
1,0,0,0,1
1,0,0,0,1
1,0,0,0,1
2,0,0,0,2
1,0,0,0,1
2,1,0,0,3
3,0,0,0,3
1,0,0,0,1
1,0,0,0,1
2,0,0,0,2
1,1,0,0,2
1,0,0,0,1
2,0,0,0,2
1,0,0,0,1
1,0,0,0,1
1,0,0,0,1
1,0,0,0,1
1,0,0,0,1
1,0,0,0,1
1,0,0,0,1
1,0,0,0,1
1,0,0,0,1
1,0,0,0,1
1,0,0,0,1
1,0,0,0,1
1,0,0,0,1
1,0,0,0,1
1,0,0,0,1
1,0,0,0,1
2,0,0,0,2
2,0,0,0,2
4,0,0,0,4
2,0,0,0,2
1,0,0,0,1
3,0,0,0,3
1,0,0,0,1
1,0,0,0,1
1,0,0,0,1
2,0,0,0,2
1,0,0,0,1
1,0,0,0,1
1,0,0,0,1
1,0,0,0,1
1,0,0,0,1
1,0,0,0,1
1,0,0,0,1
1,0,0,0,1
1,12,0,0,13
1,0,0,0,1
1,0,0,0,1
1,0,0,0,1
1,0,0,0,1
1,0,0,0,1
1,0,0,0,1
1,0,0,0,1
1,0,0,0,1
1,0,0,0,1
1,0,0,0,1
1,0,0,0,1
3,0,0,0,3
1,0,0,0,1
1,0,0,0,1
1,0,0,0,1
1,0,0,0,1
1,0,0,0,1
1,1,0,0,2
1,0,0,0,1
4,0,0,0,4
1,0,0,0,1
3,0,0,0,3
1,0,0,0,1
1,0,0,0,1
1,0,0,0,1
1,2,0,0,3
3,0,0,0,3
1,0,0,0,1
1,0,0,0,1
1,0,0,0,1
1,0,0,0,1
1,0,0,0,1
1,0,0,0,1
1,0,0,0,1
1,0,0,0,1
1,0,0,0,1
1,4,0,0,5
1,0,0,0,1
2,0,0,0,2
1,0,0,0,1
1,0,0,0,1
1,0,0,0,1
1,0,0,0,1
1,0,0,0,1
1,0,0,0,1
1,0,0,0,1
2,0,0,0,2
1,0,0,0,1
1,0,0,0,1
1,0,0,0,1
1,0,0,0,1
1,0,0,0,1
1,0,0,0,1
1,0,0,0,1
2,0,0,0,2
1,0,0,0,1
1,0,0,0,1
1,1,0,0,2
1,0,0,0,1
1,0,0,0,1
1,0,0,0,1
1,0,0,0,1
1,0,0,0,1
3,0,0,0,3
1,0,0,0,1
1,0,0,0,1
1,0,0,0,1
2,0,0,0,2
1,0,0,0,1
1,0,0,0,1
1,0,0,0,1
1,0,0,0,1
1,0,0,0,1
1,0,0,0,1
2,0,0,0,2
1,0,0,0,1
1,0,0,0,1
1,0,0,0,1
1,0,0,0,1
1,0,0,0,1
1,0,0,0,1
1,0,0,0,1
1,0,0,0,1
1,0,0,0,1
1,0,0,0,1
1,0,0,0,1
1,0,0,0,1
1,0,0,0,1
1,0,0,0,1
1,0,0,0,1
1,0,0,0,1
4,0,0,0,4
1,0,0,0,1
1,0,0,0,1
1,0,0,0,1
1,0,0,0,1
1,0,0,0,1
1,0,0,0,1
1,0,0,0,1
2,0,0,0,2
1,0,0,0,1
1,0,0,0,1
1,0,0,0,1
1,0,0,0,1
1,0,0,0,1
1,0,0,0,1
1,0,0,0,1
1,0,0,0,1
1,0,0,0,1
2,2,0,0,4
1,0,0,0,1
1,0,0,0,1
1,0,0,0,1
1,0,0,0,1
1,0,0,0,1
1,0,0,0,1
1,0,0,0,1
1,0,0,0,1
1,0,0,0,1
1,0,0,0,1
1,0,0,0,1
2,0,0,0,2
1,0,0,0,1
1,0,0,0,1
2,0,0,0,2
1,0,0,0,1
1,0,0,0,1
1,0,0,0,1
1,0,0,0,1
2,0,0,0,2
1,0,0,0,1
1,0,0,0,1
2,0,0,0,2
1,0,0,0,1
1,0,0,0,1
2,0,0,0,2
1,0,0,0,1
1,0,0,0,1
1,0,0,0,1
1,0,0,0,1
1,0,0,0,1
1,1,0,0,2
1,0,0,0,1
1,0,0,0,1
1,0,0,0,1
1,0,0,0,1
1,0,0,0,1
1,0,0,0,1
3,0,0,0,3
1,1,0,0,2
1,0,0,0,1
1,0,0,0,1
1,0,0,0,1
1,0,0,0,1
1,0,0,0,1
1,0,0,0,1
6,0,0,0,6
1,0,0,0,1
1,0,0,0,1
1,0,0,0,1
1,0,0,0,1
1,0,0,0,1
1,0,0,0,1
1,0,0,0,1
1,0,0,0,1
1,0,0,0,1
1,0,0,0,1
4,23,1,0,28
1,0,0,0,1
1,0,0,0,1
1,0,0,0,1
1,0,0,0,1
1,0,0,0,1
1,0,0,0,1
1,0,0,0,1
1,0,0,0,1
1,0,0,0,1
1,0,0,0,1
1,0,0,0,1
1,0,0,0,1
1,0,0,0,1
1,0,0,0,1
1,0,0,0,1
1,0,0,0,1
1,0,0,0,1
1,0,0,0,1
1,0,0,0,1
1,0,0,0,1
1,0,0,0,1
1,0,0,0,1
1,0,0,0,1
2,0,0,0,2
1,0,0,0,1
1,0,0,0,1
1,0,0,0,1
1,34,0,0,35
1,0,0,0,1
1,0,0,0,1
1,0,0,0,1
1,0,0,0,1
1,0,0,0,1
1,0,0,0,1
1,0,0,0,1
1,0,0,0,1
2,0,0,0,2
1,0,0,0,1
1,0,0,0,1
1,0,0,0,1
2,0,0,0,2
1,0,0,0,1
1,0,0,0,1
1,0,0,0,1
1,0,0,0,1
1,0,0,0,1
1,0,0,0,1
1,0,0,0,1
1,1,0,0,2
1,0,0,0,1
1,0,0,0,1
1,0,0,0,1
1,0,0,0,1
1,0,0,0,1
1,0,0,0,1
1,0,0,0,1
1,0,0,0,1
1,0,0,0,1
1,0,0,0,1
4,0,0,0,4
1,0,0,0,1
1,0,0,0,1
1,2,0,0,3
2,0,0,0,2
1,0,0,0,1
1,0,2,0,3
1,0,0,0,1
1,0,0,0,1
6,0,0,0,6
1,0,0,0,1
1,0,0,0,1
1,0,0,0,1
1,0,0,0,1
1,0,0,0,1
1,8,0,0,9
1,0,0,0,1
2,0,0,0,2
2,0,0,0,2
1,0,0,0,1
1,0,0,0,1
1,0,0,0,1
1,0,0,0,1
1,0,0,0,1
1,0,0,0,1
1,0,0,0,1
1,0,0,0,1
1,0,0,0,1
1,0,0,0,1
1,0,0,0,1
1,0,0,0,1
1,0,0,0,1
1,0,0,0,1
1,0,0,0,1
2,0,0,0,2
1,0,0,0,1
2,0,0,0,2
1,0,0,0,1
1,0,0,0,1
1,0,0,0,1
1,0,0,0,1
1,0,0,0,1
1,0,0,0,1
1,0,0,0,1
1,0,0,0,1
1,0,0,0,1
1,0,0,0,1
1,0,0,0,1
2,0,0,0,2
1,0,0,0,1
1,0,0,0,1
1,0,0,0,1
1,0,0,0,1
3,0,0,0,3
1,0,0,0,1
2,0,0,0,2
1,0,0,0,1
1,0,0,0,1
1,0,0,0,1
1,0,0,0,1
1,0,0,0,1
1,0,0,0,1
1,0,0,0,1
3,0,0,0,3
1,0,0,0,1
1,0,0,0,1
1,0,0,0,1
1,0,0,0,1
3,0,0,0,3
1,0,0,0,1
1,0,0,0,1
1,0,0,0,1
1,0,0,0,1
1,0,0,0,1
1,0,0,0,1
2,0,0,0,2
1,0,0,0,1
2,0,0,0,2
1,0,0,0,1
1,0,0,0,1
1,0,0,0,1
1,0,0,0,1
1,0,0,0,1
1,0,0,0,1
1,0,0,0,1
1,0,0,0,1
1,0,0,0,1
1,0,0,0,1
1,0,0,0,1
1,0,0,0,1
2,0,0,0,2
1,0,0,0,1
1,0,0,0,1
1,0,0,0,1
1,0,0,0,1
1,0,0,0,1
1,0,0,0,1
1,0,0,0,1
1,0,0,0,1
2,0,0,0,2
1,0,0,0,1
1,0,0,0,1
1,0,0,0,1
1,0,0,0,1
1,0,0,0,1
1,0,0,0,1
1,0,0,0,1
1,0,0,0,1
2,0,0,0,2
1,0,0,0,1
1,0,0,0,1
1,0,0,0,1
1,0,0,0,1
1,0,0,0,1
2,0,0,0,2
1,0,0,0,1
2,0,0,0,2
1,0,0,0,1
1,0,0,0,1
1,0,0,0,1
1,0,0,0,1
1,0,0,0,1
2,0,0,0,2
1,0,0,0,1
2,0,0,0,2
1,0,0,0,1
1,0,0,0,1
3,0,0,0,3
1,10,0,0,11
1,0,0,0,1
1,0,0,0,1
1,0,0,0,1
1,0,0,0,1
1,4,0,0,5
1,0,0,0,1
1,0,0,0,1
1,0,0,0,1
2,0,0,0,2
1,0,0,0,1
2,0,0,0,2
1,0,0,0,1
1,0,0,0,1
1,0,0,0,1
1,0,0,0,1
1,0,0,0,1
1,0,0,0,1
1,2,0,0,3
1,0,0,0,1
1,0,0,0,1
1,0,0,0,1
1,0,0,0,1
1,0,0,0,1
1,0,0,0,1
1,0,0,0,1
2,0,0,0,2
1,0,0,0,1
1,0,0,0,1
2,0,0,0,2
1,0,0,0,1
1,0,0,0,1
2,0,0,0,2
1,0,0,0,1
1,12,0,0,13
1,0,0,0,1
1,0,0,0,1
1,0,0,0,1
1,0,0,0,1
1,0,0,0,1
1,0,0,0,1
1,0,0,0,1
1,0,0,0,1
1,0,0,0,1
1,0,0,0,1
2,0,0,0,2
3,0,0,0,3
2,0,0,0,2
1,0,0,0,1
1,0,0,0,1
1,0,0,0,1
1,0,0,0,1
1,0,0,0,1
1,0,0,0,1
1,0,0,0,1
1,0,0,0,1
1,0,0,0,1
1,0,0,0,1
2,0,0,0,2
1,0,0,0,1
1,0,0,0,1
1,0,0,0,1
1,0,0,0,1
1,0,0,0,1
1,0,0,0,1
2,0,0,0,2
1,0,0,0,1
1,0,0,0,1
1,35,0,0,36
1,0,0,0,1
1,0,0,0,1
2,0,0,0,2
2,0,0,0,2
1,0,0,0,1
1,0,0,0,1
1,0,0,0,1
2,0,0,0,2
2,0,0,0,2
1,0,0,0,1
1,0,0,0,1
1,2,0,0,3
1,0,0,0,1
1,0,0,0,1
1,0,0,0,1
1,0,0,0,1
1,0,0,0,1
1,0,0,0,1
2,0,0,0,2
1,0,0,0,1
1,0,0,0,1
1,2,0,0,3
1,0,0,0,1
1,0,0,0,1
1,0,0,0,1
3,0,0,0,3
1,0,0,0,1
1,0,0,0,1
3,0,0,0,3
1,0,0,0,1
1,0,0,0,1
1,0,0,0,1
1,0,0,0,1
1,0,0,0,1
1,0,0,0,1
2,0,0,0,2
1,0,0,0,1
1,0,0,0,1
1,0,0,0,1
1,0,0,0,1
1,0,0,0,1
1,0,0,0,1
1,0,0,0,1
1,1,0,0,2
1,0,0,0,1
1,0,0,0,1
1,0,0,0,1
1,0,0,0,1
1,0,0,0,1
1,0,0,0,1
1,0,0,0,1
1,3,0,0,4
1,0,0,0,1
1,0,0,0,1
1,0,0,0,1
1,0,0,0,1
2,0,0,0,2
1,0,0,0,1
1,0,0,0,1
4,1,1,0,6
1,0,0,0,1
1,0,0,0,1
1,0,0,0,1
1,0,0,0,1
1,0,0,0,1
1,0,0,0,1
1,0,0,0,1
1,0,0,0,1
2,0,0,0,2
1,0,0,0,1
1,0,0,0,1
1,0,0,0,1
1,0,0,0,1
1,0,0,0,1
2,0,0,0,2
1,0,0,0,1
1,0,0,0,1
1,0,0,0,1
1,0,0,0,1
1,0,0,0,1
1,0,0,0,1
1,0,0,0,1
1,0,0,0,1
2,0,0,0,2
2,0,0,0,2
1,0,0,0,1
1,0,0,0,1
1,0,0,0,1
1,1,0,0,2
2,0,0,0,2
1,0,0,0,1
1,0,0,0,1
1,0,0,0,1
1,0,0,0,1
1,0,0,0,1
1,0,0,0,1
1,0,0,0,1
1,0,0,0,1
1,0,0,0,1
2,0,0,0,2
1,0,0,0,1
1,0,0,0,1
2,0,0,0,2
2,1246,55,0,1303
1,0,0,0,1
1,0,0,0,1
1,0,0,0,1
1,0,0,0,1
1,0,0,0,1
1,0,0,0,1
1,0,0,0,1
1,0,0,0,1
1,0,0,0,1
3,0,0,0,3
1,0,0,0,1
1,0,0,0,1
1,0,0,0,1
6,0,0,0,6
1,0,0,0,1
1,0,0,0,1
1,0,0,0,1
1,0,0,0,1
1,0,0,0,1
2,0,0,0,2
1,0,0,0,1
1,0,0,0,1
1,0,0,0,1
1,0,0,0,1
1,0,0,0,1
1,0,0,0,1
1,0,0,0,1
1,0,0,0,1
1,2,0,0,3
1,0,0,0,1
1,0,0,0,1
1,0,0,0,1
1,0,0,0,1
1,0,0,0,1
1,0,0,0,1
1,0,0,0,1
1,0,0,0,1
1,0,0,0,1
1,0,0,0,1
1,0,0,0,1
1,0,0,0,1
3,2,0,0,5
1,0,0,0,1
1,0,0,0,1
1,0,0,0,1
1,0,0,0,1
1,0,0,0,1
2,0,0,0,2
1,0,0,0,1
3,0,0,0,3
1,0,0,0,1
2,0,0,0,2
1,0,0,0,1
2,0,0,0,2
2,0,0,0,2
1,0,0,0,1
1,0,0,0,1
1,0,0,0,1
1,0,0,0,1
1,0,0,0,1
1,0,0,0,1
1,0,0,0,1
1,0,0,0,1
1,0,0,0,1
2,0,0,0,2
1,0,0,0,1
2,0,0,0,2
4,0,0,0,4
1,0,0,0,1
1,0,0,0,1
1,0,0,0,1
1,0,0,0,1
1,0,0,0,1
1,0,0,0,1
1,0,0,0,1
1,1,0,0,2
1,0,0,0,1
2,1,0,0,3
2,0,0,0,2
1,0,0,0,1
1,0,0,0,1
1,0,0,0,1
1,0,0,0,1
1,0,0,0,1
2,0,0,0,2
1,0,0,0,1
1,0,0,0,1
1,0,0,0,1
1,0,0,0,1
2,0,0,0,2
1,0,0,0,1
1,0,0,0,1
1,0,0,0,1
1,0,0,0,1
1,2,0,0,3
1,0,0,0,1
1,0,0,0,1
1,0,0,0,1
1,0,0,0,1
1,0,0,0,1
1,0,0,0,1
1,0,0,0,1
1,0,0,0,1
1,0,0,0,1
1,0,0,0,1
1,0,0,0,1
1,0,0,0,1
2,0,0,0,2
3,0,0,0,3
1,0,0,0,1
1,0,0,0,1
1,0,0,0,1
1,0,0,0,1
1,0,0,0,1
2,0,0,0,2
1,0,0,0,1
1,0,0,0,1
1,0,0,0,1
2,0,0,0,2
1,0,0,0,1
3,0,0,0,3
1,0,0,0,1
1,0,0,0,1
1,0,0,0,1
1,0,0,0,1
1,0,0,0,1
7,0,0,0,7
1,0,0,0,1
1,0,0,0,1
1,0,0,0,1
1,0,0,0,1
2,0,0,0,2
1,0,0,0,1
1,0,0,0,1
1,0,0,0,1
1,0,0,0,1
1,0,0,0,1
1,0,0,0,1
1,0,0,0,1
1,0,0,0,1
1,0,0,0,1
1,0,0,0,1
1,0,0,0,1
1,0,0,0,1
1,0,0,0,1
1,0,0,0,1
1,0,0,0,1
1,3,0,0,4
2,0,0,0,2
1,0,0,0,1
1,0,0,0,1
2,0,0,0,2
1,0,0,0,1
1,0,0,0,1
1,0,0,0,1
1,0,0,0,1
2,0,0,0,2
1,0,0,0,1
1,0,0,0,1
2,0,0,0,2
3,0,0,0,3
1,0,0,0,1
1,0,0,0,1
1,0,0,0,1
1,0,0,0,1
1,0,0,0,1
1,0,0,0,1
1,0,0,0,1
1,0,0,0,1
1,0,0,0,1
1,0,0,0,1
1,0,0,0,1
1,0,0,0,1
1,0,0,0,1
1,0,0,0,1
2,0,0,0,2
1,0,0,0,1
1,0,0,0,1
1,0,0,0,1
1,0,0,0,1
1,0,0,0,1
1,1,0,0,2
1,0,0,0,1
1,0,0,0,1
1,0,0,0,1
1,0,0,0,1
1,0,0,0,1
1,0,0,0,1
1,0,0,0,1
2,0,0,0,2
1,0,0,0,1
1,0,0,0,1
1,0,0,0,1
5,0,0,0,5
1,0,0,0,1
1,0,0,0,1
1,0,0,0,1
1,0,0,0,1
1,0,0,0,1
1,0,0,0,1
1,0,0,0,1
1,0,0,0,1
1,0,0,0,1
1,0,0,0,1
1,0,0,0,1
3,0,0,0,3
1,0,0,0,1
2,0,0,0,2
1,0,0,0,1
1,0,0,0,1
1,0,0,0,1
1,0,0,0,1
2,0,0,0,2
1,0,0,0,1
2,0,0,0,2
1,0,0,0,1
1,0,0,0,1
1,0,0,0,1
1,0,0,0,1
1,0,0,0,1
1,0,0,0,1
1,0,0,0,1
1,0,0,0,1
1,0,0,0,1
1,0,0,0,1
1,0,0,0,1
2,0,0,0,2
1,0,0,0,1
2,0,0,0,2
1,0,0,0,1
1,0,0,0,1
1,0,0,0,1
3,0,0,0,3
1,0,0,0,1
1,0,0,0,1
1,3,1,0,5
1,0,0,0,1
1,0,0,0,1
1,0,0,0,1
2,0,0,0,2
1,0,0,0,1
1,0,0,0,1
1,0,0,0,1
2,0,0,0,2
1,0,0,0,1
1,0,0,0,1
1,0,0,0,1
1,0,0,0,1
1,0,0,0,1
1,0,0,0,1
1,0,0,0,1
1,0,0,0,1
1,0,0,0,1
1,0,0,0,1
1,0,0,0,1
1,0,0,0,1
3,0,0,0,3
1,0,0,0,1
1,0,0,0,1
1,0,0,0,1
1,0,0,0,1
1,0,0,0,1
1,0,0,0,1
1,0,0,0,1
1,0,0,0,1
1,0,0,0,1
1,0,0,0,1
1,0,0,0,1
1,0,0,0,1
1,0,0,0,1
1,0,0,0,1
1,0,0,0,1
1,0,0,0,1
1,0,0,0,1
1,0,0,0,1
1,0,0,0,1
1,0,0,0,1
1,1,0,0,2
1,0,0,0,1
1,0,0,0,1
2,1,0,0,3
1,0,0,0,1
2,2,0,0,4
1,0,0,0,1
1,0,0,0,1
1,0,0,0,1
2,0,0,0,2
1,0,0,0,1
1,0,0,0,1
1,0,0,0,1
1,0,0,0,1
1,0,0,0,1
1,0,0,0,1
1,0,0,0,1
1,0,0,0,1
1,0,0,0,1
4,0,0,0,4
1,0,0,0,1
1,0,0,0,1
1,0,0,0,1
1,0,0,0,1
1,0,0,0,1
1,0,0,0,1
2,0,0,0,2
1,0,0,0,1
1,0,0,0,1
1,0,0,0,1
1,0,0,0,1
1,0,0,0,1
1,0,0,0,1
1,0,0,0,1
1,0,0,0,1
1,0,0,0,1
1,2,0,0,3
1,0,0,0,1
1,0,0,0,1
1,0,0,0,1
2,0,0,0,2
1,0,0,0,1
1,0,0,0,1
1,0,0,0,1
1,0,0,0,1
1,0,0,0,1
1,0,0,0,1
1,0,0,0,1
1,0,0,0,1
1,0,0,0,1
1,0,0,0,1
1,0,0,0,1
1,0,0,0,1
1,0,0,0,1
1,0,0,0,1
1,0,0,0,1
1,0,0,0,1
1,0,0,0,1
1,0,0,0,1
1,0,0,0,1
1,0,0,0,1
2,0,0,0,2
1,0,0,0,1
1,0,0,0,1
1,0,0,0,1
1,0,0,0,1
3,0,0,0,3
1,0,0,0,1
1,0,0,0,1
1,0,0,0,1
1,0,0,0,1
1,0,0,0,1
1,0,0,0,1
2,0,0,0,2
1,0,0,0,1
1,0,0,0,1
1,0,0,0,1
1,0,0,0,1
1,1,0,0,2
1,0,0,0,1
1,0,0,0,1
1,0,0,0,1
2,0,0,0,2
1,0,0,0,1
1,0,0,0,1
1,0,0,0,1
4,0,0,0,4
1,9,0,0,10
1,2,0,0,3
1,0,0,0,1
1,0,0,0,1
1,0,0,0,1
1,0,0,0,1
1,0,0,0,1
1,0,0,0,1
1,0,0,0,1
1,0,0,0,1
2,0,0,0,2
3,0,0,0,3
1,0,0,0,1
1,0,0,0,1
1,0,0,0,1
1,0,0,0,1
1,0,0,0,1
1,0,0,0,1
1,0,0,0,1
2,0,0,0,2
2,0,0,0,2
1,2,0,0,3
1,0,0,0,1
3,0,0,0,3
1,0,0,0,1
1,0,0,0,1
1,0,0,0,1
1,0,0,0,1
1,0,0,0,1
2,0,0,0,2
1,0,0,0,1
1,0,0,0,1
1,0,0,0,1
1,0,0,0,1
2,0,0,0,2
1,0,0,0,1
1,0,0,0,1
2,0,0,0,2
1,0,0,0,1
1,0,0,0,1
1,0,0,0,1
1,0,0,0,1
1,0,0,0,1
1,0,0,0,1
1,0,0,0,1
1,0,0,0,1
1,0,0,0,1
1,0,0,0,1
2,0,0,0,2
1,0,0,0,1
1,0,0,0,1
2,0,0,0,2
1,0,0,0,1
1,0,0,0,1
1,0,0,0,1
1,0,0,0,1
1,0,0,0,1
2,0,0,0,2
1,0,0,0,1
1,0,0,0,1
1,0,0,0,1
2,0,0,0,2
1,0,0,0,1
2,0,0,0,2
2,9,0,0,11
1,0,0,0,1
1,0,0,0,1
1,0,0,0,1
1,0,0,0,1
1,0,0,0,1
2,0,0,0,2
2,0,0,0,2
1,0,0,0,1
1,0,0,0,1
1,0,0,0,1
1,0,0,0,1
1,0,0,0,1
1,0,0,0,1
1,0,0,0,1
3,0,0,0,3
1,0,0,0,1
1,0,0,0,1
1,0,0,0,1
1,0,0,0,1
1,0,0,0,1
2,0,0,0,2
2,0,0,0,2
1,0,0,0,1
1,0,0,0,1
1,0,0,0,1
1,0,0,0,1
3,7,2,0,12
1,0,0,0,1
1,0,0,0,1
1,0,0,0,1
1,0,0,0,1
1,0,0,0,1
1,2,0,0,3
1,0,0,0,1
1,0,0,0,1
1,0,0,0,1
1,0,0,0,1
3,0,0,0,3
1,0,0,0,1
1,0,0,0,1
2,0,0,0,2
1,0,0,0,1
1,0,0,0,1
2,0,0,0,2
1,0,0,0,1
1,0,0,0,1
1,1,0,0,2
2,0,0,0,2
1,0,0,0,1
1,0,0,0,1
1,1,0,0,2
1,0,0,0,1
1,0,0,0,1
1,0,0,0,1
1,0,0,0,1
1,0,0,0,1
1,0,0,0,1
1,0,0,0,1
1,0,0,0,1
3,0,0,0,3
1,0,0,0,1
1,0,0,0,1
1,0,0,0,1
1,0,0,0,1
1,0,0,0,1
1,0,0,0,1
1,0,0,0,1
1,0,0,0,1
1,0,0,0,1
5,0,0,0,5
1,0,0,0,1
1,0,0,0,1
1,0,0,0,1
1,0,0,0,1
2,0,0,0,2
1,0,0,0,1
1,0,0,0,1
1,0,0,0,1
2,0,0,0,2
1,0,0,0,1
1,0,0,0,1
1,0,0,0,1
1,0,0,0,1
1,0,0,0,1
1,0,0,0,1
2,0,0,0,2
1,0,0,0,1
1,0,0,0,1
2,0,0,0,2
1,0,0,0,1
1,0,0,0,1
1,1,0,0,2
1,0,0,0,1
1,0,0,0,1
1,0,0,0,1
1,0,0,0,1
1,0,0,0,1
1,0,0,0,1
1,0,0,0,1
1,0,0,0,1
1,0,0,0,1
1,0,0,0,1
1,0,0,0,1
3,0,0,0,3
1,0,0,0,1
1,0,0,0,1
1,0,0,0,1
1,0,0,0,1
1,0,0,0,1
1,0,0,0,1
1,0,0,0,1
1,0,0,0,1
1,0,0,0,1
1,0,0,0,1
1,0,0,0,1
1,0,0,0,1
3,0,0,0,3
1,0,0,0,1
1,0,0,0,1
1,0,0,0,1
1,0,0,0,1
1,0,0,0,1
1,0,0,0,1
1,0,0,0,1
1,0,0,0,1
3,0,0,0,3
1,0,0,0,1
1,0,0,0,1
1,0,0,0,1
2,1,0,0,3
1,0,0,0,1
1,0,0,0,1
1,0,0,0,1
1,0,0,0,1
1,0,0,0,1
1,0,0,0,1
1,0,0,0,1
1,0,0,0,1
2,0,0,0,2
1,0,0,0,1
1,0,0,0,1
1,0,0,0,1
1,0,0,0,1
1,0,0,0,1
1,0,0,0,1
2,0,0,0,2
1,0,0,0,1
1,0,0,0,1
1,0,0,0,1
1,0,0,0,1
1,0,0,0,1
1,0,0,0,1
2,0,0,0,2
1,0,0,0,1
1,0,0,0,1
2,0,0,0,2
2,0,0,0,2
1,0,0,0,1
1,0,0,0,1
2,0,0,0,2
1,0,0,0,1
2,0,0,0,2
1,0,0,0,1
1,0,0,0,1
1,0,0,0,1
2,34,0,0,36
2,0,0,0,2
1,0,0,0,1
1,0,0,0,1
1,0,0,0,1
1,0,0,0,1
1,12,0,0,13
2,0,0,0,2
1,0,0,0,1
1,0,0,0,1
1,0,0,0,1
1,0,0,0,1
1,0,0,0,1
2,0,0,0,2
2,0,0,0,2
2,0,0,0,2
1,0,0,0,1
1,0,0,0,1
1,0,0,0,1
1,0,0,0,1
1,0,0,0,1
2,0,0,0,2
4,3,0,0,7
2,0,0,0,2
1,0,0,0,1
1,0,0,0,1
1,0,0,0,1
1,0,0,0,1
1,0,0,0,1
1,0,0,0,1
2,0,0,0,2
1,0,0,0,1
1,0,0,0,1
1,0,0,0,1
1,0,0,0,1
2,0,0,0,2
1,1,0,0,2
3,0,0,0,3
1,0,0,0,1
2,0,0,0,2
2,0,0,0,2
1,0,0,0,1
1,0,0,0,1
1,0,0,0,1
1,0,0,0,1
1,0,0,0,1
1,0,0,0,1
1,0,0,0,1
5,0,0,0,5
1,0,0,0,1
1,0,0,0,1
1,0,0,0,1
1,0,0,0,1
1,0,0,0,1
1,0,0,0,1
1,0,0,0,1
1,0,0,0,1
1,0,0,0,1
1,0,0,0,1
2,0,0,0,2
1,0,0,0,1
1,0,0,0,1
1,0,0,0,1
1,0,0,0,1
1,0,0,0,1
3,2,0,0,5
1,0,0,0,1
1,0,0,0,1
1,0,0,0,1
1,0,0,0,1
1,0,0,0,1
1,0,0,0,1
1,0,0,0,1
1,0,0,0,1
1,6,0,0,7
2,0,0,0,2
1,0,0,0,1
1,0,0,0,1
1,0,0,0,1
2,0,0,0,2
1,0,0,0,1
1,0,0,0,1
1,0,0,0,1
1,0,0,0,1
1,0,0,0,1
1,0,0,0,1
4,0,0,0,4
1,0,0,0,1
1,0,0,0,1
3,0,0,0,3
1,0,0,0,1
1,0,0,0,1
1,0,0,0,1
1,0,0,0,1
2,3,0,0,5
1,0,0,0,1
1,0,0,0,1
1,0,0,0,1
1,0,0,0,1
5,0,0,0,5
1,0,0,0,1
1,0,0,0,1
2,0,0,0,2
1,0,0,0,1
1,0,0,0,1
2,0,0,0,2
1,0,0,0,1
1,0,0,0,1
1,0,0,0,1
1,0,0,0,1
1,0,0,0,1
1,0,0,0,1
2,0,0,0,2
1,0,0,0,1
2,0,0,0,2
1,0,0,0,1
1,0,0,0,1
1,0,0,0,1
1,0,0,0,1
1,0,0,0,1
1,0,0,0,1
1,0,0,0,1
1,0,0,0,1
1,0,0,0,1
1,0,0,0,1
1,0,0,0,1
2,0,0,0,2
2,1,0,0,3
1,0,0,0,1
1,0,0,0,1
1,0,0,0,1
1,0,0,0,1
1,0,0,0,1
1,0,0,0,1
1,0,0,0,1
2,0,0,0,2
1,0,0,0,1
1,0,0,0,1
1,0,0,0,1
3,0,0,0,3
1,9,9,0,19
1,0,0,0,1
1,0,0,0,1
1,0,0,0,1
2,0,0,0,2
4,0,0,0,4
2,0,0,0,2
3,0,0,0,3
1,0,0,0,1
1,2,0,0,3
1,0,0,0,1
1,0,0,0,1
2,0,0,0,2
1,0,0,0,1
2,0,0,0,2
1,0,0,0,1
1,19,0,0,20
1,0,0,0,1
1,0,0,0,1
2,0,0,0,2
1,0,0,0,1
2,1,0,0,3
1,0,0,0,1
1,0,0,0,1
4,0,0,0,4
1,0,0,0,1
1,0,0,0,1
2,1,0,0,3
1,0,0,0,1
1,0,0,0,1
1,0,0,0,1
1,0,0,0,1
1,0,0,0,1
1,0,0,0,1
1,0,0,0,1
1,0,0,0,1
1,0,0,0,1
2,0,0,0,2
1,0,0,0,1
1,0,0,0,1
1,0,0,0,1
1,0,0,0,1
1,0,0,0,1
1,0,0,0,1
1,0,0,0,1
1,0,0,0,1
1,0,0,0,1
1,0,0,0,1
1,0,0,0,1
1,0,0,0,1
1,0,0,0,1
1,0,0,0,1
1,0,0,0,1
2,0,0,0,2
1,0,0,0,1
1,0,0,0,1
1,0,0,0,1
3,0,0,0,3
1,2,1,0,4
2,0,0,0,2
1,0,0,0,1
1,0,0,0,1
1,0,0,0,1
1,0,0,0,1
1,0,0,0,1
1,0,0,0,1
1,0,0,0,1
2,0,0,0,2
2,56,0,0,58
2,1,0,0,3
1,0,0,0,1
2,0,0,0,2
1,0,0,0,1
1,0,0,0,1
1,0,0,0,1
1,0,0,0,1
1,0,0,0,1
1,0,0,0,1
2,0,0,0,2
1,0,0,0,1
1,0,0,0,1
1,0,0,0,1
1,0,0,0,1
1,0,0,0,1
1,0,0,0,1
1,0,0,0,1
1,0,0,0,1
1,0,0,0,1
1,0,0,0,1
1,4,0,0,5
2,0,0,0,2
3,0,0,0,3
2,0,0,0,2
1,0,0,0,1
1,0,0,0,1
1,0,0,0,1
1,0,0,0,1
1,0,0,0,1
1,0,0,0,1
1,0,0,0,1
1,0,0,0,1
1,0,0,0,1
1,0,0,0,1
1,0,0,0,1
1,0,0,0,1
1,0,0,0,1
1,0,0,0,1
1,0,0,0,1
1,0,0,0,1
5,0,0,0,5
4,0,0,0,4
2,0,0,0,2
1,0,0,0,1
1,0,0,0,1
1,0,0,0,1
1,0,0,0,1
1,0,0,0,1
1,0,0,0,1
1,0,0,0,1
5,0,0,0,5
2,0,0,0,2
1,0,0,0,1
1,0,0,0,1
2,0,0,0,2
1,0,0,0,1
1,0,0,0,1
1,0,0,0,1
1,0,0,0,1
1,0,0,0,1
1,0,0,0,1
1,0,0,0,1
1,0,0,0,1
1,0,0,0,1
1,0,0,0,1
1,0,0,0,1
1,0,0,0,1
1,0,0,0,1
1,0,0,0,1
1,0,0,0,1
1,0,0,0,1
1,0,0,0,1
1,0,0,0,1
1,0,0,0,1
1,0,0,0,1
1,2,0,0,3
1,0,0,0,1
1,0,0,0,1
1,0,0,0,1
1,0,0,0,1
1,0,0,0,1
1,0,0,0,1
2,11,0,0,13
1,0,0,0,1
1,0,0,0,1
1,0,0,0,1
1,0,0,0,1
1,0,0,0,1
1,0,0,0,1
1,0,0,0,1
1,0,0,0,1
2,0,0,0,2
2,0,0,0,2
1,0,0,0,1
1,0,0,0,1
1,0,0,0,1
1,0,0,0,1
2,0,0,0,2
1,0,0,0,1
1,0,0,0,1
2,0,0,0,2
1,0,0,0,1
1,0,0,0,1
1,0,0,0,1
1,0,0,0,1
1,0,0,0,1
1,0,0,0,1
1,1,0,0,2
1,0,0,0,1
1,0,0,0,1
1,0,0,0,1
1,0,0,0,1
1,0,0,0,1
1,0,0,0,1
1,0,0,0,1
1,1,0,0,2
1,0,0,0,1
1,0,0,0,1
2,0,0,0,2
1,0,0,0,1
1,0,0,0,1
1,0,0,0,1
2,0,0,0,2
1,0,0,0,1
2,29,0,0,31
1,0,0,0,1
2,0,0,0,2
1,0,0,0,1
1,0,0,0,1
2,0,0,0,2
1,0,0,0,1
1,0,0,0,1
1,0,0,0,1
2,0,0,0,2
1,0,0,0,1
1,0,0,0,1
1,0,0,0,1
2,0,0,0,2
1,0,0,0,1
1,0,0,0,1
1,0,0,0,1
1,0,0,0,1
1,0,0,0,1
1,0,0,0,1
1,0,0,0,1
2,0,0,0,2
2,1,0,0,3
2,0,0,0,2
1,0,0,0,1
1,0,0,0,1
1,0,0,0,1
1,0,0,0,1
1,0,0,0,1
1,0,0,0,1
2,0,0,0,2
1,0,0,0,1
1,0,0,0,1
1,0,0,0,1
1,0,0,0,1
1,0,0,0,1
2,0,0,0,2
1,0,0,0,1
1,0,0,0,1
3,0,0,0,3
1,0,0,0,1
1,0,0,0,1
1,0,0,0,1
1,0,0,0,1
1,0,0,0,1
2,33,0,0,35
1,0,0,0,1
1,0,0,0,1
1,0,0,0,1
1,0,0,0,1
1,0,0,0,1
1,0,0,0,1
2,0,0,0,2
1,0,0,0,1
1,0,0,0,1
1,0,0,0,1
1,0,0,0,1
1,2,0,0,3
2,0,0,0,2
1,0,0,0,1
1,0,0,0,1
1,0,0,0,1
1,0,0,0,1
1,0,0,0,1
1,0,0,0,1
1,0,0,0,1
3,0,0,0,3
3,0,0,0,3
1,0,0,0,1
1,0,0,0,1
1,0,0,0,1
1,0,0,0,1
1,0,0,0,1
1,0,0,0,1
1,0,0,0,1
1,0,0,0,1
1,0,0,0,1
1,0,0,0,1
1,0,0,0,1
1,0,0,0,1
1,0,0,0,1
2,0,0,0,2
1,0,0,0,1
1,0,0,0,1
1,0,0,0,1
2,0,0,0,2
1,0,0,0,1
1,2,0,0,3
1,0,0,0,1
1,0,0,0,1
1,0,0,0,1
1,0,0,0,1
1,0,0,0,1
1,0,0,0,1
1,0,0,0,1
1,0,0,0,1
1,0,0,0,1
1,0,0,0,1
1,0,0,0,1
1,0,0,0,1
1,0,0,0,1
2,0,0,0,2
3,0,0,0,3
1,0,0,0,1
1,0,0,0,1
3,0,0,0,3
1,0,0,0,1
1,0,0,0,1
1,0,0,0,1
1,0,0,0,1
2,0,0,0,2
1,0,0,0,1
1,0,0,0,1
3,0,0,0,3
2,0,0,0,2
1,0,0,0,1
1,0,0,0,1
1,0,0,0,1
1,0,0,0,1
3,0,0,0,3
1,0,0,0,1
1,0,0,0,1
1,0,0,0,1
1,0,0,0,1
1,0,0,0,1
1,0,0,0,1
1,0,0,0,1
1,0,0,0,1
1,0,0,0,1
1,0,0,0,1
1,0,0,0,1
1,0,0,0,1
1,0,0,0,1
1,0,0,0,1
2,0,0,0,2
1,0,0,0,1
1,0,0,0,1
2,0,0,0,2
1,0,0,0,1
1,0,0,0,1
2,0,0,0,2
1,0,0,0,1
1,0,0,0,1
1,0,0,0,1
1,0,0,0,1
1,0,0,0,1
1,0,0,0,1
1,0,0,0,1
2,0,0,0,2
1,0,0,0,1
1,0,0,0,1
1,0,0,0,1
1,0,0,0,1
1,0,0,0,1
1,0,0,0,1
2,0,0,0,2
1,0,0,0,1
1,0,0,0,1
1,0,0,0,1
1,0,0,0,1
1,0,0,0,1
1,0,0,0,1
1,0,0,0,1
1,0,0,0,1
4,0,0,0,4
1,0,0,0,1
1,0,0,0,1
1,0,0,0,1
1,0,0,0,1
1,0,0,0,1
1,0,0,0,1
1,0,0,0,1
1,0,0,0,1
1,0,0,0,1
1,0,0,0,1
1,0,0,0,1
1,0,0,0,1
2,0,0,0,2
1,0,0,0,1
4,0,0,0,4
1,0,0,0,1
1,0,0,0,1
2,0,0,0,2
2,0,0,0,2
1,0,0,0,1
1,0,0,0,1
1,2,0,0,3
1,0,0,0,1
1,0,0,0,1
2,0,0,0,2
1,0,0,0,1
1,0,0,0,1
1,0,0,0,1
1,0,0,0,1
1,0,0,0,1
1,0,0,0,1
1,0,0,0,1
1,0,0,0,1
2,0,0,0,2
2,0,0,0,2
1,0,0,0,1
1,0,0,0,1
1,0,0,0,1
1,0,0,0,1
1,0,0,0,1
4,0,0,0,4
1,0,0,0,1
1,0,0,0,1
1,0,0,0,1
1,0,0,0,1
1,0,0,0,1
1,0,0,0,1
1,0,0,0,1
1,0,0,0,1
1,0,0,0,1
1,0,0,0,1
1,0,0,0,1
1,0,0,0,1
1,0,0,0,1
1,0,0,0,1
1,0,0,0,1
1,0,0,0,1
1,0,0,0,1
1,0,0,0,1
1,0,0,0,1
1,0,0,0,1
1,0,0,0,1
2,0,0,0,2
1,0,0,0,1
1,0,0,0,1
1,0,0,0,1
1,0,0,0,1
1,0,0,0,1
1,0,0,0,1
1,0,0,0,1
1,0,0,0,1
3,0,0,0,3
1,0,0,0,1
1,0,0,0,1
1,0,0,0,1
1,0,0,0,1
1,0,0,0,1
1,0,0,0,1
1,0,0,0,1
1,0,0,0,1
1,0,0,0,1
1,0,0,0,1
1,0,0,0,1
1,0,0,0,1
1,0,0,0,1
1,1,1,0,3
1,0,0,0,1
1,0,0,0,1
1,0,0,0,1
1,0,0,0,1
1,0,0,0,1
3,0,0,0,3
1,0,0,0,1
2,0,0,0,2
1,0,0,0,1
1,0,0,0,1
2,0,2,0,4
1,0,0,0,1
1,0,0,0,1
1,0,0,0,1
1,0,0,0,1
1,0,0,0,1
1,0,0,0,1
1,5,0,0,6
1,3,0,0,4
1,0,0,0,1
1,0,0,0,1
1,0,0,0,1
4,0,0,0,4
1,0,0,0,1
1,0,0,0,1
1,0,0,0,1
1,0,0,0,1
1,0,0,0,1
1,0,0,0,1
1,0,0,0,1
1,0,0,0,1
2,0,0,0,2
2,0,0,0,2
1,0,0,0,1
1,0,0,0,1
1,0,0,0,1
1,0,0,0,1
1,0,0,0,1
1,0,0,0,1
1,0,0,0,1
1,0,0,0,1
1,0,0,0,1
1,0,0,0,1
1,0,0,0,1
1,0,0,0,1
1,0,0,0,1
2,0,0,0,2
1,0,0,0,1
1,0,0,0,1
1,0,0,0,1
1,0,0,0,1
1,0,0,0,1
2,0,0,0,2
1,0,0,0,1
1,0,0,0,1
1,0,0,0,1
1,0,0,0,1
1,0,0,0,1
2,0,0,0,2
1,0,0,0,1
1,0,0,0,1
1,0,0,0,1
1,0,0,0,1
1,0,0,0,1
1,0,0,0,1
2,0,0,0,2
1,0,0,0,1
1,0,0,0,1
1,0,0,0,1
1,0,0,0,1
1,0,0,0,1
1,0,0,0,1
3,0,0,0,3
1,0,0,0,1
1,0,0,0,1
1,0,0,0,1
2,0,0,0,2
2,0,0,0,2
1,0,0,0,1
1,0,0,0,1
1,0,0,0,1
1,0,0,0,1
1,0,0,0,1
1,0,0,0,1
1,0,0,0,1
1,0,0,0,1
1,0,0,0,1
1,0,0,0,1
3,0,0,0,3
1,0,0,0,1
1,0,0,0,1
1,0,0,0,1
2,0,0,0,2
1,0,0,0,1
1,0,0,0,1
1,0,0,0,1
1,0,0,0,1
1,0,0,0,1
1,0,0,0,1
1,0,0,0,1
1,0,0,0,1
2,0,0,0,2
1,0,0,0,1
1,0,0,0,1
1,0,0,0,1
1,0,0,0,1
1,0,0,0,1
1,0,0,0,1
2,0,0,0,2
1,0,0,0,1
2,0,0,0,2
1,0,0,0,1
1,0,0,0,1
2,0,0,0,2
1,0,0,0,1
2,0,0,0,2
1,0,0,0,1
1,0,0,0,1
1,0,0,0,1
1,0,0,0,1
1,0,0,0,1
2,0,0,0,2
1,0,0,0,1
1,0,0,0,1
1,0,0,0,1
1,0,0,0,1
1,0,0,0,1
1,0,0,0,1
1,0,0,0,1
1,57,0,0,58
1,0,0,0,1
1,0,0,0,1
1,0,0,0,1
1,0,0,0,1
1,0,0,0,1
1,0,0,0,1
1,0,0,0,1
1,0,0,0,1
1,0,0,0,1
2,0,0,0,2
2,0,0,0,2
1,0,0,0,1
1,0,0,0,1
1,0,0,0,1
1,0,0,0,1
1,0,0,0,1
1,0,0,0,1
1,0,0,0,1
1,0,0,0,1
1,0,0,0,1
1,0,0,0,1
1,0,0,0,1
1,0,0,0,1
4,0,0,0,4
1,0,0,0,1
3,0,0,0,3
2,0,0,0,2
1,0,0,0,1
1,0,0,0,1
2,0,0,0,2
1,0,0,0,1
1,0,0,0,1
1,0,0,0,1
1,0,0,0,1
4,0,0,0,4
1,0,0,0,1
1,0,0,0,1
1,0,0,0,1
1,0,0,0,1
1,0,0,0,1
3,0,0,0,3
2,0,0,0,2
1,0,0,0,1
1,0,0,0,1
1,0,0,0,1
1,0,0,0,1
1,0,0,0,1
1,0,0,0,1
1,0,0,0,1
1,0,0,0,1
1,0,0,0,1
1,0,0,0,1
1,0,0,0,1
1,0,0,0,1
3,0,0,0,3
1,0,0,0,1
1,0,0,0,1
1,0,0,0,1
1,1,0,0,2
1,0,0,0,1
1,5,0,0,6
2,0,0,0,2
3,0,0,0,3
1,0,0,0,1
1,0,0,0,1
1,0,0,0,1
1,0,0,0,1
1,0,0,0,1
1,0,0,0,1
1,0,0,0,1
2,0,0,0,2
1,0,0,0,1
2,0,0,0,2
1,0,0,0,1
1,0,0,0,1
1,0,0,0,1
2,0,0,0,2
1,0,0,0,1
1,0,0,0,1
1,0,0,0,1
1,0,0,0,1
1,0,0,0,1
2,0,0,0,2
2,0,0,0,2
1,0,0,0,1
1,0,0,0,1
1,0,0,0,1
1,0,0,0,1
1,0,0,0,1
1,0,0,0,1
1,0,0,0,1
2,0,0,0,2
1,0,0,0,1
1,0,0,0,1
1,0,0,0,1
1,0,0,0,1
1,0,0,0,1
1,0,0,0,1
1,0,0,0,1
2,0,0,0,2
1,0,0,0,1
2,0,0,0,2
1,0,0,0,1
1,0,0,0,1
1,0,0,0,1
1,0,0,0,1
1,0,0,0,1
3,0,0,0,3
1,0,0,0,1
1,0,0,0,1
2,0,0,0,2
1,0,0,0,1
1,1,0,0,2
2,0,0,0,2
2,0,0,0,2
3,0,0,0,3
1,0,0,0,1
1,0,0,0,1
1,0,0,0,1
1,0,0,0,1
1,0,0,0,1
1,0,0,0,1
1,0,0,0,1
1,0,0,0,1
1,0,0,0,1
1,0,0,0,1
1,0,0,0,1
2,0,0,0,2
1,0,0,0,1
1,0,0,0,1
1,0,0,0,1
1,0,0,0,1
2,0,0,0,2
1,0,0,0,1
1,0,0,0,1
1,0,0,0,1
1,0,0,0,1
1,0,0,0,1
1,0,0,0,1
1,0,0,0,1
1,0,0,0,1
1,0,0,0,1
2,0,0,0,2
2,0,0,0,2
1,0,0,0,1
1,0,0,0,1
1,0,0,0,1
1,0,0,0,1
1,0,0,0,1
1,0,0,0,1
1,0,0,0,1
1,0,0,0,1
1,0,0,0,1
2,0,0,0,2
1,0,0,0,1
3,0,0,0,3
2,0,0,0,2
1,0,0,0,1
1,0,0,0,1
1,0,0,0,1
1,0,0,0,1
3,0,0,0,3
1,0,0,0,1
1,0,0,0,1
1,0,0,0,1
2,0,0,0,2
1,4,0,0,5
1,0,0,0,1
1,0,0,0,1
1,0,0,0,1
1,0,0,0,1
1,0,0,0,1
1,0,0,0,1
2,0,0,0,2
1,0,0,0,1
1,0,0,0,1
1,0,0,0,1
1,0,0,0,1
1,0,0,0,1
1,0,0,0,1
2,0,0,0,2
1,0,0,0,1
1,0,0,0,1
1,0,0,0,1
1,0,0,0,1
1,0,0,0,1
1,0,0,0,1
1,0,0,0,1
1,0,0,0,1
1,0,0,0,1
1,0,0,0,1
1,0,0,0,1
2,0,0,0,2
1,0,0,0,1
1,0,0,0,1
1,0,0,0,1
1,0,0,0,1
2,0,0,0,2
1,0,0,0,1
1,0,0,0,1
1,0,0,0,1
1,0,0,0,1
1,0,0,0,1
1,0,0,0,1
1,0,0,0,1
2,0,0,0,2
1,0,0,0,1
1,0,0,0,1
1,0,0,0,1
1,0,0,0,1
2,0,0,0,2
5,3,1,0,9
2,0,0,0,2
1,0,0,0,1
1,0,0,0,1
2,0,0,0,2
1,0,0,0,1
1,0,0,0,1
1,0,0,0,1
1,0,0,0,1
2,0,0,0,2
1,0,0,0,1
1,0,0,0,1
1,0,0,0,1
1,0,0,0,1
1,0,0,0,1
2,0,0,0,2
1,0,0,0,1
1,0,0,0,1
1,0,0,0,1
1,0,0,0,1
1,0,0,0,1
1,0,0,0,1
1,0,0,0,1
1,0,0,0,1
1,0,0,0,1
1,0,0,0,1
1,0,0,0,1
1,0,0,0,1
1,0,0,0,1
1,0,0,0,1
1,0,0,0,1
2,0,0,0,2
1,0,0,0,1
1,0,0,0,1
2,0,0,0,2
1,0,0,0,1
1,0,0,0,1
1,9,0,0,10
2,0,0,0,2
1,0,0,0,1
1,0,0,0,1
1,0,0,0,1
1,0,0,0,1
1,0,0,0,1
1,0,0,0,1
2,1,0,0,3
1,0,0,0,1
2,0,0,0,2
1,0,0,0,1
1,0,0,0,1
1,0,0,0,1
1,1,0,0,2
1,0,0,0,1
2,0,0,0,2
1,0,0,0,1
2,45,0,0,47
1,27,0,0,28
7,0,0,0,7
1,0,0,0,1
1,0,0,0,1
1,0,0,0,1
1,0,0,0,1
1,0,0,0,1
1,0,0,0,1
1,0,0,0,1
2,0,0,0,2
1,0,0,0,1
1,0,0,0,1
1,0,0,0,1
1,0,0,0,1
1,0,0,0,1
1,0,0,0,1
1,0,0,0,1
1,0,0,0,1
1,0,0,0,1
1,0,0,0,1
2,0,0,0,2
1,0,0,0,1
1,0,0,0,1
3,0,0,0,3
1,0,0,0,1
1,0,0,0,1
5,0,0,0,5
1,0,0,0,1
1,0,0,0,1
1,0,0,0,1
1,0,0,0,1
1,0,0,0,1
1,0,0,0,1
1,0,0,0,1
1,0,0,0,1
1,0,0,0,1
2,0,0,0,2
1,0,0,0,1
1,0,0,0,1
1,39,0,0,40
1,0,0,0,1
1,0,0,0,1
1,0,0,0,1
1,0,0,0,1
1,0,0,0,1
1,0,1,0,2
1,0,0,0,1
1,0,0,0,1
1,0,0,0,1
1,0,0,0,1
1,0,0,0,1
2,0,0,0,2
1,0,0,0,1
1,0,0,0,1
1,0,0,0,1
1,0,0,0,1
1,0,0,0,1
1,0,0,0,1
2,0,0,0,2
1,0,0,0,1
1,0,0,0,1
1,0,0,0,1
1,0,0,0,1
1,0,0,0,1
1,0,0,0,1
1,0,0,0,1
4,0,0,0,4
1,0,0,0,1
1,0,0,0,1
1,0,0,0,1
1,0,0,0,1
1,0,0,0,1
1,0,0,0,1
2,0,0,0,2
1,0,0,0,1
1,0,0,0,1
1,0,0,0,1
2,2,0,0,4
1,0,0,0,1
1,0,0,0,1
2,0,0,0,2
1,0,0,0,1
2,0,0,0,2
1,0,0,0,1
1,0,0,0,1
1,0,0,0,1
1,0,0,0,1
1,0,0,0,1
1,0,0,0,1
1,0,0,0,1
1,0,0,0,1
1,0,0,0,1
1,0,0,0,1
1,0,0,0,1
1,0,0,0,1
1,0,0,0,1
3,0,0,0,3
1,1,0,0,2
1,1,0,0,2
1,0,0,0,1
1,0,0,0,1
2,0,0,0,2
1,0,0,0,1
1,0,0,0,1
1,0,0,0,1
1,7,2,0,10
1,0,0,0,1
1,0,0,0,1
1,0,0,0,1
2,0,0,0,2
1,0,0,0,1
1,0,0,0,1
1,0,0,0,1
1,0,0,0,1
1,0,0,0,1
1,0,0,0,1
1,0,0,0,1
1,0,0,0,1
1,0,0,0,1
2,0,0,0,2
1,0,0,0,1
3,0,0,0,3
2,0,0,0,2
1,0,0,0,1
2,0,0,0,2
1,0,0,0,1
1,0,0,0,1
1,0,0,0,1
1,0,0,0,1
1,0,0,0,1
1,0,0,0,1
2,0,0,0,2
1,0,0,0,1
2,0,0,0,2
1,0,0,0,1
1,0,0,0,1
3,0,0,0,3
1,0,0,0,1
1,0,0,0,1
1,0,0,0,1
1,0,0,0,1
1,0,0,0,1
3,0,0,0,3
1,0,0,0,1
1,0,0,0,1
1,0,0,0,1
1,0,0,0,1
2,0,0,0,2
2,0,0,0,2
1,0,0,0,1
2,0,0,0,2
3,0,0,0,3
2,0,0,0,2
5,1,0,0,6
1,0,0,0,1
1,0,0,0,1
1,0,0,0,1
1,0,0,0,1
2,0,0,0,2
1,0,0,0,1
2,0,0,0,2
1,0,0,0,1
1,0,0,0,1
1,0,0,0,1
1,0,0,0,1
1,0,0,0,1
1,0,0,0,1
1,0,0,0,1
3,0,0,0,3
1,8,0,0,9
1,0,0,0,1
1,0,0,0,1
1,0,0,0,1
1,0,0,0,1
1,0,0,0,1
1,0,0,0,1
1,0,0,0,1
1,0,0,0,1
1,0,0,0,1
2,0,0,0,2
1,0,0,0,1
1,0,0,0,1
1,0,0,0,1
1,0,0,0,1
1,0,0,0,1
2,0,0,0,2
1,0,0,0,1
1,0,0,0,1
1,0,0,0,1
1,0,0,0,1
1,0,0,0,1
1,0,0,0,1
1,0,0,0,1
1,0,0,0,1
1,0,0,0,1
1,0,0,0,1
2,0,0,0,2
1,0,0,0,1
1,0,0,0,1
1,0,0,0,1
1,0,0,0,1
1,0,0,0,1
1,0,0,0,1
2,0,0,0,2
1,0,0,0,1
1,0,0,0,1
1,0,0,0,1
1,0,0,0,1
2,0,0,0,2
1,0,0,0,1
1,0,0,0,1
1,0,0,0,1
1,0,0,0,1
1,0,0,0,1
1,0,0,0,1
1,0,0,0,1
1,0,0,0,1
1,0,0,0,1
1,0,0,0,1
1,0,0,0,1
2,0,0,0,2
1,0,0,0,1
1,0,0,0,1
1,0,0,0,1
1,0,0,0,1
1,0,0,0,1
1,0,0,0,1
1,0,0,0,1
1,0,0,0,1
1,0,0,0,1
1,0,0,0,1
1,0,0,0,1
1,0,0,0,1
1,0,0,0,1
1,0,0,0,1
1,0,0,0,1
1,0,0,0,1
1,0,0,0,1
1,0,0,0,1
1,0,0,0,1
1,0,0,0,1
1,0,0,0,1
1,0,0,0,1
1,0,0,0,1
1,0,0,0,1
1,0,0,0,1
2,0,0,0,2
1,0,0,0,1
1,0,0,0,1
1,0,0,0,1
1,0,0,0,1
1,0,0,0,1
1,0,0,0,1
1,0,0,0,1
3,0,0,0,3
1,0,0,0,1
1,0,0,0,1
2,0,0,0,2
2,0,0,0,2
1,0,0,0,1
3,0,0,0,3
1,0,0,0,1
1,0,0,0,1
1,0,0,0,1
1,0,0,0,1
1,0,0,0,1
1,0,0,0,1
1,0,0,0,1
1,0,0,0,1
1,0,0,0,1
1,0,0,0,1
1,8,0,0,9
1,0,0,0,1
1,0,0,0,1
1,0,0,0,1
1,0,0,0,1
1,0,0,0,1
1,0,0,0,1
1,0,0,0,1
1,0,0,0,1
1,0,0,0,1
1,0,0,0,1
1,2,0,0,3
2,2,0,0,4
1,0,0,0,1
2,2,0,0,4
1,0,0,0,1
1,0,0,0,1
1,0,0,0,1
1,0,0,0,1
1,0,0,0,1
1,0,0,0,1
1,0,0,0,1
1,0,0,0,1
1,0,0,0,1
1,0,0,0,1
1,0,0,0,1
1,0,0,0,1
1,0,0,0,1
1,0,0,0,1
1,0,0,0,1
1,0,0,0,1
1,0,0,0,1
1,0,0,0,1
1,0,0,0,1
1,0,0,0,1
1,0,0,0,1
3,0,0,0,3
1,0,0,0,1
2,0,0,0,2
1,0,0,0,1
1,0,0,0,1
2,0,0,0,2
1,0,0,0,1
1,0,0,0,1
1,0,0,0,1
1,0,0,0,1
1,0,0,0,1
2,0,0,0,2
1,0,0,0,1
1,0,0,0,1
1,0,0,0,1
1,0,0,0,1
1,5,1,0,7
1,0,0,0,1
1,0,0,0,1
1,0,0,0,1
1,0,0,0,1
1,0,0,0,1
1,0,0,0,1
1,0,0,0,1
1,0,0,0,1
1,0,0,0,1
2,0,0,0,2
1,0,0,0,1
1,0,0,0,1
1,0,0,0,1
1,0,0,0,1
2,0,0,0,2
1,0,0,0,1
1,0,0,0,1
1,0,0,0,1
1,0,0,0,1
1,0,0,0,1
1,0,0,0,1
1,0,0,0,1
1,0,0,0,1
3,0,0,0,3
1,0,0,0,1
1,0,0,0,1
1,0,0,0,1
1,0,0,0,1
1,0,0,0,1
1,0,0,0,1
1,0,0,0,1
1,0,0,0,1
1,0,0,0,1
2,0,0,0,2
3,0,0,0,3
1,0,0,0,1
1,0,0,0,1
1,0,0,0,1
1,0,0,0,1
1,0,0,0,1
1,0,0,0,1
1,0,0,0,1
1,0,0,0,1
2,0,0,0,2
1,0,0,0,1
1,0,0,0,1
1,0,0,0,1
2,0,0,0,2
1,0,0,0,1
1,0,0,0,1
1,0,0,0,1
2,0,0,0,2
1,0,0,0,1
1,0,0,0,1
1,0,0,0,1
2,0,0,0,2
2,0,0,0,2
1,0,0,0,1
2,0,0,0,2
1,0,0,0,1
1,0,0,0,1
1,0,0,0,1
1,0,0,0,1
1,0,0,0,1
1,0,0,0,1
3,0,0,0,3
1,0,0,0,1
1,0,0,0,1
2,0,0,0,2
1,0,0,0,1
1,0,0,0,1
1,0,0,0,1
1,0,0,0,1
1,0,0,0,1
2,0,0,0,2
2,2,0,0,4
1,0,0,0,1
1,0,0,0,1
1,0,0,0,1
1,0,0,0,1
1,0,0,0,1
1,0,0,0,1
1,0,0,0,1
1,0,0,0,1
1,0,0,0,1
1,0,0,0,1
2,0,0,0,2
1,1,0,0,2
1,0,0,0,1
1,0,0,0,1
1,0,0,0,1
1,0,0,0,1
1,0,0,0,1
1,2,0,0,3
1,0,0,0,1
1,0,0,0,1
1,41,0,0,42
2,0,0,0,2
1,0,0,0,1
1,0,0,0,1
1,0,0,0,1
1,0,0,0,1
1,0,0,0,1
1,0,0,0,1
1,0,0,0,1
1,0,0,0,1
1,0,0,0,1
1,0,0,0,1
2,0,0,0,2
1,0,0,0,1
1,0,0,0,1
1,0,0,0,1
1,0,0,0,1
1,0,0,0,1
1,0,0,0,1
1,0,0,0,1
1,0,0,0,1
1,0,0,0,1
2,0,0,0,2
1,0,0,0,1
1,0,0,0,1
1,0,0,0,1
1,0,0,0,1
1,0,0,0,1
2,0,0,0,2
1,0,0,0,1
1,0,0,0,1
6,0,0,0,6
1,0,0,0,1
1,0,0,0,1
1,0,0,0,1
1,0,0,0,1
1,0,0,0,1
1,0,0,0,1
1,0,0,0,1
2,3,1,0,6
3,0,0,0,3
1,0,0,0,1
1,0,0,0,1
1,0,0,0,1
1,0,0,0,1
1,0,0,0,1
1,0,0,0,1
1,0,0,0,1
1,0,0,0,1
1,0,0,0,1
3,2,2,0,7
1,0,0,0,1
1,0,0,0,1
1,0,0,0,1
1,0,0,0,1
1,0,0,0,1
1,0,0,0,1
1,0,0,0,1
1,0,0,0,1
1,0,0,0,1
1,0,0,0,1
1,0,0,0,1
4,0,0,0,4
1,0,0,0,1
1,0,0,0,1
2,0,0,0,2
1,0,0,0,1
1,0,0,0,1
1,0,0,0,1
1,0,0,0,1
1,0,0,0,1
2,0,0,0,2
2,0,0,0,2
1,0,0,0,1
1,0,0,0,1
1,0,0,0,1
1,0,0,0,1
1,0,0,0,1
1,0,0,0,1
1,0,0,0,1
1,0,0,0,1
1,2,0,0,3
1,0,0,0,1
1,0,0,0,1
1,0,0,0,1
1,0,0,0,1
1,0,0,0,1
1,0,0,0,1
1,0,0,0,1
1,0,0,0,1
1,0,0,0,1
1,0,0,0,1
1,0,0,0,1
2,0,0,0,2
1,0,0,0,1
1,0,0,0,1
1,0,0,0,1
1,3,0,0,4
1,0,0,0,1
2,0,0,0,2
1,0,0,0,1
1,0,0,0,1
1,0,0,0,1
1,0,0,0,1
1,0,0,0,1
2,0,0,0,2
1,0,0,0,1
2,0,0,0,2
1,0,0,0,1
2,20,0,0,22
1,0,0,0,1
1,0,0,0,1
2,0,0,0,2
1,0,0,0,1
1,0,0,0,1
1,0,0,0,1
1,0,0,0,1
1,0,0,0,1
1,0,0,0,1
4,0,0,0,4
1,0,0,0,1
1,0,0,0,1
1,0,0,0,1
1,0,0,0,1
1,0,0,0,1
1,0,0,0,1
1,0,0,0,1
1,0,0,0,1
1,0,0,0,1
2,0,0,0,2
1,0,0,0,1
1,0,0,0,1
1,0,0,0,1
1,0,0,0,1
1,0,0,0,1
1,0,0,0,1
1,0,0,0,1
1,0,0,0,1
1,0,0,0,1
1,0,0,0,1
2,0,0,0,2
1,0,0,0,1
1,1,0,0,2
1,0,0,0,1
1,0,0,0,1
1,0,0,0,1
1,0,0,0,1
1,0,0,0,1
1,0,0,0,1
1,0,0,0,1
1,0,0,0,1
3,0,0,0,3
1,0,0,0,1
1,0,0,0,1
1,0,0,0,1
2,0,0,0,2
1,0,0,0,1
1,0,0,0,1
3,0,0,0,3
1,0,0,0,1
1,0,0,0,1
1,0,0,0,1
1,0,0,0,1
2,0,0,0,2
1,0,0,0,1
1,0,0,0,1
1,0,0,0,1
1,0,0,0,1
1,0,0,0,1
1,0,0,0,1
1,0,0,0,1
2,0,0,0,2
2,0,0,0,2
1,0,0,0,1
1,0,0,0,1
1,0,0,0,1
1,0,0,0,1
3,0,0,0,3
1,0,0,0,1
2,1,0,0,3
1,0,0,0,1
1,0,0,0,1
1,0,0,0,1
2,0,0,0,2
1,0,0,0,1
2,0,0,0,2
1,0,0,0,1
1,0,0,0,1
1,0,0,0,1
1,0,0,0,1
1,0,0,0,1
1,0,0,0,1
1,0,0,0,1
1,0,0,0,1
1,0,0,0,1
1,0,0,0,1
1,0,0,0,1
2,6,1,0,9
2,0,0,0,2
1,0,0,0,1
1,172,0,0,173
1,0,0,0,1
1,0,0,0,1
1,0,0,0,1
2,0,0,0,2
1,0,0,0,1
1,0,0,0,1
2,0,0,0,2
1,0,0,0,1
1,0,0,0,1
2,0,0,0,2
1,0,0,0,1
1,0,0,0,1
1,0,0,0,1
1,0,0,0,1
1,0,0,0,1
2,0,0,0,2
1,0,0,0,1
1,0,0,0,1
1,0,0,0,1
2,0,0,0,2
1,0,0,0,1
1,0,0,0,1
1,0,0,0,1
1,0,0,0,1
1,0,0,0,1
2,0,0,0,2
1,0,0,0,1
1,0,0,0,1
1,0,0,0,1
1,0,0,0,1
1,0,0,0,1
1,0,0,0,1
1,0,0,0,1
1,0,0,0,1
1,0,0,0,1
1,0,0,0,1
1,0,0,0,1
1,0,0,0,1
1,0,0,0,1
1,0,0,0,1
1,0,0,0,1
1,0,0,0,1
1,0,0,0,1
1,0,0,0,1
1,0,0,0,1
1,0,0,0,1
1,0,0,0,1
1,0,0,0,1
1,0,0,0,1
1,15,0,0,16
1,0,0,0,1
1,0,0,0,1
1,0,0,0,1
1,0,0,0,1
1,0,0,0,1
1,0,0,0,1
1,0,0,0,1
1,0,0,0,1
1,0,0,0,1
1,0,0,0,1
1,0,0,0,1
1,0,0,0,1
1,0,0,0,1
1,0,0,0,1
1,0,0,0,1
1,0,0,0,1
2,0,0,0,2
1,0,0,0,1
1,0,0,0,1
1,0,0,0,1
1,0,0,0,1
4,0,0,0,4
1,0,0,0,1
2,0,0,0,2
1,0,0,0,1
1,0,0,0,1
1,0,0,0,1
1,0,0,0,1
1,0,0,0,1
3,14,0,0,17
1,0,0,0,1
1,0,0,0,1
1,2,0,0,3
1,0,0,0,1
2,0,0,0,2
1,0,0,0,1
1,0,0,0,1
1,0,0,0,1
1,0,0,0,1
1,0,0,0,1
1,0,0,0,1
2,0,0,0,2
1,0,0,0,1
1,0,0,0,1
2,0,0,0,2
1,0,0,0,1
1,0,0,0,1
1,0,0,0,1
1,0,0,0,1
1,0,0,0,1
1,0,0,0,1
1,0,0,0,1
2,0,0,0,2
2,0,0,0,2
1,0,0,0,1
1,0,0,0,1
1,0,0,0,1
1,0,0,0,1
2,0,0,0,2
2,0,0,0,2
1,0,0,0,1
1,0,0,0,1
1,0,0,0,1
2,0,0,0,2
1,0,0,0,1
1,0,0,0,1
1,0,0,0,1
1,0,0,0,1
1,0,0,0,1
2,1,1,0,4
2,0,0,0,2
1,0,0,0,1
1,0,0,0,1
1,0,0,0,1
1,0,0,0,1
1,0,0,0,1
1,0,0,0,1
1,0,0,0,1
1,0,0,0,1
2,0,0,0,2
1,0,0,0,1
1,0,0,0,1
1,0,0,0,1
1,0,0,0,1
2,3,1,0,6
3,0,0,0,3
1,0,0,0,1
1,0,0,0,1
1,0,0,0,1
1,0,0,0,1
3,0,0,0,3
2,0,0,0,2
1,0,0,0,1
1,2,0,0,3
1,0,0,0,1
1,0,0,0,1
1,0,0,0,1
2,0,0,0,2
1,0,0,0,1
1,0,0,0,1
1,0,0,0,1
4,2,0,0,6
2,0,0,0,2
2,0,0,0,2
1,0,0,0,1
1,0,0,0,1
1,0,0,0,1
1,0,0,0,1
1,0,0,0,1
2,0,0,0,2
1,0,0,0,1
1,0,0,0,1
1,0,0,0,1
1,0,0,0,1
1,0,0,0,1
1,0,0,0,1
1,0,0,0,1
1,0,0,0,1
1,0,0,0,1
2,0,0,0,2
3,0,0,0,3
1,0,0,0,1
1,0,0,0,1
1,0,0,0,1
1,0,0,0,1
1,0,0,0,1
1,0,0,0,1
1,0,0,0,1
1,0,0,0,1
1,0,0,0,1
2,0,0,0,2
1,0,0,0,1
1,0,0,0,1
2,0,0,0,2
1,0,0,0,1
1,0,0,0,1
1,0,0,0,1
1,0,0,0,1
1,0,0,0,1
1,0,0,0,1
1,0,0,0,1
1,0,0,0,1
1,0,0,0,1
1,0,0,0,1
1,0,0,0,1
1,0,0,0,1
1,0,0,0,1
1,0,0,0,1
1,0,0,0,1
1,0,0,0,1
1,0,0,0,1
1,0,0,0,1
5,0,0,0,5
1,0,0,0,1
1,0,0,0,1
1,0,0,0,1
1,0,0,0,1
2,0,0,0,2
1,0,0,0,1
1,0,0,0,1
1,0,0,0,1
1,0,0,0,1
1,0,0,0,1
3,0,0,0,3
1,0,0,0,1
1,0,0,0,1
1,0,0,0,1
1,0,0,0,1
1,0,0,0,1
1,0,0,0,1
1,0,0,0,1
1,0,0,0,1
1,0,0,0,1
1,0,0,0,1
1,0,0,0,1
1,0,0,0,1
1,0,0,0,1
1,0,0,0,1
1,0,0,0,1
4,0,0,0,4
1,0,0,0,1
1,0,0,0,1
1,0,0,0,1
1,0,0,0,1
1,0,0,0,1
1,0,0,0,1
1,1,0,0,2
1,0,0,0,1
1,0,0,0,1
1,0,0,0,1
2,8,0,0,10
1,0,0,0,1
1,0,0,0,1
1,0,0,0,1
2,0,0,0,2
1,0,0,0,1
2,0,0,0,2
1,0,0,0,1
1,0,0,0,1
2,0,0,0,2
1,1,1,0,3
2,1,0,0,3
1,0,0,0,1
1,0,0,0,1
1,0,0,0,1
1,0,0,0,1
1,0,0,0,1
1,0,0,0,1
1,0,0,0,1
1,0,0,0,1
1,0,0,0,1
1,0,0,0,1
2,0,0,0,2
1,0,0,0,1
1,0,0,0,1
1,0,0,0,1
1,0,0,0,1
1,1,0,0,2
2,0,0,0,2
1,0,0,0,1
1,0,0,0,1
2,0,0,0,2
1,0,0,0,1
1,0,0,0,1
1,0,0,0,1
1,0,0,0,1
1,0,0,0,1
2,0,0,0,2
1,0,0,0,1
1,0,0,0,1
1,0,0,0,1
1,0,0,0,1
1,0,0,0,1
1,0,0,0,1
1,0,0,0,1
2,0,0,0,2
1,0,0,0,1
1,0,0,0,1
2,0,0,0,2
1,0,0,0,1
1,0,0,0,1
1,0,0,0,1
1,0,0,0,1
1,0,0,0,1
1,0,0,0,1
1,0,0,0,1
1,0,0,0,1
1,0,0,0,1
2,0,0,0,2
2,0,0,0,2
1,0,0,0,1
1,0,0,0,1
1,0,0,0,1
1,0,0,0,1
1,0,0,0,1
1,0,0,0,1
2,0,0,0,2
1,0,0,0,1
1,0,0,0,1
2,0,0,0,2
1,0,0,0,1
1,0,0,0,1
1,0,0,0,1
1,0,0,0,1
1,0,0,0,1
1,0,0,0,1
1,0,0,0,1
1,0,0,0,1
1,0,0,0,1
2,0,0,0,2
1,0,0,0,1
1,0,0,0,1
1,0,0,0,1
1,0,0,0,1
1,0,0,0,1
1,0,0,0,1
1,0,0,0,1
1,0,0,0,1
1,0,0,0,1
1,0,0,0,1
1,0,0,0,1
1,0,0,0,1
1,0,0,0,1
4,0,0,0,4
2,0,0,0,2
1,0,0,0,1
2,0,0,0,2
1,0,0,0,1
1,0,0,0,1
1,0,0,0,1
1,0,0,0,1
1,0,0,0,1
1,0,0,0,1
1,0,0,0,1
1,0,0,0,1
1,0,0,0,1
3,0,0,0,3
1,0,0,0,1
1,0,0,0,1
1,6,0,0,7
1,0,0,0,1
1,0,0,0,1
1,0,0,0,1
2,0,0,0,2
1,0,0,0,1
1,0,0,0,1
1,633,0,0,634
1,0,0,0,1
1,0,0,0,1
1,1,1,0,3
1,0,0,0,1
2,0,0,0,2
1,0,0,0,1
1,0,0,0,1
1,0,0,0,1
1,0,0,0,1
2,0,0,0,2
1,0,0,0,1
1,0,0,0,1
1,0,0,0,1
1,0,0,0,1
1,0,0,0,1
1,0,0,0,1
1,0,0,0,1
1,0,0,0,1
1,0,0,0,1
1,0,0,0,1
1,0,0,0,1
1,0,0,0,1
1,0,0,0,1
1,2,0,0,3
1,0,0,0,1
1,0,0,0,1
4,0,0,0,4
1,0,0,0,1
1,0,0,0,1
1,0,0,0,1
1,0,0,0,1
1,0,0,0,1
1,0,0,0,1
1,0,0,0,1
1,0,0,0,1
1,0,0,0,1
1,0,0,0,1
1,0,0,0,1
1,0,0,0,1
1,0,0,0,1
1,0,0,0,1
1,0,0,0,1
1,0,0,0,1
1,0,0,0,1
1,0,0,0,1
1,0,0,0,1
1,0,0,0,1
1,2,0,0,3
1,0,0,0,1
1,0,0,0,1
1,0,0,0,1
1,0,0,0,1
1,0,0,0,1
1,0,0,0,1
1,0,0,0,1
2,0,0,0,2
1,0,0,0,1
1,0,0,0,1
1,0,0,0,1
1,0,0,0,1
1,0,0,0,1
2,0,0,0,2
1,0,0,0,1
3,0,0,0,3
1,0,0,0,1
1,0,0,0,1
1,0,0,0,1
1,0,0,0,1
2,0,0,0,2
1,0,0,0,1
1,0,0,0,1
1,0,0,0,1
6,0,0,0,6
1,0,0,0,1
1,0,0,0,1
2,0,0,0,2
2,0,0,0,2
1,0,0,0,1
3,1,0,0,4
1,0,0,0,1
1,0,0,0,1
1,0,0,0,1
1,0,0,0,1
1,0,0,0,1
1,0,0,0,1
2,0,0,0,2
1,0,0,0,1
1,0,0,0,1
1,0,0,0,1
1,0,0,0,1
1,0,0,0,1
1,0,0,0,1
1,0,0,0,1
1,0,0,0,1
1,0,0,0,1
2,14,0,0,16
1,0,0,0,1
1,0,0,0,1
1,0,0,0,1
1,0,0,0,1
1,0,0,0,1
1,0,0,0,1
1,0,0,0,1
1,2,0,0,3
1,1,0,0,2
1,0,0,0,1
1,0,0,0,1
1,0,0,0,1
1,0,0,0,1
1,0,0,0,1
1,1,0,0,2
1,0,0,0,1
1,0,0,0,1
2,0,0,0,2
3,0,0,0,3
1,0,0,0,1
4,0,0,0,4
1,0,0,0,1
1,0,0,0,1
2,0,0,0,2
2,0,0,0,2
1,0,0,0,1
3,0,0,0,3
1,0,0,0,1
1,0,0,0,1
1,0,0,0,1
1,0,0,0,1
1,0,0,0,1
1,0,0,0,1
1,0,0,0,1
1,0,0,0,1
1,0,0,0,1
1,0,0,0,1
1,0,0,0,1
1,0,0,0,1
1,0,0,0,1
1,0,0,0,1
1,0,0,0,1
1,0,0,0,1
1,0,0,0,1
1,0,0,0,1
1,0,0,0,1
1,0,0,0,1
1,0,0,0,1
1,0,0,0,1
1,0,0,0,1
1,0,0,0,1
1,0,0,0,1
1,0,0,0,1
1,0,0,0,1
2,0,0,0,2
1,0,0,0,1
4,0,0,0,4
1,0,0,0,1
1,0,0,0,1
1,0,0,0,1
2,0,0,0,2
2,0,0,0,2
2,0,0,0,2
1,0,0,0,1
1,0,0,0,1
2,0,0,0,2
1,0,0,0,1
1,0,0,0,1
1,0,0,0,1
1,0,0,0,1
1,0,0,0,1
1,0,0,0,1
1,0,0,0,1
1,1,0,0,2
1,1,0,0,2
1,0,0,0,1
1,0,0,0,1
1,0,0,0,1
1,0,0,0,1
3,0,0,0,3
2,0,0,0,2
1,0,0,0,1
1,0,0,0,1
1,0,0,0,1
1,0,0,0,1
1,0,0,0,1
1,0,0,0,1
1,0,0,0,1
1,0,0,0,1
1,0,0,0,1
1,0,0,0,1
2,0,0,0,2
1,0,0,0,1
2,0,0,0,2
1,0,0,0,1
1,0,0,0,1
1,0,0,0,1
1,0,0,0,1
1,0,0,0,1
1,0,0,0,1
2,0,0,0,2
1,0,0,0,1
1,0,0,0,1
1,0,0,0,1
1,0,0,0,1
1,0,0,0,1
1,0,0,0,1
1,0,0,0,1
1,0,0,0,1
2,0,0,0,2
2,0,0,0,2
1,0,0,0,1
1,0,0,0,1
1,0,0,0,1
1,0,0,0,1
1,0,0,0,1
1,0,0,0,1
1,0,0,0,1
1,0,0,0,1
1,0,0,0,1
1,0,0,0,1
1,0,0,0,1
1,0,0,0,1
1,0,0,0,1
1,0,0,0,1
1,0,0,0,1
1,0,0,0,1
2,0,0,0,2
1,0,0,0,1
1,0,0,0,1
1,0,0,0,1
1,0,0,0,1
2,0,0,0,2
1,0,0,0,1
1,0,0,0,1
1,0,0,0,1
4,1,0,0,5
1,1,0,0,2
2,0,0,0,2
3,0,0,0,3
1,0,0,0,1
1,0,0,0,1
1,0,0,0,1
1,0,0,0,1
1,0,0,0,1
1,0,0,0,1
1,0,0,0,1
1,0,0,0,1
1,0,0,0,1
1,0,0,0,1
2,0,0,0,2
7,0,0,0,7
1,0,0,0,1
1,0,0,0,1
1,0,0,0,1
2,0,0,0,2
1,0,0,0,1
1,0,0,0,1
2,0,0,0,2
1,0,0,0,1
1,0,0,0,1
1,0,0,0,1
1,0,0,0,1
1,0,0,0,1
1,0,0,0,1
3,0,0,0,3
4,0,0,0,4
1,0,0,0,1
1,0,0,0,1
1,0,0,0,1
1,0,0,0,1
1,0,0,0,1
2,0,0,0,2
1,0,0,0,1
1,0,0,0,1
2,0,0,0,2
4,0,0,0,4
1,0,0,0,1
1,0,0,0,1
1,0,0,0,1
1,0,0,0,1
2,0,0,0,2
1,0,0,0,1
1,0,0,0,1
1,0,0,0,1
1,0,0,0,1
1,0,0,0,1
1,0,0,0,1
1,0,0,0,1
1,0,0,0,1
1,0,0,0,1
1,0,0,0,1
1,0,0,0,1
1,0,0,0,1
1,0,0,0,1
1,0,0,0,1
1,0,0,0,1
1,0,0,0,1
1,0,0,0,1
1,0,0,0,1
1,0,0,0,1
1,0,0,0,1
1,0,0,0,1
2,0,0,0,2
1,0,0,0,1
1,0,0,0,1
1,0,0,0,1
1,0,0,0,1
1,0,0,0,1
2,0,0,0,2
1,0,0,0,1
1,0,0,0,1
4,0,0,0,4
1,0,0,0,1
1,0,0,0,1
1,0,0,0,1
1,0,0,0,1
1,0,0,0,1
1,0,0,0,1
1,0,0,0,1
2,0,0,0,2
1,0,0,0,1
1,0,0,0,1
1,0,0,0,1
1,0,0,0,1
1,0,0,0,1
1,0,0,0,1
1,0,0,0,1
1,0,0,0,1
1,0,0,0,1
1,0,0,0,1
2,0,0,0,2
2,0,0,0,2
3,0,0,0,3
1,0,0,0,1
2,0,0,0,2
1,0,0,0,1
1,0,0,0,1
1,0,0,0,1
1,0,0,0,1
1,0,0,0,1
2,0,0,0,2
1,0,0,0,1
1,0,0,0,1
1,0,0,0,1
1,0,0,0,1
1,0,0,0,1
1,0,0,0,1
1,1,1,0,3
2,0,0,0,2
1,0,0,0,1
1,0,0,0,1
1,0,0,0,1
1,0,0,0,1
1,0,0,0,1
1,0,0,0,1
1,0,0,0,1
1,0,0,0,1
1,0,0,0,1
2,0,0,0,2
2,0,0,0,2
1,0,0,0,1
1,0,0,0,1
1,0,0,0,1
1,0,0,0,1
1,0,0,0,1
1,0,0,0,1
1,0,0,0,1
1,0,0,0,1
1,0,0,0,1
1,1,0,0,2
1,0,0,0,1
2,0,0,0,2
1,0,0,0,1
1,0,0,0,1
1,0,0,0,1
1,0,0,0,1
3,0,0,0,3
2,0,0,0,2
1,0,0,0,1
1,0,0,0,1
1,0,0,0,1
1,0,0,0,1
2,0,0,0,2
2,0,0,0,2
1,0,0,0,1
2,0,0,0,2
2,0,0,0,2
1,0,0,0,1
1,0,0,0,1
1,0,0,0,1
2,0,0,0,2
1,0,0,0,1
1,0,0,0,1
1,0,0,0,1
1,0,0,0,1
1,0,0,0,1
1,0,0,0,1
1,0,0,0,1
1,0,0,0,1
1,0,0,0,1
1,0,0,0,1
1,0,0,0,1
1,0,0,0,1
2,0,0,0,2
1,0,0,0,1
2,0,0,0,2
1,0,0,0,1
1,0,0,0,1
1,0,0,0,1
1,0,0,0,1
3,0,0,0,3
1,0,0,0,1
1,0,0,0,1
3,0,0,0,3
3,0,0,0,3
1,0,0,0,1
1,0,0,0,1
1,0,0,0,1
1,0,0,0,1
1,0,0,0,1
1,0,0,0,1
1,0,0,0,1
1,0,0,0,1
1,0,0,0,1
1,0,0,0,1
1,0,0,0,1
1,0,0,0,1
5,0,0,0,5
1,0,0,0,1
1,0,0,0,1
1,1,0,0,2
1,0,0,0,1
1,0,0,0,1
1,0,0,0,1
1,0,0,0,1
1,0,0,0,1
2,0,0,0,2
1,0,0,0,1
2,0,0,0,2
1,0,0,0,1
1,0,0,0,1
3,6,0,0,9
2,0,0,0,2
1,0,0,0,1
3,0,0,0,3
2,0,0,0,2
1,0,0,0,1
1,0,0,0,1
2,0,0,0,2
2,1,0,0,3
1,0,0,0,1
1,0,0,0,1
1,0,0,0,1
1,0,0,0,1
1,0,0,0,1
1,0,0,0,1
1,0,0,0,1
1,0,0,0,1
1,0,0,0,1
1,0,0,0,1
1,0,0,0,1
1,0,0,0,1
1,0,0,0,1
2,0,0,0,2
1,0,0,0,1
1,0,0,0,1
1,0,0,0,1
1,0,0,0,1
1,0,0,0,1
1,0,0,0,1
1,0,0,0,1
1,0,0,0,1
1,0,0,0,1
2,0,0,0,2
1,0,0,0,1
1,2,0,0,3
1,0,0,0,1
1,0,0,0,1
1,0,0,0,1
1,0,0,0,1
1,0,0,0,1
1,0,0,0,1
1,0,0,0,1
1,0,0,0,1
1,0,0,0,1
1,0,0,0,1
1,0,0,0,1
1,0,0,0,1
1,0,0,0,1
1,0,0,0,1
1,0,0,0,1
1,0,0,0,1
1,0,0,0,1
2,0,0,0,2
1,0,0,0,1
1,0,0,0,1
1,0,0,0,1
1,0,0,0,1
1,0,0,0,1
1,0,0,0,1
1,0,0,0,1
3,0,0,0,3
1,0,0,0,1
1,0,0,0,1
1,0,0,0,1
1,0,0,0,1
1,0,0,0,1
1,0,0,0,1
1,0,0,0,1
1,0,0,0,1
1,0,0,0,1
1,0,0,0,1
1,0,0,0,1
1,0,0,0,1
1,0,0,0,1
1,0,0,0,1
1,0,0,0,1
1,0,0,0,1
1,0,0,0,1
1,0,0,0,1
1,0,0,0,1
1,0,0,0,1
1,0,0,0,1
1,6,0,0,7
1,0,0,0,1
1,0,0,0,1
1,0,0,0,1
2,0,0,0,2
1,0,0,0,1
1,0,0,0,1
1,0,0,0,1
1,0,0,0,1
1,0,0,0,1
1,0,0,0,1
1,0,0,0,1
1,0,0,0,1
1,0,0,0,1
1,0,0,0,1
2,0,0,0,2
1,0,0,0,1
1,0,0,0,1
1,0,0,0,1
1,0,0,0,1
1,0,0,0,1
1,0,0,0,1
1,0,0,0,1
1,0,0,0,1
1,0,0,0,1
1,0,0,0,1
1,0,0,0,1
1,0,0,0,1
1,0,0,0,1
1,0,0,0,1
1,0,0,0,1
4,0,0,0,4
1,0,0,0,1
1,0,0,0,1
1,0,0,0,1
1,0,0,0,1
1,0,0,0,1
2,0,0,0,2
1,6,0,0,7
1,0,0,0,1
1,0,0,0,1
1,0,0,0,1
2,0,0,0,2
1,0,0,0,1
1,0,0,0,1
3,0,0,0,3
1,0,0,0,1
1,0,0,0,1
1,0,0,0,1
1,0,0,0,1
1,0,0,0,1
1,0,0,0,1
2,0,0,0,2
1,0,0,0,1
1,0,0,0,1
2,0,0,0,2
1,0,0,0,1
1,0,0,0,1
2,0,0,0,2
3,0,0,0,3
2,0,0,0,2
1,0,0,0,1
2,2,0,0,4
1,0,0,0,1
1,3,0,0,4
1,0,0,0,1
2,0,0,0,2
1,0,0,0,1
1,0,0,0,1
1,0,0,0,1
2,0,0,0,2
2,2,0,0,4
1,0,0,0,1
1,0,0,0,1
1,0,0,0,1
1,0,0,0,1
2,0,0,0,2
1,0,0,0,1
1,0,0,0,1
1,0,0,0,1
1,0,0,0,1
2,0,0,0,2
1,0,0,0,1
1,0,0,0,1
1,0,0,0,1
1,0,0,0,1
1,0,0,0,1
1,0,0,0,1
2,0,0,0,2
1,0,0,0,1
1,0,0,0,1
1,0,0,0,1
1,0,0,0,1
1,0,0,0,1
1,0,0,0,1
1,0,0,0,1
1,0,0,0,1
1,0,0,0,1
1,0,0,0,1
1,0,0,0,1
1,0,0,0,1
1,0,0,0,1
2,0,0,0,2
1,0,0,0,1
1,0,0,0,1
1,0,0,0,1
1,0,0,0,1
2,0,0,0,2
1,0,0,0,1
1,0,0,0,1
1,0,0,0,1
2,0,0,0,2
1,0,0,0,1
1,0,0,0,1
1,0,0,0,1
1,0,0,0,1
1,0,0,0,1
1,0,0,0,1
1,1,0,0,2
2,0,0,0,2
1,0,0,0,1
1,0,0,0,1
1,0,0,0,1
1,0,0,0,1
1,0,0,0,1
2,0,0,0,2
1,0,0,0,1
1,0,0,0,1
1,0,0,0,1
1,0,1,0,2
1,0,0,0,1
2,0,0,0,2
1,0,0,0,1
1,0,0,0,1
1,0,0,0,1
1,0,0,0,1
1,0,0,0,1
2,0,0,0,2
1,0,0,0,1
1,0,0,0,1
1,0,0,0,1
1,0,0,0,1
1,0,0,0,1
1,0,0,0,1
1,0,0,0,1
1,0,0,0,1
2,0,0,0,2
1,0,0,0,1
1,0,0,0,1
1,0,0,0,1
1,0,0,0,1
1,0,0,0,1
1,1,0,0,2
3,3,0,0,6
2,0,0,0,2
1,0,0,0,1
1,0,0,0,1
1,0,0,0,1
1,0,0,0,1
1,0,0,0,1
1,0,0,0,1
1,0,0,0,1
2,0,0,0,2
1,0,0,0,1
2,0,0,0,2
1,0,0,0,1
1,0,0,0,1
1,0,0,0,1
1,0,0,0,1
1,0,0,0,1
1,0,0,0,1
1,0,0,0,1
2,0,0,0,2
1,0,0,0,1
2,0,0,0,2
1,0,0,0,1
1,0,0,0,1
1,0,0,0,1
1,0,0,0,1
1,0,0,0,1
2,0,0,0,2
1,0,0,0,1
1,0,0,0,1
1,0,0,0,1
1,0,0,0,1
1,0,0,0,1
1,0,0,0,1
1,0,0,0,1
1,0,0,0,1
1,0,0,0,1
1,0,0,0,1
1,0,0,0,1
1,0,0,0,1
1,0,0,0,1
1,0,0,0,1
1,0,0,0,1
1,0,0,0,1
1,0,0,0,1
1,0,0,0,1
1,0,0,0,1
1,0,0,0,1
1,0,0,0,1
1,0,0,0,1
2,0,0,0,2
1,0,0,0,1
1,0,0,0,1
1,0,0,0,1
1,0,0,0,1
1,0,0,0,1
1,0,0,0,1
2,0,0,0,2
1,0,0,0,1
2,0,0,0,2
2,0,0,0,2
1,0,0,0,1
1,0,0,0,1
1,0,0,0,1
1,0,0,0,1
1,0,0,0,1
1,0,0,0,1
1,0,0,0,1
1,0,0,0,1
1,0,0,0,1
2,0,0,0,2
1,0,0,0,1
3,0,0,0,3
1,0,0,0,1
1,0,0,0,1
2,0,0,0,2
1,0,0,0,1
1,7,1,0,9
2,0,0,0,2
2,0,0,0,2
1,0,0,0,1
1,0,0,0,1
1,0,0,0,1
1,0,0,0,1
1,0,0,0,1
1,0,0,0,1
2,0,0,0,2
1,2,0,0,3
1,0,0,0,1
1,0,0,0,1
1,0,0,0,1
1,0,0,0,1
2,0,0,0,2
1,0,0,0,1
1,0,0,0,1
1,0,0,0,1
1,0,0,0,1
1,0,0,0,1
1,0,0,0,1
1,0,0,0,1
1,0,0,0,1
1,0,0,0,1
1,0,0,0,1
1,0,0,0,1
1,0,0,0,1
1,0,0,0,1
1,0,0,0,1
1,0,0,0,1
1,0,0,0,1
1,0,0,0,1
1,0,0,0,1
2,0,0,0,2
1,0,0,0,1
2,0,0,0,2
3,0,0,0,3
1,0,0,0,1
1,0,0,0,1
3,0,0,0,3
1,0,0,0,1
1,0,0,0,1
1,0,0,0,1
2,0,0,0,2
1,0,0,0,1
1,0,0,0,1
1,0,0,0,1
1,0,0,0,1
2,0,0,0,2
1,0,0,0,1
1,0,0,0,1
1,0,0,0,1
2,0,0,0,2
1,0,0,0,1
1,0,0,0,1
1,0,0,0,1
1,0,0,0,1
1,0,0,0,1
1,0,0,0,1
2,0,0,0,2
1,0,0,0,1
2,0,0,0,2
1,0,0,0,1
1,0,0,0,1
1,0,0,0,1
1,0,0,0,1
3,0,0,0,3
1,0,0,0,1
1,0,0,0,1
1,0,0,0,1
1,0,0,0,1
1,0,0,0,1
3,0,0,0,3
1,0,0,0,1
1,0,0,0,1
1,0,0,0,1
1,0,0,0,1
1,0,0,0,1
1,0,0,0,1
1,0,0,0,1
1,0,0,0,1
1,0,0,0,1
1,0,0,0,1
1,0,0,0,1
1,0,0,0,1
1,0,0,0,1
2,0,0,0,2
1,0,0,0,1
1,0,0,0,1
2,0,0,0,2
3,0,0,0,3
1,0,0,0,1
1,0,0,0,1
2,0,0,0,2
1,0,0,0,1
1,0,0,0,1
1,0,0,0,1
3,0,0,0,3
3,2,2,0,7
1,6,0,0,7
1,0,0,0,1
1,0,0,0,1
1,0,0,0,1
2,0,0,0,2
1,0,0,0,1
1,0,0,0,1
1,0,0,0,1
1,0,0,0,1
1,0,0,0,1
1,0,0,0,1
1,0,0,0,1
1,0,0,0,1
1,0,0,0,1
2,0,0,0,2
1,0,0,0,1
1,0,0,0,1
1,0,0,0,1
1,0,0,0,1
2,0,0,0,2
1,0,0,0,1
2,0,0,0,2
2,0,0,0,2
4,0,0,0,4
2,0,0,0,2
1,0,0,0,1
1,0,0,0,1
1,0,0,0,1
1,0,0,0,1
1,0,0,0,1
1,0,0,0,1
1,0,0,0,1
2,0,0,0,2
2,0,0,0,2
1,0,0,0,1
1,3,0,0,4
1,0,0,0,1
1,0,0,0,1
1,0,0,0,1
1,0,0,0,1
1,0,0,0,1
1,0,0,0,1
1,0,0,0,1
1,0,0,0,1
1,0,0,0,1
1,0,0,0,1
2,0,0,0,2
1,0,0,0,1
1,0,0,0,1
2,0,0,0,2
1,0,0,0,1
1,0,0,0,1
1,5,0,0,6
1,0,0,0,1
1,0,0,0,1
1,0,0,0,1
1,0,0,0,1
1,0,0,0,1
2,0,0,0,2
1,0,0,0,1
1,0,0,0,1
1,0,0,0,1
1,0,0,0,1
3,0,0,0,3
1,0,0,0,1
1,0,0,0,1
1,0,0,0,1
1,0,0,0,1
1,0,0,0,1
1,0,0,0,1
1,0,0,0,1
1,0,0,0,1
1,0,0,0,1
1,0,0,0,1
1,0,0,0,1
2,0,0,0,2
1,0,0,0,1
1,0,0,0,1
1,0,0,0,1
1,0,0,0,1
1,0,0,0,1
1,0,0,0,1
1,0,0,0,1
6,0,0,0,6
1,0,0,0,1
1,8,0,0,9
1,0,0,0,1
1,0,0,0,1
1,0,0,0,1
1,0,0,0,1
1,0,0,0,1
1,0,0,0,1
1,0,0,0,1
1,0,0,0,1
1,0,0,0,1
1,0,0,0,1
1,0,0,0,1
2,0,0,0,2
1,0,0,0,1
2,0,0,0,2
1,0,0,0,1
1,0,0,0,1
1,0,0,0,1
1,0,0,0,1
3,0,0,0,3
1,0,0,0,1
1,0,0,0,1
1,0,0,0,1
1,0,0,0,1
1,0,0,0,1
1,0,0,0,1
1,0,0,0,1
1,0,0,0,1
1,0,0,0,1
1,0,0,0,1
1,0,0,0,1
1,0,0,0,1
1,0,0,0,1
1,0,0,0,1
1,0,0,0,1
1,0,0,0,1
1,0,0,0,1
1,0,0,0,1
1,0,0,0,1
1,0,0,0,1
2,0,0,0,2
2,0,0,0,2
1,0,0,0,1
1,25,0,0,26
1,0,0,0,1
3,7,0,0,10
1,0,0,0,1
1,0,0,0,1
1,0,0,0,1
1,0,0,0,1
5,0,0,0,5
1,0,0,0,1
1,0,0,0,1
1,0,0,0,1
1,0,0,0,1
1,0,0,0,1
1,2,0,0,3
1,0,0,0,1
1,0,0,0,1
2,0,0,0,2
1,0,0,0,1
1,0,0,0,1
1,0,0,0,1
1,0,0,0,1
1,0,0,0,1
1,13,0,0,14
1,0,0,0,1
1,0,0,0,1
1,0,0,0,1
2,0,0,0,2
1,0,0,0,1
1,0,0,0,1
1,0,0,0,1
4,595,0,0,599
1,0,0,0,1
1,0,0,0,1
1,0,0,0,1
1,0,0,0,1
1,0,0,0,1
1,0,0,0,1
1,0,0,0,1
1,0,0,0,1
1,0,0,0,1
1,0,0,0,1
1,0,0,0,1
2,24,0,0,26
1,0,0,0,1
1,0,0,0,1
1,0,0,0,1
3,0,0,0,3
3,0,0,0,3
1,0,0,0,1
1,0,0,0,1
1,0,0,0,1
1,0,0,0,1
1,0,0,0,1
1,0,0,0,1
3,0,0,0,3
1,0,0,0,1
1,0,0,0,1
1,0,0,0,1
1,0,0,0,1
1,0,0,0,1
1,0,0,0,1
1,0,0,0,1
1,0,0,0,1
1,0,0,0,1
1,0,0,0,1
1,0,0,0,1
1,0,0,0,1
1,0,0,0,1
1,0,0,0,1
3,0,0,0,3
1,0,0,0,1
1,0,0,0,1
1,0,0,0,1
1,0,0,0,1
1,0,0,0,1
1,0,0,0,1
1,0,0,0,1
1,0,0,0,1
1,0,0,0,1
1,0,0,0,1
1,0,0,0,1
1,0,0,0,1
1,0,0,0,1
1,0,0,0,1
1,0,0,0,1
1,0,0,0,1
1,0,0,0,1
1,0,0,0,1
3,0,0,0,3
2,0,0,0,2
1,0,0,0,1
1,0,0,0,1
1,0,0,0,1
1,4,0,0,5
1,0,0,0,1
1,0,0,0,1
1,1,0,0,2
2,0,0,0,2
1,0,0,0,1
1,0,0,0,1
1,0,0,0,1
1,0,0,0,1
1,0,0,0,1
1,0,0,0,1
1,0,0,0,1
2,0,0,0,2
1,0,0,0,1
1,0,0,0,1
1,0,0,0,1
2,0,0,0,2
1,0,0,0,1
1,0,0,0,1
1,0,0,0,1
1,0,0,0,1
1,0,0,0,1
1,0,0,0,1
1,0,0,0,1
1,0,0,0,1
1,0,0,0,1
1,0,0,0,1
1,0,0,0,1
1,0,0,0,1
1,0,0,0,1
1,0,0,0,1
1,0,0,0,1
1,0,0,0,1
1,0,0,0,1
1,0,0,0,1
1,0,0,0,1
1,0,0,0,1
1,0,0,0,1
2,0,0,0,2
1,0,0,0,1
1,0,0,0,1
1,0,0,0,1
1,3,0,0,4
1,5,0,0,6
2,0,0,0,2
1,0,0,0,1
1,0,0,0,1
1,0,0,0,1
3,0,0,0,3
1,0,0,0,1
1,0,0,0,1
1,0,0,0,1
1,0,0,0,1
1,0,0,0,1
2,0,0,0,2
2,1,0,0,3
1,0,0,0,1
1,0,0,0,1
4,1,0,0,5
2,0,0,0,2
1,0,0,0,1
1,0,0,0,1
1,0,0,0,1
2,0,0,0,2
1,0,0,0,1
2,0,0,0,2
1,0,0,0,1
1,0,0,0,1
1,0,0,0,1
5,0,0,0,5
4,0,0,0,4
2,1,0,0,3
1,0,0,0,1
2,0,0,0,2
1,0,0,0,1
2,0,0,0,2
1,2,0,0,3
2,0,0,0,2
1,0,0,0,1
1,0,0,0,1
1,0,0,0,1
1,0,0,0,1
2,0,0,0,2
1,0,0,0,1
1,0,0,0,1
1,0,0,0,1
1,0,0,0,1
1,0,0,0,1
1,0,0,0,1
1,0,0,0,1
1,0,0,0,1
1,0,0,0,1
1,0,0,0,1
2,0,0,0,2
1,0,0,0,1
2,0,0,0,2
2,0,0,0,2
1,0,0,0,1
1,0,0,0,1
1,0,0,0,1
1,0,0,0,1
1,0,0,0,1
1,0,0,0,1
1,0,0,0,1
1,0,0,0,1
1,0,0,0,1
1,0,0,0,1
1,0,0,0,1
2,0,0,0,2
2,0,0,0,2
2,0,0,0,2
1,0,0,0,1
1,0,0,0,1
1,0,0,0,1
1,0,0,0,1
1,0,0,0,1
1,0,0,0,1
1,0,0,0,1
1,0,0,0,1
2,1,1,0,4
2,0,0,0,2
2,0,0,0,2
3,0,0,0,3
1,0,0,0,1
1,0,0,0,1
1,0,0,0,1
1,0,0,0,1
1,0,0,0,1
1,0,0,0,1
1,0,0,0,1
1,0,0,0,1
1,0,0,0,1
1,0,0,0,1
1,0,0,0,1
1,0,0,0,1
1,0,0,0,1
1,0,0,0,1
1,0,0,0,1
1,0,0,0,1
1,0,0,0,1
3,0,0,0,3
1,0,0,0,1
1,0,0,0,1
1,0,0,0,1
1,0,0,0,1
2,0,0,0,2
1,0,0,0,1
1,0,0,0,1
1,0,0,0,1
1,0,0,0,1
1,0,0,0,1
1,0,0,0,1
2,0,0,0,2
1,0,0,0,1
1,0,0,0,1
1,0,0,0,1
2,0,0,0,2
1,0,0,0,1
1,0,0,0,1
1,0,0,0,1
1,0,0,0,1
1,0,0,0,1
1,1,0,0,2
1,0,0,0,1
2,0,0,0,2
1,0,0,0,1
1,0,0,0,1
2,0,0,0,2
1,0,0,0,1
1,0,0,0,1
1,0,0,0,1
1,0,0,0,1
1,0,0,0,1
1,0,0,0,1
1,0,0,0,1
1,0,0,0,1
1,0,0,0,1
1,0,0,0,1
1,0,0,0,1
1,0,0,0,1
1,0,0,0,1
1,2,0,0,3
2,0,0,0,2
1,0,0,0,1
1,0,0,0,1
1,0,0,0,1
2,0,0,0,2
1,36,0,0,37
1,0,0,0,1
1,0,0,0,1
2,0,0,0,2
1,0,0,0,1
1,0,0,0,1
1,0,0,0,1
1,0,0,0,1
1,0,0,0,1
1,0,0,0,1
1,0,0,0,1
1,0,0,0,1
1,0,0,0,1
1,0,0,0,1
2,0,0,0,2
3,0,0,0,3
3,0,0,0,3
1,0,0,0,1
2,0,0,0,2
1,0,0,0,1
1,0,0,0,1
1,0,0,0,1
1,0,0,0,1
1,5,0,0,6
1,0,0,0,1
1,0,0,0,1
1,0,0,0,1
1,0,0,0,1
1,0,0,0,1
1,0,0,0,1
1,0,0,0,1
1,0,0,0,1
1,0,0,0,1
1,0,0,0,1
1,0,0,0,1
1,0,0,0,1
1,0,0,0,1
1,0,0,0,1
1,0,0,0,1
1,0,0,0,1
1,0,0,0,1
1,0,0,0,1
1,0,0,0,1
1,0,0,0,1
1,0,0,0,1
3,0,0,0,3
1,0,0,0,1
1,0,0,0,1
1,0,0,0,1
2,0,0,0,2
1,0,0,0,1
1,0,0,0,1
1,0,0,0,1
1,0,0,0,1
1,0,0,0,1
1,0,0,0,1
2,2,0,0,4
1,0,0,0,1
1,0,0,0,1
1,0,0,0,1
1,0,0,0,1
1,0,0,0,1
1,0,0,0,1
1,0,0,0,1
1,0,0,0,1
1,0,0,0,1
1,0,0,0,1
1,0,0,0,1
1,0,0,0,1
1,0,0,0,1
1,0,0,0,1
1,0,0,0,1
1,0,0,0,1
2,0,0,0,2
1,0,0,0,1
1,0,0,0,1
1,0,0,0,1
1,0,0,0,1
1,0,0,0,1
1,0,0,0,1
1,0,0,0,1
3,0,0,0,3
1,0,0,0,1
1,0,0,0,1
1,0,0,0,1
1,0,0,0,1
1,0,0,0,1
1,0,0,0,1
1,0,0,0,1
3,0,0,0,3
1,0,0,0,1
2,1,0,0,3
1,0,0,0,1
1,0,0,0,1
2,0,0,0,2
1,0,0,0,1
1,0,0,0,1
1,0,0,0,1
2,1,0,0,3
3,0,0,0,3
1,0,0,0,1
1,0,0,0,1
1,0,0,0,1
1,0,0,0,1
1,2,0,0,3
1,0,0,0,1
1,0,0,0,1
2,0,0,0,2
1,0,0,0,1
1,0,0,0,1
1,0,0,0,1
1,0,0,0,1
1,0,0,0,1
1,18,0,0,19
2,0,0,0,2
1,0,0,0,1
2,0,0,0,2
1,0,0,0,1
1,0,0,0,1
1,0,0,0,1
1,0,0,0,1
1,0,0,0,1
1,0,0,0,1
1,0,0,0,1
1,0,0,0,1
1,0,0,0,1
1,0,0,0,1
1,0,0,0,1
1,0,0,0,1
1,0,0,0,1
1,1,0,0,2
1,0,0,0,1
1,0,0,0,1
1,0,0,0,1
1,0,0,0,1
1,0,0,0,1
1,0,0,0,1
1,0,0,0,1
1,0,0,0,1
1,0,0,0,1
1,0,0,0,1
1,0,0,0,1
1,0,0,0,1
1,0,0,0,1
1,0,0,0,1
2,0,0,0,2
1,0,0,0,1
1,0,0,0,1
1,0,0,0,1
1,0,0,0,1
1,0,0,0,1
1,0,0,0,1
1,0,0,0,1
2,0,0,0,2
1,0,0,0,1
1,0,0,0,1
1,0,0,0,1
1,0,0,0,1
2,0,0,0,2
1,0,0,0,1
1,0,0,0,1
1,0,0,0,1
2,0,0,0,2
1,0,0,0,1
1,8,0,0,9
1,0,0,0,1
1,0,0,0,1
1,0,0,0,1
2,0,0,0,2
1,0,0,0,1
1,0,0,0,1
1,0,0,0,1
1,0,0,0,1
1,0,0,0,1
1,0,0,0,1
1,0,0,0,1
1,0,0,0,1
1,0,0,0,1
1,0,0,0,1
1,0,0,0,1
2,0,0,0,2
1,0,0,0,1
1,0,0,0,1
1,0,0,0,1
1,0,0,0,1
3,0,0,0,3
1,0,0,0,1
1,0,0,0,1
1,0,0,0,1
1,0,0,0,1
1,0,0,0,1
1,0,0,0,1
1,0,0,0,1
2,0,0,0,2
1,0,0,0,1
1,0,0,0,1
1,0,0,0,1
1,0,0,0,1
1,0,0,0,1
1,0,0,0,1
1,0,0,0,1
1,0,0,0,1
2,0,0,0,2
1,0,0,0,1
1,0,0,0,1
2,0,0,0,2
1,0,0,0,1
1,0,0,0,1
1,0,0,0,1
1,0,0,0,1
1,0,0,0,1
1,0,0,0,1
1,0,0,0,1
2,0,0,0,2
1,0,0,0,1
1,0,0,0,1
1,0,0,0,1
1,0,0,0,1
1,0,0,0,1
1,0,1,0,2
1,0,0,0,1
1,0,0,0,1
1,0,0,0,1
1,0,0,0,1
2,0,0,0,2
1,0,0,0,1
1,0,0,0,1
1,0,0,0,1
1,0,0,0,1
1,0,0,0,1
1,0,0,0,1
1,0,0,0,1
1,2,0,0,3
1,0,0,0,1
1,0,0,0,1
1,0,0,0,1
1,0,0,0,1
1,0,0,0,1
1,0,0,0,1
2,0,0,0,2
1,0,0,0,1
1,0,0,0,1
1,0,0,0,1
1,0,0,0,1
1,0,0,0,1
1,0,0,0,1
1,0,0,0,1
1,0,0,0,1
1,0,0,0,1
1,0,0,0,1
1,0,0,0,1
1,0,0,0,1
2,0,0,0,2
1,0,0,0,1
1,0,0,0,1
1,0,0,0,1
4,0,0,0,4
1,0,0,0,1
1,0,0,0,1
2,0,0,0,2
1,0,0,0,1
1,0,0,0,1
2,0,0,0,2
1,0,0,0,1
1,0,0,0,1
1,0,0,0,1
1,0,0,0,1
1,0,0,0,1
1,0,0,0,1
1,0,0,0,1
1,0,0,0,1
1,0,0,0,1
1,0,0,0,1
1,0,0,0,1
1,0,0,0,1
1,0,0,0,1
1,0,0,0,1
1,0,0,0,1
1,0,0,0,1
1,0,0,0,1
1,0,0,0,1
1,0,0,0,1
1,0,0,0,1
3,0,0,0,3
1,0,0,0,1
1,0,0,0,1
1,0,0,0,1
1,0,0,0,1
1,0,0,0,1
2,0,0,0,2
1,0,0,0,1
1,0,0,0,1
1,0,0,0,1
1,0,0,0,1
1,0,0,0,1
1,0,0,0,1
1,0,0,0,1
1,0,0,0,1
1,0,0,0,1
1,1,0,0,2
2,1,0,0,3
1,0,0,0,1
1,0,0,0,1
1,0,0,0,1
1,0,0,0,1
2,0,0,0,2
2,0,0,0,2
1,0,0,0,1
2,0,0,0,2
1,0,0,0,1
1,0,0,0,1
1,0,0,0,1
1,0,0,0,1
1,0,0,0,1
1,0,0,0,1
3,0,0,0,3
1,0,0,0,1
1,0,0,0,1
1,0,0,0,1
1,0,0,0,1
1,0,0,0,1
1,0,0,0,1
1,0,0,0,1
1,0,0,0,1
1,0,0,0,1
1,0,0,0,1
3,1,0,0,4
1,0,0,0,1
1,0,0,0,1
2,0,0,0,2
1,0,0,0,1
1,0,0,0,1
1,0,0,0,1
1,0,0,0,1
1,0,0,0,1
1,0,0,0,1
1,0,0,0,1
1,0,0,0,1
1,0,0,0,1
1,0,0,0,1
1,0,0,0,1
2,0,0,0,2
1,0,0,0,1
2,0,0,0,2
1,0,0,0,1
1,0,0,0,1
1,0,0,0,1
1,0,0,0,1
1,0,0,0,1
1,0,0,0,1
1,0,0,0,1
1,0,0,0,1
1,0,0,0,1
1,0,0,0,1
1,0,0,0,1
1,17,0,0,18
1,0,0,0,1
1,0,0,0,1
2,0,0,0,2
1,0,0,0,1
2,0,0,0,2
4,0,0,0,4
4,0,0,0,4
1,0,0,0,1
1,0,0,0,1
1,0,0,0,1
1,0,0,0,1
1,0,0,0,1
1,0,0,0,1
1,0,0,0,1
2,0,0,0,2
1,0,0,0,1
1,0,0,0,1
1,0,0,0,1
1,0,0,0,1
4,0,0,0,4
1,0,0,0,1
1,0,0,0,1
2,0,0,0,2
1,0,0,0,1
1,0,0,0,1
3,0,0,0,3
1,0,0,0,1
1,0,0,0,1
2,0,0,0,2
1,0,0,0,1
1,0,0,0,1
1,0,0,0,1
1,0,0,0,1
1,0,0,0,1
1,0,0,0,1
2,0,0,0,2
1,0,0,0,1
1,0,0,0,1
3,1,0,0,4
1,0,0,0,1
1,0,0,0,1
1,0,0,0,1
1,0,0,0,1
2,0,0,0,2
1,0,0,0,1
1,0,0,0,1
2,0,0,0,2
1,0,0,0,1
1,0,0,0,1
1,0,0,0,1
1,6,1,0,8
1,0,0,0,1
2,1,1,0,4
1,0,0,0,1
1,0,0,0,1
1,0,0,0,1
1,0,0,0,1
1,0,0,0,1
2,0,0,0,2
1,0,0,0,1
1,0,0,0,1
1,0,0,0,1
1,0,0,0,1
1,0,0,0,1
1,0,0,0,1
1,0,0,0,1
3,0,0,0,3
1,0,0,0,1
1,0,0,0,1
1,0,0,0,1
1,0,0,0,1
1,0,0,0,1
1,0,0,0,1
1,0,0,0,1
1,0,0,0,1
1,0,0,0,1
1,0,0,0,1
1,0,0,0,1
1,4,0,0,5
1,0,0,0,1
1,0,0,0,1
1,0,0,0,1
1,0,0,0,1
1,0,0,0,1
1,0,0,0,1
1,0,0,0,1
1,0,0,0,1
1,0,0,0,1
1,0,0,0,1
1,0,0,0,1
1,0,0,0,1
1,0,0,0,1
1,0,0,0,1
2,0,0,0,2
2,0,0,0,2
1,0,0,0,1
1,0,0,0,1
1,0,0,0,1
2,0,0,0,2
2,0,0,0,2
1,0,0,0,1
1,0,0,0,1
1,0,0,0,1
1,0,0,0,1
1,0,0,0,1
1,0,0,0,1
1,0,0,0,1
1,0,0,0,1
1,0,0,0,1
1,0,0,0,1
1,0,0,0,1
1,0,0,0,1
1,0,0,0,1
2,0,0,0,2
1,0,0,0,1
1,0,0,0,1
1,0,0,0,1
1,0,0,0,1
1,0,0,0,1
1,0,0,0,1
1,0,0,0,1
1,0,0,0,1
1,0,0,0,1
1,0,0,0,1
2,0,0,0,2
1,0,0,0,1
1,0,0,0,1
1,0,0,0,1
1,0,0,0,1
1,0,0,0,1
2,0,0,0,2
1,0,0,0,1
1,0,0,0,1
2,0,0,0,2
1,0,0,0,1
1,0,0,0,1
1,0,0,0,1
4,0,0,0,4
2,0,0,0,2
1,0,0,0,1
1,0,0,0,1
1,0,0,0,1
1,0,0,0,1
1,0,0,0,1
1,0,0,0,1
1,0,0,0,1
1,0,0,0,1
1,0,0,0,1
1,0,0,0,1
1,0,0,0,1
1,0,0,0,1
1,0,0,0,1
1,0,0,0,1
1,0,0,0,1
1,0,0,0,1
1,0,0,0,1
1,0,0,0,1
1,0,0,0,1
1,0,0,0,1
1,0,0,0,1
2,0,0,0,2
1,0,0,0,1
1,0,0,0,1
1,0,0,0,1
1,0,0,0,1
1,0,0,0,1
1,0,0,0,1
3,0,0,0,3
1,0,0,0,1
1,0,0,0,1
1,0,0,0,1
1,0,0,0,1
1,0,0,0,1
1,0,0,0,1
2,4,0,0,6
2,0,0,0,2
1,0,0,0,1
1,0,0,0,1
1,0,0,0,1
1,0,0,0,1
1,0,0,0,1
2,0,0,0,2
2,0,0,0,2
1,0,0,0,1
1,0,0,0,1
1,0,0,0,1
1,0,0,0,1
1,0,0,0,1
1,0,0,0,1
1,0,0,0,1
1,0,0,0,1
1,0,0,0,1
1,0,0,0,1
1,0,0,0,1
1,0,0,0,1
1,0,0,0,1
1,0,0,0,1
1,0,0,0,1
1,0,0,0,1
2,0,0,0,2
1,0,0,0,1
1,0,0,0,1
1,0,0,0,1
1,0,0,0,1
1,0,0,0,1
1,0,0,0,1
1,0,0,0,1
2,0,0,0,2
1,0,0,0,1
1,0,0,0,1
1,0,0,0,1
1,0,0,0,1
1,0,0,0,1
1,0,0,0,1
1,0,0,0,1
1,0,0,0,1
1,2,0,0,3
1,0,0,0,1
2,0,0,0,2
1,0,0,0,1
1,0,0,0,1
4,0,0,0,4
2,0,0,0,2
1,0,0,0,1
1,0,0,0,1
1,0,0,0,1
1,0,0,0,1
3,0,0,0,3
1,1,0,0,2
3,0,0,0,3
2,0,0,0,2
1,0,0,0,1
2,0,0,0,2
1,0,0,0,1
1,0,0,0,1
1,0,0,0,1
1,0,0,0,1
2,0,0,0,2
1,0,0,0,1
1,0,0,0,1
1,0,0,0,1
1,0,0,0,1
1,0,0,0,1
1,0,0,0,1
1,0,0,0,1
1,0,0,0,1
1,0,0,0,1
3,0,0,0,3
1,0,0,0,1
1,0,0,0,1
1,0,0,0,1
1,0,0,0,1
1,0,0,0,1
1,0,0,0,1
1,0,0,0,1
1,0,0,0,1
1,0,0,0,1
1,0,0,0,1
1,0,0,0,1
1,0,0,0,1
1,0,0,0,1
1,0,0,0,1
1,0,0,0,1
2,0,0,0,2
1,0,0,0,1
1,0,0,0,1
1,0,0,0,1
1,0,0,0,1
1,0,0,0,1
3,0,0,0,3
1,0,0,0,1
1,0,0,0,1
1,0,0,0,1
1,0,0,0,1
1,0,0,0,1
1,0,0,0,1
2,0,0,0,2
1,0,0,0,1
1,0,0,0,1
1,0,0,0,1
1,0,0,0,1
1,0,0,0,1
1,0,0,0,1
1,0,0,0,1
1,0,0,0,1
1,0,0,0,1
1,0,0,0,1
1,0,0,0,1
2,2,0,0,4
1,0,0,0,1
1,0,0,0,1
1,0,0,0,1
1,0,0,0,1
1,0,0,0,1
1,0,0,0,1
1,0,0,0,1
1,0,0,0,1
1,0,0,0,1
1,0,0,0,1
1,0,0,0,1
1,0,0,0,1
1,0,0,0,1
1,0,0,0,1
1,0,0,0,1
1,0,0,0,1
1,0,0,0,1
1,0,0,0,1
1,0,0,0,1
2,0,0,0,2
1,0,0,0,1
1,0,0,0,1
1,0,0,0,1
1,0,0,0,1
1,0,0,0,1
1,0,0,0,1
1,0,0,0,1
1,0,0,0,1
1,0,0,0,1
1,0,0,0,1
1,0,0,0,1
1,0,0,0,1
1,0,0,0,1
3,7,0,0,10
1,1,0,0,2
1,0,0,0,1
1,0,0,0,1
2,0,0,0,2
1,0,0,0,1
1,0,0,0,1
2,0,0,0,2
1,0,0,0,1
1,0,0,0,1
1,0,0,0,1
1,0,0,0,1
1,0,0,0,1
1,0,0,0,1
1,0,0,0,1
2,0,0,0,2
1,0,0,0,1
1,0,0,0,1
1,0,0,0,1
1,0,0,0,1
1,0,0,0,1
1,0,0,0,1
1,0,0,0,1
1,0,0,0,1
2,0,0,0,2
1,0,0,0,1
1,0,0,0,1
1,0,0,0,1
1,0,0,0,1
1,0,0,0,1
1,0,0,0,1
2,0,0,0,2
1,0,0,0,1
1,0,0,0,1
1,0,0,0,1
1,0,0,0,1
1,0,0,0,1
1,0,0,0,1
1,0,0,0,1
1,0,0,0,1
3,0,0,0,3
1,0,0,0,1
1,0,0,0,1
1,0,0,0,1
1,0,0,0,1
1,0,0,0,1
1,0,0,0,1
2,2,0,0,4
1,0,0,0,1
1,0,0,0,1
1,0,0,0,1
1,0,0,0,1
1,0,0,0,1
2,0,0,0,2
1,0,0,0,1
1,0,0,0,1
1,0,0,0,1
2,0,0,0,2
2,0,0,0,2
1,0,0,0,1
1,4,0,0,5
1,0,0,0,1
1,0,0,0,1
2,4,0,0,6
1,0,0,0,1
2,0,0,0,2
1,0,0,0,1
1,0,0,0,1
2,0,0,0,2
1,0,0,0,1
1,0,0,0,1
1,0,0,0,1
1,0,0,0,1
1,0,0,0,1
1,0,0,0,1
1,0,0,0,1
1,0,0,0,1
1,0,0,0,1
1,0,0,0,1
1,0,0,0,1
1,0,0,0,1
1,0,0,0,1
1,0,0,0,1
1,0,0,0,1
2,0,0,0,2
1,0,0,0,1
1,0,0,0,1
1,0,0,0,1
1,0,0,0,1
1,0,0,0,1
3,1,0,0,4
1,0,0,0,1
2,0,0,0,2
1,0,0,0,1
1,0,0,0,1
1,0,0,0,1
1,0,0,0,1
1,0,0,0,1
1,0,0,0,1
2,0,0,0,2
1,0,0,0,1
2,0,0,0,2
1,0,0,0,1
2,0,0,0,2
1,0,0,0,1
1,0,0,0,1
1,0,0,0,1
2,0,0,0,2
2,0,0,0,2
1,0,0,0,1
1,0,0,0,1
1,0,0,0,1
1,0,0,0,1
1,3,1,0,5
1,0,0,0,1
1,0,0,0,1
1,0,0,0,1
1,0,0,0,1
1,0,0,0,1
1,0,0,0,1
1,0,0,0,1
1,0,0,0,1
1,0,0,0,1
1,0,0,0,1
1,0,0,0,1
1,0,0,0,1
1,0,0,0,1
1,0,0,0,1
1,0,0,0,1
1,0,0,0,1
1,0,0,0,1
1,0,0,0,1
1,0,0,0,1
1,0,0,0,1
1,0,0,0,1
1,0,0,0,1
1,0,0,0,1
1,0,0,0,1
3,13,0,0,16
2,0,0,0,2
1,0,0,0,1
1,0,0,0,1
1,0,0,0,1
1,0,0,0,1
1,0,0,0,1
1,0,0,0,1
1,0,0,0,1
1,0,0,0,1
1,0,0,0,1
1,0,0,0,1
1,0,0,0,1
1,3,0,0,4
1,0,0,0,1
1,0,0,0,1
1,0,0,0,1
1,0,0,0,1
1,0,0,0,1
1,0,0,0,1
1,0,0,0,1
1,0,0,0,1
2,0,0,0,2
1,0,0,0,1
1,0,0,0,1
1,0,0,0,1
2,0,0,0,2
1,0,0,0,1
1,0,0,0,1
2,0,0,0,2
1,0,0,0,1
1,0,0,0,1
1,0,0,0,1
2,0,0,0,2
1,0,0,0,1
1,0,0,0,1
1,0,0,0,1
1,2,0,0,3
1,0,0,0,1
1,0,0,0,1
1,0,0,0,1
1,0,0,0,1
1,0,0,0,1
1,0,0,0,1
1,0,0,0,1
1,0,0,0,1
1,1,1,0,3
1,0,0,0,1
1,0,0,0,1
2,0,0,0,2
1,0,0,0,1
1,5,0,0,6
1,0,0,0,1
1,0,0,0,1
1,0,0,0,1
1,0,0,0,1
1,0,0,0,1
1,0,0,0,1
2,0,0,0,2
1,0,0,0,1
1,0,0,0,1
1,0,0,0,1
1,0,0,0,1
1,0,0,0,1
1,0,0,0,1
1,0,0,0,1
1,0,0,0,1
1,0,0,0,1
1,0,0,0,1
1,0,0,0,1
1,0,0,0,1
1,0,0,0,1
1,0,0,0,1
1,0,0,0,1
1,0,0,0,1
1,0,0,0,1
2,0,0,0,2
1,0,0,0,1
1,0,0,0,1
1,0,0,0,1
1,0,0,0,1
1,0,0,0,1
1,0,0,0,1
1,0,0,0,1
1,0,0,0,1
1,0,0,0,1
1,0,0,0,1
1,0,0,0,1
1,0,0,0,1
1,0,0,0,1
1,0,0,0,1
1,0,0,0,1
4,0,0,0,4
1,0,0,0,1
1,0,0,0,1
1,0,0,0,1
1,0,0,0,1
1,0,0,0,1
1,0,0,0,1
1,0,0,0,1
1,0,0,0,1
1,0,0,0,1
1,0,0,0,1
1,0,0,0,1
1,0,0,0,1
1,0,0,0,1
1,0,0,0,1
1,0,0,0,1
1,0,0,0,1
1,0,0,0,1
1,0,0,0,1
1,0,0,0,1
1,0,0,0,1
1,0,0,0,1
1,0,0,0,1
2,0,0,0,2
1,0,0,0,1
1,0,0,0,1
1,0,0,0,1
1,8,0,0,9
1,0,0,0,1
2,0,0,0,2
1,0,0,0,1
3,0,0,0,3
1,0,0,0,1
1,0,0,0,1
2,0,0,0,2
1,0,0,0,1
1,0,0,0,1
1,0,0,0,1
1,0,0,0,1
1,0,0,0,1
1,0,0,0,1
1,0,0,0,1
4,0,0,0,4
1,0,0,0,1
1,0,0,0,1
1,0,0,0,1
1,0,0,0,1
1,0,0,0,1
1,0,0,0,1
1,0,0,0,1
1,0,0,0,1
2,0,0,0,2
1,0,0,0,1
1,0,0,0,1
1,6,0,0,7
3,0,0,0,3
1,0,0,0,1
1,0,0,0,1
1,0,0,0,1
1,0,0,0,1
1,0,0,0,1
1,0,0,0,1
1,0,0,0,1
1,0,0,0,1
1,0,0,0,1
1,1,0,0,2
1,0,0,0,1
1,0,0,0,1
1,0,0,0,1
1,0,0,0,1
2,0,0,0,2
3,0,0,0,3
1,0,0,0,1
2,0,0,0,2
2,0,0,0,2
2,0,0,0,2
1,0,0,0,1
1,0,0,0,1
1,0,0,0,1
1,0,0,0,1
1,0,0,0,1
1,0,0,0,1
1,0,0,0,1
3,0,0,0,3
1,0,0,0,1
3,0,0,0,3
1,0,0,0,1
1,0,0,0,1
1,0,0,0,1
1,0,0,0,1
1,0,0,0,1
1,0,0,0,1
1,0,0,0,1
1,6,0,0,7
1,0,0,0,1
1,0,0,0,1
1,0,0,0,1
1,0,0,0,1
1,0,0,0,1
1,0,0,0,1
1,0,0,0,1
1,0,0,0,1
1,0,0,0,1
1,0,0,0,1
1,0,0,0,1
2,0,0,0,2
1,0,0,0,1
1,0,0,0,1
1,0,0,0,1
1,0,0,0,1
1,0,0,0,1
3,0,0,0,3
1,0,0,0,1
2,0,0,0,2
2,0,0,0,2
2,0,0,0,2
1,0,0,0,1
1,0,0,0,1
1,0,0,0,1
1,0,0,0,1
1,0,0,0,1
1,0,0,0,1
1,0,0,0,1
4,0,0,0,4
1,0,0,0,1
1,0,0,0,1
1,0,0,0,1
3,0,0,0,3
1,0,0,0,1
1,0,0,0,1
1,0,0,0,1
1,0,0,0,1
1,0,0,0,1
1,0,0,0,1
1,0,0,0,1
1,0,0,0,1
2,0,0,0,2
1,0,0,0,1
1,0,0,0,1
2,0,0,0,2
1,0,0,0,1
3,0,0,0,3
3,0,0,0,3
1,0,0,0,1
1,0,0,0,1
1,0,0,0,1
1,0,0,0,1
1,0,0,0,1
1,0,0,0,1
5,0,0,0,5
2,0,0,0,2
1,0,0,0,1
1,0,0,0,1
1,0,0,0,1
1,0,0,0,1
1,0,0,0,1
1,0,0,0,1
1,0,0,0,1
1,0,0,0,1
2,0,0,0,2
1,0,0,0,1
1,0,0,0,1
1,0,0,0,1
1,0,0,0,1
1,0,0,0,1
1,0,0,0,1
1,0,0,0,1
1,0,0,0,1
1,0,0,0,1
1,0,0,0,1
1,0,0,0,1
1,0,0,0,1
1,0,0,0,1
2,0,0,0,2
1,0,0,0,1
4,0,0,0,4
1,0,0,0,1
2,0,0,0,2
2,0,0,0,2
1,0,0,0,1
1,0,0,0,1
1,0,0,0,1
2,0,0,0,2
1,0,0,0,1
1,0,0,0,1
1,0,0,0,1
1,0,0,0,1
1,0,0,0,1
1,0,0,0,1
1,0,0,0,1
1,0,0,0,1
1,0,0,0,1
1,0,0,0,1
1,3,0,0,4
1,0,0,0,1
1,0,0,0,1
1,0,0,0,1
1,0,0,0,1
1,0,0,0,1
1,0,0,0,1
1,0,1,0,2
1,0,0,0,1
3,0,0,0,3
1,0,0,0,1
2,0,0,0,2
1,0,0,0,1
1,0,0,0,1
1,0,0,0,1
1,0,0,0,1
1,0,0,0,1
1,0,0,0,1
3,0,0,0,3
1,0,0,0,1
1,0,0,0,1
1,0,0,0,1
1,0,0,0,1
1,0,0,0,1
2,0,0,0,2
1,0,0,0,1
1,0,0,0,1
1,0,0,0,1
1,0,0,0,1
2,0,0,0,2
1,0,0,0,1
1,0,0,0,1
1,0,0,0,1
1,0,0,0,1
1,0,0,0,1
1,0,0,0,1
1,0,0,0,1
1,0,0,0,1
3,0,0,0,3
1,0,0,0,1
1,0,0,0,1
1,0,0,0,1
2,0,0,0,2
1,0,0,0,1
1,0,0,0,1
1,0,0,0,1
1,0,0,0,1
1,0,0,0,1
1,0,0,0,1
1,0,0,0,1
1,0,0,0,1
2,0,0,0,2
1,0,0,0,1
1,0,0,0,1
1,0,0,0,1
1,0,0,0,1
1,0,0,0,1
1,0,0,0,1
1,0,0,0,1
1,0,0,0,1
1,0,0,0,1
1,0,0,0,1
1,0,0,0,1
1,0,0,0,1
2,0,0,0,2
2,0,0,0,2
1,0,0,0,1
1,0,0,0,1
1,0,0,0,1
1,0,0,0,1
1,0,0,0,1
1,0,0,0,1
1,0,0,0,1
1,3,0,0,4
1,0,0,0,1
1,0,0,0,1
1,0,0,0,1
1,0,0,0,1
2,0,0,0,2
1,0,0,0,1
1,0,0,0,1
1,0,0,0,1
1,0,0,0,1
1,0,0,0,1
1,0,0,0,1
2,0,0,0,2
1,0,0,0,1
2,0,0,0,2
1,0,0,0,1
1,0,0,0,1
1,0,0,0,1
5,0,0,0,5
1,0,0,0,1
1,0,0,0,1
1,0,0,0,1
1,0,0,0,1
2,0,0,0,2
1,0,0,0,1
1,0,0,0,1
1,0,0,0,1
1,0,0,0,1
1,0,0,0,1
1,0,0,0,1
1,0,0,0,1
1,0,0,0,1
1,0,0,0,1
1,0,0,0,1
1,0,0,0,1
1,0,0,0,1
1,0,0,0,1
3,0,0,0,3
3,0,0,0,3
1,0,0,0,1
1,0,0,0,1
1,0,0,0,1
1,0,0,0,1
1,0,0,0,1
1,0,0,0,1
1,0,0,0,1
1,0,0,0,1
1,0,0,0,1
1,0,0,0,1
1,0,0,0,1
1,0,0,0,1
1,0,0,0,1
1,0,0,0,1
1,0,0,0,1
1,0,0,0,1
1,0,0,0,1
1,0,0,0,1
1,0,0,0,1
1,0,0,0,1
1,0,0,0,1
1,0,0,0,1
1,3,0,0,4
1,0,0,0,1
1,0,0,0,1
1,0,0,0,1
1,0,0,0,1
2,0,0,0,2
1,0,0,0,1
1,0,0,0,1
1,0,0,0,1
1,0,0,0,1
1,0,0,0,1
1,0,0,0,1
3,0,0,0,3
1,0,0,0,1
2,0,2,0,4
1,0,0,0,1
2,0,0,0,2
1,0,0,0,1
1,0,0,0,1
1,0,0,0,1
1,0,0,0,1
1,0,0,0,1
1,0,0,0,1
1,0,0,0,1
2,0,0,0,2
1,0,0,0,1
1,0,0,0,1
1,0,0,0,1
1,0,0,0,1
1,0,0,0,1
2,4,0,0,6
1,0,0,0,1
1,0,0,0,1
1,0,0,0,1
1,0,0,0,1
1,0,0,0,1
1,0,0,0,1
2,0,0,0,2
1,0,0,0,1
1,0,0,0,1
1,0,0,0,1
2,2,0,0,4
1,0,0,0,1
3,0,0,0,3
1,0,0,0,1
1,0,0,0,1
1,0,0,0,1
1,0,0,0,1
1,0,0,0,1
1,0,0,0,1
1,0,0,0,1
1,0,0,0,1
1,0,0,0,1
2,0,0,0,2
1,0,0,0,1
1,0,0,0,1
1,0,0,0,1
2,0,0,0,2
1,0,0,0,1
1,0,0,0,1
1,0,0,0,1
1,0,0,0,1
1,0,0,0,1
1,0,0,0,1
1,0,0,0,1
1,0,0,0,1
1,0,0,0,1
1,0,0,0,1
1,0,0,0,1
1,0,0,0,1
1,0,0,0,1
2,7,0,0,9
1,0,0,0,1
1,0,0,0,1
2,0,0,0,2
2,0,0,0,2
2,0,0,0,2
1,0,0,0,1
1,0,0,0,1
3,0,0,0,3
1,0,0,0,1
1,0,0,0,1
1,0,0,0,1
1,0,0,0,1
1,0,0,0,1
2,0,0,0,2
1,0,0,0,1
1,0,0,0,1
1,0,0,0,1
1,0,0,0,1
1,6,0,0,7
1,0,0,0,1
1,0,0,0,1
1,0,0,0,1
1,0,0,0,1
2,0,0,0,2
1,0,0,0,1
1,0,0,0,1
1,0,0,0,1
1,0,0,0,1
1,0,0,0,1
1,0,0,0,1
1,0,0,0,1
1,0,0,0,1
1,0,0,0,1
1,0,0,0,1
1,0,0,0,1
1,0,0,0,1
1,0,0,0,1
1,0,0,0,1
1,0,0,0,1
1,0,0,0,1
1,0,0,0,1
1,0,0,0,1
1,0,0,0,1
1,0,0,0,1
1,0,0,0,1
1,0,0,0,1
1,0,0,0,1
1,0,0,0,1
2,0,0,0,2
1,0,0,0,1
1,0,0,0,1
1,0,0,0,1
1,0,0,0,1
2,0,0,0,2
1,0,0,0,1
1,0,0,0,1
1,0,0,0,1
1,0,0,0,1
1,0,0,0,1
1,0,0,0,1
1,0,0,0,1
1,0,0,0,1
2,0,0,0,2
1,0,0,0,1
1,0,0,0,1
1,0,0,0,1
1,0,0,0,1
2,0,0,0,2
1,0,0,0,1
1,72,39,0,112
2,0,0,0,2
1,0,0,0,1
1,0,0,0,1
1,2,1,0,4
1,0,0,0,1
1,0,0,0,1
1,1,0,0,2
1,0,0,0,1
1,0,0,0,1
1,0,0,0,1
3,0,0,0,3
1,0,0,0,1
1,0,0,0,1
1,0,0,0,1
3,0,0,0,3
1,0,0,0,1
1,0,0,0,1
1,0,0,0,1
1,0,0,0,1
1,0,0,0,1
1,0,0,0,1
1,0,0,0,1
1,0,0,0,1
1,0,0,0,1
1,0,0,0,1
1,0,0,0,1
1,0,0,0,1
1,0,0,0,1
1,0,0,0,1
1,0,0,0,1
3,0,0,0,3
1,0,0,0,1
1,0,0,0,1
1,0,0,0,1
1,0,0,0,1
1,0,0,0,1
1,0,0,0,1
1,0,0,0,1
1,0,0,0,1
1,0,0,0,1
1,0,0,0,1
1,0,0,0,1
2,0,0,0,2
1,0,0,0,1
2,0,0,0,2
1,0,0,0,1
1,0,0,0,1
1,11,0,0,12
1,1,0,0,2
1,1,0,0,2
1,0,0,0,1
2,0,0,0,2
1,0,0,0,1
1,0,0,0,1
2,0,0,0,2
3,0,0,0,3
2,0,0,0,2
1,0,0,0,1
1,0,0,0,1
1,0,0,0,1
1,0,0,0,1
1,0,0,0,1
1,0,0,0,1
2,0,0,0,2
2,0,0,0,2
1,0,0,0,1
1,0,0,0,1
1,0,0,0,1
2,0,0,0,2
1,0,0,0,1
1,0,0,0,1
1,0,0,0,1
1,0,0,0,1
1,0,0,0,1
1,0,0,0,1
1,0,0,0,1
1,0,0,0,1
1,0,0,0,1
1,0,0,0,1
1,0,0,0,1
2,0,0,0,2
1,0,0,0,1
1,0,0,0,1
1,0,0,0,1
3,0,0,0,3
1,0,0,0,1
1,0,0,0,1
4,0,0,0,4
1,0,0,0,1
1,0,0,0,1
2,0,0,0,2
1,0,0,0,1
1,0,0,0,1
2,0,0,0,2
1,0,0,0,1
1,0,0,0,1
1,0,0,0,1
2,0,0,0,2
1,0,0,0,1
1,0,0,0,1
3,0,0,0,3
1,0,0,0,1
4,0,0,0,4
1,0,0,0,1
1,0,0,0,1
1,0,0,0,1
1,0,0,0,1
1,0,0,0,1
1,0,0,0,1
1,0,0,0,1
1,0,0,0,1
1,0,0,0,1
2,0,0,0,2
1,0,0,0,1
1,0,0,0,1
1,0,0,0,1
1,0,0,0,1
1,0,0,0,1
1,0,0,0,1
1,0,0,0,1
3,0,0,0,3
1,0,0,0,1
1,0,0,0,1
1,0,0,0,1
4,0,0,0,4
1,0,0,0,1
1,0,0,0,1
1,0,0,0,1
1,0,0,0,1
1,0,0,0,1
1,0,0,0,1
1,0,0,0,1
3,0,0,0,3
1,0,0,0,1
1,1,0,0,2
2,1,0,0,3
2,0,0,0,2
1,0,0,0,1
1,0,0,0,1
1,0,0,0,1
1,0,0,0,1
2,0,0,0,2
1,0,0,0,1
1,0,0,0,1
1,0,0,0,1
1,0,0,0,1
1,0,0,0,1
1,0,0,0,1
1,0,0,0,1
1,0,0,0,1
1,0,0,0,1
1,0,0,0,1
1,0,0,0,1
1,0,0,0,1
1,0,0,0,1
2,0,0,0,2
1,0,0,0,1
1,0,0,0,1
1,0,0,0,1
1,0,0,0,1
1,0,0,0,1
1,3,5,0,9
1,0,0,0,1
1,0,0,0,1
1,0,0,0,1
1,0,0,0,1
3,0,0,0,3
1,0,0,0,1
1,0,0,0,1
1,0,0,0,1
1,0,0,0,1
1,0,0,0,1
1,0,0,0,1
1,0,0,0,1
1,0,0,0,1
1,0,0,0,1
1,0,0,0,1
1,0,0,0,1
1,0,0,0,1
1,0,0,0,1
1,0,0,0,1
1,0,0,0,1
1,0,0,0,1
1,0,0,0,1
1,0,0,0,1
1,0,0,0,1
2,0,0,0,2
1,0,0,0,1
1,0,0,0,1
1,1,0,0,2
2,0,0,0,2
1,0,0,0,1
1,0,0,0,1
1,0,0,0,1
1,0,0,0,1
4,0,0,0,4
1,0,0,0,1
1,0,0,0,1
1,0,0,0,1
1,2,0,0,3
1,0,0,0,1
1,0,0,0,1
1,0,0,0,1
1,1,0,0,2
1,0,0,0,1
1,0,0,0,1
1,0,0,0,1
2,5,0,0,7
1,0,0,0,1
1,0,0,0,1
1,0,0,0,1
1,0,0,0,1
1,0,0,0,1
1,0,0,0,1
3,0,0,0,3
1,0,0,0,1
1,0,0,0,1
1,0,0,0,1
1,0,0,0,1
1,0,0,0,1
1,0,0,0,1
1,0,0,0,1
1,0,0,0,1
1,0,0,0,1
1,0,0,0,1
1,0,0,0,1
1,0,0,0,1
1,0,0,0,1
1,0,0,0,1
2,4,0,0,6
1,0,0,0,1
1,0,0,0,1
1,0,0,0,1
1,0,0,0,1
1,0,0,0,1
1,0,0,0,1
1,0,0,0,1
1,5,0,0,6
1,0,0,0,1
1,0,0,0,1
1,0,0,0,1
3,0,0,0,3
1,0,0,0,1
2,0,0,0,2
1,0,0,0,1
1,0,0,0,1
1,0,0,0,1
3,0,0,0,3
2,0,0,0,2
1,0,0,0,1
1,0,0,0,1
1,0,0,0,1
1,0,0,0,1
1,0,0,0,1
2,0,0,0,2
3,0,0,0,3
1,0,0,0,1
1,0,0,0,1
1,0,0,0,1
1,0,0,0,1
1,0,0,0,1
3,0,0,0,3
1,0,0,0,1
1,0,0,0,1
1,0,0,0,1
1,0,0,0,1
1,0,0,0,1
1,0,0,0,1
1,0,0,0,1
1,0,0,0,1
1,0,0,0,1
3,0,0,0,3
1,0,0,0,1
1,0,0,0,1
2,0,0,0,2
1,0,0,0,1
1,0,0,0,1
1,0,0,0,1
1,0,0,0,1
1,0,0,0,1
2,0,0,0,2
1,0,0,0,1
1,0,0,0,1
1,0,0,0,1
1,0,0,0,1
1,0,0,0,1
1,0,0,0,1
1,0,0,0,1
4,0,0,0,4
1,0,0,0,1
2,8,1,0,11
1,0,0,0,1
1,0,0,0,1
1,0,0,0,1
1,0,0,0,1
1,0,0,0,1
1,0,0,0,1
1,0,0,0,1
1,0,0,0,1
1,0,0,0,1
1,0,0,0,1
1,0,0,0,1
1,0,0,0,1
1,0,0,0,1
2,0,0,0,2
1,0,0,0,1
1,0,0,0,1
1,0,0,0,1
1,0,0,0,1
1,0,0,0,1
1,0,0,0,1
1,0,0,0,1
1,0,0,0,1
3,0,0,0,3
1,0,0,0,1
1,0,0,0,1
1,0,0,0,1
1,0,0,0,1
1,0,0,0,1
1,0,0,0,1
1,0,0,0,1
1,0,0,0,1
1,0,0,0,1
1,0,0,0,1
1,0,0,0,1
1,0,0,0,1
1,0,0,0,1
1,0,0,0,1
1,0,0,0,1
1,0,0,0,1
1,0,0,0,1
1,0,0,0,1
1,0,0,0,1
1,0,0,0,1
1,0,0,0,1
2,0,0,0,2
1,0,0,0,1
1,0,0,0,1
1,0,0,0,1
1,2,2,0,5
2,0,0,0,2
2,0,0,0,2
1,0,0,0,1
1,0,0,0,1
1,0,0,0,1
1,0,0,0,1
1,0,0,0,1
1,0,0,0,1
1,0,0,0,1
2,36,0,0,38
2,43,1,0,46
1,0,0,0,1
1,0,0,0,1
1,0,0,0,1
1,0,0,0,1
1,0,0,0,1
1,0,0,0,1
1,0,0,0,1
1,0,0,0,1
1,0,0,0,1
1,0,0,0,1
2,0,0,0,2
1,0,0,0,1
1,0,0,0,1
2,0,0,0,2
2,0,0,0,2
1,0,0,0,1
1,0,0,0,1
1,0,0,0,1
1,0,0,0,1
1,0,0,0,1
1,0,0,0,1
1,0,0,0,1
1,0,0,0,1
1,0,0,0,1
1,0,0,0,1
1,0,0,0,1
1,0,0,0,1
1,0,0,0,1
1,0,0,0,1
2,0,0,0,2
1,0,0,0,1
1,0,0,0,1
2,0,0,0,2
1,0,0,0,1
1,0,0,0,1
1,0,0,0,1
1,0,0,0,1
2,0,0,0,2
1,0,0,0,1
1,0,0,0,1
1,0,0,0,1
1,0,0,0,1
1,0,0,0,1
1,0,0,0,1
1,0,0,0,1
1,0,0,0,1
1,0,0,0,1
1,0,0,0,1
1,0,0,0,1
1,0,0,0,1
1,0,0,0,1
1,0,0,0,1
2,0,0,0,2
1,0,0,0,1
1,0,0,0,1
1,0,0,0,1
1,0,0,0,1
1,0,0,0,1
1,0,0,0,1
1,7,0,0,8
1,0,0,0,1
1,0,0,0,1
2,0,0,0,2
1,0,0,0,1
1,0,0,0,1
1,0,0,0,1
1,1,0,0,2
1,5,0,0,6
1,0,0,0,1
1,0,0,0,1
1,0,0,0,1
1,0,0,0,1
1,0,0,0,1
1,0,0,0,1
1,0,0,0,1
1,0,0,0,1
1,0,0,0,1
1,0,0,0,1
2,0,0,0,2
2,0,0,0,2
1,0,0,0,1
1,0,0,0,1
1,0,0,0,1
1,0,0,0,1
1,0,0,0,1
1,0,0,0,1
1,0,0,0,1
1,0,0,0,1
1,0,0,0,1
3,0,0,0,3
1,0,0,0,1
2,0,0,0,2
1,0,0,0,1
1,0,0,0,1
2,0,0,0,2
1,0,0,0,1
1,0,0,0,1
1,0,0,0,1
1,0,0,0,1
1,0,0,0,1
1,0,0,0,1
1,0,0,0,1
1,0,0,0,1
1,0,0,0,1
1,0,0,0,1
1,0,0,0,1
1,0,0,0,1
1,0,0,0,1
1,0,0,0,1
1,0,0,0,1
1,0,0,0,1
1,0,0,0,1
1,0,0,0,1
1,0,0,0,1
1,0,0,0,1
1,0,0,0,1
1,0,0,0,1
1,0,0,0,1
1,0,0,0,1
1,0,0,0,1
1,0,0,0,1
1,0,0,0,1
1,0,0,0,1
1,0,0,0,1
2,0,0,0,2
1,0,0,0,1
1,0,0,0,1
2,0,0,0,2
2,0,0,0,2
1,0,0,0,1
1,0,0,0,1
1,0,0,0,1
1,0,0,0,1
1,0,0,0,1
1,0,0,0,1
1,0,0,0,1
2,0,0,0,2
1,0,0,0,1
1,0,0,0,1
1,0,0,0,1
1,0,0,0,1
1,0,0,0,1
1,0,0,0,1
4,0,0,0,4
1,0,0,0,1
1,0,0,0,1
1,0,0,0,1
1,0,0,0,1
1,0,0,0,1
2,0,0,0,2
1,0,0,0,1
2,0,0,0,2
1,0,0,0,1
1,0,0,0,1
1,0,0,0,1
1,0,0,0,1
1,0,0,0,1
1,0,0,0,1
1,0,0,0,1
2,0,0,0,2
1,0,0,0,1
1,0,0,0,1
1,0,0,0,1
1,0,0,0,1
1,0,0,0,1
1,0,0,0,1
1,0,0,0,1
1,0,0,0,1
2,0,0,0,2
1,1,0,0,2
1,0,0,0,1
2,0,0,0,2
1,0,0,0,1
1,0,0,0,1
1,0,0,0,1
1,0,0,0,1
1,0,0,0,1
1,0,0,0,1
1,0,0,0,1
1,0,0,0,1
1,0,0,0,1
1,0,0,0,1
1,0,0,0,1
1,0,0,0,1
2,0,0,0,2
1,0,0,0,1
1,0,0,0,1
2,0,0,0,2
1,0,0,0,1
1,0,0,0,1
2,0,0,0,2
1,0,0,0,1
1,0,0,0,1
1,0,0,0,1
1,0,0,0,1
2,0,0,0,2
1,0,0,0,1
1,0,0,0,1
1,5,0,0,6
1,0,0,0,1
1,0,0,0,1
1,0,0,0,1
1,0,0,0,1
1,0,0,0,1
1,0,0,0,1
1,0,0,0,1
1,0,0,0,1
1,0,0,0,1
1,0,0,0,1
1,0,0,0,1
1,0,0,0,1
2,0,0,0,2
1,0,0,0,1
1,0,0,0,1
1,0,0,0,1
1,0,0,0,1
1,0,0,0,1
1,0,0,0,1
1,0,0,0,1
1,0,0,0,1
1,0,0,0,1
2,0,0,0,2
1,0,0,0,1
2,0,0,0,2
1,0,0,0,1
1,0,0,0,1
1,0,0,0,1
1,0,0,0,1
1,0,0,0,1
1,0,0,0,1
1,0,0,0,1
2,0,0,0,2
1,0,0,0,1
1,0,0,0,1
1,0,0,0,1
2,0,0,0,2
1,0,0,0,1
1,0,0,0,1
1,0,0,0,1
1,0,0,0,1
1,0,0,0,1
1,0,0,0,1
1,0,0,0,1
1,0,0,0,1
2,0,0,0,2
1,0,0,0,1
1,0,0,0,1
1,0,0,0,1
1,0,0,0,1
1,0,0,0,1
1,0,0,0,1
1,0,0,0,1
4,0,0,0,4
1,2,0,0,3
1,0,0,0,1
1,0,0,0,1
1,0,0,0,1
1,0,0,0,1
1,0,0,0,1
1,0,0,0,1
1,0,0,0,1
1,0,0,0,1
1,0,0,0,1
1,0,0,0,1
1,0,0,0,1
1,0,0,0,1
2,0,0,0,2
1,0,0,0,1
2,0,0,0,2
1,0,0,0,1
2,0,0,0,2
1,0,0,0,1
1,0,0,0,1
1,0,0,0,1
1,0,0,0,1
1,0,0,0,1
1,0,0,0,1
1,0,0,0,1
3,0,0,0,3
3,592,0,0,595
2,0,0,0,2
1,0,0,0,1
1,0,0,0,1
1,0,0,0,1
1,0,0,0,1
2,0,0,0,2
1,0,0,0,1
2,0,0,0,2
1,0,0,0,1
1,0,0,0,1
1,0,0,0,1
1,0,0,0,1
1,0,0,0,1
1,0,0,0,1
1,0,0,0,1
1,0,0,0,1
1,0,0,0,1
1,0,0,0,1
1,0,0,0,1
1,2,1,0,4
1,0,0,0,1
1,0,0,0,1
1,0,0,0,1
2,0,0,0,2
1,0,0,0,1
1,0,0,0,1
1,0,0,0,1
1,0,0,0,1
1,0,0,0,1
1,0,0,0,1
1,0,0,0,1
1,0,0,0,1
1,0,0,0,1
1,0,0,0,1
1,0,0,0,1
1,0,0,0,1
1,0,0,0,1
3,0,0,0,3
1,0,0,0,1
1,0,0,0,1
1,0,0,0,1
3,36,0,0,39
1,0,0,0,1
1,0,0,0,1
1,0,0,0,1
2,0,0,0,2
1,0,0,0,1
1,0,0,0,1
1,0,0,0,1
1,0,0,0,1
1,0,0,0,1
1,0,0,0,1
1,0,0,0,1
2,0,0,0,2
1,0,0,0,1
2,0,0,0,2
1,0,0,0,1
1,0,0,0,1
1,0,0,0,1
1,0,0,0,1
1,0,0,0,1
1,0,0,0,1
2,0,0,0,2
1,0,0,0,1
2,3,0,0,5
1,0,0,0,1
1,0,0,0,1
1,0,0,0,1
1,0,0,0,1
1,0,0,0,1
1,0,0,0,1
1,0,0,0,1
1,0,0,0,1
2,0,0,0,2
2,0,0,0,2
1,0,0,0,1
2,0,0,0,2
1,0,0,0,1
1,0,0,0,1
1,0,0,0,1
1,0,0,0,1
1,3,0,0,4
1,0,0,0,1
1,0,0,0,1
2,0,0,0,2
1,0,0,0,1
1,0,0,0,1
1,0,0,0,1
1,0,0,0,1
1,0,0,0,1
1,0,0,0,1
1,0,0,0,1
1,0,0,0,1
1,0,0,0,1
1,0,0,0,1
3,0,0,0,3
1,0,0,0,1
1,0,0,0,1
1,0,0,0,1
1,0,0,0,1
1,0,0,0,1
1,0,0,0,1
1,0,0,0,1
1,2,0,0,3
1,0,0,0,1
1,3,1,0,5
1,0,0,0,1
1,0,0,0,1
1,0,0,0,1
2,0,0,0,2
2,0,0,0,2
1,0,0,0,1
1,0,0,0,1
1,0,0,0,1
1,0,0,0,1
1,0,0,0,1
1,0,0,0,1
1,0,0,0,1
1,0,0,0,1
1,0,0,0,1
1,0,0,0,1
1,0,0,0,1
1,0,0,0,1
1,0,0,0,1
1,0,0,0,1
1,0,0,0,1
2,3,0,0,5
1,0,0,0,1
2,0,0,0,2
1,0,0,0,1
1,0,0,0,1
1,0,0,0,1
2,0,0,0,2
2,0,0,0,2
1,0,0,0,1
1,0,0,0,1
2,0,0,0,2
1,0,0,0,1
1,0,0,0,1
1,2,1,0,4
1,0,0,0,1
1,1,0,0,2
2,0,0,0,2
1,0,0,0,1
2,0,0,0,2
1,1,0,0,2
1,0,0,0,1
1,0,0,0,1
1,0,0,0,1
1,0,0,0,1
1,0,0,0,1
1,0,0,0,1
1,0,0,0,1
2,0,0,0,2
1,0,0,0,1
1,0,0,0,1
1,0,0,0,1
1,0,0,0,1
1,0,0,0,1
1,0,0,0,1
1,0,0,0,1
2,0,0,0,2
2,0,0,0,2
2,0,0,0,2
1,0,0,0,1
2,0,0,0,2
1,0,0,0,1
1,0,0,0,1
1,0,0,0,1
1,0,0,0,1
2,0,0,0,2
1,0,0,0,1
1,0,0,0,1
1,0,0,0,1
1,0,0,0,1
1,0,0,0,1
1,0,0,0,1
1,0,0,0,1
1,2,0,0,3
2,0,0,0,2
1,0,0,0,1
1,0,0,0,1
1,0,0,0,1
1,9,0,0,10
1,0,0,0,1
1,0,0,0,1
1,0,0,0,1
1,4,0,0,5
2,0,0,0,2
1,0,0,0,1
1,0,0,0,1
1,0,0,0,1
3,0,0,0,3
1,0,0,0,1
1,0,0,0,1
1,0,0,0,1
1,0,0,0,1
1,0,0,0,1
1,0,0,0,1
1,0,0,0,1
1,0,0,0,1
2,5,0,0,7
1,0,0,0,1
2,0,0,0,2
1,0,0,0,1
1,0,0,0,1
1,0,0,0,1
1,0,0,0,1
1,0,0,0,1
1,0,0,0,1
1,0,0,0,1
1,0,0,0,1
1,0,0,0,1
1,0,0,0,1
1,0,0,0,1
1,0,0,0,1
1,0,0,0,1
1,0,0,0,1
1,0,0,0,1
1,0,0,0,1
2,0,0,0,2
1,0,0,0,1
1,0,0,0,1
1,0,0,0,1
1,0,0,0,1
1,0,0,0,1
1,0,0,0,1
1,0,0,0,1
1,0,0,0,1
1,0,0,0,1
2,2,0,0,4
1,0,0,0,1
1,0,0,0,1
1,0,0,0,1
1,0,0,0,1
1,0,0,0,1
2,3,0,0,5
1,0,0,0,1
1,0,0,0,1
2,0,0,0,2
1,1,0,0,2
1,0,0,0,1
1,0,0,0,1
1,0,0,0,1
1,0,0,0,1
1,0,0,0,1
5,0,0,0,5
1,0,0,0,1
1,0,0,0,1
1,0,0,0,1
1,0,0,0,1
2,0,0,0,2
1,0,0,0,1
1,0,0,0,1
1,0,0,0,1
1,0,0,0,1
1,0,0,0,1
1,0,0,0,1
1,0,0,0,1
2,0,0,0,2
2,0,0,0,2
1,0,0,0,1
1,0,0,0,1
1,0,0,0,1
1,0,0,0,1
1,0,0,0,1
1,0,0,0,1
1,0,0,0,1
2,0,0,0,2
3,0,0,0,3
1,0,0,0,1
1,0,0,0,1
1,0,0,0,1
2,0,0,0,2
1,0,0,0,1
1,0,0,0,1
1,0,0,0,1
1,0,0,0,1
3,0,0,0,3
1,0,0,0,1
1,0,0,0,1
1,0,0,0,1
1,0,0,0,1
1,0,0,0,1
2,0,0,0,2
1,1,0,0,2
1,0,0,0,1
1,0,0,0,1
1,0,0,0,1
1,0,0,0,1
1,0,0,0,1
1,0,0,0,1
1,0,0,0,1
1,16,0,0,17
1,0,0,0,1
1,1,0,0,2
1,0,0,0,1
1,0,0,0,1
1,0,0,0,1
1,0,0,0,1
1,7,1,0,9
1,0,0,0,1
1,0,0,0,1
1,0,0,0,1
1,0,0,0,1
1,0,0,0,1
1,0,0,0,1
1,0,0,0,1
1,0,0,0,1
1,0,0,0,1
1,0,0,0,1
3,0,0,0,3
1,0,0,0,1
1,0,0,0,1
1,0,0,0,1
3,0,0,0,3
1,0,0,0,1
1,0,0,0,1
2,0,0,0,2
1,0,0,0,1
1,0,0,0,1
1,0,0,0,1
1,0,0,0,1
1,0,0,0,1
1,0,0,0,1
1,0,0,0,1
1,0,0,0,1
1,0,0,0,1
1,0,0,0,1
1,0,0,0,1
2,0,0,0,2
1,0,0,0,1
1,0,0,0,1
1,0,0,0,1
1,0,0,0,1
1,0,0,0,1
1,0,0,0,1
1,0,0,0,1
1,0,0,0,1
1,0,0,0,1
1,0,0,0,1
1,0,0,0,1
3,0,0,0,3
1,0,0,0,1
3,0,0,0,3
1,0,0,0,1
1,0,0,0,1
1,0,0,0,1
1,0,0,0,1
2,0,0,0,2
2,0,0,0,2
1,0,0,0,1
1,0,0,0,1
1,0,0,0,1
1,0,0,0,1
1,0,0,0,1
1,0,0,0,1
1,0,0,0,1
2,0,0,0,2
1,0,0,0,1
1,0,0,0,1
2,0,0,0,2
1,0,0,0,1
1,0,0,0,1
3,0,0,0,3
1,0,0,0,1
1,0,0,0,1
1,0,0,0,1
1,0,0,0,1
2,0,0,0,2
1,0,0,0,1
1,0,0,0,1
1,0,0,0,1
1,0,0,0,1
1,0,0,0,1
1,0,0,0,1
1,0,0,0,1
1,0,0,0,1
1,0,0,0,1
1,0,0,0,1
2,0,0,0,2
1,0,0,0,1
1,0,0,0,1
2,0,0,0,2
1,0,0,0,1
1,0,0,0,1
2,0,0,0,2
1,0,0,0,1
1,0,0,0,1
1,1,0,0,2
1,0,0,0,1
1,0,0,0,1
1,0,0,0,1
1,0,0,0,1
1,0,0,0,1
2,0,0,0,2
1,0,0,0,1
1,0,0,0,1
2,0,0,0,2
2,0,0,0,2
1,0,0,0,1
1,0,0,0,1
1,0,0,0,1
5,0,0,0,5
1,0,0,0,1
1,0,0,0,1
1,0,0,0,1
1,0,0,0,1
2,0,0,0,2
1,0,0,0,1
3,0,0,0,3
1,0,0,0,1
1,0,0,0,1
1,0,0,0,1
2,0,0,0,2
1,0,0,0,1
1,0,0,0,1
1,0,0,0,1
1,0,0,0,1
1,0,0,0,1
1,0,0,0,1
2,2,1,0,5
1,0,0,0,1
2,0,0,0,2
1,0,0,0,1
2,0,0,0,2
1,0,0,0,1
1,0,0,0,1
1,0,0,0,1
1,0,0,0,1
1,0,0,0,1
1,0,0,0,1
1,0,0,0,1
1,0,0,0,1
1,0,0,0,1
1,0,0,0,1
1,0,0,0,1
2,0,0,0,2
1,0,0,0,1
1,0,0,0,1
1,0,0,0,1
1,0,0,0,1
1,0,0,0,1
1,0,0,0,1
1,0,0,0,1
1,0,0,0,1
1,0,0,0,1
2,0,0,0,2
1,0,0,0,1
4,0,0,0,4
1,2,0,0,3
2,0,0,0,2
1,0,0,0,1
1,0,0,0,1
1,0,0,0,1
1,0,0,0,1
1,0,0,0,1
2,0,0,0,2
1,0,0,0,1
1,0,0,0,1
1,0,0,0,1
1,0,0,0,1
1,0,0,0,1
1,0,0,0,1
2,0,0,0,2
1,0,0,0,1
2,0,0,0,2
1,3,0,0,4
1,0,0,0,1
1,0,0,0,1
1,0,0,0,1
1,0,0,0,1
2,0,0,0,2
1,0,0,0,1
1,0,0,0,1
1,0,0,0,1
1,1,0,0,2
1,0,0,0,1
1,0,0,0,1
1,0,0,0,1
1,0,0,0,1
1,0,0,0,1
1,0,0,0,1
1,0,0,0,1
1,0,0,0,1
2,0,0,0,2
1,0,0,0,1
1,0,0,0,1
1,3,0,0,4
1,0,0,0,1
1,0,0,0,1
1,0,0,0,1
1,0,0,0,1
1,0,0,0,1
2,0,0,0,2
2,0,0,0,2
1,0,0,0,1
1,0,0,0,1
1,0,0,0,1
1,0,0,0,1
1,0,0,0,1
1,0,0,0,1
1,0,0,0,1
1,0,0,0,1
1,0,0,0,1
1,0,0,0,1
1,0,0,0,1
1,0,0,0,1
1,0,0,0,1
1,0,0,0,1
1,0,0,0,1
1,0,0,0,1
1,0,0,0,1
1,0,0,0,1
2,0,0,0,2
1,0,0,0,1
1,0,0,0,1
1,0,0,0,1
1,0,0,0,1
1,0,0,0,1
1,0,0,0,1
2,0,0,0,2
1,0,0,0,1
1,0,0,0,1
1,0,0,0,1
2,0,0,0,2
1,0,0,0,1
2,0,0,0,2
1,3,0,0,4
1,0,0,0,1
1,0,0,0,1
1,0,0,0,1
2,0,0,0,2
1,0,0,0,1
3,0,0,0,3
1,0,0,0,1
1,0,0,0,1
1,0,0,0,1
1,0,0,0,1
1,0,0,0,1
1,0,0,0,1
2,21,0,0,23
1,0,0,0,1
1,0,0,0,1
1,0,2,0,3
1,0,0,0,1
1,0,0,0,1
4,0,0,0,4
1,0,0,0,1
1,0,0,0,1
4,0,0,0,4
1,0,0,0,1
1,0,0,0,1
2,0,0,0,2
1,0,0,0,1
6,0,0,0,6
1,0,0,0,1
1,0,0,0,1
2,0,0,0,2
1,0,0,0,1
1,0,0,0,1
1,0,0,0,1
1,0,0,0,1
1,0,0,0,1
1,0,0,0,1
1,0,0,0,1
1,0,0,0,1
1,0,0,0,1
1,0,0,0,1
1,0,0,0,1
1,0,0,0,1
1,0,0,0,1
1,0,0,0,1
1,0,0,0,1
1,0,0,0,1
1,0,0,0,1
1,0,0,0,1
2,0,0,0,2
1,0,0,0,1
1,0,0,0,1
1,0,0,0,1
1,0,0,0,1
1,0,0,0,1
2,0,0,0,2
1,0,0,0,1
1,0,0,0,1
1,0,0,0,1
1,0,0,0,1
1,0,0,0,1
1,0,0,0,1
1,0,0,0,1
1,0,0,0,1
1,0,0,0,1
1,0,0,0,1
1,0,0,0,1
1,0,0,0,1
1,0,0,0,1
2,0,0,0,2
1,0,0,0,1
1,0,0,0,1
1,0,0,0,1
1,0,0,0,1
1,0,0,0,1
1,0,0,0,1
1,0,0,0,1
3,0,0,0,3
1,0,0,0,1
1,0,0,0,1
1,0,0,0,1
2,0,0,0,2
1,0,0,0,1
2,0,0,0,2
1,0,0,0,1
1,0,0,0,1
1,0,0,0,1
1,22,0,0,23
1,0,0,0,1
1,0,0,0,1
1,0,0,0,1
1,0,0,0,1
2,0,0,0,2
1,0,0,0,1
1,0,0,0,1
1,0,0,0,1
1,0,0,0,1
2,0,0,0,2
1,0,0,0,1
1,0,0,0,1
1,0,0,0,1
2,0,0,0,2
1,0,0,0,1
1,0,0,0,1
1,0,0,0,1
1,0,0,0,1
1,0,0,0,1
1,0,0,0,1
1,0,0,0,1
1,0,0,0,1
1,0,0,0,1
1,0,0,0,1
1,0,0,0,1
1,0,0,0,1
1,0,0,0,1
1,0,0,0,1
1,0,0,0,1
1,0,0,0,1
1,0,0,0,1
1,0,0,0,1
1,0,0,0,1
1,0,0,0,1
1,0,0,0,1
4,2,0,0,6
1,0,0,0,1
1,0,0,0,1
1,1,0,0,2
1,0,0,0,1
1,2,0,0,3
1,1,0,0,2
2,0,0,0,2
1,0,0,0,1
1,0,0,0,1
1,0,0,0,1
1,0,0,0,1
1,0,0,0,1
3,0,0,0,3
1,0,0,0,1
1,0,0,0,1
1,0,0,0,1
1,0,0,0,1
1,0,0,0,1
1,0,0,0,1
1,0,0,0,1
1,0,0,0,1
1,0,0,0,1
1,0,0,0,1
1,0,0,0,1
1,0,0,0,1
1,0,0,0,1
1,0,0,0,1
1,0,0,0,1
1,0,0,0,1
1,0,0,0,1
1,0,0,0,1
1,0,0,0,1
1,0,0,0,1
1,0,0,0,1
1,0,0,0,1
1,0,0,0,1
1,0,0,0,1
1,0,0,0,1
1,0,0,0,1
1,0,0,0,1
1,0,0,0,1
1,0,0,0,1
1,0,0,0,1
1,0,0,0,1
1,0,0,0,1
1,0,0,0,1
1,0,0,0,1
2,0,0,0,2
2,0,0,0,2
1,0,0,0,1
3,0,0,0,3
2,0,0,0,2
1,0,0,0,1
1,0,0,0,1
1,0,0,0,1
1,0,0,0,1
1,0,0,0,1
1,0,0,0,1
1,0,0,0,1
1,0,0,0,1
1,0,0,0,1
1,0,0,0,1
1,0,0,0,1
1,0,0,0,1
1,0,0,0,1
1,0,0,0,1
1,0,0,0,1
1,0,0,0,1
1,0,0,0,1
2,0,0,0,2
1,0,0,0,1
1,0,0,0,1
1,0,0,0,1
1,0,0,0,1
1,0,0,0,1
1,0,0,0,1
1,0,0,0,1
1,0,0,0,1
2,0,0,0,2
1,0,0,0,1
1,0,0,0,1
1,0,0,0,1
1,0,0,0,1
2,0,0,0,2
1,0,0,0,1
1,0,0,0,1
1,0,0,0,1
3,0,0,0,3
1,0,0,0,1
1,0,0,0,1
1,0,0,0,1
1,0,0,0,1
1,0,0,0,1
1,0,0,0,1
1,0,0,0,1
1,0,0,0,1
1,0,0,0,1
1,0,0,0,1
1,0,0,0,1
1,0,0,0,1
1,0,0,0,1
2,11,0,0,13
1,0,0,0,1
2,0,0,0,2
1,0,0,0,1
1,0,0,0,1
1,0,0,0,1
1,0,0,0,1
1,0,0,0,1
1,1,0,0,2
1,0,0,0,1
1,0,0,0,1
2,0,0,0,2
1,0,0,0,1
1,0,0,0,1
2,2,0,0,4
1,0,0,0,1
1,0,0,0,1
1,0,0,0,1
1,0,0,0,1
1,0,0,0,1
2,0,0,0,2
1,0,0,0,1
2,0,0,0,2
1,0,0,0,1
2,0,0,0,2
1,0,0,0,1
1,0,0,0,1
2,0,0,0,2
1,0,0,0,1
1,0,0,0,1
1,0,0,0,1
1,0,0,0,1
1,0,0,0,1
3,0,0,0,3
1,0,0,0,1
1,0,0,0,1
1,0,0,0,1
1,0,0,0,1
1,0,0,0,1
1,0,0,0,1
1,0,0,0,1
1,0,0,0,1
1,0,0,0,1
2,0,0,0,2
1,0,0,0,1
1,0,0,0,1
1,0,0,0,1
1,0,0,0,1
2,0,0,0,2
1,0,0,0,1
1,0,0,0,1
2,0,0,0,2
2,0,0,0,2
3,0,0,0,3
1,0,0,0,1
1,0,0,0,1
1,0,0,0,1
1,0,0,0,1
1,0,0,0,1
2,0,0,0,2
1,0,0,0,1
1,0,0,0,1
1,0,0,0,1
1,0,0,0,1
1,0,0,0,1
3,0,0,0,3
1,0,0,0,1
2,0,0,0,2
1,0,0,0,1
1,0,0,0,1
1,0,0,0,1
1,0,0,0,1
1,0,0,0,1
1,0,0,0,1
1,0,0,0,1
1,3,0,0,4
3,0,0,0,3
1,0,0,0,1
1,0,0,0,1
1,0,0,0,1
4,4,0,0,8
2,0,0,0,2
1,0,0,0,1
1,0,0,0,1
1,0,0,0,1
1,0,0,0,1
1,0,0,0,1
1,0,0,0,1
1,0,0,0,1
2,0,0,0,2
1,0,0,0,1
1,0,0,0,1
1,0,0,0,1
1,0,0,0,1
1,0,0,0,1
1,0,0,0,1
2,0,0,0,2
1,0,0,0,1
2,0,0,0,2
2,0,0,0,2
1,0,0,0,1
3,0,0,0,3
2,0,0,0,2
1,0,0,0,1
1,0,0,0,1
1,0,0,0,1
2,3,0,0,5
1,0,0,0,1
1,0,0,0,1
1,0,0,0,1
2,2,0,0,4
1,0,0,0,1
1,0,0,0,1
1,0,0,0,1
1,0,0,0,1
2,0,0,0,2
1,0,0,0,1
1,0,0,0,1
3,0,0,0,3
1,0,0,0,1
1,0,0,0,1
2,0,0,0,2
1,0,0,0,1
1,0,0,0,1
1,0,0,0,1
1,0,0,0,1
2,0,0,0,2
2,0,0,0,2
1,0,0,0,1
1,0,0,0,1
1,0,0,0,1
2,0,0,0,2
2,592,0,0,594
1,0,0,0,1
1,0,0,0,1
1,0,0,0,1
2,0,0,0,2
1,0,0,0,1
1,0,0,0,1
1,0,0,0,1
1,0,0,0,1
1,0,0,0,1
3,0,0,0,3
1,0,0,0,1
1,0,0,0,1
1,0,0,0,1
1,0,0,0,1
1,0,0,0,1
3,0,0,0,3
1,0,0,0,1
1,0,0,0,1
3,0,0,0,3
2,0,0,0,2
1,0,0,0,1
1,0,0,0,1
1,0,0,0,1
3,0,0,0,3
1,0,0,0,1
1,0,0,0,1
1,0,0,0,1
1,0,0,0,1
1,0,0,0,1
1,0,0,0,1
1,0,0,0,1
1,0,0,0,1
1,2,0,0,3
1,0,0,0,1
1,0,0,0,1
1,0,0,0,1
1,0,0,0,1
1,0,0,0,1
1,0,0,0,1
1,0,0,0,1
2,2,0,0,4
1,0,0,0,1
1,0,0,0,1
1,0,0,0,1
2,0,0,0,2
2,0,0,0,2
1,0,0,0,1
1,0,0,0,1
2,0,0,0,2
1,0,0,0,1
1,0,0,0,1
1,0,0,0,1
1,0,0,0,1
1,0,0,0,1
1,0,0,0,1
1,0,0,0,1
1,0,0,0,1
1,0,0,0,1
1,0,0,0,1
1,0,0,0,1
1,0,0,0,1
1,0,0,0,1
1,0,0,0,1
1,4,0,0,5
1,0,0,0,1
1,0,0,0,1
2,0,0,0,2
1,0,0,0,1
1,0,0,0,1
1,0,0,0,1
1,0,0,0,1
1,0,0,0,1
1,0,0,0,1
1,0,0,0,1
1,0,0,0,1
1,0,0,0,1
1,0,0,0,1
1,0,0,0,1
2,0,0,0,2
2,0,0,0,2
1,0,0,0,1
1,0,0,0,1
1,0,0,0,1
1,0,0,0,1
1,0,0,0,1
1,0,0,0,1
1,0,0,0,1
1,0,0,0,1
3,0,0,0,3
1,0,0,0,1
1,0,0,0,1
1,0,0,0,1
1,0,0,0,1
1,0,0,0,1
1,0,0,0,1
2,0,0,0,2
2,0,0,0,2
1,0,0,0,1
1,0,0,0,1
1,0,0,0,1
1,0,0,0,1
1,0,0,0,1
2,0,0,0,2
1,0,0,0,1
1,0,0,0,1
1,0,0,0,1
1,1,0,0,2
1,0,0,0,1
1,0,0,0,1
1,0,0,0,1
2,0,0,0,2
1,0,0,0,1
1,0,0,0,1
1,0,0,0,1
2,0,0,0,2
1,0,0,0,1
1,0,0,0,1
1,0,0,0,1
1,0,0,0,1
1,0,0,0,1
1,0,0,0,1
1,0,0,0,1
1,0,0,0,1
1,0,0,0,1
1,0,0,0,1
1,0,0,0,1
1,0,0,0,1
1,5,0,0,6
1,0,0,0,1
3,0,0,0,3
1,0,0,0,1
1,0,0,0,1
1,0,0,0,1
3,0,0,0,3
1,0,0,0,1
1,0,0,0,1
1,0,0,0,1
3,0,0,0,3
1,0,0,0,1
1,0,0,0,1
1,0,0,0,1
2,0,0,0,2
1,0,0,0,1
1,0,0,0,1
1,0,0,0,1
1,0,0,0,1
1,0,0,0,1
1,0,0,0,1
1,0,0,0,1
1,0,0,0,1
2,0,0,0,2
1,0,0,0,1
1,0,0,0,1
1,0,0,0,1
1,0,0,0,1
1,0,0,0,1
1,0,0,0,1
1,0,0,0,1
1,0,0,0,1
2,0,0,0,2
1,0,0,0,1
1,3,0,0,4
3,0,0,0,3
1,0,0,0,1
1,0,0,0,1
1,0,0,0,1
1,0,0,0,1
1,0,0,0,1
1,0,0,0,1
1,0,0,0,1
1,0,0,0,1
2,0,0,0,2
1,0,0,0,1
1,0,0,0,1
3,1,0,0,4
1,0,0,0,1
1,0,0,0,1
2,0,0,0,2
1,0,0,0,1
1,0,0,0,1
2,0,0,0,2
1,0,0,0,1
2,0,0,0,2
1,0,0,0,1
1,0,0,0,1
1,0,0,0,1
1,0,0,0,1
1,0,0,0,1
1,0,0,0,1
1,0,0,0,1
1,0,0,0,1
1,1,0,0,2
2,0,0,0,2
2,0,0,0,2
1,0,0,0,1
1,0,0,0,1
1,0,0,0,1
1,0,0,0,1
1,0,0,0,1
1,0,0,0,1
1,0,0,0,1
4,0,0,0,4
3,0,0,0,3
1,0,0,0,1
1,0,0,0,1
1,0,0,0,1
1,0,0,0,1
2,0,0,0,2
1,0,0,0,1
1,0,0,0,1
1,0,0,0,1
1,6,1,0,8
1,0,0,0,1
1,0,0,0,1
1,0,0,0,1
1,1,0,0,2
2,0,0,0,2
1,0,0,0,1
1,0,0,0,1
1,0,0,0,1
1,0,0,0,1
1,0,0,0,1
2,0,0,0,2
1,3,0,0,4
1,0,0,0,1
1,0,0,0,1
1,0,0,0,1
1,0,0,0,1
2,0,0,0,2
1,0,0,0,1
1,0,0,0,1
1,0,0,0,1
1,0,0,0,1
2,0,0,0,2
1,0,0,0,1
2,0,0,0,2
2,1,0,0,3
2,0,0,0,2
1,0,0,0,1
1,0,0,0,1
2,0,0,0,2
1,0,0,0,1
1,0,0,0,1
2,0,0,0,2
1,0,0,0,1
1,0,0,0,1
1,0,0,0,1
2,0,0,0,2
1,0,0,0,1
1,0,0,0,1
1,0,0,0,1
1,0,0,0,1
2,0,0,0,2
1,0,0,0,1
2,0,0,0,2
1,0,0,0,1
1,0,0,0,1
1,0,0,0,1
1,0,0,0,1
2,0,0,0,2
1,0,0,0,1
1,0,0,0,1
1,0,0,0,1
1,0,0,0,1
2,1,0,0,3
1,0,0,0,1
1,0,0,0,1
1,0,0,0,1
1,0,0,0,1
1,0,0,0,1
1,0,0,0,1
2,0,0,0,2
1,0,0,0,1
1,0,0,0,1
1,0,0,0,1
1,0,0,0,1
1,0,0,0,1
2,0,0,0,2
3,0,0,0,3
1,0,0,0,1
1,0,0,0,1
1,0,0,0,1
1,0,0,0,1
2,0,0,0,2
1,2,0,0,3
1,0,0,0,1
1,0,0,0,1
1,0,0,0,1
1,0,0,0,1
1,0,0,0,1
1,0,0,0,1
1,0,0,0,1
1,0,0,0,1
1,0,0,0,1
4,0,0,0,4
1,0,0,0,1
1,0,0,0,1
1,0,0,0,1
1,0,0,0,1
1,0,0,0,1
1,0,0,0,1
1,0,0,0,1
1,0,0,0,1
1,0,0,0,1
1,0,0,0,1
1,0,0,0,1
2,0,0,0,2
1,0,0,0,1
1,0,0,0,1
1,1,0,0,2
1,0,0,0,1
1,0,0,0,1
1,0,0,0,1
1,0,0,0,1
1,0,0,0,1
1,0,0,0,1
1,0,0,0,1
1,0,0,0,1
1,1,1,0,3
1,0,0,0,1
1,0,0,0,1
1,0,0,0,1
1,0,0,0,1
1,0,0,0,1
2,0,0,0,2
1,0,0,0,1
1,0,0,0,1
1,0,0,0,1
1,0,0,0,1
1,0,0,0,1
1,0,0,0,1
1,0,0,0,1
1,0,0,0,1
1,0,0,0,1
1,4,0,0,5
3,0,0,0,3
1,0,0,0,1
1,0,0,0,1
2,0,0,0,2
1,0,0,0,1
1,0,0,0,1
1,0,0,0,1
2,0,0,0,2
1,0,0,0,1
1,0,0,0,1
1,0,0,0,1
1,0,0,0,1
1,0,0,0,1
1,0,0,0,1
1,0,0,0,1
1,0,0,0,1
1,0,0,0,1
1,0,0,0,1
2,0,0,0,2
1,0,0,0,1
1,0,0,0,1
1,0,0,0,1
1,0,0,0,1
1,0,0,0,1
3,0,0,0,3
1,0,0,0,1
1,0,0,0,1
1,0,0,0,1
1,0,0,0,1
1,0,0,0,1
2,0,0,0,2
1,0,0,0,1
1,0,0,0,1
1,0,0,0,1
1,0,0,0,1
1,0,0,0,1
2,0,0,0,2
1,0,0,0,1
1,0,0,0,1
1,0,0,0,1
2,1,0,0,3
1,0,0,0,1
1,0,0,0,1
1,0,0,0,1
1,0,0,0,1
1,0,0,0,1
2,0,0,0,2
1,0,0,0,1
1,0,0,0,1
2,0,0,0,2
1,0,0,0,1
1,0,0,0,1
1,0,0,0,1
1,0,0,0,1
1,0,0,0,1
1,0,0,0,1
1,0,0,0,1
1,0,0,0,1
1,0,0,0,1
1,0,0,0,1
2,0,0,0,2
2,0,0,0,2
1,0,0,0,1
1,0,0,0,1
1,0,0,0,1
2,0,0,0,2
1,0,0,0,1
1,0,0,0,1
1,0,0,0,1
1,0,0,0,1
1,0,0,0,1
1,0,0,0,1
1,0,1,0,2
1,0,0,0,1
1,0,0,0,1
1,0,0,0,1
1,0,0,0,1
1,0,0,0,1
1,0,0,0,1
1,0,0,0,1
1,0,0,0,1
1,0,0,0,1
1,0,0,0,1
1,0,0,0,1
1,0,0,0,1
1,0,0,0,1
1,0,0,0,1
1,9,0,0,10
1,0,0,0,1
1,0,0,0,1
1,0,0,0,1
1,0,0,0,1
2,0,0,0,2
1,0,0,0,1
1,6,0,0,7
1,0,0,0,1
1,0,0,0,1
1,0,0,0,1
1,0,0,0,1
1,0,0,0,1
1,0,0,0,1
1,0,0,0,1
1,0,0,0,1
1,0,0,0,1
1,0,0,0,1
1,0,0,0,1
1,0,0,0,1
1,0,0,0,1
1,0,0,0,1
2,0,0,0,2
1,0,0,0,1
1,1,0,0,2
1,0,0,0,1
1,0,0,0,1
2,0,0,0,2
1,0,0,0,1
2,0,0,0,2
1,0,0,0,1
1,0,0,0,1
2,0,0,0,2
1,0,0,0,1
1,0,0,0,1
1,0,0,0,1
1,0,0,0,1
1,0,0,0,1
1,0,0,0,1
1,0,0,0,1
1,0,0,0,1
1,0,0,0,1
1,0,0,0,1
1,0,0,0,1
1,7,3,0,11
1,0,0,0,1
1,0,0,0,1
1,0,0,0,1
2,0,0,0,2
1,0,0,0,1
1,0,0,0,1
1,0,0,0,1
2,0,0,0,2
1,0,0,0,1
1,0,0,0,1
1,0,0,0,1
1,0,0,0,1
1,0,0,0,1
1,0,0,0,1
1,0,0,0,1
2,0,0,0,2
1,0,0,0,1
1,0,0,0,1
1,0,0,0,1
1,0,0,0,1
2,0,0,0,2
1,0,0,0,1
1,0,0,0,1
1,0,0,0,1
1,0,0,0,1
1,0,0,0,1
1,0,0,0,1
1,0,0,0,1
1,0,0,0,1
1,0,0,0,1
2,0,0,0,2
2,0,0,0,2
1,2,0,0,3
2,0,0,0,2
1,0,0,0,1
1,0,0,0,1
1,0,0,0,1
1,0,0,0,1
1,0,0,0,1
1,0,0,0,1
1,0,0,0,1
1,0,0,0,1
1,0,0,0,1
1,0,0,0,1
1,0,0,0,1
3,0,0,0,3
1,0,0,0,1
1,0,0,0,1
1,1,0,0,2
1,0,0,0,1
2,0,0,0,2
1,0,0,0,1
1,2,0,0,3
1,0,0,0,1
1,0,0,0,1
1,0,0,0,1
1,0,0,0,1
1,0,0,0,1
1,0,0,0,1
1,0,0,0,1
1,0,0,0,1
2,0,0,0,2
1,1,1,0,3
1,0,0,0,1
1,0,0,0,1
1,0,0,0,1
1,0,0,0,1
1,0,0,0,1
2,0,0,0,2
1,2,0,0,3
2,0,0,0,2
1,0,0,0,1
1,0,0,0,1
1,0,0,0,1
1,0,0,0,1
1,0,0,0,1
1,0,0,0,1
3,1,0,0,4
1,0,0,0,1
1,0,0,0,1
1,3,0,0,4
1,0,0,0,1
1,0,0,0,1
1,0,0,0,1
1,0,0,0,1
4,1,0,0,5
1,0,0,0,1
1,0,0,0,1
1,0,0,0,1
1,0,0,0,1
1,0,0,0,1
2,0,0,0,2
1,0,0,0,1
1,0,0,0,1
1,0,0,0,1
1,0,0,0,1
1,0,0,0,1
1,0,0,0,1
1,0,0,0,1
1,0,0,0,1
1,0,0,0,1
1,0,0,0,1
1,0,0,0,1
1,0,0,0,1
1,0,0,0,1
2,0,0,0,2
2,0,0,0,2
1,0,0,0,1
2,0,0,0,2
1,0,0,0,1
1,0,0,0,1
1,0,0,0,1
3,0,0,0,3
1,0,0,0,1
1,0,0,0,1
1,0,0,0,1
1,0,0,0,1
1,0,0,0,1
1,0,0,0,1
2,0,0,0,2
1,0,0,0,1
1,0,0,0,1
1,0,0,0,1
1,0,0,0,1
2,2,0,0,4
1,0,0,0,1
1,0,0,0,1
2,0,0,0,2
1,0,0,0,1
1,0,0,0,1
1,0,0,0,1
1,0,0,0,1
2,0,0,0,2
1,0,0,0,1
1,0,0,0,1
1,0,0,0,1
1,0,0,0,1
1,0,0,0,1
1,0,0,0,1
2,0,0,0,2
1,0,0,0,1
1,0,0,0,1
1,0,0,0,1
1,0,0,0,1
1,0,0,0,1
1,0,0,0,1
1,0,0,0,1
1,0,0,0,1
1,0,0,0,1
1,0,0,0,1
2,18,1,0,21
1,0,0,0,1
1,0,0,0,1
1,0,0,0,1
1,0,0,0,1
1,0,0,0,1
2,6,0,0,8
1,0,0,0,1
3,0,0,0,3
2,0,0,0,2
1,0,0,0,1
1,0,0,0,1
1,0,0,0,1
2,0,0,0,2
3,0,0,0,3
2,0,0,0,2
2,0,0,0,2
1,0,0,0,1
1,0,0,0,1
1,0,0,0,1
1,0,0,0,1
1,0,0,0,1
1,0,0,0,1
1,0,0,0,1
3,0,0,0,3
1,0,0,0,1
1,0,0,0,1
1,0,0,0,1
1,0,0,0,1
1,0,0,0,1
3,0,0,0,3
1,0,0,0,1
1,0,0,0,1
1,0,0,0,1
1,0,0,0,1
1,0,0,0,1
1,0,0,0,1
1,0,0,0,1
1,0,0,0,1
1,0,0,0,1
1,0,0,0,1
1,0,0,0,1
2,0,0,0,2
1,0,0,0,1
1,0,0,0,1
1,0,0,0,1
1,0,0,0,1
2,7,0,0,9
1,0,0,0,1
1,0,0,0,1
1,0,0,0,1
1,0,0,0,1
1,0,0,0,1
1,0,0,0,1
1,0,0,0,1
1,0,0,0,1
1,0,0,0,1
1,0,0,0,1
1,0,0,0,1
1,0,0,0,1
1,0,0,0,1
2,0,0,0,2
1,0,0,0,1
1,0,0,0,1
1,0,0,0,1
1,0,0,0,1
2,0,0,0,2
1,0,0,0,1
1,0,0,0,1
1,0,0,0,1
1,0,0,0,1
1,0,0,0,1
1,1,1,0,3
1,0,0,0,1
1,0,0,0,1
1,0,0,0,1
1,0,0,0,1
2,0,0,0,2
1,0,0,0,1
1,0,0,0,1
1,0,0,0,1
2,0,0,0,2
1,0,0,0,1
1,0,0,0,1
1,0,0,0,1
1,0,0,0,1
1,0,0,0,1
1,0,0,0,1
1,0,0,0,1
1,0,0,0,1
2,0,0,0,2
1,0,0,0,1
1,0,0,0,1
1,0,0,0,1
1,0,0,0,1
1,0,0,0,1
1,0,0,0,1
1,0,0,0,1
2,0,0,0,2
1,0,0,0,1
2,0,0,0,2
1,0,0,0,1
1,0,0,0,1
1,0,0,0,1
1,0,0,0,1
2,0,0,0,2
2,1,0,0,3
1,0,0,0,1
2,0,0,0,2
1,0,0,0,1
3,0,0,0,3
1,0,0,0,1
1,0,0,0,1
2,0,0,0,2
1,0,0,0,1
1,0,0,0,1
1,0,0,0,1
2,0,0,0,2
1,0,0,0,1
1,0,0,0,1
1,0,0,0,1
1,0,0,0,1
1,0,0,0,1
1,0,0,0,1
1,0,0,0,1
1,0,0,0,1
1,0,0,0,1
3,0,0,0,3
1,0,0,0,1
1,0,0,0,1
1,0,0,0,1
2,0,0,0,2
2,0,0,0,2
1,0,0,0,1
1,0,0,0,1
1,0,0,0,1
1,0,0,0,1
1,0,0,0,1
1,0,0,0,1
1,0,0,0,1
1,0,0,0,1
1,0,0,0,1
1,0,0,0,1
1,0,0,0,1
1,0,0,0,1
1,0,0,0,1
1,0,0,0,1
1,14,0,0,15
1,0,0,0,1
1,0,0,0,1
1,0,0,0,1
1,0,0,0,1
2,0,0,0,2
1,0,0,0,1
2,0,0,0,2
2,0,0,0,2
1,0,0,0,1
1,0,0,0,1
1,0,0,0,1
1,0,0,0,1
1,0,0,0,1
1,0,0,0,1
3,1,0,0,4
1,0,0,0,1
1,0,0,0,1
3,0,0,0,3
1,0,0,0,1
1,0,0,0,1
1,0,0,0,1
1,0,0,0,1
1,0,0,0,1
1,0,0,0,1
3,0,0,0,3
1,0,0,0,1
1,0,0,0,1
1,0,0,0,1
2,0,0,0,2
1,0,0,0,1
1,0,0,0,1
1,0,0,0,1
1,0,0,0,1
1,0,0,0,1
3,0,0,0,3
1,0,0,0,1
1,0,0,0,1
1,0,0,0,1
1,0,0,0,1
1,0,0,0,1
1,0,0,0,1
1,0,0,0,1
1,0,0,0,1
1,0,0,0,1
1,0,2,0,3
2,0,0,0,2
1,0,0,0,1
1,0,0,0,1
1,0,0,0,1
1,0,0,0,1
1,0,0,0,1
1,0,0,0,1
1,0,0,0,1
1,0,0,0,1
1,0,0,0,1
1,0,0,0,1
1,0,0,0,1
1,0,0,0,1
1,0,0,0,1
1,0,0,0,1
1,0,0,0,1
1,0,0,0,1
1,0,0,0,1
1,0,0,0,1
1,0,0,0,1
1,0,0,0,1
1,0,0,0,1
1,0,0,0,1
1,0,0,0,1
1,0,0,0,1
1,0,0,0,1
2,0,0,0,2
1,0,0,0,1
2,0,0,0,2
1,0,0,0,1
1,0,0,0,1
1,0,0,0,1
2,0,0,0,2
2,0,0,0,2
1,0,0,0,1
1,0,0,0,1
1,0,0,0,1
1,0,0,0,1
1,0,0,0,1
1,0,0,0,1
1,0,0,0,1
1,0,0,0,1
1,0,0,0,1
1,0,0,0,1
1,0,0,0,1
1,0,0,0,1
1,0,0,0,1
1,0,0,0,1
1,0,0,0,1
1,0,0,0,1
2,0,0,0,2
1,0,0,0,1
2,0,0,0,2
1,0,0,0,1
1,0,0,0,1
1,0,0,0,1
1,0,0,0,1
1,0,0,0,1
1,0,0,0,1
1,0,0,0,1
1,0,0,0,1
1,0,0,0,1
2,0,0,0,2
2,0,0,0,2
1,0,0,0,1
1,0,0,0,1
1,0,0,0,1
1,0,0,0,1
1,0,0,0,1
1,0,0,0,1
1,0,0,0,1
2,0,0,0,2
1,0,0,0,1
1,0,0,0,1
1,0,0,0,1
1,0,0,0,1
1,0,0,0,1
1,0,0,0,1
1,0,0,0,1
2,0,0,0,2
2,0,0,0,2
1,0,0,0,1
2,0,0,0,2
1,0,0,0,1
1,0,0,0,1
1,0,0,0,1
1,0,0,0,1
1,0,0,0,1
1,0,0,0,1
2,0,0,0,2
1,0,0,0,1
1,0,0,0,1
1,0,0,0,1
1,0,0,0,1
1,0,0,0,1
1,0,0,0,1
1,0,0,0,1
1,0,0,0,1
1,0,0,0,1
2,0,0,0,2
1,0,0,0,1
1,0,1,0,2
1,0,0,0,1
1,0,0,0,1
3,0,0,0,3
1,0,0,0,1
1,0,0,0,1
1,0,0,0,1
1,0,0,0,1
1,0,0,0,1
1,0,0,0,1
1,0,0,0,1
1,0,0,0,1
1,0,0,0,1
1,0,0,0,1
1,0,0,0,1
1,0,0,0,1
1,0,0,0,1
1,0,0,0,1
1,0,0,0,1
1,0,0,0,1
1,0,0,0,1
1,0,0,0,1
1,0,0,0,1
2,0,0,0,2
1,0,0,0,1
1,0,0,0,1
3,0,0,0,3
1,0,0,0,1
1,0,0,0,1
3,0,0,0,3
1,0,0,0,1
2,0,0,0,2
1,0,0,0,1
1,0,0,0,1
1,0,0,0,1
2,0,0,0,2
1,0,0,0,1
1,0,0,0,1
1,0,0,0,1
3,0,0,0,3
1,0,0,0,1
1,0,0,0,1
1,0,0,0,1
1,0,0,0,1
1,0,0,0,1
1,0,0,0,1
1,0,0,0,1
1,0,0,0,1
1,0,0,0,1
1,0,0,0,1
1,0,0,0,1
1,0,0,0,1
1,0,0,0,1
1,0,0,0,1
2,0,0,0,2
1,0,0,0,1
1,0,0,0,1
1,0,0,0,1
1,0,0,0,1
1,0,0,0,1
1,0,0,0,1
1,0,0,0,1
2,0,0,0,2
2,0,0,0,2
1,0,0,0,1
1,0,0,0,1
1,0,0,0,1
2,0,0,0,2
1,0,0,0,1
2,0,0,0,2
1,2,0,0,3
1,0,0,0,1
1,0,0,0,1
1,0,0,0,1
1,0,0,0,1
1,0,0,0,1
1,0,0,0,1
1,0,0,0,1
1,0,0,0,1
2,0,0,0,2
1,0,0,0,1
1,0,0,0,1
1,0,0,0,1
1,0,0,0,1
1,0,0,0,1
1,0,0,0,1
1,0,0,0,1
1,0,0,0,1
1,0,0,0,1
4,5,0,0,9
1,0,0,0,1
1,0,0,0,1
2,0,0,0,2
1,0,0,0,1
1,0,0,0,1
1,0,0,0,1
1,0,0,0,1
1,3,1,0,5
1,0,0,0,1
2,0,0,0,2
1,0,0,0,1
1,0,0,0,1
1,0,0,0,1
1,0,0,0,1
1,0,0,0,1
1,0,0,0,1
1,0,0,0,1
1,0,0,0,1
1,0,0,0,1
1,0,0,0,1
1,0,0,0,1
1,0,0,0,1
1,0,0,0,1
1,0,0,0,1
1,0,0,0,1
1,0,0,0,1
1,0,0,0,1
1,0,0,0,1
1,0,0,0,1
1,0,0,0,1
1,0,0,0,1
1,0,0,0,1
1,0,0,0,1
1,0,0,0,1
1,0,0,0,1
1,0,0,0,1
3,0,0,0,3
1,0,0,0,1
1,0,0,0,1
1,0,0,0,1
1,0,0,0,1
1,0,0,0,1
1,0,0,0,1
1,0,0,0,1
1,0,0,0,1
1,0,0,0,1
1,0,0,0,1
1,0,0,0,1
1,0,0,0,1
1,0,0,0,1
1,0,0,0,1
1,0,0,0,1
1,0,0,0,1
1,0,0,0,1
1,0,0,0,1
1,0,0,0,1
1,0,0,0,1
1,0,0,0,1
1,0,0,0,1
1,0,0,0,1
1,0,0,0,1
1,0,0,0,1
1,0,0,0,1
1,0,0,0,1
1,0,0,0,1
1,0,0,0,1
1,0,0,0,1
1,0,0,0,1
1,0,0,0,1
1,0,0,0,1
1,0,0,0,1
1,0,0,0,1
1,0,0,0,1
1,0,0,0,1
1,0,0,0,1
1,0,0,0,1
1,0,0,0,1
1,0,0,0,1
1,3,0,0,4
2,0,0,0,2
1,0,0,0,1
2,0,0,0,2
1,0,0,0,1
1,0,0,0,1
1,0,0,0,1
1,0,0,0,1
1,0,0,0,1
1,0,0,0,1
1,0,0,0,1
1,0,0,0,1
1,0,0,0,1
1,0,0,0,1
1,0,0,0,1
1,0,0,0,1
2,0,0,0,2
2,0,1,0,3
1,0,0,0,1
1,0,0,0,1
1,0,0,0,1
1,0,0,0,1
1,0,0,0,1
3,1,0,0,4
1,0,0,0,1
1,0,0,0,1
1,0,0,0,1
1,0,0,0,1
1,0,0,0,1
1,0,0,0,1
1,0,0,0,1
1,0,0,0,1
1,0,0,0,1
1,1,0,0,2
2,0,0,0,2
1,0,0,0,1
1,0,0,0,1
1,0,0,0,1
1,0,0,0,1
1,0,0,0,1
1,0,0,0,1
1,0,0,0,1
1,0,0,0,1
1,0,0,0,1
1,0,0,0,1
1,0,0,0,1
1,0,0,0,1
1,0,0,0,1
1,0,0,0,1
1,0,0,0,1
1,0,0,0,1
1,0,0,0,1
1,0,0,0,1
1,0,0,0,1
2,0,0,0,2
1,0,0,0,1
1,0,0,0,1
2,0,0,0,2
1,0,0,0,1
1,0,0,0,1
2,0,0,0,2
1,0,0,0,1
1,5,0,0,6
1,0,0,0,1
1,0,0,0,1
2,0,0,0,2
1,0,0,0,1
1,0,0,0,1
1,0,0,0,1
1,0,0,0,1
1,0,0,0,1
1,0,0,0,1
1,0,0,0,1
1,0,0,0,1
1,0,0,0,1
2,0,0,0,2
1,0,0,0,1
1,0,0,0,1
1,0,0,0,1
1,0,0,0,1
1,0,0,0,1
1,0,0,0,1
1,1,1,0,3
1,0,0,0,1
2,0,0,0,2
3,0,0,0,3
3,0,0,0,3
1,0,0,0,1
1,0,0,0,1
2,0,0,0,2
1,0,0,0,1
1,0,0,0,1
1,0,0,0,1
3,2,0,0,5
1,0,0,0,1
1,0,0,0,1
2,0,0,0,2
1,0,0,0,1
1,0,0,0,1
1,0,0,0,1
1,0,0,0,1
1,0,0,0,1
1,7,0,0,8
1,0,0,0,1
1,0,0,0,1
1,0,0,0,1
1,0,0,0,1
1,0,0,0,1
1,0,0,0,1
1,0,0,0,1
1,0,0,0,1
1,0,0,0,1
1,0,0,0,1
1,0,0,0,1
1,0,0,0,1
1,0,0,0,1
1,0,0,0,1
1,0,0,0,1
1,0,0,0,1
2,0,0,0,2
2,0,0,0,2
1,0,0,0,1
1,0,0,0,1
1,0,0,0,1
1,16,0,0,17
1,0,0,0,1
2,0,0,0,2
1,0,0,0,1
3,0,0,0,3
1,0,0,0,1
1,0,0,0,1
1,0,0,0,1
1,0,0,0,1
2,9,1,0,12
4,0,0,0,4
2,0,0,0,2
3,0,0,0,3
1,0,0,0,1
1,0,0,0,1
1,0,0,0,1
1,0,0,0,1
1,3,0,0,4
2,0,0,0,2
1,0,0,0,1
2,0,0,0,2
1,0,0,0,1
1,0,0,0,1
1,0,0,0,1
1,0,0,0,1
1,0,0,0,1
1,0,0,0,1
1,0,0,0,1
2,0,0,0,2
1,0,0,0,1
1,0,0,0,1
1,0,0,0,1
1,0,0,0,1
1,0,0,0,1
1,0,0,0,1
1,0,0,0,1
1,0,0,0,1
1,0,0,0,1
1,0,0,0,1
1,0,0,0,1
2,2,1,0,5
2,0,0,0,2
1,0,0,0,1
2,0,0,0,2
1,0,0,0,1
1,0,0,0,1
1,0,0,0,1
1,0,0,0,1
1,0,0,0,1
1,0,0,0,1
1,0,0,0,1
1,0,0,0,1
2,0,0,0,2
1,0,0,0,1
1,0,0,0,1
1,0,0,0,1
1,0,0,0,1
1,0,0,0,1
1,0,0,0,1
1,0,0,0,1
1,0,0,0,1
2,0,0,0,2
1,1,1,0,3
1,0,0,0,1
1,0,0,0,1
1,0,0,0,1
1,0,0,0,1
1,0,0,0,1
1,0,0,0,1
1,0,0,0,1
3,0,0,0,3
1,0,0,0,1
1,0,0,0,1
1,0,0,0,1
1,0,0,0,1
2,0,0,0,2
1,0,0,0,1
1,0,0,0,1
1,0,0,0,1
2,10,0,0,12
1,0,0,0,1
1,0,0,0,1
1,0,0,0,1
1,0,0,0,1
1,0,0,0,1
1,0,0,0,1
1,0,0,0,1
1,0,0,0,1
1,0,0,0,1
1,0,0,0,1
1,0,0,0,1
1,0,0,0,1
1,0,0,0,1
1,0,0,0,1
1,0,0,0,1
1,0,0,0,1
1,0,0,0,1
2,12,0,0,14
1,0,0,0,1
1,0,0,0,1
2,0,0,0,2
1,0,0,0,1
1,0,0,0,1
1,0,0,0,1
1,0,0,0,1
1,0,0,0,1
1,0,0,0,1
1,0,0,0,1
1,0,0,0,1
2,0,0,0,2
1,0,0,0,1
1,0,0,0,1
1,0,0,0,1
1,0,0,0,1
1,0,0,0,1
2,0,0,0,2
1,0,0,0,1
1,0,0,0,1
1,0,0,0,1
1,0,0,0,1
1,0,0,0,1
1,0,0,0,1
2,0,0,0,2
2,0,0,0,2
1,0,0,0,1
1,0,0,0,1
1,0,0,0,1
2,0,0,0,2
1,0,0,0,1
2,0,0,0,2
3,0,0,0,3
4,0,0,0,4
1,0,0,0,1
1,0,0,0,1
1,0,0,0,1
1,0,0,0,1
1,0,0,0,1
1,0,0,0,1
1,0,0,0,1
1,0,0,0,1
1,0,0,0,1
1,0,0,0,1
1,0,0,0,1
1,0,0,0,1
3,0,0,0,3
1,0,0,0,1
1,0,0,0,1
1,0,0,0,1
2,0,0,0,2
1,0,0,0,1
3,0,0,0,3
1,0,0,0,1
1,0,0,0,1
2,0,0,0,2
1,0,0,0,1
1,0,0,0,1
1,0,0,0,1
1,0,0,0,1
1,5,0,0,6
1,0,0,0,1
2,0,0,0,2
1,0,0,0,1
1,1,1,0,3
2,0,0,0,2
1,0,0,0,1
1,0,0,0,1
1,0,0,0,1
1,0,0,0,1
1,0,0,0,1
1,0,0,0,1
2,0,1,0,3
1,0,0,0,1
1,0,0,0,1
1,0,0,0,1
2,0,0,0,2
2,0,0,0,2
1,0,0,0,1
1,0,0,0,1
4,0,0,0,4
1,0,0,0,1
1,0,0,0,1
1,0,0,0,1
1,0,0,0,1
1,0,0,0,1
1,0,0,0,1
1,0,0,0,1
1,0,0,0,1
1,0,0,0,1
1,0,0,0,1
1,0,0,0,1
1,0,0,0,1
1,0,0,0,1
1,0,0,0,1
1,0,0,0,1
1,0,0,0,1
1,0,0,0,1
1,0,0,0,1
1,0,0,0,1
1,0,0,0,1
1,0,0,0,1
1,0,0,0,1
1,0,0,0,1
1,0,0,0,1
1,0,0,0,1
1,0,0,0,1
1,0,0,0,1
2,0,0,0,2
1,0,0,0,1
2,0,0,0,2
1,0,0,0,1
1,0,0,0,1
1,0,1,0,2
1,0,0,0,1
1,0,0,0,1
1,0,0,0,1
1,0,0,0,1
1,0,0,0,1
1,0,0,0,1
1,0,0,0,1
1,5,0,0,6
1,0,0,0,1
1,1,1,0,3
1,0,0,0,1
1,0,0,0,1
1,0,0,0,1
1,0,0,0,1
1,0,0,0,1
1,0,0,0,1
1,0,0,0,1
1,0,0,0,1
1,0,0,0,1
1,2,2,0,5
2,0,0,0,2
1,0,0,0,1
1,0,0,0,1
1,0,0,0,1
1,0,0,0,1
1,0,0,0,1
1,0,0,0,1
1,0,0,0,1
1,0,0,0,1
1,0,0,0,1
2,0,0,0,2
1,0,0,0,1
1,1,0,0,2
3,0,0,0,3
1,0,0,0,1
2,0,0,0,2
1,0,0,0,1
1,0,0,0,1
1,0,0,0,1
1,0,0,0,1
1,0,0,0,1
1,0,0,0,1
2,0,0,0,2
1,0,0,0,1
1,0,0,0,1
1,0,0,0,1
1,0,0,0,1
1,0,0,0,1
1,0,0,0,1
1,0,0,0,1
1,0,0,0,1
1,0,0,0,1
1,0,0,0,1
1,0,0,0,1
3,0,0,0,3
2,0,0,0,2
1,0,0,0,1
1,0,0,0,1
1,0,0,0,1
1,0,0,0,1
1,0,0,0,1
1,0,0,0,1
1,0,0,0,1
1,0,0,0,1
1,0,0,0,1
1,0,0,0,1
1,0,0,0,1
1,0,0,0,1
1,0,0,0,1
1,0,0,0,1
1,0,0,0,1
1,0,0,0,1
1,0,0,0,1
1,5,0,0,6
1,0,0,0,1
1,0,0,0,1
1,0,0,0,1
1,0,0,0,1
1,0,0,0,1
3,0,0,0,3
2,0,0,0,2
1,0,0,0,1
1,0,0,0,1
1,0,0,0,1
3,0,0,0,3
2,0,0,0,2
1,0,0,0,1
1,0,0,0,1
1,0,0,0,1
1,0,0,0,1
1,0,0,0,1
1,0,0,0,1
1,0,0,0,1
1,0,0,0,1
1,0,0,0,1
1,0,0,0,1
1,0,0,0,1
2,0,0,0,2
1,0,0,0,1
1,0,0,0,1
2,0,0,0,2
1,4,0,0,5
2,0,0,0,2
1,0,0,0,1
1,0,0,0,1
1,0,0,0,1
1,0,0,0,1
1,0,0,0,1
3,15,0,0,18
1,0,0,0,1
1,0,0,0,1
1,0,0,0,1
1,0,0,0,1
1,0,0,0,1
2,0,0,0,2
1,0,0,0,1
1,0,0,0,1
1,0,0,0,1
2,0,0,0,2
1,0,0,0,1
1,0,0,0,1
2,0,0,0,2
1,0,0,0,1
1,0,0,0,1
1,0,0,0,1
2,0,0,0,2
1,0,0,0,1
1,0,0,0,1
1,0,0,0,1
1,0,0,0,1
1,0,0,0,1
1,0,0,0,1
1,0,0,0,1
3,0,0,0,3
1,0,0,0,1
1,0,0,0,1
2,0,0,0,2
1,0,0,0,1
1,0,0,0,1
1,0,0,0,1
1,0,0,0,1
1,0,0,0,1
1,0,0,0,1
1,0,0,0,1
1,0,0,0,1
1,0,0,0,1
1,0,0,0,1
1,0,0,0,1
2,0,0,0,2
1,0,0,0,1
1,4,1,0,6
1,0,0,0,1
1,0,0,0,1
1,0,0,0,1
1,0,0,0,1
1,0,0,0,1
1,0,0,0,1
2,19,0,0,21
1,0,0,0,1
1,0,0,0,1
1,0,0,0,1
1,0,0,0,1
1,0,0,0,1
1,0,0,0,1
1,0,0,0,1
1,0,0,0,1
1,0,0,0,1
1,0,0,0,1
1,2,0,0,3
1,0,0,0,1
2,0,0,0,2
1,0,0,0,1
1,0,0,0,1
1,0,0,0,1
1,0,0,0,1
1,0,0,0,1
1,0,0,0,1
1,0,0,0,1
1,0,0,0,1
1,0,0,0,1
1,0,0,0,1
1,8,11,0,20
1,0,0,0,1
1,0,0,0,1
1,0,0,0,1
1,0,0,0,1
2,0,0,0,2
2,0,0,0,2
1,0,0,0,1
2,0,0,0,2
2,0,0,0,2
2,0,0,0,2
1,0,0,0,1
1,0,0,0,1
1,0,0,0,1
2,0,0,0,2
1,0,0,0,1
1,0,0,0,1
1,0,0,0,1
1,0,0,0,1
1,0,0,0,1
1,0,0,0,1
1,0,0,0,1
1,0,0,0,1
2,0,0,0,2
1,0,0,0,1
1,0,0,0,1
1,0,0,0,1
1,0,0,0,1
1,0,0,0,1
2,0,0,0,2
1,0,0,0,1
1,0,0,0,1
1,0,0,0,1
1,0,0,0,1
1,0,0,0,1
1,0,0,0,1
1,0,0,0,1
2,0,0,0,2
1,0,0,0,1
1,0,0,0,1
1,0,0,0,1
1,0,0,0,1
2,0,0,0,2
1,0,0,0,1
1,0,0,0,1
1,0,0,0,1
1,0,0,0,1
1,0,0,0,1
1,0,0,0,1
1,0,0,0,1
1,0,0,0,1
1,0,0,0,1
1,0,0,0,1
1,0,0,0,1
1,0,0,0,1
2,0,0,0,2
1,0,0,0,1
1,0,0,0,1
2,0,0,0,2
1,0,0,0,1
1,0,0,0,1
1,0,0,0,1
1,0,0,0,1
1,0,0,0,1
1,0,0,0,1
1,0,0,0,1
1,0,0,0,1
1,0,0,0,1
1,0,0,0,1
1,0,0,0,1
1,0,0,0,1
1,0,0,0,1
1,0,0,0,1
1,0,0,0,1
2,0,0,0,2
1,0,0,0,1
1,0,0,0,1
1,0,0,0,1
1,0,0,0,1
1,0,0,0,1
1,0,0,0,1
1,0,0,0,1
1,0,0,0,1
1,0,0,0,1
1,0,0,0,1
1,0,0,0,1
1,0,0,0,1
1,0,0,0,1
1,0,0,0,1
1,0,0,0,1
2,0,0,0,2
1,0,0,0,1
1,0,0,0,1
1,0,0,0,1
1,0,0,0,1
1,0,0,0,1
1,0,0,0,1
1,0,0,0,1
1,0,0,0,1
1,0,0,0,1
1,0,0,0,1
1,0,0,0,1
1,0,0,0,1
2,0,0,0,2
1,0,0,0,1
1,0,0,0,1
1,0,0,0,1
1,0,0,0,1
1,0,0,0,1
1,0,0,0,1
1,0,0,0,1
1,0,0,0,1
1,0,0,0,1
1,0,0,0,1
1,0,0,0,1
1,0,0,0,1
1,0,0,0,1
2,0,0,0,2
1,0,0,0,1
1,0,0,0,1
1,0,0,0,1
1,0,0,0,1
1,0,0,0,1
4,0,0,0,4
4,0,0,0,4
1,0,0,0,1
1,0,1,0,2
1,0,0,0,1
1,0,0,0,1
3,0,0,0,3
1,0,0,0,1
2,1,0,0,3
1,0,0,0,1
1,0,0,0,1
1,0,0,0,1
1,0,0,0,1
1,0,0,0,1
1,0,0,0,1
1,0,0,0,1
3,1,1,0,5
1,0,0,0,1
1,0,0,0,1
1,0,0,0,1
1,0,0,0,1
1,0,0,0,1
1,0,0,0,1
1,0,0,0,1
1,0,0,0,1
2,0,0,0,2
1,0,0,0,1
1,0,0,0,1
1,0,0,0,1
1,0,0,0,1
1,0,1,0,2
3,0,0,0,3
1,0,0,0,1
1,0,0,0,1
1,0,0,0,1
1,0,0,0,1
1,0,0,0,1
2,0,0,0,2
1,0,0,0,1
1,0,0,0,1
1,0,0,0,1
1,0,0,0,1
1,0,0,0,1
1,0,0,0,1
1,0,0,0,1
1,0,0,0,1
2,0,0,0,2
1,0,0,0,1
2,0,0,0,2
1,0,0,0,1
1,0,0,0,1
1,0,0,0,1
1,0,0,0,1
1,0,0,0,1
2,0,0,0,2
2,0,0,0,2
1,0,0,0,1
1,0,0,0,1
1,2,0,0,3
1,0,0,0,1
1,0,0,0,1
1,0,0,0,1
2,0,0,0,2
1,0,0,0,1
4,0,0,0,4
1,0,0,0,1
1,0,0,0,1
1,0,0,0,1
1,0,0,0,1
1,0,0,0,1
1,0,0,0,1
1,0,0,0,1
1,0,0,0,1
1,0,0,0,1
1,0,0,0,1
1,0,0,0,1
1,0,0,0,1
1,0,0,0,1
1,1,0,0,2
1,0,0,0,1
1,0,0,0,1
1,0,0,0,1
1,0,0,0,1
1,0,0,0,1
1,0,0,0,1
1,0,0,0,1
1,0,0,0,1
3,0,0,0,3
1,0,0,0,1
1,0,0,0,1
1,0,0,0,1
1,0,0,0,1
1,0,0,0,1
1,0,0,0,1
4,0,0,0,4
1,0,0,0,1
1,0,0,0,1
1,0,0,0,1
1,0,0,0,1
1,0,0,0,1
5,0,0,0,5
3,0,0,0,3
1,0,0,0,1
3,4,0,0,7
1,0,0,0,1
1,0,0,0,1
2,0,0,0,2
1,0,0,0,1
1,0,0,0,1
1,0,0,0,1
1,0,0,0,1
1,0,0,0,1
1,0,0,0,1
1,0,0,0,1
1,0,0,0,1
1,0,0,0,1
1,0,0,0,1
1,0,0,0,1
1,0,0,0,1
1,0,0,0,1
1,0,0,0,1
1,0,0,0,1
3,0,0,0,3
1,0,0,0,1
1,0,0,0,1
1,0,0,0,1
1,0,0,0,1
1,0,0,0,1
1,0,0,0,1
1,0,0,0,1
1,0,0,0,1
1,0,0,0,1
1,0,0,0,1
1,1,0,0,2
1,1,0,0,2
1,0,0,0,1
1,0,0,0,1
1,0,0,0,1
1,0,0,0,1
1,0,0,0,1
1,0,0,0,1
1,0,0,0,1
1,0,0,0,1
1,0,0,0,1
1,0,0,0,1
1,0,0,0,1
1,0,0,0,1
2,0,0,0,2
2,3,1,0,6
1,0,0,0,1
2,0,0,0,2
1,0,0,0,1
1,0,0,0,1
3,0,0,0,3
2,0,0,0,2
1,0,0,0,1
1,0,0,0,1
1,0,0,0,1
2,0,0,0,2
1,0,0,0,1
2,0,0,0,2
1,0,0,0,1
1,0,0,0,1
1,0,0,0,1
1,0,0,0,1
1,0,0,0,1
1,0,0,0,1
1,0,0,0,1
1,0,0,0,1
2,0,0,0,2
1,0,0,0,1
1,0,0,0,1
1,0,0,0,1
1,0,0,0,1
1,0,0,0,1
1,0,0,0,1
1,0,0,0,1
2,0,0,0,2
2,0,0,0,2
1,0,0,0,1
3,0,0,0,3
1,0,0,0,1
1,0,0,0,1
1,0,0,0,1
1,0,0,0,1
1,0,0,0,1
1,0,0,0,1
2,0,0,0,2
1,0,0,0,1
1,0,0,0,1
1,0,0,0,1
1,0,0,0,1
1,0,0,0,1
1,0,0,0,1
1,0,0,0,1
1,5,1,0,7
1,0,0,0,1
1,0,0,0,1
1,0,0,0,1
1,0,0,0,1
1,0,0,0,1
1,0,0,0,1
1,0,0,0,1
1,0,0,0,1
1,0,0,0,1
2,0,0,0,2
1,0,0,0,1
1,0,0,0,1
2,0,0,0,2
1,0,0,0,1
1,0,0,0,1
1,0,0,0,1
1,0,0,0,1
1,0,0,0,1
1,0,0,0,1
1,0,0,0,1
2,0,0,0,2
1,0,0,0,1
1,0,0,0,1
1,0,0,0,1
1,0,0,0,1
1,0,0,0,1
1,0,0,0,1
1,0,0,0,1
1,0,0,0,1
1,0,0,0,1
1,0,0,0,1
1,0,0,0,1
1,0,0,0,1
1,0,0,0,1
2,0,0,0,2
1,0,0,0,1
1,0,0,0,1
1,0,0,0,1
2,0,0,0,2
1,0,0,0,1
1,0,0,0,1
1,0,0,0,1
1,0,0,0,1
1,0,0,0,1
1,0,0,0,1
1,0,0,0,1
1,0,0,0,1
1,1,0,0,2
1,1,1,0,3
1,0,0,0,1
1,0,0,0,1
1,0,0,0,1
1,0,0,0,1
1,0,0,0,1
1,0,0,0,1
1,0,0,0,1
3,0,0,0,3
1,0,0,0,1
1,0,0,0,1
1,0,0,0,1
2,0,0,0,2
1,0,0,0,1
1,0,0,0,1
1,0,0,0,1
2,0,0,0,2
2,0,0,0,2
2,0,0,0,2
1,0,0,0,1
1,0,0,0,1
1,0,0,0,1
1,0,0,0,1
1,0,0,0,1
1,1,0,0,2
1,0,0,0,1
1,0,0,0,1
1,0,0,0,1
1,0,0,0,1
2,0,0,0,2
1,0,0,0,1
1,0,0,0,1
1,0,0,0,1
1,0,0,0,1
1,0,0,0,1
2,55,0,0,57
1,0,0,0,1
1,0,0,0,1
1,0,0,0,1
1,0,0,0,1
1,0,0,0,1
1,0,0,0,1
3,0,0,0,3
5,6,0,0,11
2,0,0,0,2
1,0,0,0,1
1,0,0,0,1
1,0,0,0,1
1,0,0,0,1
1,0,0,0,1
1,0,0,0,1
1,0,0,0,1
1,0,0,0,1
1,0,0,0,1
1,0,0,0,1
1,0,0,0,1
2,0,0,0,2
1,0,0,0,1
1,0,0,0,1
1,0,0,0,1
1,0,0,0,1
1,2,0,0,3
1,0,0,0,1
1,0,0,0,1
1,0,0,0,1
1,0,0,0,1
1,0,0,0,1
1,0,0,0,1
1,0,0,0,1
1,0,0,0,1
1,0,0,0,1
1,0,0,0,1
1,0,0,0,1
1,0,0,0,1
1,0,0,0,1
1,0,0,0,1
2,0,0,0,2
1,0,0,0,1
1,0,0,0,1
1,0,0,0,1
1,0,0,0,1
1,0,0,0,1
1,0,0,0,1
1,0,0,0,1
2,0,0,0,2
1,0,0,0,1
1,0,0,0,1
1,0,0,0,1
2,0,0,0,2
1,0,0,0,1
1,0,0,0,1
1,0,0,0,1
1,0,0,0,1
1,0,0,0,1
1,0,0,0,1
2,0,0,0,2
1,0,0,0,1
1,0,0,0,1
1,0,0,0,1
2,0,0,0,2
2,0,0,0,2
1,0,0,0,1
1,0,0,0,1
1,0,0,0,1
1,0,0,0,1
1,0,0,0,1
2,0,0,0,2
1,0,0,0,1
1,0,0,0,1
1,0,0,0,1
1,0,0,0,1
1,0,0,0,1
1,0,0,0,1
2,0,0,0,2
1,0,0,0,1
4,0,0,0,4
1,0,0,0,1
1,0,0,0,1
1,0,0,0,1
1,0,0,0,1
1,0,2,0,3
1,0,0,0,1
2,0,0,0,2
1,0,0,0,1
1,0,0,0,1
2,0,0,0,2
2,0,0,0,2
5,4,0,0,9
1,0,0,0,1
1,0,0,0,1
1,0,0,0,1
1,0,0,0,1
1,0,0,0,1
1,0,0,0,1
1,0,0,0,1
1,0,0,0,1
1,0,0,0,1
2,0,0,0,2
1,0,0,0,1
1,0,0,0,1
1,0,0,0,1
2,0,0,0,2
1,0,0,0,1
1,0,0,0,1
1,0,0,0,1
1,0,0,0,1
1,0,0,0,1
1,0,0,0,1
1,0,0,0,1
1,0,0,0,1
1,0,0,0,1
1,0,0,0,1
1,0,0,0,1
2,0,0,0,2
1,0,0,0,1
1,0,0,0,1
1,0,0,0,1
1,0,0,0,1
3,2,0,0,5
1,0,0,0,1
1,0,0,0,1
1,0,0,0,1
1,0,0,0,1
1,0,0,0,1
1,0,0,0,1
1,2,0,0,3
1,0,0,0,1
1,0,0,0,1
1,0,0,0,1
1,0,0,0,1
1,0,0,0,1
1,0,0,0,1
1,0,0,0,1
1,0,0,0,1
1,0,0,0,1
1,0,0,0,1
1,0,0,0,1
1,0,0,0,1
2,0,0,0,2
1,0,0,0,1
1,0,0,0,1
1,0,0,0,1
1,0,0,0,1
1,0,0,0,1
1,0,0,0,1
1,0,0,0,1
1,0,0,0,1
1,0,0,0,1
2,0,0,0,2
1,0,0,0,1
1,0,0,0,1
4,2,0,0,6
1,0,0,0,1
1,0,0,0,1
1,0,0,0,1
1,0,0,0,1
1,0,0,0,1
1,0,0,0,1
1,0,0,0,1
1,0,0,0,1
2,0,0,0,2
1,0,0,0,1
3,0,0,0,3
1,15,10,0,26
1,0,0,0,1
4,6,1,0,11
1,0,0,0,1
1,0,0,0,1
1,0,0,0,1
1,0,0,0,1
1,0,0,0,1
1,0,0,0,1
1,0,0,0,1
2,0,0,0,2
1,0,0,0,1
1,0,0,0,1
1,0,0,0,1
1,0,0,0,1
2,0,0,0,2
1,0,0,0,1
2,0,0,0,2
1,0,0,0,1
1,0,0,0,1
1,0,0,0,1
2,0,0,0,2
2,13,0,0,15
1,0,0,0,1
1,0,0,0,1
1,0,0,0,1
2,0,0,0,2
1,0,0,0,1
1,0,0,0,1
1,0,0,0,1
1,0,0,0,1
1,0,0,0,1
1,0,0,0,1
1,0,0,0,1
1,0,0,0,1
1,0,0,0,1
1,0,0,0,1
1,2,0,0,3
1,0,0,0,1
1,0,0,0,1
1,0,0,0,1
1,0,0,0,1
1,0,0,0,1
1,0,0,0,1
1,0,0,0,1
1,0,0,0,1
1,0,0,0,1
1,0,0,0,1
1,0,0,0,1
1,0,0,0,1
2,0,0,0,2
1,0,0,0,1
1,0,0,0,1
1,0,0,0,1
1,0,0,0,1
2,0,0,0,2
1,0,0,0,1
1,0,0,0,1
1,0,0,0,1
1,0,0,0,1
1,0,0,0,1
2,0,0,0,2
1,0,0,0,1
1,0,0,0,1
1,0,0,0,1
1,0,0,0,1
1,0,0,0,1
1,1,0,0,2
1,0,0,0,1
1,0,0,0,1
1,0,0,0,1
1,0,0,0,1
1,0,0,0,1
1,0,0,0,1
2,0,0,0,2
1,0,0,0,1
1,0,0,0,1
1,0,0,0,1
1,25,0,0,26
1,0,0,0,1
2,0,0,0,2
1,0,0,0,1
1,0,0,0,1
2,0,0,0,2
1,0,0,0,1
1,0,0,0,1
1,0,0,0,1
1,0,0,0,1
2,0,0,0,2
1,0,0,0,1
2,0,0,0,2
1,0,0,0,1
1,0,0,0,1
1,0,0,0,1
2,0,0,0,2
3,0,0,0,3
1,0,0,0,1
1,0,0,0,1
1,0,0,0,1
1,0,0,0,1
1,0,0,0,1
1,0,0,0,1
1,0,0,0,1
1,0,0,0,1
1,0,0,0,1
1,0,0,0,1
1,0,0,0,1
1,0,0,0,1
1,0,0,0,1
1,0,0,0,1
1,0,0,0,1
1,0,0,0,1
1,0,0,0,1
1,0,0,0,1
1,0,0,0,1
1,0,0,0,1
1,0,0,0,1
1,0,0,0,1
1,0,0,0,1
1,0,0,0,1
1,1,1,0,3
3,0,0,0,3
1,0,0,0,1
1,0,0,0,1
1,0,0,0,1
1,0,0,0,1
1,0,0,0,1
1,0,0,0,1
1,0,0,0,1
1,0,0,0,1
1,0,0,0,1
1,0,0,0,1
1,0,0,0,1
1,0,0,0,1
1,0,0,0,1
1,0,0,0,1
1,0,0,0,1
1,0,0,0,1
1,0,0,0,1
1,0,0,0,1
1,5,0,0,6
3,0,0,0,3
1,0,0,0,1
1,0,0,0,1
1,0,0,0,1
2,0,0,0,2
1,0,0,0,1
2,0,0,0,2
1,0,0,0,1
1,0,0,0,1
1,0,0,0,1
1,0,0,0,1
1,0,0,0,1
1,0,0,0,1
2,0,0,0,2
1,0,0,0,1
1,0,0,0,1
1,0,0,0,1
1,0,0,0,1
4,0,0,0,4
1,0,0,0,1
1,0,0,0,1
1,0,0,0,1
2,0,0,0,2
1,0,0,0,1
1,0,0,0,1
1,4,1,0,6
3,0,0,0,3
1,0,0,0,1
1,0,0,0,1
1,0,0,0,1
1,0,0,0,1
2,0,0,0,2
2,0,0,0,2
2,0,0,0,2
1,0,0,0,1
1,4,0,0,5
1,0,0,0,1
1,0,0,0,1
1,0,0,0,1
1,0,0,0,1
1,0,0,0,1
1,0,0,0,1
1,0,0,0,1
1,0,0,0,1
1,0,0,0,1
1,0,0,0,1
1,0,0,0,1
1,0,0,0,1
2,0,0,0,2
2,0,0,0,2
1,0,0,0,1
1,0,0,0,1
1,0,0,0,1
1,0,0,0,1
1,0,0,0,1
1,0,0,0,1
1,0,0,0,1
2,0,0,0,2
3,1,0,0,4
2,0,0,0,2
1,0,0,0,1
1,0,0,0,1
1,0,0,0,1
1,0,0,0,1
1,0,0,0,1
1,0,0,0,1
1,0,0,0,1
2,0,0,0,2
1,0,0,0,1
1,0,0,0,1
1,0,0,0,1
2,0,0,0,2
1,0,0,0,1
1,0,0,0,1
1,0,0,0,1
1,0,0,0,1
2,0,0,0,2
1,0,0,0,1
1,1,0,0,2
1,0,0,0,1
1,0,0,0,1
1,0,0,0,1
1,0,0,0,1
1,0,0,0,1
1,0,0,0,1
2,0,0,0,2
1,0,0,0,1
1,0,0,0,1
1,0,0,0,1
1,0,0,0,1
1,0,0,0,1
1,0,0,0,1
1,0,0,0,1
1,0,0,0,1
1,0,0,0,1
1,0,0,0,1
1,0,0,0,1
1,0,0,0,1
1,0,0,0,1
1,0,0,0,1
1,0,0,0,1
1,0,0,0,1
1,0,0,0,1
1,0,0,0,1
1,0,0,0,1
1,0,0,0,1
2,0,0,0,2
1,0,0,0,1
1,0,0,0,1
1,0,0,0,1
1,0,0,0,1
1,0,0,0,1
1,0,0,0,1
1,0,0,0,1
1,0,0,0,1
1,0,0,0,1
1,18,0,0,19
1,0,0,0,1
1,0,0,0,1
1,0,0,0,1
1,0,0,0,1
1,0,0,0,1
1,0,0,0,1
1,0,0,0,1
1,0,0,0,1
1,0,0,0,1
1,3,0,0,4
1,0,0,0,1
1,0,0,0,1
1,2,0,0,3
2,2,0,0,4
1,0,0,0,1
1,0,0,0,1
2,0,0,0,2
1,0,0,0,1
1,0,0,0,1
1,0,0,0,1
1,0,0,0,1
1,0,0,0,1
1,0,0,0,1
1,0,0,0,1
1,0,0,0,1
1,0,0,0,1
1,0,0,0,1
1,0,0,0,1
2,0,0,0,2
1,0,0,0,1
1,0,0,0,1
1,0,0,0,1
1,0,0,0,1
1,0,0,0,1
1,0,0,0,1
1,0,0,0,1
4,184,0,0,188
2,0,0,0,2
1,0,0,0,1
1,0,0,0,1
1,0,0,0,1
2,0,0,0,2
2,0,0,0,2
1,0,0,0,1
1,0,0,0,1
1,0,0,0,1
1,0,0,0,1
1,0,0,0,1
1,0,0,0,1
1,0,0,0,1
1,0,0,0,1
1,0,0,0,1
1,6,1,0,8
1,0,0,0,1
1,0,0,0,1
1,0,0,0,1
1,0,0,0,1
1,0,0,0,1
1,0,0,0,1
1,0,0,0,1
1,0,0,0,1
1,0,0,0,1
2,0,0,0,2
1,0,0,0,1
1,0,0,0,1
1,0,0,0,1
2,0,0,0,2
1,0,0,0,1
1,0,0,0,1
1,0,0,0,1
1,0,0,0,1
2,0,0,0,2
1,0,0,0,1
1,0,0,0,1
2,0,0,0,2
1,0,0,0,1
1,0,0,0,1
1,0,0,0,1
1,0,0,0,1
1,0,0,0,1
1,0,0,0,1
1,0,0,0,1
1,0,0,0,1
1,0,0,0,1
1,0,0,0,1
1,0,0,0,1
1,0,0,0,1
1,0,0,0,1
1,0,0,0,1
1,0,0,0,1
1,0,0,0,1
1,0,0,0,1
1,0,0,0,1
1,0,0,0,1
1,0,0,0,1
1,0,0,0,1
1,0,0,0,1
1,0,0,0,1
1,0,0,0,1
1,0,0,0,1
1,0,0,0,1
1,0,0,0,1
1,0,0,0,1
1,0,0,0,1
2,2,0,0,4
1,0,0,0,1
1,1,0,0,2
1,0,0,0,1
1,0,0,0,1
3,0,0,0,3
1,0,0,0,1
1,0,0,0,1
1,0,0,0,1
1,0,0,0,1
2,0,0,0,2
1,0,0,0,1
1,0,0,0,1
2,0,0,0,2
2,0,0,0,2
1,0,0,0,1
2,0,0,0,2
1,0,0,0,1
1,0,0,0,1
1,0,0,0,1
1,0,0,0,1
1,0,0,0,1
1,1,0,0,2
1,0,0,0,1
1,0,0,0,1
1,0,0,0,1
1,0,0,0,1
1,0,0,0,1
1,0,0,0,1
1,0,0,0,1
1,0,0,0,1
1,0,0,0,1
1,0,0,0,1
1,0,0,0,1
1,0,0,0,1
2,0,0,0,2
2,0,0,0,2
1,0,0,0,1
1,0,0,0,1
1,0,0,0,1
2,0,0,0,2
1,0,0,0,1
1,0,0,0,1
4,0,0,0,4
1,0,0,0,1
1,2,0,0,3
1,0,0,0,1
1,0,0,0,1
1,0,0,0,1
1,0,0,0,1
1,0,0,0,1
1,0,0,0,1
1,0,0,0,1
1,0,0,0,1
1,0,0,0,1
1,0,0,0,1
1,0,0,0,1
1,0,0,0,1
1,0,0,0,1
2,0,0,0,2
1,0,0,0,1
1,0,0,0,1
1,0,0,0,1
1,0,0,0,1
1,0,0,0,1
1,0,0,0,1
1,0,0,0,1
1,0,0,0,1
1,0,0,0,1
1,0,0,0,1
1,0,0,0,1
2,0,0,0,2
1,0,0,0,1
1,0,0,0,1
2,3,0,0,5
1,0,0,0,1
1,0,0,0,1
1,0,0,0,1
1,0,0,0,1
1,0,0,0,1
1,0,0,0,1
1,0,0,0,1
1,0,0,0,1
2,0,0,0,2
1,1,1,0,3
1,0,0,0,1
1,0,0,0,1
1,0,0,0,1
1,0,0,0,1
1,0,0,0,1
1,0,0,0,1
1,0,0,0,1
2,0,0,0,2
2,0,0,0,2
1,0,0,0,1
1,0,0,0,1
3,0,0,0,3
1,0,0,0,1
1,0,0,0,1
1,0,0,0,1
1,0,0,0,1
1,0,0,0,1
1,0,0,0,1
1,0,0,0,1
1,0,0,0,1
1,0,0,0,1
1,0,0,0,1
1,0,0,0,1
1,0,0,0,1
1,0,0,0,1
1,0,0,0,1
1,0,0,0,1
1,0,0,0,1
1,0,0,0,1
2,0,0,0,2
1,0,0,0,1
1,0,0,0,1
1,0,0,0,1
1,0,0,0,1
1,0,0,0,1
1,0,0,0,1
2,0,0,0,2
2,0,0,0,2
1,0,0,0,1
1,0,0,0,1
1,0,0,0,1
2,0,0,0,2
3,0,0,0,3
1,0,0,0,1
1,0,0,0,1
1,0,0,0,1
1,0,0,0,1
1,0,0,0,1
1,0,0,0,1
1,0,0,0,1
1,0,0,0,1
1,0,0,0,1
3,0,0,0,3
1,0,0,0,1
1,0,0,0,1
1,0,0,0,1
1,0,0,0,1
1,0,0,0,1
1,2,1,0,4
1,0,0,0,1
1,0,0,0,1
1,0,0,0,1
1,0,0,0,1
1,0,0,0,1
1,0,0,0,1
2,0,0,0,2
2,0,0,0,2
1,0,0,0,1
2,0,0,0,2
1,0,0,0,1
1,0,0,0,1
1,0,0,0,1
1,0,0,0,1
1,0,0,0,1
1,0,0,0,1
1,0,0,0,1
4,0,0,0,4
1,0,0,0,1
2,0,0,0,2
1,0,0,0,1
1,0,0,0,1
1,0,0,0,1
2,0,0,0,2
1,0,0,0,1
1,0,0,0,1
1,0,0,0,1
1,0,0,0,1
1,0,0,0,1
1,0,0,0,1
1,0,0,0,1
1,0,0,0,1
1,0,0,0,1
1,0,0,0,1
1,0,0,0,1
1,0,0,0,1
1,0,0,0,1
1,0,0,0,1
2,0,0,0,2
1,0,0,0,1
1,0,0,0,1
3,0,0,0,3
1,0,0,0,1
1,0,0,0,1
1,17,0,0,18
1,0,0,0,1
2,0,0,0,2
1,0,0,0,1
1,0,0,0,1
1,0,0,0,1
1,0,0,0,1
1,0,0,0,1
1,0,0,0,1
1,0,0,0,1
1,0,0,0,1
1,0,0,0,1
1,0,0,0,1
1,0,0,0,1
4,5,1,0,10
2,0,0,0,2
1,0,0,0,1
3,0,0,0,3
2,0,0,0,2
1,0,0,0,1
1,0,0,0,1
1,0,0,0,1
1,0,0,0,1
1,0,0,0,1
4,133,0,0,137
1,0,0,0,1
1,0,0,0,1
1,0,0,0,1
1,0,0,0,1
1,0,0,0,1
1,0,0,0,1
1,0,0,0,1
3,0,0,0,3
1,0,0,0,1
1,0,0,0,1
1,0,0,0,1
1,0,0,0,1
1,0,0,0,1
1,0,0,0,1
1,0,0,0,1
1,0,0,0,1
1,0,0,0,1
2,1,0,0,3
1,0,0,0,1
1,0,0,0,1
1,1,0,0,2
1,0,0,0,1
1,0,0,0,1
1,0,0,0,1
1,0,0,0,1
2,0,0,0,2
1,0,0,0,1
1,0,0,0,1
1,0,0,0,1
3,0,0,0,3
1,0,0,0,1
1,0,0,0,1
1,0,0,0,1
2,0,0,0,2
1,0,0,0,1
1,0,0,0,1
1,0,0,0,1
1,0,0,0,1
1,0,0,0,1
1,0,0,0,1
1,0,0,0,1
1,0,0,0,1
1,0,0,0,1
1,0,0,0,1
1,0,0,0,1
1,0,0,0,1
1,0,0,0,1
1,0,0,0,1
1,0,0,0,1
1,0,0,0,1
2,0,0,0,2
1,0,0,0,1
1,0,0,0,1
1,0,0,0,1
2,0,0,0,2
1,0,0,0,1
2,0,0,0,2
2,0,2,0,4
1,0,0,0,1
1,0,0,0,1
1,0,0,0,1
3,0,0,0,3
1,1,0,0,2
1,0,0,0,1
1,0,0,0,1
2,0,0,0,2
1,0,0,0,1
1,0,0,0,1
1,0,0,0,1
1,0,0,0,1
1,70,0,0,71
1,0,0,0,1
1,0,0,0,1
1,0,0,0,1
1,0,0,0,1
1,0,0,0,1
1,0,0,0,1
2,0,0,0,2
1,0,0,0,1
1,0,0,0,1
1,0,0,0,1
2,0,0,0,2
1,0,0,0,1
1,0,0,0,1
1,0,0,0,1
1,0,0,0,1
1,0,0,0,1
1,0,0,0,1
1,0,0,0,1
2,0,0,0,2
1,0,0,0,1
1,0,0,0,1
1,0,0,0,1
1,0,0,0,1
1,0,0,0,1
1,0,0,0,1
1,0,0,0,1
1,0,0,0,1
1,0,0,0,1
1,0,0,0,1
1,0,0,0,1
1,0,0,0,1
1,0,0,0,1
1,0,0,0,1
1,0,0,0,1
1,0,0,0,1
1,0,0,0,1
1,0,0,0,1
2,0,0,0,2
1,0,0,0,1
1,0,0,0,1
1,0,0,0,1
1,0,0,0,1
1,0,0,0,1
2,11,1,0,14
1,0,0,0,1
1,0,0,0,1
1,0,0,0,1
1,0,0,0,1
1,0,0,0,1
1,0,0,0,1
1,0,0,0,1
1,0,0,0,1
1,0,0,0,1
1,0,0,0,1
1,0,0,0,1
2,0,0,0,2
1,0,0,0,1
1,0,0,0,1
1,0,0,0,1
1,0,0,0,1
1,0,0,0,1
1,0,0,0,1
1,0,0,0,1
1,0,0,0,1
1,0,0,0,1
1,0,0,0,1
1,0,0,0,1
1,0,0,0,1
2,0,0,0,2
1,0,0,0,1
1,0,0,0,1
1,0,0,0,1
1,0,0,0,1
1,0,0,0,1
1,0,0,0,1
1,0,0,0,1
1,0,0,0,1
1,0,0,0,1
1,0,0,0,1
1,0,0,0,1
1,0,0,0,1
1,0,0,0,1
1,0,0,0,1
1,0,0,0,1
1,3,0,0,4
1,0,0,0,1
3,0,0,0,3
2,0,0,0,2
1,0,0,0,1
1,0,0,0,1
1,0,0,0,1
1,0,0,0,1
1,0,0,0,1
1,0,0,0,1
1,0,0,0,1
1,0,0,0,1
1,0,0,0,1
1,0,0,0,1
1,0,0,0,1
1,0,0,0,1
1,0,0,0,1
1,0,0,0,1
1,0,0,0,1
1,0,0,0,1
1,0,0,0,1
1,0,0,0,1
1,0,0,0,1
1,0,0,0,1
7,0,0,0,7
1,0,0,0,1
1,0,0,0,1
1,0,0,0,1
2,2,0,0,4
1,0,0,0,1
1,0,0,0,1
1,0,0,0,1
1,0,0,0,1
1,0,0,0,1
1,0,0,0,1
1,592,0,0,593
2,0,0,0,2
1,0,0,0,1
1,0,0,0,1
1,0,0,0,1
1,0,0,0,1
1,0,0,0,1
1,3,2,0,6
1,0,0,0,1
1,0,0,0,1
5,7,0,0,12
2,0,0,0,2
1,0,0,0,1
1,0,0,0,1
2,0,0,0,2
2,0,0,0,2
2,0,0,0,2
1,0,0,0,1
1,0,0,0,1
1,0,0,0,1
1,0,0,0,1
1,0,0,0,1
1,0,0,0,1
1,0,0,0,1
2,0,0,0,2
1,0,0,0,1
1,0,0,0,1
1,0,0,0,1
1,0,0,0,1
1,0,0,0,1
1,0,0,0,1
1,0,0,0,1
1,0,0,0,1
1,0,0,0,1
1,0,0,0,1
1,0,0,0,1
5,0,0,0,5
2,0,0,0,2
1,0,0,0,1
1,0,0,0,1
1,0,0,0,1
1,0,0,0,1
1,0,0,0,1
1,0,0,0,1
1,0,0,0,1
1,0,0,0,1
1,0,0,0,1
3,0,0,0,3
1,0,0,0,1
1,0,0,0,1
1,0,0,0,1
1,0,0,0,1
1,0,0,0,1
2,0,0,0,2
2,2,0,0,4
1,0,0,0,1
1,0,0,0,1
1,0,0,0,1
1,0,0,0,1
1,0,0,0,1
1,0,0,0,1
1,0,0,0,1
2,0,0,0,2
1,0,0,0,1
1,0,0,0,1
1,0,0,0,1
1,0,0,0,1
1,0,0,0,1
1,0,0,0,1
1,0,0,0,1
1,0,0,0,1
1,0,0,0,1
1,0,0,0,1
1,0,0,0,1
1,0,0,0,1
1,0,0,0,1
1,0,0,0,1
2,0,0,0,2
1,0,0,0,1
1,0,0,0,1
1,0,0,0,1
1,0,0,0,1
1,0,0,0,1
1,0,0,0,1
1,0,0,0,1
1,0,0,0,1
2,0,0,0,2
1,0,0,0,1
1,0,0,0,1
1,0,0,0,1
1,0,0,0,1
1,0,0,0,1
2,0,0,0,2
1,0,0,0,1
1,0,0,0,1
1,0,0,0,1
2,0,0,0,2
1,0,0,0,1
1,0,0,0,1
1,2,0,0,3
1,0,0,0,1
1,0,0,0,1
1,0,0,0,1
1,0,0,0,1
1,0,0,0,1
1,0,0,0,1
1,0,0,0,1
2,0,0,0,2
1,0,0,0,1
1,0,0,0,1
1,0,0,0,1
1,0,0,0,1
1,0,0,0,1
1,0,0,0,1
1,1,0,0,2
3,0,0,0,3
1,2,1,0,4
1,0,0,0,1
1,0,0,0,1
1,0,0,0,1
1,0,0,0,1
1,0,0,0,1
1,9,0,0,10
1,0,0,0,1
1,0,0,0,1
1,4,1,0,6
1,0,0,0,1
2,0,0,0,2
1,0,0,0,1
1,0,0,0,1
1,0,0,0,1
1,0,0,0,1
1,0,0,0,1
1,0,0,0,1
1,0,0,0,1
1,0,0,0,1
1,0,0,0,1
1,0,0,0,1
1,0,0,0,1
1,0,0,0,1
2,0,0,0,2
1,0,0,0,1
1,0,0,0,1
1,0,0,0,1
1,0,0,0,1
1,0,0,0,1
2,0,0,0,2
1,0,0,0,1
3,0,0,0,3
1,0,0,0,1
1,0,0,0,1
1,0,0,0,1
2,0,0,0,2
1,0,0,0,1
1,0,0,0,1
1,0,0,0,1
1,0,0,0,1
1,0,0,0,1
1,0,0,0,1
1,0,0,0,1
1,0,0,0,1
1,0,0,0,1
1,0,0,0,1
1,0,0,0,1
1,0,0,0,1
1,0,0,0,1
1,0,0,0,1
1,0,0,0,1
1,0,0,0,1
1,0,0,0,1
2,0,0,0,2
1,0,0,0,1
1,0,0,0,1
1,0,0,0,1
1,0,0,0,1
1,0,0,0,1
1,0,0,0,1
1,0,0,0,1
1,0,0,0,1
1,0,0,0,1
1,0,0,0,1
1,0,0,0,1
1,0,0,0,1
1,0,0,0,1
1,0,0,0,1
1,0,0,0,1
1,0,0,0,1
1,0,0,0,1
1,0,0,0,1
1,0,0,0,1
1,0,0,0,1
2,0,0,0,2
1,0,0,0,1
1,0,0,0,1
1,0,0,0,1
1,0,0,0,1
1,0,0,0,1
1,0,0,0,1
1,0,0,0,1
3,13,0,0,16
1,0,0,0,1
2,0,0,0,2
1,0,0,0,1
2,0,0,0,2
1,0,0,0,1
2,0,0,0,2
1,0,0,0,1
2,0,0,0,2
1,0,0,0,1
2,0,0,0,2
1,0,0,0,1
1,0,0,0,1
1,0,0,0,1
1,0,0,0,1
1,0,0,0,1
1,0,0,0,1
1,0,0,0,1
1,0,0,0,1
1,3,0,0,4
1,0,0,0,1
1,0,0,0,1
1,0,0,0,1
2,0,0,0,2
1,0,0,0,1
1,0,0,0,1
1,2,0,0,3
1,0,0,0,1
1,0,0,0,1
1,0,0,0,1
1,0,0,0,1
1,0,0,0,1
1,0,0,0,1
2,0,0,0,2
1,1,0,0,2
1,0,0,0,1
1,0,0,0,1
1,0,0,0,1
1,0,0,0,1
2,0,0,0,2
1,0,0,0,1
1,0,0,0,1
1,0,0,0,1
1,0,0,0,1
1,0,0,0,1
1,0,0,0,1
1,0,0,0,1
1,0,0,0,1
1,0,0,0,1
1,0,0,0,1
4,0,0,0,4
3,0,0,0,3
2,0,0,0,2
1,0,0,0,1
1,0,0,0,1
1,3,0,0,4
1,0,0,0,1
2,0,0,0,2
2,0,0,0,2
1,0,0,0,1
1,0,0,0,1
2,0,0,0,2
1,0,0,0,1
1,0,0,0,1
1,0,0,0,1
1,0,0,0,1
1,0,0,0,1
1,0,0,0,1
1,0,0,0,1
1,0,0,0,1
1,0,0,0,1
1,0,0,0,1
1,0,0,0,1
3,0,0,0,3
1,0,0,0,1
1,0,0,0,1
1,0,0,0,1
1,0,0,0,1
1,0,0,0,1
1,0,0,0,1
1,0,0,0,1
1,0,0,0,1
1,0,0,0,1
1,0,0,0,1
1,0,0,0,1
1,0,0,0,1
1,0,0,0,1
1,0,0,0,1
1,0,0,0,1
1,0,0,0,1
1,0,0,0,1
4,0,0,0,4
1,0,0,0,1
1,0,0,0,1
1,0,0,0,1
1,2,0,0,3
1,2,0,0,3
1,0,0,0,1
1,0,0,0,1
2,0,0,0,2
1,0,0,0,1
1,0,0,0,1
1,0,0,0,1
2,0,0,0,2
1,0,0,0,1
1,0,0,0,1
1,0,0,0,1
1,0,0,0,1
1,0,0,0,1
1,0,0,0,1
2,0,0,0,2
1,0,0,0,1
1,0,0,0,1
1,0,0,0,1
2,0,0,0,2
1,0,0,0,1
1,0,0,0,1
2,0,0,0,2
1,0,0,0,1
1,0,0,0,1
1,0,0,0,1
2,0,0,0,2
1,0,0,0,1
2,0,0,0,2
1,0,0,0,1
2,0,0,0,2
2,0,0,0,2
1,0,0,0,1
3,12,0,0,15
1,0,0,0,1
1,0,0,0,1
1,0,0,0,1
1,0,0,0,1
1,0,0,0,1
1,0,0,0,1
1,0,0,0,1
1,0,0,0,1
1,0,0,0,1
1,0,0,0,1
1,0,0,0,1
1,0,0,0,1
1,0,0,0,1
1,1,0,0,2
1,0,0,0,1
1,0,0,0,1
2,2,1,0,5
1,0,0,0,1
1,0,0,0,1
1,0,0,0,1
1,0,0,0,1
1,3,0,0,4
1,0,0,0,1
1,0,0,0,1
1,0,0,0,1
3,0,0,0,3
1,0,0,0,1
1,0,0,0,1
1,0,0,0,1
1,2,0,0,3
2,0,0,0,2
1,0,0,0,1
1,0,0,0,1
1,0,0,0,1
2,0,0,0,2
1,0,0,0,1
1,0,0,0,1
1,0,0,0,1
1,0,0,0,1
1,0,0,0,1
1,0,0,0,1
1,0,0,0,1
1,0,0,0,1
1,0,0,0,1
2,0,0,0,2
1,0,0,0,1
1,0,0,0,1
1,0,0,0,1
1,1,0,0,2
1,0,0,0,1
1,0,0,0,1
1,0,0,0,1
1,0,0,0,1
1,0,0,0,1
1,0,0,0,1
1,0,0,0,1
1,0,0,0,1
1,0,0,0,1
1,0,0,0,1
1,0,0,0,1
1,0,0,0,1
2,0,0,0,2
1,0,0,0,1
1,0,0,0,1
1,0,0,0,1
1,0,0,0,1
1,0,0,0,1
2,0,0,0,2
1,0,0,0,1
1,0,0,0,1
1,0,0,0,1
2,0,0,0,2
1,0,0,0,1
1,0,0,0,1
3,0,0,0,3
1,0,0,0,1
1,0,0,0,1
2,0,0,0,2
1,0,0,0,1
1,0,0,0,1
4,0,0,0,4
2,0,0,0,2
1,0,0,0,1
1,0,0,0,1
1,0,0,0,1
1,0,0,0,1
2,16,0,0,18
1,0,0,0,1
1,0,0,0,1
1,0,0,0,1
1,0,0,0,1
1,0,0,0,1
3,0,0,0,3
1,0,0,0,1
2,0,0,0,2
1,0,0,0,1
1,0,0,0,1
1,0,0,0,1
1,0,0,0,1
1,0,0,0,1
1,0,0,0,1
1,0,0,0,1
1,0,0,0,1
1,0,0,0,1
1,0,0,0,1
1,0,0,0,1
1,0,0,0,1
1,0,0,0,1
1,0,0,0,1
1,0,0,0,1
1,0,0,0,1
1,0,0,0,1
1,0,0,0,1
1,0,0,0,1
1,0,0,0,1
1,0,0,0,1
1,0,0,0,1
1,0,0,0,1
1,0,0,0,1
1,0,0,0,1
3,0,0,0,3
1,0,0,0,1
1,0,0,0,1
1,0,1,0,2
1,0,0,0,1
2,0,0,0,2
1,0,0,0,1
1,0,0,0,1
1,0,0,0,1
1,0,0,0,1
1,0,0,0,1
1,0,0,0,1
1,0,0,0,1
1,0,0,0,1
2,0,0,0,2
1,0,0,0,1
1,0,0,0,1
1,0,0,0,1
1,0,0,0,1
1,0,0,0,1
2,0,0,0,2
1,0,0,0,1
1,0,0,0,1
1,0,0,0,1
1,0,0,0,1
1,0,0,0,1
1,0,0,0,1
1,0,0,0,1
1,0,0,0,1
1,0,0,0,1
1,1,0,0,2
1,0,0,0,1
1,0,0,0,1
1,0,0,0,1
1,0,0,0,1
1,0,0,0,1
1,0,0,0,1
1,0,0,0,1
1,0,0,0,1
2,0,0,0,2
1,0,0,0,1
1,0,0,0,1
2,0,0,0,2
1,2,1,0,4
1,0,0,0,1
1,0,0,0,1
1,0,0,0,1
1,0,0,0,1
1,0,0,0,1
1,0,0,0,1
1,0,0,0,1
1,0,0,0,1
4,0,0,0,4
1,0,0,0,1
2,0,0,0,2
1,0,0,0,1
1,0,0,0,1
1,0,0,0,1
1,0,0,0,1
1,0,0,0,1
2,0,0,0,2
1,0,0,0,1
1,0,0,0,1
1,0,0,0,1
1,0,0,0,1
3,0,0,0,3
1,0,0,0,1
1,0,0,0,1
1,0,0,0,1
3,0,0,0,3
1,0,0,0,1
1,0,0,0,1
1,0,0,0,1
1,0,0,0,1
1,0,0,0,1
2,0,0,0,2
1,0,0,0,1
1,0,0,0,1
1,0,0,0,1
2,0,0,0,2
1,0,0,0,1
1,0,0,0,1
2,0,0,0,2
1,0,0,0,1
1,0,0,0,1
1,0,0,0,1
3,0,0,0,3
1,0,0,0,1
1,0,0,0,1
1,0,0,0,1
3,0,0,0,3
1,0,0,0,1
1,0,0,0,1
2,0,0,0,2
1,0,0,0,1
1,0,0,0,1
1,0,0,0,1
2,2,0,0,4
1,0,0,0,1
1,0,0,0,1
1,0,0,0,1
1,0,0,0,1
1,0,0,0,1
1,0,0,0,1
1,0,0,0,1
2,0,0,0,2
1,0,0,0,1
1,0,0,0,1
1,0,0,0,1
1,0,0,0,1
1,0,0,0,1
1,2,0,0,3
1,0,0,0,1
1,2,0,0,3
1,0,0,0,1
1,0,0,0,1
1,0,0,0,1
1,0,0,0,1
1,0,0,0,1
2,0,0,0,2
1,0,0,0,1
1,0,0,0,1
1,0,0,0,1
3,0,0,0,3
1,0,0,0,1
1,0,0,0,1
2,0,0,0,2
1,0,0,0,1
1,0,0,0,1
1,0,0,0,1
1,0,0,0,1
1,0,0,0,1
2,0,0,0,2
1,0,0,0,1
1,0,0,0,1
1,0,0,0,1
3,0,0,0,3
2,0,0,0,2
1,0,0,0,1
1,0,0,0,1
2,0,0,0,2
1,0,0,0,1
1,0,0,0,1
1,0,0,0,1
1,0,0,0,1
1,0,0,0,1
2,0,0,0,2
1,0,0,0,1
1,0,0,0,1
1,0,0,0,1
1,0,0,0,1
2,3,0,0,5
1,0,0,0,1
1,0,0,0,1
2,0,0,0,2
1,0,0,0,1
1,0,0,0,1
1,0,0,0,1
1,0,0,0,1
1,0,0,0,1
1,0,0,0,1
1,0,0,0,1
1,0,0,0,1
1,0,0,0,1
1,0,0,0,1
1,0,0,0,1
1,0,0,0,1
1,0,0,0,1
1,0,0,0,1
2,0,0,0,2
1,0,0,0,1
2,0,0,0,2
1,0,0,0,1
1,0,0,0,1
3,0,0,0,3
1,0,0,0,1
1,0,0,0,1
2,0,0,0,2
2,0,0,0,2
1,0,0,0,1
1,0,0,0,1
1,0,0,0,1
1,0,0,0,1
1,0,0,0,1
2,1,0,0,3
1,0,0,0,1
1,5,0,0,6
1,0,0,0,1
1,0,0,0,1
1,0,0,0,1
1,0,0,0,1
1,0,0,0,1
1,0,0,0,1
1,0,0,0,1
1,0,0,0,1
1,0,0,0,1
1,0,0,0,1
1,0,0,0,1
1,0,0,0,1
2,0,0,0,2
1,0,0,0,1
1,0,0,0,1
1,0,0,0,1
1,0,0,0,1
1,0,0,0,1
1,0,0,0,1
1,0,0,0,1
1,0,0,0,1
1,0,0,0,1
1,0,0,0,1
1,0,0,0,1
1,0,0,0,1
1,0,0,0,1
1,0,0,0,1
1,0,0,0,1
1,0,0,0,1
1,0,0,0,1
1,0,0,0,1
1,0,0,0,1
3,0,0,0,3
1,0,0,0,1
1,0,0,0,1
1,0,0,0,1
1,0,0,0,1
1,0,0,0,1
1,0,0,0,1
3,0,0,0,3
2,0,0,0,2
1,0,0,0,1
1,0,0,0,1
1,0,0,0,1
1,0,0,0,1
1,0,0,0,1
1,0,0,0,1
1,0,0,0,1
1,0,0,0,1
1,0,0,0,1
1,0,0,0,1
1,0,0,0,1
2,0,0,0,2
1,0,0,0,1
1,0,0,0,1
1,0,0,0,1
1,0,0,0,1
1,0,0,0,1
1,0,0,0,1
1,0,0,0,1
1,0,0,0,1
1,3,0,0,4
1,0,0,0,1
1,0,0,0,1
1,0,0,0,1
1,0,0,0,1
1,0,0,0,1
2,0,0,0,2
1,0,0,0,1
1,0,0,0,1
1,0,0,0,1
1,0,0,0,1
1,0,0,0,1
2,0,0,0,2
1,0,0,0,1
1,0,0,0,1
1,0,0,0,1
1,0,0,0,1
1,0,0,0,1
2,0,0,0,2
1,0,0,0,1
1,0,0,0,1
1,0,0,0,1
1,0,0,0,1
1,0,0,0,1
1,0,0,0,1
1,0,0,0,1
1,0,0,0,1
1,0,0,0,1
1,0,0,0,1
1,5,0,0,6
2,0,0,0,2
1,0,0,0,1
1,0,0,0,1
1,0,0,0,1
1,0,0,0,1
2,0,0,0,2
1,0,0,0,1
1,0,0,0,1
1,0,0,0,1
1,0,0,0,1
1,0,0,0,1
1,0,0,0,1
1,0,0,0,1
1,0,0,0,1
1,0,0,0,1
1,0,0,0,1
1,0,0,0,1
1,0,0,0,1
1,0,0,0,1
1,0,0,0,1
1,0,0,0,1
1,0,0,0,1
1,0,0,0,1
1,0,0,0,1
1,0,0,0,1
1,0,0,0,1
1,0,0,0,1
1,0,0,0,1
1,0,0,0,1
2,0,0,0,2
1,0,0,0,1
1,0,0,0,1
1,0,0,0,1
1,0,0,0,1
1,0,0,0,1
1,0,0,0,1
1,0,0,0,1
1,0,0,0,1
1,0,0,0,1
1,0,0,0,1
2,19,0,0,21
2,0,0,0,2
1,0,0,0,1
2,0,0,0,2
1,0,0,0,1
2,0,0,0,2
1,0,0,0,1
1,0,0,0,1
1,0,0,0,1
1,0,0,0,1
1,0,0,0,1
1,0,0,0,1
1,0,0,0,1
1,0,0,0,1
1,0,0,0,1
1,0,0,0,1
1,0,0,0,1
1,0,0,0,1
3,1,0,0,4
1,0,0,0,1
1,0,0,0,1
1,0,0,0,1
1,0,0,0,1
1,0,0,0,1
1,0,0,0,1
1,0,0,0,1
3,3,0,0,6
1,0,0,0,1
1,0,0,0,1
1,1,1,0,3
1,0,0,0,1
1,0,0,0,1
1,0,0,0,1
1,0,0,0,1
3,0,0,0,3
1,0,0,0,1
1,0,0,0,1
1,0,0,0,1
1,0,0,0,1
2,0,0,0,2
2,0,0,0,2
1,0,0,0,1
1,0,0,0,1
2,2,0,0,4
1,0,0,0,1
1,0,0,0,1
1,0,0,0,1
1,0,0,0,1
1,0,0,0,1
1,0,0,0,1
2,0,0,0,2
2,0,0,0,2
1,0,0,0,1
4,0,0,0,4
1,0,0,0,1
2,0,0,0,2
1,0,0,0,1
1,0,0,0,1
1,0,0,0,1
1,0,0,0,1
1,0,0,0,1
1,0,0,0,1
2,0,0,0,2
1,0,0,0,1
1,0,0,0,1
1,0,0,0,1
1,0,0,0,1
1,0,0,0,1
1,0,0,0,1
1,0,0,0,1
1,0,0,0,1
1,0,0,0,1
1,0,0,0,1
1,0,0,0,1
1,0,0,0,1
1,0,0,0,1
1,0,0,0,1
1,2,1,0,4
1,0,0,0,1
1,0,0,0,1
1,0,0,0,1
1,0,0,0,1
1,0,0,0,1
1,0,0,0,1
1,0,0,0,1
2,17,0,0,19
1,0,0,0,1
1,0,0,0,1
1,0,0,0,1
1,0,0,0,1
1,0,0,0,1
1,0,0,0,1
1,0,0,0,1
2,0,0,0,2
3,32,0,0,35
2,0,0,0,2
1,0,0,0,1
1,0,0,0,1
1,0,0,0,1
1,0,0,0,1
1,0,0,0,1
1,0,0,0,1
1,0,0,0,1
1,0,0,0,1
1,0,0,0,1
1,0,0,0,1
1,0,0,0,1
1,0,0,0,1
1,0,0,0,1
1,0,0,0,1
1,0,0,0,1
1,0,0,0,1
1,0,0,0,1
1,0,0,0,1
1,0,0,0,1
1,0,0,0,1
1,0,0,0,1
1,0,0,0,1
1,0,0,0,1
1,0,0,0,1
1,0,0,0,1
1,0,0,0,1
1,0,0,0,1
1,0,0,0,1
1,0,0,0,1
1,0,0,0,1
1,0,0,0,1
1,0,0,0,1
1,0,0,0,1
1,0,0,0,1
1,0,0,0,1
1,0,0,0,1
1,0,0,0,1
1,0,0,0,1
1,0,0,0,1
1,0,0,0,1
1,4,0,0,5
1,0,0,0,1
1,0,0,0,1
1,0,0,0,1
1,0,0,0,1
1,0,0,0,1
2,0,0,0,2
2,3,0,0,5
2,0,0,0,2
1,0,0,0,1
1,0,0,0,1
1,0,0,0,1
1,0,0,0,1
1,0,0,0,1
1,0,0,0,1
3,0,0,0,3
1,0,0,0,1
1,0,0,0,1
1,0,0,0,1
1,0,0,0,1
1,0,0,0,1
1,0,0,0,1
1,0,0,0,1
1,0,0,0,1
1,0,0,0,1
1,0,0,0,1
1,0,0,0,1
1,0,0,0,1
1,0,0,0,1
2,0,0,0,2
1,0,0,0,1
3,0,0,0,3
1,0,0,0,1
1,0,0,0,1
3,0,0,0,3
1,0,0,0,1
1,0,0,0,1
1,0,0,0,1
2,0,0,0,2
1,0,0,0,1
1,0,0,0,1
1,0,0,0,1
1,0,0,0,1
1,0,0,0,1
1,0,0,0,1
1,0,0,0,1
1,0,0,0,1
1,0,0,0,1
1,0,0,0,1
1,0,0,0,1
1,0,0,0,1
1,0,0,0,1
1,0,0,0,1
1,0,0,0,1
1,0,0,0,1
1,0,0,0,1
1,0,0,0,1
1,0,0,0,1
1,0,0,0,1
1,0,0,0,1
1,0,0,0,1
1,0,0,0,1
1,0,0,0,1
1,0,0,0,1
1,0,0,0,1
1,0,0,0,1
1,0,0,0,1
1,0,0,0,1
1,0,0,0,1
1,0,0,0,1
1,0,0,0,1
1,0,0,0,1
1,0,0,0,1
1,0,0,0,1
1,0,0,0,1
1,0,0,0,1
1,14,0,0,15
1,0,0,0,1
1,0,0,0,1
2,0,0,0,2
1,0,0,0,1
1,0,0,0,1
1,0,0,0,1
1,0,0,0,1
1,0,0,0,1
1,0,0,0,1
1,0,0,0,1
1,0,0,0,1
2,0,0,0,2
1,0,0,0,1
1,0,0,0,1
1,0,0,0,1
1,0,0,0,1
1,0,0,0,1
1,0,0,0,1
1,0,0,0,1
1,0,0,0,1
1,1,0,0,2
1,0,0,0,1
1,0,0,0,1
1,0,0,0,1
1,0,0,0,1
1,0,0,0,1
1,0,0,0,1
1,0,0,0,1
2,0,0,0,2
1,0,0,0,1
1,0,0,0,1
1,0,0,0,1
1,0,0,0,1
1,0,0,0,1
1,0,0,0,1
2,0,0,0,2
1,0,0,0,1
1,0,0,0,1
1,0,0,0,1
1,0,0,0,1
1,0,0,0,1
1,0,0,0,1
3,0,0,0,3
1,0,0,0,1
1,0,0,0,1
1,0,0,0,1
1,0,0,0,1
1,0,0,0,1
1,0,0,0,1
1,0,0,0,1
1,0,0,0,1
1,0,0,0,1
1,0,0,0,1
4,0,0,0,4
1,0,0,0,1
1,0,0,0,1
1,0,0,0,1
1,0,0,0,1
1,0,0,0,1
1,0,0,0,1
1,0,0,0,1
1,0,0,0,1
1,0,0,0,1
2,0,0,0,2
1,0,0,0,1
1,0,0,0,1
1,0,0,0,1
1,0,0,0,1
2,0,0,0,2
5,0,0,0,5
1,0,0,0,1
1,0,0,0,1
2,0,0,0,2
1,0,0,0,1
1,0,0,0,1
1,0,0,0,1
1,0,0,0,1
1,0,0,0,1
1,0,0,0,1
1,0,0,0,1
2,0,0,0,2
2,0,0,0,2
1,0,0,0,1
1,0,0,0,1
1,0,0,0,1
1,0,0,0,1
1,0,0,0,1
3,0,0,0,3
1,0,0,0,1
2,0,0,0,2
1,0,0,0,1
1,0,0,0,1
1,0,0,0,1
1,0,0,0,1
1,0,0,0,1
3,0,0,0,3
1,0,0,0,1
2,0,0,0,2
1,0,0,0,1
1,0,0,0,1
1,0,0,0,1
1,0,0,0,1
1,0,0,0,1
1,0,0,0,1
1,0,0,0,1
1,0,0,0,1
2,0,0,0,2
1,0,0,0,1
1,0,0,0,1
2,0,0,0,2
1,0,0,0,1
1,0,0,0,1
1,0,0,0,1
3,0,0,0,3
1,0,0,0,1
1,0,0,0,1
1,0,0,0,1
1,0,0,0,1
1,0,0,0,1
1,0,0,0,1
2,0,0,0,2
1,0,0,0,1
1,0,0,0,1
1,0,0,0,1
1,0,0,0,1
1,0,0,0,1
1,0,0,0,1
1,0,0,0,1
2,0,0,0,2
2,0,0,0,2
1,0,0,0,1
1,0,0,0,1
1,0,0,0,1
2,0,0,0,2
1,0,0,0,1
2,0,0,0,2
1,0,0,0,1
1,0,0,0,1
1,0,0,0,1
1,0,0,0,1
1,0,0,0,1
1,0,0,0,1
1,0,0,0,1
2,0,0,0,2
1,0,0,0,1
1,0,0,0,1
1,0,0,0,1
2,0,0,0,2
1,0,0,0,1
1,0,0,0,1
1,0,0,0,1
1,0,0,0,1
1,0,0,0,1
1,0,0,0,1
1,0,0,0,1
1,0,0,0,1
1,0,0,0,1
1,0,0,0,1
1,0,0,0,1
2,6,0,0,8
1,0,0,0,1
1,0,0,0,1
1,0,0,0,1
1,0,0,0,1
1,0,0,0,1
1,0,0,0,1
1,0,0,0,1
1,0,0,0,1
1,0,0,0,1
2,0,0,0,2
1,0,0,0,1
1,0,0,0,1
1,0,0,0,1
1,0,0,0,1
1,0,0,0,1
1,0,0,0,1
1,0,0,0,1
2,0,0,0,2
1,0,0,0,1
1,0,0,0,1
1,0,0,0,1
1,0,0,0,1
1,0,0,0,1
1,63,0,0,64
1,0,0,0,1
1,0,0,0,1
1,0,0,0,1
1,0,0,0,1
1,0,0,0,1
1,0,0,0,1
1,0,0,0,1
2,2,0,0,4
1,0,0,0,1
2,0,0,0,2
2,0,0,0,2
1,0,0,0,1
1,0,0,0,1
1,0,0,0,1
1,0,0,0,1
2,0,0,0,2
1,0,0,0,1
1,0,0,0,1
1,3,0,0,4
1,0,0,0,1
1,0,0,0,1
1,0,0,0,1
1,0,0,0,1
2,0,0,0,2
1,0,0,0,1
1,0,0,0,1
1,0,0,0,1
1,0,0,0,1
1,0,0,0,1
1,0,0,0,1
1,0,0,0,1
1,0,0,0,1
1,0,0,0,1
1,3,1,0,5
1,0,0,0,1
1,0,0,0,1
1,0,0,0,1
1,0,0,0,1
1,0,0,0,1
1,0,0,0,1
1,0,0,0,1
1,0,0,0,1
1,0,0,0,1
2,0,0,0,2
1,0,0,0,1
1,0,0,0,1
1,0,0,0,1
2,0,0,0,2
1,0,0,0,1
1,0,0,0,1
1,0,0,0,1
3,0,0,0,3
1,0,0,0,1
2,0,0,0,2
1,0,0,0,1
1,0,0,0,1
1,0,0,0,1
1,0,0,0,1
1,0,0,0,1
2,0,0,0,2
1,0,0,0,1
1,0,0,0,1
1,0,0,0,1
1,0,0,0,1
1,0,0,0,1
2,0,0,0,2
1,0,0,0,1
3,0,0,0,3
1,0,0,0,1
1,0,0,0,1
1,0,0,0,1
1,0,0,0,1
1,0,0,0,1
1,0,0,0,1
2,0,0,0,2
1,0,0,0,1
2,0,0,0,2
1,0,0,0,1
1,0,0,0,1
1,0,0,0,1
1,0,0,0,1
1,0,0,0,1
1,0,0,0,1
3,0,0,0,3
1,0,0,0,1
2,633,0,0,635
1,0,0,0,1
1,0,0,0,1
1,0,0,0,1
1,0,0,0,1
2,0,0,0,2
1,0,0,0,1
1,0,0,0,1
1,0,0,0,1
1,0,0,0,1
1,0,0,0,1
1,0,0,0,1
1,0,0,0,1
1,0,0,0,1
1,0,0,0,1
1,0,0,0,1
1,0,0,0,1
1,0,0,0,1
1,0,0,0,1
1,0,0,0,1
1,0,0,0,1
1,0,0,0,1
1,0,0,0,1
1,0,0,0,1
1,0,0,0,1
2,0,0,0,2
1,0,0,0,1
1,0,0,0,1
1,0,0,0,1
1,4,2,0,7
1,0,0,0,1
1,0,0,0,1
1,0,0,0,1
2,0,0,0,2
1,0,0,0,1
1,0,0,0,1
1,0,0,0,1
1,0,0,0,1
1,0,0,0,1
1,2,0,0,3
1,0,0,0,1
1,1,0,0,2
1,0,0,0,1
1,0,0,0,1
1,0,0,0,1
1,0,0,0,1
1,0,0,0,1
1,0,0,0,1
2,0,0,0,2
1,0,0,0,1
1,0,0,0,1
1,0,0,0,1
1,0,0,0,1
1,0,0,0,1
1,0,0,0,1
1,0,0,0,1
1,0,0,0,1
1,0,0,0,1
1,5,0,0,6
1,0,0,0,1
1,0,0,0,1
1,0,0,0,1
1,0,0,0,1
1,0,0,0,1
1,0,0,0,1
1,0,0,0,1
1,0,0,0,1
1,0,0,0,1
2,0,0,0,2
1,0,0,0,1
2,0,0,0,2
1,0,0,0,1
1,0,0,0,1
1,0,0,0,1
1,0,0,0,1
1,0,0,0,1
1,0,0,0,1
1,0,0,0,1
2,0,0,0,2
1,0,0,0,1
1,0,0,0,1
1,0,0,0,1
1,0,0,0,1
2,0,0,0,2
1,0,0,0,1
1,0,0,0,1
1,0,0,0,1
2,0,0,0,2
1,0,0,0,1
1,0,0,0,1
1,0,0,0,1
1,0,0,0,1
1,0,0,0,1
1,0,0,0,1
1,0,0,0,1
1,0,0,0,1
1,0,0,0,1
1,0,0,0,1
2,0,0,0,2
1,0,0,0,1
1,0,0,0,1
1,0,0,0,1
1,0,0,0,1
1,0,0,0,1
3,0,0,0,3
1,0,0,0,1
1,0,0,0,1
2,0,0,0,2
1,0,0,0,1
1,0,0,0,1
1,0,0,0,1
1,0,0,0,1
1,0,0,0,1
1,0,0,0,1
2,0,0,0,2
1,0,0,0,1
2,0,0,0,2
1,0,0,0,1
1,46,0,0,47
1,0,0,0,1
1,0,0,0,1
1,0,0,0,1
1,0,0,0,1
1,0,0,0,1
1,0,0,0,1
1,0,0,0,1
2,0,0,0,2
1,0,0,0,1
1,0,0,0,1
1,0,0,0,1
1,0,0,0,1
2,0,0,0,2
1,0,0,0,1
1,0,0,0,1
2,0,0,0,2
1,0,0,0,1
1,0,0,0,1
1,0,0,0,1
2,0,0,0,2
1,0,0,0,1
5,0,0,0,5
3,0,0,0,3
1,0,0,0,1
1,0,0,0,1
1,0,0,0,1
1,0,0,0,1
1,0,0,0,1
1,0,0,0,1
1,0,0,0,1
2,0,0,0,2
2,0,0,0,2
1,0,0,0,1
2,0,0,0,2
1,0,0,0,1
1,0,0,0,1
1,0,0,0,1
1,0,0,0,1
1,0,0,0,1
1,0,0,0,1
1,0,0,0,1
6,0,0,0,6
2,0,0,0,2
1,0,0,0,1
1,0,0,0,1
1,0,0,0,1
1,0,0,0,1
1,0,0,0,1
1,0,0,0,1
1,0,0,0,1
1,2,1,0,4
1,2,0,0,3
2,0,0,0,2
1,0,0,0,1
1,0,0,0,1
1,0,0,0,1
1,0,0,0,1
1,0,0,0,1
1,0,0,0,1
1,0,0,0,1
3,0,0,0,3
1,0,0,0,1
1,0,0,0,1
1,0,0,0,1
7,0,0,0,7
1,0,0,0,1
1,0,0,0,1
1,0,0,0,1
1,0,0,0,1
1,0,0,0,1
1,0,0,0,1
2,0,0,0,2
1,0,0,0,1
1,0,0,0,1
1,0,0,0,1
1,0,0,0,1
1,0,0,0,1
1,0,0,0,1
1,0,0,0,1
2,0,0,0,2
1,0,0,0,1
1,0,0,0,1
1,0,0,0,1
1,0,0,0,1
1,0,0,0,1
1,0,0,0,1
1,0,0,0,1
1,0,0,0,1
1,0,0,0,1
1,0,0,0,1
2,0,0,0,2
1,0,0,0,1
1,0,0,0,1
1,0,0,0,1
1,0,0,0,1
1,0,0,0,1
1,0,0,0,1
1,0,0,0,1
1,0,0,0,1
1,0,0,0,1
1,0,0,0,1
1,0,0,0,1
1,0,0,0,1
1,0,0,0,1
1,0,0,0,1
2,0,0,0,2
2,0,0,0,2
1,0,0,0,1
1,0,0,0,1
1,0,0,0,1
1,0,0,0,1
1,0,0,0,1
2,0,0,0,2
1,0,0,0,1
1,0,0,0,1
1,2,0,0,3
1,0,0,0,1
1,0,0,0,1
1,0,0,0,1
1,0,0,0,1
1,0,0,0,1
1,0,0,0,1
1,0,0,0,1
1,0,0,0,1
1,0,0,0,1
1,0,0,0,1
2,0,0,0,2
1,0,0,0,1
1,0,0,0,1
1,0,0,0,1
1,0,0,0,1
1,9,0,0,10
1,0,0,0,1
1,0,0,0,1
1,0,0,0,1
1,0,0,0,1
3,0,0,0,3
1,0,0,0,1
1,0,0,0,1
1,0,0,0,1
1,0,0,0,1
3,0,0,0,3
1,1,0,0,2
1,0,0,0,1
1,2,0,0,3
1,0,0,0,1
1,0,0,0,1
1,0,0,0,1
1,0,0,0,1
1,0,0,0,1
1,0,0,0,1
1,0,0,0,1
1,0,0,0,1
1,0,0,0,1
1,0,0,0,1
1,0,0,0,1
1,0,0,0,1
1,0,0,0,1
1,0,0,0,1
1,0,0,0,1
1,0,0,0,1
1,0,0,0,1
1,0,0,0,1
1,0,0,0,1
1,0,0,0,1
1,0,0,0,1
3,0,0,0,3
2,0,0,0,2
1,0,0,0,1
1,0,0,0,1
1,0,0,0,1
1,0,0,0,1
1,0,0,0,1
1,0,0,0,1
1,0,0,0,1
1,0,0,0,1
1,0,0,0,1
1,0,0,0,1
1,0,0,0,1
1,0,0,0,1
1,0,0,0,1
1,0,0,0,1
1,0,0,0,1
1,0,0,0,1
1,0,0,0,1
1,0,0,0,1
1,0,0,0,1
1,0,0,0,1
1,0,0,0,1
1,0,0,0,1
1,0,0,0,1
1,0,0,0,1
1,0,0,0,1
3,0,0,0,3
1,0,0,0,1
1,0,0,0,1
1,0,0,0,1
1,0,0,0,1
3,0,0,0,3
1,0,0,0,1
1,0,0,0,1
2,0,0,0,2
1,0,0,0,1
1,0,0,0,1
1,0,0,0,1
1,0,0,0,1
1,0,0,0,1
1,0,0,0,1
1,0,0,0,1
1,0,0,0,1
1,0,0,0,1
1,0,0,0,1
1,0,0,0,1
1,0,0,0,1
7,1,0,0,8
1,0,0,0,1
1,0,0,0,1
1,0,0,0,1
1,0,0,0,1
1,0,0,0,1
1,0,0,0,1
1,0,0,0,1
1,0,0,0,1
3,0,0,0,3
1,0,0,0,1
1,0,0,0,1
2,0,0,0,2
1,0,0,0,1
1,0,0,0,1
1,0,0,0,1
1,0,0,0,1
1,0,0,0,1
1,0,0,0,1
1,0,0,0,1
1,0,0,0,1
1,0,0,0,1
1,0,0,0,1
3,0,0,0,3
3,0,0,0,3
1,0,0,0,1
1,0,0,0,1
1,0,0,0,1
1,0,0,0,1
1,0,0,0,1
1,0,0,0,1
1,0,0,0,1
1,0,0,0,1
1,0,0,0,1
1,0,0,0,1
1,0,0,0,1
1,0,0,0,1
1,0,0,0,1
1,0,0,0,1
1,0,0,0,1
1,0,0,0,1
1,0,0,0,1
1,0,0,0,1
1,0,0,0,1
1,0,0,0,1
1,0,0,0,1
1,0,0,0,1
1,0,0,0,1
1,0,0,0,1
1,0,0,0,1
1,0,0,0,1
1,0,0,0,1
1,0,0,0,1
1,0,0,0,1
1,0,0,0,1
2,0,0,0,2
1,0,0,0,1
1,0,0,0,1
1,0,0,0,1
1,0,0,0,1
1,0,0,0,1
1,0,0,0,1
1,0,0,0,1
1,0,0,0,1
2,0,0,0,2
1,0,0,0,1
1,0,0,0,1
1,0,0,0,1
1,0,0,0,1
1,0,0,0,1
1,0,0,0,1
1,0,0,0,1
1,0,0,0,1
2,0,0,0,2
1,0,0,0,1
1,0,0,0,1
1,0,0,0,1
1,0,0,0,1
1,0,0,0,1
1,0,0,0,1
2,0,0,0,2
1,0,0,0,1
1,0,0,0,1
1,0,0,0,1
1,0,0,0,1
1,0,0,0,1
1,1,0,0,2
1,0,0,0,1
1,1,0,0,2
1,0,0,0,1
1,0,0,0,1
1,0,0,0,1
2,0,0,0,2
1,0,0,0,1
1,0,0,0,1
1,0,0,0,1
1,0,0,0,1
1,0,0,0,1
1,0,0,0,1
1,0,0,0,1
1,0,0,0,1
1,0,0,0,1
2,0,0,0,2
1,0,0,0,1
2,2,0,0,4
1,0,0,0,1
1,0,0,0,1
4,1,0,0,5
1,0,0,0,1
1,0,0,0,1
1,0,0,0,1
1,0,0,0,1
1,0,0,0,1
1,0,0,0,1
1,0,0,0,1
1,0,0,0,1
1,0,0,0,1
1,0,0,0,1
1,0,0,0,1
1,0,0,0,1
1,0,0,0,1
1,0,0,0,1
1,0,0,0,1
1,0,0,0,1
1,11,2,0,14
1,0,0,0,1
1,0,0,0,1
1,0,0,0,1
1,5,0,0,6
1,0,0,0,1
1,0,0,0,1
1,0,0,0,1
1,0,0,0,1
1,0,0,0,1
1,0,0,0,1
1,0,0,0,1
2,0,0,0,2
1,0,0,0,1
1,0,0,0,1
1,0,0,0,1
2,0,0,0,2
2,0,0,0,2
1,0,0,0,1
1,0,0,0,1
1,0,0,0,1
1,0,0,0,1
1,0,0,0,1
1,0,0,0,1
1,0,0,0,1
1,0,0,0,1
1,0,0,0,1
1,0,0,0,1
1,0,0,0,1
1,0,0,0,1
1,0,0,0,1
1,0,0,0,1
1,0,0,0,1
1,0,0,0,1
1,0,0,0,1
1,0,0,0,1
1,0,0,0,1
1,0,0,0,1
2,0,0,0,2
1,0,0,0,1
1,0,0,0,1
1,0,0,0,1
3,0,0,0,3
1,0,0,0,1
1,0,0,0,1
1,0,0,0,1
1,0,0,0,1
1,0,0,0,1
1,0,0,0,1
1,0,0,0,1
1,0,0,0,1
1,0,0,0,1
1,0,0,0,1
2,0,0,0,2
1,0,0,0,1
2,2,0,0,4
1,0,0,0,1
1,0,0,0,1
1,0,0,0,1
1,0,0,0,1
1,0,0,0,1
1,0,0,0,1
1,0,0,0,1
1,0,0,0,1
1,0,0,0,1
1,0,0,0,1
1,0,0,0,1
2,0,0,0,2
1,0,0,0,1
1,0,0,0,1
1,0,0,0,1
2,0,0,0,2
2,0,0,0,2
1,0,0,0,1
1,0,0,0,1
2,0,0,0,2
1,0,0,0,1
2,0,0,0,2
1,0,0,0,1
2,0,0,0,2
1,0,0,0,1
1,0,0,0,1
1,0,0,0,1
1,0,0,0,1
1,0,0,0,1
2,0,0,0,2
1,0,0,0,1
2,0,0,0,2
1,0,0,0,1
1,0,0,0,1
1,0,0,0,1
1,0,0,0,1
1,0,0,0,1
1,0,0,0,1
3,0,0,0,3
1,0,0,0,1
1,0,0,0,1
2,0,0,0,2
1,0,0,0,1
1,0,0,0,1
1,0,0,0,1
1,0,0,0,1
1,0,0,0,1
1,0,0,0,1
1,0,0,0,1
1,0,2,0,3
1,0,0,0,1
1,0,0,0,1
1,0,0,0,1
1,0,0,0,1
1,0,0,0,1
1,0,0,0,1
1,0,0,0,1
1,0,0,0,1
1,0,0,0,1
1,0,0,0,1
1,0,0,0,1
1,0,0,0,1
1,0,0,0,1
1,0,0,0,1
1,0,0,0,1
1,0,0,0,1
1,0,0,0,1
1,0,0,0,1
1,0,0,0,1
1,0,0,0,1
1,0,0,0,1
1,0,0,0,1
1,0,0,0,1
1,0,0,0,1
1,0,0,0,1
1,0,0,0,1
1,0,0,0,1
2,0,0,0,2
2,0,0,0,2
1,0,0,0,1
1,0,0,0,1
1,0,0,0,1
1,0,0,0,1
1,0,0,0,1
1,0,0,0,1
1,0,0,0,1
1,0,0,0,1
1,0,0,0,1
1,2,0,0,3
1,0,0,0,1
1,0,0,0,1
1,0,0,0,1
1,0,0,0,1
1,0,0,0,1
1,0,0,0,1
2,0,0,0,2
1,0,0,0,1
1,0,0,0,1
1,0,0,0,1
1,0,0,0,1
1,0,0,0,1
1,0,0,0,1
1,0,0,0,1
1,3,0,0,4
1,0,0,0,1
2,0,0,0,2
1,0,0,0,1
1,0,0,0,1
5,0,0,0,5
1,0,0,0,1
1,0,0,0,1
1,0,0,0,1
1,0,0,0,1
1,0,0,0,1
1,0,0,0,1
1,0,0,0,1
2,0,0,0,2
1,0,0,0,1
2,0,0,0,2
1,0,0,0,1
1,0,0,0,1
1,0,0,0,1
1,0,0,0,1
1,0,0,0,1
1,0,0,0,1
1,0,0,0,1
1,0,0,0,1
1,0,0,0,1
1,0,0,0,1
3,0,0,0,3
1,0,0,0,1
1,0,0,0,1
1,0,0,0,1
1,0,0,0,1
2,0,0,0,2
1,0,0,0,1
1,0,0,0,1
2,0,0,0,2
1,0,0,0,1
1,0,0,0,1
1,0,0,0,1
1,0,0,0,1
3,0,0,0,3
1,0,0,0,1
1,21,0,0,22
1,0,0,0,1
3,0,0,0,3
1,0,0,0,1
1,0,0,0,1
1,0,0,0,1
1,0,0,0,1
1,0,0,0,1
2,0,0,0,2
1,0,0,0,1
2,0,0,0,2
1,0,0,0,1
1,0,0,0,1
1,0,0,0,1
1,0,0,0,1
1,0,0,0,1
1,0,0,0,1
1,1,1,0,3
1,0,0,0,1
1,0,0,0,1
1,0,0,0,1
1,0,0,0,1
1,0,0,0,1
2,0,0,0,2
1,0,0,0,1
1,0,0,0,1
2,0,0,0,2
3,0,0,0,3
2,0,0,0,2
1,0,0,0,1
1,0,0,0,1
1,0,0,0,1
1,0,0,0,1
1,0,0,0,1
1,0,0,0,1
1,0,0,0,1
1,0,0,0,1
1,0,0,0,1
2,0,0,0,2
1,0,0,0,1
1,0,0,0,1
2,0,0,0,2
1,0,0,0,1
1,0,0,0,1
1,0,0,0,1
1,0,0,0,1
3,16,0,0,19
1,0,0,0,1
1,0,0,0,1
1,0,0,0,1
1,0,0,0,1
1,0,0,0,1
1,0,0,0,1
1,0,0,0,1
1,0,0,0,1
1,0,0,0,1
1,0,0,0,1
1,0,0,0,1
1,0,0,0,1
1,1,0,0,2
1,0,0,0,1
1,0,0,0,1
1,1,0,0,2
1,0,0,0,1
1,0,0,0,1
1,0,0,0,1
2,1,0,0,3
1,0,0,0,1
1,0,2,0,3
1,0,0,0,1
1,0,0,0,1
1,0,0,0,1
2,0,0,0,2
1,0,0,0,1
1,18,0,0,19
1,0,0,0,1
2,0,0,0,2
1,0,0,0,1
1,0,1,0,2
1,0,0,0,1
1,0,0,0,1
1,0,0,0,1
1,0,0,0,1
1,0,0,0,1
1,0,0,0,1
1,0,0,0,1
1,0,0,0,1
1,0,0,0,1
1,0,0,0,1
2,0,0,0,2
2,2,0,0,4
1,0,0,0,1
1,0,0,0,1
1,0,0,0,1
5,0,0,0,5
1,0,0,0,1
2,0,0,0,2
1,0,0,0,1
1,0,0,0,1
1,0,0,0,1
1,0,0,0,1
1,0,0,0,1
1,0,0,0,1
1,0,0,0,1
1,0,0,0,1
1,0,0,0,1
1,0,0,0,1
1,0,0,0,1
1,0,0,0,1
1,0,0,0,1
1,0,0,0,1
1,0,0,0,1
1,0,0,0,1
1,0,0,0,1
1,0,0,0,1
1,0,0,0,1
1,0,0,0,1
1,0,0,0,1
1,0,0,0,1
1,0,0,0,1
2,0,0,0,2
1,0,0,0,1
1,0,0,0,1
1,0,0,0,1
1,0,0,0,1
1,0,0,0,1
1,0,0,0,1
1,0,0,0,1
1,0,0,0,1
1,0,0,0,1
1,0,0,0,1
1,0,0,0,1
1,0,0,0,1
1,0,0,0,1
1,0,0,0,1
1,0,0,0,1
2,0,0,0,2
1,0,0,0,1
1,0,0,0,1
1,0,0,0,1
2,0,0,0,2
1,0,0,0,1
1,0,0,0,1
1,0,0,0,1
1,0,0,0,1
1,0,0,0,1
1,0,0,0,1
1,0,0,0,1
1,0,0,0,1
1,0,0,0,1
2,0,0,0,2
1,0,0,0,1
1,0,0,0,1
1,0,0,0,1
1,0,0,0,1
2,0,0,0,2
1,1,0,0,2
1,0,0,0,1
1,0,0,0,1
1,0,0,0,1
1,0,0,0,1
1,0,0,0,1
3,0,0,0,3
3,0,0,0,3
1,0,0,0,1
2,0,0,0,2
2,2,0,0,4
1,0,0,0,1
1,0,0,0,1
1,0,0,0,1
2,0,0,0,2
1,0,0,0,1
1,0,0,0,1
1,0,0,0,1
1,0,0,0,1
1,0,0,0,1
1,0,0,0,1
1,0,0,0,1
1,0,0,0,1
2,0,0,0,2
1,0,0,0,1
1,0,0,0,1
1,0,0,0,1
2,0,0,0,2
1,0,0,0,1
1,0,0,0,1
2,0,0,0,2
1,0,0,0,1
3,0,0,0,3
1,0,0,0,1
1,0,0,0,1
1,0,0,0,1
1,0,0,0,1
1,0,0,0,1
1,0,0,0,1
1,0,0,0,1
1,0,0,0,1
1,0,0,0,1
1,0,0,0,1
2,0,0,0,2
1,0,0,0,1
1,0,0,0,1
1,0,0,0,1
1,3,0,0,4
1,0,0,0,1
1,0,0,0,1
1,0,0,0,1
2,0,0,0,2
1,0,0,0,1
2,0,0,0,2
1,0,0,0,1
1,0,0,0,1
1,0,0,0,1
1,0,0,0,1
1,0,0,0,1
1,0,0,0,1
1,44,1,0,46
1,0,0,0,1
1,0,0,0,1
1,0,0,0,1
1,0,0,0,1
1,0,0,0,1
1,0,0,0,1
1,1,0,0,2
1,0,0,0,1
2,0,0,0,2
3,0,0,0,3
1,0,0,0,1
1,0,0,0,1
1,0,0,0,1
1,0,0,0,1
1,0,0,0,1
1,0,0,0,1
1,0,0,0,1
1,0,0,0,1
1,0,0,0,1
1,0,0,0,1
1,0,0,0,1
1,0,0,0,1
1,0,0,0,1
1,0,0,0,1
1,0,0,0,1
1,0,0,0,1
1,0,0,0,1
1,0,0,0,1
2,0,0,0,2
1,0,0,0,1
1,0,0,0,1
5,0,0,0,5
1,1,0,0,2
2,36,0,0,38
1,0,0,0,1
2,0,0,0,2
1,0,0,0,1
1,0,0,0,1
1,0,0,0,1
1,0,0,0,1
1,3,1,0,5
1,0,0,0,1
2,0,0,0,2
1,0,0,0,1
1,0,0,0,1
3,0,0,0,3
1,0,0,0,1
1,0,0,0,1
1,0,0,0,1
1,0,0,0,1
1,0,0,0,1
1,4,0,0,5
1,0,0,0,1
1,0,0,0,1
1,0,0,0,1
1,0,0,0,1
1,0,0,0,1
1,0,0,0,1
2,0,0,0,2
1,0,0,0,1
1,0,0,0,1
1,0,0,0,1
1,0,0,0,1
1,0,0,0,1
2,0,0,0,2
1,0,0,0,1
1,3,0,0,4
1,3,2,0,6
1,0,0,0,1
1,0,0,0,1
1,0,0,0,1
1,0,0,0,1
1,0,0,0,1
1,0,0,0,1
1,0,0,0,1
1,121,0,0,122
1,112,0,0,113
1,0,0,0,1
2,0,0,0,2
2,0,0,0,2
2,0,0,0,2
1,0,0,0,1
2,0,0,0,2
1,0,0,0,1
1,0,0,0,1
1,0,0,0,1
1,0,0,0,1
2,0,1,0,3
1,0,0,0,1
1,0,0,0,1
1,0,0,0,1
1,0,0,0,1
1,0,0,0,1
1,0,0,0,1
1,0,0,0,1
1,0,0,0,1
1,0,0,0,1
1,0,0,0,1
1,0,0,0,1
1,0,0,0,1
1,0,0,0,1
1,0,0,0,1
1,0,0,0,1
1,0,0,0,1
1,0,0,0,1
1,0,0,0,1
1,0,0,0,1
1,0,0,0,1
2,0,0,0,2
1,0,0,0,1
1,0,0,0,1
1,0,0,0,1
1,0,0,0,1
1,0,0,0,1
1,0,0,0,1
2,0,0,0,2
2,0,0,0,2
2,0,0,0,2
1,0,0,0,1
1,0,0,0,1
1,0,0,0,1
1,3,1,0,5
1,5,0,0,6
1,0,0,0,1
1,0,0,0,1
1,0,0,0,1
1,0,0,0,1
2,0,0,0,2
1,0,0,0,1
1,0,0,0,1
1,0,0,0,1
1,0,0,0,1
1,0,0,0,1
1,0,0,0,1
1,0,0,0,1
2,0,0,0,2
1,0,0,0,1
1,0,0,0,1
1,0,0,0,1
1,0,0,0,1
4,0,0,0,4
1,0,0,0,1
1,0,0,0,1
1,0,0,0,1
1,0,0,0,1
1,0,0,0,1
1,0,0,0,1
1,0,0,0,1
1,0,0,0,1
1,0,0,0,1
1,0,0,0,1
1,0,0,0,1
1,0,0,0,1
1,0,0,0,1
1,0,0,0,1
1,0,0,0,1
1,0,0,0,1
1,0,0,0,1
1,0,0,0,1
1,0,0,0,1
1,0,0,0,1
1,0,0,0,1
2,0,0,0,2
1,0,0,0,1
1,0,0,0,1
1,0,0,0,1
1,0,0,0,1
1,0,0,0,1
1,0,0,0,1
1,0,0,0,1
1,0,0,0,1
1,0,0,0,1
1,0,0,0,1
1,0,0,0,1
1,0,0,0,1
1,0,0,0,1
1,0,0,0,1
1,0,0,0,1
1,0,0,0,1
2,0,0,0,2
1,0,0,0,1
1,0,0,0,1
1,0,0,0,1
1,0,0,0,1
2,0,0,0,2
1,0,0,0,1
1,0,0,0,1
1,0,0,0,1
1,0,0,0,1
1,0,0,0,1
1,0,0,0,1
1,0,0,0,1
3,0,0,0,3
1,0,0,0,1
1,1,0,0,2
1,0,0,0,1
1,0,0,0,1
1,0,0,0,1
2,0,0,0,2
1,0,0,0,1
1,0,0,0,1
1,7,0,0,8
1,0,0,0,1
1,0,0,0,1
1,0,0,0,1
2,0,0,0,2
1,0,0,0,1
2,0,0,0,2
1,0,0,0,1
2,0,0,0,2
1,0,0,0,1
1,0,0,0,1
1,0,0,0,1
2,0,0,0,2
1,0,0,0,1
1,0,0,0,1
1,0,0,0,1
1,0,0,0,1
1,0,0,0,1
1,0,0,0,1
1,0,0,0,1
2,0,0,0,2
1,0,0,0,1
1,0,0,0,1
1,0,0,0,1
2,0,0,0,2
1,0,0,0,1
1,0,0,0,1
1,0,0,0,1
3,0,0,0,3
3,0,0,0,3
1,0,0,0,1
2,0,0,0,2
1,0,0,0,1
1,0,0,0,1
2,0,0,0,2
1,0,0,0,1
1,0,0,0,1
1,0,0,0,1
1,0,0,0,1
1,0,0,0,1
1,0,0,0,1
1,0,0,0,1
1,0,0,0,1
1,0,0,0,1
1,0,0,0,1
2,0,0,0,2
1,0,0,0,1
1,0,0,0,1
1,0,0,0,1
1,0,0,0,1
1,0,0,0,1
2,0,0,0,2
2,0,0,0,2
1,0,0,0,1
1,0,0,0,1
1,0,0,0,1
1,0,0,0,1
1,0,0,0,1
2,0,0,0,2
1,0,0,0,1
1,0,0,0,1
1,0,0,0,1
1,0,0,0,1
1,0,0,0,1
1,0,0,0,1
1,0,0,0,1
1,0,0,0,1
1,0,0,0,1
1,0,0,0,1
2,0,0,0,2
1,0,0,0,1
1,0,0,0,1
1,0,0,0,1
1,0,0,0,1
1,0,0,0,1
1,0,0,0,1
1,0,0,0,1
1,0,0,0,1
1,0,0,0,1
1,0,0,0,1
1,0,0,0,1
1,17,0,0,18
1,0,0,0,1
1,0,0,0,1
1,0,0,0,1
1,0,0,0,1
1,0,0,0,1
2,0,0,0,2
5,0,0,0,5
1,0,0,0,1
1,0,0,0,1
1,0,0,0,1
1,0,0,0,1
1,0,0,0,1
1,0,0,0,1
1,0,0,0,1
1,0,0,0,1
1,0,0,0,1
1,0,0,0,1
1,0,0,0,1
1,0,0,0,1
2,0,0,0,2
2,0,0,0,2
1,0,0,0,1
1,0,0,0,1
1,0,0,0,1
1,0,0,0,1
1,0,0,0,1
1,0,0,0,1
1,0,0,0,1
1,0,0,0,1
1,0,0,0,1
1,1,0,0,2
1,0,0,0,1
1,0,0,0,1
1,0,0,0,1
1,0,0,0,1
1,0,0,0,1
1,0,0,0,1
1,0,0,0,1
1,0,0,0,1
1,0,0,0,1
1,0,0,0,1
1,0,0,0,1
1,0,0,0,1
1,0,0,0,1
1,0,0,0,1
1,0,0,0,1
3,0,0,0,3
1,0,0,0,1
1,0,0,0,1
3,0,0,0,3
1,0,0,0,1
1,0,0,0,1
1,0,0,0,1
2,0,0,0,2
1,0,0,0,1
1,0,0,0,1
1,0,0,0,1
1,79,0,0,80
1,0,0,0,1
1,0,0,0,1
1,0,0,0,1
1,0,0,0,1
1,0,0,0,1
1,0,0,0,1
1,0,0,0,1
1,0,0,0,1
1,0,0,0,1
1,0,0,0,1
1,0,0,0,1
1,0,0,0,1
1,0,0,0,1
1,0,0,0,1
1,0,0,0,1
1,0,0,0,1
1,0,0,0,1
1,0,0,0,1
1,0,0,0,1
1,0,0,0,1
3,0,0,0,3
1,0,0,0,1
1,0,0,0,1
1,0,0,0,1
3,0,0,0,3
1,0,0,0,1
1,0,0,0,1
1,0,0,0,1
1,0,0,0,1
1,0,0,0,1
1,0,0,0,1
1,0,0,0,1
1,0,0,0,1
1,0,0,0,1
1,0,0,0,1
1,0,0,0,1
1,0,0,0,1
1,0,0,0,1
1,0,0,0,1
1,0,0,0,1
1,0,0,0,1
4,0,0,0,4
1,0,0,0,1
1,0,0,0,1
1,0,0,0,1
1,0,0,0,1
1,0,0,0,1
1,0,0,0,1
1,0,0,0,1
1,0,0,0,1
1,0,0,0,1
1,0,0,0,1
2,0,0,0,2
1,0,0,0,1
1,0,0,0,1
1,0,0,0,1
1,0,0,0,1
1,0,0,0,1
1,0,0,0,1
1,0,0,0,1
3,0,0,0,3
1,0,0,0,1
1,0,0,0,1
1,0,0,0,1
1,0,0,0,1
1,0,0,0,1
1,0,0,0,1
1,0,0,0,1
2,0,0,0,2
1,0,0,0,1
2,0,0,0,2
1,0,0,0,1
1,0,0,0,1
1,0,0,0,1
1,0,0,0,1
2,0,0,0,2
1,0,0,0,1
1,0,0,0,1
1,0,0,0,1
1,0,0,0,1
1,0,0,0,1
1,0,0,0,1
1,0,0,0,1
1,0,0,0,1
1,0,0,0,1
1,0,0,0,1
1,0,0,0,1
1,0,0,0,1
1,0,0,0,1
1,0,0,0,1
1,0,0,0,1
1,0,0,0,1
1,0,0,0,1
1,0,0,0,1
1,0,0,0,1
1,0,0,0,1
1,0,0,0,1
1,0,0,0,1
1,0,0,0,1
1,0,0,0,1
2,0,0,0,2
1,0,0,0,1
1,0,0,0,1
1,0,0,0,1
1,0,0,0,1
1,0,0,0,1
1,0,0,0,1
1,0,0,0,1
1,0,0,0,1
1,0,0,0,1
1,0,0,0,1
1,0,0,0,1
1,0,0,0,1
1,0,0,0,1
1,0,0,0,1
1,0,0,0,1
2,0,0,0,2
1,0,0,0,1
1,0,0,0,1
1,1,0,0,2
2,0,0,0,2
1,0,0,0,1
1,1,1,0,3
1,0,0,0,1
1,0,0,0,1
2,0,0,0,2
1,0,0,0,1
1,0,0,0,1
1,0,0,0,1
1,0,0,0,1
1,0,0,0,1
1,0,0,0,1
1,0,0,0,1
1,0,0,0,1
1,0,0,0,1
1,0,0,0,1
1,0,0,0,1
1,0,0,0,1
1,0,0,0,1
2,0,0,0,2
1,0,0,0,1
2,0,0,0,2
1,0,0,0,1
1,0,0,0,1
2,0,0,0,2
1,0,0,0,1
2,1,0,0,3
1,0,0,0,1
1,0,0,0,1
1,0,0,0,1
1,0,0,0,1
1,0,0,0,1
1,0,0,0,1
1,0,0,0,1
3,0,0,0,3
1,0,0,0,1
1,0,0,0,1
2,0,0,0,2
1,0,1,0,2
1,0,0,0,1
1,0,0,0,1
1,0,0,0,1
1,0,0,0,1
1,0,1,0,2
1,0,0,0,1
1,0,2,0,3
1,0,0,0,1
2,0,0,0,2
1,0,0,0,1
1,0,0,0,1
1,0,0,0,1
1,0,0,0,1
1,0,0,0,1
1,0,0,0,1
1,0,0,0,1
1,0,0,0,1
1,0,0,0,1
1,0,0,0,1
1,0,0,0,1
1,0,0,0,1
1,0,0,0,1
1,0,0,0,1
1,0,0,0,1
1,0,0,0,1
1,0,0,0,1
2,20,0,0,22
1,0,0,0,1
1,0,0,0,1
1,0,0,0,1
1,0,0,0,1
1,0,0,0,1
1,0,0,0,1
1,0,0,0,1
1,0,0,0,1
1,0,0,0,1
1,0,0,0,1
1,0,0,0,1
1,0,0,0,1
1,0,0,0,1
1,0,0,0,1
1,0,0,0,1
1,0,0,0,1
1,0,0,0,1
2,0,0,0,2
1,0,0,0,1
1,0,0,0,1
1,0,0,0,1
3,0,0,0,3
1,0,0,0,1
1,0,0,0,1
2,0,0,0,2
1,1,0,0,2
1,0,0,0,1
1,0,0,0,1
2,0,0,0,2
2,0,0,0,2
1,0,0,0,1
1,0,0,0,1
1,0,0,0,1
1,0,0,0,1
2,0,0,0,2
1,0,0,0,1
1,0,0,0,1
1,0,0,0,1
1,0,0,0,1
1,0,0,0,1
1,0,0,0,1
1,0,0,0,1
1,0,0,0,1
1,0,0,0,1
1,0,0,0,1
1,0,0,0,1
1,0,0,0,1
1,0,0,0,1
1,0,0,0,1
1,0,0,0,1
2,0,0,0,2
1,0,0,0,1
1,0,0,0,1
1,0,0,0,1
1,0,0,0,1
1,0,0,0,1
1,0,0,0,1
1,0,0,0,1
1,0,0,0,1
3,0,0,0,3
1,0,0,0,1
2,0,0,0,2
3,0,0,0,3
1,0,0,0,1
3,0,0,0,3
2,0,0,0,2
2,0,0,0,2
1,0,0,0,1
2,2,0,0,4
4,0,0,0,4
1,0,0,0,1
1,0,0,0,1
1,0,0,0,1
1,0,0,0,1
1,0,0,0,1
1,0,0,0,1
1,0,0,0,1
1,0,0,0,1
2,0,0,0,2
1,0,0,0,1
1,0,0,0,1
1,0,0,0,1
1,0,0,0,1
1,0,0,0,1
1,0,0,0,1
1,0,0,0,1
1,0,0,0,1
1,0,0,0,1
1,0,0,0,1
1,0,0,0,1
1,0,0,0,1
1,0,0,0,1
1,0,0,0,1
1,0,0,0,1
2,0,0,0,2
1,0,0,0,1
1,0,0,0,1
1,0,0,0,1
2,0,0,0,2
1,0,0,0,1
1,0,0,0,1
1,0,0,0,1
1,0,0,0,1
1,1,0,0,2
1,0,0,0,1
1,0,0,0,1
1,0,0,0,1
3,0,0,0,3
1,0,0,0,1
1,0,0,0,1
1,0,0,0,1
1,0,0,0,1
1,0,0,0,1
1,0,0,0,1
1,0,0,0,1
1,0,0,0,1
1,0,0,0,1
1,0,0,0,1
1,0,0,0,1
1,0,0,0,1
2,0,0,0,2
1,0,2,0,3
1,0,0,0,1
1,0,0,0,1
1,0,0,0,1
1,0,0,0,1
2,0,0,0,2
1,0,0,0,1
1,0,0,0,1
1,0,0,0,1
1,0,0,0,1
1,0,0,0,1
1,0,0,0,1
2,0,0,0,2
1,0,0,0,1
1,0,0,0,1
1,0,0,0,1
1,0,0,0,1
1,0,0,0,1
1,0,0,0,1
1,1,1,0,3
1,0,0,0,1
1,0,0,0,1
2,0,0,0,2
2,0,0,0,2
1,0,0,0,1
1,0,0,0,1
1,0,0,0,1
1,0,0,0,1
1,12,0,0,13
1,0,0,0,1
1,0,0,0,1
1,0,0,0,1
1,0,0,0,1
1,0,0,0,1
1,0,0,0,1
1,0,0,0,1
1,0,0,0,1
1,0,0,0,1
1,0,0,0,1
1,0,0,0,1
1,0,0,0,1
3,5,0,0,8
1,0,0,0,1
1,0,0,0,1
1,0,0,0,1
2,0,0,0,2
2,0,0,0,2
1,0,0,0,1
2,1,0,0,3
1,0,0,0,1
3,1,0,0,4
1,0,0,0,1
1,0,0,0,1
1,0,0,0,1
2,0,0,0,2
1,0,0,0,1
1,0,0,0,1
1,0,0,0,1
2,0,0,0,2
1,0,0,0,1
1,0,0,0,1
2,0,0,0,2
1,0,0,0,1
1,0,0,0,1
2,0,0,0,2
1,0,0,0,1
1,0,0,0,1
1,0,0,0,1
1,0,0,0,1
1,0,0,0,1
1,0,0,0,1
1,0,0,0,1
1,0,0,0,1
2,0,0,0,2
1,0,0,0,1
1,0,0,0,1
1,0,0,0,1
1,0,0,0,1
1,0,0,0,1
1,0,0,0,1
2,0,0,0,2
2,0,0,0,2
1,0,0,0,1
1,0,0,0,1
1,0,0,0,1
1,0,0,0,1
1,0,0,0,1
1,0,0,0,1
1,0,0,0,1
1,0,0,0,1
1,0,0,0,1
2,0,0,0,2
1,0,0,0,1
2,0,0,0,2
1,0,0,0,1
1,0,0,0,1
3,0,0,0,3
2,0,0,0,2
1,1,0,0,2
1,0,0,0,1
1,0,0,0,1
1,0,0,0,1
1,0,0,0,1
1,0,0,0,1
3,0,0,0,3
1,0,0,0,1
1,0,0,0,1
1,0,0,0,1
1,0,0,0,1
4,0,0,0,4
1,0,0,0,1
1,0,0,0,1
1,0,0,0,1
1,0,0,0,1
1,0,0,0,1
1,0,0,0,1
1,0,0,0,1
4,0,0,0,4
2,0,0,0,2
1,0,0,0,1
1,0,0,0,1
1,0,0,0,1
1,0,0,0,1
1,0,0,0,1
1,0,0,0,1
1,0,0,0,1
1,0,0,0,1
1,0,0,0,1
1,0,0,0,1
1,0,0,0,1
1,0,0,0,1
3,0,0,0,3
1,0,0,0,1
1,0,0,0,1
1,0,0,0,1
1,0,0,0,1
1,0,0,0,1
1,0,0,0,1
2,0,0,0,2
1,0,0,0,1
1,0,0,0,1
1,0,0,0,1
1,0,0,0,1
1,0,0,0,1
1,0,0,0,1
1,0,0,0,1
1,0,0,0,1
1,0,0,0,1
1,0,0,0,1
1,3,1,0,5
1,0,0,0,1
1,0,0,0,1
1,0,0,0,1
1,0,0,0,1
2,0,0,0,2
1,0,0,0,1
1,0,0,0,1
2,0,0,0,2
1,0,0,0,1
1,0,0,0,1
7,15,1,0,23
1,0,0,0,1
1,0,0,0,1
1,0,0,0,1
1,0,0,0,1
1,0,0,0,1
1,4,0,0,5
1,0,0,0,1
1,0,0,0,1
2,0,0,0,2
1,0,0,0,1
1,0,0,0,1
1,0,0,0,1
1,0,0,0,1
1,0,0,0,1
1,0,0,0,1
1,0,0,0,1
1,0,0,0,1
2,0,0,0,2
1,0,0,0,1
1,0,0,0,1
1,0,0,0,1
1,0,0,0,1
3,0,0,0,3
2,0,0,0,2
1,0,0,0,1
3,0,0,0,3
1,0,0,0,1
1,15,0,0,16
1,0,0,0,1
1,0,0,0,1
1,0,0,0,1
1,0,0,0,1
1,0,0,0,1
2,0,0,0,2
1,0,0,0,1
1,0,0,0,1
1,0,0,0,1
1,0,0,0,1
1,0,0,0,1
1,0,0,0,1
1,0,0,0,1
1,0,0,0,1
1,0,0,0,1
1,0,0,0,1
1,0,0,0,1
1,0,0,0,1
1,0,0,0,1
1,0,0,0,1
1,0,0,0,1
1,0,0,0,1
1,0,0,0,1
1,0,0,0,1
1,0,0,0,1
1,0,0,0,1
1,0,0,0,1
1,0,0,0,1
1,0,0,0,1
1,0,0,0,1
1,0,0,0,1
1,0,0,0,1
1,0,0,0,1
1,0,0,0,1
1,0,0,0,1
1,0,0,0,1
1,0,0,0,1
1,0,0,0,1
1,0,0,0,1
1,0,0,0,1
1,0,0,0,1
1,0,0,0,1
2,0,0,0,2
1,0,0,0,1
1,0,0,0,1
2,0,0,0,2
1,0,0,0,1
1,0,0,0,1
1,0,0,0,1
4,0,0,0,4
1,0,0,0,1
1,0,0,0,1
1,0,0,0,1
1,0,0,0,1
1,0,0,0,1
1,0,0,0,1
2,0,0,0,2
1,0,0,0,1
3,4,0,0,7
1,0,0,0,1
2,0,0,0,2
1,0,0,0,1
1,0,0,0,1
1,0,0,0,1
1,0,0,0,1
1,0,0,0,1
1,0,0,0,1
1,0,0,0,1
1,53,0,0,54
1,0,0,0,1
3,45,0,0,48
1,0,0,0,1
3,0,0,0,3
1,0,0,0,1
1,0,0,0,1
1,0,0,0,1
1,0,0,0,1
1,0,0,0,1
1,0,0,0,1
1,0,0,0,1
1,0,0,0,1
2,0,0,0,2
1,0,0,0,1
3,0,0,0,3
1,0,0,0,1
1,0,0,0,1
1,0,0,0,1
1,0,0,0,1
1,0,0,0,1
1,0,0,0,1
1,0,0,0,1
2,0,0,0,2
1,0,0,0,1
1,0,0,0,1
2,0,0,0,2
1,0,0,0,1
1,0,0,0,1
2,0,0,0,2
5,2,0,0,7
1,0,0,0,1
1,0,0,0,1
1,0,0,0,1
1,0,0,0,1
1,0,0,0,1
2,0,0,0,2
1,0,0,0,1
1,0,0,0,1
1,8,0,0,9
1,0,0,0,1
1,0,0,0,1
1,0,0,0,1
1,0,0,0,1
1,0,0,0,1
2,0,0,0,2
1,0,0,0,1
1,0,0,0,1
1,0,0,0,1
1,0,0,0,1
1,0,0,0,1
1,0,0,0,1
1,0,0,0,1
1,0,0,0,1
1,0,0,0,1
1,0,0,0,1
1,0,0,0,1
1,0,0,0,1
1,0,0,0,1
2,0,0,0,2
1,0,0,0,1
1,0,0,0,1
2,0,0,0,2
1,0,0,0,1
1,0,0,0,1
2,0,0,0,2
1,0,0,0,1
1,0,0,0,1
1,0,0,0,1
1,0,0,0,1
1,0,0,0,1
1,0,0,0,1
2,0,0,0,2
1,0,0,0,1
1,0,0,0,1
1,0,0,0,1
1,0,0,0,1
1,0,0,0,1
1,0,0,0,1
1,0,0,0,1
1,0,0,0,1
2,0,0,0,2
1,0,0,0,1
1,0,0,0,1
1,0,0,0,1
1,0,0,0,1
2,0,0,0,2
1,0,0,0,1
1,0,0,0,1
1,0,0,0,1
1,0,0,0,1
1,3,0,0,4
1,0,0,0,1
1,0,0,0,1
1,0,0,0,1
1,0,0,0,1
1,0,0,0,1
1,0,0,0,1
1,0,0,0,1
5,2,0,0,7
1,0,0,0,1
1,0,0,0,1
1,0,0,0,1
3,0,0,0,3
1,0,0,0,1
1,0,0,0,1
1,0,0,0,1
1,0,0,0,1
1,0,0,0,1
2,0,0,0,2
1,0,0,0,1
1,0,0,0,1
1,0,0,0,1
1,0,0,0,1
2,0,0,0,2
1,0,0,0,1
1,0,0,0,1
1,0,0,0,1
1,0,0,0,1
1,0,0,0,1
1,0,0,0,1
1,0,0,0,1
1,0,0,0,1
1,0,0,0,1
1,0,0,0,1
1,0,0,0,1
1,0,0,0,1
1,0,0,0,1
1,0,0,0,1
1,0,0,0,1
1,0,0,0,1
1,0,0,0,1
1,0,0,0,1
1,0,0,0,1
1,0,0,0,1
2,0,0,0,2
1,0,0,0,1
1,0,0,0,1
1,0,0,0,1
1,0,0,0,1
1,0,0,0,1
1,0,0,0,1
1,0,0,0,1
1,0,0,0,1
1,0,0,0,1
1,0,0,0,1
1,0,0,0,1
1,0,0,0,1
1,0,0,0,1
3,0,0,0,3
1,0,0,0,1
3,7,0,0,10
1,0,0,0,1
1,0,0,0,1
1,0,0,0,1
2,0,0,0,2
1,0,0,0,1
2,0,0,0,2
1,0,0,0,1
2,0,0,0,2
1,0,0,0,1
4,0,0,0,4
1,0,0,0,1
1,0,0,0,1
2,0,0,0,2
2,0,0,0,2
2,0,0,0,2
1,0,0,0,1
1,0,0,0,1
1,0,0,0,1
2,1,0,0,3
1,0,0,0,1
2,0,0,0,2
1,0,0,0,1
1,0,0,0,1
2,0,0,0,2
1,0,0,0,1
1,0,0,0,1
1,1,0,0,2
1,0,0,0,1
1,0,0,0,1
1,0,0,0,1
2,0,0,0,2
1,0,0,0,1
1,0,0,0,1
1,0,0,0,1
1,0,0,0,1
1,0,0,0,1
1,0,0,0,1
2,1,0,0,3
1,0,0,0,1
1,0,0,0,1
1,0,0,0,1
1,0,0,0,1
1,0,0,0,1
2,0,0,0,2
2,0,0,0,2
2,0,0,0,2
1,0,0,0,1
1,0,0,0,1
1,0,0,0,1
1,0,0,0,1
1,0,0,0,1
1,0,0,0,1
2,0,0,0,2
1,0,0,0,1
2,0,0,0,2
1,0,0,0,1
1,0,0,0,1
1,0,0,0,1
1,1,0,0,2
1,0,0,0,1
2,0,0,0,2
1,0,0,0,1
1,0,0,0,1
1,0,0,0,1
1,0,0,0,1
1,2,0,0,3
1,0,0,0,1
1,0,0,0,1
1,0,0,0,1
1,0,0,0,1
1,0,0,0,1
1,0,0,0,1
1,0,0,0,1
1,0,0,0,1
1,0,0,0,1
1,0,0,0,1
2,0,0,0,2
1,0,0,0,1
1,0,0,0,1
2,0,0,0,2
1,0,0,0,1
1,0,0,0,1
1,0,0,0,1
1,0,0,0,1
1,0,0,0,1
1,0,0,0,1
1,0,0,0,1
1,0,0,0,1
1,0,0,0,1
3,0,0,0,3
1,0,0,0,1
3,0,0,0,3
1,0,0,0,1
2,0,0,0,2
1,0,0,0,1
1,0,0,0,1
1,0,0,0,1
1,0,0,0,1
1,0,0,0,1
1,0,0,0,1
1,0,0,0,1
1,0,0,0,1
1,0,1,0,2
1,0,0,0,1
1,0,0,0,1
1,0,0,0,1
1,0,0,0,1
1,0,0,0,1
1,0,0,0,1
1,0,0,0,1
1,0,0,0,1
1,0,0,0,1
1,0,0,0,1
1,0,0,0,1
1,0,0,0,1
1,0,0,0,1
2,0,0,0,2
1,0,0,0,1
1,0,0,0,1
1,0,0,0,1
1,0,0,0,1
1,0,0,0,1
1,0,0,0,1
1,0,0,0,1
1,0,0,0,1
1,0,0,0,1
1,0,0,0,1
1,0,0,0,1
1,0,0,0,1
1,0,0,0,1
1,0,0,0,1
1,0,0,0,1
1,0,0,0,1
1,0,0,0,1
1,0,0,0,1
1,0,0,0,1
1,0,0,0,1
2,0,0,0,2
1,0,0,0,1
1,0,0,0,1
1,0,0,0,1
1,0,0,0,1
1,17,0,0,18
1,0,0,0,1
1,0,0,0,1
1,0,0,0,1
1,0,0,0,1
1,0,0,0,1
1,1,1,0,3
1,0,0,0,1
1,0,0,0,1
1,0,0,0,1
1,0,0,0,1
1,0,0,0,1
1,0,0,0,1
1,0,0,0,1
2,0,0,0,2
1,0,0,0,1
1,0,0,0,1
1,0,0,0,1
3,0,1,0,4
1,0,0,0,1
1,0,0,0,1
1,0,0,0,1
1,0,0,0,1
1,0,0,0,1
1,0,0,0,1
1,0,0,0,1
1,8,0,0,9
1,0,0,0,1
1,0,0,0,1
2,0,0,0,2
1,0,0,0,1
2,0,0,0,2
1,0,0,0,1
1,0,0,0,1
1,0,0,0,1
1,0,0,0,1
1,0,0,0,1
1,0,0,0,1
1,0,0,0,1
1,0,0,0,1
1,0,0,0,1
1,0,0,0,1
1,1,0,0,2
1,0,0,0,1
1,0,0,0,1
1,0,0,0,1
1,0,0,0,1
1,0,0,0,1
1,0,0,0,1
2,0,0,0,2
1,0,0,0,1
1,0,0,0,1
1,0,0,0,1
1,0,0,0,1
1,0,0,0,1
1,0,0,0,1
1,0,0,0,1
1,0,0,0,1
1,0,0,0,1
1,0,0,0,1
3,0,0,0,3
1,0,0,0,1
1,0,0,0,1
1,0,0,0,1
1,0,0,0,1
1,0,0,0,1
1,0,0,0,1
2,0,0,0,2
1,0,0,0,1
1,0,0,0,1
1,0,0,0,1
1,0,0,0,1
1,0,0,0,1
1,0,0,0,1
2,0,0,0,2
1,0,0,0,1
3,0,0,0,3
2,1,0,0,3
4,0,0,0,4
1,0,0,0,1
1,0,0,0,1
2,0,0,0,2
1,2,0,0,3
1,0,0,0,1
1,0,0,0,1
1,0,0,0,1
1,0,0,0,1
1,0,0,0,1
1,0,0,0,1
1,0,0,0,1
1,0,0,0,1
1,0,0,0,1
1,0,0,0,1
3,0,0,0,3
1,0,0,0,1
1,0,0,0,1
1,0,0,0,1
1,0,0,0,1
1,0,0,0,1
1,0,0,0,1
1,0,0,0,1
1,0,0,0,1
2,0,0,0,2
1,0,0,0,1
3,0,0,0,3
4,0,0,0,4
1,0,0,0,1
1,0,0,0,1
2,0,0,0,2
1,0,0,0,1
1,0,0,0,1
1,0,0,0,1
1,0,0,0,1
2,0,0,0,2
1,0,0,0,1
1,0,0,0,1
1,0,0,0,1
1,0,0,0,1
1,0,0,0,1
1,0,0,0,1
1,0,0,0,1
1,0,0,0,1
5,0,0,0,5
1,0,0,0,1
1,0,0,0,1
1,0,0,0,1
1,0,0,0,1
1,0,0,0,1
1,0,0,0,1
2,0,0,0,2
1,0,0,0,1
2,0,0,0,2
1,0,0,0,1
1,0,0,0,1
1,0,0,0,1
2,0,0,0,2
1,3,0,0,4
1,0,0,0,1
2,0,0,0,2
2,0,0,0,2
1,0,0,0,1
1,0,0,0,1
1,0,0,0,1
1,0,0,0,1
1,0,0,0,1
1,0,0,0,1
1,0,0,0,1
1,0,0,0,1
1,0,0,0,1
2,0,0,0,2
1,0,0,0,1
1,0,0,0,1
1,0,0,0,1
1,0,0,0,1
1,0,0,0,1
1,0,0,0,1
1,0,0,0,1
1,0,0,0,1
1,0,0,0,1
1,0,0,0,1
1,0,0,0,1
1,0,0,0,1
1,0,0,0,1
1,0,0,0,1
1,0,0,0,1
1,0,0,0,1
1,0,0,0,1
1,0,0,0,1
1,0,0,0,1
2,0,0,0,2
1,0,0,0,1
1,0,0,0,1
1,0,0,0,1
1,0,0,0,1
2,0,0,0,2
1,0,0,0,1
1,0,0,0,1
1,0,0,0,1
1,0,0,0,1
1,0,0,0,1
1,0,0,0,1
1,0,0,0,1
1,0,0,0,1
1,0,0,0,1
1,0,0,0,1
1,0,0,0,1
1,0,0,0,1
1,4,0,0,5
1,0,0,0,1
1,0,0,0,1
6,3,0,0,9
1,0,0,0,1
1,0,0,0,1
1,0,0,0,1
1,0,0,0,1
2,0,0,0,2
2,0,0,0,2
1,0,0,0,1
1,0,0,0,1
1,0,0,0,1
1,0,0,0,1
1,0,0,0,1
1,0,0,0,1
1,3,0,0,4
1,0,0,0,1
1,0,0,0,1
2,0,0,0,2
1,0,0,0,1
1,0,0,0,1
1,0,0,0,1
2,0,0,0,2
1,0,0,0,1
1,0,0,0,1
1,0,0,0,1
1,0,0,0,1
1,8,0,0,9
1,0,0,0,1
1,0,0,0,1
1,0,0,0,1
1,0,0,0,1
1,0,0,0,1
4,4,0,0,8
1,0,0,0,1
1,0,0,0,1
2,0,0,0,2
1,0,0,0,1
1,0,0,0,1
1,0,0,0,1
1,0,0,0,1
1,0,0,0,1
1,0,0,0,1
1,0,0,0,1
1,0,0,0,1
1,0,0,0,1
1,0,0,0,1
1,0,0,0,1
1,0,0,0,1
2,0,0,0,2
1,0,0,0,1
1,0,0,0,1
1,0,0,0,1
1,0,0,0,1
1,0,0,0,1
1,0,0,0,1
1,0,0,0,1
2,0,0,0,2
1,0,0,0,1
1,0,0,0,1
1,0,0,0,1
1,0,0,0,1
1,0,0,0,1
2,0,0,0,2
1,0,0,0,1
1,0,0,0,1
1,0,0,0,1
1,0,0,0,1
1,0,0,0,1
1,0,0,0,1
2,0,0,0,2
2,0,0,0,2
1,0,0,0,1
2,0,0,0,2
1,0,0,0,1
2,0,0,0,2
1,0,0,0,1
1,0,0,0,1
1,0,0,0,1
1,0,0,0,1
1,0,0,0,1
1,0,0,0,1
1,0,0,0,1
1,0,0,0,1
1,0,0,0,1
1,0,0,0,1
1,0,0,0,1
1,0,0,0,1
1,0,0,0,1
2,0,0,0,2
1,0,0,0,1
1,0,0,0,1
1,0,0,0,1
1,0,0,0,1
1,0,0,0,1
1,12,0,0,13
4,0,0,0,4
1,0,0,0,1
2,0,0,0,2
1,0,0,0,1
1,0,0,0,1
1,0,0,0,1
1,0,0,0,1
1,0,0,0,1
7,1,0,0,8
1,0,0,0,1
1,0,0,0,1
2,0,0,0,2
1,0,0,0,1
1,0,0,0,1
1,0,0,0,1
1,0,0,0,1
1,0,0,0,1
1,0,0,0,1
1,0,0,0,1
1,0,0,0,1
1,0,0,0,1
1,0,0,0,1
1,0,0,0,1
1,0,0,0,1
1,0,0,0,1
1,0,0,0,1
1,0,0,0,1
2,0,0,0,2
3,0,0,0,3
1,0,0,0,1
1,0,0,0,1
1,0,0,0,1
1,0,0,0,1
1,0,0,0,1
1,0,0,0,1
1,0,0,0,1
3,0,0,0,3
1,0,0,0,1
2,0,0,0,2
1,0,0,0,1
1,0,0,0,1
1,0,0,0,1
1,0,0,0,1
1,0,0,0,1
1,0,0,0,1
1,0,0,0,1
1,0,0,0,1
1,0,0,0,1
1,0,0,0,1
1,0,0,0,1
1,0,0,0,1
1,0,0,0,1
1,2,0,0,3
1,0,0,0,1
1,0,0,0,1
1,0,0,0,1
2,2,0,0,4
1,0,0,0,1
1,0,0,0,1
1,0,0,0,1
2,0,0,0,2
2,0,0,0,2
1,0,0,0,1
2,0,0,0,2
1,0,0,0,1
1,0,0,0,1
1,0,0,0,1
1,0,0,0,1
1,0,0,0,1
1,0,0,0,1
1,0,0,0,1
1,0,0,0,1
2,0,0,0,2
1,0,0,0,1
1,0,0,0,1
1,0,0,0,1
1,0,0,0,1
1,0,0,0,1
2,0,0,0,2
1,0,0,0,1
1,0,0,0,1
2,0,0,0,2
1,0,0,0,1
2,0,0,0,2
2,1,0,0,3
1,0,0,0,1
1,0,0,0,1
1,0,0,0,1
1,0,0,0,1
1,0,0,0,1
1,0,0,0,1
1,20,0,0,21
1,0,0,0,1
1,0,0,0,1
1,0,0,0,1
1,0,0,0,1
1,0,0,0,1
1,0,0,0,1
1,0,0,0,1
1,0,0,0,1
1,0,0,0,1
1,0,0,0,1
1,0,0,0,1
1,0,0,0,1
2,0,0,0,2
1,0,0,0,1
1,7,4,0,12
1,0,0,0,1
1,0,0,0,1
1,0,0,0,1
2,0,0,0,2
1,0,0,0,1
1,0,0,0,1
1,0,0,0,1
3,0,0,0,3
1,0,0,0,1
1,0,0,0,1
1,0,0,0,1
1,0,0,0,1
1,0,0,0,1
1,0,0,0,1
1,0,0,0,1
1,0,0,0,1
1,0,0,0,1
1,0,0,0,1
1,0,0,0,1
1,0,0,0,1
1,0,0,0,1
1,0,0,0,1
2,0,0,0,2
1,0,0,0,1
1,1,0,0,2
1,0,0,0,1
1,0,0,0,1
1,0,0,0,1
1,0,0,0,1
1,0,0,0,1
2,0,0,0,2
1,1,0,0,2
1,0,0,0,1
1,0,0,0,1
1,0,0,0,1
1,0,0,0,1
1,0,0,0,1
2,0,0,0,2
1,0,0,0,1
1,0,0,0,1
1,0,0,0,1
1,0,0,0,1
1,0,0,0,1
1,0,0,0,1
1,0,0,0,1
1,0,0,0,1
1,0,0,0,1
1,0,0,0,1
1,0,0,0,1
1,0,0,0,1
1,0,0,0,1
1,0,0,0,1
1,0,0,0,1
1,0,0,0,1
1,0,0,0,1
1,0,0,0,1
2,1,0,0,3
1,0,0,0,1
1,0,0,0,1
1,0,0,0,1
1,0,0,0,1
1,0,0,0,1
1,0,0,0,1
1,0,0,0,1
1,0,0,0,1
2,0,0,0,2
1,0,0,0,1
1,0,0,0,1
1,0,0,0,1
1,0,0,0,1
1,0,0,0,1
1,0,0,0,1
1,1,0,0,2
1,0,0,0,1
1,0,0,0,1
1,0,0,0,1
2,0,0,0,2
1,0,0,0,1
1,0,0,0,1
1,0,0,0,1
2,0,0,0,2
1,0,0,0,1
1,0,0,0,1
1,0,0,0,1
2,0,0,0,2
1,0,0,0,1
1,0,0,0,1
2,0,0,0,2
1,0,0,0,1
1,0,0,0,1
1,0,0,0,1
1,0,0,0,1
1,0,0,0,1
1,0,0,0,1
1,0,0,0,1
2,0,0,0,2
2,0,0,0,2
1,0,0,0,1
1,0,0,0,1
1,0,0,0,1
1,0,0,0,1
1,0,0,0,1
1,0,0,0,1
1,0,0,0,1
1,0,0,0,1
1,0,0,0,1
1,0,0,0,1
1,1,0,0,2
1,0,0,0,1
1,0,0,0,1
1,0,0,0,1
1,0,0,0,1
1,0,0,0,1
1,0,0,0,1
1,0,0,0,1
1,0,0,0,1
1,0,0,0,1
1,0,0,0,1
1,0,0,0,1
1,0,0,0,1
1,0,0,0,1
1,0,0,0,1
1,0,0,0,1
1,39,19,0,59
1,0,0,0,1
2,0,0,0,2
1,0,0,0,1
1,0,0,0,1
1,0,0,0,1
2,0,0,0,2
2,0,0,0,2
1,0,0,0,1
1,0,0,0,1
1,0,0,0,1
1,0,0,0,1
1,0,0,0,1
1,0,0,0,1
1,0,0,0,1
1,0,0,0,1
1,0,0,0,1
1,0,0,0,1
1,0,0,0,1
1,0,0,0,1
1,0,0,0,1
1,0,0,0,1
1,0,0,0,1
2,0,0,0,2
1,0,0,0,1
1,0,0,0,1
1,0,0,0,1
1,0,0,0,1
1,0,0,0,1
1,0,0,0,1
1,0,0,0,1
1,0,0,0,1
1,0,0,0,1
1,0,0,0,1
1,0,0,0,1
1,0,0,0,1
1,0,0,0,1
2,3,0,0,5
1,0,0,0,1
1,0,0,0,1
1,0,0,0,1
2,0,0,0,2
1,0,0,0,1
1,0,0,0,1
2,0,0,0,2
1,0,0,0,1
1,0,0,0,1
2,0,0,0,2
2,0,0,0,2
1,0,0,0,1
1,0,0,0,1
1,0,0,0,1
1,0,0,0,1
1,0,0,0,1
1,0,0,0,1
3,0,0,0,3
1,0,0,0,1
1,0,0,0,1
1,0,0,0,1
1,0,0,0,1
1,1,0,0,2
1,0,0,0,1
1,0,0,0,1
1,0,0,0,1
1,0,0,0,1
1,0,0,0,1
1,0,0,0,1
2,0,0,0,2
1,0,0,0,1
1,0,0,0,1
1,0,0,0,1
1,0,0,0,1
1,0,0,0,1
1,0,0,0,1
1,0,0,0,1
1,0,0,0,1
1,0,0,0,1
1,0,0,0,1
1,0,0,0,1
1,0,0,0,1
1,0,0,0,1
1,0,0,0,1
1,0,0,0,1
1,0,0,0,1
1,0,0,0,1
2,0,0,0,2
1,0,0,0,1
1,0,0,0,1
1,0,0,0,1
1,0,0,0,1
2,0,0,0,2
1,0,0,0,1
1,0,0,0,1
1,0,0,0,1
1,0,0,0,1
1,0,0,0,1
1,0,0,0,1
3,0,0,0,3
1,0,0,0,1
1,0,0,0,1
1,0,0,0,1
1,0,0,0,1
1,0,0,0,1
2,0,0,0,2
1,0,0,0,1
2,0,0,0,2
1,0,0,0,1
1,0,0,0,1
1,0,0,0,1
1,0,0,0,1
1,0,0,0,1
1,0,0,0,1
1,0,0,0,1
1,0,0,0,1
1,0,0,0,1
1,0,0,0,1
1,0,0,0,1
1,0,0,0,1
1,0,0,0,1
1,0,0,0,1
5,0,0,0,5
2,0,0,0,2
1,0,0,0,1
1,0,0,0,1
1,0,0,0,1
1,0,0,0,1
1,1,1,0,3
1,0,0,0,1
1,0,0,0,1
3,0,0,0,3
1,0,0,0,1
1,0,0,0,1
1,0,0,0,1
2,0,0,0,2
1,0,0,0,1
1,0,0,0,1
1,0,0,0,1
1,0,0,0,1
1,0,0,0,1
1,0,0,0,1
1,0,0,0,1
1,0,0,0,1
1,2,0,0,3
2,0,0,0,2
1,0,0,0,1
1,0,0,0,1
1,0,0,0,1
1,0,0,0,1
1,0,0,0,1
1,2,0,0,3
1,0,0,0,1
1,0,0,0,1
1,0,0,0,1
1,0,0,0,1
1,0,0,0,1
1,0,0,0,1
1,0,0,0,1
1,0,0,0,1
1,0,0,0,1
1,0,0,0,1
1,0,0,0,1
1,0,0,0,1
1,0,0,0,1
2,0,0,0,2
2,0,0,0,2
1,0,0,0,1
2,0,0,0,2
1,0,0,0,1
1,0,0,0,1
1,0,0,0,1
1,0,0,0,1
1,0,0,0,1
1,0,0,0,1
1,0,0,0,1
1,0,0,0,1
1,0,0,0,1
1,0,0,0,1
1,0,1,0,2
2,0,0,0,2
1,0,0,0,1
1,0,0,0,1
2,0,0,0,2
1,0,0,0,1
2,0,0,0,2
1,0,0,0,1
1,0,0,0,1
2,0,0,0,2
1,0,0,0,1
1,0,0,0,1
1,0,0,0,1
1,0,0,0,1
1,0,0,0,1
1,0,0,0,1
2,0,0,0,2
1,0,0,0,1
1,0,0,0,1
2,0,0,0,2
1,0,0,0,1
1,0,0,0,1
1,0,0,0,1
1,0,0,0,1
1,0,0,0,1
1,0,0,0,1
1,0,0,0,1
1,0,0,0,1
2,0,0,0,2
2,0,0,0,2
1,0,0,0,1
1,2,0,0,3
1,0,0,0,1
1,0,0,0,1
1,0,0,0,1
1,0,0,0,1
1,0,0,0,1
1,0,0,0,1
1,0,0,0,1
1,0,0,0,1
1,2,0,0,3
1,0,0,0,1
1,0,0,0,1
1,0,0,0,1
2,0,0,0,2
1,0,0,0,1
2,27,0,0,29
2,0,0,0,2
1,0,0,0,1
1,0,0,0,1
1,3,0,0,4
1,0,0,0,1
1,0,0,0,1
1,0,0,0,1
1,0,0,0,1
1,0,0,0,1
1,0,0,0,1
1,0,0,0,1
1,0,0,0,1
1,0,0,0,1
1,0,0,0,1
1,0,0,0,1
1,0,0,0,1
1,2,1,0,4
1,1,0,0,2
1,0,0,0,1
2,0,0,0,2
1,0,0,0,1
1,0,0,0,1
3,0,0,0,3
1,6,0,0,7
1,0,0,0,1
1,0,0,0,1
1,0,0,0,1
1,0,0,0,1
1,0,0,0,1
1,0,0,0,1
1,0,0,0,1
1,0,0,0,1
1,0,0,0,1
1,0,0,0,1
1,0,0,0,1
1,0,0,0,1
2,0,0,0,2
3,0,0,0,3
1,4,0,0,5
1,0,0,0,1
1,0,0,0,1
1,0,0,0,1
2,0,0,0,2
1,0,0,0,1
1,0,0,0,1
2,8,1,0,11
1,0,0,0,1
1,0,0,0,1
1,0,0,0,1
2,0,0,0,2
1,0,0,0,1
1,0,0,0,1
2,1,0,0,3
1,1,0,0,2
2,0,0,0,2
1,0,0,0,1
1,0,0,0,1
1,0,0,0,1
1,0,0,0,1
1,0,0,0,1
2,0,0,0,2
1,0,0,0,1
1,3,0,0,4
1,0,0,0,1
1,0,0,0,1
1,0,0,0,1
2,0,0,0,2
1,0,0,0,1
1,0,0,0,1
1,0,0,0,1
1,0,0,0,1
1,0,0,0,1
1,0,0,0,1
1,0,0,0,1
1,0,0,0,1
1,0,0,0,1
1,0,0,0,1
1,0,0,0,1
1,0,0,0,1
2,0,0,0,2
1,0,0,0,1
1,0,0,0,1
1,0,0,0,1
1,0,0,0,1
1,0,0,0,1
1,0,0,0,1
1,0,0,0,1
1,0,0,0,1
1,0,0,0,1
1,0,0,0,1
1,0,0,0,1
1,0,0,0,1
1,0,0,0,1
1,0,0,0,1
3,1,1,0,5
2,0,0,0,2
1,0,0,0,1
1,0,0,0,1
1,0,0,0,1
1,0,1,0,2
1,0,0,0,1
2,0,0,0,2
1,0,0,0,1
1,0,0,0,1
3,0,0,0,3
1,0,0,0,1
1,0,0,0,1
1,0,0,0,1
1,0,0,0,1
1,0,0,0,1
1,0,0,0,1
1,0,0,0,1
1,0,0,0,1
1,0,0,0,1
1,0,0,0,1
1,0,0,0,1
1,0,0,0,1
2,0,0,0,2
1,0,0,0,1
1,0,0,0,1
1,0,0,0,1
1,0,0,0,1
1,0,0,0,1
1,0,0,0,1
1,0,0,0,1
1,0,0,0,1
1,0,0,0,1
1,0,0,0,1
1,0,0,0,1
1,0,0,0,1
1,0,0,0,1
1,0,0,0,1
1,0,0,0,1
1,0,0,0,1
1,0,0,0,1
1,0,0,0,1
1,0,0,0,1
1,0,0,0,1
1,0,0,0,1
1,0,0,0,1
1,0,0,0,1
1,0,0,0,1
1,0,0,0,1
1,0,0,0,1
1,0,0,0,1
1,0,0,0,1
1,0,0,0,1
1,0,0,0,1
1,0,0,0,1
1,0,0,0,1
1,0,0,0,1
1,0,0,0,1
1,0,0,0,1
1,0,0,0,1
1,0,0,0,1
1,0,0,0,1
1,0,0,0,1
1,0,0,0,1
1,0,0,0,1
1,0,0,0,1
2,0,0,0,2
1,0,0,0,1
1,0,0,0,1
1,0,0,0,1
1,0,0,0,1
1,0,0,0,1
1,0,0,0,1
1,0,0,0,1
1,0,0,0,1
1,0,0,0,1
1,0,0,0,1
1,0,0,0,1
1,0,0,0,1
1,0,0,0,1
1,0,0,0,1
1,0,0,0,1
1,0,0,0,1
3,4,0,0,7
1,0,0,0,1
5,7,0,0,12
1,0,0,0,1
1,0,0,0,1
1,0,0,0,1
2,0,0,0,2
1,0,0,0,1
1,0,0,0,1
1,0,0,0,1
1,0,0,0,1
1,0,0,0,1
1,0,0,0,1
2,0,0,0,2
1,0,0,0,1
2,4,0,0,6
1,0,0,0,1
1,0,0,0,1
1,0,0,0,1
3,0,0,0,3
1,0,0,0,1
1,0,0,0,1
1,0,0,0,1
5,0,0,0,5
2,0,0,0,2
1,0,0,0,1
1,0,0,0,1
3,0,0,0,3
1,0,0,0,1
1,0,0,0,1
1,0,0,0,1
1,0,0,0,1
7,0,0,0,7
1,0,0,0,1
1,0,0,0,1
1,0,0,0,1
1,0,0,0,1
1,0,0,0,1
1,0,0,0,1
1,0,0,0,1
2,11,1,0,14
1,0,0,0,1
1,0,0,0,1
1,0,0,0,1
1,0,0,0,1
1,0,0,0,1
1,0,0,0,1
1,0,0,0,1
1,0,0,0,1
1,9,1,0,11
1,0,0,0,1
1,0,0,0,1
1,0,0,0,1
1,0,0,0,1
2,0,0,0,2
1,0,0,0,1
1,0,0,0,1
1,0,0,0,1
2,0,0,0,2
1,0,0,0,1
1,0,0,0,1
1,0,0,0,1
1,0,0,0,1
1,0,0,0,1
1,0,0,0,1
1,0,0,0,1
1,0,0,0,1
1,0,0,0,1
1,0,0,0,1
1,0,0,0,1
1,0,0,0,1
1,0,0,0,1
1,0,0,0,1
1,0,0,0,1
1,0,0,0,1
1,0,0,0,1
1,0,0,0,1
1,0,0,0,1
1,0,0,0,1
1,0,0,0,1
1,0,0,0,1
1,0,0,0,1
1,0,0,0,1
1,0,0,0,1
1,0,0,0,1
3,2,0,0,5
1,0,0,0,1
1,0,0,0,1
1,0,0,0,1
2,0,0,0,2
1,0,0,0,1
1,0,0,0,1
1,0,0,0,1
1,0,0,0,1
1,0,0,0,1
1,0,0,0,1
1,0,0,0,1
1,0,0,0,1
1,0,0,0,1
1,0,0,0,1
1,0,0,0,1
1,0,0,0,1
1,0,0,0,1
1,0,0,0,1
1,0,0,0,1
1,0,0,0,1
1,0,0,0,1
1,0,0,0,1
1,0,0,0,1
1,0,0,0,1
1,0,0,0,1
1,0,0,0,1
2,0,0,0,2
1,0,0,0,1
2,11,0,0,13
1,0,0,0,1
1,0,0,0,1
1,0,0,0,1
1,0,0,0,1
1,0,0,0,1
1,0,0,0,1
1,0,0,0,1
1,0,0,0,1
1,0,0,0,1
2,3,0,0,5
1,0,0,0,1
1,0,0,0,1
2,0,0,0,2
1,0,0,0,1
1,0,0,0,1
1,0,0,0,1
1,0,0,0,1
1,0,0,0,1
1,0,0,0,1
1,0,0,0,1
1,0,0,0,1
1,0,0,0,1
1,0,0,0,1
2,0,0,0,2
1,0,0,0,1
1,0,0,0,1
1,0,0,0,1
2,0,0,0,2
1,0,0,0,1
2,0,1,0,3
1,0,0,0,1
4,0,0,0,4
1,0,0,0,1
1,0,0,0,1
1,3,0,0,4
1,0,0,0,1
1,0,0,0,1
2,0,0,0,2
1,0,0,0,1
1,0,0,0,1
1,0,0,0,1
1,0,0,0,1
1,0,0,0,1
1,0,0,0,1
2,0,0,0,2
1,0,0,0,1
1,0,0,0,1
2,0,0,0,2
1,0,0,0,1
1,0,0,0,1
1,0,0,0,1
1,0,0,0,1
1,0,0,0,1
1,0,0,0,1
1,0,0,0,1
2,22,0,0,24
1,0,0,0,1
1,0,0,0,1
5,1,0,0,6
1,0,0,0,1
1,0,0,0,1
1,0,0,0,1
2,0,0,0,2
1,0,0,0,1
1,0,0,0,1
1,0,0,0,1
1,0,0,0,1
1,0,0,0,1
1,0,0,0,1
2,0,0,0,2
1,0,0,0,1
1,0,0,0,1
1,0,0,0,1
1,0,0,0,1
2,0,0,0,2
1,0,0,0,1
1,0,0,0,1
1,0,0,0,1
1,0,0,0,1
1,0,0,0,1
1,0,0,0,1
2,0,0,0,2
1,0,0,0,1
1,0,0,0,1
1,0,0,0,1
1,1,1,0,3
1,0,0,0,1
1,0,0,0,1
1,1,1,0,3
1,0,0,0,1
1,0,0,0,1
1,0,0,0,1
3,0,0,0,3
2,0,0,0,2
1,0,0,0,1
1,0,0,0,1
1,0,0,0,1
1,0,0,0,1
1,0,0,0,1
1,0,0,0,1
1,0,0,0,1
1,0,0,0,1
1,0,0,0,1
1,0,0,0,1
2,0,0,0,2
2,1,0,0,3
2,0,0,0,2
1,0,0,0,1
2,0,0,0,2
1,0,0,0,1
1,0,0,0,1
1,0,0,0,1
1,0,0,0,1
1,0,0,0,1
1,0,0,0,1
2,0,0,0,2
1,5,0,0,6
1,0,0,0,1
1,0,0,0,1
2,0,0,0,2
4,0,0,0,4
1,0,0,0,1
1,0,0,0,1
1,0,0,0,1
1,0,0,0,1
1,0,0,0,1
1,0,0,0,1
1,0,0,0,1
2,0,0,0,2
1,0,0,0,1
1,0,0,0,1
1,0,0,0,1
1,0,0,0,1
1,0,0,0,1
1,0,0,0,1
1,0,0,0,1
1,0,0,0,1
1,0,0,0,1
1,0,0,0,1
1,0,0,0,1
1,0,0,0,1
1,0,0,0,1
2,0,0,0,2
1,0,0,0,1
1,0,0,0,1
1,0,0,0,1
2,0,0,0,2
1,0,0,0,1
1,0,0,0,1
1,0,0,0,1
1,0,0,0,1
1,0,0,0,1
1,0,0,0,1
1,0,0,0,1
2,0,0,0,2
1,0,0,0,1
1,0,0,0,1
1,0,0,0,1
1,0,0,0,1
1,0,0,0,1
3,0,0,0,3
1,0,0,0,1
2,0,0,0,2
1,0,0,0,1
1,24,0,0,25
1,0,0,0,1
1,0,0,0,1
1,0,0,0,1
1,0,0,0,1
1,0,0,0,1
1,0,0,0,1
1,0,0,0,1
1,0,0,0,1
1,0,0,0,1
1,0,0,0,1
1,10,0,0,11
3,0,0,0,3
1,0,0,0,1
2,0,0,0,2
1,0,0,0,1
1,0,0,0,1
1,0,0,0,1
1,0,0,0,1
1,0,0,0,1
1,0,0,0,1
2,0,0,0,2
1,0,0,0,1
1,0,0,0,1
1,0,0,0,1
1,0,0,0,1
1,0,0,0,1
1,0,0,0,1
1,0,0,0,1
1,0,0,0,1
1,0,0,0,1
1,0,0,0,1
1,0,0,0,1
3,2,0,0,5
1,0,0,0,1
2,0,0,0,2
1,0,0,0,1
2,0,0,0,2
1,0,0,0,1
1,0,0,0,1
2,0,0,0,2
1,0,0,0,1
2,0,0,0,2
1,0,0,0,1
1,0,0,0,1
3,0,0,0,3
1,0,0,0,1
2,0,0,0,2
2,0,0,0,2
1,0,0,0,1
1,0,0,0,1
1,0,0,0,1
1,0,0,0,1
1,0,0,0,1
2,0,0,0,2
1,32,0,0,33
1,0,0,0,1
2,0,0,0,2
1,0,0,0,1
1,1,1,0,3
1,0,0,0,1
3,7,0,0,10
1,0,0,0,1
1,0,0,0,1
1,0,0,0,1
1,0,0,0,1
1,0,0,0,1
1,0,0,0,1
1,0,0,0,1
1,0,0,0,1
1,0,0,0,1
2,0,0,0,2
1,0,0,0,1
1,0,0,0,1
1,0,0,0,1
3,0,0,0,3
1,0,0,0,1
1,0,0,0,1
1,0,0,0,1
1,0,0,0,1
2,0,0,0,2
1,0,0,0,1
1,0,0,0,1
1,0,0,0,1
1,0,0,0,1
1,0,0,0,1
1,0,0,0,1
2,106,0,0,108
2,0,0,0,2
1,0,0,0,1
1,0,0,0,1
1,0,0,0,1
1,0,0,0,1
1,0,0,0,1
1,0,0,0,1
1,0,0,0,1
1,0,0,0,1
1,0,0,0,1
1,0,0,0,1
4,0,0,0,4
1,0,0,0,1
1,0,0,0,1
1,0,0,0,1
1,0,0,0,1
1,0,0,0,1
1,0,0,0,1
1,0,0,0,1
1,0,0,0,1
1,0,0,0,1
1,0,0,0,1
1,0,0,0,1
1,0,0,0,1
1,0,0,0,1
1,0,0,0,1
1,0,0,0,1
1,0,0,0,1
1,0,0,0,1
3,0,0,0,3
1,0,0,0,1
1,0,0,0,1
2,0,0,0,2
2,0,0,0,2
1,0,0,0,1
1,0,0,0,1
1,0,0,0,1
1,0,0,0,1
5,0,0,0,5
1,0,0,0,1
1,0,0,0,1
1,0,0,0,1
1,0,0,0,1
1,0,0,0,1
1,0,0,0,1
1,0,0,0,1
1,0,0,0,1
1,0,0,0,1
1,0,0,0,1
1,0,0,0,1
2,0,0,0,2
1,0,0,0,1
1,0,1,0,2
1,0,0,0,1
1,0,0,0,1
2,0,0,0,2
1,0,0,0,1
1,0,0,0,1
1,0,0,0,1
2,0,1,0,3
2,0,0,0,2
1,0,0,0,1
1,0,0,0,1
3,0,0,0,3
1,0,0,0,1
1,0,0,0,1
2,0,0,0,2
1,0,0,0,1
1,0,0,0,1
5,0,0,0,5
1,0,0,0,1
1,0,0,0,1
1,0,0,0,1
1,0,0,0,1
2,0,0,0,2
1,0,0,0,1
1,0,0,0,1
1,0,0,0,1
2,0,0,0,2
1,0,0,0,1
1,0,0,0,1
1,0,0,0,1
1,0,0,0,1
1,0,0,0,1
1,0,0,0,1
1,0,0,0,1
1,0,0,0,1
1,0,0,0,1
1,0,0,0,1
1,0,0,0,1
1,0,0,0,1
1,0,0,0,1
3,0,0,0,3
2,0,0,0,2
1,0,0,0,1
1,0,0,0,1
1,0,0,0,1
2,0,0,0,2
2,0,0,0,2
1,0,0,0,1
1,0,0,0,1
1,0,0,0,1
1,0,0,0,1
1,0,0,0,1
1,0,0,0,1
1,0,0,0,1
1,0,0,0,1
2,0,0,0,2
1,0,0,0,1
1,0,0,0,1
1,0,0,0,1
1,0,0,0,1
1,0,0,0,1
1,0,0,0,1
1,0,0,0,1
1,0,0,0,1
1,0,0,0,1
1,0,0,0,1
2,4,0,0,6
1,0,0,0,1
1,0,0,0,1
1,0,0,0,1
1,0,0,0,1
2,0,0,0,2
1,1,0,0,2
1,1,0,0,2
1,0,0,0,1
1,0,0,0,1
1,0,0,0,1
3,0,0,0,3
1,0,0,0,1
1,0,0,0,1
1,0,0,0,1
1,0,0,0,1
1,0,0,0,1
1,0,0,0,1
1,0,0,0,1
1,0,0,0,1
1,0,0,0,1
1,0,0,0,1
1,0,0,0,1
1,0,0,0,1
1,0,0,0,1
1,0,0,0,1
1,0,0,0,1
1,0,0,0,1
3,0,0,0,3
1,0,0,0,1
1,0,0,0,1
1,0,0,0,1
1,0,0,0,1
2,0,0,0,2
1,0,0,0,1
2,0,0,0,2
1,0,0,0,1
1,0,0,0,1
1,0,0,0,1
1,3,0,0,4
2,0,0,0,2
1,0,0,0,1
1,0,0,0,1
1,0,0,0,1
1,0,0,0,1
1,0,0,0,1
1,0,0,0,1
1,0,0,0,1
1,0,0,0,1
1,0,0,0,1
1,0,0,0,1
1,0,0,0,1
1,0,0,0,1
1,0,0,0,1
3,0,0,0,3
2,0,0,0,2
3,0,0,0,3
1,0,0,0,1
1,0,0,0,1
2,0,0,0,2
3,0,0,0,3
1,0,0,0,1
1,0,0,0,1
2,0,0,0,2
1,0,0,0,1
1,0,0,0,1
1,6,0,0,7
1,0,0,0,1
1,0,0,0,1
1,0,0,0,1
1,0,0,0,1
2,0,0,0,2
3,0,0,0,3
1,0,0,0,1
1,0,0,0,1
2,0,0,0,2
1,0,0,0,1
1,0,0,0,1
1,0,0,0,1
1,0,0,0,1
1,3,0,0,4
1,0,0,0,1
1,0,0,0,1
1,0,0,0,1
1,0,0,0,1
1,0,0,0,1
1,0,0,0,1
1,0,0,0,1
1,1,0,0,2
1,0,0,0,1
2,0,0,0,2
1,0,0,0,1
1,0,0,0,1
1,0,0,0,1
1,0,0,0,1
2,2,0,0,4
1,0,0,0,1
2,0,0,0,2
1,0,0,0,1
1,0,0,0,1
1,0,0,0,1
1,0,0,0,1
1,0,0,0,1
1,0,0,0,1
1,0,0,0,1
1,0,0,0,1
1,0,0,0,1
1,0,0,0,1
1,0,0,0,1
1,0,0,0,1
1,0,0,0,1
1,0,0,0,1
1,0,0,0,1
1,0,0,0,1
1,0,0,0,1
1,0,0,0,1
1,0,0,0,1
1,0,0,0,1
1,0,0,0,1
1,0,0,0,1
1,0,0,0,1
2,0,0,0,2
2,1,2,0,5
1,0,0,0,1
1,0,0,0,1
2,0,0,0,2
1,0,0,0,1
1,0,0,0,1
1,0,0,0,1
1,0,0,0,1
1,0,0,0,1
1,0,0,0,1
1,0,0,0,1
1,0,0,0,1
1,0,0,0,1
1,0,0,0,1
1,0,0,0,1
1,0,0,0,1
2,0,0,0,2
1,2,0,0,3
1,0,0,0,1
1,0,0,0,1
1,0,0,0,1
1,0,0,0,1
1,0,0,0,1
1,0,0,0,1
1,0,0,0,1
2,0,0,0,2
2,0,0,0,2
1,0,0,0,1
2,0,0,0,2
1,0,0,0,1
1,0,0,0,1
1,0,0,0,1
1,0,0,0,1
2,0,0,0,2
1,0,0,0,1
1,0,0,0,1
1,0,0,0,1
1,0,0,0,1
1,0,0,0,1
1,0,0,0,1
1,0,0,0,1
2,0,0,0,2
1,0,0,0,1
1,0,0,0,1
2,0,0,0,2
1,0,0,0,1
1,0,0,0,1
1,0,0,0,1
2,0,0,0,2
1,0,0,0,1
1,0,0,0,1
1,0,0,0,1
1,0,0,0,1
1,0,0,0,1
1,0,0,0,1
1,0,0,0,1
1,0,0,0,1
1,0,0,0,1
1,0,0,0,1
2,0,0,0,2
1,0,0,0,1
1,0,0,0,1
1,0,0,0,1
1,0,0,0,1
1,0,0,0,1
1,0,0,0,1
2,0,0,0,2
1,0,0,0,1
1,0,0,0,1
2,0,0,0,2
1,0,0,0,1
1,0,0,0,1
1,0,0,0,1
1,0,0,0,1
1,0,0,0,1
1,0,0,0,1
1,0,0,0,1
1,0,0,0,1
3,0,0,0,3
1,0,0,0,1
1,0,0,0,1
3,6,0,0,9
1,5,0,0,6
2,0,0,0,2
1,0,0,0,1
1,0,0,0,1
1,0,0,0,1
1,0,0,0,1
1,0,0,0,1
1,0,0,0,1
1,0,0,0,1
1,0,0,0,1
1,0,0,0,1
1,0,0,0,1
1,0,0,0,1
1,0,0,0,1
1,0,0,0,1
1,0,0,0,1
1,0,0,0,1
1,0,0,0,1
1,0,0,0,1
1,0,0,0,1
1,0,0,0,1
2,0,0,0,2
1,8,3,0,12
1,0,0,0,1
1,0,0,0,1
1,0,0,0,1
1,0,0,0,1
1,0,0,0,1
1,0,0,0,1
3,0,0,0,3
1,0,0,0,1
1,0,0,0,1
1,0,0,0,1
1,0,0,0,1
1,0,0,0,1
1,0,0,0,1
1,0,0,0,1
1,0,0,0,1
1,0,0,0,1
1,0,0,0,1
1,0,0,0,1
2,0,0,0,2
1,0,0,0,1
2,0,0,0,2
1,0,0,0,1
1,0,0,0,1
1,0,0,0,1
1,0,0,0,1
1,0,0,0,1
1,0,0,0,1
1,0,0,0,1
3,0,0,0,3
1,0,0,0,1
1,0,0,0,1
2,0,0,0,2
1,0,0,0,1
1,0,0,0,1
1,0,0,0,1
1,0,0,0,1
1,0,0,0,1
1,0,0,0,1
1,0,0,0,1
1,0,0,0,1
1,0,0,0,1
1,9,1,0,11
1,0,0,0,1
1,0,0,0,1
1,0,0,0,1
1,0,0,0,1
1,0,0,0,1
1,1,0,0,2
1,0,0,0,1
1,0,0,0,1
1,0,0,0,1
1,0,0,0,1
1,0,0,0,1
1,0,0,0,1
1,0,0,0,1
2,0,0,0,2
1,0,0,0,1
1,0,0,0,1
2,0,0,0,2
1,0,0,0,1
1,0,0,0,1
1,0,0,0,1
1,0,0,0,1
1,0,0,0,1
1,0,0,0,1
1,0,0,0,1
1,0,0,0,1
1,0,0,0,1
1,0,0,0,1
1,0,0,0,1
2,0,0,0,2
1,0,0,0,1
1,0,0,0,1
1,0,0,0,1
1,0,0,0,1
1,0,0,0,1
1,0,0,0,1
2,7,0,0,9
1,0,0,0,1
1,0,0,0,1
2,0,0,0,2
1,0,0,0,1
1,0,0,0,1
1,0,0,0,1
1,0,0,0,1
1,0,0,0,1
1,0,0,0,1
1,0,0,0,1
1,0,0,0,1
1,0,0,0,1
1,0,0,0,1
1,0,0,0,1
1,0,0,0,1
1,0,0,0,1
1,0,0,0,1
1,0,0,0,1
1,0,0,0,1
1,0,0,0,1
1,0,0,0,1
1,0,0,0,1
1,0,0,0,1
1,0,0,0,1
1,0,0,0,1
1,0,0,0,1
3,0,0,0,3
1,0,0,0,1
1,0,0,0,1
1,0,0,0,1
1,0,0,0,1
1,0,0,0,1
1,0,0,0,1
1,0,0,0,1
1,0,0,0,1
1,0,0,0,1
1,0,0,0,1
1,0,0,0,1
1,0,0,0,1
1,0,0,0,1
1,0,0,0,1
1,0,0,0,1
1,0,0,0,1
1,0,0,0,1
1,0,0,0,1
1,0,0,0,1
1,0,0,0,1
1,0,0,0,1
2,0,0,0,2
1,0,0,0,1
1,0,0,0,1
1,0,0,0,1
1,0,0,0,1
1,0,0,0,1
1,0,0,0,1
2,0,0,0,2
1,0,0,0,1
1,0,0,0,1
1,10,2,0,13
1,0,0,0,1
1,0,0,0,1
1,0,0,0,1
2,0,0,0,2
1,0,0,0,1
1,0,0,0,1
1,0,0,0,1
1,0,0,0,1
2,6,0,0,8
1,0,0,0,1
1,0,0,0,1
1,0,0,0,1
1,0,0,0,1
1,0,0,0,1
1,0,0,0,1
1,0,0,0,1
1,0,0,0,1
1,0,0,0,1
2,0,0,0,2
1,0,0,0,1
1,0,0,0,1
2,0,0,0,2
1,0,0,0,1
1,0,0,0,1
1,0,0,0,1
1,0,0,0,1
1,0,0,0,1
1,0,0,0,1
1,0,0,0,1
1,0,0,0,1
3,0,0,0,3
1,0,0,0,1
1,0,0,0,1
3,3,0,0,6
1,0,0,0,1
1,0,0,0,1
1,0,0,0,1
1,0,0,0,1
1,0,0,0,1
1,0,0,0,1
1,0,0,0,1
3,0,0,0,3
1,0,0,0,1
1,0,0,0,1
1,0,0,0,1
1,0,0,0,1
1,0,0,0,1
1,0,0,0,1
1,0,0,0,1
1,0,0,0,1
1,0,0,0,1
1,0,0,0,1
4,0,0,0,4
1,0,0,0,1
1,0,0,0,1
1,0,0,0,1
1,0,0,0,1
1,0,0,0,1
1,0,0,0,1
1,0,0,0,1
1,0,0,0,1
1,0,0,0,1
1,0,0,0,1
1,0,0,0,1
1,0,0,0,1
1,0,0,0,1
1,0,0,0,1
1,0,0,0,1
2,0,0,0,2
2,0,0,0,2
1,0,0,0,1
1,0,0,0,1
1,0,0,0,1
1,0,0,0,1
1,0,0,0,1
1,0,0,0,1
2,1,0,0,3
2,0,0,0,2
1,0,0,0,1
1,0,0,0,1
1,0,0,0,1
1,0,0,0,1
1,0,0,0,1
1,0,0,0,1
1,0,0,0,1
1,0,0,0,1
1,0,0,0,1
1,0,0,0,1
1,0,0,0,1
1,0,0,0,1
1,1,0,0,2
1,0,0,0,1
1,0,0,0,1
1,0,0,0,1
1,0,0,0,1
1,0,0,0,1
1,0,0,0,1
1,0,0,0,1
1,0,0,0,1
1,0,0,0,1
2,0,0,0,2
1,0,0,0,1
1,0,0,0,1
1,0,0,0,1
3,0,0,0,3
1,0,0,0,1
1,0,0,0,1
1,0,0,0,1
1,0,0,0,1
4,0,0,0,4
1,0,0,0,1
1,0,0,0,1
1,0,0,0,1
1,2,0,0,3
2,0,0,0,2
1,0,0,0,1
1,0,0,0,1
1,0,0,0,1
1,0,0,0,1
1,0,0,0,1
1,0,0,0,1
2,0,0,0,2
1,1,0,0,2
1,0,0,0,1
1,0,0,0,1
1,0,0,0,1
3,0,0,0,3
2,0,0,0,2
1,0,0,0,1
1,0,0,0,1
2,2,0,0,4
1,0,0,0,1
1,0,0,0,1
1,0,0,0,1
1,0,0,0,1
1,0,0,0,1
1,0,0,0,1
1,0,0,0,1
1,0,0,0,1
1,0,0,0,1
1,0,0,0,1
1,0,0,0,1
1,0,0,0,1
1,0,0,0,1
2,0,0,0,2
1,0,0,0,1
1,0,0,0,1
1,0,0,0,1
2,0,0,0,2
1,0,0,0,1
1,0,0,0,1
1,0,0,0,1
1,0,0,0,1
1,0,0,0,1
1,0,0,0,1
1,0,0,0,1
1,0,0,0,1
1,0,0,0,1
1,0,0,0,1
2,0,0,0,2
1,1,0,0,2
1,0,0,0,1
1,0,0,0,1
1,0,0,0,1
1,0,0,0,1
1,0,0,0,1
1,0,0,0,1
1,0,0,0,1
1,0,0,0,1
1,0,0,0,1
3,0,0,0,3
1,0,0,0,1
1,0,0,0,1
1,0,0,0,1
1,0,0,0,1
1,0,0,0,1
1,0,0,0,1
1,0,0,0,1
1,0,0,0,1
1,0,0,0,1
1,0,0,0,1
1,0,0,0,1
1,0,0,0,1
1,0,0,0,1
1,0,0,0,1
1,0,0,0,1
1,0,0,0,1
1,0,0,0,1
1,0,0,0,1
1,0,0,0,1
1,0,0,0,1
2,0,0,0,2
1,0,0,0,1
1,0,0,0,1
2,0,0,0,2
1,0,0,0,1
1,0,0,0,1
2,0,0,0,2
1,0,0,0,1
1,0,0,0,1
3,0,0,0,3
1,0,0,0,1
1,0,0,0,1
1,0,0,0,1
1,0,0,0,1
1,0,0,0,1
1,0,0,0,1
1,0,0,0,1
1,0,0,0,1
2,0,0,0,2
1,0,0,0,1
1,0,0,0,1
1,0,0,0,1
1,0,0,0,1
1,0,0,0,1
1,0,0,0,1
2,0,0,0,2
1,0,0,0,1
2,0,0,0,2
1,0,0,0,1
1,0,0,0,1
1,0,0,0,1
1,0,0,0,1
1,0,0,0,1
1,0,0,0,1
1,0,0,0,1
2,0,0,0,2
1,2,0,0,3
1,0,0,0,1
1,0,0,0,1
1,0,0,0,1
3,0,0,0,3
1,0,0,0,1
2,0,0,0,2
2,0,0,0,2
1,0,0,0,1
1,0,0,0,1
1,0,0,0,1
1,0,0,0,1
1,0,0,0,1
1,0,0,0,1
1,0,0,0,1
2,0,0,0,2
1,0,0,0,1
1,0,0,0,1
1,0,0,0,1
1,0,0,0,1
1,0,0,0,1
1,7,0,0,8
1,0,0,0,1
1,0,0,0,1
1,0,0,0,1
1,0,0,0,1
1,0,0,0,1
2,0,0,0,2
3,0,0,0,3
1,0,0,0,1
1,0,0,0,1
4,0,0,0,4
1,0,0,0,1
1,0,0,0,1
1,0,0,0,1
1,0,0,0,1
1,0,0,0,1
1,0,0,0,1
1,0,0,0,1
1,0,0,0,1
1,0,0,0,1
3,21,2,0,26
1,0,0,0,1
1,0,0,0,1
1,0,0,0,1
1,0,0,0,1
1,0,0,0,1
2,0,0,0,2
1,0,0,0,1
2,0,0,0,2
1,0,0,0,1
1,0,0,0,1
2,2,1,0,5
1,0,0,0,1
1,0,0,0,1
1,0,0,0,1
1,0,0,0,1
1,0,0,0,1
1,0,0,0,1
1,0,0,0,1
1,0,0,0,1
2,0,0,0,2
1,0,0,0,1
1,0,0,0,1
1,0,0,0,1
1,0,0,0,1
1,0,0,0,1
1,0,0,0,1
1,0,0,0,1
1,0,0,0,1
1,0,0,0,1
2,31,0,0,33
1,0,0,0,1
1,0,0,0,1
2,0,0,0,2
2,0,0,0,2
3,0,0,0,3
1,0,0,0,1
1,0,0,0,1
1,0,0,0,1
1,0,0,0,1
1,0,0,0,1
1,0,0,0,1
1,0,0,0,1
1,0,0,0,1
1,0,0,0,1
1,0,0,0,1
1,0,0,0,1
1,0,0,0,1
1,1,0,0,2
1,1,0,0,2
3,0,0,0,3
1,0,0,0,1
1,0,0,0,1
1,0,0,0,1
2,0,0,0,2
1,0,0,0,1
1,0,0,0,1
3,0,0,0,3
1,0,0,0,1
1,0,0,0,1
1,1,0,0,2
1,0,0,0,1
1,0,0,0,1
1,0,0,0,1
1,0,0,0,1
1,0,0,0,1
1,0,0,0,1
1,0,0,0,1
1,0,0,0,1
1,0,0,0,1
2,0,0,0,2
1,0,0,0,1
1,0,0,0,1
1,0,0,0,1
1,0,0,0,1
1,0,0,0,1
1,1,0,0,2
1,0,0,0,1
2,0,0,0,2
1,0,0,0,1
1,0,0,0,1
1,0,0,0,1
1,0,0,0,1
1,0,0,0,1
1,0,0,0,1
1,0,0,0,1
1,0,0,0,1
1,0,0,0,1
4,0,0,0,4
1,0,0,0,1
1,0,0,0,1
1,0,0,0,1
1,0,0,0,1
1,0,0,0,1
1,0,0,0,1
1,0,0,0,1
1,0,0,0,1
1,0,0,0,1
1,0,0,0,1
1,0,0,0,1
1,0,0,0,1
1,0,0,0,1
1,0,0,0,1
2,0,0,0,2
2,0,0,0,2
1,0,0,0,1
1,0,0,0,1
1,0,0,0,1
2,0,0,0,2
1,0,0,0,1
1,0,0,0,1
2,0,0,0,2
1,0,0,0,1
1,0,0,0,1
1,0,0,0,1
1,0,0,0,1
1,0,0,0,1
1,0,0,0,1
1,0,0,0,1
1,0,0,0,1
1,0,0,0,1
1,0,0,0,1
1,0,0,0,1
1,0,0,0,1
1,0,0,0,1
1,0,0,0,1
1,0,0,0,1
1,0,0,0,1
1,0,0,0,1
1,0,0,0,1
1,0,0,0,1
1,0,0,0,1
1,0,0,0,1
1,0,0,0,1
1,0,0,0,1
1,0,0,0,1
1,0,0,0,1
1,0,0,0,1
1,0,0,0,1
1,0,0,0,1
1,0,0,0,1
1,0,0,0,1
1,0,0,0,1
1,0,0,0,1
1,3,0,0,4
1,0,0,0,1
1,0,0,0,1
2,0,0,0,2
1,0,0,0,1
1,0,0,0,1
1,0,0,0,1
1,0,0,0,1
1,0,0,0,1
1,0,0,0,1
1,0,0,0,1
1,0,0,0,1
1,0,0,0,1
1,0,0,0,1
1,0,0,0,1
1,0,0,0,1
1,0,0,0,1
1,0,0,0,1
1,0,0,0,1
1,0,0,0,1
1,0,0,0,1
1,0,0,0,1
1,0,0,0,1
1,0,0,0,1
1,0,0,0,1
2,0,0,0,2
1,0,0,0,1
1,0,0,0,1
1,0,0,0,1
1,0,0,0,1
1,0,0,0,1
2,0,0,0,2
1,0,0,0,1
2,4,0,0,6
2,0,0,0,2
2,0,0,0,2
1,0,0,0,1
1,0,0,0,1
3,0,0,0,3
1,0,0,0,1
1,0,0,0,1
1,0,0,0,1
1,0,0,0,1
1,0,0,0,1
1,0,0,0,1
1,0,0,0,1
1,0,0,0,1
1,0,0,0,1
1,0,0,0,1
1,0,0,0,1
1,0,0,0,1
1,0,0,0,1
1,0,0,0,1
2,0,0,0,2
1,0,0,0,1
2,0,0,0,2
1,0,0,0,1
1,0,0,0,1
1,0,0,0,1
1,0,0,0,1
1,6,1,0,8
1,0,0,0,1
1,0,0,0,1
1,0,0,0,1
1,0,0,0,1
1,0,0,0,1
1,0,0,0,1
1,0,0,0,1
1,0,0,0,1
1,0,0,0,1
1,0,0,0,1
1,0,0,0,1
1,0,0,0,1
1,0,0,0,1
1,0,0,0,1
1,0,0,0,1
3,0,0,0,3
1,0,0,0,1
1,0,0,0,1
1,0,0,0,1
1,0,0,0,1
2,0,0,0,2
1,0,0,0,1
1,0,0,0,1
1,0,0,0,1
1,0,0,0,1
1,0,0,0,1
2,0,0,0,2
3,0,0,0,3
1,0,0,0,1
1,0,0,0,1
1,0,0,0,1
1,0,0,0,1
1,0,0,0,1
1,0,0,0,1
1,0,0,0,1
1,0,0,0,1
1,0,0,0,1
1,0,0,0,1
1,0,0,0,1
1,0,0,0,1
1,0,0,0,1
1,0,0,0,1
1,0,0,0,1
1,0,0,0,1
1,0,0,0,1
2,0,0,0,2
1,0,0,0,1
1,0,0,0,1
1,0,0,0,1
1,0,1,0,2
1,0,0,0,1
1,0,0,0,1
1,0,0,0,1
1,0,0,0,1
1,0,0,0,1
1,0,0,0,1
1,0,0,0,1
1,0,0,0,1
1,0,0,0,1
1,0,0,0,1
1,0,0,0,1
1,0,0,0,1
1,0,0,0,1
1,0,0,0,1
1,0,0,0,1
2,0,0,0,2
2,0,0,0,2
2,0,0,0,2
1,0,0,0,1
2,0,0,0,2
2,0,0,0,2
1,0,0,0,1
3,1,0,0,4
1,0,0,0,1
4,1,0,0,5
1,0,0,0,1
1,0,0,0,1
1,0,0,0,1
1,0,0,0,1
1,0,0,0,1
1,0,0,0,1
1,0,0,0,1
1,0,0,0,1
1,0,0,0,1
1,0,0,0,1
1,0,0,0,1
1,0,0,0,1
1,0,0,0,1
2,0,0,0,2
1,0,0,0,1
1,0,0,0,1
1,0,0,0,1
2,0,0,0,2
1,0,0,0,1
1,0,0,0,1
1,0,0,0,1
1,0,0,0,1
1,0,0,0,1
1,0,0,0,1
1,0,0,0,1
1,0,0,0,1
1,0,0,0,1
1,0,0,0,1
1,0,0,0,1
1,0,0,0,1
1,0,0,0,1
1,0,0,0,1
1,0,0,0,1
1,0,0,0,1
1,0,0,0,1
1,0,0,0,1
1,0,0,0,1
1,0,0,0,1
1,0,0,0,1
2,1,0,0,3
1,0,0,0,1
2,0,0,0,2
1,0,0,0,1
1,0,0,0,1
1,0,0,0,1
2,0,0,0,2
1,0,0,0,1
1,0,0,0,1
1,0,0,0,1
1,0,0,0,1
1,13,0,0,14
1,16,0,0,17
2,0,0,0,2
1,0,0,0,1
1,0,0,0,1
1,0,0,0,1
1,0,0,0,1
1,0,0,0,1
2,3,0,0,5
2,2,0,0,4
1,0,0,0,1
1,0,0,0,1
1,0,0,0,1
1,0,0,0,1
1,0,0,0,1
1,0,0,0,1
1,0,0,0,1
1,0,0,0,1
1,0,0,0,1
1,0,0,0,1
1,0,0,0,1
1,0,0,0,1
1,0,0,0,1
1,0,0,0,1
3,0,0,0,3
1,0,0,0,1
2,0,0,0,2
1,1,0,0,2
1,0,0,0,1
1,0,0,0,1
1,0,0,0,1
1,1,1,0,3
1,0,0,0,1
1,0,0,0,1
1,0,0,0,1
1,1,0,0,2
3,0,0,0,3
1,0,0,0,1
1,0,0,0,1
1,0,0,0,1
1,0,0,0,1
1,0,0,0,1
2,0,0,0,2
1,0,0,0,1
1,0,0,0,1
1,0,0,0,1
2,0,0,0,2
1,0,0,0,1
1,0,0,0,1
1,0,0,0,1
1,0,0,0,1
3,0,0,0,3
1,0,0,0,1
1,0,0,0,1
1,0,0,0,1
1,0,0,0,1
2,0,0,0,2
1,0,0,0,1
1,0,0,0,1
1,0,0,0,1
1,0,0,0,1
3,0,0,0,3
1,0,0,0,1
1,0,0,0,1
1,0,0,0,1
1,0,0,0,1
1,0,0,0,1
1,0,0,0,1
1,0,0,0,1
1,0,0,0,1
1,0,0,0,1
1,0,0,0,1
1,0,0,0,1
1,0,0,0,1
1,0,0,0,1
1,0,0,0,1
1,0,0,0,1
2,0,0,0,2
1,0,0,0,1
1,0,0,0,1
1,0,0,0,1
1,0,0,0,1
1,0,0,0,1
1,0,0,0,1
1,0,0,0,1
1,0,0,0,1
1,0,0,0,1
1,2,0,0,3
1,3,0,0,4
1,0,0,0,1
1,0,0,0,1
1,0,0,0,1
1,0,0,0,1
2,0,0,0,2
1,0,0,0,1
1,0,0,0,1
1,0,0,0,1
1,0,0,0,1
1,0,0,0,1
1,0,0,0,1
1,0,0,0,1
1,0,0,0,1
1,0,0,0,1
1,0,0,0,1
1,0,0,0,1
1,0,0,0,1
1,0,0,0,1
1,0,0,0,1
1,0,0,0,1
1,0,0,0,1
1,0,0,0,1
1,0,0,0,1
1,0,0,0,1
1,0,0,0,1
1,0,0,0,1
1,0,0,0,1
1,0,0,0,1
2,0,0,0,2
1,0,0,0,1
1,0,0,0,1
1,0,0,0,1
1,0,0,0,1
1,0,0,0,1
1,0,0,0,1
1,0,0,0,1
1,0,0,0,1
1,0,0,0,1
1,0,0,0,1
1,0,0,0,1
1,0,0,0,1
1,0,0,0,1
1,0,0,0,1
1,0,0,0,1
1,0,0,0,1
1,5,0,0,6
1,0,0,0,1
1,0,0,0,1
1,0,0,0,1
1,0,0,0,1
2,0,0,0,2
1,0,0,0,1
6,0,0,0,6
1,0,0,0,1
1,0,0,0,1
1,0,0,0,1
1,0,0,0,1
1,0,0,0,1
1,0,0,0,1
1,0,0,0,1
1,0,0,0,1
1,0,0,0,1
1,0,0,0,1
1,0,0,0,1
1,0,0,0,1
1,0,0,0,1
1,0,0,0,1
1,0,0,0,1
1,0,0,0,1
1,0,0,0,1
1,0,0,0,1
1,0,0,0,1
1,0,0,0,1
1,0,0,0,1
1,57,0,0,58
1,0,0,0,1
3,0,0,0,3
1,0,0,0,1
1,0,0,0,1
1,0,0,0,1
1,0,0,0,1
1,0,0,0,1
1,0,0,0,1
1,0,0,0,1
1,592,0,0,593
1,6,0,0,7
1,0,0,0,1
1,0,0,0,1
1,0,0,0,1
1,0,0,0,1
1,0,0,0,1
2,0,0,0,2
1,0,0,0,1
1,0,0,0,1
2,0,0,0,2
1,0,0,0,1
1,0,0,0,1
1,0,0,0,1
1,0,0,0,1
1,0,0,0,1
1,0,0,0,1
1,0,0,0,1
1,0,0,0,1
1,0,0,0,1
1,0,0,0,1
1,0,0,0,1
2,0,0,0,2
1,0,0,0,1
1,11,0,0,12
1,0,0,0,1
1,0,0,0,1
1,0,0,0,1
1,0,0,0,1
1,0,0,0,1
1,0,0,0,1
1,0,0,0,1
1,0,0,0,1
1,0,0,0,1
1,0,0,0,1
1,0,0,0,1
1,0,0,0,1
1,0,0,0,1
1,0,0,0,1
1,0,0,0,1
1,0,0,0,1
1,2,0,0,3
1,0,0,0,1
1,0,0,0,1
1,0,0,0,1
1,0,0,0,1
1,0,0,0,1
1,0,0,0,1
1,0,0,0,1
1,0,0,0,1
2,0,0,0,2
1,0,0,0,1
1,0,0,0,1
1,0,0,0,1
1,0,0,0,1
1,0,0,0,1
1,0,0,0,1
1,0,0,0,1
1,0,0,0,1
1,0,0,0,1
1,0,0,0,1
1,0,0,0,1
2,0,0,0,2
1,0,0,0,1
1,0,0,0,1
1,0,0,0,1
1,0,0,0,1
2,0,0,0,2
1,0,0,0,1
1,0,0,0,1
1,0,0,0,1
1,0,0,0,1
1,0,0,0,1
1,0,0,0,1
1,0,0,0,1
1,0,0,0,1
1,0,0,0,1
1,0,0,0,1
1,0,0,0,1
1,0,0,0,1
1,0,0,0,1
1,0,0,0,1
2,0,0,0,2
1,0,0,0,1
1,0,0,0,1
1,0,0,0,1
1,4,0,0,5
1,0,0,0,1
2,0,0,0,2
5,0,0,0,5
1,0,0,0,1
1,0,0,0,1
1,0,0,0,1
1,0,0,0,1
2,0,0,0,2
1,0,0,0,1
1,0,0,0,1
2,0,0,0,2
2,2,2,0,6
2,0,0,0,2
1,0,0,0,1
1,0,0,0,1
1,0,0,0,1
1,0,0,0,1
1,0,0,0,1
1,0,0,0,1
4,0,0,0,4
1,0,0,0,1
1,0,0,0,1
1,0,0,0,1
2,0,0,0,2
1,0,0,0,1
1,0,0,0,1
1,0,0,0,1
1,0,0,0,1
1,0,0,0,1
1,0,0,0,1
1,0,0,0,1
1,0,0,0,1
1,0,0,0,1
1,0,0,0,1
1,0,0,0,1
1,0,0,0,1
1,0,0,0,1
1,0,0,0,1
5,0,0,0,5
1,0,0,0,1
1,0,0,0,1
2,0,0,0,2
2,0,0,0,2
1,0,0,0,1
1,0,0,0,1
2,0,0,0,2
2,0,0,0,2
1,0,0,0,1
1,0,0,0,1
2,0,0,0,2
1,0,0,0,1
1,0,0,0,1
1,0,0,0,1
1,0,0,0,1
1,0,0,0,1
1,0,0,0,1
1,0,0,0,1
1,0,0,0,1
1,0,0,0,1
1,0,0,0,1
1,0,0,0,1
1,0,0,0,1
1,0,0,0,1
1,0,0,0,1
1,0,0,0,1
2,0,0,0,2
1,0,0,0,1
1,0,0,0,1
2,0,0,0,2
3,0,0,0,3
1,0,0,0,1
1,0,0,0,1
4,0,0,0,4
1,0,0,0,1
1,0,0,0,1
1,0,0,0,1
1,0,0,0,1
1,0,0,0,1
2,0,0,0,2
1,0,0,0,1
1,0,0,0,1
1,0,0,0,1
1,0,0,0,1
1,0,0,0,1
1,0,0,0,1
1,0,0,0,1
1,0,0,0,1
1,0,0,0,1
1,0,0,0,1
1,0,0,0,1
1,0,0,0,1
1,0,0,0,1
2,0,0,0,2
1,0,0,0,1
1,0,0,0,1
1,0,0,0,1
1,0,0,0,1
1,0,0,0,1
1,0,0,0,1
1,0,0,0,1
1,0,0,0,1
1,0,0,0,1
2,1,0,0,3
2,0,0,0,2
1,0,0,0,1
1,0,0,0,1
1,0,0,0,1
1,0,0,0,1
1,0,0,0,1
2,0,0,0,2
1,0,0,0,1
2,0,0,0,2
2,0,0,0,2
1,0,0,0,1
1,0,0,0,1
1,0,0,0,1
1,0,0,0,1
1,0,0,0,1
2,0,0,0,2
1,0,0,0,1
1,0,0,0,1
1,0,0,0,1
1,0,0,0,1
1,0,0,0,1
1,0,0,0,1
1,0,0,0,1
2,0,0,0,2
1,0,0,0,1
1,0,0,0,1
1,0,0,0,1
1,0,0,0,1
1,0,0,0,1
1,0,0,0,1
3,0,0,0,3
1,0,0,0,1
1,0,0,0,1
1,0,0,0,1
1,0,0,0,1
1,0,0,0,1
3,15,1,0,19
1,0,0,0,1
1,0,0,0,1
1,0,0,0,1
1,0,0,0,1
1,0,0,0,1
1,0,0,0,1
1,0,0,0,1
1,0,0,0,1
1,0,0,0,1
1,0,0,0,1
1,0,0,0,1
1,0,0,0,1
1,0,0,0,1
1,0,0,0,1
3,0,0,0,3
1,0,0,0,1
1,0,0,0,1
1,0,0,0,1
1,0,0,0,1
1,0,0,0,1
1,0,0,0,1
1,0,0,0,1
1,0,0,0,1
1,2,0,0,3
1,0,0,0,1
1,0,0,0,1
3,0,0,0,3
1,0,0,0,1
1,0,0,0,1
1,0,0,0,1
1,0,0,0,1
1,0,0,0,1
1,1,0,0,2
1,0,0,0,1
1,0,0,0,1
1,0,0,0,1
2,1,0,0,3
2,0,0,0,2
1,0,0,0,1
1,0,0,0,1
1,0,0,0,1
2,0,0,0,2
1,0,0,0,1
1,0,0,0,1
1,0,0,0,1
1,0,0,0,1
1,0,0,0,1
1,0,0,0,1
1,0,0,0,1
1,0,0,0,1
3,0,0,0,3
1,0,0,0,1
1,0,0,0,1
1,0,0,0,1
1,0,0,0,1
1,0,0,0,1
1,0,0,0,1
1,0,0,0,1
1,0,0,0,1
1,1,0,0,2
2,0,0,0,2
1,0,0,0,1
3,0,0,0,3
1,0,0,0,1
1,0,0,0,1
1,0,0,0,1
1,0,0,0,1
1,0,0,0,1
1,0,0,0,1
1,0,0,0,1
1,0,0,0,1
1,0,0,0,1
1,0,0,0,1
1,1,0,0,2
2,0,0,0,2
1,0,0,0,1
1,0,0,0,1
1,0,0,0,1
1,0,0,0,1
1,0,0,0,1
1,0,0,0,1
1,0,0,0,1
1,0,0,0,1
1,0,0,0,1
1,0,0,0,1
1,0,0,0,1
1,0,0,0,1
1,0,0,0,1
1,0,0,0,1
1,0,0,0,1
2,2,0,0,4
1,0,0,0,1
2,0,0,0,2
1,0,0,0,1
1,0,0,0,1
1,0,0,0,1
1,0,0,0,1
1,0,0,0,1
1,0,0,0,1
1,0,0,0,1
1,0,0,0,1
1,0,0,0,1
2,0,0,0,2
1,0,0,0,1
1,0,0,0,1
2,0,0,0,2
1,0,0,0,1
1,0,0,0,1
1,0,0,0,1
1,0,0,0,1
1,0,0,0,1
1,0,0,0,1
1,0,0,0,1
1,0,0,0,1
1,0,0,0,1
1,0,0,0,1
2,0,0,0,2
2,660,0,0,662
1,0,0,0,1
1,0,0,0,1
1,0,0,0,1
2,0,0,0,2
1,0,0,0,1
1,0,0,0,1
1,0,0,0,1
1,0,0,0,1
1,0,0,0,1
1,0,0,0,1
5,0,0,0,5
1,0,0,0,1
1,0,0,0,1
1,0,0,0,1
1,0,0,0,1
1,0,0,0,1
1,0,0,0,1
1,0,0,0,1
1,0,0,0,1
1,0,0,0,1
1,0,0,0,1
1,0,0,0,1
4,0,0,0,4
1,0,0,0,1
1,0,0,0,1
2,0,0,0,2
1,0,0,0,1
1,0,0,0,1
1,2,0,0,3
1,0,0,0,1
1,0,0,0,1
1,0,0,0,1
1,0,0,0,1
1,0,0,0,1
1,0,0,0,1
1,0,0,0,1
1,0,0,0,1
1,3,3,0,7
3,3,0,0,6
1,0,0,0,1
1,0,0,0,1
1,0,0,0,1
1,0,0,0,1
1,0,0,0,1
1,0,0,0,1
1,0,0,0,1
1,0,0,0,1
1,0,0,0,1
1,0,0,0,1
1,0,0,0,1
1,0,0,0,1
1,0,0,0,1
1,0,0,0,1
1,0,0,0,1
2,0,0,0,2
1,0,0,0,1
1,0,0,0,1
1,0,0,0,1
1,0,0,0,1
1,0,0,0,1
1,0,0,0,1
1,0,0,0,1
1,0,0,0,1
1,0,0,0,1
1,0,0,0,1
1,0,0,0,1
2,0,0,0,2
2,0,0,0,2
2,0,0,0,2
1,0,0,0,1
1,0,0,0,1
1,0,0,0,1
2,0,0,0,2
2,0,0,0,2
1,0,0,0,1
1,0,0,0,1
1,0,0,0,1
2,0,0,0,2
2,0,0,0,2
1,0,0,0,1
1,0,0,0,1
1,0,0,0,1
1,0,0,0,1
1,0,0,0,1
2,0,0,0,2
1,0,0,0,1
3,0,0,0,3
1,1,1,0,3
1,0,0,0,1
1,0,0,0,1
1,0,0,0,1
1,0,2,0,3
1,0,0,0,1
1,0,0,0,1
2,0,0,0,2
1,0,0,0,1
1,0,0,0,1
1,0,0,0,1
1,0,0,0,1
1,0,0,0,1
1,0,0,0,1
1,0,0,0,1
1,0,0,0,1
1,0,0,0,1
1,0,0,0,1
1,0,0,0,1
3,0,0,0,3
1,0,0,0,1
1,0,0,0,1
1,5,0,0,6
1,0,0,0,1
1,0,0,0,1
1,0,0,0,1
1,0,0,0,1
1,0,0,0,1
1,0,0,0,1
1,0,0,0,1
2,0,0,0,2
1,0,0,0,1
1,0,0,0,1
1,0,0,0,1
1,0,0,0,1
1,0,0,0,1
1,0,0,0,1
1,0,0,0,1
1,0,0,0,1
1,0,0,0,1
1,0,0,0,1
1,0,0,0,1
1,0,0,0,1
2,0,0,0,2
1,0,0,0,1
1,0,0,0,1
3,0,0,0,3
1,2,0,0,3
1,0,0,0,1
1,0,0,0,1
1,0,0,0,1
1,0,0,0,1
1,0,0,0,1
1,0,0,0,1
1,0,0,0,1
1,0,0,0,1
1,0,0,0,1
1,0,0,0,1
1,0,0,0,1
1,0,0,0,1
1,0,0,0,1
1,0,0,0,1
1,0,0,0,1
1,0,0,0,1
1,0,0,0,1
1,0,0,0,1
1,0,0,0,1
1,0,0,0,1
1,0,0,0,1
1,0,0,0,1
1,0,0,0,1
1,0,0,0,1
1,0,0,0,1
1,0,0,0,1
1,0,0,0,1
1,0,0,0,1
1,0,0,0,1
1,0,0,0,1
1,0,0,0,1
1,0,0,0,1
1,0,0,0,1
1,0,0,0,1
1,0,0,0,1
1,0,0,0,1
1,0,0,0,1
1,0,0,0,1
1,0,0,0,1
1,0,0,0,1
1,0,0,0,1
1,0,0,0,1
1,0,0,0,1
1,0,0,0,1
1,0,0,0,1
1,0,0,0,1
1,0,0,0,1
1,0,0,0,1
3,0,0,0,3
1,0,0,0,1
1,0,0,0,1
1,0,0,0,1
1,0,0,0,1
1,5,0,0,6
1,0,0,0,1
1,0,0,0,1
1,0,0,0,1
1,0,0,0,1
1,0,0,0,1
1,0,0,0,1
1,0,0,0,1
1,0,0,0,1
1,0,0,0,1
1,0,0,0,1
1,0,0,0,1
1,0,0,0,1
1,0,0,0,1
1,0,0,0,1
1,0,0,0,1
1,0,0,0,1
1,0,0,0,1
1,0,0,0,1
1,0,0,0,1
1,0,0,0,1
1,0,0,0,1
1,0,0,0,1
1,0,0,0,1
3,0,0,0,3
1,0,0,0,1
1,0,0,0,1
1,0,0,0,1
1,0,0,0,1
1,0,0,0,1
4,0,0,0,4
1,0,0,0,1
1,0,0,0,1
2,0,0,0,2
1,0,0,0,1
2,0,0,0,2
1,0,0,0,1
1,0,0,0,1
1,0,0,0,1
1,0,0,0,1
2,0,0,0,2
1,0,0,0,1
1,0,0,0,1
1,0,0,0,1
1,0,0,0,1
1,0,0,0,1
1,0,0,0,1
1,0,0,0,1
1,0,0,0,1
1,0,0,0,1
1,0,0,0,1
1,0,0,0,1
1,0,0,0,1
1,0,0,0,1
1,0,0,0,1
1,0,0,0,1
1,1,0,0,2
1,0,0,0,1
2,0,0,0,2
1,0,0,0,1
2,0,0,0,2
2,0,0,0,2
1,0,0,0,1
1,0,0,0,1
1,0,0,0,1
1,0,0,0,1
1,0,0,0,1
1,0,0,0,1
1,0,0,0,1
1,0,0,0,1
7,0,0,0,7
1,0,0,0,1
1,0,0,0,1
1,0,0,0,1
2,0,0,0,2
2,0,0,0,2
3,2,0,0,5
1,1,0,0,2
1,0,0,0,1
1,0,0,0,1
1,0,0,0,1
1,0,0,0,1
1,0,0,0,1
1,0,0,0,1
1,0,0,0,1
1,0,0,0,1
1,0,0,0,1
1,0,0,0,1
1,0,0,0,1
1,0,0,0,1
1,0,0,0,1
1,0,0,0,1
1,0,0,0,1
1,0,0,0,1
2,0,0,0,2
1,8,0,0,9
1,0,0,0,1
2,0,0,0,2
1,0,0,0,1
1,0,0,0,1
1,0,0,0,1
2,0,0,0,2
4,0,0,0,4
2,0,0,0,2
1,0,0,0,1
2,0,0,0,2
1,0,0,0,1
1,0,0,0,1
1,0,0,0,1
1,0,0,0,1
1,0,0,0,1
1,0,0,0,1
1,0,0,0,1
1,0,0,0,1
1,0,0,0,1
1,0,0,0,1
4,0,0,0,4
1,2,0,0,3
1,1,0,0,2
1,0,0,0,1
1,0,0,0,1
1,0,0,0,1
1,18,0,0,19
2,0,0,0,2
1,0,0,0,1
1,0,0,0,1
1,0,0,0,1
1,0,0,0,1
1,0,0,0,1
1,0,0,0,1
1,0,0,0,1
1,0,0,0,1
1,2,2,0,5
1,0,0,0,1
1,0,0,0,1
1,0,0,0,1
1,0,0,0,1
1,0,0,0,1
1,0,0,0,1
1,0,0,0,1
1,0,0,0,1
3,0,0,0,3
1,0,0,0,1
1,0,0,0,1
1,0,0,0,1
1,0,0,0,1
1,0,0,0,1
4,0,0,0,4
1,0,0,0,1
1,0,0,0,1
1,0,0,0,1
1,0,0,0,1
2,1,0,0,3
1,0,0,0,1
1,0,0,0,1
1,0,0,0,1
1,0,0,0,1
2,27,0,0,29
4,0,0,0,4
1,0,0,0,1
1,0,0,0,1
2,0,0,0,2
1,0,0,0,1
1,0,0,0,1
1,0,0,0,1
1,0,0,0,1
2,0,0,0,2
3,0,0,0,3
1,0,0,0,1
1,0,0,0,1
1,0,0,0,1
1,0,0,0,1
1,0,0,0,1
1,0,0,0,1
1,0,0,0,1
1,0,0,0,1
1,0,0,0,1
1,0,0,0,1
1,0,0,0,1
1,0,0,0,1
1,0,0,0,1
2,0,0,0,2
2,0,0,0,2
2,0,0,0,2
1,0,0,0,1
1,0,0,0,1
1,0,0,0,1
1,0,0,0,1
1,0,0,0,1
1,0,0,0,1
1,0,0,0,1
1,0,0,0,1
1,0,0,0,1
1,0,0,0,1
1,0,0,0,1
1,0,0,0,1
2,0,0,0,2
1,0,0,0,1
1,0,0,0,1
1,0,0,0,1
1,0,0,0,1
1,14,0,0,15
1,0,0,0,1
2,0,0,0,2
2,4,0,0,6
1,0,0,0,1
2,0,0,0,2
1,0,0,0,1
1,0,0,0,1
1,0,0,0,1
1,0,0,0,1
2,0,0,0,2
1,0,0,0,1
1,0,0,0,1
1,0,0,0,1
1,0,0,0,1
1,0,0,0,1
1,1,0,0,2
1,0,0,0,1
1,0,0,0,1
1,0,0,0,1
1,0,0,0,1
1,0,0,0,1
1,0,0,0,1
1,0,0,0,1
1,0,0,0,1
2,0,0,0,2
1,0,0,0,1
1,0,0,0,1
1,0,0,0,1
1,0,0,0,1
1,0,0,0,1
1,0,0,0,1
1,0,0,0,1
1,0,0,0,1
2,0,0,0,2
2,0,0,0,2
1,0,0,0,1
1,19,0,0,20
1,0,0,0,1
1,0,0,0,1
1,0,0,0,1
1,0,0,0,1
1,0,0,0,1
1,2,1,0,4
1,0,0,0,1
1,0,0,0,1
1,0,0,0,1
1,0,0,0,1
3,0,0,0,3
1,0,0,0,1
1,0,0,0,1
3,0,0,0,3
1,0,0,0,1
1,0,0,0,1
1,0,0,0,1
1,0,0,0,1
1,0,0,0,1
4,0,0,0,4
1,0,0,0,1
1,0,0,0,1
1,0,0,0,1
1,0,0,0,1
1,0,0,0,1
1,0,0,0,1
1,0,0,0,1
1,0,0,0,1
1,0,0,0,1
1,0,0,0,1
1,0,0,0,1
1,0,0,0,1
1,0,0,0,1
1,0,0,0,1
2,0,0,0,2
1,0,0,0,1
2,0,0,0,2
1,0,0,0,1
1,0,0,0,1
1,0,0,0,1
1,0,0,0,1
1,0,0,0,1
1,0,0,0,1
1,0,0,0,1
1,0,0,0,1
1,0,0,0,1
1,0,0,0,1
1,0,0,0,1
1,0,0,0,1
1,0,0,0,1
1,0,0,0,1
1,0,0,0,1
1,0,0,0,1
1,0,0,0,1
1,0,0,0,1
1,0,0,0,1
1,0,0,0,1
2,0,0,0,2
1,0,0,0,1
1,0,0,0,1
1,0,0,0,1
1,0,0,0,1
1,0,0,0,1
1,0,0,0,1
2,0,0,0,2
1,0,0,0,1
1,0,0,0,1
1,0,0,0,1
2,0,0,0,2
2,0,0,0,2
1,0,0,0,1
1,0,0,0,1
1,0,0,0,1
1,0,0,0,1
1,0,0,0,1
1,0,0,0,1
1,0,0,0,1
1,0,0,0,1
1,0,0,0,1
1,0,0,0,1
1,0,0,0,1
1,0,0,0,1
1,0,0,0,1
1,0,0,0,1
1,0,0,0,1
1,0,0,0,1
1,0,0,0,1
2,0,0,0,2
1,0,0,0,1
1,0,0,0,1
1,0,0,0,1
1,0,0,0,1
1,0,0,0,1
1,0,0,0,1
1,0,0,0,1
1,0,0,0,1
1,0,0,0,1
1,0,0,0,1
2,0,0,0,2
2,69,0,0,71
1,0,0,0,1
1,0,0,0,1
1,0,0,0,1
1,0,0,0,1
1,0,0,0,1
1,0,0,0,1
4,0,0,0,4
2,0,0,0,2
2,0,0,0,2
2,0,0,0,2
2,0,0,0,2
1,0,0,0,1
1,0,0,0,1
1,0,0,0,1
1,0,0,0,1
1,0,0,0,1
2,0,0,0,2
1,0,0,0,1
1,0,0,0,1
1,0,0,0,1
1,0,0,0,1
2,0,0,0,2
2,0,0,0,2
1,0,0,0,1
3,0,1,0,4
1,0,0,0,1
1,0,0,0,1
1,0,0,0,1
1,0,0,0,1
1,0,0,0,1
4,0,0,0,4
1,0,0,0,1
1,0,0,0,1
1,0,0,0,1
1,0,0,0,1
2,0,0,0,2
2,0,0,0,2
2,0,0,0,2
3,0,0,0,3
3,0,0,0,3
1,0,0,0,1
1,0,0,0,1
1,0,0,0,1
1,0,0,0,1
1,0,0,0,1
1,0,0,0,1
1,0,0,0,1
3,0,0,0,3
1,0,0,0,1
1,0,0,0,1
1,0,0,0,1
1,0,0,0,1
1,0,0,0,1
1,0,0,0,1
1,0,0,0,1
1,0,0,0,1
1,4,0,0,5
1,0,0,0,1
1,0,0,0,1
1,0,0,0,1
1,0,0,0,1
1,0,0,0,1
1,0,0,0,1
1,0,0,0,1
1,0,0,0,1
2,0,0,0,2
1,0,0,0,1
1,0,0,0,1
1,0,0,0,1
1,0,0,0,1
2,0,0,0,2
1,0,0,0,1
1,0,0,0,1
1,0,0,0,1
1,0,0,0,1
1,0,0,0,1
1,0,0,0,1
1,0,0,0,1
1,0,0,0,1
1,0,0,0,1
1,0,0,0,1
1,0,0,0,1
1,0,0,0,1
1,0,0,0,1
2,0,0,0,2
1,0,0,0,1
1,0,0,0,1
1,0,0,0,1
1,0,0,0,1
1,0,0,0,1
1,0,0,0,1
1,0,0,0,1
1,0,0,0,1
1,2,1,0,4
1,0,0,0,1
1,0,0,0,1
1,0,0,0,1
1,0,0,0,1
1,0,0,0,1
1,0,0,0,1
1,0,0,0,1
1,0,0,0,1
1,0,0,0,1
1,0,0,0,1
1,0,0,0,1
1,0,0,0,1
1,0,0,0,1
1,0,0,0,1
2,0,0,0,2
2,0,0,0,2
1,0,0,0,1
1,0,0,0,1
1,4,0,0,5
1,0,0,0,1
1,0,0,0,1
1,0,0,0,1
1,0,0,0,1
1,0,0,0,1
1,0,0,0,1
1,0,0,0,1
1,0,0,0,1
1,0,0,0,1
1,0,0,0,1
3,0,0,0,3
1,0,0,0,1
1,0,0,0,1
1,0,0,0,1
1,0,0,0,1
2,0,0,0,2
1,0,0,0,1
1,0,0,0,1
1,0,0,0,1
1,0,0,0,1
1,0,0,0,1
1,0,0,0,1
1,0,0,0,1
1,0,0,0,1
1,0,0,0,1
1,0,0,0,1
2,0,0,0,2
1,0,0,0,1
1,0,0,0,1
1,0,0,0,1
1,0,0,0,1
1,0,0,0,1
1,0,0,0,1
1,0,0,0,1
1,0,0,0,1
1,0,0,0,1
1,0,0,0,1
1,0,0,0,1
1,0,0,0,1
1,0,0,0,1
1,0,0,0,1
1,0,0,0,1
1,0,0,0,1
1,0,0,0,1
1,0,0,0,1
1,0,0,0,1
2,0,0,0,2
1,0,0,0,1
1,0,0,0,1
1,0,0,0,1
1,0,0,0,1
1,0,0,0,1
1,0,0,0,1
1,0,0,0,1
1,0,0,0,1
1,0,0,0,1
1,0,0,0,1
1,0,0,0,1
2,0,0,0,2
1,0,0,0,1
1,0,0,0,1
1,0,0,0,1
2,0,0,0,2
1,0,0,0,1
1,0,0,0,1
1,0,0,0,1
2,0,0,0,2
1,0,0,0,1
1,0,0,0,1
1,2,0,0,3
3,0,0,0,3
1,0,0,0,1
1,0,0,0,1
1,0,0,0,1
1,0,0,0,1
1,1,0,0,2
1,10,0,0,11
2,0,0,0,2
1,0,0,0,1
1,0,0,0,1
1,0,0,0,1
1,0,0,0,1
1,0,0,0,1
2,0,0,0,2
1,0,0,0,1
2,0,0,0,2
1,0,0,0,1
1,0,0,0,1
2,0,0,0,2
1,0,0,0,1
1,0,0,0,1
1,0,0,0,1
1,0,0,0,1
1,0,0,0,1
1,53,0,0,54
1,0,0,0,1
1,0,0,0,1
1,0,0,0,1
1,0,0,0,1
1,0,0,0,1
1,0,0,0,1
1,0,0,0,1
3,0,0,0,3
1,0,0,0,1
2,0,0,0,2
1,1,0,0,2
4,0,0,0,4
1,0,0,0,1
1,0,0,0,1
3,0,0,0,3
1,0,0,0,1
1,0,0,0,1
1,0,0,0,1
1,0,0,0,1
1,0,0,0,1
1,0,0,0,1
1,0,0,0,1
1,0,0,0,1
1,0,0,0,1
1,0,0,0,1
1,0,0,0,1
1,0,0,0,1
1,0,0,0,1
1,0,0,0,1
1,0,0,0,1
1,0,0,0,1
1,0,0,0,1
1,0,0,0,1
1,0,0,0,1
1,0,0,0,1
1,0,0,0,1
1,0,0,0,1
1,0,0,0,1
1,0,0,0,1
1,0,0,0,1
1,0,0,0,1
1,0,0,0,1
1,0,0,0,1
1,0,0,0,1
1,0,0,0,1
1,0,0,0,1
1,0,0,0,1
1,0,0,0,1
1,0,0,0,1
1,0,0,0,1
1,0,0,0,1
1,0,0,0,1
1,0,0,0,1
2,0,0,0,2
1,0,0,0,1
1,0,0,0,1
2,0,0,0,2
1,0,0,0,1
4,0,0,0,4
1,0,0,0,1
1,0,0,0,1
1,0,0,0,1
1,0,0,0,1
1,0,0,0,1
1,0,0,0,1
2,0,0,0,2
1,0,0,0,1
1,0,0,0,1
1,0,0,0,1
1,0,0,0,1
1,0,0,0,1
1,0,0,0,1
1,0,0,0,1
1,0,0,0,1
1,0,0,0,1
1,0,0,0,1
1,0,0,0,1
1,0,0,0,1
1,0,0,0,1
1,0,0,0,1
1,8,0,0,9
2,0,0,0,2
1,0,0,0,1
1,0,0,0,1
1,0,0,0,1
1,0,0,0,1
1,1,0,0,2
1,0,0,0,1
2,0,0,0,2
1,0,0,0,1
1,0,0,0,1
1,0,0,0,1
1,0,0,0,1
1,0,0,0,1
1,0,0,0,1
1,0,0,0,1
1,0,0,0,1
1,0,0,0,1
1,0,0,0,1
1,0,0,0,1
1,0,0,0,1
1,0,0,0,1
2,0,0,0,2
1,0,0,0,1
1,0,0,0,1
1,0,0,0,1
1,0,0,0,1
1,0,0,0,1
1,0,0,0,1
1,0,0,0,1
1,0,0,0,1
1,0,0,0,1
2,0,0,0,2
1,0,0,0,1
1,0,0,0,1
1,0,0,0,1
1,0,0,0,1
2,0,0,0,2
1,0,0,0,1
1,0,0,0,1
1,0,0,0,1
1,0,0,0,1
1,0,0,0,1
1,0,0,0,1
3,0,0,0,3
1,0,0,0,1
1,0,0,0,1
1,0,0,0,1
1,0,0,0,1
1,0,0,0,1
1,0,0,0,1
1,0,0,0,1
1,0,0,0,1
1,0,0,0,1
1,0,0,0,1
1,0,0,0,1
1,0,0,0,1
1,0,0,0,1
1,0,0,0,1
1,0,0,0,1
1,0,0,0,1
1,0,0,0,1
1,0,0,0,1
1,0,0,0,1
3,0,0,0,3
2,0,0,0,2
1,0,0,0,1
1,0,0,0,1
2,0,0,0,2
1,0,0,0,1
1,0,0,0,1
1,0,0,0,1
1,2,1,0,4
1,0,0,0,1
1,0,0,0,1
1,0,0,0,1
2,1,2,0,5
1,0,0,0,1
1,0,0,0,1
1,0,0,0,1
1,0,0,0,1
1,0,0,0,1
2,0,0,0,2
1,3,0,0,4
1,0,0,0,1
1,0,0,0,1
1,0,0,0,1
2,0,0,0,2
1,0,0,0,1
1,0,0,0,1
1,0,0,0,1
1,0,0,0,1
1,0,0,0,1
1,0,0,0,1
1,0,0,0,1
1,0,0,0,1
2,0,0,0,2
1,0,0,0,1
1,0,0,0,1
1,0,0,0,1
1,0,0,0,1
1,0,0,0,1
1,0,0,0,1
1,0,0,0,1
1,0,0,0,1
1,0,0,0,1
1,0,0,0,1
1,0,0,0,1
1,0,0,0,1
1,0,0,0,1
1,0,0,0,1
1,0,0,0,1
1,0,0,0,1
1,0,0,0,1
1,0,0,0,1
1,0,0,0,1
1,0,0,0,1
1,0,0,0,1
1,0,0,0,1
1,0,0,0,1
1,0,0,0,1
1,0,0,0,1
1,0,0,0,1
1,0,0,0,1
1,7,1,0,9
4,0,0,0,4
1,0,0,0,1
1,0,0,0,1
1,0,0,0,1
1,0,0,0,1
1,0,0,0,1
1,0,0,0,1
1,0,0,0,1
1,0,0,0,1
1,0,0,0,1
2,0,0,0,2
1,0,0,0,1
1,0,0,0,1
1,0,0,0,1
1,0,0,0,1
1,0,0,0,1
1,0,0,0,1
1,0,0,0,1
1,0,0,0,1
2,0,0,0,2
1,0,0,0,1
1,0,0,0,1
1,0,0,0,1
1,0,0,0,1
1,0,0,0,1
1,0,0,0,1
1,0,0,0,1
2,0,0,0,2
1,0,0,0,1
1,0,0,0,1
1,0,0,0,1
1,0,0,0,1
1,0,0,0,1
1,0,0,0,1
1,0,0,0,1
1,0,0,0,1
1,0,0,0,1
1,0,0,0,1
1,0,0,0,1
1,0,0,0,1
1,0,0,0,1
1,0,0,0,1
1,0,0,0,1
1,0,0,0,1
1,0,0,0,1
1,0,0,0,1
2,0,0,0,2
1,0,0,0,1
1,0,0,0,1
1,0,0,0,1
1,0,0,0,1
3,0,0,0,3
1,0,0,0,1
1,0,0,0,1
1,0,0,0,1
1,0,0,0,1
1,0,0,0,1
1,0,0,0,1
3,0,0,0,3
1,0,0,0,1
1,0,0,0,1
1,0,0,0,1
1,0,0,0,1
1,0,0,0,1
1,0,0,0,1
1,0,0,0,1
1,0,0,0,1
1,2,0,0,3
2,0,0,0,2
1,0,0,0,1
1,0,0,0,1
1,0,0,0,1
1,0,0,0,1
3,1,0,0,4
2,1,0,0,3
2,0,0,0,2
1,0,0,0,1
1,0,0,0,1
1,0,0,0,1
1,0,0,0,1
1,0,0,0,1
1,0,0,0,1
1,2,1,0,4
1,0,0,0,1
1,0,0,0,1
1,0,0,0,1
2,0,0,0,2
1,0,0,0,1
1,0,0,0,1
1,0,0,0,1
1,0,0,0,1
1,0,0,0,1
2,0,0,0,2
1,0,0,0,1
1,0,0,0,1
1,0,0,0,1
1,0,0,0,1
1,0,0,0,1
1,0,0,0,1
1,0,0,0,1
1,0,0,0,1
1,0,0,0,1
1,0,0,0,1
2,0,0,0,2
2,0,0,0,2
1,0,0,0,1
1,0,0,0,1
1,0,0,0,1
1,0,0,0,1
1,0,0,0,1
1,0,0,0,1
1,0,0,0,1
1,0,0,0,1
1,0,0,0,1
1,0,0,0,1
1,0,0,0,1
1,0,0,0,1
1,0,0,0,1
1,0,0,0,1
1,0,0,0,1
1,0,0,0,1
1,0,0,0,1
2,0,0,0,2
2,0,0,0,2
1,0,0,0,1
1,0,0,0,1
1,0,0,0,1
1,0,0,0,1
1,0,0,0,1
1,0,0,0,1
1,0,0,0,1
1,0,0,0,1
1,1,1,0,3
1,0,0,0,1
1,0,0,0,1
1,0,0,0,1
1,0,0,0,1
1,0,0,0,1
1,0,0,0,1
1,0,0,0,1
1,0,0,0,1
1,0,0,0,1
1,0,0,0,1
2,0,0,0,2
1,0,0,0,1
1,0,0,0,1
1,0,0,0,1
2,0,0,0,2
1,0,0,0,1
1,0,0,0,1
1,0,0,0,1
1,0,0,0,1
2,0,0,0,2
1,0,0,0,1
1,0,0,0,1
1,0,0,0,1
1,0,0,0,1
1,0,0,0,1
1,0,0,0,1
2,0,0,0,2
1,0,0,0,1
1,0,0,0,1
1,0,0,0,1
1,0,0,0,1
1,0,0,0,1
1,0,0,0,1
1,0,0,0,1
1,0,0,0,1
1,0,0,0,1
1,0,0,0,1
2,0,0,0,2
1,0,0,0,1
1,0,0,0,1
1,0,0,0,1
2,0,0,0,2
1,0,0,0,1
1,0,0,0,1
1,0,0,0,1
1,0,0,0,1
2,0,0,0,2
2,0,0,0,2
1,0,0,0,1
1,0,0,0,1
2,0,0,0,2
1,0,0,0,1
1,0,0,0,1
1,0,0,0,1
1,0,0,0,1
1,1,0,0,2
1,0,0,0,1
2,0,0,0,2
1,0,0,0,1
1,0,0,0,1
3,0,0,0,3
1,0,0,0,1
2,0,0,0,2
1,0,0,0,1
1,0,0,0,1
1,0,0,0,1
1,0,0,0,1
1,0,0,0,1
1,0,0,0,1
1,0,0,0,1
1,0,0,0,1
1,0,0,0,1
1,0,0,0,1
1,0,0,0,1
1,0,0,0,1
1,0,0,0,1
1,0,0,0,1
1,0,0,0,1
1,0,0,0,1
1,0,0,0,1
1,0,0,0,1
1,0,0,0,1
1,0,0,0,1
1,0,0,0,1
1,0,0,0,1
1,0,0,0,1
1,0,0,0,1
1,0,0,0,1
2,0,0,0,2
1,0,0,0,1
1,0,0,0,1
1,0,0,0,1
3,0,0,0,3
1,0,0,0,1
1,0,0,0,1
1,0,0,0,1
1,0,0,0,1
1,0,0,0,1
1,0,0,0,1
1,0,0,0,1
1,0,0,0,1
1,0,0,0,1
1,0,0,0,1
1,0,0,0,1
1,4,1,0,6
1,0,0,0,1
1,0,0,0,1
1,0,0,0,1
1,0,0,0,1
1,0,0,0,1
1,0,0,0,1
1,0,0,0,1
1,0,0,0,1
1,0,0,0,1
1,0,0,0,1
3,0,0,0,3
1,0,0,0,1
2,0,0,0,2
1,0,0,0,1
1,0,0,0,1
2,0,0,0,2
1,0,0,0,1
1,0,0,0,1
1,0,0,0,1
1,0,0,0,1
1,0,0,0,1
1,0,0,0,1
1,0,0,0,1
1,0,0,0,1
1,0,0,0,1
2,12,0,0,14
1,0,0,0,1
1,1,0,0,2
1,0,0,0,1
1,0,0,0,1
1,0,0,0,1
1,0,0,0,1
1,0,0,0,1
3,0,0,0,3
1,0,0,0,1
1,0,0,0,1
1,0,0,0,1
1,0,0,0,1
1,0,0,0,1
3,0,0,0,3
1,0,0,0,1
1,0,0,0,1
1,0,0,0,1
1,0,0,0,1
1,0,0,0,1
1,0,0,0,1
1,0,0,0,1
1,0,0,0,1
1,0,0,0,1
1,0,0,0,1
1,0,0,0,1
1,0,0,0,1
1,0,0,0,1
1,0,0,0,1
1,0,0,0,1
1,0,0,0,1
1,0,0,0,1
1,0,0,0,1
1,0,0,0,1
1,0,0,0,1
1,0,0,0,1
1,0,0,0,1
1,0,0,0,1
1,0,0,0,1
1,0,0,0,1
1,0,0,0,1
1,0,0,0,1
1,0,0,0,1
1,0,0,0,1
1,0,0,0,1
1,0,0,0,1
1,0,0,0,1
3,0,0,0,3
2,3,0,0,5
1,0,0,0,1
1,0,0,0,1
1,0,0,0,1
1,0,0,0,1
1,0,0,0,1
1,0,0,0,1
1,0,0,0,1
1,0,0,0,1
1,0,0,0,1
1,0,0,0,1
1,0,0,0,1
1,0,0,0,1
1,0,0,0,1
1,0,0,0,1
1,0,0,0,1
2,0,0,0,2
2,2,2,0,6
1,0,0,0,1
1,0,0,0,1
1,0,0,0,1
2,0,0,0,2
1,0,0,0,1
1,0,0,0,1
1,0,0,0,1
1,0,0,0,1
2,0,0,0,2
4,0,0,0,4
1,0,0,0,1
1,0,0,0,1
1,0,0,0,1
1,0,0,0,1
1,0,0,0,1
1,0,0,0,1
1,1,0,0,2
1,0,0,0,1
1,0,0,0,1
2,0,0,0,2
1,0,0,0,1
1,0,0,0,1
1,0,0,0,1
1,0,0,0,1
1,0,0,0,1
1,0,0,0,1
1,0,0,0,1
1,2,0,0,3
2,0,0,0,2
1,0,0,0,1
1,0,0,0,1
1,0,0,0,1
1,0,0,0,1
1,0,0,0,1
1,0,0,0,1
1,0,0,0,1
2,0,0,0,2
1,0,0,0,1
2,0,0,0,2
1,0,0,0,1
1,0,0,0,1
1,0,0,0,1
1,0,0,0,1
2,0,0,0,2
2,0,0,0,2
1,0,0,0,1
1,0,0,0,1
1,0,0,0,1
1,0,0,0,1
2,4,0,0,6
1,0,0,0,1
2,0,0,0,2
1,0,0,0,1
1,6,0,0,7
1,0,0,0,1
1,0,0,0,1
1,0,0,0,1
1,0,0,0,1
1,0,0,0,1
1,0,0,0,1
1,1,0,0,2
1,0,0,0,1
1,0,0,0,1
1,0,0,0,1
2,0,0,0,2
1,0,0,0,1
1,0,0,0,1
1,0,0,0,1
1,0,0,0,1
3,0,0,0,3
1,0,0,0,1
1,0,0,0,1
1,0,0,0,1
1,0,0,0,1
2,0,0,0,2
1,0,0,0,1
1,0,0,0,1
1,0,0,0,1
2,0,0,0,2
1,0,0,0,1
1,0,0,0,1
1,0,0,0,1
1,0,0,0,1
1,0,0,0,1
1,0,0,0,1
1,0,0,0,1
1,0,0,0,1
1,0,0,0,1
1,0,0,0,1
2,0,0,0,2
1,0,0,0,1
1,0,0,0,1
1,0,0,0,1
1,0,0,0,1
1,0,0,0,1
1,0,0,0,1
1,0,0,0,1
1,0,0,0,1
1,0,0,0,1
1,0,0,0,1
1,0,0,0,1
3,0,0,0,3
2,0,0,0,2
1,0,0,0,1
1,0,0,0,1
4,0,0,0,4
1,0,0,0,1
1,3,2,0,6
2,0,0,0,2
1,0,0,0,1
1,0,0,0,1
2,0,0,0,2
1,0,0,0,1
1,0,0,0,1
1,0,0,0,1
1,0,0,0,1
1,0,0,0,1
1,0,0,0,1
1,0,0,0,1
1,0,0,0,1
1,0,0,0,1
1,0,0,0,1
2,0,0,0,2
1,0,0,0,1
1,0,0,0,1
1,0,0,0,1
1,0,0,0,1
1,0,0,0,1
2,0,0,0,2
1,0,0,0,1
1,0,0,0,1
1,0,0,0,1
1,0,0,0,1
1,0,0,0,1
1,0,0,0,1
1,1,0,0,2
1,0,0,0,1
2,0,0,0,2
1,0,0,0,1
1,0,0,0,1
1,0,0,0,1
1,0,0,0,1
1,0,0,0,1
1,0,0,0,1
1,0,0,0,1
1,0,0,0,1
2,0,0,0,2
1,0,0,0,1
2,0,0,0,2
1,0,0,0,1
1,0,0,0,1
2,0,0,0,2
1,0,0,0,1
1,0,0,0,1
1,0,0,0,1
1,0,0,0,1
1,0,0,0,1
1,0,0,0,1
2,0,0,0,2
1,0,0,0,1
1,1,0,0,2
1,0,0,0,1
1,0,0,0,1
2,0,0,0,2
1,0,0,0,1
1,0,0,0,1
2,0,0,0,2
1,0,0,0,1
1,0,0,0,1
1,0,0,0,1
1,0,0,0,1
1,0,0,0,1
1,0,0,0,1
1,0,0,0,1
1,0,0,0,1
3,0,0,0,3
1,0,0,0,1
2,0,0,0,2
1,0,0,0,1
1,0,0,0,1
2,0,0,0,2
1,0,0,0,1
1,0,0,0,1
1,0,0,0,1
1,0,0,0,1
1,0,0,0,1
2,0,0,0,2
1,0,0,0,1
1,0,0,0,1
1,0,0,0,1
1,0,0,0,1
1,0,0,0,1
1,0,0,0,1
1,0,0,0,1
1,0,0,0,1
1,0,0,0,1
1,0,0,0,1
1,0,0,0,1
1,0,0,0,1
3,11,0,0,14
1,0,0,0,1
1,0,0,0,1
1,0,0,0,1
1,0,0,0,1
1,0,0,0,1
1,0,0,0,1
1,0,0,0,1
1,0,0,0,1
1,0,0,0,1
1,0,0,0,1
1,0,0,0,1
1,0,0,0,1
1,0,0,0,1
1,1,1,0,3
1,0,0,0,1
2,0,0,0,2
1,0,0,0,1
1,0,0,0,1
1,0,0,0,1
1,0,0,0,1
1,0,0,0,1
1,0,0,0,1
1,0,0,0,1
6,0,0,0,6
1,0,0,0,1
1,0,0,0,1
1,0,0,0,1
1,0,0,0,1
1,0,0,0,1
1,0,0,0,1
1,0,0,0,1
1,0,0,0,1
1,0,0,0,1
1,0,0,0,1
1,0,0,0,1
1,0,0,0,1
1,0,0,0,1
1,0,0,0,1
1,0,0,0,1
1,0,0,0,1
2,0,0,0,2
1,0,0,0,1
1,0,0,0,1
1,0,0,0,1
1,0,0,0,1
1,0,0,0,1
4,1,2,0,7
1,0,0,0,1
1,0,0,0,1
1,0,0,0,1
2,0,0,0,2
1,0,0,0,1
1,0,0,0,1
4,0,0,0,4
1,0,0,0,1
2,0,0,0,2
1,0,0,0,1
1,0,0,0,1
1,0,0,0,1
1,0,0,0,1
1,0,0,0,1
2,0,0,0,2
1,0,0,0,1
2,0,0,0,2
1,0,0,0,1
2,0,0,0,2
1,0,0,0,1
1,0,0,0,1
1,8,0,0,9
1,0,0,0,1
1,1,0,0,2
1,0,0,0,1
1,0,0,0,1
2,0,0,0,2
1,0,0,0,1
1,0,0,0,1
1,0,0,0,1
1,0,0,0,1
1,0,0,0,1
1,0,0,0,1
1,0,0,0,1
1,0,0,0,1
1,0,0,0,1
3,0,0,0,3
1,0,0,0,1
1,0,0,0,1
1,0,0,0,1
1,0,0,0,1
1,0,0,0,1
1,0,0,0,1
1,0,0,0,1
4,0,0,0,4
1,0,0,0,1
1,0,0,0,1
1,0,0,0,1
1,0,0,0,1
1,0,0,0,1
4,0,0,0,4
2,0,0,0,2
1,0,0,0,1
1,0,0,0,1
1,0,0,0,1
1,0,0,0,1
1,0,0,0,1
1,0,0,0,1
1,0,0,0,1
1,0,0,0,1
1,0,0,0,1
1,0,0,0,1
1,0,0,0,1
1,0,0,0,1
1,0,0,0,1
1,0,0,0,1
1,0,0,0,1
1,0,0,0,1
1,0,0,0,1
1,0,0,0,1
1,0,0,0,1
1,0,0,0,1
1,0,0,0,1
1,0,0,0,1
1,0,0,0,1
1,0,0,0,1
1,0,0,0,1
1,0,0,0,1
1,0,0,0,1
1,0,0,0,1
1,0,0,0,1
1,0,0,0,1
1,0,0,0,1
1,0,0,0,1
1,0,0,0,1
1,0,0,0,1
1,0,0,0,1
1,0,0,0,1
2,0,0,0,2
1,0,0,0,1
1,0,0,0,1
1,0,0,0,1
1,0,0,0,1
1,0,0,0,1
1,0,0,0,1
2,0,0,0,2
1,0,0,0,1
1,0,0,0,1
1,0,0,0,1
1,0,0,0,1
1,0,0,0,1
2,0,0,0,2
2,0,0,0,2
1,0,0,0,1
1,0,0,0,1
1,0,0,0,1
1,0,0,0,1
1,0,0,0,1
1,0,0,0,1
1,0,0,0,1
1,0,0,0,1
1,0,0,0,1
2,0,0,0,2
1,0,0,0,1
2,0,0,0,2
2,0,0,0,2
1,1,1,0,3
1,0,0,0,1
1,0,0,0,1
1,2,0,0,3
1,0,0,0,1
1,0,0,0,1
1,0,0,0,1
1,0,0,0,1
1,0,0,0,1
1,0,0,0,1
1,3,0,0,4
1,0,0,0,1
3,0,0,0,3
1,0,0,0,1
1,0,0,0,1
2,0,0,0,2
1,0,0,0,1
1,0,0,0,1
2,0,0,0,2
1,0,0,0,1
1,0,0,0,1
1,0,0,0,1
1,0,0,0,1
1,0,0,0,1
1,0,0,0,1
1,0,0,0,1
2,0,0,0,2
1,0,0,0,1
1,0,0,0,1
1,0,0,0,1
1,0,0,0,1
1,0,0,0,1
1,0,0,0,1
1,0,0,0,1
1,0,0,0,1
1,0,0,0,1
1,0,0,0,1
1,0,0,0,1
1,0,0,0,1
1,0,0,0,1
1,0,0,0,1
3,1,0,0,4
1,0,0,0,1
1,0,0,0,1
1,0,0,0,1
1,0,0,0,1
1,0,0,0,1
1,0,0,0,1
1,0,0,0,1
1,0,0,0,1
2,0,0,0,2
1,6,0,0,7
1,0,0,0,1
2,0,0,0,2
1,0,0,0,1
1,0,0,0,1
1,0,0,0,1
1,0,0,0,1
1,0,0,0,1
1,0,0,0,1
1,0,0,0,1
2,0,0,0,2
3,0,0,0,3
1,0,0,0,1
1,0,0,0,1
1,0,0,0,1
1,0,0,0,1
1,0,0,0,1
2,1,0,0,3
1,0,0,0,1
1,0,0,0,1
1,0,0,0,1
1,0,0,0,1
1,0,0,0,1
1,0,0,0,1
1,0,0,0,1
1,0,0,0,1
1,0,0,0,1
1,0,0,0,1
1,0,0,0,1
1,0,0,0,1
1,0,0,0,1
1,0,0,0,1
1,0,0,0,1
1,0,0,0,1
1,0,0,0,1
2,0,0,0,2
1,0,0,0,1
1,0,0,0,1
1,0,0,0,1
1,0,0,0,1
1,0,0,0,1
1,0,0,0,1
1,0,0,0,1
1,0,0,0,1
1,0,0,0,1
2,0,0,0,2
1,0,0,0,1
1,0,0,0,1
1,0,0,0,1
1,0,0,0,1
2,0,0,0,2
1,0,0,0,1
2,0,0,0,2
2,0,0,0,2
1,0,0,0,1
2,0,0,0,2
1,0,0,0,1
1,0,0,0,1
1,0,0,0,1
1,0,0,0,1
1,0,0,0,1
1,0,0,0,1
2,0,0,0,2
1,0,0,0,1
1,0,0,0,1
1,0,0,0,1
1,0,0,0,1
1,0,0,0,1
1,0,0,0,1
1,0,0,0,1
1,0,0,0,1
1,0,0,0,1
1,0,0,0,1
1,0,0,0,1
1,0,0,0,1
1,0,0,0,1
1,0,0,0,1
1,0,0,0,1
1,0,0,0,1
2,0,0,0,2
2,0,0,0,2
1,0,0,0,1
1,0,0,0,1
1,0,0,0,1
1,0,0,0,1
1,0,0,0,1
1,4,0,0,5
1,0,0,0,1
1,0,0,0,1
2,0,0,0,2
1,0,0,0,1
1,0,0,0,1
1,0,0,0,1
1,0,0,0,1
2,0,0,0,2
1,0,0,0,1
1,2,0,0,3
1,0,0,0,1
1,0,0,0,1
1,0,0,0,1
1,0,0,0,1
1,0,0,0,1
2,10,0,0,12
1,0,0,0,1
1,0,0,0,1
1,0,0,0,1
1,0,0,0,1
1,0,0,0,1
1,0,0,0,1
3,0,0,0,3
1,0,0,0,1
1,0,0,0,1
1,0,0,0,1
1,0,0,0,1
1,0,0,0,1
1,0,0,0,1
1,0,0,0,1
1,0,0,0,1
1,0,0,0,1
2,0,0,0,2
1,0,0,0,1
1,0,0,0,1
1,0,0,0,1
1,0,0,0,1
2,0,0,0,2
1,0,0,0,1
1,0,0,0,1
1,0,0,0,1
1,33,0,0,34
1,0,0,0,1
1,0,0,0,1
1,0,0,0,1
1,0,0,0,1
1,0,0,0,1
1,0,0,0,1
1,0,0,0,1
1,0,0,0,1
1,0,0,0,1
2,0,0,0,2
1,0,0,0,1
1,0,0,0,1
1,0,0,0,1
1,0,0,0,1
1,0,0,0,1
1,0,0,0,1
1,0,0,0,1
1,0,0,0,1
1,0,0,0,1
1,0,0,0,1
1,0,0,0,1
1,0,0,0,1
1,0,0,0,1
1,0,0,0,1
1,0,0,0,1
2,0,0,0,2
1,0,0,0,1
2,1,1,0,4
1,0,0,0,1
1,0,0,0,1
1,0,0,0,1
1,0,0,0,1
3,0,0,0,3
1,0,0,0,1
1,0,0,0,1
1,0,0,0,1
1,0,0,0,1
1,0,0,0,1
1,0,0,0,1
1,0,0,0,1
1,0,0,0,1
1,0,0,0,1
2,0,0,0,2
1,0,0,0,1
1,0,0,0,1
1,0,0,0,1
2,0,0,0,2
1,0,0,0,1
1,0,0,0,1
1,0,0,0,1
1,0,0,0,1
1,0,0,0,1
1,0,0,0,1
1,0,0,0,1
1,0,0,0,1
1,0,0,0,1
1,0,0,0,1
1,0,0,0,1
1,0,0,0,1
1,0,0,0,1
1,0,0,0,1
1,0,0,0,1
1,0,0,0,1
1,0,0,0,1
1,2,1,0,4
1,0,0,0,1
3,0,0,0,3
1,0,0,0,1
1,0,0,0,1
1,0,0,0,1
2,0,0,0,2
1,0,0,0,1
1,0,0,0,1
1,0,0,0,1
2,0,0,0,2
3,4,0,0,7
1,0,0,0,1
1,0,0,0,1
1,0,0,0,1
1,0,0,0,1
2,0,0,0,2
1,0,0,0,1
2,0,0,0,2
1,0,0,0,1
1,0,0,0,1
1,0,0,0,1
1,0,0,0,1
1,0,0,0,1
1,0,0,0,1
2,0,0,0,2
1,0,0,0,1
3,0,0,0,3
1,0,0,0,1
1,0,0,0,1
1,0,0,0,1
1,0,0,0,1
2,0,0,0,2
2,0,0,0,2
1,0,0,0,1
1,0,0,0,1
1,0,0,0,1
1,0,0,0,1
1,0,0,0,1
1,0,0,0,1
1,0,0,0,1
1,0,0,0,1
1,2,0,0,3
1,0,0,0,1
2,0,0,0,2
1,0,0,0,1
2,0,0,0,2
1,0,0,0,1
1,0,0,0,1
2,1,1,0,4
2,0,0,0,2
1,0,0,0,1
1,4,0,0,5
1,0,0,0,1
1,0,0,0,1
1,0,0,0,1
1,0,0,0,1
2,0,0,0,2
1,0,0,0,1
1,0,0,0,1
1,0,0,0,1
1,0,0,0,1
1,0,0,0,1
2,0,0,0,2
5,0,0,0,5
1,0,0,0,1
1,0,0,0,1
1,0,0,0,1
1,0,0,0,1
1,0,0,0,1
1,0,0,0,1
1,0,0,0,1
1,0,0,0,1
1,0,0,0,1
1,0,0,0,1
3,14,0,0,17
1,0,0,0,1
1,0,0,0,1
1,0,0,0,1
1,0,0,0,1
1,0,0,0,1
1,6,0,0,7
2,0,0,0,2
1,0,0,0,1
1,0,0,0,1
1,1,0,0,2
1,2,0,0,3
1,0,0,0,1
1,0,0,0,1
1,0,0,0,1
1,0,0,0,1
1,0,0,0,1
1,0,0,0,1
3,0,0,0,3
1,0,0,0,1
2,2,0,0,4
1,0,0,0,1
2,0,0,0,2
1,0,0,0,1
1,0,0,0,1
1,0,0,0,1
1,0,0,0,1
1,0,0,0,1
1,0,0,0,1
1,0,0,0,1
1,0,0,0,1
1,0,0,0,1
1,0,0,0,1
1,0,0,0,1
1,0,0,0,1
1,0,0,0,1
1,0,0,0,1
2,0,0,0,2
1,0,0,0,1
1,0,0,0,1
1,0,0,0,1
1,0,0,0,1
1,2,1,0,4
1,0,0,0,1
1,0,0,0,1
1,0,0,0,1
1,0,0,0,1
1,0,0,0,1
1,0,0,0,1
2,0,0,0,2
1,0,0,0,1
1,0,0,0,1
1,0,0,0,1
1,0,0,0,1
1,0,0,0,1
1,0,0,0,1
1,0,0,0,1
1,0,0,0,1
1,0,0,0,1
1,0,0,0,1
1,0,0,0,1
1,0,0,0,1
1,0,0,0,1
1,0,0,0,1
1,0,0,0,1
1,0,0,0,1
1,0,0,0,1
1,0,0,0,1
1,0,0,0,1
1,0,0,0,1
1,0,0,0,1
1,0,0,0,1
1,0,0,0,1
1,0,0,0,1
1,0,0,0,1
1,0,0,0,1
1,0,0,0,1
1,0,0,0,1
1,0,0,0,1
1,0,0,0,1
1,0,0,0,1
1,0,0,0,1
1,0,0,0,1
1,0,0,0,1
1,0,0,0,1
1,0,0,0,1
1,0,0,0,1
1,0,0,0,1
1,0,0,0,1
1,0,0,0,1
1,0,0,0,1
1,0,0,0,1
2,0,2,0,4
2,17,0,0,19
1,0,0,0,1
1,0,0,0,1
1,0,0,0,1
1,0,0,0,1
1,0,0,0,1
1,0,0,0,1
1,0,0,0,1
2,0,0,0,2
1,0,0,0,1
2,0,0,0,2
1,0,0,0,1
1,0,0,0,1
1,0,0,0,1
2,0,0,0,2
1,0,0,0,1
1,0,0,0,1
1,0,0,0,1
1,0,0,0,1
1,0,0,0,1
1,0,0,0,1
1,0,0,0,1
1,0,0,0,1
2,0,0,0,2
1,0,0,0,1
1,0,0,0,1
2,0,0,0,2
1,0,0,0,1
1,0,0,0,1
1,0,0,0,1
1,0,0,0,1
1,0,0,0,1
1,0,0,0,1
2,0,0,0,2
1,0,0,0,1
1,1,0,0,2
1,0,0,0,1
1,0,0,0,1
1,0,0,0,1
1,0,0,0,1
1,0,0,0,1
2,0,0,0,2
1,0,0,0,1
1,0,0,0,1
2,0,0,0,2
1,0,0,0,1
1,0,0,0,1
1,0,0,0,1
1,0,0,0,1
1,0,0,0,1
1,0,0,0,1
1,0,0,0,1
1,0,0,0,1
1,0,0,0,1
1,0,0,0,1
2,0,0,0,2
1,0,0,0,1
1,0,0,0,1
1,0,0,0,1
1,0,0,0,1
1,0,0,0,1
2,0,0,0,2
1,0,0,0,1
1,0,0,0,1
1,0,0,0,1
1,0,0,0,1
1,0,0,0,1
1,0,0,0,1
1,0,0,0,1
1,0,0,0,1
3,0,0,0,3
3,0,0,0,3
2,0,0,0,2
1,0,0,0,1
1,0,0,0,1
1,0,0,0,1
1,0,0,0,1
1,0,0,0,1
2,0,0,0,2
3,0,0,0,3
1,0,0,0,1
1,0,0,0,1
1,0,0,0,1
1,0,0,0,1
1,0,0,0,1
2,0,0,0,2
1,0,0,0,1
1,0,0,0,1
1,0,0,0,1
1,0,0,0,1
1,0,0,0,1
1,0,0,0,1
1,0,0,0,1
1,0,0,0,1
1,0,0,0,1
1,0,0,0,1
1,0,0,0,1
1,0,0,0,1
1,2,0,0,3
1,0,0,0,1
1,0,0,0,1
1,0,0,0,1
1,0,0,0,1
1,0,0,0,1
1,0,0,0,1
1,0,0,0,1
1,0,0,0,1
1,0,0,0,1
2,0,0,0,2
1,0,0,0,1
1,0,0,0,1
1,2,0,0,3
2,0,0,0,2
1,0,0,0,1
1,0,0,0,1
1,0,0,0,1
1,0,0,0,1
1,0,0,0,1
1,0,0,0,1
1,0,0,0,1
1,0,0,0,1
1,0,0,0,1
2,0,0,0,2
1,0,0,0,1
1,0,0,0,1
1,0,0,0,1
1,0,0,0,1
2,0,0,0,2
1,0,0,0,1
1,98,0,0,99
1,0,0,0,1
1,0,0,0,1
1,0,0,0,1
2,5,0,0,7
1,0,0,0,1
1,0,0,0,1
1,0,0,0,1
1,0,0,0,1
1,0,0,0,1
1,0,0,0,1
1,0,0,0,1
1,0,0,0,1
2,0,0,0,2
1,0,0,0,1
1,0,0,0,1
1,0,0,0,1
1,0,0,0,1
1,0,0,0,1
2,0,0,0,2
1,0,0,0,1
1,0,0,0,1
1,0,0,0,1
1,0,0,0,1
2,0,0,0,2
1,0,0,0,1
1,0,0,0,1
1,0,0,0,1
1,0,0,0,1
1,0,0,0,1
1,0,0,0,1
1,0,0,0,1
1,0,0,0,1
1,0,0,0,1
1,0,0,0,1
1,0,0,0,1
1,0,0,0,1
1,0,0,0,1
1,0,0,0,1
1,0,0,0,1
1,0,0,0,1
1,0,0,0,1
1,0,0,0,1
1,0,0,0,1
1,0,0,0,1
1,0,0,0,1
1,0,0,0,1
1,0,0,0,1
1,0,0,0,1
3,0,0,0,3
1,0,0,0,1
1,0,0,0,1
1,0,0,0,1
1,0,0,0,1
1,0,0,0,1
3,0,0,0,3
1,0,0,0,1
1,0,0,0,1
1,0,0,0,1
1,0,0,0,1
1,0,0,0,1
1,0,0,0,1
1,0,0,0,1
1,0,0,0,1
1,0,0,0,1
1,0,0,0,1
1,0,0,0,1
1,0,0,0,1
1,0,0,0,1
1,0,0,0,1
1,0,0,0,1
1,0,0,0,1
1,0,0,0,1
1,0,0,0,1
1,0,0,0,1
1,0,0,0,1
1,0,0,0,1
1,0,0,0,1
1,0,0,0,1
1,0,0,0,1
1,0,0,0,1
2,0,0,0,2
1,0,0,0,1
1,0,0,0,1
1,0,0,0,1
1,0,0,0,1
1,0,0,0,1
1,0,0,0,1
1,0,0,0,1
1,0,0,0,1
1,0,0,0,1
4,0,0,0,4
1,0,0,0,1
1,0,0,0,1
1,0,0,0,1
1,0,0,0,1
1,0,0,0,1
1,0,0,0,1
2,0,0,0,2
1,0,0,0,1
1,75,0,0,76
1,0,0,0,1
1,0,0,0,1
1,0,0,0,1
1,0,0,0,1
1,0,0,0,1
1,0,0,0,1
1,0,0,0,1
1,0,0,0,1
1,15,0,0,16
1,0,0,0,1
1,0,0,0,1
2,0,0,0,2
1,0,0,0,1
1,0,0,0,1
2,0,0,0,2
1,0,0,0,1
1,0,0,0,1
1,0,0,0,1
1,0,0,0,1
1,0,0,0,1
1,0,0,0,1
1,0,0,0,1
1,0,0,0,1
1,0,0,0,1
1,0,0,0,1
1,0,0,0,1
1,0,0,0,1
1,0,0,0,1
1,0,0,0,1
1,0,0,0,1
1,0,0,0,1
1,0,0,0,1
1,0,0,0,1
1,0,0,0,1
1,0,0,0,1
1,0,0,0,1
2,0,0,0,2
1,0,0,0,1
1,0,0,0,1
1,0,0,0,1
1,0,0,0,1
2,2,0,0,4
1,0,0,0,1
2,0,0,0,2
1,0,0,0,1
3,2,0,0,5
1,0,0,0,1
1,0,0,0,1
1,0,0,0,1
1,0,0,0,1
1,0,0,0,1
1,0,0,0,1
1,0,0,0,1
1,0,0,0,1
1,0,0,0,1
1,0,0,0,1
1,0,0,0,1
1,0,0,0,1
2,0,0,0,2
1,0,0,0,1
1,0,0,0,1
1,0,0,0,1
1,0,0,0,1
1,0,0,0,1
1,0,0,0,1
1,0,0,0,1
1,0,0,0,1
1,0,0,0,1
1,0,0,0,1
1,0,0,0,1
1,0,0,0,1
2,0,0,0,2
1,0,0,0,1
1,0,0,0,1
1,0,0,0,1
1,0,0,0,1
1,0,0,0,1
1,0,0,0,1
1,0,0,0,1
1,0,0,0,1
1,0,0,0,1
1,0,0,0,1
2,0,0,0,2
1,0,0,0,1
1,2,0,0,3
1,0,0,0,1
1,0,0,0,1
1,0,0,0,1
1,0,0,0,1
1,0,0,0,1
1,0,0,0,1
1,0,0,0,1
1,0,0,0,1
1,0,0,0,1
1,0,0,0,1
1,0,0,0,1
1,0,0,0,1
1,0,0,0,1
1,0,0,0,1
1,0,0,0,1
1,0,0,0,1
1,0,0,0,1
1,0,0,0,1
2,0,0,0,2
1,0,0,0,1
1,0,0,0,1
1,0,0,0,1
1,0,0,0,1
2,0,0,0,2
1,0,0,0,1
1,0,0,0,1
1,0,0,0,1
3,0,0,0,3
1,0,0,0,1
1,0,0,0,1
1,0,0,0,1
1,0,0,0,1
1,0,0,0,1
1,0,0,0,1
1,0,0,0,1
1,0,0,0,1
1,0,0,0,1
2,17,2,0,21
1,0,0,0,1
1,0,0,0,1
1,0,0,0,1
1,0,0,0,1
1,0,0,0,1
1,0,0,0,1
1,0,0,0,1
1,0,0,0,1
1,0,0,0,1
2,0,0,0,2
1,0,0,0,1
1,0,0,0,1
1,0,0,0,1
1,0,0,0,1
2,0,0,0,2
1,0,0,0,1
2,0,0,0,2
1,0,0,0,1
1,0,0,0,1
1,0,0,0,1
1,0,0,0,1
1,0,0,0,1
1,0,0,0,1
2,0,0,0,2
2,0,0,0,2
1,0,0,0,1
1,0,0,0,1
1,0,0,0,1
1,0,0,0,1
1,0,0,0,1
1,0,0,0,1
1,0,0,0,1
1,8,3,0,12
1,0,0,0,1
2,0,0,0,2
1,0,0,0,1
1,0,0,0,1
1,0,0,0,1
1,0,0,0,1
3,0,0,0,3
1,0,0,0,1
1,0,0,0,1
1,0,0,0,1
1,0,0,0,1
1,0,0,0,1
1,0,0,0,1
1,0,0,0,1
1,0,0,0,1
1,0,0,0,1
1,0,0,0,1
1,0,0,0,1
1,0,0,0,1
1,0,0,0,1
1,0,0,0,1
1,0,0,0,1
1,0,0,0,1
1,0,0,0,1
1,0,0,0,1
1,0,0,0,1
1,0,0,0,1
1,0,0,0,1
1,0,0,0,1
1,0,0,0,1
1,0,0,0,1
1,0,0,0,1
1,0,0,0,1
1,0,0,0,1
1,0,0,0,1
1,0,0,0,1
2,0,0,0,2
1,2,0,0,3
1,0,0,0,1
1,0,0,0,1
1,0,0,0,1
1,0,0,0,1
1,0,0,0,1
1,0,0,0,1
1,0,0,0,1
1,0,0,0,1
1,0,0,0,1
1,0,0,0,1
3,0,0,0,3
3,0,0,0,3
1,0,0,0,1
1,7,0,0,8
2,0,0,0,2
1,0,0,0,1
1,0,0,0,1
1,0,0,0,1
1,0,0,0,1
1,0,0,0,1
1,0,0,0,1
2,0,0,0,2
1,0,0,0,1
1,0,0,0,1
1,0,0,0,1
1,0,0,0,1
1,0,0,0,1
1,0,0,0,1
1,0,0,0,1
1,0,0,0,1
1,0,0,0,1
1,0,0,0,1
1,0,0,0,1
1,0,0,0,1
1,0,0,0,1
1,0,0,0,1
1,0,0,0,1
1,0,0,0,1
1,6,2,0,9
1,0,0,0,1
1,0,0,0,1
1,0,0,0,1
1,0,0,0,1
1,0,0,0,1
1,0,0,0,1
1,0,0,0,1
1,0,0,0,1
1,0,0,0,1
1,0,0,0,1
2,0,0,0,2
2,5,1,0,8
2,0,0,0,2
1,0,0,0,1
1,0,0,0,1
1,0,0,0,1
1,0,0,0,1
1,0,0,0,1
1,0,0,0,1
1,0,0,0,1
1,0,0,0,1
1,0,0,0,1
1,0,0,0,1
1,0,0,0,1
1,0,0,0,1
4,0,0,0,4
2,0,0,0,2
1,4,0,0,5
1,0,0,0,1
1,0,0,0,1
1,0,0,0,1
1,0,0,0,1
1,0,0,0,1
1,0,0,0,1
1,0,0,0,1
1,0,0,0,1
1,0,0,0,1
1,0,0,0,1
2,0,0,0,2
1,0,0,0,1
1,0,0,0,1
1,0,0,0,1
1,0,0,0,1
1,0,0,0,1
1,0,0,0,1
1,0,0,0,1
3,0,0,0,3
1,0,0,0,1
1,0,0,0,1
6,0,0,0,6
1,0,0,0,1
1,0,0,0,1
1,0,0,0,1
1,0,0,0,1
1,0,0,0,1
1,2,0,0,3
1,0,0,0,1
1,0,0,0,1
1,0,0,0,1
1,0,0,0,1
1,0,0,0,1
1,0,0,0,1
4,10,0,0,14
2,0,0,0,2
1,0,0,0,1
1,0,0,0,1
2,0,0,0,2
1,0,0,0,1
3,25,10,0,38
1,1,0,0,2
1,0,0,0,1
1,0,0,0,1
1,0,0,0,1
1,0,0,0,1
1,0,0,0,1
2,0,0,0,2
1,3,0,0,4
1,3,0,0,4
1,0,0,0,1
1,0,0,0,1
2,0,0,0,2
1,0,0,0,1
1,0,0,0,1
3,0,0,0,3
1,0,0,0,1
1,0,0,0,1
1,0,0,0,1
1,0,0,0,1
1,0,0,0,1
1,0,0,0,1
1,1,0,0,2
1,0,0,0,1
1,0,0,0,1
2,4,0,0,6
1,0,0,0,1
1,0,0,0,1
1,0,0,0,1
1,0,0,0,1
1,0,0,0,1
1,0,0,0,1
1,0,0,0,1
1,1,0,0,2
2,0,0,0,2
1,0,0,0,1
1,0,0,0,1
1,0,0,0,1
1,0,0,0,1
2,0,0,0,2
1,0,0,0,1
1,0,0,0,1
1,0,0,0,1
1,0,0,0,1
1,0,0,0,1
1,0,0,0,1
1,0,0,0,1
1,0,0,0,1
1,0,0,0,1
1,0,0,0,1
1,0,0,0,1
1,0,0,0,1
1,0,0,0,1
1,0,0,0,1
1,0,0,0,1
1,0,0,0,1
1,0,0,0,1
1,0,0,0,1
1,0,0,0,1
1,0,0,0,1
3,73,1,0,77
1,20,2,0,23
1,0,0,0,1
1,0,0,0,1
1,0,0,0,1
1,0,0,0,1
1,0,0,0,1
1,0,0,0,1
1,0,0,0,1
1,0,0,0,1
1,0,0,0,1
2,0,0,0,2
1,0,0,0,1
1,0,0,0,1
1,0,0,0,1
1,0,0,0,1
1,0,0,0,1
1,0,0,0,1
1,0,0,0,1
1,0,0,0,1
1,0,0,0,1
1,0,0,0,1
1,0,0,0,1
1,0,0,0,1
1,0,0,0,1
1,0,0,0,1
1,0,0,0,1
1,0,0,0,1
1,0,0,0,1
1,0,0,0,1
1,0,0,0,1
1,0,0,0,1
1,0,0,0,1
1,0,0,0,1
1,0,0,0,1
1,0,0,0,1
2,0,0,0,2
1,0,0,0,1
1,0,0,0,1
1,0,0,0,1
1,0,0,0,1
1,0,0,0,1
1,0,0,0,1
1,0,0,0,1
1,0,0,0,1
1,0,0,0,1
1,0,0,0,1
1,0,0,0,1
1,0,0,0,1
2,0,0,0,2
1,0,0,0,1
1,0,0,0,1
1,0,0,0,1
1,1,1,0,3
1,0,0,0,1
1,0,0,0,1
1,0,0,0,1
1,0,0,0,1
3,0,0,0,3
1,0,0,0,1
1,0,0,0,1
1,0,0,0,1
1,0,0,0,1
1,0,0,0,1
1,0,0,0,1
1,0,0,0,1
1,0,0,0,1
1,0,0,0,1
1,0,0,0,1
1,0,0,0,1
1,0,0,0,1
1,0,0,0,1
1,0,0,0,1
1,0,0,0,1
1,0,0,0,1
1,0,0,0,1
1,0,0,0,1
1,0,0,0,1
1,0,0,0,1
1,0,0,0,1
1,0,0,0,1
1,0,0,0,1
2,0,0,0,2
1,0,0,0,1
1,0,0,0,1
1,0,0,0,1
1,0,0,0,1
2,0,0,0,2
1,0,0,0,1
1,0,0,0,1
1,0,0,0,1
2,0,0,0,2
1,0,0,0,1
1,0,0,0,1
2,0,0,0,2
1,0,0,0,1
1,0,0,0,1
1,0,0,0,1
1,0,0,0,1
2,0,0,0,2
1,0,0,0,1
1,0,0,0,1
3,1,0,0,4
1,0,0,0,1
1,0,0,0,1
1,0,0,0,1
1,0,0,0,1
1,0,0,0,1
1,0,0,0,1
1,0,0,0,1
2,0,0,0,2
1,0,0,0,1
1,0,0,0,1
1,0,0,0,1
1,0,0,0,1
1,0,0,0,1
1,0,0,0,1
1,0,0,0,1
1,0,0,0,1
1,0,0,0,1
1,0,0,0,1
1,0,0,0,1
1,0,0,0,1
1,0,0,0,1
1,0,0,0,1
1,0,0,0,1
1,0,0,0,1
1,0,0,0,1
1,0,0,0,1
1,0,0,0,1
1,0,0,0,1
1,0,0,0,1
1,0,0,0,1
1,0,0,0,1
1,0,0,0,1
1,0,0,0,1
1,0,0,0,1
1,0,0,0,1
1,0,0,0,1
1,0,0,0,1
1,0,0,0,1
1,0,0,0,1
1,0,0,0,1
1,0,0,0,1
1,0,0,0,1
1,0,0,0,1
1,4,1,0,6
1,4,0,0,5
1,0,0,0,1
1,0,0,0,1
1,0,0,0,1
1,0,0,0,1
2,0,0,0,2
1,0,0,0,1
1,0,0,0,1
1,0,0,0,1
1,0,0,0,1
1,0,0,0,1
1,0,0,0,1
1,0,0,0,1
1,0,0,0,1
1,0,0,0,1
1,0,0,0,1
1,0,0,0,1
1,0,0,0,1
1,0,0,0,1
1,0,0,0,1
1,0,0,0,1
1,0,0,0,1
2,0,0,0,2
1,0,0,0,1
1,0,0,0,1
1,0,0,0,1
1,0,0,0,1
2,0,0,0,2
1,0,0,0,1
1,0,0,0,1
1,0,0,0,1
1,0,0,0,1
1,0,0,0,1
1,0,0,0,1
1,0,0,0,1
1,0,0,0,1
1,0,0,0,1
2,0,0,0,2
1,0,0,0,1
2,0,0,0,2
3,0,0,0,3
6,0,0,0,6
1,0,0,0,1
1,0,0,0,1
1,0,0,0,1
1,0,0,0,1
1,0,0,0,1
2,0,0,0,2
1,0,0,0,1
1,0,0,0,1
2,0,0,0,2
1,0,0,0,1
1,0,0,0,1
1,0,0,0,1
1,0,0,0,1
1,0,0,0,1
1,0,0,0,1
1,0,0,0,1
1,0,0,0,1
1,0,0,0,1
1,0,0,0,1
2,0,0,0,2
1,0,0,0,1
1,0,0,0,1
1,0,0,0,1
1,0,0,0,1
1,0,0,0,1
1,0,0,0,1
1,0,0,0,1
2,0,0,0,2
1,0,0,0,1
1,0,0,0,1
1,0,0,0,1
1,0,0,0,1
1,0,0,0,1
3,0,0,0,3
1,0,0,0,1
1,0,0,0,1
1,0,0,0,1
1,0,0,0,1
1,0,0,0,1
1,0,0,0,1
1,0,0,0,1
1,0,0,0,1
1,0,0,0,1
1,0,0,0,1
1,0,0,0,1
1,0,0,0,1
3,0,0,0,3
1,0,0,0,1
1,0,0,0,1
1,0,0,0,1
1,0,0,0,1
1,0,0,0,1
1,0,0,0,1
1,0,0,0,1
1,0,0,0,1
1,0,0,0,1
2,0,0,0,2
1,0,0,0,1
1,0,0,0,1
1,0,0,0,1
1,0,0,0,1
1,0,0,0,1
1,0,0,0,1
1,0,0,0,1
1,0,0,0,1
2,0,0,0,2
1,0,0,0,1
1,0,0,0,1
2,0,0,0,2
1,1,0,0,2
1,0,0,0,1
1,0,0,0,1
1,0,0,0,1
2,0,0,0,2
1,0,0,0,1
1,0,0,0,1
1,0,0,0,1
1,0,0,0,1
1,0,0,0,1
1,0,0,0,1
1,0,0,0,1
1,0,0,0,1
1,0,0,0,1
1,0,0,0,1
3,1,0,0,4
2,0,0,0,2
1,0,0,0,1
1,0,0,0,1
1,0,0,0,1
1,0,0,0,1
1,0,0,0,1
1,0,0,0,1
1,0,0,0,1
2,0,0,0,2
1,0,0,0,1
1,0,0,0,1
1,0,0,0,1
1,0,0,0,1
1,0,0,0,1
1,0,0,0,1
1,0,0,0,1
2,0,0,0,2
1,0,0,0,1
1,0,0,0,1
1,0,0,0,1
2,0,0,0,2
1,0,0,0,1
1,0,0,0,1
1,0,0,0,1
1,0,0,0,1
2,0,0,0,2
3,0,0,0,3
1,0,0,0,1
1,0,0,0,1
1,0,0,0,1
1,0,0,0,1
1,0,0,0,1
1,0,0,0,1
2,0,0,0,2
2,0,0,0,2
1,5,0,0,6
3,0,0,0,3
1,0,0,0,1
1,0,0,0,1
1,0,0,0,1
1,0,0,0,1
1,0,0,0,1
1,0,0,0,1
1,0,0,0,1
2,0,0,0,2
1,0,0,0,1
1,0,0,0,1
1,0,0,0,1
1,0,0,0,1
2,0,0,0,2
1,0,0,0,1
1,0,0,0,1
1,0,0,0,1
1,0,0,0,1
1,0,0,0,1
2,0,0,0,2
1,0,0,0,1
1,0,0,0,1
1,0,0,0,1
1,0,0,0,1
1,0,0,0,1
1,0,0,0,1
1,0,0,0,1
1,0,0,0,1
1,0,0,0,1
1,0,0,0,1
1,0,0,0,1
1,0,0,0,1
1,0,0,0,1
1,0,0,0,1
1,0,0,0,1
3,0,0,0,3
1,0,0,0,1
2,0,0,0,2
1,0,0,0,1
1,0,0,0,1
1,0,0,0,1
1,1,0,0,2
1,0,0,0,1
1,0,0,0,1
1,0,0,0,1
2,0,0,0,2
1,0,0,0,1
1,0,0,0,1
1,0,0,0,1
1,0,0,0,1
1,0,0,0,1
1,0,0,0,1
1,0,0,0,1
2,0,0,0,2
1,0,0,0,1
1,0,0,0,1
1,0,0,0,1
1,0,0,0,1
1,0,0,0,1
2,0,0,0,2
1,0,0,0,1
1,0,0,0,1
1,0,0,0,1
1,0,0,0,1
1,0,0,0,1
1,0,0,0,1
1,0,0,0,1
1,0,0,0,1
1,0,0,0,1
1,0,0,0,1
1,0,0,0,1
1,0,0,0,1
2,0,0,0,2
1,0,0,0,1
1,0,0,0,1
1,0,0,0,1
1,0,0,0,1
1,0,0,0,1
1,0,0,0,1
1,0,0,0,1
1,0,0,0,1
1,0,0,0,1
1,0,0,0,1
1,0,0,0,1
1,0,0,0,1
1,0,0,0,1
2,5,0,0,7
1,0,0,0,1
1,0,0,0,1
1,0,0,0,1
1,0,0,0,1
1,0,0,0,1
1,0,0,0,1
1,0,0,0,1
1,0,0,0,1
2,0,0,0,2
1,0,0,0,1
1,0,0,0,1
1,0,0,0,1
1,0,0,0,1
1,0,0,0,1
1,0,0,0,1
1,0,0,0,1
1,0,0,0,1
1,0,0,0,1
1,0,0,0,1
1,0,0,0,1
2,0,0,0,2
1,0,0,0,1
1,0,0,0,1
1,0,0,0,1
1,0,0,0,1
2,0,0,0,2
1,0,0,0,1
1,0,0,0,1
1,0,0,0,1
1,0,0,0,1
1,0,0,0,1
1,0,0,0,1
1,0,0,0,1
1,0,0,0,1
1,0,0,0,1
3,1,0,0,4
1,5,0,0,6
1,0,0,0,1
1,0,0,0,1
1,0,0,0,1
1,1,0,0,2
1,0,0,0,1
2,0,0,0,2
1,0,0,0,1
2,0,0,0,2
1,0,0,0,1
1,0,0,0,1
1,0,0,0,1
1,0,0,0,1
1,0,0,0,1
1,0,0,0,1
1,0,0,0,1
1,0,0,0,1
1,0,0,0,1
2,0,0,0,2
1,0,0,0,1
1,1,0,0,2
1,0,0,0,1
1,0,0,0,1
1,0,0,0,1
1,0,0,0,1
1,0,0,0,1
1,0,0,0,1
1,0,0,0,1
1,0,0,0,1
1,0,0,0,1
1,0,0,0,1
1,0,0,0,1
1,0,0,0,1
1,0,0,0,1
1,0,0,0,1
1,0,0,0,1
1,0,0,0,1
1,0,0,0,1
1,0,0,0,1
1,0,0,0,1
1,0,0,0,1
1,0,0,0,1
1,0,0,0,1
1,0,0,0,1
1,0,0,0,1
1,42,0,0,43
2,0,0,0,2
1,0,0,0,1
1,0,0,0,1
1,0,0,0,1
1,0,0,0,1
1,0,0,0,1
1,0,0,0,1
1,0,0,0,1
1,0,0,0,1
1,0,0,0,1
1,0,0,0,1
1,0,0,0,1
1,0,0,0,1
2,0,0,0,2
1,0,0,0,1
1,0,0,0,1
1,0,0,0,1
1,0,0,0,1
1,0,0,0,1
1,0,0,0,1
1,0,0,0,1
1,0,0,0,1
1,0,0,0,1
1,0,0,0,1
1,0,0,0,1
1,0,0,0,1
1,0,0,0,1
2,0,0,0,2
1,0,0,0,1
1,0,0,0,1
1,0,0,0,1
1,0,0,0,1
1,0,0,0,1
1,0,0,0,1
2,0,0,0,2
2,0,0,0,2
1,0,0,0,1
1,0,0,0,1
1,0,0,0,1
1,0,0,0,1
1,0,0,0,1
1,0,0,0,1
1,0,0,0,1
1,0,0,0,1
1,0,0,0,1
1,0,0,0,1
1,0,0,0,1
4,0,0,0,4
1,0,0,0,1
1,0,0,0,1
1,0,0,0,1
2,0,0,0,2
1,0,0,0,1
1,0,0,0,1
1,0,0,0,1
1,0,0,0,1
2,0,0,0,2
1,0,0,0,1
1,0,0,0,1
1,0,0,0,1
1,0,0,0,1
1,0,0,0,1
1,0,0,0,1
1,0,0,0,1
2,0,0,0,2
2,0,0,0,2
2,4,0,0,6
1,0,0,0,1
1,0,0,0,1
1,0,0,0,1
1,0,0,0,1
1,0,0,0,1
1,0,0,0,1
1,7,0,0,8
1,0,0,0,1
1,0,0,0,1
2,0,0,0,2
1,0,0,0,1
1,0,0,0,1
1,0,0,0,1
1,0,0,0,1
3,0,0,0,3
3,0,0,0,3
1,0,0,0,1
1,0,0,0,1
1,0,0,0,1
1,0,0,0,1
1,0,0,0,1
1,0,0,0,1
1,0,0,0,1
1,0,0,0,1
2,0,0,0,2
1,0,0,0,1
2,0,0,0,2
1,0,0,0,1
1,0,0,0,1
1,0,0,0,1
1,0,0,0,1
2,0,0,0,2
1,0,0,0,1
1,0,0,0,1
1,0,0,0,1
1,0,0,0,1
1,0,0,0,1
1,3,0,0,4
1,2,0,0,3
1,0,0,0,1
1,0,0,0,1
1,0,0,0,1
1,0,0,0,1
3,0,0,0,3
2,0,0,0,2
1,0,0,0,1
1,0,0,0,1
1,0,0,0,1
1,0,0,0,1
1,0,0,0,1
1,0,0,0,1
1,0,0,0,1
1,0,0,0,1
1,0,0,0,1
1,0,0,0,1
2,0,0,0,2
1,0,0,0,1
1,0,0,0,1
1,0,0,0,1
1,0,0,0,1
1,0,0,0,1
2,3,0,0,5
2,0,0,0,2
1,0,0,0,1
1,0,0,0,1
1,0,0,0,1
1,0,0,0,1
1,0,0,0,1
4,7,1,0,12
3,0,0,0,3
1,0,0,0,1
1,0,0,0,1
1,0,0,0,1
2,0,0,0,2
1,0,0,0,1
1,0,0,0,1
1,0,0,0,1
1,0,0,0,1
1,0,0,0,1
1,0,0,0,1
1,0,0,0,1
1,0,0,0,1
1,0,0,0,1
1,0,0,0,1
1,0,0,0,1
1,0,0,0,1
1,0,0,0,1
1,0,0,0,1
1,0,0,0,1
1,0,0,0,1
1,0,0,0,1
1,0,0,0,1
2,0,0,0,2
1,0,0,0,1
1,0,0,0,1
1,0,0,0,1
1,0,0,0,1
3,0,0,0,3
1,0,0,0,1
1,0,0,0,1
2,0,0,0,2
1,0,0,0,1
2,0,0,0,2
1,0,0,0,1
1,0,0,0,1
1,0,0,0,1
1,0,0,0,1
1,0,0,0,1
1,0,0,0,1
1,0,0,0,1
2,0,0,0,2
1,0,0,0,1
1,0,0,0,1
2,0,0,0,2
2,0,0,0,2
1,0,0,0,1
1,0,0,0,1
1,0,0,0,1
2,0,0,0,2
1,0,0,0,1
1,0,0,0,1
1,0,0,0,1
1,0,0,0,1
1,0,0,0,1
1,0,0,0,1
1,0,0,0,1
2,0,0,0,2
2,0,0,0,2
1,0,0,0,1
1,0,0,0,1
1,0,0,0,1
1,0,0,0,1
2,0,0,0,2
2,3,0,0,5
2,0,0,0,2
1,0,0,0,1
1,0,0,0,1
1,0,0,0,1
1,0,0,0,1
1,0,0,0,1
1,0,0,0,1
1,0,0,0,1
1,0,0,0,1
1,0,0,0,1
1,0,0,0,1
3,0,0,0,3
2,0,0,0,2
2,0,0,0,2
1,0,0,0,1
1,0,0,0,1
1,0,0,0,1
1,0,0,0,1
1,0,0,0,1
1,0,0,0,1
3,1,1,0,5
1,0,0,0,1
1,0,0,0,1
1,0,0,0,1
1,0,0,0,1
1,0,0,0,1
1,0,0,0,1
2,0,0,0,2
1,0,0,0,1
1,0,0,0,1
1,0,0,0,1
1,0,0,0,1
1,0,0,0,1
1,0,0,0,1
1,0,0,0,1
1,0,0,0,1
1,0,0,0,1
1,0,0,0,1
1,0,0,0,1
1,0,0,0,1
1,0,0,0,1
1,0,0,0,1
2,0,0,0,2
1,0,0,0,1
1,0,0,0,1
3,2,0,0,5
1,0,0,0,1
1,0,0,0,1
1,0,0,0,1
1,0,0,0,1
1,0,0,0,1
1,0,0,0,1
1,0,0,0,1
1,0,0,0,1
1,0,0,0,1
1,0,0,0,1
1,0,0,0,1
1,0,0,0,1
1,0,0,0,1
1,0,0,0,1
1,0,0,0,1
1,0,0,0,1
1,0,0,0,1
1,0,0,0,1
1,0,0,0,1
1,0,0,0,1
1,0,0,0,1
2,0,0,0,2
1,0,0,0,1
1,0,0,0,1
1,0,0,0,1
1,0,0,0,1
1,0,0,0,1
1,0,0,0,1
2,0,0,0,2
1,0,0,0,1
1,0,0,0,1
1,0,0,0,1
1,0,0,0,1
1,0,0,0,1
1,0,0,0,1
2,0,0,0,2
1,0,0,0,1
3,0,0,0,3
1,0,0,0,1
1,1,0,0,2
1,0,0,0,1
1,0,0,0,1
1,0,0,0,1
2,1,0,0,3
1,0,1,0,2
1,0,0,0,1
1,0,0,0,1
1,0,0,0,1
1,0,0,0,1
1,0,0,0,1
1,0,0,0,1
1,0,0,0,1
1,0,0,0,1
1,5,2,0,8
1,0,0,0,1
1,0,0,0,1
1,0,0,0,1
1,0,0,0,1
1,0,0,0,1
1,0,0,0,1
1,5,0,0,6
1,0,0,0,1
1,0,0,0,1
1,0,0,0,1
1,0,0,0,1
1,0,0,0,1
2,0,0,0,2
1,0,0,0,1
1,0,0,0,1
4,0,0,0,4
1,0,0,0,1
1,0,0,0,1
1,0,0,0,1
1,0,0,0,1
2,0,0,0,2
1,0,0,0,1
1,0,0,0,1
1,0,0,0,1
1,0,0,0,1
1,0,0,0,1
1,0,0,0,1
2,0,0,0,2
1,0,0,0,1
1,0,0,0,1
1,0,0,0,1
1,0,0,0,1
1,0,0,0,1
1,0,0,0,1
1,0,0,0,1
1,0,0,0,1
1,0,0,0,1
2,0,0,0,2
1,0,0,0,1
2,0,0,0,2
1,0,0,0,1
1,0,0,0,1
1,0,0,0,1
1,0,0,0,1
2,0,0,0,2
1,0,0,0,1
1,0,0,0,1
1,0,0,0,1
1,0,0,0,1
1,0,0,0,1
2,0,0,0,2
1,0,0,0,1
3,0,0,0,3
1,0,0,0,1
1,0,0,0,1
1,0,0,0,1
1,0,0,0,1
1,0,0,0,1
2,0,0,0,2
1,0,0,0,1
1,0,0,0,1
1,0,0,0,1
1,0,0,0,1
1,0,0,0,1
3,0,0,0,3
1,0,0,0,1
1,0,0,0,1
1,0,0,0,1
1,0,0,0,1
1,0,0,0,1
3,0,0,0,3
1,0,0,0,1
1,0,0,0,1
1,0,0,0,1
2,0,0,0,2
1,2,1,0,4
1,0,0,0,1
1,0,0,0,1
1,0,0,0,1
1,0,0,0,1
1,0,0,0,1
1,0,0,0,1
1,0,0,0,1
1,0,0,0,1
1,0,0,0,1
1,0,0,0,1
1,0,0,0,1
1,0,0,0,1
1,0,0,0,1
1,0,0,0,1
1,0,0,0,1
1,0,0,0,1
1,0,0,0,1
2,0,0,0,2
1,0,0,0,1
1,0,0,0,1
1,0,0,0,1
1,0,0,0,1
1,0,0,0,1
1,0,0,0,1
2,0,0,0,2
1,0,0,0,1
1,0,0,0,1
1,0,0,0,1
1,0,0,0,1
1,0,0,0,1
1,0,0,0,1
1,0,0,0,1
1,0,0,0,1
1,0,0,0,1
1,0,0,0,1
1,0,0,0,1
1,0,0,0,1
2,0,0,0,2
1,0,0,0,1
2,0,0,0,2
1,0,0,0,1
1,0,0,0,1
1,0,0,0,1
1,0,0,0,1
1,0,0,0,1
1,0,0,0,1
1,0,0,0,1
1,1,0,0,2
1,0,0,0,1
1,0,0,0,1
1,0,0,0,1
1,0,0,0,1
1,0,0,0,1
1,0,0,0,1
1,0,0,0,1
3,0,0,0,3
1,0,0,0,1
1,0,0,0,1
1,0,0,0,1
1,0,0,0,1
1,0,0,0,1
1,0,0,0,1
1,0,0,0,1
1,0,0,0,1
1,0,0,0,1
1,0,0,0,1
1,0,0,0,1
1,0,0,0,1
1,0,0,0,1
1,0,0,0,1
1,0,0,0,1
1,0,0,0,1
1,0,0,0,1
1,0,0,0,1
1,0,0,0,1
1,0,0,0,1
1,0,0,0,1
1,0,0,0,1
1,0,0,0,1
1,0,0,0,1
1,0,0,0,1
2,0,0,0,2
1,0,0,0,1
1,0,0,0,1
1,0,0,0,1
2,0,0,0,2
1,0,0,0,1
1,0,0,0,1
1,0,0,0,1
1,0,0,0,1
1,0,0,0,1
1,0,0,0,1
3,0,0,0,3
1,0,0,0,1
2,0,0,0,2
1,0,0,0,1
1,0,0,0,1
1,0,0,0,1
1,0,0,0,1
1,0,0,0,1
1,0,0,0,1
2,0,0,0,2
1,0,0,0,1
1,0,0,0,1
1,0,0,0,1
1,0,0,0,1
1,0,0,0,1
1,0,0,0,1
1,0,0,0,1
1,0,0,0,1
1,0,0,0,1
1,0,0,0,1
1,0,0,0,1
1,0,0,0,1
1,0,0,0,1
1,0,0,0,1
1,0,0,0,1
1,0,0,0,1
1,0,0,0,1
1,0,0,0,1
1,0,0,0,1
1,0,0,0,1
1,0,0,0,1
1,0,0,0,1
1,0,0,0,1
1,0,0,0,1
1,0,0,0,1
1,0,0,0,1
1,0,0,0,1
2,0,0,0,2
1,0,0,0,1
1,0,0,0,1
1,0,0,0,1
2,0,0,0,2
1,0,0,0,1
1,0,0,0,1
2,0,0,0,2
1,0,0,0,1
1,0,0,0,1
2,0,0,0,2
1,0,0,0,1
1,0,0,0,1
1,0,0,0,1
1,0,0,0,1
1,0,0,0,1
1,1,1,0,3
1,0,0,0,1
2,0,0,0,2
1,0,0,0,1
1,0,0,0,1
1,0,0,0,1
1,0,0,0,1
1,0,0,0,1
2,0,0,0,2
1,1,1,0,3
1,0,0,0,1
1,0,0,0,1
1,0,0,0,1
2,0,0,0,2
1,0,0,0,1
1,0,0,0,1
1,0,0,0,1
1,0,0,0,1
1,0,0,0,1
1,0,0,0,1
1,0,0,0,1
1,0,0,0,1
1,0,0,0,1
1,0,0,0,1
1,0,0,0,1
1,0,0,0,1
2,2,0,0,4
1,0,0,0,1
1,0,0,0,1
2,2,0,0,4
1,0,0,0,1
2,0,0,0,2
1,0,0,0,1
1,0,0,0,1
1,0,0,0,1
1,0,0,0,1
1,0,0,0,1
1,7,0,0,8
1,0,0,0,1
4,1,0,0,5
2,0,0,0,2
1,0,0,0,1
1,0,0,0,1
2,0,0,0,2
1,0,0,0,1
1,0,0,0,1
1,0,0,0,1
2,0,0,0,2
1,0,0,0,1
1,0,0,0,1
1,0,0,0,1
1,0,0,0,1
1,0,0,0,1
1,0,0,0,1
1,0,0,0,1
1,0,0,0,1
1,0,0,0,1
1,0,0,0,1
1,0,0,0,1
1,0,0,0,1
2,1,1,0,4
2,4,1,0,7
1,153,16,0,170
1,0,0,0,1
2,0,0,0,2
1,29,1,0,31
1,0,0,0,1
2,0,0,0,2
1,0,0,0,1
1,0,0,0,1
1,0,0,0,1
1,0,0,0,1
1,0,0,0,1
1,0,0,0,1
1,0,0,0,1
1,0,0,0,1
1,0,0,0,1
1,0,0,0,1
1,0,0,0,1
1,0,0,0,1
1,0,0,0,1
1,0,0,0,1
1,0,0,0,1
1,0,0,0,1
2,0,0,0,2
2,0,0,0,2
1,0,0,0,1
1,0,0,0,1
1,0,0,0,1
1,0,0,0,1
3,0,0,0,3
2,0,0,0,2
1,0,0,0,1
2,0,0,0,2
1,0,0,0,1
1,0,0,0,1
2,0,0,0,2
1,0,0,0,1
1,0,0,0,1
1,0,0,0,1
1,0,0,0,1
1,0,0,0,1
1,0,0,0,1
1,0,0,0,1
2,0,0,0,2
1,0,0,0,1
2,0,0,0,2
1,0,0,0,1
1,0,0,0,1
1,0,0,0,1
2,6,0,0,8
1,0,0,0,1
1,0,0,0,1
1,0,0,0,1
1,0,0,0,1
2,0,0,0,2
1,0,0,0,1
1,0,0,0,1
1,0,0,0,1
1,0,0,0,1
1,0,0,0,1
1,0,0,0,1
1,0,0,0,1
3,0,0,0,3
1,1,1,0,3
1,0,0,0,1
1,0,0,0,1
1,0,0,0,1
1,0,0,0,1
1,0,0,0,1
1,0,0,0,1
1,0,0,0,1
1,0,0,0,1
1,0,0,0,1
1,0,0,0,1
1,0,0,0,1
1,0,0,0,1
1,0,0,0,1
1,0,0,0,1
2,0,0,0,2
1,0,0,0,1
1,0,0,0,1
2,0,0,0,2
3,0,0,0,3
1,0,0,0,1
1,0,0,0,1
1,0,0,0,1
3,0,0,0,3
1,0,0,0,1
1,0,0,0,1
2,0,0,0,2
1,0,0,0,1
1,0,0,0,1
1,0,0,0,1
1,0,0,0,1
1,0,0,0,1
1,0,0,0,1
2,2,0,0,4
1,0,0,0,1
1,0,0,0,1
3,0,0,0,3
1,0,0,0,1
1,0,0,0,1
1,0,0,0,1
1,0,0,0,1
1,0,0,0,1
1,0,0,0,1
1,0,0,0,1
1,0,0,0,1
1,0,0,0,1
1,0,0,0,1
2,0,0,0,2
1,3,0,0,4
2,0,0,0,2
1,0,0,0,1
1,0,0,0,1
1,0,0,0,1
1,0,0,0,1
1,0,0,0,1
1,0,0,0,1
2,0,0,0,2
1,0,0,0,1
1,0,0,0,1
2,0,0,0,2
1,0,0,0,1
1,0,0,0,1
1,0,0,0,1
1,0,0,0,1
1,0,0,0,1
1,0,0,0,1
1,0,0,0,1
1,0,0,0,1
1,0,0,0,1
2,0,0,0,2
1,0,0,0,1
1,2,0,0,3
2,0,0,0,2
1,0,0,0,1
1,0,0,0,1
1,0,0,0,1
1,0,0,0,1
1,0,0,0,1
1,0,0,0,1
1,0,0,0,1
1,0,0,0,1
2,0,0,0,2
1,0,0,0,1
1,0,0,0,1
1,0,0,0,1
1,0,0,0,1
1,0,0,0,1
1,0,0,0,1
1,0,0,0,1
2,0,0,0,2
1,0,0,0,1
1,0,0,0,1
1,0,0,0,1
1,0,0,0,1
1,0,0,0,1
1,0,0,0,1
1,0,0,0,1
1,0,0,0,1
1,0,0,0,1
1,0,0,0,1
2,0,0,0,2
1,0,0,0,1
1,0,0,0,1
1,0,0,0,1
1,0,0,0,1
1,11,0,0,12
2,0,0,0,2
1,0,0,0,1
1,0,0,0,1
1,0,0,0,1
1,0,0,0,1
1,0,0,0,1
1,0,0,0,1
1,1,0,0,2
2,0,0,0,2
1,0,0,0,1
1,0,0,0,1
2,0,0,0,2
1,0,0,0,1
1,0,0,0,1
1,0,0,0,1
1,0,0,0,1
1,0,0,0,1
1,0,0,0,1
1,0,0,0,1
1,0,0,0,1
1,0,0,0,1
1,0,0,0,1
1,0,0,0,1
1,0,0,0,1
1,0,0,0,1
2,0,0,0,2
1,0,0,0,1
1,0,0,0,1
1,0,0,0,1
1,0,0,0,1
1,0,0,0,1
1,0,0,0,1
1,0,0,0,1
1,0,0,0,1
1,0,0,0,1
1,0,0,0,1
1,0,0,0,1
1,0,0,0,1
3,0,0,0,3
1,0,0,0,1
1,0,0,0,1
1,0,0,0,1
2,0,0,0,2
1,0,0,0,1
1,0,0,0,1
1,0,0,0,1
1,0,0,0,1
1,0,0,0,1
1,0,0,0,1
2,0,0,0,2
1,0,0,0,1
1,0,0,0,1
1,0,0,0,1
1,0,0,0,1
1,0,0,0,1
1,0,0,0,1
1,0,0,0,1
1,0,0,0,1
1,0,0,0,1
1,0,0,0,1
1,0,0,0,1
1,0,0,0,1
1,2,0,0,3
1,0,0,0,1
1,0,0,0,1
1,0,0,0,1
2,0,0,0,2
1,0,0,0,1
1,0,0,0,1
2,0,0,0,2
2,0,0,0,2
1,0,0,0,1
1,0,0,0,1
3,0,0,0,3
1,0,0,0,1
1,0,0,0,1
2,0,0,0,2
1,0,0,0,1
1,0,0,0,1
1,0,0,0,1
1,0,0,0,1
1,0,0,0,1
1,0,0,0,1
1,0,0,0,1
1,0,0,0,1
1,0,0,0,1
1,0,0,0,1
1,0,0,0,1
1,0,0,0,1
1,0,0,0,1
1,0,0,0,1
1,0,0,0,1
1,0,0,0,1
2,0,0,0,2
1,0,0,0,1
2,0,0,0,2
1,0,0,0,1
1,0,0,0,1
2,0,0,0,2
1,0,0,0,1
1,0,0,0,1
1,0,0,0,1
1,0,0,0,1
1,0,0,0,1
1,0,0,0,1
1,0,0,0,1
1,0,0,0,1
1,0,0,0,1
1,0,0,0,1
1,0,0,0,1
2,0,0,0,2
1,0,0,0,1
2,0,0,0,2
1,0,0,0,1
1,0,0,0,1
1,0,0,0,1
1,0,0,0,1
1,0,0,0,1
2,0,0,0,2
1,0,0,0,1
1,0,0,0,1
1,0,0,0,1
1,0,0,0,1
1,0,0,0,1
1,0,0,0,1
2,0,0,0,2
1,0,0,0,1
2,0,0,0,2
1,0,0,0,1
1,0,0,0,1
1,0,0,0,1
2,0,1,0,3
1,0,0,0,1
1,0,0,0,1
1,0,0,0,1
1,0,0,0,1
1,0,0,0,1
2,0,0,0,2
3,0,0,0,3
1,0,0,0,1
1,0,0,0,1
1,0,0,0,1
1,0,0,0,1
1,0,0,0,1
2,0,0,0,2
1,0,0,0,1
1,0,0,0,1
1,0,0,0,1
5,5,0,0,10
1,0,0,0,1
1,0,0,0,1
1,0,0,0,1
2,0,0,0,2
2,0,0,0,2
1,0,0,0,1
1,0,0,0,1
1,0,0,0,1
1,0,0,0,1
1,0,0,0,1
4,0,0,0,4
1,0,0,0,1
1,0,0,0,1
1,0,0,0,1
1,0,0,0,1
2,0,0,0,2
1,0,0,0,1
1,0,0,0,1
1,0,0,0,1
2,0,0,0,2
1,0,0,0,1
1,0,0,0,1
1,0,0,0,1
2,0,0,0,2
1,0,0,0,1
1,0,0,0,1
1,0,0,0,1
1,0,0,0,1
1,0,0,0,1
1,0,0,0,1
1,0,0,0,1
1,0,0,0,1
1,0,0,0,1
1,0,0,0,1
1,0,0,0,1
1,0,0,0,1
1,0,0,0,1
1,0,0,0,1
1,1,0,0,2
1,0,0,0,1
1,0,0,0,1
1,0,0,0,1
1,0,0,0,1
1,0,0,0,1
1,0,0,0,1
1,0,0,0,1
1,0,0,0,1
1,0,0,0,1
1,23,4,0,28
1,0,0,0,1
1,0,0,0,1
1,0,0,0,1
1,0,0,0,1
1,0,0,0,1
1,0,0,0,1
2,0,0,0,2
1,0,0,0,1
1,0,0,0,1
1,0,0,0,1
1,0,0,0,1
1,0,0,0,1
1,0,0,0,1
1,0,0,0,1
1,0,0,0,1
1,0,0,0,1
1,0,0,0,1
1,0,0,0,1
1,0,0,0,1
2,0,0,0,2
1,0,0,0,1
1,0,0,0,1
1,0,0,0,1
3,0,0,0,3
1,0,0,0,1
1,0,0,0,1
1,0,0,0,1
1,0,0,0,1
1,0,0,0,1
2,0,0,0,2
2,0,0,0,2
1,0,0,0,1
1,0,0,0,1
1,0,0,0,1
1,0,0,0,1
1,0,0,0,1
1,0,0,0,1
1,0,0,0,1
1,0,0,0,1
1,0,0,0,1
1,0,0,0,1
1,0,0,0,1
1,0,0,0,1
1,0,0,0,1
1,0,0,0,1
1,0,0,0,1
1,0,0,0,1
1,0,0,0,1
1,0,0,0,1
1,0,0,0,1
1,0,0,0,1
1,0,0,0,1
1,0,0,0,1
1,0,0,0,1
1,0,0,0,1
1,0,0,0,1
1,0,0,0,1
1,0,0,0,1
1,0,0,0,1
1,0,0,0,1
1,0,0,0,1
1,0,0,0,1
2,0,0,0,2
3,0,0,0,3
1,0,0,0,1
1,0,0,0,1
1,0,0,0,1
1,0,0,0,1
1,0,0,0,1
1,0,0,0,1
1,0,0,0,1
1,0,0,0,1
1,0,0,0,1
1,0,0,0,1
1,0,0,0,1
1,0,1,0,2
1,0,0,0,1
1,0,0,0,1
1,0,0,0,1
1,18,0,0,19
1,0,0,0,1
1,3,0,0,4
1,0,0,0,1
1,0,0,0,1
1,0,0,0,1
1,0,0,0,1
1,0,0,0,1
1,0,0,0,1
1,0,0,0,1
1,0,0,0,1
1,0,0,0,1
1,0,0,0,1
1,0,0,0,1
1,0,0,0,1
1,0,0,0,1
1,0,0,0,1
4,1,0,0,5
1,0,0,0,1
1,0,0,0,1
1,0,0,0,1
1,0,0,0,1
1,0,0,0,1
2,0,0,0,2
1,0,0,0,1
1,0,0,0,1
1,0,0,0,1
1,0,0,0,1
1,0,0,0,1
1,0,0,0,1
1,0,0,0,1
1,0,0,0,1
1,0,0,0,1
2,0,0,0,2
1,0,0,0,1
1,0,0,0,1
1,0,0,0,1
1,0,0,0,1
1,0,0,0,1
2,1,0,0,3
1,0,0,0,1
1,0,0,0,1
1,0,0,0,1
1,0,0,0,1
1,0,0,0,1
2,0,0,0,2
1,0,0,0,1
1,0,0,0,1
1,0,0,0,1
1,0,0,0,1
1,0,0,0,1
1,0,0,0,1
1,2,0,0,3
2,0,0,0,2
1,0,0,0,1
1,0,0,0,1
1,0,0,0,1
1,0,0,0,1
1,0,0,0,1
5,0,0,0,5
1,0,0,0,1
1,0,0,0,1
1,0,0,0,1
1,0,0,0,1
1,0,0,0,1
1,3,0,0,4
1,0,0,0,1
1,0,0,0,1
1,0,0,0,1
1,0,0,0,1
1,0,0,0,1
1,0,0,0,1
2,0,0,0,2
1,0,0,0,1
2,0,0,0,2
1,0,0,0,1
1,0,0,0,1
1,0,0,0,1
1,0,0,0,1
2,0,0,0,2
1,0,0,0,1
1,0,0,0,1
1,0,0,0,1
1,0,0,0,1
1,0,0,0,1
1,0,0,0,1
1,0,0,0,1
2,0,0,0,2
1,0,0,0,1
1,0,0,0,1
1,0,0,0,1
1,0,0,0,1
1,0,0,0,1
1,0,0,0,1
2,0,0,0,2
2,2,0,0,4
1,0,0,0,1
2,0,0,0,2
1,0,0,0,1
1,0,0,0,1
1,0,0,0,1
1,0,0,0,1
1,0,0,0,1
1,0,0,0,1
1,0,0,0,1
1,0,0,0,1
1,0,0,0,1
1,0,0,0,1
4,0,0,0,4
3,0,0,0,3
1,0,0,0,1
1,0,0,0,1
1,0,0,0,1
1,0,0,0,1
1,0,0,0,1
1,0,0,0,1
3,0,0,0,3
1,0,0,0,1
1,0,0,0,1
1,0,0,0,1
1,0,0,0,1
2,0,0,0,2
1,0,0,0,1
1,0,0,0,1
3,0,0,0,3
1,3,0,0,4
1,0,0,0,1
1,0,0,0,1
1,0,0,0,1
1,0,0,0,1
1,0,0,0,1
1,0,0,0,1
1,0,0,0,1
1,0,0,0,1
1,0,0,0,1
1,0,0,0,1
1,0,0,0,1
1,0,0,0,1
1,0,0,0,1
1,0,0,0,1
1,0,0,0,1
1,0,0,0,1
1,0,0,0,1
5,0,0,0,5
1,0,0,0,1
1,0,0,0,1
1,0,0,0,1
1,0,0,0,1
1,0,0,0,1
1,0,0,0,1
1,0,0,0,1
1,0,0,0,1
1,0,0,0,1
1,0,0,0,1
1,0,0,0,1
3,0,0,0,3
1,0,0,0,1
1,0,0,0,1
1,0,0,0,1
1,0,0,0,1
1,0,0,0,1
1,0,0,0,1
1,0,0,0,1
1,0,0,0,1
1,0,0,0,1
1,0,0,0,1
1,0,0,0,1
1,0,0,0,1
2,0,0,0,2
1,0,0,0,1
1,0,0,0,1
1,0,0,0,1
1,0,0,0,1
1,0,0,0,1
1,0,0,0,1
1,0,0,0,1
1,0,0,0,1
1,0,0,0,1
1,0,0,0,1
1,0,0,0,1
1,5,0,0,6
1,0,0,0,1
1,0,0,0,1
1,0,0,0,1
1,0,0,0,1
1,0,0,0,1
1,0,0,0,1
1,0,0,0,1
1,0,0,0,1
1,0,0,0,1
1,0,0,0,1
1,0,0,0,1
1,0,0,0,1
1,0,0,0,1
1,0,0,0,1
1,0,0,0,1
1,2,0,0,3
1,0,0,0,1
1,0,0,0,1
1,0,0,0,1
1,0,0,0,1
1,0,0,0,1
1,0,0,0,1
1,0,0,0,1
1,0,0,0,1
1,0,0,0,1
2,0,0,0,2
2,0,0,0,2
1,0,0,0,1
1,0,0,0,1
2,0,0,0,2
1,0,0,0,1
3,0,0,0,3
2,0,0,0,2
1,0,0,0,1
1,0,0,0,1
1,0,0,0,1
1,0,0,0,1
1,0,0,0,1
4,0,0,0,4
1,0,0,0,1
1,0,0,0,1
1,0,0,0,1
1,0,0,0,1
1,0,0,0,1
1,0,0,0,1
1,0,0,0,1
1,0,0,0,1
1,0,0,0,1
1,0,0,0,1
1,0,0,0,1
1,0,0,0,1
2,0,0,0,2
1,0,0,0,1
1,0,0,0,1
1,0,0,0,1
1,0,0,0,1
1,0,0,0,1
1,0,0,0,1
1,0,0,0,1
1,0,0,0,1
1,0,0,0,1
1,0,0,0,1
1,4,0,0,5
1,1,0,0,2
1,0,0,0,1
1,0,0,0,1
1,0,0,0,1
1,0,0,0,1
1,0,0,0,1
3,0,0,0,3
1,0,0,0,1
1,0,0,0,1
1,0,0,0,1
1,0,0,0,1
2,0,0,0,2
2,0,0,0,2
1,0,0,0,1
2,0,0,0,2
1,0,0,0,1
1,0,0,0,1
1,0,0,0,1
1,0,0,0,1
1,0,0,0,1
2,0,0,0,2
1,0,0,0,1
1,0,0,0,1
1,0,0,0,1
1,0,0,0,1
1,0,0,0,1
1,0,0,0,1
1,0,0,0,1
1,0,0,0,1
1,0,0,0,1
1,0,0,0,1
1,0,0,0,1
1,0,0,0,1
1,0,0,0,1
1,0,0,0,1
1,0,0,0,1
2,0,0,0,2
1,0,0,0,1
1,0,0,0,1
1,0,0,0,1
1,0,0,0,1
1,0,0,0,1
1,0,0,0,1
1,0,0,0,1
2,0,0,0,2
1,0,0,0,1
1,0,0,0,1
1,0,0,0,1
1,0,0,0,1
1,0,0,0,1
1,0,0,0,1
1,0,0,0,1
1,1,0,0,2
1,1,1,0,3
1,0,0,0,1
1,0,0,0,1
3,49,0,0,52
1,0,0,0,1
1,0,0,0,1
1,0,0,0,1
1,0,0,0,1
1,0,0,0,1
1,0,0,0,1
1,0,0,0,1
1,0,0,0,1
1,0,0,0,1
2,0,0,0,2
1,0,0,0,1
1,0,0,0,1
1,0,0,0,1
1,0,0,0,1
1,0,0,0,1
1,0,0,0,1
1,0,0,0,1
1,0,0,0,1
1,0,0,0,1
1,0,0,0,1
1,0,0,0,1
1,0,0,0,1
1,0,0,0,1
1,0,0,0,1
1,3,0,0,4
1,0,0,0,1
2,0,0,0,2
3,0,0,0,3
1,0,0,0,1
1,0,0,0,1
1,0,0,0,1
1,0,0,0,1
1,0,0,0,1
1,0,0,0,1
1,0,0,0,1
2,0,0,0,2
1,0,0,0,1
1,0,0,0,1
3,0,0,0,3
1,0,0,0,1
2,0,0,0,2
1,0,0,0,1
1,0,0,0,1
1,0,0,0,1
1,0,0,0,1
1,0,0,0,1
1,5,7,0,13
1,0,0,0,1
1,0,0,0,1
1,0,0,0,1
1,0,0,0,1
1,0,0,0,1
1,0,0,0,1
1,0,0,0,1
1,0,0,0,1
1,0,0,0,1
1,0,0,0,1
1,0,0,0,1
1,0,0,0,1
1,0,0,0,1
1,0,0,0,1
1,0,0,0,1
1,0,0,0,1
1,0,0,0,1
1,0,0,0,1
1,0,0,0,1
1,0,0,0,1
1,0,0,0,1
1,0,0,0,1
1,0,0,0,1
1,0,0,0,1
1,0,0,0,1
1,0,0,0,1
1,0,0,0,1
1,0,0,0,1
1,0,0,0,1
1,0,0,0,1
1,0,0,0,1
1,0,0,0,1
1,0,0,0,1
1,0,0,0,1
1,0,0,0,1
1,0,0,0,1
3,0,0,0,3
1,0,0,0,1
1,2,0,0,3
1,0,0,0,1
1,0,0,0,1
3,0,0,0,3
1,0,0,0,1
1,0,0,0,1
1,0,0,0,1
1,0,0,0,1
1,0,0,0,1
1,0,0,0,1
1,0,0,0,1
1,0,0,0,1
1,0,0,0,1
1,0,0,0,1
1,0,0,0,1
4,0,0,0,4
1,0,0,0,1
1,0,0,0,1
1,0,0,0,1
1,0,0,0,1
2,0,0,0,2
1,0,0,0,1
1,0,0,0,1
1,0,0,0,1
2,0,0,0,2
1,0,0,0,1
1,0,0,0,1
1,0,0,0,1
1,0,0,0,1
1,0,0,0,1
1,0,0,0,1
1,0,0,0,1
1,0,0,0,1
2,0,0,0,2
1,0,0,0,1
1,0,0,0,1
1,0,0,0,1
2,0,0,0,2
1,0,0,0,1
1,0,0,0,1
3,0,0,0,3
1,0,0,0,1
2,0,0,0,2
3,0,0,0,3
1,0,0,0,1
2,2,0,0,4
1,0,0,0,1
1,0,0,0,1
1,0,0,0,1
1,0,0,0,1
3,0,0,0,3
1,0,0,0,1
1,0,0,0,1
1,0,0,0,1
1,0,0,0,1
1,0,0,0,1
1,0,0,0,1
1,0,0,0,1
1,0,0,0,1
2,0,0,0,2
1,0,0,0,1
2,0,0,0,2
1,0,0,0,1
1,0,0,0,1
2,0,0,0,2
1,0,0,0,1
1,0,0,0,1
1,0,0,0,1
1,0,0,0,1
1,0,0,0,1
1,0,0,0,1
1,0,0,0,1
1,0,0,0,1
1,0,0,0,1
1,0,0,0,1
2,0,0,0,2
1,0,0,0,1
2,0,0,0,2
1,0,0,0,1
1,0,0,0,1
1,0,0,0,1
1,0,0,0,1
1,0,0,0,1
1,0,0,0,1
1,0,0,0,1
1,0,0,0,1
1,0,0,0,1
1,0,0,0,1
1,0,0,0,1
1,0,0,0,1
1,0,0,0,1
1,0,0,0,1
1,0,0,0,1
1,0,0,0,1
1,0,0,0,1
1,0,0,0,1
1,0,0,0,1
1,0,0,0,1
1,0,0,0,1
1,0,0,0,1
1,0,0,0,1
1,0,0,0,1
1,0,0,0,1
1,0,0,0,1
1,0,0,0,1
1,0,0,0,1
1,0,0,0,1
6,0,0,0,6
1,0,0,0,1
1,0,0,0,1
2,0,0,0,2
1,0,0,0,1
1,0,0,0,1
1,0,3,0,4
1,0,0,0,1
1,0,0,0,1
4,0,0,0,4
1,0,0,0,1
1,0,0,0,1
1,0,0,0,1
1,0,0,0,1
1,0,0,0,1
1,0,0,0,1
1,0,0,0,1
1,0,0,0,1
1,0,0,0,1
1,0,0,0,1
1,0,0,0,1
1,0,0,0,1
1,0,0,0,1
1,0,0,0,1
1,0,0,0,1
1,0,0,0,1
1,0,0,0,1
1,0,0,0,1
1,0,0,0,1
2,0,0,0,2
1,0,0,0,1
1,0,0,0,1
1,0,0,0,1
1,0,0,0,1
1,0,0,0,1
1,0,0,0,1
1,0,0,0,1
1,0,0,0,1
1,0,0,0,1
1,0,0,0,1
1,0,0,0,1
1,0,0,0,1
1,0,0,0,1
1,0,0,0,1
1,0,0,0,1
1,0,0,0,1
1,0,0,0,1
3,0,0,0,3
1,0,0,0,1
1,0,0,0,1
2,0,0,0,2
1,0,0,0,1
1,0,0,0,1
1,0,0,0,1
3,1,0,0,4
1,0,0,0,1
2,0,0,0,2
1,0,0,0,1
1,0,0,0,1
1,0,0,0,1
1,0,0,0,1
1,0,0,0,1
1,0,0,0,1
1,0,0,0,1
1,0,0,0,1
1,0,0,0,1
1,0,0,0,1
1,0,0,0,1
1,0,0,0,1
1,0,0,0,1
1,1,0,0,2
1,0,0,0,1
1,0,0,0,1
3,0,0,0,3
2,0,0,0,2
1,0,0,0,1
1,0,0,0,1
1,0,0,0,1
1,0,0,0,1
3,0,0,0,3
1,0,0,0,1
1,0,0,0,1
1,0,0,0,1
1,0,0,0,1
1,0,0,0,1
1,0,0,0,1
1,0,0,0,1
1,0,0,0,1
1,0,0,0,1
1,0,0,0,1
1,0,0,0,1
1,0,0,0,1
1,0,0,0,1
1,1,0,0,2
1,0,0,0,1
1,0,0,0,1
1,0,0,0,1
1,0,0,0,1
1,0,0,0,1
1,0,0,0,1
1,0,0,0,1
1,0,0,0,1
1,0,0,0,1
1,0,0,0,1
1,0,0,0,1
1,0,0,0,1
1,0,0,0,1
3,0,0,0,3
1,0,0,0,1
1,0,0,0,1
1,0,0,0,1
1,0,0,0,1
1,0,0,0,1
1,0,0,0,1
1,0,0,0,1
1,0,0,0,1
2,0,0,0,2
1,0,0,0,1
1,0,0,0,1
1,0,0,0,1
1,0,0,0,1
1,0,0,0,1
1,0,0,0,1
1,0,0,0,1
1,0,0,0,1
1,0,0,0,1
1,0,0,0,1
1,0,0,0,1
1,0,0,0,1
1,0,0,0,1
1,0,0,0,1
1,0,0,0,1
1,0,0,0,1
1,0,0,0,1
1,0,0,0,1
1,0,0,0,1
1,0,0,0,1
1,0,0,0,1
1,0,0,0,1
1,0,0,0,1
1,0,0,0,1
1,0,0,0,1
1,0,0,0,1
1,0,0,0,1
2,0,0,0,2
1,0,0,0,1
1,0,0,0,1
1,0,0,0,1
1,0,0,0,1
1,0,0,0,1
1,0,0,0,1
1,0,0,0,1
1,0,0,0,1
1,0,0,0,1
1,0,0,0,1
1,0,0,0,1
1,0,0,0,1
1,0,0,0,1
1,0,0,0,1
1,0,0,0,1
1,0,0,0,1
1,0,0,0,1
1,0,0,0,1
1,0,0,0,1
1,0,0,0,1
1,0,0,0,1
1,0,0,0,1
4,0,0,0,4
1,0,0,0,1
2,0,0,0,2
1,0,0,0,1
3,0,0,0,3
1,0,0,0,1
1,0,0,0,1
1,0,0,0,1
1,0,0,0,1
1,0,0,0,1
1,0,0,0,1
1,0,0,0,1
1,0,0,0,1
1,0,0,0,1
1,0,0,0,1
1,0,0,0,1
1,0,0,0,1
1,0,0,0,1
1,0,0,0,1
2,0,0,0,2
1,0,0,0,1
1,0,0,0,1
1,0,0,0,1
1,16,0,0,17
1,0,0,0,1
1,0,0,0,1
1,0,0,0,1
1,0,0,0,1
1,0,0,0,1
1,0,0,0,1
1,0,0,0,1
1,0,0,0,1
1,0,0,0,1
2,0,0,0,2
1,0,0,0,1
1,0,0,0,1
1,0,0,0,1
1,0,0,0,1
1,0,0,0,1
1,0,0,0,1
2,0,0,0,2
1,0,0,0,1
1,0,0,0,1
1,0,0,0,1
1,0,0,0,1
1,0,0,0,1
1,0,0,0,1
1,0,0,0,1
1,0,0,0,1
1,0,0,0,1
1,0,0,0,1
1,0,0,0,1
2,0,0,0,2
2,0,0,0,2
1,0,0,0,1
1,0,0,0,1
1,0,0,0,1
1,0,0,0,1
2,0,0,0,2
1,0,0,0,1
1,0,0,0,1
1,9,0,0,10
2,0,0,0,2
1,0,0,0,1
1,0,0,0,1
1,0,0,0,1
1,0,0,0,1
2,0,0,0,2
1,0,0,0,1
1,0,0,0,1
2,0,0,0,2
1,0,0,0,1
1,0,0,0,1
1,0,0,0,1
1,0,0,0,1
1,0,0,0,1
1,0,0,0,1
1,0,0,0,1
1,0,0,0,1
2,0,0,0,2
1,11,0,0,12
1,0,0,0,1
1,0,0,0,1
1,0,0,0,1
1,0,0,0,1
1,0,0,0,1
1,0,0,0,1
1,0,0,0,1
2,0,0,0,2
1,0,0,0,1
1,0,0,0,1
1,4,1,0,6
1,0,0,0,1
1,0,0,0,1
1,0,0,0,1
1,0,0,0,1
1,0,0,0,1
1,0,0,0,1
1,0,0,0,1
3,0,0,0,3
1,0,0,0,1
1,0,0,0,1
1,0,0,0,1
1,0,0,0,1
1,0,0,0,1
1,0,0,0,1
1,0,0,0,1
1,0,0,0,1
1,0,0,0,1
1,0,0,0,1
1,0,0,0,1
1,0,0,0,1
1,0,0,0,1
1,0,0,0,1
1,0,0,0,1
2,0,0,0,2
1,0,0,0,1
1,0,0,0,1
1,0,0,0,1
1,0,0,0,1
1,0,0,0,1
1,0,0,0,1
1,0,0,0,1
1,0,0,0,1
1,0,0,0,1
1,0,0,0,1
1,0,0,0,1
1,0,0,0,1
1,0,0,0,1
1,0,0,0,1
1,0,0,0,1
1,0,0,0,1
1,0,0,0,1
1,0,0,0,1
1,0,0,0,1
1,0,0,0,1
1,0,0,0,1
1,0,0,0,1
1,0,0,0,1
1,0,0,0,1
1,0,0,0,1
1,0,0,0,1
1,0,0,0,1
2,0,0,0,2
1,83,0,0,84
2,0,0,0,2
1,0,0,0,1
1,0,0,0,1
1,0,0,0,1
2,0,0,0,2
1,0,0,0,1
1,0,0,0,1
1,0,0,0,1
1,0,0,0,1
1,1,0,0,2
1,0,0,0,1
1,0,0,0,1
1,0,0,0,1
1,0,0,0,1
1,0,0,0,1
1,0,0,0,1
1,0,0,0,1
1,0,0,0,1
1,0,0,0,1
1,0,0,0,1
2,0,0,0,2
1,0,0,0,1
1,0,0,0,1
1,0,0,0,1
1,0,0,0,1
1,0,0,0,1
1,0,0,0,1
1,0,0,0,1
1,0,0,0,1
1,0,0,0,1
1,0,0,0,1
2,1,0,0,3
1,0,0,0,1
1,0,0,0,1
1,0,0,0,1
1,0,0,0,1
1,0,0,0,1
1,0,0,0,1
1,0,0,0,1
1,0,0,0,1
1,0,0,0,1
1,0,0,0,1
1,0,0,0,1
1,0,0,0,1
1,0,0,0,1
1,0,0,0,1
1,0,0,0,1
1,0,0,0,1
1,0,0,0,1
1,0,0,0,1
1,0,0,0,1
1,0,0,0,1
1,0,0,0,1
1,0,0,0,1
2,0,0,0,2
1,0,0,0,1
1,0,0,0,1
1,0,0,0,1
1,0,0,0,1
1,0,0,0,1
1,0,0,0,1
1,0,0,0,1
1,0,0,0,1
1,0,0,0,1
3,5,2,0,10
1,0,0,0,1
1,0,0,0,1
1,0,0,0,1
1,0,0,0,1
2,0,0,0,2
1,0,0,0,1
1,0,0,0,1
1,0,0,0,1
1,0,0,0,1
1,2,0,0,3
1,0,0,0,1
1,0,0,0,1
1,0,0,0,1
1,0,0,0,1
1,0,0,0,1
1,0,0,0,1
1,0,0,0,1
1,0,0,0,1
1,0,0,0,1
1,0,0,0,1
1,0,0,0,1
1,0,0,0,1
1,0,0,0,1
2,0,0,0,2
1,0,0,0,1
1,0,0,0,1
2,0,0,0,2
1,0,0,0,1
1,0,0,0,1
1,2,0,0,3
1,0,0,0,1
1,0,0,0,1
1,0,0,0,1
1,0,0,0,1
1,0,0,0,1
1,0,0,0,1
1,0,0,0,1
1,0,0,0,1
1,0,0,0,1
1,0,0,0,1
1,0,0,0,1
1,0,0,0,1
2,0,0,0,2
2,0,0,0,2
1,0,0,0,1
1,0,0,0,1
2,0,0,0,2
1,0,0,0,1
1,0,0,0,1
1,0,0,0,1
1,0,0,0,1
1,0,0,0,1
1,0,0,0,1
1,0,0,0,1
1,0,0,0,1
1,0,0,0,1
1,0,0,0,1
1,0,0,0,1
1,0,0,0,1
1,0,0,0,1
1,0,0,0,1
1,0,0,0,1
1,0,0,0,1
3,0,0,0,3
1,0,0,0,1
1,0,0,0,1
1,0,0,0,1
1,0,0,0,1
1,0,0,0,1
1,0,0,0,1
1,0,0,0,1
1,1,0,0,2
1,0,0,0,1
1,0,0,0,1
1,0,0,0,1
1,0,0,0,1
1,0,0,0,1
2,0,0,0,2
1,0,0,0,1
1,0,0,0,1
1,0,0,0,1
1,0,0,0,1
3,0,0,0,3
1,0,0,0,1
1,0,0,0,1
1,0,0,0,1
1,0,0,0,1
1,0,0,0,1
1,0,0,0,1
1,0,0,0,1
1,1,0,0,2
1,1,0,0,2
1,0,0,0,1
1,0,0,0,1
1,0,0,0,1
1,0,0,0,1
1,0,0,0,1
1,0,0,0,1
2,0,0,0,2
1,0,0,0,1
1,0,0,0,1
1,0,0,0,1
1,0,0,0,1
1,0,0,0,1
1,0,0,0,1
1,0,1,0,2
1,0,0,0,1
1,0,0,0,1
1,0,0,0,1
1,1,0,0,2
2,0,0,0,2
1,0,0,0,1
2,0,0,0,2
1,0,0,0,1
2,0,0,0,2
1,0,0,0,1
1,0,0,0,1
1,0,0,0,1
1,0,0,0,1
1,0,0,0,1
1,0,0,0,1
1,0,0,0,1
1,0,0,0,1
1,0,0,0,1
1,75,0,0,76
1,0,0,0,1
1,0,0,0,1
1,0,0,0,1
1,0,0,0,1
1,0,0,0,1
1,0,0,0,1
1,0,0,0,1
1,0,0,0,1
2,0,0,0,2
1,0,0,0,1
1,0,0,0,1
1,0,0,0,1
1,0,0,0,1
1,0,0,0,1
1,0,0,0,1
1,0,0,0,1
1,0,0,0,1
1,0,0,0,1
1,0,0,0,1
1,0,0,0,1
1,0,0,0,1
3,0,0,0,3
1,0,0,0,1
1,0,0,0,1
1,0,0,0,1
1,0,0,0,1
1,0,0,0,1
1,0,0,0,1
1,0,0,0,1
1,0,0,0,1
1,0,0,0,1
1,0,0,0,1
1,0,0,0,1
1,0,0,0,1
2,0,0,0,2
1,0,0,0,1
1,0,0,0,1
1,0,0,0,1
1,0,0,0,1
1,0,0,0,1
1,0,0,0,1
1,0,0,0,1
1,0,0,0,1
1,0,0,0,1
1,0,0,0,1
1,0,0,0,1
1,0,0,0,1
2,0,0,0,2
1,0,0,0,1
1,0,0,0,1
1,4,0,0,5
1,0,0,0,1
1,0,0,0,1
2,0,0,0,2
1,0,0,0,1
1,0,0,0,1
1,0,0,0,1
1,0,0,0,1
1,0,0,0,1
2,3,1,0,6
1,0,0,0,1
2,0,0,0,2
1,0,0,0,1
1,0,0,0,1
1,0,0,0,1
1,0,0,0,1
1,0,0,0,1
1,0,0,0,1
1,0,0,0,1
2,97,0,0,99
1,0,0,0,1
1,0,0,0,1
3,0,0,0,3
1,0,0,0,1
1,0,0,0,1
1,0,0,0,1
1,1,0,0,2
2,0,0,0,2
1,0,0,0,1
1,0,0,0,1
1,0,0,0,1
1,0,0,0,1
3,0,0,0,3
1,0,0,0,1
1,0,0,0,1
1,0,0,0,1
1,0,0,0,1
1,0,0,0,1
1,0,0,0,1
1,0,0,0,1
1,0,0,0,1
2,0,0,0,2
1,0,0,0,1
1,0,0,0,1
2,6,4,0,12
1,0,0,0,1
1,0,0,0,1
1,0,0,0,1
2,0,0,0,2
1,0,0,0,1
1,0,0,0,1
1,0,0,0,1
1,0,0,0,1
1,0,0,0,1
1,0,0,0,1
1,0,0,0,1
2,0,0,0,2
1,0,0,0,1
1,0,0,0,1
1,0,0,0,1
1,0,0,0,1
1,0,0,0,1
1,0,0,0,1
3,0,0,0,3
1,0,0,0,1
1,0,0,0,1
1,0,0,0,1
2,0,0,0,2
2,0,0,0,2
2,0,0,0,2
1,0,0,0,1
2,0,0,0,2
1,0,0,0,1
1,0,0,0,1
1,0,0,0,1
1,0,0,0,1
1,0,0,0,1
1,0,0,0,1
1,0,0,0,1
1,0,0,0,1
1,0,0,0,1
1,0,0,0,1
1,0,0,0,1
1,0,0,0,1
1,0,0,0,1
1,0,0,0,1
1,1,0,0,2
2,0,0,0,2
1,0,0,0,1
1,0,0,0,1
1,0,0,0,1
1,0,0,0,1
1,0,0,0,1
1,0,0,0,1
1,0,0,0,1
3,0,0,0,3
1,0,0,0,1
1,0,0,0,1
1,0,0,0,1
1,0,0,0,1
1,0,0,0,1
1,0,0,0,1
1,0,0,0,1
1,0,0,0,1
1,0,0,0,1
2,0,0,0,2
1,0,0,0,1
3,0,0,0,3
1,0,0,0,1
1,0,0,0,1
1,0,0,0,1
1,0,0,0,1
2,0,0,0,2
1,0,0,0,1
1,0,0,0,1
1,0,0,0,1
2,0,0,0,2
1,0,0,0,1
1,0,0,0,1
1,0,0,0,1
1,0,0,0,1
1,0,0,0,1
1,0,0,0,1
1,0,0,0,1
1,0,0,0,1
2,0,0,0,2
2,0,0,0,2
1,0,0,0,1
1,0,0,0,1
1,0,0,0,1
1,0,0,0,1
2,0,0,0,2
2,0,0,0,2
1,0,0,0,1
1,0,0,0,1
1,0,0,0,1
1,0,0,0,1
2,0,0,0,2
1,0,0,0,1
1,0,0,0,1
1,0,0,0,1
2,0,0,0,2
1,0,0,0,1
1,0,1,0,2
1,0,0,0,1
1,0,0,0,1
1,0,0,0,1
1,0,0,0,1
1,0,0,0,1
1,0,0,0,1
1,0,0,0,1
1,0,0,0,1
1,0,0,0,1
1,0,0,0,1
1,0,0,0,1
1,0,0,0,1
1,0,0,0,1
1,0,0,0,1
2,24,0,0,26
1,0,0,0,1
1,0,0,0,1
1,0,0,0,1
1,0,0,0,1
1,0,0,0,1
1,0,0,0,1
1,0,0,0,1
1,0,0,0,1
1,0,0,0,1
2,4,0,0,6
1,0,0,0,1
4,0,0,0,4
1,0,0,0,1
1,0,0,0,1
1,0,0,0,1
1,2,0,0,3
1,0,0,0,1
2,17,0,0,19
1,0,0,0,1
4,0,0,0,4
2,0,0,0,2
1,0,0,0,1
1,0,0,0,1
1,0,0,0,1
1,0,0,0,1
1,0,0,0,1
1,0,0,0,1
1,0,0,0,1
1,0,0,0,1
2,0,0,0,2
5,0,0,0,5
1,0,0,0,1
1,0,0,0,1
1,0,0,0,1
1,0,0,0,1
1,0,0,0,1
1,0,0,0,1
1,0,0,0,1
1,0,0,0,1
1,0,0,0,1
3,0,0,0,3
1,0,0,0,1
1,0,0,0,1
1,0,0,0,1
1,6,0,0,7
1,0,0,0,1
1,0,0,0,1
1,0,0,0,1
1,0,0,0,1
1,0,0,0,1
1,0,0,0,1
2,0,0,0,2
1,0,0,0,1
1,0,0,0,1
1,0,0,0,1
1,0,0,0,1
1,0,0,0,1
1,0,0,0,1
1,0,0,0,1
1,0,0,0,1
1,0,0,0,1
1,0,0,0,1
1,0,0,0,1
1,0,0,0,1
1,0,0,0,1
1,0,0,0,1
1,0,0,0,1
1,0,0,0,1
1,0,0,0,1
1,0,0,0,1
1,1,1,0,3
1,0,0,0,1
1,0,0,0,1
1,0,0,0,1
1,0,0,0,1
1,0,0,0,1
1,0,0,0,1
1,0,0,0,1
2,0,0,0,2
1,0,0,0,1
1,0,0,0,1
1,0,0,0,1
1,0,0,0,1
1,0,0,0,1
1,0,0,0,1
1,0,0,0,1
1,44,7,0,52
2,0,0,0,2
2,0,0,0,2
1,0,0,0,1
1,0,0,0,1
1,0,0,0,1
1,0,0,0,1
1,0,0,0,1
1,0,0,0,1
1,5,0,0,6
2,0,0,0,2
1,0,0,0,1
1,0,0,0,1
1,0,0,0,1
1,0,0,0,1
1,0,0,0,1
1,0,0,0,1
1,0,0,0,1
1,1,0,0,2
1,14,0,0,15
2,1,0,0,3
1,0,0,0,1
1,0,0,0,1
1,0,0,0,1
1,0,0,0,1
1,0,0,0,1
1,0,0,0,1
3,0,0,0,3
1,0,0,0,1
1,0,0,0,1
1,0,0,0,1
1,0,0,0,1
3,0,0,0,3
1,0,0,0,1
1,0,0,0,1
1,0,0,0,1
1,0,0,0,1
1,0,0,0,1
1,0,0,0,1
4,1,0,0,5
1,0,0,0,1
1,0,0,0,1
3,0,0,0,3
1,0,0,0,1
1,0,0,0,1
1,0,0,0,1
1,0,0,0,1
1,0,0,0,1
1,0,0,0,1
1,0,0,0,1
1,0,0,0,1
2,0,0,0,2
1,0,0,0,1
1,0,0,0,1
1,0,0,0,1
2,0,0,0,2
1,0,0,0,1
1,0,0,0,1
1,0,0,0,1
1,5,0,0,6
1,0,0,0,1
1,0,0,0,1
4,0,0,0,4
1,0,0,0,1
1,0,0,0,1
1,0,0,0,1
1,0,0,0,1
1,0,0,0,1
1,0,0,0,1
1,0,0,0,1
1,0,0,0,1
1,0,0,0,1
1,0,0,0,1
1,0,0,0,1
1,0,0,0,1
2,0,0,0,2
1,1,0,0,2
1,0,0,0,1
1,0,0,0,1
1,0,0,0,1
1,0,0,0,1
1,0,0,0,1
1,0,0,0,1
1,0,0,0,1
1,0,0,0,1
1,0,0,0,1
1,0,0,0,1
1,0,0,0,1
1,0,0,0,1
1,0,0,0,1
1,0,0,0,1
1,0,0,0,1
1,0,0,0,1
1,0,0,0,1
2,7,0,0,9
1,0,0,0,1
1,0,0,0,1
1,0,0,0,1
1,0,0,0,1
1,0,0,0,1
1,0,0,0,1
1,2,0,0,3
1,0,0,0,1
1,0,0,0,1
1,0,0,0,1
1,0,0,0,1
1,0,0,0,1
1,0,0,0,1
1,0,0,0,1
1,0,0,0,1
2,0,0,0,2
1,0,0,0,1
2,0,0,0,2
1,0,0,0,1
1,0,0,0,1
1,0,0,0,1
1,0,0,0,1
1,0,0,0,1
2,2,0,0,4
1,10,2,0,13
1,0,0,0,1
2,0,0,0,2
1,0,0,0,1
1,0,0,0,1
2,0,0,0,2
1,0,0,0,1
1,0,0,0,1
2,0,0,0,2
1,0,0,0,1
2,2,0,0,4
1,0,0,0,1
1,0,0,0,1
1,0,0,0,1
1,0,0,0,1
1,0,0,0,1
1,0,0,0,1
1,0,0,0,1
1,0,0,0,1
1,0,0,0,1
1,0,0,0,1
1,0,0,0,1
1,0,0,0,1
1,0,0,0,1
1,0,0,0,1
2,0,0,0,2
2,0,0,0,2
1,0,0,0,1
1,0,0,0,1
1,0,0,0,1
1,0,0,0,1
1,0,0,0,1
1,0,0,0,1
1,0,0,0,1
1,0,0,0,1
1,0,0,0,1
1,0,0,0,1
1,0,0,0,1
1,0,0,0,1
1,0,0,0,1
2,0,0,0,2
1,0,0,0,1
1,0,0,0,1
1,0,0,0,1
1,0,0,0,1
1,0,0,0,1
1,0,0,0,1
1,2,0,0,3
1,0,0,0,1
1,0,0,0,1
2,0,0,0,2
1,0,0,0,1
1,0,0,0,1
1,0,0,0,1
1,0,0,0,1
1,0,0,0,1
1,0,0,0,1
1,0,0,0,1
1,0,0,0,1
2,0,0,0,2
1,0,0,0,1
2,0,0,0,2
1,0,0,0,1
1,0,0,0,1
1,0,0,0,1
1,0,0,0,1
1,0,0,0,1
1,0,0,0,1
1,0,0,0,1
1,0,0,0,1
1,0,0,0,1
1,0,0,0,1
1,2,1,0,4
1,0,0,0,1
2,0,0,0,2
1,0,0,0,1
1,0,0,0,1
1,0,0,0,1
1,0,0,0,1
1,0,0,0,1
1,0,0,0,1
1,0,0,0,1
1,0,0,0,1
1,0,0,0,1
1,0,0,0,1
1,0,0,0,1
1,1,0,0,2
1,0,0,0,1
1,0,0,0,1
1,0,0,0,1
1,0,0,0,1
1,0,0,0,1
1,0,0,0,1
1,0,0,0,1
1,0,0,0,1
1,0,0,0,1
1,0,0,0,1
1,0,0,0,1
1,0,0,0,1
1,0,0,0,1
1,0,0,0,1
1,0,0,0,1
1,0,0,0,1
1,0,0,0,1
1,0,0,0,1
1,0,0,0,1
2,0,0,0,2
1,0,0,0,1
1,0,0,0,1
1,0,0,0,1
1,0,0,0,1
1,0,0,0,1
2,0,0,0,2
1,0,0,0,1
1,0,0,0,1
3,0,0,0,3
1,0,0,0,1
1,0,0,0,1
1,0,0,0,1
1,0,0,0,1
1,0,0,0,1
1,0,0,0,1
1,0,0,0,1
1,0,0,0,1
1,0,0,0,1
1,0,0,0,1
1,0,0,0,1
3,0,0,0,3
1,0,0,0,1
1,0,0,0,1
2,3,0,0,5
1,0,0,0,1
1,0,0,0,1
2,1,0,0,3
1,0,0,0,1
4,0,0,0,4
1,0,0,0,1
1,0,0,0,1
1,0,0,0,1
1,0,0,0,1
1,0,0,0,1
1,0,0,0,1
1,0,0,0,1
1,0,0,0,1
3,0,0,0,3
1,0,0,0,1
1,0,0,0,1
1,0,0,0,1
1,0,0,0,1
3,0,0,0,3
1,0,0,0,1
1,0,0,0,1
3,0,0,0,3
1,225,0,0,226
2,0,2,0,4
1,0,0,0,1
1,0,0,0,1
2,0,0,0,2
1,0,0,0,1
1,0,0,0,1
2,0,0,0,2
1,0,0,0,1
1,0,0,0,1
2,0,0,0,2
1,0,0,0,1
1,0,0,0,1
1,0,0,0,1
1,0,0,0,1
3,0,0,0,3
1,0,0,0,1
1,0,0,0,1
1,0,0,0,1
2,1,0,0,3
1,0,0,0,1
1,0,0,0,1
1,0,0,0,1
1,0,0,0,1
1,3,0,0,4
1,0,0,0,1
1,0,0,0,1
1,0,0,0,1
1,0,0,0,1
1,0,0,0,1
2,0,0,0,2
1,0,0,0,1
1,0,0,0,1
3,0,0,0,3
1,0,0,0,1
1,0,0,0,1
1,0,0,0,1
1,0,0,0,1
1,0,0,0,1
1,0,0,0,1
1,0,0,0,1
2,2,0,0,4
1,0,0,0,1
2,0,0,0,2
2,0,0,0,2
1,0,0,0,1
1,22,0,0,23
1,0,0,0,1
1,0,0,0,1
1,0,0,0,1
1,0,0,0,1
1,0,0,0,1
1,0,0,0,1
1,0,0,0,1
1,0,0,0,1
1,0,0,0,1
1,0,0,0,1
1,0,0,0,1
1,0,0,0,1
2,0,0,0,2
1,0,0,0,1
1,0,0,0,1
1,0,0,0,1
1,0,0,0,1
1,0,0,0,1
1,0,0,0,1
2,0,0,0,2
1,0,0,0,1
1,0,0,0,1
1,0,0,0,1
1,0,0,0,1
1,0,0,0,1
1,0,0,0,1
1,0,0,0,1
1,0,0,0,1
1,0,0,0,1
1,0,0,0,1
1,0,0,0,1
1,0,0,0,1
1,0,0,0,1
1,0,0,0,1
5,13,4,0,22
1,0,0,0,1
3,0,0,0,3
1,0,0,0,1
1,0,0,0,1
2,0,0,0,2
1,0,0,0,1
1,0,0,0,1
2,0,0,0,2
1,0,0,0,1
2,0,0,0,2
2,0,0,0,2
1,0,0,0,1
1,0,0,0,1
1,0,0,0,1
1,0,0,0,1
1,0,0,0,1
1,0,0,0,1
1,0,0,0,1
1,0,0,0,1
1,0,0,0,1
2,0,0,0,2
1,0,0,0,1
1,0,0,0,1
1,0,0,0,1
1,0,0,0,1
3,0,0,0,3
1,0,0,0,1
1,0,0,0,1
1,0,0,0,1
1,0,0,0,1
1,0,0,0,1
2,0,0,0,2
1,0,0,0,1
1,0,0,0,1
2,0,0,0,2
1,0,0,0,1
1,0,0,0,1
2,0,0,0,2
1,0,0,0,1
1,0,0,0,1
1,0,0,0,1
2,0,0,0,2
1,0,0,0,1
1,0,0,0,1
2,0,0,0,2
1,0,0,0,1
1,0,0,0,1
1,0,0,0,1
1,0,0,0,1
1,0,0,0,1
3,0,0,0,3
2,0,0,0,2
1,0,0,0,1
1,0,0,0,1
1,0,0,0,1
1,0,0,0,1
1,1,0,0,2
1,0,0,0,1
1,0,0,0,1
1,0,0,0,1
1,0,0,0,1
1,0,0,0,1
1,0,0,0,1
2,0,0,0,2
1,0,0,0,1
1,0,0,0,1
1,0,0,0,1
1,0,0,0,1
1,0,0,0,1
5,0,0,0,5
1,0,0,0,1
1,0,0,0,1
1,0,0,0,1
1,0,0,0,1
2,0,0,0,2
1,0,0,0,1
1,0,0,0,1
1,0,0,0,1
1,0,0,0,1
2,0,0,0,2
1,0,0,0,1
1,0,0,0,1
2,0,0,0,2
1,0,0,0,1
1,0,0,0,1
1,0,0,0,1
1,0,0,0,1
2,0,0,0,2
1,0,0,0,1
1,0,0,0,1
1,0,0,0,1
1,0,0,0,1
1,0,0,0,1
1,0,0,0,1
1,0,0,0,1
2,0,0,0,2
1,0,0,0,1
1,0,0,0,1
1,0,0,0,1
1,0,0,0,1
1,0,0,0,1
1,0,0,0,1
1,0,0,0,1
2,1,0,0,3
1,0,0,0,1
1,0,0,0,1
1,0,0,0,1
1,0,0,0,1
1,0,0,0,1
1,0,0,0,1
1,0,0,0,1
1,0,0,0,1
1,0,0,0,1
1,0,0,0,1
1,0,0,0,1
1,0,0,0,1
1,0,0,0,1
1,0,0,0,1
1,0,0,0,1
1,0,0,0,1
1,0,0,0,1
2,0,0,0,2
2,40,0,0,42
1,0,0,0,1
1,0,0,0,1
1,0,0,0,1
2,0,0,0,2
1,0,0,0,1
1,0,0,0,1
1,0,0,0,1
1,0,0,0,1
1,0,0,0,1
1,0,0,0,1
1,0,0,0,1
1,0,0,0,1
1,0,0,0,1
1,0,0,0,1
1,0,0,0,1
1,0,0,0,1
1,0,0,0,1
1,0,0,0,1
1,0,0,0,1
1,0,0,0,1
1,0,0,0,1
3,0,0,0,3
1,0,0,0,1
1,0,0,0,1
1,0,0,0,1
1,0,0,0,1
1,0,0,0,1
1,0,0,0,1
1,0,0,0,1
1,0,0,0,1
1,0,0,0,1
2,0,0,0,2
1,0,0,0,1
1,0,0,0,1
1,0,0,0,1
2,0,0,0,2
1,0,0,0,1
1,0,0,0,1
1,0,0,0,1
1,0,0,0,1
1,5,0,0,6
1,0,0,0,1
1,0,0,0,1
1,0,0,0,1
1,0,0,0,1
1,0,0,0,1
1,0,0,0,1
1,0,0,0,1
1,0,0,0,1
1,0,0,0,1
1,4,0,0,5
1,0,0,0,1
1,0,0,0,1
1,0,0,0,1
1,0,0,0,1
1,4,0,0,5
1,0,0,0,1
1,0,0,0,1
1,0,0,0,1
2,1,0,0,3
1,0,0,0,1
1,0,0,0,1
1,0,0,0,1
1,0,0,0,1
1,0,0,0,1
1,0,0,0,1
1,0,0,0,1
1,0,0,0,1
1,0,0,0,1
1,0,0,0,1
1,0,0,0,1
1,0,0,0,1
1,0,1,0,2
1,0,0,0,1
1,0,0,0,1
1,0,0,0,1
1,0,0,0,1
1,0,0,0,1
1,0,0,0,1
1,0,0,0,1
1,0,0,0,1
1,4,0,0,5
1,0,0,0,1
1,0,0,0,1
1,0,0,0,1
1,0,0,0,1
2,0,0,0,2
1,0,0,0,1
1,0,0,0,1
1,0,0,0,1
1,0,0,0,1
4,0,0,0,4
1,0,0,0,1
1,0,0,0,1
1,0,0,0,1
2,0,0,0,2
1,0,0,0,1
1,0,0,0,1
1,0,0,0,1
2,0,0,0,2
2,0,0,0,2
1,0,0,0,1
2,0,0,0,2
1,0,0,0,1
2,0,0,0,2
1,0,0,0,1
1,0,0,0,1
1,0,0,0,1
1,0,0,0,1
3,0,0,0,3
1,0,0,0,1
2,0,0,0,2
1,1,0,0,2
1,0,0,0,1
1,0,0,0,1
1,0,0,0,1
2,0,0,0,2
1,0,0,0,1
1,0,0,0,1
1,0,0,0,1
1,0,0,0,1
1,0,0,0,1
2,0,0,0,2
1,0,0,0,1
1,0,0,0,1
1,2,0,0,3
1,0,0,0,1
1,0,0,0,1
1,0,0,0,1
1,0,0,0,1
1,0,0,0,1
1,0,0,0,1
4,11,0,0,15
1,0,0,0,1
1,0,0,0,1
1,0,0,0,1
1,0,0,0,1
1,0,0,0,1
1,0,0,0,1
1,0,0,0,1
1,0,0,0,1
1,0,0,0,1
1,0,0,0,1
1,0,0,0,1
1,0,0,0,1
2,0,0,0,2
1,0,0,0,1
1,0,0,0,1
1,0,0,0,1
1,0,0,0,1
1,0,0,0,1
1,0,0,0,1
1,0,0,0,1
1,0,0,0,1
1,0,0,0,1
1,0,0,0,1
1,0,0,0,1
1,0,0,0,1
1,0,0,0,1
1,0,0,0,1
1,0,0,0,1
1,0,0,0,1
1,0,0,0,1
1,0,0,0,1
1,0,0,0,1
1,0,0,0,1
1,0,0,0,1
1,0,0,0,1
1,0,0,0,1
2,0,0,0,2
1,0,0,0,1
1,0,0,0,1
1,0,0,0,1
1,0,0,0,1
1,0,0,0,1
2,0,0,0,2
1,0,0,0,1
2,2,0,0,4
1,0,0,0,1
1,0,0,0,1
2,0,0,0,2
1,0,0,0,1
1,0,0,0,1
1,1,1,0,3
1,0,0,0,1
1,0,0,0,1
1,0,0,0,1
1,0,0,0,1
1,0,0,0,1
1,0,0,0,1
1,0,0,0,1
1,0,0,0,1
1,0,0,0,1
1,0,0,0,1
1,0,0,0,1
1,0,0,0,1
2,4,0,0,6
2,0,0,0,2
1,0,0,0,1
3,7,0,0,10
1,0,0,0,1
1,0,0,0,1
1,0,0,0,1
3,0,0,0,3
1,0,0,0,1
2,0,0,0,2
1,0,0,0,1
1,0,0,0,1
1,0,0,0,1
2,0,0,0,2
1,0,0,0,1
1,0,0,0,1
1,0,0,0,1
1,0,0,0,1
2,0,0,0,2
2,0,0,0,2
1,0,0,0,1
1,0,0,0,1
3,0,0,0,3
1,0,0,0,1
1,0,0,0,1
1,0,0,0,1
1,0,0,0,1
2,0,0,0,2
1,0,0,0,1
1,0,0,0,1
3,0,0,0,3
1,0,0,0,1
1,0,0,0,1
1,0,0,0,1
1,0,0,0,1
1,0,0,0,1
1,0,0,0,1
1,0,0,0,1
1,0,0,0,1
1,0,0,0,1
1,0,0,0,1
1,0,0,0,1
1,0,0,0,1
1,0,0,0,1
1,0,0,0,1
1,0,0,0,1
1,0,0,0,1
1,0,0,0,1
1,0,0,0,1
1,0,0,0,1
1,0,0,0,1
1,0,0,0,1
1,0,0,0,1
1,0,0,0,1
1,0,0,0,1
1,0,0,0,1
1,0,0,0,1
1,0,0,0,1
3,0,0,0,3
1,0,0,0,1
3,0,0,0,3
1,0,0,0,1
1,0,0,0,1
1,0,0,0,1
2,0,0,0,2
3,0,0,0,3
1,0,0,0,1
1,0,0,0,1
1,0,0,0,1
1,0,0,0,1
1,0,0,0,1
1,0,0,0,1
1,0,0,0,1
2,0,0,0,2
1,0,0,0,1
1,0,0,0,1
1,0,0,0,1
1,0,0,0,1
1,0,0,0,1
2,0,0,0,2
1,0,0,0,1
3,0,0,0,3
1,0,0,0,1
1,0,0,0,1
1,0,0,0,1
1,4,0,0,5
1,0,0,0,1
1,0,0,0,1
2,0,0,0,2
1,0,0,0,1
1,0,0,0,1
1,0,0,0,1
1,0,0,0,1
1,0,0,0,1
1,0,0,0,1
1,0,0,0,1
1,0,0,0,1
1,0,0,0,1
3,0,0,0,3
2,0,0,0,2
1,0,0,0,1
1,0,0,0,1
1,0,0,0,1
1,0,0,0,1
1,0,0,0,1
1,0,0,0,1
1,17,0,0,18
1,0,0,0,1
2,0,0,0,2
1,0,0,0,1
1,0,0,0,1
1,0,0,0,1
2,0,0,0,2
1,0,0,0,1
1,0,0,0,1
1,0,0,0,1
1,0,0,0,1
1,0,0,0,1
1,0,0,0,1
1,0,0,0,1
1,0,0,0,1
1,0,0,0,1
2,0,0,0,2
1,0,0,0,1
1,0,0,0,1
1,0,0,0,1
1,0,0,0,1
1,0,0,0,1
1,0,0,0,1
1,0,0,0,1
1,0,0,0,1
1,0,0,0,1
1,0,0,0,1
1,0,0,0,1
1,0,0,0,1
1,0,0,0,1
1,0,0,0,1
1,0,0,0,1
1,0,0,0,1
1,0,0,0,1
1,0,0,0,1
1,0,0,0,1
2,0,0,0,2
1,0,0,0,1
1,0,0,0,1
1,0,0,0,1
3,6,0,0,9
1,0,0,0,1
2,0,0,0,2
1,0,0,0,1
1,0,0,0,1
1,0,0,0,1
1,0,0,0,1
1,0,0,0,1
1,0,0,0,1
1,0,0,0,1
1,0,0,0,1
1,0,0,0,1
1,0,0,0,1
3,0,0,0,3
1,0,0,0,1
1,0,0,0,1
1,0,0,0,1
1,0,0,0,1
1,0,0,0,1
1,0,0,0,1
2,0,0,0,2
1,0,0,0,1
1,0,0,0,1
1,0,0,0,1
1,0,0,0,1
1,0,0,0,1
1,0,0,0,1
1,0,0,0,1
1,0,0,0,1
1,0,0,0,1
2,0,0,0,2
1,1,0,0,2
1,0,0,0,1
1,0,0,0,1
1,0,0,0,1
1,0,0,0,1
1,0,0,0,1
1,0,0,0,1
1,0,0,0,1
1,0,0,0,1
1,0,0,0,1
1,0,0,0,1
1,6,3,0,10
1,0,0,0,1
1,0,0,0,1
1,0,0,0,1
1,0,0,0,1
1,0,0,0,1
1,0,0,0,1
1,0,0,0,1
1,0,0,0,1
1,0,0,0,1
1,0,0,0,1
1,0,0,0,1
1,0,0,0,1
1,0,0,0,1
1,0,0,0,1
1,0,0,0,1
1,0,0,0,1
1,0,0,0,1
1,0,0,0,1
3,0,0,0,3
1,0,0,0,1
1,0,0,0,1
2,0,0,0,2
1,0,0,0,1
1,0,0,0,1
1,0,0,0,1
4,0,0,0,4
1,0,0,0,1
1,0,0,0,1
1,0,0,0,1
1,0,0,0,1
2,0,0,0,2
1,0,0,0,1
1,0,0,0,1
1,0,0,0,1
1,0,0,0,1
2,0,0,0,2
1,0,0,0,1
1,0,0,0,1
2,0,0,0,2
1,0,0,0,1
1,1,0,0,2
1,0,0,0,1
1,1,0,0,2
1,0,0,0,1
1,0,0,0,1
1,0,0,0,1
1,0,0,0,1
1,0,0,0,1
1,0,0,0,1
1,0,0,0,1
1,0,0,0,1
1,0,0,0,1
1,0,0,0,1
1,0,0,0,1
1,0,0,0,1
1,0,0,0,1
1,0,0,0,1
1,0,0,0,1
1,0,0,0,1
2,0,0,0,2
1,0,0,0,1
1,0,0,0,1
1,0,0,0,1
1,0,0,0,1
1,0,0,0,1
1,0,0,0,1
1,0,0,0,1
1,0,0,0,1
1,0,0,0,1
2,0,0,0,2
1,0,0,0,1
1,0,0,0,1
1,0,0,0,1
3,2,1,0,6
1,0,0,0,1
1,0,0,0,1
2,0,0,0,2
1,0,0,0,1
1,0,0,0,1
1,0,0,0,1
2,1,1,0,4
1,0,0,0,1
3,0,0,0,3
1,0,0,0,1
1,0,0,0,1
1,0,0,0,1
1,0,0,0,1
1,0,0,0,1
1,0,0,0,1
1,0,0,0,1
2,0,0,0,2
1,0,0,0,1
3,0,0,0,3
1,0,0,0,1
1,0,0,0,1
1,0,0,0,1
1,0,0,0,1
1,0,0,0,1
1,0,0,0,1
2,0,0,0,2
1,0,0,0,1
1,0,0,0,1
1,0,0,0,1
1,0,0,0,1
1,0,0,0,1
1,0,0,0,1
2,0,0,0,2
1,2,0,0,3
1,0,0,0,1
1,0,0,0,1
1,0,0,0,1
1,0,0,0,1
1,0,0,0,1
1,0,0,0,1
1,0,0,0,1
1,0,0,0,1
1,0,0,0,1
1,0,0,0,1
1,0,0,0,1
1,0,0,0,1
1,2,0,0,3
1,0,0,0,1
1,0,0,0,1
1,0,0,0,1
1,1,0,0,2
1,0,0,0,1
1,0,0,0,1
3,0,0,0,3
2,0,0,0,2
2,0,0,0,2
1,0,0,0,1
1,0,0,0,1
1,0,0,0,1
1,0,0,0,1
1,0,0,0,1
1,0,0,0,1
2,0,0,0,2
1,0,0,0,1
1,0,0,0,1
1,0,0,0,1
1,0,0,0,1
1,0,0,0,1
2,0,0,0,2
1,0,0,0,1
1,0,0,0,1
1,0,0,0,1
1,0,0,0,1
1,0,0,0,1
1,0,0,0,1
1,0,0,0,1
1,0,0,0,1
1,0,0,0,1
1,172,1,0,174
1,0,0,0,1
1,0,0,0,1
2,0,0,0,2
1,0,0,0,1
1,0,0,0,1
1,0,0,0,1
1,0,0,0,1
1,0,0,0,1
1,0,0,0,1
1,0,0,0,1
2,0,0,0,2
1,0,0,0,1
1,0,0,0,1
1,0,0,0,1
1,0,0,0,1
1,0,0,0,1
2,0,0,0,2
1,0,0,0,1
2,0,0,0,2
1,0,0,0,1
1,0,0,0,1
1,1,1,0,3
1,0,0,0,1
1,0,0,0,1
1,0,0,0,1
1,0,0,0,1
1,0,0,0,1
1,0,0,0,1
1,0,0,0,1
1,0,0,0,1
1,0,0,0,1
1,0,0,0,1
1,0,0,0,1
3,0,0,0,3
1,0,0,0,1
1,0,0,0,1
1,0,0,0,1
1,0,0,0,1
1,0,0,0,1
1,0,0,0,1
1,0,0,0,1
1,0,0,0,1
1,0,0,0,1
1,0,0,0,1
1,0,0,0,1
1,0,0,0,1
1,0,0,0,1
1,0,0,0,1
3,0,0,0,3
1,0,0,0,1
1,0,0,0,1
1,0,0,0,1
2,1,0,0,3
1,0,0,0,1
1,0,0,0,1
1,0,0,0,1
1,0,0,0,1
1,0,0,0,1
2,0,0,0,2
1,5,0,0,6
1,0,0,0,1
1,0,0,0,1
1,0,0,0,1
2,0,0,0,2
1,0,0,0,1
1,0,0,0,1
2,0,0,0,2
1,0,0,0,1
1,0,0,0,1
1,0,0,0,1
1,0,0,0,1
1,0,0,0,1
1,0,0,0,1
2,0,0,0,2
2,0,0,0,2
1,0,0,0,1
1,0,0,0,1
1,0,0,0,1
1,0,0,0,1
2,0,0,0,2
1,0,0,0,1
1,0,0,0,1
5,0,0,0,5
2,0,0,0,2
1,0,0,0,1
1,0,0,0,1
2,0,0,0,2
1,0,0,0,1
1,0,0,0,1
1,0,0,0,1
1,0,0,0,1
1,0,0,0,1
1,0,0,0,1
1,0,0,0,1
1,0,0,0,1
1,0,0,0,1
5,0,0,0,5
2,0,0,0,2
1,0,0,0,1
1,0,0,0,1
1,0,0,0,1
1,0,0,0,1
1,0,0,0,1
1,0,0,0,1
1,0,0,0,1
1,0,0,0,1
1,0,0,0,1
1,0,0,0,1
1,0,0,0,1
1,0,0,0,1
1,0,0,0,1
1,0,0,0,1
1,0,0,0,1
1,0,0,0,1
1,0,0,0,1
1,0,0,0,1
1,0,0,0,1
2,0,0,0,2
1,0,0,0,1
1,0,0,0,1
1,0,0,0,1
1,0,0,0,1
1,0,0,0,1
1,0,0,0,1
2,0,0,0,2
1,0,0,0,1
1,0,0,0,1
1,0,0,0,1
1,0,0,0,1
1,0,0,0,1
1,0,0,0,1
1,0,0,0,1
1,0,0,0,1
1,0,0,0,1
1,0,0,0,1
1,0,0,0,1
1,0,0,0,1
3,0,0,0,3
2,0,0,0,2
1,0,0,0,1
1,0,0,0,1
1,0,0,0,1
1,0,0,0,1
1,0,0,0,1
2,0,0,0,2
1,0,0,0,1
2,0,0,0,2
1,0,0,0,1
3,0,0,0,3
1,0,0,0,1
1,0,0,0,1
1,0,0,0,1
1,0,0,0,1
1,0,0,0,1
1,0,0,0,1
1,0,0,0,1
1,0,0,0,1
2,0,0,0,2
1,0,0,0,1
1,0,0,0,1
1,0,0,0,1
1,0,0,0,1
1,0,0,0,1
1,0,0,0,1
1,0,0,0,1
1,0,0,0,1
1,0,0,0,1
1,0,0,0,1
1,0,0,0,1
2,0,0,0,2
1,0,0,0,1
1,0,0,0,1
1,0,0,0,1
1,0,0,0,1
2,0,0,0,2
1,0,0,0,1
1,0,0,0,1
1,0,0,0,1
1,0,0,0,1
1,0,0,0,1
1,0,0,0,1
1,0,0,0,1
2,1,0,0,3
1,0,0,0,1
1,0,0,0,1
1,0,0,0,1
1,0,0,0,1
2,0,0,0,2
1,0,0,0,1
1,0,0,0,1
1,0,0,0,1
1,0,0,0,1
1,0,0,0,1
1,0,0,0,1
2,0,0,0,2
2,0,0,0,2
1,0,0,0,1
1,0,0,0,1
1,0,0,0,1
1,0,0,0,1
1,0,0,0,1
1,0,0,0,1
1,0,0,0,1
1,0,0,0,1
1,0,0,0,1
1,0,0,0,1
1,0,0,0,1
1,0,0,0,1
1,0,0,0,1
1,0,0,0,1
1,0,0,0,1
2,0,0,0,2
1,0,0,0,1
1,0,0,0,1
1,0,0,0,1
1,0,0,0,1
1,0,0,0,1
1,0,0,0,1
1,0,0,0,1
1,0,0,0,1
1,0,0,0,1
1,0,0,0,1
1,0,0,0,1
1,0,0,0,1
2,0,0,0,2
1,0,0,0,1
1,0,0,0,1
1,0,0,0,1
1,0,0,0,1
1,0,0,0,1
1,0,0,0,1
1,0,0,0,1
1,0,0,0,1
1,0,0,0,1
1,0,0,0,1
1,2,0,0,3
1,2,0,0,3
1,0,0,0,1
1,0,0,0,1
1,0,0,0,1
1,0,0,0,1
2,0,0,0,2
1,0,0,0,1
1,0,0,0,1
1,0,0,0,1
1,0,0,0,1
1,0,0,0,1
1,0,0,0,1
1,0,0,0,1
1,0,0,0,1
1,0,0,0,1
1,0,0,0,1
1,0,0,0,1
1,0,0,0,1
1,0,0,0,1
1,0,0,0,1
2,0,0,0,2
1,0,0,0,1
1,10,0,0,11
2,0,0,0,2
4,0,0,0,4
2,0,0,0,2
1,2,0,0,3
1,0,0,0,1
1,0,0,0,1
1,0,0,0,1
1,0,0,0,1
1,0,0,0,1
1,0,0,0,1
1,0,0,0,1
1,0,0,0,1
1,0,0,0,1
1,0,0,0,1
1,0,0,0,1
1,0,0,0,1
1,0,0,0,1
1,0,0,0,1
1,0,0,0,1
1,0,0,0,1
2,0,0,0,2
1,1,0,0,2
1,0,0,0,1
1,0,0,0,1
1,0,0,0,1
1,0,0,0,1
1,0,0,0,1
1,0,0,0,1
1,0,0,0,1
1,0,0,0,1
2,0,0,0,2
1,0,0,0,1
2,0,0,0,2
1,0,0,0,1
1,0,0,0,1
1,0,0,0,1
1,0,0,0,1
1,0,0,0,1
1,0,0,0,1
1,2,0,0,3
1,0,0,0,1
2,0,0,0,2
2,1,0,0,3
1,0,0,0,1
1,0,0,0,1
1,0,0,0,1
1,0,0,0,1
1,0,0,0,1
1,0,0,0,1
1,0,0,0,1
1,0,0,0,1
1,0,0,0,1
1,0,0,0,1
1,0,0,0,1
1,0,0,0,1
1,0,0,0,1
1,0,0,0,1
1,0,0,0,1
2,0,0,0,2
4,0,0,0,4
1,0,0,0,1
1,0,0,0,1
2,0,0,0,2
1,0,0,0,1
1,0,0,0,1
1,0,0,0,1
1,0,0,0,1
1,0,0,0,1
1,0,0,0,1
1,0,0,0,1
1,0,0,0,1
1,0,0,0,1
1,0,0,0,1
2,0,0,0,2
2,5,0,0,7
1,0,0,0,1
1,0,0,0,1
1,0,0,0,1
3,0,0,0,3
1,0,0,0,1
2,0,0,0,2
1,0,0,0,1
1,0,0,0,1
1,0,0,0,1
1,0,0,0,1
1,0,0,0,1
2,0,0,0,2
1,0,0,0,1
1,0,0,0,1
3,0,0,0,3
1,0,0,0,1
1,0,0,0,1
1,0,0,0,1
1,0,0,0,1
1,0,0,0,1
1,0,0,0,1
1,0,0,0,1
1,0,0,0,1
1,0,0,0,1
1,0,0,0,1
2,0,0,0,2
1,0,0,0,1
1,0,0,0,1
4,0,0,0,4
1,0,0,0,1
2,0,0,0,2
1,0,0,0,1
1,0,0,0,1
1,0,0,0,1
1,0,0,0,1
3,0,0,0,3
1,0,0,0,1
1,0,0,0,1
1,0,0,0,1
1,0,0,0,1
1,0,0,0,1
1,0,0,0,1
1,0,0,0,1
1,0,0,0,1
1,0,0,0,1
1,0,0,0,1
1,0,0,0,1
1,0,0,0,1
1,0,0,0,1
1,0,0,0,1
1,0,0,0,1
3,0,0,0,3
1,0,0,0,1
1,0,0,0,1
1,0,0,0,1
2,0,0,0,2
1,0,0,0,1
1,0,0,0,1
1,0,0,0,1
5,3,0,0,8
1,0,0,0,1
1,0,0,0,1
1,0,0,0,1
1,0,0,0,1
1,0,0,0,1
1,0,0,0,1
1,0,0,0,1
1,0,0,0,1
1,0,0,0,1
1,0,0,0,1
1,0,0,0,1
1,0,0,0,1
1,0,0,0,1
1,0,0,0,1
1,0,0,0,1
2,2,0,0,4
1,0,0,0,1
1,0,0,0,1
1,0,0,0,1
1,0,0,0,1
1,0,0,0,1
1,0,0,0,1
1,0,0,0,1
1,0,0,0,1
1,0,0,0,1
2,10,1,0,13
1,0,0,0,1
1,0,0,0,1
1,0,0,0,1
1,0,0,0,1
1,0,0,0,1
1,1,0,0,2
1,0,0,0,1
1,0,0,0,1
1,0,0,0,1
1,0,0,0,1
1,0,0,0,1
4,0,0,0,4
1,0,0,0,1
1,0,0,0,1
1,0,0,0,1
1,0,0,0,1
1,0,0,0,1
1,0,0,0,1
1,0,0,0,1
1,0,0,0,1
1,0,0,0,1
1,0,0,0,1
1,0,0,0,1
1,0,0,0,1
1,0,0,0,1
1,0,0,0,1
1,0,0,0,1
1,0,0,0,1
2,0,0,0,2
1,0,0,0,1
1,0,0,0,1
1,0,0,0,1
1,0,0,0,1
1,0,0,0,1
1,0,0,0,1
1,0,0,0,1
2,0,0,0,2
1,0,0,0,1
1,0,0,0,1
1,0,0,0,1
1,0,0,0,1
4,1,0,0,5
1,0,0,0,1
1,0,0,0,1
1,0,0,0,1
1,0,0,0,1
1,0,0,0,1
2,0,0,0,2
1,0,0,0,1
2,0,0,0,2
1,0,0,0,1
1,0,0,0,1
1,0,0,0,1
1,0,0,0,1
1,0,0,0,1
1,0,0,0,1
1,0,0,0,1
1,0,0,0,1
1,0,0,0,1
1,0,0,0,1
1,0,0,0,1
1,6,2,0,9
1,0,0,0,1
2,0,0,0,2
1,0,0,0,1
2,0,0,0,2
1,0,0,0,1
1,0,0,0,1
1,0,0,0,1
1,0,0,0,1
1,0,0,0,1
1,0,0,0,1
1,0,0,0,1
1,0,0,0,1
2,0,0,0,2
1,0,0,0,1
2,0,0,0,2
1,0,0,0,1
1,0,0,0,1
1,0,0,0,1
1,0,0,0,1
2,0,0,0,2
2,0,0,0,2
2,0,0,0,2
1,0,0,0,1
1,0,0,0,1
1,0,0,0,1
1,0,0,0,1
1,0,0,0,1
1,0,0,0,1
1,0,0,0,1
1,0,0,0,1
1,0,0,0,1
1,0,0,0,1
2,0,0,0,2
1,2,0,0,3
1,0,0,0,1
1,0,0,0,1
1,0,0,0,1
1,0,0,0,1
1,0,0,0,1
1,0,0,0,1
1,0,0,0,1
2,0,0,0,2
1,0,0,0,1
1,0,0,0,1
1,0,0,0,1
1,0,0,0,1
1,0,0,0,1
1,0,0,0,1
1,0,0,0,1
1,0,0,0,1
1,0,0,0,1
2,0,0,0,2
1,0,0,0,1
1,0,0,0,1
1,2,0,0,3
1,0,0,0,1
1,5,0,0,6
1,0,0,0,1
2,0,0,0,2
1,0,0,0,1
1,0,0,0,1
1,0,0,0,1
1,0,0,0,1
1,0,0,0,1
1,0,0,0,1
1,0,0,0,1
2,0,0,0,2
1,0,0,0,1
1,0,0,0,1
1,0,0,0,1
1,0,0,0,1
1,0,0,0,1
1,0,0,0,1
1,0,0,0,1
1,0,0,0,1
1,0,0,0,1
1,14,0,0,15
1,1,0,0,2
1,0,0,0,1
2,0,0,0,2
1,0,0,0,1
1,0,0,0,1
1,0,0,0,1
1,0,0,0,1
1,0,0,0,1
1,0,0,0,1
1,0,0,0,1
1,0,0,0,1
2,0,0,0,2
1,0,0,0,1
1,0,0,0,1
1,0,0,0,1
1,0,0,0,1
2,0,0,0,2
2,0,0,0,2
1,0,0,0,1
1,0,0,0,1
1,0,0,0,1
1,0,0,0,1
1,0,0,0,1
1,0,0,0,1
3,0,0,0,3
1,0,0,0,1
1,0,0,0,1
5,0,0,0,5
1,0,0,0,1
1,0,0,0,1
1,0,0,0,1
1,0,0,0,1
1,0,0,0,1
1,0,0,0,1
1,0,0,0,1
1,0,0,0,1
1,0,0,0,1
2,0,0,0,2
1,0,0,0,1
1,0,0,0,1
4,0,0,0,4
1,0,0,0,1
1,0,0,0,1
1,0,0,0,1
1,0,0,0,1
1,0,0,0,1
1,0,0,0,1
1,0,0,0,1
1,0,0,0,1
1,0,0,0,1
1,0,0,0,1
1,0,0,0,1
1,0,0,0,1
1,0,0,0,1
1,0,0,0,1
1,0,0,0,1
1,0,0,0,1
1,0,0,0,1
1,0,0,0,1
4,0,0,0,4
1,0,0,0,1
2,4,0,0,6
1,0,0,0,1
1,2,0,0,3
1,0,0,0,1
1,0,0,0,1
1,0,0,0,1
1,0,0,0,1
1,0,0,0,1
2,2,0,0,4
1,0,0,0,1
1,0,0,0,1
1,0,0,0,1
1,0,0,0,1
1,0,0,0,1
1,0,0,0,1
1,0,0,0,1
1,0,0,0,1
1,0,0,0,1
1,0,0,0,1
1,0,0,0,1
1,0,0,0,1
1,0,0,0,1
1,0,0,0,1
1,0,0,0,1
1,0,0,0,1
1,0,0,0,1
1,0,0,0,1
1,0,0,0,1
1,0,0,0,1
2,0,0,0,2
1,0,0,0,1
1,0,0,0,1
1,0,0,0,1
2,0,0,0,2
1,0,0,0,1
1,0,0,0,1
1,1,1,0,3
2,0,0,0,2
1,0,0,0,1
1,0,0,0,1
1,0,0,0,1
1,0,0,0,1
1,0,0,0,1
1,0,0,0,1
1,0,0,0,1
1,0,0,0,1
1,0,0,0,1
1,0,0,0,1
1,0,0,0,1
1,0,0,0,1
1,0,0,0,1
1,0,0,0,1
1,0,0,0,1
1,0,0,0,1
1,0,0,0,1
1,0,0,0,1
1,0,0,0,1
1,0,0,0,1
1,0,0,0,1
1,0,0,0,1
1,0,0,0,1
1,0,0,0,1
1,0,0,0,1
1,2,1,0,4
1,0,0,0,1
1,0,0,0,1
1,0,0,0,1
1,0,0,0,1
1,0,0,0,1
1,0,0,0,1
1,0,0,0,1
1,0,0,0,1
1,0,0,0,1
1,0,0,0,1
2,0,0,0,2
1,0,0,0,1
1,0,0,0,1
1,0,0,0,1
1,0,0,0,1
1,0,0,0,1
1,0,0,0,1
1,0,0,0,1
1,0,0,0,1
2,0,0,0,2
1,0,0,0,1
1,0,0,0,1
1,0,0,0,1
2,0,0,0,2
2,1,1,0,4
1,0,0,0,1
1,0,0,0,1
1,0,0,0,1
1,0,0,0,1
2,0,0,0,2
1,0,0,0,1
1,0,0,0,1
4,0,0,0,4
1,0,0,0,1
1,0,0,0,1
1,0,0,0,1
3,0,0,0,3
1,0,0,0,1
2,0,0,0,2
1,0,0,0,1
2,0,0,0,2
1,0,0,0,1
1,0,0,0,1
1,0,0,0,1
1,0,0,0,1
1,0,0,0,1
1,0,0,0,1
1,0,0,0,1
1,0,0,0,1
1,2,0,0,3
1,0,0,0,1
1,0,0,0,1
2,0,0,0,2
1,0,0,0,1
1,0,0,0,1
1,0,0,0,1
1,0,0,0,1
1,0,0,0,1
1,0,0,0,1
1,0,0,0,1
1,0,0,0,1
1,0,0,0,1
1,0,0,0,1
2,0,0,0,2
1,0,0,0,1
1,0,0,0,1
1,0,0,0,1
1,0,0,0,1
1,0,0,0,1
3,0,0,0,3
2,0,0,0,2
1,0,0,0,1
1,0,0,0,1
1,0,0,0,1
1,0,0,0,1
1,0,0,0,1
1,0,0,0,1
1,0,0,0,1
1,0,0,0,1
1,6,0,0,7
2,0,0,0,2
2,0,0,0,2
1,0,0,0,1
1,0,0,0,1
1,0,0,0,1
1,0,0,0,1
1,0,0,0,1
1,0,0,0,1
1,0,0,0,1
1,0,0,0,1
1,0,0,0,1
1,0,0,0,1
1,0,0,0,1
1,0,0,0,1
1,0,0,0,1
1,0,0,0,1
1,0,0,0,1
1,0,0,0,1
1,0,0,0,1
1,0,0,0,1
1,0,0,0,1
1,0,0,0,1
1,0,0,0,1
1,0,0,0,1
2,0,0,0,2
1,0,0,0,1
1,0,0,0,1
4,0,0,0,4
2,0,0,0,2
1,0,0,0,1
1,0,0,0,1
1,0,0,0,1
1,17,0,0,18
1,0,0,0,1
1,0,0,0,1
1,0,0,0,1
1,0,0,0,1
1,0,0,0,1
1,0,0,0,1
1,0,0,0,1
1,0,0,0,1
1,0,0,0,1
1,0,0,0,1
1,0,0,0,1
1,0,0,0,1
1,0,0,0,1
1,0,0,0,1
1,0,0,0,1
1,0,0,0,1
1,0,0,0,1
1,0,0,0,1
1,0,0,0,1
1,0,0,0,1
2,0,0,0,2
1,0,0,0,1
1,0,0,0,1
2,0,0,0,2
1,0,0,0,1
1,0,0,0,1
1,0,0,0,1
1,1,0,0,2
1,0,0,0,1
1,0,0,0,1
2,8,0,0,10
1,0,0,0,1
1,0,0,0,1
1,0,0,0,1
1,0,0,0,1
1,0,0,0,1
1,0,0,0,1
1,0,0,0,1
1,0,0,0,1
1,0,0,0,1
1,0,0,0,1
2,0,0,0,2
1,0,0,0,1
1,0,0,0,1
1,0,0,0,1
1,0,0,0,1
1,0,0,0,1
1,0,0,0,1
1,0,0,0,1
1,0,0,0,1
1,0,0,0,1
1,0,0,0,1
1,1,0,0,2
1,0,0,0,1
1,0,0,0,1
2,0,0,0,2
1,0,0,0,1
1,0,0,0,1
3,3,0,0,6
3,0,0,0,3
1,0,0,0,1
1,0,0,0,1
1,0,0,0,1
1,0,0,0,1
1,0,0,0,1
1,0,0,0,1
1,0,0,0,1
1,0,0,0,1
1,0,0,0,1
1,0,0,0,1
1,0,0,0,1
2,0,0,0,2
1,0,0,0,1
1,0,0,0,1
1,0,0,0,1
1,0,0,0,1
1,0,0,0,1
1,0,0,0,1
1,0,0,0,1
1,0,0,0,1
1,0,0,0,1
1,0,0,0,1
1,0,0,0,1
1,0,0,0,1
1,0,0,0,1
1,0,0,0,1
1,0,0,0,1
1,0,0,0,1
1,0,0,0,1
1,0,0,0,1
1,0,0,0,1
4,0,0,0,4
1,0,0,0,1
1,0,0,0,1
1,0,0,0,1
1,0,0,0,1
1,0,0,0,1
1,0,0,0,1
1,0,0,0,1
1,0,0,0,1
1,0,0,0,1
1,0,0,0,1
1,0,0,0,1
1,0,0,0,1
1,0,0,0,1
1,0,0,0,1
1,0,0,0,1
1,0,0,0,1
1,0,0,0,1
2,0,0,0,2
1,0,0,0,1
1,0,0,0,1
1,0,0,0,1
2,0,0,0,2
3,0,0,0,3
1,0,0,0,1
1,0,0,0,1
1,0,0,0,1
1,0,0,0,1
1,0,0,0,1
1,0,0,0,1
1,0,0,0,1
3,0,0,0,3
3,0,0,0,3
1,0,0,0,1
2,0,0,0,2
1,0,0,0,1
1,0,0,0,1
1,0,0,0,1
1,0,0,0,1
1,0,0,0,1
1,0,0,0,1
1,0,0,0,1
1,0,0,0,1
1,0,0,0,1
1,101,0,0,102
1,0,0,0,1
3,0,0,0,3
1,0,0,0,1
1,0,0,0,1
1,0,0,0,1
1,0,0,0,1
1,0,0,0,1
1,0,0,0,1
2,0,0,0,2
1,0,0,0,1
1,5,0,0,6
1,0,0,0,1
1,0,0,0,1
1,0,0,0,1
1,0,0,0,1
1,1,0,0,2
1,0,0,0,1
1,0,0,0,1
1,0,0,0,1
1,0,0,0,1
1,0,0,0,1
1,0,0,0,1
2,0,0,0,2
1,0,0,0,1
1,0,0,0,1
1,0,0,0,1
1,0,0,0,1
1,0,0,0,1
1,0,0,0,1
1,0,0,0,1
1,0,0,0,1
1,0,0,0,1
1,0,0,0,1
2,0,0,0,2
1,0,0,0,1
1,0,0,0,1
1,0,0,0,1
1,0,0,0,1
1,0,0,0,1
3,0,0,0,3
1,0,0,0,1
1,0,0,0,1
1,2,0,0,3
1,0,0,0,1
1,0,0,0,1
1,0,0,0,1
1,0,0,0,1
1,0,0,0,1
1,0,0,0,1
1,0,0,0,1
1,0,0,0,1
1,3,0,0,4
1,0,0,0,1
1,0,0,0,1
1,0,0,0,1
1,0,0,0,1
1,0,0,0,1
1,0,0,0,1
1,0,0,0,1
1,0,0,0,1
1,0,0,0,1
1,0,0,0,1
1,0,0,0,1
1,0,0,0,1
2,0,0,0,2
1,0,0,0,1
1,0,0,0,1
1,0,0,0,1
1,0,0,0,1
1,0,0,0,1
1,0,0,0,1
1,0,0,0,1
1,0,0,0,1
1,0,0,0,1
1,0,0,0,1
1,0,0,0,1
1,0,0,0,1
1,0,0,0,1
1,0,0,0,1
1,0,0,0,1
1,0,0,0,1
5,0,0,0,5
1,0,0,0,1
1,0,0,0,1
1,0,0,0,1
1,0,0,0,1
1,0,0,0,1
1,0,0,0,1
1,0,0,0,1
1,0,0,0,1
1,0,0,0,1
1,0,0,0,1
1,0,0,0,1
2,0,0,0,2
1,0,0,0,1
1,0,0,0,1
1,0,0,0,1
1,0,0,0,1
2,0,0,0,2
1,0,0,0,1
1,0,0,0,1
1,0,0,0,1
1,0,0,0,1
1,0,0,0,1
1,0,0,0,1
1,0,0,0,1
1,0,0,0,1
1,0,0,0,1
1,0,0,0,1
2,0,0,0,2
1,0,0,0,1
2,0,0,0,2
1,0,0,0,1
1,0,0,0,1
1,0,0,0,1
1,0,0,0,1
1,0,0,0,1
1,0,0,0,1
2,0,0,0,2
2,0,0,0,2
1,0,0,0,1
1,0,0,0,1
1,0,0,0,1
1,0,0,0,1
1,0,0,0,1
1,0,0,0,1
1,0,0,0,1
1,0,0,0,1
1,0,0,0,1
1,0,0,0,1
1,0,0,0,1
1,12,0,0,13
1,0,0,0,1
1,0,0,0,1
1,0,0,0,1
1,0,0,0,1
1,0,0,0,1
1,0,0,0,1
1,0,0,0,1
3,0,0,0,3
2,55,0,0,57
1,0,0,0,1
1,0,0,0,1
1,0,0,0,1
1,0,0,0,1
1,0,0,0,1
2,0,0,0,2
1,0,0,0,1
1,0,0,0,1
1,1,1,0,3
1,3,0,0,4
1,0,0,0,1
1,0,0,0,1
1,0,0,0,1
2,0,1,0,3
1,0,0,0,1
1,0,0,0,1
1,0,0,0,1
1,0,0,0,1
1,0,0,0,1
1,0,0,0,1
2,0,0,0,2
1,0,0,0,1
1,0,1,0,2
1,0,0,0,1
1,0,0,0,1
1,0,0,0,1
1,0,0,0,1
1,0,0,0,1
2,0,0,0,2
2,4,0,0,6
1,0,0,0,1
1,0,0,0,1
1,0,0,0,1
1,0,0,0,1
1,0,0,0,1
1,0,0,0,1
1,0,0,0,1
1,0,0,0,1
1,0,0,0,1
1,0,0,0,1
1,0,0,0,1
2,0,0,0,2
1,0,0,0,1
1,0,0,0,1
1,0,0,0,1
1,0,0,0,1
1,0,0,0,1
1,0,0,0,1
1,0,0,0,1
1,0,0,0,1
1,0,0,0,1
1,0,0,0,1
1,0,0,0,1
1,0,0,0,1
1,0,0,0,1
2,0,0,0,2
1,0,0,0,1
3,0,0,0,3
1,0,0,0,1
1,0,0,0,1
2,0,0,0,2
1,0,0,0,1
1,0,0,0,1
1,0,0,0,1
1,6,0,0,7
1,0,0,0,1
1,0,0,0,1
1,3,0,0,4
1,0,0,0,1
1,0,0,0,1
1,0,0,0,1
1,0,0,0,1
1,0,0,0,1
1,0,0,0,1
1,0,0,0,1
1,0,0,0,1
1,0,0,0,1
1,0,0,0,1
1,0,0,0,1
1,0,0,0,1
1,0,0,0,1
1,0,0,0,1
1,0,0,0,1
3,0,0,0,3
1,0,0,0,1
1,0,0,0,1
1,0,0,0,1
1,0,0,0,1
1,0,0,0,1
1,0,0,0,1
1,0,0,0,1
1,0,0,0,1
1,0,0,0,1
1,0,0,0,1
1,0,0,0,1
1,0,0,0,1
1,0,0,0,1
1,0,0,0,1
1,0,0,0,1
1,0,0,0,1
1,0,0,0,1
1,0,0,0,1
1,0,0,0,1
1,0,0,0,1
5,0,0,0,5
1,0,0,0,1
1,0,0,0,1
1,0,0,0,1
1,0,0,0,1
1,0,0,0,1
1,0,0,0,1
1,0,0,0,1
1,0,0,0,1
1,0,0,0,1
1,0,0,0,1
1,0,0,0,1
1,53,0,0,54
1,0,0,0,1
1,0,0,0,1
1,0,0,0,1
1,0,0,0,1
1,0,0,0,1
1,0,0,0,1
1,0,0,0,1
1,0,0,0,1
2,0,0,0,2
1,0,0,0,1
1,0,0,0,1
1,0,0,0,1
3,0,0,0,3
1,0,0,0,1
1,0,0,0,1
3,0,0,0,3
1,0,0,0,1
1,0,0,0,1
1,0,0,0,1
1,0,0,0,1
1,0,0,0,1
1,0,0,0,1
1,0,0,0,1
1,0,0,0,1
1,0,0,0,1
1,0,0,0,1
1,0,0,0,1
1,0,0,0,1
1,0,0,0,1
1,0,0,0,1
2,0,0,0,2
1,0,0,0,1
1,0,0,0,1
1,0,0,0,1
1,0,0,0,1
1,0,0,0,1
1,0,0,0,1
1,0,0,0,1
1,0,0,0,1
1,0,0,0,1
2,0,0,0,2
1,0,0,0,1
1,0,0,0,1
1,0,0,0,1
1,0,0,0,1
1,0,0,0,1
1,0,0,0,1
1,0,0,0,1
1,0,0,0,1
2,0,0,0,2
1,0,0,0,1
1,0,0,0,1
2,0,0,0,2
1,0,0,0,1
2,0,0,0,2
3,0,0,0,3
1,0,0,0,1
1,0,0,0,1
1,0,0,0,1
1,0,0,0,1
1,0,0,0,1
2,0,0,0,2
1,0,0,0,1
2,0,0,0,2
1,0,0,0,1
1,0,0,0,1
1,0,0,0,1
1,0,0,0,1
1,0,0,0,1
1,0,0,0,1
1,0,0,0,1
1,0,0,0,1
1,0,0,0,1
1,0,0,0,1
1,0,0,0,1
1,0,0,0,1
1,0,0,0,1
1,0,0,0,1
1,0,0,0,1
1,0,0,0,1
1,0,0,0,1
1,0,0,0,1
1,0,0,0,1
2,0,0,0,2
1,0,0,0,1
1,0,0,0,1
1,0,0,0,1
1,0,0,0,1
2,0,0,0,2
1,0,0,0,1
1,0,0,0,1
2,0,0,0,2
1,0,0,0,1
1,0,0,0,1
3,0,0,0,3
1,0,0,0,1
1,0,0,0,1
1,0,0,0,1
1,0,0,0,1
1,0,0,0,1
1,0,0,0,1
4,0,0,0,4
1,0,0,0,1
2,0,0,0,2
1,0,0,0,1
1,0,0,0,1
1,0,0,0,1
1,0,0,0,1
1,0,0,0,1
1,0,0,0,1
1,0,0,0,1
1,0,0,0,1
1,0,0,0,1
1,0,0,0,1
2,0,0,0,2
1,0,0,0,1
1,0,0,0,1
1,0,0,0,1
1,0,0,0,1
1,0,0,0,1
5,0,0,0,5
1,0,0,0,1
1,0,0,0,1
1,0,0,0,1
3,0,0,0,3
1,0,0,0,1
1,0,0,0,1
2,0,0,0,2
2,0,0,0,2
1,0,0,0,1
1,0,0,0,1
2,0,0,0,2
1,0,0,0,1
1,0,0,0,1
1,0,0,0,1
1,0,0,0,1
1,0,0,0,1
2,0,0,0,2
1,0,0,0,1
1,0,0,0,1
1,0,0,0,1
1,0,0,0,1
1,0,0,0,1
1,0,0,0,1
1,0,0,0,1
1,0,0,0,1
1,0,0,0,1
1,0,0,0,1
1,0,0,0,1
2,0,0,0,2
1,0,0,0,1
1,0,0,0,1
1,0,0,0,1
1,0,0,0,1
1,0,0,0,1
1,1,0,0,2
1,0,0,0,1
1,0,0,0,1
1,0,0,0,1
1,0,0,0,1
1,0,0,0,1
1,0,0,0,1
3,0,0,0,3
1,0,0,0,1
1,0,0,0,1
1,0,0,0,1
3,0,0,0,3
1,0,0,0,1
1,0,0,0,1
1,0,0,0,1
1,0,0,0,1
1,0,0,0,1
2,0,0,0,2
2,0,0,0,2
1,0,0,0,1
1,0,0,0,1
1,0,0,0,1
1,0,0,0,1
1,0,0,0,1
1,0,0,0,1
1,0,0,0,1
1,0,0,0,1
1,0,0,0,1
1,0,0,0,1
1,0,0,0,1
1,0,0,0,1
2,0,0,0,2
1,0,0,0,1
1,0,0,0,1
1,0,0,0,1
1,0,0,0,1
2,0,0,0,2
1,0,0,0,1
1,0,0,0,1
1,0,0,0,1
1,0,0,0,1
1,0,0,0,1
1,0,0,0,1
1,0,0,0,1
1,0,0,0,1
1,0,0,0,1
4,0,0,0,4
1,0,0,0,1
1,0,0,0,1
1,0,0,0,1
1,0,0,0,1
1,0,0,0,1
1,0,0,0,1
1,0,0,0,1
1,0,0,0,1
1,0,0,0,1
1,0,0,0,1
1,0,0,0,1
1,0,0,0,1
1,0,0,0,1
1,0,0,0,1
3,0,0,0,3
1,0,0,0,1
1,0,0,0,1
1,0,0,0,1
1,0,0,0,1
1,0,0,0,1
1,0,0,0,1
1,0,0,0,1
1,0,0,0,1
1,0,0,0,1
1,0,0,0,1
1,0,0,0,1
1,0,0,0,1
1,0,0,0,1
1,0,0,0,1
1,0,0,0,1
1,0,0,0,1
1,0,0,0,1
1,0,0,0,1
1,0,0,0,1
1,0,0,0,1
1,0,0,0,1
1,0,0,0,1
1,0,0,0,1
2,0,0,0,2
1,0,0,0,1
1,1,1,0,3
1,0,0,0,1
1,0,0,0,1
2,0,0,0,2
1,0,0,0,1
1,0,0,0,1
1,0,0,0,1
1,0,0,0,1
1,0,0,0,1
1,0,0,0,1
2,0,0,0,2
1,0,0,0,1
3,0,0,0,3
1,0,0,0,1
1,0,0,0,1
1,0,0,0,1
1,0,0,0,1
1,0,0,0,1
1,0,0,0,1
1,0,0,0,1
1,0,0,0,1
1,0,0,0,1
1,0,0,0,1
1,0,0,0,1
1,0,0,0,1
1,0,0,0,1
2,0,0,0,2
1,0,0,0,1
1,0,0,0,1
1,0,0,0,1
1,0,0,0,1
1,0,0,0,1
2,0,0,0,2
1,0,0,0,1
1,0,0,0,1
1,0,0,0,1
1,0,0,0,1
1,0,0,0,1
1,0,0,0,1
1,0,0,0,1
2,0,0,0,2
1,0,0,0,1
1,0,0,0,1
1,0,0,0,1
1,0,0,0,1
1,0,0,0,1
1,0,0,0,1
2,0,0,0,2
1,0,0,0,1
1,0,0,0,1
1,0,0,0,1
1,0,0,0,1
1,0,0,0,1
2,0,0,0,2
1,1,0,0,2
1,0,0,0,1
1,0,0,0,1
1,0,0,0,1
1,0,0,0,1
1,0,0,0,1
1,0,0,0,1
1,0,0,0,1
1,0,0,0,1
1,0,0,0,1
1,0,0,0,1
2,0,0,0,2
1,0,0,0,1
1,0,0,0,1
1,0,0,0,1
1,0,0,0,1
1,0,0,0,1
1,0,0,0,1
1,0,0,0,1
2,0,0,0,2
2,0,0,0,2
1,0,0,0,1
1,0,0,0,1
2,0,0,0,2
1,0,0,0,1
1,0,0,0,1
1,0,0,0,1
2,0,0,0,2
1,3,1,0,5
1,0,0,0,1
1,0,0,0,1
1,0,0,0,1
1,0,0,0,1
1,0,0,0,1
1,1,0,0,2
1,0,0,0,1
1,0,0,0,1
1,0,0,0,1
1,0,0,0,1
1,0,0,0,1
1,0,0,0,1
1,4,0,0,5
1,0,0,0,1
1,0,0,0,1
1,0,0,0,1
1,0,0,0,1
1,0,0,0,1
1,0,0,0,1
1,0,0,0,1
1,0,0,0,1
1,0,0,0,1
1,0,0,0,1
1,0,0,0,1
1,0,0,0,1
1,0,0,0,1
1,0,0,0,1
1,0,0,0,1
1,0,0,0,1
1,0,0,0,1
1,0,0,0,1
2,0,0,0,2
1,0,0,0,1
1,0,0,0,1
1,0,0,0,1
1,0,0,0,1
1,0,0,0,1
1,0,0,0,1
1,0,0,0,1
1,0,0,0,1
1,0,0,0,1
1,0,0,0,1
1,0,0,0,1
1,0,0,0,1
1,0,0,0,1
1,0,0,0,1
1,0,0,0,1
1,0,0,0,1
1,0,0,0,1
1,0,0,0,1
2,0,0,0,2
1,0,0,0,1
1,0,0,0,1
1,0,0,0,1
3,0,0,0,3
1,0,0,0,1
1,0,0,0,1
2,0,0,0,2
1,0,0,0,1
1,0,0,0,1
1,0,0,0,1
1,0,0,0,1
1,0,0,0,1
1,0,0,0,1
1,0,0,0,1
1,0,0,0,1
1,0,0,0,1
1,0,0,0,1
2,0,0,0,2
3,0,0,0,3
1,0,0,0,1
1,0,0,0,1
1,0,0,0,1
2,0,0,0,2
1,0,0,0,1
1,0,0,0,1
1,0,0,0,1
1,0,0,0,1
1,0,0,0,1
1,0,0,0,1
1,0,0,0,1
1,0,0,0,1
1,0,0,0,1
1,0,0,0,1
1,0,0,0,1
1,0,0,0,1
1,0,0,0,1
1,0,0,0,1
1,0,0,0,1
1,0,0,0,1
2,0,0,0,2
1,0,0,0,1
2,0,0,0,2
1,0,0,0,1
1,0,0,0,1
1,0,0,0,1
1,0,0,0,1
1,0,0,0,1
1,0,0,0,1
1,0,0,0,1
1,0,0,0,1
1,0,0,0,1
1,0,0,0,1
1,0,0,0,1
1,0,0,0,1
1,0,0,0,1
1,0,0,0,1
1,0,0,0,1
1,0,0,0,1
1,0,0,0,1
1,0,0,0,1
1,0,0,0,1
1,0,0,0,1
1,0,0,0,1
1,0,0,0,1
2,0,0,0,2
1,0,0,0,1
6,0,0,0,6
1,0,0,0,1
1,0,0,0,1
1,0,0,0,1
1,0,0,0,1
1,0,0,0,1
2,0,0,0,2
1,0,0,0,1
1,0,0,0,1
1,0,0,0,1
1,0,0,0,1
1,0,0,0,1
1,0,0,0,1
1,0,0,0,1
1,0,0,0,1
1,0,0,0,1
1,0,0,0,1
1,0,0,0,1
1,0,0,0,1
1,0,0,0,1
1,0,0,0,1
2,0,0,0,2
1,0,0,0,1
1,0,0,0,1
1,0,0,0,1
1,0,0,0,1
1,0,0,0,1
1,2,1,0,4
1,0,0,0,1
1,0,0,0,1
1,0,0,0,1
1,0,0,0,1
2,0,0,0,2
1,0,0,0,1
1,0,0,0,1
1,0,0,0,1
1,0,0,0,1
1,0,0,0,1
1,0,0,0,1
1,0,0,0,1
1,4,0,0,5
1,0,0,0,1
1,0,0,0,1
1,0,0,0,1
1,0,0,0,1
3,0,0,0,3
2,20,1,0,23
4,32,3,0,39
1,0,0,0,1
1,0,0,0,1
1,0,0,0,1
1,0,0,0,1
1,0,0,0,1
1,0,0,0,1
2,0,0,0,2
1,0,0,0,1
1,0,0,0,1
1,0,0,0,1
1,0,0,0,1
1,0,0,0,1
1,0,0,0,1
1,0,0,0,1
1,0,0,0,1
1,0,0,0,1
1,0,0,0,1
1,0,0,0,1
1,0,0,0,1
1,0,0,0,1
1,0,0,0,1
1,5,0,0,6
1,0,0,0,1
2,0,0,0,2
2,0,0,0,2
1,0,0,0,1
1,0,0,0,1
1,0,0,0,1
1,0,0,0,1
1,0,0,0,1
1,0,0,0,1
1,0,0,0,1
2,0,0,0,2
1,0,0,0,1
1,44,0,0,45
1,0,0,0,1
1,0,0,0,1
1,0,0,0,1
1,0,0,0,1
1,0,0,0,1
2,0,0,0,2
1,0,0,0,1
1,0,0,0,1
1,0,0,0,1
1,0,0,0,1
1,0,0,0,1
1,0,0,0,1
2,0,0,0,2
1,0,0,0,1
1,0,0,0,1
1,0,0,0,1
1,0,0,0,1
2,2,0,0,4
2,0,0,0,2
1,0,0,0,1
2,0,0,0,2
1,0,0,0,1
2,0,0,0,2
1,0,0,0,1
1,0,0,0,1
1,0,0,0,1
1,0,0,0,1
3,0,0,0,3
1,0,0,0,1
1,2,0,0,3
1,0,0,0,1
3,0,0,0,3
1,0,0,0,1
1,0,0,0,1
1,0,0,0,1
1,0,0,0,1
1,0,0,0,1
1,0,0,0,1
1,0,0,0,1
1,0,0,0,1
1,0,0,0,1
1,0,0,0,1
1,0,0,0,1
1,0,0,0,1
1,0,0,0,1
1,0,0,0,1
1,0,0,0,1
1,0,0,0,1
1,0,0,0,1
1,0,0,0,1
2,0,0,0,2
1,0,0,0,1
1,0,0,0,1
1,0,0,0,1
2,0,0,0,2
1,0,0,0,1
1,0,0,0,1
1,0,0,0,1
1,0,0,0,1
1,0,0,0,1
1,0,0,0,1
1,0,0,0,1
1,0,0,0,1
1,0,0,0,1
1,0,0,0,1
1,0,0,0,1
1,0,0,0,1
1,0,0,0,1
1,0,0,0,1
1,0,0,0,1
1,0,0,0,1
1,0,0,0,1
2,0,0,0,2
2,0,0,0,2
1,0,0,0,1
1,0,0,0,1
1,0,0,0,1
1,0,0,0,1
1,0,0,0,1
1,0,0,0,1
1,0,0,0,1
1,0,0,0,1
1,0,0,0,1
1,0,0,0,1
1,0,0,0,1
1,0,0,0,1
1,0,0,0,1
1,0,0,0,1
1,0,0,0,1
1,0,0,0,1
1,0,0,0,1
1,0,0,0,1
1,0,0,0,1
1,0,0,0,1
1,0,0,0,1
1,0,0,0,1
1,0,0,0,1
3,0,0,0,3
1,0,0,0,1
1,0,0,0,1
1,0,0,0,1
1,0,0,0,1
1,0,0,0,1
1,0,0,0,1
1,0,0,0,1
1,0,0,0,1
1,0,0,0,1
1,0,0,0,1
1,0,0,0,1
1,0,0,0,1
1,0,0,0,1
2,0,0,0,2
1,0,0,0,1
1,0,0,0,1
1,0,0,0,1
1,0,0,0,1
1,0,0,0,1
1,0,0,0,1
1,0,0,0,1
1,0,0,0,1
1,0,0,0,1
1,0,0,0,1
1,0,0,0,1
1,0,0,0,1
1,0,0,0,1
1,0,0,0,1
1,0,0,0,1
1,0,0,0,1
1,0,0,0,1
1,0,0,0,1
1,0,0,0,1
1,0,0,0,1
1,0,0,0,1
1,0,0,0,1
1,0,0,0,1
2,0,0,0,2
1,0,0,0,1
1,0,0,0,1
1,0,0,0,1
1,0,0,0,1
1,0,0,0,1
1,0,0,0,1
1,0,0,0,1
1,0,0,0,1
1,0,0,0,1
1,0,0,0,1
1,0,0,0,1
1,0,0,0,1
3,0,0,0,3
2,0,0,0,2
1,0,0,0,1
1,0,0,0,1
1,0,0,0,1
1,0,0,0,1
1,2,0,0,3
1,0,0,0,1
1,0,0,0,1
1,0,0,0,1
1,0,0,0,1
1,0,0,0,1
1,0,0,0,1
1,0,0,0,1
1,0,0,0,1
1,0,0,0,1
1,0,0,0,1
1,0,0,0,1
1,0,0,0,1
1,0,0,0,1
1,0,0,0,1
1,0,0,0,1
1,0,0,0,1
1,0,0,0,1
1,0,0,0,1
1,0,0,0,1
1,0,0,0,1
1,0,0,0,1
1,0,0,0,1
1,0,0,0,1
1,0,0,0,1
1,0,0,0,1
1,0,0,0,1
1,0,0,0,1
1,0,0,0,1
1,2,0,0,3
1,0,0,0,1
1,0,0,0,1
1,0,0,0,1
1,9,0,0,10
1,0,0,0,1
2,0,0,0,2
1,0,0,0,1
1,0,0,0,1
1,0,0,0,1
1,0,0,0,1
1,0,0,0,1
1,0,0,0,1
1,0,0,0,1
1,0,0,0,1
1,0,0,0,1
1,0,0,0,1
4,0,0,0,4
1,0,0,0,1
1,0,0,0,1
5,0,0,0,5
2,0,0,0,2
2,0,0,0,2
1,0,0,0,1
1,0,0,0,1
1,0,0,0,1
1,0,0,0,1
1,0,0,0,1
2,0,0,0,2
1,0,0,0,1
2,0,0,0,2
1,0,0,0,1
1,0,0,0,1
1,0,0,0,1
1,0,0,0,1
1,0,0,0,1
1,0,0,0,1
1,0,0,0,1
1,0,0,0,1
1,0,0,0,1
1,0,0,0,1
1,0,0,0,1
1,7,0,0,8
1,0,0,0,1
1,0,0,0,1
1,0,0,0,1
1,0,0,0,1
1,0,0,0,1
1,0,0,0,1
1,0,0,0,1
1,0,0,0,1
1,0,0,0,1
1,0,0,0,1
1,1,0,0,2
1,0,0,0,1
1,0,0,0,1
1,0,0,0,1
1,0,0,0,1
1,0,0,0,1
1,0,0,0,1
1,0,0,0,1
1,0,0,0,1
1,0,0,0,1
2,0,0,0,2
1,0,0,0,1
1,0,0,0,1
1,0,0,0,1
1,0,0,0,1
1,0,0,0,1
1,0,0,0,1
1,0,0,0,1
1,0,0,0,1
1,0,0,0,1
1,0,0,0,1
1,0,0,0,1
1,0,0,0,1
1,0,0,0,1
1,0,0,0,1
1,0,0,0,1
1,0,0,0,1
1,0,0,0,1
1,0,0,0,1
1,0,0,0,1
1,0,0,0,1
1,0,0,0,1
1,0,0,0,1
1,0,0,0,1
1,0,0,0,1
1,0,0,0,1
1,0,0,0,1
1,0,0,0,1
1,0,0,0,1
2,0,0,0,2
1,0,0,0,1
1,0,0,0,1
1,0,0,0,1
1,0,0,0,1
1,0,0,0,1
1,0,0,0,1
1,0,0,0,1
1,0,0,0,1
1,0,0,0,1
1,0,0,0,1
1,0,0,0,1
1,0,0,0,1
1,0,0,0,1
1,1,0,0,2
1,0,0,0,1
1,0,0,0,1
1,0,0,0,1
1,0,0,0,1
1,0,0,0,1
1,0,0,0,1
1,0,0,0,1
1,0,0,0,1
1,0,0,0,1
1,0,0,0,1
1,0,0,0,1
1,0,0,0,1
1,0,0,0,1
1,0,0,0,1
1,0,0,0,1
1,0,0,0,1
1,0,0,0,1
2,0,0,0,2
2,0,0,0,2
1,0,0,0,1
1,0,0,0,1
1,0,0,0,1
1,0,0,0,1
1,0,0,0,1
1,0,0,0,1
1,0,0,0,1
1,0,0,0,1
1,0,0,0,1
1,0,0,0,1
1,0,0,0,1
1,0,0,0,1
1,0,0,0,1
1,0,0,0,1
1,0,0,0,1
1,0,0,0,1
1,0,0,0,1
2,0,0,0,2
2,0,0,0,2
1,0,0,0,1
4,0,0,0,4
1,0,0,0,1
1,0,0,0,1
1,1,0,0,2
2,0,0,0,2
1,0,0,0,1
2,0,0,0,2
1,0,0,0,1
1,0,0,0,1
1,0,0,0,1
1,0,0,0,1
1,0,0,0,1
1,2,0,0,3
1,0,0,0,1
1,0,0,0,1
1,0,0,0,1
1,0,0,0,1
2,0,0,0,2
1,0,0,0,1
1,0,0,0,1
1,0,0,0,1
1,0,0,0,1
1,0,0,0,1
2,0,0,0,2
1,0,0,0,1
1,0,0,0,1
1,0,0,0,1
1,0,0,0,1
1,0,0,0,1
1,0,0,0,1
1,0,0,0,1
1,0,0,0,1
1,0,0,0,1
1,0,0,0,1
1,0,0,0,1
1,0,0,0,1
1,0,0,0,1
1,0,0,0,1
2,0,0,0,2
1,0,0,0,1
1,0,0,0,1
1,0,0,0,1
1,0,0,0,1
1,0,0,0,1
1,0,0,0,1
1,0,0,0,1
1,0,0,0,1
1,0,0,0,1
1,0,0,0,1
1,0,0,0,1
1,0,0,0,1
1,0,0,0,1
1,0,0,0,1
1,0,0,0,1
1,0,0,0,1
2,0,0,0,2
1,0,0,0,1
1,0,0,0,1
2,0,0,0,2
1,0,0,0,1
1,0,0,0,1
1,0,0,0,1
3,1,0,0,4
1,0,0,0,1
1,0,0,0,1
1,0,0,0,1
1,0,0,0,1
1,0,0,0,1
1,0,0,0,1
1,0,0,0,1
1,0,0,0,1
1,0,0,0,1
1,0,0,0,1
1,0,0,0,1
1,0,0,0,1
1,0,0,0,1
1,0,0,0,1
1,0,0,0,1
1,0,0,0,1
1,0,0,0,1
1,0,0,0,1
1,0,0,0,1
1,0,0,0,1
1,0,0,0,1
1,0,0,0,1
1,0,0,0,1
1,0,0,0,1
1,0,0,0,1
1,0,0,0,1
1,0,0,0,1
1,0,0,0,1
1,0,0,0,1
3,0,0,0,3
1,0,0,0,1
1,0,0,0,1
1,0,0,0,1
1,0,0,0,1
1,0,0,0,1
1,0,0,0,1
1,0,0,0,1
1,0,0,0,1
1,0,0,0,1
1,0,0,0,1
1,0,0,0,1
1,0,0,0,1
2,0,0,0,2
1,0,0,0,1
2,0,0,0,2
1,0,0,0,1
1,5,0,0,6
1,0,0,0,1
1,0,0,0,1
1,0,0,0,1
1,0,0,0,1
1,0,0,0,1
1,0,0,0,1
1,0,0,0,1
1,0,0,0,1
1,0,0,0,1
1,0,0,0,1
1,0,0,0,1
1,0,0,0,1
1,0,0,0,1
1,0,0,0,1
1,0,0,0,1
1,0,0,0,1
1,0,0,0,1
1,0,0,0,1
2,0,0,0,2
1,0,0,0,1
2,0,0,0,2
2,0,0,0,2
1,0,0,0,1
1,0,0,0,1
1,0,0,0,1
1,0,0,0,1
1,0,0,0,1
1,0,0,0,1
2,0,0,0,2
1,0,0,0,1
1,2,0,0,3
1,0,0,0,1
1,0,0,0,1
1,0,0,0,1
1,0,0,0,1
1,0,0,0,1
1,0,0,0,1
1,0,0,0,1
1,0,0,0,1
1,0,0,0,1
1,0,0,0,1
1,0,0,0,1
1,0,0,0,1
1,0,0,0,1
1,0,0,0,1
1,0,0,0,1
1,0,0,0,1
1,0,0,0,1
1,0,0,0,1
1,0,0,0,1
1,0,0,0,1
1,0,0,0,1
1,0,0,0,1
1,0,0,0,1
1,0,0,0,1
1,0,0,0,1
1,0,0,0,1
1,0,0,0,1
2,0,0,0,2
1,0,0,0,1
2,29,0,0,31
1,0,0,0,1
1,0,0,0,1
1,0,0,0,1
1,0,0,0,1
1,0,0,0,1
1,0,0,0,1
2,0,0,0,2
1,0,0,0,1
1,0,0,0,1
1,0,0,0,1
1,0,0,0,1
1,0,0,0,1
1,0,0,0,1
1,0,0,0,1
1,0,0,0,1
1,0,0,0,1
1,0,0,0,1
2,0,0,0,2
1,0,0,0,1
1,0,0,0,1
1,0,0,0,1
1,0,0,0,1
1,0,0,0,1
1,0,0,0,1
1,0,0,0,1
1,12,0,0,13
1,0,0,0,1
2,0,0,0,2
1,0,0,0,1
1,0,0,0,1
1,0,0,0,1
1,0,0,0,1
1,0,0,0,1
1,0,0,0,1
1,0,0,0,1
1,0,0,0,1
1,0,0,0,1
2,0,0,0,2
1,0,0,0,1
1,0,0,0,1
1,0,0,0,1
1,0,0,0,1
1,0,0,0,1
1,0,0,0,1
1,0,0,0,1
1,0,0,0,1
1,0,0,0,1
1,0,0,0,1
1,0,0,0,1
1,0,0,0,1
1,0,0,0,1
2,0,0,0,2
1,0,0,0,1
1,0,0,0,1
1,0,0,0,1
1,0,0,0,1
1,0,0,0,1
1,0,0,0,1
1,0,0,0,1
1,0,0,0,1
1,0,0,0,1
1,0,0,0,1
1,0,0,0,1
1,0,0,0,1
1,0,0,0,1
1,0,0,0,1
1,0,0,0,1
1,0,0,0,1
1,0,0,0,1
1,0,0,0,1
1,0,0,0,1
1,0,0,0,1
1,0,0,0,1
1,0,0,0,1
1,0,0,0,1
1,44,6,0,51
2,0,0,0,2
1,0,0,0,1
1,0,0,0,1
1,0,0,0,1
1,0,0,0,1
2,0,0,0,2
2,0,0,0,2
1,0,0,0,1
1,0,0,0,1
1,0,0,0,1
1,0,0,0,1
1,0,0,0,1
2,0,0,0,2
1,0,0,0,1
1,0,0,0,1
1,0,0,0,1
1,0,0,0,1
2,0,0,0,2
2,0,0,0,2
1,0,0,0,1
1,0,0,0,1
1,0,0,0,1
1,0,0,0,1
1,0,0,0,1
1,0,0,0,1
1,0,0,0,1
1,0,0,0,1
1,0,0,0,1
1,0,0,0,1
1,0,0,0,1
1,0,0,0,1
1,0,0,0,1
1,0,0,0,1
1,0,0,0,1
1,0,0,0,1
1,0,0,0,1
1,0,0,0,1
1,0,0,0,1
1,0,0,0,1
1,0,0,0,1
1,0,0,0,1
1,0,0,0,1
1,0,0,0,1
1,0,0,0,1
1,7,0,0,8
2,0,0,0,2
2,0,0,0,2
1,0,0,0,1
1,9,0,0,10
1,0,0,0,1
1,0,0,0,1
4,0,0,0,4
1,0,0,0,1
1,0,0,0,1
1,0,0,0,1
1,0,0,0,1
1,0,0,0,1
1,0,0,0,1
1,0,0,0,1
1,0,0,0,1
1,0,0,0,1
1,0,0,0,1
1,0,0,0,1
1,0,0,0,1
1,0,0,0,1
1,0,0,0,1
1,0,0,0,1
1,0,0,0,1
1,0,0,0,1
1,0,0,0,1
1,0,0,0,1
1,0,0,0,1
2,0,0,0,2
1,0,0,0,1
1,0,0,0,1
1,0,0,0,1
1,0,0,0,1
1,0,0,0,1
1,0,0,0,1
1,0,0,0,1
1,0,0,0,1
1,0,0,0,1
1,0,0,0,1
1,0,0,0,1
1,0,0,0,1
1,0,0,0,1
1,0,0,0,1
1,0,0,0,1
1,0,0,0,1
1,0,0,0,1
1,0,0,0,1
1,0,0,0,1
1,0,0,0,1
2,0,0,0,2
1,0,0,0,1
1,0,0,0,1
2,0,0,0,2
1,0,0,0,1
1,0,0,0,1
1,0,0,0,1
1,0,0,0,1
2,0,0,0,2
1,0,0,0,1
1,0,0,0,1
1,0,0,0,1
1,0,0,0,1
1,0,0,0,1
1,0,0,0,1
1,0,0,0,1
1,0,0,0,1
1,0,0,0,1
1,0,0,0,1
2,0,0,0,2
1,0,0,0,1
1,0,0,0,1
1,0,0,0,1
1,0,0,0,1
1,0,0,0,1
1,0,0,0,1
1,0,0,0,1
1,0,0,0,1
1,0,0,0,1
1,0,0,0,1
1,0,0,0,1
1,0,0,0,1
1,0,0,0,1
1,0,0,0,1
1,0,0,0,1
1,0,0,0,1
1,0,0,0,1
1,0,0,0,1
1,0,0,0,1
3,5,0,0,8
1,0,0,0,1
1,0,0,0,1
2,0,0,0,2
1,0,0,0,1
1,0,0,0,1
1,0,0,0,1
1,0,0,0,1
1,0,0,0,1
1,3,0,0,4
1,0,0,0,1
2,0,0,0,2
1,0,0,0,1
1,0,0,0,1
1,0,0,0,1
1,0,0,0,1
1,0,0,0,1
3,7,0,0,10
1,0,0,0,1
1,0,0,0,1
2,2,0,0,4
1,0,0,0,1
2,12,0,0,14
1,0,0,0,1
1,0,0,0,1
1,0,0,0,1
1,0,0,0,1
1,0,0,0,1
1,0,0,0,1
2,0,0,0,2
1,0,0,0,1
1,0,0,0,1
3,0,0,0,3
1,0,0,0,1
2,0,0,0,2
2,0,0,0,2
1,0,0,0,1
2,0,0,0,2
1,0,0,0,1
1,0,0,0,1
2,0,0,0,2
1,0,0,0,1
1,0,0,0,1
1,0,0,0,1
3,0,0,0,3
1,0,0,0,1
1,0,0,0,1
1,0,0,0,1
1,0,0,0,1
1,0,0,0,1
1,0,0,0,1
1,0,0,0,1
2,0,0,0,2
1,0,0,0,1
1,0,0,0,1
2,0,0,0,2
1,0,0,0,1
1,0,0,0,1
1,0,0,0,1
1,0,0,0,1
2,0,0,0,2
1,2,0,0,3
1,0,0,0,1
1,0,0,0,1
1,0,0,0,1
1,0,0,0,1
1,0,0,0,1
1,0,0,0,1
1,0,0,0,1
1,0,0,0,1
1,0,0,0,1
1,0,0,0,1
1,0,0,0,1
1,0,0,0,1
1,0,0,0,1
1,0,0,0,1
1,0,0,0,1
1,0,0,0,1
2,0,0,0,2
1,0,0,0,1
1,0,0,0,1
1,0,0,0,1
1,0,0,0,1
1,0,0,0,1
1,0,0,0,1
1,0,0,0,1
1,0,0,0,1
1,0,0,0,1
1,0,0,0,1
1,1,1,0,3
4,0,0,0,4
1,0,0,0,1
1,0,0,0,1
1,0,0,0,1
1,0,0,0,1
1,0,0,0,1
1,0,0,0,1
1,0,0,0,1
1,0,0,0,1
1,0,0,0,1
1,0,0,0,1
1,0,0,0,1
1,0,0,0,1
1,0,0,0,1
1,0,0,0,1
1,0,0,0,1
1,0,0,0,1
1,0,0,0,1
1,0,0,0,1
1,0,0,0,1
1,0,0,0,1
1,0,0,0,1
1,0,0,0,1
1,0,0,0,1
2,0,0,0,2
2,0,0,0,2
1,1,0,0,2
1,0,0,0,1
1,0,0,0,1
2,0,0,0,2
1,0,0,0,1
1,0,0,0,1
1,0,0,0,1
1,0,0,0,1
1,0,0,0,1
1,0,0,0,1
1,0,0,0,1
1,0,0,0,1
1,0,0,0,1
1,0,0,0,1
1,0,0,0,1
1,0,0,0,1
1,0,0,0,1
1,0,0,0,1
1,0,0,0,1
1,0,0,0,1
1,0,0,0,1
1,0,0,0,1
1,0,0,0,1
1,0,0,0,1
1,0,0,0,1
1,0,0,0,1
3,0,0,0,3
1,2,2,0,5
1,0,0,0,1
1,0,0,0,1
1,0,0,0,1
2,0,0,0,2
1,0,0,0,1
1,0,0,0,1
1,0,0,0,1
2,0,0,0,2
2,0,0,0,2
1,0,0,0,1
3,0,0,0,3
1,0,0,0,1
1,0,0,0,1
1,0,0,0,1
1,0,0,0,1
1,0,0,0,1
1,0,0,0,1
1,0,0,0,1
1,0,0,0,1
1,0,0,0,1
1,0,0,0,1
3,0,0,0,3
2,0,0,0,2
1,0,0,0,1
1,0,0,0,1
1,0,0,0,1
1,0,0,0,1
1,0,0,0,1
2,0,0,0,2
1,0,0,0,1
1,0,0,0,1
1,0,0,0,1
1,0,0,0,1
1,0,0,0,1
1,0,0,0,1
2,0,0,0,2
1,0,0,0,1
1,0,0,0,1
1,0,0,0,1
1,0,0,0,1
1,0,0,0,1
1,0,0,0,1
1,0,0,0,1
1,0,0,0,1
1,0,0,0,1
1,0,0,0,1
1,0,0,0,1
1,0,0,0,1
3,1,0,0,4
1,0,0,0,1
1,0,0,0,1
4,0,0,0,4
1,0,0,0,1
1,0,0,0,1
1,0,0,0,1
1,0,0,0,1
2,0,0,0,2
1,0,0,0,1
2,0,0,0,2
1,0,0,0,1
2,0,0,0,2
1,0,0,0,1
2,0,0,0,2
2,0,0,0,2
4,0,0,0,4
2,0,0,0,2
1,0,0,0,1
1,0,0,0,1
1,0,0,0,1
1,0,0,0,1
1,0,0,0,1
1,0,0,0,1
1,0,0,0,1
1,0,0,0,1
1,0,0,0,1
1,0,0,0,1
1,0,0,0,1
1,0,0,0,1
1,0,0,0,1
1,52,2,0,55
2,0,0,0,2
1,1,0,0,2
2,0,0,0,2
1,0,0,0,1
1,0,0,0,1
1,0,0,0,1
1,0,0,0,1
1,0,0,0,1
1,0,0,0,1
1,0,0,0,1
1,0,0,0,1
1,0,0,0,1
1,0,0,0,1
1,0,0,0,1
1,0,0,0,1
1,0,0,0,1
1,0,0,0,1
1,0,0,0,1
1,0,0,0,1
1,0,0,0,1
1,0,0,0,1
1,0,0,0,1
1,0,0,0,1
1,0,0,0,1
1,0,0,0,1
1,0,0,0,1
1,0,0,0,1
1,0,0,0,1
2,3,0,0,5
2,0,0,0,2
1,0,0,0,1
1,0,0,0,1
1,0,0,0,1
1,0,0,0,1
1,0,0,0,1
1,0,0,0,1
1,0,0,0,1
1,0,0,0,1
1,0,0,0,1
3,0,0,0,3
1,0,0,0,1
1,0,0,0,1
1,0,0,0,1
1,0,0,0,1
1,0,0,0,1
1,0,0,0,1
1,0,0,0,1
2,0,0,0,2
1,0,0,0,1
1,0,0,0,1
1,0,0,0,1
1,0,0,0,1
3,0,0,0,3
1,0,0,0,1
1,0,0,0,1
2,0,0,0,2
1,0,0,0,1
1,0,0,0,1
1,0,0,0,1
1,0,0,0,1
1,0,0,0,1
1,0,0,0,1
1,0,0,0,1
1,0,0,0,1
1,0,0,0,1
1,0,0,0,1
1,0,0,0,1
1,0,0,0,1
2,0,0,0,2
1,0,0,0,1
1,0,0,0,1
1,0,0,0,1
1,0,0,0,1
1,0,0,0,1
1,0,0,0,1
1,0,0,0,1
1,0,0,0,1
1,0,0,0,1
1,0,0,0,1
1,0,0,0,1
1,0,0,0,1
1,0,0,0,1
1,0,0,0,1
1,0,0,0,1
1,0,0,0,1
1,0,0,0,1
1,0,0,0,1
1,0,0,0,1
1,0,0,0,1
1,0,0,0,1
1,0,0,0,1
1,0,0,0,1
1,0,0,0,1
1,0,0,0,1
1,0,0,0,1
1,0,0,0,1
1,0,0,0,1
1,0,0,0,1
1,0,0,0,1
1,0,0,0,1
1,0,0,0,1
2,0,0,0,2
1,0,0,0,1
1,0,0,0,1
3,0,0,0,3
1,0,0,0,1
1,0,0,0,1
1,0,0,0,1
1,0,0,0,1
2,0,0,0,2
1,0,0,0,1
1,0,0,0,1
1,0,0,0,1
1,0,0,0,1
1,0,0,0,1
1,0,0,0,1
1,0,0,0,1
1,0,0,0,1
1,0,0,0,1
1,0,0,0,1
2,0,0,0,2
1,0,0,0,1
1,0,0,0,1
1,0,0,0,1
1,0,0,0,1
1,0,0,0,1
1,0,0,0,1
3,0,0,0,3
1,0,0,0,1
2,0,0,0,2
1,0,0,0,1
1,0,0,0,1
1,0,0,0,1
1,3,0,0,4
2,0,0,0,2
1,22,0,0,23
2,0,0,0,2
1,0,0,0,1
1,0,0,0,1
1,0,0,0,1
1,0,0,0,1
1,0,0,0,1
1,0,0,0,1
2,0,0,0,2
1,0,0,0,1
1,0,0,0,1
1,0,0,0,1
2,0,0,0,2
4,0,0,0,4
1,0,0,0,1
1,0,0,0,1
1,0,0,0,1
1,0,0,0,1
1,0,0,0,1
1,0,0,0,1
1,0,0,0,1
2,0,0,0,2
1,1,0,0,2
1,5,0,0,6
1,0,0,0,1
1,0,0,0,1
1,0,0,0,1
1,0,0,0,1
1,0,0,0,1
1,0,0,0,1
1,0,0,0,1
1,0,0,0,1
1,0,0,0,1
2,0,0,0,2
1,0,0,0,1
1,0,0,0,1
1,419,0,0,420
1,0,0,0,1
1,0,0,0,1
1,0,0,0,1
1,0,0,0,1
1,0,0,0,1
1,0,0,0,1
1,0,0,0,1
4,0,0,0,4
1,0,0,0,1
2,0,0,0,2
1,0,0,0,1
1,0,0,0,1
1,0,1,0,2
1,0,0,0,1
1,0,0,0,1
1,0,0,0,1
1,0,0,0,1
1,0,0,0,1
1,0,0,0,1
1,0,0,0,1
1,0,0,0,1
1,0,0,0,1
3,0,0,0,3
1,0,0,0,1
1,0,0,0,1
1,0,0,0,1
1,0,0,0,1
1,0,0,0,1
1,0,0,0,1
2,0,0,0,2
1,0,0,0,1
1,0,0,0,1
1,0,0,0,1
1,0,0,0,1
1,0,0,0,1
1,0,0,0,1
1,0,0,0,1
1,0,0,0,1
1,0,0,0,1
2,0,0,0,2
1,0,0,0,1
1,0,0,0,1
1,0,0,0,1
1,0,0,0,1
1,0,0,0,1
1,0,0,0,1
2,0,0,0,2
1,0,0,0,1
1,0,0,0,1
1,0,0,0,1
1,0,0,0,1
1,0,0,0,1
2,0,0,0,2
1,0,0,0,1
1,0,0,0,1
1,0,0,0,1
1,0,0,0,1
1,0,0,0,1
1,0,0,0,1
1,0,0,0,1
1,0,0,0,1
1,0,0,0,1
1,0,0,0,1
1,0,0,0,1
1,0,0,0,1
1,0,0,0,1
1,0,0,0,1
1,0,0,0,1
1,0,0,0,1
1,0,0,0,1
1,0,0,0,1
1,0,0,0,1
1,0,0,0,1
2,5,0,0,7
1,0,0,0,1
1,0,0,0,1
1,0,0,0,1
1,0,0,0,1
2,0,0,0,2
1,0,0,0,1
1,0,0,0,1
7,1,0,0,8
1,0,0,0,1
1,0,0,0,1
1,0,0,0,1
1,0,0,0,1
1,0,0,0,1
1,0,0,0,1
1,0,0,0,1
1,0,0,0,1
3,0,0,0,3
1,0,0,0,1
1,0,0,0,1
1,0,0,0,1
1,0,0,0,1
1,0,0,0,1
1,0,0,0,1
1,0,0,0,1
1,0,0,0,1
1,0,0,0,1
1,0,0,0,1
1,0,0,0,1
1,0,0,0,1
1,0,0,0,1
1,0,0,0,1
1,0,0,0,1
1,0,0,0,1
1,0,0,0,1
1,0,0,0,1
1,0,0,0,1
1,0,0,0,1
1,0,0,0,1
2,0,0,0,2
1,0,0,0,1
1,0,0,0,1
1,0,0,0,1
2,0,0,0,2
1,0,0,0,1
1,0,0,0,1
1,1,2,0,4
1,0,0,0,1
1,0,0,0,1
1,0,0,0,1
2,0,0,0,2
1,0,0,0,1
1,0,0,0,1
1,0,0,0,1
1,0,0,0,1
1,0,0,0,1
1,0,0,0,1
1,0,0,0,1
1,0,0,0,1
1,0,0,0,1
3,0,0,0,3
1,0,0,0,1
1,0,0,0,1
1,0,0,0,1
1,0,0,0,1
1,0,0,0,1
2,0,0,0,2
1,0,0,0,1
1,0,0,0,1
1,0,0,0,1
2,0,0,0,2
1,0,0,0,1
1,0,0,0,1
1,0,0,0,1
1,0,0,0,1
1,0,0,0,1
1,0,0,0,1
1,0,0,0,1
1,0,0,0,1
1,0,0,0,1
1,0,0,0,1
1,0,0,0,1
1,0,0,0,1
1,0,0,0,1
1,0,0,0,1
1,0,0,0,1
3,0,0,0,3
1,0,0,0,1
1,0,0,0,1
1,0,0,0,1
1,0,0,0,1
2,3,2,0,7
1,0,0,0,1
1,0,0,0,1
1,0,0,0,1
2,0,0,0,2
1,0,0,0,1
1,0,0,0,1
2,0,0,0,2
2,0,0,0,2
1,0,0,0,1
1,0,0,0,1
1,0,0,0,1
1,0,0,0,1
1,0,0,0,1
1,0,0,0,1
2,0,0,0,2
1,0,0,0,1
3,0,0,0,3
1,0,0,0,1
1,0,0,0,1
1,0,0,0,1
1,0,0,0,1
1,0,0,0,1
1,0,0,0,1
1,0,0,0,1
1,0,0,0,1
1,0,0,0,1
1,0,0,0,1
1,0,0,0,1
1,0,0,0,1
1,0,0,0,1
1,0,0,0,1
1,0,0,0,1
1,0,0,0,1
1,0,0,0,1
1,0,0,0,1
1,0,0,0,1
1,0,0,0,1
1,0,0,0,1
1,0,0,0,1
1,0,0,0,1
1,0,0,0,1
3,0,0,0,3
1,0,0,0,1
1,0,0,0,1
1,0,0,0,1
1,0,0,0,1
1,0,0,0,1
2,0,0,0,2
1,0,0,0,1
1,0,0,0,1
1,0,0,0,1
1,0,0,0,1
2,0,0,0,2
1,0,0,0,1
1,0,0,0,1
1,0,0,0,1
1,0,0,0,1
1,0,0,0,1
2,0,0,0,2
1,0,0,0,1
1,0,0,0,1
1,0,0,0,1
1,0,0,0,1
1,0,0,0,1
1,0,0,0,1
2,0,0,0,2
1,0,0,0,1
1,0,0,0,1
3,0,0,0,3
1,0,0,0,1
1,0,0,0,1
1,0,0,0,1
1,0,0,0,1
1,0,0,0,1
1,0,0,0,1
1,0,0,0,1
1,0,0,0,1
1,0,0,0,1
1,0,0,0,1
1,0,0,0,1
1,0,0,0,1
1,0,0,0,1
1,0,0,0,1
1,0,0,0,1
1,0,0,0,1
1,0,0,0,1
1,0,0,0,1
1,0,0,0,1
1,0,0,0,1
1,0,0,0,1
1,0,0,0,1
1,0,0,0,1
1,0,0,0,1
1,0,0,0,1
1,0,0,0,1
1,0,0,0,1
1,0,0,0,1
1,0,0,0,1
1,0,0,0,1
1,0,0,0,1
1,0,0,0,1
1,0,0,0,1
1,0,0,0,1
1,0,0,0,1
1,0,0,0,1
1,0,0,0,1
1,0,0,0,1
1,0,0,0,1
1,0,0,0,1
1,0,0,0,1
1,0,0,0,1
1,0,0,0,1
1,0,0,0,1
1,0,0,0,1
3,0,0,0,3
1,0,0,0,1
1,0,0,0,1
1,0,0,0,1
1,0,0,0,1
1,0,0,0,1
1,0,0,0,1
1,0,0,0,1
1,0,0,0,1
1,0,0,0,1
1,0,0,0,1
1,0,0,0,1
1,0,0,0,1
1,0,0,0,1
1,0,0,0,1
1,0,0,0,1
1,0,0,0,1
1,2,0,0,3
1,2,0,0,3
1,0,0,0,1
1,0,0,0,1
1,0,0,0,1
1,0,0,0,1
1,0,0,0,1
1,0,0,0,1
2,0,0,0,2
1,0,0,0,1
1,0,0,0,1
1,0,0,0,1
1,0,0,0,1
2,0,0,0,2
1,0,0,0,1
1,0,0,0,1
1,0,0,0,1
1,0,0,0,1
1,1,0,0,2
1,0,0,0,1
1,0,0,0,1
1,0,0,0,1
1,0,0,0,1
1,0,0,0,1
1,0,0,0,1
1,0,0,0,1
1,0,0,0,1
1,0,0,0,1
1,0,0,0,1
1,0,0,0,1
1,0,0,0,1
1,0,0,0,1
1,0,0,0,1
1,0,0,0,1
1,0,0,0,1
1,0,0,0,1
1,0,0,0,1
1,0,0,0,1
1,0,0,0,1
1,0,0,0,1
1,0,0,0,1
4,0,0,0,4
1,0,0,0,1
1,0,0,0,1
1,0,0,0,1
1,0,0,0,1
1,0,0,0,1
1,0,0,0,1
1,0,0,0,1
1,0,0,0,1
1,0,0,0,1
1,0,0,0,1
1,0,0,0,1
1,0,0,0,1
1,0,0,0,1
1,0,0,0,1
1,0,0,0,1
1,0,0,0,1
1,0,0,0,1
1,0,0,0,1
1,0,0,0,1
1,0,0,0,1
1,0,0,0,1
1,0,0,0,1
1,0,0,0,1
1,0,0,0,1
1,0,0,0,1
1,0,0,0,1
1,0,0,0,1
1,0,0,0,1
1,0,0,0,1
1,0,0,0,1
2,0,0,0,2
1,0,0,0,1
1,0,0,0,1
2,0,0,0,2
1,0,0,0,1
1,0,0,0,1
1,0,0,0,1
1,1,0,0,2
1,0,0,0,1
1,0,0,0,1
1,0,0,0,1
1,0,0,0,1
1,0,0,0,1
1,0,0,0,1
1,0,0,0,1
2,0,0,0,2
1,0,0,0,1
1,0,0,0,1
1,0,0,0,1
2,0,0,0,2
1,4,0,0,5
1,0,0,0,1
1,0,0,0,1
1,0,0,0,1
1,0,0,0,1
1,0,0,0,1
1,0,0,0,1
1,0,0,0,1
1,0,0,0,1
1,0,0,0,1
1,0,0,0,1
1,0,0,0,1
2,0,0,0,2
1,0,0,0,1
2,0,0,0,2
1,0,0,0,1
1,0,0,0,1
1,0,0,0,1
1,0,0,0,1
1,0,0,0,1
2,0,0,0,2
1,0,0,0,1
2,0,0,0,2
1,0,0,0,1
1,0,0,0,1
1,0,0,0,1
1,0,0,0,1
2,0,0,0,2
1,0,0,0,1
2,0,0,0,2
2,0,0,0,2
1,0,0,0,1
1,0,0,0,1
1,0,0,0,1
1,0,0,0,1
1,0,0,0,1
1,0,0,0,1
2,0,0,0,2
1,0,0,0,1
1,0,0,0,1
2,0,0,0,2
1,0,0,0,1
1,0,0,0,1
1,0,0,0,1
1,0,0,0,1
1,0,0,0,1
1,0,0,0,1
1,0,0,0,1
1,0,0,0,1
1,0,0,0,1
1,0,0,0,1
1,0,0,0,1
1,0,0,0,1
1,0,0,0,1
1,8,0,0,9
1,0,0,0,1
1,0,0,0,1
1,0,0,0,1
2,8,0,0,10
1,0,0,0,1
1,0,0,0,1
1,0,0,0,1
1,0,0,0,1
1,0,0,0,1
1,0,0,0,1
1,0,0,0,1
1,0,0,0,1
1,0,0,0,1
2,0,0,0,2
1,0,0,0,1
1,0,0,0,1
1,0,0,0,1
1,0,0,0,1
1,0,0,0,1
1,0,0,0,1
2,0,0,0,2
1,0,0,0,1
1,0,0,0,1
1,0,0,0,1
1,0,0,0,1
1,0,0,0,1
2,0,0,0,2
1,0,0,0,1
1,0,1,0,2
2,0,0,0,2
1,0,0,0,1
1,0,0,0,1
1,0,0,0,1
1,0,0,0,1
1,0,0,0,1
1,0,0,0,1
1,0,0,0,1
1,0,0,0,1
1,0,0,0,1
1,0,0,0,1
1,0,0,0,1
1,0,0,0,1
1,0,0,0,1
1,0,0,0,1
1,0,0,0,1
1,0,0,0,1
1,0,0,0,1
1,0,0,0,1
3,0,0,0,3
1,0,0,0,1
1,0,0,0,1
1,0,0,0,1
1,0,0,0,1
1,0,0,0,1
2,0,0,0,2
1,3,1,0,5
1,0,0,0,1
1,0,0,0,1
2,0,0,0,2
1,0,0,0,1
4,0,0,0,4
1,0,0,0,1
1,0,0,0,1
1,0,0,0,1
1,0,0,0,1
1,0,0,0,1
1,0,0,0,1
1,0,0,0,1
1,0,0,0,1
1,0,0,0,1
1,0,0,0,1
1,0,0,0,1
1,0,0,0,1
1,0,0,0,1
1,0,0,0,1
1,0,0,0,1
1,0,0,0,1
1,0,0,0,1
1,0,0,0,1
1,0,0,0,1
1,0,0,0,1
1,0,0,0,1
1,0,0,0,1
1,0,0,0,1
1,0,0,0,1
1,0,0,0,1
1,0,0,0,1
1,0,0,0,1
1,0,0,0,1
1,0,0,0,1
1,0,0,0,1
2,0,0,0,2
1,0,0,0,1
1,0,0,0,1
1,0,0,0,1
1,0,0,0,1
1,0,0,0,1
1,0,0,0,1
1,0,0,0,1
1,0,0,0,1
1,0,0,0,1
1,0,0,0,1
1,0,0,0,1
1,0,0,0,1
1,0,0,0,1
1,0,0,0,1
1,0,0,0,1
3,0,0,0,3
1,0,0,0,1
2,0,0,0,2
1,10,0,0,11
1,0,0,0,1
1,0,0,0,1
1,0,0,0,1
1,0,0,0,1
1,0,0,0,1
1,0,0,0,1
1,0,0,0,1
1,0,0,0,1
1,0,0,0,1
1,0,0,0,1
1,0,0,0,1
1,0,0,0,1
1,0,0,0,1
1,0,0,0,1
1,0,0,0,1
1,0,0,0,1
1,0,0,0,1
1,0,0,0,1
1,0,0,0,1
1,0,0,0,1
1,0,0,0,1
2,0,0,0,2
2,0,0,0,2
1,0,0,0,1
1,0,0,0,1
3,9,1,0,13
2,0,0,0,2
1,0,0,0,1
1,0,0,0,1
1,0,0,0,1
1,0,0,0,1
1,0,0,0,1
1,0,0,0,1
2,0,0,0,2
1,0,0,0,1
1,0,0,0,1
1,0,0,0,1
1,0,0,0,1
3,0,0,0,3
5,0,0,0,5
1,0,0,0,1
2,0,0,0,2
1,0,0,0,1
1,0,0,0,1
1,0,0,0,1
1,0,0,0,1
1,0,0,0,1
1,0,0,0,1
1,0,0,0,1
2,0,0,0,2
1,0,0,0,1
2,0,0,0,2
1,0,0,0,1
1,0,0,0,1
1,0,0,0,1
5,0,0,0,5
1,0,0,0,1
1,0,0,0,1
1,0,0,0,1
1,0,0,0,1
1,0,0,0,1
2,0,0,0,2
1,0,0,0,1
1,0,0,0,1
1,0,0,0,1
1,0,0,0,1
2,0,0,0,2
1,0,0,0,1
1,0,0,0,1
1,0,0,0,1
1,0,0,0,1
1,0,0,0,1
2,0,0,0,2
3,0,0,0,3
2,0,0,0,2
1,0,0,0,1
1,0,0,0,1
1,0,0,0,1
1,0,0,0,1
1,0,0,0,1
3,0,0,0,3
1,0,0,0,1
1,0,0,0,1
1,0,0,0,1
1,0,0,0,1
1,0,0,0,1
1,0,0,0,1
2,0,0,0,2
1,0,0,0,1
1,0,0,0,1
1,0,0,0,1
1,0,0,0,1
1,0,0,0,1
1,0,0,0,1
1,0,0,0,1
1,0,0,0,1
1,0,0,0,1
1,0,0,0,1
1,0,0,0,1
1,0,0,0,1
1,0,0,0,1
1,0,0,0,1
1,0,0,0,1
1,0,0,0,1
1,0,0,0,1
1,0,0,0,1
1,0,0,0,1
1,0,0,0,1
1,0,0,0,1
1,0,0,0,1
2,0,0,0,2
1,0,0,0,1
1,0,0,0,1
2,0,0,0,2
1,0,0,0,1
1,0,0,0,1
1,438,0,0,439
1,0,0,0,1
1,0,0,0,1
1,0,0,0,1
1,0,0,0,1
1,0,0,0,1
1,0,0,0,1
1,0,0,0,1
1,0,0,0,1
2,0,0,0,2
1,0,0,0,1
1,0,0,0,1
1,0,0,0,1
1,0,0,0,1
1,0,0,0,1
1,0,0,0,1
1,0,0,0,1
1,0,0,0,1
1,0,0,0,1
2,0,0,0,2
1,0,0,0,1
1,2,0,0,3
1,0,0,0,1
1,0,0,0,1
1,0,0,0,1
1,0,0,0,1
1,0,0,0,1
1,0,0,0,1
1,0,0,0,1
1,0,0,0,1
1,0,0,0,1
1,0,0,0,1
2,0,0,0,2
1,0,0,0,1
1,0,0,0,1
1,0,0,0,1
2,0,0,0,2
1,0,0,0,1
1,0,0,0,1
1,0,0,0,1
1,0,0,0,1
1,0,0,0,1
1,0,0,0,1
1,0,0,0,1
1,0,0,0,1
1,0,0,0,1
1,0,0,0,1
1,0,0,0,1
1,0,0,0,1
1,0,0,0,1
1,0,0,0,1
1,0,0,0,1
1,0,0,0,1
1,0,0,0,1
1,0,0,0,1
1,0,0,0,1
1,3,0,0,4
1,0,0,0,1
1,0,0,0,1
1,0,0,0,1
1,0,0,0,1
1,0,0,0,1
1,0,0,0,1
1,0,0,0,1
1,0,0,0,1
1,0,0,0,1
1,0,0,0,1
1,0,0,0,1
1,0,0,0,1
1,0,0,0,1
1,0,0,0,1
1,0,0,0,1
1,0,0,0,1
1,0,0,0,1
1,0,0,0,1
2,2,1,0,5
1,0,0,0,1
1,0,0,0,1
1,0,0,0,1
1,0,0,0,1
1,0,0,0,1
1,0,0,0,1
1,0,0,0,1
1,0,0,0,1
1,0,0,0,1
1,0,0,0,1
1,0,0,0,1
1,0,0,0,1
1,0,0,0,1
2,0,0,0,2
1,0,0,0,1
1,0,0,0,1
1,0,0,0,1
3,0,0,0,3
1,0,0,0,1
1,0,0,0,1
1,0,0,0,1
1,0,0,0,1
1,0,0,0,1
1,0,0,0,1
1,0,0,0,1
1,0,0,0,1
2,0,0,0,2
1,0,0,0,1
2,0,0,0,2
1,0,0,0,1
2,0,0,0,2
1,0,0,0,1
2,0,0,0,2
1,0,0,0,1
1,0,0,0,1
1,0,0,0,1
1,0,0,0,1
1,0,0,0,1
1,0,0,0,1
1,0,0,0,1
1,0,0,0,1
1,0,0,0,1
1,0,0,0,1
1,0,0,0,1
1,0,0,0,1
1,0,0,0,1
1,0,0,0,1
1,0,0,0,1
1,0,0,0,1
1,0,0,0,1
2,0,0,0,2
1,0,0,0,1
1,0,0,0,1
1,0,0,0,1
1,0,0,0,1
2,0,0,0,2
1,0,0,0,1
1,0,0,0,1
1,0,0,0,1
1,0,0,0,1
1,0,0,0,1
1,0,0,0,1
1,0,0,0,1
1,0,0,0,1
2,0,0,0,2
1,0,0,0,1
1,0,0,0,1
1,0,0,0,1
1,0,0,0,1
1,0,0,0,1
2,0,0,0,2
1,0,0,0,1
1,0,0,0,1
1,0,0,0,1
1,0,0,0,1
1,0,0,0,1
1,0,0,0,1
1,0,0,0,1
2,1,2,0,5
1,0,0,0,1
1,0,0,0,1
1,0,0,0,1
1,0,0,0,1
1,0,0,0,1
1,0,0,0,1
1,0,0,0,1
2,0,0,0,2
1,1,0,0,2
1,0,0,0,1
1,0,0,0,1
1,0,0,0,1
1,0,0,0,1
1,0,0,0,1
1,0,0,0,1
1,0,0,0,1
1,0,0,0,1
1,0,0,0,1
1,0,0,0,1
1,0,0,0,1
1,0,0,0,1
1,0,0,0,1
1,0,0,0,1
2,4,0,0,6
1,0,0,0,1
1,0,0,0,1
1,0,0,0,1
1,0,0,0,1
1,0,0,0,1
1,0,0,0,1
1,0,0,0,1
1,0,0,0,1
1,0,0,0,1
1,0,0,0,1
1,0,0,0,1
1,0,0,0,1
1,0,0,0,1
1,0,0,0,1
1,0,0,0,1
1,0,0,0,1
1,0,0,0,1
2,0,0,0,2
1,0,0,0,1
1,0,0,0,1
1,0,0,0,1
1,0,0,0,1
1,0,0,0,1
1,0,0,0,1
1,0,0,0,1
1,0,0,0,1
1,0,0,0,1
1,0,0,0,1
1,0,0,0,1
1,0,0,0,1
1,0,0,0,1
1,0,0,0,1
1,0,0,0,1
2,0,0,0,2
1,0,0,0,1
1,0,0,0,1
1,0,0,0,1
1,0,0,0,1
1,0,0,0,1
2,0,0,0,2
1,0,0,0,1
1,0,0,0,1
1,0,0,0,1
1,0,0,0,1
1,0,0,0,1
1,0,0,0,1
1,0,0,0,1
3,0,0,0,3
1,0,0,0,1
1,0,0,0,1
1,0,0,0,1
1,0,0,0,1
1,0,0,0,1
1,0,0,0,1
1,0,0,0,1
1,0,0,0,1
1,0,0,0,1
1,0,0,0,1
1,0,0,0,1
1,0,0,0,1
2,0,0,0,2
1,10,0,0,11
2,0,0,0,2
1,0,0,0,1
1,0,0,0,1
1,0,0,0,1
1,0,0,0,1
1,0,0,0,1
2,0,0,0,2
4,0,0,0,4
1,0,0,0,1
2,2,0,0,4
3,0,0,0,3
1,32,0,0,33
1,0,0,0,1
1,0,0,0,1
2,0,0,0,2
1,0,0,0,1
1,0,0,0,1
1,0,0,0,1
1,0,0,0,1
2,0,0,0,2
1,0,0,0,1
1,0,0,0,1
1,0,0,0,1
1,0,0,0,1
1,0,0,0,1
1,0,0,0,1
1,0,0,0,1
1,0,0,0,1
1,3,0,0,4
1,0,0,0,1
1,0,0,0,1
1,0,0,0,1
2,0,0,0,2
1,2,0,0,3
1,0,0,0,1
1,0,0,0,1
1,3,0,0,4
1,0,0,0,1
2,0,0,0,2
1,0,0,0,1
2,0,0,0,2
1,0,0,0,1
1,0,0,0,1
1,0,0,0,1
1,0,0,0,1
2,0,0,0,2
1,0,0,0,1
1,0,0,0,1
1,2,0,0,3
3,0,0,0,3
1,0,0,0,1
3,0,0,0,3
1,0,0,0,1
1,0,0,0,1
1,0,0,0,1
1,0,0,0,1
1,0,0,0,1
1,0,0,0,1
1,0,0,0,1
2,1,1,0,4
1,0,0,0,1
2,0,0,0,2
1,0,0,0,1
1,0,0,0,1
1,0,0,0,1
1,0,0,0,1
1,0,0,0,1
1,0,0,0,1
1,0,0,0,1
2,0,0,0,2
1,0,0,0,1
1,0,1,0,2
1,0,0,0,1
1,0,0,0,1
1,0,0,0,1
2,0,0,0,2
1,0,0,0,1
1,0,0,0,1
1,0,0,0,1
1,0,0,0,1
1,0,0,0,1
2,0,0,0,2
1,0,0,0,1
1,0,0,0,1
1,0,0,0,1
1,0,0,0,1
1,0,0,0,1
1,0,0,0,1
1,0,0,0,1
1,0,0,0,1
1,0,0,0,1
1,2,0,0,3
1,2,0,0,3
1,0,0,0,1
2,0,0,0,2
2,0,0,0,2
1,0,0,0,1
1,0,0,0,1
1,0,0,0,1
1,0,0,0,1
1,0,0,0,1
2,0,0,0,2
1,0,0,0,1
1,0,0,0,1
1,0,0,0,1
1,0,0,0,1
1,0,0,0,1
1,0,0,0,1
1,0,0,0,1
1,0,0,0,1
1,0,0,0,1
1,0,0,0,1
1,0,0,0,1
1,0,0,0,1
3,0,0,0,3
3,0,0,0,3
1,0,0,0,1
1,0,0,0,1
1,0,0,0,1
1,0,0,0,1
1,0,0,0,1
1,0,0,0,1
1,0,0,0,1
1,0,0,0,1
1,0,0,0,1
1,0,0,0,1
1,0,0,0,1
1,0,0,0,1
1,0,0,0,1
1,0,0,0,1
1,0,0,0,1
2,0,0,0,2
1,0,0,0,1
3,0,0,0,3
1,0,0,0,1
1,0,0,0,1
1,0,0,0,1
1,2,0,0,3
2,0,0,0,2
1,0,0,0,1
1,0,0,0,1
1,0,0,0,1
1,0,0,0,1
1,0,0,0,1
1,0,0,0,1
1,0,0,0,1
1,0,0,0,1
1,0,0,0,1
1,0,0,0,1
1,0,0,0,1
1,0,0,0,1
1,0,0,0,1
1,0,0,0,1
1,0,0,0,1
1,0,0,0,1
1,0,0,0,1
1,0,0,0,1
1,0,0,0,1
1,0,0,0,1
1,0,0,0,1
1,0,0,0,1
2,0,0,0,2
2,0,0,0,2
1,0,0,0,1
1,0,0,0,1
1,0,0,0,1
1,0,0,0,1
1,0,0,0,1
3,0,0,0,3
1,0,0,0,1
1,0,0,0,1
1,0,0,0,1
1,0,0,0,1
1,0,0,0,1
2,0,0,0,2
1,0,0,0,1
1,1,0,0,2
2,0,0,0,2
1,0,0,0,1
1,0,0,0,1
1,0,0,0,1
1,0,0,0,1
1,0,0,0,1
2,0,0,0,2
1,0,0,0,1
1,0,0,0,1
1,0,1,0,2
1,0,0,0,1
1,0,0,0,1
1,2,0,0,3
1,0,0,0,1
1,0,0,0,1
1,0,0,0,1
1,0,0,0,1
1,0,0,0,1
1,0,0,0,1
1,0,0,0,1
1,0,0,0,1
1,0,0,0,1
1,0,0,0,1
1,0,0,0,1
1,0,0,0,1
1,0,0,0,1
1,0,0,0,1
1,0,0,0,1
1,0,1,0,2
2,0,0,0,2
1,0,0,0,1
1,0,0,0,1
1,0,0,0,1
1,0,0,0,1
1,0,0,0,1
1,0,0,0,1
1,0,0,0,1
1,0,0,0,1
1,0,0,0,1
1,0,0,0,1
1,0,0,0,1
1,0,0,0,1
1,0,0,0,1
1,0,0,0,1
1,0,0,0,1
1,0,0,0,1
1,0,0,0,1
2,0,0,0,2
1,0,0,0,1
1,0,0,0,1
1,0,0,0,1
1,0,0,0,1
1,0,0,0,1
1,0,0,0,1
1,0,0,0,1
1,0,0,0,1
1,0,0,0,1
2,0,0,0,2
1,2,0,0,3
1,0,0,0,1
1,0,0,0,1
1,0,0,0,1
1,0,0,0,1
3,2,0,0,5
1,0,0,0,1
1,0,0,0,1
1,0,0,0,1
1,0,0,0,1
2,0,0,0,2
1,0,0,0,1
1,0,0,0,1
1,0,0,0,1
1,0,0,0,1
1,0,0,0,1
1,0,0,0,1
1,0,0,0,1
1,1,0,0,2
1,0,0,0,1
1,0,0,0,1
1,0,0,0,1
1,0,0,0,1
1,0,0,0,1
1,0,0,0,1
1,0,0,0,1
1,0,0,0,1
1,0,0,0,1
1,2,0,0,3
1,0,0,0,1
1,0,0,0,1
1,0,0,0,1
1,0,0,0,1
3,10,0,0,13
1,0,0,0,1
1,0,0,0,1
1,4,0,0,5
1,2,0,0,3
1,0,0,0,1
1,0,0,0,1
2,0,0,0,2
1,0,0,0,1
1,0,0,0,1
1,0,0,0,1
1,0,0,0,1
1,0,0,0,1
1,0,0,0,1
1,0,0,0,1
1,0,0,0,1
1,0,0,0,1
1,0,0,0,1
1,0,0,0,1
1,0,0,0,1
1,0,0,0,1
1,0,0,0,1
1,0,0,0,1
2,0,0,0,2
1,0,0,0,1
2,0,0,0,2
1,0,0,0,1
1,0,0,0,1
1,0,0,0,1
1,0,0,0,1
1,0,0,0,1
1,0,0,0,1
1,0,0,0,1
1,0,0,0,1
1,0,0,0,1
1,0,0,0,1
1,0,0,0,1
1,0,0,0,1
1,0,0,0,1
2,0,0,0,2
1,0,0,0,1
1,0,0,0,1
1,0,0,0,1
1,0,0,0,1
1,0,0,0,1
1,0,0,0,1
1,1,0,0,2
1,0,0,0,1
1,0,0,0,1
1,0,0,0,1
1,0,0,0,1
1,0,0,0,1
2,0,0,0,2
1,0,0,0,1
1,0,0,0,1
1,0,0,0,1
1,0,0,0,1
1,0,0,0,1
1,0,0,0,1
1,0,0,0,1
1,0,0,0,1
1,0,0,0,1
1,0,0,0,1
1,0,0,0,1
1,0,0,0,1
1,0,0,0,1
1,0,0,0,1
1,0,0,0,1
1,0,0,0,1
1,0,0,0,1
1,0,0,0,1
1,0,0,0,1
1,0,0,0,1
1,0,0,0,1
1,0,0,0,1
1,0,0,0,1
1,0,0,0,1
1,0,0,0,1
1,0,0,0,1
1,0,0,0,1
1,0,0,0,1
1,0,0,0,1
1,0,0,0,1
1,226,0,0,227
1,0,0,0,1
1,0,0,0,1
1,0,0,0,1
1,0,0,0,1
1,0,0,0,1
1,0,0,0,1
1,0,0,0,1
1,0,0,0,1
1,0,0,0,1
1,0,0,0,1
1,0,0,0,1
1,0,0,0,1
1,0,0,0,1
1,0,0,0,1
1,0,0,0,1
1,0,0,0,1
1,0,0,0,1
1,0,0,0,1
3,0,0,0,3
2,0,0,0,2
1,0,0,0,1
1,0,0,0,1
1,0,0,0,1
1,0,0,0,1
1,0,0,0,1
1,0,0,0,1
1,0,0,0,1
1,4,0,0,5
2,0,0,0,2
1,0,0,0,1
1,0,0,0,1
1,0,0,0,1
1,0,0,0,1
1,0,0,0,1
1,0,0,0,1
1,0,0,0,1
1,0,0,0,1
1,0,0,0,1
2,0,0,0,2
1,0,0,0,1
1,0,0,0,1
1,0,0,0,1
2,0,0,0,2
1,0,0,0,1
2,0,0,0,2
1,0,0,0,1
1,0,0,0,1
1,0,0,0,1
1,0,0,0,1
1,0,0,0,1
1,0,0,0,1
1,0,0,0,1
1,0,0,0,1
1,0,0,0,1
1,0,0,0,1
2,0,0,0,2
1,0,0,0,1
1,0,0,0,1
1,0,0,0,1
1,0,0,0,1
1,0,0,0,1
1,0,0,0,1
1,0,0,0,1
1,0,0,0,1
1,0,0,0,1
1,0,0,0,1
2,0,0,0,2
1,0,0,0,1
1,0,0,0,1
1,0,0,0,1
2,0,0,0,2
1,0,0,0,1
1,0,0,0,1
1,0,0,0,1
1,0,0,0,1
1,0,0,0,1
1,0,0,0,1
1,0,0,0,1
1,0,0,0,1
1,0,0,0,1
1,0,0,0,1
1,0,0,0,1
1,0,0,0,1
1,0,0,0,1
1,0,0,0,1
2,4,0,0,6
1,0,0,0,1
1,0,0,0,1
1,0,0,0,1
1,0,0,0,1
1,0,0,0,1
1,0,0,0,1
1,0,0,0,1
1,0,0,0,1
1,0,0,0,1
1,0,0,0,1
1,0,0,0,1
1,0,0,0,1
1,0,0,0,1
1,0,0,0,1
1,0,0,0,1
1,0,0,0,1
1,0,0,0,1
1,0,0,0,1
1,0,0,0,1
1,0,0,0,1
1,0,0,0,1
1,0,0,0,1
1,0,0,0,1
1,0,0,0,1
3,0,0,0,3
1,0,0,0,1
1,0,0,0,1
1,0,0,0,1
1,0,0,0,1
1,0,0,0,1
1,0,0,0,1
1,0,0,0,1
1,0,0,0,1
1,0,0,0,1
1,0,0,0,1
1,0,0,0,1
1,0,0,0,1
1,0,0,0,1
1,32,0,0,33
1,0,0,0,1
1,0,0,0,1
1,0,0,0,1
1,0,0,0,1
2,0,0,0,2
1,0,0,0,1
1,0,0,0,1
1,0,0,0,1
1,0,0,0,1
1,0,0,0,1
1,0,0,0,1
1,0,0,0,1
2,0,0,0,2
1,0,0,0,1
1,0,0,0,1
1,0,0,0,1
1,0,0,0,1
1,0,0,0,1
1,0,0,0,1
1,0,0,0,1
1,0,0,0,1
1,0,0,0,1
1,0,0,0,1
1,0,0,0,1
1,0,0,0,1
1,0,0,0,1
2,0,0,0,2
1,0,0,0,1
1,0,0,0,1
1,0,0,0,1
1,0,0,0,1
1,0,0,0,1
1,0,0,0,1
1,0,0,0,1
1,0,0,0,1
1,0,0,0,1
1,0,0,0,1
2,0,0,0,2
3,0,0,0,3
1,0,0,0,1
2,0,0,0,2
1,0,0,0,1
1,0,0,0,1
1,0,0,0,1
1,0,0,0,1
1,0,0,0,1
1,0,0,0,1
1,0,0,0,1
3,0,0,0,3
1,0,0,0,1
1,0,0,0,1
3,0,0,0,3
1,0,0,0,1
1,0,0,0,1
1,0,0,0,1
1,0,0,0,1
1,0,0,0,1
2,0,0,0,2
1,0,0,0,1
1,0,0,0,1
1,0,0,0,1
1,0,0,0,1
1,0,0,0,1
1,0,0,0,1
1,0,0,0,1
1,2,0,0,3
2,0,0,0,2
1,0,0,0,1
1,0,0,0,1
2,0,0,0,2
1,0,0,0,1
1,0,0,0,1
1,0,0,0,1
1,0,0,0,1
1,0,0,0,1
1,0,0,0,1
1,0,0,0,1
1,0,0,0,1
1,0,0,0,1
1,0,0,0,1
1,0,0,0,1
1,0,0,0,1
1,0,0,0,1
1,6,0,0,7
1,0,0,0,1
1,0,0,0,1
1,3,0,0,4
1,0,0,0,1
1,0,0,0,1
1,0,0,0,1
1,0,0,0,1
1,0,0,0,1
1,0,0,0,1
1,0,0,0,1
1,0,0,0,1
1,0,0,0,1
1,0,0,0,1
1,66,0,0,67
1,0,0,0,1
1,0,0,0,1
1,0,0,0,1
1,0,0,0,1
1,0,0,0,1
1,0,0,0,1
1,0,0,0,1
1,0,0,0,1
1,0,0,0,1
1,0,0,0,1
1,0,0,0,1
1,0,0,0,1
1,0,0,0,1
1,0,0,0,1
1,0,0,0,1
1,0,0,0,1
1,0,0,0,1
1,0,0,0,1
1,0,0,0,1
1,3,0,0,4
1,0,0,0,1
1,0,0,0,1
1,0,0,0,1
1,0,0,0,1
1,0,0,0,1
1,0,0,0,1
1,0,0,0,1
1,0,0,0,1
1,0,0,0,1
1,0,0,0,1
1,0,0,0,1
1,0,0,0,1
1,0,0,0,1
1,0,0,0,1
1,0,0,0,1
1,0,0,0,1
1,0,0,0,1
1,0,0,0,1
4,0,0,0,4
3,0,0,0,3
1,0,0,0,1
1,0,0,0,1
1,0,0,0,1
1,0,0,0,1
1,0,0,0,1
2,0,0,0,2
1,0,0,0,1
1,0,0,0,1
1,0,0,0,1
1,0,0,0,1
1,0,0,0,1
1,0,0,0,1
1,0,0,0,1
2,0,0,0,2
2,0,0,0,2
2,0,0,0,2
1,0,0,0,1
1,0,0,0,1
1,0,0,0,1
1,0,0,0,1
1,0,0,0,1
1,0,0,0,1
1,0,0,0,1
1,0,0,0,1
1,0,0,0,1
1,0,0,0,1
1,0,0,0,1
1,1,0,0,2
2,0,0,0,2
1,0,0,0,1
1,0,0,0,1
1,0,0,0,1
1,0,0,0,1
1,0,0,0,1
1,0,0,0,1
1,0,0,0,1
1,0,0,0,1
2,0,0,0,2
1,0,0,0,1
3,0,0,0,3
1,0,0,0,1
1,0,0,0,1
1,0,0,0,1
1,0,0,0,1
2,0,0,0,2
1,0,0,0,1
1,0,0,0,1
1,0,0,0,1
1,0,0,0,1
1,0,0,0,1
1,0,0,0,1
1,0,0,0,1
1,0,0,0,1
2,0,0,0,2
1,0,0,0,1
1,0,0,0,1
1,0,0,0,1
1,0,0,0,1
1,0,0,0,1
1,0,0,0,1
1,0,0,0,1
1,0,0,0,1
1,0,0,0,1
3,0,0,0,3
1,0,0,0,1
1,0,0,0,1
2,0,0,0,2
1,0,0,0,1
3,0,0,0,3
1,0,0,0,1
1,0,0,0,1
1,0,0,0,1
1,0,0,0,1
1,0,0,0,1
1,0,0,0,1
2,0,0,0,2
1,0,0,0,1
1,0,0,0,1
2,0,0,0,2
1,0,0,0,1
2,0,0,0,2
1,0,0,0,1
1,0,0,0,1
3,0,0,0,3
1,0,0,0,1
2,0,0,0,2
1,0,0,0,1
1,0,0,0,1
1,0,0,0,1
1,0,0,0,1
1,0,0,0,1
1,0,0,0,1
1,0,0,0,1
2,0,0,0,2
1,0,0,0,1
1,2,0,0,3
1,0,0,0,1
1,0,0,0,1
1,0,0,0,1
1,0,0,0,1
1,0,0,0,1
1,0,0,0,1
2,0,0,0,2
1,0,0,0,1
2,0,0,0,2
1,0,0,0,1
1,0,0,0,1
1,0,0,0,1
1,0,0,0,1
1,0,0,0,1
1,0,0,0,1
1,0,0,0,1
1,0,0,0,1
1,0,0,0,1
1,0,0,0,1
2,0,0,0,2
1,0,0,0,1
4,2,0,0,6
1,0,0,0,1
1,0,0,0,1
1,0,0,0,1
2,0,0,0,2
1,0,0,0,1
2,0,0,0,2
1,0,0,0,1
1,0,0,0,1
1,0,0,0,1
1,0,0,0,1
1,0,0,0,1
1,0,0,0,1
2,0,0,0,2
1,0,0,0,1
1,0,0,0,1
1,0,0,0,1
1,0,0,0,1
1,0,0,0,1
1,0,0,0,1
1,0,0,0,1
1,0,0,0,1
1,0,0,0,1
1,0,0,0,1
1,0,0,0,1
1,0,0,0,1
1,0,0,0,1
1,0,0,0,1
1,0,0,0,1
1,0,0,0,1
1,0,0,0,1
1,0,0,0,1
1,0,0,0,1
1,0,0,0,1
1,0,0,0,1
2,0,0,0,2
2,0,0,0,2
2,0,0,0,2
1,0,0,0,1
1,0,0,0,1
1,0,0,0,1
1,0,0,0,1
1,0,0,0,1
1,0,0,0,1
1,0,0,0,1
2,0,0,0,2
1,0,0,0,1
2,0,0,0,2
1,0,0,0,1
2,0,0,0,2
1,0,0,0,1
1,0,0,0,1
1,0,0,0,1
1,0,0,0,1
1,0,0,0,1
1,0,0,0,1
1,0,0,0,1
1,0,0,0,1
1,0,0,0,1
1,0,0,0,1
1,0,0,0,1
1,0,0,0,1
1,0,0,0,1
1,0,0,0,1
1,0,0,0,1
3,1,1,0,5
1,0,0,0,1
1,0,0,0,1
1,0,0,0,1
1,0,0,0,1
1,0,0,0,1
1,0,0,0,1
1,0,0,0,1
1,0,0,0,1
1,0,0,0,1
1,0,0,0,1
1,0,0,0,1
2,3,0,0,5
1,0,0,0,1
1,0,0,0,1
1,0,0,0,1
1,0,0,0,1
1,0,0,0,1
2,0,0,0,2
1,0,0,0,1
1,0,0,0,1
1,0,0,0,1
5,0,0,0,5
1,0,0,0,1
1,0,0,0,1
1,0,0,0,1
1,0,0,0,1
1,0,0,0,1
1,0,0,0,1
1,0,0,0,1
1,0,0,0,1
1,0,0,0,1
2,0,0,0,2
1,0,0,0,1
1,0,0,0,1
1,0,0,0,1
1,0,0,0,1
1,0,0,0,1
1,0,0,0,1
1,0,0,0,1
1,0,0,0,1
1,0,0,0,1
1,0,0,0,1
1,0,0,0,1
1,0,0,0,1
1,0,0,0,1
1,0,0,0,1
1,0,0,0,1
4,2,0,0,6
1,0,0,0,1
1,0,0,0,1
1,0,0,0,1
1,0,0,0,1
1,0,0,0,1
1,0,0,0,1
1,0,0,0,1
1,0,0,0,1
1,3,0,0,4
1,0,0,0,1
1,0,0,0,1
1,1,1,0,3
1,0,0,0,1
1,0,0,0,1
1,0,0,0,1
1,0,0,0,1
1,0,0,0,1
2,0,0,0,2
1,0,0,0,1
1,0,0,0,1
1,0,0,0,1
1,0,0,0,1
1,0,0,0,1
1,0,0,0,1
1,0,0,0,1
2,0,0,0,2
1,0,0,0,1
1,0,0,0,1
1,0,0,0,1
1,0,0,0,1
1,0,0,0,1
1,0,0,0,1
1,0,0,0,1
1,0,0,0,1
1,0,0,0,1
1,0,0,0,1
1,0,0,0,1
1,0,0,0,1
1,0,0,0,1
1,0,0,0,1
2,0,0,0,2
1,0,0,0,1
1,0,0,0,1
1,0,0,0,1
1,0,0,0,1
1,0,0,0,1
1,0,0,0,1
1,0,0,0,1
1,0,0,0,1
2,0,0,0,2
1,0,0,0,1
1,0,0,0,1
1,0,0,0,1
1,0,0,0,1
1,0,0,0,1
1,0,0,0,1
1,0,0,0,1
2,0,0,0,2
1,0,0,0,1
1,0,0,0,1
1,0,0,0,1
1,0,0,0,1
1,0,0,0,1
1,0,0,0,1
1,0,0,0,1
1,0,0,0,1
1,0,0,0,1
1,0,0,0,1
3,0,0,0,3
1,0,0,0,1
2,0,0,0,2
2,0,0,0,2
1,0,0,0,1
1,0,0,0,1
1,0,0,0,1
1,0,0,0,1
1,0,0,0,1
1,0,0,0,1
1,0,0,0,1
1,0,0,0,1
1,0,0,0,1
1,0,0,0,1
1,0,0,0,1
1,0,0,0,1
1,0,0,0,1
1,0,0,0,1
1,0,0,0,1
1,0,0,0,1
1,0,0,0,1
2,0,0,0,2
1,0,0,0,1
1,0,0,0,1
1,0,0,0,1
2,0,0,0,2
2,0,0,0,2
1,0,0,0,1
1,0,0,0,1
2,0,0,0,2
3,0,0,0,3
2,0,0,0,2
1,0,0,0,1
1,0,0,0,1
1,0,0,0,1
1,0,0,0,1
1,0,0,0,1
1,0,0,0,1
1,0,0,0,1
5,0,0,0,5
1,0,0,0,1
1,0,0,0,1
1,0,0,0,1
1,0,0,0,1
1,0,0,0,1
1,0,0,0,1
1,0,0,0,1
1,7,0,0,8
1,0,0,0,1
1,0,0,0,1
1,0,0,0,1
1,0,0,0,1
1,0,0,0,1
1,0,0,0,1
4,0,0,0,4
1,0,0,0,1
1,0,0,0,1
1,0,0,0,1
1,0,0,0,1
1,0,0,0,1
2,0,0,0,2
1,0,0,0,1
1,0,0,0,1
2,0,0,0,2
1,0,0,0,1
1,0,0,0,1
1,0,0,0,1
1,0,0,0,1
1,0,0,0,1
1,0,0,0,1
1,0,0,0,1
1,0,0,0,1
1,0,0,0,1
1,0,0,0,1
1,0,0,0,1
1,0,0,0,1
1,0,0,0,1
1,0,0,0,1
1,0,0,0,1
1,0,0,0,1
1,0,0,0,1
1,0,0,0,1
1,0,0,0,1
1,0,0,0,1
1,0,0,0,1
1,0,0,0,1
1,0,0,0,1
1,0,0,0,1
1,0,0,0,1
1,0,0,0,1
1,0,0,0,1
1,0,0,0,1
1,0,0,0,1
1,0,0,0,1
1,0,0,0,1
1,0,0,0,1
1,0,0,0,1
1,0,0,0,1
1,1,0,0,2
1,0,0,0,1
1,0,0,0,1
1,0,0,0,1
1,0,0,0,1
2,0,0,0,2
1,0,0,0,1
1,0,0,0,1
1,0,0,0,1
1,0,0,0,1
1,0,0,0,1
1,0,0,0,1
1,1,0,0,2
2,0,0,0,2
2,0,0,0,2
2,0,0,0,2
1,0,0,0,1
2,0,0,0,2
1,0,0,0,1
1,0,0,0,1
3,0,0,0,3
1,0,0,0,1
1,0,3,0,4
1,0,0,0,1
1,0,0,0,1
2,0,0,0,2
1,0,0,0,1
2,2,0,0,4
1,0,0,0,1
1,0,0,0,1
1,0,0,0,1
3,0,0,0,3
1,0,0,0,1
1,0,0,0,1
2,0,0,0,2
1,0,0,0,1
1,0,0,0,1
1,0,0,0,1
1,0,0,0,1
1,0,0,0,1
1,0,0,0,1
2,0,0,0,2
1,0,0,0,1
2,0,0,0,2
1,0,0,0,1
1,0,0,0,1
1,0,0,0,1
1,0,0,0,1
1,0,0,0,1
1,0,0,0,1
1,0,0,0,1
1,0,0,0,1
1,0,0,0,1
1,0,0,0,1
1,2,0,0,3
1,0,0,0,1
1,0,0,0,1
1,0,0,0,1
1,0,0,0,1
1,0,0,0,1
1,0,0,0,1
1,0,0,0,1
1,0,0,0,1
1,0,0,0,1
1,0,0,0,1
2,0,0,0,2
1,0,0,0,1
1,0,0,0,1
1,0,0,0,1
1,0,0,0,1
1,0,0,0,1
1,0,0,0,1
1,0,0,0,1
1,0,0,0,1
1,0,0,0,1
3,0,0,0,3
1,0,0,0,1
1,0,0,0,1
1,0,0,0,1
1,0,0,0,1
1,0,0,0,1
1,0,0,0,1
1,0,0,0,1
1,0,0,0,1
1,0,0,0,1
1,0,0,0,1
1,0,0,0,1
1,0,0,0,1
1,0,0,0,1
1,0,0,0,1
1,0,0,0,1
1,0,0,0,1
1,0,0,0,1
2,0,0,0,2
1,0,0,0,1
1,0,0,0,1
1,0,0,0,1
1,0,0,0,1
1,0,0,0,1
2,0,0,0,2
2,0,0,0,2
1,0,0,0,1
1,0,0,0,1
1,1,0,0,2
1,0,0,0,1
1,0,0,0,1
1,0,0,0,1
1,0,0,0,1
1,0,0,0,1
1,0,0,0,1
1,0,0,0,1
1,0,0,0,1
1,0,0,0,1
1,0,0,0,1
1,0,0,0,1
1,0,0,0,1
1,0,0,0,1
1,0,0,0,1
1,0,0,0,1
1,0,0,0,1
2,3,1,0,6
1,0,0,0,1
1,0,0,0,1
3,0,0,0,3
1,0,0,0,1
1,0,0,0,1
1,0,0,0,1
1,0,0,0,1
1,0,0,0,1
1,0,0,0,1
1,0,0,0,1
1,0,0,0,1
1,0,0,0,1
1,0,0,0,1
1,0,0,0,1
1,0,0,0,1
1,0,0,0,1
1,3,0,0,4
1,0,0,0,1
1,0,0,0,1
1,0,0,0,1
1,0,0,0,1
1,0,0,0,1
1,0,0,0,1
1,0,0,0,1
1,0,0,0,1
2,0,0,0,2
1,0,0,0,1
1,0,0,0,1
1,0,0,0,1
1,0,0,0,1
1,0,0,0,1
1,0,0,0,1
1,0,0,0,1
1,0,0,0,1
1,0,0,0,1
1,0,0,0,1
1,0,0,0,1
1,0,0,0,1
2,0,0,0,2
1,0,0,0,1
1,0,0,0,1
1,0,0,0,1
1,0,0,0,1
1,0,0,0,1
2,0,0,0,2
1,0,0,0,1
1,0,0,0,1
1,0,0,0,1
1,0,0,0,1
1,0,0,0,1
1,0,0,0,1
1,0,0,0,1
1,0,0,0,1
1,0,0,0,1
1,0,0,0,1
1,0,0,0,1
1,0,0,0,1
1,0,0,0,1
1,0,0,0,1
1,0,0,0,1
1,0,0,0,1
1,0,0,0,1
1,0,0,0,1
1,0,0,0,1
1,0,0,0,1
2,0,0,0,2
1,0,0,0,1
1,0,0,0,1
2,0,0,0,2
1,0,0,0,1
1,0,0,0,1
1,0,0,0,1
1,0,0,0,1
1,0,0,0,1
1,0,0,0,1
1,0,0,0,1
1,0,0,0,1
1,0,0,0,1
1,0,0,0,1
1,0,0,0,1
1,0,0,0,1
1,0,0,0,1
1,0,0,0,1
1,0,0,0,1
1,0,0,0,1
1,0,0,0,1
1,0,0,0,1
1,0,0,0,1
1,0,0,0,1
1,0,0,0,1
1,0,0,0,1
1,0,0,0,1
1,0,0,0,1
1,0,0,0,1
1,0,0,0,1
1,0,0,0,1
2,0,0,0,2
1,0,0,0,1
1,0,0,0,1
1,0,0,0,1
1,0,0,0,1
1,0,0,0,1
3,2,0,0,5
1,0,0,0,1
2,0,0,0,2
1,0,0,0,1
2,2,0,0,4
2,0,0,0,2
1,0,0,0,1
1,0,0,0,1
1,0,0,0,1
1,0,0,0,1
1,0,0,0,1
1,0,0,0,1
1,0,0,0,1
1,0,0,0,1
1,0,0,0,1
1,0,0,0,1
1,0,0,0,1
1,0,0,0,1
1,0,0,0,1
1,0,0,0,1
1,0,0,0,1
1,0,0,0,1
1,3,0,0,4
1,0,0,0,1
1,0,0,0,1
1,0,0,0,1
1,0,0,0,1
1,0,0,0,1
1,0,0,0,1
1,0,0,0,1
1,0,0,0,1
1,0,0,0,1
1,0,0,0,1
1,0,0,0,1
2,0,0,0,2
1,0,0,0,1
1,0,0,0,1
1,0,0,0,1
1,0,0,0,1
2,0,0,0,2
1,0,0,0,1
1,0,0,0,1
1,0,0,0,1
1,0,0,0,1
1,0,0,0,1
1,1,1,0,3
2,0,0,0,2
1,0,0,0,1
1,0,0,0,1
1,0,0,0,1
1,0,0,0,1
1,0,0,0,1
1,0,0,0,1
1,0,0,0,1
1,0,0,0,1
1,0,0,0,1
2,2,0,0,4
1,0,0,0,1
1,0,0,0,1
1,0,0,0,1
1,0,0,0,1
3,0,0,0,3
2,0,0,0,2
1,0,0,0,1
1,0,0,0,1
1,0,0,0,1
1,0,0,0,1
1,0,0,0,1
1,0,0,0,1
1,0,0,0,1
1,0,0,0,1
1,0,0,0,1
1,0,0,0,1
1,0,0,0,1
1,0,0,0,1
1,0,0,0,1
1,0,0,0,1
1,0,0,0,1
1,0,0,0,1
2,0,0,0,2
2,0,0,0,2
2,0,0,0,2
1,0,0,0,1
1,0,0,0,1
1,0,0,0,1
1,0,0,0,1
1,0,0,0,1
2,0,0,0,2
1,2,0,0,3
1,0,0,0,1
1,0,0,0,1
1,0,0,0,1
1,0,0,0,1
1,0,0,0,1
1,0,0,0,1
1,0,0,0,1
1,0,0,0,1
1,0,0,0,1
1,0,0,0,1
1,0,0,0,1
1,0,0,0,1
1,0,0,0,1
1,0,0,0,1
1,0,0,0,1
1,0,0,0,1
1,0,0,0,1
1,0,0,0,1
1,0,0,0,1
2,0,0,0,2
1,0,0,0,1
1,0,0,0,1
1,0,0,0,1
1,0,0,0,1
1,0,0,0,1
1,2,0,0,3
1,0,0,0,1
1,0,0,0,1
1,0,0,0,1
1,0,0,0,1
1,0,0,0,1
1,0,0,0,1
1,0,0,0,1
1,0,0,0,1
1,0,0,0,1
1,0,0,0,1
1,0,0,0,1
1,0,0,0,1
1,0,0,0,1
1,0,0,0,1
1,0,0,0,1
1,0,0,0,1
1,0,0,0,1
1,0,0,0,1
1,0,0,0,1
1,0,0,0,1
2,0,0,0,2
1,0,0,0,1
1,0,0,0,1
1,0,0,0,1
1,0,0,0,1
1,0,0,0,1
1,0,0,0,1
3,0,0,0,3
1,0,0,0,1
1,0,0,0,1
1,0,0,0,1
1,0,0,0,1
1,0,0,0,1
1,0,0,0,1
1,0,0,0,1
1,0,0,0,1
1,0,0,0,1
1,0,0,0,1
1,0,0,0,1
1,0,0,0,1
1,0,0,0,1
1,0,0,0,1
1,0,0,0,1
1,0,0,0,1
1,0,0,0,1
1,0,0,0,1
1,0,0,0,1
1,0,0,0,1
1,0,0,0,1
1,0,0,0,1
1,0,0,0,1
1,0,0,0,1
1,0,0,0,1
1,0,0,0,1
1,0,0,0,1
1,0,0,0,1
1,0,0,0,1
1,0,0,0,1
1,0,0,0,1
1,0,0,0,1
1,0,0,0,1
1,0,0,0,1
1,0,0,0,1
1,0,0,0,1
1,0,0,0,1
1,0,0,0,1
2,0,0,0,2
1,0,0,0,1
1,0,0,0,1
1,0,0,0,1
1,0,0,0,1
1,0,0,0,1
1,0,0,0,1
1,0,0,0,1
1,0,0,0,1
1,0,0,0,1
1,0,0,0,1
1,0,0,0,1
1,0,0,0,1
1,0,0,0,1
2,0,0,0,2
1,0,0,0,1
1,0,0,0,1
1,0,0,0,1
1,3,1,0,5
1,0,0,0,1
2,0,0,0,2
1,0,0,0,1
1,0,0,0,1
2,0,0,0,2
2,0,0,0,2
1,1,0,0,2
1,0,0,0,1
2,0,0,0,2
1,0,0,0,1
1,0,0,0,1
1,0,0,0,1
1,0,0,0,1
1,0,0,0,1
1,0,0,0,1
1,0,0,0,1
1,0,0,0,1
1,0,0,0,1
1,0,0,0,1
1,0,0,0,1
1,0,0,0,1
1,0,0,0,1
1,0,0,0,1
1,0,0,0,1
1,0,0,0,1
1,0,0,0,1
1,0,0,0,1
1,0,0,0,1
1,0,0,0,1
1,0,0,0,1
1,0,0,0,1
1,0,0,0,1
1,0,0,0,1
1,0,0,0,1
1,0,0,0,1
3,0,0,0,3
1,0,0,0,1
1,0,0,0,1
1,0,0,0,1
2,0,0,0,2
1,0,0,0,1
2,0,0,0,2
1,0,0,0,1
2,0,0,0,2
1,0,0,0,1
1,0,0,0,1
1,0,0,0,1
1,0,0,0,1
1,0,0,0,1
1,0,0,0,1
1,0,0,0,1
1,0,0,0,1
1,0,0,0,1
1,0,0,0,1
1,0,0,0,1
1,0,0,0,1
1,0,0,0,1
2,0,0,0,2
1,0,0,0,1
1,0,0,0,1
1,0,0,0,1
1,0,0,0,1
1,0,0,0,1
1,0,0,0,1
1,0,0,0,1
1,0,0,0,1
2,0,0,0,2
1,0,0,0,1
1,0,0,0,1
1,0,0,0,1
1,0,0,0,1
1,0,0,0,1
1,0,0,0,1
1,0,0,0,1
1,0,0,0,1
1,0,0,0,1
1,0,0,0,1
1,0,0,0,1
1,0,0,0,1
1,0,0,0,1
2,4,1,0,7
1,0,0,0,1
1,0,0,0,1
1,0,0,0,1
1,0,0,0,1
1,0,0,0,1
1,0,0,0,1
1,0,0,0,1
1,0,0,0,1
1,0,0,0,1
1,0,0,0,1
1,0,0,0,1
1,2,1,0,4
1,0,0,0,1
1,0,0,0,1
1,0,0,0,1
1,0,0,0,1
1,0,0,0,1
1,0,0,0,1
1,0,0,0,1
1,0,0,0,1
1,0,0,0,1
1,0,0,0,1
1,0,0,0,1
1,0,0,0,1
1,0,0,0,1
1,0,0,0,1
1,0,0,0,1
1,0,0,0,1
2,4,3,0,9
1,0,0,0,1
1,0,0,0,1
2,0,0,0,2
1,0,0,0,1
1,0,0,0,1
1,0,0,0,1
1,0,0,0,1
1,0,0,0,1
1,1,0,0,2
1,0,0,0,1
1,0,0,0,1
1,0,0,0,1
1,0,0,0,1
1,0,0,0,1
1,0,0,0,1
2,0,0,0,2
1,0,0,0,1
1,0,0,0,1
1,0,0,0,1
1,0,0,0,1
1,0,0,0,1
2,0,0,0,2
1,0,0,0,1
1,0,0,0,1
1,0,0,0,1
1,0,0,0,1
1,0,0,0,1
4,0,0,0,4
1,0,0,0,1
1,0,0,0,1
1,0,0,0,1
1,0,0,0,1
1,0,0,0,1
1,0,0,0,1
1,0,0,0,1
2,0,0,0,2
1,0,0,0,1
1,0,0,0,1
1,0,0,0,1
1,0,0,0,1
1,0,0,0,1
1,0,0,0,1
1,0,0,0,1
1,0,0,0,1
1,0,0,0,1
1,0,0,0,1
1,0,0,0,1
1,0,0,0,1
1,2,0,0,3
1,0,0,0,1
1,0,0,0,1
1,0,0,0,1
1,0,0,0,1
1,0,0,0,1
1,0,0,0,1
2,0,0,0,2
1,0,0,0,1
1,0,0,0,1
1,0,0,0,1
1,0,0,0,1
1,0,0,0,1
1,0,0,0,1
1,0,0,0,1
2,0,0,0,2
1,0,0,0,1
1,0,0,0,1
1,0,0,0,1
1,0,0,0,1
1,0,0,0,1
1,0,0,0,1
1,0,0,0,1
2,0,0,0,2
1,0,0,0,1
1,0,0,0,1
3,0,0,0,3
1,0,0,0,1
1,0,0,0,1
1,0,0,0,1
1,0,0,0,1
1,0,0,0,1
1,0,0,0,1
1,0,0,0,1
1,0,0,0,1
1,0,0,0,1
1,0,0,0,1
1,0,0,0,1
2,0,0,0,2
2,0,0,0,2
1,0,0,0,1
1,0,0,0,1
1,0,0,0,1
1,0,0,0,1
1,0,0,0,1
1,0,0,0,1
1,0,0,0,1
1,0,0,0,1
1,0,0,0,1
1,0,0,0,1
1,0,0,0,1
1,0,0,0,1
2,0,0,0,2
1,0,0,0,1
2,0,0,0,2
1,0,0,0,1
1,0,0,0,1
1,0,0,0,1
1,0,0,0,1
1,0,0,0,1
1,0,0,0,1
1,0,0,0,1
2,0,0,0,2
1,0,0,0,1
1,0,0,0,1
1,0,0,0,1
1,0,0,0,1
2,0,0,0,2
1,0,0,0,1
1,0,0,0,1
2,0,0,0,2
1,0,0,0,1
1,0,0,0,1
1,0,0,0,1
1,0,0,0,1
2,0,0,0,2
1,0,0,0,1
1,0,0,0,1
2,2,0,0,4
1,0,0,0,1
1,0,0,0,1
1,0,0,0,1
1,0,0,0,1
1,0,0,0,1
1,0,0,0,1
1,0,0,0,1
1,0,0,0,1
3,0,0,0,3
1,0,0,0,1
2,1,0,0,3
2,0,0,0,2
1,0,0,0,1
1,0,0,0,1
1,0,0,0,1
1,0,0,0,1
1,0,0,0,1
1,0,0,0,1
1,0,0,0,1
1,0,0,0,1
1,11,0,0,12
2,0,0,0,2
2,0,0,0,2
2,0,0,0,2
1,0,0,0,1
1,0,0,0,1
2,0,0,0,2
1,0,0,0,1
1,0,0,0,1
1,0,0,0,1
1,0,0,0,1
1,0,0,0,1
1,0,0,0,1
1,0,0,0,1
1,0,0,0,1
1,0,0,0,1
1,0,0,0,1
1,0,0,0,1
1,0,0,0,1
1,0,0,0,1
1,1,1,0,3
1,0,0,0,1
1,0,0,0,1
1,0,0,0,1
1,0,0,0,1
1,0,0,0,1
1,0,0,0,1
1,0,0,0,1
1,0,0,0,1
1,0,0,0,1
1,0,0,0,1
1,0,0,0,1
1,0,0,0,1
1,0,0,0,1
1,0,0,0,1
1,0,0,0,1
1,0,0,0,1
1,0,0,0,1
1,0,0,0,1
1,0,0,0,1
1,0,0,0,1
1,0,0,0,1
1,0,0,0,1
1,0,0,0,1
1,0,0,0,1
1,0,0,0,1
1,0,0,0,1
1,0,0,0,1
1,0,0,0,1
1,0,0,0,1
1,0,0,0,1
1,0,0,0,1
1,0,0,0,1
1,0,0,0,1
1,0,0,0,1
1,0,0,0,1
1,0,0,0,1
1,0,0,0,1
1,0,0,0,1
1,0,0,0,1
1,0,0,0,1
1,0,0,0,1
1,0,0,0,1
1,0,0,0,1
1,0,0,0,1
1,0,0,0,1
1,0,0,0,1
1,0,0,0,1
1,0,0,0,1
1,0,0,0,1
1,0,0,0,1
1,0,0,0,1
1,0,0,0,1
1,0,0,0,1
1,0,0,0,1
1,0,0,0,1
1,0,0,0,1
1,0,0,0,1
1,0,0,0,1
1,0,0,0,1
1,0,0,0,1
1,0,0,0,1
1,0,0,0,1
1,0,0,0,1
1,0,0,0,1
1,0,0,0,1
1,0,0,0,1
4,0,0,0,4
1,0,0,0,1
2,0,0,0,2
1,0,0,0,1
1,0,0,0,1
1,0,0,0,1
1,0,0,0,1
1,0,0,0,1
1,0,0,0,1
1,0,0,0,1
1,0,0,0,1
1,0,0,0,1
1,0,0,0,1
1,0,0,0,1
1,0,0,0,1
1,0,0,0,1
1,0,0,0,1
1,0,0,0,1
1,0,0,0,1
1,0,0,0,1
1,0,0,0,1
1,0,0,0,1
1,0,0,0,1
1,0,0,0,1
2,1,0,0,3
3,1,0,0,4
1,0,0,0,1
1,0,0,0,1
1,0,0,0,1
1,0,0,0,1
2,0,0,0,2
1,0,0,0,1
1,0,0,0,1
1,0,0,0,1
2,0,0,0,2
1,0,0,0,1
1,0,0,0,1
1,0,0,0,1
1,0,0,0,1
2,0,0,0,2
1,0,0,0,1
1,0,0,0,1
1,0,0,0,1
1,0,0,0,1
2,0,0,0,2
1,0,0,0,1
1,0,0,0,1
1,0,0,0,1
1,0,0,0,1
1,0,0,0,1
1,0,0,0,1
1,0,0,0,1
1,0,0,0,1
1,0,0,0,1
1,0,0,0,1
1,0,0,0,1
1,0,0,0,1
1,0,0,0,1
1,0,0,0,1
1,0,0,0,1
1,0,0,0,1
1,0,0,0,1
1,0,0,0,1
1,1,0,0,2
1,0,0,0,1
2,0,0,0,2
1,0,0,0,1
1,0,0,0,1
1,0,0,0,1
1,0,0,0,1
1,0,0,0,1
1,0,0,0,1
1,0,0,0,1
1,0,0,0,1
1,0,0,0,1
1,0,0,0,1
3,0,0,0,3
1,0,0,0,1
1,0,0,0,1
1,0,0,0,1
1,0,0,0,1
1,0,0,0,1
1,0,0,0,1
1,0,0,0,1
1,0,0,0,1
1,0,0,0,1
1,0,0,0,1
1,0,0,0,1
2,0,0,0,2
1,0,0,0,1
1,0,0,0,1
2,0,0,0,2
5,0,0,0,5
1,0,0,0,1
1,0,0,0,1
1,0,0,0,1
1,0,0,0,1
1,0,0,0,1
1,0,0,0,1
1,0,0,0,1
2,0,0,0,2
2,0,0,0,2
1,0,0,0,1
1,1,0,0,2
2,0,0,0,2
1,0,0,0,1
1,0,0,0,1
1,0,0,0,1
1,0,0,0,1
1,0,0,0,1
2,0,0,0,2
1,0,0,0,1
1,0,0,0,1
1,0,0,0,1
1,0,0,0,1
2,0,0,0,2
1,0,0,0,1
1,0,0,0,1
1,0,0,0,1
1,0,0,0,1
1,0,0,0,1
1,8,1,0,10
1,0,0,0,1
1,0,0,0,1
1,0,0,0,1
1,0,0,0,1
1,0,0,0,1
1,0,0,0,1
1,0,0,0,1
1,0,0,0,1
1,0,0,0,1
1,0,0,0,1
2,0,0,0,2
2,0,0,0,2
1,0,0,0,1
1,0,0,0,1
2,0,0,0,2
1,0,0,0,1
1,0,0,0,1
1,0,0,0,1
1,0,0,0,1
1,0,0,0,1
1,0,0,0,1
1,0,0,0,1
1,0,0,0,1
1,0,0,0,1
1,0,0,0,1
1,0,0,0,1
1,0,0,0,1
1,0,0,0,1
1,0,0,0,1
1,0,0,0,1
1,0,0,0,1
1,0,0,0,1
2,0,0,0,2
1,0,0,0,1
1,0,0,0,1
1,0,0,0,1
1,0,0,0,1
1,0,0,0,1
1,0,0,0,1
1,0,0,0,1
1,0,0,0,1
1,0,0,0,1
1,0,0,0,1
1,0,0,0,1
1,0,0,0,1
1,0,0,0,1
1,0,0,0,1
1,0,0,0,1
1,0,0,0,1
1,0,0,0,1
1,0,0,0,1
1,0,0,0,1
1,0,0,0,1
1,0,0,0,1
1,0,0,0,1
1,0,0,0,1
1,0,0,0,1
2,0,0,0,2
1,0,0,0,1
1,0,0,0,1
1,0,0,0,1
1,0,0,0,1
1,0,0,0,1
1,0,0,0,1
1,0,0,0,1
1,0,0,0,1
1,0,0,0,1
1,0,0,0,1
1,0,0,0,1
1,0,0,0,1
1,0,0,0,1
1,0,0,0,1
1,0,0,0,1
2,0,0,0,2
3,0,0,0,3
1,0,0,0,1
1,0,0,0,1
1,0,0,0,1
1,0,0,0,1
1,0,0,0,1
1,0,0,0,1
1,0,0,0,1
1,0,0,0,1
1,0,0,0,1
1,0,0,0,1
2,0,0,0,2
1,0,0,0,1
1,0,0,0,1
3,0,0,0,3
2,0,0,0,2
1,0,0,0,1
1,0,0,0,1
1,0,0,0,1
1,0,0,0,1
1,0,0,0,1
1,0,0,0,1
1,0,0,0,1
1,0,0,0,1
1,0,0,0,1
1,0,0,0,1
1,0,0,0,1
2,0,0,0,2
1,0,0,0,1
1,0,0,0,1
1,0,0,0,1
1,0,0,0,1
1,0,0,0,1
1,0,0,0,1
1,0,0,0,1
1,0,0,0,1
1,0,0,0,1
1,0,0,0,1
2,0,0,0,2
1,0,0,0,1
1,0,0,0,1
1,0,0,0,1
1,0,0,0,1
1,0,0,0,1
3,0,0,0,3
1,0,0,0,1
1,0,0,0,1
1,0,0,0,1
1,0,0,0,1
1,0,0,0,1
1,0,0,0,1
1,0,0,0,1
1,0,0,0,1
1,0,0,0,1
1,0,0,0,1
1,0,0,0,1
1,0,0,0,1
1,0,0,0,1
1,0,0,0,1
1,0,0,0,1
1,0,0,0,1
1,0,0,0,1
3,0,0,0,3
1,0,0,0,1
1,0,0,0,1
1,0,0,0,1
1,2,0,0,3
1,0,0,0,1
1,0,0,0,1
1,0,0,0,1
1,0,0,0,1
1,0,0,0,1
1,0,0,0,1
1,0,0,0,1
1,0,0,0,1
1,0,0,0,1
2,0,0,0,2
1,0,0,0,1
2,0,0,0,2
1,0,0,0,1
1,0,0,0,1
1,0,0,0,1
1,0,0,0,1
1,0,0,0,1
1,0,0,0,1
1,0,0,0,1
1,0,0,0,1
1,0,0,0,1
2,0,1,0,3
1,0,0,0,1
1,0,0,0,1
4,0,0,0,4
1,0,0,0,1
1,0,0,0,1
1,0,0,0,1
1,0,0,0,1
3,0,0,0,3
1,0,0,0,1
1,0,0,0,1
1,0,0,0,1
1,0,0,0,1
1,0,0,0,1
1,0,0,0,1
1,0,0,0,1
1,1,1,0,3
1,0,0,0,1
2,0,0,0,2
1,0,0,0,1
4,0,0,0,4
1,0,0,0,1
1,0,0,0,1
1,0,0,0,1
1,0,0,0,1
1,0,0,0,1
1,0,0,0,1
1,0,0,0,1
1,0,0,0,1
1,0,0,0,1
1,0,0,0,1
1,0,0,0,1
1,0,0,0,1
1,0,0,0,1
1,0,0,0,1
1,0,0,0,1
1,0,0,0,1
1,0,0,0,1
1,0,0,0,1
1,0,0,0,1
1,0,0,0,1
1,0,0,0,1
1,0,0,0,1
1,0,0,0,1
1,0,0,0,1
1,0,0,0,1
1,0,0,0,1
1,0,0,0,1
1,0,0,0,1
1,0,0,0,1
1,0,0,0,1
1,0,0,0,1
1,0,0,0,1
1,0,0,0,1
1,0,0,0,1
1,0,0,0,1
1,0,0,0,1
1,0,0,0,1
1,0,0,0,1
1,0,0,0,1
1,0,0,0,1
1,0,0,0,1
1,0,0,0,1
1,0,0,0,1
1,0,0,0,1
1,0,0,0,1
1,0,0,0,1
1,0,0,0,1
1,0,0,0,1
1,0,0,0,1
1,0,0,0,1
1,0,0,0,1
1,0,0,0,1
1,0,0,0,1
1,0,0,0,1
1,0,0,0,1
1,0,0,0,1
1,0,0,0,1
1,0,0,0,1
1,0,0,0,1
1,0,0,0,1
1,0,0,0,1
1,0,0,0,1
2,0,0,0,2
4,0,0,0,4
3,1,0,0,4
1,0,0,0,1
1,0,0,0,1
1,0,0,0,1
1,0,0,0,1
1,0,0,0,1
1,0,0,0,1
1,0,0,0,1
1,0,0,0,1
1,0,0,0,1
1,0,0,0,1
1,0,0,0,1
1,0,0,0,1
1,0,0,0,1
2,1,0,0,3
1,0,0,0,1
1,0,0,0,1
1,0,0,0,1
1,0,0,0,1
1,0,0,0,1
1,0,0,0,1
2,0,0,0,2
1,0,0,0,1
1,0,0,0,1
1,0,0,0,1
1,0,0,0,1
1,0,0,0,1
1,0,0,0,1
1,0,0,0,1
1,0,0,0,1
1,0,0,0,1
2,0,0,0,2
1,0,0,0,1
1,0,0,0,1
1,0,0,0,1
2,0,0,0,2
1,0,0,0,1
1,0,0,0,1
1,0,0,0,1
1,0,0,0,1
1,0,0,0,1
1,0,0,0,1
1,0,0,0,1
1,0,0,0,1
1,0,0,0,1
1,0,0,0,1
1,0,0,0,1
1,0,0,0,1
1,0,0,0,1
2,0,0,0,2
1,0,0,0,1
1,0,0,0,1
1,0,0,0,1
1,0,0,0,1
1,0,0,0,1
1,0,0,0,1
1,0,0,0,1
1,0,0,0,1
2,0,0,0,2
1,0,0,0,1
1,0,0,0,1
1,0,0,0,1
1,0,0,0,1
3,0,0,0,3
1,0,0,0,1
1,0,0,0,1
1,0,0,0,1
1,0,0,0,1
1,0,0,0,1
1,0,0,0,1
1,0,0,0,1
1,0,0,0,1
1,0,0,0,1
1,0,0,0,1
1,0,0,0,1
1,0,0,0,1
1,0,0,0,1
1,1,0,0,2
5,0,0,0,5
1,0,0,0,1
1,5,2,0,8
1,0,0,0,1
1,0,0,0,1
1,0,0,0,1
1,0,0,0,1
1,0,0,0,1
2,0,0,0,2
1,0,0,0,1
2,0,0,0,2
1,0,0,0,1
1,0,0,0,1
3,0,0,0,3
1,0,0,0,1
1,0,0,0,1
1,0,0,0,1
1,0,0,0,1
1,0,0,0,1
1,1,0,0,2
1,0,0,0,1
1,0,0,0,1
1,0,0,0,1
1,0,0,0,1
1,0,0,0,1
1,0,0,0,1
1,0,0,0,1
1,0,0,0,1
1,0,0,0,1
1,0,0,0,1
1,0,0,0,1
1,0,0,0,1
2,0,0,0,2
1,0,0,0,1
2,0,0,0,2
1,0,0,0,1
1,0,0,0,1
1,0,0,0,1
1,0,0,0,1
1,0,0,0,1
1,0,0,0,1
1,0,0,0,1
1,0,0,0,1
1,0,0,0,1
1,0,0,0,1
1,0,0,0,1
1,0,0,0,1
1,0,0,0,1
1,0,0,0,1
1,0,0,0,1
1,0,0,0,1
2,0,0,0,2
1,0,0,0,1
1,4,0,0,5
3,0,0,0,3
1,0,0,0,1
1,0,0,0,1
1,0,0,0,1
1,0,0,0,1
1,0,0,0,1
1,0,0,0,1
1,0,0,0,1
4,0,0,0,4
1,0,0,0,1
1,0,0,0,1
1,0,0,0,1
1,0,0,0,1
1,0,0,0,1
1,0,0,0,1
1,0,0,0,1
1,0,0,0,1
1,0,0,0,1
1,0,0,0,1
1,0,0,0,1
1,0,0,0,1
1,0,0,0,1
1,0,0,0,1
1,0,0,0,1
1,0,0,0,1
1,0,0,0,1
1,0,0,0,1
1,0,0,0,1
1,0,0,0,1
1,0,0,0,1
1,0,0,0,1
1,0,0,0,1
1,1,1,0,3
2,0,0,0,2
1,0,0,0,1
1,0,0,0,1
1,0,0,0,1
1,0,0,0,1
1,0,0,0,1
1,0,0,0,1
2,0,0,0,2
1,0,0,0,1
1,0,0,0,1
1,0,0,0,1
1,0,0,0,1
1,0,0,0,1
1,0,0,0,1
1,0,0,0,1
1,0,0,0,1
1,0,0,0,1
1,0,0,0,1
1,0,0,0,1
2,0,0,0,2
2,0,0,0,2
1,0,0,0,1
1,0,0,0,1
1,0,0,0,1
1,0,0,0,1
2,594,0,0,596
1,0,0,0,1
1,0,0,0,1
1,0,0,0,1
1,0,0,0,1
1,0,0,0,1
1,0,0,0,1
1,0,0,0,1
1,0,0,0,1
1,0,0,0,1
1,0,0,0,1
1,0,0,0,1
1,0,0,0,1
1,0,0,0,1
1,0,0,0,1
1,0,0,0,1
1,0,0,0,1
1,0,0,0,1
1,0,0,0,1
1,0,0,0,1
1,0,0,0,1
1,0,0,0,1
1,0,0,0,1
1,0,0,0,1
1,0,0,0,1
2,0,0,0,2
1,0,0,0,1
1,0,0,0,1
1,0,0,0,1
2,0,0,0,2
1,0,0,0,1
1,0,0,0,1
2,0,0,0,2
1,0,0,0,1
1,0,0,0,1
1,0,0,0,1
2,1,1,0,4
1,0,0,0,1
1,0,0,0,1
1,0,0,0,1
1,0,0,0,1
1,0,0,0,1
2,2,1,0,5
1,0,0,0,1
1,0,0,0,1
1,0,0,0,1
1,0,0,0,1
1,0,0,0,1
2,0,0,0,2
1,0,0,0,1
1,0,0,0,1
1,0,0,0,1
1,0,0,0,1
1,0,0,0,1
1,0,0,0,1
1,0,0,0,1
1,0,0,0,1
1,0,0,0,1
1,0,0,0,1
2,0,0,0,2
1,0,0,0,1
1,0,0,0,1
1,0,0,0,1
1,0,0,0,1
1,0,0,0,1
1,0,0,0,1
1,0,0,0,1
1,0,0,0,1
1,0,0,0,1
1,0,0,0,1
2,0,0,0,2
1,0,0,0,1
1,0,0,0,1
1,0,0,0,1
1,0,0,0,1
1,0,0,0,1
1,0,0,0,1
1,0,0,0,1
1,0,0,0,1
1,0,0,0,1
1,0,0,0,1
1,0,0,0,1
1,0,0,0,1
1,0,0,0,1
1,0,0,0,1
1,4,0,0,5
1,0,0,0,1
1,0,0,0,1
1,0,0,0,1
2,0,0,0,2
1,0,0,0,1
1,0,0,0,1
1,0,0,0,1
2,0,0,0,2
2,0,0,0,2
1,0,0,0,1
1,0,0,0,1
2,0,0,0,2
1,0,0,0,1
1,0,0,0,1
2,0,0,0,2
2,0,0,0,2
1,0,0,0,1
1,0,0,0,1
1,0,0,0,1
1,0,0,0,1
1,0,0,0,1
1,0,0,0,1
1,0,0,0,1
1,0,0,0,1
1,0,0,0,1
1,1,0,0,2
1,0,0,0,1
1,0,0,0,1
1,0,0,0,1
2,0,0,0,2
1,2,1,0,4
1,0,0,0,1
1,0,0,0,1
1,0,0,0,1
1,0,0,0,1
1,0,0,0,1
1,0,0,0,1
1,0,0,0,1
1,0,0,0,1
1,0,0,0,1
1,0,0,0,1
1,0,0,0,1
1,1,0,0,2
1,0,0,0,1
1,0,0,0,1
4,0,0,0,4
1,0,0,0,1
1,0,0,0,1
1,0,0,0,1
1,0,0,0,1
1,0,0,0,1
1,0,0,0,1
1,1,0,0,2
1,0,0,0,1
1,0,0,0,1
1,0,0,0,1
1,0,0,0,1
1,0,0,0,1
1,0,0,0,1
1,0,0,0,1
1,0,0,0,1
1,0,0,0,1
1,0,0,0,1
1,0,0,0,1
1,0,0,0,1
1,0,0,0,1
1,0,0,0,1
1,0,0,0,1
1,0,0,0,1
1,0,0,0,1
1,0,0,0,1
1,0,0,0,1
1,0,0,0,1
4,0,0,0,4
1,0,0,0,1
1,0,0,0,1
1,0,0,0,1
1,0,0,0,1
1,0,0,0,1
2,0,0,0,2
1,0,0,0,1
1,0,0,0,1
1,0,0,0,1
1,0,0,0,1
1,0,0,0,1
1,0,0,0,1
1,0,0,0,1
1,0,0,0,1
1,0,0,0,1
1,0,0,0,1
1,0,0,0,1
1,0,0,0,1
1,0,0,0,1
2,0,0,0,2
1,0,0,0,1
1,0,0,0,1
1,0,0,0,1
1,0,0,0,1
1,0,0,0,1
1,0,0,0,1
1,0,0,0,1
1,0,0,0,1
1,0,0,0,1
1,0,0,0,1
1,0,0,0,1
2,0,0,0,2
1,0,0,0,1
1,0,0,0,1
1,0,0,0,1
1,0,0,0,1
1,0,0,0,1
1,0,0,0,1
1,0,0,0,1
1,0,0,0,1
1,0,0,0,1
1,0,0,0,1
1,0,0,0,1
1,0,0,0,1
1,0,0,0,1
1,0,0,0,1
1,0,0,0,1
1,0,0,0,1
1,0,0,0,1
1,0,0,0,1
1,0,0,0,1
1,0,0,0,1
1,0,0,0,1
1,0,0,0,1
1,0,0,0,1
1,0,0,0,1
3,0,0,0,3
1,0,0,0,1
1,0,0,0,1
1,0,0,0,1
1,0,0,0,1
5,0,0,0,5
1,0,0,0,1
1,0,0,0,1
1,0,0,0,1
1,0,0,0,1
2,0,0,0,2
1,0,0,0,1
1,0,0,0,1
2,0,0,0,2
1,0,0,0,1
1,0,0,0,1
1,0,0,0,1
1,0,0,0,1
1,0,0,0,1
1,0,0,0,1
1,0,0,0,1
1,0,0,0,1
3,0,0,0,3
1,0,0,0,1
2,0,0,0,2
1,2,0,0,3
1,0,0,0,1
1,0,0,0,1
2,0,0,0,2
1,0,0,0,1
1,0,0,0,1
1,0,0,0,1
1,0,0,0,1
1,0,0,0,1
1,0,0,0,1
1,0,0,0,1
1,0,0,0,1
1,0,0,0,1
1,0,0,0,1
1,0,0,0,1
1,0,0,0,1
1,0,0,0,1
1,0,0,0,1
1,1,0,0,2
1,0,0,0,1
1,0,0,0,1
1,0,0,0,1
1,0,0,0,1
1,0,0,0,1
1,0,0,0,1
1,0,0,0,1
2,0,0,0,2
1,0,0,0,1
1,0,0,0,1
1,0,0,0,1
1,0,0,0,1
1,0,0,0,1
1,0,0,0,1
1,0,0,0,1
1,0,0,0,1
1,0,0,0,1
1,0,0,0,1
1,0,0,0,1
1,0,0,0,1
1,0,0,0,1
1,0,0,0,1
1,1,1,0,3
1,0,0,0,1
1,0,0,0,1
1,0,0,0,1
1,0,0,0,1
1,0,0,0,1
1,0,0,0,1
1,0,0,0,1
1,0,0,0,1
1,0,0,0,1
1,0,0,0,1
1,12,0,0,13
1,0,0,0,1
1,0,0,0,1
2,0,0,0,2
1,0,0,0,1
1,1,1,0,3
1,0,0,0,1
1,0,0,0,1
1,0,0,0,1
1,0,0,0,1
1,0,0,0,1
1,0,0,0,1
1,0,0,0,1
1,0,0,0,1
1,0,0,0,1
1,0,0,0,1
1,0,0,0,1
1,0,0,0,1
3,0,0,0,3
1,0,0,0,1
1,0,0,0,1
1,0,0,0,1
1,0,0,0,1
1,0,0,0,1
1,0,0,0,1
1,6,0,0,7
1,0,0,0,1
1,0,0,0,1
1,0,0,0,1
1,0,0,0,1
1,0,0,0,1
1,0,0,0,1
2,5,0,0,7
1,0,0,0,1
1,0,0,0,1
2,0,0,0,2
1,0,0,0,1
1,0,0,0,1
1,0,0,0,1
1,0,0,0,1
1,0,0,0,1
1,0,0,0,1
1,0,0,0,1
1,0,0,0,1
1,0,0,0,1
2,0,0,0,2
1,0,0,0,1
1,0,0,0,1
1,0,0,0,1
1,0,0,0,1
1,0,0,0,1
1,0,0,0,1
1,0,0,0,1
1,0,0,0,1
1,0,0,0,1
1,0,0,0,1
2,0,0,0,2
1,0,0,0,1
1,0,0,0,1
2,0,0,0,2
1,0,0,0,1
1,0,0,0,1
1,0,0,0,1
1,0,0,0,1
2,0,0,0,2
1,0,0,0,1
1,0,0,0,1
1,0,0,0,1
1,0,0,0,1
2,0,0,0,2
1,0,0,0,1
2,0,0,0,2
1,0,0,0,1
1,0,0,0,1
1,0,0,0,1
1,55,0,0,56
1,0,0,0,1
1,0,0,0,1
1,0,0,0,1
1,0,0,0,1
1,58,0,0,59
1,0,0,0,1
1,0,0,0,1
2,0,0,0,2
1,0,0,0,1
1,0,0,0,1
1,0,0,0,1
2,0,0,0,2
1,0,0,0,1
1,0,1,0,2
1,0,0,0,1
1,0,0,0,1
1,0,0,0,1
1,0,0,0,1
1,0,0,0,1
1,0,0,0,1
1,0,0,0,1
1,0,0,0,1
2,0,0,0,2
1,0,0,0,1
2,0,0,0,2
1,0,0,0,1
1,0,0,0,1
1,0,0,0,1
1,0,0,0,1
1,0,0,0,1
1,0,0,0,1
1,0,0,0,1
1,0,0,0,1
1,0,0,0,1
1,0,0,0,1
1,0,0,0,1
1,0,0,0,1
1,0,0,0,1
1,0,0,0,1
1,0,0,0,1
1,0,0,0,1
1,0,0,0,1
1,0,0,0,1
3,0,0,0,3
1,0,0,0,1
1,0,0,0,1
2,0,0,0,2
1,0,0,0,1
2,0,0,0,2
2,0,0,0,2
1,0,0,0,1
1,0,0,0,1
1,0,0,0,1
1,1,0,0,2
1,1,0,0,2
2,0,0,0,2
2,0,0,0,2
1,0,0,0,1
1,0,0,0,1
1,0,0,0,1
1,0,0,0,1
1,0,0,0,1
2,0,0,0,2
1,0,0,0,1
1,0,0,0,1
3,0,0,0,3
1,0,0,0,1
1,0,0,0,1
1,0,0,0,1
1,0,0,0,1
1,0,0,0,1
1,0,0,0,1
1,0,0,0,1
1,0,0,0,1
1,0,0,0,1
1,0,0,0,1
1,0,0,0,1
1,0,0,0,1
1,0,0,0,1
1,0,0,0,1
1,0,0,0,1
1,0,0,0,1
1,0,0,0,1
1,0,0,0,1
1,0,0,0,1
1,0,0,0,1
1,0,0,0,1
2,0,0,0,2
1,0,0,0,1
1,0,0,0,1
1,0,0,0,1
1,0,0,0,1
1,0,0,0,1
2,0,0,0,2
1,0,0,0,1
1,0,0,0,1
2,0,0,0,2
1,0,0,0,1
3,0,0,0,3
1,0,0,0,1
1,0,0,0,1
1,0,0,0,1
1,0,0,0,1
1,0,0,0,1
2,0,0,0,2
1,2,0,0,3
1,0,0,0,1
1,0,0,0,1
1,0,0,0,1
1,0,0,0,1
1,0,0,0,1
1,0,0,0,1
2,0,0,0,2
1,0,0,0,1
2,0,0,0,2
2,0,0,0,2
1,0,0,0,1
1,4,0,0,5
1,0,0,0,1
1,0,0,0,1
1,0,0,0,1
1,0,0,0,1
1,1,0,0,2
1,0,0,0,1
1,0,0,0,1
1,0,0,0,1
1,6,0,0,7
2,0,0,0,2
1,0,0,0,1
1,0,0,0,1
1,0,0,0,1
1,0,0,0,1
1,0,0,0,1
1,0,0,0,1
1,0,0,0,1
1,0,0,0,1
1,0,0,0,1
1,0,0,0,1
1,0,0,0,1
1,0,0,0,1
1,0,0,0,1
1,0,0,0,1
3,0,0,0,3
1,0,0,0,1
1,0,0,0,1
1,0,0,0,1
1,0,0,0,1
1,0,0,0,1
1,0,0,0,1
1,0,0,0,1
1,0,0,0,1
1,0,0,0,1
1,0,0,0,1
1,0,0,0,1
1,0,0,0,1
1,0,0,0,1
1,1,0,0,2
1,0,0,0,1
1,0,0,0,1
1,0,0,0,1
1,0,0,0,1
1,0,0,0,1
1,0,0,0,1
1,0,0,0,1
1,0,0,0,1
1,0,0,0,1
1,2,0,0,3
1,0,0,0,1
1,0,0,0,1
1,0,0,0,1
1,0,0,0,1
2,1,0,0,3
1,0,0,0,1
1,0,0,0,1
1,0,0,0,1
1,0,0,0,1
1,0,0,0,1
1,0,0,0,1
1,0,0,0,1
2,0,0,0,2
1,0,0,0,1
1,0,0,0,1
1,0,0,0,1
1,0,0,0,1
1,0,0,0,1
1,0,0,0,1
1,0,0,0,1
1,0,0,0,1
2,0,0,0,2
1,0,0,0,1
1,0,0,0,1
1,0,0,0,1
1,0,0,0,1
2,17,0,0,19
1,0,0,0,1
2,0,0,0,2
1,0,0,0,1
2,0,0,0,2
1,0,0,0,1
1,0,0,0,1
1,0,0,0,1
1,0,0,0,1
1,0,0,0,1
1,0,0,0,1
2,0,0,0,2
1,0,0,0,1
1,0,0,0,1
1,0,0,0,1
1,0,0,0,1
1,0,0,0,1
1,0,0,0,1
1,0,0,0,1
1,0,0,0,1
1,0,0,0,1
2,0,0,0,2
1,0,0,0,1
1,0,0,0,1
1,0,0,0,1
2,0,0,0,2
1,0,0,0,1
1,0,0,0,1
1,0,0,0,1
1,0,0,0,1
1,0,0,0,1
1,0,0,0,1
1,0,0,0,1
1,0,0,0,1
1,0,0,0,1
1,0,0,0,1
1,0,0,0,1
1,0,0,0,1
1,0,0,0,1
1,0,0,0,1
1,0,0,0,1
1,0,0,0,1
1,0,0,0,1
1,0,0,0,1
1,0,0,0,1
1,0,0,0,1
1,0,0,0,1
1,0,0,0,1
1,0,0,0,1
2,0,0,0,2
1,0,0,0,1
3,0,0,0,3
1,0,0,0,1
1,0,0,0,1
2,1,1,0,4
1,0,0,0,1
1,0,0,0,1
1,0,0,0,1
1,0,0,0,1
1,0,0,0,1
1,0,0,0,1
1,0,0,0,1
1,0,0,0,1
1,0,0,0,1
1,0,0,0,1
1,0,0,0,1
2,0,0,0,2
1,0,0,0,1
1,0,0,0,1
1,0,0,0,1
1,0,0,0,1
2,0,0,0,2
1,0,0,0,1
1,0,0,0,1
1,0,0,0,1
1,0,0,0,1
1,0,0,0,1
2,0,0,0,2
1,0,0,0,1
2,0,0,0,2
1,0,0,0,1
1,0,0,0,1
1,0,0,0,1
1,0,0,0,1
1,0,0,0,1
1,0,0,0,1
1,0,0,0,1
1,0,0,0,1
1,0,0,0,1
2,0,0,0,2
1,0,0,0,1
1,0,0,0,1
2,0,0,0,2
1,0,0,0,1
1,0,0,0,1
1,0,0,0,1
1,0,0,0,1
1,0,0,0,1
1,0,0,0,1
2,0,0,0,2
1,0,0,0,1
1,1,0,0,2
1,0,0,0,1
1,0,0,0,1
1,0,0,0,1
1,0,0,0,1
1,0,0,0,1
1,0,0,0,1
2,5,0,0,7
2,0,0,0,2
1,0,0,0,1
1,0,0,0,1
1,0,0,0,1
1,0,0,0,1
1,0,0,0,1
1,0,0,0,1
1,0,0,0,1
1,0,0,0,1
3,0,0,0,3
1,0,0,0,1
1,0,0,0,1
1,0,0,0,1
1,0,0,0,1
2,0,0,0,2
3,0,0,0,3
1,0,0,0,1
1,0,0,0,1
1,0,0,0,1
1,0,0,0,1
1,0,0,0,1
1,0,0,0,1
1,0,0,0,1
1,0,0,0,1
1,0,0,0,1
1,0,0,0,1
5,2,0,0,7
1,6,1,0,8
1,0,0,0,1
1,0,0,0,1
1,0,0,0,1
1,0,0,0,1
1,0,0,0,1
1,0,0,0,1
1,0,0,0,1
1,0,0,0,1
1,0,0,0,1
1,0,0,0,1
1,99,0,0,100
1,0,0,0,1
1,0,0,0,1
1,0,0,0,1
1,0,0,0,1
1,1,0,0,2
1,0,0,0,1
1,0,0,0,1
1,0,0,0,1
2,0,0,0,2
1,0,0,0,1
1,0,0,0,1
2,0,0,0,2
1,0,0,0,1
1,0,0,0,1
1,0,0,0,1
1,0,0,0,1
1,0,0,0,1
3,0,0,0,3
3,0,0,0,3
1,0,0,0,1
1,0,0,0,1
1,0,0,0,1
1,0,0,0,1
1,4,0,0,5
1,0,0,0,1
1,0,0,0,1
1,0,0,0,1
1,0,0,0,1
1,0,0,0,1
1,0,0,0,1
1,0,0,0,1
1,0,0,0,1
1,0,0,0,1
1,0,0,0,1
1,0,0,0,1
3,0,0,0,3
1,0,0,0,1
1,0,0,0,1
3,1,0,0,4
1,0,0,0,1
2,0,0,0,2
1,0,0,0,1
1,0,0,0,1
1,0,0,0,1
1,0,0,0,1
1,0,0,0,1
1,0,0,0,1
1,0,0,0,1
1,0,0,0,1
1,0,0,0,1
1,0,0,0,1
1,0,0,0,1
1,0,0,0,1
1,1,0,0,2
1,0,0,0,1
1,0,0,0,1
3,0,0,0,3
1,0,0,0,1
1,0,0,0,1
1,0,0,0,1
1,0,0,0,1
1,0,0,0,1
1,0,0,0,1
1,0,0,0,1
1,0,0,0,1
2,0,0,0,2
1,0,0,0,1
1,0,0,0,1
1,0,0,0,1
1,0,0,0,1
1,0,0,0,1
1,0,0,0,1
1,0,0,0,1
2,0,0,0,2
1,0,0,0,1
1,0,0,0,1
1,1,0,0,2
2,0,0,0,2
1,14,0,0,15
1,0,0,0,1
1,0,0,0,1
1,0,0,0,1
1,0,0,0,1
1,0,0,0,1
1,0,0,0,1
1,0,0,0,1
1,0,0,0,1
1,0,0,0,1
1,0,0,0,1
1,0,0,0,1
1,0,0,0,1
1,0,0,0,1
1,0,0,0,1
1,0,0,0,1
1,0,0,0,1
1,0,0,0,1
1,0,0,0,1
1,0,0,0,1
2,0,0,0,2
1,0,0,0,1
1,0,0,0,1
1,0,0,0,1
1,0,0,0,1
2,0,0,0,2
1,0,0,0,1
2,0,0,0,2
1,0,0,0,1
1,0,0,0,1
1,0,0,0,1
1,2,0,0,3
1,0,0,0,1
1,0,0,0,1
1,6,0,0,7
1,0,0,0,1
1,0,0,0,1
2,0,0,0,2
2,0,0,0,2
4,0,0,0,4
1,0,0,0,1
1,0,0,0,1
1,0,0,0,1
1,0,0,0,1
1,0,0,0,1
1,0,0,0,1
1,2,0,0,3
1,0,0,0,1
1,0,0,0,1
1,0,0,0,1
1,0,0,0,1
1,0,0,0,1
1,0,0,0,1
1,0,0,0,1
1,0,0,0,1
1,0,0,0,1
2,0,0,0,2
1,0,0,0,1
2,0,0,0,2
2,0,0,0,2
1,0,0,0,1
1,0,0,0,1
1,0,0,0,1
1,0,0,0,1
1,0,0,0,1
1,3,0,0,4
1,0,0,0,1
1,0,0,0,1
1,0,0,0,1
1,0,0,0,1
1,0,0,0,1
2,0,0,0,2
1,0,0,0,1
1,0,0,0,1
2,0,0,0,2
1,0,0,0,1
1,0,0,0,1
1,0,0,0,1
1,0,0,0,1
1,0,0,0,1
1,0,0,0,1
1,0,0,0,1
1,0,0,0,1
1,0,0,0,1
1,0,0,0,1
1,0,0,0,1
1,0,0,0,1
1,0,0,0,1
1,0,0,0,1
2,0,0,0,2
1,0,0,0,1
1,0,0,0,1
1,0,0,0,1
1,0,0,0,1
1,0,0,0,1
1,0,0,0,1
1,0,0,0,1
1,0,0,0,1
1,0,0,0,1
1,0,0,0,1
1,0,0,0,1
1,0,0,0,1
1,4,0,0,5
1,0,0,0,1
1,0,0,0,1
2,0,0,0,2
2,449,1,0,452
1,0,0,0,1
1,0,0,0,1
1,0,0,0,1
2,0,0,0,2
1,0,0,0,1
1,0,0,0,1
1,0,0,0,1
1,0,0,0,1
1,0,0,0,1
1,0,0,0,1
1,0,0,0,1
1,0,0,0,1
1,0,0,0,1
1,0,0,0,1
1,0,0,0,1
1,0,0,0,1
1,0,0,0,1
1,0,0,0,1
1,0,0,0,1
1,0,0,0,1
1,0,0,0,1
1,0,0,0,1
1,0,0,0,1
2,0,0,0,2
4,0,0,0,4
1,0,0,0,1
1,0,0,0,1
1,0,0,0,1
1,0,0,0,1
1,0,0,0,1
2,0,0,0,2
2,0,0,0,2
1,0,0,0,1
1,0,0,0,1
1,0,0,0,1
2,0,0,0,2
1,0,0,0,1
2,0,0,0,2
1,0,0,0,1
1,0,0,0,1
1,0,0,0,1
1,0,0,0,1
1,0,0,0,1
2,0,0,0,2
2,0,0,0,2
1,0,0,0,1
1,0,0,0,1
1,0,0,0,1
1,0,0,0,1
1,0,0,0,1
1,0,0,0,1
1,0,0,0,1
1,0,0,0,1
1,0,0,0,1
1,0,0,0,1
1,0,0,0,1
1,0,0,0,1
1,0,0,0,1
1,0,0,0,1
1,0,0,0,1
1,0,0,0,1
2,0,0,0,2
1,0,0,0,1
1,0,0,0,1
1,0,0,0,1
1,0,0,0,1
1,0,0,0,1
1,0,0,0,1
1,0,0,0,1
1,0,0,0,1
2,0,0,0,2
1,5,0,0,6
1,0,1,0,2
3,0,0,0,3
1,0,0,0,1
1,0,0,0,1
1,0,0,0,1
1,0,0,0,1
1,0,0,0,1
1,0,0,0,1
1,0,0,0,1
1,0,0,0,1
1,0,0,0,1
1,0,0,0,1
2,0,0,0,2
1,0,0,0,1
1,0,0,0,1
1,0,0,0,1
1,0,0,0,1
1,0,0,0,1
1,0,0,0,1
1,0,0,0,1
1,0,0,0,1
4,0,0,0,4
1,0,0,0,1
2,0,0,0,2
1,0,0,0,1
2,0,0,0,2
1,0,0,0,1
6,0,0,0,6
1,0,0,0,1
1,0,0,0,1
1,0,0,0,1
1,0,0,0,1
1,0,0,0,1
1,0,0,0,1
1,0,0,0,1
1,0,0,0,1
1,0,0,0,1
1,0,0,0,1
1,0,0,0,1
1,0,0,0,1
1,0,0,0,1
1,0,0,0,1
1,10,0,0,11
1,0,0,0,1
1,0,0,0,1
1,0,0,0,1
1,0,0,0,1
4,0,0,0,4
1,0,0,0,1
1,0,0,0,1
1,0,0,0,1
1,0,0,0,1
2,0,0,0,2
1,0,0,0,1
1,0,0,0,1
2,0,0,0,2
1,0,0,0,1
1,0,0,0,1
1,0,0,0,1
2,0,0,0,2
1,0,0,0,1
1,0,0,0,1
1,0,0,0,1
1,0,0,0,1
3,0,0,0,3
1,0,0,0,1
1,0,0,0,1
1,0,0,0,1
1,0,0,0,1
1,0,0,0,1
1,0,0,0,1
1,0,0,0,1
1,0,0,0,1
1,0,0,0,1
1,0,0,0,1
1,0,0,0,1
3,0,0,0,3
1,0,0,0,1
1,0,0,0,1
1,0,0,0,1
1,0,0,0,1
1,0,0,0,1
1,0,0,0,1
1,0,0,0,1
1,0,0,0,1
1,0,0,0,1
4,0,0,0,4
1,0,0,0,1
1,0,0,0,1
1,0,0,0,1
1,0,0,0,1
1,0,0,0,1
1,0,0,0,1
3,0,0,0,3
1,0,0,0,1
1,0,0,0,1
1,0,0,0,1
1,0,0,0,1
1,0,0,0,1
1,0,0,0,1
1,0,0,0,1
1,0,0,0,1
1,0,0,0,1
1,0,0,0,1
1,0,0,0,1
1,21,0,0,22
1,0,0,0,1
1,0,0,0,1
1,0,0,0,1
1,0,0,0,1
1,0,0,0,1
1,2,1,0,4
1,0,0,0,1
1,0,0,0,1
2,0,0,0,2
1,0,0,0,1
1,0,0,0,1
2,0,0,0,2
1,0,0,0,1
2,0,0,0,2
1,0,0,0,1
1,0,0,0,1
1,0,0,0,1
1,0,0,0,1
3,0,0,0,3
2,0,0,0,2
1,0,0,0,1
1,0,0,0,1
2,0,0,0,2
1,0,0,0,1
1,0,0,0,1
1,0,0,0,1
1,0,0,0,1
2,0,0,0,2
1,0,0,0,1
1,0,0,0,1
1,0,0,0,1
1,0,0,0,1
1,0,0,0,1
1,0,0,0,1
1,0,0,0,1
1,0,0,0,1
1,0,0,0,1
1,0,0,0,1
1,0,0,0,1
1,0,0,0,1
1,0,0,0,1
1,0,0,0,1
1,0,0,0,1
1,0,0,0,1
1,0,0,0,1
1,0,0,0,1
1,0,0,0,1
1,0,0,0,1
1,0,0,0,1
1,0,0,0,1
1,0,0,0,1
1,0,0,0,1
1,0,0,0,1
1,0,0,0,1
1,0,0,0,1
1,2,0,0,3
1,0,0,0,1
1,0,0,0,1
1,0,0,0,1
1,0,0,0,1
1,0,0,0,1
1,0,0,0,1
1,0,0,0,1
1,0,0,0,1
1,0,0,0,1
1,0,0,0,1
2,0,0,0,2
6,0,0,0,6
1,0,0,0,1
1,0,0,0,1
2,0,0,0,2
1,0,0,0,1
1,0,0,0,1
1,0,0,0,1
1,0,0,0,1
1,0,0,0,1
1,0,0,0,1
1,0,0,0,1
1,0,0,0,1
1,0,0,0,1
1,0,0,0,1
1,0,0,0,1
1,0,0,0,1
1,0,0,0,1
1,0,0,0,1
1,0,0,0,1
1,0,0,0,1
1,0,0,0,1
1,0,0,0,1
1,0,0,0,1
1,0,0,0,1
1,0,0,0,1
1,0,0,0,1
1,0,0,0,1
1,4,0,0,5
1,0,0,0,1
1,0,0,0,1
1,0,0,0,1
1,0,0,0,1
1,0,0,0,1
3,0,0,0,3
1,0,0,0,1
1,0,0,0,1
1,0,0,0,1
1,0,0,0,1
1,0,0,0,1
1,0,0,0,1
1,0,0,0,1
1,0,0,0,1
1,0,0,0,1
1,0,0,0,1
1,0,0,0,1
2,0,0,0,2
1,0,0,0,1
1,0,0,0,1
1,0,0,0,1
1,0,0,0,1
1,0,0,0,1
1,0,0,0,1
1,0,0,0,1
1,0,0,0,1
1,0,0,0,1
2,0,0,0,2
1,0,0,0,1
1,0,0,0,1
1,0,0,0,1
1,0,0,0,1
1,0,0,0,1
1,0,0,0,1
1,0,0,0,1
1,0,0,0,1
2,1,0,0,3
1,1,0,0,2
1,0,0,0,1
1,0,0,0,1
1,0,0,0,1
1,0,0,0,1
1,0,0,0,1
1,0,0,0,1
2,0,0,0,2
1,0,0,0,1
1,0,0,0,1
1,0,0,0,1
1,0,0,0,1
1,0,0,0,1
1,1,1,0,3
1,0,0,0,1
1,0,0,0,1
1,0,0,0,1
1,0,0,0,1
1,1,1,0,3
1,0,0,0,1
1,0,0,0,1
1,0,0,0,1
1,1,0,0,2
1,0,0,0,1
1,0,0,0,1
1,0,0,0,1
1,2,0,0,3
1,0,0,0,1
1,0,0,0,1
1,0,0,0,1
1,0,0,0,1
1,0,0,0,1
1,0,0,0,1
2,0,0,0,2
1,0,0,0,1
1,0,0,0,1
1,0,0,0,1
1,0,0,0,1
1,0,0,0,1
1,0,0,0,1
1,0,0,0,1
1,0,0,0,1
1,0,0,0,1
1,0,0,0,1
1,0,0,0,1
1,0,0,0,1
2,0,0,0,2
1,0,0,0,1
1,0,0,0,1
1,0,0,0,1
1,2,0,0,3
2,0,0,0,2
1,0,0,0,1
1,0,0,0,1
1,0,0,0,1
1,0,0,0,1
1,0,0,0,1
1,0,0,0,1
1,0,0,0,1
1,2,0,0,3
1,3,0,0,4
1,0,0,0,1
2,1,0,0,3
1,0,0,0,1
1,0,0,0,1
1,0,0,0,1
1,4,1,0,6
1,0,0,0,1
1,0,0,0,1
1,0,0,0,1
1,0,0,0,1
1,0,0,0,1
1,0,0,0,1
1,0,0,0,1
1,0,0,0,1
1,0,0,0,1
1,0,0,0,1
1,0,0,0,1
1,0,0,0,1
1,0,0,0,1
1,0,0,0,1
1,0,0,0,1
1,0,0,0,1
1,0,0,0,1
1,2,0,0,3
1,0,0,0,1
1,0,0,0,1
1,0,0,0,1
1,0,0,0,1
1,0,0,0,1
1,0,0,0,1
2,0,0,0,2
1,0,0,0,1
1,0,0,0,1
1,1,0,0,2
1,0,0,0,1
1,0,0,0,1
1,0,0,0,1
1,0,0,0,1
2,0,0,0,2
1,0,0,0,1
1,0,0,0,1
1,0,0,0,1
1,0,0,0,1
1,0,0,0,1
1,0,0,0,1
1,0,0,0,1
1,0,0,0,1
1,0,0,0,1
1,0,0,0,1
2,0,0,0,2
3,0,0,0,3
1,0,0,0,1
1,0,0,0,1
1,0,0,0,1
1,0,0,0,1
1,0,0,0,1
1,0,0,0,1
1,0,0,0,1
1,0,0,0,1
1,0,0,0,1
1,0,0,0,1
1,0,0,0,1
2,0,0,0,2
1,0,0,0,1
2,0,0,0,2
1,0,0,0,1
1,0,0,0,1
1,0,0,0,1
1,0,0,0,1
1,0,0,0,1
1,0,0,0,1
1,0,0,0,1
1,0,0,0,1
1,0,0,0,1
1,0,0,0,1
1,0,0,0,1
1,0,0,0,1
1,0,0,0,1
1,0,0,0,1
1,1,0,0,2
2,0,0,0,2
2,0,0,0,2
1,0,0,0,1
2,0,0,0,2
1,0,0,0,1
1,0,0,0,1
1,0,0,0,1
1,0,0,0,1
1,0,0,0,1
1,0,0,0,1
1,0,0,0,1
2,0,0,0,2
2,0,0,0,2
1,0,0,0,1
1,0,0,0,1
1,0,0,0,1
1,0,0,0,1
1,0,0,0,1
1,3,1,0,5
1,0,0,0,1
1,0,0,0,1
1,0,0,0,1
3,0,0,0,3
1,0,0,0,1
1,0,0,0,1
1,0,0,0,1
3,0,0,0,3
1,0,0,0,1
1,0,0,0,1
1,0,0,0,1
1,0,0,0,1
1,0,0,0,1
1,0,0,0,1
1,0,0,0,1
1,0,0,0,1
1,0,0,0,1
1,0,0,0,1
1,0,0,0,1
1,0,0,0,1
1,0,0,0,1
1,0,0,0,1
1,0,0,0,1
1,0,0,0,1
1,26,0,0,27
1,0,0,0,1
1,0,0,0,1
1,0,0,0,1
1,0,0,0,1
1,0,0,0,1
1,0,0,0,1
1,0,0,0,1
1,0,0,0,1
1,0,0,0,1
1,0,0,0,1
1,0,0,0,1
1,0,0,0,1
1,0,0,0,1
1,0,0,0,1
1,0,0,0,1
2,0,0,0,2
1,0,0,0,1
1,0,0,0,1
1,0,0,0,1
1,0,0,0,1
1,0,0,0,1
1,0,0,0,1
1,0,0,0,1
1,0,0,0,1
3,0,1,0,4
1,0,0,0,1
1,0,0,0,1
1,0,0,0,1
1,0,0,0,1
1,0,0,0,1
2,0,0,0,2
1,0,0,0,1
1,0,0,0,1
1,0,0,0,1
1,0,0,0,1
1,0,0,0,1
1,0,0,0,1
1,0,0,0,1
1,0,0,0,1
1,2,0,0,3
1,0,0,0,1
1,0,0,0,1
1,0,0,0,1
1,0,0,0,1
1,0,0,0,1
1,0,0,0,1
1,0,0,0,1
1,0,0,0,1
1,0,0,0,1
1,0,0,0,1
1,0,0,0,1
1,0,0,0,1
1,0,0,0,1
1,0,0,0,1
1,0,0,0,1
1,0,0,0,1
1,3,0,0,4
1,0,0,0,1
2,0,0,0,2
1,0,0,0,1
1,0,0,0,1
1,0,0,0,1
1,0,0,0,1
1,0,0,0,1
1,0,0,0,1
3,0,0,0,3
1,0,0,0,1
5,0,0,0,5
1,0,0,0,1
1,0,0,0,1
2,0,0,0,2
1,0,0,0,1
1,0,0,0,1
2,0,0,0,2
1,0,0,0,1
1,0,0,0,1
1,0,0,0,1
1,0,0,0,1
1,0,0,0,1
1,0,0,0,1
1,0,0,0,1
2,0,0,0,2
1,0,0,0,1
1,0,0,0,1
1,0,0,0,1
1,0,0,0,1
1,0,0,0,1
1,0,0,0,1
2,0,0,0,2
1,0,0,0,1
1,0,0,0,1
1,0,0,0,1
1,16,0,0,17
1,0,0,0,1
1,0,0,0,1
1,0,0,0,1
1,0,0,0,1
1,0,0,0,1
1,0,0,0,1
1,0,0,0,1
1,0,0,0,1
1,0,0,0,1
1,0,0,0,1
1,0,0,0,1
1,0,0,0,1
1,0,0,0,1
1,0,0,0,1
1,0,0,0,1
1,0,0,0,1
1,0,0,0,1
1,0,0,0,1
1,0,0,0,1
1,0,0,0,1
1,0,0,0,1
1,0,0,0,1
1,0,0,0,1
1,0,0,0,1
2,1,0,0,3
1,0,0,0,1
1,0,0,0,1
2,0,0,0,2
1,0,0,0,1
1,0,0,0,1
1,0,0,0,1
1,0,0,0,1
1,0,0,0,1
1,0,0,0,1
1,0,0,0,1
1,0,0,0,1
1,0,0,0,1
2,0,0,0,2
1,0,0,0,1
1,0,0,0,1
1,0,0,0,1
1,0,0,0,1
1,0,0,0,1
1,0,0,0,1
1,0,0,0,1
1,0,0,0,1
3,0,0,0,3
1,0,0,0,1
1,0,0,0,1
1,0,0,0,1
2,0,0,0,2
1,0,0,0,1
1,0,0,0,1
1,0,0,0,1
1,0,0,0,1
1,0,0,0,1
1,0,0,0,1
1,0,0,0,1
1,0,0,0,1
1,0,0,0,1
1,0,0,0,1
1,0,0,0,1
2,0,0,0,2
1,0,0,0,1
1,0,0,0,1
1,0,0,0,1
1,0,0,0,1
1,0,0,0,1
1,0,0,0,1
1,0,0,0,1
1,0,0,0,1
1,0,0,0,1
1,0,0,0,1
1,0,0,0,1
1,0,0,0,1
1,0,0,0,1
1,0,0,0,1
1,0,0,0,1
1,0,0,0,1
1,0,0,0,1
1,0,0,0,1
1,0,0,0,1
2,0,0,0,2
1,0,0,0,1
1,5,0,0,6
1,2,0,0,3
1,0,0,0,1
1,0,0,0,1
1,0,0,0,1
1,1,0,0,2
2,0,0,0,2
1,0,0,0,1
1,0,0,0,1
2,0,0,0,2
1,0,0,0,1
1,0,0,0,1
2,0,0,0,2
2,0,0,0,2
1,0,0,0,1
1,0,0,0,1
1,0,0,0,1
1,0,0,0,1
1,0,0,0,1
1,0,0,0,1
1,0,0,0,1
1,0,0,0,1
1,0,0,0,1
1,0,0,0,1
1,0,0,0,1
2,0,0,0,2
1,0,0,0,1
1,0,0,0,1
1,0,0,0,1
1,0,0,0,1
1,0,0,0,1
2,0,0,0,2
1,0,0,0,1
1,0,0,0,1
1,0,0,0,1
1,0,0,0,1
1,0,0,0,1
1,0,0,0,1
1,0,0,0,1
1,0,0,0,1
1,0,0,0,1
1,0,0,0,1
1,0,0,0,1
1,3,0,0,4
1,0,0,0,1
2,0,0,0,2
1,0,0,0,1
1,0,0,0,1
1,0,0,0,1
1,0,0,0,1
1,0,0,0,1
1,0,0,0,1
1,0,0,0,1
1,0,0,0,1
1,0,0,0,1
1,0,0,0,1
1,0,0,0,1
1,0,0,0,1
1,0,0,0,1
2,0,0,0,2
1,0,0,0,1
1,0,0,0,1
1,0,0,0,1
1,0,0,0,1
1,0,0,0,1
1,0,0,0,1
1,0,0,0,1
1,0,0,0,1
2,0,0,0,2
1,0,0,0,1
1,0,0,0,1
1,0,0,0,1
1,0,0,0,1
1,0,0,0,1
1,0,0,0,1
1,0,0,0,1
1,0,0,0,1
1,0,0,0,1
1,0,0,0,1
1,0,0,0,1
2,0,0,0,2
1,0,0,0,1
1,0,0,0,1
1,0,0,0,1
2,0,0,0,2
1,0,0,0,1
4,647,0,0,651
1,0,0,0,1
1,0,0,0,1
1,0,0,0,1
1,0,0,0,1
1,0,0,0,1
1,0,0,0,1
1,0,0,0,1
1,0,0,0,1
1,0,0,0,1
1,0,0,0,1
1,0,0,0,1
1,0,0,0,1
1,0,0,0,1
1,0,0,0,1
1,0,0,0,1
1,0,0,0,1
4,0,0,0,4
1,0,0,0,1
1,0,0,0,1
1,0,0,0,1
1,0,0,0,1
2,0,0,0,2
1,0,0,0,1
1,0,0,0,1
1,0,0,0,1
1,0,0,0,1
1,0,0,0,1
1,0,0,0,1
1,0,0,0,1
1,0,0,0,1
1,0,0,0,1
1,0,0,0,1
1,0,0,0,1
1,0,0,0,1
1,0,0,0,1
2,0,0,0,2
1,0,0,0,1
1,0,0,0,1
1,0,0,0,1
1,0,0,0,1
1,0,0,0,1
1,0,0,0,1
1,0,0,0,1
1,0,0,0,1
1,0,0,0,1
1,0,0,0,1
3,0,0,0,3
1,0,0,0,1
2,3,0,0,5
1,0,0,0,1
1,0,0,0,1
1,0,0,0,1
1,0,0,0,1
1,0,0,0,1
2,0,0,0,2
1,0,0,0,1
1,0,0,0,1
1,0,0,0,1
1,0,0,0,1
1,0,0,0,1
1,0,0,0,1
1,0,0,0,1
1,0,0,0,1
1,0,0,0,1
2,0,0,0,2
1,0,0,0,1
2,0,1,0,3
1,0,0,0,1
1,0,0,0,1
1,0,0,0,1
3,0,0,0,3
1,0,0,0,1
1,0,0,0,1
1,0,0,0,1
1,0,0,0,1
1,0,0,0,1
1,0,0,0,1
1,3,1,0,5
1,0,0,0,1
1,0,0,0,1
1,0,0,0,1
1,0,0,0,1
1,0,0,0,1
1,0,0,0,1
1,5,0,0,6
2,0,0,0,2
1,0,0,0,1
1,0,0,0,1
1,0,0,0,1
1,0,0,0,1
1,0,0,0,1
1,0,0,0,1
1,0,0,0,1
2,0,0,0,2
2,0,0,0,2
1,2,0,0,3
2,0,0,0,2
1,0,0,0,1
1,0,0,0,1
1,0,0,0,1
1,0,0,0,1
1,0,0,0,1
1,0,0,0,1
1,0,0,0,1
1,0,0,0,1
1,0,0,0,1
2,0,0,0,2
1,0,0,0,1
1,0,0,0,1
1,0,0,0,1
1,1,0,0,2
1,0,0,0,1
1,0,0,0,1
1,0,0,0,1
1,0,0,0,1
2,0,0,0,2
1,0,0,0,1
1,0,0,0,1
2,0,0,0,2
1,0,0,0,1
1,0,0,0,1
1,0,0,0,1
1,0,0,0,1
1,0,0,0,1
2,0,0,0,2
1,0,0,0,1
1,0,0,0,1
1,0,0,0,1
2,0,0,0,2
2,0,0,0,2
1,0,0,0,1
1,0,0,0,1
1,0,0,0,1
1,0,0,0,1
1,0,0,0,1
2,0,0,0,2
1,0,0,0,1
1,0,0,0,1
1,0,0,0,1
1,0,0,0,1
1,0,0,0,1
1,0,0,0,1
1,0,0,0,1
1,0,0,0,1
1,0,0,0,1
1,0,0,0,1
1,0,0,0,1
1,0,0,0,1
1,1,0,0,2
1,0,0,0,1
1,0,0,0,1
1,0,0,0,1
1,0,0,0,1
1,0,0,0,1
1,0,0,0,1
1,0,0,0,1
1,0,0,0,1
1,0,0,0,1
1,0,0,0,1
2,0,0,0,2
2,0,0,0,2
2,0,0,0,2
1,1,0,0,2
1,0,0,0,1
1,0,0,0,1
1,0,0,0,1
1,0,0,0,1
2,0,0,0,2
1,0,0,0,1
1,0,0,0,1
1,0,0,0,1
2,1,0,0,3
1,0,0,0,1
1,0,0,0,1
1,0,0,0,1
1,0,0,0,1
1,0,0,0,1
1,0,0,0,1
1,0,0,0,1
1,0,0,0,1
1,0,0,0,1
1,0,0,0,1
2,0,0,0,2
1,0,0,0,1
1,0,0,0,1
1,0,0,0,1
1,0,0,0,1
1,1,0,0,2
1,0,0,0,1
1,0,0,0,1
1,0,0,0,1
1,0,0,0,1
1,0,0,0,1
3,0,0,0,3
1,0,0,0,1
1,0,0,0,1
2,0,0,0,2
1,0,0,0,1
1,0,0,0,1
1,0,0,0,1
2,0,0,0,2
1,0,0,0,1
1,0,0,0,1
1,0,0,0,1
1,0,0,0,1
1,0,0,0,1
1,0,0,0,1
1,0,0,0,1
1,0,0,0,1
1,0,0,0,1
1,0,0,0,1
2,0,0,0,2
1,0,0,0,1
1,0,0,0,1
1,0,0,0,1
3,0,0,0,3
1,0,0,0,1
1,0,0,0,1
2,0,0,0,2
1,0,0,0,1
1,0,0,0,1
2,0,0,0,2
1,0,0,0,1
1,0,0,0,1
1,0,0,0,1
1,0,0,0,1
3,0,0,0,3
1,0,0,0,1
1,0,0,0,1
1,0,0,0,1
1,1,0,0,2
1,0,0,0,1
1,0,0,0,1
1,0,0,0,1
1,0,0,0,1
1,0,0,0,1
1,2,0,0,3
1,0,0,0,1
1,0,0,0,1
1,0,0,0,1
3,0,0,0,3
1,0,0,0,1
1,0,0,0,1
1,0,0,0,1
1,0,0,0,1
1,0,0,0,1
1,0,0,0,1
1,0,0,0,1
1,5,0,0,6
1,0,0,0,1
1,0,0,0,1
1,0,0,0,1
1,0,0,0,1
2,0,0,0,2
1,0,0,0,1
1,0,0,0,1
1,0,0,0,1
1,0,0,0,1
1,0,0,0,1
1,0,0,0,1
1,0,0,0,1
1,0,0,0,1
1,0,0,0,1
1,0,0,0,1
1,0,0,0,1
1,2,0,0,3
1,0,0,0,1
1,0,0,0,1
1,0,0,0,1
1,0,0,0,1
1,0,0,0,1
1,0,0,0,1
1,0,0,0,1
1,0,0,0,1
2,2,0,0,4
1,0,0,0,1
2,0,0,0,2
1,0,0,0,1
1,1,0,0,2
1,0,0,0,1
1,0,0,0,1
1,0,0,0,1
1,0,0,0,1
1,6,2,0,9
1,0,0,0,1
1,0,0,0,1
1,0,0,0,1
1,0,0,0,1
1,0,0,0,1
1,0,0,0,1
1,0,0,0,1
1,0,0,0,1
1,0,0,0,1
1,0,0,0,1
1,0,0,0,1
1,0,0,0,1
1,0,0,0,1
1,0,0,0,1
1,0,0,0,1
1,0,0,0,1
2,0,0,0,2
1,0,0,0,1
1,58,0,0,59
1,0,0,0,1
1,0,0,0,1
1,0,0,0,1
1,3,0,0,4
1,0,0,0,1
1,0,0,0,1
2,0,0,0,2
1,0,0,0,1
1,0,0,0,1
1,0,0,0,1
1,0,0,0,1
1,0,0,0,1
2,0,0,0,2
1,0,0,0,1
1,0,0,0,1
1,0,0,0,1
2,0,0,0,2
1,0,0,0,1
1,0,0,0,1
1,0,0,0,1
1,0,0,0,1
1,0,0,0,1
1,0,0,0,1
1,0,0,0,1
1,0,0,0,1
1,0,0,0,1
1,0,0,0,1
1,0,0,0,1
1,0,0,0,1
1,0,0,0,1
1,0,0,0,1
1,0,0,0,1
1,0,0,0,1
2,0,0,0,2
1,0,0,0,1
1,0,0,0,1
1,0,0,0,1
1,0,0,0,1
1,0,0,0,1
1,0,0,0,1
1,0,0,0,1
1,0,0,0,1
1,0,0,0,1
1,0,0,0,1
2,0,0,0,2
1,0,0,0,1
1,0,0,0,1
1,0,0,0,1
2,0,0,0,2
1,0,0,0,1
1,0,0,0,1
1,0,0,0,1
1,0,0,0,1
1,0,0,0,1
1,0,0,0,1
2,0,0,0,2
3,0,0,0,3
2,0,0,0,2
1,0,0,0,1
1,0,0,0,1
1,0,0,0,1
1,0,0,0,1
2,0,0,0,2
1,0,0,0,1
1,0,0,0,1
1,0,0,0,1
1,0,0,0,1
1,0,0,0,1
1,0,0,0,1
1,0,0,0,1
1,0,0,0,1
1,0,0,0,1
1,0,0,0,1
1,0,0,0,1
1,0,0,0,1
1,0,0,0,1
1,0,0,0,1
1,0,0,0,1
1,0,0,0,1
3,0,0,0,3
2,0,0,0,2
1,0,0,0,1
1,0,0,0,1
1,0,0,0,1
1,0,0,0,1
1,0,0,0,1
1,0,0,0,1
1,0,0,0,1
2,0,0,0,2
1,0,0,0,1
1,0,0,0,1
1,0,0,0,1
1,0,0,0,1
1,0,0,0,1
1,0,0,0,1
1,0,0,0,1
2,0,0,0,2
1,0,0,0,1
1,0,0,0,1
1,0,0,0,1
1,0,0,0,1
1,0,0,0,1
1,0,0,0,1
2,0,0,0,2
1,0,0,0,1
1,0,0,0,1
1,0,0,0,1
1,0,0,0,1
1,2,0,0,3
1,0,0,0,1
1,0,0,0,1
1,0,0,0,1
1,0,0,0,1
1,0,0,0,1
1,0,0,0,1
1,0,0,0,1
1,0,0,0,1
1,0,0,0,1
1,0,0,0,1
1,0,0,0,1
1,0,0,0,1
1,0,0,0,1
1,0,0,0,1
2,0,0,0,2
1,0,0,0,1
1,0,0,0,1
3,0,0,0,3
1,0,0,0,1
1,0,0,0,1
1,0,0,0,1
1,0,0,0,1
1,0,0,0,1
1,0,0,0,1
1,0,0,0,1
1,0,0,0,1
1,0,0,0,1
1,0,0,0,1
1,0,0,0,1
1,0,0,0,1
1,0,0,0,1
1,0,0,0,1
1,0,0,0,1
1,0,0,0,1
2,0,0,0,2
1,0,0,0,1
1,0,0,0,1
1,0,0,0,1
1,0,0,0,1
1,0,0,0,1
1,0,0,0,1
1,0,0,0,1
1,0,0,0,1
1,0,0,0,1
1,0,0,0,1
1,0,0,0,1
1,0,0,0,1
1,0,0,0,1
1,0,0,0,1
1,0,0,0,1
1,0,0,0,1
1,0,0,0,1
1,0,0,0,1
1,0,0,0,1
1,0,0,0,1
1,0,0,0,1
1,0,0,0,1
1,0,0,0,1
1,0,0,0,1
1,0,0,0,1
1,0,0,0,1
1,0,0,0,1
1,0,0,0,1
2,0,0,0,2
1,0,0,0,1
1,0,0,0,1
1,0,0,0,1
1,0,0,0,1
1,0,0,0,1
1,0,0,0,1
1,0,0,0,1
1,0,0,0,1
1,0,0,0,1
1,0,0,0,1
1,0,0,0,1
1,0,0,0,1
2,0,0,0,2
1,0,0,0,1
1,0,0,0,1
1,0,0,0,1
2,0,0,0,2
1,0,0,0,1
2,0,0,0,2
1,0,0,0,1
1,0,0,0,1
1,0,0,0,1
1,0,0,0,1
1,0,0,0,1
1,0,0,0,1
1,0,0,0,1
1,0,0,0,1
1,0,0,0,1
2,0,0,0,2
1,0,0,0,1
1,0,0,0,1
1,0,0,0,1
2,0,0,0,2
1,0,0,0,1
2,0,0,0,2
2,0,0,0,2
1,0,0,0,1
1,0,0,0,1
1,0,0,0,1
1,0,0,0,1
1,0,0,0,1
1,0,0,0,1
1,0,0,0,1
1,0,0,0,1
1,0,0,0,1
1,0,0,0,1
1,4,0,0,5
1,0,0,0,1
1,0,0,0,1
1,0,0,0,1
1,0,0,0,1
1,0,0,0,1
1,0,0,0,1
1,0,0,0,1
1,0,0,0,1
1,0,0,0,1
1,0,0,0,1
2,0,0,0,2
1,0,0,0,1
1,0,0,0,1
1,0,0,0,1
2,0,0,0,2
1,0,0,0,1
1,0,0,0,1
1,0,0,0,1
1,0,0,0,1
1,0,0,0,1
1,0,0,0,1
1,0,0,0,1
1,0,0,0,1
1,0,0,0,1
2,0,0,0,2
2,1,0,0,3
1,0,0,0,1
2,0,0,0,2
1,0,0,0,1
1,0,0,0,1
1,0,0,0,1
1,0,0,0,1
1,0,0,0,1
1,0,0,0,1
1,0,0,0,1
1,0,0,0,1
1,0,0,0,1
1,0,0,0,1
2,0,0,0,2
1,0,0,0,1
1,0,0,0,1
1,0,0,0,1
1,0,0,0,1
1,0,0,0,1
1,0,0,0,1
1,0,0,0,1
1,0,0,0,1
1,6,0,0,7
1,0,0,0,1
1,0,0,0,1
1,0,0,0,1
1,0,0,0,1
1,0,0,0,1
1,0,0,0,1
1,0,0,0,1
1,0,0,0,1
3,0,0,0,3
1,0,0,0,1
2,0,0,0,2
1,0,0,0,1
1,5,0,0,6
1,0,0,0,1
1,0,0,0,1
1,0,0,0,1
1,0,0,0,1
1,0,0,0,1
1,0,0,0,1
1,0,0,0,1
1,0,0,0,1
2,0,0,0,2
1,0,0,0,1
1,0,0,0,1
1,0,0,0,1
1,0,0,0,1
1,0,0,0,1
1,0,0,0,1
1,0,0,0,1
1,0,0,0,1
1,0,0,0,1
1,0,0,0,1
1,0,0,0,1
1,0,0,0,1
1,0,0,0,1
1,0,0,0,1
1,0,0,0,1
1,0,0,0,1
1,0,0,0,1
1,0,0,0,1
1,0,0,0,1
1,0,0,0,1
1,0,0,0,1
1,0,0,0,1
2,0,0,0,2
1,0,0,0,1
1,0,0,0,1
1,0,0,0,1
1,0,0,0,1
1,0,0,0,1
2,1,0,0,3
2,0,0,0,2
2,3,0,0,5
2,0,0,0,2
1,0,0,0,1
1,0,0,0,1
1,0,0,0,1
1,0,0,0,1
1,0,0,0,1
1,0,0,0,1
1,0,0,0,1
1,0,0,0,1
1,0,0,0,1
2,0,0,0,2
1,0,0,0,1
1,0,0,0,1
1,0,0,0,1
1,0,0,0,1
1,0,0,0,1
1,0,0,0,1
1,0,0,0,1
1,26,0,0,27
1,0,0,0,1
1,0,0,0,1
3,0,0,0,3
1,0,0,0,1
1,0,0,0,1
2,0,0,0,2
1,0,0,0,1
1,0,0,0,1
1,0,0,0,1
1,0,0,0,1
1,0,0,0,1
1,0,0,0,1
2,0,0,0,2
1,0,0,0,1
1,0,0,0,1
1,0,0,0,1
1,0,0,0,1
1,0,0,0,1
1,0,0,0,1
1,0,0,0,1
1,0,0,0,1
1,2,1,0,4
1,0,0,0,1
1,0,0,0,1
2,3,0,0,5
1,0,0,0,1
1,0,0,0,1
1,0,0,0,1
1,0,0,0,1
1,0,0,0,1
1,0,0,0,1
1,0,0,0,1
2,0,0,0,2
1,0,0,0,1
1,0,0,0,1
1,0,0,0,1
1,0,0,0,1
1,0,0,0,1
1,0,0,0,1
1,0,0,0,1
1,0,0,0,1
1,0,0,0,1
1,0,0,0,1
1,0,0,0,1
2,0,0,0,2
1,0,0,0,1
3,2,0,0,5
1,0,0,0,1
1,0,0,0,1
1,6,0,0,7
1,0,0,0,1
1,0,0,0,1
1,0,0,0,1
3,0,0,0,3
1,0,0,0,1
1,0,0,0,1
1,0,0,0,1
1,0,0,0,1
1,0,0,0,1
1,0,0,0,1
1,52,0,0,53
3,0,0,0,3
2,0,0,0,2
1,0,0,0,1
2,5,2,0,9
1,7,0,0,8
1,0,0,0,1
2,0,0,0,2
2,0,0,0,2
1,0,0,0,1
1,0,0,0,1
1,0,0,0,1
1,0,0,0,1
1,0,0,0,1
1,0,0,0,1
1,0,0,0,1
1,0,0,0,1
1,1,0,0,2
2,0,0,0,2
1,0,0,0,1
1,0,0,0,1
2,0,0,0,2
1,0,0,0,1
1,0,0,0,1
1,0,0,0,1
1,1,0,0,2
1,0,0,0,1
1,0,0,0,1
1,0,0,0,1
2,0,0,0,2
1,0,0,0,1
1,0,0,0,1
2,0,0,0,2
1,0,0,0,1
1,0,0,0,1
1,0,0,0,1
1,0,0,0,1
1,0,0,0,1
1,0,0,0,1
1,0,0,0,1
1,0,0,0,1
1,0,0,0,1
1,0,0,0,1
1,0,0,0,1
1,0,0,0,1
1,0,0,0,1
1,0,0,0,1
1,0,0,0,1
1,0,0,0,1
1,0,0,0,1
1,0,0,0,1
1,0,0,0,1
1,0,0,0,1
1,0,0,0,1
1,0,0,0,1
1,0,0,0,1
1,0,0,0,1
1,0,0,0,1
1,0,0,0,1
1,0,0,0,1
3,0,0,0,3
1,0,0,0,1
1,0,0,0,1
2,0,0,0,2
1,0,0,0,1
1,0,0,0,1
1,0,0,0,1
1,0,0,0,1
1,0,0,0,1
1,0,0,0,1
1,19,0,0,20
1,0,0,0,1
1,0,0,0,1
1,0,0,0,1
2,0,0,0,2
3,0,0,0,3
1,0,0,0,1
1,0,0,0,1
1,0,0,0,1
3,0,0,0,3
1,2,0,0,3
1,0,0,0,1
1,0,0,0,1
1,0,0,0,1
1,0,0,0,1
1,0,0,0,1
2,0,0,0,2
1,0,0,0,1
1,0,0,0,1
2,0,0,0,2
1,0,0,0,1
1,0,0,0,1
2,0,0,0,2
1,0,0,0,1
1,0,0,0,1
1,0,0,0,1
1,0,0,0,1
1,0,0,0,1
1,0,0,0,1
1,0,0,0,1
1,0,0,0,1
2,0,0,0,2
1,0,0,0,1
1,0,0,0,1
1,0,0,0,1
1,0,0,0,1
1,5,0,0,6
1,0,0,0,1
1,0,0,0,1
1,0,0,0,1
1,0,0,0,1
1,0,0,0,1
2,0,0,0,2
1,0,0,0,1
1,0,0,0,1
1,0,0,0,1
1,0,0,0,1
1,0,0,0,1
1,0,0,0,1
1,0,0,0,1
1,0,0,0,1
1,0,0,0,1
1,0,0,0,1
1,0,0,0,1
1,0,0,0,1
1,0,0,0,1
1,0,0,0,1
1,0,0,0,1
1,0,0,0,1
1,0,0,0,1
1,0,0,0,1
1,2,0,0,3
1,0,0,0,1
1,0,0,0,1
1,0,0,0,1
1,0,0,0,1
1,0,0,0,1
1,0,0,0,1
1,0,0,0,1
1,0,0,0,1
1,0,0,0,1
1,0,0,0,1
1,0,0,0,1
1,0,0,0,1
1,0,0,0,1
1,0,0,0,1
1,0,0,0,1
1,0,0,0,1
1,0,0,0,1
1,0,0,0,1
1,0,0,0,1
1,0,0,0,1
1,0,0,0,1
1,0,0,0,1
1,0,0,0,1
2,0,0,0,2
1,0,0,0,1
2,0,0,0,2
1,0,0,0,1
1,0,0,0,1
1,0,0,0,1
1,0,0,0,1
1,0,0,0,1
1,0,0,0,1
1,0,0,0,1
1,0,0,0,1
1,0,0,0,1
1,0,0,0,1
1,0,0,0,1
1,0,0,0,1
1,0,0,0,1
1,0,0,0,1
1,0,1,0,2
1,0,0,0,1
1,0,0,0,1
1,0,0,0,1
1,0,0,0,1
2,0,0,0,2
1,0,0,0,1
1,0,0,0,1
1,0,0,0,1
1,111,1,0,113
1,0,0,0,1
1,0,0,0,1
1,0,0,0,1
1,0,0,0,1
1,0,0,0,1
1,0,0,0,1
2,0,0,0,2
1,0,0,0,1
1,0,0,0,1
1,0,0,0,1
1,0,0,0,1
1,0,0,0,1
1,0,0,0,1
2,0,0,0,2
1,0,0,0,1
1,0,0,0,1
1,0,0,0,1
1,0,0,0,1
1,0,0,0,1
1,0,0,0,1
1,0,0,0,1
1,0,0,0,1
1,0,0,0,1
1,0,0,0,1
1,0,0,0,1
2,2,0,0,4
1,0,0,0,1
1,0,0,0,1
1,0,0,0,1
1,0,0,0,1
2,0,0,0,2
1,0,0,0,1
1,0,0,0,1
1,0,0,0,1
1,0,0,0,1
1,0,0,0,1
1,0,0,0,1
1,0,0,0,1
1,0,0,0,1
1,0,0,0,1
1,0,0,0,1
1,0,0,0,1
3,0,0,0,3
1,0,0,0,1
1,0,0,0,1
1,0,0,0,1
1,0,0,0,1
1,0,0,0,1
2,0,0,0,2
1,0,0,0,1
1,0,0,0,1
1,0,0,0,1
1,0,0,0,1
1,0,0,0,1
1,0,0,0,1
1,0,0,0,1
2,0,0,0,2
2,0,0,0,2
1,0,0,0,1
1,0,0,0,1
1,0,0,0,1
1,0,0,0,1
1,0,0,0,1
1,0,0,0,1
2,0,0,0,2
1,0,0,0,1
1,0,0,0,1
1,0,0,0,1
1,0,0,0,1
1,0,0,0,1
1,0,0,0,1
1,0,0,0,1
1,0,0,0,1
1,0,0,0,1
1,0,0,0,1
1,0,0,0,1
1,0,0,0,1
1,0,0,0,1
1,0,0,0,1
1,0,0,0,1
1,0,0,0,1
1,0,0,0,1
1,0,0,0,1
1,0,0,0,1
1,0,0,0,1
1,0,0,0,1
1,14,0,0,15
1,0,0,0,1
4,1,0,0,5
1,0,0,0,1
1,0,0,0,1
1,0,0,0,1
1,0,0,0,1
1,0,0,0,1
1,0,0,0,1
1,505,2,0,508
1,0,0,0,1
1,0,0,0,1
1,0,0,0,1
1,0,0,0,1
1,0,0,0,1
1,0,0,0,1
1,0,0,0,1
2,0,0,0,2
1,0,0,0,1
2,0,0,0,2
1,0,0,0,1
1,0,0,0,1
1,0,0,0,1
1,0,0,0,1
1,0,0,0,1
1,0,0,0,1
3,0,0,0,3
1,0,0,0,1
1,0,0,0,1
1,0,0,0,1
1,0,0,0,1
1,0,0,0,1
1,0,0,0,1
1,0,0,0,1
1,0,0,0,1
1,0,0,0,1
3,0,0,0,3
1,0,0,0,1
2,0,0,0,2
1,0,0,0,1
1,0,0,0,1
1,0,0,0,1
1,0,0,0,1
1,0,0,0,1
1,0,0,0,1
1,0,0,0,1
1,0,0,0,1
1,2,0,0,3
1,0,0,0,1
1,0,0,0,1
1,0,0,0,1
1,0,0,0,1
1,0,0,0,1
1,0,0,0,1
2,0,0,0,2
1,0,0,0,1
1,0,0,0,1
3,0,0,0,3
1,0,0,0,1
1,0,0,0,1
1,0,0,0,1
1,0,0,0,1
1,0,0,0,1
1,0,0,0,1
1,0,0,0,1
1,0,0,0,1
2,0,0,0,2
1,0,0,0,1
1,0,0,0,1
2,0,0,0,2
1,0,0,0,1
2,0,0,0,2
1,0,0,0,1
1,0,0,0,1
2,0,0,0,2
1,0,0,0,1
1,0,0,0,1
1,0,0,0,1
1,0,0,0,1
1,0,0,0,1
1,0,0,0,1
2,0,0,0,2
1,0,0,0,1
1,0,0,0,1
2,0,0,0,2
1,0,0,0,1
2,0,0,0,2
1,0,0,0,1
1,0,0,0,1
1,0,0,0,1
1,0,0,0,1
1,0,0,0,1
1,0,0,0,1
1,0,0,0,1
1,0,0,0,1
1,0,0,0,1
1,0,0,0,1
1,0,0,0,1
1,0,0,0,1
1,0,0,0,1
1,0,0,0,1
1,0,0,0,1
1,0,0,0,1
1,0,0,0,1
1,0,0,0,1
1,0,0,0,1
1,0,0,0,1
1,0,0,0,1
1,0,0,0,1
1,0,0,0,1
1,0,0,0,1
1,0,0,0,1
1,0,0,0,1
2,0,0,0,2
1,0,0,0,1
1,0,0,0,1
1,0,0,0,1
1,0,0,0,1
1,0,0,0,1
1,0,0,0,1
1,0,0,0,1
4,0,0,0,4
1,0,0,0,1
1,0,0,0,1
1,0,0,0,1
1,0,0,0,1
1,0,0,0,1
2,0,0,0,2
1,0,0,0,1
1,0,0,0,1
1,0,0,0,1
1,0,0,0,1
1,3,0,0,4
1,0,0,0,1
2,0,0,0,2
1,0,0,0,1
1,0,0,0,1
1,0,0,0,1
2,0,0,0,2
1,0,0,0,1
1,19,0,0,20
1,0,0,0,1
1,0,0,0,1
1,0,0,0,1
1,0,0,0,1
1,0,0,0,1
2,0,0,0,2
1,2,0,0,3
1,0,0,0,1
1,0,0,0,1
1,0,0,0,1
1,0,0,0,1
1,0,0,0,1
2,0,0,0,2
1,0,0,0,1
1,0,0,0,1
3,0,0,0,3
1,0,0,0,1
1,0,0,0,1
1,0,0,0,1
1,0,0,0,1
1,0,0,0,1
1,0,0,0,1
1,0,0,0,1
1,0,0,0,1
1,0,0,0,1
1,0,0,0,1
1,0,0,0,1
1,0,0,0,1
1,0,0,0,1
1,0,0,0,1
1,0,0,0,1
1,0,0,0,1
1,0,0,0,1
1,0,0,0,1
1,0,0,0,1
3,0,0,0,3
1,0,0,0,1
2,0,0,0,2
1,0,0,0,1
1,0,0,0,1
1,0,0,0,1
1,0,0,0,1
1,0,0,0,1
3,0,0,0,3
1,0,0,0,1
1,0,0,0,1
1,0,0,0,1
2,0,0,0,2
1,0,0,0,1
1,0,0,0,1
2,0,0,0,2
1,0,0,0,1
1,0,0,0,1
1,0,0,0,1
1,0,0,0,1
1,0,0,0,1
3,20,5,0,28
1,0,0,0,1
1,0,0,0,1
1,0,0,0,1
1,0,0,0,1
2,0,0,0,2
1,0,0,0,1
3,0,0,0,3
1,0,0,0,1
1,0,0,0,1
1,0,0,0,1
1,2,0,0,3
1,0,0,0,1
1,0,0,0,1
1,0,0,0,1
1,0,0,0,1
1,0,0,0,1
1,0,0,0,1
1,0,0,0,1
1,0,0,0,1
1,0,0,0,1
1,0,0,0,1
1,0,0,0,1
1,0,0,0,1
1,0,0,0,1
1,0,0,0,1
1,0,0,0,1
1,0,0,0,1
1,0,0,0,1
1,0,0,0,1
1,0,0,0,1
1,0,0,0,1
1,0,0,0,1
1,0,0,0,1
1,0,0,0,1
2,0,0,0,2
1,0,0,0,1
1,0,0,0,1
1,0,0,0,1
1,0,0,0,1
1,0,0,0,1
1,0,0,0,1
1,0,0,0,1
1,0,0,0,1
1,0,0,0,1
1,0,0,0,1
1,0,0,0,1
1,0,0,0,1
1,0,0,0,1
1,0,0,0,1
1,0,0,0,1
1,0,0,0,1
1,0,0,0,1
1,0,0,0,1
1,0,0,0,1
1,0,0,0,1
1,0,0,0,1
2,0,0,0,2
1,0,0,0,1
1,0,0,0,1
1,0,0,0,1
1,0,0,0,1
1,0,0,0,1
1,0,0,0,1
1,0,0,0,1
2,0,0,0,2
1,0,0,0,1
1,0,0,0,1
1,0,0,0,1
1,0,0,0,1
1,0,0,0,1
1,0,0,0,1
1,0,0,0,1
1,0,0,0,1
1,0,0,0,1
1,0,0,0,1
1,10,0,0,11
1,0,0,0,1
2,0,0,0,2
1,0,0,0,1
1,0,0,0,1
1,0,0,0,1
1,0,0,0,1
1,0,0,0,1
1,0,0,0,1
1,0,0,0,1
1,0,0,0,1
1,0,0,0,1
2,0,0,0,2
1,0,0,0,1
1,0,0,0,1
1,0,0,0,1
1,0,0,0,1
2,0,0,0,2
1,0,0,0,1
2,0,0,0,2
1,0,0,0,1
1,0,0,0,1
1,0,0,0,1
1,0,0,0,1
1,0,0,0,1
1,0,0,0,1
1,0,0,0,1
1,0,0,0,1
2,0,0,0,2
3,0,0,0,3
3,0,0,0,3
1,0,0,0,1
3,0,0,0,3
1,0,0,0,1
1,0,0,0,1
1,0,0,0,1
1,0,0,0,1
1,0,0,0,1
1,0,0,0,1
1,0,0,0,1
1,0,0,0,1
1,0,0,0,1
1,0,0,0,1
1,0,0,0,1
1,0,0,0,1
1,0,0,0,1
1,0,0,0,1
1,0,0,0,1
1,0,0,0,1
1,0,0,0,1
1,0,0,0,1
1,0,0,0,1
1,0,0,0,1
1,0,0,0,1
1,2,0,0,3
2,0,0,0,2
1,0,0,0,1
1,0,0,0,1
1,0,0,0,1
1,0,0,0,1
1,0,0,0,1
1,0,0,0,1
1,0,0,0,1
1,1,0,0,2
1,0,0,0,1
1,0,0,0,1
1,0,0,0,1
1,0,0,0,1
1,0,0,0,1
1,0,0,0,1
1,0,0,0,1
1,0,0,0,1
1,0,0,0,1
1,0,0,0,1
3,0,0,0,3
1,0,0,0,1
1,8,0,0,9
1,0,0,0,1
1,0,0,0,1
1,0,0,0,1
1,0,0,0,1
1,0,0,0,1
1,0,0,0,1
1,0,0,0,1
1,0,0,0,1
1,0,0,0,1
1,0,0,0,1
2,0,0,0,2
1,0,0,0,1
1,0,0,0,1
1,0,0,0,1
1,0,0,0,1
1,0,0,0,1
1,0,0,0,1
1,0,0,0,1
1,0,0,0,1
1,0,0,0,1
1,0,0,0,1
1,0,0,0,1
1,0,0,0,1
1,0,0,0,1
1,0,0,0,1
1,0,0,0,1
1,0,0,0,1
2,0,0,0,2
2,0,0,0,2
1,0,0,0,1
1,0,0,0,1
2,0,0,0,2
1,0,0,0,1
1,0,0,0,1
1,0,0,0,1
1,0,0,0,1
1,0,0,0,1
2,0,0,0,2
1,0,0,0,1
1,0,0,0,1
2,0,0,0,2
1,0,0,0,1
1,2,1,0,4
2,2,0,0,4
1,0,0,0,1
1,0,0,0,1
1,0,0,0,1
1,0,0,0,1
1,0,0,0,1
1,0,0,0,1
1,0,0,0,1
1,0,0,0,1
2,0,0,0,2
1,0,0,0,1
1,0,0,0,1
2,0,0,0,2
1,0,0,0,1
1,0,0,0,1
1,0,0,0,1
2,0,0,0,2
1,0,0,0,1
1,1,0,0,2
1,0,0,0,1
1,0,0,0,1
1,0,0,0,1
1,0,0,0,1
1,0,0,0,1
1,0,0,0,1
1,0,0,0,1
1,0,0,0,1
1,0,0,0,1
1,0,0,0,1
1,0,0,0,1
1,0,0,0,1
1,0,0,0,1
1,0,0,0,1
1,0,0,0,1
1,0,0,0,1
1,0,0,0,1
1,0,0,0,1
1,0,0,0,1
1,0,0,0,1
1,0,0,0,1
1,0,0,0,1
1,0,0,0,1
1,0,0,0,1
1,0,0,0,1
1,0,0,0,1
1,0,0,0,1
1,0,0,0,1
1,0,0,0,1
1,0,0,0,1
1,0,0,0,1
1,0,0,0,1
1,0,0,0,1
1,0,0,0,1
1,0,0,0,1
1,0,0,0,1
1,0,0,0,1
1,0,0,0,1
1,0,0,0,1
1,0,0,0,1
1,0,0,0,1
2,0,0,0,2
2,0,0,0,2
1,0,0,0,1
1,0,0,0,1
1,0,0,0,1
1,0,0,0,1
1,0,0,0,1
1,0,0,0,1
1,1,0,0,2
2,0,0,0,2
1,0,0,0,1
1,0,0,0,1
1,0,0,0,1
1,0,0,0,1
1,0,0,0,1
1,0,0,0,1
1,0,0,0,1
1,0,0,0,1
1,0,0,0,1
1,0,0,0,1
1,0,0,0,1
1,0,0,0,1
1,0,0,0,1
1,0,0,0,1
2,0,0,0,2
1,0,0,0,1
2,0,0,0,2
1,0,0,0,1
1,0,0,0,1
1,0,0,0,1
1,0,0,0,1
1,0,0,0,1
1,57,1,0,59
1,0,0,0,1
1,0,0,0,1
1,0,0,0,1
2,0,0,0,2
1,0,0,0,1
1,0,0,0,1
1,0,0,0,1
2,0,0,0,2
1,0,0,0,1
2,0,0,0,2
1,0,0,0,1
2,0,0,0,2
1,0,0,0,1
1,0,0,0,1
1,0,0,0,1
1,0,0,0,1
1,0,0,0,1
1,0,0,0,1
1,0,0,0,1
1,32,0,0,33
1,0,0,0,1
1,0,0,0,1
1,0,0,0,1
1,0,0,0,1
1,0,0,0,1
3,1,0,0,4
1,0,0,0,1
1,0,0,0,1
1,0,0,0,1
1,0,0,0,1
1,0,0,0,1
1,0,0,0,1
1,0,0,0,1
1,0,0,0,1
1,0,0,0,1
2,2,0,0,4
2,0,0,0,2
1,0,0,0,1
1,0,0,0,1
1,0,0,0,1
1,0,0,0,1
1,0,0,0,1
1,0,0,0,1
1,0,0,0,1
1,0,0,0,1
1,0,0,0,1
1,0,0,0,1
1,0,0,0,1
1,0,0,0,1
1,0,0,0,1
1,0,0,0,1
1,0,0,0,1
1,0,0,0,1
1,0,0,0,1
1,0,0,0,1
1,0,0,0,1
1,0,0,0,1
1,0,0,0,1
1,0,0,0,1
1,0,0,0,1
3,0,0,0,3
1,0,0,0,1
1,0,0,0,1
1,0,0,0,1
1,0,0,0,1
1,0,0,0,1
1,0,0,0,1
1,0,0,0,1
2,0,0,0,2
1,0,0,0,1
1,0,0,0,1
1,0,0,0,1
1,0,0,0,1
1,0,0,0,1
1,0,0,0,1
3,0,0,0,3
1,0,0,0,1
1,0,0,0,1
1,0,0,0,1
1,0,0,0,1
1,0,0,0,1
1,0,0,0,1
1,0,0,0,1
1,0,0,0,1
1,0,0,0,1
1,0,0,0,1
1,0,0,0,1
1,0,0,0,1
1,5,0,0,6
1,0,1,0,2
1,0,0,0,1
1,0,0,0,1
1,0,0,0,1
1,0,0,0,1
1,0,0,0,1
1,0,0,0,1
1,0,0,0,1
1,0,0,0,1
1,0,0,0,1
1,0,0,0,1
1,0,0,0,1
2,0,0,0,2
1,0,0,0,1
1,0,0,0,1
1,1,1,0,3
2,0,0,0,2
1,0,0,0,1
1,0,0,0,1
1,1,0,0,2
1,0,0,0,1
1,0,0,0,1
1,0,0,0,1
1,0,0,0,1
1,20,0,0,21
1,0,0,0,1
1,0,0,0,1
1,0,0,0,1
1,0,0,0,1
2,0,0,0,2
1,0,0,0,1
2,0,0,0,2
1,0,0,0,1
1,4,0,0,5
1,0,0,0,1
1,0,0,0,1
1,0,0,0,1
2,0,0,0,2
1,0,0,0,1
1,0,0,0,1
2,0,0,0,2
1,0,0,0,1
1,0,0,0,1
3,0,0,0,3
1,0,0,0,1
1,0,0,0,1
1,0,0,0,1
1,0,0,0,1
1,0,0,0,1
1,0,0,0,1
1,0,0,0,1
1,0,0,0,1
1,0,0,0,1
1,0,0,0,1
1,0,0,0,1
3,0,0,0,3
1,0,0,0,1
1,0,0,0,1
1,0,0,0,1
1,0,0,0,1
1,0,0,0,1
1,15,0,0,16
1,0,0,0,1
1,0,0,0,1
1,0,0,0,1
1,0,0,0,1
1,0,0,0,1
1,0,0,0,1
1,0,0,0,1
2,0,0,0,2
1,0,0,0,1
1,1,1,0,3
2,0,0,0,2
1,0,0,0,1
1,0,0,0,1
1,0,0,0,1
3,2,0,0,5
1,0,0,0,1
1,0,0,0,1
1,0,0,0,1
1,0,0,0,1
1,0,0,0,1
1,0,0,0,1
1,0,0,0,1
1,0,0,0,1
1,0,0,0,1
1,0,0,0,1
1,0,0,0,1
1,0,0,0,1
2,0,0,0,2
2,0,0,0,2
1,0,0,0,1
1,0,0,0,1
3,2,1,0,6
1,0,0,0,1
1,0,0,0,1
1,0,0,0,1
1,1,0,0,2
1,0,0,0,1
1,0,0,0,1
1,0,0,0,1
1,0,0,0,1
1,0,0,0,1
2,0,0,0,2
1,0,0,0,1
1,0,0,0,1
1,0,0,0,1
1,0,0,0,1
1,0,0,0,1
1,0,0,0,1
1,0,0,0,1
2,2,0,0,4
1,0,0,0,1
1,0,0,0,1
1,0,0,0,1
1,0,0,0,1
1,0,0,0,1
1,0,0,0,1
1,0,0,0,1
1,0,0,0,1
1,0,0,0,1
1,0,0,0,1
1,0,0,0,1
1,0,0,0,1
1,0,0,0,1
2,0,0,0,2
1,0,0,0,1
1,0,0,0,1
1,0,0,0,1
1,0,0,0,1
1,0,0,0,1
1,0,0,0,1
1,0,0,0,1
1,0,0,0,1
1,0,0,0,1
1,0,0,0,1
1,0,0,0,1
1,0,0,0,1
2,0,0,0,2
1,0,0,0,1
1,0,0,0,1
1,0,0,0,1
2,0,0,0,2
1,0,0,0,1
2,0,0,0,2
1,0,0,0,1
1,0,0,0,1
1,0,0,0,1
1,0,0,0,1
1,0,0,0,1
1,0,0,0,1
1,0,0,0,1
1,0,0,0,1
1,0,0,0,1
1,0,0,0,1
1,0,0,0,1
1,0,0,0,1
1,0,0,0,1
1,0,0,0,1
1,0,0,0,1
1,0,0,0,1
1,0,0,0,1
1,0,0,0,1
1,0,0,0,1
1,0,0,0,1
1,0,0,0,1
1,0,0,0,1
1,0,0,0,1
1,0,0,0,1
1,0,0,0,1
1,1,0,0,2
2,0,0,0,2
1,0,0,0,1
1,0,0,0,1
1,0,0,0,1
1,0,0,0,1
1,0,0,0,1
1,0,0,0,1
1,0,0,0,1
1,0,0,0,1
1,0,0,0,1
1,0,0,0,1
1,0,0,0,1
1,0,0,0,1
1,0,0,0,1
1,0,0,0,1
1,0,0,0,1
1,0,0,0,1
1,0,0,0,1
1,0,0,0,1
1,0,0,0,1
2,0,0,0,2
1,0,0,0,1
1,0,0,0,1
1,0,0,0,1
2,0,0,0,2
1,0,0,0,1
1,0,0,0,1
1,0,0,0,1
1,0,0,0,1
1,0,0,0,1
1,0,0,0,1
1,0,0,0,1
1,0,0,0,1
1,0,0,0,1
1,0,0,0,1
1,0,0,0,1
1,0,0,0,1
1,0,0,0,1
1,0,0,0,1
1,0,0,0,1
1,0,0,0,1
1,0,0,0,1
1,0,0,0,1
1,0,0,0,1
1,0,0,0,1
1,0,0,0,1
1,0,0,0,1
1,0,0,0,1
1,0,0,0,1
2,0,0,0,2
1,0,0,0,1
1,0,0,0,1
1,0,0,0,1
1,0,0,0,1
1,0,0,0,1
1,1,1,0,3
1,0,0,0,1
1,0,0,0,1
1,0,0,0,1
1,0,0,0,1
2,0,0,0,2
1,0,0,0,1
1,0,0,0,1
1,0,0,0,1
1,0,0,0,1
1,0,0,0,1
1,0,0,0,1
1,0,0,0,1
1,0,0,0,1
1,0,0,0,1
1,0,0,0,1
1,4,0,0,5
1,0,0,0,1
1,0,0,0,1
1,0,0,0,1
1,0,0,0,1
1,0,0,0,1
1,0,0,0,1
1,0,0,0,1
2,0,0,0,2
1,0,0,0,1
1,0,0,0,1
1,0,0,0,1
1,0,0,0,1
1,0,0,0,1
1,0,0,0,1
1,0,0,0,1
1,0,0,0,1
1,0,0,0,1
1,0,0,0,1
1,0,0,0,1
1,0,0,0,1
1,0,0,0,1
1,0,0,0,1
1,0,0,0,1
1,0,0,0,1
1,0,0,0,1
1,0,0,0,1
1,0,0,0,1
1,0,0,0,1
1,0,0,0,1
1,0,0,0,1
1,5,0,0,6
1,0,0,0,1
1,0,0,0,1
1,0,0,0,1
1,0,0,0,1
1,0,0,0,1
1,0,0,0,1
1,7,0,0,8
1,0,0,0,1
1,0,0,0,1
1,0,0,0,1
1,1,0,0,2
2,0,0,0,2
1,0,0,0,1
1,0,0,0,1
1,0,0,0,1
1,0,0,0,1
1,69,0,0,70
1,0,0,0,1
1,0,0,0,1
1,0,0,0,1
1,0,0,0,1
1,0,0,0,1
1,0,0,0,1
2,0,0,0,2
1,0,0,0,1
1,0,0,0,1
1,0,0,0,1
1,0,0,0,1
1,0,0,0,1
1,0,0,0,1
3,1,0,0,4
1,0,0,0,1
1,0,0,0,1
2,0,0,0,2
1,0,0,0,1
1,0,0,0,1
1,0,0,0,1
1,0,0,0,1
1,0,0,0,1
1,0,0,0,1
1,0,0,0,1
1,0,0,0,1
1,0,0,0,1
1,0,0,0,1
1,0,0,0,1
1,0,0,0,1
1,0,0,0,1
1,0,0,0,1
1,0,0,0,1
1,0,0,0,1
1,0,0,0,1
1,0,0,0,1
2,0,0,0,2
1,0,0,0,1
1,0,0,0,1
1,0,0,0,1
1,0,0,0,1
1,0,0,0,1
1,0,0,0,1
3,0,0,0,3
1,2,0,0,3
1,0,0,0,1
2,0,0,0,2
1,0,0,0,1
1,0,0,0,1
1,0,0,0,1
1,0,0,0,1
1,0,0,0,1
1,0,0,0,1
1,0,0,0,1
1,0,0,0,1
1,0,0,0,1
1,0,0,0,1
1,0,0,0,1
3,0,0,0,3
1,0,0,0,1
1,0,0,0,1
1,0,0,0,1
1,0,0,0,1
1,0,0,0,1
1,0,0,0,1
1,0,0,0,1
1,0,0,0,1
1,0,0,0,1
1,0,0,0,1
1,1,1,0,3
2,1,0,0,3
1,0,0,0,1
1,0,0,0,1
2,0,0,0,2
1,0,0,0,1
2,2,0,0,4
1,0,0,0,1
1,0,0,0,1
1,0,0,0,1
1,0,0,0,1
1,0,0,0,1
1,0,0,0,1
1,0,0,0,1
2,0,0,0,2
2,4,0,0,6
2,0,0,0,2
1,0,0,0,1
1,0,0,0,1
1,0,0,0,1
1,0,0,0,1
1,0,0,0,1
1,0,0,0,1
1,0,0,0,1
1,0,0,0,1
1,0,0,0,1
1,0,0,0,1
1,0,0,0,1
1,0,0,0,1
1,0,0,0,1
6,0,0,0,6
1,0,0,0,1
1,0,0,0,1
1,0,0,0,1
1,0,0,0,1
1,0,0,0,1
1,0,0,0,1
1,0,0,0,1
1,0,0,0,1
1,0,0,0,1
1,0,0,0,1
1,0,0,0,1
1,0,0,0,1
1,0,0,0,1
1,0,0,0,1
2,0,0,0,2
1,0,0,0,1
1,0,0,0,1
1,0,0,0,1
2,0,0,0,2
1,0,0,0,1
1,0,0,0,1
1,0,0,0,1
1,0,0,0,1
3,0,0,0,3
1,1,0,0,2
1,0,0,0,1
1,0,0,0,1
1,0,0,0,1
1,0,0,0,1
1,0,0,0,1
1,0,0,0,1
1,0,0,0,1
1,0,0,0,1
1,0,0,0,1
1,0,0,0,1
1,0,0,0,1
1,0,0,0,1
1,0,0,0,1
1,0,0,0,1
1,0,0,0,1
1,0,0,0,1
1,0,0,0,1
1,0,0,0,1
1,0,0,0,1
1,0,0,0,1
1,0,0,0,1
1,0,0,0,1
1,0,0,0,1
1,0,0,0,1
1,0,0,0,1
1,0,0,0,1
1,0,0,0,1
1,0,0,0,1
1,0,0,0,1
1,2,0,0,3
1,0,0,0,1
1,0,0,0,1
3,0,0,0,3
1,0,0,0,1
1,0,0,0,1
1,0,0,0,1
2,0,0,0,2
2,0,0,0,2
1,0,0,0,1
1,0,0,0,1
1,0,0,0,1
1,0,0,0,1
1,0,0,0,1
1,0,0,0,1
1,0,0,0,1
1,0,0,0,1
1,0,0,0,1
2,0,0,0,2
1,0,0,0,1
2,0,0,0,2
1,0,0,0,1
1,0,0,0,1
1,0,0,0,1
1,0,0,0,1
1,0,0,0,1
1,0,0,0,1
2,2,0,0,4
1,0,0,0,1
1,0,0,0,1
1,0,0,0,1
1,0,0,0,1
1,0,0,0,1
1,0,0,0,1
2,0,0,0,2
1,0,0,0,1
1,0,0,0,1
1,0,0,0,1
1,0,0,0,1
1,0,0,0,1
1,0,0,0,1
1,0,0,0,1
1,0,0,0,1
1,0,0,0,1
1,0,0,0,1
1,0,0,0,1
1,0,0,0,1
1,0,0,0,1
1,0,0,0,1
1,0,0,0,1
1,0,0,0,1
1,0,0,0,1
2,0,0,0,2
1,0,0,0,1
1,0,0,0,1
4,0,0,0,4
1,0,0,0,1
1,0,0,0,1
3,0,0,0,3
1,0,0,0,1
1,0,0,0,1
1,0,0,0,1
1,0,0,0,1
1,0,0,0,1
1,0,0,0,1
1,0,0,0,1
1,0,0,0,1
1,0,0,0,1
1,0,0,0,1
1,0,0,0,1
1,0,0,0,1
1,0,0,0,1
2,0,0,0,2
1,0,0,0,1
1,0,0,0,1
1,0,0,0,1
1,0,0,0,1
1,0,0,0,1
1,0,0,0,1
1,0,0,0,1
1,0,0,0,1
1,0,0,0,1
2,0,0,0,2
1,0,0,0,1
1,0,0,0,1
1,0,0,0,1
1,0,0,0,1
1,0,0,0,1
1,0,0,0,1
1,0,0,0,1
1,0,0,0,1
1,0,0,0,1
2,0,0,0,2
1,0,0,0,1
1,0,0,0,1
1,0,0,0,1
1,0,0,0,1
1,0,0,0,1
1,0,0,0,1
1,0,0,0,1
1,0,1,0,2
1,0,0,0,1
1,0,0,0,1
1,0,0,0,1
1,0,0,0,1
1,0,0,0,1
1,0,0,0,1
1,0,0,0,1
1,0,0,0,1
1,0,0,0,1
1,0,0,0,1
1,0,0,0,1
1,0,0,0,1
1,0,0,0,1
1,0,0,0,1
1,0,0,0,1
1,0,0,0,1
1,0,0,0,1
1,24,0,0,25
1,0,0,0,1
1,0,0,0,1
2,0,0,0,2
1,0,0,0,1
1,0,0,0,1
1,0,0,0,1
1,0,0,0,1
1,0,0,0,1
1,0,0,0,1
1,0,0,0,1
1,0,0,0,1
1,0,0,0,1
1,0,0,0,1
1,0,0,0,1
1,0,0,0,1
1,0,0,0,1
1,0,0,0,1
1,0,0,0,1
1,0,0,0,1
1,0,0,0,1
1,0,0,0,1
1,0,0,0,1
1,0,0,0,1
1,0,0,0,1
1,0,0,0,1
1,0,0,0,1
1,0,0,0,1
1,0,0,0,1
2,0,0,0,2
1,0,0,0,1
1,0,0,0,1
2,0,0,0,2
1,0,0,0,1
1,0,0,0,1
1,0,0,0,1
1,0,0,0,1
1,0,0,0,1
1,0,0,0,1
1,0,0,0,1
1,0,0,0,1
1,0,0,0,1
1,9,0,0,10
1,0,0,0,1
1,0,0,0,1
1,0,0,0,1
1,0,0,0,1
1,0,0,0,1
1,0,0,0,1
1,0,0,0,1
1,1,0,0,2
1,0,0,0,1
1,0,0,0,1
1,0,0,0,1
1,0,0,0,1
1,2,0,0,3
1,0,0,0,1
1,0,0,0,1
1,0,0,0,1
1,0,0,0,1
2,0,0,0,2
1,0,0,0,1
1,0,0,0,1
1,0,0,0,1
1,0,0,0,1
1,0,0,0,1
1,0,0,0,1
1,0,0,0,1
1,0,0,0,1
1,0,0,0,1
1,0,0,0,1
1,0,0,0,1
1,0,0,0,1
2,0,0,0,2
1,0,0,0,1
1,0,0,0,1
4,0,0,0,4
1,0,0,0,1
1,1,0,0,2
1,0,0,0,1
1,0,0,0,1
2,0,0,0,2
2,0,0,0,2
1,0,0,0,1
1,0,0,0,1
1,0,0,0,1
2,0,0,0,2
1,0,0,0,1
1,0,0,0,1
1,0,0,0,1
1,0,0,0,1
2,0,0,0,2
1,0,0,0,1
1,0,0,0,1
2,42,0,0,44
1,0,0,0,1
1,0,0,0,1
1,0,0,0,1
1,0,0,0,1
1,0,0,0,1
1,0,0,0,1
1,0,0,0,1
1,0,0,0,1
1,0,0,0,1
2,0,0,0,2
1,0,0,0,1
1,0,0,0,1
1,0,0,0,1
1,0,0,0,1
1,0,0,0,1
1,0,0,0,1
1,0,0,0,1
1,0,0,0,1
1,0,0,0,1
1,0,0,0,1
1,0,0,0,1
1,0,0,0,1
1,0,0,0,1
1,0,0,0,1
1,0,0,0,1
1,0,0,0,1
1,0,0,0,1
1,0,0,0,1
2,0,0,0,2
4,0,0,0,4
1,0,0,0,1
1,0,0,0,1
1,0,0,0,1
1,0,0,0,1
1,0,0,0,1
1,0,0,0,1
2,0,0,0,2
1,0,0,0,1
1,0,0,0,1
1,0,0,0,1
1,0,0,0,1
1,0,0,0,1
1,0,0,0,1
1,0,0,0,1
1,0,1,0,2
1,0,0,0,1
1,9,0,0,10
1,0,0,0,1
1,0,0,0,1
1,0,0,0,1
1,0,0,0,1
1,0,0,0,1
1,0,0,0,1
1,0,0,0,1
1,0,0,0,1
1,0,0,0,1
1,0,0,0,1
2,0,0,0,2
1,0,0,0,1
1,0,0,0,1
1,0,0,0,1
1,0,0,0,1
1,0,0,0,1
1,0,0,0,1
1,0,0,0,1
1,0,0,0,1
1,0,0,0,1
2,0,0,0,2
1,0,0,0,1
1,0,0,0,1
1,0,0,0,1
3,0,0,0,3
1,0,0,0,1
2,0,0,0,2
1,0,0,0,1
1,0,0,0,1
1,0,0,0,1
1,0,0,0,1
1,0,0,0,1
1,0,0,0,1
1,0,0,0,1
1,0,0,0,1
1,0,0,0,1
1,0,0,0,1
1,0,0,0,1
1,0,0,0,1
2,0,0,0,2
1,0,0,0,1
1,0,0,0,1
1,0,0,0,1
1,0,0,0,1
1,0,0,0,1
1,0,0,0,1
1,0,0,0,1
5,0,0,0,5
1,0,0,0,1
1,0,0,0,1
1,0,0,0,1
1,0,0,0,1
1,0,0,0,1
1,0,0,0,1
1,0,0,0,1
1,0,0,0,1
1,0,0,0,1
1,0,0,0,1
1,0,0,0,1
2,0,0,0,2
1,0,0,0,1
1,0,0,0,1
1,0,0,0,1
1,0,0,0,1
1,0,0,0,1
1,0,0,0,1
1,0,0,0,1
1,0,0,0,1
1,0,0,0,1
1,0,0,0,1
1,0,0,0,1
1,0,0,0,1
2,0,0,0,2
1,0,0,0,1
1,0,0,0,1
1,0,0,0,1
1,0,0,0,1
1,0,0,0,1
1,0,0,0,1
1,1,0,0,2
1,0,0,0,1
1,0,0,0,1
1,0,0,0,1
1,0,0,0,1
1,0,0,0,1
1,0,0,0,1
1,0,0,0,1
1,0,0,0,1
1,0,0,0,1
1,0,0,0,1
1,0,0,0,1
1,0,0,0,1
1,0,0,0,1
1,0,0,0,1
3,0,0,0,3
1,0,0,0,1
1,0,0,0,1
1,0,0,0,1
1,0,0,0,1
1,0,0,0,1
1,0,0,0,1
1,0,0,0,1
2,0,0,0,2
1,0,0,0,1
1,0,0,0,1
1,0,0,0,1
1,0,0,0,1
1,0,0,0,1
1,0,0,0,1
1,0,0,0,1
1,24,0,0,25
1,0,0,0,1
1,0,0,0,1
1,0,0,0,1
1,0,0,0,1
1,0,0,0,1
1,0,0,0,1
1,0,0,0,1
1,0,0,0,1
1,0,0,0,1
1,0,0,0,1
1,0,0,0,1
1,0,0,0,1
1,0,0,0,1
1,0,0,0,1
2,0,0,0,2
2,0,0,0,2
3,0,0,0,3
1,0,0,0,1
1,0,0,0,1
1,0,0,0,1
1,0,0,0,1
1,0,0,0,1
1,0,0,0,1
1,0,0,0,1
1,0,0,0,1
1,0,0,0,1
1,0,0,0,1
1,0,0,0,1
1,0,0,0,1
1,0,0,0,1
1,0,0,0,1
1,0,0,0,1
1,0,0,0,1
1,0,0,0,1
1,0,0,0,1
1,0,0,0,1
1,0,0,0,1
1,0,0,0,1
1,0,0,0,1
1,0,0,0,1
1,2,0,0,3
1,0,0,0,1
1,0,0,0,1
1,0,0,0,1
1,0,0,0,1
1,0,0,0,1
1,0,0,0,1
1,0,0,0,1
1,0,0,0,1
1,0,0,0,1
1,0,0,0,1
1,0,0,0,1
1,0,0,0,1
1,0,0,0,1
3,0,0,0,3
1,0,0,0,1
1,0,0,0,1
1,0,0,0,1
1,0,0,0,1
1,0,0,0,1
1,0,0,0,1
1,0,0,0,1
1,0,0,0,1
1,0,0,0,1
1,0,0,0,1
1,0,0,0,1
3,15,1,0,19
1,0,0,0,1
2,0,0,0,2
1,0,0,0,1
1,0,0,0,1
1,0,0,0,1
1,0,0,0,1
1,0,0,0,1
1,0,0,0,1
1,0,0,0,1
2,0,0,0,2
1,0,0,0,1
1,0,0,0,1
1,0,0,0,1
3,0,0,0,3
1,0,0,0,1
1,0,0,0,1
1,0,0,0,1
1,0,0,0,1
1,0,0,0,1
1,0,0,0,1
2,0,0,0,2
1,0,0,0,1
1,0,0,0,1
1,0,0,0,1
1,0,0,0,1
1,0,0,0,1
1,14,0,0,15
1,0,0,0,1
1,0,0,0,1
1,0,0,0,1
1,0,0,0,1
1,0,0,0,1
1,0,0,0,1
3,0,0,0,3
1,0,0,0,1
1,0,0,0,1
1,0,0,0,1
1,0,0,0,1
2,0,0,0,2
1,0,0,0,1
2,0,0,0,2
1,0,0,0,1
1,0,0,0,1
1,0,0,0,1
1,0,0,0,1
2,0,0,0,2
1,0,0,0,1
2,0,0,0,2
1,0,0,0,1
1,0,0,0,1
1,0,0,0,1
1,0,0,0,1
1,0,1,0,2
1,0,0,0,1
1,0,0,0,1
1,0,0,0,1
1,0,0,0,1
1,0,0,0,1
1,0,0,0,1
1,0,0,0,1
1,0,0,0,1
1,1,1,0,3
1,0,0,0,1
1,0,0,0,1
1,0,0,0,1
1,0,0,0,1
1,0,0,0,1
1,0,0,0,1
1,0,0,0,1
1,0,0,0,1
1,0,0,0,1
1,0,0,0,1
1,0,0,0,1
1,0,0,0,1
1,0,0,0,1
1,0,0,0,1
1,0,0,0,1
1,0,0,0,1
1,0,0,0,1
1,0,0,0,1
1,0,0,0,1
1,2,0,0,3
1,0,0,0,1
1,0,0,0,1
1,0,0,0,1
3,0,0,0,3
1,0,0,0,1
1,0,0,0,1
1,0,0,0,1
1,0,0,0,1
1,0,0,0,1
1,0,1,0,2
1,0,0,0,1
1,0,0,0,1
1,0,0,0,1
1,0,0,0,1
2,2,0,0,4
1,0,0,0,1
1,0,0,0,1
1,0,0,0,1
1,0,0,0,1
1,0,0,0,1
1,0,0,0,1
1,0,0,0,1
1,0,0,0,1
1,0,0,0,1
1,0,0,0,1
1,0,0,0,1
1,0,0,0,1
2,0,0,0,2
1,0,0,0,1
2,0,0,0,2
1,0,0,0,1
1,0,0,0,1
1,0,0,0,1
1,0,0,0,1
1,0,0,0,1
1,0,0,0,1
2,0,0,0,2
1,0,0,0,1
1,0,0,0,1
1,0,0,0,1
2,0,0,0,2
1,0,0,0,1
1,0,0,0,1
1,0,0,0,1
1,0,0,0,1
1,0,0,0,1
1,0,0,0,1
1,0,0,0,1
1,0,0,0,1
1,0,0,0,1
1,0,0,0,1
2,0,0,0,2
1,0,0,0,1
1,0,0,0,1
1,0,0,0,1
1,0,0,0,1
1,0,0,0,1
2,0,0,0,2
1,0,0,0,1
1,2,0,0,3
1,0,0,0,1
1,0,0,0,1
1,0,0,0,1
1,0,0,0,1
1,0,0,0,1
1,0,0,0,1
1,0,0,0,1
1,0,0,0,1
1,0,0,0,1
1,0,0,0,1
1,0,0,0,1
1,0,0,0,1
1,0,0,0,1
1,0,0,0,1
1,0,0,0,1
1,0,0,0,1
2,0,0,0,2
1,0,0,0,1
1,0,0,0,1
1,0,0,0,1
1,0,0,0,1
1,0,0,0,1
1,0,0,0,1
1,1,0,0,2
1,0,0,0,1
1,0,0,0,1
1,0,0,0,1
1,0,0,0,1
1,0,0,0,1
1,0,0,0,1
1,0,0,0,1
1,0,0,0,1
1,0,2,0,3
1,0,0,0,1
1,0,0,0,1
1,0,0,0,1
2,0,0,0,2
1,0,0,0,1
2,0,0,0,2
1,0,0,0,1
1,0,0,0,1
1,0,0,0,1
1,0,0,0,1
1,0,0,0,1
1,0,0,0,1
1,0,0,0,1
1,0,0,0,1
1,2,0,0,3
1,0,0,0,1
1,1,1,0,3
1,0,0,0,1
1,0,0,0,1
1,0,0,0,1
1,0,0,0,1
1,0,0,0,1
1,0,0,0,1
2,0,0,0,2
1,0,0,0,1
1,0,0,0,1
1,0,0,0,1
1,0,0,0,1
1,0,0,0,1
1,0,0,0,1
2,0,0,0,2
1,0,0,0,1
1,0,0,0,1
1,0,0,0,1
1,0,0,0,1
1,0,0,0,1
1,0,0,0,1
1,0,0,0,1
1,0,0,0,1
2,0,0,0,2
2,0,0,0,2
1,0,0,0,1
1,0,0,0,1
1,0,0,0,1
1,0,0,0,1
1,0,0,0,1
1,0,0,0,1
1,0,0,0,1
1,0,0,0,1
1,0,0,0,1
1,0,0,0,1
1,0,0,0,1
1,0,0,0,1
1,0,0,0,1
1,0,0,0,1
1,0,0,0,1
1,0,0,0,1
1,0,0,0,1
1,0,0,0,1
1,0,0,0,1
2,0,0,0,2
1,0,0,0,1
1,0,0,0,1
1,0,0,0,1
1,0,0,0,1
1,0,0,0,1
1,0,0,0,1
1,0,0,0,1
1,0,0,0,1
1,0,0,0,1
1,0,0,0,1
1,0,0,0,1
1,0,0,0,1
1,0,0,0,1
2,0,0,0,2
3,0,0,0,3
1,0,0,0,1
1,0,0,0,1
1,0,0,0,1
1,0,0,0,1
1,0,0,0,1
1,0,0,0,1
2,0,0,0,2
1,0,0,0,1
1,0,0,0,1
1,0,0,0,1
1,0,0,0,1
1,0,0,0,1
1,0,0,0,1
1,0,0,0,1
1,0,0,0,1
1,0,0,0,1
1,0,0,0,1
1,0,0,0,1
1,0,0,0,1
1,0,0,0,1
2,0,0,0,2
1,0,0,0,1
1,0,0,0,1
1,0,0,0,1
1,0,0,0,1
1,0,0,0,1
1,0,0,0,1
1,0,0,0,1
1,0,0,0,1
1,0,0,0,1
1,0,0,0,1
1,0,0,0,1
1,0,0,0,1
2,2,0,0,4
2,0,0,0,2
1,0,0,0,1
1,0,0,0,1
1,0,0,0,1
1,0,0,0,1
1,0,0,0,1
1,0,0,0,1
3,0,0,0,3
1,0,0,0,1
3,0,0,0,3
2,0,0,0,2
1,0,0,0,1
1,0,0,0,1
1,0,0,0,1
1,2,0,0,3
1,0,0,0,1
1,0,0,0,1
1,0,0,0,1
1,0,0,0,1
2,0,0,0,2
1,0,0,0,1
1,0,0,0,1
1,0,0,0,1
1,0,0,0,1
1,0,0,0,1
1,0,0,0,1
1,0,0,0,1
1,0,0,0,1
1,0,0,0,1
1,0,0,0,1
1,0,0,0,1
1,0,0,0,1
1,0,0,0,1
1,0,0,0,1
1,0,0,0,1
1,0,0,0,1
1,0,0,0,1
1,0,0,0,1
1,0,0,0,1
1,0,0,0,1
1,0,2,0,3
1,0,0,0,1
2,0,0,0,2
1,0,0,0,1
1,0,0,0,1
1,0,0,0,1
1,0,0,0,1
1,0,0,0,1
1,0,0,0,1
1,0,0,0,1
1,0,0,0,1
1,0,0,0,1
1,0,0,0,1
1,0,0,0,1
2,0,0,0,2
1,0,0,0,1
1,0,0,0,1
1,0,0,0,1
1,0,0,0,1
1,0,0,0,1
1,0,0,0,1
1,0,0,0,1
1,0,0,0,1
1,0,0,0,1
1,0,0,0,1
1,0,0,0,1
1,0,0,0,1
2,0,0,0,2
1,0,0,0,1
3,0,0,0,3
1,0,0,0,1
1,0,0,0,1
1,0,0,0,1
2,0,0,0,2
1,0,0,0,1
1,0,0,0,1
1,0,0,0,1
1,0,0,0,1
1,0,0,0,1
1,0,0,0,1
1,0,0,0,1
1,0,0,0,1
2,0,0,0,2
1,1,2,0,4
1,0,0,0,1
1,0,0,0,1
1,0,0,0,1
1,0,0,0,1
1,0,0,0,1
1,0,0,0,1
1,0,0,0,1
1,0,0,0,1
1,0,0,0,1
1,0,0,0,1
2,0,0,0,2
2,0,0,0,2
1,0,0,0,1
1,0,0,0,1
1,0,0,0,1
2,0,0,0,2
1,0,0,0,1
1,0,0,0,1
1,0,0,0,1
1,0,0,0,1
1,0,0,0,1
1,0,0,0,1
1,0,0,0,1
2,0,1,0,3
1,0,0,0,1
1,0,0,0,1
1,0,0,0,1
1,0,0,0,1
1,4,1,0,6
1,0,0,0,1
1,0,0,0,1
1,0,0,0,1
2,0,0,0,2
1,0,0,0,1
1,0,0,0,1
1,0,0,0,1
1,0,0,0,1
1,0,0,0,1
1,0,0,0,1
1,0,0,0,1
1,0,0,0,1
1,0,0,0,1
1,0,0,0,1
1,0,0,0,1
1,0,0,0,1
1,0,0,0,1
1,0,0,0,1
1,0,0,0,1
1,9,0,0,10
1,0,0,0,1
1,0,0,0,1
2,0,0,0,2
1,0,0,0,1
1,0,0,0,1
1,0,0,0,1
2,0,0,0,2
1,0,0,0,1
1,0,0,0,1
1,0,0,0,1
1,0,0,0,1
2,17,2,0,21
1,0,0,0,1
2,0,0,0,2
1,0,0,0,1
1,0,0,0,1
1,0,0,0,1
1,0,0,0,1
1,0,0,0,1
2,0,0,0,2
1,0,0,0,1
1,0,0,0,1
2,0,0,0,2
1,0,0,0,1
1,0,0,0,1
1,0,0,0,1
1,0,0,0,1
1,0,0,0,1
1,0,0,0,1
1,0,0,0,1
1,0,0,0,1
1,0,0,0,1
1,0,0,0,1
1,0,0,0,1
1,0,0,0,1
1,0,0,0,1
1,0,0,0,1
1,0,0,0,1
1,0,0,0,1
1,0,0,0,1
1,0,0,0,1
1,0,0,0,1
1,0,0,0,1
1,0,0,0,1
1,655,0,0,656
3,0,0,0,3
1,0,0,0,1
1,0,0,0,1
1,0,0,0,1
1,0,0,0,1
1,0,0,0,1
2,0,0,0,2
1,0,0,0,1
1,0,0,0,1
2,0,0,0,2
1,0,0,0,1
2,0,0,0,2
1,0,0,0,1
1,0,0,0,1
1,0,0,0,1
1,0,0,0,1
4,0,0,0,4
2,0,0,0,2
1,0,0,0,1
1,0,0,0,1
1,0,0,0,1
1,0,0,0,1
1,0,0,0,1
1,0,0,0,1
3,0,0,0,3
2,0,0,0,2
1,0,0,0,1
1,0,0,0,1
2,0,0,0,2
1,0,0,0,1
1,0,0,0,1
1,0,0,0,1
1,0,0,0,1
1,0,0,0,1
1,0,0,0,1
1,0,0,0,1
1,0,0,0,1
1,0,0,0,1
2,0,0,0,2
2,0,0,0,2
1,0,0,0,1
1,0,0,0,1
1,0,0,0,1
1,0,0,0,1
1,0,0,0,1
2,16,1,0,19
1,0,0,0,1
1,1,0,0,2
1,2,0,0,3
1,0,0,0,1
1,0,0,0,1
1,0,0,0,1
1,0,0,0,1
1,0,0,0,1
1,0,0,0,1
1,0,0,0,1
1,0,0,0,1
1,0,0,0,1
1,0,0,0,1
2,0,0,0,2
2,0,0,0,2
1,0,0,0,1
1,0,0,0,1
1,0,0,0,1
1,0,0,0,1
1,0,0,0,1
1,0,0,0,1
1,0,0,0,1
1,0,0,0,1
1,0,0,0,1
1,0,0,0,1
1,0,0,0,1
1,0,0,0,1
1,0,0,0,1
1,0,0,0,1
2,0,0,0,2
1,0,0,0,1
1,0,0,0,1
1,0,0,0,1
1,0,0,0,1
1,0,0,0,1
1,0,0,0,1
1,0,0,0,1
1,0,0,0,1
2,0,0,0,2
1,0,0,0,1
1,0,0,0,1
1,0,0,0,1
1,0,0,0,1
1,0,0,0,1
2,0,0,0,2
2,0,0,0,2
1,0,0,0,1
1,0,0,0,1
1,5,0,0,6
1,0,0,0,1
1,0,0,0,1
2,0,0,0,2
1,0,0,0,1
1,0,0,0,1
1,0,0,0,1
1,0,0,0,1
1,0,0,0,1
1,0,0,0,1
2,0,0,0,2
1,0,0,0,1
1,2,0,0,3
2,0,0,0,2
1,0,0,0,1
2,0,0,0,2
1,0,0,0,1
1,0,0,0,1
1,0,0,0,1
1,0,0,0,1
1,0,0,0,1
3,0,0,0,3
1,0,0,0,1
1,0,0,0,1
1,0,0,0,1
1,0,0,0,1
1,0,0,0,1
1,0,0,0,1
1,0,0,0,1
1,0,0,0,1
1,0,0,0,1
1,0,0,0,1
1,0,0,0,1
2,0,0,0,2
1,0,0,0,1
1,0,0,0,1
1,0,0,0,1
1,0,0,0,1
1,0,0,0,1
1,0,0,0,1
1,0,0,0,1
1,0,0,0,1
1,0,0,0,1
1,0,0,0,1
1,0,0,0,1
1,0,0,0,1
1,0,0,0,1
1,0,0,0,1
1,0,0,0,1
1,0,0,0,1
1,0,0,0,1
1,0,0,0,1
1,0,0,0,1
1,0,0,0,1
1,0,0,0,1
1,0,0,0,1
1,0,0,0,1
1,0,0,0,1
1,0,0,0,1
1,0,0,0,1
1,0,0,0,1
1,0,0,0,1
1,0,0,0,1
1,0,0,0,1
1,0,0,0,1
1,0,0,0,1
1,0,0,0,1
1,0,0,0,1
1,0,0,0,1
1,0,0,0,1
1,0,0,0,1
1,0,0,0,1
1,0,0,0,1
1,0,0,0,1
1,0,0,0,1
1,0,0,0,1
1,1,0,0,2
1,0,0,0,1
1,0,0,0,1
3,0,0,0,3
1,0,0,0,1
1,0,0,0,1
1,0,0,0,1
1,0,0,0,1
1,0,0,0,1
1,0,0,0,1
1,0,0,0,1
1,0,0,0,1
1,0,0,0,1
1,0,0,0,1
1,0,0,0,1
1,0,0,0,1
1,0,0,0,1
1,0,0,0,1
1,0,0,0,1
1,0,0,0,1
1,0,0,0,1
1,0,0,0,1
1,0,0,0,1
1,0,0,0,1
1,0,0,0,1
1,0,0,0,1
1,0,0,0,1
1,0,0,0,1
2,0,0,0,2
1,0,0,0,1
1,0,0,0,1
1,0,0,0,1
1,0,0,0,1
1,0,0,0,1
1,0,0,0,1
1,0,0,0,1
5,0,0,0,5
1,0,0,0,1
2,0,0,0,2
1,0,0,0,1
1,0,0,0,1
1,0,0,0,1
1,0,0,0,1
1,0,0,0,1
1,0,0,0,1
1,0,0,0,1
1,0,0,0,1
1,0,0,0,1
1,0,0,0,1
1,0,0,0,1
1,0,0,0,1
1,0,0,0,1
1,0,0,0,1
1,0,0,0,1
1,0,0,0,1
1,0,0,0,1
1,0,0,0,1
1,0,0,0,1
2,0,0,0,2
1,0,0,0,1
1,0,0,0,1
1,0,0,0,1
2,0,0,0,2
1,2,0,0,3
1,0,0,0,1
1,0,0,0,1
1,0,0,0,1
1,0,0,0,1
1,0,0,0,1
1,0,0,0,1
1,0,0,0,1
1,0,0,0,1
1,0,0,0,1
1,0,0,0,1
1,0,0,0,1
1,0,0,0,1
1,0,0,0,1
1,0,0,0,1
1,0,0,0,1
2,0,0,0,2
1,0,0,0,1
1,3,0,0,4
1,0,0,0,1
1,0,0,0,1
1,0,0,0,1
1,0,0,0,1
1,0,0,0,1
1,0,0,0,1
1,0,0,0,1
1,0,0,0,1
1,0,0,0,1
2,0,0,0,2
1,0,0,0,1
1,0,0,0,1
1,0,0,0,1
1,0,0,0,1
1,0,0,0,1
2,0,0,0,2
1,0,0,0,1
1,0,0,0,1
1,0,0,0,1
1,0,0,0,1
1,0,0,0,1
1,0,0,0,1
1,0,1,0,2
1,0,0,0,1
1,0,0,0,1
1,0,0,0,1
1,0,0,0,1
1,0,0,0,1
1,0,0,0,1
1,0,0,0,1
1,0,0,0,1
1,0,0,0,1
1,0,0,0,1
1,0,0,0,1
1,0,0,0,1
1,0,0,0,1
1,0,0,0,1
1,0,0,0,1
1,0,0,0,1
2,0,0,0,2
1,0,0,0,1
1,0,0,0,1
1,0,0,0,1
1,1,1,0,3
1,0,0,0,1
1,0,0,0,1
3,0,0,0,3
1,0,0,0,1
1,0,0,0,1
1,0,0,0,1
1,0,0,0,1
1,0,0,0,1
2,0,0,0,2
1,0,0,0,1
3,0,0,0,3
1,0,0,0,1
1,0,0,0,1
1,0,0,0,1
1,0,0,0,1
2,0,0,0,2
2,0,0,0,2
2,0,0,0,2
1,0,0,0,1
1,0,0,0,1
1,0,0,0,1
1,0,0,0,1
1,0,0,0,1
2,0,0,0,2
1,0,0,0,1
2,1,0,0,3
1,0,0,0,1
1,0,0,0,1
2,0,0,0,2
2,0,0,0,2
1,0,0,0,1
1,0,0,0,1
1,0,0,0,1
1,0,0,0,1
1,0,0,0,1
1,0,0,0,1
1,0,0,0,1
1,0,0,0,1
1,0,0,0,1
1,0,0,0,1
1,0,0,0,1
1,0,0,0,1
1,0,0,0,1
2,0,0,0,2
2,0,0,0,2
1,0,0,0,1
1,0,0,0,1
1,0,0,0,1
1,0,0,0,1
1,0,0,0,1
2,0,0,0,2
1,0,0,0,1
1,0,0,0,1
1,0,0,0,1
1,0,0,0,1
1,0,0,0,1
1,3,0,0,4
1,0,0,0,1
1,0,0,0,1
1,0,0,0,1
1,0,0,0,1
1,0,0,0,1
1,438,0,0,439
1,0,0,0,1
1,0,0,0,1
1,0,0,0,1
1,0,0,0,1
1,0,0,0,1
1,0,0,0,1
1,0,0,0,1
1,0,0,0,1
1,0,0,0,1
1,0,0,0,1
1,0,0,0,1
1,0,0,0,1
1,0,0,0,1
1,0,0,0,1
1,0,0,0,1
1,0,0,0,1
1,0,0,0,1
1,0,0,0,1
1,11,2,0,14
1,0,0,0,1
1,0,0,0,1
1,0,0,0,1
1,0,0,0,1
1,0,0,0,1
1,0,0,0,1
1,0,0,0,1
2,0,0,0,2
1,0,0,0,1
1,0,0,0,1
1,0,0,0,1
1,0,1,0,2
1,2,0,0,3
1,0,0,0,1
1,0,0,0,1
1,0,0,0,1
1,0,0,0,1
1,0,0,0,1
2,0,0,0,2
3,0,0,0,3
1,0,0,0,1
3,0,0,0,3
1,0,0,0,1
1,0,0,0,1
1,0,0,0,1
1,0,0,0,1
1,0,0,0,1
1,0,0,0,1
1,0,0,0,1
1,0,0,0,1
2,51,0,0,53
1,0,0,0,1
1,0,0,0,1
1,0,0,0,1
1,2,0,0,3
1,0,0,0,1
1,0,0,0,1
1,0,0,0,1
1,0,0,0,1
1,0,0,0,1
1,0,0,0,1
1,1,2,0,4
1,0,0,0,1
1,0,0,0,1
1,0,0,0,1
1,0,0,0,1
1,0,0,0,1
1,0,0,0,1
1,0,0,0,1
1,0,0,0,1
1,0,0,0,1
1,0,0,0,1
1,0,0,0,1
2,0,0,0,2
1,0,0,0,1
1,0,0,0,1
1,0,0,0,1
1,0,0,0,1
1,0,0,0,1
1,0,0,0,1
1,0,0,0,1
1,0,0,0,1
1,0,0,0,1
1,0,0,0,1
1,0,0,0,1
1,0,0,0,1
1,0,0,0,1
1,0,0,0,1
1,0,0,0,1
1,0,0,0,1
1,0,0,0,1
1,0,0,0,1
1,0,0,0,1
1,0,0,0,1
1,0,0,0,1
1,0,0,0,1
1,0,0,0,1
1,0,0,0,1
1,0,0,0,1
1,0,0,0,1
1,4,0,0,5
1,0,0,0,1
1,0,0,0,1
1,0,0,0,1
1,0,0,0,1
1,0,0,0,1
1,0,0,0,1
1,0,0,0,1
1,0,0,0,1
1,0,0,0,1
1,0,0,0,1
1,0,0,0,1
1,0,0,0,1
1,0,0,0,1
1,0,0,0,1
1,0,0,0,1
1,0,0,0,1
1,0,0,0,1
1,0,0,0,1
2,0,0,0,2
1,0,0,0,1
1,0,0,0,1
1,0,0,0,1
1,0,0,0,1
1,0,0,0,1
1,0,0,0,1
1,0,0,0,1
1,0,0,0,1
1,0,0,0,1
1,0,0,0,1
1,0,0,0,1
1,0,0,0,1
1,0,0,0,1
2,0,0,0,2
2,0,0,0,2
1,0,0,0,1
1,0,0,0,1
1,0,0,0,1
1,0,0,0,1
1,0,0,0,1
1,0,0,0,1
1,0,0,0,1
1,0,0,0,1
1,0,0,0,1
2,1,0,0,3
1,0,0,0,1
1,0,0,0,1
1,0,0,0,1
1,0,0,0,1
2,0,0,0,2
1,0,0,0,1
1,0,0,0,1
1,0,0,0,1
2,0,0,0,2
1,0,0,0,1
1,0,0,0,1
1,0,0,0,1
1,0,0,0,1
1,0,0,0,1
1,0,0,0,1
1,0,0,0,1
1,0,0,0,1
1,0,0,0,1
1,0,0,0,1
1,0,0,0,1
1,0,0,0,1
2,0,0,0,2
2,0,0,0,2
1,0,0,0,1
1,0,0,0,1
1,0,0,0,1
1,0,0,0,1
2,2,0,0,4
2,0,0,0,2
1,0,0,0,1
1,0,0,0,1
2,0,0,0,2
1,0,0,0,1
2,0,0,0,2
1,0,0,0,1
1,0,0,0,1
1,0,0,0,1
1,0,0,0,1
1,0,0,0,1
1,2,0,0,3
1,0,0,0,1
1,0,0,0,1
2,0,0,0,2
1,0,0,0,1
1,0,0,0,1
1,0,0,0,1
2,0,0,0,2
1,0,0,0,1
1,0,0,0,1
1,0,0,0,1
1,0,0,0,1
1,0,0,0,1
1,0,0,0,1
1,0,0,0,1
1,0,0,0,1
2,0,0,0,2
5,0,0,0,5
1,0,0,0,1
1,0,0,0,1
1,0,0,0,1
1,0,0,0,1
1,0,0,0,1
1,0,0,0,1
1,0,0,0,1
1,0,0,0,1
1,0,0,0,1
2,0,0,0,2
1,0,0,0,1
1,0,0,0,1
2,0,0,0,2
1,0,0,0,1
1,0,0,0,1
1,0,0,0,1
1,0,0,0,1
2,0,0,0,2
1,0,0,0,1
1,0,0,0,1
1,0,0,0,1
1,0,0,0,1
1,0,0,0,1
1,0,0,0,1
1,0,0,0,1
1,0,0,0,1
1,0,0,0,1
1,0,0,0,1
1,0,0,0,1
2,0,0,0,2
1,0,0,0,1
1,0,0,0,1
1,0,0,0,1
1,0,0,0,1
1,0,0,0,1
1,0,0,0,1
1,6,0,0,7
1,0,0,0,1
1,0,0,0,1
1,0,0,0,1
2,0,0,0,2
1,0,0,0,1
1,0,0,0,1
1,0,0,0,1
2,0,0,0,2
2,0,0,0,2
1,0,0,0,1
1,0,0,0,1
1,0,0,0,1
2,0,0,0,2
1,0,0,0,1
1,0,0,0,1
1,6,0,0,7
1,0,0,0,1
2,2,0,0,4
1,0,0,0,1
1,0,0,0,1
1,0,0,0,1
1,0,0,0,1
1,0,0,0,1
1,0,0,0,1
1,0,0,0,1
1,0,0,0,1
1,0,0,0,1
1,0,0,0,1
1,0,0,0,1
2,0,0,0,2
1,0,0,0,1
1,0,0,0,1
1,0,0,0,1
1,0,0,0,1
1,0,0,0,1
1,0,0,0,1
1,0,0,0,1
1,0,0,0,1
1,0,0,0,1
1,0,0,0,1
1,0,0,0,1
1,0,0,0,1
1,0,0,0,1
1,0,0,0,1
2,0,0,0,2
1,0,0,0,1
1,0,0,0,1
1,0,0,0,1
1,0,0,0,1
1,0,0,0,1
1,0,0,0,1
1,0,0,0,1
2,0,0,0,2
2,0,0,0,2
1,0,0,0,1
1,0,0,0,1
1,2,2,0,5
1,0,0,0,1
3,0,0,0,3
1,0,0,0,1
1,0,0,0,1
1,0,0,0,1
1,0,0,0,1
1,0,0,0,1
1,0,0,0,1
1,0,0,0,1
1,0,0,0,1
1,0,0,0,1
1,0,0,0,1
1,0,0,0,1
1,0,0,0,1
1,0,0,0,1
1,0,0,0,1
1,0,0,0,1
1,0,0,0,1
1,0,0,0,1
1,0,0,0,1
1,0,0,0,1
1,0,0,0,1
1,0,0,0,1
1,0,0,0,1
1,0,0,0,1
1,0,0,0,1
1,0,0,0,1
1,0,0,0,1
1,0,0,0,1
2,0,0,0,2
1,0,0,0,1
1,0,0,0,1
1,0,0,0,1
1,0,0,0,1
1,0,0,0,1
1,0,0,0,1
1,0,0,0,1
1,2,0,0,3
1,4,0,0,5
2,0,0,0,2
1,0,0,0,1
1,0,0,0,1
1,0,0,0,1
1,0,0,0,1
1,0,0,0,1
1,0,0,0,1
1,0,0,0,1
1,0,0,0,1
1,0,0,0,1
1,0,0,0,1
1,0,0,0,1
1,0,0,0,1
1,0,0,0,1
1,0,0,0,1
1,0,0,0,1
1,0,0,0,1
1,0,0,0,1
1,0,0,0,1
1,0,0,0,1
1,0,0,0,1
2,0,0,0,2
1,0,0,0,1
1,0,0,0,1
1,0,0,0,1
1,0,0,0,1
1,0,0,0,1
2,0,0,0,2
1,0,0,0,1
1,0,0,0,1
1,0,0,0,1
1,5,0,0,6
2,0,0,0,2
1,0,0,0,1
1,0,0,0,1
1,0,0,0,1
1,0,0,0,1
1,0,0,0,1
1,0,0,0,1
1,0,0,0,1
1,0,0,0,1
1,0,0,0,1
1,0,0,0,1
1,0,0,0,1
2,0,0,0,2
1,0,0,0,1
1,0,0,0,1
1,0,0,0,1
1,0,0,0,1
1,0,0,0,1
2,0,0,0,2
1,0,0,0,1
1,0,0,0,1
1,0,0,0,1
1,0,0,0,1
1,0,0,0,1
1,0,0,0,1
1,0,0,0,1
1,0,0,0,1
1,0,0,0,1
1,0,0,0,1
1,0,0,0,1
1,0,0,0,1
1,4,0,0,5
1,0,0,0,1
1,0,0,0,1
1,0,0,0,1
1,0,0,0,1
1,0,0,0,1
1,0,0,0,1
1,0,0,0,1
1,0,0,0,1
1,0,0,0,1
1,0,0,0,1
1,0,0,0,1
1,0,0,0,1
1,0,0,0,1
1,0,0,0,1
1,0,0,0,1
3,0,0,0,3
1,0,0,0,1
3,2,1,0,6
1,0,0,0,1
1,0,0,0,1
1,0,0,0,1
1,0,0,0,1
1,0,0,0,1
1,0,0,0,1
1,0,0,0,1
1,0,0,0,1
1,0,0,0,1
1,0,0,0,1
1,0,0,0,1
1,0,0,0,1
1,0,0,0,1
1,0,0,0,1
1,0,0,0,1
1,0,0,0,1
1,0,0,0,1
1,0,0,0,1
1,0,0,0,1
1,0,0,0,1
1,0,0,0,1
1,0,0,0,1
2,0,0,0,2
1,0,0,0,1
1,0,0,0,1
1,0,0,0,1
1,0,0,0,1
1,0,0,0,1
1,0,0,0,1
1,0,0,0,1
1,0,0,0,1
1,0,0,0,1
1,0,0,0,1
1,0,0,0,1
1,0,0,0,1
1,0,0,0,1
3,0,0,0,3
1,0,0,0,1
1,0,0,0,1
1,0,0,0,1
1,0,0,0,1
1,0,0,0,1
1,0,0,0,1
1,0,0,0,1
1,0,0,0,1
1,2,0,0,3
1,0,0,0,1
1,0,0,0,1
1,0,0,0,1
1,0,0,0,1
1,0,0,0,1
1,0,0,0,1
1,0,0,0,1
1,0,0,0,1
1,0,0,0,1
1,0,0,0,1
1,0,0,0,1
1,0,0,0,1
1,0,0,0,1
1,0,0,0,1
1,0,0,0,1
1,0,0,0,1
1,0,0,0,1
1,0,0,0,1
1,0,0,0,1
1,0,0,0,1
1,0,0,0,1
1,0,0,0,1
1,0,0,0,1
1,0,0,0,1
1,0,0,0,1
1,0,0,0,1
1,0,0,0,1
1,0,0,0,1
1,0,0,0,1
1,0,0,0,1
2,0,0,0,2
1,0,0,0,1
1,0,0,0,1
2,0,0,0,2
1,0,0,0,1
2,0,0,0,2
1,0,0,0,1
1,0,0,0,1
1,0,0,0,1
1,0,0,0,1
1,0,0,0,1
1,0,0,0,1
1,0,0,0,1
1,0,0,0,1
1,0,0,0,1
1,0,0,0,1
2,0,0,0,2
1,0,0,0,1
1,0,0,0,1
1,0,0,0,1
1,0,0,0,1
1,0,0,0,1
1,0,0,0,1
1,0,0,0,1
1,0,0,0,1
1,0,0,0,1
1,0,0,0,1
1,0,0,0,1
1,0,0,0,1
1,0,0,0,1
1,0,0,0,1
1,0,0,0,1
1,0,0,0,1
1,0,0,0,1
1,0,0,0,1
1,0,0,0,1
1,0,0,0,1
1,0,0,0,1
1,0,0,0,1
4,0,0,0,4
2,0,0,0,2
1,0,0,0,1
1,0,0,0,1
1,0,0,0,1
1,0,0,0,1
1,0,0,0,1
1,0,0,0,1
1,0,0,0,1
1,0,0,0,1
1,0,0,0,1
1,0,0,0,1
1,0,0,0,1
1,0,0,0,1
2,0,0,0,2
1,0,0,0,1
1,0,0,0,1
1,0,0,0,1
1,0,0,0,1
1,0,0,0,1
1,0,0,0,1
1,0,0,0,1
1,0,0,0,1
1,0,0,0,1
1,0,0,0,1
1,0,0,0,1
1,0,0,0,1
1,0,0,0,1
1,0,0,0,1
1,0,0,0,1
1,0,0,0,1
1,0,0,0,1
2,0,0,0,2
1,0,0,0,1
1,0,0,0,1
1,0,0,0,1
1,0,0,0,1
1,0,0,0,1
1,0,0,0,1
1,0,0,0,1
1,0,0,0,1
1,0,0,0,1
2,0,0,0,2
1,0,0,0,1
2,0,0,0,2
1,0,0,0,1
1,0,0,0,1
1,0,0,0,1
1,0,0,0,1
1,0,0,0,1
1,0,0,0,1
2,0,0,0,2
1,0,0,0,1
2,0,0,0,2
1,0,0,0,1
1,2,2,0,5
1,0,0,0,1
1,0,0,0,1
1,0,0,0,1
1,0,0,0,1
1,0,0,0,1
1,0,0,0,1
1,0,0,0,1
1,0,0,0,1
1,0,0,0,1
1,0,0,0,1
1,0,0,0,1
1,0,0,0,1
1,0,0,0,1
2,0,1,0,3
1,0,0,0,1
1,0,0,0,1
1,0,0,0,1
2,0,0,0,2
1,29,0,0,30
1,0,0,0,1
1,0,0,0,1
1,0,0,0,1
1,0,0,0,1
1,0,0,0,1
1,0,0,0,1
1,0,0,0,1
1,0,0,0,1
1,0,0,0,1
1,0,0,0,1
1,0,0,0,1
1,0,0,0,1
1,0,0,0,1
1,0,0,0,1
1,0,0,0,1
1,0,0,0,1
1,0,0,0,1
1,0,0,0,1
1,0,0,0,1
1,0,0,0,1
2,0,0,0,2
1,0,0,0,1
1,0,0,0,1
1,0,0,0,1
1,0,0,0,1
1,0,0,0,1
1,0,0,0,1
1,0,0,0,1
1,0,0,0,1
1,0,0,0,1
1,3,0,0,4
2,0,0,0,2
1,0,0,0,1
1,0,0,0,1
1,0,0,0,1
1,0,0,0,1
1,0,0,0,1
1,0,0,0,1
1,0,0,0,1
2,11,0,0,13
1,2,0,0,3
1,0,0,0,1
1,0,0,0,1
1,0,0,0,1
1,0,0,0,1
1,0,0,0,1
1,0,0,0,1
1,3,0,0,4
1,0,0,0,1
1,0,0,0,1
1,0,0,0,1
1,0,0,0,1
2,0,0,0,2
1,0,0,0,1
1,0,0,0,1
1,0,0,0,1
1,0,0,0,1
3,0,0,0,3
1,0,0,0,1
2,0,0,0,2
1,7,1,0,9
1,0,0,0,1
1,0,0,0,1
1,0,0,0,1
1,0,0,0,1
1,0,0,0,1
1,0,0,0,1
1,0,0,0,1
1,0,0,0,1
1,0,0,0,1
1,0,0,0,1
1,0,0,0,1
1,0,0,0,1
1,0,0,0,1
1,0,0,0,1
1,0,0,0,1
3,0,0,0,3
1,0,0,0,1
2,0,0,0,2
1,0,0,0,1
1,0,0,0,1
3,0,0,0,3
1,0,0,0,1
1,0,0,0,1
1,0,0,0,1
1,0,0,0,1
2,0,0,0,2
1,0,0,0,1
1,0,0,0,1
1,0,0,0,1
1,0,0,0,1
1,0,0,0,1
1,0,0,0,1
1,4,0,0,5
1,0,0,0,1
1,0,0,0,1
1,0,0,0,1
2,0,0,0,2
1,0,0,0,1
1,0,0,0,1
1,0,0,0,1
1,0,0,0,1
1,0,0,0,1
3,0,0,0,3
1,0,0,0,1
1,0,0,0,1
1,0,0,0,1
1,0,0,0,1
1,0,0,0,1
1,0,0,0,1
1,0,0,0,1
1,0,0,0,1
1,0,0,0,1
1,0,0,0,1
1,0,0,0,1
1,0,0,0,1
1,0,0,0,1
1,0,0,0,1
1,0,0,0,1
2,0,0,0,2
1,0,0,0,1
1,0,0,0,1
1,0,0,0,1
1,0,0,0,1
1,0,0,0,1
1,0,0,0,1
1,0,0,0,1
1,0,0,0,1
1,0,0,0,1
1,0,0,0,1
4,0,0,0,4
1,0,0,0,1
1,0,0,0,1
1,0,0,0,1
1,0,0,0,1
1,0,0,0,1
1,0,0,0,1
1,0,0,0,1
1,0,0,0,1
1,0,0,0,1
1,0,0,0,1
1,0,0,0,1
1,0,0,0,1
1,0,0,0,1
2,0,0,0,2
1,0,0,0,1
1,0,0,0,1
1,0,0,0,1
1,0,0,0,1
1,0,0,0,1
1,0,0,0,1
1,0,0,0,1
1,0,0,0,1
1,0,0,0,1
1,0,0,0,1
1,0,0,0,1
2,0,0,0,2
1,0,0,0,1
1,0,0,0,1
1,0,0,0,1
1,0,0,0,1
1,0,0,0,1
2,0,0,0,2
1,0,0,0,1
1,0,0,0,1
2,0,0,0,2
1,0,0,0,1
1,0,0,0,1
1,0,0,0,1
2,1,1,0,4
1,0,0,0,1
1,0,0,0,1
2,0,0,0,2
1,0,0,0,1
1,0,0,0,1
1,0,0,0,1
1,0,0,0,1
1,0,0,0,1
1,0,0,0,1
1,0,0,0,1
1,0,0,0,1
1,0,0,0,1
1,0,0,0,1
1,0,0,0,1
1,0,0,0,1
1,0,0,0,1
1,0,0,0,1
1,0,0,0,1
1,0,0,0,1
1,0,0,0,1
1,0,0,0,1
1,0,0,0,1
1,0,0,0,1
1,0,0,0,1
1,0,0,0,1
1,0,0,0,1
2,0,0,0,2
1,0,1,0,2
1,0,0,0,1
1,0,0,0,1
1,0,0,0,1
1,0,0,0,1
1,0,0,0,1
1,0,0,0,1
2,0,0,0,2
1,0,0,0,1
1,0,0,0,1
1,0,0,0,1
1,0,0,0,1
1,0,0,0,1
1,0,0,0,1
1,0,0,0,1
1,0,0,0,1
1,0,0,0,1
1,0,0,0,1
2,0,0,0,2
1,0,0,0,1
2,0,0,0,2
1,0,0,0,1
1,0,0,0,1
1,0,0,0,1
1,0,0,0,1
1,0,0,0,1
1,0,0,0,1
3,0,0,0,3
1,0,0,0,1
1,0,0,0,1
1,0,0,0,1
1,0,0,0,1
1,0,0,0,1
1,0,0,0,1
1,0,0,0,1
1,0,0,0,1
1,0,0,0,1
1,0,0,0,1
2,0,0,0,2
2,0,0,0,2
1,0,0,0,1
1,0,0,0,1
1,0,0,0,1
1,0,0,0,1
1,0,0,0,1
1,0,0,0,1
1,0,0,0,1
1,0,0,0,1
1,0,0,0,1
1,0,0,0,1
2,0,0,0,2
1,0,0,0,1
1,0,0,0,1
1,0,0,0,1
1,1,0,0,2
1,0,0,0,1
1,1,1,0,3
1,0,0,0,1
2,1,0,0,3
1,0,0,0,1
1,0,0,0,1
1,0,0,0,1
1,0,0,0,1
1,0,0,0,1
1,0,0,0,1
1,0,0,0,1
2,0,0,0,2
3,0,0,0,3
1,0,0,0,1
1,0,0,0,1
1,0,0,0,1
1,592,0,0,593
1,0,0,0,1
1,0,0,0,1
3,0,0,0,3
1,0,0,0,1
1,0,0,0,1
2,0,0,0,2
1,0,0,0,1
1,5,0,0,6
2,0,0,0,2
1,0,0,0,1
1,0,0,0,1
1,0,0,0,1
1,0,0,0,1
1,0,0,0,1
1,0,0,0,1
1,0,0,0,1
1,0,0,0,1
1,0,0,0,1
1,0,0,0,1
1,0,0,0,1
1,0,0,0,1
1,0,0,0,1
1,0,0,0,1
1,0,0,0,1
1,0,0,0,1
1,0,0,0,1
1,0,0,0,1
1,0,0,0,1
1,0,0,0,1
1,0,0,0,1
1,0,0,0,1
1,0,0,0,1
1,0,0,0,1
1,0,0,0,1
1,0,0,0,1
2,0,0,0,2
1,0,0,0,1
1,0,0,0,1
1,0,0,0,1
1,0,0,0,1
2,0,0,0,2
1,0,0,0,1
1,0,0,0,1
1,0,0,0,1
1,0,0,0,1
1,0,0,0,1
1,0,0,0,1
1,0,0,0,1
1,0,0,0,1
1,0,0,0,1
1,0,0,0,1
1,0,0,0,1
1,0,0,0,1
1,0,0,0,1
1,0,0,0,1
1,0,0,0,1
1,0,0,0,1
2,0,0,0,2
2,0,0,0,2
1,0,0,0,1
1,0,0,0,1
1,0,0,0,1
1,0,0,0,1
1,0,0,0,1
1,0,0,0,1
1,0,0,0,1
2,0,0,0,2
1,0,0,0,1
1,0,0,0,1
1,0,0,0,1
1,0,0,0,1
1,5,0,0,6
1,0,0,0,1
1,0,0,0,1
2,0,0,0,2
1,0,0,0,1
1,0,0,0,1
1,0,0,0,1
2,0,0,0,2
1,0,0,0,1
1,0,0,0,1
1,0,0,0,1
1,0,0,0,1
1,0,0,0,1
1,0,0,0,1
1,0,0,0,1
1,0,0,0,1
1,0,0,0,1
1,0,0,0,1
1,0,0,0,1
1,0,0,0,1
1,0,0,0,1
2,0,0,0,2
1,0,0,0,1
1,0,0,0,1
1,0,0,0,1
1,0,0,0,1
1,0,0,0,1
1,0,0,0,1
1,0,0,0,1
1,0,0,0,1
2,0,0,0,2
1,0,0,0,1
1,0,0,0,1
2,0,0,0,2
1,0,0,0,1
1,0,0,0,1
1,0,0,0,1
1,0,0,0,1
1,0,0,0,1
1,0,0,0,1
1,0,0,0,1
1,0,0,0,1
1,0,0,0,1
1,0,0,0,1
1,0,0,0,1
1,0,0,0,1
1,2,0,0,3
1,0,0,0,1
1,0,0,0,1
1,0,0,0,1
2,0,0,0,2
1,0,0,0,1
1,0,0,0,1
1,0,0,0,1
1,0,0,0,1
1,0,0,0,1
1,0,0,0,1
1,0,0,0,1
1,0,0,0,1
1,3,0,0,4
1,0,0,0,1
1,0,0,0,1
2,0,0,0,2
1,0,0,0,1
1,0,0,0,1
1,0,0,0,1
1,0,0,0,1
1,0,0,0,1
1,0,0,0,1
2,1,0,0,3
1,0,0,0,1
1,0,0,0,1
1,0,0,0,1
3,0,0,0,3
1,0,0,0,1
1,0,0,0,1
1,0,0,0,1
1,0,0,0,1
1,0,0,0,1
1,0,0,0,1
1,0,0,0,1
1,0,0,0,1
1,0,0,0,1
1,0,0,0,1
1,0,0,0,1
1,0,0,0,1
1,0,0,0,1
2,0,0,0,2
1,0,0,0,1
1,0,0,0,1
1,0,0,0,1
1,0,0,0,1
1,0,0,0,1
1,0,0,0,1
1,0,0,0,1
1,0,0,0,1
1,0,0,0,1
1,0,0,0,1
1,0,0,0,1
1,0,0,0,1
1,0,0,0,1
1,0,0,0,1
2,0,1,0,3
1,0,0,0,1
1,0,0,0,1
1,0,0,0,1
1,0,0,0,1
1,0,0,0,1
1,0,0,0,1
1,0,0,0,1
1,0,0,0,1
1,0,0,0,1
1,0,0,0,1
1,0,0,0,1
1,0,0,0,1
1,0,0,0,1
1,0,0,0,1
1,0,0,0,1
2,0,0,0,2
1,0,0,0,1
2,0,0,0,2
1,0,0,0,1
1,0,0,0,1
1,0,0,0,1
1,0,0,0,1
1,0,0,0,1
1,0,0,0,1
1,0,0,0,1
1,0,0,0,1
1,0,0,0,1
1,0,0,0,1
1,0,0,0,1
1,0,0,0,1
1,0,0,0,1
2,0,0,0,2
1,0,0,0,1
1,0,0,0,1
2,0,0,0,2
1,0,0,0,1
1,0,0,0,1
1,0,0,0,1
1,0,0,0,1
1,0,0,0,1
1,0,0,0,1
1,0,0,0,1
1,0,0,0,1
1,0,0,0,1
1,0,0,0,1
2,0,0,0,2
1,0,0,0,1
1,0,0,0,1
1,0,0,0,1
1,0,0,0,1
1,0,0,0,1
1,0,0,0,1
1,0,0,0,1
1,0,0,0,1
1,0,0,0,1
1,0,0,0,1
1,0,0,0,1
1,0,0,0,1
1,0,0,0,1
1,0,0,0,1
1,0,0,0,1
1,0,0,0,1
2,0,0,0,2
1,0,0,0,1
1,0,0,0,1
1,0,0,0,1
1,0,0,0,1
2,0,0,0,2
1,0,0,0,1
2,0,0,0,2
1,0,0,0,1
2,0,0,0,2
3,0,0,0,3
1,0,0,0,1
1,0,0,0,1
3,0,0,0,3
1,0,0,0,1
1,0,0,0,1
1,0,0,0,1
2,0,0,0,2
1,0,0,0,1
1,0,0,0,1
2,0,0,0,2
1,0,0,0,1
1,0,0,0,1
1,18,0,0,19
1,0,0,0,1
1,0,0,0,1
1,0,0,0,1
1,0,0,0,1
1,0,0,0,1
1,0,0,0,1
1,0,0,0,1
1,0,0,0,1
1,0,0,0,1
2,0,0,0,2
1,0,0,0,1
1,0,0,0,1
1,0,0,0,1
1,0,0,0,1
1,0,0,0,1
1,0,0,0,1
1,0,0,0,1
1,0,0,0,1
2,0,0,0,2
1,0,0,0,1
1,0,0,0,1
1,0,0,0,1
1,0,0,0,1
1,0,0,0,1
1,0,0,0,1
1,0,0,0,1
1,0,0,0,1
1,0,0,0,1
1,0,0,0,1
1,3,0,0,4
1,0,0,0,1
2,0,0,0,2
1,0,0,0,1
1,0,0,0,1
1,0,0,0,1
2,0,0,0,2
1,0,0,0,1
1,0,0,0,1
1,0,0,0,1
1,0,0,0,1
1,0,0,0,1
1,0,0,0,1
1,0,0,0,1
1,0,0,0,1
2,0,0,0,2
1,0,0,0,1
1,0,0,0,1
1,0,0,0,1
1,0,0,0,1
1,0,0,0,1
1,0,0,0,1
1,0,0,0,1
1,0,0,0,1
1,0,0,0,1
1,0,0,0,1
2,0,0,0,2
2,0,0,0,2
2,0,0,0,2
1,0,0,0,1
1,0,0,0,1
2,0,0,0,2
2,0,0,0,2
1,0,0,0,1
1,0,0,0,1
1,0,0,0,1
1,0,0,0,1
1,0,0,0,1
1,0,0,0,1
2,0,0,0,2
1,0,0,0,1
1,0,0,0,1
1,0,0,0,1
1,0,0,0,1
3,0,0,0,3
1,0,0,0,1
1,0,0,0,1
1,0,0,0,1
1,0,0,0,1
1,0,0,0,1
1,0,0,0,1
1,0,0,0,1
1,0,0,0,1
1,0,0,0,1
1,0,0,0,1
1,0,0,0,1
1,0,0,0,1
2,0,0,0,2
1,0,0,0,1
1,0,0,0,1
1,0,0,0,1
1,0,0,0,1
1,0,0,0,1
1,0,0,0,1
1,0,0,0,1
1,1,0,0,2
1,0,0,0,1
1,0,0,0,1
1,0,0,0,1
1,0,0,0,1
1,0,0,0,1
1,0,0,0,1
1,0,0,0,1
1,0,0,0,1
1,0,0,0,1
1,0,0,0,1
1,0,0,0,1
1,0,0,0,1
1,0,0,0,1
1,0,0,0,1
1,0,0,0,1
1,0,0,0,1
1,0,0,0,1
1,0,0,0,1
2,0,0,0,2
1,0,0,0,1
1,0,0,0,1
1,0,0,0,1
1,0,0,0,1
1,0,0,0,1
2,0,0,0,2
1,0,0,0,1
1,0,0,0,1
1,0,0,0,1
1,0,0,0,1
1,0,0,0,1
1,0,0,0,1
1,0,0,0,1
1,0,0,0,1
1,0,0,0,1
1,0,0,0,1
1,0,0,0,1
2,1,0,0,3
1,6,0,0,7
1,0,0,0,1
1,0,0,0,1
1,0,0,0,1
1,0,0,0,1
1,0,0,0,1
1,0,0,0,1
1,0,0,0,1
1,0,0,0,1
2,0,0,0,2
2,0,0,0,2
1,0,0,0,1
1,0,0,0,1
1,0,0,0,1
1,0,0,0,1
1,0,0,0,1
2,0,0,0,2
1,0,0,0,1
1,0,0,0,1
1,0,0,0,1
2,0,0,0,2
2,0,0,0,2
1,0,0,0,1
1,0,0,0,1
1,0,0,0,1
1,0,0,0,1
1,0,0,0,1
2,0,0,0,2
1,0,0,0,1
1,0,0,0,1
1,0,0,0,1
1,0,0,0,1
1,0,0,0,1
1,0,0,0,1
1,0,0,0,1
1,0,0,0,1
1,0,0,0,1
1,0,0,0,1
2,0,0,0,2
1,0,0,0,1
1,0,0,0,1
1,0,0,0,1
1,0,0,0,1
1,0,0,0,1
1,0,0,0,1
1,0,0,0,1
1,0,0,0,1
1,0,0,0,1
1,0,0,0,1
1,0,0,0,1
1,0,0,0,1
1,0,0,0,1
1,0,0,0,1
1,0,0,0,1
2,0,0,0,2
1,0,0,0,1
1,0,0,0,1
1,0,0,0,1
1,0,0,0,1
1,0,0,0,1
1,0,0,0,1
1,0,0,0,1
1,0,0,0,1
1,0,0,0,1
1,0,0,0,1
1,0,0,0,1
1,0,0,0,1
1,0,0,0,1
1,0,0,0,1
1,0,0,0,1
1,0,0,0,1
1,0,0,0,1
1,0,0,0,1
1,0,0,0,1
2,0,0,0,2
1,0,0,0,1
2,0,0,0,2
2,2,0,0,4
1,0,0,0,1
1,0,0,0,1
1,0,0,0,1
1,0,0,0,1
1,0,0,0,1
1,0,0,0,1
1,0,0,0,1
1,0,0,0,1
1,0,0,0,1
1,0,0,0,1
1,0,0,0,1
1,0,0,0,1
1,0,0,0,1
1,0,0,0,1
3,0,0,0,3
1,0,0,0,1
1,0,0,0,1
1,0,0,0,1
1,0,0,0,1
1,0,0,0,1
1,0,0,0,1
1,0,0,0,1
1,0,0,0,1
1,0,0,0,1
1,0,0,0,1
1,0,0,0,1
1,0,0,0,1
1,0,0,0,1
1,0,0,0,1
2,0,0,0,2
1,0,0,0,1
1,0,0,0,1
1,0,0,0,1
2,0,0,0,2
2,0,0,0,2
1,0,0,0,1
1,0,0,0,1
1,0,0,0,1
1,0,0,0,1
1,0,0,0,1
1,0,0,0,1
2,0,0,0,2
1,0,0,0,1
1,0,0,0,1
1,0,0,0,1
1,0,0,0,1
1,0,0,0,1
1,0,0,0,1
1,0,0,0,1
1,0,0,0,1
1,0,0,0,1
1,0,0,0,1
1,0,0,0,1
1,0,0,0,1
1,0,0,0,1
1,0,0,0,1
1,0,0,0,1
2,0,0,0,2
1,0,0,0,1
1,0,0,0,1
1,8,0,0,9
1,0,0,0,1
1,0,0,0,1
1,0,0,0,1
1,0,0,0,1
1,0,0,0,1
1,0,0,0,1
1,0,0,0,1
1,0,0,0,1
1,0,0,0,1
1,0,0,0,1
1,0,0,0,1
1,0,0,0,1
1,0,0,0,1
1,0,0,0,1
1,0,0,0,1
2,0,0,0,2
1,4,0,0,5
1,0,0,0,1
1,0,0,0,1
1,0,0,0,1
1,0,0,0,1
1,0,0,0,1
1,0,0,0,1
1,0,0,0,1
1,0,0,0,1
1,0,0,0,1
1,0,0,0,1
1,0,0,0,1
1,0,0,0,1
1,0,0,0,1
1,0,0,0,1
1,0,0,0,1
1,0,0,0,1
1,0,0,0,1
1,0,0,0,1
1,0,0,0,1
2,0,0,0,2
1,0,0,0,1
1,0,0,0,1
2,0,0,0,2
1,0,0,0,1
1,0,0,0,1
1,0,0,0,1
1,0,0,0,1
1,0,0,0,1
1,0,0,0,1
1,0,0,0,1
2,0,0,0,2
1,0,0,0,1
1,0,0,0,1
1,0,0,0,1
2,0,0,0,2
1,0,0,0,1
1,0,0,0,1
1,0,0,0,1
1,0,0,0,1
1,0,0,0,1
1,0,0,0,1
3,0,0,0,3
1,0,0,0,1
1,0,0,0,1
1,0,0,0,1
1,0,0,0,1
1,0,0,0,1
2,0,0,0,2
1,0,0,0,1
2,0,0,0,2
1,0,0,0,1
1,0,0,0,1
1,0,0,0,1
1,0,0,0,1
1,0,0,0,1
1,0,0,0,1
1,0,0,0,1
2,0,0,0,2
1,0,0,0,1
1,0,0,0,1
1,0,0,0,1
1,0,0,0,1
1,0,0,0,1
1,0,0,0,1
1,0,0,0,1
1,0,0,0,1
1,0,0,0,1
2,0,0,0,2
1,0,0,0,1
3,0,0,0,3
2,0,0,0,2
1,0,0,0,1
1,0,0,0,1
1,0,0,0,1
1,0,0,0,1
1,0,0,0,1
1,0,0,0,1
2,0,0,0,2
1,0,0,0,1
3,0,0,0,3
1,0,0,0,1
1,0,0,0,1
1,0,0,0,1
1,0,0,0,1
1,0,0,0,1
1,0,0,0,1
2,0,0,0,2
2,0,0,0,2
1,0,0,0,1
1,0,0,0,1
1,0,0,0,1
1,0,0,0,1
1,0,0,0,1
1,0,0,0,1
1,0,0,0,1
1,0,0,0,1
1,0,0,0,1
1,0,0,0,1
1,0,0,0,1
1,0,0,0,1
1,0,0,0,1
1,0,0,0,1
1,0,0,0,1
1,0,0,0,1
1,0,0,0,1
1,0,0,0,1
1,0,0,0,1
1,0,0,0,1
1,0,0,0,1
1,0,0,0,1
1,0,0,0,1
1,0,0,0,1
1,0,0,0,1
1,0,0,0,1
1,0,0,0,1
1,0,0,0,1
1,0,0,0,1
1,0,0,0,1
1,0,0,0,1
1,0,0,0,1
1,0,0,0,1
1,0,0,0,1
1,0,0,0,1
1,0,0,0,1
1,0,0,0,1
1,0,0,0,1
1,0,0,0,1
1,0,0,0,1
2,0,1,0,3
2,0,0,0,2
1,0,0,0,1
1,0,0,0,1
1,0,0,0,1
1,0,0,0,1
1,0,0,0,1
1,0,0,0,1
1,0,0,0,1
1,0,0,0,1
1,0,0,0,1
3,0,0,0,3
1,0,0,0,1
1,0,0,0,1
1,0,0,0,1
1,0,0,0,1
1,0,0,0,1
1,0,0,0,1
1,0,0,0,1
1,0,0,0,1
1,0,0,0,1
2,0,0,0,2
1,0,0,0,1
1,0,0,0,1
1,0,0,0,1
1,0,0,0,1
1,0,0,0,1
1,0,0,0,1
2,0,0,0,2
1,0,0,0,1
1,0,0,0,1
2,0,0,0,2
1,0,0,0,1
1,0,0,0,1
1,0,0,0,1
1,0,0,0,1
1,0,0,0,1
2,0,0,0,2
1,0,0,0,1
2,0,0,0,2
1,0,0,0,1
1,0,0,0,1
1,0,0,0,1
1,3,0,0,4
1,0,0,0,1
1,0,0,0,1
1,0,0,0,1
1,0,0,0,1
1,0,0,0,1
1,0,0,0,1
1,0,0,0,1
1,0,0,0,1
1,0,0,0,1
1,0,0,0,1
1,0,0,0,1
1,0,0,0,1
1,0,0,0,1
1,0,0,0,1
2,0,0,0,2
1,0,0,0,1
1,0,0,0,1
2,0,0,0,2
1,0,0,0,1
1,0,0,0,1
1,0,0,0,1
1,0,0,0,1
1,0,0,0,1
1,0,0,0,1
1,0,0,0,1
1,0,0,0,1
1,0,0,0,1
2,0,0,0,2
1,0,0,0,1
1,0,0,0,1
1,0,0,0,1
1,0,0,0,1
1,0,0,0,1
1,0,0,0,1
1,0,0,0,1
1,0,0,0,1
1,0,0,0,1
1,0,0,0,1
1,0,0,0,1
1,0,0,0,1
1,0,0,0,1
1,0,0,0,1
1,0,0,0,1
1,0,0,0,1
1,0,0,0,1
1,0,0,0,1
1,1,1,0,3
1,0,0,0,1
1,0,0,0,1
1,0,0,0,1
1,0,0,0,1
1,0,0,0,1
1,0,0,0,1
1,0,0,0,1
1,0,0,0,1
1,0,0,0,1
1,0,0,0,1
2,0,0,0,2
1,0,0,0,1
1,0,0,0,1
1,0,0,0,1
1,0,0,0,1
1,0,0,0,1
1,0,0,0,1
1,0,0,0,1
1,0,0,0,1
1,0,0,0,1
2,0,0,0,2
2,0,0,0,2
1,0,0,0,1
2,0,0,0,2
1,0,0,0,1
3,0,0,0,3
1,0,0,0,1
1,0,0,0,1
1,0,0,0,1
2,0,0,0,2
1,0,0,0,1
1,1,0,0,2
1,0,0,0,1
1,0,0,0,1
1,0,0,0,1
1,0,0,0,1
1,0,0,0,1
1,0,0,0,1
1,0,0,0,1
1,0,0,0,1
1,0,0,0,1
1,0,0,0,1
1,0,0,0,1
1,0,0,0,1
1,0,0,0,1
1,0,0,0,1
1,0,0,0,1
1,0,0,0,1
1,0,0,0,1
1,0,0,0,1
1,0,0,0,1
1,0,0,0,1
1,0,0,0,1
1,0,0,0,1
1,0,0,0,1
1,0,0,0,1
1,0,0,0,1
1,0,0,0,1
1,0,0,0,1
1,0,0,0,1
1,0,0,0,1
1,0,0,0,1
2,0,0,0,2
1,0,0,0,1
1,0,0,0,1
1,0,0,0,1
1,0,0,0,1
1,0,0,0,1
1,0,0,0,1
1,0,0,0,1
1,0,0,0,1
1,0,0,0,1
1,0,0,0,1
1,0,0,0,1
1,0,0,0,1
1,0,0,0,1
1,0,0,0,1
1,0,0,0,1
1,0,0,0,1
1,0,0,0,1
1,0,0,0,1
1,0,0,0,1
1,0,0,0,1
1,0,0,0,1
1,0,0,0,1
1,0,0,0,1
1,41,1,0,43
1,0,0,0,1
2,0,0,0,2
1,0,0,0,1
1,0,0,0,1
1,0,0,0,1
1,1,0,0,2
1,59,0,0,60
2,0,0,0,2
1,0,0,0,1
1,0,0,0,1
1,0,0,0,1
1,0,0,0,1
1,0,0,0,1
1,12,0,0,13
1,0,0,0,1
1,0,0,0,1
1,0,0,0,1
2,0,0,0,2
2,0,0,0,2
1,0,0,0,1
1,0,0,0,1
1,0,0,0,1
1,0,0,0,1
1,2,0,0,3
1,0,0,0,1
1,0,0,0,1
1,0,0,0,1
1,0,0,0,1
1,0,0,0,1
1,0,0,0,1
1,0,0,0,1
1,0,0,0,1
1,0,0,0,1
1,0,0,0,1
1,0,0,0,1
1,0,0,0,1
1,0,0,0,1
1,0,0,0,1
1,0,0,0,1
2,0,0,0,2
1,4,0,0,5
1,0,0,0,1
1,0,0,0,1
1,0,0,0,1
1,0,0,0,1
1,0,0,0,1
1,0,0,0,1
1,0,0,0,1
1,0,0,0,1
1,0,0,0,1
1,0,0,0,1
1,0,0,0,1
1,8,0,0,9
1,0,0,0,1
1,1,0,0,2
2,0,0,0,2
1,0,0,0,1
1,0,0,0,1
1,0,0,0,1
1,0,0,0,1
1,0,0,0,1
1,0,0,0,1
1,0,0,0,1
1,0,0,0,1
1,0,0,0,1
1,0,0,0,1
1,0,0,0,1
1,0,0,0,1
1,0,0,0,1
1,0,0,0,1
1,0,0,0,1
1,0,0,0,1
1,0,0,0,1
1,0,0,0,1
1,0,0,0,1
1,0,0,0,1
1,0,0,0,1
1,0,0,0,1
1,0,0,0,1
1,0,0,0,1
1,0,0,0,1
3,0,0,0,3
1,0,0,0,1
1,0,0,0,1
1,0,0,0,1
1,0,0,0,1
1,0,0,0,1
1,0,0,0,1
1,0,0,0,1
1,0,0,0,1
4,1,0,0,5
1,0,0,0,1
1,0,0,0,1
1,0,0,0,1
1,0,0,0,1
1,0,0,0,1
1,0,0,0,1
1,0,0,0,1
1,2,0,0,3
1,0,0,0,1
1,0,0,0,1
1,0,0,0,1
1,0,0,0,1
1,0,0,0,1
1,0,0,0,1
1,0,0,0,1
2,0,0,0,2
1,0,0,0,1
1,0,0,0,1
1,0,0,0,1
1,0,0,0,1
1,0,0,0,1
1,0,0,0,1
1,0,0,0,1
2,0,0,0,2
1,32,4,0,37
1,0,0,0,1
1,0,0,0,1
1,0,0,0,1
3,0,0,0,3
1,0,0,0,1
1,0,0,0,1
1,0,0,0,1
2,0,0,0,2
1,0,0,0,1
1,0,0,0,1
1,0,0,0,1
1,0,0,0,1
2,0,0,0,2
1,0,0,0,1
1,0,0,0,1
1,0,0,0,1
1,0,0,0,1
2,0,0,0,2
2,15,0,0,17
1,0,0,0,1
1,0,0,0,1
1,0,0,0,1
1,0,0,0,1
1,0,0,0,1
1,0,0,0,1
1,0,0,0,1
1,0,0,0,1
1,0,0,0,1
1,0,0,0,1
1,25,0,0,26
1,0,0,0,1
1,0,0,0,1
1,0,0,0,1
1,0,0,0,1
1,0,0,0,1
1,0,0,0,1
1,0,0,0,1
1,0,0,0,1
1,0,0,0,1
1,0,0,0,1
1,0,0,0,1
1,0,0,0,1
1,0,0,0,1
1,4,1,0,6
1,0,0,0,1
1,0,0,0,1
1,0,0,0,1
1,0,0,0,1
1,0,0,0,1
1,0,0,0,1
1,0,0,0,1
1,0,0,0,1
2,0,0,0,2
1,0,0,0,1
1,0,0,0,1
1,0,0,0,1
1,0,0,0,1
1,0,0,0,1
2,0,0,0,2
1,0,0,0,1
1,0,0,0,1
1,0,0,0,1
2,0,0,0,2
3,1,1,0,5
1,0,0,0,1
1,0,0,0,1
1,0,0,0,1
1,0,0,0,1
1,0,0,0,1
1,0,0,0,1
1,0,0,0,1
1,0,0,0,1
2,0,0,0,2
1,0,0,0,1
1,0,0,0,1
1,0,0,0,1
1,0,0,0,1
2,0,0,0,2
1,0,0,0,1
1,0,0,0,1
1,0,0,0,1
1,0,0,0,1
1,0,0,0,1
3,0,0,0,3
1,0,0,0,1
1,0,0,0,1
1,0,0,0,1
1,0,0,0,1
1,0,0,0,1
1,0,0,0,1
1,0,0,0,1
1,0,0,0,1
1,0,0,0,1
1,0,0,0,1
1,0,0,0,1
1,0,0,0,1
1,0,0,0,1
1,0,1,0,2
1,0,0,0,1
1,0,0,0,1
1,0,0,0,1
1,0,0,0,1
1,0,0,0,1
1,0,0,0,1
1,0,0,0,1
1,0,0,0,1
1,0,0,0,1
1,0,0,0,1
1,0,0,0,1
1,0,0,0,1
1,0,0,0,1
2,0,0,0,2
1,0,0,0,1
1,0,0,0,1
1,0,0,0,1
1,0,0,0,1
1,0,0,0,1
1,0,0,0,1
1,0,0,0,1
1,0,0,0,1
1,0,0,0,1
1,0,0,0,1
1,0,0,0,1
1,0,0,0,1
1,0,0,0,1
1,0,0,0,1
1,0,0,0,1
1,0,0,0,1
1,0,0,0,1
1,0,0,0,1
1,0,0,0,1
1,0,0,0,1
1,0,0,0,1
1,0,0,0,1
1,0,0,0,1
1,0,0,0,1
1,0,0,0,1
1,0,0,0,1
1,0,0,0,1
1,0,0,0,1
1,0,0,0,1
1,0,0,0,1
1,0,0,0,1
1,0,0,0,1
1,0,0,0,1
1,0,0,0,1
1,0,0,0,1
1,0,0,0,1
1,0,0,0,1
1,0,0,0,1
1,0,0,0,1
1,0,0,0,1
1,0,0,0,1
1,0,0,0,1
1,0,0,0,1
1,0,0,0,1
1,0,0,0,1
1,0,0,0,1
2,0,0,0,2
2,0,0,0,2
1,0,0,0,1
1,0,0,0,1
1,0,0,0,1
1,0,0,0,1
2,1,0,0,3
2,79,2,0,83
1,0,0,0,1
1,0,0,0,1
2,1,0,0,3
3,0,0,0,3
1,0,0,0,1
2,0,0,0,2
2,0,0,0,2
1,0,0,0,1
1,0,0,0,1
1,0,0,0,1
2,0,0,0,2
1,0,0,0,1
1,0,0,0,1
1,0,0,0,1
1,0,0,0,1
1,0,0,0,1
1,0,0,0,1
1,0,0,0,1
1,0,0,0,1
1,0,0,0,1
1,0,0,0,1
1,0,0,0,1
1,0,0,0,1
2,0,0,0,2
1,0,0,0,1
1,0,0,0,1
1,0,0,0,1
1,0,0,0,1
1,0,0,0,1
1,0,0,0,1
1,0,0,0,1
1,0,0,0,1
2,0,0,0,2
1,0,0,0,1
1,0,0,0,1
1,0,0,0,1
1,0,0,0,1
1,4,0,0,5
1,0,0,0,1
1,0,0,0,1
1,0,0,0,1
1,0,0,0,1
1,0,0,0,1
1,0,0,0,1
1,0,0,0,1
1,0,0,0,1
1,0,0,0,1
1,0,0,0,1
1,0,0,0,1
1,0,0,0,1
1,0,0,0,1
1,0,0,0,1
1,0,0,0,1
1,0,0,0,1
1,0,0,0,1
1,0,0,0,1
1,0,0,0,1
1,0,0,0,1
1,0,0,0,1
1,0,0,0,1
1,0,0,0,1
1,0,0,0,1
1,0,0,0,1
1,0,0,0,1
1,0,0,0,1
1,0,0,0,1
1,0,0,0,1
1,0,0,0,1
1,0,0,0,1
1,0,0,0,1
1,0,0,0,1
1,0,0,0,1
1,0,0,0,1
1,0,0,0,1
1,0,0,0,1
1,0,0,0,1
2,0,0,0,2
1,0,0,0,1
1,0,0,0,1
1,0,0,0,1
1,0,0,0,1
2,0,0,0,2
3,0,0,0,3
1,0,0,0,1
1,0,0,0,1
1,0,0,0,1
1,592,0,0,593
1,0,0,0,1
1,0,0,0,1
1,0,0,0,1
1,0,0,0,1
1,0,0,0,1
1,0,0,0,1
1,0,0,0,1
1,0,0,0,1
1,0,0,0,1
1,0,0,0,1
1,0,0,0,1
1,0,0,0,1
1,0,0,0,1
1,0,0,0,1
1,0,0,0,1
1,0,0,0,1
1,0,0,0,1
1,0,0,0,1
1,0,0,0,1
1,0,0,0,1
1,0,0,0,1
1,0,0,0,1
1,0,0,0,1
1,0,0,0,1
1,0,0,0,1
3,0,0,0,3
1,0,0,0,1
2,0,0,0,2
1,0,0,0,1
1,0,0,0,1
2,0,0,0,2
1,0,0,0,1
3,0,0,0,3
1,0,0,0,1
1,0,0,0,1
1,0,0,0,1
1,0,0,0,1
2,0,0,0,2
1,0,0,0,1
1,0,0,0,1
1,0,0,0,1
1,0,0,0,1
1,0,0,0,1
1,0,0,0,1
1,0,0,0,1
1,0,0,0,1
1,0,0,0,1
1,0,0,0,1
1,0,0,0,1
1,0,0,0,1
1,6,0,0,7
1,0,0,0,1
2,0,0,0,2
2,0,0,0,2
1,0,0,0,1
1,0,0,0,1
2,0,0,0,2
1,0,0,0,1
1,0,0,0,1
2,0,0,0,2
1,0,0,0,1
1,0,0,0,1
1,0,0,0,1
1,0,0,0,1
1,0,0,0,1
1,0,0,0,1
1,0,0,0,1
1,0,0,0,1
1,0,0,0,1
1,0,0,0,1
1,0,0,0,1
1,0,0,0,1
1,0,0,0,1
1,0,0,0,1
1,0,0,0,1
1,0,0,0,1
2,0,0,0,2
1,0,0,0,1
1,0,0,0,1
1,0,0,0,1
1,0,0,0,1
2,0,0,0,2
1,0,0,0,1
1,0,0,0,1
1,0,0,0,1
1,0,0,0,1
1,0,0,0,1
1,0,0,0,1
1,0,0,0,1
1,0,0,0,1
1,0,0,0,1
1,0,0,0,1
1,0,0,0,1
1,0,0,0,1
1,0,0,0,1
1,0,0,0,1
1,0,0,0,1
1,0,0,0,1
1,0,0,0,1
1,0,0,0,1
1,0,0,0,1
1,0,0,0,1
1,0,0,0,1
1,0,0,0,1
1,0,0,0,1
1,0,0,0,1
1,0,0,0,1
1,0,0,0,1
1,0,0,0,1
1,0,0,0,1
1,0,0,0,1
1,0,0,0,1
1,0,0,0,1
1,0,0,0,1
1,0,0,0,1
1,0,0,0,1
1,0,0,0,1
1,0,0,0,1
1,0,0,0,1
1,0,0,0,1
1,0,0,0,1
1,0,0,0,1
1,0,0,0,1
1,0,0,0,1
2,0,0,0,2
1,0,0,0,1
3,0,0,0,3
1,0,0,0,1
1,0,0,0,1
1,0,0,0,1
1,0,0,0,1
1,0,0,0,1
1,0,0,0,1
1,0,0,0,1
1,0,0,0,1
3,0,0,0,3
1,0,0,0,1
1,0,0,0,1
1,0,0,0,1
1,0,0,0,1
1,0,0,0,1
1,0,0,0,1
3,0,0,0,3
1,0,0,0,1
1,0,0,0,1
1,0,2,0,3
2,0,0,0,2
1,0,0,0,1
2,0,0,0,2
1,0,0,0,1
2,0,0,0,2
1,0,0,0,1
1,0,0,0,1
1,0,0,0,1
1,0,0,0,1
1,0,0,0,1
1,0,0,0,1
2,0,0,0,2
1,0,0,0,1
1,0,0,0,1
1,0,0,0,1
1,0,0,0,1
2,0,0,0,2
1,0,0,0,1
1,0,0,0,1
1,0,0,0,1
1,0,0,0,1
1,0,0,0,1
1,0,0,0,1
1,0,0,0,1
1,0,0,0,1
1,0,0,0,1
1,0,0,0,1
1,0,0,0,1
2,0,0,0,2
1,0,0,0,1
1,0,0,0,1
1,0,0,0,1
2,0,0,0,2
1,0,0,0,1
1,0,0,0,1
1,0,0,0,1
1,0,0,0,1
1,0,0,0,1
1,0,0,0,1
1,0,0,0,1
1,0,0,0,1
1,0,0,0,1
1,0,0,0,1
1,0,0,0,1
1,0,0,0,1
2,0,0,0,2
1,0,0,0,1
1,0,0,0,1
1,0,0,0,1
1,0,0,0,1
1,0,0,0,1
1,0,0,0,1
1,0,0,0,1
1,0,0,0,1
1,0,0,0,1
1,0,0,0,1
1,0,0,0,1
2,0,0,0,2
1,0,0,0,1
1,0,0,0,1
1,0,0,0,1
1,0,0,0,1
1,0,0,0,1
1,0,0,0,1
1,0,0,0,1
3,0,0,0,3
1,0,0,0,1
1,0,0,0,1
1,0,0,0,1
1,0,0,0,1
1,5,0,0,6
1,0,0,0,1
1,0,0,0,1
1,0,0,0,1
1,0,0,0,1
1,0,0,0,1
1,0,0,0,1
1,0,0,0,1
1,0,0,0,1
1,0,0,0,1
1,0,0,0,1
1,0,0,0,1
2,594,0,0,596
1,0,0,0,1
1,0,0,0,1
1,0,0,0,1
1,0,0,0,1
1,0,0,0,1
1,0,0,0,1
1,0,0,0,1
1,4,1,0,6
1,0,0,0,1
1,0,0,0,1
1,0,0,0,1
1,0,0,0,1
1,0,0,0,1
1,0,0,0,1
1,0,0,0,1
1,0,0,0,1
1,0,0,0,1
1,0,0,0,1
1,0,0,0,1
1,0,0,0,1
1,0,0,0,1
1,0,0,0,1
1,0,0,0,1
2,0,0,0,2
3,0,0,0,3
2,0,0,0,2
1,0,0,0,1
1,0,0,0,1
1,0,0,0,1
1,0,0,0,1
1,0,0,0,1
1,0,0,0,1
1,0,0,0,1
1,0,0,0,1
1,0,0,0,1
4,0,0,0,4
2,0,0,0,2
2,0,0,0,2
1,0,0,0,1
1,0,0,0,1
1,0,0,0,1
1,0,0,0,1
1,0,0,0,1
1,0,0,0,1
1,0,0,0,1
3,0,0,0,3
1,0,0,0,1
1,0,0,0,1
1,0,0,0,1
1,0,0,0,1
1,0,0,0,1
1,0,0,0,1
1,0,0,0,1
1,0,0,0,1
1,0,0,0,1
1,0,0,0,1
2,0,0,0,2
1,0,0,0,1
1,0,0,0,1
1,0,0,0,1
1,14,1,0,16
1,0,0,0,1
1,0,0,0,1
1,0,0,0,1
1,0,0,0,1
1,0,0,0,1
1,0,0,0,1
1,0,0,0,1
1,0,0,0,1
1,0,0,0,1
1,0,0,0,1
1,0,0,0,1
1,0,0,0,1
1,0,0,0,1
1,0,0,0,1
1,0,0,0,1
1,0,0,0,1
1,0,0,0,1
1,0,0,0,1
1,0,0,0,1
1,0,0,0,1
1,0,0,0,1
1,0,0,0,1
1,0,0,0,1
1,0,0,0,1
1,0,0,0,1
2,0,0,0,2
1,0,0,0,1
1,0,0,0,1
1,0,0,0,1
1,0,0,0,1
1,0,0,0,1
1,0,0,0,1
1,0,0,0,1
1,0,0,0,1
1,10,0,0,11
1,0,0,0,1
1,0,0,0,1
1,0,0,0,1
1,0,0,0,1
1,0,0,0,1
1,0,0,0,1
1,0,0,0,1
1,0,0,0,1
1,0,0,0,1
1,0,0,0,1
1,0,0,0,1
1,0,0,0,1
1,0,0,0,1
1,0,0,0,1
1,0,0,0,1
1,0,0,0,1
1,0,0,0,1
1,0,0,0,1
1,0,0,0,1
1,0,0,0,1
1,0,0,0,1
1,0,0,0,1
1,0,0,0,1
1,0,0,0,1
1,0,0,0,1
1,0,0,0,1
2,0,0,0,2
1,0,0,0,1
1,0,0,0,1
1,0,0,0,1
1,0,0,0,1
1,0,0,0,1
1,0,0,0,1
1,7,0,0,8
1,0,0,0,1
1,0,0,0,1
1,0,0,0,1
1,0,0,0,1
1,0,0,0,1
1,0,0,0,1
1,0,0,0,1
1,0,0,0,1
1,2,0,0,3
1,0,0,0,1
1,0,0,0,1
1,0,0,0,1
1,0,0,0,1
1,0,0,0,1
1,0,0,0,1
1,0,0,0,1
1,0,0,0,1
1,0,0,0,1
1,0,0,0,1
1,0,0,0,1
1,0,0,0,1
1,0,0,0,1
1,0,0,0,1
1,0,0,0,1
1,0,0,0,1
1,0,0,0,1
1,0,0,0,1
1,0,0,0,1
1,0,0,0,1
1,0,0,0,1
1,0,0,0,1
1,0,0,0,1
1,0,0,0,1
1,0,0,0,1
1,0,0,0,1
1,0,0,0,1
1,0,0,0,1
1,0,0,0,1
2,0,0,0,2
1,0,0,0,1
1,0,0,0,1
1,0,0,0,1
1,0,0,0,1
1,0,0,0,1
1,0,0,0,1
1,0,0,0,1
1,0,0,0,1
1,0,0,0,1
1,0,0,0,1
2,0,0,0,2
1,0,0,0,1
2,0,0,0,2
1,0,0,0,1
1,0,0,0,1
1,0,0,0,1
1,3,0,0,4
1,0,0,0,1
1,0,0,0,1
1,0,0,0,1
1,0,0,0,1
1,0,0,0,1
1,0,0,0,1
1,0,0,0,1
1,0,0,0,1
1,0,0,0,1
1,11,0,0,12
1,0,0,0,1
2,0,0,0,2
1,0,0,0,1
1,0,0,0,1
1,0,0,0,1
1,0,0,0,1
1,0,0,0,1
1,0,0,0,1
1,0,0,0,1
1,0,0,0,1
1,0,0,0,1
1,0,0,0,1
1,4,0,0,5
1,0,0,0,1
2,0,0,0,2
2,0,0,0,2
1,0,0,0,1
1,0,0,0,1
1,0,0,0,1
1,0,0,0,1
1,0,0,0,1
1,0,0,0,1
1,0,0,0,1
1,0,0,0,1
1,0,0,0,1
1,0,0,0,1
3,0,0,0,3
1,0,0,0,1
1,0,0,0,1
1,0,0,0,1
1,0,0,0,1
1,0,0,0,1
1,0,0,0,1
1,0,0,0,1
2,0,0,0,2
1,0,0,0,1
1,0,0,0,1
1,0,0,0,1
3,0,0,0,3
1,0,0,0,1
1,0,0,0,1
1,0,0,0,1
2,0,0,0,2
1,0,0,0,1
1,0,0,0,1
1,0,0,0,1
1,0,0,0,1
1,0,0,0,1
1,0,0,0,1
1,0,0,0,1
2,0,0,0,2
1,0,0,0,1
1,0,0,0,1
1,0,0,0,1
1,0,0,0,1
1,0,0,0,1
1,0,0,0,1
1,0,0,0,1
1,0,0,0,1
1,0,0,0,1
1,0,0,0,1
1,0,0,0,1
1,0,0,0,1
2,0,1,0,3
1,0,0,0,1
1,0,0,0,1
2,0,0,0,2
1,0,0,0,1
1,0,0,0,1
1,0,0,0,1
1,0,0,0,1
1,2,0,0,3
1,0,0,0,1
1,0,0,0,1
1,0,0,0,1
1,0,0,0,1
1,0,0,0,1
1,0,0,0,1
1,0,0,0,1
2,0,0,0,2
1,0,1,0,2
1,0,0,0,1
1,0,0,0,1
2,0,0,0,2
1,0,0,0,1
1,0,0,0,1
1,0,0,0,1
2,0,0,0,2
1,0,0,0,1
1,0,0,0,1
1,0,0,0,1
1,0,0,0,1
1,0,0,0,1
1,0,0,0,1
1,0,0,0,1
1,0,0,0,1
1,0,0,0,1
1,0,0,0,1
1,0,0,0,1
1,0,0,0,1
1,0,0,0,1
1,0,0,0,1
1,0,0,0,1
1,0,0,0,1
1,0,0,0,1
1,0,0,0,1
1,0,0,0,1
2,0,0,0,2
1,0,0,0,1
1,0,0,0,1
1,0,0,0,1
1,0,0,0,1
1,0,0,0,1
1,0,0,0,1
1,0,0,0,1
1,0,0,0,1
1,0,0,0,1
1,0,0,0,1
1,0,0,0,1
1,0,0,0,1
1,0,0,0,1
1,0,0,0,1
1,0,0,0,1
1,0,0,0,1
1,0,0,0,1
1,0,0,0,1
1,0,0,0,1
1,0,0,0,1
1,0,0,0,1
1,0,0,0,1
1,0,0,0,1
1,0,0,0,1
2,0,0,0,2
1,0,0,0,1
1,0,0,0,1
1,0,0,0,1
1,0,0,0,1
1,0,0,0,1
1,0,0,0,1
1,0,0,0,1
1,0,0,0,1
1,0,0,0,1
1,0,0,0,1
2,0,0,0,2
1,0,0,0,1
1,0,0,0,1
1,0,0,0,1
1,0,0,0,1
1,0,0,0,1
1,0,0,0,1
1,0,0,0,1
1,0,0,0,1
1,0,0,0,1
1,0,0,0,1
1,0,0,0,1
1,0,0,0,1
1,0,0,0,1
2,0,0,0,2
1,0,0,0,1
1,0,0,0,1
1,0,0,0,1
1,0,0,0,1
1,0,0,0,1
1,0,0,0,1
1,0,0,0,1
1,0,0,0,1
1,0,0,0,1
3,0,0,0,3
1,0,0,0,1
1,0,0,0,1
1,0,0,0,1
2,0,0,0,2
1,0,0,0,1
1,0,0,0,1
1,0,0,0,1
1,0,0,0,1
1,0,0,0,1
1,0,0,0,1
1,0,0,0,1
1,0,0,0,1
1,0,0,0,1
1,0,0,0,1
1,0,0,0,1
3,0,0,0,3
1,0,0,0,1
1,0,0,0,1
1,0,0,0,1
1,0,0,0,1
2,0,0,0,2
1,0,0,0,1
1,0,0,0,1
1,0,0,0,1
1,0,0,0,1
1,0,0,0,1
1,0,0,0,1
1,0,0,0,1
1,0,0,0,1
1,0,0,0,1
1,0,0,0,1
1,0,0,0,1
3,1,0,0,4
1,0,0,0,1
1,0,0,0,1
1,0,0,0,1
1,0,0,0,1
2,0,0,0,2
1,0,0,0,1
1,0,0,0,1
2,0,0,0,2
1,0,0,0,1
2,0,0,0,2
1,0,0,0,1
1,0,0,0,1
1,0,0,0,1
1,0,0,0,1
1,0,0,0,1
1,0,0,0,1
1,0,0,0,1
1,0,0,0,1
1,0,0,0,1
1,0,0,0,1
1,0,0,0,1
1,0,0,0,1
1,0,0,0,1
1,0,0,0,1
1,0,0,0,1
2,6,1,0,9
1,0,0,0,1
1,0,0,0,1
1,0,0,0,1
1,0,0,0,1
1,0,0,0,1
1,0,0,0,1
1,0,0,0,1
1,0,0,0,1
2,0,0,0,2
1,0,0,0,1
1,0,0,0,1
2,0,0,0,2
1,0,0,0,1
1,0,0,0,1
1,0,0,0,1
1,0,0,0,1
1,0,0,0,1
1,0,0,0,1
1,0,0,0,1
1,0,0,0,1
1,0,0,0,1
1,0,0,0,1
1,0,0,0,1
2,0,0,0,2
1,4,0,0,5
1,0,0,0,1
1,0,0,0,1
1,10,0,0,11
1,0,0,0,1
1,0,0,0,1
1,0,0,0,1
1,0,0,0,1
1,0,0,0,1
1,0,0,0,1
1,0,0,0,1
1,0,0,0,1
1,0,0,0,1
1,0,0,0,1
1,0,0,0,1
1,0,0,0,1
1,0,0,0,1
1,0,0,0,1
1,0,0,0,1
1,0,0,0,1
3,0,0,0,3
1,0,0,0,1
1,0,0,0,1
1,0,0,0,1
1,0,0,0,1
1,0,0,0,1
1,0,0,0,1
1,2,0,0,3
1,0,0,0,1
1,0,0,0,1
1,0,0,0,1
1,0,0,0,1
1,0,0,0,1
1,0,0,0,1
1,0,0,0,1
2,0,0,0,2
1,0,0,0,1
1,0,0,0,1
1,0,0,0,1
1,0,0,0,1
1,0,0,0,1
1,0,0,0,1
1,0,0,0,1
1,0,0,0,1
1,0,0,0,1
1,0,0,0,1
2,0,0,0,2
1,0,0,0,1
1,0,0,0,1
1,0,0,0,1
1,1,0,0,2
1,0,0,0,1
2,0,0,0,2
1,0,0,0,1
1,0,0,0,1
1,0,0,0,1
1,0,0,0,1
1,0,0,0,1
1,0,0,0,1
2,0,0,0,2
1,0,0,0,1
1,0,0,0,1
1,0,0,0,1
1,0,0,0,1
1,0,0,0,1
1,0,0,0,1
1,0,0,0,1
1,0,0,0,1
2,0,0,0,2
1,0,0,0,1
1,0,0,0,1
1,0,0,0,1
2,0,0,0,2
1,0,0,0,1
1,0,0,0,1
1,0,0,0,1
1,0,0,0,1
1,0,0,0,1
1,0,0,0,1
1,1,0,0,2
1,0,0,0,1
1,0,0,0,1
1,0,0,0,1
1,0,0,0,1
1,0,0,0,1
1,0,0,0,1
1,0,0,0,1
1,0,0,0,1
1,0,0,0,1
1,0,0,0,1
1,0,0,0,1
2,0,0,0,2
1,0,0,0,1
1,0,0,0,1
1,0,0,0,1
1,0,0,0,1
1,0,0,0,1
1,0,0,0,1
1,0,0,0,1
1,0,0,0,1
1,0,0,0,1
1,0,0,0,1
1,0,0,0,1
1,0,0,0,1
2,0,0,0,2
1,0,0,0,1
1,0,0,0,1
1,0,0,0,1
1,0,0,0,1
1,0,0,0,1
1,0,0,0,1
1,0,0,0,1
1,1,0,0,2
2,0,0,0,2
1,0,0,0,1
1,0,0,0,1
1,0,0,0,1
2,0,0,0,2
1,0,0,0,1
2,0,0,0,2
1,0,0,0,1
1,0,0,0,1
1,0,0,0,1
1,0,0,0,1
1,0,0,0,1
1,0,0,0,1
1,0,0,0,1
1,0,0,0,1
1,0,0,0,1
1,0,0,0,1
1,0,0,0,1
1,0,0,0,1
1,0,0,0,1
1,0,0,0,1
1,0,0,0,1
1,0,0,0,1
1,0,0,0,1
1,0,0,0,1
1,0,0,0,1
1,0,0,0,1
1,0,0,0,1
2,0,0,0,2
1,0,0,0,1
1,0,0,0,1
1,0,0,0,1
1,0,0,0,1
1,0,0,0,1
1,0,0,0,1
2,0,0,0,2
1,0,0,0,1
1,0,0,0,1
1,0,0,0,1
1,0,0,0,1
1,0,0,0,1
5,0,0,0,5
1,0,0,0,1
1,0,0,0,1
1,0,0,0,1
1,0,0,0,1
1,0,0,0,1
1,0,0,0,1
1,0,0,0,1
1,0,0,0,1
1,0,0,0,1
1,0,0,0,1
1,0,0,0,1
2,0,0,0,2
1,0,0,0,1
1,0,0,0,1
1,0,0,0,1
1,0,0,0,1
1,0,0,0,1
1,0,0,0,1
1,0,0,0,1
1,0,0,0,1
1,0,0,0,1
3,0,0,0,3
1,0,0,0,1
1,0,0,0,1
1,0,0,0,1
1,0,0,0,1
1,0,0,0,1
1,0,0,0,1
1,0,0,0,1
1,0,0,0,1
1,0,0,0,1
1,0,0,0,1
1,0,0,0,1
1,0,0,0,1
2,0,0,0,2
1,0,0,0,1
2,0,0,0,2
1,0,0,0,1
2,0,0,0,2
1,0,0,0,1
1,0,0,0,1
1,0,0,0,1
1,0,0,0,1
1,0,0,0,1
1,0,0,0,1
1,0,0,0,1
1,0,0,0,1
1,0,0,0,1
1,0,0,0,1
2,0,0,0,2
1,0,0,0,1
1,0,0,0,1
1,0,0,0,1
1,0,0,0,1
1,0,0,0,1
1,0,0,0,1
1,0,0,0,1
1,0,0,0,1
1,0,0,0,1
1,0,0,0,1
2,0,0,0,2
1,0,0,0,1
1,0,0,0,1
1,0,0,0,1
1,0,0,0,1
2,0,0,0,2
1,1,1,0,3
1,0,0,0,1
1,0,0,0,1
1,0,0,0,1
1,0,0,0,1
1,0,0,0,1
1,0,0,0,1
1,0,0,0,1
2,0,0,0,2
1,0,0,0,1
1,0,0,0,1
1,0,0,0,1
1,0,0,0,1
1,0,0,0,1
1,0,0,0,1
1,0,0,0,1
1,0,0,0,1
1,0,0,0,1
1,0,0,0,1
2,0,0,0,2
1,0,0,0,1
1,0,0,0,1
1,0,0,0,1
1,0,0,0,1
1,2,0,0,3
1,0,0,0,1
1,0,0,0,1
1,0,0,0,1
1,0,0,0,1
2,0,0,0,2
1,0,0,0,1
1,0,0,0,1
1,0,0,0,1
1,0,0,0,1
1,0,0,0,1
1,0,0,0,1
1,0,0,0,1
1,0,0,0,1
1,0,0,0,1
1,0,0,0,1
1,0,0,0,1
1,0,0,0,1
1,0,0,0,1
1,0,0,0,1
1,0,0,0,1
1,0,0,0,1
1,0,0,0,1
1,0,0,0,1
1,0,0,0,1
1,0,0,0,1
2,0,0,0,2
1,0,0,0,1
1,0,0,0,1
1,0,0,0,1
1,0,0,0,1
1,0,0,0,1
1,0,0,0,1
1,0,0,0,1
1,0,0,0,1
1,0,0,0,1
2,0,0,0,2
1,0,0,0,1
1,0,0,0,1
1,0,0,0,1
2,0,0,0,2
1,0,0,0,1
1,0,0,0,1
1,0,0,0,1
2,0,0,0,2
1,0,0,0,1
1,0,0,0,1
1,5,0,0,6
1,0,0,0,1
1,0,0,0,1
1,0,0,0,1
1,0,0,0,1
1,0,0,0,1
1,0,0,0,1
1,0,0,0,1
2,0,0,0,2
1,0,0,0,1
1,0,0,0,1
1,0,0,0,1
2,0,0,0,2
2,0,0,0,2
1,0,0,0,1
1,0,0,0,1
1,0,0,0,1
3,0,0,0,3
1,0,0,0,1
1,0,0,0,1
2,0,0,0,2
2,0,0,0,2
1,0,0,0,1
1,0,0,0,1
2,0,0,0,2
1,0,0,0,1
1,0,0,0,1
1,0,0,0,1
1,0,0,0,1
1,0,0,0,1
1,0,0,0,1
1,0,0,0,1
1,0,0,0,1
1,0,0,0,1
1,0,0,0,1
1,0,0,0,1
1,0,0,0,1
1,0,0,0,1
1,0,0,0,1
1,0,0,0,1
1,0,0,0,1
3,0,0,0,3
1,0,0,0,1
1,0,0,0,1
1,0,0,0,1
1,0,0,0,1
1,0,0,0,1
1,0,0,0,1
1,1,1,0,3
2,0,0,0,2
1,0,0,0,1
2,0,0,0,2
1,0,0,0,1
1,0,0,0,1
1,0,0,0,1
1,0,0,0,1
1,0,0,0,1
1,0,0,0,1
1,0,0,0,1
1,0,0,0,1
1,0,0,0,1
1,0,0,0,1
1,0,0,0,1
1,0,0,0,1
1,0,0,0,1
1,0,0,0,1
1,0,0,0,1
3,0,0,0,3
3,0,0,0,3
2,0,0,0,2
1,0,0,0,1
1,0,0,0,1
1,0,0,0,1
1,0,0,0,1
1,0,0,0,1
1,0,0,0,1
1,0,0,0,1
1,0,0,0,1
2,0,0,0,2
1,0,0,0,1
1,0,0,0,1
1,0,0,0,1
1,2,0,0,3
1,0,0,0,1
1,0,0,0,1
1,0,0,0,1
1,0,0,0,1
1,2,0,0,3
1,0,0,0,1
1,0,0,0,1
1,0,0,0,1
1,0,0,0,1
1,0,0,0,1
1,0,0,0,1
1,0,0,0,1
1,0,0,0,1
1,0,0,0,1
1,0,0,0,1
1,0,0,0,1
1,0,0,0,1
1,0,0,0,1
1,0,0,0,1
1,0,0,0,1
1,0,0,0,1
1,0,0,0,1
1,0,0,0,1
1,0,0,0,1
1,0,0,0,1
1,0,0,0,1
1,0,0,0,1
1,0,0,0,1
1,0,0,0,1
1,0,0,0,1
2,0,0,0,2
1,0,0,0,1
1,0,0,0,1
1,0,0,0,1
1,0,0,0,1
1,0,0,0,1
1,0,0,0,1
1,0,0,0,1
2,0,0,0,2
1,0,0,0,1
1,0,0,0,1
1,0,0,0,1
1,0,0,0,1
1,0,0,0,1
1,0,0,0,1
1,0,0,0,1
1,0,0,0,1
1,0,0,0,1
1,0,0,0,1
1,0,0,0,1
2,0,0,0,2
1,0,0,0,1
1,0,0,0,1
3,0,0,0,3
2,0,0,0,2
1,0,0,0,1
1,0,0,0,1
1,0,0,0,1
2,0,0,0,2
1,0,0,0,1
1,0,0,0,1
1,2,1,0,4
1,0,0,0,1
1,0,0,0,1
2,0,0,0,2
1,0,0,0,1
1,0,0,0,1
1,0,0,0,1
1,0,0,0,1
1,0,0,0,1
1,0,0,0,1
1,0,0,0,1
1,0,0,0,1
1,0,0,0,1
1,0,0,0,1
1,0,0,0,1
1,0,0,0,1
1,0,0,0,1
1,0,0,0,1
1,0,0,0,1
1,0,0,0,1
1,0,0,0,1
2,0,0,0,2
1,0,0,0,1
3,2,0,0,5
1,0,0,0,1
1,0,0,0,1
1,0,0,0,1
1,0,0,0,1
1,0,0,0,1
1,0,0,0,1
1,0,0,0,1
1,0,0,0,1
1,0,0,0,1
2,0,0,0,2
1,0,0,0,1
1,0,0,0,1
1,0,0,0,1
1,0,0,0,1
1,0,0,0,1
1,0,0,0,1
2,0,0,0,2
2,0,0,0,2
1,0,0,0,1
1,15,0,0,16
1,0,0,0,1
1,0,0,0,1
1,0,0,0,1
1,0,0,0,1
1,0,0,0,1
1,0,0,0,1
1,0,0,0,1
1,0,0,0,1
1,0,0,0,1
1,0,0,0,1
1,0,0,0,1
2,0,0,0,2
1,0,0,0,1
1,0,0,0,1
1,0,0,0,1
1,0,0,0,1
1,0,0,0,1
2,0,0,0,2
1,0,0,0,1
1,0,0,0,1
1,0,0,0,1
1,0,0,0,1
1,30,0,0,31
1,0,0,0,1
1,0,0,0,1
1,0,0,0,1
1,0,0,0,1
1,0,0,0,1
1,0,0,0,1
2,0,0,0,2
1,0,0,0,1
1,0,0,0,1
1,0,0,0,1
1,0,0,0,1
1,3,0,0,4
1,2,0,0,3
1,0,0,0,1
1,0,0,0,1
1,0,0,0,1
1,0,0,0,1
1,0,0,0,1
1,0,0,0,1
1,0,0,0,1
1,0,0,0,1
1,0,0,0,1
1,0,0,0,1
2,0,0,0,2
1,0,0,0,1
2,0,0,0,2
1,0,0,0,1
1,0,0,0,1
1,0,0,0,1
1,0,0,0,1
1,0,0,0,1
1,0,0,0,1
1,0,0,0,1
2,0,0,0,2
1,0,0,0,1
1,0,0,0,1
1,0,0,0,1
1,0,0,0,1
1,0,0,0,1
1,0,0,0,1
1,0,0,0,1
1,0,0,0,1
1,0,0,0,1
1,0,0,0,1
1,0,0,0,1
1,0,0,0,1
1,0,0,0,1
1,0,0,0,1
2,0,0,0,2
1,0,0,0,1
3,0,0,0,3
1,0,0,0,1
1,0,0,0,1
1,0,0,0,1
1,0,0,0,1
1,0,0,0,1
1,0,0,0,1
1,0,0,0,1
1,0,0,0,1
1,0,0,0,1
1,0,0,0,1
1,0,0,0,1
2,0,0,0,2
1,0,0,0,1
1,0,0,0,1
1,0,0,0,1
1,0,0,0,1
1,0,0,0,1
2,0,0,0,2
1,0,0,0,1
1,0,0,0,1
1,0,0,0,1
1,0,0,0,1
1,0,0,0,1
1,0,0,0,1
1,0,0,0,1
1,0,0,0,1
1,0,0,0,1
1,0,0,0,1
1,0,0,0,1
1,0,0,0,1
1,0,0,0,1
1,0,0,0,1
1,0,0,0,1
1,0,0,0,1
1,0,0,0,1
1,0,0,0,1
1,0,0,0,1
1,0,0,0,1
1,0,0,0,1
1,0,0,0,1
1,0,0,0,1
2,0,0,0,2
1,0,0,0,1
1,0,0,0,1
2,0,0,0,2
1,0,0,0,1
1,0,0,0,1
1,0,0,0,1
2,0,0,0,2
1,0,0,0,1
1,0,0,0,1
1,0,0,0,1
1,0,0,0,1
2,0,0,0,2
1,0,0,0,1
2,0,0,0,2
1,0,0,0,1
1,0,0,0,1
1,0,0,0,1
2,0,0,0,2
1,0,0,0,1
1,0,0,0,1
1,0,0,0,1
1,0,0,0,1
1,0,0,0,1
1,0,0,0,1
1,0,0,0,1
1,0,0,0,1
1,0,0,0,1
1,0,0,0,1
3,0,0,0,3
1,0,0,0,1
1,0,0,0,1
1,0,0,0,1
1,0,0,0,1
1,0,0,0,1
1,0,0,0,1
1,0,0,0,1
2,0,0,0,2
1,0,0,0,1
1,0,0,0,1
1,0,0,0,1
1,0,2,0,3
1,0,0,0,1
1,0,0,0,1
1,0,0,0,1
1,0,0,0,1
1,0,0,0,1
1,0,0,0,1
1,0,0,0,1
1,0,0,0,1
1,0,0,0,1
1,0,0,0,1
1,0,0,0,1
1,0,0,0,1
1,0,0,0,1
1,0,0,0,1
1,0,0,0,1
1,0,0,0,1
1,0,0,0,1
1,0,0,0,1
1,0,0,0,1
2,0,0,0,2
1,0,0,0,1
1,0,0,0,1
3,0,0,0,3
1,0,0,0,1
1,0,0,0,1
1,0,0,0,1
1,0,0,0,1
1,0,0,0,1
1,0,0,0,1
1,0,0,0,1
1,0,0,0,1
1,0,0,0,1
1,0,0,0,1
1,0,0,0,1
1,0,0,0,1
2,0,0,0,2
1,0,0,0,1
1,0,0,0,1
1,0,0,0,1
1,0,0,0,1
1,0,0,0,1
1,0,0,0,1
1,0,0,0,1
1,0,0,0,1
1,0,0,0,1
1,0,0,0,1
1,0,0,0,1
1,0,0,0,1
1,0,0,0,1
1,0,0,0,1
3,0,0,0,3
1,0,0,0,1
1,0,0,0,1
1,0,0,0,1
1,0,0,0,1
1,0,0,0,1
1,0,0,0,1
1,0,0,0,1
1,0,0,0,1
1,0,0,0,1
2,0,0,0,2
1,0,0,0,1
1,0,0,0,1
1,0,0,0,1
1,0,0,0,1
2,0,0,0,2
1,0,0,0,1
1,0,0,0,1
1,0,0,0,1
2,0,0,0,2
1,0,0,0,1
4,0,0,0,4
1,0,0,0,1
1,0,0,0,1
1,0,0,0,1
2,0,0,0,2
1,0,0,0,1
1,0,0,0,1
1,0,0,0,1
1,0,0,0,1
1,0,0,0,1
1,0,0,0,1
1,0,0,0,1
1,0,0,0,1
1,0,0,0,1
1,0,0,0,1
1,0,0,0,1
2,0,0,0,2
1,0,0,0,1
1,0,0,0,1
1,0,0,0,1
1,0,0,0,1
1,0,0,0,1
1,0,0,0,1
1,0,0,0,1
1,0,0,0,1
1,0,0,0,1
1,0,0,0,1
1,0,0,0,1
2,2,0,0,4
1,0,0,0,1
1,1,0,0,2
3,1,2,0,6
1,0,0,0,1
1,0,0,0,1
1,0,0,0,1
1,0,0,0,1
1,0,0,0,1
1,0,0,0,1
1,0,0,0,1
1,2,0,0,3
1,0,0,0,1
1,0,0,0,1
2,0,0,0,2
1,0,0,0,1
1,0,0,0,1
1,0,0,0,1
1,0,0,0,1
1,0,0,0,1
1,0,0,0,1
1,2,0,0,3
2,0,0,0,2
1,0,0,0,1
1,0,0,0,1
2,0,0,0,2
1,0,0,0,1
1,0,0,0,1
1,0,0,0,1
1,2,0,0,3
1,0,0,0,1
1,0,0,0,1
1,0,0,0,1
1,0,0,0,1
1,0,0,0,1
1,0,0,0,1
1,0,0,0,1
1,0,0,0,1
1,0,0,0,1
1,0,0,0,1
1,0,0,0,1
1,0,0,0,1
1,0,0,0,1
1,0,0,0,1
1,0,0,0,1
2,0,0,0,2
2,0,0,0,2
1,0,0,0,1
1,0,0,0,1
1,0,0,0,1
1,6,0,0,7
1,0,0,0,1
1,0,0,0,1
1,0,0,0,1
1,0,0,0,1
1,0,0,0,1
1,0,0,0,1
1,0,0,0,1
1,0,0,0,1
1,0,0,0,1
2,0,0,0,2
1,0,0,0,1
1,0,0,0,1
1,0,0,0,1
1,0,0,0,1
1,0,0,0,1
1,0,0,0,1
2,0,0,0,2
1,0,0,0,1
1,0,0,0,1
1,0,0,0,1
1,0,0,0,1
1,0,0,0,1
1,0,0,0,1
1,0,0,0,1
1,0,0,0,1
1,0,0,0,1
1,0,0,0,1
1,0,0,0,1
1,0,0,0,1
1,0,0,0,1
1,0,0,0,1
3,0,0,0,3
1,0,0,0,1
1,0,0,0,1
1,0,0,0,1
1,0,0,0,1
1,0,0,0,1
2,0,0,0,2
1,0,0,0,1
1,0,0,0,1
1,0,0,0,1
1,0,0,0,1
1,0,0,0,1
1,0,0,0,1
1,0,0,0,1
1,0,0,0,1
1,0,0,0,1
1,0,0,0,1
1,0,0,0,1
1,0,0,0,1
2,0,0,0,2
1,0,0,0,1
1,0,0,0,1
1,0,0,0,1
1,0,0,0,1
1,0,0,0,1
1,0,0,0,1
1,0,0,0,1
1,0,0,0,1
1,0,0,0,1
1,0,0,0,1
3,0,0,0,3
1,0,0,0,1
1,0,0,0,1
1,0,0,0,1
1,0,0,0,1
1,0,0,0,1
1,0,0,0,1
1,0,0,0,1
1,0,0,0,1
1,0,0,0,1
2,0,0,0,2
1,0,0,0,1
4,0,0,0,4
1,0,0,0,1
1,0,0,0,1
2,0,0,0,2
1,0,0,0,1
1,10,0,0,11
1,0,0,0,1
1,0,0,0,1
1,0,0,0,1
1,0,0,0,1
2,0,0,0,2
1,0,0,0,1
1,0,0,0,1
1,0,0,0,1
1,0,0,0,1
1,0,0,0,1
1,0,0,0,1
1,0,0,0,1
1,0,0,0,1
1,0,0,0,1
1,0,0,0,1
1,0,0,0,1
1,0,0,0,1
1,0,0,0,1
1,0,0,0,1
1,0,0,0,1
1,6,0,0,7
1,0,0,0,1
1,0,0,0,1
1,0,0,0,1
1,0,0,0,1
1,0,0,0,1
1,0,0,0,1
1,0,0,0,1
1,0,0,0,1
2,0,0,0,2
1,0,1,0,2
1,0,0,0,1
1,0,0,0,1
1,0,0,0,1
1,0,0,0,1
1,0,0,0,1
1,0,0,0,1
1,0,0,0,1
1,0,0,0,1
1,0,0,0,1
1,0,0,0,1
1,0,0,0,1
2,0,0,0,2
1,0,0,0,1
1,0,0,0,1
1,0,0,0,1
4,0,0,0,4
1,5,0,0,6
1,0,0,0,1
1,0,0,0,1
1,0,0,0,1
1,0,0,0,1
2,0,0,0,2
2,0,0,0,2
1,0,0,0,1
1,0,0,0,1
1,0,0,0,1
1,0,0,0,1
1,0,0,0,1
1,0,0,0,1
1,0,0,0,1
1,0,0,0,1
1,0,0,0,1
1,0,0,0,1
1,0,0,0,1
1,0,0,0,1
1,0,0,0,1
1,0,0,0,1
1,0,0,0,1
1,0,0,0,1
1,0,0,0,1
1,0,0,0,1
1,0,0,0,1
1,0,0,0,1
1,0,0,0,1
1,0,0,0,1
1,0,0,0,1
1,0,0,0,1
1,0,0,0,1
1,0,0,0,1
1,0,0,0,1
2,0,0,0,2
1,0,0,0,1
1,0,0,0,1
1,0,0,0,1
1,0,0,0,1
1,0,0,0,1
1,0,0,0,1
1,0,0,0,1
1,0,0,0,1
1,0,0,0,1
1,4,0,0,5
1,0,0,0,1
1,0,0,0,1
1,0,0,0,1
1,0,0,0,1
1,0,0,0,1
1,0,0,0,1
2,0,0,0,2
1,0,0,0,1
1,0,0,0,1
1,0,0,0,1
1,0,0,0,1
1,0,0,0,1
1,0,0,0,1
1,0,0,0,1
1,0,0,0,1
1,0,0,0,1
1,2,0,0,3
1,0,0,0,1
3,1,0,0,4
1,0,0,0,1
1,0,0,0,1
2,0,0,0,2
1,0,0,0,1
1,0,0,0,1
1,0,0,0,1
1,0,0,0,1
1,0,0,0,1
1,0,0,0,1
1,0,0,0,1
1,0,0,0,1
2,0,0,0,2
2,0,0,0,2
2,0,0,0,2
1,3,0,0,4
1,1,0,0,2
1,20,0,0,21
1,0,0,0,1
1,0,0,0,1
1,0,0,0,1
1,0,0,0,1
1,0,0,0,1
2,0,0,0,2
1,0,0,0,1
1,0,0,0,1
1,0,0,0,1
1,0,0,0,1
1,0,0,0,1
3,0,0,0,3
1,0,0,0,1
1,0,0,0,1
1,0,0,0,1
1,0,0,0,1
1,0,0,0,1
1,0,0,0,1
2,0,0,0,2
1,0,0,0,1
1,0,0,0,1
4,0,0,0,4
1,0,0,0,1
2,0,0,0,2
1,0,0,0,1
1,0,0,0,1
2,0,0,0,2
1,0,0,0,1
1,2,1,0,4
1,0,0,0,1
1,0,0,0,1
1,0,0,0,1
1,0,0,0,1
1,0,0,0,1
1,0,0,0,1
1,0,0,0,1
1,0,0,0,1
1,0,0,0,1
1,0,0,0,1
1,0,0,0,1
1,0,0,0,1
1,0,0,0,1
1,0,0,0,1
1,0,0,0,1
1,0,0,0,1
1,0,0,0,1
1,0,0,0,1
1,0,0,0,1
1,0,0,0,1
1,0,0,0,1
1,0,0,0,1
1,0,0,0,1
1,0,0,0,1
1,0,0,0,1
1,0,0,0,1
1,0,0,0,1
1,0,0,0,1
1,0,0,0,1
1,0,0,0,1
1,0,0,0,1
1,0,0,0,1
1,0,0,0,1
1,0,0,0,1
1,0,0,0,1
1,0,0,0,1
2,0,0,0,2
1,0,0,0,1
1,0,0,0,1
1,0,0,0,1
3,0,0,0,3
2,0,0,0,2
1,0,0,0,1
1,0,0,0,1
1,0,0,0,1
1,0,0,0,1
1,0,0,0,1
1,0,0,0,1
2,0,0,0,2
3,2,0,0,5
1,0,0,0,1
1,0,0,0,1
2,0,0,0,2
1,9,0,0,10
1,0,0,0,1
1,0,0,0,1
1,0,0,0,1
1,0,0,0,1
1,0,0,0,1
1,0,0,0,1
1,0,0,0,1
1,0,0,0,1
1,0,0,0,1
1,0,0,0,1
1,0,0,0,1
1,0,0,0,1
1,2,0,0,3
1,0,0,0,1
1,0,0,0,1
1,0,0,0,1
2,0,0,0,2
1,0,0,0,1
1,0,0,0,1
1,0,0,0,1
2,0,0,0,2
1,0,0,0,1
1,0,0,0,1
1,0,0,0,1
1,0,0,0,1
1,0,0,0,1
1,0,0,0,1
1,0,0,0,1
1,0,0,0,1
1,0,0,0,1
2,0,0,0,2
1,0,0,0,1
1,0,0,0,1
1,0,0,0,1
1,0,0,0,1
1,0,0,0,1
1,0,0,0,1
1,0,0,0,1
1,0,0,0,1
1,0,0,0,1
1,0,0,0,1
1,0,0,0,1
1,0,0,0,1
1,0,0,0,1
2,0,0,0,2
1,0,0,0,1
1,0,0,0,1
1,0,0,0,1
1,0,0,0,1
2,0,0,0,2
1,0,0,0,1
1,0,0,0,1
1,0,0,0,1
1,0,0,0,1
1,0,0,0,1
1,0,0,0,1
1,0,0,0,1
1,0,0,0,1
2,0,0,0,2
1,0,0,0,1
1,0,0,0,1
1,0,0,0,1
1,5,1,0,7
2,0,0,0,2
1,0,0,0,1
1,0,0,0,1
1,0,0,0,1
1,0,0,0,1
1,0,0,0,1
1,0,0,0,1
1,0,0,0,1
2,0,0,0,2
1,0,0,0,1
1,0,0,0,1
1,0,0,0,1
1,0,0,0,1
1,0,0,0,1
1,0,0,0,1
1,0,0,0,1
1,0,0,0,1
1,0,0,0,1
1,0,0,0,1
1,0,0,0,1
1,0,0,0,1
1,0,0,0,1
1,0,0,0,1
1,0,0,0,1
3,0,0,0,3
1,0,0,0,1
1,0,0,0,1
1,0,0,0,1
1,0,0,0,1
1,0,0,0,1
1,0,0,0,1
1,0,0,0,1
1,0,0,0,1
1,0,0,0,1
1,0,0,0,1
1,0,0,0,1
1,0,0,0,1
1,0,0,0,1
1,0,0,0,1
1,0,0,0,1
2,0,0,0,2
1,0,0,0,1
2,0,0,0,2
1,0,0,0,1
3,0,0,0,3
1,0,0,0,1
1,0,0,0,1
1,0,0,0,1
1,0,0,0,1
1,0,0,0,1
2,0,0,0,2
1,0,0,0,1
1,0,0,0,1
1,0,0,0,1
1,0,0,0,1
1,0,0,0,1
1,0,0,0,1
1,0,0,0,1
1,0,0,0,1
1,0,0,0,1
1,0,0,0,1
1,0,0,0,1
1,0,0,0,1
1,0,0,0,1
1,0,0,0,1
1,0,0,0,1
1,0,0,0,1
1,0,0,0,1
1,0,0,0,1
1,0,0,0,1
1,0,0,0,1
1,0,0,0,1
1,0,0,0,1
1,0,0,0,1
1,0,0,0,1
1,0,0,0,1
1,0,0,0,1
1,0,0,0,1
1,0,0,0,1
2,0,0,0,2
1,0,0,0,1
1,0,0,0,1
1,0,0,0,1
1,0,0,0,1
1,0,0,0,1
1,0,0,0,1
1,0,0,0,1
1,0,0,0,1
1,0,0,0,1
1,2,0,0,3
1,0,0,0,1
2,0,0,0,2
1,0,0,0,1
1,0,0,0,1
1,0,0,0,1
1,0,0,0,1
1,0,0,0,1
1,0,0,0,1
1,0,0,0,1
1,0,0,0,1
1,0,0,0,1
1,0,0,0,1
1,0,0,0,1
1,0,0,0,1
1,0,0,0,1
1,0,0,0,1
1,0,0,0,1
1,0,0,0,1
2,1,0,0,3
1,0,0,0,1
1,0,0,0,1
1,0,0,0,1
1,0,0,0,1
2,0,0,0,2
1,0,0,0,1
2,0,0,0,2
1,0,0,0,1
1,0,0,0,1
1,0,0,0,1
1,0,0,0,1
1,0,0,0,1
1,0,0,0,1
1,0,0,0,1
1,0,0,0,1
1,0,0,0,1
1,0,0,0,1
1,0,0,0,1
1,0,0,0,1
1,0,0,0,1
1,0,0,0,1
1,0,0,0,1
1,0,0,0,1
1,0,0,0,1
1,0,0,0,1
1,0,0,0,1
1,0,0,0,1
1,0,0,0,1
1,0,0,0,1
1,0,0,0,1
1,0,0,0,1
1,0,0,0,1
1,0,0,0,1
1,0,0,0,1
1,0,0,0,1
1,4,0,0,5
1,0,0,0,1
1,0,0,0,1
1,0,0,0,1
1,0,0,0,1
1,0,0,0,1
1,0,0,0,1
1,0,0,0,1
1,0,0,0,1
2,0,0,0,2
1,0,0,0,1
1,0,0,0,1
1,0,0,0,1
1,0,0,0,1
1,0,0,0,1
1,0,0,0,1
1,0,0,0,1
1,0,0,0,1
1,0,0,0,1
1,0,0,0,1
1,0,0,0,1
1,0,0,0,1
1,0,0,0,1
1,0,0,0,1
1,0,0,0,1
1,0,0,0,1
1,0,0,0,1
1,0,0,0,1
1,0,0,0,1
1,0,0,0,1
1,0,0,0,1
1,0,0,0,1
1,0,0,0,1
1,0,0,0,1
1,0,0,0,1
1,0,0,0,1
1,0,0,0,1
1,0,0,0,1
1,0,0,0,1
1,0,0,0,1
1,0,0,0,1
1,0,0,0,1
1,0,0,0,1
1,0,0,0,1
1,0,0,0,1
1,0,0,0,1
1,0,0,0,1
1,0,0,0,1
1,0,0,0,1
1,0,0,0,1
1,0,0,0,1
1,0,0,0,1
1,0,0,0,1
1,0,0,0,1
1,0,0,0,1
1,0,0,0,1
1,0,0,0,1
1,0,0,0,1
1,0,0,0,1
1,17,0,0,18
1,0,0,0,1
1,0,0,0,1
1,0,0,0,1
1,0,0,0,1
1,0,0,0,1
1,0,0,0,1
1,0,0,0,1
1,0,0,0,1
1,0,0,0,1
1,0,0,0,1
1,0,0,0,1
2,0,0,0,2
1,0,0,0,1
2,0,0,0,2
1,0,0,0,1
2,0,0,0,2
1,0,0,0,1
2,0,0,0,2
1,0,0,0,1
1,0,0,0,1
1,0,0,0,1
1,0,0,0,1
1,0,0,0,1
1,0,0,0,1
1,0,0,0,1
1,0,0,0,1
2,0,0,0,2
1,0,0,0,1
1,0,0,0,1
1,0,0,0,1
1,0,0,0,1
1,0,0,0,1
1,0,0,0,1
1,0,0,0,1
1,0,0,0,1
1,0,0,0,1
1,0,0,0,1
2,0,0,0,2
1,0,0,0,1
2,0,0,0,2
1,0,0,0,1
1,0,0,0,1
1,0,0,0,1
1,0,0,0,1
2,0,0,0,2
1,0,0,0,1
1,0,0,0,1
1,0,0,0,1
1,0,0,0,1
1,0,0,0,1
1,0,0,0,1
1,0,0,0,1
1,0,0,0,1
1,0,0,0,1
1,0,0,0,1
1,0,0,0,1
1,0,0,0,1
1,0,0,0,1
1,0,0,0,1
1,0,0,0,1
1,0,0,0,1
1,0,0,0,1
1,0,0,0,1
1,0,0,0,1
1,0,0,0,1
1,0,0,0,1
2,2,0,0,4
1,0,0,0,1
1,0,0,0,1
1,0,0,0,1
1,0,0,0,1
1,0,0,0,1
1,0,0,0,1
1,0,0,0,1
1,0,0,0,1
1,0,0,0,1
1,0,0,0,1
1,0,0,0,1
1,0,0,0,1
2,0,0,0,2
1,0,0,0,1
2,0,0,0,2
2,0,0,0,2
1,0,0,0,1
1,0,0,0,1
2,0,0,0,2
1,0,0,0,1
1,0,0,0,1
1,0,0,0,1
1,0,0,0,1
1,0,0,0,1
1,0,0,0,1
1,0,0,0,1
3,0,0,0,3
1,0,0,0,1
1,0,0,0,1
1,0,0,0,1
1,0,0,0,1
1,0,0,0,1
1,0,0,0,1
1,0,0,0,1
1,0,0,0,1
1,0,0,0,1
1,0,0,0,1
1,0,0,0,1
1,0,0,0,1
1,0,0,0,1
2,0,0,0,2
1,0,0,0,1
1,0,0,0,1
1,0,0,0,1
1,0,0,0,1
1,0,0,0,1
1,0,0,0,1
2,0,0,0,2
1,0,0,0,1
1,0,0,0,1
1,0,0,0,1
1,0,0,0,1
2,0,0,0,2
1,0,0,0,1
1,0,0,0,1
1,0,0,0,1
1,0,0,0,1
1,0,0,0,1
1,0,0,0,1
1,0,0,0,1
1,0,0,0,1
1,0,0,0,1
1,0,0,0,1
1,0,0,0,1
2,0,0,0,2
1,0,0,0,1
3,0,0,0,3
1,0,0,0,1
1,0,0,0,1
2,0,0,0,2
1,0,0,0,1
1,0,0,0,1
1,0,0,0,1
1,0,0,0,1
1,0,0,0,1
1,48,0,0,49
1,0,0,0,1
1,0,0,0,1
2,0,0,0,2
1,0,0,0,1
1,0,0,0,1
1,0,0,0,1
1,0,0,0,1
3,0,0,0,3
1,0,0,0,1
1,0,0,0,1
1,0,0,0,1
1,0,0,0,1
1,0,0,0,1
2,0,0,0,2
1,0,0,0,1
1,0,0,0,1
1,0,0,0,1
1,0,0,0,1
1,0,0,0,1
5,1,0,0,6
2,0,0,0,2
1,0,0,0,1
1,0,0,0,1
1,0,0,0,1
1,0,0,0,1
1,0,0,0,1
2,0,0,0,2
1,0,0,0,1
1,0,0,0,1
1,0,0,0,1
1,0,0,0,1
1,0,0,0,1
1,0,0,0,1
1,2,0,0,3
1,0,0,0,1
1,0,0,0,1
1,0,0,0,1
1,0,0,0,1
1,0,0,0,1
1,0,0,0,1
1,0,0,0,1
1,0,0,0,1
1,0,0,0,1
1,0,0,0,1
1,0,0,0,1
1,0,0,0,1
1,0,0,0,1
2,0,0,0,2
1,0,0,0,1
1,0,0,0,1
2,0,0,0,2
1,0,0,0,1
2,0,0,0,2
1,0,0,0,1
1,0,0,0,1
1,0,0,0,1
1,0,0,0,1
2,0,0,0,2
1,0,0,0,1
1,0,0,0,1
1,0,0,0,1
1,5,0,0,6
1,0,0,0,1
1,0,0,0,1
1,0,0,0,1
1,0,0,0,1
1,0,0,0,1
1,0,0,0,1
1,0,0,0,1
1,0,0,0,1
1,0,0,0,1
1,0,0,0,1
1,0,0,0,1
1,0,0,0,1
1,0,0,0,1
1,0,0,0,1
1,0,0,0,1
1,0,0,0,1
1,0,0,0,1
1,0,0,0,1
1,0,0,0,1
1,0,0,0,1
1,0,0,0,1
1,0,0,0,1
1,0,0,0,1
1,0,0,0,1
1,0,0,0,1
1,0,0,0,1
1,0,0,0,1
1,0,0,0,1
2,0,0,0,2
1,0,0,0,1
1,0,0,0,1
1,0,0,0,1
1,0,0,0,1
1,0,0,0,1
1,0,0,0,1
1,0,0,0,1
1,0,0,0,1
1,0,0,0,1
1,0,0,0,1
1,0,0,0,1
1,0,0,0,1
1,0,0,0,1
1,0,0,0,1
1,0,0,0,1
1,0,0,0,1
1,0,0,0,1
1,0,0,0,1
1,0,0,0,1
1,0,0,0,1
1,0,0,0,1
1,0,0,0,1
1,0,0,0,1
1,1,0,0,2
1,0,0,0,1
1,0,0,0,1
1,0,0,0,1
2,0,0,0,2
1,0,0,0,1
1,0,0,0,1
1,0,0,0,1
1,0,0,0,1
1,0,0,0,1
1,0,0,0,1
2,0,0,0,2
1,0,0,0,1
1,0,0,0,1
1,0,0,0,1
1,2,1,0,4
1,0,0,0,1
1,0,0,0,1
1,0,0,0,1
1,0,0,0,1
1,0,0,0,1
2,0,0,0,2
1,0,0,0,1
1,0,0,0,1
1,0,0,0,1
1,0,0,0,1
1,0,0,0,1
1,0,0,0,1
1,0,0,0,1
1,0,0,0,1
1,0,0,0,1
1,0,0,0,1
3,0,0,0,3
1,0,0,0,1
1,0,0,0,1
1,0,0,0,1
1,0,0,0,1
1,0,0,0,1
1,0,0,0,1
1,0,0,0,1
1,0,0,0,1
1,0,0,0,1
2,19,0,0,21
1,0,0,0,1
1,0,0,0,1
1,0,0,0,1
2,0,0,0,2
1,0,0,0,1
3,0,0,0,3
1,0,0,0,1
1,0,0,0,1
1,0,0,0,1
1,0,0,0,1
1,0,0,0,1
1,0,0,0,1
1,0,0,0,1
2,0,0,0,2
2,0,0,0,2
1,0,0,0,1
1,0,0,0,1
1,0,0,0,1
1,0,0,0,1
1,0,0,0,1
1,0,0,0,1
1,0,0,0,1
1,0,0,0,1
1,0,0,0,1
1,0,0,0,1
1,0,0,0,1
1,0,0,0,1
1,0,0,0,1
1,0,0,0,1
1,0,0,0,1
1,1,2,0,4
1,0,0,0,1
1,0,0,0,1
1,0,0,0,1
1,0,0,0,1
1,0,0,0,1
1,0,0,0,1
1,0,0,0,1
1,0,0,0,1
1,0,0,0,1
1,0,0,0,1
1,0,0,0,1
1,0,0,0,1
1,0,0,0,1
1,0,0,0,1
1,0,0,0,1
2,0,0,0,2
1,0,0,0,1
1,0,0,0,1
1,0,0,0,1
1,0,0,0,1
1,0,0,0,1
1,0,0,0,1
1,0,0,0,1
1,0,1,0,2
3,0,0,0,3
1,0,0,0,1
1,0,0,0,1
1,0,0,0,1
1,0,0,0,1
2,0,0,0,2
4,0,0,0,4
1,0,0,0,1
1,0,0,0,1
1,0,0,0,1
1,0,0,0,1
1,0,0,0,1
1,0,0,0,1
1,0,0,0,1
1,0,0,0,1
2,0,0,0,2
1,0,0,0,1
1,0,0,0,1
1,0,0,0,1
1,0,0,0,1
2,0,0,0,2
1,0,0,0,1
1,0,0,0,1
1,0,0,0,1
1,0,0,0,1
1,0,0,0,1
3,0,0,0,3
1,0,0,0,1
1,0,0,0,1
1,0,0,0,1
1,0,0,0,1
1,0,0,0,1
1,0,0,0,1
1,0,0,0,1
1,0,0,0,1
1,0,0,0,1
1,0,0,0,1
1,6,0,0,7
1,0,0,0,1
1,0,0,0,1
1,0,0,0,1
2,0,0,0,2
1,0,0,0,1
2,0,0,0,2
1,0,0,0,1
1,0,0,0,1
1,0,0,0,1
2,0,0,0,2
2,0,0,0,2
1,0,0,0,1
1,0,0,0,1
1,0,0,0,1
1,5,0,0,6
1,0,0,0,1
1,0,0,0,1
1,0,0,0,1
1,0,0,0,1
1,0,0,0,1
1,0,0,0,1
1,0,0,0,1
1,0,0,0,1
1,0,0,0,1
1,0,0,0,1
1,0,0,0,1
1,0,0,0,1
1,0,0,0,1
1,0,0,0,1
1,0,0,0,1
1,0,0,0,1
1,0,0,0,1
1,0,0,0,1
1,0,0,0,1
1,0,0,0,1
1,0,0,0,1
1,0,0,0,1
1,0,0,0,1
1,0,0,0,1
1,0,0,0,1
1,0,0,0,1
2,0,0,0,2
1,0,0,0,1
1,0,0,0,1
2,0,0,0,2
1,0,0,0,1
1,0,0,0,1
1,0,0,0,1
2,0,0,0,2
1,0,0,0,1
1,0,0,0,1
1,0,0,0,1
1,0,0,0,1
1,0,0,0,1
1,0,0,0,1
1,0,0,0,1
1,0,0,0,1
1,0,0,0,1
1,0,0,0,1
1,0,0,0,1
1,0,0,0,1
1,0,0,0,1
1,0,0,0,1
3,0,0,0,3
1,0,0,0,1
1,0,0,0,1
1,0,0,0,1
1,0,0,0,1
1,0,0,0,1
1,0,0,0,1
1,13,0,0,14
1,0,0,0,1
2,0,0,0,2
2,0,0,0,2
1,0,0,0,1
1,0,0,0,1
1,0,0,0,1
1,0,0,0,1
1,0,0,0,1
1,0,0,0,1
1,0,0,0,1
1,0,0,0,1
1,0,0,0,1
1,0,0,0,1
1,0,0,0,1
1,5,2,0,8
1,0,0,0,1
1,0,0,0,1
1,0,0,0,1
2,0,0,0,2
1,0,0,0,1
1,0,0,0,1
1,0,0,0,1
1,0,0,0,1
1,0,0,0,1
1,0,0,0,1
1,0,0,0,1
1,0,0,0,1
1,0,0,0,1
1,0,0,0,1
1,0,0,0,1
1,0,0,0,1
1,0,0,0,1
1,0,0,0,1
1,0,0,0,1
3,0,0,0,3
1,0,0,0,1
1,0,0,0,1
1,0,0,0,1
1,0,0,0,1
1,0,0,0,1
1,0,0,0,1
1,0,0,0,1
1,0,0,0,1
2,0,0,0,2
1,0,0,0,1
1,0,0,0,1
1,0,0,0,1
1,0,0,0,1
1,0,0,0,1
1,0,0,0,1
1,0,0,0,1
1,0,0,0,1
1,0,0,0,1
1,0,0,0,1
1,0,0,0,1
2,0,0,0,2
2,0,0,0,2
1,0,0,0,1
1,2,0,0,3
1,0,0,0,1
1,0,0,0,1
1,0,0,0,1
1,0,0,0,1
1,0,0,0,1
1,0,0,0,1
1,0,0,0,1
1,0,0,0,1
1,0,0,0,1
1,0,0,0,1
1,0,0,0,1
1,0,0,0,1
1,0,0,0,1
1,0,0,0,1
1,0,0,0,1
1,0,0,0,1
1,0,0,0,1
1,0,0,0,1
1,0,0,0,1
1,0,0,0,1
1,0,0,0,1
1,0,0,0,1
1,0,0,0,1
2,0,0,0,2
1,0,0,0,1
1,0,0,0,1
1,0,0,0,1
1,0,0,0,1
1,0,0,0,1
1,0,0,0,1
1,0,0,0,1
2,0,0,0,2
1,0,0,0,1
1,0,0,0,1
3,0,0,0,3
1,0,0,0,1
1,0,0,0,1
1,0,0,0,1
1,0,0,0,1
2,0,0,0,2
1,0,0,0,1
1,0,0,0,1
1,0,0,0,1
1,0,0,0,1
1,0,0,0,1
1,0,0,0,1
1,0,0,0,1
1,0,0,0,1
1,0,0,0,1
1,0,0,0,1
1,0,0,0,1
2,0,0,0,2
1,0,0,0,1
1,0,0,0,1
1,0,0,0,1
1,0,0,0,1
1,0,0,0,1
1,0,0,0,1
1,0,0,0,1
1,0,0,0,1
1,0,0,0,1
1,0,0,0,1
1,0,0,0,1
1,0,0,0,1
1,0,0,0,1
1,0,0,0,1
1,0,0,0,1
1,0,0,0,1
1,0,0,0,1
1,0,0,0,1
1,2,0,0,3
1,0,0,0,1
1,0,0,0,1
1,0,0,0,1
1,0,0,0,1
1,0,0,0,1
1,0,0,0,1
1,0,0,0,1
1,0,0,0,1
1,0,0,0,1
1,0,0,0,1
1,0,0,0,1
1,0,0,0,1
1,0,0,0,1
1,0,0,0,1
1,0,0,0,1
1,0,0,0,1
1,0,0,0,1
2,0,0,0,2
1,0,0,0,1
1,0,0,0,1
1,0,0,0,1
1,0,0,0,1
1,0,0,0,1
1,0,0,0,1
2,0,0,0,2
1,0,0,0,1
1,0,0,0,1
1,0,0,0,1
1,1,3,0,5
1,0,0,0,1
1,0,0,0,1
1,0,0,0,1
1,0,0,0,1
1,0,0,0,1
1,0,0,0,1
1,0,0,0,1
1,0,0,0,1
1,0,0,0,1
1,0,0,0,1
1,0,0,0,1
1,0,0,0,1
1,0,0,0,1
1,0,0,0,1
1,0,0,0,1
1,0,0,0,1
1,0,0,0,1
1,0,0,0,1
1,0,0,0,1
1,0,0,0,1
1,0,0,0,1
1,0,0,0,1
1,0,0,0,1
1,0,0,0,1
1,0,0,0,1
1,0,0,0,1
2,0,0,0,2
1,0,0,0,1
1,0,0,0,1
1,0,0,0,1
1,0,0,0,1
1,0,0,0,1
1,0,0,0,1
1,1,0,0,2
1,0,0,0,1
1,0,0,0,1
1,0,0,0,1
1,0,0,0,1
1,0,0,0,1
1,0,0,0,1
1,0,0,0,1
1,0,0,0,1
1,0,0,0,1
1,0,0,0,1
1,0,0,0,1
1,0,0,0,1
2,0,0,0,2
1,0,0,0,1
1,0,0,0,1
1,0,0,0,1
1,0,0,0,1
1,0,0,0,1
1,0,0,0,1
1,0,0,0,1
1,0,0,0,1
1,0,0,0,1
1,0,0,0,1
1,0,0,0,1
1,0,0,0,1
1,0,0,0,1
1,0,0,0,1
1,0,0,0,1
1,0,0,0,1
2,0,0,0,2
1,0,0,0,1
1,0,0,0,1
1,0,0,0,1
1,0,0,0,1
1,0,0,0,1
1,0,0,0,1
1,0,0,0,1
1,0,0,0,1
2,0,0,0,2
1,0,0,0,1
2,0,0,0,2
1,0,0,0,1
1,0,0,0,1
1,0,0,0,1
2,0,0,0,2
1,0,0,0,1
1,0,0,0,1
1,0,0,0,1
1,0,0,0,1
1,0,0,0,1
1,0,0,0,1
1,0,0,0,1
2,0,0,0,2
1,0,0,0,1
1,0,0,0,1
1,0,0,0,1
1,0,0,0,1
1,0,0,0,1
1,0,0,0,1
1,0,0,0,1
1,0,0,0,1
1,0,0,0,1
1,0,0,0,1
1,0,0,0,1
1,0,0,0,1
2,0,0,0,2
1,0,0,0,1
1,0,0,0,1
1,0,0,0,1
1,0,0,0,1
1,0,0,0,1
1,0,0,0,1
1,0,0,0,1
1,0,0,0,1
1,0,0,0,1
1,0,0,0,1
1,0,0,0,1
1,0,0,0,1
1,0,0,0,1
1,0,0,0,1
3,0,0,0,3
1,0,0,0,1
2,0,0,0,2
1,0,0,0,1
1,0,0,0,1
1,0,0,0,1
1,0,0,0,1
1,1,0,0,2
1,0,0,0,1
2,0,0,0,2
1,0,0,0,1
1,0,0,0,1
1,0,0,0,1
1,0,0,0,1
2,0,0,0,2
1,0,0,0,1
1,0,0,0,1
1,0,0,0,1
1,0,0,0,1
1,0,0,0,1
1,0,0,0,1
1,0,0,0,1
1,0,0,0,1
1,0,0,0,1
1,0,0,0,1
1,0,0,0,1
1,0,0,0,1
1,0,0,0,1
1,0,0,0,1
1,0,0,0,1
1,0,0,0,1
1,0,0,0,1
1,0,0,0,1
1,0,0,0,1
1,0,0,0,1
1,0,0,0,1
1,0,0,0,1
1,0,0,0,1
1,0,0,0,1
1,0,0,0,1
1,0,0,0,1
1,0,0,0,1
1,0,0,0,1
1,0,0,0,1
1,0,0,0,1
1,0,0,0,1
1,0,0,0,1
1,0,0,0,1
1,0,0,0,1
1,0,0,0,1
1,0,0,0,1
1,0,0,0,1
1,0,0,0,1
1,0,0,0,1
1,0,0,0,1
1,0,0,0,1
1,0,0,0,1
1,0,0,0,1
1,0,0,0,1
1,0,0,0,1
1,0,0,0,1
1,5,0,0,6
1,0,0,0,1
1,0,0,0,1
1,0,0,0,1
1,0,0,0,1
2,0,0,0,2
2,0,0,0,2
1,0,0,0,1
1,0,0,0,1
1,1,0,0,2
1,0,0,0,1
1,0,0,0,1
1,0,0,0,1
1,0,0,0,1
4,0,0,0,4
1,0,0,0,1
1,0,0,0,1
1,0,0,0,1
1,0,0,0,1
1,0,0,0,1
1,0,0,0,1
1,0,0,0,1
2,0,0,0,2
1,0,0,0,1
1,0,0,0,1
1,0,0,0,1
1,0,0,0,1
1,0,0,0,1
1,0,0,0,1
1,0,0,0,1
1,0,0,0,1
1,0,0,0,1
1,0,0,0,1
1,0,0,0,1
1,0,0,0,1
1,0,0,0,1
1,0,0,0,1
1,0,0,0,1
1,0,0,0,1
1,0,0,0,1
1,0,0,0,1
1,0,0,0,1
1,0,0,0,1
1,0,0,0,1
1,0,0,0,1
1,2,0,0,3
1,0,0,0,1
1,0,0,0,1
1,0,0,0,1
1,0,0,0,1
1,0,0,0,1
1,0,0,0,1
1,0,0,0,1
1,0,0,0,1
1,0,0,0,1
1,0,0,0,1
2,22,0,0,24
1,0,0,0,1
1,0,0,0,1
1,0,0,0,1
1,0,0,0,1
1,0,0,0,1
1,0,0,0,1
1,0,0,0,1
1,0,0,0,1
2,0,0,0,2
1,0,0,0,1
3,0,0,0,3
1,0,0,0,1
1,0,0,0,1
1,0,0,0,1
1,0,0,0,1
1,0,0,0,1
1,0,0,0,1
2,0,0,0,2
2,0,0,0,2
1,0,0,0,1
1,0,0,0,1
1,0,0,0,1
3,0,0,0,3
1,0,0,0,1
1,0,0,0,1
1,0,0,0,1
1,0,0,0,1
1,0,0,0,1
1,0,0,0,1
2,0,0,0,2
1,1,0,0,2
1,0,0,0,1
2,0,0,0,2
1,0,0,0,1
1,0,0,0,1
1,0,0,0,1
1,0,0,0,1
1,0,0,0,1
1,0,0,0,1
1,0,0,0,1
1,0,0,0,1
1,0,0,0,1
1,0,0,0,1
1,0,0,0,1
1,0,0,0,1
1,0,0,0,1
1,0,0,0,1
2,0,0,0,2
1,0,0,0,1
1,0,0,0,1
1,0,0,0,1
1,0,0,0,1
1,0,0,0,1
1,0,0,0,1
1,0,0,0,1
1,0,0,0,1
1,0,0,0,1
1,0,0,0,1
1,0,0,0,1
1,0,0,0,1
1,0,0,0,1
1,0,0,0,1
1,0,0,0,1
1,0,0,0,1
1,0,0,0,1
1,0,0,0,1
1,0,0,0,1
1,0,0,0,1
1,0,0,0,1
1,16,0,0,17
1,0,0,0,1
2,0,0,0,2
1,0,0,0,1
1,0,0,0,1
3,0,0,0,3
1,0,0,0,1
1,0,0,0,1
1,0,0,0,1
1,0,0,0,1
1,0,0,0,1
1,0,0,0,1
2,0,0,0,2
1,0,0,0,1
1,0,0,0,1
1,0,0,0,1
1,0,0,0,1
1,0,0,0,1
1,0,0,0,1
1,0,0,0,1
1,0,0,0,1
1,0,0,0,1
1,0,0,0,1
1,0,0,0,1
2,0,0,0,2
2,0,0,0,2
1,0,0,0,1
1,0,0,0,1
1,0,0,0,1
1,0,0,0,1
1,0,0,0,1
1,0,0,0,1
1,0,0,0,1
1,0,0,0,1
1,0,0,0,1
1,0,0,0,1
1,0,0,0,1
1,0,0,0,1
1,0,0,0,1
1,0,0,0,1
1,0,0,0,1
1,8,0,0,9
1,0,0,0,1
1,0,0,0,1
1,0,0,0,1
1,0,0,0,1
1,0,0,0,1
1,0,0,0,1
1,0,0,0,1
1,0,0,0,1
1,0,0,0,1
2,0,0,0,2
1,0,0,0,1
1,0,0,0,1
1,0,0,0,1
2,0,0,0,2
1,0,0,0,1
1,0,0,0,1
2,0,0,0,2
1,0,0,0,1
2,0,0,0,2
1,0,0,0,1
2,0,0,0,2
1,1,0,0,2
1,2,1,0,4
1,0,0,0,1
1,0,0,0,1
1,0,0,0,1
1,0,0,0,1
1,0,0,0,1
1,0,0,0,1
1,0,0,0,1
1,0,0,0,1
1,0,0,0,1
1,0,0,0,1
1,0,0,0,1
1,0,0,0,1
1,0,0,0,1
1,0,0,0,1
1,0,0,0,1
1,0,0,0,1
2,0,0,0,2
1,0,0,0,1
1,0,0,0,1
1,0,0,0,1
1,0,0,0,1
1,0,0,0,1
1,0,0,0,1
1,0,0,0,1
1,0,0,0,1
1,0,0,0,1
1,0,0,0,1
1,0,0,0,1
1,0,0,0,1
1,0,0,0,1
1,0,0,0,1
1,592,0,0,593
1,0,0,0,1
1,0,0,0,1
1,0,0,0,1
1,0,0,0,1
1,0,0,0,1
1,0,0,0,1
1,0,0,0,1
1,0,0,0,1
1,0,0,0,1
2,2,0,0,4
1,0,0,0,1
1,0,0,0,1
1,0,0,0,1
1,0,0,0,1
1,0,0,0,1
2,0,0,0,2
1,0,0,0,1
1,0,0,0,1
1,0,0,0,1
1,0,0,0,1
1,0,0,0,1
2,0,0,0,2
2,0,0,0,2
1,0,0,0,1
1,0,0,0,1
1,0,0,0,1
1,0,0,0,1
2,0,0,0,2
1,0,0,0,1
1,0,0,0,1
1,0,0,0,1
1,0,0,0,1
1,0,0,0,1
1,0,0,0,1
1,0,0,0,1
1,0,0,0,1
2,0,0,0,2
1,0,0,0,1
1,0,0,0,1
1,0,0,0,1
2,0,0,0,2
1,0,0,0,1
1,0,0,0,1
1,0,0,0,1
1,0,0,0,1
1,0,0,0,1
1,0,0,0,1
1,0,0,0,1
1,0,0,0,1
1,0,0,0,1
1,0,0,0,1
1,0,0,0,1
1,0,0,0,1
1,0,0,0,1
2,0,0,0,2
1,0,0,0,1
1,0,0,0,1
1,0,0,0,1
1,0,0,0,1
1,0,0,0,1
1,0,0,0,1
1,0,0,0,1
1,0,0,0,1
2,0,0,0,2
1,0,0,0,1
2,0,0,0,2
1,0,0,0,1
1,0,0,0,1
1,0,0,0,1
1,0,0,0,1
1,0,0,0,1
4,0,0,0,4
1,0,0,0,1
1,0,0,0,1
1,0,0,0,1
1,0,0,0,1
1,0,0,0,1
1,0,0,0,1
1,0,0,0,1
1,0,0,0,1
1,0,0,0,1
1,0,0,0,1
1,0,0,0,1
1,0,0,0,1
1,0,0,0,1
1,0,0,0,1
1,0,0,0,1
2,0,0,0,2
1,1,0,0,2
1,0,0,0,1
1,0,0,0,1
1,0,0,0,1
1,0,0,0,1
1,0,0,0,1
1,0,0,0,1
1,0,0,0,1
1,0,0,0,1
3,0,0,0,3
1,0,0,0,1
1,0,0,0,1
1,0,0,0,1
1,0,0,0,1
1,0,0,0,1
1,0,0,0,1
1,0,0,0,1
1,0,0,0,1
1,0,0,0,1
1,0,0,0,1
1,0,0,0,1
1,0,0,0,1
1,0,0,0,1
1,0,0,0,1
1,0,0,0,1
1,0,0,0,1
1,0,0,0,1
1,0,0,0,1
1,0,0,0,1
1,0,0,0,1
1,0,0,0,1
1,0,0,0,1
1,0,0,0,1
1,0,0,0,1
1,0,0,0,1
1,0,0,0,1
1,0,0,0,1
1,0,0,0,1
1,0,0,0,1
1,0,0,0,1
1,2,0,0,3
1,0,0,0,1
1,0,0,0,1
1,0,0,0,1
1,0,0,0,1
1,0,0,0,1
1,0,0,0,1
1,0,0,0,1
1,0,0,0,1
1,0,0,0,1
1,0,0,0,1
1,0,0,0,1
1,0,0,0,1
1,0,0,0,1
1,0,0,0,1
1,0,0,0,1
1,0,0,0,1
1,0,0,0,1
1,0,0,0,1
2,0,0,0,2
1,0,0,0,1
1,0,0,0,1
1,0,0,0,1
3,0,0,0,3
2,0,0,0,2
1,0,0,0,1
1,0,0,0,1
1,0,0,0,1
1,0,0,0,1
1,0,0,0,1
1,0,0,0,1
1,0,0,0,1
1,0,0,0,1
2,0,0,0,2
1,0,0,0,1
1,0,0,0,1
1,0,0,0,1
1,0,0,0,1
2,0,0,0,2
1,0,0,0,1
1,0,0,0,1
1,0,0,0,1
1,0,0,0,1
1,0,0,0,1
1,0,0,0,1
1,0,0,0,1
1,0,0,0,1
1,0,0,0,1
2,0,0,0,2
1,0,0,0,1
1,0,0,0,1
1,0,0,0,1
1,0,0,0,1
1,6,0,0,7
1,0,0,0,1
1,0,0,0,1
1,0,0,0,1
1,0,0,0,1
1,0,0,0,1
1,0,0,0,1
2,0,0,0,2
1,0,0,0,1
1,0,0,0,1
1,0,0,0,1
3,0,0,0,3
1,0,0,0,1
1,0,0,0,1
1,0,0,0,1
1,0,0,0,1
2,0,0,0,2
1,0,0,0,1
1,0,0,0,1
2,0,0,0,2
1,0,0,0,1
1,0,0,0,1
1,0,0,0,1
1,0,0,0,1
2,0,0,0,2
1,0,0,0,1
1,0,0,0,1
1,0,0,0,1
1,0,0,0,1
3,0,0,0,3
1,0,0,0,1
1,0,0,0,1
1,0,0,0,1
1,0,0,0,1
1,2,0,0,3
1,0,0,0,1
1,0,0,0,1
1,23,0,0,24
1,0,0,0,1
1,0,0,0,1
3,0,0,0,3
1,0,0,0,1
1,0,0,0,1
1,0,0,0,1
1,0,0,0,1
1,0,0,0,1
1,0,0,0,1
1,0,0,0,1
1,0,0,0,1
1,0,0,0,1
1,3,4,0,8
1,0,0,0,1
4,0,0,0,4
1,0,0,0,1
1,0,0,0,1
1,0,0,0,1
1,0,0,0,1
2,0,0,0,2
1,0,0,0,1
1,0,0,0,1
1,0,0,0,1
1,6,0,0,7
1,0,0,0,1
1,0,0,0,1
3,0,0,0,3
1,0,0,0,1
2,0,0,0,2
1,0,0,0,1
1,0,0,0,1
1,0,0,0,1
1,0,0,0,1
1,0,0,0,1
1,0,0,0,1
1,0,0,0,1
1,0,0,0,1
1,0,0,0,1
1,0,0,0,1
1,0,0,0,1
1,0,0,0,1
1,0,0,0,1
1,0,0,0,1
1,0,0,0,1
2,0,0,0,2
1,0,0,0,1
1,0,0,0,1
1,0,0,0,1
2,0,0,0,2
2,0,0,0,2
2,0,0,0,2
1,0,0,0,1
1,0,0,0,1
2,0,0,0,2
1,0,0,0,1
1,0,0,0,1
1,0,0,0,1
1,0,0,0,1
2,0,0,0,2
1,0,0,0,1
1,0,0,0,1
1,0,0,0,1
1,0,0,0,1
1,0,0,0,1
1,0,0,0,1
1,0,0,0,1
1,0,0,0,1
1,0,0,0,1
2,0,0,0,2
1,203,0,0,204
1,0,0,0,1
1,0,0,0,1
2,0,0,0,2
1,0,0,0,1
2,0,0,0,2
1,0,0,0,1
1,0,0,0,1
1,0,0,0,1
2,0,0,0,2
1,0,0,0,1
1,0,0,0,1
1,0,0,0,1
2,0,0,0,2
1,0,0,0,1
1,0,0,0,1
1,0,0,0,1
1,0,0,0,1
1,0,0,0,1
1,0,0,0,1
1,0,0,0,1
1,0,0,0,1
1,0,0,0,1
1,0,0,0,1
1,0,0,0,1
1,0,0,0,1
1,0,0,0,1
1,0,0,0,1
2,0,0,0,2
1,0,0,0,1
1,0,0,0,1
1,0,0,0,1
4,0,0,0,4
1,0,0,0,1
1,0,0,0,1
2,0,0,0,2
1,0,0,0,1
1,0,0,0,1
1,1,0,0,2
2,0,0,0,2
1,0,0,0,1
1,0,0,0,1
1,0,0,0,1
1,0,0,0,1
1,0,0,0,1
1,0,0,0,1
1,0,0,0,1
1,0,0,0,1
1,0,0,0,1
1,0,0,0,1
2,0,0,0,2
1,0,0,0,1
1,10,2,0,13
1,0,0,0,1
1,0,0,0,1
2,0,0,0,2
1,0,0,0,1
1,0,0,0,1
1,0,0,0,1
1,0,0,0,1
2,0,0,0,2
1,0,0,0,1
1,0,0,0,1
1,0,0,0,1
1,0,0,0,1
1,1,1,0,3
1,0,0,0,1
1,0,0,0,1
1,0,0,0,1
1,0,0,0,1
1,0,0,0,1
1,0,0,0,1
1,0,0,0,1
1,0,0,0,1
1,0,0,0,1
1,2,0,0,3
1,0,0,0,1
1,0,0,0,1
1,0,0,0,1
1,0,0,0,1
1,0,0,0,1
1,0,0,0,1
1,0,0,0,1
1,0,0,0,1
3,40,1,0,44
1,0,1,0,2
1,0,0,0,1
1,0,0,0,1
1,0,0,0,1
1,0,0,0,1
1,0,0,0,1
1,0,0,0,1
1,0,0,0,1
1,0,0,0,1
1,0,0,0,1
1,0,0,0,1
1,0,0,0,1
1,0,0,0,1
1,0,0,0,1
1,0,0,0,1
1,0,0,0,1
2,0,0,0,2
1,0,0,0,1
1,0,0,0,1
1,0,0,0,1
1,0,0,0,1
1,0,0,0,1
1,0,0,0,1
1,0,0,0,1
1,1,0,0,2
1,0,0,0,1
1,0,0,0,1
1,0,0,0,1
1,0,0,0,1
1,0,0,0,1
1,0,0,0,1
1,26,0,0,27
1,0,0,0,1
1,0,0,0,1
1,0,0,0,1
1,0,0,0,1
1,0,0,0,1
1,0,0,0,1
1,0,0,0,1
1,0,0,0,1
2,0,0,0,2
1,0,0,0,1
1,0,0,0,1
1,0,0,0,1
1,0,0,0,1
2,0,0,0,2
1,0,0,0,1
1,0,0,0,1
3,0,0,0,3
1,0,0,0,1
2,0,0,0,2
1,0,0,0,1
3,0,0,0,3
1,0,0,0,1
2,0,0,0,2
1,0,0,0,1
1,0,0,0,1
1,0,0,0,1
1,0,0,0,1
1,0,0,0,1
2,0,0,0,2
1,0,0,0,1
1,0,0,0,1
1,0,0,0,1
2,0,0,0,2
1,0,0,0,1
1,0,0,0,1
1,0,0,0,1
1,0,0,0,1
1,0,0,0,1
1,0,0,0,1
1,0,0,0,1
1,0,0,0,1
1,0,0,0,1
1,0,0,0,1
1,0,0,0,1
1,0,0,0,1
1,0,0,0,1
1,0,0,0,1
1,3,0,0,4
1,0,0,0,1
1,0,0,0,1
1,0,0,0,1
1,0,0,0,1
2,0,0,0,2
1,0,0,0,1
1,0,0,0,1
1,0,0,0,1
1,0,0,0,1
1,0,0,0,1
1,0,0,0,1
2,150,0,0,152
2,0,0,0,2
1,0,0,0,1
1,0,0,0,1
1,0,0,0,1
1,0,0,0,1
1,0,0,0,1
1,0,0,0,1
1,0,0,0,1
1,0,0,0,1
1,0,0,0,1
1,0,0,0,1
1,0,0,0,1
1,1,0,0,2
1,0,0,0,1
1,0,0,0,1
1,0,0,0,1
1,0,0,0,1
1,0,0,0,1
1,0,0,0,1
1,0,0,0,1
1,0,0,0,1
1,0,0,0,1
1,0,0,0,1
1,0,0,0,1
1,0,0,0,1
1,0,0,0,1
1,0,0,0,1
1,0,0,0,1
2,0,0,0,2
1,0,0,0,1
1,0,0,0,1
1,0,0,0,1
2,0,0,0,2
1,0,0,0,1
2,0,0,0,2
2,0,0,0,2
1,0,0,0,1
1,0,0,0,1
1,0,0,0,1
1,0,0,0,1
1,0,0,0,1
2,0,0,0,2
1,0,0,0,1
3,0,0,0,3
1,0,0,0,1
1,0,0,0,1
1,0,0,0,1
1,0,0,0,1
1,0,0,0,1
2,2,0,0,4
1,0,0,0,1
1,0,0,0,1
1,0,0,0,1
1,0,0,0,1
1,0,0,0,1
1,0,0,0,1
2,0,0,0,2
1,0,0,0,1
1,0,0,0,1
1,0,0,0,1
2,0,0,0,2
1,0,0,0,1
1,0,0,0,1
1,0,0,0,1
1,0,0,0,1
1,0,0,0,1
1,0,0,0,1
1,0,0,0,1
1,0,0,0,1
1,0,0,0,1
1,0,0,0,1
1,0,0,0,1
1,0,0,0,1
1,0,0,0,1
2,0,0,0,2
1,0,0,0,1
2,0,0,0,2
1,0,0,0,1
1,0,0,0,1
1,0,0,0,1
1,0,0,0,1
1,0,0,0,1
3,0,0,0,3
1,0,0,0,1
1,0,0,0,1
1,0,0,0,1
1,0,0,0,1
1,0,0,0,1
1,0,0,0,1
1,0,0,0,1
1,0,0,0,1
1,0,0,0,1
1,0,0,0,1
1,0,0,0,1
1,0,0,0,1
1,0,0,0,1
1,1,0,0,2
1,0,0,0,1
2,0,0,0,2
1,0,0,0,1
1,0,0,0,1
1,0,0,0,1
2,0,0,0,2
1,0,0,0,1
1,0,0,0,1
1,0,0,0,1
1,0,0,0,1
3,0,0,0,3
1,0,0,0,1
1,0,0,0,1
1,0,0,0,1
1,0,0,0,1
1,0,0,0,1
1,0,0,0,1
2,0,0,0,2
1,0,0,0,1
1,0,0,0,1
1,0,0,0,1
1,0,0,0,1
1,0,0,0,1
1,0,0,0,1
1,0,0,0,1
1,0,0,0,1
1,0,0,0,1
1,0,0,0,1
1,0,0,0,1
1,0,0,0,1
1,0,0,0,1
1,0,0,0,1
1,0,0,0,1
1,0,0,0,1
1,0,0,0,1
3,1,0,0,4
1,0,0,0,1
1,0,0,0,1
1,0,0,0,1
1,0,0,0,1
1,0,0,0,1
1,0,0,0,1
1,0,0,0,1
1,0,0,0,1
2,0,0,0,2
1,0,0,0,1
1,0,0,0,1
1,0,0,0,1
1,0,0,0,1
1,0,0,0,1
1,0,0,0,1
1,0,0,0,1
2,0,0,0,2
1,0,0,0,1
1,0,0,0,1
1,0,0,0,1
1,0,0,0,1
1,0,0,0,1
1,0,0,0,1
1,0,0,0,1
1,0,0,0,1
1,0,0,0,1
1,0,0,0,1
1,0,0,0,1
1,0,0,0,1
1,0,0,0,1
1,0,0,0,1
1,0,0,0,1
1,0,0,0,1
1,0,0,0,1
1,0,0,0,1
1,0,0,0,1
1,0,0,0,1
1,0,0,0,1
1,0,0,0,1
1,0,0,0,1
1,0,0,0,1
1,0,0,0,1
1,0,0,0,1
1,0,0,0,1
1,1,1,0,3
1,2,1,0,4
1,0,0,0,1
2,0,0,0,2
1,0,0,0,1
1,0,0,0,1
1,0,0,0,1
1,0,0,0,1
1,0,0,0,1
1,0,0,0,1
1,0,0,0,1
1,0,0,0,1
1,0,0,0,1
1,0,0,0,1
1,0,0,0,1
1,0,0,0,1
1,0,0,0,1
1,0,0,0,1
1,0,0,0,1
3,0,0,0,3
1,0,0,0,1
1,0,0,0,1
1,0,0,0,1
1,0,0,0,1
2,0,0,0,2
1,0,0,0,1
1,0,0,0,1
1,0,0,0,1
1,0,0,0,1
1,0,0,0,1
1,0,0,0,1
1,0,0,0,1
1,0,0,0,1
1,0,0,0,1
1,0,0,0,1
1,0,0,0,1
1,0,0,0,1
4,0,0,0,4
1,0,0,0,1
1,0,0,0,1
2,0,0,0,2
1,0,0,0,1
1,0,0,0,1
2,0,0,0,2
1,0,0,0,1
1,0,0,0,1
1,0,0,0,1
1,0,0,0,1
1,0,0,0,1
1,0,0,0,1
1,0,0,0,1
1,0,0,0,1
1,0,0,0,1
1,0,0,0,1
1,0,0,0,1
1,0,0,0,1
1,0,0,0,1
1,0,0,0,1
1,0,0,0,1
1,0,0,0,1
1,0,0,0,1
1,0,0,0,1
1,0,0,0,1
1,0,0,0,1
1,0,0,0,1
3,0,0,0,3
1,0,0,0,1
1,0,0,0,1
1,0,0,0,1
1,0,0,0,1
1,0,0,0,1
2,0,0,0,2
1,0,0,0,1
1,2,0,0,3
1,0,0,0,1
1,0,0,0,1
1,0,0,0,1
1,0,0,0,1
1,0,0,0,1
1,0,0,0,1
1,0,0,0,1
1,0,0,0,1
1,0,0,0,1
1,0,0,0,1
1,0,0,0,1
1,0,0,0,1
1,0,0,0,1
1,0,0,0,1
1,0,0,0,1
1,0,0,0,1
1,0,0,0,1
1,0,0,0,1
1,6,0,0,7
1,0,0,0,1
1,0,0,0,1
1,0,0,0,1
1,0,0,0,1
1,0,0,0,1
1,0,0,0,1
1,0,0,0,1
1,0,0,0,1
1,0,0,0,1
1,0,0,0,1
1,0,0,0,1
1,0,0,0,1
1,0,0,0,1
1,0,0,0,1
1,0,0,0,1
1,0,0,0,1
1,0,0,0,1
1,0,0,0,1
1,0,0,0,1
1,0,0,0,1
1,0,0,0,1
1,0,0,0,1
1,0,0,0,1
1,0,0,0,1
1,0,0,0,1
1,0,0,0,1
1,0,0,0,1
1,0,0,0,1
1,0,0,0,1
1,0,0,0,1
1,0,0,0,1
2,11,0,0,13
2,0,0,0,2
1,0,0,0,1
1,0,0,0,1
1,0,0,0,1
1,0,0,0,1
2,0,0,0,2
1,0,0,0,1
1,0,0,0,1
1,0,0,0,1
1,0,0,0,1
1,0,0,0,1
1,0,0,0,1
1,0,0,0,1
1,0,0,0,1
1,0,0,0,1
1,0,0,0,1
1,0,0,0,1
1,0,0,0,1
1,0,0,0,1
1,0,0,0,1
1,0,0,0,1
1,0,0,0,1
1,0,0,0,1
1,0,0,0,1
1,0,0,0,1
1,0,0,0,1
1,0,0,0,1
1,0,0,0,1
1,0,0,0,1
1,0,0,0,1
1,0,0,0,1
1,0,0,0,1
1,0,0,0,1
1,0,0,0,1
1,0,0,0,1
1,0,0,0,1
1,0,0,0,1
1,0,0,0,1
1,0,0,0,1
1,0,0,0,1
1,0,0,0,1
1,0,0,0,1
1,0,0,0,1
1,0,0,0,1
1,0,0,0,1
1,0,0,0,1
1,0,0,0,1
1,0,0,0,1
1,0,0,0,1
1,0,0,0,1
1,0,0,0,1
1,0,0,0,1
2,0,0,0,2
1,0,0,0,1
1,0,0,0,1
1,0,0,0,1
1,0,0,0,1
1,0,0,0,1
1,0,0,0,1
1,0,0,0,1
1,0,0,0,1
1,0,0,0,1
1,0,0,0,1
1,0,0,0,1
1,0,0,0,1
2,0,0,0,2
1,0,0,0,1
1,0,0,0,1
1,0,0,0,1
1,0,0,0,1
1,0,0,0,1
1,0,0,0,1
1,0,0,0,1
1,0,0,0,1
1,0,0,0,1
1,0,0,0,1
1,0,0,0,1
1,0,0,0,1
1,0,0,0,1
1,0,0,0,1
2,0,0,0,2
1,0,0,0,1
1,0,0,0,1
1,0,0,0,1
1,0,0,0,1
1,0,0,0,1
1,0,0,0,1
1,0,0,0,1
1,0,0,0,1
1,0,0,0,1
4,0,0,0,4
1,0,0,0,1
2,0,0,0,2
1,0,0,0,1
2,0,0,0,2
1,0,0,0,1
1,0,0,0,1
1,0,0,0,1
1,0,0,0,1
1,0,0,0,1
1,0,0,0,1
1,0,0,0,1
2,0,0,0,2
1,0,0,0,1
1,0,0,0,1
1,0,0,0,1
1,0,0,0,1
2,0,0,0,2
1,0,0,0,1
1,0,0,0,1
1,0,0,0,1
2,0,0,0,2
1,0,0,0,1
1,0,0,0,1
1,0,0,0,1
1,0,0,0,1
1,0,0,0,1
2,0,0,0,2
1,0,0,0,1
1,0,0,0,1
1,0,0,0,1
1,0,0,0,1
1,0,0,0,1
1,0,0,0,1
1,0,0,0,1
2,0,0,0,2
1,0,0,0,1
2,0,0,0,2
1,0,0,0,1
1,3,0,0,4
3,0,0,0,3
1,0,0,0,1
1,0,0,0,1
1,0,0,0,1
1,0,0,0,1
1,0,0,0,1
2,0,0,0,2
2,0,0,0,2
2,0,0,0,2
1,0,0,0,1
1,0,0,0,1
1,0,0,0,1
4,0,0,0,4
1,0,0,0,1
1,0,0,0,1
1,0,0,0,1
1,0,0,0,1
1,0,0,0,1
1,0,0,0,1
1,0,0,0,1
1,0,0,0,1
1,0,0,0,1
1,3,0,0,4
1,0,0,0,1
1,0,0,0,1
1,0,0,0,1
1,0,0,0,1
1,0,0,0,1
1,0,0,0,1
2,2,0,0,4
1,5,0,0,6
1,0,0,0,1
1,0,0,0,1
2,0,0,0,2
1,0,0,0,1
1,0,0,0,1
1,0,0,0,1
1,0,0,0,1
1,0,0,0,1
1,0,0,0,1
2,0,0,0,2
1,0,0,0,1
1,0,0,0,1
1,0,0,0,1
1,0,0,0,1
1,0,0,0,1
1,0,0,0,1
1,0,0,0,1
1,0,0,0,1
1,0,0,0,1
1,2,0,0,3
1,0,0,0,1
1,2,0,0,3
1,0,0,0,1
1,0,0,0,1
1,0,0,0,1
1,0,0,0,1
1,0,0,0,1
1,0,0,0,1
1,0,0,0,1
1,0,0,0,1
1,0,0,0,1
1,0,0,0,1
2,0,0,0,2
1,0,0,0,1
1,0,0,0,1
1,0,0,0,1
1,1,0,0,2
1,0,0,0,1
1,0,0,0,1
1,0,0,0,1
1,0,0,0,1
1,0,0,0,1
1,0,0,0,1
2,0,0,0,2
1,0,0,0,1
1,0,0,0,1
2,0,0,0,2
1,0,0,0,1
1,0,0,0,1
1,0,0,0,1
1,0,0,0,1
1,0,0,0,1
2,0,0,0,2
1,0,0,0,1
1,0,0,0,1
1,0,0,0,1
1,0,0,0,1
2,0,0,0,2
1,0,0,0,1
1,0,0,0,1
1,0,0,0,1
5,0,0,0,5
1,0,0,0,1
1,0,0,0,1
1,0,0,0,1
1,0,0,0,1
1,0,0,0,1
1,0,0,0,1
2,0,0,0,2
1,0,0,0,1
1,0,0,0,1
1,0,0,0,1
3,0,0,0,3
1,0,0,0,1
2,0,0,0,2
1,0,0,0,1
1,0,0,0,1
1,0,0,0,1
1,0,0,0,1
2,0,0,0,2
1,0,0,0,1
1,0,0,0,1
1,0,0,0,1
1,0,0,0,1
2,0,0,0,2
1,0,0,0,1
1,0,0,0,1
1,0,0,0,1
1,46,0,0,47
1,0,0,0,1
1,0,0,0,1
1,0,0,0,1
1,0,0,0,1
1,0,0,0,1
1,0,0,0,1
1,0,0,0,1
1,0,0,0,1
1,0,0,0,1
1,0,0,0,1
1,0,0,0,1
1,6,0,0,7
1,0,0,0,1
1,0,0,0,1
1,0,0,0,1
1,0,0,0,1
1,0,0,0,1
1,0,0,0,1
1,0,0,0,1
1,0,0,0,1
1,0,0,0,1
1,0,0,0,1
1,0,0,0,1
1,0,0,0,1
1,0,0,0,1
1,0,0,0,1
1,0,0,0,1
1,1,1,0,3
1,0,0,0,1
2,0,0,0,2
1,0,0,0,1
1,0,0,0,1
2,0,0,0,2
1,0,0,0,1
1,0,0,0,1
1,0,0,0,1
1,0,0,0,1
1,0,0,0,1
1,2,0,0,3
1,0,0,0,1
1,0,0,0,1
2,0,0,0,2
1,0,0,0,1
2,0,0,0,2
1,0,0,0,1
1,0,0,0,1
1,0,0,0,1
1,0,0,0,1
1,0,0,0,1
1,0,0,0,1
1,0,0,0,1
1,0,0,0,1
1,0,0,0,1
1,0,0,0,1
1,0,0,0,1
1,0,0,0,1
1,0,0,0,1
1,0,0,0,1
1,0,0,0,1
3,0,0,0,3
2,0,0,0,2
1,0,0,0,1
1,0,0,0,1
1,0,0,0,1
1,0,0,0,1
1,0,0,0,1
1,0,0,0,1
1,0,0,0,1
1,0,0,0,1
1,0,0,0,1
1,0,0,0,1
1,0,0,0,1
1,0,0,0,1
1,0,0,0,1
1,0,0,0,1
1,0,0,0,1
2,0,0,0,2
1,0,0,0,1
2,0,0,0,2
1,0,0,0,1
1,0,0,0,1
1,0,0,0,1
1,0,0,0,1
1,0,0,0,1
1,0,0,0,1
1,0,0,0,1
1,0,0,0,1
1,0,0,0,1
1,0,0,0,1
1,0,0,0,1
2,70,1,0,73
1,0,0,0,1
1,0,0,0,1
1,0,0,0,1
2,0,0,0,2
1,0,0,0,1
2,0,0,0,2
1,0,0,0,1
1,6,0,0,7
1,0,0,0,1
1,0,0,0,1
1,0,0,0,1
1,0,0,0,1
1,0,0,0,1
1,0,0,0,1
1,0,0,0,1
1,0,0,0,1
1,0,0,0,1
3,0,0,0,3
1,0,0,0,1
1,0,0,0,1
1,0,0,0,1
1,0,0,0,1
1,0,0,0,1
1,0,0,0,1
1,0,0,0,1
2,0,0,0,2
1,0,0,0,1
1,0,0,0,1
1,0,0,0,1
1,0,0,0,1
1,0,0,0,1
1,0,0,0,1
1,0,0,0,1
1,0,0,0,1
1,0,0,0,1
1,0,0,0,1
1,0,0,0,1
2,2,0,0,4
1,0,0,0,1
1,0,0,0,1
1,0,0,0,1
1,0,0,0,1
1,2,0,0,3
1,0,0,0,1
1,0,0,0,1
2,0,0,0,2
1,0,0,0,1
1,0,0,0,1
1,0,0,0,1
1,0,0,0,1
1,0,0,0,1
1,0,0,0,1
1,1,0,0,2
1,0,0,0,1
1,0,0,0,1
1,0,0,0,1
1,0,0,0,1
1,0,0,0,1
1,7,0,0,8
1,0,0,0,1
2,0,0,0,2
1,0,0,0,1
1,0,0,0,1
1,0,0,0,1
2,0,0,0,2
2,0,0,0,2
1,0,0,0,1
1,0,0,0,1
1,0,0,0,1
1,0,0,0,1
1,0,0,0,1
1,0,0,0,1
1,0,0,0,1
1,0,0,0,1
1,0,0,0,1
1,0,0,0,1
1,0,0,0,1
1,0,0,0,1
1,0,0,0,1
1,0,0,0,1
1,0,0,0,1
1,0,0,0,1
3,2,0,0,5
1,0,0,0,1
1,0,0,0,1
1,0,0,0,1
1,0,0,0,1
1,0,0,0,1
1,0,0,0,1
1,0,0,0,1
3,0,0,0,3
2,0,0,0,2
1,0,0,0,1
1,0,0,0,1
1,0,0,0,1
1,0,0,0,1
2,0,0,0,2
1,0,0,0,1
1,0,0,0,1
2,0,0,0,2
1,0,0,0,1
1,0,0,0,1
1,0,0,0,1
2,0,0,0,2
1,0,0,0,1
2,0,0,0,2
1,0,0,0,1
1,0,0,0,1
1,0,0,0,1
1,0,0,0,1
1,0,0,0,1
1,0,0,0,1
1,0,0,0,1
1,0,0,0,1
2,0,0,0,2
1,0,0,0,1
1,0,0,0,1
1,0,0,0,1
1,0,0,0,1
1,0,0,0,1
1,0,0,0,1
1,0,0,0,1
1,0,0,0,1
1,0,0,0,1
1,0,0,0,1
1,0,0,0,1
1,0,0,0,1
1,0,0,0,1
1,0,0,0,1
1,0,0,0,1
1,5,0,0,6
1,0,0,0,1
1,0,0,0,1
1,0,0,0,1
1,0,0,0,1
1,0,0,0,1
1,0,0,0,1
1,0,0,0,1
3,0,0,0,3
1,0,0,0,1
1,0,0,0,1
1,0,0,0,1
1,0,0,0,1
1,0,0,0,1
1,0,0,0,1
1,0,0,0,1
1,0,0,0,1
1,0,0,0,1
1,0,0,0,1
1,0,0,0,1
1,0,0,0,1
1,0,0,0,1
1,0,0,0,1
1,0,0,0,1
1,0,0,0,1
1,0,0,0,1
1,0,0,0,1
4,0,0,0,4
1,0,0,0,1
1,0,0,0,1
1,0,0,0,1
1,0,0,0,1
1,0,0,0,1
1,0,0,0,1
1,0,0,0,1
1,4,0,0,5
1,0,0,0,1
1,0,0,0,1
1,0,0,0,1
1,0,0,0,1
1,0,0,0,1
3,0,0,0,3
1,0,0,0,1
1,0,0,0,1
1,0,0,0,1
2,0,0,0,2
1,0,0,0,1
1,0,0,0,1
1,0,0,0,1
1,0,0,0,1
2,0,0,0,2
1,0,0,0,1
1,0,0,0,1
1,0,0,0,1
1,0,0,0,1
1,0,0,0,1
1,0,0,0,1
1,0,0,0,1
1,0,0,0,1
2,0,0,0,2
2,0,0,0,2
1,0,0,0,1
2,0,0,0,2
1,0,0,0,1
1,0,0,0,1
1,0,0,0,1
3,0,0,0,3
1,0,0,0,1
1,0,0,0,1
1,0,0,0,1
1,0,0,0,1
1,0,0,0,1
1,0,0,0,1
1,0,0,0,1
1,0,0,0,1
1,0,0,0,1
1,0,0,0,1
1,0,0,0,1
2,0,0,0,2
1,0,0,0,1
1,0,0,0,1
1,0,0,0,1
1,0,0,0,1
1,0,0,0,1
1,0,0,0,1
1,0,0,0,1
1,0,0,0,1
1,0,0,0,1
1,0,0,0,1
1,0,0,0,1
1,0,0,0,1
1,0,0,0,1
1,0,0,0,1
1,0,0,0,1
2,0,0,0,2
1,0,0,0,1
1,10,0,0,11
2,0,0,0,2
1,0,0,0,1
1,0,0,0,1
1,0,0,0,1
1,0,0,0,1
1,0,0,0,1
1,9,1,0,11
1,0,0,0,1
1,0,0,0,1
1,0,0,0,1
1,0,0,0,1
1,0,0,0,1
1,0,0,0,1
1,0,0,0,1
1,0,0,0,1
1,0,0,0,1
1,0,0,0,1
2,6,0,0,8
1,0,0,0,1
1,0,0,0,1
1,0,0,0,1
1,0,0,0,1
1,0,0,0,1
1,0,0,0,1
1,0,0,0,1
1,0,0,0,1
2,0,0,0,2
1,0,0,0,1
2,4,0,0,6
1,0,0,0,1
1,0,0,0,1
1,0,0,0,1
1,0,0,0,1
1,0,0,0,1
1,0,0,0,1
1,0,0,0,1
1,0,0,0,1
1,0,0,0,1
1,0,0,0,1
1,0,0,0,1
1,0,0,0,1
1,0,0,0,1
1,0,0,0,1
1,0,0,0,1
1,0,0,0,1
1,0,0,0,1
1,0,0,0,1
1,0,0,0,1
1,0,0,0,1
1,0,0,0,1
1,0,0,0,1
2,0,0,0,2
1,0,0,0,1
1,0,0,0,1
1,0,0,0,1
1,0,0,0,1
1,0,0,0,1
1,0,0,0,1
1,0,0,0,1
1,0,0,0,1
1,0,0,0,1
2,0,0,0,2
1,0,0,0,1
2,0,0,0,2
1,0,0,0,1
1,0,0,0,1
1,0,0,0,1
1,0,0,0,1
1,0,0,0,1
1,0,0,0,1
1,0,0,0,1
1,0,0,0,1
2,0,0,0,2
1,0,0,0,1
1,0,0,0,1
1,0,0,0,1
1,0,0,0,1
1,0,0,0,1
1,0,0,0,1
1,0,0,0,1
1,0,0,0,1
1,0,0,0,1
1,0,0,0,1
1,0,0,0,1
1,0,0,0,1
1,0,0,0,1
1,0,0,0,1
1,0,0,0,1
1,0,0,0,1
1,0,0,0,1
1,0,0,0,1
1,0,0,0,1
1,0,0,0,1
1,0,0,0,1
1,0,0,0,1
1,0,0,0,1
1,0,0,0,1
1,0,0,0,1
1,0,0,0,1
1,0,0,0,1
1,0,0,0,1
2,0,0,0,2
1,0,0,0,1
1,0,0,0,1
1,0,0,0,1
1,0,0,0,1
1,0,0,0,1
1,0,0,0,1
1,0,0,0,1
2,0,0,0,2
1,0,0,0,1
1,0,0,0,1
1,0,0,0,1
1,0,0,0,1
1,0,0,0,1
1,0,0,0,1
1,0,0,0,1
1,0,0,0,1
1,0,0,0,1
1,0,0,0,1
2,0,0,0,2
1,0,0,0,1
1,0,0,0,1
1,0,0,0,1
1,0,0,0,1
2,0,0,0,2
1,0,0,0,1
1,0,0,0,1
1,0,0,0,1
1,0,0,0,1
1,0,0,0,1
1,0,0,0,1
1,0,0,0,1
1,0,0,0,1
1,0,0,0,1
1,0,0,0,1
1,0,0,0,1
2,0,0,0,2
1,0,0,0,1
1,0,0,0,1
1,0,0,0,1
1,0,0,0,1
1,0,0,0,1
1,0,0,0,1
1,0,0,0,1
1,0,0,0,1
1,0,0,0,1
1,1,0,0,2
1,2,0,0,3
1,0,0,0,1
1,0,0,0,1
2,0,0,0,2
1,0,0,0,1
1,0,0,0,1
1,0,0,0,1
1,0,0,0,1
1,0,0,0,1
1,0,0,0,1
1,0,0,0,1
1,0,0,0,1
1,0,0,0,1
1,0,0,0,1
1,0,0,0,1
1,0,0,0,1
1,0,0,0,1
1,0,0,0,1
1,0,0,0,1
1,0,0,0,1
2,0,0,0,2
1,0,0,0,1
1,0,0,0,1
2,0,0,0,2
1,0,0,0,1
1,0,0,0,1
4,0,0,0,4
2,0,0,0,2
1,0,0,0,1
1,0,0,0,1
1,0,0,0,1
1,0,0,0,1
1,0,0,0,1
1,0,0,0,1
1,5,0,0,6
3,0,0,0,3
1,0,0,0,1
1,0,0,0,1
1,0,0,0,1
1,0,0,0,1
1,0,0,0,1
1,0,0,0,1
1,0,0,0,1
1,0,0,0,1
1,0,0,0,1
1,0,0,0,1
1,0,0,0,1
3,0,0,0,3
2,0,0,0,2
1,0,0,0,1
1,0,0,0,1
1,0,0,0,1
1,0,0,0,1
1,0,0,0,1
1,0,0,0,1
1,0,0,0,1
1,0,0,0,1
1,0,0,0,1
1,0,0,0,1
1,0,0,0,1
1,0,0,0,1
4,0,0,0,4
1,0,0,0,1
1,0,0,0,1
1,0,0,0,1
1,0,0,0,1
1,0,0,0,1
1,0,0,0,1
1,0,0,0,1
1,0,0,0,1
1,0,0,0,1
1,0,0,0,1
1,0,0,0,1
1,0,0,0,1
1,0,0,0,1
1,0,0,0,1
1,0,0,0,1
1,0,0,0,1
1,0,0,0,1
1,0,0,0,1
1,0,0,0,1
1,0,0,0,1
1,0,0,0,1
1,0,0,0,1
1,0,0,0,1
1,0,0,0,1
1,0,0,0,1
1,0,0,0,1
1,0,0,0,1
1,0,0,0,1
1,0,0,0,1
1,0,0,0,1
1,0,0,0,1
1,0,0,0,1
1,0,0,0,1
1,0,0,0,1
1,0,0,0,1
1,0,0,0,1
2,1,0,0,3
2,0,0,0,2
1,0,0,0,1
1,0,0,0,1
1,0,0,0,1
1,0,0,0,1
1,0,0,0,1
1,0,0,0,1
1,9,0,0,10
1,0,0,0,1
1,0,0,0,1
1,0,0,0,1
1,0,0,0,1
1,0,0,0,1
1,0,0,0,1
1,0,0,0,1
1,0,0,0,1
1,0,0,0,1
1,0,0,0,1
2,0,0,0,2
1,0,0,0,1
2,0,0,0,2
1,0,0,0,1
2,0,0,0,2
1,0,0,0,1
1,0,0,0,1
1,0,0,0,1
1,0,0,0,1
2,2,0,0,4
1,0,0,0,1
1,0,0,0,1
1,0,0,0,1
1,0,0,0,1
1,0,0,0,1
1,0,0,0,1
4,1,0,0,5
1,0,0,0,1
1,0,0,0,1
1,0,0,0,1
1,0,0,0,1
1,0,0,0,1
1,0,0,0,1
1,0,0,0,1
1,0,0,0,1
1,0,0,0,1
1,0,0,0,1
1,0,0,0,1
1,0,0,0,1
1,0,0,0,1
1,0,0,0,1
1,0,0,0,1
1,0,0,0,1
1,0,0,0,1
1,0,0,0,1
1,0,0,0,1
2,0,0,0,2
1,0,0,0,1
1,0,0,0,1
1,0,0,0,1
1,0,0,0,1
1,0,0,0,1
1,0,0,0,1
1,0,0,0,1
1,0,0,0,1
1,0,0,0,1
1,0,0,0,1
1,0,0,0,1
1,0,0,0,1
1,0,0,0,1
1,0,0,0,1
2,0,0,0,2
1,0,0,0,1
1,0,0,0,1
1,0,0,0,1
1,0,0,0,1
1,0,0,0,1
1,0,0,0,1
1,0,0,0,1
1,0,0,0,1
1,0,0,0,1
1,0,0,0,1
1,0,0,0,1
1,0,0,0,1
1,16,0,0,17
1,0,0,0,1
1,0,0,0,1
1,0,0,0,1
1,0,0,0,1
1,0,0,0,1
1,0,0,0,1
1,0,0,0,1
1,0,0,0,1
2,2,1,0,5
1,0,0,0,1
1,0,0,0,1
2,0,0,0,2
2,0,0,0,2
1,0,0,0,1
1,0,0,0,1
1,0,0,0,1
1,0,0,0,1
1,0,0,0,1
1,0,0,0,1
1,0,0,0,1
1,0,0,0,1
1,0,0,0,1
1,0,0,0,1
1,0,0,0,1
1,0,0,0,1
1,0,0,0,1
1,0,0,0,1
1,0,0,0,1
1,0,0,0,1
1,0,0,0,1
1,0,0,0,1
1,0,0,0,1
1,0,0,0,1
1,0,0,0,1
1,0,0,0,1
1,0,0,0,1
1,0,0,0,1
1,0,0,0,1
1,0,0,0,1
1,0,0,0,1
2,1,0,0,3
1,0,0,0,1
1,0,0,0,1
1,0,0,0,1
1,0,0,0,1
1,0,0,0,1
1,0,0,0,1
1,0,0,0,1
1,2,0,0,3
1,0,0,0,1
1,0,0,0,1
1,0,0,0,1
1,0,0,0,1
1,11,0,0,12
1,0,0,0,1
2,0,0,0,2
1,0,0,0,1
1,0,0,0,1
1,0,0,0,1
1,0,0,0,1
1,0,0,0,1
1,0,0,0,1
1,0,0,0,1
1,0,0,0,1
1,0,0,0,1
2,0,0,0,2
1,0,0,0,1
1,0,0,0,1
1,0,0,0,1
1,0,0,0,1
1,0,0,0,1
1,0,0,0,1
1,0,0,0,1
1,0,0,0,1
1,0,0,0,1
1,0,0,0,1
1,0,0,0,1
2,0,0,0,2
1,0,0,0,1
1,0,0,0,1
1,0,0,0,1
1,0,0,0,1
1,0,0,0,1
1,0,0,0,1
1,0,0,0,1
1,0,0,0,1
1,0,0,0,1
6,0,0,0,6
1,0,0,0,1
1,0,0,0,1
1,0,0,0,1
1,0,0,0,1
2,0,0,0,2
1,0,0,0,1
1,0,0,0,1
1,0,0,0,1
1,0,0,0,1
1,0,0,0,1
1,0,0,0,1
1,0,0,0,1
1,0,0,0,1
1,0,0,0,1
1,0,0,0,1
2,0,0,0,2
1,0,0,0,1
1,0,0,0,1
1,0,0,0,1
1,0,0,0,1
1,0,0,0,1
1,0,0,0,1
1,0,0,0,1
2,0,0,0,2
2,9,0,0,11
1,0,0,0,1
1,0,0,0,1
1,0,0,0,1
1,0,0,0,1
1,0,0,0,1
1,0,0,0,1
1,0,0,0,1
1,0,0,0,1
1,0,0,0,1
1,3,0,0,4
2,0,0,0,2
1,0,0,0,1
1,0,0,0,1
1,0,0,0,1
3,1,0,0,4
1,0,0,0,1
1,0,0,0,1
1,592,0,0,593
1,0,0,0,1
1,0,0,0,1
1,0,0,0,1
1,0,0,0,1
1,0,0,0,1
1,0,0,0,1
1,0,0,0,1
1,0,0,0,1
1,0,0,0,1
1,0,0,0,1
1,0,0,0,1
1,0,0,0,1
1,1,0,0,2
1,0,0,0,1
1,0,0,0,1
1,0,0,0,1
1,0,0,0,1
1,0,0,0,1
1,0,0,0,1
1,0,0,0,1
1,0,0,0,1
1,0,0,0,1
1,0,0,0,1
2,0,0,0,2
1,0,0,0,1
1,0,0,0,1
1,0,0,0,1
1,0,0,0,1
1,0,0,0,1
1,0,0,0,1
1,0,0,0,1
1,0,0,0,1
1,0,0,0,1
3,0,0,0,3
1,0,0,0,1
1,0,0,0,1
1,1,1,0,3
1,0,0,0,1
2,0,0,0,2
2,1,0,0,3
1,0,0,0,1
1,0,0,0,1
1,0,0,0,1
1,0,0,0,1
1,0,0,0,1
1,0,0,0,1
1,0,0,0,1
1,0,0,0,1
1,0,0,0,1
1,0,0,0,1
1,0,0,0,1
1,0,0,0,1
1,0,0,0,1
1,0,0,0,1
1,0,0,0,1
1,0,0,0,1
1,0,0,0,1
1,0,0,0,1
1,0,0,0,1
1,0,0,0,1
1,0,0,0,1
1,0,0,0,1
1,0,0,0,1
1,0,0,0,1
1,0,0,0,1
1,0,0,0,1
1,0,0,0,1
1,0,0,0,1
1,0,0,0,1
1,0,0,0,1
1,0,0,0,1
1,0,0,0,1
1,0,0,0,1
1,0,0,0,1
1,0,0,0,1
1,0,0,0,1
1,0,0,0,1
1,0,0,0,1
1,0,0,0,1
1,0,0,0,1
1,0,0,0,1
1,0,0,0,1
1,0,0,0,1
1,0,0,0,1
1,0,0,0,1
1,0,0,0,1
1,0,0,0,1
1,0,0,0,1
1,0,0,0,1
1,0,0,0,1
1,0,0,0,1
1,0,0,0,1
1,0,0,0,1
1,0,0,0,1
1,0,0,0,1
1,0,0,0,1
1,0,0,0,1
2,0,0,0,2
1,0,0,0,1
1,0,0,0,1
1,0,0,0,1
1,0,0,0,1
1,0,0,0,1
1,0,0,0,1
1,0,0,0,1
2,0,0,0,2
1,0,0,0,1
1,0,0,0,1
1,0,0,0,1
1,0,0,0,1
1,0,0,0,1
1,0,0,0,1
1,0,0,0,1
1,0,0,0,1
2,0,0,0,2
1,0,0,0,1
2,0,0,0,2
1,0,0,0,1
2,0,0,0,2
1,0,0,0,1
1,0,0,0,1
1,0,0,0,1
1,0,0,0,1
1,0,0,0,1
1,0,0,0,1
1,0,0,0,1
2,0,0,0,2
1,0,0,0,1
1,0,0,0,1
1,0,0,0,1
1,0,0,0,1
1,0,0,0,1
1,0,0,0,1
3,0,0,0,3
1,0,0,0,1
1,0,0,0,1
1,0,0,0,1
1,0,0,0,1
1,0,0,0,1
1,0,0,0,1
1,0,0,0,1
1,0,0,0,1
1,0,0,0,1
1,0,0,0,1
1,0,0,0,1
1,0,0,0,1
1,3,0,0,4
1,0,0,0,1
1,0,0,0,1
1,0,0,0,1
1,0,0,0,1
1,0,0,0,1
1,0,0,0,1
1,1,1,0,3
1,0,0,0,1
1,0,0,0,1
1,0,0,0,1
1,0,0,0,1
1,0,0,0,1
1,0,0,0,1
1,0,0,0,1
1,0,0,0,1
1,0,0,0,1
1,0,0,0,1
1,0,0,0,1
1,0,0,0,1
1,0,0,0,1
1,0,0,0,1
1,0,0,0,1
1,0,0,0,1
1,0,0,0,1
1,0,0,0,1
1,0,0,0,1
1,0,0,0,1
1,0,0,0,1
1,0,0,0,1
1,0,0,0,1
1,0,0,0,1
1,0,0,0,1
1,0,0,0,1
1,1,0,0,2
1,1,0,0,2
2,0,0,0,2
1,0,0,0,1
1,0,0,0,1
1,0,0,0,1
2,0,0,0,2
1,0,0,0,1
1,0,0,0,1
1,0,0,0,1
1,0,0,0,1
2,0,0,0,2
1,0,0,0,1
1,0,0,0,1
1,0,0,0,1
1,0,0,0,1
2,0,0,0,2
1,0,0,0,1
1,0,0,0,1
1,0,0,0,1
1,0,0,0,1
1,0,0,0,1
1,0,0,0,1
1,4,1,0,6
1,0,0,0,1
1,0,0,0,1
1,0,0,0,1
1,0,0,0,1
1,5,0,0,6
1,0,0,0,1
1,0,0,0,1
1,0,0,0,1
1,0,0,0,1
1,0,0,0,1
1,0,0,0,1
1,0,0,0,1
2,0,0,0,2
1,0,0,0,1
1,0,0,0,1
1,0,0,0,1
2,0,0,0,2
2,0,0,0,2
1,0,0,0,1
1,0,0,0,1
2,1,0,0,3
1,0,0,0,1
1,0,0,0,1
1,0,0,0,1
1,0,0,0,1
1,0,0,0,1
1,0,0,0,1
1,0,0,0,1
1,0,0,0,1
1,0,0,0,1
1,0,0,0,1
1,0,0,0,1
1,0,0,0,1
1,0,0,0,1
1,0,0,0,1
1,0,0,0,1
1,0,0,0,1
1,9,0,0,10
1,0,0,0,1
2,0,0,0,2
1,0,0,0,1
1,0,0,0,1
2,0,0,0,2
1,0,0,0,1
1,0,0,0,1
1,6,0,0,7
1,0,0,0,1
1,0,0,0,1
1,0,0,0,1
1,0,0,0,1
1,0,0,0,1
1,0,0,0,1
1,0,0,0,1
1,0,0,0,1
1,0,0,0,1
1,0,0,0,1
1,0,0,0,1
1,0,0,0,1
1,0,0,0,1
1,0,0,0,1
1,0,0,0,1
1,0,0,0,1
1,0,0,0,1
1,0,0,0,1
1,0,0,0,1
1,0,0,0,1
1,0,0,0,1
1,0,0,0,1
1,0,0,0,1
1,0,0,0,1
1,0,0,0,1
1,0,0,0,1
1,0,0,0,1
1,0,0,0,1
1,0,0,0,1
1,0,0,0,1
1,0,0,0,1
1,0,0,0,1
1,0,0,0,1
2,0,0,0,2
1,0,0,0,1
2,0,0,0,2
1,0,0,0,1
1,0,0,0,1
1,0,0,0,1
1,0,0,0,1
1,0,0,0,1
2,0,0,0,2
1,0,0,0,1
1,0,0,0,1
1,1,1,0,3
1,0,0,0,1
1,0,0,0,1
1,0,0,0,1
1,0,0,0,1
1,0,0,0,1
1,0,0,0,1
1,0,0,0,1
2,0,0,0,2
1,0,0,0,1
1,0,0,0,1
1,0,0,0,1
1,0,0,0,1
1,0,0,0,1
2,0,0,0,2
1,0,0,0,1
1,0,0,0,1
1,0,0,0,1
1,0,0,0,1
1,0,0,0,1
1,0,0,0,1
1,0,0,0,1
1,0,0,0,1
1,0,0,0,1
1,0,0,0,1
1,0,0,0,1
1,0,0,0,1
1,0,0,0,1
4,0,0,0,4
1,0,0,0,1
2,0,0,0,2
1,0,0,0,1
1,0,0,0,1
1,0,0,0,1
1,0,0,0,1
1,1,0,0,2
1,0,0,0,1
2,0,0,0,2
1,0,0,0,1
1,0,0,0,1
1,0,0,0,1
1,1,0,0,2
1,0,0,0,1
2,0,0,0,2
1,0,0,0,1
1,0,0,0,1
1,0,0,0,1
1,0,0,0,1
1,0,0,0,1
1,0,0,0,1
1,0,0,0,1
1,0,0,0,1
3,0,3,0,6
1,0,0,0,1
1,0,0,0,1
1,0,0,0,1
1,0,0,0,1
1,0,0,0,1
1,0,0,0,1
1,0,0,0,1
1,0,0,0,1
1,0,0,0,1
1,0,0,0,1
1,0,0,0,1
1,0,0,0,1
1,0,0,0,1
1,0,0,0,1
1,0,0,0,1
1,0,0,0,1
1,0,0,0,1
1,0,0,0,1
1,0,0,0,1
1,0,0,0,1
1,0,0,0,1
1,0,0,0,1
1,0,0,0,1
1,0,0,0,1
1,0,0,0,1
1,0,0,0,1
1,5,0,0,6
1,3,0,0,4
2,0,0,0,2
1,0,0,0,1
1,0,0,0,1
2,0,0,0,2
1,0,0,0,1
1,0,0,0,1
2,0,0,0,2
1,0,0,0,1
2,0,0,0,2
1,0,0,0,1
1,0,0,0,1
1,0,0,0,1
2,0,0,0,2
2,0,0,0,2
1,0,0,0,1
1,0,0,0,1
1,0,0,0,1
1,0,0,0,1
1,0,0,0,1
3,8,0,0,11
1,0,0,0,1
1,0,0,0,1
1,0,0,0,1
1,0,0,0,1
1,0,0,0,1
1,0,0,0,1
1,0,0,0,1
1,0,0,0,1
1,0,0,0,1
1,0,0,0,1
1,0,0,0,1
1,0,0,0,1
1,0,0,0,1
1,0,0,0,1
1,1,0,0,2
1,0,0,0,1
1,0,0,0,1
1,0,0,0,1
1,0,0,0,1
1,0,0,0,1
1,0,0,0,1
1,2,0,0,3
2,0,0,0,2
1,0,0,0,1
1,0,0,0,1
2,0,0,0,2
1,0,0,0,1
1,0,0,0,1
1,0,0,0,1
1,0,0,0,1
1,0,0,0,1
1,0,0,0,1
1,0,0,0,1
1,0,0,0,1
1,0,0,0,1
1,0,0,0,1
1,0,0,0,1
1,0,0,0,1
1,0,0,0,1
1,0,0,0,1
1,0,0,0,1
1,0,0,0,1
1,0,0,0,1
1,0,0,0,1
2,438,0,0,440
1,0,0,0,1
1,0,0,0,1
1,0,0,0,1
1,0,0,0,1
1,0,0,0,1
1,0,0,0,1
1,0,0,0,1
1,0,0,0,1
1,0,0,0,1
1,0,0,0,1
1,0,0,0,1
1,0,0,0,1
1,0,0,0,1
1,0,0,0,1
1,0,0,0,1
2,0,0,0,2
1,0,0,0,1
1,0,0,0,1
2,0,0,0,2
1,0,0,0,1
1,0,0,0,1
1,0,0,0,1
1,0,0,0,1
1,0,0,0,1
1,0,0,0,1
1,0,0,0,1
1,0,0,0,1
1,0,0,0,1
1,0,0,0,1
1,0,0,0,1
1,0,0,0,1
1,0,0,0,1
1,0,0,0,1
1,0,0,0,1
1,0,0,0,1
2,0,0,0,2
1,0,0,0,1
1,0,0,0,1
1,0,0,0,1
1,0,0,0,1
1,0,0,0,1
1,0,0,0,1
1,0,0,0,1
1,0,0,0,1
1,0,0,0,1
1,0,0,0,1
1,0,0,0,1
1,2,0,0,3
1,0,0,0,1
1,0,0,0,1
1,0,0,0,1
1,0,0,0,1
1,0,0,0,1
1,0,0,0,1
1,14,0,0,15
1,0,0,0,1
1,0,0,0,1
1,0,0,0,1
1,0,0,0,1
1,0,0,0,1
1,0,0,0,1
1,0,0,0,1
1,0,0,0,1
1,0,0,0,1
1,0,0,0,1
1,0,0,0,1
1,0,0,0,1
1,0,0,0,1
1,0,0,0,1
1,0,0,0,1
1,0,0,0,1
1,0,0,0,1
1,0,0,0,1
1,0,0,0,1
1,0,0,0,1
1,0,0,0,1
1,0,0,0,1
1,0,0,0,1
1,0,0,0,1
1,0,0,0,1
1,0,0,0,1
1,0,0,0,1
1,0,0,0,1
1,0,0,0,1
1,0,0,0,1
4,0,0,0,4
1,0,0,0,1
1,0,0,0,1
1,0,0,0,1
1,0,0,0,1
1,0,0,0,1
1,0,0,0,1
2,0,0,0,2
1,0,0,0,1
1,2,0,0,3
1,0,0,0,1
1,0,0,0,1
1,0,0,0,1
1,0,0,0,1
1,0,0,0,1
1,0,0,0,1
1,0,0,0,1
1,0,0,0,1
1,2,0,0,3
1,0,0,0,1
1,0,0,0,1
1,0,0,0,1
1,0,0,0,1
3,0,0,0,3
1,0,0,0,1
1,0,0,0,1
1,0,0,0,1
1,0,0,0,1
1,0,0,0,1
1,0,0,0,1
1,0,0,0,1
1,0,0,0,1
1,0,0,0,1
1,0,0,0,1
1,0,0,0,1
1,0,0,0,1
1,0,0,0,1
1,0,0,0,1
1,0,0,0,1
1,0,0,0,1
1,0,0,0,1
1,0,0,0,1
1,0,0,0,1
1,0,0,0,1
1,0,0,0,1
1,0,0,0,1
3,0,0,0,3
1,0,0,0,1
1,0,0,0,1
1,0,0,0,1
1,0,0,0,1
1,0,0,0,1
1,0,0,0,1
1,0,0,0,1
1,0,0,0,1
1,0,0,0,1
1,0,0,0,1
1,0,0,0,1
1,0,0,0,1
1,0,0,0,1
1,0,0,0,1
1,0,0,0,1
1,0,0,0,1
1,0,0,0,1
1,0,0,0,1
1,0,0,0,1
1,0,0,0,1
2,0,0,0,2
1,0,0,0,1
1,0,0,0,1
2,0,0,0,2
1,0,0,0,1
1,0,0,0,1
1,0,0,0,1
1,0,0,0,1
1,0,0,0,1
1,0,0,0,1
1,16,1,0,18
3,0,0,0,3
1,0,0,0,1
1,0,0,0,1
1,0,0,0,1
2,0,0,0,2
1,0,0,0,1
1,0,0,0,1
1,0,0,0,1
1,0,0,0,1
1,0,0,0,1
1,0,0,0,1
1,0,0,0,1
1,0,0,0,1
1,6,0,0,7
1,0,0,0,1
1,0,0,0,1
1,0,0,0,1
1,0,0,0,1
1,0,0,0,1
1,0,0,0,1
1,0,0,0,1
1,0,0,0,1
1,0,0,0,1
1,0,0,0,1
1,0,0,0,1
1,0,0,0,1
1,0,0,0,1
2,0,0,0,2
1,0,0,0,1
1,0,0,0,1
1,0,0,0,1
1,0,0,0,1
1,1,0,0,2
1,0,0,0,1
1,0,0,0,1
1,0,0,0,1
2,0,0,0,2
2,0,0,0,2
1,0,0,0,1
1,0,0,0,1
1,0,0,0,1
1,0,0,0,1
1,0,0,0,1
1,0,0,0,1
1,0,0,0,1
1,0,0,0,1
2,31,0,0,33
1,0,0,0,1
1,0,0,0,1
1,0,0,0,1
1,0,0,0,1
2,0,0,0,2
1,0,0,0,1
1,0,0,0,1
1,0,0,0,1
1,0,0,0,1
1,0,0,0,1
1,0,0,0,1
1,0,0,0,1
6,0,0,0,6
1,0,0,0,1
1,0,0,0,1
1,0,0,0,1
1,0,0,0,1
1,0,0,0,1
1,0,0,0,1
1,0,0,0,1
1,0,0,0,1
1,0,0,0,1
1,0,0,0,1
1,0,0,0,1
3,2,0,0,5
1,15,0,0,16
1,0,0,0,1
1,2,0,0,3
2,0,0,0,2
1,0,0,0,1
1,0,0,0,1
1,0,0,0,1
1,0,0,0,1
1,0,0,0,1
1,0,0,0,1
1,0,0,0,1
1,0,0,0,1
1,0,0,0,1
1,0,0,0,1
1,0,0,0,1
1,0,0,0,1
1,0,0,0,1
2,0,0,0,2
1,0,0,0,1
1,0,0,0,1
1,0,0,0,1
1,0,0,0,1
1,0,0,0,1
1,0,0,0,1
1,0,0,0,1
2,0,0,0,2
1,0,0,0,1
1,0,0,0,1
1,0,0,0,1
1,0,0,0,1
1,0,0,0,1
1,0,0,0,1
3,0,0,0,3
1,0,0,0,1
1,0,0,0,1
1,0,0,0,1
1,0,0,0,1
1,0,0,0,1
1,0,0,0,1
1,0,0,0,1
1,0,0,0,1
1,0,0,0,1
1,0,0,0,1
1,0,0,0,1
1,0,0,0,1
1,0,0,0,1
1,0,0,0,1
1,0,0,0,1
2,0,0,0,2
1,0,0,0,1
1,0,0,0,1
1,0,0,0,1
1,0,0,0,1
1,0,0,0,1
1,8,0,0,9
1,0,0,0,1
1,0,0,0,1
1,0,0,0,1
1,0,0,0,1
1,0,0,0,1
1,0,0,0,1
1,0,0,0,1
1,0,0,0,1
1,0,0,0,1
1,0,0,0,1
1,0,0,0,1
1,0,0,0,1
1,0,0,0,1
1,1,0,0,2
1,0,0,0,1
1,0,0,0,1
1,0,0,0,1
1,0,0,0,1
1,0,0,0,1
1,0,0,0,1
1,0,0,0,1
1,0,0,0,1
1,0,0,0,1
1,0,0,0,1
1,0,0,0,1
1,0,0,0,1
1,0,0,0,1
1,0,0,0,1
1,0,0,0,1
1,0,0,0,1
1,0,0,0,1
1,0,0,0,1
2,0,0,0,2
1,0,0,0,1
1,0,0,0,1
1,0,0,0,1
1,0,0,0,1
1,0,0,0,1
1,0,0,0,1
1,0,0,0,1
1,0,0,0,1
1,0,0,0,1
1,0,0,0,1
1,0,0,0,1
2,0,0,0,2
1,0,0,0,1
1,0,0,0,1
1,0,0,0,1
1,0,0,0,1
1,0,0,0,1
1,0,0,0,1
1,0,0,0,1
1,0,0,0,1
1,0,0,0,1
1,0,0,0,1
1,0,0,0,1
1,0,0,0,1
1,0,0,0,1
1,0,0,0,1
1,0,0,0,1
2,0,0,0,2
1,0,0,0,1
1,0,0,0,1
1,0,0,0,1
1,0,0,0,1
1,0,0,0,1
1,0,0,0,1
1,0,0,0,1
1,0,0,0,1
2,0,0,0,2
1,0,0,0,1
1,0,0,0,1
1,0,0,0,1
1,0,0,0,1
1,0,0,0,1
1,0,0,0,1
1,0,0,0,1
1,2,0,0,3
1,0,0,0,1
1,0,0,0,1
1,0,0,0,1
1,0,0,0,1
1,0,0,0,1
1,0,0,0,1
1,0,0,0,1
1,0,0,0,1
1,1,0,0,2
1,0,0,0,1
1,0,0,0,1
1,4,0,0,5
1,0,0,0,1
1,0,0,0,1
1,0,0,0,1
1,0,0,0,1
1,0,0,0,1
2,0,0,0,2
1,0,0,0,1
1,1,0,0,2
3,0,0,0,3
3,0,0,0,3
1,0,0,0,1
1,0,0,0,1
1,0,0,0,1
1,0,0,0,1
1,0,0,0,1
1,0,0,0,1
1,0,0,0,1
2,0,0,0,2
2,0,0,0,2
1,0,0,0,1
1,0,0,0,1
1,0,0,0,1
1,0,0,0,1
1,0,0,0,1
1,0,0,0,1
1,0,0,0,1
1,0,0,0,1
2,0,0,0,2
1,0,0,0,1
3,0,0,0,3
2,0,0,0,2
1,0,0,0,1
1,0,0,0,1
1,0,0,0,1
1,0,0,0,1
1,0,0,0,1
1,0,0,0,1
1,0,0,0,1
1,0,0,0,1
1,0,0,0,1
1,0,0,0,1
1,0,0,0,1
1,0,0,0,1
1,0,0,0,1
1,0,0,0,1
1,0,0,0,1
1,0,0,0,1
1,0,0,0,1
1,0,0,0,1
1,0,0,0,1
1,0,0,0,1
1,0,0,0,1
1,0,0,0,1
1,0,0,0,1
1,0,0,0,1
1,0,0,0,1
1,0,0,0,1
2,0,0,0,2
1,0,0,0,1
1,0,0,0,1
1,26,0,0,27
1,0,0,0,1
1,0,0,0,1
1,0,0,0,1
1,0,0,0,1
1,0,0,0,1
1,0,0,0,1
1,0,0,0,1
1,0,0,0,1
1,0,0,0,1
1,0,0,0,1
1,0,0,0,1
1,0,0,0,1
1,0,0,0,1
1,0,0,0,1
1,0,0,0,1
1,0,0,0,1
1,0,0,0,1
1,0,0,0,1
1,0,0,0,1
1,0,0,0,1
1,0,0,0,1
1,0,0,0,1
1,0,0,0,1
1,0,0,0,1
1,0,0,0,1
1,0,0,0,1
1,0,0,0,1
1,0,0,0,1
1,0,0,0,1
1,0,0,0,1
2,0,0,0,2
1,0,0,0,1
1,0,0,0,1
1,0,0,0,1
1,0,0,0,1
1,0,0,0,1
1,0,0,0,1
1,0,0,0,1
1,0,0,0,1
1,0,0,0,1
1,0,0,0,1
1,0,0,0,1
1,0,0,0,1
1,0,0,0,1
1,0,0,0,1
1,0,0,0,1
1,0,0,0,1
1,0,0,0,1
2,0,0,0,2
1,0,0,0,1
2,19,0,0,21
1,0,0,0,1
1,0,0,0,1
3,0,0,0,3
1,0,0,0,1
1,0,0,0,1
1,0,0,0,1
1,5,0,0,6
1,0,0,0,1
1,0,0,0,1
1,0,0,0,1
1,0,0,0,1
1,0,0,0,1
1,0,0,0,1
1,2,1,0,4
1,0,0,0,1
1,0,0,0,1
1,0,0,0,1
1,0,0,0,1
1,0,0,0,1
1,0,0,0,1
1,0,0,0,1
1,0,0,0,1
1,0,0,0,1
2,0,0,0,2
2,0,0,0,2
1,0,0,0,1
2,0,0,0,2
1,0,0,0,1
1,0,0,0,1
1,0,0,0,1
1,0,0,0,1
1,0,0,0,1
1,0,0,0,1
1,0,0,0,1
1,0,0,0,1
1,0,0,0,1
1,0,0,0,1
1,0,0,0,1
1,0,0,0,1
2,2,0,0,4
1,0,0,0,1
1,0,0,0,1
1,0,0,0,1
1,0,0,0,1
1,0,0,0,1
1,0,0,0,1
1,0,0,0,1
1,0,0,0,1
1,0,0,0,1
1,0,0,0,1
1,0,0,0,1
2,0,0,0,2
1,0,0,0,1
1,0,0,0,1
1,0,0,0,1
1,0,0,0,1
1,0,0,0,1
2,1,0,0,3
2,0,0,0,2
1,0,0,0,1
1,0,0,0,1
1,0,0,0,1
2,0,0,0,2
1,0,0,0,1
1,0,0,0,1
2,0,0,0,2
1,0,0,0,1
1,0,0,0,1
1,0,0,0,1
1,0,0,0,1
1,0,0,0,1
1,0,0,0,1
1,0,0,0,1
1,0,0,0,1
1,0,0,0,1
1,0,0,0,1
1,0,0,0,1
1,0,0,0,1
2,0,0,0,2
2,0,0,0,2
1,0,0,0,1
1,0,0,0,1
1,0,0,0,1
1,0,0,0,1
1,0,0,0,1
1,0,0,0,1
2,0,0,0,2
1,0,0,0,1
1,0,0,0,1
1,0,0,0,1
1,0,0,0,1
1,0,0,0,1
1,0,0,0,1
1,0,0,0,1
1,0,0,0,1
1,0,0,0,1
1,0,0,0,1
1,0,0,0,1
1,0,0,0,1
1,0,0,0,1
1,0,0,0,1
1,5,1,0,7
1,0,0,0,1
1,0,0,0,1
1,0,0,0,1
1,0,0,0,1
1,1,0,0,2
1,0,0,0,1
2,0,0,0,2
1,0,0,0,1
1,0,0,0,1
1,0,0,0,1
1,0,0,0,1
1,0,0,0,1
1,0,0,0,1
1,0,0,0,1
1,0,0,0,1
1,0,0,0,1
1,0,0,0,1
1,0,0,0,1
1,0,0,0,1
1,0,0,0,1
2,0,0,0,2
1,0,0,0,1
1,0,0,0,1
1,0,0,0,1
1,0,0,0,1
1,0,0,0,1
1,0,0,0,1
1,0,0,0,1
1,0,0,0,1
1,0,0,0,1
1,0,0,0,1
1,0,0,0,1
1,0,0,0,1
1,0,0,0,1
1,0,0,0,1
1,0,0,0,1
1,0,0,0,1
1,0,0,0,1
1,0,0,0,1
1,0,0,0,1
2,0,0,0,2
1,0,0,0,1
1,0,0,0,1
1,0,0,0,1
1,0,0,0,1
1,0,0,0,1
1,0,0,0,1
1,0,0,0,1
2,0,0,0,2
1,0,0,0,1
1,0,0,0,1
1,0,0,0,1
1,0,0,0,1
1,0,0,0,1
1,0,0,0,1
1,0,0,0,1
1,0,0,0,1
1,0,0,0,1
2,0,0,0,2
1,0,0,0,1
1,0,0,0,1
1,0,0,0,1
1,0,0,0,1
1,0,0,0,1
1,0,0,0,1
1,0,0,0,1
1,0,0,0,1
1,0,0,0,1
1,0,0,0,1
1,0,0,0,1
1,0,0,0,1
1,0,0,0,1
1,0,0,0,1
1,0,0,0,1
1,0,0,0,1
1,0,0,0,1
2,0,0,0,2
1,0,0,0,1
1,0,0,0,1
1,0,0,0,1
1,0,0,0,1
1,0,0,0,1
1,0,0,0,1
1,0,0,0,1
1,0,0,0,1
1,0,0,0,1
1,0,0,0,1
1,0,0,0,1
1,0,0,0,1
1,0,0,0,1
1,0,0,0,1
1,0,0,0,1
1,0,0,0,1
1,0,0,0,1
1,0,0,0,1
3,0,0,0,3
1,0,0,0,1
1,0,0,0,1
1,0,0,0,1
1,0,0,0,1
1,0,0,0,1
1,0,0,0,1
1,0,0,0,1
1,0,0,0,1
1,0,0,0,1
1,0,0,0,1
1,0,0,0,1
1,0,0,0,1
1,0,0,0,1
1,0,0,0,1
1,0,0,0,1
3,0,0,0,3
1,0,0,0,1
1,0,0,0,1
1,0,0,0,1
1,1,0,0,2
1,0,0,0,1
1,0,0,0,1
1,0,0,0,1
1,0,0,0,1
1,0,0,0,1
1,0,0,0,1
1,0,0,0,1
1,0,0,0,1
1,0,0,0,1
1,0,0,0,1
1,0,0,0,1
1,0,0,0,1
1,0,0,0,1
1,0,0,0,1
1,0,0,0,1
2,0,0,0,2
2,0,0,0,2
2,0,0,0,2
1,0,0,0,1
2,0,0,0,2
2,1,0,0,3
1,0,0,0,1
1,0,0,0,1
1,0,0,0,1
1,0,0,0,1
1,1,0,0,2
1,0,0,0,1
1,0,0,0,1
1,0,0,0,1
1,0,0,0,1
1,0,0,0,1
1,0,0,0,1
1,0,0,0,1
1,0,0,0,1
1,0,0,0,1
3,0,0,0,3
1,0,0,0,1
1,0,0,0,1
1,0,0,0,1
1,0,0,0,1
1,0,0,0,1
1,0,0,0,1
1,0,0,0,1
1,0,0,0,1
2,0,0,0,2
1,0,0,0,1
1,0,0,0,1
2,0,0,0,2
1,0,0,0,1
1,0,0,0,1
1,0,0,0,1
1,0,0,0,1
1,0,0,0,1
1,0,0,0,1
1,0,0,0,1
1,0,0,0,1
1,0,0,0,1
1,0,0,0,1
1,0,0,0,1
1,0,0,0,1
1,0,0,0,1
1,0,0,0,1
1,0,0,0,1
1,0,0,0,1
2,0,0,0,2
1,0,0,0,1
1,0,0,0,1
1,0,0,0,1
1,0,0,0,1
1,0,0,0,1
1,0,0,0,1
1,0,0,0,1
1,0,0,0,1
1,0,0,0,1
1,0,0,0,1
1,0,0,0,1
1,0,0,0,1
1,0,0,0,1
1,0,0,0,1
1,0,0,0,1
1,0,0,0,1
1,0,0,0,1
1,0,0,0,1
1,0,0,0,1
1,0,0,0,1
1,0,0,0,1
1,0,0,0,1
1,0,0,0,1
2,0,0,0,2
1,0,0,0,1
1,0,0,0,1
1,0,0,0,1
1,0,0,0,1
3,1,0,0,4
1,0,0,0,1
1,592,0,0,593
1,0,0,0,1
1,0,0,0,1
1,0,0,0,1
1,0,0,0,1
1,0,0,0,1
1,0,0,0,1
1,0,0,0,1
1,0,0,0,1
3,0,0,0,3
1,0,0,0,1
1,0,0,0,1
1,0,0,0,1
1,0,0,0,1
1,0,0,0,1
1,0,0,0,1
1,0,0,0,1
1,0,0,0,1
1,0,0,0,1
1,0,0,0,1
1,0,0,0,1
1,0,0,0,1
1,0,0,0,1
1,0,0,0,1
1,0,0,0,1
1,0,0,0,1
1,0,0,0,1
1,0,0,0,1
1,0,0,0,1
1,0,0,0,1
1,0,0,0,1
1,0,0,0,1
1,0,0,0,1
1,11,0,0,12
1,0,0,0,1
1,0,0,0,1
1,0,0,0,1
1,0,0,0,1
1,0,0,0,1
1,0,0,0,1
1,0,0,0,1
1,0,0,0,1
1,0,0,0,1
1,0,0,0,1
1,0,0,0,1
1,0,0,0,1
1,0,0,0,1
1,0,0,0,1
1,0,0,0,1
1,0,0,0,1
1,0,0,0,1
1,0,0,0,1
1,0,0,0,1
1,0,0,0,1
1,0,0,0,1
2,0,0,0,2
1,0,0,0,1
1,0,0,0,1
3,0,0,0,3
1,0,0,0,1
1,0,0,0,1
2,0,0,0,2
2,0,0,0,2
1,0,0,0,1
1,0,0,0,1
2,0,0,0,2
1,0,0,0,1
1,0,0,0,1
2,0,0,0,2
1,0,0,0,1
1,0,0,0,1
1,0,0,0,1
1,0,0,0,1
1,0,0,0,1
1,0,0,0,1
1,0,0,0,1
1,0,0,0,1
3,0,0,0,3
1,0,0,0,1
1,0,0,0,1
1,0,0,0,1
1,0,0,0,1
1,0,0,0,1
1,0,0,0,1
1,0,0,0,1
1,0,0,0,1
1,0,0,0,1
2,0,0,0,2
1,0,0,0,1
1,0,0,0,1
1,6,0,0,7
1,0,0,0,1
1,0,0,0,1
1,0,0,0,1
1,0,0,0,1
1,0,0,0,1
1,0,0,0,1
1,0,0,0,1
1,0,0,0,1
1,30,0,0,31
1,0,0,0,1
1,0,0,0,1
1,0,0,0,1
1,0,0,0,1
2,0,0,0,2
1,0,0,0,1
1,0,0,0,1
2,0,0,0,2
1,0,0,0,1
2,0,0,0,2
1,0,0,0,1
1,0,0,0,1
1,0,0,0,1
1,0,0,0,1
1,0,0,0,1
1,0,0,0,1
1,0,0,0,1
1,0,0,0,1
1,0,0,0,1
1,0,0,0,1
1,0,0,0,1
2,0,0,0,2
1,0,0,0,1
1,0,0,0,1
1,0,0,0,1
1,0,0,0,1
1,0,0,0,1
1,0,0,0,1
1,0,0,0,1
1,0,0,0,1
1,0,0,0,1
1,0,0,0,1
1,0,0,0,1
1,0,0,0,1
1,0,0,0,1
1,0,0,0,1
1,0,0,0,1
2,0,0,0,2
1,0,0,0,1
1,0,0,0,1
1,0,0,0,1
1,0,0,0,1
1,0,0,0,1
1,0,0,0,1
1,0,0,0,1
1,0,0,0,1
2,0,0,0,2
1,0,0,0,1
1,0,0,0,1
1,30,0,0,31
1,0,0,0,1
1,0,0,0,1
1,0,0,0,1
1,0,0,0,1
1,0,0,0,1
1,0,0,0,1
2,0,0,0,2
2,0,0,0,2
1,0,0,0,1
1,0,0,0,1
1,0,0,0,1
2,0,0,0,2
1,1,0,0,2
1,0,0,0,1
1,0,0,0,1
1,0,0,0,1
1,0,0,0,1
1,0,0,0,1
2,0,0,0,2
1,0,0,0,1
1,0,0,0,1
1,0,0,0,1
1,0,0,0,1
1,0,0,0,1
1,0,0,0,1
1,0,0,0,1
1,0,0,0,1
1,0,0,0,1
1,0,0,0,1
1,0,0,0,1
2,0,0,0,2
1,0,0,0,1
1,0,0,0,1
1,0,0,0,1
1,0,0,0,1
1,0,0,0,1
1,0,0,0,1
1,0,0,0,1
1,0,0,0,1
1,0,1,0,2
1,0,0,0,1
1,0,0,0,1
1,0,0,0,1
1,0,0,0,1
1,0,0,0,1
1,0,0,0,1
1,0,0,0,1
1,0,0,0,1
1,0,0,0,1
1,0,0,0,1
1,0,0,0,1
3,0,0,0,3
1,0,0,0,1
1,0,0,0,1
1,0,0,0,1
1,0,0,0,1
1,0,0,0,1
1,0,0,0,1
1,0,1,0,2
2,0,0,0,2
1,0,0,0,1
1,0,0,0,1
2,0,0,0,2
2,0,0,0,2
1,0,0,0,1
2,0,0,0,2
1,0,0,0,1
1,0,0,0,1
1,0,0,0,1
1,0,0,0,1
1,0,0,0,1
1,0,0,0,1
1,0,0,0,1
1,0,0,0,1
1,0,0,0,1
1,0,0,0,1
1,0,0,0,1
2,0,0,0,2
1,0,0,0,1
1,0,0,0,1
2,4,0,0,6
1,0,0,0,1
2,0,0,0,2
1,0,0,0,1
2,0,0,0,2
1,0,0,0,1
1,2,1,0,4
1,0,0,0,1
1,0,0,0,1
1,0,0,0,1
1,0,0,0,1
1,0,0,0,1
1,0,0,0,1
1,0,0,0,1
1,0,0,0,1
1,7,0,0,8
1,0,0,0,1
1,0,0,0,1
1,0,0,0,1
1,0,0,0,1
1,0,0,0,1
1,0,0,0,1
1,0,0,0,1
2,0,0,0,2
1,0,0,0,1
1,0,0,0,1
1,0,0,0,1
1,0,0,0,1
1,0,0,0,1
1,0,0,0,1
1,0,0,0,1
1,0,0,0,1
1,0,0,0,1
1,0,0,0,1
1,0,0,0,1
1,0,0,0,1
1,19,0,0,20
1,0,0,0,1
1,0,0,0,1
1,0,0,0,1
1,0,0,0,1
1,0,0,0,1
1,0,0,0,1
1,0,0,0,1
1,0,0,0,1
2,1,1,0,4
1,0,0,0,1
1,0,0,0,1
1,5,0,0,6
1,0,0,0,1
1,28,9,0,38
1,0,0,0,1
1,0,0,0,1
1,0,0,0,1
1,0,0,0,1
1,0,0,0,1
1,0,0,0,1
1,1,0,0,2
1,3,0,0,4
1,0,0,0,1
1,0,0,0,1
1,0,0,0,1
1,0,0,0,1
1,0,0,0,1
1,0,0,0,1
1,0,0,0,1
1,0,0,0,1
1,0,0,0,1
1,0,0,0,1
1,0,0,0,1
1,0,0,0,1
1,0,0,0,1
1,0,0,0,1
1,0,0,0,1
1,0,0,0,1
1,0,0,0,1
1,0,0,0,1
1,0,0,0,1
2,0,0,0,2
1,0,0,0,1
1,0,0,0,1
1,0,0,0,1
1,0,0,0,1
1,0,0,0,1
1,0,0,0,1
1,0,0,0,1
2,0,0,0,2
2,0,0,0,2
1,0,0,0,1
1,0,0,0,1
1,0,0,0,1
1,0,0,0,1
1,0,0,0,1
2,2,0,0,4
1,0,0,0,1
1,0,0,0,1
1,0,0,0,1
1,0,0,0,1
1,0,0,0,1
1,0,0,0,1
1,0,0,0,1
1,0,0,0,1
1,0,0,0,1
1,0,0,0,1
1,0,0,0,1
1,0,0,0,1
1,0,0,0,1
1,0,0,0,1
2,0,0,0,2
1,0,0,0,1
2,0,0,0,2
1,0,0,0,1
1,0,0,0,1
1,6,2,0,9
1,0,0,0,1
1,0,0,0,1
1,0,0,0,1
1,0,0,0,1
1,0,0,0,1
2,0,0,0,2
1,0,0,0,1
1,0,0,0,1
1,0,0,0,1
1,0,0,0,1
1,0,0,0,1
1,0,0,0,1
1,0,0,0,1
1,0,0,0,1
1,0,0,0,1
1,0,0,0,1
1,0,0,0,1
1,0,0,0,1
1,0,0,0,1
1,0,0,0,1
1,0,0,0,1
2,0,0,0,2
1,0,0,0,1
1,0,0,0,1
1,0,0,0,1
2,0,0,0,2
1,0,0,0,1
1,0,0,0,1
2,0,0,0,2
2,0,0,0,2
1,0,0,0,1
1,0,0,0,1
1,0,0,0,1
1,0,0,0,1
1,0,0,0,1
1,0,0,0,1
1,0,0,0,1
1,3,0,0,4
1,0,0,0,1
1,0,0,0,1
1,4,0,0,5
1,0,0,0,1
1,0,0,0,1
1,0,0,0,1
1,0,0,0,1
1,0,0,0,1
1,0,0,0,1
1,0,0,0,1
1,0,0,0,1
1,0,0,0,1
1,0,0,0,1
1,0,0,0,1
1,0,0,0,1
2,0,0,0,2
1,0,0,0,1
1,0,0,0,1
1,0,0,0,1
1,0,0,0,1
1,0,0,0,1
1,0,0,0,1
2,0,0,0,2
1,0,0,0,1
1,0,0,0,1
1,0,0,0,1
1,0,0,0,1
1,0,0,0,1
1,0,0,0,1
1,0,0,0,1
1,0,0,0,1
1,0,0,0,1
1,0,0,0,1
1,0,0,0,1
1,0,0,0,1
1,0,0,0,1
1,0,0,0,1
1,0,0,0,1
1,0,0,0,1
2,0,0,0,2
1,0,0,0,1
1,0,0,0,1
1,0,0,0,1
1,2,0,0,3
1,0,0,0,1
2,0,0,0,2
1,0,0,0,1
2,0,0,0,2
1,0,0,0,1
1,0,0,0,1
1,0,0,0,1
1,0,0,0,1
1,0,0,0,1
2,0,0,0,2
1,0,0,0,1
1,0,0,0,1
1,0,0,0,1
1,0,0,0,1
1,0,0,0,1
1,0,0,0,1
1,0,0,0,1
1,0,0,0,1
1,0,0,0,1
1,0,0,0,1
1,0,0,0,1
1,0,0,0,1
1,0,0,0,1
1,0,0,0,1
2,0,0,0,2
1,0,0,0,1
1,0,0,0,1
1,0,0,0,1
2,0,0,0,2
1,0,0,0,1
1,0,0,0,1
1,0,0,0,1
1,0,0,0,1
1,0,0,0,1
1,0,0,0,1
1,0,0,0,1
1,0,0,0,1
1,0,0,0,1
1,2,0,0,3
1,0,0,0,1
1,0,0,0,1
1,0,0,0,1
1,0,0,0,1
1,0,0,0,1
1,0,0,0,1
1,0,0,0,1
1,0,0,0,1
1,0,0,0,1
2,2,0,0,4
2,0,0,0,2
1,0,0,0,1
1,0,0,0,1
1,0,0,0,1
1,0,0,0,1
1,0,0,0,1
1,0,0,0,1
1,0,0,0,1
1,0,0,0,1
1,0,0,0,1
1,0,0,0,1
1,0,0,0,1
1,0,0,0,1
1,0,0,0,1
1,0,0,0,1
1,0,0,0,1
1,0,0,0,1
1,0,0,0,1
1,0,0,0,1
1,0,0,0,1
1,0,0,0,1
1,0,0,0,1
1,0,0,0,1
1,0,0,0,1
1,0,0,0,1
1,0,0,0,1
1,0,0,0,1
1,0,0,0,1
1,0,0,0,1
2,0,0,0,2
1,0,0,0,1
1,0,0,0,1
1,0,0,0,1
1,0,0,0,1
1,0,0,0,1
1,0,0,0,1
1,0,0,0,1
2,0,0,0,2
1,0,0,0,1
1,0,0,0,1
1,0,0,0,1
1,0,0,0,1
1,0,0,0,1
1,0,0,0,1
1,0,0,0,1
1,0,0,0,1
1,0,0,0,1
1,0,0,0,1
2,0,0,0,2
1,0,0,0,1
1,0,0,0,1
3,0,0,0,3
1,0,0,0,1
2,0,0,0,2
2,0,0,0,2
1,0,0,0,1
1,0,0,0,1
1,0,0,0,1
1,0,0,0,1
1,0,0,0,1
1,0,0,0,1
1,0,0,0,1
1,0,0,0,1
1,0,0,0,1
1,0,0,0,1
1,0,0,0,1
1,0,0,0,1
1,0,0,0,1
1,0,0,0,1
1,0,0,0,1
2,0,0,0,2
1,0,0,0,1
1,0,0,0,1
1,0,0,0,1
1,0,0,0,1
1,0,0,0,1
2,0,0,0,2
1,0,0,0,1
1,0,0,0,1
1,0,0,0,1
1,0,0,0,1
1,0,0,0,1
2,0,0,0,2
1,0,0,0,1
1,0,0,0,1
1,0,0,0,1
1,0,0,0,1
1,0,0,0,1
1,0,0,0,1
1,0,0,0,1
1,0,0,0,1
1,0,0,0,1
3,0,0,0,3
1,0,0,0,1
1,0,0,0,1
1,0,0,0,1
1,0,0,0,1
1,0,0,0,1
1,0,0,0,1
1,0,0,0,1
1,0,0,0,1
1,0,0,0,1
1,0,0,0,1
1,0,0,0,1
1,0,0,0,1
1,0,0,0,1
1,0,0,0,1
1,0,0,0,1
1,0,0,0,1
1,0,0,0,1
1,0,0,0,1
1,0,0,0,1
1,0,0,0,1
1,0,0,0,1
1,0,0,0,1
1,0,0,0,1
1,0,0,0,1
1,0,0,0,1
1,0,0,0,1
1,0,0,0,1
1,0,0,0,1
1,0,0,0,1
1,0,0,0,1
1,0,0,0,1
1,0,0,0,1
1,0,0,0,1
1,0,0,0,1
1,0,0,0,1
1,0,0,0,1
1,0,0,0,1
1,0,0,0,1
1,0,0,0,1
1,0,0,0,1
1,0,0,0,1
1,0,0,0,1
1,0,0,0,1
1,0,0,0,1
2,2,0,0,4
1,0,0,0,1
1,0,0,0,1
3,0,0,0,3
1,0,0,0,1
3,0,0,0,3
1,0,0,0,1
1,0,0,0,1
1,0,0,0,1
1,0,0,0,1
1,0,0,0,1
1,0,0,0,1
1,0,0,0,1
1,0,0,0,1
1,0,0,0,1
1,0,0,0,1
1,0,0,0,1
1,0,0,0,1
1,0,0,0,1
1,12,0,0,13
1,0,0,0,1
1,0,0,0,1
1,0,0,0,1
1,0,0,0,1
1,0,0,0,1
1,0,0,0,1
1,0,0,0,1
1,0,0,0,1
1,0,0,0,1
1,1,1,0,3
1,0,0,0,1
1,0,0,0,1
1,0,0,0,1
1,0,0,0,1
1,0,0,0,1
1,0,0,0,1
1,0,0,0,1
1,0,0,0,1
1,0,0,0,1
1,0,0,0,1
1,0,0,0,1
1,0,0,0,1
2,0,0,0,2
1,0,0,0,1
1,0,0,0,1
1,0,0,0,1
1,0,0,0,1
1,0,0,0,1
1,0,0,0,1
1,0,0,0,1
1,0,0,0,1
1,0,0,0,1
1,0,0,0,1
2,0,0,0,2
1,0,0,0,1
1,0,0,0,1
1,0,0,0,1
1,0,0,0,1
1,0,0,0,1
1,0,0,0,1
1,0,0,0,1
1,0,0,0,1
1,0,0,0,1
1,0,0,0,1
1,0,0,0,1
1,0,0,0,1
1,0,0,0,1
1,0,0,0,1
1,0,0,0,1
1,1,0,0,2
1,0,0,0,1
1,0,0,0,1
1,0,0,0,1
1,0,0,0,1
1,0,0,0,1
1,0,0,0,1
2,0,0,0,2
1,0,0,0,1
1,0,0,0,1
1,0,0,0,1
1,0,0,0,1
2,0,0,0,2
1,0,0,0,1
1,0,0,0,1
1,0,0,0,1
1,0,0,0,1
1,0,0,0,1
1,0,0,0,1
1,0,0,0,1
1,0,0,0,1
2,0,0,0,2
1,0,0,0,1
1,0,0,0,1
1,0,0,0,1
1,0,0,0,1
1,0,0,0,1
1,0,0,0,1
1,0,0,0,1
1,0,0,0,1
1,0,0,0,1
1,0,0,0,1
1,0,0,0,1
1,0,0,0,1
1,0,0,0,1
1,0,0,0,1
1,0,0,0,1
1,0,0,0,1
1,0,0,0,1
1,0,0,0,1
1,0,0,0,1
1,0,0,0,1
1,0,0,0,1
1,0,0,0,1
1,0,0,0,1
1,0,0,0,1
1,0,0,0,1
1,0,0,0,1
1,0,0,0,1
1,0,0,0,1
1,0,0,0,1
1,0,0,0,1
1,0,0,0,1
2,0,0,0,2
1,0,0,0,1
1,0,0,0,1
1,0,0,0,1
1,0,0,0,1
1,0,0,0,1
1,0,0,0,1
1,0,0,0,1
1,0,0,0,1
1,0,0,0,1
1,0,0,0,1
1,0,0,0,1
1,0,0,0,1
1,0,0,0,1
1,0,0,0,1
1,0,0,0,1
1,0,0,0,1
1,0,0,0,1
2,0,0,0,2
1,0,0,0,1
1,0,0,0,1
1,0,0,0,1
1,0,0,0,1
1,0,0,0,1
1,0,0,0,1
1,0,0,0,1
1,0,0,0,1
1,0,0,0,1
1,0,0,0,1
1,0,0,0,1
1,0,0,0,1
1,0,0,0,1
1,0,0,0,1
1,0,0,0,1
1,0,0,0,1
1,0,0,0,1
1,0,0,0,1
1,0,0,0,1
1,0,0,0,1
1,0,0,0,1
2,0,0,0,2
3,0,0,0,3
1,0,0,0,1
1,0,0,0,1
1,0,0,0,1
2,0,0,0,2
1,0,0,0,1
1,0,0,0,1
1,0,0,0,1
1,0,0,0,1
1,0,0,0,1
1,0,0,0,1
1,0,0,0,1
1,0,0,0,1
1,0,0,0,1
1,0,0,0,1
1,0,0,0,1
1,0,0,0,1
1,0,0,0,1
1,0,0,0,1
1,0,0,0,1
1,0,0,0,1
1,0,0,0,1
1,0,0,0,1
1,0,0,0,1
1,0,0,0,1
1,0,0,0,1
1,0,0,0,1
1,0,0,0,1
1,0,0,0,1
1,0,0,0,1
1,0,0,0,1
1,0,0,0,1
1,0,0,0,1
1,0,0,0,1
1,0,0,0,1
1,0,0,0,1
1,0,0,0,1
1,0,0,0,1
1,0,0,0,1
2,0,0,0,2
1,0,0,0,1
1,0,0,0,1
1,0,0,0,1
1,0,0,0,1
1,0,0,0,1
1,0,0,0,1
1,0,0,0,1
1,0,0,0,1
1,0,0,0,1
1,0,0,0,1
1,0,0,0,1
1,0,0,0,1
1,0,0,0,1
1,0,0,0,1
1,0,0,0,1
1,0,0,0,1
1,0,0,0,1
1,0,0,0,1
1,0,0,0,1
1,0,0,0,1
1,0,0,0,1
1,0,0,0,1
1,0,0,0,1
1,0,0,0,1
1,0,0,0,1
1,0,0,0,1
1,0,0,0,1
1,0,0,0,1
1,0,0,0,1
1,0,0,0,1
1,1,0,0,2
1,0,0,0,1
1,0,0,0,1
1,0,0,0,1
1,0,0,0,1
1,0,0,0,1
1,0,0,0,1
1,0,0,0,1
1,0,0,0,1
1,0,0,0,1
1,0,0,0,1
1,0,0,0,1
1,0,0,0,1
1,0,0,0,1
1,0,0,0,1
1,1,0,0,2
1,2,0,0,3
1,0,0,0,1
1,0,0,0,1
1,0,0,0,1
1,0,0,0,1
1,0,0,0,1
1,0,0,0,1
1,7,0,0,8
1,0,0,0,1
1,0,0,0,1
1,0,0,0,1
1,0,0,0,1
1,2,0,0,3
1,0,0,0,1
1,0,0,0,1
1,0,0,0,1
1,0,0,0,1
1,0,0,0,1
2,0,0,0,2
1,0,0,0,1
1,0,0,0,1
1,0,0,0,1
1,0,0,0,1
1,0,0,0,1
1,0,0,0,1
1,0,0,0,1
1,0,0,0,1
1,0,0,0,1
1,0,0,0,1
1,0,0,0,1
1,0,0,0,1
1,0,0,0,1
1,0,0,0,1
1,0,0,0,1
1,0,0,0,1
1,0,0,0,1
1,0,0,0,1
1,0,0,0,1
2,1,0,0,3
1,0,0,0,1
1,0,0,0,1
1,0,0,0,1
1,0,0,0,1
1,2,1,0,4
2,0,0,0,2
1,0,0,0,1
1,0,0,0,1
1,0,0,0,1
1,0,0,0,1
1,0,0,0,1
1,0,0,0,1
1,0,0,0,1
1,0,0,0,1
1,0,0,0,1
1,1,0,0,2
1,0,0,0,1
1,0,0,0,1
1,0,0,0,1
1,0,0,0,1
1,0,0,0,1
1,0,0,0,1
1,0,0,0,1
1,3,1,0,5
1,0,0,0,1
1,0,0,0,1
1,0,0,0,1
1,0,0,0,1
1,0,0,0,1
1,0,0,0,1
1,0,0,0,1
1,0,0,0,1
1,0,0,0,1
1,0,0,0,1
1,0,0,0,1
1,0,0,0,1
2,0,0,0,2
1,0,0,0,1
1,0,0,0,1
1,0,0,0,1
1,0,0,0,1
1,0,0,0,1
1,3,0,0,4
1,0,0,0,1
1,0,0,0,1
1,0,0,0,1
1,0,0,0,1
1,0,0,0,1
1,0,0,0,1
1,0,2,0,3
1,0,0,0,1
1,0,0,0,1
1,0,0,0,1
1,0,0,0,1
1,0,0,0,1
1,0,0,0,1
1,0,0,0,1
1,0,0,0,1
1,0,0,0,1
1,0,0,0,1
1,0,0,0,1
1,0,0,0,1
1,0,0,0,1
1,0,0,0,1
1,0,0,0,1
1,0,0,0,1
1,0,0,0,1
1,0,0,0,1
1,0,0,0,1
1,0,0,0,1
1,0,0,0,1
1,0,0,0,1
1,0,0,0,1
1,0,0,0,1
1,0,0,0,1
1,0,0,0,1
1,0,0,0,1
1,0,0,0,1
2,0,0,0,2
1,0,0,0,1
1,0,0,0,1
1,0,0,0,1
1,0,0,0,1
1,0,0,0,1
1,0,0,0,1
1,0,0,0,1
1,0,0,0,1
1,0,0,0,1
1,0,0,0,1
2,0,0,0,2
1,0,0,0,1
1,0,0,0,1
1,0,0,0,1
1,0,0,0,1
1,0,0,0,1
1,0,0,0,1
1,0,0,0,1
1,0,0,0,1
1,0,0,0,1
1,0,0,0,1
1,0,0,0,1
1,0,0,0,1
1,0,0,0,1
1,0,0,0,1
1,0,0,0,1
2,0,0,0,2
1,0,0,0,1
1,0,0,0,1
2,0,0,0,2
1,0,0,0,1
1,0,0,0,1
1,0,0,0,1
1,0,0,0,1
1,0,0,0,1
1,0,0,0,1
1,0,0,0,1
1,0,0,0,1
1,0,0,0,1
1,0,0,0,1
1,0,0,0,1
1,0,0,0,1
1,0,0,0,1
1,0,0,0,1
1,0,0,0,1
1,0,0,0,1
1,0,0,0,1
1,0,0,0,1
1,0,0,0,1
1,0,0,0,1
1,0,0,0,1
1,3,0,0,4
1,0,0,0,1
2,0,0,0,2
1,0,0,0,1
1,0,0,0,1
1,2,0,0,3
1,0,0,0,1
1,0,0,0,1
1,0,0,0,1
1,0,0,0,1
1,0,0,0,1
1,0,0,0,1
1,0,0,0,1
1,0,0,0,1
2,0,0,0,2
1,0,0,0,1
1,0,0,0,1
1,0,0,0,1
1,0,0,0,1
1,0,0,0,1
1,0,0,0,1
1,0,0,0,1
1,0,0,0,1
1,0,0,0,1
1,0,0,0,1
1,0,0,0,1
1,0,0,0,1
1,0,0,0,1
1,0,0,0,1
1,0,0,0,1
1,0,0,0,1
1,0,0,0,1
1,0,0,0,1
2,0,0,0,2
1,0,0,0,1
1,0,0,0,1
1,0,0,0,1
1,0,0,0,1
1,0,0,0,1
1,0,0,0,1
1,0,0,0,1
1,0,0,0,1
2,0,0,0,2
3,0,0,0,3
1,0,0,0,1
1,0,0,0,1
1,0,0,0,1
1,0,0,0,1
1,0,0,0,1
1,0,0,0,1
2,0,0,0,2
1,0,0,0,1
1,0,0,0,1
1,0,0,0,1
1,0,0,0,1
1,0,0,0,1
1,0,0,0,1
1,0,0,0,1
1,0,0,0,1
1,0,0,0,1
1,0,0,0,1
1,0,0,0,1
1,0,0,0,1
1,1,0,0,2
1,0,0,0,1
1,0,0,0,1
1,0,0,0,1
3,0,0,0,3
1,0,0,0,1
1,0,0,0,1
1,0,0,0,1
1,0,0,0,1
1,0,0,0,1
1,0,0,0,1
1,0,0,0,1
1,0,0,0,1
1,0,0,0,1
1,0,0,0,1
1,0,0,0,1
2,0,0,0,2
3,0,0,0,3
1,0,0,0,1
1,0,0,0,1
1,0,0,0,1
1,0,0,0,1
1,0,0,0,1
2,0,0,0,2
1,0,0,0,1
1,0,0,0,1
1,0,0,0,1
1,0,0,0,1
1,0,0,0,1
1,0,0,0,1
2,0,0,0,2
1,0,0,0,1
1,0,0,0,1
1,0,0,0,1
1,0,0,0,1
1,0,0,0,1
1,0,0,0,1
1,0,0,0,1
2,0,0,0,2
1,0,0,0,1
1,0,0,0,1
1,0,0,0,1
1,0,0,0,1
1,0,0,0,1
1,0,0,0,1
1,0,0,0,1
1,0,0,0,1
2,0,0,0,2
1,0,0,0,1
1,0,0,0,1
1,0,0,0,1
3,0,0,0,3
1,0,0,0,1
1,0,0,0,1
1,0,0,0,1
1,0,0,0,1
1,0,0,0,1
3,0,0,0,3
1,0,0,0,1
1,0,0,0,1
1,0,0,0,1
1,0,0,0,1
1,0,0,0,1
2,0,0,0,2
2,0,0,0,2
1,0,0,0,1
1,0,0,0,1
1,0,0,0,1
1,0,0,0,1
1,0,0,0,1
1,0,0,0,1
1,0,0,0,1
2,0,0,0,2
1,0,0,0,1
1,0,0,0,1
1,0,0,0,1
2,0,0,0,2
1,0,0,0,1
1,0,0,0,1
1,0,0,0,1
1,0,0,0,1
1,0,0,0,1
1,0,0,0,1
1,0,0,0,1
1,0,0,0,1
1,0,0,0,1
1,0,0,0,1
1,0,0,0,1
1,0,0,0,1
2,0,0,0,2
1,0,0,0,1
1,0,0,0,1
1,0,0,0,1
5,0,0,0,5
1,0,0,0,1
1,0,0,0,1
1,0,0,0,1
1,0,0,0,1
1,0,0,0,1
1,0,0,0,1
1,0,0,0,1
1,0,0,0,1
1,0,0,0,1
1,0,0,0,1
1,0,0,0,1
1,0,0,0,1
1,0,0,0,1
1,0,0,0,1
1,0,0,0,1
1,44,0,0,45
1,0,0,0,1
1,0,0,0,1
1,0,0,0,1
1,0,0,0,1
1,0,0,0,1
1,0,0,0,1
1,0,0,0,1
1,0,0,0,1
1,0,0,0,1
2,0,0,0,2
1,0,0,0,1
1,0,0,0,1
1,0,0,0,1
1,0,0,0,1
1,0,0,0,1
1,1,1,0,3
1,0,0,0,1
1,0,0,0,1
1,0,0,0,1
1,0,0,0,1
1,0,0,0,1
1,0,0,0,1
1,0,0,0,1
1,0,0,0,1
1,0,0,0,1
1,0,0,0,1
1,0,0,0,1
1,0,0,0,1
2,0,0,0,2
2,0,0,0,2
1,0,0,0,1
1,0,0,0,1
3,0,0,0,3
1,0,0,0,1
1,0,0,0,1
2,0,1,0,3
1,0,0,0,1
2,0,0,0,2
1,0,0,0,1
1,0,0,0,1
1,0,0,0,1
1,0,0,0,1
1,0,0,0,1
1,0,0,0,1
1,0,0,0,1
1,0,0,0,1
1,0,0,0,1
1,0,0,0,1
1,0,0,0,1
1,0,0,0,1
1,0,0,0,1
1,0,0,0,1
1,0,0,0,1
2,0,0,0,2
1,0,0,0,1
1,0,0,0,1
1,0,0,0,1
1,0,0,0,1
1,0,0,0,1
1,0,0,0,1
1,0,0,0,1
1,0,0,0,1
1,0,0,0,1
1,0,0,0,1
1,0,0,0,1
1,0,0,0,1
1,0,0,0,1
1,0,0,0,1
1,0,0,0,1
1,0,0,0,1
1,0,0,0,1
1,0,0,0,1
1,0,0,0,1
1,0,0,0,1
1,0,0,0,1
2,0,0,0,2
1,0,0,0,1
1,0,0,0,1
1,0,0,0,1
1,1,0,0,2
1,0,0,0,1
1,0,0,0,1
2,0,0,0,2
1,0,0,0,1
1,0,0,0,1
1,0,0,0,1
1,0,0,0,1
1,0,0,0,1
1,0,0,0,1
1,0,0,0,1
1,0,0,0,1
1,0,0,0,1
1,0,0,0,1
1,0,0,0,1
1,0,0,0,1
1,0,0,0,1
1,0,0,0,1
1,1,0,0,2
1,0,0,0,1
1,0,0,0,1
1,0,0,0,1
1,0,0,0,1
1,0,0,0,1
1,0,0,0,1
1,0,0,0,1
1,0,0,0,1
1,0,0,0,1
1,0,0,0,1
1,0,0,0,1
1,0,0,0,1
1,0,0,0,1
1,0,0,0,1
1,0,0,0,1
1,0,0,0,1
1,0,0,0,1
1,0,0,0,1
1,0,0,0,1
2,0,0,0,2
1,0,0,0,1
1,0,0,0,1
1,0,0,0,1
2,0,0,0,2
1,0,0,0,1
1,0,0,0,1
2,0,0,0,2
1,0,0,0,1
1,0,0,0,1
1,0,0,0,1
2,0,0,0,2
1,0,0,0,1
1,0,0,0,1
1,0,0,0,1
2,1,0,0,3
1,0,0,0,1
1,0,0,0,1
1,0,0,0,1
1,0,0,0,1
1,0,0,0,1
1,0,0,0,1
1,0,0,0,1
1,0,0,0,1
1,0,0,0,1
1,0,0,0,1
2,0,0,0,2
1,0,0,0,1
1,0,0,0,1
1,0,0,0,1
1,0,0,0,1
1,1,1,0,3
1,0,0,0,1
1,0,0,0,1
1,0,0,0,1
1,0,0,0,1
1,0,0,0,1
1,0,0,0,1
1,0,0,0,1
1,0,0,0,1
1,0,0,0,1
1,0,0,0,1
1,0,0,0,1
1,0,0,0,1
1,0,0,0,1
1,0,0,0,1
2,0,0,0,2
1,0,0,0,1
1,0,0,0,1
1,0,0,0,1
2,0,0,0,2
1,0,0,0,1
1,0,0,0,1
1,0,0,0,1
1,0,0,0,1
1,0,0,0,1
1,0,0,0,1
1,0,0,0,1
1,0,0,0,1
1,0,0,0,1
1,0,0,0,1
1,0,0,0,1
2,0,0,0,2
1,0,0,0,1
1,0,0,0,1
1,0,0,0,1
1,0,0,0,1
2,0,0,0,2
1,0,0,0,1
1,0,0,0,1
2,0,0,0,2
1,0,0,0,1
1,0,0,0,1
2,0,0,0,2
1,0,0,0,1
1,0,0,0,1
1,0,0,0,1
1,0,0,0,1
1,0,0,0,1
1,0,0,0,1
1,0,0,0,1
1,0,0,0,1
1,0,0,0,1
1,0,0,0,1
1,0,0,0,1
1,0,0,0,1
2,0,0,0,2
1,0,0,0,1
1,0,0,0,1
1,0,0,0,1
1,0,0,0,1
1,0,0,0,1
3,1,0,0,4
1,0,0,0,1
1,0,0,0,1
1,0,0,0,1
1,0,0,0,1
1,0,0,0,1
1,0,0,0,1
1,0,0,0,1
1,0,0,0,1
1,0,0,0,1
3,0,0,0,3
1,0,0,0,1
2,0,0,0,2
1,0,0,0,1
1,0,0,0,1
1,0,0,0,1
1,0,0,0,1
1,0,0,0,1
1,0,0,0,1
1,0,0,0,1
1,0,0,0,1
1,0,0,0,1
1,0,0,0,1
1,0,0,0,1
1,0,0,0,1
1,0,0,0,1
1,0,0,0,1
1,0,0,0,1
1,0,0,0,1
1,0,0,0,1
1,0,0,0,1
1,0,0,0,1
1,0,0,0,1
1,0,0,0,1
1,2,0,0,3
1,0,0,0,1
1,0,0,0,1
1,0,0,0,1
1,0,0,0,1
1,1,0,0,2
1,0,0,0,1
1,0,0,0,1
1,0,0,0,1
1,0,0,0,1
1,0,0,0,1
1,0,0,0,1
1,0,0,0,1
1,0,0,0,1
1,0,0,0,1
1,0,0,0,1
1,0,0,0,1
1,0,0,0,1
1,0,0,0,1
1,0,0,0,1
1,0,0,0,1
1,0,0,0,1
1,0,0,0,1
1,0,0,0,1
2,0,0,0,2
1,0,0,0,1
1,0,0,0,1
1,0,0,0,1
1,0,0,0,1
1,0,0,0,1
1,0,0,0,1
1,0,0,0,1
1,0,0,0,1
1,0,0,0,1
1,0,0,0,1
1,0,0,0,1
1,0,0,0,1
1,0,0,0,1
1,0,0,0,1
1,0,0,0,1
1,0,0,0,1
1,0,0,0,1
1,0,0,0,1
3,0,0,0,3
1,0,0,0,1
1,0,0,0,1
1,0,0,0,1
2,0,0,0,2
1,0,0,0,1
3,0,0,0,3
1,0,0,0,1
1,0,0,0,1
1,0,0,0,1
2,0,0,0,2
1,0,0,0,1
1,0,0,0,1
2,0,0,0,2
1,0,0,0,1
1,0,0,0,1
1,0,0,0,1
1,0,0,0,1
1,0,0,0,1
1,0,0,0,1
1,0,0,0,1
1,0,0,0,1
1,0,0,0,1
1,0,0,0,1
1,0,0,0,1
2,0,0,0,2
1,0,0,0,1
1,0,0,0,1
1,0,0,0,1
1,0,0,0,1
1,0,0,0,1
2,0,0,0,2
1,0,0,0,1
1,0,0,0,1
1,0,0,0,1
1,0,0,0,1
1,0,0,0,1
1,0,0,0,1
1,0,0,0,1
1,0,0,0,1
1,0,0,0,1
1,0,0,0,1
1,0,0,0,1
1,0,0,0,1
1,0,0,0,1
1,0,0,0,1
1,2,0,0,3
2,0,0,0,2
1,0,0,0,1
1,0,0,0,1
1,0,0,0,1
1,0,0,0,1
1,0,0,0,1
2,0,0,0,2
1,0,0,0,1
1,7,0,0,8
1,0,0,0,1
1,0,0,0,1
1,0,0,0,1
1,0,0,0,1
1,0,0,0,1
1,0,0,0,1
1,0,0,0,1
1,0,0,0,1
1,0,0,0,1
1,0,0,0,1
2,0,0,0,2
1,0,0,0,1
1,0,0,0,1
1,0,0,0,1
1,0,0,0,1
1,0,0,0,1
1,0,0,0,1
1,0,0,0,1
1,0,0,0,1
1,0,0,0,1
2,0,0,0,2
1,0,0,0,1
1,0,0,0,1
1,0,0,0,1
1,0,0,0,1
1,0,0,0,1
1,0,0,0,1
1,0,0,0,1
1,0,0,0,1
1,0,0,0,1
1,0,0,0,1
1,0,0,0,1
1,0,1,0,2
1,0,0,0,1
1,0,0,0,1
1,1,0,0,2
1,0,0,0,1
1,0,0,0,1
1,0,0,0,1
1,0,0,0,1
3,0,0,0,3
1,0,0,0,1
1,0,0,0,1
1,0,0,0,1
1,0,0,0,1
2,0,0,0,2
1,0,0,0,1
1,0,0,0,1
1,0,0,0,1
1,0,0,0,1
1,9,1,0,11
1,0,0,0,1
1,0,0,0,1
1,0,0,0,1
2,0,0,0,2
1,0,0,0,1
1,0,0,0,1
1,0,0,0,1
1,0,0,0,1
1,0,0,0,1
1,0,0,0,1
1,0,0,0,1
1,0,0,0,1
1,0,0,0,1
1,0,0,0,1
1,0,0,0,1
1,0,0,0,1
1,0,0,0,1
1,0,0,0,1
1,0,0,0,1
1,0,0,0,1
1,0,0,0,1
1,0,0,0,1
1,0,0,0,1
1,0,0,0,1
1,0,0,0,1
1,0,0,0,1
1,0,0,0,1
1,0,0,0,1
1,0,0,0,1
1,0,0,0,1
1,0,0,0,1
1,0,0,0,1
1,0,0,0,1
1,0,0,0,1
1,0,0,0,1
1,0,0,0,1
1,0,0,0,1
2,0,0,0,2
1,0,0,0,1
3,0,0,0,3
2,0,0,0,2
2,0,0,0,2
1,0,0,0,1
2,0,0,0,2
1,0,0,0,1
1,0,0,0,1
1,0,0,0,1
1,0,0,0,1
1,0,0,0,1
3,0,0,0,3
1,1,0,0,2
1,0,0,0,1
1,0,0,0,1
1,0,0,0,1
1,0,0,0,1
1,0,0,0,1
1,0,0,0,1
1,0,0,0,1
1,0,0,0,1
1,0,0,0,1
1,0,0,0,1
1,0,0,0,1
1,0,0,0,1
1,0,0,0,1
2,7,7,0,16
1,0,0,0,1
1,0,0,0,1
1,0,0,0,1
2,0,0,0,2
1,0,0,0,1
1,0,0,0,1
1,0,0,0,1
1,0,0,0,1
1,0,0,0,1
1,0,0,0,1
1,0,0,0,1
1,0,0,0,1
1,0,0,0,1
1,0,0,0,1
1,0,0,0,1
2,0,0,0,2
1,0,0,0,1
1,0,0,0,1
1,0,0,0,1
1,0,0,0,1
1,0,0,0,1
1,0,0,0,1
1,0,0,0,1
1,0,0,0,1
1,0,0,0,1
1,0,0,0,1
1,0,0,0,1
1,0,0,0,1
2,0,0,0,2
1,0,0,0,1
1,0,0,0,1
1,0,0,0,1
1,0,0,0,1
1,0,0,0,1
4,0,0,0,4
1,0,0,0,1
1,0,0,0,1
1,0,0,0,1
2,0,0,0,2
1,0,0,0,1
1,5,0,0,6
1,0,0,0,1
1,0,0,0,1
1,0,0,0,1
1,0,0,0,1
1,0,0,0,1
1,0,0,0,1
1,0,0,0,1
1,0,0,0,1
1,5,0,0,6
1,5,0,0,6
1,0,0,0,1
1,0,0,0,1
1,0,0,0,1
1,0,0,0,1
1,0,0,0,1
1,0,0,0,1
1,0,0,0,1
1,0,0,0,1
1,0,0,0,1
2,0,0,0,2
2,0,0,0,2
1,0,0,0,1
1,0,0,0,1
1,0,0,0,1
1,0,0,0,1
1,0,0,0,1
1,0,0,0,1
1,0,0,0,1
1,0,0,0,1
1,0,0,0,1
1,0,0,0,1
2,0,0,0,2
1,0,0,0,1
1,0,0,0,1
1,0,0,0,1
1,0,0,0,1
1,0,0,0,1
1,0,0,0,1
1,0,0,0,1
1,0,0,0,1
1,0,0,0,1
1,0,0,0,1
1,0,0,0,1
1,0,0,0,1
1,0,0,0,1
1,0,0,0,1
1,0,0,0,1
1,0,0,0,1
1,0,0,0,1
1,0,0,0,1
1,0,0,0,1
1,0,0,0,1
1,0,0,0,1
1,0,0,0,1
1,0,0,0,1
1,0,0,0,1
1,0,0,0,1
1,0,0,0,1
1,0,0,0,1
1,0,0,0,1
1,0,0,0,1
1,0,0,0,1
1,0,0,0,1
1,0,0,0,1
1,0,0,0,1
1,0,0,0,1
1,0,0,0,1
1,0,0,0,1
1,0,0,0,1
1,0,0,0,1
2,0,0,0,2
1,0,0,0,1
1,0,0,0,1
1,0,0,0,1
1,0,0,0,1
1,0,0,0,1
1,0,1,0,2
1,0,0,0,1
1,0,0,0,1
1,0,0,0,1
1,0,0,0,1
1,0,0,0,1
1,0,0,0,1
1,0,0,0,1
1,0,0,0,1
1,1,0,0,2
1,0,0,0,1
1,0,0,0,1
1,0,0,0,1
2,0,0,0,2
1,0,0,0,1
1,0,0,0,1
1,0,0,0,1
1,0,0,0,1
1,0,0,0,1
1,0,0,0,1
1,0,0,0,1
1,0,0,0,1
1,0,0,0,1
1,0,0,0,1
2,0,0,0,2
1,0,0,0,1
1,0,0,0,1
1,0,0,0,1
2,0,0,0,2
1,0,0,0,1
1,0,0,0,1
2,0,0,0,2
1,0,0,0,1
1,0,0,0,1
1,0,0,0,1
1,0,0,0,1
1,0,0,0,1
1,0,0,0,1
1,0,0,0,1
1,0,0,0,1
1,0,0,0,1
1,0,0,0,1
1,0,0,0,1
1,0,0,0,1
1,0,0,0,1
2,0,0,0,2
1,0,0,0,1
1,0,0,0,1
1,0,0,0,1
1,0,0,0,1
2,0,0,0,2
1,0,0,0,1
1,0,0,0,1
1,0,0,0,1
1,0,0,0,1
1,0,0,0,1
1,0,0,0,1
1,0,0,0,1
1,0,0,0,1
1,0,0,0,1
1,0,0,0,1
1,0,0,0,1
1,0,0,0,1
1,0,0,0,1
1,0,0,0,1
1,0,0,0,1
1,0,0,0,1
1,0,0,0,1
1,0,0,0,1
1,0,0,0,1
1,0,0,0,1
1,0,0,0,1
1,0,0,0,1
1,0,0,0,1
1,0,0,0,1
1,0,0,0,1
1,23,0,0,24
2,0,0,0,2
2,0,0,0,2
1,0,0,0,1
1,0,0,0,1
1,0,0,0,1
1,2,0,0,3
1,0,0,0,1
1,0,0,0,1
1,0,0,0,1
1,0,0,0,1
1,0,0,0,1
1,0,0,0,1
1,0,0,0,1
1,0,0,0,1
1,0,0,0,1
1,0,0,0,1
1,0,0,0,1
1,0,0,0,1
1,0,0,0,1
1,0,0,0,1
1,0,0,0,1
1,0,0,0,1
1,0,0,0,1
1,0,0,0,1
1,0,0,0,1
1,0,0,0,1
1,0,0,0,1
1,0,0,0,1
1,0,0,0,1
1,0,0,0,1
1,0,0,0,1
1,0,0,0,1
1,0,0,0,1
2,0,0,0,2
1,0,0,0,1
1,0,0,0,1
1,0,0,0,1
1,0,0,0,1
1,0,0,0,1
1,0,0,0,1
1,0,0,0,1
1,0,0,0,1
1,0,0,0,1
1,3,0,0,4
1,0,0,0,1
1,0,0,0,1
3,0,0,0,3
1,0,0,0,1
1,0,0,0,1
1,0,0,0,1
1,0,0,0,1
1,0,0,0,1
1,0,0,0,1
1,0,0,0,1
1,0,0,0,1
1,0,0,0,1
1,0,0,0,1
1,0,0,0,1
1,0,0,0,1
1,0,0,0,1
1,0,0,0,1
1,0,0,0,1
1,0,0,0,1
1,0,0,0,1
1,0,0,0,1
1,0,0,0,1
1,0,0,0,1
1,0,0,0,1
1,0,0,0,1
1,0,0,0,1
1,0,0,0,1
1,0,0,0,1
1,0,0,0,1
1,0,0,0,1
4,0,0,0,4
1,0,0,0,1
1,0,0,0,1
2,0,0,0,2
1,0,0,0,1
2,0,0,0,2
1,0,0,0,1
2,0,0,0,2
1,0,0,0,1
1,0,0,0,1
1,0,0,0,1
1,0,0,0,1
1,0,0,0,1
1,0,0,0,1
1,0,0,0,1
1,0,0,0,1
1,0,0,0,1
1,0,0,0,1
1,0,0,0,1
1,0,0,0,1
1,0,0,0,1
1,0,0,0,1
1,0,0,0,1
1,0,0,0,1
1,0,0,0,1
2,1,0,0,3
1,0,0,0,1
1,0,0,0,1
1,0,0,0,1
2,3,1,0,6
5,0,0,0,5
1,0,0,0,1
2,0,0,0,2
1,0,0,0,1
1,0,0,0,1
1,0,0,0,1
3,0,0,0,3
1,0,0,0,1
1,0,0,0,1
1,0,0,0,1
1,0,0,0,1
1,0,0,0,1
1,0,0,0,1
2,0,0,0,2
1,0,0,0,1
2,0,0,0,2
1,0,0,0,1
1,0,0,0,1
1,0,0,0,1
1,0,0,0,1
1,0,0,0,1
1,0,0,0,1
1,0,0,0,1
1,0,0,0,1
1,0,0,0,1
1,1,1,0,3
3,0,0,0,3
1,0,0,0,1
1,0,0,0,1
2,0,0,0,2
2,0,0,0,2
1,0,0,0,1
1,0,0,0,1
1,0,0,0,1
1,0,0,0,1
1,0,0,0,1
1,0,0,0,1
1,0,0,0,1
1,0,0,0,1
1,0,0,0,1
1,0,0,0,1
1,0,0,0,1
1,0,0,0,1
1,0,0,0,1
3,0,0,0,3
1,0,0,0,1
1,0,0,0,1
1,0,0,0,1
1,0,0,0,1
3,0,0,0,3
1,0,0,0,1
1,0,0,0,1
2,0,0,0,2
1,0,0,0,1
2,0,0,0,2
1,0,0,0,1
1,0,0,0,1
1,0,0,0,1
1,0,0,0,1
1,0,0,0,1
1,0,0,0,1
1,0,0,0,1
1,0,0,0,1
1,0,0,0,1
1,0,0,0,1
1,0,0,0,1
1,0,0,0,1
1,0,0,0,1
1,0,0,0,1
2,0,0,0,2
1,0,0,0,1
1,0,0,0,1
1,0,0,0,1
1,0,0,0,1
1,0,0,0,1
1,0,0,0,1
1,0,0,0,1
1,0,0,0,1
2,0,0,0,2
1,0,0,0,1
1,0,0,0,1
1,0,0,0,1
1,0,0,0,1
1,0,0,0,1
2,0,0,0,2
1,0,0,0,1
1,0,0,0,1
1,0,0,0,1
2,0,0,0,2
1,0,0,0,1
1,0,0,0,1
1,0,0,0,1
2,0,0,0,2
1,0,0,0,1
1,0,0,0,1
1,0,0,0,1
1,0,0,0,1
1,0,0,0,1
1,0,0,0,1
1,0,0,0,1
1,0,0,0,1
1,0,0,0,1
2,0,0,0,2
1,4,0,0,5
1,0,0,0,1
1,0,0,0,1
1,0,0,0,1
1,0,0,0,1
1,0,0,0,1
1,0,0,0,1
1,0,0,0,1
1,0,0,0,1
1,0,0,0,1
1,0,0,0,1
2,0,0,0,2
2,0,0,0,2
1,0,0,0,1
1,0,0,0,1
1,0,0,0,1
1,0,0,0,1
1,0,0,0,1
1,0,0,0,1
1,0,0,0,1
1,0,0,0,1
2,7,0,0,9
1,0,0,0,1
1,0,0,0,1
1,0,0,0,1
1,0,0,0,1
1,0,0,0,1
1,0,0,0,1
1,0,0,0,1
1,0,0,0,1
1,1,0,0,2
1,0,0,0,1
1,0,0,0,1
1,0,0,0,1
1,0,0,0,1
2,0,0,0,2
1,0,0,0,1
1,0,0,0,1
1,0,0,0,1
1,0,0,0,1
1,0,0,0,1
1,0,0,0,1
1,0,0,0,1
1,0,0,0,1
1,0,0,0,1
1,0,0,0,1
2,8,0,0,10
2,0,0,0,2
1,0,0,0,1
1,0,0,0,1
2,0,0,0,2
1,0,0,0,1
1,0,0,0,1
1,0,0,0,1
1,0,0,0,1
2,0,0,0,2
1,0,0,0,1
1,0,0,0,1
1,0,0,0,1
3,0,0,0,3
1,0,0,0,1
1,0,0,0,1
1,0,0,0,1
1,0,0,0,1
1,0,0,0,1
1,0,0,0,1
1,0,0,0,1
1,0,0,0,1
1,0,0,0,1
1,0,0,0,1
1,0,0,0,1
1,0,0,0,1
1,0,0,0,1
1,0,0,0,1
1,0,0,0,1
2,0,0,0,2
1,0,0,0,1
1,0,0,0,1
2,2,0,0,4
2,0,0,0,2
1,0,0,0,1
1,0,0,0,1
1,0,0,0,1
1,0,0,0,1
1,0,0,0,1
1,0,0,0,1
1,0,0,0,1
1,0,0,0,1
1,0,0,0,1
1,0,0,0,1
1,0,0,0,1
2,0,0,0,2
1,0,0,0,1
1,0,0,0,1
1,0,0,0,1
1,0,0,0,1
1,0,0,0,1
2,0,0,0,2
1,0,0,0,1
1,0,0,0,1
1,0,0,0,1
1,0,0,0,1
1,0,0,0,1
1,0,0,0,1
1,0,0,0,1
1,0,0,0,1
2,0,0,0,2
1,0,0,0,1
1,0,0,0,1
1,0,0,0,1
1,24,0,0,25
1,0,0,0,1
1,0,0,0,1
1,0,0,0,1
1,0,0,0,1
1,0,0,0,1
2,0,0,0,2
1,0,0,0,1
1,0,0,0,1
1,0,0,0,1
2,0,0,0,2
1,0,0,0,1
1,0,0,0,1
1,0,0,0,1
1,0,0,0,1
1,0,0,0,1
1,0,0,0,1
1,0,0,0,1
1,0,0,0,1
1,0,0,0,1
1,0,0,0,1
1,0,0,0,1
1,0,0,0,1
1,0,0,0,1
1,0,0,0,1
1,0,0,0,1
1,0,0,0,1
1,0,0,0,1
1,19,0,0,20
1,0,0,0,1
1,0,0,0,1
1,0,0,0,1
1,0,0,0,1
1,0,0,0,1
1,0,0,0,1
1,0,0,0,1
1,0,0,0,1
2,0,0,0,2
1,0,0,0,1
1,0,0,0,1
1,3,0,0,4
1,0,0,0,1
1,0,0,0,1
1,0,0,0,1
1,0,0,0,1
1,0,0,0,1
1,0,0,0,1
1,0,0,0,1
1,0,0,0,1
1,0,0,0,1
1,0,0,0,1
1,0,0,0,1
1,0,0,0,1
1,0,0,0,1
1,0,0,0,1
1,0,0,0,1
1,0,0,0,1
1,0,0,0,1
1,0,0,0,1
1,9,1,0,11
2,0,0,0,2
1,0,0,0,1
1,0,0,0,1
1,0,0,0,1
1,0,0,0,1
1,0,0,0,1
1,0,0,0,1
1,0,0,0,1
1,0,0,0,1
1,0,0,0,1
1,0,0,0,1
1,0,0,0,1
1,0,0,0,1
1,0,0,0,1
1,0,0,0,1
1,0,0,0,1
1,0,0,0,1
1,0,0,0,1
1,0,0,0,1
1,0,0,0,1
1,21,0,0,22
1,0,0,0,1
1,0,0,0,1
1,0,0,0,1
1,0,0,0,1
1,0,0,0,1
1,0,0,0,1
1,0,0,0,1
1,0,0,0,1
1,0,0,0,1
1,0,0,0,1
1,0,0,0,1
1,0,0,0,1
1,0,0,0,1
2,0,0,0,2
1,0,0,0,1
1,0,0,0,1
1,0,0,0,1
1,0,0,0,1
1,0,0,0,1
1,0,0,0,1
1,0,0,0,1
1,0,0,0,1
1,0,0,0,1
1,0,0,0,1
1,0,0,0,1
1,0,0,0,1
1,0,0,0,1
1,0,0,0,1
1,0,0,0,1
1,0,0,0,1
1,0,0,0,1
1,0,0,0,1
2,12,2,0,16
1,0,0,0,1
1,0,0,0,1
3,0,0,0,3
1,0,0,0,1
1,0,0,0,1
1,0,0,0,1
1,0,0,0,1
1,0,0,0,1
1,0,0,0,1
1,0,0,0,1
1,0,0,0,1
1,0,0,0,1
1,0,0,0,1
1,0,0,0,1
1,0,0,0,1
1,0,0,0,1
1,0,0,0,1
1,0,0,0,1
1,0,0,0,1
1,0,0,0,1
1,0,0,0,1
1,0,0,0,1
1,0,0,0,1
1,0,0,0,1
1,0,0,0,1
2,0,0,0,2
1,0,0,0,1
1,0,0,0,1
1,0,0,0,1
1,0,0,0,1
1,0,0,0,1
1,0,0,0,1
1,0,0,0,1
1,0,0,0,1
1,0,0,0,1
1,0,0,0,1
1,0,0,0,1
1,0,0,0,1
1,0,0,0,1
1,0,0,0,1
1,0,0,0,1
1,0,0,0,1
1,0,0,0,1
1,0,0,0,1
1,0,0,0,1
1,0,0,0,1
1,2,0,0,3
1,0,0,0,1
1,0,0,0,1
2,0,0,0,2
1,0,0,0,1
1,0,0,0,1
1,0,0,0,1
1,0,0,0,1
1,0,0,0,1
1,0,0,0,1
1,0,0,0,1
1,0,0,0,1
1,0,0,0,1
1,0,0,0,1
1,0,0,0,1
1,0,0,0,1
1,0,0,0,1
1,0,0,0,1
1,0,0,0,1
1,0,0,0,1
1,0,0,0,1
3,0,0,0,3
1,0,0,0,1
1,0,0,0,1
1,0,0,0,1
1,0,0,0,1
1,0,0,0,1
1,0,0,0,1
1,0,0,0,1
1,0,0,0,1
2,0,0,0,2
1,0,0,0,1
1,0,0,0,1
1,0,0,0,1
1,0,0,0,1
1,0,0,0,1
1,0,0,0,1
1,0,0,0,1
1,0,0,0,1
1,0,0,0,1
1,0,0,0,1
1,0,0,0,1
1,4,0,0,5
1,0,0,0,1
1,2,1,0,4
4,0,1,0,5
1,0,0,0,1
2,0,0,0,2
4,0,0,0,4
1,0,0,0,1
1,0,0,0,1
1,0,0,0,1
1,0,0,0,1
1,0,0,0,1
1,0,0,0,1
1,0,0,0,1
1,0,0,0,1
1,0,0,0,1
1,0,0,0,1
1,0,0,0,1
1,0,0,0,1
2,0,0,0,2
1,0,0,0,1
1,48,0,0,49
1,0,0,0,1
1,0,0,0,1
1,0,0,0,1
1,0,0,0,1
1,0,0,0,1
1,0,0,0,1
1,0,0,0,1
1,0,0,0,1
1,0,0,0,1
1,0,0,0,1
1,0,0,0,1
1,0,0,0,1
1,0,0,0,1
1,0,0,0,1
1,0,0,0,1
1,1,0,0,2
2,0,0,0,2
1,0,0,0,1
3,0,0,0,3
1,0,0,0,1
1,0,0,0,1
1,0,0,0,1
1,0,0,0,1
1,0,0,0,1
1,0,0,0,1
1,0,0,0,1
1,0,0,0,1
1,0,0,0,1
1,0,0,0,1
1,0,0,0,1
1,0,0,0,1
1,0,0,0,1
1,0,0,0,1
1,0,0,0,1
1,0,0,0,1
1,2,0,0,3
1,0,0,0,1
1,0,0,0,1
1,4,0,0,5
1,0,0,0,1
1,0,0,0,1
1,0,0,0,1
1,0,0,0,1
1,0,0,0,1
1,0,0,0,1
1,0,0,0,1
1,7,19,0,27
1,0,0,0,1
1,0,0,0,1
1,0,0,0,1
1,0,0,0,1
1,0,0,0,1
1,0,0,0,1
1,0,0,0,1
1,0,0,0,1
1,0,0,0,1
1,0,0,0,1
1,0,0,0,1
1,0,0,0,1
1,0,0,0,1
1,0,0,0,1
1,0,0,0,1
1,0,0,0,1
2,0,0,0,2
1,0,0,0,1
1,0,0,0,1
1,0,1,0,2
1,0,0,0,1
1,0,0,0,1
1,0,0,0,1
1,0,0,0,1
1,0,0,0,1
1,0,0,0,1
1,0,0,0,1
1,2,0,0,3
1,0,0,0,1
1,0,0,0,1
1,0,0,0,1
1,0,0,0,1
1,0,0,0,1
1,0,0,0,1
1,0,0,0,1
1,0,0,0,1
1,0,0,0,1
1,0,0,0,1
1,0,0,0,1
1,0,0,0,1
1,0,0,0,1
1,0,0,0,1
1,0,0,0,1
1,0,0,0,1
1,1,0,0,2
1,0,0,0,1
1,0,0,0,1
1,0,0,0,1
1,0,0,0,1
1,0,0,0,1
1,0,0,0,1
1,0,0,0,1
1,0,0,0,1
1,0,0,0,1
1,0,0,0,1
1,0,0,0,1
1,0,0,0,1
1,0,0,0,1
1,0,0,0,1
1,0,0,0,1
1,0,0,0,1
1,0,0,0,1
1,0,0,0,1
1,0,0,0,1
1,0,0,0,1
1,0,0,0,1
1,0,0,0,1
1,0,0,0,1
1,0,0,0,1
1,0,0,0,1
1,0,0,0,1
1,0,0,0,1
1,0,0,0,1
1,0,0,0,1
1,0,0,0,1
1,0,0,0,1
1,0,0,0,1
2,0,0,0,2
1,0,0,0,1
1,0,0,0,1
1,0,0,0,1
1,0,0,0,1
1,0,0,0,1
1,0,0,0,1
1,0,0,0,1
1,0,0,0,1
1,0,0,0,1
1,0,0,0,1
1,1,0,0,2
1,0,0,0,1
3,0,0,0,3
1,0,0,0,1
1,0,0,0,1
1,0,0,0,1
2,0,0,0,2
1,0,0,0,1
1,0,0,0,1
1,0,0,0,1
1,0,0,0,1
1,0,0,0,1
1,0,0,0,1
1,0,0,0,1
2,0,0,0,2
1,0,0,0,1
1,0,0,0,1
1,0,0,0,1
1,0,0,0,1
1,0,0,0,1
1,0,0,0,1
1,0,0,0,1
1,0,0,0,1
1,0,0,0,1
1,0,0,0,1
1,0,0,0,1
2,0,0,0,2
1,0,0,0,1
2,0,0,0,2
1,0,0,0,1
2,0,0,0,2
1,0,0,0,1
2,0,0,0,2
1,0,0,0,1
1,0,0,0,1
1,0,0,0,1
1,0,0,0,1
1,0,0,0,1
1,0,0,0,1
1,0,0,0,1
1,0,0,0,1
1,0,0,0,1
2,0,0,0,2
1,0,0,0,1
2,0,0,0,2
1,0,0,0,1
1,0,0,0,1
1,0,0,0,1
1,0,0,0,1
1,0,0,0,1
1,0,0,0,1
1,0,0,0,1
1,0,0,0,1
1,0,0,0,1
1,0,0,0,1
1,0,0,0,1
1,0,0,0,1
1,0,0,0,1
1,0,0,0,1
1,0,0,0,1
1,0,0,0,1
1,0,0,0,1
1,0,0,0,1
1,0,0,0,1
1,0,0,0,1
1,0,0,0,1
1,0,0,0,1
3,0,0,0,3
1,0,0,0,1
1,0,0,0,1
2,0,0,0,2
1,0,0,0,1
1,0,0,0,1
1,0,0,0,1
1,0,0,0,1
1,0,0,0,1
1,0,0,0,1
1,0,0,0,1
1,0,0,0,1
1,0,0,0,1
1,0,0,0,1
1,0,0,0,1
1,3,1,0,5
2,0,0,0,2
1,0,0,0,1
1,0,0,0,1
1,0,0,0,1
1,0,0,0,1
1,0,0,0,1
2,0,0,0,2
1,0,0,0,1
2,0,0,0,2
1,0,0,0,1
1,0,0,0,1
2,0,0,0,2
1,0,0,0,1
1,0,0,0,1
1,0,2,0,3
1,0,0,0,1
2,0,0,0,2
1,0,0,0,1
1,0,0,0,1
1,0,0,0,1
2,0,0,0,2
1,0,0,0,1
1,0,0,0,1
2,0,0,0,2
1,0,0,0,1
1,0,0,0,1
1,3,1,0,5
1,0,0,0,1
1,0,0,0,1
1,0,0,0,1
1,0,0,0,1
1,0,0,0,1
1,0,0,0,1
1,0,0,0,1
1,0,0,0,1
1,0,0,0,1
1,0,0,0,1
1,0,0,0,1
1,0,0,0,1
1,0,0,0,1
1,0,0,0,1
1,0,0,0,1
1,0,0,0,1
1,0,0,0,1
2,0,0,0,2
1,0,0,0,1
1,0,0,0,1
2,0,0,0,2
1,0,0,0,1
1,0,0,0,1
1,0,0,0,1
1,0,0,0,1
1,0,0,0,1
1,0,0,0,1
1,0,0,0,1
1,0,0,0,1
1,0,0,0,1
1,0,0,0,1
1,0,0,0,1
2,0,0,0,2
1,75,0,0,76
1,0,0,0,1
1,0,0,0,1
1,0,0,0,1
1,0,0,0,1
1,0,0,0,1
1,0,0,0,1
1,0,0,0,1
1,3,0,0,4
1,0,0,0,1
1,0,0,0,1
1,0,0,0,1
1,0,0,0,1
1,0,0,0,1
1,0,0,0,1
1,0,0,0,1
1,0,0,0,1
1,0,0,0,1
2,0,0,0,2
1,0,0,0,1
1,0,0,0,1
1,0,0,0,1
1,0,0,0,1
1,0,0,0,1
1,0,0,0,1
1,0,0,0,1
2,0,0,0,2
1,0,0,0,1
1,1,0,0,2
1,0,0,0,1
1,0,0,0,1
1,0,0,0,1
1,0,0,0,1
1,0,0,0,1
1,0,0,0,1
1,0,0,0,1
1,0,0,0,1
1,0,0,0,1
1,0,0,0,1
1,0,0,0,1
1,0,0,0,1
1,0,0,0,1
1,0,0,0,1
1,0,0,0,1
1,2,0,0,3
1,0,0,0,1
1,0,0,0,1
1,0,0,0,1
1,1,1,0,3
1,0,0,0,1
1,0,0,0,1
1,0,0,0,1
1,0,0,0,1
1,0,0,0,1
1,0,0,0,1
1,0,0,0,1
1,0,0,0,1
1,0,0,0,1
1,0,0,0,1
1,0,0,0,1
1,0,0,0,1
1,0,0,0,1
1,0,0,0,1
1,0,0,0,1
1,0,0,0,1
1,0,0,0,1
1,0,0,0,1
1,0,0,0,1
2,0,0,0,2
1,0,0,0,1
2,0,0,0,2
1,0,0,0,1
1,0,0,0,1
1,0,0,0,1
1,0,0,0,1
1,0,0,0,1
1,0,0,0,1
1,0,0,0,1
1,0,0,0,1
1,0,0,0,1
1,0,0,0,1
1,0,0,0,1
1,0,0,0,1
1,0,0,0,1
1,0,0,0,1
1,0,0,0,1
1,0,0,0,1
1,0,0,0,1
1,0,0,0,1
1,11,0,0,12
1,0,0,0,1
1,0,0,0,1
2,1,0,0,3
1,0,0,0,1
1,1,0,0,2
1,0,0,0,1
1,0,0,0,1
2,0,0,0,2
1,0,0,0,1
1,0,0,0,1
2,0,0,0,2
1,0,0,0,1
2,0,0,0,2
2,0,0,0,2
1,0,0,0,1
1,0,1,0,2
1,0,0,0,1
1,0,0,0,1
1,0,0,0,1
1,0,0,0,1
1,0,0,0,1
1,0,0,0,1
1,0,0,0,1
1,0,0,0,1
1,0,0,0,1
1,0,0,0,1
1,0,0,0,1
1,0,0,0,1
1,0,0,0,1
1,0,0,0,1
1,0,0,0,1
1,0,0,0,1
1,0,0,0,1
1,0,0,0,1
1,0,0,0,1
1,0,0,0,1
1,0,0,0,1
2,0,0,0,2
1,0,0,0,1
1,0,0,0,1
1,0,0,0,1
2,0,0,0,2
1,0,0,0,1
1,0,0,0,1
1,0,0,0,1
1,0,0,0,1
1,0,0,0,1
1,0,0,0,1
3,0,0,0,3
1,0,0,0,1
1,0,0,0,1
1,9,0,0,10
1,0,0,0,1
1,0,0,0,1
1,0,0,0,1
1,0,0,0,1
1,0,0,0,1
1,0,0,0,1
1,0,0,0,1
1,0,0,0,1
2,0,0,0,2
1,0,0,0,1
1,0,0,0,1
1,2,1,0,4
1,0,0,0,1
1,0,0,0,1
1,0,0,0,1
1,0,0,0,1
1,0,0,0,1
1,0,0,0,1
1,0,0,0,1
1,1,0,0,2
1,0,0,0,1
2,0,0,0,2
1,0,0,0,1
1,0,0,0,1
1,0,0,0,1
1,0,0,0,1
1,0,0,0,1
2,0,0,0,2
1,0,0,0,1
1,0,0,0,1
1,0,0,0,1
1,0,0,0,1
1,0,0,0,1
1,0,0,0,1
2,0,0,0,2
1,0,0,0,1
1,0,0,0,1
1,0,0,0,1
1,0,0,0,1
1,0,0,0,1
1,0,0,0,1
1,0,0,0,1
1,0,0,0,1
2,0,0,0,2
1,0,0,0,1
1,0,0,0,1
1,0,0,0,1
2,0,0,0,2
1,0,0,0,1
1,0,0,0,1
1,0,0,0,1
1,0,0,0,1
3,0,0,0,3
1,0,0,0,1
1,0,0,0,1
1,8,0,0,9
1,0,0,0,1
1,0,0,0,1
1,0,0,0,1
1,41,0,0,42
2,0,0,0,2
2,0,0,0,2
1,0,0,0,1
2,0,0,0,2
1,0,0,0,1
1,0,0,0,1
1,2,0,0,3
1,0,0,0,1
1,0,0,0,1
1,0,0,0,1
1,0,0,0,1
1,0,0,0,1
1,0,0,0,1
1,0,0,0,1
1,0,0,0,1
1,0,0,0,1
3,0,0,0,3
1,0,0,0,1
1,0,0,0,1
1,0,0,0,1
1,0,0,0,1
1,0,0,0,1
1,0,0,0,1
1,0,0,0,1
1,0,0,0,1
1,0,0,0,1
2,0,0,0,2
1,0,0,0,1
1,0,0,0,1
1,0,0,0,1
2,0,0,0,2
1,0,0,0,1
1,0,0,0,1
1,0,0,0,1
1,0,0,0,1
1,0,0,0,1
2,0,0,0,2
1,0,0,0,1
1,0,0,0,1
1,0,0,0,1
1,0,0,0,1
1,0,0,0,1
1,0,0,0,1
1,0,0,0,1
1,0,0,0,1
1,0,0,0,1
1,0,0,0,1
1,0,0,0,1
1,0,0,0,1
1,0,0,0,1
1,0,0,0,1
1,0,0,0,1
1,0,0,0,1
1,0,0,0,1
1,0,0,0,1
1,0,0,0,1
1,0,0,0,1
2,0,0,0,2
1,4,0,0,5
2,0,0,0,2
1,0,0,0,1
1,0,0,0,1
1,0,0,0,1
1,0,0,0,1
1,0,0,0,1
1,0,0,0,1
1,0,0,0,1
1,0,0,0,1
1,0,0,0,1
1,0,0,0,1
1,0,0,0,1
1,0,0,0,1
1,0,0,0,1
1,0,0,0,1
1,0,0,0,1
1,0,0,0,1
1,0,0,0,1
1,0,0,0,1
1,0,0,0,1
1,0,0,0,1
1,0,0,0,1
1,0,0,0,1
1,0,0,0,1
1,0,0,0,1
1,0,0,0,1
1,0,0,0,1
1,0,0,0,1
1,0,0,0,1
1,0,0,0,1
1,0,0,0,1
2,0,0,0,2
1,0,0,0,1
1,0,0,0,1
1,0,0,0,1
2,0,0,0,2
1,0,0,0,1
1,0,0,0,1
1,0,0,0,1
1,0,0,0,1
1,0,0,0,1
1,0,0,0,1
1,0,0,0,1
2,14,1,0,17
1,0,0,0,1
1,0,0,0,1
1,0,0,0,1
1,0,0,0,1
1,0,0,0,1
1,0,0,0,1
1,0,0,0,1
1,0,0,0,1
1,0,0,0,1
1,0,0,0,1
2,0,0,0,2
1,0,0,0,1
1,0,0,0,1
1,0,0,0,1
1,0,0,0,1
1,0,0,0,1
1,0,0,0,1
1,0,0,0,1
1,0,0,0,1
1,0,0,0,1
1,0,0,0,1
1,0,0,0,1
1,0,0,0,1
1,0,0,0,1
1,0,0,0,1
1,0,0,0,1
1,0,0,0,1
3,0,0,0,3
1,0,0,0,1
1,0,0,0,1
1,25,0,0,26
1,0,0,0,1
1,0,0,0,1
1,0,0,0,1
1,0,0,0,1
1,0,0,0,1
1,0,0,0,1
1,0,0,0,1
1,1,0,0,2
2,0,0,0,2
1,0,0,0,1
1,0,0,0,1
1,0,0,0,1
1,0,0,0,1
1,0,0,0,1
2,0,1,0,3
1,0,0,0,1
1,0,0,0,1
1,0,0,0,1
1,0,0,0,1
1,0,0,0,1
1,0,0,0,1
1,0,0,0,1
1,0,0,0,1
1,0,0,0,1
1,0,0,0,1
1,0,0,0,1
1,0,0,0,1
1,0,0,0,1
1,0,0,0,1
1,0,0,0,1
1,0,0,0,1
1,0,0,0,1
1,0,0,0,1
1,0,0,0,1
1,0,0,0,1
1,0,0,0,1
1,0,0,0,1
1,0,0,0,1
2,0,0,0,2
1,0,0,0,1
1,0,0,0,1
1,0,0,0,1
1,0,0,0,1
1,0,0,0,1
1,0,0,0,1
1,0,0,0,1
1,0,0,0,1
1,0,0,0,1
1,0,0,0,1
2,0,0,0,2
1,0,0,0,1
3,0,0,0,3
1,0,0,0,1
1,0,0,0,1
1,0,0,0,1
3,2,0,0,5
1,0,0,0,1
1,0,0,0,1
1,0,0,0,1
1,0,0,0,1
1,0,0,0,1
1,0,0,0,1
1,0,0,0,1
1,0,0,0,1
1,0,0,0,1
1,0,0,0,1
1,0,0,0,1
1,0,0,0,1
1,0,0,0,1
1,0,0,0,1
1,0,0,0,1
1,0,0,0,1
1,0,0,0,1
2,0,0,0,2
1,0,0,0,1
1,0,0,0,1
1,0,0,0,1
1,0,0,0,1
1,7,1,0,9
2,3,1,0,6
1,0,0,0,1
1,0,0,0,1
1,0,0,0,1
1,0,0,0,1
1,0,0,0,1
1,0,0,0,1
1,0,0,0,1
2,0,0,0,2
1,0,0,0,1
2,0,0,0,2
1,0,0,0,1
1,0,0,0,1
1,0,0,0,1
1,0,0,0,1
1,0,0,0,1
1,0,0,0,1
1,0,0,0,1
1,0,0,0,1
1,0,0,0,1
1,2,0,0,3
1,0,0,0,1
1,0,0,0,1
1,0,0,0,1
3,0,0,0,3
1,0,0,0,1
1,0,0,0,1
2,0,0,0,2
1,7,0,0,8
1,0,0,0,1
1,0,0,0,1
1,0,0,0,1
1,0,0,0,1
1,0,0,0,1
1,0,0,0,1
1,0,0,0,1
1,0,0,0,1
1,0,0,0,1
1,1,0,0,2
1,0,0,0,1
1,0,0,0,1
1,0,0,0,1
1,0,0,0,1
1,0,0,0,1
1,0,0,0,1
1,0,0,0,1
1,0,0,0,1
1,0,0,0,1
1,0,0,0,1
1,0,0,0,1
2,2,0,0,4
2,0,0,0,2
1,0,0,0,1
1,0,0,0,1
1,0,0,0,1
1,0,0,0,1
1,0,0,0,1
1,0,0,0,1
3,10,0,0,13
2,0,0,0,2
1,0,0,0,1
1,0,0,0,1
1,0,0,0,1
2,0,0,0,2
1,0,0,0,1
1,0,0,0,1
2,1,0,0,3
1,0,0,0,1
1,0,0,0,1
1,0,0,0,1
1,0,0,0,1
1,0,0,0,1
1,0,0,0,1
1,0,0,0,1
1,0,0,0,1
1,0,0,0,1
1,0,0,0,1
1,0,0,0,1
1,0,0,0,1
1,0,0,0,1
1,0,0,0,1
1,0,0,0,1
1,0,0,0,1
1,0,0,0,1
1,0,0,0,1
1,0,0,0,1
1,0,0,0,1
2,0,0,0,2
1,0,0,0,1
1,0,0,0,1
1,0,0,0,1
1,0,0,0,1
1,0,0,0,1
1,0,0,0,1
2,0,0,0,2
1,0,0,0,1
1,0,0,0,1
1,0,0,0,1
1,0,0,0,1
1,0,0,0,1
1,0,0,0,1
1,0,0,0,1
1,0,0,0,1
1,0,0,0,1
1,0,0,0,1
1,0,0,0,1
1,0,0,0,1
1,0,0,0,1
1,0,0,0,1
1,0,0,0,1
1,0,0,0,1
2,0,0,0,2
1,0,0,0,1
1,0,0,0,1
1,0,0,0,1
1,0,0,0,1
1,0,0,0,1
1,0,0,0,1
1,0,0,0,1
1,0,0,0,1
1,0,0,0,1
1,0,0,0,1
1,0,0,0,1
1,0,0,0,1
2,0,0,0,2
1,0,0,0,1
1,0,0,0,1
1,0,0,0,1
1,0,0,0,1
3,0,0,0,3
1,0,0,0,1
1,0,0,0,1
1,0,0,0,1
1,0,0,0,1
1,0,0,0,1
1,0,0,0,1
1,0,0,0,1
1,0,0,0,1
1,0,0,0,1
1,0,0,0,1
1,0,0,0,1
1,0,0,0,1
1,0,0,0,1
1,0,0,0,1
1,0,0,0,1
1,0,0,0,1
1,0,0,0,1
1,0,0,0,1
1,0,0,0,1
1,0,0,0,1
1,0,0,0,1
1,0,0,0,1
2,0,0,0,2
2,0,0,0,2
1,0,0,0,1
1,3,0,0,4
1,0,0,0,1
1,0,0,0,1
1,0,0,0,1
1,0,0,0,1
1,0,0,0,1
1,0,0,0,1
1,0,0,0,1
2,0,0,0,2
1,0,0,0,1
1,0,0,0,1
1,0,0,0,1
1,0,0,0,1
1,0,0,0,1
1,0,0,0,1
1,0,0,0,1
1,0,0,0,1
3,0,0,0,3
1,0,0,0,1
1,0,0,0,1
2,0,0,0,2
1,0,0,0,1
1,0,0,0,1
1,0,0,0,1
1,0,0,0,1
1,0,0,0,1
1,0,0,0,1
2,0,0,0,2
1,0,0,0,1
1,0,0,0,1
1,0,0,0,1
1,0,0,0,1
1,0,0,0,1
1,0,0,0,1
2,0,0,0,2
4,1,0,0,5
1,0,0,0,1
1,0,0,0,1
1,0,0,0,1
1,0,0,0,1
1,0,0,0,1
1,0,0,0,1
1,0,0,0,1
2,0,0,0,2
2,0,0,0,2
1,0,0,0,1
2,2,0,0,4
1,0,0,0,1
1,0,0,0,1
1,0,0,0,1
1,0,0,0,1
2,0,0,0,2
1,0,0,0,1
1,0,0,0,1
1,0,0,0,1
1,0,0,0,1
2,0,0,0,2
1,0,0,0,1
1,0,0,0,1
1,0,0,0,1
1,0,0,0,1
1,0,0,0,1
1,0,0,0,1
1,0,0,0,1
1,0,0,0,1
1,0,0,0,1
2,0,0,0,2
1,0,0,0,1
1,0,0,0,1
1,0,0,0,1
2,0,0,0,2
1,0,0,0,1
1,0,0,0,1
1,0,0,0,1
1,0,0,0,1
1,0,0,0,1
1,0,0,0,1
1,0,0,0,1
1,0,0,0,1
1,0,0,0,1
1,0,0,0,1
2,0,0,0,2
2,0,0,0,2
1,0,0,0,1
1,0,0,0,1
1,0,0,0,1
1,0,0,0,1
3,0,0,0,3
1,0,0,0,1
1,0,0,0,1
1,0,0,0,1
1,0,0,0,1
1,0,0,0,1
1,0,1,0,2
1,0,0,0,1
1,0,0,0,1
1,0,0,0,1
1,0,0,0,1
1,0,0,0,1
2,0,0,0,2
1,0,0,0,1
1,0,0,0,1
1,0,0,0,1
1,0,0,0,1
1,0,0,0,1
1,0,0,0,1
1,0,0,0,1
1,0,0,0,1
1,0,0,0,1
1,0,0,0,1
1,0,0,0,1
1,0,0,0,1
1,0,0,0,1
1,0,0,0,1
1,0,0,0,1
1,0,0,0,1
1,0,0,0,1
1,0,0,0,1
1,3,0,0,4
3,0,0,0,3
1,0,0,0,1
3,0,0,0,3
1,0,0,0,1
2,0,0,0,2
1,0,0,0,1
1,0,0,0,1
2,0,0,0,2
1,0,0,0,1
1,0,0,0,1
1,0,0,0,1
1,0,0,0,1
1,0,0,0,1
1,0,0,0,1
1,0,0,0,1
1,0,0,0,1
1,0,0,0,1
1,0,0,0,1
1,0,0,0,1
1,0,0,0,1
2,0,0,0,2
1,0,0,0,1
1,0,0,0,1
1,0,0,0,1
1,1,1,0,3
5,0,0,0,5
1,0,0,0,1
1,0,0,0,1
1,0,0,0,1
1,0,0,0,1
1,0,0,0,1
1,0,0,0,1
1,0,0,0,1
1,0,0,0,1
1,0,0,0,1
1,0,0,0,1
1,0,0,0,1
1,0,0,0,1
1,0,0,0,1
1,0,0,0,1
1,0,0,0,1
1,0,0,0,1
3,0,0,0,3
1,0,0,0,1
1,0,0,0,1
1,0,0,0,1
1,0,0,0,1
1,0,0,0,1
1,0,0,0,1
1,0,0,0,1
1,0,0,0,1
1,0,0,0,1
1,0,0,0,1
1,0,0,0,1
1,0,0,0,1
1,0,0,0,1
1,0,0,0,1
1,0,0,0,1
1,0,0,0,1
1,0,0,0,1
1,0,0,0,1
1,0,0,0,1
1,2,0,0,3
1,0,0,0,1
1,18,0,0,19
1,0,0,0,1
1,0,0,0,1
1,0,0,0,1
1,0,0,0,1
1,0,0,0,1
1,0,0,0,1
1,0,0,0,1
1,0,0,0,1
1,0,0,0,1
1,0,0,0,1
1,0,0,0,1
1,0,0,0,1
1,0,0,0,1
1,0,0,0,1
1,0,0,0,1
2,0,0,0,2
1,0,0,0,1
1,0,0,0,1
1,0,0,0,1
1,0,0,0,1
1,0,0,0,1
1,0,0,0,1
1,0,0,0,1
1,5,0,0,6
1,0,0,0,1
1,0,0,0,1
1,0,0,0,1
1,0,0,0,1
1,0,0,0,1
2,0,0,0,2
1,0,0,0,1
1,0,0,0,1
1,0,0,0,1
1,0,0,0,1
3,0,0,0,3
1,0,0,0,1
1,0,0,0,1
1,0,0,0,1
1,0,0,0,1
2,0,0,0,2
3,0,0,0,3
1,0,0,0,1
1,0,0,0,1
2,0,0,0,2
1,0,0,0,1
1,0,0,0,1
1,0,0,0,1
1,0,0,0,1
1,0,0,0,1
1,0,0,0,1
1,10,0,0,11
4,0,0,0,4
1,0,0,0,1
1,0,0,0,1
1,0,0,0,1
1,0,0,0,1
1,0,0,0,1
1,0,0,0,1
1,0,0,0,1
1,0,0,0,1
1,0,0,0,1
3,0,0,0,3
1,0,0,0,1
1,0,0,0,1
1,0,0,0,1
1,0,0,0,1
1,0,0,0,1
1,0,0,0,1
1,0,0,0,1
1,0,0,0,1
1,0,0,0,1
1,0,0,0,1
1,0,0,0,1
1,0,0,0,1
1,0,0,0,1
1,0,0,0,1
1,0,0,0,1
1,0,0,0,1
1,0,0,0,1
1,0,0,0,1
1,0,0,0,1
1,0,0,0,1
1,0,0,0,1
1,0,0,0,1
1,0,0,0,1
1,0,0,0,1
1,0,0,0,1
1,0,0,0,1
1,0,0,0,1
1,0,0,0,1
3,0,0,0,3
2,0,0,0,2
1,2,0,0,3
1,0,0,0,1
1,0,0,0,1
1,0,0,0,1
1,4,0,0,5
1,0,0,0,1
1,0,0,0,1
2,0,0,0,2
1,0,0,0,1
1,0,0,0,1
1,0,0,0,1
1,0,0,0,1
1,0,0,0,1
1,0,0,0,1
2,0,0,0,2
2,0,0,0,2
1,0,0,0,1
1,0,0,0,1
1,0,0,0,1
1,0,0,0,1
1,0,0,0,1
1,0,0,0,1
1,0,0,0,1
1,0,0,0,1
1,0,0,0,1
1,0,0,0,1
1,0,0,0,1
1,0,0,0,1
1,0,0,0,1
1,0,0,0,1
1,0,0,0,1
2,0,0,0,2
1,0,0,0,1
3,0,0,0,3
1,0,0,0,1
1,0,0,0,1
1,0,0,0,1
1,0,0,0,1
1,2,0,0,3
1,0,0,0,1
1,0,0,0,1
1,0,0,0,1
1,0,0,0,1
1,0,0,0,1
1,0,0,0,1
1,21,0,0,22
1,0,0,0,1
1,0,0,0,1
1,0,0,0,1
1,0,0,0,1
1,0,0,0,1
1,0,0,0,1
1,0,0,0,1
1,0,0,0,1
1,0,0,0,1
1,0,0,0,1
1,0,0,0,1
1,0,0,0,1
1,0,0,0,1
1,0,0,0,1
1,0,0,0,1
1,0,0,0,1
1,0,0,0,1
1,0,0,0,1
1,0,0,0,1
1,0,0,0,1
1,0,0,0,1
1,0,0,0,1
1,0,0,0,1
1,0,0,0,1
1,0,0,0,1
1,0,0,0,1
1,0,0,0,1
1,0,0,0,1
1,0,0,0,1
1,0,0,0,1
1,0,0,0,1
1,0,0,0,1
1,0,0,0,1
1,0,0,0,1
1,0,0,0,1
3,0,0,0,3
2,0,0,0,2
1,0,0,0,1
1,0,0,0,1
2,0,0,0,2
1,0,0,0,1
1,0,0,0,1
1,0,0,0,1
1,0,0,0,1
1,0,0,0,1
1,0,0,0,1
2,1,1,0,4
1,0,0,0,1
1,0,0,0,1
1,0,0,0,1
1,0,0,0,1
1,0,0,0,1
1,0,0,0,1
1,0,0,0,1
1,0,0,0,1
1,0,0,0,1
1,0,0,0,1
1,0,0,0,1
1,0,0,0,1
2,0,0,0,2
1,1,0,0,2
1,0,0,0,1
1,0,0,0,1
1,0,0,0,1
1,0,0,0,1
1,0,0,0,1
2,0,0,0,2
1,0,0,0,1
1,0,0,0,1
1,0,0,0,1
1,0,0,0,1
1,0,0,0,1
1,0,0,0,1
1,0,0,0,1
1,0,0,0,1
1,0,0,0,1
1,0,0,0,1
1,0,0,0,1
1,0,0,0,1
1,0,0,0,1
1,0,0,0,1
1,0,0,0,1
1,0,0,0,1
1,0,0,0,1
1,0,0,0,1
1,0,0,0,1
1,0,0,0,1
1,0,0,0,1
1,0,0,0,1
1,1,0,0,2
1,0,0,0,1
1,0,0,0,1
1,0,0,0,1
1,0,0,0,1
1,0,0,0,1
1,0,0,0,1
1,0,0,0,1
1,0,0,0,1
1,0,0,0,1
1,0,0,0,1
1,0,0,0,1
1,0,0,0,1
1,0,0,0,1
1,0,0,0,1
1,0,0,0,1
1,0,0,0,1
1,0,0,0,1
1,0,0,0,1
1,0,0,0,1
1,0,0,0,1
1,0,0,0,1
1,0,0,0,1
1,0,0,0,1
1,0,0,0,1
1,0,0,0,1
1,0,0,0,1
1,0,0,0,1
1,0,0,0,1
1,0,0,0,1
1,0,0,0,1
1,0,0,0,1
1,0,0,0,1
2,0,0,0,2
1,0,0,0,1
1,0,0,0,1
1,0,0,0,1
1,0,0,0,1
1,0,0,0,1
1,0,0,0,1
1,1,1,0,3
1,0,0,0,1
1,0,0,0,1
1,0,0,0,1
2,0,0,0,2
1,0,0,0,1
1,0,0,0,1
3,0,0,0,3
1,0,0,0,1
1,0,0,0,1
2,0,0,0,2
2,0,0,0,2
1,0,0,0,1
1,0,0,0,1
1,0,0,0,1
1,0,0,0,1
1,0,0,0,1
1,0,0,0,1
1,0,0,0,1
1,0,0,0,1
1,0,0,0,1
1,0,0,0,1
1,0,0,0,1
1,0,0,0,1
1,0,0,0,1
1,0,0,0,1
1,0,0,0,1
1,0,0,0,1
1,0,0,0,1
1,0,0,0,1
2,0,0,0,2
3,0,0,0,3
1,0,0,0,1
1,0,0,0,1
1,0,0,0,1
1,0,0,0,1
1,0,0,0,1
1,0,0,0,1
2,0,0,0,2
1,0,0,0,1
1,0,0,0,1
1,0,0,0,1
1,0,0,0,1
1,0,0,0,1
1,0,0,0,1
1,0,0,0,1
1,0,0,0,1
1,0,0,0,1
1,0,0,0,1
1,0,0,0,1
1,0,0,0,1
1,0,0,0,1
1,0,0,0,1
1,0,0,0,1
1,0,0,0,1
1,0,0,0,1
1,0,0,0,1
1,0,0,0,1
1,0,0,0,1
1,0,0,0,1
1,0,0,0,1
2,0,0,0,2
1,0,0,0,1
1,0,0,0,1
1,0,0,0,1
1,0,0,0,1
1,0,0,0,1
1,0,0,0,1
1,0,0,0,1
1,0,0,0,1
2,0,0,0,2
1,0,0,0,1
1,0,0,0,1
1,0,0,0,1
1,0,0,0,1
1,0,0,0,1
2,0,0,0,2
1,0,0,0,1
1,0,0,0,1
1,0,0,0,1
1,0,0,0,1
2,0,0,0,2
1,0,0,0,1
1,0,0,0,1
1,0,0,0,1
1,0,0,0,1
1,0,0,0,1
1,0,0,0,1
2,0,0,0,2
2,0,0,0,2
1,0,0,0,1
3,0,0,0,3
1,0,0,0,1
1,0,0,0,1
1,0,0,0,1
1,0,0,0,1
1,0,0,0,1
1,0,0,0,1
2,0,0,0,2
1,0,0,0,1
1,0,0,0,1
1,0,0,0,1
1,0,0,0,1
1,0,0,0,1
1,0,0,0,1
1,0,0,0,1
1,1,0,0,2
1,2,0,0,3
1,0,0,0,1
1,0,0,0,1
3,0,0,0,3
1,0,0,0,1
1,0,0,0,1
1,0,0,0,1
1,0,0,0,1
1,0,0,0,1
1,0,0,0,1
1,0,0,0,1
1,0,0,0,1
1,0,0,0,1
1,0,0,0,1
1,0,0,0,1
1,0,0,0,1
1,0,0,0,1
1,0,0,0,1
1,0,0,0,1
1,0,0,0,1
1,0,0,0,1
1,0,0,0,1
1,0,0,0,1
1,0,0,0,1
1,0,0,0,1
1,0,0,0,1
1,0,0,0,1
1,0,0,0,1
2,0,0,0,2
1,0,0,0,1
1,0,0,0,1
2,0,0,0,2
1,0,0,0,1
1,0,0,0,1
1,0,0,0,1
2,0,0,0,2
3,0,0,0,3
1,0,0,0,1
1,0,0,0,1
2,13,0,0,15
1,0,0,0,1
1,0,0,0,1
1,0,0,0,1
1,0,0,0,1
1,0,0,0,1
1,3,0,0,4
1,4,1,0,6
1,0,0,0,1
1,0,0,0,1
1,0,0,0,1
1,0,0,0,1
1,0,0,0,1
1,0,0,0,1
1,0,0,0,1
1,0,0,0,1
1,0,0,0,1
1,0,0,0,1
1,0,0,0,1
1,0,0,0,1
2,0,0,0,2
1,0,0,0,1
1,0,0,0,1
1,0,0,0,1
1,0,0,0,1
1,0,0,0,1
2,0,0,0,2
1,0,0,0,1
1,0,0,0,1
2,0,0,0,2
1,0,0,0,1
1,0,0,0,1
1,0,0,0,1
1,0,0,0,1
2,0,0,0,2
1,0,0,0,1
2,0,0,0,2
1,0,0,0,1
1,0,0,0,1
1,0,0,0,1
1,0,0,0,1
1,0,0,0,1
1,0,0,0,1
1,0,0,0,1
1,0,0,0,1
1,0,0,0,1
1,0,0,0,1
1,0,0,0,1
1,0,0,0,1
1,0,0,0,1
1,0,0,0,1
1,0,0,0,1
1,0,0,0,1
1,0,0,0,1
1,0,0,0,1
1,0,0,0,1
1,0,0,0,1
1,0,0,0,1
1,0,0,0,1
1,0,0,0,1
2,0,0,0,2
1,0,0,0,1
1,0,0,0,1
1,0,0,0,1
1,0,0,0,1
1,0,0,0,1
1,0,0,0,1
1,0,0,0,1
1,0,0,0,1
1,0,0,0,1
1,0,0,0,1
1,0,0,0,1
2,0,0,0,2
1,0,0,0,1
1,0,0,0,1
1,0,0,0,1
1,0,0,0,1
1,0,0,0,1
1,0,0,0,1
1,0,0,0,1
2,0,0,0,2
1,0,0,0,1
1,0,0,0,1
1,0,0,0,1
1,0,0,0,1
1,1,1,0,3
1,0,1,0,2
1,0,0,0,1
1,1,0,0,2
1,0,0,0,1
1,0,0,0,1
1,0,0,0,1
1,0,0,0,1
1,0,0,0,1
1,0,0,0,1
1,0,0,0,1
1,0,0,0,1
1,0,0,0,1
1,0,0,0,1
1,0,0,0,1
1,0,0,0,1
1,0,0,0,1
1,0,0,0,1
1,0,0,0,1
1,0,0,0,1
2,3,0,0,5
1,0,0,0,1
1,0,0,0,1
1,0,0,0,1
1,0,0,0,1
1,0,0,0,1
1,0,0,0,1
1,0,0,0,1
1,0,0,0,1
1,0,0,0,1
1,0,0,0,1
1,0,0,0,1
1,0,0,0,1
1,0,0,0,1
1,0,0,0,1
1,0,0,0,1
1,0,0,0,1
1,0,0,0,1
1,0,0,0,1
1,0,0,0,1
1,0,0,0,1
1,0,0,0,1
1,0,0,0,1
1,50,0,0,51
1,0,0,0,1
1,40,0,0,41
1,0,0,0,1
1,0,0,0,1
1,0,0,0,1
1,0,0,0,1
1,0,0,0,1
1,0,0,0,1
1,0,0,0,1
1,0,0,0,1
1,0,0,0,1
1,0,0,0,1
1,0,0,0,1
1,0,0,0,1
1,0,0,0,1
1,0,0,0,1
1,0,0,0,1
1,0,0,0,1
1,0,0,0,1
1,2,0,0,3
1,0,0,0,1
1,0,0,0,1
1,0,0,0,1
1,0,0,0,1
1,0,0,0,1
1,0,0,0,1
2,0,0,0,2
1,0,0,0,1
1,0,0,0,1
1,0,0,0,1
1,0,0,0,1
1,0,0,0,1
1,0,0,0,1
1,0,0,0,1
1,0,0,0,1
1,0,0,0,1
1,0,0,0,1
1,0,0,0,1
1,0,0,0,1
1,0,0,0,1
1,0,0,0,1
1,0,0,0,1
2,0,0,0,2
2,0,0,0,2
1,0,0,0,1
1,0,0,0,1
1,0,0,0,1
1,0,0,0,1
1,5,0,0,6
1,0,0,0,1
1,0,0,0,1
1,0,0,0,1
1,0,0,0,1
1,0,0,0,1
1,0,0,0,1
1,0,0,0,1
1,0,0,0,1
1,0,0,0,1
1,0,0,0,1
2,0,0,0,2
1,0,0,0,1
1,0,0,0,1
1,0,0,0,1
1,0,0,0,1
2,0,0,0,2
1,0,0,0,1
1,0,0,0,1
1,0,0,0,1
1,0,0,0,1
1,0,0,0,1
1,0,0,0,1
1,0,0,0,1
1,0,0,0,1
1,0,0,0,1
1,0,0,0,1
1,0,0,0,1
1,0,0,0,1
1,0,0,0,1
1,0,0,0,1
1,0,0,0,1
1,0,0,0,1
2,0,0,0,2
1,0,0,0,1
1,0,0,0,1
1,0,0,0,1
1,0,0,0,1
1,0,0,0,1
1,0,0,0,1
1,0,0,0,1
1,0,0,0,1
1,0,0,0,1
1,0,0,0,1
1,0,0,0,1
1,0,0,0,1
1,0,0,0,1
1,0,0,0,1
1,0,0,0,1
1,0,0,0,1
1,0,0,0,1
1,0,0,0,1
1,0,0,0,1
1,0,0,0,1
1,0,0,0,1
1,0,0,0,1
1,0,0,0,1
1,0,0,0,1
1,0,0,0,1
1,0,0,0,1
1,0,0,0,1
1,0,0,0,1
1,2,0,0,3
1,0,0,0,1
1,0,0,0,1
1,0,0,0,1
1,0,0,0,1
1,0,0,0,1
1,0,0,0,1
1,0,0,0,1
1,0,0,0,1
1,0,0,0,1
1,0,0,0,1
1,0,0,0,1
1,0,0,0,1
1,0,0,0,1
1,0,0,0,1
1,1,0,0,2
1,0,0,0,1
1,0,0,0,1
3,0,0,0,3
1,0,0,0,1
1,0,0,0,1
1,1,1,0,3
1,0,0,0,1
4,0,0,0,4
2,0,0,0,2
1,0,0,0,1
1,0,0,0,1
1,0,0,0,1
1,0,0,0,1
1,0,0,0,1
1,2,0,0,3
1,0,0,0,1
1,0,0,0,1
1,0,0,0,1
1,0,0,0,1
1,0,0,0,1
1,0,0,0,1
1,0,0,0,1
1,0,0,0,1
1,0,0,0,1
1,0,0,0,1
5,0,0,0,5
1,0,0,0,1
2,0,0,0,2
1,0,0,0,1
1,0,0,0,1
1,0,0,0,1
1,0,0,0,1
1,0,0,0,1
1,0,0,0,1
1,0,0,0,1
1,0,0,0,1
1,0,0,0,1
1,0,0,0,1
1,0,0,0,1
1,0,0,0,1
2,0,0,0,2
1,0,0,0,1
1,0,0,0,1
1,0,0,0,1
2,0,0,0,2
1,0,0,0,1
1,0,0,0,1
1,1,0,0,2
1,0,0,0,1
1,0,0,0,1
1,0,0,0,1
1,0,0,0,1
1,0,0,0,1
1,0,0,0,1
1,0,0,0,1
1,0,0,0,1
1,0,0,0,1
1,0,0,0,1
1,0,0,0,1
2,0,0,0,2
1,0,0,0,1
2,0,0,0,2
1,0,0,0,1
1,0,0,0,1
1,0,0,0,1
1,0,0,0,1
1,0,0,0,1
1,0,0,0,1
1,0,0,0,1
1,0,0,0,1
1,0,0,0,1
1,0,0,0,1
1,0,0,0,1
1,172,0,0,173
2,0,0,0,2
1,0,0,0,1
1,0,0,0,1
2,0,0,0,2
1,0,0,0,1
1,0,0,0,1
1,3,0,0,4
1,0,0,0,1
1,0,0,0,1
1,0,0,0,1
1,0,0,0,1
1,0,0,0,1
1,0,0,0,1
1,0,0,0,1
1,0,0,0,1
1,0,0,0,1
1,0,0,0,1
1,0,0,0,1
1,0,0,0,1
1,0,0,0,1
1,0,0,0,1
1,0,0,0,1
1,0,0,0,1
1,0,0,0,1
1,0,0,0,1
1,0,0,0,1
1,0,0,0,1
1,0,0,0,1
1,0,0,0,1
1,0,0,0,1
1,0,0,0,1
1,0,0,0,1
1,0,0,0,1
3,0,0,0,3
1,0,0,0,1
1,0,0,0,1
1,0,0,0,1
1,0,0,0,1
1,0,0,0,1
2,0,0,0,2
1,0,0,0,1
1,0,0,0,1
1,0,0,0,1
1,0,0,0,1
1,0,0,0,1
1,0,0,0,1
3,0,0,0,3
1,0,0,0,1
1,0,0,0,1
1,0,0,0,1
1,0,0,0,1
1,0,0,0,1
1,0,0,0,1
1,0,0,0,1
1,0,0,0,1
1,0,0,0,1
1,0,0,0,1
1,0,0,0,1
2,0,0,0,2
1,0,0,0,1
1,0,0,0,1
1,0,0,0,1
1,0,0,0,1
1,0,0,0,1
3,0,0,0,3
1,0,0,0,1
1,0,0,0,1
1,0,0,0,1
1,0,0,0,1
1,0,0,0,1
1,0,0,0,1
1,0,0,0,1
2,0,0,0,2
1,0,0,0,1
1,0,0,0,1
1,0,0,0,1
1,0,0,0,1
1,0,0,0,1
1,0,0,0,1
1,0,0,0,1
1,0,0,0,1
2,0,0,0,2
1,0,0,0,1
1,0,0,0,1
1,0,0,0,1
1,0,0,0,1
3,0,0,0,3
1,0,0,0,1
1,0,0,0,1
1,0,0,0,1
1,0,0,0,1
1,0,0,0,1
1,0,0,0,1
1,0,0,0,1
1,0,0,0,1
1,0,0,0,1
1,0,0,0,1
1,0,0,0,1
1,0,0,0,1
1,0,0,0,1
1,0,0,0,1
1,0,0,0,1
1,0,0,0,1
1,0,0,0,1
1,0,0,0,1
1,0,0,0,1
1,0,0,0,1
2,1,0,0,3
1,0,0,0,1
2,0,0,0,2
1,0,0,0,1
1,0,0,0,1
1,0,0,0,1
1,0,0,0,1
1,0,0,0,1
1,0,0,0,1
1,0,0,0,1
1,0,0,0,1
1,0,0,0,1
2,0,0,0,2
1,0,0,0,1
1,0,0,0,1
1,0,0,0,1
1,0,0,0,1
1,0,0,0,1
1,0,0,0,1
1,0,0,0,1
1,0,0,0,1
1,0,0,0,1
1,0,0,0,1
1,0,0,0,1
1,0,0,0,1
1,0,0,0,1
1,0,0,0,1
1,0,0,0,1
1,0,0,0,1
1,0,0,0,1
1,0,0,0,1
1,0,0,0,1
1,0,0,0,1
1,0,0,0,1
1,0,0,0,1
1,0,0,0,1
1,0,0,0,1
3,0,0,0,3
1,0,0,0,1
2,0,0,0,2
1,0,0,0,1
2,0,0,0,2
1,0,0,0,1
1,0,0,0,1
1,0,0,0,1
1,0,1,0,2
1,0,0,0,1
1,0,0,0,1
1,0,0,0,1
1,0,0,0,1
1,0,0,0,1
1,0,0,0,1
1,0,0,0,1
1,0,0,0,1
1,0,0,0,1
1,0,0,0,1
1,0,0,0,1
1,0,0,0,1
1,0,0,0,1
1,0,0,0,1
1,0,0,0,1
1,0,0,0,1
1,0,0,0,1
1,0,0,0,1
2,0,0,0,2
1,0,0,0,1
1,0,0,0,1
1,0,0,0,1
2,0,0,0,2
1,0,0,0,1
1,0,0,0,1
1,0,0,0,1
1,0,0,0,1
2,0,0,0,2
1,0,0,0,1
1,0,0,0,1
1,0,0,0,1
1,0,0,0,1
1,0,0,0,1
1,0,0,0,1
1,0,0,0,1
1,0,0,0,1
1,0,0,0,1
1,0,0,0,1
1,0,0,0,1
1,0,0,0,1
1,27,0,0,28
1,0,0,0,1
1,0,0,0,1
2,0,0,0,2
1,0,0,0,1
1,0,0,0,1
1,0,0,0,1
1,0,0,0,1
1,0,0,0,1
1,0,0,0,1
1,0,0,0,1
1,0,0,0,1
1,0,0,0,1
1,0,0,0,1
1,0,0,0,1
1,0,0,0,1
1,0,0,0,1
2,0,0,0,2
1,0,0,0,1
1,6,0,0,7
1,0,0,0,1
1,0,0,0,1
1,0,0,0,1
1,0,0,0,1
1,0,0,0,1
1,0,0,0,1
1,0,0,0,1
1,0,0,0,1
2,3,0,0,5
1,0,0,0,1
1,0,0,0,1
1,0,0,0,1
1,0,0,0,1
1,0,0,0,1
1,0,0,0,1
1,0,0,0,1
1,0,0,0,1
1,0,0,0,1
1,0,0,0,1
1,0,0,0,1
1,0,0,0,1
1,0,0,0,1
1,0,0,0,1
1,0,0,0,1
1,0,0,0,1
1,2,0,0,3
1,0,0,0,1
1,0,0,0,1
1,0,0,0,1
1,0,0,0,1
1,0,0,0,1
2,57,1,0,60
1,0,0,0,1
1,0,0,0,1
1,0,0,0,1
1,0,0,0,1
1,0,0,0,1
1,0,0,0,1
1,0,0,0,1
1,0,0,0,1
1,0,0,0,1
1,0,0,0,1
1,0,0,0,1
1,0,0,0,1
1,0,0,0,1
1,0,0,0,1
1,0,0,0,1
1,0,0,0,1
1,0,0,0,1
1,0,0,0,1
1,0,0,0,1
1,0,0,0,1
1,1,0,0,2
1,0,0,0,1
2,0,0,0,2
1,0,0,0,1
2,0,0,0,2
1,0,0,0,1
1,0,0,0,1
1,0,0,0,1
1,0,0,0,1
2,1,0,0,3
1,0,0,0,1
1,0,0,0,1
1,0,0,0,1
1,0,0,0,1
1,0,0,0,1
1,0,0,0,1
1,0,0,0,1
2,0,0,0,2
1,0,0,0,1
1,0,0,0,1
1,0,0,0,1
1,0,0,0,1
1,0,0,0,1
1,0,0,0,1
1,0,0,0,1
2,0,0,0,2
1,0,0,0,1
1,0,0,0,1
1,0,0,0,1
1,0,0,0,1
1,0,0,0,1
1,0,0,0,1
1,0,0,0,1
1,0,0,0,1
1,0,0,0,1
1,0,0,0,1
1,2,0,0,3
1,0,0,0,1
1,0,0,0,1
1,0,0,0,1
1,0,0,0,1
1,0,0,0,1
1,0,0,0,1
1,0,0,0,1
1,0,0,0,1
1,0,0,0,1
1,0,0,0,1
1,0,0,0,1
1,0,0,0,1
1,0,0,0,1
1,2,0,0,3
1,0,0,0,1
1,0,0,0,1
1,0,0,0,1
1,0,0,0,1
1,0,0,0,1
1,0,0,0,1
1,0,0,0,1
1,0,0,0,1
1,0,0,0,1
1,0,0,0,1
1,0,0,0,1
1,0,0,0,1
1,0,0,0,1
1,0,0,0,1
1,0,0,0,1
1,0,0,0,1
1,0,0,0,1
1,0,0,0,1
2,0,0,0,2
1,0,0,0,1
1,0,0,0,1
1,0,0,0,1
1,0,0,0,1
1,0,0,0,1
2,0,0,0,2
1,0,0,0,1
1,0,0,0,1
1,0,0,0,1
1,0,0,0,1
1,0,0,0,1
1,0,0,0,1
1,0,0,0,1
1,0,0,0,1
2,11,1,0,14
1,0,0,0,1
1,0,0,0,1
1,0,0,0,1
1,0,0,0,1
1,0,0,0,1
1,0,0,0,1
1,0,0,0,1
1,1,0,0,2
1,0,0,0,1
2,0,0,0,2
1,0,0,0,1
1,0,0,0,1
1,0,0,0,1
1,0,0,0,1
1,0,0,0,1
1,0,0,0,1
1,0,0,0,1
2,0,0,0,2
1,0,0,0,1
1,0,0,0,1
1,0,0,0,1
1,0,0,0,1
1,0,0,0,1
1,2,0,0,3
3,1,0,0,4
1,4,0,0,5
1,0,0,0,1
1,0,0,0,1
1,0,0,0,1
1,0,0,0,1
1,0,0,0,1
1,0,0,0,1
1,0,0,0,1
1,0,0,0,1
1,0,0,0,1
1,0,0,0,1
1,0,0,0,1
2,0,0,0,2
1,0,0,0,1
3,0,0,0,3
1,0,0,0,1
1,0,0,0,1
1,0,0,0,1
1,0,0,0,1
1,0,0,0,1
1,0,0,0,1
1,0,0,0,1
1,0,0,0,1
1,0,0,0,1
1,0,0,0,1
1,0,0,0,1
1,0,0,0,1
1,0,0,0,1
1,0,0,0,1
2,0,0,0,2
1,0,0,0,1
1,0,0,0,1
1,0,0,0,1
1,0,0,0,1
2,0,0,0,2
1,0,0,0,1
1,0,0,0,1
1,0,0,0,1
1,0,0,0,1
1,0,0,0,1
1,0,0,0,1
1,0,0,0,1
1,0,0,0,1
1,0,0,0,1
1,0,0,0,1
1,0,0,0,1
1,0,0,0,1
1,0,0,0,1
1,0,0,0,1
1,0,0,0,1
1,1,0,0,2
1,0,0,0,1
1,0,0,0,1
1,0,0,0,1
1,0,0,0,1
1,0,0,0,1
1,0,0,0,1
1,0,0,0,1
1,0,0,0,1
1,0,0,0,1
1,0,0,0,1
1,0,0,0,1
1,0,0,0,1
1,0,0,0,1
1,0,0,0,1
3,0,0,0,3
1,0,0,0,1
1,0,0,0,1
1,0,0,0,1
1,0,0,0,1
1,0,0,0,1
1,0,0,0,1
1,0,0,0,1
1,0,0,0,1
1,0,0,0,1
1,0,0,0,1
1,0,0,0,1
1,0,0,0,1
1,0,0,0,1
2,0,0,0,2
1,0,0,0,1
1,0,0,0,1
1,0,0,0,1
1,0,0,0,1
1,0,0,0,1
1,0,0,0,1
1,0,0,0,1
1,0,0,0,1
1,0,0,0,1
1,0,0,0,1
1,0,0,0,1
1,0,0,0,1
1,0,0,0,1
1,0,0,0,1
1,0,0,0,1
1,0,0,0,1
1,0,0,0,1
1,0,0,0,1
1,0,0,0,1
2,0,0,0,2
1,0,0,0,1
1,0,0,0,1
1,0,0,0,1
1,0,0,0,1
1,0,0,0,1
1,0,0,0,1
1,0,0,0,1
1,0,0,0,1
1,0,0,0,1
1,0,0,0,1
1,0,0,0,1
3,0,0,0,3
1,0,0,0,1
1,0,0,0,1
1,0,0,0,1
2,0,0,0,2
1,0,0,0,1
1,0,0,0,1
1,0,0,0,1
1,0,0,0,1
3,65,1,0,69
1,0,0,0,1
1,0,0,0,1
1,0,0,0,1
1,0,0,0,1
2,0,0,0,2
1,0,0,0,1
1,0,0,0,1
1,0,0,0,1
1,0,0,0,1
1,0,0,0,1
1,0,0,0,1
1,0,0,0,1
1,0,0,0,1
1,0,0,0,1
1,0,0,0,1
1,0,0,0,1
1,0,0,0,1
1,0,0,0,1
1,0,0,0,1
2,0,0,0,2
1,0,0,0,1
1,0,0,0,1
1,0,0,0,1
1,0,0,0,1
1,0,0,0,1
1,0,0,0,1
1,0,0,0,1
1,0,0,0,1
1,0,0,0,1
1,0,0,0,1
1,0,0,0,1
1,0,0,0,1
1,0,0,0,1
1,0,0,0,1
1,0,0,0,1
1,0,0,0,1
2,0,0,0,2
1,0,0,0,1
1,0,0,0,1
1,0,0,0,1
1,0,0,0,1
1,0,0,0,1
1,0,0,0,1
1,0,0,0,1
1,0,0,0,1
1,0,0,0,1
1,0,0,0,1
3,0,0,0,3
1,0,0,0,1
1,0,0,0,1
1,0,0,0,1
1,0,0,0,1
1,0,0,0,1
1,0,0,0,1
1,0,0,0,1
1,0,0,0,1
1,0,0,0,1
1,0,0,0,1
1,0,0,0,1
1,0,0,0,1
1,0,0,0,1
1,0,0,0,1
2,0,0,0,2
1,0,0,0,1
1,0,0,0,1
1,0,0,0,1
1,0,0,0,1
2,0,0,0,2
1,0,0,0,1
1,0,0,0,1
1,0,0,0,1
1,0,0,0,1
1,0,0,0,1
1,0,0,0,1
1,0,0,0,1
1,0,0,0,1
1,0,0,0,1
1,0,0,0,1
1,0,0,0,1
1,0,0,0,1
1,0,0,0,1
1,0,0,0,1
3,0,0,0,3
1,0,0,0,1
1,0,0,0,1
1,0,0,0,1
1,0,0,0,1
3,0,0,0,3
1,0,0,0,1
2,0,0,0,2
2,0,0,0,2
1,0,0,0,1
1,0,0,0,1
1,0,0,0,1
2,0,0,0,2
1,0,0,0,1
5,0,0,0,5
3,0,0,0,3
1,0,0,0,1
1,2,0,0,3
1,0,0,0,1
2,0,0,0,2
1,0,0,0,1
1,0,0,0,1
2,0,0,0,2
1,0,0,0,1
1,0,0,0,1
1,0,0,0,1
1,0,0,0,1
4,0,0,0,4
1,0,0,0,1
1,0,0,0,1
1,0,0,0,1
1,0,0,0,1
1,0,0,0,1
1,0,0,0,1
1,0,0,0,1
1,0,0,0,1
1,0,0,0,1
1,0,0,0,1
1,0,0,0,1
1,0,0,0,1
1,0,0,0,1
1,0,0,0,1
1,0,0,0,1
1,0,0,0,1
2,0,0,0,2
1,0,0,0,1
1,0,0,0,1
1,0,0,0,1
3,25,0,0,28
1,0,0,0,1
1,0,0,0,1
1,0,0,0,1
1,0,0,0,1
1,0,0,0,1
1,0,0,0,1
1,0,0,0,1
1,0,0,0,1
1,0,0,0,1
1,0,0,0,1
1,0,0,0,1
1,0,0,0,1
1,0,0,0,1
1,0,0,0,1
1,0,0,0,1
1,0,0,0,1
1,0,0,0,1
1,0,0,0,1
2,0,0,0,2
2,0,0,0,2
1,0,0,0,1
1,0,0,0,1
1,0,0,0,1
1,0,0,0,1
1,0,0,0,1
1,0,0,0,1
1,0,0,0,1
1,0,0,0,1
1,0,0,0,1
1,0,0,0,1
1,0,0,0,1
2,0,0,0,2
1,0,0,0,1
1,0,0,0,1
1,0,0,0,1
1,0,0,0,1
1,0,0,0,1
2,0,0,0,2
1,0,0,0,1
1,0,0,0,1
1,0,0,0,1
2,0,0,0,2
1,0,0,0,1
1,0,0,0,1
1,0,0,0,1
1,3,1,0,5
1,0,0,0,1
1,0,0,0,1
1,0,0,0,1
1,0,0,0,1
1,0,0,0,1
2,0,0,0,2
1,0,0,0,1
1,0,0,0,1
1,0,0,0,1
1,0,0,0,1
1,0,0,0,1
1,0,0,0,1
1,0,0,0,1
1,0,0,0,1
1,0,0,0,1
1,0,0,0,1
1,0,0,0,1
1,0,0,0,1
1,0,0,0,1
1,0,0,0,1
1,0,0,0,1
1,2,0,0,3
1,0,0,0,1
1,0,0,0,1
1,0,0,0,1
1,0,0,0,1
1,0,0,0,1
1,0,0,0,1
2,4,0,0,6
1,0,0,0,1
1,0,0,0,1
2,0,0,0,2
1,0,0,0,1
1,0,0,0,1
1,0,0,0,1
1,0,0,0,1
1,0,0,0,1
1,0,0,0,1
1,0,0,0,1
1,0,0,0,1
1,0,0,0,1
1,0,0,0,1
1,0,0,0,1
1,0,0,0,1
1,0,0,0,1
1,0,0,0,1
1,0,0,0,1
2,0,0,0,2
1,0,0,0,1
1,0,0,0,1
1,0,0,0,1
1,0,0,0,1
1,0,0,0,1
1,0,0,0,1
1,0,0,0,1
1,0,0,0,1
1,0,0,0,1
1,0,0,0,1
1,0,0,0,1
1,0,0,0,1
1,0,0,0,1
1,0,0,0,1
1,0,0,0,1
1,0,0,0,1
1,8,0,0,9
1,0,0,0,1
1,0,0,0,1
1,0,0,0,1
1,0,0,0,1
1,0,0,0,1
1,0,0,0,1
1,0,0,0,1
1,0,0,0,1
1,0,0,0,1
1,0,0,0,1
1,0,0,0,1
1,0,0,0,1
1,0,0,0,1
1,0,0,0,1
1,0,0,0,1
1,0,0,0,1
1,0,0,0,1
1,0,0,0,1
2,0,0,0,2
1,0,0,0,1
1,0,0,0,1
1,0,0,0,1
1,0,0,0,1
1,0,0,0,1
1,0,0,0,1
1,0,0,0,1
1,0,0,0,1
1,0,0,0,1
1,0,0,0,1
1,0,0,0,1
1,0,0,0,1
1,0,0,0,1
1,0,0,0,1
1,0,0,0,1
1,0,0,0,1
1,0,0,0,1
1,0,0,0,1
1,0,0,0,1
2,1,0,0,3
1,0,0,0,1
2,0,0,0,2
1,0,0,0,1
1,0,0,0,1
1,0,0,0,1
1,0,0,0,1
1,0,0,0,1
1,0,0,0,1
1,0,0,0,1
1,0,0,0,1
1,0,0,0,1
1,0,0,0,1
1,0,0,0,1
1,0,0,0,1
1,0,0,0,1
1,0,0,0,1
1,0,0,0,1
1,0,0,0,1
1,0,0,0,1
1,0,0,0,1
1,0,0,0,1
1,0,0,0,1
1,0,0,0,1
1,0,0,0,1
1,0,0,0,1
1,0,0,0,1
1,0,0,0,1
1,0,0,0,1
1,0,0,0,1
1,0,0,0,1
1,0,0,0,1
1,0,0,0,1
1,0,0,0,1
1,0,0,0,1
1,0,0,0,1
3,1,0,0,4
1,0,0,0,1
1,0,0,0,1
1,0,0,0,1
1,0,0,0,1
1,0,0,0,1
1,0,0,0,1
1,0,0,0,1
1,0,0,0,1
1,0,0,0,1
1,0,0,0,1
1,0,0,0,1
1,0,0,0,1
1,0,0,0,1
1,0,0,0,1
1,0,0,0,1
1,0,0,0,1
1,0,0,0,1
1,0,0,0,1
2,0,0,0,2
1,0,0,0,1
1,0,0,0,1
1,0,0,0,1
1,0,0,0,1
1,4,0,0,5
1,0,0,0,1
1,0,0,0,1
1,0,0,0,1
1,0,0,0,1
1,0,0,0,1
2,0,0,0,2
1,0,0,0,1
1,0,0,0,1
1,1,0,0,2
1,0,0,0,1
1,0,0,0,1
1,0,0,0,1
2,0,0,0,2
1,0,0,0,1
1,1,1,0,3
1,0,0,0,1
1,0,0,0,1
1,0,0,0,1
1,0,0,0,1
1,0,0,0,1
1,0,0,0,1
1,0,0,0,1
1,0,0,0,1
2,0,0,0,2
1,0,0,0,1
1,0,0,0,1
1,0,0,0,1
1,0,0,0,1
1,0,0,0,1
1,0,0,0,1
1,0,0,0,1
3,0,0,0,3
1,0,0,0,1
1,0,0,0,1
1,0,0,0,1
2,0,0,0,2
1,0,0,0,1
1,0,0,0,1
1,0,0,0,1
1,0,0,0,1
1,0,0,0,1
1,0,0,0,1
1,0,0,0,1
2,0,0,0,2
1,0,0,0,1
1,0,0,0,1
1,0,0,0,1
1,2,0,0,3
1,1,0,0,2
1,0,0,0,1
1,0,0,0,1
1,0,0,0,1
2,0,0,0,2
1,0,0,0,1
1,0,0,0,1
1,0,0,0,1
2,3,1,0,6
1,0,0,0,1
1,0,0,0,1
1,0,0,0,1
1,0,0,0,1
1,0,0,0,1
1,0,0,0,1
1,0,0,0,1
1,0,0,0,1
1,0,0,0,1
1,10,0,0,11
1,0,0,0,1
1,0,0,0,1
1,0,0,0,1
1,0,0,0,1
1,0,0,0,1
1,0,0,0,1
1,0,0,0,1
1,0,0,0,1
2,0,0,0,2
1,0,0,0,1
1,0,0,0,1
2,0,0,0,2
1,0,0,0,1
1,0,0,0,1
1,0,0,0,1
1,0,0,0,1
1,0,0,0,1
1,0,0,0,1
1,0,0,0,1
1,0,0,0,1
1,0,0,0,1
1,0,0,0,1
1,0,0,0,1
1,0,0,0,1
1,0,0,0,1
2,0,0,0,2
1,0,0,0,1
1,0,0,0,1
2,0,0,0,2
1,0,0,0,1
1,0,0,0,1
1,0,0,0,1
1,0,0,0,1
1,0,0,0,1
1,0,0,0,1
1,0,0,0,1
1,0,0,0,1
1,0,0,0,1
1,0,0,0,1
1,0,0,0,1
1,0,0,0,1
1,0,0,0,1
1,0,0,0,1
2,0,0,0,2
1,0,0,0,1
1,0,0,0,1
1,0,0,0,1
1,0,0,0,1
1,0,0,0,1
1,0,0,0,1
1,0,0,0,1
1,0,0,0,1
1,0,0,0,1
3,0,0,0,3
1,0,0,0,1
1,0,0,0,1
1,0,0,0,1
1,0,0,0,1
1,0,0,0,1
1,0,0,0,1
1,0,0,0,1
1,0,0,0,1
1,0,0,0,1
1,0,0,0,1
1,0,0,0,1
1,0,0,0,1
1,0,0,0,1
1,0,0,0,1
1,0,0,0,1
1,0,0,0,1
1,0,0,0,1
1,0,0,0,1
1,0,0,0,1
1,0,0,0,1
1,0,0,0,1
1,0,0,0,1
1,0,0,0,1
1,0,0,0,1
1,0,0,0,1
1,0,0,0,1
1,0,0,0,1
2,0,0,0,2
1,0,0,0,1
1,0,0,0,1
1,0,0,0,1
1,0,0,0,1
3,0,0,0,3
1,0,0,0,1
1,0,0,0,1
1,0,0,0,1
1,0,0,0,1
1,0,0,0,1
1,0,0,0,1
1,162,0,0,163
1,0,0,0,1
1,0,0,0,1
1,18,0,0,19
1,0,0,0,1
1,0,0,0,1
1,0,0,0,1
1,0,0,0,1
1,0,0,0,1
1,0,0,0,1
1,0,0,0,1
1,0,0,0,1
1,0,0,0,1
1,0,0,0,1
1,0,0,0,1
1,0,0,0,1
1,0,0,0,1
1,0,0,0,1
2,0,0,0,2
1,0,0,0,1
2,0,0,0,2
1,0,0,0,1
1,0,0,0,1
1,0,0,0,1
1,0,0,0,1
1,0,0,0,1
1,0,0,0,1
1,0,0,0,1
1,1,0,0,2
1,0,0,0,1
2,0,0,0,2
1,0,0,0,1
1,0,0,0,1
1,0,0,0,1
1,0,0,0,1
1,0,0,0,1
1,0,0,0,1
1,0,0,0,1
1,0,0,0,1
1,0,0,0,1
1,0,0,0,1
2,0,0,0,2
1,0,0,0,1
1,0,0,0,1
1,0,0,0,1
1,0,0,0,1
1,0,0,0,1
1,0,0,0,1
1,0,0,0,1
1,0,0,0,1
1,0,0,0,1
1,0,0,0,1
1,0,0,0,1
1,0,0,0,1
1,0,0,0,1
1,0,0,0,1
1,0,0,0,1
1,0,0,0,1
1,0,0,0,1
1,0,0,0,1
1,0,0,0,1
1,0,0,0,1
1,0,0,0,1
1,0,0,0,1
1,0,0,0,1
1,0,0,0,1
1,0,0,0,1
1,0,0,0,1
1,0,0,0,1
1,0,0,0,1
1,0,0,0,1
1,0,0,0,1
2,0,0,0,2
1,0,0,0,1
1,0,0,0,1
1,0,0,0,1
1,0,0,0,1
1,0,0,0,1
1,0,0,0,1
1,0,0,0,1
1,0,0,0,1
2,0,0,0,2
2,0,0,0,2
1,0,0,0,1
1,0,0,0,1
1,0,0,0,1
1,0,0,0,1
1,0,0,0,1
1,0,0,0,1
1,0,0,0,1
1,0,0,0,1
1,0,0,0,1
1,0,0,0,1
1,0,0,0,1
2,0,0,0,2
1,0,0,0,1
1,0,0,0,1
1,0,0,0,1
1,0,0,0,1
1,0,0,0,1
2,0,0,0,2
1,0,0,0,1
1,0,0,0,1
1,0,0,0,1
1,0,0,0,1
1,0,0,0,1
1,0,0,0,1
1,0,0,0,1
1,0,0,0,1
3,0,0,0,3
1,0,0,0,1
1,0,0,0,1
1,0,0,0,1
1,0,0,0,1
1,0,0,0,1
1,0,0,0,1
1,0,0,0,1
1,0,0,0,1
1,0,0,0,1
1,2,0,0,3
1,2,0,0,3
1,0,0,0,1
2,0,0,0,2
1,1,0,0,2
1,0,0,0,1
1,0,0,0,1
1,0,0,0,1
1,0,0,0,1
3,0,0,0,3
2,0,0,0,2
1,6,0,0,7
1,0,0,0,1
1,0,0,0,1
1,0,0,0,1
2,0,0,0,2
2,0,0,0,2
1,0,0,0,1
1,0,0,0,1
1,0,0,0,1
1,0,0,0,1
1,0,0,0,1
1,0,0,0,1
2,0,0,0,2
1,0,0,0,1
3,0,0,0,3
1,0,0,0,1
1,2,1,0,4
1,0,0,0,1
1,0,0,0,1
2,0,0,0,2
1,0,0,0,1
1,0,0,0,1
1,0,0,0,1
1,0,0,0,1
3,0,0,0,3
1,0,0,0,1
1,0,0,0,1
1,0,0,0,1
2,0,0,0,2
1,0,0,0,1
1,0,0,0,1
1,0,0,0,1
1,0,0,0,1
1,0,0,0,1
1,0,0,0,1
2,0,0,0,2
1,0,0,0,1
1,0,0,0,1
1,0,0,0,1
1,0,0,0,1
1,0,0,0,1
1,0,0,0,1
1,0,0,0,1
1,0,0,0,1
1,0,0,0,1
1,11,0,0,12
1,0,0,0,1
1,0,0,0,1
1,0,0,0,1
1,0,0,0,1
1,0,0,0,1
1,0,0,0,1
1,0,0,0,1
1,0,0,0,1
1,0,0,0,1
1,0,0,0,1
1,0,0,0,1
1,0,0,0,1
1,2,0,0,3
1,0,0,0,1
1,0,0,0,1
1,0,0,0,1
1,0,0,0,1
1,0,0,0,1
1,0,0,0,1
1,0,0,0,1
1,0,0,0,1
1,0,0,0,1
1,0,0,0,1
1,0,0,0,1
1,0,0,0,1
1,0,0,0,1
2,0,0,0,2
1,0,0,0,1
1,0,0,0,1
1,0,0,0,1
1,0,0,0,1
1,0,0,0,1
1,1,1,0,3
1,0,0,0,1
1,0,0,0,1
1,0,0,0,1
1,0,0,0,1
1,0,0,0,1
1,0,0,0,1
1,0,0,0,1
1,0,0,0,1
1,0,0,0,1
1,0,0,0,1
1,0,0,0,1
1,0,0,0,1
1,0,0,0,1
3,0,0,0,3
1,0,0,0,1
1,0,0,0,1
1,0,0,0,1
1,0,0,0,1
1,0,0,0,1
1,0,0,0,1
1,0,0,0,1
1,0,0,0,1
1,0,0,0,1
1,0,0,0,1
1,0,0,0,1
2,0,0,0,2
1,3,1,0,5
1,0,0,0,1
1,0,0,0,1
1,0,0,0,1
2,0,0,0,2
1,0,0,0,1
1,12,0,0,13
1,0,0,0,1
1,0,0,0,1
1,0,0,0,1
1,0,0,0,1
1,0,0,0,1
1,0,0,0,1
1,0,0,0,1
1,0,0,0,1
1,0,0,0,1
1,0,0,0,1
1,0,0,0,1
1,0,0,0,1
1,0,0,0,1
1,0,0,0,1
1,0,0,0,1
1,0,0,0,1
1,0,0,0,1
1,0,0,0,1
1,0,0,0,1
1,0,0,0,1
1,0,0,0,1
1,0,0,0,1
1,0,0,0,1
1,0,0,0,1
1,0,0,0,1
1,0,0,0,1
1,0,0,0,1
1,2,0,0,3
1,0,0,0,1
1,0,0,0,1
1,4,0,0,5
1,0,0,0,1
2,0,0,0,2
1,0,0,0,1
1,0,0,0,1
1,0,0,0,1
2,0,0,0,2
2,0,0,0,2
1,0,0,0,1
1,0,0,0,1
1,0,0,0,1
1,0,0,0,1
1,0,0,0,1
1,0,0,0,1
1,0,0,0,1
1,0,0,0,1
1,0,0,0,1
1,0,0,0,1
2,0,0,0,2
1,0,0,0,1
1,0,0,0,1
1,0,0,0,1
1,0,0,0,1
1,0,0,0,1
2,0,0,0,2
1,0,0,0,1
2,0,0,0,2
1,0,0,0,1
1,0,0,0,1
2,0,0,0,2
1,0,0,0,1
1,0,0,0,1
1,0,0,0,1
1,0,0,0,1
1,0,0,0,1
1,0,0,0,1
1,0,0,0,1
1,0,0,0,1
1,0,0,0,1
1,0,0,0,1
3,0,0,0,3
1,0,0,0,1
1,0,0,0,1
1,0,0,0,1
1,0,0,0,1
1,0,0,0,1
1,0,0,0,1
1,0,0,0,1
1,0,0,0,1
1,0,0,0,1
1,0,0,0,1
1,0,0,0,1
1,0,0,0,1
1,0,0,0,1
1,0,0,0,1
1,0,0,0,1
1,0,0,0,1
1,0,0,0,1
1,0,0,0,1
1,0,0,0,1
1,0,0,0,1
1,0,0,0,1
1,0,0,0,1
1,0,0,0,1
1,0,0,0,1
1,0,0,0,1
1,0,0,0,1
2,0,0,0,2
1,0,0,0,1
1,0,0,0,1
1,0,0,0,1
1,0,0,0,1
1,1,1,0,3
1,0,0,0,1
1,0,0,0,1
1,0,0,0,1
1,0,0,0,1
1,0,0,0,1
1,0,0,0,1
1,0,0,0,1
1,0,0,0,1
1,0,0,0,1
1,0,0,0,1
1,0,0,0,1
1,0,0,0,1
1,0,0,0,1
2,3,0,0,5
1,0,0,0,1
1,0,0,0,1
1,0,0,0,1
1,0,0,0,1
1,0,0,0,1
1,0,0,0,1
1,0,0,0,1
2,0,0,0,2
1,0,0,0,1
1,0,0,0,1
1,0,0,0,1
1,0,0,0,1
1,0,0,0,1
1,0,0,0,1
1,2,0,0,3
1,0,0,0,1
1,0,0,0,1
1,0,0,0,1
2,0,0,0,2
2,0,0,0,2
2,0,0,0,2
1,0,0,0,1
1,0,0,0,1
1,0,0,0,1
1,0,0,0,1
1,0,0,0,1
1,0,0,0,1
3,0,0,0,3
1,0,0,0,1
1,0,0,0,1
1,0,0,0,1
1,0,0,0,1
1,0,0,0,1
1,0,0,0,1
1,0,0,0,1
2,0,0,0,2
1,0,0,0,1
1,0,0,0,1
1,0,0,0,1
4,0,0,0,4
1,0,0,0,1
1,0,0,0,1
2,0,0,0,2
1,0,0,0,1
1,0,0,0,1
1,0,0,0,1
1,0,0,0,1
1,0,0,0,1
1,0,0,0,1
2,0,0,0,2
2,0,2,0,4
1,0,0,0,1
1,0,0,0,1
1,0,0,0,1
1,0,0,0,1
1,0,0,0,1
2,0,0,0,2
1,0,0,0,1
1,0,0,0,1
1,0,0,0,1
1,0,0,0,1
1,0,0,0,1
1,0,0,0,1
2,0,0,0,2
1,0,0,0,1
1,0,0,0,1
1,0,0,0,1
1,0,0,0,1
1,0,0,0,1
1,0,0,0,1
1,0,0,0,1
1,0,0,0,1
1,0,0,0,1
1,0,0,0,1
1,0,0,0,1
1,0,0,0,1
1,0,0,0,1
1,0,0,0,1
1,0,0,0,1
1,0,0,0,1
1,0,0,0,1
1,0,0,0,1
1,0,0,0,1
1,0,0,0,1
1,0,0,0,1
2,0,0,0,2
1,0,0,0,1
1,0,0,0,1
1,0,0,0,1
2,0,0,0,2
1,0,0,0,1
1,0,0,0,1
2,0,0,0,2
1,0,0,0,1
1,0,0,0,1
1,0,0,0,1
1,0,0,0,1
1,0,0,0,1
1,0,0,0,1
1,0,0,0,1
1,0,0,0,1
1,0,0,0,1
2,0,0,0,2
1,0,0,0,1
1,0,0,0,1
1,0,0,0,1
1,0,0,0,1
1,0,0,0,1
1,0,0,0,1
1,0,0,0,1
1,0,0,0,1
1,0,0,0,1
1,0,0,0,1
1,0,0,0,1
1,0,0,0,1
1,0,0,0,1
1,0,0,0,1
1,0,0,0,1
1,0,0,0,1
3,0,0,0,3
2,8,1,0,11
1,0,0,0,1
1,0,0,0,1
1,0,0,0,1
1,0,0,0,1
1,0,0,0,1
1,0,0,0,1
1,0,0,0,1
2,0,0,0,2
1,0,0,0,1
1,0,0,0,1
1,0,0,0,1
1,0,0,0,1
1,0,0,0,1
1,0,0,0,1
1,0,0,0,1
1,0,0,0,1
1,0,0,0,1
1,0,0,0,1
1,0,0,0,1
1,0,0,0,1
1,0,0,0,1
1,0,0,0,1
3,0,0,0,3
1,0,0,0,1
1,0,0,0,1
1,0,0,0,1
1,0,0,0,1
1,0,0,0,1
1,0,0,0,1
1,0,0,0,1
1,0,0,0,1
1,0,0,0,1
1,0,0,0,1
1,0,0,0,1
1,0,0,0,1
1,0,0,0,1
1,2,0,0,3
1,0,0,0,1
2,0,0,0,2
1,0,0,0,1
1,0,0,0,1
1,0,0,0,1
1,0,0,0,1
1,0,0,0,1
1,0,0,0,1
1,0,0,0,1
1,0,0,0,1
1,0,0,0,1
1,2,3,0,6
1,0,0,0,1
1,0,0,0,1
1,0,0,0,1
1,0,0,0,1
1,0,0,0,1
1,0,0,0,1
1,0,0,0,1
1,0,0,0,1
1,0,0,0,1
1,0,0,0,1
2,0,0,0,2
1,0,0,0,1
1,0,0,0,1
1,0,0,0,1
1,0,0,0,1
1,0,0,0,1
1,0,0,0,1
3,0,0,0,3
1,0,0,0,1
1,0,0,0,1
2,0,0,0,2
1,0,0,0,1
1,0,0,0,1
1,0,0,0,1
1,0,0,0,1
1,0,0,0,1
1,0,0,0,1
1,0,0,0,1
1,0,0,0,1
1,0,0,0,1
1,0,0,0,1
1,0,0,0,1
1,0,0,0,1
1,0,0,0,1
1,0,0,0,1
1,0,0,0,1
1,3,0,0,4
1,0,0,0,1
1,0,0,0,1
1,0,0,0,1
1,0,0,0,1
1,0,0,0,1
1,0,0,0,1
1,0,0,0,1
1,0,0,0,1
1,0,0,0,1
1,0,0,0,1
2,0,0,0,2
1,0,0,0,1
1,0,0,0,1
1,0,0,0,1
1,0,0,0,1
1,0,0,0,1
1,0,0,0,1
1,0,0,0,1
1,0,0,0,1
1,0,0,0,1
2,1,0,0,3
1,0,0,0,1
1,0,0,0,1
1,0,0,0,1
1,0,0,0,1
1,0,0,0,1
1,0,0,0,1
2,0,0,0,2
1,0,0,0,1
1,0,0,0,1
1,0,0,0,1
1,0,0,0,1
1,0,0,0,1
1,0,0,0,1
1,0,0,0,1
1,0,0,0,1
1,0,0,0,1
1,0,0,0,1
1,0,0,0,1
1,0,0,0,1
1,0,0,0,1
2,0,0,0,2
1,0,0,0,1
1,0,0,0,1
1,0,0,0,1
1,0,0,0,1
1,0,0,0,1
1,0,0,0,1
1,0,0,0,1
1,0,0,0,1
2,0,0,0,2
1,0,0,0,1
1,0,0,0,1
1,0,0,0,1
1,0,0,0,1
1,0,0,0,1
3,0,0,0,3
1,0,0,0,1
1,0,0,0,1
1,0,0,0,1
1,0,0,0,1
1,0,0,0,1
1,0,0,0,1
1,0,0,0,1
1,0,0,0,1
1,0,0,0,1
1,0,0,0,1
1,0,0,0,1
1,0,0,0,1
1,0,0,0,1
1,0,0,0,1
1,0,0,0,1
1,0,0,0,1
1,0,0,0,1
1,9,0,0,10
1,0,0,0,1
1,0,0,0,1
1,0,0,0,1
1,0,0,0,1
1,0,0,0,1
1,0,0,0,1
1,0,0,0,1
2,0,0,0,2
1,0,0,0,1
1,0,0,0,1
1,0,0,0,1
1,0,0,0,1
1,0,0,0,1
1,0,0,0,1
1,0,0,0,1
1,0,0,0,1
1,0,0,0,1
1,0,0,0,1
1,0,0,0,1
1,0,0,0,1
1,0,0,0,1
1,0,0,0,1
1,0,0,0,1
1,0,0,0,1
1,0,0,0,1
1,0,0,0,1
1,0,0,0,1
1,0,0,0,1
1,0,0,0,1
1,2,0,0,3
1,0,0,0,1
1,0,0,0,1
1,0,0,0,1
1,0,0,0,1
1,0,0,0,1
1,0,0,0,1
1,0,0,0,1
1,0,0,0,1
1,0,0,0,1
1,0,0,0,1
1,0,0,0,1
1,0,0,0,1
1,0,0,0,1
1,0,0,0,1
1,0,0,0,1
2,0,0,0,2
1,0,0,0,1
1,0,0,0,1
1,0,0,0,1
1,0,0,0,1
1,0,0,0,1
2,0,0,0,2
1,0,0,0,1
1,0,0,0,1
2,0,0,0,2
1,0,0,0,1
1,0,0,0,1
1,0,0,0,1
1,0,0,0,1
1,0,0,0,1
1,0,0,0,1
1,0,0,0,1
1,0,0,0,1
1,0,0,0,1
1,0,0,0,1
1,0,0,0,1
1,0,0,0,1
1,0,0,0,1
1,0,0,0,1
1,0,0,0,1
1,0,0,0,1
1,0,0,0,1
1,0,0,0,1
1,0,0,0,1
1,0,0,0,1
1,0,0,0,1
1,0,0,0,1
1,0,0,0,1
1,0,0,0,1
2,0,0,0,2
1,0,0,0,1
1,0,0,0,1
1,0,0,0,1
1,0,0,0,1
1,0,0,0,1
1,0,0,0,1
1,0,0,0,1
1,0,0,0,1
1,0,0,0,1
1,0,0,0,1
1,0,0,0,1
1,0,0,0,1
1,0,0,0,1
1,0,0,0,1
1,0,0,0,1
1,0,0,0,1
1,0,0,0,1
1,0,0,0,1
1,0,0,0,1
1,0,0,0,1
1,0,0,0,1
1,0,0,0,1
1,0,0,0,1
1,0,0,0,1
1,0,0,0,1
1,0,0,0,1
1,0,0,0,1
1,0,0,0,1
1,3,0,0,4
1,0,0,0,1
1,0,0,0,1
1,0,0,0,1
1,0,0,0,1
1,0,0,0,1
1,0,0,0,1
1,1,0,0,2
1,0,0,0,1
2,0,0,0,2
1,0,0,0,1
2,0,0,0,2
1,0,0,0,1
1,0,0,0,1
1,0,0,0,1
1,0,0,0,1
1,0,0,0,1
1,0,0,0,1
2,0,0,0,2
2,0,0,0,2
1,0,0,0,1
1,0,0,0,1
1,0,0,0,1
1,0,0,0,1
1,0,0,0,1
2,0,0,0,2
1,0,0,0,1
1,0,0,0,1
1,0,0,0,1
1,0,0,0,1
1,0,0,0,1
1,0,0,0,1
1,0,0,0,1
1,0,0,0,1
1,0,0,0,1
1,0,0,0,1
1,0,0,0,1
1,0,0,0,1
1,0,0,0,1
1,0,0,0,1
1,0,0,0,1
1,2,0,0,3
1,0,0,0,1
1,1,0,0,2
1,0,0,0,1
1,0,0,0,1
1,0,0,0,1
1,0,0,0,1
1,0,0,0,1
1,0,0,0,1
1,0,0,0,1
1,0,0,0,1
1,0,0,0,1
1,0,0,0,1
1,0,0,0,1
2,0,0,0,2
1,0,0,0,1
1,0,0,0,1
2,0,0,0,2
1,0,0,0,1
1,0,0,0,1
1,0,0,0,1
1,0,0,0,1
1,1,1,0,3
2,0,0,0,2
1,0,0,0,1
1,0,0,0,1
1,0,0,0,1
1,0,0,0,1
1,0,0,0,1
1,0,0,0,1
3,0,1,0,4
1,0,0,0,1
1,1,0,0,2
1,0,1,0,2
1,0,0,0,1
2,0,0,0,2
1,0,0,0,1
1,0,0,0,1
1,0,0,0,1
1,0,0,0,1
1,0,0,0,1
1,0,0,0,1
1,0,0,0,1
1,0,0,0,1
1,0,0,0,1
1,0,0,0,1
1,0,0,0,1
1,0,0,0,1
1,0,0,0,1
1,0,0,0,1
1,0,0,0,1
1,0,0,0,1
1,0,0,0,1
1,0,0,0,1
1,0,0,0,1
1,0,0,0,1
1,0,0,0,1
1,0,0,0,1
1,0,0,0,1
1,0,0,0,1
1,0,0,0,1
1,0,0,0,1
2,0,0,0,2
1,0,0,0,1
1,0,0,0,1
1,0,0,0,1
2,0,0,0,2
1,0,0,0,1
1,0,0,0,1
1,0,0,0,1
1,0,0,0,1
2,0,0,0,2
1,0,0,0,1
1,0,0,0,1
1,0,0,0,1
1,0,0,0,1
1,0,0,0,1
1,0,0,0,1
1,0,0,0,1
1,0,0,0,1
1,0,0,0,1
1,0,0,0,1
1,0,0,0,1
1,0,0,0,1
1,0,0,0,1
1,0,0,0,1
1,0,0,0,1
1,0,0,0,1
1,0,0,0,1
1,1,0,0,2
1,0,0,0,1
1,0,0,0,1
1,0,0,0,1
1,0,0,0,1
1,0,0,0,1
1,0,0,0,1
1,0,0,0,1
1,0,0,0,1
1,0,0,0,1
1,0,0,0,1
1,0,0,0,1
1,0,0,0,1
1,0,0,0,1
1,0,0,0,1
1,0,0,0,1
1,0,0,0,1
1,0,0,0,1
1,0,0,0,1
1,0,0,0,1
1,0,0,0,1
1,0,0,0,1
1,0,0,0,1
1,0,0,0,1
1,0,0,0,1
1,0,0,0,1
2,0,0,0,2
1,0,0,0,1
1,0,0,0,1
1,0,0,0,1
1,0,0,0,1
1,0,0,0,1
1,0,0,0,1
1,0,0,0,1
1,0,0,0,1
2,0,0,0,2
1,0,0,0,1
1,0,0,0,1
2,0,0,0,2
1,0,0,0,1
1,0,0,0,1
1,0,0,0,1
1,0,0,0,1
1,0,0,0,1
1,0,0,0,1
1,0,0,0,1
1,0,0,0,1
1,0,0,0,1
1,0,0,0,1
1,0,0,0,1
1,0,0,0,1
1,0,0,0,1
1,0,0,0,1
1,0,0,0,1
1,0,0,0,1
1,0,0,0,1
1,0,0,0,1
1,0,0,0,1
1,0,0,0,1
1,0,0,0,1
1,0,0,0,1
2,0,0,0,2
1,0,0,0,1
1,3,0,0,4
1,0,0,0,1
1,0,0,0,1
1,0,0,0,1
1,0,0,0,1
1,0,0,0,1
1,0,0,0,1
1,0,0,0,1
1,0,0,0,1
1,0,0,0,1
1,0,0,0,1
1,0,0,0,1
1,0,0,0,1
3,0,0,0,3
1,0,0,0,1
1,0,0,0,1
1,0,0,0,1
1,0,0,0,1
1,0,0,0,1
1,0,0,0,1
1,0,0,0,1
1,0,0,0,1
1,0,0,0,1
1,0,0,0,1
1,0,0,0,1
1,0,0,0,1
1,0,0,0,1
1,0,0,0,1
1,0,0,0,1
1,0,0,0,1
1,0,0,0,1
1,2,1,0,4
1,0,0,0,1
1,0,0,0,1
2,0,0,0,2
1,0,0,0,1
1,0,0,0,1
1,0,0,0,1
3,0,0,0,3
1,0,0,0,1
1,0,0,0,1
2,0,0,0,2
1,0,0,0,1
1,0,0,0,1
1,0,0,0,1
1,0,0,0,1
1,0,0,0,1
1,0,0,0,1
1,0,0,0,1
1,0,0,0,1
1,0,0,0,1
1,0,0,0,1
1,0,0,0,1
2,0,0,0,2
1,0,0,0,1
1,0,0,0,1
1,0,0,0,1
1,0,0,0,1
1,0,0,0,1
1,0,0,0,1
1,0,0,0,1
1,0,0,0,1
1,0,0,0,1
2,1,0,0,3
1,0,0,0,1
2,0,0,0,2
1,0,0,0,1
1,0,0,0,1
2,0,0,0,2
1,0,0,0,1
1,0,0,0,1
1,0,0,0,1
1,0,0,0,1
1,0,0,0,1
1,0,0,0,1
1,0,0,0,1
1,0,0,0,1
1,0,0,0,1
1,0,0,0,1
1,0,0,0,1
1,0,0,0,1
1,0,0,0,1
1,0,0,0,1
1,0,0,0,1
1,2,0,0,3
1,0,0,0,1
1,0,0,0,1
1,0,0,0,1
1,0,0,0,1
1,0,0,0,1
1,0,0,0,1
1,0,0,0,1
1,0,0,0,1
1,0,0,0,1
1,0,0,0,1
1,0,0,0,1
1,0,0,0,1
1,0,0,0,1
1,0,0,0,1
1,0,0,0,1
1,0,0,0,1
1,0,0,0,1
1,0,0,0,1
1,0,0,0,1
1,0,0,0,1
3,0,0,0,3
1,0,0,0,1
1,0,0,0,1
1,0,0,0,1
2,0,0,0,2
1,0,0,0,1
1,0,0,0,1
1,0,0,0,1
1,0,0,0,1
1,5,2,0,8
2,0,0,0,2
1,0,0,0,1
1,0,0,0,1
1,0,0,0,1
1,0,0,0,1
1,0,0,0,1
1,0,0,0,1
1,0,0,0,1
3,0,0,0,3
1,0,0,0,1
1,0,0,0,1
1,0,0,0,1
3,4,2,0,9
2,0,0,0,2
1,0,0,0,1
1,0,0,0,1
1,0,0,0,1
1,0,0,0,1
1,0,0,0,1
1,0,0,0,1
1,0,0,0,1
1,0,0,0,1
2,0,0,0,2
2,0,0,0,2
1,0,0,0,1
1,0,0,0,1
1,0,0,0,1
1,0,0,0,1
1,0,0,0,1
1,0,0,0,1
1,0,0,0,1
1,0,0,0,1
1,0,0,0,1
1,0,0,0,1
1,0,0,0,1
1,0,0,0,1
1,0,0,0,1
1,0,0,0,1
1,0,0,0,1
1,0,0,0,1
1,0,0,0,1
1,0,0,0,1
1,0,0,0,1
2,0,0,0,2
1,4,0,0,5
1,0,0,0,1
1,0,0,0,1
1,0,0,0,1
1,0,0,0,1
1,0,0,0,1
1,0,0,0,1
2,0,0,0,2
1,0,0,0,1
1,0,0,0,1
1,0,0,0,1
1,0,0,0,1
1,0,0,0,1
2,0,0,0,2
1,0,0,0,1
1,0,0,0,1
1,0,0,0,1
1,0,0,0,1
1,0,0,0,1
1,0,0,0,1
1,0,0,0,1
1,0,0,0,1
1,6,0,0,7
1,0,0,0,1
1,0,0,0,1
1,0,0,0,1
1,4,0,0,5
1,0,0,0,1
2,0,0,0,2
1,0,0,0,1
1,0,0,0,1
1,0,0,0,1
1,0,0,0,1
1,0,0,0,1
1,0,0,0,1
1,0,0,0,1
1,0,0,0,1
1,0,0,0,1
2,0,0,0,2
1,0,0,0,1
1,0,0,0,1
1,0,0,0,1
1,0,0,0,1
1,0,0,0,1
1,0,0,0,1
1,0,0,0,1
1,0,0,0,1
3,0,0,0,3
2,0,0,0,2
1,0,0,0,1
1,0,0,0,1
1,1,0,0,2
1,0,0,0,1
1,0,0,0,1
1,0,0,0,1
1,0,0,0,1
1,0,0,0,1
1,0,0,0,1
1,1,0,0,2
1,0,0,0,1
1,0,0,0,1
1,0,0,0,1
1,0,0,0,1
1,0,0,0,1
1,0,0,0,1
1,0,0,0,1
1,0,0,0,1
1,0,0,0,1
2,0,0,0,2
2,0,1,0,3
1,0,0,0,1
1,3,0,0,4
1,0,0,0,1
1,0,0,0,1
1,0,0,0,1
1,0,0,0,1
1,0,0,0,1
1,0,0,0,1
1,0,0,0,1
1,0,0,0,1
1,0,0,0,1
1,0,0,0,1
2,0,0,0,2
1,0,0,0,1
1,0,0,0,1
1,0,0,0,1
1,0,0,0,1
1,0,0,0,1
1,0,0,0,1
1,0,0,0,1
1,0,0,0,1
1,0,0,0,1
1,0,0,0,1
1,0,0,0,1
1,0,0,0,1
1,0,0,0,1
1,0,0,0,1
1,0,0,0,1
1,0,0,0,1
1,0,0,0,1
1,0,0,0,1
1,0,0,0,1
1,0,0,0,1
1,0,0,0,1
1,0,0,0,1
1,0,0,0,1
1,0,0,0,1
1,0,0,0,1
1,0,0,0,1
1,0,0,0,1
1,0,0,0,1
1,0,0,0,1
1,0,0,0,1
1,0,0,0,1
1,0,0,0,1
2,0,0,0,2
1,0,0,0,1
1,0,0,0,1
1,0,0,0,1
1,0,0,0,1
1,0,0,0,1
1,0,0,0,1
1,0,0,0,1
1,0,0,0,1
1,0,0,0,1
1,0,0,0,1
1,0,0,0,1
1,0,0,0,1
1,0,0,0,1
1,0,0,0,1
1,0,0,0,1
1,0,0,0,1
1,0,0,0,1
1,0,0,0,1
1,0,0,0,1
1,0,0,0,1
1,0,0,0,1
1,0,0,0,1
1,0,0,0,1
1,0,0,0,1
1,0,0,0,1
2,0,0,0,2
1,0,0,0,1
2,0,0,0,2
1,0,0,0,1
1,0,0,0,1
1,0,0,0,1
1,0,0,0,1
1,0,0,0,1
1,0,0,0,1
1,0,0,0,1
1,0,0,0,1
1,0,0,0,1
1,0,0,0,1
1,0,0,0,1
1,0,0,0,1
1,0,0,0,1
1,0,0,0,1
1,0,0,0,1
1,0,0,0,1
1,0,0,0,1
1,0,0,0,1
1,0,0,0,1
1,0,0,0,1
1,0,0,0,1
1,0,0,0,1
1,0,0,0,1
1,0,0,0,1
1,0,0,0,1
1,0,0,0,1
1,0,0,0,1
1,0,0,0,1
1,0,0,0,1
1,0,0,0,1
1,0,0,0,1
1,0,0,0,1
1,0,0,0,1
1,0,0,0,1
1,0,0,0,1
3,0,0,0,3
1,0,0,0,1
1,0,0,0,1
1,0,0,0,1
1,0,0,0,1
1,0,0,0,1
1,0,0,0,1
1,0,0,0,1
1,0,0,0,1
1,0,0,0,1
1,0,0,0,1
1,0,0,0,1
1,0,0,0,1
1,0,0,0,1
1,0,0,0,1
1,0,0,0,1
1,0,0,0,1
1,0,0,0,1
1,0,0,0,1
1,0,0,0,1
1,0,0,0,1
1,0,0,0,1
1,0,0,0,1
1,0,0,0,1
1,0,0,0,1
1,0,0,0,1
2,0,0,0,2
1,0,0,0,1
1,0,0,0,1
1,0,0,0,1
1,0,0,0,1
1,0,0,0,1
1,0,0,0,1
1,0,0,0,1
1,0,0,0,1
1,0,0,0,1
2,0,0,0,2
1,0,0,0,1
1,0,0,0,1
1,0,0,0,1
1,1,0,0,2
1,0,0,0,1
1,0,0,0,1
1,0,0,0,1
1,0,0,0,1
1,0,0,0,1
1,0,0,0,1
1,0,0,0,1
1,0,0,0,1
1,0,0,0,1
1,0,0,0,1
1,0,0,0,1
1,0,0,0,1
2,0,0,0,2
1,0,0,0,1
1,0,0,0,1
1,0,0,0,1
1,0,0,0,1
1,0,0,0,1
1,0,0,0,1
1,0,0,0,1
1,0,0,0,1
1,0,0,0,1
1,10,0,0,11
1,0,0,0,1
1,0,0,0,1
1,0,0,0,1
1,0,0,0,1
1,5,0,0,6
1,0,0,0,1
1,0,0,0,1
1,0,0,0,1
1,0,0,0,1
1,0,0,0,1
1,33,0,0,34
1,0,0,0,1
1,0,0,0,1
1,0,0,0,1
2,0,0,0,2
1,0,0,0,1
2,0,0,0,2
2,0,0,0,2
1,0,0,0,1
2,0,1,0,3
1,0,0,0,1
1,1,0,0,2
1,0,0,0,1
1,0,0,0,1
1,0,0,0,1
1,0,0,0,1
1,0,0,0,1
1,0,0,0,1
1,0,0,0,1
1,0,0,0,1
1,0,0,0,1
1,0,0,0,1
1,0,0,0,1
5,0,0,0,5
1,0,0,0,1
1,0,0,0,1
1,0,0,0,1
1,0,0,0,1
1,0,0,0,1
1,0,0,0,1
1,0,0,0,1
2,0,0,0,2
1,0,0,0,1
1,0,0,0,1
1,0,0,0,1
1,0,0,0,1
1,0,0,0,1
1,0,0,0,1
1,0,0,0,1
1,0,0,0,1
1,0,0,0,1
2,0,0,0,2
1,0,0,0,1
1,0,0,0,1
1,2,0,0,3
2,5,1,0,8
1,0,0,0,1
1,0,0,0,1
1,0,0,0,1
1,0,0,0,1
1,0,0,0,1
1,0,0,0,1
1,0,0,0,1
1,0,0,0,1
1,0,0,0,1
1,0,0,0,1
3,2,2,0,7
1,0,0,0,1
1,0,0,0,1
1,0,0,0,1
1,0,0,0,1
1,0,0,0,1
1,0,0,0,1
1,0,0,0,1
1,0,0,0,1
1,0,0,0,1
1,2,0,0,3
1,0,0,0,1
1,0,0,0,1
1,0,0,0,1
1,0,0,0,1
1,0,0,0,1
2,0,0,0,2
1,0,0,0,1
1,0,0,0,1
1,0,0,0,1
1,0,0,0,1
1,0,0,0,1
1,0,0,0,1
1,0,0,0,1
1,0,0,0,1
1,0,0,0,1
1,0,0,0,1
1,0,0,0,1
1,0,0,0,1
1,0,0,0,1
1,0,0,0,1
1,0,0,0,1
1,0,0,0,1
3,0,0,0,3
1,0,0,0,1
1,0,0,0,1
1,0,0,0,1
1,0,0,0,1
1,0,0,0,1
2,0,0,0,2
1,0,0,0,1
1,0,0,0,1
3,0,0,0,3
1,0,0,0,1
1,0,0,0,1
1,0,0,0,1
1,0,0,0,1
1,0,0,0,1
1,0,0,0,1
1,0,0,0,1
1,0,0,0,1
1,0,0,0,1
1,0,0,0,1
1,0,0,0,1
2,0,0,0,2
1,0,0,0,1
2,0,0,0,2
1,0,0,0,1
1,0,0,0,1
1,0,0,0,1
1,0,0,0,1
1,0,0,0,1
1,0,0,0,1
1,0,0,0,1
1,0,0,0,1
1,0,0,0,1
1,0,0,0,1
3,0,0,0,3
1,0,0,0,1
1,0,0,0,1
1,0,0,0,1
1,0,0,0,1
2,0,0,0,2
1,0,0,0,1
1,0,0,0,1
1,0,0,0,1
1,0,0,0,1
1,1,0,0,2
1,0,0,0,1
1,0,0,0,1
2,0,0,0,2
1,0,0,0,1
1,0,0,0,1
1,0,0,0,1
1,0,0,0,1
1,0,0,0,1
1,0,0,0,1
1,0,0,0,1
1,0,0,0,1
1,0,0,0,1
2,0,0,0,2
2,0,0,0,2
1,0,0,0,1
1,2,0,0,3
1,0,0,0,1
1,0,0,0,1
1,0,0,0,1
1,0,0,0,1
1,0,0,0,1
1,0,0,0,1
1,0,0,0,1
1,0,0,0,1
1,0,0,0,1
1,0,0,0,1
1,0,0,0,1
1,0,0,0,1
2,0,0,0,2
1,0,0,0,1
1,0,0,0,1
1,0,0,0,1
1,0,0,0,1
1,1,0,0,2
1,0,0,0,1
1,0,0,0,1
1,0,0,0,1
1,0,0,0,1
1,0,0,0,1
1,0,0,0,1
1,0,0,0,1
1,0,0,0,1
1,0,0,0,1
1,0,0,0,1
1,0,0,0,1
1,0,0,0,1
1,0,0,0,1
1,0,0,0,1
1,0,0,0,1
1,0,0,0,1
1,0,0,0,1
1,0,0,0,1
1,0,0,0,1
1,0,0,0,1
1,0,0,0,1
2,1,0,0,3
1,0,0,0,1
2,0,0,0,2
1,0,0,0,1
1,0,0,0,1
1,0,0,0,1
1,0,0,0,1
1,0,0,0,1
1,0,0,0,1
1,0,0,0,1
1,0,0,0,1
1,0,0,0,1
1,0,0,0,1
1,0,0,0,1
1,0,0,0,1
1,0,0,0,1
1,0,0,0,1
1,0,0,0,1
2,0,0,0,2
2,6,0,0,8
1,0,0,0,1
1,0,0,0,1
1,0,0,0,1
1,0,0,0,1
1,0,0,0,1
1,0,0,0,1
1,0,0,0,1
1,0,0,0,1
1,0,0,0,1
1,0,0,0,1
1,0,0,0,1
1,0,0,0,1
1,0,0,0,1
1,0,0,0,1
1,0,0,0,1
1,0,0,0,1
1,0,0,0,1
1,0,0,0,1
1,0,0,0,1
1,0,0,0,1
1,0,0,0,1
1,0,0,0,1
1,0,0,0,1
1,0,0,0,1
1,0,0,0,1
1,0,0,0,1
1,0,0,0,1
1,0,0,0,1
1,0,0,0,1
1,0,0,0,1
2,0,0,0,2
1,0,0,0,1
1,0,0,0,1
1,6,0,0,7
1,0,0,0,1
1,0,0,0,1
1,0,0,0,1
1,0,0,0,1
1,0,0,0,1
1,0,0,0,1
1,0,0,0,1
1,0,0,0,1
1,0,0,0,1
1,0,0,0,1
1,0,0,0,1
1,0,0,0,1
1,0,0,0,1
1,0,0,0,1
1,0,0,0,1
1,0,0,0,1
1,0,0,0,1
1,0,0,0,1
1,0,0,0,1
1,0,0,0,1
1,0,0,0,1
1,0,0,0,1
1,0,0,0,1
1,0,0,0,1
1,0,0,0,1
1,0,0,0,1
2,0,0,0,2
2,0,0,0,2
1,0,0,0,1
1,0,0,0,1
2,0,0,0,2
1,0,0,0,1
1,0,0,0,1
2,0,0,0,2
1,0,0,0,1
1,0,0,0,1
1,0,0,0,1
1,2,1,0,4
2,0,0,0,2
1,0,0,0,1
1,0,0,0,1
1,0,0,0,1
1,0,0,0,1
1,0,0,0,1
1,0,0,0,1
1,0,0,0,1
1,0,0,0,1
1,0,0,0,1
1,0,0,0,1
1,0,0,0,1
1,0,0,0,1
2,0,0,0,2
1,0,0,0,1
2,0,0,0,2
1,0,0,0,1
1,0,0,0,1
1,0,0,0,1
1,0,0,0,1
2,1,1,0,4
1,0,0,0,1
1,0,0,0,1
1,0,0,0,1
1,0,0,0,1
1,0,0,0,1
1,0,0,0,1
1,0,0,0,1
1,0,0,0,1
1,0,0,0,1
1,0,0,0,1
2,0,0,0,2
1,0,0,0,1
1,0,0,0,1
1,0,0,0,1
1,0,0,0,1
1,0,0,0,1
1,0,0,0,1
1,0,0,0,1
1,0,0,0,1
1,0,0,0,1
1,0,0,0,1
2,0,0,0,2
1,0,0,0,1
1,0,0,0,1
1,0,0,0,1
1,0,0,0,1
1,0,0,0,1
1,0,0,0,1
1,0,0,0,1
1,0,0,0,1
2,0,0,0,2
1,0,0,0,1
1,0,0,0,1
1,0,0,0,1
1,0,0,0,1
3,0,0,0,3
1,0,0,0,1
1,0,0,0,1
1,0,0,0,1
1,0,0,0,1
1,0,0,0,1
1,0,0,0,1
1,0,0,0,1
1,0,0,0,1
1,0,0,0,1
1,0,0,0,1
1,0,0,0,1
1,0,0,0,1
1,0,0,0,1
1,0,0,0,1
1,0,0,0,1
1,0,0,0,1
1,0,0,0,1
1,0,0,0,1
1,0,0,0,1
1,0,0,0,1
1,0,0,0,1
1,0,0,0,1
1,0,0,0,1
1,0,0,0,1
1,0,0,0,1
1,0,0,0,1
1,0,0,0,1
1,0,0,0,1
1,0,0,0,1
1,0,0,0,1
1,0,0,0,1
1,0,0,0,1
1,1,0,0,2
1,0,0,0,1
1,0,0,0,1
1,0,0,0,1
1,0,0,0,1
1,0,0,0,1
1,0,0,0,1
1,0,0,0,1
2,0,0,0,2
1,0,0,0,1
1,0,0,0,1
1,0,0,0,1
1,0,0,0,1
1,0,0,0,1
1,0,0,0,1
1,0,0,0,1
1,0,0,0,1
1,0,0,0,1
1,0,0,0,1
1,0,0,0,1
2,0,0,0,2
1,0,0,0,1
1,0,0,0,1
1,0,0,0,1
1,0,0,0,1
1,0,0,0,1
1,0,0,0,1
2,0,0,0,2
1,0,0,0,1
1,0,0,0,1
1,0,0,0,1
1,0,0,0,1
1,0,0,0,1
1,0,0,0,1
1,0,0,0,1
1,1,1,0,3
1,0,0,0,1
1,0,0,0,1
1,0,0,0,1
1,0,0,0,1
1,0,0,0,1
1,0,0,0,1
1,0,0,0,1
2,0,0,0,2
1,0,0,0,1
1,2,2,0,5
1,0,0,0,1
1,0,0,0,1
1,0,0,0,1
1,0,0,0,1
1,0,0,0,1
1,0,0,0,1
1,0,0,0,1
1,0,0,0,1
1,0,0,0,1
1,0,0,0,1
1,0,0,0,1
1,0,0,0,1
2,0,0,0,2
1,0,0,0,1
1,0,0,0,1
1,0,0,0,1
1,0,0,0,1
1,0,0,0,1
1,2,0,0,3
1,0,0,0,1
1,0,0,0,1
1,0,0,0,1
1,0,0,0,1
1,0,0,0,1
1,2,1,0,4
1,0,0,0,1
1,0,0,0,1
1,0,0,0,1
1,0,0,0,1
1,0,0,0,1
1,0,0,0,1
1,0,0,0,1
1,0,0,0,1
1,0,0,0,1
1,0,0,0,1
2,0,0,0,2
1,0,0,0,1
1,0,0,0,1
1,0,0,0,1
1,0,0,0,1
1,0,0,0,1
1,0,0,0,1
1,0,0,0,1
1,0,0,0,1
1,0,0,0,1
1,0,0,0,1
1,0,0,0,1
1,0,0,0,1
1,0,0,0,1
1,0,0,0,1
1,0,0,0,1
1,0,0,0,1
1,0,0,0,1
2,0,0,0,2
1,0,0,0,1
1,0,0,0,1
1,0,0,0,1
1,0,0,0,1
1,0,0,0,1
1,4,1,0,6
1,0,0,0,1
1,0,0,0,1
2,0,0,0,2
1,0,0,0,1
1,0,0,0,1
1,0,0,0,1
2,0,0,0,2
1,0,0,0,1
1,0,0,0,1
1,0,0,0,1
1,0,0,0,1
1,0,0,0,1
1,0,0,0,1
1,0,0,0,1
2,0,0,0,2
1,0,0,0,1
1,0,0,0,1
1,77,0,0,78
3,0,0,0,3
1,0,0,0,1
1,0,0,0,1
1,0,0,0,1
1,0,0,0,1
1,0,0,0,1
1,0,0,0,1
1,0,0,0,1
1,0,0,0,1
2,0,0,0,2
2,0,0,0,2
1,0,0,0,1
1,0,0,0,1
1,0,0,0,1
1,0,0,0,1
1,0,0,0,1
1,0,0,0,1
1,0,0,0,1
1,0,0,0,1
1,0,0,0,1
3,0,0,0,3
1,0,0,0,1
1,0,0,0,1
1,0,0,0,1
1,4,0,0,5
1,0,0,0,1
1,0,0,0,1
1,0,0,0,1
1,0,0,0,1
1,0,0,0,1
1,0,0,0,1
1,0,0,0,1
1,0,0,0,1
1,0,0,0,1
1,0,0,0,1
1,0,0,0,1
1,0,0,0,1
1,0,0,0,1
1,0,0,0,1
1,0,0,0,1
1,0,0,0,1
2,0,0,0,2
1,0,0,0,1
1,0,0,0,1
1,0,0,0,1
2,0,0,0,2
1,0,0,0,1
1,0,0,0,1
1,0,0,0,1
1,0,0,0,1
1,0,0,0,1
1,0,0,0,1
1,1,0,0,2
1,0,0,0,1
1,0,0,0,1
1,0,0,0,1
1,0,0,0,1
1,0,0,0,1
1,10,0,0,11
1,0,0,0,1
1,0,0,0,1
1,0,0,0,1
1,0,0,0,1
1,0,0,0,1
1,0,0,0,1
1,0,0,0,1
1,0,0,0,1
1,0,0,0,1
1,0,0,0,1
1,0,0,0,1
3,0,0,0,3
1,0,0,0,1
1,0,0,0,1
1,0,0,0,1
1,0,0,0,1
1,0,0,0,1
1,0,0,0,1
1,0,0,0,1
1,0,0,0,1
1,0,0,0,1
1,0,0,0,1
1,0,0,0,1
2,4,0,0,6
1,0,0,0,1
2,0,0,0,2
1,0,0,0,1
1,0,0,0,1
1,0,0,0,1
1,0,0,0,1
3,0,0,0,3
1,0,0,0,1
1,0,0,0,1
3,0,0,0,3
1,0,0,0,1
1,0,0,0,1
1,0,0,0,1
1,0,0,0,1
2,0,0,0,2
1,0,0,0,1
1,0,0,0,1
1,0,0,0,1
1,0,0,0,1
1,0,0,0,1
1,0,0,0,1
1,0,0,0,1
1,0,0,0,1
1,0,0,0,1
1,0,0,0,1
1,1,0,0,2
1,0,0,0,1
1,0,0,0,1
1,0,0,0,1
1,0,0,0,1
1,0,0,0,1
1,0,0,0,1
2,0,0,0,2
1,0,0,0,1
1,0,0,0,1
1,0,0,0,1
1,0,0,0,1
1,0,0,0,1
1,0,0,0,1
1,0,0,0,1
1,0,0,0,1
1,0,0,0,1
1,0,0,0,1
2,0,0,0,2
1,0,0,0,1
1,0,0,0,1
1,0,0,0,1
2,0,0,0,2
1,0,0,0,1
1,0,0,0,1
1,0,0,0,1
1,0,0,0,1
1,0,0,0,1
1,0,0,0,1
1,0,0,0,1
1,0,0,0,1
2,0,0,0,2
1,0,0,0,1
1,0,0,0,1
1,0,0,0,1
1,0,0,0,1
1,0,0,0,1
1,0,0,0,1
1,0,0,0,1
1,0,0,0,1
1,0,0,0,1
1,0,0,0,1
1,0,0,0,1
1,0,0,0,1
1,0,0,0,1
1,0,0,0,1
1,0,0,0,1
1,0,0,0,1
1,0,0,0,1
1,0,0,0,1
1,0,0,0,1
1,0,0,0,1
1,0,0,0,1
1,0,0,0,1
1,0,0,0,1
2,0,0,0,2
1,0,0,0,1
1,0,0,0,1
1,0,0,0,1
1,0,0,0,1
1,0,0,0,1
1,0,0,0,1
2,4,1,0,7
1,0,0,0,1
1,0,0,0,1
1,0,0,0,1
1,0,0,0,1
1,0,0,0,1
3,0,0,0,3
2,0,0,0,2
1,0,0,0,1
1,0,0,0,1
1,0,0,0,1
1,0,0,0,1
1,0,0,0,1
2,0,0,0,2
1,0,0,0,1
1,0,0,0,1
2,0,0,0,2
1,0,0,0,1
1,0,0,0,1
1,0,0,0,1
1,0,0,0,1
1,0,0,0,1
1,0,0,0,1
1,0,0,0,1
1,0,0,0,1
1,0,0,0,1
1,0,0,0,1
1,0,0,0,1
2,0,0,0,2
1,0,0,0,1
1,0,0,0,1
1,0,0,0,1
1,0,0,0,1
1,0,0,0,1
1,0,0,0,1
1,2,0,0,3
1,0,0,0,1
1,0,0,0,1
1,0,0,0,1
1,0,0,0,1
1,0,0,0,1
3,0,0,0,3
1,0,0,0,1
1,1,0,0,2
2,0,0,0,2
2,3,0,0,5
1,0,0,0,1
3,0,0,0,3
2,0,0,0,2
1,0,0,0,1
1,0,0,0,1
1,0,0,0,1
1,35,0,0,36
1,0,0,0,1
1,0,0,0,1
1,0,0,0,1
1,6,0,0,7
1,0,0,0,1
1,0,0,0,1
1,0,0,0,1
1,0,0,0,1
1,0,0,0,1
1,0,0,0,1
1,0,0,0,1
1,0,0,0,1
1,0,0,0,1
1,0,0,0,1
1,0,0,0,1
2,0,0,0,2
1,0,0,0,1
1,0,0,0,1
1,0,0,0,1
1,0,0,0,1
1,0,0,0,1
1,0,0,0,1
1,0,0,0,1
1,0,0,0,1
3,1,0,0,4
1,0,0,0,1
2,0,0,0,2
1,0,0,0,1
1,0,0,0,1
1,0,0,0,1
2,0,0,0,2
1,0,0,0,1
1,0,0,0,1
1,0,0,0,1
1,8,0,0,9
1,0,0,0,1
1,0,0,0,1
2,0,0,0,2
1,0,0,0,1
1,0,0,0,1
1,0,0,0,1
1,0,0,0,1
1,0,0,0,1
1,0,0,0,1
1,0,0,0,1
1,0,0,0,1
1,0,0,0,1
1,0,0,0,1
1,9,0,0,10
1,2,0,0,3
1,0,0,0,1
1,0,0,0,1
2,0,0,0,2
1,0,0,0,1
1,0,0,0,1
1,0,0,0,1
1,0,0,0,1
1,0,0,0,1
1,0,0,0,1
1,0,0,0,1
1,0,0,0,1
1,0,0,0,1
1,0,0,0,1
1,0,0,0,1
1,0,0,0,1
1,0,0,0,1
2,0,0,0,2
1,0,0,0,1
1,0,0,0,1
1,0,0,0,1
1,0,0,0,1
1,0,0,0,1
1,0,0,0,1
1,0,0,0,1
1,0,0,0,1
1,0,0,0,1
1,0,0,0,1
2,0,0,0,2
1,0,0,0,1
1,0,0,0,1
1,0,0,0,1
1,0,0,0,1
1,0,0,0,1
1,0,0,0,1
1,0,0,0,1
1,1,0,0,2
1,1,0,0,2
1,0,0,0,1
2,0,0,0,2
1,0,0,0,1
1,0,0,0,1
1,0,0,0,1
1,0,0,0,1
1,2,0,0,3
2,0,0,0,2
1,0,0,0,1
1,0,0,0,1
1,0,0,0,1
2,4,1,0,7
1,0,0,0,1
2,3,0,0,5
1,0,0,0,1
1,1,1,0,3
1,0,0,0,1
1,0,0,0,1
1,0,0,0,1
1,0,0,0,1
1,0,0,0,1
1,0,0,0,1
1,0,0,0,1
1,0,0,0,1
2,0,0,0,2
1,0,0,0,1
1,0,0,0,1
1,0,0,0,1
1,0,0,0,1
1,0,0,0,1
1,0,0,0,1
1,0,0,0,1
1,0,0,0,1
1,0,0,0,1
1,0,0,0,1
1,0,0,0,1
4,6,1,0,11
1,0,0,0,1
2,0,0,0,2
1,0,0,0,1
1,0,0,0,1
1,0,0,0,1
1,0,0,0,1
1,0,0,0,1
1,0,0,0,1
1,0,0,0,1
1,0,0,0,1
1,0,0,0,1
1,0,0,0,1
1,0,0,0,1
1,0,0,0,1
1,0,0,0,1
1,0,0,0,1
1,0,0,0,1
1,0,0,0,1
1,0,0,0,1
1,0,0,0,1
1,1,0,0,2
1,0,0,0,1
1,0,0,0,1
1,0,0,0,1
2,0,0,0,2
2,0,0,0,2
1,0,0,0,1
1,0,0,0,1
1,0,0,0,1
1,0,0,0,1
1,0,0,0,1
1,0,0,0,1
1,0,0,0,1
1,0,0,0,1
1,0,0,0,1
2,0,0,0,2
1,0,0,0,1
1,0,0,0,1
1,0,0,0,1
1,0,0,0,1
1,0,0,0,1
1,0,0,0,1
1,0,0,0,1
2,0,0,0,2
1,1,1,0,3
1,0,1,0,2
1,0,0,0,1
1,0,0,0,1
1,0,0,0,1
1,0,0,0,1
1,0,0,0,1
1,0,0,0,1
1,0,0,0,1
1,0,0,0,1
1,0,0,0,1
1,0,0,0,1
1,0,0,0,1
1,0,0,0,1
2,0,0,0,2
1,0,0,0,1
1,0,0,0,1
1,0,0,0,1
1,0,0,0,1
1,0,0,0,1
1,0,0,0,1
1,0,0,0,1
1,0,0,0,1
1,0,0,0,1
1,0,0,0,1
1,0,0,0,1
1,0,0,0,1
1,0,0,0,1
1,0,0,0,1
1,0,0,0,1
1,0,0,0,1
1,0,0,0,1
1,0,0,0,1
1,0,0,0,1
1,0,0,0,1
1,0,0,0,1
1,0,0,0,1
1,0,0,0,1
1,0,0,0,1
1,0,0,0,1
1,0,0,0,1
1,0,0,0,1
2,0,0,0,2
1,0,0,0,1
1,0,0,0,1
1,0,0,0,1
1,0,0,0,1
1,0,0,0,1
1,0,0,0,1
1,0,0,0,1
1,0,0,0,1
1,0,0,0,1
1,0,0,0,1
1,0,0,0,1
1,0,0,0,1
1,0,0,0,1
1,0,0,0,1
1,0,0,0,1
1,0,0,0,1
1,0,0,0,1
1,0,0,0,1
1,0,0,0,1
1,0,0,0,1
1,0,0,0,1
1,0,0,0,1
1,0,0,0,1
1,0,0,0,1
1,0,0,0,1
1,18,0,0,19
1,0,0,0,1
1,0,0,0,1
1,0,0,0,1
1,0,0,0,1
1,0,0,0,1
1,0,0,0,1
1,0,0,0,1
1,0,0,0,1
1,0,0,0,1
2,0,0,0,2
1,0,0,0,1
1,0,0,0,1
1,0,0,0,1
1,0,0,0,1
1,0,0,0,1
1,0,0,0,1
1,0,0,0,1
1,0,0,0,1
1,0,0,0,1
1,0,0,0,1
1,0,0,0,1
1,0,0,0,1
1,0,0,0,1
1,0,0,0,1
1,0,0,0,1
1,0,0,0,1
1,0,0,0,1
1,0,0,0,1
1,0,0,0,1
1,0,0,0,1
1,0,0,0,1
1,0,0,0,1
1,0,0,0,1
1,0,0,0,1
1,0,0,0,1
1,0,0,0,1
1,0,0,0,1
2,0,0,0,2
1,0,0,0,1
1,0,0,0,1
1,0,0,0,1
1,0,0,0,1
1,0,0,0,1
1,0,0,0,1
1,0,0,0,1
2,0,0,0,2
1,0,0,0,1
1,0,0,0,1
1,0,0,0,1
1,0,0,0,1
1,0,0,0,1
1,0,0,0,1
1,0,0,0,1
1,0,0,0,1
1,0,0,0,1
1,0,0,0,1
1,15,0,0,16
1,0,0,0,1
1,0,0,0,1
1,0,0,0,1
1,0,0,0,1
1,0,0,0,1
1,0,0,0,1
1,0,0,0,1
1,0,0,0,1
1,0,0,0,1
1,0,0,0,1
1,0,0,0,1
1,0,0,0,1
1,0,0,0,1
1,0,0,0,1
1,0,0,0,1
1,0,0,0,1
1,0,0,0,1
1,0,0,0,1
1,0,0,0,1
1,0,0,0,1
2,0,0,0,2
1,0,0,0,1
1,0,0,0,1
1,0,0,0,1
1,0,0,0,1
1,0,0,0,1
1,0,0,0,1
1,0,0,0,1
1,0,0,0,1
3,22,0,0,25
1,0,0,0,1
2,0,0,0,2
1,0,0,0,1
2,0,0,0,2
1,0,0,0,1
1,0,0,0,1
1,0,0,0,1
1,0,0,0,1
1,0,0,0,1
1,0,0,0,1
1,0,0,0,1
1,0,0,0,1
1,0,0,0,1
1,0,0,0,1
1,0,0,0,1
1,0,0,0,1
1,0,0,0,1
1,0,0,0,1
1,0,0,0,1
1,0,0,0,1
3,0,0,0,3
1,0,0,0,1
1,0,0,0,1
1,0,0,0,1
1,0,0,0,1
1,0,0,0,1
1,0,0,0,1
1,0,0,0,1
1,0,0,0,1
1,0,0,0,1
2,0,0,0,2
1,0,0,0,1
1,0,0,0,1
1,0,0,0,1
1,0,0,0,1
1,0,0,0,1
1,0,0,0,1
1,0,0,0,1
1,4,0,0,5
1,0,0,0,1
1,0,0,0,1
1,0,0,0,1
1,0,0,0,1
1,0,0,0,1
1,0,0,0,1
2,0,0,0,2
1,0,0,0,1
1,0,0,0,1
1,0,0,0,1
1,0,0,0,1
1,0,0,0,1
1,0,0,0,1
1,0,0,0,1
1,0,0,0,1
1,0,0,0,1
1,0,0,0,1
1,0,0,0,1
1,0,0,0,1
1,0,0,0,1
1,0,0,0,1
1,0,0,0,1
1,0,0,0,1
1,0,0,0,1
1,0,0,0,1
1,0,0,0,1
1,0,0,0,1
1,0,0,0,1
1,1,0,0,2
1,0,0,0,1
1,0,0,0,1
1,0,0,0,1
1,0,0,0,1
1,0,0,0,1
1,0,0,0,1
1,0,0,0,1
1,0,0,0,1
1,0,0,0,1
1,0,0,0,1
1,0,0,0,1
1,0,0,0,1
1,0,0,0,1
1,0,0,0,1
3,0,0,0,3
1,0,0,0,1
1,0,0,0,1
2,0,0,0,2
1,0,0,0,1
1,0,0,0,1
1,0,0,0,1
1,0,0,0,1
1,0,0,0,1
1,0,0,0,1
1,0,0,0,1
1,0,0,0,1
1,0,0,0,1
1,0,0,0,1
1,0,0,0,1
1,0,0,0,1
1,2,1,0,4
1,0,0,0,1
1,0,0,0,1
1,0,0,0,1
1,0,0,0,1
1,0,0,0,1
1,0,0,0,1
1,0,0,0,1
1,0,0,0,1
1,0,0,0,1
1,0,0,0,1
1,0,0,0,1
1,0,0,0,1
1,0,0,0,1
1,0,0,0,1
1,0,0,0,1
1,0,0,0,1
1,0,0,0,1
1,0,0,0,1
1,0,0,0,1
1,0,0,0,1
1,0,0,0,1
1,0,0,0,1
1,0,0,0,1
1,0,0,0,1
1,0,0,0,1
1,0,0,0,1
1,0,0,0,1
1,0,0,0,1
1,0,0,0,1
1,0,0,0,1
1,0,0,0,1
1,0,0,0,1
1,0,0,0,1
1,0,0,0,1
1,0,0,0,1
1,0,0,0,1
1,0,0,0,1
1,0,0,0,1
2,0,0,0,2
1,0,0,0,1
1,0,0,0,1
1,0,0,0,1
1,0,0,0,1
1,0,0,0,1
1,0,0,0,1
1,0,0,0,1
1,0,0,0,1
1,0,0,0,1
1,0,0,0,1
1,0,0,0,1
1,0,0,0,1
1,0,0,0,1
1,0,0,0,1
1,0,0,0,1
1,0,0,0,1
1,0,0,0,1
1,0,0,0,1
1,0,0,0,1
1,0,0,0,1
2,0,0,0,2
1,0,0,0,1
1,0,0,0,1
1,0,0,0,1
1,0,0,0,1
2,0,0,0,2
1,0,0,0,1
1,0,0,0,1
1,0,0,0,1
1,0,0,0,1
1,0,0,0,1
1,0,0,0,1
2,0,0,0,2
3,0,0,0,3
1,0,0,0,1
1,0,0,0,1
1,0,0,0,1
1,0,0,0,1
3,0,0,0,3
1,0,0,0,1
1,0,0,0,1
2,0,0,0,2
1,0,0,0,1
1,0,0,0,1
1,0,0,0,1
1,0,0,0,1
1,0,0,0,1
1,0,0,0,1
1,0,0,0,1
1,0,0,0,1
1,0,0,0,1
1,0,0,0,1
1,0,0,0,1
1,0,0,0,1
1,0,0,0,1
1,0,0,0,1
1,0,0,0,1
1,0,0,0,1
1,0,0,0,1
1,0,0,0,1
3,1,0,0,4
1,0,0,0,1
1,2,0,0,3
1,0,0,0,1
2,0,0,0,2
1,0,0,0,1
1,0,0,0,1
1,0,0,0,1
2,0,0,0,2
1,0,0,0,1
1,0,0,0,1
1,0,0,0,1
1,0,0,0,1
1,0,0,0,1
1,0,0,0,1
1,0,0,0,1
1,0,0,0,1
1,0,0,0,1
1,0,0,0,1
1,0,0,0,1
1,0,0,0,1
1,0,0,0,1
2,0,0,0,2
1,0,0,0,1
1,0,0,0,1
1,0,0,0,1
1,0,0,0,1
1,0,0,0,1
1,0,0,0,1
1,0,0,0,1
1,0,0,0,1
1,0,0,0,1
1,0,0,0,1
1,0,0,0,1
1,0,0,0,1
1,0,0,0,1
1,48,0,0,49
1,0,0,0,1
1,0,0,0,1
1,0,0,0,1
1,0,0,0,1
1,0,0,0,1
1,0,0,0,1
2,0,0,0,2
1,0,0,0,1
1,0,0,0,1
1,0,0,0,1
1,0,0,0,1
1,0,0,0,1
1,0,0,0,1
1,0,0,0,1
1,0,0,0,1
1,0,0,0,1
1,0,0,0,1
3,0,0,0,3
2,0,0,0,2
1,0,0,0,1
1,0,0,0,1
1,0,0,0,1
1,0,0,0,1
1,0,0,0,1
1,0,0,0,1
1,0,0,0,1
2,0,0,0,2
1,0,0,0,1
1,0,0,0,1
1,0,0,0,1
1,0,0,0,1
1,0,0,0,1
1,0,0,0,1
1,0,0,0,1
1,0,0,0,1
1,0,0,0,1
1,0,0,0,1
1,0,0,0,1
1,0,0,0,1
1,0,0,0,1
1,0,0,0,1
1,0,0,0,1
1,2,1,0,4
1,0,0,0,1
1,0,0,0,1
1,0,0,0,1
1,0,0,0,1
2,0,0,0,2
1,0,0,0,1
1,0,0,0,1
2,0,0,0,2
1,0,0,0,1
1,0,0,0,1
2,0,0,0,2
1,0,0,0,1
1,0,0,0,1
1,0,0,0,1
1,0,0,0,1
1,0,0,0,1
1,0,0,0,1
1,0,0,0,1
1,0,1,0,2
1,0,0,0,1
1,0,0,0,1
1,0,0,0,1
1,0,0,0,1
1,0,0,0,1
1,0,0,0,1
1,0,0,0,1
1,0,0,0,1
1,438,0,0,439
1,0,0,0,1
1,0,0,0,1
1,0,0,0,1
2,0,0,0,2
1,0,0,0,1
1,0,0,0,1
1,0,0,0,1
1,0,0,0,1
1,0,0,0,1
1,0,0,0,1
1,0,0,0,1
1,0,0,0,1
2,5,0,0,7
1,0,0,0,1
1,0,0,0,1
1,0,0,0,1
1,0,0,0,1
1,0,0,0,1
1,1,0,0,2
1,0,0,0,1
1,0,0,0,1
1,0,0,0,1
2,3,0,0,5
1,0,0,0,1
1,0,0,0,1
1,0,0,0,1
1,0,0,0,1
1,0,0,0,1
1,0,0,0,1
1,0,0,0,1
1,0,0,0,1
1,4,0,0,5
1,0,0,0,1
1,0,0,0,1
1,0,0,0,1
1,0,0,0,1
1,0,0,0,1
2,0,0,0,2
1,0,0,0,1
1,0,0,0,1
1,0,0,0,1
1,0,0,0,1
1,0,0,0,1
1,0,0,0,1
1,0,0,0,1
1,0,0,0,1
1,0,0,0,1
1,0,0,0,1
1,0,0,0,1
1,0,0,0,1
2,0,0,0,2
1,0,0,0,1
1,0,0,0,1
1,0,0,0,1
1,0,0,0,1
1,0,0,0,1
1,0,0,0,1
1,0,0,0,1
1,0,0,0,1
1,0,0,0,1
1,0,0,0,1
1,0,0,0,1
1,0,0,0,1
1,0,0,0,1
1,0,0,0,1
1,0,0,0,1
1,1,1,0,3
1,0,0,0,1
1,0,0,0,1
1,0,0,0,1
1,0,0,0,1
1,0,0,0,1
1,0,0,0,1
2,0,0,0,2
2,0,0,0,2
1,0,0,0,1
1,0,0,0,1
1,0,0,0,1
2,0,0,0,2
1,0,0,0,1
1,0,0,0,1
1,0,0,0,1
1,0,0,0,1
1,0,0,0,1
1,0,0,0,1
1,0,0,0,1
1,0,0,0,1
1,1,1,0,3
1,0,0,0,1
1,0,0,0,1
1,0,0,0,1
1,0,0,0,1
1,0,0,0,1
1,0,0,0,1
1,0,0,0,1
1,1,0,0,2
1,0,0,0,1
1,0,0,0,1
1,0,0,0,1
1,0,0,0,1
1,0,0,0,1
1,0,0,0,1
1,0,0,0,1
1,0,0,0,1
1,0,0,0,1
1,0,0,0,1
1,5,0,0,6
1,0,0,0,1
1,0,0,0,1
1,0,0,0,1
1,0,0,0,1
1,0,0,0,1
1,0,0,0,1
2,0,0,0,2
1,0,0,0,1
1,0,0,0,1
1,0,0,0,1
1,0,0,0,1
1,0,0,0,1
1,0,0,0,1
1,0,0,0,1
1,0,0,0,1
1,0,0,0,1
1,17,0,0,18
1,0,0,0,1
1,0,0,0,1
1,0,0,0,1
1,0,0,0,1
1,0,0,0,1
1,0,0,0,1
1,0,0,0,1
1,0,0,0,1
1,0,0,0,1
1,0,0,0,1
1,0,0,0,1
1,0,0,0,1
1,0,0,0,1
1,0,0,0,1
1,0,0,0,1
1,0,0,0,1
1,0,0,0,1
1,0,0,0,1
1,0,0,0,1
1,0,0,0,1
1,0,0,0,1
1,0,0,0,1
1,0,0,0,1
1,0,0,0,1
1,0,0,0,1
1,0,0,0,1
1,0,0,0,1
1,0,0,0,1
1,0,0,0,1
1,0,0,0,1
1,0,0,0,1
1,0,0,0,1
1,0,0,0,1
1,0,0,0,1
1,0,0,0,1
1,0,0,0,1
1,0,0,0,1
1,2,0,0,3
1,2,0,0,3
1,0,0,0,1
1,0,0,0,1
1,0,0,0,1
1,0,0,0,1
1,0,0,0,1
1,0,0,0,1
1,0,0,0,1
1,0,0,0,1
2,0,0,0,2
1,0,0,0,1
1,0,0,0,1
1,0,0,0,1
2,0,0,0,2
1,0,0,0,1
1,0,0,0,1
1,0,0,0,1
1,0,0,0,1
1,0,0,0,1
1,0,0,0,1
1,0,0,0,1
1,0,0,0,1
1,0,0,0,1
1,0,0,0,1
1,0,0,0,1
1,0,0,0,1
1,0,0,0,1
1,0,0,0,1
1,0,0,0,1
1,3,0,0,4
1,3,0,0,4
1,0,0,0,1
1,0,0,0,1
1,0,0,0,1
1,0,0,0,1
1,0,0,0,1
1,0,0,0,1
1,0,0,0,1
1,0,0,0,1
1,0,0,0,1
1,0,0,0,1
1,1,0,0,2
1,0,0,0,1
1,0,0,0,1
1,0,0,0,1
2,0,0,0,2
1,0,0,0,1
1,0,0,0,1
1,0,0,0,1
1,0,0,0,1
1,0,0,0,1
1,0,0,0,1
1,0,0,0,1
1,0,0,0,1
2,3,0,0,5
1,0,0,0,1
1,0,0,0,1
1,0,0,0,1
1,0,0,0,1
1,0,0,0,1
1,0,0,0,1
2,0,0,0,2
1,0,0,0,1
1,0,0,0,1
1,0,0,0,1
1,0,0,0,1
1,0,0,0,1
2,0,0,0,2
1,0,0,0,1
1,0,0,0,1
1,0,0,0,1
1,0,0,0,1
1,0,0,0,1
1,0,0,0,1
1,0,0,0,1
1,0,0,0,1
1,0,0,0,1
2,0,0,0,2
1,0,0,0,1
1,0,0,0,1
1,0,0,0,1
1,0,0,0,1
1,0,0,0,1
1,0,0,0,1
1,0,0,0,1
1,0,0,0,1
1,0,0,0,1
1,0,0,0,1
1,0,0,0,1
1,0,0,0,1
1,0,0,0,1
1,0,0,0,1
1,0,0,0,1
1,0,0,0,1
1,0,0,0,1
1,0,0,0,1
2,0,0,0,2
1,0,0,0,1
1,0,0,0,1
1,0,0,0,1
1,0,0,0,1
1,0,0,0,1
1,0,0,0,1
1,0,0,0,1
1,0,0,0,1
2,0,0,0,2
1,0,0,0,1
1,0,0,0,1
1,0,0,0,1
1,1,1,0,3
1,0,0,0,1
1,0,0,0,1
1,0,0,0,1
1,0,0,0,1
1,0,0,0,1
2,0,0,0,2
1,0,0,0,1
1,0,0,0,1
2,0,0,0,2
1,0,0,0,1
1,0,0,0,1
1,0,0,0,1
1,0,0,0,1
1,0,0,0,1
1,0,0,0,1
1,0,0,0,1
1,0,0,0,1
1,0,0,0,1
1,0,0,0,1
1,0,0,0,1
1,28,0,0,29
1,0,0,0,1
1,0,0,0,1
1,0,0,0,1
1,0,0,0,1
1,0,0,0,1
1,0,0,0,1
1,0,0,0,1
2,0,0,0,2
1,0,0,0,1
1,0,0,0,1
1,0,0,0,1
1,0,0,0,1
1,0,0,0,1
1,0,0,0,1
1,0,0,0,1
1,1,0,0,2
1,0,0,0,1
1,0,0,0,1
1,0,0,0,1
1,0,0,0,1
1,0,0,0,1
1,0,0,0,1
1,0,0,0,1
3,1,1,0,5
1,0,0,0,1
1,0,0,0,1
1,0,0,0,1
1,0,0,0,1
1,0,0,0,1
1,0,0,0,1
1,0,0,0,1
1,0,0,0,1
1,0,0,0,1
1,0,0,0,1
1,0,0,0,1
1,0,0,0,1
1,0,0,0,1
1,0,0,0,1
1,0,0,0,1
1,0,0,0,1
1,0,0,0,1
1,0,0,0,1
1,0,0,0,1
1,0,0,0,1
1,0,0,0,1
1,0,0,0,1
4,11,0,0,15
1,0,0,0,1
1,0,0,0,1
1,0,0,0,1
1,0,0,0,1
1,0,0,0,1
1,0,0,0,1
1,0,0,0,1
1,0,0,0,1
1,0,0,0,1
1,0,0,0,1
2,0,0,0,2
1,0,0,0,1
1,0,0,0,1
3,0,0,0,3
1,0,0,0,1
1,0,0,0,1
3,0,0,0,3
1,0,0,0,1
3,0,0,0,3
1,0,0,0,1
1,0,0,0,1
1,0,0,0,1
1,0,0,0,1
1,0,0,0,1
1,0,0,0,1
2,0,0,0,2
1,0,0,0,1
1,0,0,0,1
1,0,0,0,1
1,0,0,0,1
1,0,0,0,1
1,0,0,0,1
1,0,0,0,1
1,0,0,0,1
1,0,0,0,1
1,0,0,0,1
1,0,0,0,1
1,0,0,0,1
1,0,0,0,1
2,0,0,0,2
1,0,0,0,1
1,0,0,0,1
1,0,0,0,1
1,0,0,0,1
1,0,0,0,1
1,0,0,0,1
1,0,0,0,1
1,0,0,0,1
1,0,0,0,1
1,0,0,0,1
1,0,0,0,1
1,32,0,0,33
1,0,0,0,1
2,0,0,0,2
2,0,0,0,2
1,0,0,0,1
1,0,0,0,1
1,0,0,0,1
1,0,0,0,1
1,0,0,0,1
1,0,0,0,1
1,0,0,0,1
1,0,0,0,1
1,0,0,0,1
1,0,0,0,1
1,0,0,0,1
1,0,0,0,1
1,0,0,0,1
1,0,0,0,1
1,0,0,0,1
1,0,0,0,1
1,0,0,0,1
1,0,0,0,1
1,0,0,0,1
1,0,0,0,1
1,0,0,0,1
1,0,0,0,1
1,0,0,0,1
1,0,0,0,1
1,0,0,0,1
1,0,0,0,1
1,0,0,0,1
1,0,0,0,1
1,0,0,0,1
1,0,0,0,1
1,0,0,0,1
2,0,0,0,2
2,0,0,0,2
1,0,0,0,1
1,0,0,0,1
1,0,0,0,1
1,0,0,0,1
1,0,0,0,1
1,0,0,0,1
1,0,0,0,1
1,0,0,0,1
1,0,0,0,1
1,0,0,0,1
2,0,0,0,2
1,0,0,0,1
1,0,0,0,1
1,0,0,0,1
1,0,0,0,1
1,0,0,0,1
1,0,0,0,1
1,0,0,0,1
1,0,0,0,1
1,0,0,0,1
1,0,0,0,1
1,0,0,0,1
1,0,0,0,1
1,0,0,0,1
1,0,0,0,1
1,0,0,0,1
1,11,2,0,14
1,0,0,0,1
1,0,0,0,1
1,0,0,0,1
1,0,0,0,1
1,0,0,0,1
1,0,0,0,1
1,0,0,0,1
1,0,0,0,1
1,0,0,0,1
1,0,0,0,1
1,0,0,0,1
1,0,0,0,1
1,0,0,0,1
1,0,0,0,1
1,0,0,0,1
1,0,0,0,1
1,0,0,0,1
1,0,0,0,1
1,0,0,0,1
1,0,0,0,1
1,0,0,0,1
1,0,0,0,1
1,0,0,0,1
1,0,0,0,1
1,0,0,0,1
1,0,0,0,1
1,0,0,0,1
1,0,0,0,1
1,0,0,0,1
1,0,0,0,1
1,0,0,0,1
1,0,0,0,1
1,0,0,0,1
1,0,0,0,1
1,0,0,0,1
1,0,0,0,1
1,2,0,0,3
1,0,0,0,1
1,0,0,0,1
1,0,0,0,1
1,0,0,0,1
1,0,0,0,1
1,0,0,0,1
1,0,0,0,1
1,0,0,0,1
1,0,0,0,1
1,0,0,0,1
1,0,0,0,1
1,0,0,0,1
1,0,0,0,1
1,1,1,0,3
1,0,0,0,1
1,0,0,0,1
1,0,0,0,1
1,0,0,0,1
1,0,0,0,1
2,0,0,0,2
1,0,0,0,1
1,0,0,0,1
2,0,0,0,2
1,0,0,0,1
1,0,0,0,1
1,41,0,0,42
2,1,0,0,3
1,0,0,0,1
1,0,0,0,1
1,0,0,0,1
1,0,0,0,1
1,0,0,0,1
1,0,0,0,1
1,0,0,0,1
1,0,0,0,1
1,0,0,0,1
1,0,0,0,1
1,0,0,0,1
2,0,0,0,2
1,0,0,0,1
1,0,0,0,1
1,0,0,0,1
1,0,0,0,1
1,0,0,0,1
1,0,0,0,1
1,0,0,0,1
1,0,0,0,1
1,0,0,0,1
1,0,0,0,1
1,0,0,0,1
1,0,0,0,1
1,0,0,0,1
2,4,0,0,6
1,0,0,0,1
1,0,0,0,1
1,0,0,0,1
1,0,0,0,1
1,0,0,0,1
1,0,0,0,1
1,0,0,0,1
1,2,0,0,3
1,0,0,0,1
1,0,0,0,1
1,0,0,0,1
1,0,0,0,1
1,0,0,0,1
2,0,0,0,2
1,0,0,0,1
1,0,0,0,1
1,0,0,0,1
2,0,0,0,2
1,0,0,0,1
1,0,0,0,1
1,0,0,0,1
1,0,0,0,1
1,0,0,0,1
1,0,0,0,1
1,0,0,0,1
1,0,0,0,1
1,0,0,0,1
1,0,0,0,1
1,0,0,0,1
1,0,0,0,1
1,0,0,0,1
1,0,0,0,1
2,0,0,0,2
1,0,0,0,1
1,0,0,0,1
1,0,0,0,1
1,0,0,0,1
2,0,0,0,2
1,0,0,0,1
1,0,0,0,1
1,0,0,0,1
1,0,0,0,1
1,0,0,0,1
1,0,0,0,1
1,0,0,0,1
1,0,0,0,1
1,0,0,0,1
1,0,0,0,1
1,0,0,0,1
1,0,0,0,1
1,0,0,0,1
1,0,0,0,1
1,0,0,0,1
1,0,0,0,1
1,0,0,0,1
1,0,0,0,1
1,0,0,0,1
1,0,0,0,1
1,0,0,0,1
1,0,0,0,1
1,0,0,0,1
1,0,0,0,1
1,0,0,0,1
1,0,0,0,1
1,0,0,0,1
1,0,0,0,1
1,0,0,0,1
1,0,0,0,1
1,0,0,0,1
1,0,0,0,1
1,0,0,0,1
1,0,0,0,1
1,0,0,0,1
1,0,0,0,1
1,0,0,0,1
1,0,0,0,1
1,0,0,0,1
1,0,0,0,1
1,0,0,0,1
1,0,0,0,1
1,0,0,0,1
1,0,0,0,1
1,0,0,0,1
1,0,0,0,1
1,0,0,0,1
1,0,0,0,1
1,0,0,0,1
1,0,0,0,1
2,0,0,0,2
1,0,0,0,1
1,0,0,0,1
1,0,0,0,1
2,0,0,0,2
1,0,0,0,1
1,0,0,0,1
1,0,0,0,1
1,0,0,0,1
1,0,0,0,1
1,0,0,0,1
1,0,0,0,1
1,0,0,0,1
1,0,0,0,1
1,0,0,0,1
1,0,0,0,1
1,0,0,0,1
1,0,0,0,1
1,0,0,0,1
1,0,0,0,1
1,0,0,0,1
1,0,0,0,1
1,0,0,0,1
1,0,0,0,1
1,0,0,0,1
1,5,0,0,6
2,0,0,0,2
2,0,0,0,2
1,0,0,0,1
1,0,0,0,1
1,0,0,0,1
1,0,0,0,1
1,0,0,0,1
1,0,0,0,1
1,0,0,0,1
1,0,0,0,1
1,0,0,0,1
1,0,0,0,1
2,0,0,0,2
2,0,0,0,2
1,0,0,0,1
1,0,0,0,1
1,0,0,0,1
1,0,0,0,1
2,0,0,0,2
3,0,0,0,3
2,0,0,0,2
1,0,0,0,1
1,0,0,0,1
2,0,0,0,2
1,0,0,0,1
1,0,0,0,1
1,0,0,0,1
1,0,0,0,1
1,0,0,0,1
1,0,0,0,1
1,0,0,0,1
1,0,0,0,1
1,0,0,0,1
1,0,0,0,1
2,0,0,0,2
1,0,0,0,1
1,0,0,0,1
1,0,0,0,1
1,0,0,0,1
1,0,0,0,1
1,0,0,0,1
2,0,0,0,2
1,0,0,0,1
1,0,0,0,1
1,0,0,0,1
1,0,0,0,1
1,0,0,0,1
1,0,0,0,1
1,2,0,0,3
1,0,0,0,1
1,0,0,0,1
1,2,0,0,3
1,0,0,0,1
1,0,0,0,1
1,0,0,0,1
1,0,0,0,1
1,0,0,0,1
1,0,0,0,1
1,0,0,0,1
1,0,0,0,1
2,0,0,0,2
1,0,0,0,1
1,0,0,0,1
1,0,0,0,1
1,0,0,0,1
1,0,0,0,1
1,0,0,0,1
1,0,0,0,1
1,0,0,0,1
1,0,0,0,1
1,0,0,0,1
1,0,0,0,1
1,0,0,0,1
2,0,0,0,2
1,0,0,0,1
1,0,0,0,1
1,0,0,0,1
1,0,0,0,1
2,0,0,0,2
1,0,0,0,1
1,0,0,0,1
1,0,0,0,1
1,0,0,0,1
1,0,0,0,1
1,0,0,0,1
1,0,0,0,1
1,0,0,0,1
1,0,0,0,1
1,0,0,0,1
1,0,0,0,1
1,0,0,0,1
1,0,0,0,1
1,0,0,0,1
1,0,0,0,1
1,0,0,0,1
1,0,0,0,1
1,0,0,0,1
1,0,0,0,1
1,0,0,0,1
1,0,0,0,1
1,0,0,0,1
1,0,0,0,1
1,0,0,0,1
1,0,0,0,1
1,0,0,0,1
1,0,0,0,1
1,0,0,0,1
1,0,0,0,1
1,0,0,0,1
1,0,0,0,1
1,0,0,0,1
1,0,0,0,1
1,0,0,0,1
1,0,0,0,1
2,0,0,0,2
1,0,0,0,1
1,0,0,0,1
1,0,0,0,1
1,0,0,0,1
1,0,0,0,1
1,0,0,0,1
1,0,0,0,1
1,0,0,0,1
1,0,0,0,1
1,0,0,0,1
1,0,0,0,1
1,0,0,0,1
1,0,0,0,1
1,0,0,0,1
1,0,0,0,1
1,0,0,0,1
1,0,0,0,1
1,0,0,0,1
1,0,0,0,1
1,0,0,0,1
1,0,0,0,1
1,0,0,0,1
1,0,0,0,1
1,0,0,0,1
2,0,0,0,2
1,0,0,0,1
1,0,0,0,1
1,0,0,0,1
1,3,0,0,4
1,0,0,0,1
1,0,0,0,1
1,0,0,0,1
1,0,0,0,1
1,0,0,0,1
1,0,0,0,1
1,0,0,0,1
2,0,0,0,2
2,0,0,0,2
1,0,0,0,1
1,0,0,0,1
1,0,0,0,1
1,0,0,0,1
1,0,0,0,1
1,0,0,0,1
1,0,0,0,1
1,0,0,0,1
2,0,0,0,2
1,0,0,0,1
1,0,0,0,1
1,0,0,0,1
1,0,0,0,1
2,0,0,0,2
1,0,0,0,1
2,2,0,0,4
1,0,0,0,1
1,1,0,0,2
1,0,0,0,1
1,0,0,0,1
1,0,0,0,1
1,0,0,0,1
1,0,0,0,1
1,0,0,0,1
1,0,0,0,1
1,0,0,0,1
1,0,0,0,1
1,0,0,0,1
1,0,0,0,1
1,0,0,0,1
1,0,0,0,1
1,0,0,0,1
1,0,0,0,1
1,0,0,0,1
1,0,0,0,1
1,0,0,0,1
1,0,0,0,1
1,0,0,0,1
1,0,0,0,1
1,0,0,0,1
1,0,0,0,1
1,0,0,0,1
1,0,0,0,1
1,0,0,0,1
1,0,0,0,1
1,0,0,0,1
1,0,0,0,1
1,0,0,0,1
1,0,0,0,1
1,0,0,0,1
2,0,0,0,2
1,0,0,0,1
1,0,0,0,1
1,0,0,0,1
1,0,0,0,1
1,1,0,0,2
2,0,0,0,2
1,0,0,0,1
1,0,0,0,1
1,0,0,0,1
1,0,0,0,1
1,0,0,0,1
1,0,0,0,1
1,0,0,0,1
1,0,0,0,1
1,0,0,0,1
1,0,0,0,1
1,0,0,0,1
1,0,0,0,1
1,0,0,0,1
1,0,0,0,1
1,0,0,0,1
1,0,0,0,1
1,0,0,0,1
1,0,0,0,1
1,0,0,0,1
1,0,0,0,1
1,0,0,0,1
1,0,0,0,1
1,0,0,0,1
1,0,0,0,1
1,0,0,0,1
1,0,0,0,1
1,0,0,0,1
1,0,0,0,1
1,0,0,0,1
1,0,0,0,1
1,0,0,0,1
1,0,0,0,1
1,0,0,0,1
1,0,0,0,1
1,0,0,0,1
1,0,0,0,1
2,11,1,0,14
1,0,0,0,1
3,0,0,0,3
1,0,0,0,1
1,0,0,0,1
1,0,0,0,1
1,0,0,0,1
3,0,0,0,3
1,0,0,0,1
1,0,0,0,1
1,0,0,0,1
1,0,0,0,1
1,0,0,0,1
1,0,0,0,1
1,0,0,0,1
1,0,0,0,1
1,0,0,0,1
2,0,0,0,2
1,0,0,0,1
1,0,0,0,1
1,0,0,0,1
1,0,0,0,1
2,0,0,0,2
1,0,0,0,1
1,0,0,0,1
1,0,0,0,1
1,0,0,0,1
1,0,0,0,1
1,0,0,0,1
1,0,0,0,1
1,0,0,0,1
1,0,0,0,1
1,0,0,0,1
1,0,0,0,1
1,0,0,0,1
1,0,0,0,1
1,0,0,0,1
1,0,0,0,1
1,0,1,0,2
1,0,0,0,1
1,0,0,0,1
1,0,0,0,1
1,0,0,0,1
1,0,0,0,1
1,0,1,0,2
1,0,0,0,1
3,0,0,0,3
1,0,0,0,1
1,0,0,0,1
1,0,0,0,1
1,0,0,0,1
1,0,0,0,1
1,0,0,0,1
1,0,0,0,1
1,0,0,0,1
1,0,0,0,1
1,0,0,0,1
1,0,0,0,1
1,0,0,0,1
1,0,0,0,1
1,0,0,0,1
1,0,0,0,1
1,0,0,0,1
1,0,0,0,1
1,0,0,0,1
1,0,0,0,1
1,0,0,0,1
1,0,0,0,1
1,0,0,0,1
1,0,0,0,1
1,0,0,0,1
1,0,0,0,1
1,0,0,0,1
1,0,0,0,1
1,1,0,0,2
1,0,0,0,1
1,0,0,0,1
1,0,0,0,1
1,0,0,0,1
1,0,0,0,1
1,0,0,0,1
1,0,0,0,1
4,0,0,0,4
1,0,0,0,1
1,0,0,0,1
1,0,0,0,1
1,0,0,0,1
1,0,0,0,1
1,0,0,0,1
1,0,0,0,1
1,0,0,0,1
1,0,0,0,1
1,0,0,0,1
1,0,0,0,1
1,0,0,0,1
1,0,0,0,1
1,0,0,0,1
1,4,0,0,5
1,0,0,0,1
1,0,0,0,1
1,0,0,0,1
1,0,0,0,1
1,0,0,0,1
1,0,0,0,1
1,0,0,0,1
1,0,0,0,1
1,0,0,0,1
1,0,0,0,1
2,0,0,0,2
1,0,0,0,1
1,0,0,0,1
1,1,0,0,2
1,0,0,0,1
1,0,0,0,1
1,0,0,0,1
1,0,0,0,1
2,0,0,0,2
1,0,0,0,1
1,0,0,0,1
1,0,0,0,1
1,0,0,0,1
1,0,0,0,1
1,0,0,0,1
1,0,0,0,1
1,0,0,0,1
1,0,0,0,1
1,0,0,0,1
1,0,0,0,1
1,0,0,0,1
1,0,0,0,1
1,0,0,0,1
1,0,0,0,1
1,0,0,0,1
1,0,0,0,1
1,0,0,0,1
1,0,0,0,1
1,0,0,0,1
1,0,0,0,1
1,0,0,0,1
1,0,0,0,1
1,0,0,0,1
1,0,0,0,1
1,0,0,0,1
1,0,0,0,1
1,0,0,0,1
1,0,0,0,1
1,0,0,0,1
1,0,0,0,1
1,0,0,0,1
1,0,0,0,1
1,0,0,0,1
1,0,0,0,1
1,0,0,0,1
1,0,0,0,1
1,0,0,0,1
1,0,0,0,1
2,0,0,0,2
1,0,0,0,1
1,0,0,0,1
1,0,0,0,1
1,0,0,0,1
1,0,0,0,1
1,0,0,0,1
1,0,0,0,1
1,0,0,0,1
1,0,0,0,1
1,0,0,0,1
1,0,0,0,1
1,2,0,0,3
1,0,0,0,1
1,0,0,0,1
1,0,0,0,1
1,2,0,0,3
1,0,0,0,1
1,0,0,0,1
1,0,0,0,1
2,0,0,0,2
1,0,0,0,1
1,0,0,0,1
1,0,0,0,1
1,0,0,0,1
1,0,0,0,1
1,0,0,0,1
1,0,0,0,1
1,1,0,0,2
1,0,0,0,1
1,0,0,0,1
1,0,0,0,1
1,0,0,0,1
1,0,0,0,1
1,0,0,0,1
1,0,0,0,1
1,0,0,0,1
1,0,0,0,1
1,0,0,0,1
1,0,0,0,1
1,0,0,0,1
1,0,0,0,1
1,0,0,0,1
1,0,0,0,1
1,0,0,0,1
1,0,0,0,1
1,0,0,0,1
1,0,0,0,1
1,0,0,0,1
1,0,0,0,1
1,0,0,0,1
1,0,0,0,1
1,0,0,0,1
1,0,0,0,1
1,0,0,0,1
1,0,0,0,1
1,0,0,0,1
1,0,0,0,1
1,0,0,0,1
1,0,0,0,1
1,0,0,0,1
1,0,0,0,1
1,0,0,0,1
1,0,0,0,1
1,0,0,0,1
1,13,0,0,14
1,0,0,0,1
2,0,0,0,2
1,0,0,0,1
1,0,0,0,1
1,0,0,0,1
1,0,0,0,1
1,0,0,0,1
1,0,0,0,1
1,0,0,0,1
1,0,0,0,1
1,0,0,0,1
1,0,0,0,1
1,0,0,0,1
1,0,0,0,1
1,0,0,0,1
1,0,0,0,1
1,0,0,0,1
1,0,0,0,1
1,0,0,0,1
1,0,0,0,1
1,0,0,0,1
2,0,0,0,2
1,0,0,0,1
1,0,0,0,1
1,0,0,0,1
1,0,0,0,1
2,0,0,0,2
1,0,0,0,1
1,0,0,0,1
1,0,0,0,1
1,0,0,0,1
1,0,0,0,1
2,0,0,0,2
1,0,0,0,1
1,1,0,0,2
1,0,0,0,1
1,0,0,0,1
1,0,0,0,1
1,0,0,0,1
1,0,0,0,1
1,0,0,0,1
1,0,0,0,1
1,0,0,0,1
1,0,0,0,1
1,3,0,0,4
1,0,0,0,1
1,0,0,0,1
1,0,0,0,1
1,4,0,0,5
1,0,0,0,1
1,0,0,0,1
1,0,0,0,1
1,0,0,0,1
1,0,0,0,1
1,0,0,0,1
4,3,1,0,8
1,0,0,0,1
1,0,0,0,1
1,0,0,0,1
1,9,7,0,17
1,0,0,0,1
1,0,0,0,1
2,0,0,0,2
1,0,0,0,1
1,0,0,0,1
2,0,0,0,2
1,0,0,0,1
1,0,0,0,1
1,0,0,0,1
1,0,0,0,1
1,0,0,0,1
1,0,0,0,1
1,0,0,0,1
1,0,0,0,1
1,0,0,0,1
1,0,0,0,1
1,0,0,0,1
1,0,0,0,1
1,0,0,0,1
1,0,0,0,1
1,0,0,0,1
1,0,0,0,1
1,0,0,0,1
1,0,0,0,1
1,0,0,0,1
1,0,0,0,1
1,0,0,0,1
1,0,0,0,1
2,0,0,0,2
1,0,0,0,1
2,0,0,0,2
2,0,0,0,2
1,0,0,0,1
1,0,0,0,1
1,0,0,0,1
1,0,0,0,1
1,0,0,0,1
1,0,0,0,1
1,0,0,0,1
1,0,0,0,1
1,0,0,0,1
1,0,0,0,1
1,0,0,0,1
1,0,0,0,1
1,0,0,0,1
1,0,0,0,1
1,0,0,0,1
1,0,0,0,1
1,0,0,0,1
1,0,0,0,1
1,0,0,0,1
1,0,0,0,1
1,0,0,0,1
1,0,0,0,1
1,0,0,0,1
1,0,0,0,1
1,0,0,0,1
1,0,0,0,1
1,0,0,0,1
1,0,0,0,1
1,0,0,0,1
1,0,0,0,1
1,0,0,0,1
1,0,0,0,1
1,0,0,0,1
1,0,0,0,1
1,0,0,0,1
1,0,0,0,1
1,20,0,0,21
1,0,0,0,1
1,0,0,0,1
1,0,0,0,1
1,0,0,0,1
1,0,0,0,1
1,0,0,0,1
1,0,0,0,1
1,0,0,0,1
1,0,0,0,1
1,2,0,0,3
1,2,0,0,3
1,0,0,0,1
1,0,0,0,1
1,0,0,0,1
1,0,0,0,1
1,0,0,0,1
1,0,0,0,1
1,0,0,0,1
1,0,0,0,1
1,0,0,0,1
1,0,0,0,1
1,0,0,0,1
1,0,0,0,1
1,0,0,0,1
1,0,0,0,1
1,0,0,0,1
1,0,0,0,1
1,0,0,0,1
1,0,0,0,1
1,0,0,0,1
1,0,0,0,1
1,0,0,0,1
1,0,0,0,1
1,0,0,0,1
1,0,0,0,1
1,0,0,0,1
1,0,0,0,1
2,0,0,0,2
1,0,0,0,1
1,0,0,0,1
1,0,0,0,1
1,0,0,0,1
1,0,0,0,1
1,0,0,0,1
1,0,0,0,1
1,0,0,0,1
1,0,0,0,1
1,0,0,0,1
1,0,0,0,1
1,0,0,0,1
1,0,0,0,1
1,0,0,0,1
1,0,0,0,1
1,0,0,0,1
1,0,0,0,1
1,0,0,0,1
1,0,0,0,1
1,0,0,0,1
1,0,0,0,1
1,0,0,0,1
1,0,0,0,1
1,0,0,0,1
1,0,0,0,1
1,0,0,0,1
1,0,0,0,1
1,0,0,0,1
1,0,0,0,1
1,0,0,0,1
1,0,0,0,1
1,0,0,0,1
2,0,0,0,2
2,0,0,0,2
1,0,0,0,1
1,0,0,0,1
1,0,0,0,1
1,0,0,0,1
1,0,0,0,1
1,0,0,0,1
2,0,0,0,2
1,0,0,0,1
1,0,0,0,1
1,0,0,0,1
1,0,0,0,1
1,0,0,0,1
1,0,0,0,1
1,1,0,0,2
1,0,0,0,1
1,0,0,0,1
1,0,0,0,1
1,0,0,0,1
1,0,0,0,1
1,0,0,0,1
1,0,0,0,1
1,0,0,0,1
1,0,0,0,1
1,0,0,0,1
1,0,0,0,1
1,0,0,0,1
1,0,0,0,1
1,0,0,0,1
1,0,0,0,1
2,0,0,0,2
2,0,0,0,2
1,0,0,0,1
1,0,0,0,1
1,0,0,0,1
1,0,0,0,1
1,0,0,0,1
1,0,0,0,1
1,0,0,0,1
1,0,0,0,1
1,0,0,0,1
1,0,0,0,1
1,0,0,0,1
1,0,0,0,1
1,0,0,0,1
1,0,0,0,1
2,0,0,0,2
2,0,0,0,2
1,0,0,0,1
1,0,0,0,1
1,0,0,0,1
1,0,0,0,1
1,0,0,0,1
1,0,0,0,1
2,0,0,0,2
1,0,0,0,1
1,0,0,0,1
1,0,0,0,1
1,0,0,0,1
1,0,0,0,1
1,0,0,0,1
1,0,0,0,1
1,0,0,0,1
1,0,0,0,1
1,0,0,0,1
1,0,0,0,1
1,0,0,0,1
1,0,0,0,1
1,0,0,0,1
1,0,0,0,1
1,0,0,0,1
1,0,0,0,1
1,0,0,0,1
1,0,0,0,1
1,0,0,0,1
1,0,0,0,1
1,0,0,0,1
1,0,0,0,1
2,0,0,0,2
4,0,0,0,4
1,0,0,0,1
1,0,0,0,1
1,4,0,0,5
1,0,0,0,1
1,0,0,0,1
1,0,0,0,1
1,0,0,0,1
1,0,0,0,1
1,0,0,0,1
1,0,0,0,1
1,0,0,0,1
1,0,0,0,1
1,0,0,0,1
1,0,0,0,1
1,0,0,0,1
1,0,0,0,1
1,0,0,0,1
1,0,0,0,1
1,0,0,0,1
2,0,0,0,2
1,0,0,0,1
1,0,0,0,1
1,0,0,0,1
1,0,0,0,1
1,0,0,0,1
1,0,0,0,1
1,0,0,0,1
1,0,0,0,1
1,0,0,0,1
1,0,0,0,1
1,0,0,0,1
1,0,0,0,1
1,0,0,0,1
1,0,0,0,1
1,0,0,0,1
1,0,0,0,1
1,0,0,0,1
1,0,0,0,1
2,0,0,0,2
2,0,0,0,2
1,0,0,0,1
2,0,0,0,2
1,0,0,0,1
2,0,0,0,2
1,0,0,0,1
1,0,0,0,1
1,0,0,0,1
1,0,0,0,1
1,0,0,0,1
1,0,0,0,1
1,0,0,0,1
1,0,0,0,1
1,0,0,0,1
1,0,0,0,1
1,0,0,0,1
1,0,0,0,1
1,0,0,0,1
1,0,0,0,1
1,0,0,0,1
1,0,0,0,1
1,0,0,0,1
2,0,0,0,2
1,0,0,0,1
1,0,0,0,1
1,0,0,0,1
1,0,0,0,1
1,0,0,0,1
1,0,0,0,1
1,0,0,0,1
1,0,0,0,1
1,0,0,0,1
2,0,0,0,2
1,0,0,0,1
1,0,0,0,1
1,0,0,0,1
1,0,0,0,1
1,0,0,0,1
1,0,0,0,1
1,0,0,0,1
1,0,0,0,1
1,0,0,0,1
1,0,0,0,1
1,0,0,0,1
1,0,0,0,1
1,0,0,0,1
1,0,0,0,1
1,0,0,0,1
1,0,0,0,1
1,0,0,0,1
1,0,0,0,1
1,0,0,0,1
1,0,0,0,1
1,0,0,0,1
1,0,0,0,1
1,0,0,0,1
1,0,0,0,1
1,0,0,0,1
1,0,0,0,1
1,15,0,0,16
1,0,0,0,1
1,0,0,0,1
2,0,0,0,2
2,0,0,0,2
1,0,0,0,1
1,0,0,0,1
1,0,0,0,1
1,0,0,0,1
1,0,0,0,1
2,0,0,0,2
1,0,0,0,1
1,0,0,0,1
1,0,0,0,1
1,0,0,0,1
1,0,0,0,1
1,0,0,0,1
1,0,0,0,1
1,0,0,0,1
1,0,0,0,1
1,0,0,0,1
1,6,0,0,7
1,0,0,0,1
2,0,0,0,2
1,0,0,0,1
1,0,0,0,1
1,0,0,0,1
1,0,0,0,1
1,0,0,0,1
1,0,0,0,1
2,0,0,0,2
1,0,0,0,1
1,0,0,0,1
1,0,0,0,1
2,0,0,0,2
1,0,0,0,1
1,0,0,0,1
1,0,0,0,1
1,0,0,0,1
1,0,0,0,1
1,0,0,0,1
1,0,0,0,1
1,41,1,0,43
1,0,0,0,1
1,0,0,0,1
1,0,0,0,1
1,0,0,0,1
1,0,0,0,1
1,0,0,0,1
1,0,0,0,1
1,0,0,0,1
1,0,0,0,1
1,0,0,0,1
1,0,0,0,1
1,0,0,0,1
1,0,0,0,1
1,0,0,0,1
1,0,0,0,1
1,0,0,0,1
1,0,0,0,1
1,0,0,0,1
1,0,0,0,1
1,0,0,0,1
1,0,0,0,1
1,0,0,0,1
1,0,0,0,1
1,0,0,0,1
1,0,0,0,1
1,0,0,0,1
1,0,0,0,1
1,0,0,0,1
1,0,0,0,1
1,0,0,0,1
2,0,0,0,2
1,0,0,0,1
1,0,0,0,1
1,0,0,0,1
1,0,0,0,1
1,0,0,0,1
2,0,0,0,2
1,0,0,0,1
1,0,0,0,1
1,0,0,0,1
1,0,0,0,1
1,0,0,0,1
1,0,0,0,1
4,0,0,0,4
1,0,0,0,1
1,0,0,0,1
1,0,0,0,1
1,0,0,0,1
1,0,0,0,1
1,0,0,0,1
1,0,0,0,1
1,0,0,0,1
1,0,0,0,1
1,0,0,0,1
1,0,0,0,1
1,0,0,0,1
1,0,0,0,1
1,0,0,0,1
1,0,0,0,1
1,0,0,0,1
1,0,0,0,1
1,0,0,0,1
1,0,0,0,1
1,0,0,0,1
1,0,0,0,1
1,0,0,0,1
1,0,0,0,1
1,0,0,0,1
1,0,0,0,1
1,0,0,0,1
1,0,0,0,1
1,0,0,0,1
1,0,0,0,1
1,0,0,0,1
1,0,0,0,1
1,0,0,0,1
1,0,0,0,1
1,0,0,0,1
1,0,0,0,1
1,0,0,0,1
1,0,0,0,1
2,6,0,0,8
1,0,1,0,2
1,0,0,0,1
1,0,0,0,1
1,0,0,0,1
1,0,1,0,2
1,0,0,0,1
1,0,0,0,1
1,0,0,0,1
1,0,0,0,1
1,0,0,0,1
1,0,0,0,1
1,0,0,0,1
1,0,0,0,1
1,0,0,0,1
1,4,1,0,6
1,0,0,0,1
1,0,0,0,1
1,0,0,0,1
1,0,0,0,1
1,0,0,0,1
1,0,0,0,1
2,0,0,0,2
1,6,1,0,8
1,0,0,0,1
1,0,0,0,1
1,0,0,0,1
1,0,0,0,1
1,0,0,0,1
1,0,0,0,1
1,0,0,0,1
1,0,0,0,1
1,0,0,0,1
1,0,0,0,1
1,0,0,0,1
1,0,0,0,1
1,0,0,0,1
1,0,0,0,1
1,0,0,0,1
1,0,0,0,1
2,0,0,0,2
1,0,0,0,1
1,0,0,0,1
1,0,0,0,1
1,0,0,0,1
1,0,0,0,1
1,0,0,0,1
1,0,0,0,1
1,0,0,0,1
1,0,0,0,1
1,0,0,0,1
1,0,0,0,1
1,0,0,0,1
1,0,0,0,1
1,0,0,0,1
1,0,0,0,1
1,0,0,0,1
1,0,0,0,1
1,0,0,0,1
1,0,0,0,1
1,0,0,0,1
1,0,0,0,1
1,0,0,0,1
1,0,0,0,1
1,0,0,0,1
1,0,0,0,1
1,4,0,0,5
1,0,0,0,1
1,0,0,0,1
1,0,0,0,1
1,0,0,0,1
1,0,0,0,1
1,0,0,0,1
1,0,0,0,1
1,0,0,0,1
1,0,0,0,1
1,0,0,0,1
1,0,0,0,1
1,0,0,0,1
1,1,1,0,3
1,0,0,0,1
1,0,0,0,1
1,0,0,0,1
1,0,0,0,1
1,0,0,0,1
1,0,0,0,1
1,0,0,0,1
1,0,0,0,1
1,0,0,0,1
1,0,0,0,1
1,0,0,0,1
1,0,0,0,1
1,0,0,0,1
1,0,0,0,1
1,0,0,0,1
1,0,0,0,1
1,0,0,0,1
1,0,0,0,1
1,0,0,0,1
1,0,0,0,1
1,0,0,0,1
1,0,0,0,1
1,0,0,0,1
1,0,0,0,1
1,0,0,0,1
1,0,0,0,1
1,0,0,0,1
1,0,0,0,1
1,0,0,0,1
1,0,0,0,1
1,1,1,0,3
1,0,0,0,1
1,0,0,0,1
1,0,0,0,1
1,0,0,0,1
1,0,0,0,1
1,0,0,0,1
1,0,0,0,1
1,0,0,0,1
1,0,0,0,1
1,0,0,0,1
1,0,0,0,1
2,0,0,0,2
1,0,0,0,1
1,0,0,0,1
1,0,0,0,1
1,0,0,0,1
1,0,0,0,1
1,0,0,0,1
1,0,0,0,1
1,0,0,0,1
1,0,0,0,1
1,0,0,0,1
1,0,0,0,1
2,0,0,0,2
1,0,0,0,1
1,0,0,0,1
1,0,0,0,1
1,0,0,0,1
1,0,0,0,1
2,0,0,0,2
2,0,0,0,2
1,0,0,0,1
2,0,0,0,2
1,0,0,0,1
1,0,0,0,1
2,0,0,0,2
1,0,0,0,1
1,0,0,0,1
1,0,0,0,1
1,0,0,0,1
2,0,0,0,2
1,0,0,0,1
1,0,0,0,1
1,0,0,0,1
1,0,0,0,1
1,0,0,0,1
1,0,0,0,1
1,0,0,0,1
1,0,0,0,1
2,0,0,0,2
1,0,0,0,1
1,0,0,0,1
1,0,0,0,1
1,0,0,0,1
1,0,0,0,1
1,0,0,0,1
1,0,0,0,1
1,0,0,0,1
1,0,0,0,1
1,0,0,0,1
1,0,0,0,1
1,0,0,0,1
1,0,0,0,1
1,0,0,0,1
1,3,0,0,4
1,0,0,0,1
1,0,0,0,1
1,0,0,0,1
1,0,0,0,1
1,0,0,0,1
1,0,0,0,1
2,0,0,0,2
2,0,0,0,2
2,0,0,0,2
1,0,0,0,1
1,0,0,0,1
1,0,0,0,1
1,0,0,0,1
1,0,0,0,1
1,0,0,0,1
1,0,0,0,1
1,0,0,0,1
1,0,0,0,1
2,0,0,0,2
1,0,0,0,1
1,0,0,0,1
1,0,0,0,1
1,0,0,0,1
1,0,0,0,1
1,0,0,0,1
1,0,0,0,1
1,0,0,0,1
1,0,0,0,1
3,0,0,0,3
1,0,0,0,1
1,0,0,0,1
1,0,0,0,1
2,3,0,0,5
1,0,0,0,1
1,0,0,0,1
1,0,0,0,1
1,0,0,0,1
1,0,0,0,1
1,0,0,0,1
1,0,0,0,1
2,0,0,0,2
1,0,0,0,1
2,0,0,0,2
1,0,0,0,1
1,0,0,0,1
1,0,0,0,1
1,0,0,0,1
1,0,0,0,1
1,0,0,0,1
1,0,0,0,1
1,0,0,0,1
1,0,0,0,1
1,0,0,0,1
1,0,0,0,1
1,0,0,0,1
1,0,0,0,1
1,0,0,0,1
1,0,0,0,1
1,0,0,0,1
1,0,0,0,1
1,0,0,0,1
1,0,0,0,1
1,0,0,0,1
1,0,0,0,1
1,0,0,0,1
2,0,0,0,2
1,0,0,0,1
1,0,0,0,1
1,0,0,0,1
1,0,0,0,1
1,0,0,0,1
1,0,0,0,1
1,0,0,0,1
1,0,0,0,1
1,0,0,0,1
1,0,0,0,1
1,0,0,0,1
1,0,0,0,1
1,0,0,0,1
1,0,0,0,1
1,0,0,0,1
1,0,0,0,1
1,0,0,0,1
2,0,0,0,2
1,0,0,0,1
1,0,0,0,1
1,0,0,0,1
2,0,0,0,2
1,0,0,0,1
1,0,0,0,1
1,0,0,0,1
1,0,0,0,1
1,0,0,0,1
1,0,0,0,1
1,0,0,0,1
1,0,0,0,1
1,0,0,0,1
1,0,0,0,1
1,0,0,0,1
1,0,0,0,1
1,0,0,0,1
1,0,0,0,1
2,0,0,0,2
1,0,0,0,1
1,0,0,0,1
1,0,0,0,1
1,0,0,0,1
1,0,0,0,1
1,0,0,0,1
1,0,0,0,1
1,0,0,0,1
1,0,0,0,1
1,0,0,0,1
1,0,0,0,1
1,0,0,0,1
1,0,0,0,1
1,0,0,0,1
2,4,0,0,6
1,0,0,0,1
1,0,0,0,1
1,0,0,0,1
1,0,0,0,1
1,7,0,0,8
1,0,0,0,1
1,0,0,0,1
1,0,0,0,1
1,0,0,0,1
2,0,0,0,2
1,0,0,0,1
1,0,0,0,1
1,0,0,0,1
1,0,0,0,1
1,0,0,0,1
1,0,0,0,1
1,0,0,0,1
1,0,0,0,1
1,0,0,0,1
1,0,0,0,1
1,0,0,0,1
1,0,0,0,1
1,0,0,0,1
1,0,0,0,1
1,0,0,0,1
2,0,0,0,2
1,0,0,0,1
1,0,0,0,1
1,0,0,0,1
1,0,0,0,1
1,0,0,0,1
1,0,0,0,1
1,0,0,0,1
1,0,0,0,1
2,0,0,0,2
1,0,0,0,1
1,0,0,0,1
1,0,0,0,1
1,0,0,0,1
1,0,0,0,1
1,0,0,0,1
1,0,0,0,1
1,0,0,0,1
1,0,0,0,1
1,0,0,0,1
1,0,0,0,1
1,3,0,0,4
1,0,0,0,1
1,0,0,0,1
1,0,0,0,1
1,0,0,0,1
1,0,0,0,1
1,0,0,0,1
1,0,0,0,1
1,0,0,0,1
1,0,0,0,1
1,0,0,0,1
1,0,0,0,1
1,0,0,0,1
1,0,0,0,1
1,0,0,0,1
1,0,0,0,1
1,0,0,0,1
1,0,0,0,1
1,0,0,0,1
1,0,0,0,1
1,0,0,0,1
1,0,0,0,1
1,0,0,0,1
1,0,0,0,1
1,0,0,0,1
1,0,0,0,1
1,0,0,0,1
1,0,0,0,1
1,0,0,0,1
1,0,0,0,1
1,0,0,0,1
1,0,0,0,1
1,0,0,0,1
1,0,0,0,1
1,0,0,0,1
1,0,0,0,1
1,0,0,0,1
1,0,0,0,1
1,0,0,0,1
1,0,0,0,1
1,0,0,0,1
2,0,0,0,2
1,0,0,0,1
1,0,0,0,1
1,0,0,0,1
2,0,0,0,2
1,0,0,0,1
1,0,0,0,1
1,0,0,0,1
1,0,0,0,1
1,0,0,0,1
1,0,0,0,1
1,0,0,0,1
1,0,0,0,1
1,0,0,0,1
1,0,0,0,1
1,0,0,0,1
1,0,0,0,1
1,0,0,0,1
1,0,0,0,1
1,0,0,0,1
1,0,0,0,1
1,0,0,0,1
1,0,0,0,1
1,0,0,0,1
1,0,0,0,1
1,0,0,0,1
1,0,0,0,1
1,0,0,0,1
1,0,0,0,1
1,0,0,0,1
1,0,0,0,1
1,35,0,0,36
1,0,0,0,1
1,0,0,0,1
1,0,0,0,1
1,2,0,0,3
1,0,0,0,1
1,0,0,0,1
1,0,0,0,1
1,0,0,0,1
1,0,0,0,1
1,0,0,0,1
1,0,0,0,1
1,0,0,0,1
1,0,0,0,1
1,1,0,0,2
1,0,0,0,1
1,0,0,0,1
1,0,0,0,1
2,0,0,0,2
1,0,0,0,1
1,0,0,0,1
1,0,0,0,1
1,0,0,0,1
2,0,0,0,2
1,0,0,0,1
1,0,0,0,1
1,0,0,0,1
1,0,0,0,1
1,5,0,0,6
2,0,0,0,2
1,0,0,0,1
1,0,0,0,1
1,0,0,0,1
2,0,0,0,2
2,0,0,0,2
1,0,0,0,1
1,0,0,0,1
2,0,0,0,2
1,0,0,0,1
1,0,0,0,1
1,0,0,0,1
1,0,0,0,1
1,0,0,0,1
1,0,0,0,1
1,0,0,0,1
1,0,0,0,1
1,0,0,0,1
1,0,0,0,1
1,0,0,0,1
2,0,0,0,2
1,0,0,0,1
1,0,0,0,1
1,0,0,0,1
1,0,0,0,1
1,0,0,0,1
1,0,0,0,1
1,0,0,0,1
3,0,0,0,3
2,2,0,0,4
1,0,0,0,1
1,0,0,0,1
1,0,0,0,1
1,0,0,0,1
1,0,0,0,1
3,0,0,0,3
1,0,0,0,1
2,0,0,0,2
1,0,0,0,1
1,1,0,0,2
1,0,0,0,1
1,0,0,0,1
1,0,0,0,1
1,0,0,0,1
1,0,0,0,1
1,0,0,0,1
1,2,0,0,3
1,0,0,0,1
1,0,0,0,1
1,0,0,0,1
1,0,0,0,1
1,0,0,0,1
1,0,0,0,1
1,0,0,0,1
1,0,0,0,1
1,0,0,0,1
1,0,0,0,1
3,0,0,0,3
1,0,0,0,1
2,0,0,0,2
1,0,0,0,1
1,0,0,0,1
1,0,0,0,1
1,0,0,0,1
1,0,0,0,1
1,0,0,0,1
1,10,0,0,11
1,0,0,0,1
1,0,0,0,1
1,0,0,0,1
1,0,0,0,1
1,0,0,0,1
1,0,0,0,1
1,0,0,0,1
1,2,0,0,3
1,0,0,0,1
1,0,0,0,1
1,0,0,0,1
1,0,0,0,1
1,0,0,0,1
1,0,0,0,1
1,0,0,0,1
1,2,0,0,3
1,0,0,0,1
1,0,0,0,1
1,0,0,0,1
1,0,0,0,1
1,0,0,0,1
1,0,0,0,1
1,3,0,0,4
2,0,0,0,2
1,0,0,0,1
1,0,0,0,1
1,0,0,0,1
1,2,0,0,3
1,0,0,0,1
2,0,0,0,2
1,0,0,0,1
1,0,0,0,1
1,0,0,0,1
1,0,0,0,1
1,0,0,0,1
1,3,0,0,4
1,0,0,0,1
1,0,0,0,1
1,0,0,0,1
1,0,0,0,1
1,0,0,0,1
1,0,0,0,1
1,0,0,0,1
1,0,0,0,1
2,0,0,0,2
1,0,0,0,1
1,0,0,0,1
1,0,0,0,1
1,0,0,0,1
1,0,0,0,1
1,0,0,0,1
1,0,0,0,1
1,0,0,0,1
1,0,0,0,1
1,0,0,0,1
1,0,0,0,1
1,0,0,0,1
2,0,0,0,2
2,0,0,0,2
1,0,0,0,1
1,0,0,0,1
1,0,0,0,1
1,0,0,0,1
1,0,0,0,1
1,0,0,0,1
1,1,0,0,2
1,0,0,0,1
1,0,0,0,1
1,0,0,0,1
1,0,0,0,1
1,0,0,0,1
1,0,0,0,1
1,0,0,0,1
1,0,0,0,1
1,0,0,0,1
1,0,0,0,1
3,0,0,0,3
1,0,0,0,1
1,0,0,0,1
1,0,0,0,1
1,0,0,0,1
1,0,0,0,1
2,0,0,0,2
1,0,0,0,1
1,0,0,0,1
2,0,0,0,2
1,0,0,0,1
1,0,0,0,1
2,0,0,0,2
1,0,0,0,1
1,0,0,0,1
2,0,0,0,2
3,0,0,0,3
1,0,0,0,1
1,0,0,0,1
1,0,0,0,1
3,0,0,0,3
1,0,0,0,1
1,0,0,0,1
1,0,0,0,1
1,0,0,0,1
1,0,0,0,1
1,0,0,0,1
1,0,0,0,1
1,0,0,0,1
1,0,0,0,1
1,0,0,0,1
1,0,0,0,1
1,0,0,0,1
1,0,0,0,1
1,0,0,0,1
1,0,0,0,1
1,0,0,0,1
1,0,0,0,1
1,0,0,0,1
1,0,0,0,1
1,0,0,0,1
2,0,0,0,2
1,4,0,0,5
1,0,0,0,1
1,0,0,0,1
1,0,0,0,1
1,0,0,0,1
1,0,0,0,1
1,0,0,0,1
1,0,0,0,1
1,0,0,0,1
1,0,0,0,1
1,0,0,0,1
1,0,0,0,1
1,0,0,0,1
1,0,0,0,1
1,0,0,0,1
1,0,0,0,1
3,0,0,0,3
1,0,0,0,1
1,0,0,0,1
1,0,0,0,1
1,0,0,0,1
1,0,0,0,1
1,0,0,0,1
1,0,0,0,1
1,0,0,0,1
1,0,0,0,1
1,0,0,0,1
1,0,0,0,1
2,0,0,0,2
1,0,0,0,1
1,0,0,0,1
1,0,0,0,1
1,0,0,0,1
1,0,0,0,1
1,0,0,0,1
1,0,0,0,1
1,0,0,0,1
1,0,0,0,1
1,0,0,0,1
1,0,0,0,1
1,0,0,0,1
1,0,0,0,1
1,0,0,0,1
1,0,0,0,1
1,0,0,0,1
1,0,0,0,1
1,0,0,0,1
1,0,0,0,1
1,0,0,0,1
1,0,0,0,1
1,0,0,0,1
1,0,0,0,1
1,0,0,0,1
1,0,0,0,1
1,0,0,0,1
1,0,0,0,1
1,0,0,0,1
1,6,0,0,7
1,0,0,0,1
1,0,0,0,1
1,0,0,0,1
1,0,0,0,1
1,0,0,0,1
1,0,0,0,1
1,0,0,0,1
1,0,0,0,1
1,0,0,0,1
3,0,0,0,3
2,0,0,0,2
1,0,0,0,1
1,0,0,0,1
1,0,0,0,1
2,0,0,0,2
1,0,0,0,1
1,0,0,0,1
1,0,0,0,1
1,1,0,0,2
1,0,0,0,1
1,0,0,0,1
1,0,0,0,1
1,0,0,0,1
1,0,0,0,1
1,0,0,0,1
1,0,0,0,1
1,0,0,0,1
1,0,0,0,1
1,0,0,0,1
1,0,0,0,1
3,0,0,0,3
1,0,0,0,1
1,0,0,0,1
1,0,0,0,1
1,0,0,0,1
1,0,0,0,1
1,0,0,0,1
1,0,0,0,1
1,0,0,0,1
1,0,0,0,1
1,0,0,0,1
1,0,0,0,1
1,0,0,0,1
1,1,0,0,2
1,0,0,0,1
1,0,0,0,1
1,0,0,0,1
1,0,0,0,1
2,0,0,0,2
1,0,0,0,1
1,0,0,0,1
1,0,0,0,1
2,0,0,0,2
1,0,0,0,1
1,0,0,0,1
1,0,0,0,1
1,0,0,0,1
1,0,0,0,1
1,0,0,0,1
1,1,0,0,2
1,0,0,0,1
1,0,0,0,1
1,1,0,0,2
1,0,0,0,1
1,0,0,0,1
2,0,0,0,2
1,0,0,0,1
1,0,0,0,1
1,0,0,0,1
1,0,0,0,1
1,0,0,0,1
1,0,0,0,1
1,0,0,0,1
1,0,0,0,1
1,0,0,0,1
1,0,0,0,1
1,0,0,0,1
2,0,0,0,2
1,0,0,0,1
1,0,0,0,1
1,0,0,0,1
2,1,0,0,3
1,0,0,0,1
1,0,0,0,1
1,0,0,0,1
3,0,0,0,3
1,0,0,0,1
1,0,0,0,1
1,0,0,0,1
1,0,0,0,1
1,0,0,0,1
1,0,0,0,1
1,0,0,0,1
1,0,0,0,1
1,0,0,0,1
2,0,0,0,2
1,0,0,0,1
1,0,0,0,1
1,0,0,0,1
1,0,0,0,1
1,0,0,0,1
1,0,0,0,1
1,0,0,0,1
1,0,0,0,1
1,0,0,0,1
1,0,0,0,1
2,0,0,0,2
1,0,0,0,1
1,0,0,0,1
1,0,0,0,1
1,0,0,0,1
1,0,0,0,1
1,0,0,0,1
1,0,0,0,1
1,0,0,0,1
1,0,0,0,1
1,0,0,0,1
1,0,0,0,1
1,0,0,0,1
3,0,0,0,3
1,5,0,0,6
1,0,0,0,1
1,0,0,0,1
1,0,0,0,1
1,0,0,0,1
1,0,0,0,1
1,0,0,0,1
1,0,0,0,1
1,0,0,0,1
1,0,0,0,1
1,0,0,0,1
1,0,0,0,1
1,0,0,0,1
1,0,0,0,1
1,0,0,0,1
1,0,0,0,1
1,0,0,0,1
1,0,0,0,1
1,0,0,0,1
1,0,0,0,1
1,0,0,0,1
1,0,0,0,1
1,0,0,0,1
2,0,0,0,2
1,0,0,0,1
1,0,0,0,1
1,2,0,0,3
1,0,0,0,1
1,0,2,0,3
1,0,0,0,1
1,0,0,0,1
2,0,0,0,2
1,0,0,0,1
1,0,0,0,1
1,0,0,0,1
2,0,0,0,2
1,0,0,0,1
1,0,0,0,1
1,0,0,0,1
2,0,0,0,2
1,0,0,0,1
1,0,0,0,1
1,0,0,0,1
1,0,0,0,1
1,0,0,0,1
1,0,0,0,1
1,0,0,0,1
1,0,0,0,1
1,0,0,0,1
1,0,0,0,1
1,0,0,0,1
1,0,0,0,1
1,0,0,0,1
1,0,0,0,1
1,0,0,0,1
1,0,0,0,1
1,0,0,0,1
1,0,0,0,1
1,0,0,0,1
1,0,0,0,1
1,0,0,0,1
1,0,0,0,1
1,0,0,0,1
1,0,0,0,1
2,2,0,0,4
1,0,0,0,1
1,0,0,0,1
1,0,0,0,1
1,0,0,0,1
1,0,0,0,1
1,0,0,0,1
2,0,0,0,2
1,0,0,0,1
1,0,0,0,1
1,0,0,0,1
1,0,0,0,1
1,9,0,0,10
1,0,0,0,1
1,0,0,0,1
1,0,0,0,1
1,0,0,0,1
1,0,0,0,1
1,0,0,0,1
1,0,0,0,1
1,0,0,0,1
1,0,0,0,1
2,0,0,0,2
1,5,0,0,6
1,0,0,0,1
1,0,0,0,1
1,0,0,0,1
1,2,0,0,3
1,0,0,0,1
1,0,0,0,1
1,0,0,0,1
1,0,0,0,1
1,0,0,0,1
1,0,0,0,1
1,0,0,0,1
1,0,0,0,1
1,0,0,0,1
1,0,0,0,1
1,0,0,0,1
2,0,0,0,2
1,0,0,0,1
1,0,0,0,1
1,0,0,0,1
1,0,0,0,1
1,0,0,0,1
1,0,0,0,1
1,0,0,0,1
1,0,0,0,1
3,0,0,0,3
1,0,0,0,1
1,0,0,0,1
2,4,0,0,6
1,0,0,0,1
2,0,0,0,2
1,0,0,0,1
1,0,0,0,1
1,0,0,0,1
1,0,0,0,1
1,0,0,0,1
1,0,0,0,1
1,0,0,0,1
2,0,0,0,2
1,0,0,0,1
1,0,0,0,1
1,0,0,0,1
1,0,0,0,1
1,0,0,0,1
1,0,0,0,1
1,0,0,0,1
1,0,0,0,1
1,0,0,0,1
1,0,0,0,1
2,0,0,0,2
1,0,0,0,1
1,0,0,0,1
1,0,0,0,1
1,0,0,0,1
1,0,0,0,1
1,0,0,0,1
1,0,0,0,1
1,0,0,0,1
1,5,0,0,6
1,1,0,0,2
1,0,0,0,1
1,0,0,0,1
1,0,0,0,1
1,0,0,0,1
1,0,0,0,1
1,0,0,0,1
1,0,0,0,1
1,0,0,0,1
1,0,0,0,1
1,0,0,0,1
1,0,0,0,1
1,0,0,0,1
1,0,0,0,1
1,0,0,0,1
2,0,0,0,2
1,0,0,0,1
1,0,0,0,1
1,0,0,0,1
1,0,0,0,1
1,0,0,0,1
1,0,0,0,1
2,0,0,0,2
1,0,0,0,1
1,0,0,0,1
1,0,0,0,1
2,0,0,0,2
2,0,0,0,2
1,0,0,0,1
1,1,0,0,2
1,0,0,0,1
1,0,0,0,1
1,0,0,0,1
1,0,0,0,1
1,0,0,0,1
1,0,0,0,1
1,0,0,0,1
1,0,0,0,1
1,0,0,0,1
1,0,0,0,1
1,0,0,0,1
1,0,0,0,1
1,0,0,0,1
1,0,0,0,1
1,0,0,0,1
1,0,0,0,1
1,0,0,0,1
1,0,0,0,1
1,0,0,0,1
1,0,0,0,1
1,0,0,0,1
1,0,0,0,1
2,0,0,0,2
1,0,0,0,1
1,0,0,0,1
1,0,0,0,1
1,0,0,0,1
1,0,0,0,1
1,0,0,0,1
1,0,0,0,1
1,0,0,0,1
1,0,0,0,1
1,0,0,0,1
1,0,0,0,1
1,0,0,0,1
1,0,0,0,1
1,0,0,0,1
1,0,0,0,1
1,0,0,0,1
1,0,0,0,1
1,0,0,0,1
1,0,0,0,1
1,0,0,0,1
1,0,0,0,1
2,0,0,0,2
1,0,0,0,1
1,0,0,0,1
2,0,0,0,2
1,0,0,0,1
1,0,0,0,1
2,0,0,0,2
1,0,0,0,1
1,0,0,0,1
1,0,0,0,1
1,0,0,0,1
1,0,0,0,1
1,0,0,0,1
1,0,0,0,1
1,0,0,0,1
1,0,0,0,1
1,0,0,0,1
1,0,0,0,1
1,0,0,0,1
1,0,0,0,1
2,0,0,0,2
1,0,0,0,1
1,0,0,0,1
1,0,0,0,1
1,0,0,0,1
1,0,0,0,1
1,0,0,0,1
1,0,0,0,1
1,0,0,0,1
1,0,0,0,1
1,0,0,0,1
1,0,0,0,1
1,0,0,0,1
1,0,0,0,1
2,0,0,0,2
1,0,0,0,1
1,0,0,0,1
2,0,0,0,2
2,0,0,0,2
1,0,0,0,1
1,0,0,0,1
1,0,0,0,1
2,0,0,0,2
1,0,0,0,1
1,0,0,0,1
1,0,0,0,1
1,0,0,0,1
1,0,0,0,1
1,0,0,0,1
1,0,0,0,1
1,0,0,0,1
1,0,0,0,1
1,0,0,0,1
2,0,0,0,2
1,0,0,0,1
1,0,0,0,1
1,0,0,0,1
1,0,0,0,1
1,0,0,0,1
1,0,0,0,1
1,0,0,0,1
1,0,0,0,1
1,0,0,0,1
1,0,0,0,1
1,0,0,0,1
1,0,0,0,1
1,0,0,0,1
1,0,0,0,1
1,0,0,0,1
1,0,0,0,1
1,0,0,0,1
1,0,0,0,1
1,0,0,0,1
1,0,0,0,1
1,0,0,0,1
1,0,0,0,1
1,0,0,0,1
1,0,0,0,1
1,0,0,0,1
1,0,0,0,1
1,0,0,0,1
1,0,0,0,1
1,0,0,0,1
1,0,0,0,1
1,0,0,0,1
1,0,0,0,1
2,0,0,0,2
2,0,0,0,2
1,0,0,0,1
1,0,0,0,1
1,0,0,0,1
1,0,0,0,1
1,0,0,0,1
1,0,0,0,1
1,0,0,0,1
2,0,0,0,2
2,0,0,0,2
1,0,0,0,1
1,0,0,0,1
1,0,0,0,1
1,0,0,0,1
1,0,0,0,1
1,0,0,0,1
1,0,0,0,1
1,0,0,0,1
1,0,0,0,1
1,0,0,0,1
1,0,0,0,1
4,0,0,0,4
1,0,0,0,1
1,0,0,0,1
1,0,0,0,1
1,0,0,0,1
1,0,0,0,1
1,0,0,0,1
1,0,0,0,1
1,0,0,0,1
1,0,0,0,1
1,0,0,0,1
1,0,0,0,1
1,0,0,0,1
1,0,0,0,1
1,0,0,0,1
1,0,0,0,1
1,4,0,0,5
1,0,0,0,1
1,0,0,0,1
1,0,0,0,1
1,2,0,0,3
1,0,0,0,1
2,0,0,0,2
3,0,0,0,3
1,0,0,0,1
1,0,0,0,1
1,0,0,0,1
1,0,0,0,1
1,0,0,0,1
1,0,0,0,1
1,0,0,0,1
1,0,0,0,1
1,0,0,0,1
1,0,0,0,1
1,0,0,0,1
1,0,0,0,1
1,0,0,0,1
1,0,0,0,1
1,0,0,0,1
1,0,0,0,1
1,0,0,0,1
1,0,0,0,1
1,0,0,0,1
1,0,0,0,1
1,0,0,0,1
1,0,0,0,1
1,0,0,0,1
1,0,0,0,1
2,0,0,0,2
1,0,0,0,1
1,0,0,0,1
1,0,0,0,1
1,0,0,0,1
1,0,0,0,1
1,0,0,0,1
1,0,0,0,1
1,0,0,0,1
1,0,0,0,1
1,0,0,0,1
1,0,0,0,1
1,0,0,0,1
2,0,0,0,2
1,0,0,0,1
1,0,0,0,1
1,0,0,0,1
1,0,0,0,1
1,0,0,0,1
1,0,0,0,1
1,0,0,0,1
1,0,0,0,1
1,0,0,0,1
1,0,0,0,1
1,0,0,0,1
1,0,0,0,1
1,0,0,0,1
1,0,0,0,1
1,0,0,0,1
1,0,0,0,1
1,0,0,0,1
1,3,0,0,4
1,0,0,0,1
1,0,0,0,1
1,0,0,0,1
1,2,0,0,3
1,0,0,0,1
1,0,0,0,1
1,0,0,0,1
1,0,0,0,1
1,0,0,0,1
1,0,0,0,1
1,0,0,0,1
1,0,0,0,1
2,0,0,0,2
1,0,0,0,1
1,0,0,0,1
1,0,0,0,1
2,0,0,0,2
1,0,0,0,1
1,0,0,0,1
1,0,0,0,1
1,0,0,0,1
1,0,0,0,1
1,0,0,0,1
1,0,0,0,1
1,0,0,0,1
1,0,0,0,1
1,0,0,0,1
1,0,0,0,1
3,0,0,0,3
1,0,0,0,1
1,0,0,0,1
1,0,0,0,1
1,0,0,0,1
1,0,0,0,1
1,0,0,0,1
1,0,0,0,1
1,0,0,0,1
1,0,0,0,1
1,0,0,0,1
1,0,0,0,1
1,0,0,0,1
1,0,0,0,1
1,0,0,0,1
2,0,0,0,2
1,0,0,0,1
2,0,0,0,2
2,0,0,0,2
1,0,0,0,1
1,0,0,0,1
1,0,0,0,1
1,0,0,0,1
1,0,0,0,1
1,0,0,0,1
2,0,0,0,2
2,0,0,0,2
1,0,0,0,1
1,0,0,0,1
1,0,0,0,1
1,0,0,0,1
1,0,0,0,1
1,0,0,0,1
1,0,0,0,1
1,0,0,0,1
1,0,0,0,1
1,0,0,0,1
1,0,0,0,1
1,0,0,0,1
1,0,0,0,1
1,36,0,0,37
1,0,0,0,1
1,0,0,0,1
1,0,0,0,1
1,0,0,0,1
1,0,0,0,1
1,0,0,0,1
1,0,0,0,1
1,0,0,0,1
1,0,0,0,1
1,0,0,0,1
1,0,0,0,1
1,0,0,0,1
1,0,0,0,1
1,0,0,0,1
2,0,0,0,2
1,0,0,0,1
1,0,0,0,1
2,0,0,0,2
1,0,0,0,1
1,0,0,0,1
1,0,0,0,1
1,0,0,0,1
1,0,0,0,1
1,0,0,0,1
1,0,0,0,1
1,0,0,0,1
1,0,0,0,1
1,0,0,0,1
1,0,0,0,1
1,0,0,0,1
1,0,0,0,1
1,0,0,0,1
1,0,0,0,1
2,0,0,0,2
2,0,0,0,2
1,0,0,0,1
1,0,0,0,1
1,0,0,0,1
1,0,0,0,1
1,0,0,0,1
1,0,0,0,1
1,0,0,0,1
1,0,0,0,1
1,0,0,0,1
1,0,0,0,1
1,0,0,0,1
1,0,0,0,1
1,0,6,0,7
1,0,0,0,1
2,0,0,0,2
1,0,0,0,1
1,0,0,0,1
1,0,0,0,1
1,0,0,0,1
1,0,0,0,1
1,0,0,0,1
1,0,0,0,1
1,0,0,0,1
1,4,0,0,5
1,0,0,0,1
1,0,0,0,1
1,0,0,0,1
1,0,0,0,1
1,0,0,0,1
1,0,0,0,1
1,0,0,0,1
1,0,0,0,1
1,0,0,0,1
1,0,0,0,1
1,0,0,0,1
1,0,0,0,1
1,0,0,0,1
1,0,0,0,1
1,0,0,0,1
1,0,0,0,1
1,0,0,0,1
1,0,0,0,1
1,0,0,0,1
1,0,0,0,1
1,0,0,0,1
1,0,0,0,1
1,0,0,0,1
1,0,0,0,1
1,0,0,0,1
1,0,0,0,1
1,0,0,0,1
1,0,0,0,1
1,0,0,0,1
1,0,0,0,1
1,0,0,0,1
1,0,0,0,1
1,0,0,0,1
1,0,0,0,1
1,0,0,0,1
1,0,0,0,1
1,0,0,0,1
1,0,0,0,1
1,0,0,0,1
1,0,0,0,1
1,0,0,0,1
1,0,0,0,1
1,0,0,0,1
1,0,0,0,1
1,0,0,0,1
1,0,0,0,1
1,0,0,0,1
1,0,0,0,1
1,0,0,0,1
1,0,0,0,1
1,0,0,0,1
1,0,0,0,1
1,0,0,0,1
1,0,0,0,1
1,0,0,0,1
1,0,0,0,1
1,0,0,0,1
1,0,0,0,1
1,0,0,0,1
1,0,0,0,1
1,0,0,0,1
1,0,0,0,1
1,0,0,0,1
1,0,0,0,1
2,0,0,0,2
1,0,0,0,1
1,0,0,0,1
1,0,0,0,1
1,0,0,0,1
1,0,0,0,1
1,0,0,0,1
1,0,0,0,1
1,0,0,0,1
1,0,0,0,1
1,0,0,0,1
1,0,0,0,1
2,0,0,0,2
1,0,0,0,1
1,0,0,0,1
1,0,0,0,1
1,0,0,0,1
1,0,0,0,1
1,0,0,0,1
1,0,0,0,1
1,0,0,0,1
1,0,0,0,1
1,0,0,0,1
1,0,0,0,1
1,0,0,0,1
1,0,0,0,1
1,0,0,0,1
4,0,0,0,4
1,0,0,0,1
1,0,0,0,1
1,0,0,0,1
1,0,0,0,1
1,0,0,0,1
1,0,0,0,1
1,0,0,0,1
1,0,0,0,1
2,0,0,0,2
1,0,0,0,1
1,0,0,0,1
1,0,0,0,1
1,0,0,0,1
1,0,0,0,1
1,0,0,0,1
1,0,0,0,1
1,0,0,0,1
1,0,0,0,1
2,0,0,0,2
1,0,0,0,1
1,0,0,0,1
1,0,0,0,1
1,0,0,0,1
1,0,0,0,1
1,0,0,0,1
1,0,0,0,1
1,0,0,0,1
1,0,0,0,1
1,0,0,0,1
1,0,0,0,1
1,0,0,0,1
1,0,0,0,1
1,0,0,0,1
1,0,0,0,1
1,0,0,0,1
1,0,0,0,1
1,0,0,0,1
1,0,0,0,1
1,0,0,0,1
1,0,0,0,1
1,0,0,0,1
1,0,0,0,1
1,0,0,0,1
1,0,0,0,1
1,0,0,0,1
1,0,0,0,1
1,0,0,0,1
2,0,0,0,2
1,0,0,0,1
1,0,0,0,1
1,0,0,0,1
1,0,0,0,1
1,0,0,0,1
1,0,0,0,1
1,0,0,0,1
1,0,0,0,1
1,0,0,0,1
1,0,0,0,1
1,0,0,0,1
1,1,0,0,2
1,0,0,0,1
1,0,0,0,1
1,0,0,0,1
1,0,0,0,1
1,0,0,0,1
1,0,0,0,1
1,0,0,0,1
1,0,0,0,1
2,5,1,0,8
1,0,0,0,1
1,0,0,0,1
1,0,0,0,1
1,0,0,0,1
1,0,0,0,1
1,0,0,0,1
1,0,0,0,1
1,0,0,0,1
1,0,0,0,1
1,0,0,0,1
1,0,0,0,1
1,0,0,0,1
1,0,0,0,1
2,0,0,0,2
1,0,0,0,1
1,0,0,0,1
1,0,0,0,1
1,0,0,0,1
1,0,0,0,1
2,0,0,0,2
1,0,0,0,1
1,0,0,0,1
1,0,0,0,1
1,0,0,0,1
1,0,0,0,1
1,0,0,0,1
1,0,0,0,1
1,0,0,0,1
1,0,0,0,1
2,0,0,0,2
1,0,0,0,1
2,0,0,0,2
1,0,0,0,1
1,0,0,0,1
1,0,0,0,1
1,0,0,0,1
1,2,1,0,4
1,0,0,0,1
1,0,0,0,1
1,0,0,0,1
1,0,0,0,1
1,0,0,0,1
2,0,0,0,2
1,0,0,0,1
1,0,0,0,1
1,0,0,0,1
1,0,0,0,1
1,0,0,0,1
1,0,0,0,1
1,0,0,0,1
1,0,0,0,1
1,0,0,0,1
1,0,0,0,1
1,0,0,0,1
1,0,0,0,1
1,0,0,0,1
1,0,0,0,1
1,0,0,0,1
2,0,0,0,2
1,0,0,0,1
1,0,0,0,1
1,0,0,0,1
1,0,0,0,1
1,0,0,0,1
1,0,0,0,1
1,0,0,0,1
1,0,0,0,1
1,0,0,0,1
1,0,0,0,1
1,0,0,0,1
1,0,0,0,1
1,0,0,0,1
1,0,0,0,1
1,0,1,0,2
1,0,0,0,1
1,0,0,0,1
1,0,0,0,1
1,0,0,0,1
1,0,0,0,1
1,0,0,0,1
1,0,0,0,1
1,0,0,0,1
1,0,0,0,1
1,0,0,0,1
1,0,0,0,1
1,0,0,0,1
1,0,0,0,1
1,0,0,0,1
1,0,0,0,1
1,0,0,0,1
1,0,0,0,1
1,0,0,0,1
1,0,0,0,1
1,0,0,0,1
1,0,0,0,1
1,0,0,0,1
1,0,0,0,1
1,0,0,0,1
2,0,1,0,3
1,0,0,0,1
1,0,0,0,1
1,0,0,0,1
1,0,0,0,1
2,0,0,0,2
1,0,0,0,1
1,0,0,0,1
1,0,0,0,1
1,0,0,0,1
1,0,0,0,1
1,0,0,0,1
1,0,0,0,1
1,0,0,0,1
1,0,0,0,1
1,0,0,0,1
1,0,0,0,1
1,0,0,0,1
1,9,1,0,11
1,0,0,0,1
1,0,0,0,1
1,0,0,0,1
1,0,0,0,1
1,0,0,0,1
1,0,0,0,1
1,0,0,0,1
1,0,0,0,1
1,0,0,0,1
1,0,0,0,1
1,0,0,0,1
1,0,0,0,1
1,0,0,0,1
1,0,0,0,1
1,0,0,0,1
1,0,0,0,1
1,0,0,0,1
2,0,0,0,2
1,0,0,0,1
1,0,0,0,1
1,0,0,0,1
1,0,0,0,1
1,0,0,0,1
1,0,0,0,1
2,0,0,0,2
1,0,0,0,1
2,0,0,0,2
1,0,0,0,1
2,0,0,0,2
1,0,0,0,1
1,0,0,0,1
1,0,0,0,1
1,0,0,0,1
1,0,0,0,1
3,0,0,0,3
1,0,0,0,1
2,0,0,0,2
1,0,0,0,1
1,0,0,0,1
1,1,0,0,2
1,0,0,0,1
1,0,0,0,1
1,0,0,0,1
1,0,0,0,1
1,0,0,0,1
1,0,0,0,1
1,0,0,0,1
1,0,0,0,1
1,0,0,0,1
1,0,0,0,1
1,0,0,0,1
1,0,0,0,1
1,0,0,0,1
1,0,0,0,1
1,0,0,0,1
1,0,0,0,1
1,0,0,0,1
1,0,0,0,1
1,0,0,0,1
1,0,0,0,1
1,0,0,0,1
1,0,0,0,1
1,0,0,0,1
1,0,0,0,1
1,0,0,0,1
1,0,0,0,1
1,0,0,0,1
2,0,0,0,2
1,0,0,0,1
1,0,0,0,1
1,0,0,0,1
1,0,0,0,1
1,0,0,0,1
1,0,0,0,1
1,0,0,0,1
1,0,0,0,1
1,0,0,0,1
1,0,0,0,1
2,0,0,0,2
1,0,0,0,1
1,0,0,0,1
1,0,0,0,1
1,0,0,0,1
1,0,0,0,1
1,0,0,0,1
1,0,0,0,1
1,0,0,0,1
1,0,0,0,1
1,0,0,0,1
1,0,0,0,1
1,0,0,0,1
1,0,0,0,1
1,0,0,0,1
1,0,0,0,1
1,0,0,0,1
1,0,0,0,1
1,0,0,0,1
1,0,0,0,1
1,0,0,0,1
1,0,0,0,1
1,0,0,0,1
2,0,0,0,2
1,0,0,0,1
1,0,0,0,1
1,0,0,0,1
2,0,0,0,2
1,3,0,0,4
1,0,0,0,1
1,0,0,0,1
1,0,0,0,1
1,0,0,0,1
1,0,0,0,1
1,0,0,0,1
1,0,0,0,1
1,0,0,0,1
1,0,0,0,1
1,0,0,0,1
1,0,0,0,1
1,0,1,0,2
1,0,0,0,1
1,0,0,0,1
2,0,0,0,2
1,0,0,0,1
1,0,0,0,1
1,0,0,0,1
1,0,0,0,1
1,0,0,0,1
1,0,0,0,1
1,0,0,0,1
1,0,0,0,1
1,0,0,0,1
1,0,0,0,1
1,0,0,0,1
1,0,0,0,1
1,0,0,0,1
1,0,0,0,1
1,0,0,0,1
1,0,0,0,1
1,0,0,0,1
1,0,0,0,1
1,0,0,0,1
1,0,0,0,1
1,0,0,0,1
1,0,0,0,1
2,5,0,0,7
1,0,0,0,1
1,0,0,0,1
1,0,0,0,1
1,0,0,0,1
1,0,0,0,1
1,0,0,0,1
1,0,0,0,1
1,0,0,0,1
1,0,0,0,1
1,0,0,0,1
2,0,0,0,2
1,0,0,0,1
1,0,0,0,1
2,0,0,0,2
2,0,0,0,2
1,0,0,0,1
1,0,0,0,1
1,0,0,0,1
1,0,0,0,1
1,0,0,0,1
1,0,0,0,1
1,0,0,0,1
1,0,0,0,1
1,0,0,0,1
1,0,0,0,1
3,0,0,0,3
1,0,0,0,1
1,0,0,0,1
1,0,0,0,1
1,0,0,0,1
1,0,0,0,1
1,0,0,0,1
1,0,0,0,1
1,0,0,0,1
1,0,0,0,1
1,0,0,0,1
1,0,0,0,1
1,0,0,0,1
1,0,0,0,1
1,0,0,0,1
1,0,0,0,1
1,0,0,0,1
1,0,0,0,1
1,0,0,0,1
1,0,0,0,1
1,0,0,0,1
1,0,0,0,1
1,0,0,0,1
1,0,0,0,1
1,0,0,0,1
2,0,0,0,2
1,0,0,0,1
1,0,0,0,1
1,0,0,0,1
1,0,0,0,1
1,0,0,0,1
1,0,0,0,1
1,0,0,0,1
1,0,0,0,1
1,0,0,0,1
1,0,0,0,1
1,0,0,0,1
1,0,0,0,1
1,0,0,0,1
1,0,0,0,1
1,0,0,0,1
1,0,0,0,1
1,0,0,0,1
1,10,0,0,11
1,0,0,0,1
1,0,0,0,1
1,0,0,0,1
1,0,0,0,1
1,0,0,0,1
1,0,0,0,1
1,0,0,0,1
1,0,0,0,1
1,0,0,0,1
1,0,0,0,1
2,0,0,0,2
1,0,0,0,1
1,0,0,0,1
1,0,0,0,1
1,0,0,0,1
1,0,0,0,1
1,0,0,0,1
1,0,0,0,1
1,0,0,0,1
1,0,0,0,1
2,0,0,0,2
1,0,0,0,1
2,0,0,0,2
1,0,0,0,1
1,0,0,0,1
1,0,0,0,1
1,0,0,0,1
2,0,0,0,2
1,0,0,0,1
2,0,0,0,2
2,0,0,0,2
1,0,0,0,1
1,0,0,0,1
1,0,0,0,1
1,0,0,0,1
1,0,0,0,1
1,0,0,0,1
1,8,0,0,9
1,0,0,0,1
1,0,0,0,1
1,0,0,0,1
1,0,0,0,1
1,0,0,0,1
1,0,0,0,1
1,0,0,0,1
1,0,0,0,1
1,0,0,0,1
2,0,0,0,2
1,0,0,0,1
2,0,0,0,2
1,0,0,0,1
1,1,0,0,2
1,0,0,0,1
1,0,0,0,1
1,0,0,0,1
1,0,0,0,1
1,0,0,0,1
2,0,0,0,2
1,0,0,0,1
1,0,0,0,1
2,0,0,0,2
1,0,0,0,1
2,0,0,0,2
1,0,0,0,1
1,0,0,0,1
1,0,0,0,1
1,0,0,0,1
1,0,0,0,1
2,0,0,0,2
1,0,0,0,1
1,0,0,0,1
1,0,0,0,1
2,0,0,0,2
2,3,0,0,5
1,0,0,0,1
1,0,0,0,1
1,0,0,0,1
2,0,0,0,2
1,0,0,0,1
1,0,0,0,1
1,0,0,0,1
1,0,0,0,1
1,0,0,0,1
1,0,0,0,1
1,0,0,0,1
1,0,0,0,1
1,0,0,0,1
1,0,0,0,1
1,0,0,0,1
1,0,0,0,1
1,0,0,0,1
1,0,0,0,1
1,0,0,0,1
1,0,0,0,1
1,2,0,0,3
1,0,0,0,1
1,0,0,0,1
1,0,0,0,1
1,0,0,0,1
1,0,0,0,1
1,0,0,0,1
1,0,0,0,1
1,0,0,0,1
1,0,0,0,1
1,0,0,0,1
1,0,0,0,1
1,0,0,0,1
1,0,0,0,1
1,0,0,0,1
1,0,0,0,1
1,0,0,0,1
1,0,0,0,1
1,0,0,0,1
1,0,0,0,1
1,0,0,0,1
1,0,0,0,1
1,0,0,0,1
1,0,0,0,1
1,0,0,0,1
1,0,0,0,1
1,0,0,0,1
1,0,0,0,1
1,0,0,0,1
1,0,0,0,1
1,0,0,0,1
1,0,0,0,1
1,0,0,0,1
1,0,0,0,1
1,0,0,0,1
1,0,0,0,1
1,0,0,0,1
1,0,0,0,1
1,0,0,0,1
1,0,0,0,1
1,0,0,0,1
1,0,0,0,1
1,0,0,0,1
1,0,0,0,1
1,0,0,0,1
1,0,0,0,1
2,0,0,0,2
1,0,0,0,1
1,0,0,0,1
1,0,0,0,1
1,0,0,0,1
1,0,0,0,1
1,0,0,0,1
2,0,0,0,2
1,0,0,0,1
1,0,0,0,1
1,0,0,0,1
1,2,0,0,3
1,0,0,0,1
1,0,0,0,1
1,0,0,0,1
1,0,0,0,1
1,0,0,0,1
1,0,0,0,1
1,0,0,0,1
1,0,0,0,1
1,0,0,0,1
1,0,0,0,1
1,0,0,0,1
1,0,0,0,1
1,0,0,0,1
1,0,0,0,1
1,0,0,0,1
1,0,0,0,1
1,0,0,0,1
1,0,0,0,1
4,0,0,0,4
1,0,0,0,1
1,0,0,0,1
1,0,0,0,1
1,0,0,0,1
1,0,0,0,1
1,0,0,0,1
1,0,0,0,1
2,0,0,0,2
1,0,0,0,1
1,0,0,0,1
1,0,0,0,1
1,0,0,0,1
1,0,0,0,1
1,0,0,0,1
1,0,0,0,1
1,0,0,0,1
1,0,0,0,1
1,0,0,0,1
1,0,0,0,1
1,0,0,0,1
1,0,0,0,1
1,0,0,0,1
1,0,0,0,1
1,0,0,0,1
1,0,0,0,1
1,0,0,0,1
2,0,0,0,2
1,0,0,0,1
1,0,0,0,1
1,0,0,0,1
1,0,0,0,1
1,0,0,0,1
1,0,0,0,1
1,0,0,0,1
1,0,0,0,1
1,1,0,0,2
1,0,0,0,1
1,0,0,0,1
1,0,0,0,1
1,0,0,0,1
1,0,0,0,1
1,0,0,0,1
1,0,0,0,1
1,0,0,0,1
1,0,0,0,1
1,0,0,0,1
2,0,0,0,2
1,0,0,0,1
1,0,0,0,1
1,0,0,0,1
1,0,0,0,1
1,0,0,0,1
1,0,0,0,1
1,0,0,0,1
1,0,0,0,1
1,0,0,0,1
1,0,0,0,1
1,0,0,0,1
1,0,0,0,1
1,0,0,0,1
1,0,0,0,1
1,0,0,0,1
1,0,0,0,1
1,0,0,0,1
1,0,0,0,1
1,0,0,0,1
1,0,0,0,1
3,14,0,0,17
1,0,0,0,1
1,0,0,0,1
2,0,0,0,2
1,0,0,0,1
1,0,0,0,1
1,0,0,0,1
1,0,0,0,1
3,0,0,0,3
1,0,0,0,1
1,0,0,0,1
1,0,0,0,1
1,0,0,0,1
1,0,0,0,1
1,0,0,0,1
1,0,0,0,1
1,0,0,0,1
1,0,0,0,1
1,0,0,0,1
1,0,0,0,1
1,0,0,0,1
1,0,0,0,1
1,0,0,0,1
1,0,0,0,1
1,0,0,0,1
1,0,0,0,1
1,0,0,0,1
1,0,0,0,1
1,0,0,0,1
1,0,0,0,1
1,0,0,0,1
1,0,0,0,1
1,0,0,0,1
1,0,0,0,1
1,0,0,0,1
1,0,0,0,1
1,0,0,0,1
1,0,0,0,1
1,0,0,0,1
2,0,0,0,2
1,0,0,0,1
1,0,0,0,1
1,0,0,0,1
1,0,0,0,1
1,0,0,0,1
1,0,0,0,1
1,0,0,0,1
1,0,0,0,1
1,0,0,0,1
1,0,0,0,1
1,0,0,0,1
1,0,0,0,1
1,0,0,0,1
1,0,0,0,1
1,0,0,0,1
1,0,0,0,1
2,0,0,0,2
2,0,0,0,2
2,0,0,0,2
1,0,0,0,1
1,0,0,0,1
1,0,0,0,1
1,0,0,0,1
1,0,0,0,1
1,0,0,0,1
1,0,0,0,1
3,0,0,0,3
1,0,0,0,1
2,0,0,0,2
1,0,0,0,1
1,0,0,0,1
1,0,0,0,1
1,0,0,0,1
1,0,0,0,1
1,0,0,0,1
1,0,0,0,1
1,0,0,0,1
1,0,0,0,1
1,0,0,0,1
1,0,0,0,1
2,0,0,0,2
1,0,0,0,1
1,0,0,0,1
1,0,0,0,1
1,0,0,0,1
1,0,0,0,1
1,0,0,0,1
1,0,0,0,1
1,0,0,0,1
1,0,0,0,1
2,0,0,0,2
1,0,0,0,1
1,0,0,0,1
1,0,0,0,1
1,0,0,0,1
1,0,0,0,1
1,0,0,0,1
2,0,0,0,2
4,0,0,0,4
1,0,0,0,1
1,0,0,0,1
1,0,0,0,1
1,0,0,0,1
1,0,0,0,1
1,0,0,0,1
1,0,0,0,1
1,0,0,0,1
2,0,0,0,2
1,0,0,0,1
1,0,0,0,1
1,0,0,0,1
1,0,0,0,1
1,0,0,0,1
2,0,0,0,2
1,0,0,0,1
1,0,0,0,1
2,0,0,0,2
1,0,0,0,1
1,0,0,0,1
1,3,0,0,4
1,0,0,0,1
1,0,0,0,1
1,0,0,0,1
1,0,0,0,1
2,0,0,0,2
1,0,0,0,1
1,6,0,0,7
1,0,0,0,1
1,0,0,0,1
1,0,0,0,1
1,0,0,0,1
1,0,0,0,1
1,0,0,0,1
1,0,0,0,1
1,0,0,0,1
1,0,0,0,1
1,0,0,0,1
2,0,0,0,2
2,0,0,0,2
1,0,0,0,1
1,0,0,0,1
1,0,0,0,1
1,1,1,0,3
1,0,0,0,1
1,0,0,0,1
1,0,0,0,1
1,0,0,0,1
3,0,0,0,3
2,0,0,0,2
1,0,0,0,1
1,0,0,0,1
2,0,0,0,2
1,0,0,0,1
1,0,0,0,1
2,0,0,0,2
1,0,0,0,1
1,0,0,0,1
1,0,0,0,1
1,0,0,0,1
1,0,0,0,1
1,0,0,0,1
1,0,0,0,1
1,0,0,0,1
1,0,0,0,1
1,0,0,0,1
1,0,0,0,1
1,0,0,0,1
2,0,0,0,2
1,0,0,0,1
1,0,0,0,1
2,0,0,0,2
1,0,0,0,1
1,0,0,0,1
1,0,0,0,1
1,0,0,0,1
1,0,0,0,1
1,0,0,0,1
1,0,0,0,1
1,0,0,0,1
1,0,0,0,1
1,0,0,0,1
2,0,0,0,2
1,0,0,0,1
1,0,0,0,1
1,0,0,0,1
1,0,0,0,1
1,0,0,0,1
1,0,0,0,1
1,0,0,0,1
1,0,0,0,1
1,0,0,0,1
1,0,0,0,1
1,0,0,0,1
1,0,0,0,1
1,0,0,0,1
1,0,0,0,1
1,0,0,0,1
1,0,0,0,1
1,0,0,0,1
1,0,0,0,1
1,0,0,0,1
1,0,0,0,1
1,0,0,0,1
1,0,0,0,1
1,0,0,0,1
1,0,0,0,1
1,0,0,0,1
1,0,0,0,1
1,0,0,0,1
1,0,0,0,1
1,0,0,0,1
2,0,0,0,2
1,0,0,0,1
1,0,0,0,1
1,0,0,0,1
1,0,0,0,1
1,0,0,0,1
2,0,0,0,2
1,0,0,0,1
1,0,0,0,1
1,0,0,0,1
1,0,0,0,1
1,0,0,0,1
1,0,0,0,1
1,0,0,0,1
1,0,0,0,1
1,0,0,0,1
1,0,0,0,1
1,0,0,0,1
1,0,0,0,1
1,0,0,0,1
1,0,0,0,1
1,0,0,0,1
1,0,0,0,1
1,0,0,0,1
1,0,0,0,1
1,0,0,0,1
1,0,0,0,1
1,0,0,0,1
1,0,0,0,1
1,0,0,0,1
1,0,0,0,1
1,0,0,0,1
1,0,0,0,1
1,0,0,0,1
1,0,0,0,1
1,0,0,0,1
1,0,0,0,1
1,0,0,0,1
1,0,0,0,1
1,0,0,0,1
1,0,0,0,1
1,0,0,0,1
1,0,0,0,1
1,0,0,0,1
1,0,0,0,1
1,0,0,0,1
1,0,0,0,1
3,0,0,0,3
1,0,0,0,1
1,0,0,0,1
1,0,0,0,1
1,0,0,0,1
1,0,0,0,1
1,0,0,0,1
2,0,0,0,2
1,0,0,0,1
1,0,0,0,1
1,0,0,0,1
1,0,0,0,1
1,0,0,0,1
1,0,0,0,1
1,0,0,0,1
1,0,0,0,1
1,0,0,0,1
1,0,0,0,1
1,0,0,0,1
1,0,0,0,1
1,0,0,0,1
1,0,0,0,1
1,0,0,0,1
1,0,0,0,1
1,0,0,0,1
1,0,0,0,1
1,0,0,0,1
1,0,0,0,1
2,2,0,0,4
1,0,0,0,1
1,0,0,0,1
1,0,0,0,1
1,0,0,0,1
1,3,0,0,4
1,0,0,0,1
1,0,0,0,1
1,0,0,0,1
1,0,0,0,1
1,0,0,0,1
2,2,0,0,4
1,0,0,0,1
1,0,0,0,1
2,0,0,0,2
1,0,0,0,1
1,0,0,0,1
1,0,0,0,1
1,0,0,0,1
1,0,0,0,1
1,0,0,0,1
1,0,0,0,1
1,0,0,0,1
1,0,0,0,1
1,0,0,0,1
2,0,0,0,2
1,0,0,0,1
1,0,0,0,1
1,0,0,0,1
1,0,0,0,1
1,0,0,0,1
1,0,0,0,1
1,0,0,0,1
1,0,0,0,1
1,48,0,0,49
1,0,0,0,1
1,0,0,0,1
1,0,0,0,1
1,0,0,0,1
1,0,0,0,1
1,0,0,0,1
1,0,0,0,1
1,0,0,0,1
1,0,0,0,1
2,0,0,0,2
1,3,0,0,4
1,9,0,0,10
1,0,0,0,1
1,0,0,0,1
1,0,0,0,1
1,0,0,0,1
1,0,0,0,1
1,0,0,0,1
1,0,0,0,1
1,0,0,0,1
1,0,0,0,1
1,0,0,0,1
1,0,0,0,1
1,0,0,0,1
1,0,0,0,1
1,0,0,0,1
2,0,0,0,2
1,0,0,0,1
1,0,0,0,1
1,0,0,0,1
1,0,0,0,1
1,0,0,0,1
2,2,0,0,4
1,0,0,0,1
1,0,0,0,1
1,0,0,0,1
1,0,0,0,1
2,0,0,0,2
1,0,0,0,1
1,0,0,0,1
1,0,0,0,1
1,0,0,0,1
1,0,0,0,1
1,0,0,0,1
1,0,0,0,1
1,0,0,0,1
1,0,0,0,1
1,0,0,0,1
1,0,0,0,1
1,0,0,0,1
1,0,0,0,1
1,0,0,0,1
1,0,0,0,1
1,0,0,0,1
1,0,0,0,1
1,0,0,0,1
1,0,0,0,1
3,0,0,0,3
1,0,0,0,1
1,0,0,0,1
1,0,0,0,1
1,0,0,0,1
1,0,0,0,1
1,0,0,0,1
1,2,0,0,3
1,0,0,0,1
1,0,0,0,1
1,0,0,0,1
1,0,0,0,1
2,0,0,0,2
1,0,0,0,1
1,0,0,0,1
1,0,0,0,1
1,0,0,0,1
1,0,0,0,1
1,0,0,0,1
2,0,0,0,2
1,0,0,0,1
1,0,0,0,1
1,0,0,0,1
2,0,0,0,2
1,0,0,0,1
1,0,0,0,1
1,0,0,0,1
1,0,0,0,1
1,0,0,0,1
1,0,0,0,1
1,0,0,0,1
1,0,0,0,1
1,0,0,0,1
1,0,0,0,1
1,0,0,0,1
1,0,0,0,1
1,0,0,0,1
1,0,0,0,1
1,0,0,0,1
1,0,0,0,1
1,0,0,0,1
1,0,0,0,1
1,0,0,0,1
1,0,0,0,1
1,0,0,0,1
1,0,0,0,1
1,0,0,0,1
2,0,0,0,2
1,0,0,0,1
1,0,0,0,1
1,0,0,0,1
1,0,0,0,1
1,0,0,0,1
3,3,0,0,6
1,2,0,0,3
1,0,0,0,1
1,0,0,0,1
1,0,0,0,1
1,0,0,0,1
1,0,0,0,1
1,0,0,0,1
2,0,0,0,2
1,0,0,0,1
1,0,0,0,1
1,0,0,0,1
1,0,0,0,1
1,0,0,0,1
1,0,0,0,1
1,0,0,0,1
1,0,0,0,1
1,0,0,0,1
1,0,0,0,1
1,0,0,0,1
1,0,0,0,1
1,0,0,0,1
1,0,0,0,1
1,0,0,0,1
1,0,0,0,1
2,0,0,0,2
1,0,0,0,1
1,0,0,0,1
1,0,0,0,1
1,0,0,0,1
1,0,0,0,1
2,0,0,0,2
2,0,0,0,2
1,0,0,0,1
1,0,0,0,1
1,0,0,0,1
1,0,0,0,1
1,0,0,0,1
1,0,0,0,1
1,0,0,0,1
1,0,0,0,1
1,0,0,0,1
1,0,0,0,1
1,0,0,0,1
1,0,0,0,1
1,0,0,0,1
1,0,0,0,1
1,0,0,0,1
1,0,0,0,1
1,0,0,0,1
1,0,0,0,1
1,0,0,0,1
1,0,0,0,1
1,0,0,0,1
1,0,0,0,1
1,0,0,0,1
1,0,0,0,1
1,0,0,0,1
1,0,0,0,1
1,0,0,0,1
1,0,0,0,1
1,0,0,0,1
1,0,0,0,1
1,0,0,0,1
1,0,0,0,1
1,0,0,0,1
1,0,0,0,1
1,0,0,0,1
1,0,0,0,1
1,0,0,0,1
1,0,0,0,1
1,0,0,0,1
1,0,0,0,1
1,0,0,0,1
1,0,0,0,1
1,0,0,0,1
1,0,0,0,1
1,0,0,0,1
1,0,0,0,1
1,0,0,0,1
1,0,0,0,1
1,0,0,0,1
1,0,0,0,1
1,0,0,0,1
1,0,0,0,1
1,0,0,0,1
2,0,0,0,2
2,0,0,0,2
1,0,0,0,1
1,0,0,0,1
1,0,0,0,1
1,0,0,0,1
1,0,0,0,1
2,0,0,0,2
2,0,0,0,2
1,0,0,0,1
2,0,0,0,2
1,0,0,0,1
1,0,0,0,1
1,0,0,0,1
2,0,0,0,2
1,0,0,0,1
1,0,0,0,1
1,0,0,0,1
1,0,0,0,1
1,0,0,0,1
1,0,0,0,1
1,0,0,0,1
1,0,0,0,1
1,0,0,0,1
1,0,0,0,1
1,0,0,0,1
1,0,0,0,1
1,0,0,0,1
1,0,0,0,1
1,0,0,0,1
1,0,0,0,1
1,3,1,0,5
1,0,0,0,1
1,0,0,0,1
1,0,0,0,1
1,0,0,0,1
1,0,0,0,1
1,0,0,0,1
2,0,0,0,2
1,0,0,0,1
1,0,0,0,1
2,19,0,0,21
2,0,0,0,2
1,0,0,0,1
1,0,0,0,1
1,0,0,0,1
1,0,0,0,1
1,0,0,0,1
1,0,0,0,1
1,0,0,0,1
1,0,0,0,1
2,0,0,0,2
1,0,0,0,1
1,0,0,0,1
1,0,0,0,1
1,0,0,0,1
2,0,0,0,2
1,0,0,0,1
1,0,0,0,1
1,0,0,0,1
1,0,0,0,1
1,0,0,0,1
1,0,0,0,1
1,0,0,0,1
1,0,0,0,1
1,0,0,0,1
1,0,0,0,1
1,0,0,0,1
2,0,0,0,2
1,0,0,0,1
1,0,0,0,1
1,0,0,0,1
1,0,0,0,1
1,0,0,0,1
1,0,0,0,1
1,0,0,0,1
1,0,0,0,1
1,0,0,0,1
1,137,0,0,138
1,0,0,0,1
1,0,0,0,1
1,0,0,0,1
1,0,0,0,1
1,0,0,0,1
2,0,0,0,2
2,0,0,0,2
1,0,0,0,1
1,0,0,0,1
1,0,0,0,1
2,0,0,0,2
1,0,0,0,1
1,0,0,0,1
1,0,0,0,1
1,0,0,0,1
1,0,0,0,1
1,0,0,0,1
1,0,0,0,1
1,0,0,0,1
1,0,0,0,1
1,0,0,0,1
1,0,0,0,1
1,0,0,0,1
1,0,0,0,1
1,0,0,0,1
1,0,0,0,1
1,0,0,0,1
1,0,0,0,1
2,0,0,0,2
1,0,0,0,1
1,0,0,0,1
1,0,0,0,1
1,0,0,0,1
1,0,0,0,1
1,0,0,0,1
1,0,0,0,1
1,0,0,0,1
1,0,0,0,1
1,0,0,0,1
1,0,0,0,1
1,0,0,0,1
1,0,0,0,1
2,0,0,0,2
2,0,0,0,2
1,0,0,0,1
1,0,0,0,1
1,0,0,0,1
1,0,0,0,1
1,0,0,0,1
1,0,0,0,1
1,0,0,0,1
1,0,0,0,1
1,0,0,0,1
1,0,0,0,1
1,0,0,0,1
1,0,0,0,1
1,0,0,0,1
1,0,0,0,1
2,0,0,0,2
1,0,0,0,1
1,0,0,0,1
1,0,0,0,1
1,0,0,0,1
1,0,0,0,1
1,0,0,0,1
2,0,0,0,2
1,0,0,0,1
1,0,0,0,1
2,0,0,0,2
1,0,0,0,1
1,0,0,0,1
1,0,0,0,1
1,0,0,0,1
1,0,0,0,1
1,0,0,0,1
1,0,0,0,1
1,0,0,0,1
1,7,0,0,8
1,3,1,0,5
1,0,0,0,1
1,0,0,0,1
1,0,0,0,1
1,0,0,0,1
1,0,0,0,1
1,0,0,0,1
1,0,0,0,1
1,0,0,0,1
1,0,0,0,1
1,0,0,0,1
1,0,0,0,1
1,0,0,0,1
1,0,0,0,1
1,0,0,0,1
1,0,0,0,1
1,0,0,0,1
1,0,0,0,1
2,15,0,0,17
1,0,0,0,1
1,0,0,0,1
1,0,0,0,1
1,0,0,0,1
1,0,0,0,1
2,0,0,0,2
1,0,0,0,1
1,0,0,0,1
1,0,0,0,1
1,0,0,0,1
1,0,0,0,1
1,0,0,0,1
1,0,0,0,1
1,0,0,0,1
1,0,0,0,1
1,0,0,0,1
1,0,0,0,1
1,0,0,0,1
1,0,0,0,1
1,0,0,0,1
2,0,0,0,2
1,0,0,0,1
1,0,0,0,1
1,0,0,0,1
1,0,0,0,1
1,0,0,0,1
1,0,0,0,1
1,0,0,0,1
1,0,0,0,1
1,0,0,0,1
1,0,0,0,1
2,0,0,0,2
1,0,0,0,1
1,0,0,0,1
1,0,0,0,1
1,0,0,0,1
1,3,0,0,4
1,0,0,0,1
1,0,0,0,1
1,0,0,0,1
1,0,0,0,1
1,0,0,0,1
1,0,0,0,1
1,0,0,0,1
1,0,0,0,1
1,0,0,0,1
1,0,0,0,1
1,0,0,0,1
1,5,0,0,6
1,0,0,0,1
1,0,0,0,1
1,0,0,0,1
1,0,0,0,1
1,0,0,0,1
2,0,0,0,2
1,0,0,0,1
1,0,0,0,1
1,0,0,0,1
1,0,0,0,1
1,0,0,0,1
1,0,0,0,1
1,0,0,0,1
1,0,0,0,1
1,0,0,0,1
1,0,0,0,1
1,0,0,0,1
1,0,0,0,1
1,0,0,0,1
1,0,0,0,1
1,0,0,0,1
2,0,0,0,2
1,0,0,0,1
1,0,0,0,1
1,0,0,0,1
1,0,0,0,1
1,0,0,0,1
1,0,0,0,1
1,0,0,0,1
1,0,0,0,1
1,0,0,0,1
1,0,0,0,1
1,0,0,0,1
1,0,0,0,1
1,0,0,0,1
1,0,0,0,1
2,0,0,0,2
1,0,0,0,1
1,0,0,0,1
1,0,0,0,1
1,0,0,0,1
1,0,0,0,1
1,0,0,0,1
1,0,0,0,1
1,0,0,0,1
1,0,0,0,1
1,0,0,0,1
1,0,0,0,1
1,0,0,0,1
1,0,0,0,1
1,0,0,0,1
1,0,0,0,1
1,0,0,0,1
1,0,0,0,1
1,1,0,0,2
1,0,0,0,1
1,0,0,0,1
1,0,0,0,1
1,0,0,0,1
1,1,1,0,3
1,0,0,0,1
1,0,0,0,1
1,0,0,0,1
1,0,0,0,1
1,4,0,0,5
1,0,0,0,1
1,0,0,0,1
1,0,0,0,1
1,0,0,0,1
1,0,0,0,1
1,0,0,0,1
1,0,0,0,1
2,0,0,0,2
1,0,0,0,1
1,0,0,0,1
1,0,0,0,1
1,0,0,0,1
1,0,0,0,1
1,0,0,0,1
2,0,0,0,2
1,0,0,0,1
1,0,0,0,1
1,0,0,0,1
1,0,0,0,1
3,0,0,0,3
1,0,0,0,1
1,0,0,0,1
1,4,0,0,5
1,0,0,0,1
1,0,0,0,1
1,0,0,0,1
1,0,0,0,1
1,0,0,0,1
1,0,0,0,1
1,0,0,0,1
1,0,0,0,1
1,0,0,0,1
1,0,0,0,1
1,0,0,0,1
1,0,0,0,1
1,0,0,0,1
1,0,0,0,1
1,0,0,0,1
1,0,0,0,1
1,0,0,0,1
1,0,0,0,1
1,0,0,0,1
1,0,0,0,1
1,0,0,0,1
1,4,0,0,5
1,0,0,0,1
1,0,0,0,1
1,0,0,0,1
1,0,0,0,1
1,0,0,0,1
2,1,0,0,3
1,0,0,0,1
1,0,0,0,1
1,0,0,0,1
1,0,0,0,1
1,0,0,0,1
1,12,1,0,14
1,0,0,0,1
1,0,0,0,1
1,0,0,0,1
2,0,0,0,2
1,0,0,0,1
1,0,0,0,1
1,0,0,0,1
1,0,0,0,1
1,0,0,0,1
1,0,0,0,1
1,0,0,0,1
1,0,0,0,1
1,0,0,0,1
1,0,0,0,1
1,0,0,0,1
1,0,0,0,1
1,0,0,0,1
3,0,1,0,4
1,0,0,0,1
1,0,0,0,1
1,0,0,0,1
1,0,0,0,1
1,0,0,0,1
1,0,0,0,1
1,1,1,0,3
1,0,0,0,1
1,0,0,0,1
1,0,0,0,1
1,0,0,0,1
1,0,0,0,1
1,0,0,0,1
1,0,0,0,1
1,0,0,0,1
1,0,0,0,1
1,0,0,0,1
1,0,0,0,1
1,0,0,0,1
1,0,0,0,1
1,2,0,0,3
1,0,0,0,1
1,0,0,0,1
1,0,0,0,1
1,0,0,0,1
1,0,0,0,1
1,0,0,0,1
1,0,0,0,1
1,0,0,0,1
1,0,0,0,1
1,0,0,0,1
1,0,0,0,1
1,0,0,0,1
1,0,0,0,1
2,0,0,0,2
1,0,0,0,1
1,0,0,0,1
1,0,0,0,1
2,0,0,0,2
1,0,0,0,1
1,0,0,0,1
1,0,0,0,1
2,0,0,0,2
1,0,0,0,1
1,0,0,0,1
1,0,0,0,1
1,0,0,0,1
1,0,0,0,1
1,0,0,0,1
1,0,0,0,1
1,0,0,0,1
1,0,0,0,1
1,0,0,0,1
1,2,0,0,3
1,0,0,0,1
1,0,0,0,1
1,0,0,0,1
1,0,0,0,1
1,0,0,0,1
1,0,0,0,1
1,0,0,0,1
1,0,0,0,1
1,0,0,0,1
1,0,0,0,1
1,0,0,0,1
1,0,0,0,1
1,0,0,0,1
1,0,0,0,1
1,0,0,0,1
1,2,1,0,4
1,0,0,0,1
2,0,0,0,2
2,0,0,0,2
1,0,0,0,1
1,0,0,0,1
1,0,0,0,1
1,0,0,0,1
1,0,0,0,1
1,0,0,0,1
2,0,0,0,2
1,0,0,0,1
1,0,0,0,1
2,0,0,0,2
1,0,0,0,1
1,0,0,0,1
1,0,0,0,1
1,0,0,0,1
1,0,0,0,1
1,0,0,0,1
1,0,0,0,1
1,0,0,0,1
1,0,0,0,1
2,0,0,0,2
1,0,0,0,1
1,0,0,0,1
2,0,0,0,2
1,5,0,0,6
1,0,0,0,1
1,0,0,0,1
1,0,0,0,1
1,0,0,0,1
1,0,0,0,1
1,0,0,0,1
1,0,0,0,1
1,0,0,0,1
1,0,0,0,1
1,0,0,0,1
1,7,0,0,8
1,0,0,0,1
1,0,0,0,1
1,0,0,0,1
1,0,0,0,1
1,0,0,0,1
1,0,0,0,1
1,0,0,0,1
1,0,0,0,1
1,0,0,0,1
1,0,0,0,1
1,0,0,0,1
1,0,0,0,1
1,0,0,0,1
1,0,0,0,1
1,0,0,0,1
1,0,0,0,1
1,0,0,0,1
1,0,0,0,1
1,0,0,0,1
1,0,0,0,1
2,2,1,0,5
1,0,0,0,1
1,0,0,0,1
1,0,0,0,1
1,0,0,0,1
1,0,0,0,1
1,0,0,0,1
1,0,0,0,1
1,0,0,0,1
1,0,0,0,1
1,0,0,0,1
1,0,0,0,1
1,0,0,0,1
1,0,0,0,1
1,0,0,0,1
1,0,0,0,1
1,0,0,0,1
1,0,0,0,1
1,0,0,0,1
1,0,0,0,1
2,0,0,0,2
1,0,0,0,1
1,0,0,0,1
1,0,0,0,1
1,0,0,0,1
1,0,0,0,1
1,0,0,0,1
1,0,0,0,1
1,0,0,0,1
1,0,0,0,1
1,0,0,0,1
1,0,0,0,1
1,0,0,0,1
1,0,0,0,1
1,0,0,0,1
1,0,0,0,1
1,0,0,0,1
1,0,0,0,1
1,0,0,0,1
1,0,0,0,1
1,0,0,0,1
1,0,0,0,1
1,0,0,0,1
1,0,0,0,1
1,4,0,0,5
1,0,0,0,1
1,0,0,0,1
1,0,0,0,1
1,0,0,0,1
1,0,0,0,1
1,0,0,0,1
1,0,0,0,1
1,0,0,0,1
1,0,0,0,1
1,0,0,0,1
1,0,0,0,1
1,0,0,0,1
1,0,0,0,1
1,0,0,0,1
1,0,0,0,1
1,0,0,0,1
1,0,0,0,1
1,2,1,0,4
1,0,0,0,1
1,0,0,0,1
1,0,0,0,1
1,0,0,0,1
1,0,0,0,1
1,0,0,0,1
1,0,0,0,1
1,0,0,0,1
1,0,0,0,1
1,0,0,0,1
1,0,0,0,1
1,0,0,0,1
1,0,0,0,1
1,0,0,0,1
1,26,0,0,27
1,2,0,0,3
1,0,0,0,1
1,0,0,0,1
1,0,0,0,1
1,0,0,0,1
1,0,0,0,1
1,0,0,0,1
1,0,0,0,1
1,0,0,0,1
1,0,0,0,1
1,0,0,0,1
1,0,0,0,1
1,0,0,0,1
1,0,0,0,1
1,0,0,0,1
1,0,0,0,1
1,0,0,0,1
1,0,0,0,1
1,0,0,0,1
1,0,0,0,1
1,0,0,0,1
1,0,0,0,1
1,0,0,0,1
1,0,0,0,1
2,0,0,0,2
1,0,0,0,1
1,0,0,0,1
1,0,0,0,1
1,0,0,0,1
1,0,0,0,1
1,0,0,0,1
1,0,0,0,1
1,0,0,0,1
1,0,0,0,1
1,0,0,0,1
1,0,0,0,1
1,0,0,0,1
1,0,0,0,1
1,0,0,0,1
1,0,0,0,1
1,0,0,0,1
1,0,0,0,1
1,0,0,0,1
1,0,0,0,1
1,0,0,0,1
1,0,0,0,1
1,0,0,0,1
2,0,0,0,2
1,0,0,0,1
1,0,0,0,1
1,0,0,0,1
1,0,0,0,1
1,0,0,0,1
1,0,0,0,1
1,0,0,0,1
1,0,0,0,1
1,0,0,0,1
1,0,0,0,1
1,0,0,0,1
2,0,0,0,2
2,0,0,0,2
1,0,0,0,1
1,0,0,0,1
1,0,0,0,1
2,0,0,0,2
1,0,0,0,1
1,0,0,0,1
1,0,0,0,1
1,0,0,0,1
1,0,0,0,1
1,0,0,0,1
1,0,0,0,1
1,0,0,0,1
1,0,0,0,1
1,0,0,0,1
2,0,0,0,2
1,0,0,0,1
1,0,0,0,1
1,0,0,0,1
2,0,0,0,2
1,0,0,0,1
1,0,0,0,1
1,0,0,0,1
2,0,0,0,2
1,0,0,0,1
1,0,0,0,1
1,0,0,0,1
1,0,0,0,1
1,0,0,0,1
1,0,0,0,1
1,0,0,0,1
1,0,0,0,1
1,0,0,0,1
1,0,0,0,1
2,0,0,0,2
1,0,0,0,1
1,0,0,0,1
1,0,0,0,1
1,0,0,0,1
1,0,0,0,1
1,0,0,0,1
1,2,0,0,3
1,0,0,0,1
1,4,0,0,5
1,0,0,0,1
1,0,0,0,1
1,0,0,0,1
1,0,0,0,1
1,0,0,0,1
1,0,0,0,1
1,0,0,0,1
1,0,0,0,1
1,0,0,0,1
1,0,0,0,1
1,0,0,0,1
1,0,0,0,1
1,0,0,0,1
1,0,0,0,1
1,0,0,0,1
1,0,0,0,1
1,0,0,0,1
1,0,0,0,1
1,0,0,0,1
1,2,0,0,3
1,2,1,0,4
1,0,0,0,1
1,0,0,0,1
1,0,0,0,1
1,0,0,0,1
1,0,0,0,1
2,8,0,0,10
1,0,0,0,1
1,0,0,0,1
1,0,0,0,1
2,0,0,0,2
1,0,0,0,1
1,2,0,0,3
1,0,0,0,1
1,0,0,0,1
1,0,0,0,1
1,0,0,0,1
1,0,0,0,1
2,0,0,0,2
1,0,0,0,1
1,0,0,0,1
1,0,0,0,1
1,0,0,0,1
1,0,0,0,1
1,0,0,0,1
1,0,0,0,1
1,0,0,0,1
1,0,0,0,1
1,0,0,0,1
1,0,0,0,1
1,0,0,0,1
1,3,0,0,4
1,0,0,0,1
1,0,0,0,1
4,0,0,0,4
1,0,0,0,1
1,0,0,0,1
1,0,0,0,1
1,0,0,0,1
1,0,0,0,1
1,0,0,0,1
1,0,0,0,1
1,0,0,0,1
1,0,0,0,1
1,0,0,0,1
1,5,0,0,6
1,0,0,0,1
1,0,0,0,1
1,0,0,0,1
1,0,0,0,1
1,2,1,0,4
1,0,0,0,1
1,0,0,0,1
2,0,0,0,2
1,0,0,0,1
1,0,0,0,1
1,0,0,0,1
1,0,0,0,1
1,0,0,0,1
2,0,0,0,2
1,0,0,0,1
1,0,0,0,1
1,0,0,0,1
1,0,0,0,1
1,0,0,0,1
1,0,0,0,1
1,0,0,0,1
2,0,0,0,2
1,0,0,0,1
1,0,0,0,1
1,0,0,0,1
1,0,0,0,1
1,0,0,0,1
1,3,1,0,5
1,0,0,0,1
1,0,0,0,1
1,0,0,0,1
1,0,0,0,1
1,2,1,0,4
1,0,0,0,1
1,2,0,0,3
1,0,0,0,1
1,0,0,0,1
1,0,0,0,1
1,0,0,0,1
1,0,0,0,1
1,0,0,0,1
1,0,0,0,1
1,0,0,0,1
1,0,0,0,1
1,0,0,0,1
1,0,0,0,1
1,0,0,0,1
1,0,0,0,1
1,0,0,0,1
1,0,0,0,1
1,0,0,0,1
1,0,0,0,1
1,0,0,0,1
1,0,0,0,1
1,0,0,0,1
1,0,0,0,1
2,0,0,0,2
1,0,0,0,1
1,0,0,0,1
1,0,0,0,1
1,0,0,0,1
1,0,0,0,1
2,0,0,0,2
1,0,0,0,1
1,0,0,0,1
1,0,0,0,1
1,0,0,0,1
1,0,0,0,1
1,0,0,0,1
1,0,0,0,1
1,0,0,0,1
1,0,0,0,1
1,0,0,0,1
1,0,0,0,1
1,0,0,0,1
1,0,0,0,1
2,0,0,0,2
1,0,0,0,1
1,0,0,0,1
1,0,0,0,1
1,0,0,0,1
1,0,0,0,1
1,0,0,0,1
1,0,0,0,1
1,0,0,0,1
1,0,0,0,1
1,0,0,0,1
2,0,0,0,2
2,0,0,0,2
1,0,0,0,1
1,0,0,0,1
1,14,0,0,15
1,0,0,0,1
1,0,0,0,1
1,0,0,0,1
1,0,0,0,1
1,0,0,0,1
2,0,0,0,2
1,0,0,0,1
1,0,0,0,1
1,0,0,0,1
1,0,0,0,1
1,0,0,0,1
2,0,0,0,2
1,0,0,0,1
1,0,0,0,1
1,0,0,0,1
1,0,0,0,1
1,0,0,0,1
1,6,2,0,9
1,0,0,0,1
1,0,0,0,1
1,0,0,0,1
1,0,0,0,1
2,0,0,0,2
1,0,0,0,1
1,0,0,0,1
1,0,0,0,1
2,0,0,0,2
2,0,0,0,2
1,0,0,0,1
1,0,0,0,1
1,0,0,0,1
1,0,0,0,1
1,0,0,0,1
1,0,0,0,1
1,0,0,0,1
1,0,0,0,1
1,0,0,0,1
1,0,0,0,1
1,0,0,0,1
1,0,0,0,1
1,0,0,0,1
1,0,0,0,1
2,0,0,0,2
1,0,2,0,3
1,0,0,0,1
1,0,0,0,1
2,0,0,0,2
1,0,0,0,1
1,0,0,0,1
1,0,0,0,1
1,0,0,0,1
1,0,0,0,1
1,0,0,0,1
1,0,0,0,1
1,0,0,0,1
1,0,0,0,1
1,0,0,0,1
1,0,0,0,1
1,0,0,0,1
2,0,0,0,2
1,0,0,0,1
1,0,0,0,1
1,0,0,0,1
1,0,0,0,1
1,0,0,0,1
1,0,0,0,1
1,0,0,0,1
1,0,0,0,1
1,0,0,0,1
1,0,0,0,1
1,0,0,0,1
1,0,0,0,1
1,0,0,0,1
1,0,0,0,1
2,3,1,0,6
1,0,0,0,1
1,0,0,0,1
1,0,0,0,1
1,0,0,0,1
1,0,0,0,1
1,0,0,0,1
1,0,0,0,1
1,0,0,0,1
1,0,0,0,1
1,0,0,0,1
1,0,0,0,1
1,0,0,0,1
1,0,0,0,1
1,0,0,0,1
1,0,0,0,1
1,0,0,0,1
1,0,0,0,1
1,0,0,0,1
1,0,0,0,1
1,0,0,0,1
1,0,0,0,1
2,0,0,0,2
1,0,0,0,1
2,0,0,0,2
1,0,1,0,2
1,0,0,0,1
1,0,0,0,1
1,0,0,0,1
1,0,0,0,1
1,0,0,0,1
1,0,0,0,1
2,0,0,0,2
1,0,0,0,1
2,0,0,0,2
1,0,0,0,1
1,0,0,0,1
1,0,0,0,1
1,0,0,0,1
1,0,0,0,1
1,0,0,0,1
1,0,0,0,1
1,0,0,0,1
1,1,0,0,2
1,1,1,0,3
1,0,0,0,1
1,0,0,0,1
2,0,0,0,2
1,0,0,0,1
1,0,0,0,1
1,0,0,0,1
1,0,0,0,1
1,0,0,0,1
1,0,0,0,1
2,0,0,0,2
1,0,0,0,1
1,0,0,0,1
1,0,0,0,1
1,0,0,0,1
1,0,0,0,1
1,0,0,0,1
1,0,0,0,1
1,0,0,0,1
1,0,0,0,1
1,0,0,0,1
1,0,0,0,1
1,0,0,0,1
1,0,0,0,1
1,0,0,0,1
1,0,0,0,1
1,0,0,0,1
1,0,0,0,1
1,0,0,0,1
1,0,0,0,1
1,0,0,0,1
1,0,0,0,1
1,0,0,0,1
1,0,0,0,1
1,0,0,0,1
1,0,0,0,1
1,0,0,0,1
1,0,0,0,1
1,0,0,0,1
1,0,0,0,1
1,0,0,0,1
2,0,0,0,2
1,0,0,0,1
1,0,0,0,1
1,0,0,0,1
1,0,0,0,1
1,0,0,0,1
1,0,0,0,1
1,4,0,0,5
1,0,0,0,1
1,0,0,0,1
2,0,0,0,2
1,0,0,0,1
1,0,0,0,1
2,0,0,0,2
1,0,0,0,1
1,0,0,0,1
1,0,0,0,1
1,0,0,0,1
1,0,0,0,1
1,0,0,0,1
1,0,0,0,1
1,0,0,0,1
1,0,0,0,1
1,0,0,0,1
2,1,0,0,3
1,0,0,0,1
1,0,0,0,1
1,0,0,0,1
1,0,0,0,1
1,0,0,0,1
1,0,0,0,1
1,0,0,0,1
1,0,0,0,1
1,0,0,0,1
1,0,0,0,1
1,0,0,0,1
1,0,0,0,1
1,0,0,0,1
1,0,0,0,1
1,0,0,0,1
1,0,0,0,1
1,0,0,0,1
2,0,0,0,2
1,0,0,0,1
1,0,0,0,1
1,0,0,0,1
1,0,0,0,1
1,0,0,0,1
1,0,0,0,1
1,0,0,0,1
1,0,0,0,1
1,0,0,0,1
1,0,0,0,1
1,0,0,0,1
1,0,0,0,1
1,0,0,0,1
1,0,0,0,1
2,0,0,0,2
2,0,0,0,2
1,0,0,0,1
1,0,0,0,1
1,0,0,0,1
1,0,0,0,1
1,0,0,0,1
1,0,0,0,1
1,0,0,0,1
1,0,0,0,1
1,0,0,0,1
1,0,0,0,1
2,0,0,0,2
1,0,0,0,1
1,1,0,0,2
1,0,0,0,1
1,0,0,0,1
1,0,0,0,1
1,0,0,0,1
1,0,0,0,1
1,0,0,0,1
1,0,0,0,1
1,11,0,0,12
1,0,0,0,1
1,0,0,0,1
1,0,0,0,1
1,0,0,0,1
1,0,0,0,1
3,8,0,0,11
1,0,0,0,1
1,0,0,0,1
1,0,0,0,1
2,0,0,0,2
1,0,0,0,1
1,0,0,0,1
1,0,0,0,1
2,0,0,0,2
1,0,0,0,1
2,0,0,0,2
1,0,0,0,1
1,0,0,0,1
1,0,0,0,1
2,0,1,0,3
1,0,0,0,1
1,0,0,0,1
1,0,0,0,1
1,0,0,0,1
1,0,0,0,1
1,0,0,0,1
1,0,0,0,1
1,0,0,0,1
1,0,0,0,1
1,0,0,0,1
1,0,0,0,1
1,0,0,0,1
1,0,0,0,1
1,0,0,0,1
1,0,0,0,1
1,0,0,0,1
1,0,0,0,1
1,0,0,0,1
1,0,0,0,1
1,3,0,0,4
1,0,0,0,1
1,0,0,0,1
1,0,0,0,1
1,0,0,0,1
1,0,0,0,1
1,0,0,0,1
1,0,0,0,1
1,0,0,0,1
1,0,0,0,1
1,0,0,0,1
1,0,0,0,1
1,0,0,0,1
1,0,0,0,1
1,0,0,0,1
2,0,0,0,2
1,0,0,0,1
1,0,0,0,1
1,0,0,0,1
1,0,0,0,1
1,0,0,0,1
2,0,0,0,2
1,0,0,0,1
1,0,0,0,1
1,0,0,0,1
1,0,0,0,1
1,0,0,0,1
1,0,0,0,1
2,0,0,0,2
1,0,0,0,1
1,0,0,0,1
1,0,0,0,1
1,0,0,0,1
1,0,0,0,1
1,0,0,0,1
1,0,0,0,1
1,0,0,0,1
1,0,0,0,1
1,0,0,0,1
1,0,0,0,1
1,0,0,0,1
1,0,0,0,1
1,0,0,0,1
1,0,0,0,1
1,0,0,0,1
1,4,0,0,5
1,0,0,0,1
1,0,0,0,1
1,0,0,0,1
1,0,0,0,1
1,0,0,0,1
1,0,0,0,1
1,0,0,0,1
1,0,0,0,1
1,0,0,0,1
1,0,0,0,1
1,0,0,0,1
1,0,0,0,1
1,0,0,0,1
1,0,0,0,1
1,0,0,0,1
1,0,0,0,1
1,0,0,0,1
2,0,0,0,2
2,0,0,0,2
2,0,0,0,2
1,0,0,0,1
1,0,0,0,1
1,0,0,0,1
1,0,0,0,1
1,0,0,0,1
2,0,0,0,2
1,0,0,0,1
1,0,0,0,1
1,0,0,0,1
1,0,0,0,1
1,0,0,0,1
1,0,0,0,1
1,0,0,0,1
1,0,0,0,1
1,0,0,0,1
1,0,0,0,1
1,0,0,0,1
1,0,0,0,1
1,0,0,0,1
1,0,0,0,1
1,0,0,0,1
1,0,0,0,1
1,0,0,0,1
1,0,0,0,1
1,0,0,0,1
1,0,0,0,1
2,0,0,0,2
1,0,0,0,1
1,0,0,0,1
1,0,0,0,1
1,0,0,0,1
1,0,0,0,1
1,0,0,0,1
1,0,0,0,1
1,0,0,0,1
2,0,0,0,2
1,0,0,0,1
1,0,0,0,1
1,0,0,0,1
3,0,0,0,3
1,0,0,0,1
1,0,0,0,1
1,1,0,0,2
1,0,0,0,1
1,0,0,0,1
1,0,0,0,1
1,0,0,0,1
1,0,0,0,1
1,0,0,0,1
1,0,0,0,1
1,0,0,0,1
1,0,0,0,1
1,0,0,0,1
1,0,0,0,1
1,0,0,0,1
1,0,0,0,1
1,0,0,0,1
1,0,0,0,1
2,0,0,0,2
1,0,0,0,1
1,0,0,0,1
1,0,0,0,1
1,0,0,0,1
1,0,0,0,1
1,0,0,0,1
1,0,0,0,1
1,0,0,0,1
1,0,0,0,1
1,0,0,0,1
1,0,0,0,1
1,0,0,0,1
1,0,0,0,1
1,0,0,0,1
1,0,0,0,1
1,0,0,0,1
1,0,0,0,1
1,0,0,0,1
1,0,0,0,1
1,0,0,0,1
1,0,0,0,1
1,0,0,0,1
2,0,0,0,2
1,0,0,0,1
1,0,0,0,1
1,0,0,0,1
1,0,0,0,1
1,0,0,0,1
1,0,0,0,1
1,0,0,0,1
1,0,0,0,1
2,0,0,0,2
1,0,0,0,1
1,0,0,0,1
1,0,0,0,1
2,0,0,0,2
1,0,0,0,1
1,0,0,0,1
1,0,0,0,1
1,0,0,0,1
1,0,0,0,1
1,0,0,0,1
1,0,0,0,1
1,0,0,0,1
1,0,0,0,1
1,0,0,0,1
1,0,0,0,1
1,0,0,0,1
1,0,0,0,1
3,0,0,0,3
1,0,0,0,1
1,0,0,0,1
1,0,0,0,1
1,0,0,0,1
1,0,0,0,1
1,0,0,0,1
1,0,0,0,1
1,0,0,0,1
1,0,0,0,1
1,0,0,0,1
1,0,0,0,1
1,6,0,0,7
1,0,0,0,1
1,0,0,0,1
1,0,0,0,1
1,0,0,0,1
1,0,0,0,1
1,0,0,0,1
1,0,0,0,1
1,0,0,0,1
1,0,0,0,1
1,0,0,0,1
1,0,0,0,1
1,0,0,0,1
1,0,0,0,1
1,0,0,0,1
2,0,0,0,2
2,0,0,0,2
1,0,0,0,1
1,3,0,0,4
1,0,0,0,1
1,0,0,0,1
1,0,0,0,1
1,0,0,0,1
1,0,0,0,1
1,0,0,0,1
1,0,0,0,1
1,0,0,0,1
1,0,0,0,1
1,0,0,0,1
1,0,0,0,1
1,0,0,0,1
1,0,0,0,1
1,0,0,0,1
1,0,0,0,1
1,0,0,0,1
1,0,0,0,1
1,0,0,0,1
1,0,0,0,1
1,0,0,0,1
1,0,0,0,1
1,0,0,0,1
1,0,0,0,1
1,0,0,0,1
1,0,0,0,1
1,0,0,0,1
1,0,0,0,1
1,0,0,0,1
1,0,0,0,1
1,0,0,0,1
1,0,0,0,1
1,0,0,0,1
1,0,0,0,1
1,0,0,0,1
1,0,0,0,1
2,41,0,0,43
1,0,0,0,1
1,0,0,0,1
1,0,0,0,1
1,0,0,0,1
1,0,0,0,1
1,0,0,0,1
1,0,0,0,1
1,0,0,0,1
1,0,0,0,1
2,0,0,0,2
1,0,0,0,1
1,0,0,0,1
1,0,0,0,1
1,0,0,0,1
1,0,0,0,1
1,0,0,0,1
1,0,0,0,1
1,0,0,0,1
2,0,0,0,2
1,0,0,0,1
1,0,0,0,1
1,0,0,0,1
1,0,0,0,1
1,0,0,0,1
1,0,0,0,1
1,0,0,0,1
1,0,0,0,1
1,0,0,0,1
1,0,0,0,1
1,0,0,0,1
1,0,0,0,1
1,0,0,0,1
1,0,0,0,1
1,0,0,0,1
1,0,0,0,1
1,0,0,0,1
1,0,0,0,1
1,0,0,0,1
4,0,0,0,4
1,0,0,0,1
1,0,0,0,1
1,0,0,0,1
1,0,0,0,1
1,0,0,0,1
2,0,0,0,2
1,0,0,0,1
2,0,0,0,2
1,0,0,0,1
1,0,0,0,1
1,0,0,0,1
1,0,0,0,1
1,0,0,0,1
1,0,0,0,1
1,0,0,0,1
1,0,0,0,1
1,0,0,0,1
1,0,0,0,1
1,0,0,0,1
1,0,0,0,1
1,0,0,0,1
1,0,0,0,1
1,3,0,0,4
1,0,0,0,1
1,0,0,0,1
1,0,0,0,1
1,7,0,0,8
1,0,0,0,1
1,0,0,0,1
1,0,0,0,1
1,0,0,0,1
1,0,0,0,1
1,0,0,0,1
1,0,0,0,1
1,0,0,0,1
1,0,0,0,1
2,0,0,0,2
1,0,0,0,1
1,0,0,0,1
3,0,0,0,3
1,0,0,0,1
1,0,0,0,1
1,0,0,0,1
1,0,0,0,1
1,0,0,0,1
1,0,0,0,1
1,0,0,0,1
1,0,0,0,1
2,0,0,0,2
1,0,0,0,1
1,0,0,0,1
1,0,0,0,1
1,0,0,0,1
1,0,0,0,1
2,0,0,0,2
1,0,0,0,1
1,0,0,0,1
1,0,0,0,1
1,0,0,0,1
1,0,0,0,1
1,0,0,0,1
1,0,0,0,1
1,0,0,0,1
3,0,0,0,3
1,0,0,0,1
1,0,0,0,1
1,2,0,0,3
1,0,0,0,1
1,0,0,0,1
1,0,0,0,1
1,0,0,0,1
2,0,0,0,2
1,0,0,0,1
1,0,0,0,1
1,0,0,0,1
1,0,0,0,1
1,0,0,0,1
1,0,0,0,1
1,15,0,0,16
1,0,0,0,1
1,0,0,0,1
1,0,0,0,1
1,0,0,0,1
2,0,0,0,2
1,0,0,0,1
1,0,0,0,1
1,0,0,0,1
1,0,0,0,1
1,0,0,0,1
1,0,0,0,1
1,60,0,0,61
1,0,0,0,1
1,0,0,0,1
1,0,0,0,1
1,0,0,0,1
1,0,0,0,1
1,0,0,0,1
1,0,0,0,1
1,0,0,0,1
1,0,0,0,1
1,0,0,0,1
1,0,0,0,1
1,0,0,0,1
1,0,0,0,1
1,0,0,0,1
1,0,0,0,1
1,0,0,0,1
1,0,0,0,1
1,0,0,0,1
1,0,0,0,1
1,0,0,0,1
1,0,0,0,1
1,0,0,0,1
1,0,0,0,1
1,0,0,0,1
1,27,0,0,28
1,0,0,0,1
1,0,0,0,1
1,0,0,0,1
1,0,0,0,1
2,0,0,0,2
1,0,0,0,1
1,0,0,0,1
1,0,0,0,1
1,0,0,0,1
1,0,0,0,1
1,0,0,0,1
1,0,0,0,1
1,0,0,0,1
2,0,0,0,2
1,0,0,0,1
1,0,0,0,1
1,0,0,0,1
1,0,0,0,1
1,0,0,0,1
1,0,0,0,1
1,0,0,0,1
1,0,0,0,1
1,0,0,0,1
1,0,0,0,1
1,0,0,0,1
1,0,0,0,1
1,0,0,0,1
1,0,0,0,1
1,0,0,0,1
1,0,0,0,1
1,1,0,0,2
1,0,0,0,1
1,0,0,0,1
1,0,0,0,1
1,0,0,0,1
1,0,0,0,1
1,0,0,0,1
1,0,0,0,1
1,0,0,0,1
1,0,0,0,1
1,0,0,0,1
1,0,0,0,1
1,0,0,0,1
1,0,0,0,1
1,0,0,0,1
1,0,0,0,1
1,0,0,0,1
1,0,0,0,1
1,0,0,0,1
1,0,0,0,1
1,0,0,0,1
1,0,0,0,1
1,0,0,0,1
2,0,0,0,2
1,0,0,0,1
1,0,0,0,1
1,0,0,0,1
1,0,0,0,1
1,0,0,0,1
1,0,0,0,1
2,0,0,0,2
1,0,1,0,2
1,0,0,0,1
1,0,0,0,1
1,0,0,0,1
1,0,0,0,1
1,0,0,0,1
1,0,0,0,1
1,0,0,0,1
1,0,0,0,1
1,0,0,0,1
1,33,0,0,34
1,0,0,0,1
1,0,0,0,1
2,0,0,0,2
1,0,0,0,1
1,0,0,0,1
1,0,0,0,1
1,0,0,0,1
1,0,0,0,1
1,0,0,0,1
2,0,0,0,2
1,0,0,0,1
1,0,0,0,1
1,0,0,0,1
1,0,0,0,1
1,0,0,0,1
1,0,0,0,1
1,0,0,0,1
1,0,0,0,1
1,0,0,0,1
1,0,0,0,1
1,0,0,0,1
1,0,0,0,1
1,0,0,0,1
1,0,0,0,1
1,0,0,0,1
1,0,0,0,1
1,0,0,0,1
1,0,0,0,1
1,0,0,0,1
1,0,0,0,1
1,0,0,0,1
2,0,0,0,2
1,0,0,0,1
1,0,0,0,1
1,0,0,0,1
1,0,0,0,1
1,0,0,0,1
1,0,0,0,1
1,0,0,0,1
1,0,0,0,1
1,0,0,0,1
1,0,0,0,1
1,0,0,0,1
1,0,0,0,1
1,0,0,0,1
1,0,0,0,1
1,0,0,0,1
1,0,0,0,1
1,0,0,0,1
1,0,0,0,1
1,0,0,0,1
1,0,0,0,1
1,0,0,0,1
1,0,0,0,1
1,0,0,0,1
1,0,0,0,1
1,0,0,0,1
1,0,0,0,1
1,0,0,0,1
1,349,0,0,350
1,0,0,0,1
1,0,0,0,1
1,0,0,0,1
1,0,0,0,1
1,0,0,0,1
1,0,0,0,1
2,0,0,0,2
2,0,0,0,2
1,0,0,0,1
1,0,0,0,1
1,0,0,0,1
1,0,0,0,1
1,0,0,0,1
1,0,0,0,1
1,0,0,0,1
1,0,0,0,1
2,0,0,0,2
1,0,0,0,1
1,0,0,0,1
1,0,0,0,1
3,0,0,0,3
1,0,0,0,1
1,0,0,0,1
2,0,0,0,2
3,0,0,0,3
1,0,0,0,1
1,0,0,0,1
1,0,0,0,1
1,0,0,0,1
1,0,0,0,1
1,0,0,0,1
1,0,0,0,1
1,0,0,0,1
1,0,0,0,1
1,0,0,0,1
1,0,0,0,1
2,0,0,0,2
1,0,0,0,1
1,0,0,0,1
1,0,0,0,1
1,0,0,0,1
1,0,0,0,1
1,0,0,0,1
1,0,0,0,1
1,0,0,0,1
1,0,0,0,1
1,0,0,0,1
1,0,0,0,1
1,4,0,0,5
2,0,0,0,2
1,0,0,0,1
1,0,0,0,1
1,1,0,0,2
1,0,0,0,1
1,0,0,0,1
1,0,0,0,1
1,0,0,0,1
1,0,0,0,1
1,0,0,0,1
1,0,0,0,1
1,0,0,0,1
1,0,0,0,1
1,0,0,0,1
1,0,0,0,1
1,0,0,0,1
1,0,0,0,1
1,0,0,0,1
1,0,0,0,1
1,0,0,0,1
1,0,0,0,1
1,0,0,0,1
1,0,0,0,1
1,0,0,0,1
1,0,0,0,1
1,0,0,0,1
1,0,0,0,1
1,0,0,0,1
1,0,0,0,1
2,0,0,0,2
1,0,0,0,1
1,0,0,0,1
1,0,0,0,1
1,0,0,0,1
1,0,0,0,1
1,0,0,0,1
1,0,0,0,1
1,0,0,0,1
1,0,0,0,1
1,0,0,0,1
1,0,0,0,1
1,0,0,0,1
1,0,0,0,1
1,0,0,0,1
1,0,0,0,1
1,0,0,0,1
1,0,0,0,1
1,0,0,0,1
1,0,0,0,1
1,0,0,0,1
1,0,0,0,1
1,0,0,0,1
1,0,0,0,1
1,0,0,0,1
1,0,0,0,1
1,0,0,0,1
1,0,0,0,1
1,0,1,0,2
1,0,1,0,2
1,0,0,0,1
1,0,0,0,1
1,0,0,0,1
1,0,0,0,1
1,0,0,0,1
2,0,0,0,2
1,0,0,0,1
1,0,0,0,1
1,0,0,0,1
1,0,0,0,1
1,0,0,0,1
2,0,0,0,2
1,0,0,0,1
1,0,0,0,1
2,0,0,0,2
2,0,0,0,2
1,0,0,0,1
1,0,0,0,1
1,0,0,0,1
1,0,0,0,1
1,0,0,0,1
1,0,0,0,1
2,0,0,0,2
1,0,0,0,1
2,0,0,0,2
1,0,0,0,1
1,0,0,0,1
1,0,0,0,1
1,0,0,0,1
1,0,0,0,1
1,0,0,0,1
1,0,0,0,1
1,0,0,0,1
1,0,0,0,1
2,0,0,0,2
1,0,0,0,1
1,0,0,0,1
1,0,0,0,1
1,0,0,0,1
1,0,0,0,1
1,0,0,0,1
1,0,0,0,1
1,0,0,0,1
1,2,0,0,3
1,0,0,0,1
1,0,0,0,1
1,0,0,0,1
1,0,0,0,1
1,0,0,0,1
1,2,0,0,3
1,0,0,0,1
1,0,0,0,1
1,0,0,0,1
2,0,0,0,2
1,0,0,0,1
1,0,0,0,1
1,0,0,0,1
1,0,0,0,1
1,0,0,0,1
1,0,0,0,1
1,0,0,0,1
1,0,0,0,1
1,0,0,0,1
1,0,0,0,1
1,0,0,0,1
1,0,0,0,1
1,0,0,0,1
1,0,0,0,1
1,1,0,0,2
1,0,0,0,1
1,0,0,0,1
2,0,0,0,2
1,0,0,0,1
1,0,0,0,1
3,3,0,0,6
1,0,0,0,1
1,0,0,0,1
1,0,0,0,1
1,0,0,0,1
1,0,0,0,1
1,0,0,0,1
1,0,0,0,1
1,0,0,0,1
1,0,0,0,1
1,0,0,0,1
1,0,0,0,1
1,0,0,0,1
1,0,0,0,1
1,0,0,0,1
1,0,0,0,1
1,0,0,0,1
1,0,0,0,1
1,0,0,0,1
1,0,0,0,1
1,0,0,0,1
1,0,0,0,1
1,0,0,0,1
1,0,0,0,1
1,0,0,0,1
1,0,0,0,1
1,0,0,0,1
1,0,0,0,1
1,0,0,0,1
1,0,0,0,1
1,1,1,0,3
1,0,0,0,1
1,0,0,0,1
1,0,0,0,1
1,0,0,0,1
1,0,0,0,1
1,0,0,0,1
1,0,0,0,1
1,0,0,0,1
2,0,0,0,2
1,0,0,0,1
1,0,0,0,1
1,0,0,0,1
1,0,0,0,1
1,0,0,0,1
1,0,0,0,1
1,0,0,0,1
1,0,0,0,1
1,0,0,0,1
1,0,0,0,1
1,0,0,0,1
1,0,0,0,1
1,0,0,0,1
1,0,0,0,1
1,0,0,0,1
1,0,0,0,1
1,0,0,0,1
1,0,0,0,1
1,0,0,0,1
1,0,0,0,1
2,0,0,0,2
1,7,0,0,8
1,0,0,0,1
1,0,0,0,1
1,0,0,0,1
1,0,0,0,1
1,0,0,0,1
1,0,0,0,1
1,0,0,0,1
1,0,0,0,1
1,0,0,0,1
1,0,0,0,1
1,0,0,0,1
1,0,0,0,1
1,0,0,0,1
1,0,0,0,1
1,0,0,0,1
1,19,1,0,21
1,0,0,0,1
1,0,0,0,1
1,0,0,0,1
1,0,0,0,1
2,1,0,0,3
1,0,0,0,1
1,0,0,0,1
1,0,0,0,1
1,0,0,0,1
1,0,0,0,1
1,0,0,0,1
1,0,0,0,1
1,0,0,0,1
1,0,0,0,1
1,0,0,0,1
2,0,0,0,2
1,0,0,0,1
2,0,0,0,2
1,0,0,0,1
1,0,0,0,1
1,0,0,0,1
1,0,0,0,1
1,0,0,0,1
1,0,0,0,1
1,0,0,0,1
1,0,0,0,1
1,0,0,0,1
1,0,0,0,1
1,0,0,0,1
1,0,0,0,1
1,0,0,0,1
1,0,0,0,1
1,0,0,0,1
1,0,0,0,1
1,0,0,0,1
1,0,0,0,1
1,0,0,0,1
1,0,0,0,1
1,0,0,0,1
1,0,0,0,1
1,0,0,0,1
1,0,0,0,1
1,0,0,0,1
1,0,0,0,1
1,0,0,0,1
2,0,0,0,2
1,0,0,0,1
1,0,0,0,1
1,0,0,0,1
1,0,0,0,1
1,0,0,0,1
1,0,0,0,1
1,4,0,0,5
1,0,0,0,1
2,0,0,0,2
1,0,0,0,1
1,2,0,0,3
1,0,0,0,1
1,0,0,0,1
1,0,0,0,1
1,0,0,0,1
1,0,0,0,1
1,0,0,0,1
1,0,0,0,1
1,0,0,0,1
1,0,0,0,1
1,0,0,0,1
1,0,0,0,1
1,0,0,0,1
1,2,0,0,3
1,0,0,0,1
1,0,0,0,1
1,0,0,0,1
1,0,0,0,1
1,0,0,0,1
1,0,0,0,1
1,0,0,0,1
1,0,0,0,1
1,0,0,0,1
1,0,0,0,1
1,0,0,0,1
1,0,0,0,1
1,0,0,0,1
1,0,0,0,1
1,0,0,0,1
1,0,0,0,1
1,0,0,0,1
1,0,0,0,1
1,0,0,0,1
1,0,0,0,1
1,2,1,0,4
1,0,0,0,1
1,8,0,0,9
1,0,0,0,1
1,0,0,0,1
1,0,0,0,1
1,0,0,0,1
1,0,0,0,1
1,0,0,0,1
1,0,0,0,1
2,0,0,0,2
1,0,0,0,1
1,0,0,0,1
1,0,0,0,1
1,0,0,0,1
1,0,0,0,1
1,0,0,0,1
1,0,0,0,1
1,0,0,0,1
2,1,0,0,3
1,0,0,0,1
1,0,0,0,1
2,0,0,0,2
1,1,0,0,2
1,0,0,0,1
1,0,0,0,1
1,0,0,0,1
1,0,0,0,1
1,2,0,0,3
1,0,0,0,1
1,0,0,0,1
1,0,0,0,1
1,0,0,0,1
1,0,0,0,1
1,0,0,0,1
1,0,0,0,1
1,0,0,0,1
1,1,0,0,2
1,0,0,0,1
1,0,0,0,1
1,0,0,0,1
1,0,0,0,1
1,0,0,0,1
1,0,0,0,1
1,0,0,0,1
1,0,0,0,1
1,0,0,0,1
2,0,0,0,2
1,0,0,0,1
1,0,0,0,1
1,0,0,0,1
1,0,0,0,1
1,0,0,0,1
1,0,0,0,1
1,0,0,0,1
1,0,0,0,1
1,0,0,0,1
1,0,0,0,1
1,0,0,0,1
1,0,0,0,1
1,0,0,0,1
1,0,0,0,1
2,0,0,0,2
1,0,0,0,1
1,0,0,0,1
1,0,0,0,1
1,0,0,0,1
1,0,0,0,1
1,0,0,0,1
1,0,0,0,1
1,0,0,0,1
2,0,0,0,2
1,0,0,0,1
1,0,0,0,1
2,0,0,0,2
1,0,0,0,1
1,0,0,0,1
1,0,0,0,1
1,0,0,0,1
1,0,0,0,1
1,0,0,0,1
1,0,0,0,1
1,0,0,0,1
1,0,0,0,1
1,0,0,0,1
1,0,0,0,1
1,0,0,0,1
1,0,0,0,1
1,0,0,0,1
1,0,0,0,1
1,0,0,0,1
1,0,0,0,1
1,0,0,0,1
1,0,0,0,1
1,0,0,0,1
1,0,0,0,1
1,0,0,0,1
1,0,0,0,1
1,0,0,0,1
1,0,0,0,1
1,0,0,0,1
1,0,0,0,1
1,0,0,0,1
1,0,0,0,1
1,0,0,0,1
1,0,0,0,1
1,0,0,0,1
1,0,0,0,1
1,0,0,0,1
1,0,0,0,1
1,0,0,0,1
2,0,0,0,2
1,0,0,0,1
2,0,0,0,2
1,0,0,0,1
1,0,0,0,1
3,0,0,0,3
1,0,0,0,1
1,0,0,0,1
1,0,0,0,1
1,0,0,0,1
1,0,0,0,1
1,0,0,0,1
1,1,0,0,2
1,0,0,0,1
1,0,0,0,1
1,0,0,0,1
1,0,0,0,1
1,1,1,0,3
1,0,0,0,1
1,0,0,0,1
1,0,0,0,1
1,0,0,0,1
1,0,0,0,1
1,0,0,0,1
1,0,0,0,1
1,0,0,0,1
1,0,0,0,1
1,0,0,0,1
1,0,0,0,1
1,0,0,0,1
1,0,0,0,1
1,0,0,0,1
1,0,0,0,1
1,0,0,0,1
1,0,0,0,1
2,0,0,0,2
1,0,0,0,1
1,0,0,0,1
1,2,0,0,3
2,0,0,0,2
1,0,0,0,1
2,0,0,0,2
1,0,0,0,1
1,0,0,0,1
1,0,0,0,1
1,0,0,0,1
2,0,0,0,2
1,0,0,0,1
1,0,0,0,1
1,0,0,0,1
1,0,0,0,1
1,0,0,0,1
1,0,0,0,1
2,0,1,0,3
1,0,0,0,1
2,0,0,0,2
1,0,0,0,1
1,0,0,0,1
1,0,0,0,1
2,0,1,0,3
2,0,0,0,2
1,0,0,0,1
1,0,0,0,1
1,0,0,0,1
1,0,0,0,1
1,0,0,0,1
1,0,0,0,1
1,0,0,0,1
1,0,0,0,1
1,0,0,0,1
1,0,0,0,1
1,0,0,0,1
1,0,0,0,1
1,0,0,0,1
1,0,0,0,1
1,0,0,0,1
3,0,0,0,3
1,0,0,0,1
2,0,0,0,2
1,0,0,0,1
1,0,0,0,1
1,0,0,0,1
2,3,0,0,5
1,0,0,0,1
1,0,0,0,1
1,0,0,0,1
1,0,0,0,1
1,0,0,0,1
1,0,0,0,1
1,0,0,0,1
1,0,0,0,1
1,0,0,0,1
1,0,0,0,1
1,0,0,0,1
1,9,0,0,10
1,0,0,0,1
1,0,0,0,1
1,0,0,0,1
1,0,0,0,1
1,0,0,0,1
2,0,0,0,2
1,0,0,0,1
1,0,0,0,1
2,0,0,0,2
1,0,0,0,1
1,0,0,0,1
1,0,0,0,1
1,0,0,0,1
1,0,0,0,1
1,0,0,0,1
1,0,0,0,1
1,0,0,0,1
1,0,0,0,1
2,0,0,0,2
1,0,0,0,1
1,0,0,0,1
1,0,0,0,1
1,0,0,0,1
1,0,0,0,1
1,0,0,0,1
1,0,0,0,1
1,0,0,0,1
1,0,0,0,1
1,0,0,0,1
1,0,0,0,1
1,0,0,0,1
1,0,0,0,1
1,0,0,0,1
1,0,0,0,1
1,0,0,0,1
1,0,0,0,1
1,0,0,0,1
1,0,0,0,1
1,0,0,0,1
1,0,0,0,1
1,6,0,0,7
1,0,0,0,1
1,0,0,0,1
1,4,0,0,5
1,0,0,0,1
1,0,0,0,1
1,0,0,0,1
1,0,0,0,1
1,0,0,0,1
1,0,0,0,1
1,0,0,0,1
1,0,0,0,1
2,0,0,0,2
1,0,0,0,1
1,0,0,0,1
1,0,0,0,1
1,0,0,0,1
1,0,0,0,1
1,0,0,0,1
1,0,0,0,1
1,0,0,0,1
1,0,0,0,1
1,0,0,0,1
1,0,0,0,1
1,0,0,0,1
1,0,0,0,1
1,0,0,0,1
1,0,0,0,1
1,0,0,0,1
1,0,0,0,1
1,0,0,0,1
1,0,0,0,1
2,0,0,0,2
1,5,0,0,6
1,0,0,0,1
1,0,0,0,1
1,0,0,0,1
1,0,0,0,1
1,0,0,0,1
1,0,0,0,1
1,0,0,0,1
1,0,0,0,1
1,0,0,0,1
1,0,0,0,1
1,0,0,0,1
1,0,0,0,1
1,0,0,0,1
1,0,0,0,1
1,0,0,0,1
1,0,0,0,1
1,0,0,0,1
1,0,0,0,1
2,0,0,0,2
1,0,0,0,1
1,0,0,0,1
1,0,0,0,1
1,0,0,0,1
1,0,0,0,1
1,0,0,0,1
1,0,0,0,1
1,0,0,0,1
1,0,0,0,1
1,0,0,0,1
1,0,0,0,1
1,0,0,0,1
1,0,0,0,1
1,0,0,0,1
1,0,0,0,1
1,0,0,0,1
3,0,0,0,3
1,0,0,0,1
1,0,0,0,1
1,0,0,0,1
1,0,0,0,1
1,0,0,0,1
1,0,0,0,1
2,0,0,0,2
1,0,0,0,1
1,0,0,0,1
1,0,0,0,1
1,0,0,0,1
1,0,0,0,1
1,0,0,0,1
1,0,0,0,1
1,0,0,0,1
1,0,0,0,1
1,0,0,0,1
1,0,0,0,1
1,0,0,0,1
1,0,0,0,1
1,0,0,0,1
1,0,0,0,1
1,0,0,0,1
1,0,0,0,1
1,0,0,0,1
1,0,0,0,1
2,0,0,0,2
1,0,0,0,1
1,0,0,0,1
1,0,0,0,1
1,0,0,0,1
1,0,0,0,1
1,0,0,0,1
1,0,0,0,1
1,0,0,0,1
1,0,0,0,1
1,0,0,0,1
1,0,0,0,1
2,0,0,0,2
1,0,0,0,1
1,0,0,0,1
1,0,0,0,1
1,0,0,0,1
1,0,0,0,1
1,0,0,0,1
1,0,0,0,1
1,0,0,0,1
1,0,0,0,1
1,0,0,0,1
1,0,0,0,1
1,0,0,0,1
1,0,0,0,1
2,0,0,0,2
2,0,0,0,2
3,0,0,0,3
1,14,0,0,15
1,0,0,0,1
1,0,0,0,1
1,0,0,0,1
1,0,0,0,1
1,0,0,0,1
1,0,0,0,1
1,0,0,0,1
1,0,0,0,1
1,0,0,0,1
1,0,0,0,1
1,0,0,0,1
1,0,0,0,1
1,0,0,0,1
1,0,0,0,1
1,0,0,0,1
1,0,0,0,1
2,0,0,0,2
1,0,0,0,1
3,0,0,0,3
1,0,0,0,1
1,0,0,0,1
1,0,0,0,1
1,0,0,0,1
1,0,0,0,1
1,0,0,0,1
1,0,0,0,1
1,0,0,0,1
1,0,0,0,1
1,0,0,0,1
1,0,0,0,1
1,0,0,0,1
1,0,0,0,1
1,0,0,0,1
2,0,0,0,2
2,0,0,0,2
1,0,0,0,1
1,0,0,0,1
1,0,0,0,1
1,0,0,0,1
1,0,0,0,1
1,0,0,0,1
1,0,0,0,1
1,0,0,0,1
1,0,0,0,1
3,0,0,0,3
1,0,0,0,1
1,0,0,0,1
1,0,0,0,1
2,0,0,0,2
2,15,2,0,19
1,0,0,0,1
1,0,0,0,1
1,0,0,0,1
1,0,0,0,1
1,0,0,0,1
1,0,0,0,1
1,0,0,0,1
1,0,0,0,1
1,0,0,0,1
1,0,0,0,1
1,3,0,0,4
1,0,0,0,1
1,0,0,0,1
1,0,0,0,1
1,0,0,0,1
1,0,0,0,1
1,0,0,0,1
2,0,0,0,2
1,0,0,0,1
1,1,0,0,2
1,0,0,0,1
1,0,0,0,1
1,0,0,0,1
1,0,0,0,1
1,0,0,0,1
1,0,0,0,1
1,0,0,0,1
1,0,0,0,1
1,0,0,0,1
1,0,0,0,1
1,0,0,0,1
1,0,0,0,1
1,19,0,0,20
1,0,0,0,1
1,0,0,0,1
2,0,0,0,2
1,0,0,0,1
1,0,0,0,1
1,0,0,0,1
1,0,0,0,1
2,0,0,0,2
1,0,0,0,1
1,0,0,0,1
1,0,0,0,1
1,0,0,0,1
1,0,0,0,1
1,0,0,0,1
1,0,0,0,1
1,0,0,0,1
1,0,0,0,1
1,0,0,0,1
1,0,0,0,1
1,0,0,0,1
1,0,0,0,1
1,0,0,0,1
1,0,0,0,1
1,0,0,0,1
1,0,0,0,1
1,0,0,0,1
1,0,0,0,1
1,0,0,0,1
1,4,0,0,5
1,0,0,0,1
1,0,0,0,1
1,0,0,0,1
1,0,0,0,1
1,0,0,0,1
1,0,0,0,1
1,0,0,0,1
1,0,0,0,1
1,0,0,0,1
1,0,0,0,1
2,0,0,0,2
1,0,0,0,1
1,0,0,0,1
1,0,0,0,1
1,0,0,0,1
1,0,0,0,1
1,0,0,0,1
1,0,0,0,1
1,0,0,0,1
2,0,0,0,2
2,11,1,0,14
2,0,0,0,2
1,0,0,0,1
2,0,0,0,2
1,0,0,0,1
1,0,0,0,1
1,0,0,0,1
1,0,0,0,1
1,0,0,0,1
1,0,0,0,1
1,1,0,0,2
1,0,0,0,1
1,0,0,0,1
1,0,0,0,1
1,0,0,0,1
1,0,0,0,1
1,0,0,0,1
1,0,0,0,1
1,0,0,0,1
1,0,0,0,1
1,0,0,0,1
1,0,0,0,1
1,0,0,0,1
1,0,0,0,1
1,0,0,0,1
1,0,0,0,1
3,0,0,0,3
1,0,0,0,1
1,0,0,0,1
1,0,0,0,1
1,0,0,0,1
1,0,0,0,1
2,0,0,0,2
1,0,0,0,1
1,0,0,0,1
1,0,0,0,1
1,0,0,0,1
1,0,0,0,1
1,0,0,0,1
1,0,0,0,1
1,0,0,0,1
1,0,0,0,1
1,0,0,0,1
1,0,0,0,1
1,0,0,0,1
1,0,0,0,1
1,0,0,0,1
1,0,0,0,1
1,0,0,0,1
1,0,0,0,1
1,0,0,0,1
1,0,0,0,1
1,0,0,0,1
1,0,0,0,1
1,0,0,0,1
1,0,0,0,1
1,0,0,0,1
1,0,0,0,1
1,0,0,0,1
1,0,0,0,1
1,0,0,0,1
2,0,0,0,2
1,0,0,0,1
1,0,0,0,1
1,0,0,0,1
1,0,0,0,1
1,0,0,0,1
2,0,0,0,2
1,0,0,0,1
1,0,0,0,1
1,0,0,0,1
1,0,0,0,1
1,0,0,0,1
1,0,0,0,1
2,0,0,0,2
1,0,0,0,1
1,0,0,0,1
1,0,0,0,1
1,0,0,0,1
1,0,0,0,1
1,0,0,0,1
1,0,0,0,1
1,0,0,0,1
1,0,0,0,1
1,0,0,0,1
1,0,0,0,1
1,0,0,0,1
1,0,0,0,1
1,0,0,0,1
1,0,0,0,1
1,0,0,0,1
3,0,0,0,3
1,0,0,0,1
1,0,0,0,1
1,0,0,0,1
1,0,0,0,1
1,0,0,0,1
1,0,0,0,1
1,0,0,0,1
1,0,0,0,1
1,0,0,0,1
1,0,0,0,1
1,0,0,0,1
1,0,0,0,1
1,0,0,0,1
1,0,0,0,1
1,0,0,0,1
1,0,0,0,1
1,0,0,0,1
1,0,0,0,1
1,0,0,0,1
2,0,0,0,2
1,0,0,0,1
1,0,0,0,1
1,0,0,0,1
1,0,0,0,1
1,0,0,0,1
1,0,0,0,1
1,0,0,0,1
1,0,0,0,1
1,0,0,0,1
1,0,0,0,1
1,0,0,0,1
1,0,0,0,1
1,0,0,0,1
1,0,0,0,1
1,2,0,0,3
2,44,0,0,46
1,0,0,0,1
1,0,0,0,1
1,0,0,0,1
1,0,0,0,1
1,0,0,0,1
1,0,0,0,1
1,0,0,0,1
1,0,0,0,1
2,0,0,0,2
1,0,0,0,1
1,0,0,0,1
1,0,0,0,1
1,0,0,0,1
1,0,0,0,1
1,0,0,0,1
1,0,0,0,1
1,0,0,0,1
1,0,0,0,1
1,0,0,0,1
1,0,0,0,1
1,1,1,0,3
1,0,0,0,1
1,0,0,0,1
1,0,0,0,1
2,0,0,0,2
1,0,0,0,1
1,0,0,0,1
1,0,0,0,1
1,0,0,0,1
1,0,0,0,1
1,0,0,0,1
1,0,0,0,1
3,0,0,0,3
1,0,0,0,1
1,0,0,0,1
2,0,0,0,2
1,0,0,0,1
1,0,0,0,1
1,3,0,0,4
3,0,0,0,3
2,0,0,0,2
1,0,0,0,1
1,0,0,0,1
1,0,0,0,1
1,0,0,0,1
1,0,0,0,1
2,0,0,0,2
1,0,0,0,1
1,0,0,0,1
1,0,0,0,1
1,0,0,0,1
1,0,0,0,1
1,0,0,0,1
1,0,0,0,1
1,0,0,0,1
1,0,0,0,1
1,0,0,0,1
1,0,0,0,1
1,0,0,0,1
1,0,0,0,1
1,0,0,0,1
1,0,0,0,1
1,0,0,0,1
1,0,0,0,1
1,0,0,0,1
1,0,0,0,1
2,0,0,0,2
1,0,0,0,1
1,0,0,0,1
1,0,0,0,1
1,0,0,0,1
1,0,0,0,1
1,0,0,0,1
1,0,0,0,1
1,0,0,0,1
1,0,0,0,1
1,0,0,0,1
1,0,0,0,1
1,0,0,0,1
1,0,0,0,1
1,0,0,0,1
1,0,0,0,1
1,0,0,0,1
1,0,0,0,1
1,0,0,0,1
1,0,0,0,1
2,0,0,0,2
1,0,0,0,1
1,0,0,0,1
2,0,0,0,2
1,0,0,0,1
1,0,0,0,1
1,0,0,0,1
1,0,0,0,1
1,0,0,0,1
1,0,0,0,1
1,0,0,0,1
1,0,0,0,1
1,0,0,0,1
1,0,0,0,1
1,0,0,0,1
1,0,0,0,1
5,0,0,0,5
1,0,0,0,1
1,0,0,0,1
1,0,0,0,1
1,0,0,0,1
1,0,0,0,1
2,0,0,0,2
1,0,0,0,1
1,0,0,0,1
1,0,0,0,1
1,0,0,0,1
1,0,0,0,1
1,0,0,0,1
1,0,0,0,1
1,0,0,0,1
1,0,0,0,1
1,0,0,0,1
1,0,0,0,1
1,0,0,0,1
1,0,0,0,1
1,0,0,0,1
1,0,0,0,1
1,0,0,0,1
1,0,0,0,1
1,0,0,0,1
1,0,0,0,1
1,0,0,0,1
1,0,0,0,1
1,0,0,0,1
1,0,0,0,1
1,0,0,0,1
1,0,0,0,1
1,0,0,0,1
1,0,0,0,1
1,0,0,0,1
1,0,0,0,1
1,0,0,0,1
1,0,0,0,1
1,0,0,0,1
1,0,0,0,1
1,1,2,0,4
1,0,0,0,1
1,0,0,0,1
1,0,0,0,1
1,0,0,0,1
1,0,0,0,1
1,0,0,0,1
1,0,0,0,1
1,0,0,0,1
1,0,0,0,1
1,0,0,0,1
1,0,0,0,1
1,0,0,0,1
1,0,0,0,1
1,0,0,0,1
1,0,0,0,1
1,0,0,0,1
1,0,0,0,1
1,0,0,0,1
1,0,0,0,1
1,0,0,0,1
1,0,0,0,1
3,0,0,0,3
1,0,0,0,1
1,0,0,0,1
1,0,0,0,1
1,0,0,0,1
1,0,0,0,1
1,0,0,0,1
1,0,0,0,1
1,0,0,0,1
1,0,0,0,1
1,0,0,0,1
1,0,0,0,1
1,0,0,0,1
1,0,0,0,1
1,0,0,0,1
1,0,0,0,1
1,0,0,0,1
1,0,0,0,1
1,0,0,0,1
1,0,0,0,1
1,0,0,0,1
1,0,0,0,1
1,0,0,0,1
1,0,0,0,1
1,0,0,0,1
1,0,0,0,1
1,0,0,0,1
1,0,0,0,1
2,0,0,0,2
2,0,0,0,2
3,0,0,0,3
2,0,0,0,2
1,0,0,0,1
1,0,0,0,1
1,0,0,0,1
1,0,0,0,1
1,0,0,0,1
2,0,0,0,2
1,0,0,0,1
1,0,0,0,1
1,0,0,0,1
1,0,0,0,1
1,0,0,0,1
1,0,0,0,1
1,0,0,0,1
1,0,0,0,1
1,0,0,0,1
1,0,0,0,1
2,0,0,0,2
1,0,0,0,1
2,0,0,0,2
1,0,0,0,1
1,0,0,0,1
1,0,0,0,1
1,0,0,0,1
1,0,0,0,1
1,0,0,0,1
1,0,0,0,1
1,0,0,0,1
1,0,0,0,1
1,0,0,0,1
1,0,0,0,1
1,0,0,0,1
1,0,0,0,1
1,0,0,0,1
1,0,0,0,1
1,0,0,0,1
1,0,0,0,1
1,0,0,0,1
1,0,0,0,1
1,0,0,0,1
1,0,0,0,1
1,0,0,0,1
1,0,0,0,1
1,0,0,0,1
1,0,0,0,1
2,0,0,0,2
1,0,0,0,1
1,0,0,0,1
1,0,0,0,1
1,0,0,0,1
1,0,0,0,1
1,0,0,0,1
2,0,0,0,2
2,0,0,0,2
1,0,0,0,1
1,0,0,0,1
1,0,0,0,1
1,0,0,0,1
1,0,0,0,1
1,0,0,0,1
1,0,0,0,1
1,0,0,0,1
1,0,0,0,1
1,0,0,0,1
1,0,0,0,1
1,0,0,0,1
1,0,0,0,1
1,1,0,0,2
1,0,0,0,1
1,0,0,0,1
1,0,0,0,1
1,0,0,0,1
1,0,0,0,1
1,0,0,0,1
1,1,0,0,2
1,0,0,0,1
1,0,0,0,1
1,0,0,0,1
1,0,0,0,1
1,0,0,0,1
1,0,0,0,1
1,0,0,0,1
1,0,0,0,1
1,0,0,0,1
1,0,0,0,1
1,0,0,0,1
1,0,0,0,1
1,0,0,0,1
1,0,0,0,1
1,0,0,0,1
1,0,0,0,1
1,0,0,0,1
2,0,0,0,2
1,0,0,0,1
1,0,0,0,1
1,0,0,0,1
1,0,0,0,1
1,0,0,0,1
1,0,0,0,1
1,0,0,0,1
1,0,0,0,1
1,0,0,0,1
1,0,0,0,1
1,0,0,0,1
1,0,0,0,1
1,0,0,0,1
1,0,0,0,1
1,0,0,0,1
1,0,0,0,1
1,0,0,0,1
1,0,0,0,1
1,0,0,0,1
1,0,0,0,1
1,0,0,0,1
1,0,0,0,1
1,0,0,0,1
1,0,0,0,1
1,0,0,0,1
1,0,0,0,1
1,0,0,0,1
1,0,0,0,1
1,0,0,0,1
1,0,0,0,1
1,0,0,0,1
1,0,0,0,1
1,0,0,0,1
1,0,0,0,1
1,0,0,0,1
1,0,0,0,1
1,0,0,0,1
1,0,0,0,1
1,0,0,0,1
1,0,0,0,1
1,0,0,0,1
1,0,0,0,1
1,0,0,0,1
1,0,0,0,1
1,0,0,0,1
2,0,0,0,2
1,0,0,0,1
3,0,0,0,3
1,0,0,0,1
1,0,0,0,1
1,0,0,0,1
1,0,0,0,1
1,0,0,0,1
1,0,0,0,1
1,0,0,0,1
1,0,0,0,1
1,0,0,0,1
1,0,0,0,1
1,0,0,0,1
1,0,0,0,1
1,0,0,0,1
1,0,0,0,1
1,0,0,0,1
1,0,0,0,1
1,0,0,0,1
1,0,0,0,1
1,0,0,0,1
1,0,0,0,1
1,0,0,0,1
1,0,0,0,1
1,0,0,0,1
2,0,0,0,2
1,0,0,0,1
1,0,0,0,1
1,28,2,0,31
2,2,0,0,4
1,1,0,0,2
1,0,0,0,1
1,0,0,0,1
1,0,0,0,1
1,0,0,0,1
1,0,0,0,1
1,0,0,0,1
1,0,0,0,1
1,0,0,0,1
1,0,0,0,1
1,0,0,0,1
1,0,0,0,1
1,0,0,0,1
1,0,0,0,1
4,0,0,0,4
1,0,0,0,1
1,0,0,0,1
1,0,0,0,1
1,0,0,0,1
1,2,0,0,3
1,0,0,0,1
1,0,0,0,1
1,0,0,0,1
1,0,0,0,1
1,0,0,0,1
2,0,0,0,2
1,0,0,0,1
1,0,0,0,1
1,0,0,0,1
1,0,0,0,1
1,0,0,0,1
1,0,0,0,1
1,0,0,0,1
1,0,0,0,1
1,0,0,0,1
1,0,0,0,1
1,0,0,0,1
1,0,0,0,1
1,0,0,0,1
1,0,0,0,1
1,0,0,0,1
1,0,0,0,1
1,0,0,0,1
1,0,0,0,1
1,0,0,0,1
1,1,0,0,2
1,0,0,0,1
1,0,0,0,1
1,0,0,0,1
2,0,0,0,2
1,0,0,0,1
2,0,0,0,2
1,0,0,0,1
1,0,0,0,1
1,0,0,0,1
1,0,0,0,1
1,0,0,0,1
2,0,0,0,2
1,0,0,0,1
1,0,0,0,1
1,0,0,0,1
1,0,0,0,1
1,0,0,0,1
1,0,0,0,1
1,0,0,0,1
1,0,0,0,1
1,0,0,0,1
1,0,0,0,1
1,0,0,0,1
1,0,0,0,1
1,0,0,0,1
1,0,0,0,1
1,0,0,0,1
1,0,0,0,1
1,0,0,0,1
1,0,0,0,1
1,0,0,0,1
2,0,0,0,2
1,0,0,0,1
1,0,0,0,1
1,0,0,0,1
1,0,0,0,1
1,0,0,0,1
1,0,0,0,1
1,0,0,0,1
1,0,0,0,1
1,0,0,0,1
1,3,1,0,5
1,0,0,0,1
1,0,0,0,1
1,0,0,0,1
1,0,0,0,1
1,0,0,0,1
1,0,0,0,1
1,0,0,0,1
1,0,0,0,1
1,0,0,0,1
1,0,0,0,1
1,0,0,0,1
1,0,0,0,1
3,0,0,0,3
1,0,0,0,1
1,0,0,0,1
1,0,0,0,1
2,0,0,0,2
1,0,0,0,1
1,2,0,0,3
1,0,0,0,1
1,0,0,0,1
1,0,0,0,1
1,0,0,0,1
1,0,0,0,1
1,0,0,0,1
1,0,0,0,1
1,0,0,0,1
1,0,0,0,1
1,0,0,0,1
1,0,0,0,1
1,0,0,0,1
1,0,0,0,1
1,0,0,0,1
1,396,4,0,401
1,0,0,0,1
1,0,0,0,1
1,0,0,0,1
1,0,0,0,1
1,0,0,0,1
1,0,0,0,1
1,0,0,0,1
1,225,0,0,226
1,0,0,0,1
2,0,0,0,2
1,0,0,0,1
1,0,0,0,1
1,0,0,0,1
2,0,0,0,2
1,0,0,0,1
1,0,0,0,1
1,0,0,0,1
1,0,0,0,1
1,0,0,0,1
1,0,0,0,1
1,0,0,0,1
1,0,0,0,1
1,0,0,0,1
1,0,0,0,1
1,0,0,0,1
1,0,0,0,1
1,0,0,0,1
1,0,0,0,1
1,0,0,0,1
1,0,0,0,1
1,0,0,0,1
2,0,0,0,2
1,0,0,0,1
1,0,0,0,1
1,0,0,0,1
2,0,0,0,2
1,0,0,0,1
1,0,0,0,1
1,0,0,0,1
1,0,0,0,1
1,0,0,0,1
1,0,0,0,1
1,0,0,0,1
2,0,0,0,2
1,0,0,0,1
1,0,0,0,1
1,0,0,0,1
1,0,0,0,1
1,0,0,0,1
1,0,0,0,1
1,0,0,0,1
1,0,0,0,1
1,0,0,0,1
1,0,0,0,1
1,0,0,0,1
1,0,0,0,1
1,0,0,0,1
1,0,0,0,1
1,0,0,0,1
1,0,0,0,1
2,0,0,0,2
1,0,0,0,1
1,0,0,0,1
1,0,0,0,1
1,0,0,0,1
2,0,0,0,2
1,0,0,0,1
2,0,0,0,2
1,0,0,0,1
1,0,0,0,1
1,0,0,0,1
1,8,0,0,9
1,0,0,0,1
1,0,0,0,1
1,0,0,0,1
1,1,0,0,2
1,0,0,0,1
1,0,0,0,1
1,0,0,0,1
1,0,0,0,1
1,5,0,0,6
1,0,0,0,1
1,0,0,0,1
1,0,0,0,1
1,0,0,0,1
1,0,0,0,1
1,0,0,0,1
1,0,0,0,1
1,0,0,0,1
1,0,0,0,1
1,0,0,0,1
1,0,0,0,1
1,0,0,0,1
1,0,0,0,1
2,0,0,0,2
1,0,0,0,1
1,0,0,0,1
1,0,0,0,1
1,0,0,0,1
1,0,0,0,1
1,0,0,0,1
1,0,0,0,1
2,1,0,0,3
1,0,0,0,1
2,0,0,0,2
1,0,0,0,1
2,0,0,0,2
1,0,0,0,1
1,0,0,0,1
1,0,0,0,1
1,0,0,0,1
1,0,0,0,1
1,0,0,0,1
1,0,0,0,1
1,0,0,0,1
1,0,0,0,1
1,0,0,0,1
1,0,0,0,1
1,0,0,0,1
1,0,0,0,1
1,2,0,0,3
1,0,0,0,1
2,0,0,0,2
1,0,0,0,1
1,0,0,0,1
1,0,0,0,1
1,0,0,0,1
1,0,0,0,1
1,0,0,0,1
1,0,0,0,1
1,0,0,0,1
1,0,0,0,1
1,0,0,0,1
1,0,0,0,1
1,1,0,0,2
1,0,0,0,1
1,0,0,0,1
1,0,0,0,1
1,0,0,0,1
1,0,0,0,1
1,0,0,0,1
3,0,0,0,3
1,0,0,0,1
1,0,0,0,1
1,0,0,0,1
1,0,0,0,1
1,0,0,0,1
1,0,0,0,1
1,0,0,0,1
1,0,0,0,1
1,0,0,0,1
1,0,0,0,1
1,0,0,0,1
1,0,0,0,1
1,0,0,0,1
1,0,0,0,1
1,0,0,0,1
1,0,0,0,1
1,0,0,0,1
1,0,0,0,1
1,0,0,0,1
1,0,0,0,1
1,0,0,0,1
1,0,0,0,1
1,0,0,0,1
1,0,0,0,1
1,0,0,0,1
1,0,0,0,1
2,0,0,0,2
1,0,0,0,1
1,0,0,0,1
1,0,0,0,1
1,0,0,0,1
1,0,0,0,1
1,0,0,0,1
1,0,0,0,1
1,0,0,0,1
1,0,0,0,1
1,0,0,0,1
1,0,0,0,1
1,0,0,0,1
2,0,0,0,2
1,0,0,0,1
1,0,0,0,1
1,0,0,0,1
1,0,0,0,1
1,0,0,0,1
1,0,0,0,1
1,0,0,0,1
1,0,0,0,1
1,0,0,0,1
1,0,0,0,1
2,0,0,0,2
1,0,0,0,1
1,0,0,0,1
1,0,0,0,1
1,0,0,0,1
1,0,0,0,1
1,0,0,0,1
1,0,0,0,1
1,0,0,0,1
1,0,0,0,1
1,0,0,0,1
1,0,0,0,1
1,0,0,0,1
1,0,0,0,1
1,0,0,0,1
1,0,0,0,1
1,0,0,0,1
1,0,0,0,1
1,0,0,0,1
1,0,0,0,1
1,0,0,0,1
1,0,0,0,1
1,0,0,0,1
1,0,0,0,1
1,0,0,0,1
2,0,0,0,2
1,0,0,0,1
1,0,0,0,1
1,0,0,0,1
1,1,0,0,2
1,0,0,0,1
1,0,0,0,1
1,0,0,0,1
1,0,0,0,1
1,0,0,0,1
1,0,0,0,1
1,0,0,0,1
1,0,0,0,1
1,0,0,0,1
1,0,0,0,1
1,0,0,0,1
1,0,0,0,1
1,0,0,0,1
1,0,0,0,1
1,0,0,0,1
1,0,0,0,1
1,0,0,0,1
1,0,0,0,1
1,0,0,0,1
1,0,0,0,1
1,0,0,0,1
1,0,0,0,1
1,0,0,0,1
1,0,0,0,1
1,0,0,0,1
1,0,0,0,1
2,0,0,0,2
1,0,0,0,1
1,0,0,0,1
1,0,0,0,1
1,0,0,0,1
1,0,0,0,1
1,0,0,0,1
1,0,0,0,1
1,0,0,0,1
1,0,0,0,1
1,2,0,0,3
1,0,0,0,1
1,0,0,0,1
1,0,0,0,1
1,0,0,0,1
1,0,0,0,1
1,0,0,0,1
1,0,0,0,1
1,0,0,0,1
2,0,0,0,2
2,0,0,0,2
3,2,0,0,5
1,0,0,0,1
1,1,0,0,2
1,0,0,0,1
1,0,0,0,1
1,0,0,0,1
1,0,0,0,1
1,0,0,0,1
1,0,0,0,1
1,0,0,0,1
1,0,0,0,1
1,0,0,0,1
1,0,0,0,1
1,0,0,0,1
1,0,0,0,1
2,0,0,0,2
1,0,0,0,1
1,0,0,0,1
1,0,0,0,1
1,0,0,0,1
1,0,0,0,1
1,0,0,0,1
1,0,0,0,1
1,0,0,0,1
1,0,0,0,1
1,0,0,0,1
1,0,0,0,1
1,0,0,0,1
1,0,0,0,1
1,0,0,0,1
1,0,0,0,1
1,0,0,0,1
1,0,0,0,1
1,0,0,0,1
1,0,0,0,1
1,0,0,0,1
1,0,0,0,1
1,0,0,0,1
1,0,0,0,1
1,0,0,0,1
1,0,0,0,1
1,0,0,0,1
1,0,0,0,1
1,0,0,0,1
1,0,0,0,1
1,0,0,0,1
1,0,0,0,1
1,0,0,0,1
1,0,0,0,1
1,0,0,0,1
1,0,0,0,1
1,0,0,0,1
2,0,0,0,2
1,0,0,0,1
1,0,0,0,1
1,0,0,0,1
1,0,0,0,1
1,0,0,0,1
1,0,0,0,1
1,0,0,0,1
1,0,0,0,1
1,0,0,0,1
2,0,0,0,2
1,0,0,0,1
1,0,0,0,1
1,0,0,0,1
1,0,0,0,1
1,0,0,0,1
1,0,0,0,1
1,0,0,0,1
1,0,0,0,1
1,0,0,0,1
1,0,0,0,1
1,0,0,0,1
1,0,0,0,1
1,0,0,0,1
1,0,0,0,1
1,0,0,0,1
1,0,0,0,1
1,0,0,0,1
1,0,0,0,1
1,0,0,0,1
1,0,0,0,1
1,0,0,0,1
1,0,0,0,1
1,0,0,0,1
1,0,0,0,1
1,0,0,0,1
1,0,0,0,1
1,0,0,0,1
1,0,0,0,1
2,0,0,0,2
1,0,0,0,1
1,0,0,0,1
3,0,0,0,3
1,0,0,0,1
1,0,0,0,1
1,0,0,0,1
1,0,0,0,1
1,0,0,0,1
1,0,0,0,1
1,0,0,0,1
1,0,0,0,1
1,0,0,0,1
2,0,0,0,2
1,2,0,0,3
1,0,0,0,1
1,0,0,0,1
1,0,0,0,1
1,0,0,0,1
1,0,0,0,1
2,0,0,0,2
2,0,0,0,2
1,0,0,0,1
2,0,0,0,2
1,0,0,0,1
1,0,0,0,1
1,0,0,0,1
2,0,0,0,2
1,0,0,0,1
1,0,0,0,1
1,0,0,0,1
1,0,0,0,1
1,0,0,0,1
1,0,0,0,1
1,1,0,0,2
1,0,0,0,1
1,0,0,0,1
1,0,0,0,1
1,0,0,0,1
1,0,0,0,1
1,0,0,0,1
1,0,0,0,1
1,0,0,0,1
1,0,0,0,1
1,0,0,0,1
2,0,0,0,2
1,0,0,0,1
1,0,0,0,1
1,0,0,0,1
1,0,0,0,1
1,0,0,0,1
1,0,0,0,1
1,0,0,0,1
1,0,0,0,1
1,0,0,0,1
1,0,0,0,1
1,0,0,0,1
1,0,0,0,1
1,0,0,0,1
1,0,0,0,1
1,0,0,0,1
1,0,0,0,1
1,0,0,0,1
1,0,0,0,1
1,0,0,0,1
1,0,0,0,1
1,0,0,0,1
1,0,0,0,1
1,0,0,0,1
1,0,0,0,1
1,0,0,0,1
1,0,0,0,1
1,0,0,0,1
1,0,0,0,1
1,0,0,0,1
1,0,0,0,1
1,0,0,0,1
1,0,0,0,1
1,0,0,0,1
1,0,0,0,1
1,0,0,0,1
1,0,0,0,1
1,0,0,0,1
1,0,0,0,1
1,0,0,0,1
1,0,0,0,1
1,0,0,0,1
2,0,0,0,2
1,0,0,0,1
1,0,0,0,1
1,0,0,0,1
1,0,0,0,1
2,0,0,0,2
1,0,0,0,1
1,0,0,0,1
2,0,0,0,2
1,0,0,0,1
1,0,0,0,1
1,0,0,0,1
1,0,0,0,1
1,0,0,0,1
1,0,0,0,1
1,0,0,0,1
1,0,0,0,1
1,0,0,0,1
1,0,0,0,1
1,0,0,0,1
1,0,0,0,1
1,0,0,0,1
1,0,0,0,1
1,0,0,0,1
1,0,0,0,1
1,0,0,0,1
1,0,0,0,1
1,0,0,0,1
1,0,0,0,1
1,0,0,0,1
1,0,0,0,1
1,0,0,0,1
1,0,0,0,1
1,0,0,0,1
1,0,0,0,1
1,0,0,0,1
1,0,0,0,1
1,0,0,0,1
1,0,0,0,1
1,0,0,0,1
1,0,0,0,1
1,0,0,0,1
1,0,0,0,1
2,0,0,0,2
1,0,0,0,1
1,0,0,0,1
1,0,0,0,1
2,0,0,0,2
1,0,0,0,1
1,0,0,0,1
1,0,0,0,1
1,1,0,0,2
1,0,0,0,1
1,0,0,0,1
1,0,0,0,1
1,0,0,0,1
1,0,0,0,1
1,0,0,0,1
1,0,0,0,1
1,0,0,0,1
1,1,0,0,2
2,0,0,0,2
1,0,0,0,1
2,0,0,0,2
1,0,0,0,1
1,0,0,0,1
1,0,0,0,1
3,0,0,0,3
1,0,0,0,1
1,0,0,0,1
1,0,0,0,1
1,0,0,0,1
1,0,0,0,1
1,0,0,0,1
1,0,0,0,1
1,0,0,0,1
1,0,0,0,1
1,0,0,0,1
1,0,0,0,1
1,0,0,0,1
1,0,1,0,2
1,0,0,0,1
1,0,0,0,1
1,0,0,0,1
1,0,0,0,1
1,0,0,0,1
1,0,0,0,1
1,0,0,0,1
1,0,0,0,1
1,0,0,0,1
1,0,0,0,1
1,0,0,0,1
1,0,0,0,1
1,0,0,0,1
1,0,0,0,1
1,0,0,0,1
1,0,0,0,1
1,0,0,0,1
1,0,0,0,1
1,0,0,0,1
1,0,0,0,1
1,0,0,0,1
1,0,0,0,1
1,0,0,0,1
4,0,0,0,4
2,0,0,0,2
1,0,0,0,1
1,0,0,0,1
1,0,0,0,1
1,1,0,0,2
1,0,0,0,1
1,0,0,0,1
1,4,0,0,5
1,0,0,0,1
1,0,0,0,1
1,0,0,0,1
1,0,0,0,1
1,0,0,0,1
2,0,0,0,2
2,0,0,0,2
1,0,0,0,1
1,0,0,0,1
1,0,0,0,1
1,0,0,0,1
1,0,0,0,1
1,0,0,0,1
1,0,0,0,1
1,0,0,0,1
1,0,0,0,1
1,0,0,0,1
1,0,0,0,1
1,0,0,0,1
1,0,0,0,1
1,0,0,0,1
1,0,0,0,1
1,0,0,0,1
1,0,0,0,1
2,0,0,0,2
1,0,0,0,1
1,108,0,0,109
1,0,0,0,1
1,0,0,0,1
2,0,0,0,2
1,0,0,0,1
1,0,0,0,1
1,0,0,0,1
1,0,0,0,1
1,0,0,0,1
1,0,0,0,1
1,0,0,0,1
1,0,0,0,1
1,0,0,0,1
1,0,0,0,1
1,0,0,0,1
1,0,0,0,1
1,0,0,0,1
1,0,0,0,1
1,0,0,0,1
1,0,0,0,1
1,0,0,0,1
1,0,0,0,1
1,0,0,0,1
1,0,0,0,1
1,0,0,0,1
1,0,0,0,1
1,0,0,0,1
1,0,0,0,1
1,0,0,0,1
1,0,0,0,1
1,0,0,0,1
1,0,0,0,1
1,0,0,0,1
1,0,0,0,1
1,0,0,0,1
1,0,0,0,1
1,0,0,0,1
1,0,0,0,1
1,0,0,0,1
1,0,0,0,1
1,0,0,0,1
1,0,0,0,1
1,0,0,0,1
1,0,0,0,1
2,0,0,0,2
1,0,0,0,1
2,0,0,0,2
1,0,0,0,1
1,0,0,0,1
1,0,0,0,1
1,0,0,0,1
2,0,0,0,2
1,0,0,0,1
1,0,0,0,1
1,0,0,0,1
1,0,0,0,1
1,0,0,0,1
1,0,0,0,1
1,0,0,0,1
2,0,0,0,2
1,0,0,0,1
1,0,0,0,1
1,0,0,0,1
1,0,0,0,1
3,0,0,0,3
2,2,3,0,7
1,0,0,0,1
1,0,0,0,1
1,0,0,0,1
1,0,0,0,1
2,0,0,0,2
1,0,0,0,1
1,0,0,0,1
1,0,0,0,1
1,0,0,0,1
1,0,0,0,1
1,0,0,0,1
1,0,2,0,3
1,0,0,0,1
1,0,0,0,1
1,0,0,0,1
1,0,0,0,1
1,0,0,0,1
1,0,0,0,1
1,0,0,0,1
1,0,0,0,1
1,0,0,0,1
2,0,0,0,2
1,0,0,0,1
1,0,0,0,1
1,0,0,0,1
1,0,0,0,1
1,0,0,0,1
1,0,0,0,1
1,0,0,0,1
1,0,0,0,1
1,0,0,0,1
1,0,0,0,1
1,0,0,0,1
1,0,0,0,1
1,0,0,0,1
1,0,0,0,1
2,0,0,0,2
1,0,0,0,1
1,0,0,0,1
1,0,0,0,1
1,0,0,0,1
1,0,0,0,1
1,0,0,0,1
1,0,0,0,1
1,0,0,0,1
1,0,0,0,1
1,0,0,0,1
1,0,0,0,1
1,0,0,0,1
1,0,0,0,1
1,0,0,0,1
1,0,0,0,1
1,0,0,0,1
1,0,0,0,1
1,0,0,0,1
1,0,0,0,1
1,0,0,0,1
1,0,0,0,1
1,0,0,0,1
1,0,0,0,1
1,0,0,0,1
1,0,0,0,1
1,0,0,0,1
1,0,0,0,1
1,0,0,0,1
1,0,0,0,1
1,0,0,0,1
1,0,0,0,1
1,0,0,0,1
1,0,0,0,1
1,0,0,0,1
1,0,0,0,1
1,0,0,0,1
1,0,0,0,1
1,0,0,0,1
1,0,0,0,1
2,0,0,0,2
1,0,0,0,1
1,0,0,0,1
1,0,0,0,1
1,0,0,0,1
1,0,0,0,1
1,0,0,0,1
1,0,0,0,1
1,0,0,0,1
1,0,0,0,1
1,0,0,0,1
1,0,0,0,1
1,0,0,0,1
1,0,0,0,1
1,0,0,0,1
1,0,0,0,1
1,0,0,0,1
2,0,0,0,2
1,0,0,0,1
1,0,0,0,1
1,0,0,0,1
1,0,0,0,1
1,0,0,0,1
1,0,0,0,1
1,0,0,0,1
1,0,0,0,1
1,0,0,0,1
1,0,0,0,1
1,0,0,0,1
1,0,0,0,1
1,0,0,0,1
1,0,0,0,1
1,0,0,0,1
1,0,0,0,1
1,0,0,0,1
1,0,0,0,1
2,0,0,0,2
1,0,0,0,1
1,0,0,0,1
1,0,0,0,1
1,0,0,0,1
1,0,0,0,1
1,0,0,0,1
1,0,0,0,1
1,0,0,0,1
1,0,0,0,1
1,0,0,0,1
1,0,0,0,1
1,0,0,0,1
1,0,0,0,1
1,0,0,0,1
1,0,0,0,1
1,0,0,0,1
1,0,0,0,1
1,0,0,0,1
1,0,0,0,1
1,0,0,0,1
1,0,0,0,1
1,0,0,0,1
1,0,0,0,1
1,0,0,0,1
1,0,0,0,1
1,0,0,0,1
1,0,0,0,1
1,0,0,0,1
1,0,0,0,1
1,0,0,0,1
1,0,0,0,1
1,0,0,0,1
1,0,0,0,1
1,0,0,0,1
1,0,0,0,1
1,0,0,0,1
1,0,0,0,1
1,0,0,0,1
1,0,0,0,1
1,0,0,0,1
1,0,0,0,1
2,0,0,0,2
1,0,0,0,1
1,0,0,0,1
1,0,0,0,1
1,0,0,0,1
3,1,1,0,5
1,0,0,0,1
1,0,0,0,1
1,0,0,0,1
1,0,0,0,1
1,0,0,0,1
1,0,0,0,1
1,0,0,0,1
1,0,0,0,1
1,0,0,0,1
1,0,0,0,1
3,0,0,0,3
1,0,0,0,1
1,0,0,0,1
1,0,0,0,1
1,0,0,0,1
1,0,0,0,1
1,0,0,0,1
1,0,0,0,1
1,0,0,0,1
1,0,0,0,1
1,0,0,0,1
1,0,0,0,1
1,0,0,0,1
1,0,0,0,1
1,0,0,0,1
1,0,0,0,1
1,0,0,0,1
1,0,0,0,1
1,0,0,0,1
2,0,0,0,2
1,0,0,0,1
1,0,0,0,1
1,0,0,0,1
1,0,0,0,1
1,0,0,0,1
2,0,0,0,2
1,0,0,0,1
1,0,0,0,1
1,0,0,0,1
1,0,0,0,1
1,0,0,0,1
1,0,0,0,1
1,0,0,0,1
1,0,0,0,1
1,0,0,0,1
1,0,0,0,1
1,0,0,0,1
1,0,0,0,1
1,0,0,0,1
1,0,0,0,1
1,0,0,0,1
1,0,0,0,1
1,0,0,0,1
1,0,0,0,1
1,0,0,0,1
1,0,0,0,1
1,0,0,0,1
1,0,0,0,1
1,0,0,0,1
1,0,0,0,1
1,0,0,0,1
1,0,0,0,1
1,0,0,0,1
1,0,0,0,1
1,0,0,0,1
1,0,0,0,1
1,0,0,0,1
1,0,0,0,1
1,0,0,0,1
1,0,0,0,1
2,0,0,0,2
1,0,0,0,1
1,0,0,0,1
1,0,0,0,1
1,0,0,0,1
1,0,0,0,1
1,0,0,0,1
1,0,0,0,1
1,0,0,0,1
1,0,0,0,1
1,0,0,0,1
1,0,0,0,1
1,0,0,0,1
1,0,0,0,1
1,0,0,0,1
1,0,0,0,1
1,0,0,0,1
1,0,0,0,1
1,0,0,0,1
1,0,0,0,1
1,0,0,0,1
1,0,0,0,1
1,0,0,0,1
1,0,0,0,1
1,0,0,0,1
1,0,0,0,1
1,0,0,0,1
1,0,0,0,1
1,0,0,0,1
1,0,0,0,1
1,0,0,0,1
1,0,0,0,1
1,0,0,0,1
1,0,0,0,1
1,0,0,0,1
1,0,0,0,1
1,0,0,0,1
1,0,0,0,1
1,0,0,0,1
1,0,0,0,1
1,0,0,0,1
1,0,0,0,1
1,0,0,0,1
1,0,0,0,1
1,0,0,0,1
1,0,0,0,1
1,0,0,0,1
1,0,0,0,1
2,0,0,0,2
1,0,0,0,1
1,0,0,0,1
1,2,0,0,3
1,0,0,0,1
1,0,0,0,1
1,0,0,0,1
1,0,0,0,1
1,0,0,0,1
1,0,0,0,1
1,0,0,0,1
1,0,0,0,1
1,0,0,0,1
1,0,0,0,1
1,0,0,0,1
1,0,0,0,1
1,0,0,0,1
1,0,0,0,1
1,0,0,0,1
1,0,0,0,1
1,7,0,0,8
1,0,0,0,1
1,0,0,0,1
1,0,0,0,1
1,0,0,0,1
1,0,0,0,1
1,0,0,0,1
1,0,0,0,1
1,0,0,0,1
1,0,0,0,1
1,0,0,0,1
2,2,0,0,4
1,0,0,0,1
2,0,0,0,2
1,0,0,0,1
1,0,0,0,1
1,0,0,0,1
1,0,0,0,1
1,0,0,0,1
1,0,0,0,1
1,0,0,0,1
1,0,0,0,1
1,0,0,0,1
1,0,0,0,1
1,1,0,0,2
1,1,1,0,3
1,2,0,0,3
1,0,0,0,1
1,0,0,0,1
1,0,0,0,1
3,0,0,0,3
1,0,0,0,1
1,0,0,0,1
1,0,0,0,1
1,0,0,0,1
2,0,0,0,2
1,0,0,0,1
1,0,0,0,1
1,0,0,0,1
1,0,0,0,1
2,0,0,0,2
2,0,0,0,2
3,0,0,0,3
3,0,0,0,3
1,0,0,0,1
1,0,0,0,1
1,0,0,0,1
1,0,0,0,1
1,0,0,0,1
1,0,0,0,1
1,0,0,0,1
1,0,0,0,1
1,0,0,0,1
1,0,0,0,1
2,0,0,0,2
1,0,0,0,1
1,0,0,0,1
1,0,0,0,1
1,0,0,0,1
1,0,0,0,1
1,11,0,0,12
1,0,0,0,1
1,0,0,0,1
1,0,0,0,1
1,0,0,0,1
3,0,0,0,3
1,0,0,0,1
1,0,0,0,1
2,0,0,0,2
1,0,0,0,1
1,0,0,0,1
1,0,0,0,1
1,0,0,0,1
1,0,0,0,1
1,0,0,0,1
1,0,0,0,1
1,0,0,0,1
2,0,0,0,2
1,0,0,0,1
1,0,0,0,1
1,0,0,0,1
1,0,0,0,1
1,0,0,0,1
1,0,0,0,1
1,0,0,0,1
1,0,0,0,1
1,0,0,0,1
1,0,0,0,1
1,0,0,0,1
1,0,0,0,1
1,0,0,0,1
4,22,0,0,26
1,0,0,0,1
1,0,0,0,1
1,0,0,0,1
1,0,0,0,1
1,0,0,0,1
1,0,0,0,1
1,0,0,0,1
2,0,0,0,2
1,0,0,0,1
1,0,0,0,1
1,0,0,0,1
1,0,0,0,1
1,0,0,0,1
1,0,0,0,1
1,0,0,0,1
1,0,0,0,1
1,0,0,0,1
1,0,0,0,1
1,0,0,0,1
2,0,0,0,2
1,0,0,0,1
1,0,0,0,1
1,0,0,0,1
1,0,0,0,1
1,0,0,0,1
1,0,0,0,1
1,0,0,0,1
1,0,0,0,1
1,0,0,0,1
1,0,0,0,1
1,0,0,0,1
1,0,0,0,1
1,0,0,0,1
1,0,0,0,1
1,0,0,0,1
1,0,0,0,1
2,0,0,0,2
1,0,0,0,1
1,0,0,0,1
1,0,0,0,1
1,0,0,0,1
1,0,0,0,1
1,0,0,0,1
1,0,0,0,1
1,0,0,0,1
1,0,0,0,1
1,0,0,0,1
1,0,0,0,1
1,3,0,0,4
2,0,0,0,2
1,0,0,0,1
1,0,0,0,1
1,0,0,0,1
1,0,0,0,1
2,0,0,0,2
1,0,0,0,1
1,0,0,0,1
1,0,0,0,1
1,0,0,0,1
1,0,0,0,1
1,0,0,0,1
1,0,0,0,1
1,0,0,0,1
1,0,0,0,1
1,0,0,0,1
1,0,0,0,1
2,0,0,0,2
2,0,0,0,2
1,0,0,0,1
1,0,0,0,1
1,0,0,0,1
1,0,0,0,1
1,0,0,0,1
1,0,0,0,1
1,0,0,0,1
1,0,0,0,1
1,0,0,0,1
1,0,0,0,1
1,0,0,0,1
1,0,0,0,1
1,0,0,0,1
1,0,0,0,1
1,0,0,0,1
1,0,0,0,1
2,0,0,0,2
1,0,0,0,1
1,0,0,0,1
1,0,0,0,1
1,0,0,0,1
1,0,0,0,1
1,0,0,0,1
1,0,0,0,1
1,0,0,0,1
1,3,0,0,4
1,0,0,0,1
1,0,0,0,1
1,0,0,0,1
1,0,0,0,1
1,0,0,0,1
2,0,0,0,2
1,0,0,0,1
1,0,0,0,1
1,0,0,0,1
1,0,0,0,1
1,0,0,0,1
1,0,0,0,1
1,0,0,0,1
1,0,0,0,1
1,0,0,0,1
1,0,0,0,1
1,0,0,0,1
1,0,0,0,1
1,0,0,0,1
1,0,0,0,1
1,0,0,0,1
1,0,0,0,1
1,0,0,0,1
1,0,0,0,1
1,0,0,0,1
1,7,0,0,8
1,0,1,0,2
1,0,0,0,1
1,0,0,0,1
1,4,0,0,5
1,0,0,0,1
1,0,0,0,1
1,0,0,0,1
1,0,0,0,1
1,1,0,0,2
1,0,0,0,1
1,0,0,0,1
1,0,0,0,1
1,0,0,0,1
1,0,0,0,1
1,0,0,0,1
1,0,0,0,1
1,0,0,0,1
2,0,0,0,2
1,0,0,0,1
1,0,0,0,1
1,0,0,0,1
1,0,0,0,1
1,0,0,0,1
1,0,0,0,1
1,0,0,0,1
1,0,0,0,1
1,0,0,0,1
1,0,0,0,1
1,0,0,0,1
1,0,0,0,1
2,0,0,0,2
1,0,0,0,1
1,0,0,0,1
1,0,0,0,1
1,0,0,0,1
1,0,0,0,1
1,0,0,0,1
1,0,0,0,1
1,0,0,0,1
2,0,0,0,2
2,0,0,0,2
1,0,0,0,1
1,0,0,0,1
1,0,0,0,1
1,0,0,0,1
1,0,0,0,1
1,0,0,0,1
1,0,0,0,1
1,0,0,0,1
1,0,0,0,1
1,0,0,0,1
1,0,0,0,1
1,0,0,0,1
1,0,0,0,1
2,0,0,0,2
1,0,0,0,1
1,0,0,0,1
1,0,0,0,1
1,0,0,0,1
1,0,0,0,1
1,0,0,0,1
1,0,0,0,1
1,0,0,0,1
1,0,0,0,1
1,0,0,0,1
1,0,0,0,1
1,0,0,0,1
1,0,0,0,1
1,0,0,0,1
1,0,0,0,1
1,0,0,0,1
1,0,0,0,1
1,0,0,0,1
1,0,0,0,1
1,0,0,0,1
1,0,0,0,1
1,0,0,0,1
2,0,0,0,2
1,0,0,0,1
1,0,0,0,1
1,0,0,0,1
1,0,0,0,1
1,0,0,0,1
1,0,0,0,1
1,0,0,0,1
1,0,0,0,1
1,0,0,0,1
1,0,0,0,1
1,0,0,0,1
1,0,0,0,1
1,0,0,0,1
1,0,0,0,1
2,0,0,0,2
1,0,0,0,1
1,0,0,0,1
1,0,0,0,1
1,0,0,0,1
1,0,0,0,1
1,0,0,0,1
1,0,0,0,1
1,0,0,0,1
1,0,0,0,1
1,0,0,0,1
1,0,0,0,1
1,0,0,0,1
1,0,0,0,1
1,0,0,0,1
1,0,0,0,1
1,0,0,0,1
1,0,0,0,1
2,0,0,0,2
1,0,0,0,1
1,0,0,0,1
1,0,0,0,1
1,0,0,0,1
1,0,0,0,1
1,0,0,0,1
1,0,0,0,1
1,0,0,0,1
1,0,0,0,1
1,0,0,0,1
1,0,0,0,1
1,0,0,0,1
1,0,0,0,1
1,0,0,0,1
1,0,0,0,1
1,0,0,0,1
1,0,0,0,1
1,0,0,0,1
1,0,0,0,1
1,0,0,0,1
1,0,0,0,1
1,0,0,0,1
1,0,0,0,1
1,0,0,0,1
1,0,0,0,1
1,0,0,0,1
4,0,0,0,4
1,0,0,0,1
1,0,0,0,1
1,0,0,0,1
1,0,0,0,1
1,0,0,0,1
1,0,0,0,1
1,0,0,0,1
1,0,0,0,1
1,0,0,0,1
1,0,0,0,1
1,0,0,0,1
1,0,0,0,1
1,0,0,0,1
1,0,0,0,1
1,0,0,0,1
1,0,0,0,1
1,0,0,0,1
1,0,0,0,1
1,0,0,0,1
3,0,0,0,3
1,0,0,0,1
2,0,0,0,2
1,0,0,0,1
1,0,0,0,1
1,0,0,0,1
1,0,0,0,1
1,0,0,0,1
1,0,0,0,1
1,0,0,0,1
2,0,0,0,2
1,0,0,0,1
1,0,0,0,1
1,0,0,0,1
2,0,0,0,2
1,0,0,0,1
1,0,0,0,1
1,0,0,0,1
1,0,0,0,1
1,0,0,0,1
1,0,0,0,1
1,0,0,0,1
1,0,0,0,1
1,0,0,0,1
1,0,0,0,1
1,0,0,0,1
1,0,0,0,1
1,0,0,0,1
1,0,0,0,1
1,0,0,0,1
1,0,0,0,1
1,0,0,0,1
1,0,0,0,1
1,0,0,0,1
1,0,0,0,1
2,0,0,0,2
1,0,0,0,1
1,0,0,0,1
1,0,0,0,1
1,0,0,0,1
1,0,0,0,1
1,0,0,0,1
1,0,0,0,1
1,0,0,0,1
1,0,0,0,1
2,0,0,0,2
1,0,0,0,1
1,0,0,0,1
1,0,0,0,1
1,0,0,0,1
1,0,0,0,1
1,0,0,0,1
1,0,0,0,1
1,0,0,0,1
1,0,0,0,1
1,0,0,0,1
1,0,0,0,1
1,0,0,0,1
1,0,0,0,1
1,0,0,0,1
1,0,0,0,1
1,0,0,0,1
1,0,0,0,1
2,0,0,0,2
1,0,0,0,1
1,6,0,0,7
1,0,0,0,1
1,0,0,0,1
1,0,0,0,1
1,0,0,0,1
1,0,0,0,1
1,0,0,0,1
1,0,0,0,1
1,0,0,0,1
1,0,0,0,1
2,0,0,0,2
1,0,0,0,1
1,0,0,0,1
1,0,0,0,1
1,0,0,0,1
1,0,0,0,1
1,0,0,0,1
1,0,0,0,1
1,0,0,0,1
1,0,0,0,1
1,0,0,0,1
1,0,0,0,1
1,0,0,0,1
1,0,0,0,1
1,0,0,0,1
2,0,0,0,2
1,0,0,0,1
1,0,0,0,1
1,0,0,0,1
1,2,0,0,3
1,0,0,0,1
1,0,0,0,1
1,0,0,0,1
1,0,0,0,1
1,0,0,0,1
1,0,0,0,1
2,0,0,0,2
1,0,0,0,1
1,0,0,0,1
1,0,0,0,1
1,0,0,0,1
1,0,0,0,1
1,0,0,0,1
1,0,0,0,1
1,0,0,0,1
1,0,0,0,1
1,0,0,0,1
1,0,0,0,1
1,0,0,0,1
1,0,0,0,1
1,0,0,0,1
1,0,0,0,1
1,0,0,0,1
1,0,0,0,1
1,0,0,0,1
1,0,0,0,1
1,0,0,0,1
1,0,0,0,1
1,0,0,0,1
1,0,0,0,1
1,0,0,0,1
1,0,0,0,1
1,0,0,0,1
1,0,0,0,1
1,0,0,0,1
1,0,0,0,1
1,0,0,0,1
1,0,0,0,1
1,0,0,0,1
1,0,0,0,1
1,0,0,0,1
1,0,0,0,1
1,0,0,0,1
1,0,0,0,1
1,0,0,0,1
1,0,0,0,1
1,0,0,0,1
1,0,0,0,1
1,0,0,0,1
1,0,0,0,1
1,0,0,0,1
1,0,0,0,1
1,0,0,0,1
1,0,0,0,1
1,0,0,0,1
1,0,0,0,1
1,0,0,0,1
1,0,0,0,1
1,3,0,0,4
1,0,0,0,1
1,0,0,0,1
2,0,0,0,2
1,0,0,0,1
1,0,0,0,1
1,0,0,0,1
1,0,0,0,1
1,0,0,0,1
1,0,0,0,1
1,0,0,0,1
1,0,0,0,1
1,0,0,0,1
1,0,0,0,1
1,2,0,0,3
1,0,0,0,1
1,0,0,0,1
1,0,0,0,1
1,0,0,0,1
2,1,0,0,3
2,0,0,0,2
1,0,0,0,1
2,0,0,0,2
1,0,0,0,1
1,0,0,0,1
1,0,0,0,1
1,0,0,0,1
1,0,0,0,1
1,0,0,0,1
1,0,0,0,1
1,0,0,0,1
1,0,0,0,1
1,0,0,0,1
1,0,0,0,1
1,0,0,0,1
1,0,0,0,1
1,0,0,0,1
1,0,0,0,1
1,0,0,0,1
2,0,0,0,2
1,0,0,0,1
1,0,0,0,1
1,0,0,0,1
1,0,0,0,1
1,0,0,0,1
1,0,0,0,1
1,0,0,0,1
1,0,0,0,1
1,0,0,0,1
2,0,0,0,2
1,0,0,0,1
1,0,0,0,1
1,0,0,0,1
1,0,0,0,1
1,0,0,0,1
1,0,0,0,1
1,0,0,0,1
1,0,0,0,1
2,0,0,0,2
1,0,0,0,1
1,0,0,0,1
1,0,0,0,1
1,1,0,0,2
1,0,0,0,1
1,0,0,0,1
1,0,0,0,1
1,0,0,0,1
1,0,0,0,1
1,0,0,0,1
1,0,0,0,1
1,0,0,0,1
1,0,0,0,1
1,0,0,0,1
1,0,0,0,1
1,0,0,0,1
1,0,0,0,1
1,0,0,0,1
1,0,0,0,1
1,0,0,0,1
1,0,0,0,1
1,0,0,0,1
1,0,0,0,1
1,0,0,0,1
1,0,0,0,1
1,0,0,0,1
2,0,0,0,2
1,0,0,0,1
1,0,0,0,1
1,0,0,0,1
1,0,0,0,1
1,0,0,0,1
1,0,0,0,1
1,0,0,0,1
1,0,0,0,1
1,0,0,0,1
1,0,0,0,1
1,0,0,0,1
1,0,0,0,1
1,0,0,0,1
1,0,0,0,1
1,1,0,0,2
1,0,0,0,1
1,0,0,0,1
1,0,0,0,1
1,0,0,0,1
2,0,0,0,2
1,0,0,0,1
1,0,0,0,1
1,0,0,0,1
1,0,0,0,1
1,0,0,0,1
1,0,0,0,1
1,0,0,0,1
1,0,0,0,1
1,0,0,0,1
1,0,0,0,1
1,0,0,0,1
1,0,0,0,1
1,0,0,0,1
1,0,0,0,1
1,0,0,0,1
1,0,0,0,1
1,0,0,0,1
1,0,0,0,1
1,0,0,0,1
1,0,0,0,1
1,0,0,0,1
1,0,0,0,1
1,0,0,0,1
1,0,0,0,1
1,0,0,0,1
1,0,0,0,1
1,0,0,0,1
2,0,0,0,2
1,0,0,0,1
1,0,0,0,1
1,0,0,0,1
1,0,0,0,1
1,0,0,0,1
1,0,0,0,1
1,0,0,0,1
1,0,0,0,1
2,0,0,0,2
1,0,0,0,1
1,0,0,0,1
1,0,0,0,1
1,0,0,0,1
1,0,0,0,1
1,0,0,0,1
1,0,0,0,1
1,0,0,0,1
2,5,0,0,7
1,0,0,0,1
2,0,0,0,2
1,0,0,0,1
1,0,0,0,1
1,0,0,0,1
1,0,0,0,1
1,0,0,0,1
1,0,0,0,1
1,0,0,0,1
1,0,0,0,1
1,0,0,0,1
1,0,0,0,1
1,0,0,0,1
1,0,0,0,1
1,2,1,0,4
1,0,0,0,1
1,1,0,0,2
1,8,0,0,9
1,0,0,0,1
1,0,0,0,1
1,0,0,0,1
1,0,0,0,1
1,0,0,0,1
1,0,0,0,1
1,0,0,0,1
1,0,0,0,1
1,0,0,0,1
1,0,0,0,1
1,0,0,0,1
1,0,0,0,1
1,0,0,0,1
1,0,0,0,1
2,0,0,0,2
1,0,0,0,1
1,0,0,0,1
1,0,0,0,1
1,0,0,0,1
1,0,0,0,1
1,0,0,0,1
2,0,0,0,2
1,0,0,0,1
1,0,0,0,1
1,0,0,0,1
1,0,0,0,1
1,0,0,0,1
1,0,0,0,1
1,0,0,0,1
1,0,0,0,1
1,0,0,0,1
2,0,0,0,2
1,0,0,0,1
1,0,0,0,1
1,0,0,0,1
1,0,0,0,1
1,0,0,0,1
1,0,0,0,1
1,0,0,0,1
1,0,0,0,1
1,0,0,0,1
1,0,0,0,1
1,0,0,0,1
1,0,0,0,1
1,0,0,0,1
1,0,0,0,1
1,0,0,0,1
1,3,0,0,4
1,0,0,0,1
1,0,0,0,1
1,0,0,0,1
1,0,0,0,1
1,0,0,0,1
2,0,0,0,2
1,0,0,0,1
1,0,0,0,1
1,0,0,0,1
1,0,0,0,1
1,0,0,0,1
1,0,0,0,1
1,0,0,0,1
1,0,0,0,1
2,0,0,0,2
1,0,0,0,1
1,0,0,0,1
1,0,0,0,1
1,0,0,0,1
1,0,0,0,1
1,0,0,0,1
1,0,0,0,1
1,0,0,0,1
1,0,0,0,1
1,0,0,0,1
1,0,0,0,1
1,0,0,0,1
1,0,0,0,1
1,0,0,0,1
1,6,0,0,7
1,0,0,0,1
1,0,0,0,1
1,0,0,0,1
1,0,0,0,1
1,0,0,0,1
1,0,0,0,1
1,0,0,0,1
1,0,0,0,1
1,0,0,0,1
1,0,0,0,1
1,0,0,0,1
1,0,0,0,1
1,4,0,0,5
1,0,0,0,1
1,0,0,0,1
3,0,0,0,3
1,0,0,0,1
1,0,0,0,1
1,0,0,0,1
1,0,0,0,1
1,0,0,0,1
1,0,0,0,1
1,0,0,0,1
1,0,0,0,1
1,0,0,0,1
1,0,0,0,1
1,0,0,0,1
1,0,0,0,1
1,0,0,0,1
1,0,0,0,1
1,0,0,0,1
1,0,0,0,1
1,0,0,0,1
1,0,0,0,1
1,0,0,0,1
1,0,0,0,1
1,0,0,0,1
1,0,0,0,1
1,0,0,0,1
1,0,0,0,1
1,0,0,0,1
1,0,0,0,1
1,0,0,0,1
1,0,0,0,1
1,0,0,0,1
1,0,0,0,1
1,0,0,0,1
1,0,0,0,1
1,0,0,0,1
1,0,0,0,1
1,0,0,0,1
1,0,0,0,1
1,0,0,0,1
1,0,0,0,1
1,0,0,0,1
1,0,0,0,1
1,0,0,0,1
1,0,0,0,1
1,0,0,0,1
1,0,0,0,1
1,0,0,0,1
1,0,0,0,1
1,0,0,0,1
1,0,0,0,1
1,0,0,0,1
1,0,0,0,1
1,0,0,0,1
1,0,0,0,1
1,0,0,0,1
1,0,0,0,1
1,0,0,0,1
1,0,0,0,1
1,0,0,0,1
1,0,0,0,1
1,0,0,0,1
1,0,0,0,1
1,0,0,0,1
1,0,0,0,1
1,0,0,0,1
1,0,0,0,1
1,0,0,0,1
1,0,0,0,1
1,0,0,0,1
2,5,0,0,7
2,0,0,0,2
1,0,0,0,1
1,0,0,0,1
1,0,0,0,1
1,0,0,0,1
1,0,0,0,1
1,0,0,0,1
1,0,0,0,1
1,0,0,0,1
1,0,0,0,1
1,0,0,0,1
1,0,0,0,1
1,0,0,0,1
1,0,0,0,1
1,0,0,0,1
1,0,0,0,1
1,0,0,0,1
1,0,0,0,1
1,0,0,0,1
1,0,0,0,1
1,0,0,0,1
1,0,0,0,1
1,0,0,0,1
1,0,0,0,1
1,0,0,0,1
1,0,0,0,1
1,0,0,0,1
1,0,0,0,1
1,0,0,0,1
1,0,0,0,1
1,0,0,0,1
1,0,0,0,1
1,0,0,0,1
1,0,0,0,1
1,0,0,0,1
1,0,0,0,1
1,0,0,0,1
1,0,0,0,1
1,0,0,0,1
1,0,0,0,1
1,0,0,0,1
1,0,0,0,1
1,0,0,0,1
1,0,0,0,1
1,0,0,0,1
1,0,0,0,1
1,0,0,0,1
1,0,0,0,1
1,0,0,0,1
1,0,0,0,1
1,0,0,0,1
1,0,0,0,1
2,0,0,0,2
1,0,0,0,1
1,0,0,0,1
2,0,0,0,2
1,0,0,0,1
1,0,0,0,1
1,0,0,0,1
1,0,0,0,1
1,0,0,0,1
1,0,0,0,1
1,0,0,0,1
1,0,0,0,1
1,0,0,0,1
1,0,0,0,1
1,0,0,0,1
1,0,0,0,1
1,0,0,0,1
1,0,0,0,1
1,0,0,0,1
1,0,0,0,1
1,0,0,0,1
1,0,0,0,1
3,0,0,0,3
1,0,0,0,1
1,0,0,0,1
1,0,0,0,1
1,0,0,0,1
1,0,0,0,1
1,0,0,0,1
1,0,0,0,1
1,0,0,0,1
1,0,0,0,1
1,0,0,0,1
1,0,0,0,1
1,0,0,0,1
1,0,0,0,1
1,0,0,0,1
1,0,0,0,1
1,0,0,0,1
1,0,0,0,1
1,0,0,0,1
1,0,0,0,1
1,0,0,0,1
1,0,0,0,1
1,0,0,0,1
1,0,0,0,1
1,0,0,0,1
1,0,0,0,1
1,0,0,0,1
1,0,0,0,1
1,0,0,0,1
1,0,0,0,1
1,0,0,0,1
1,0,0,0,1
1,0,0,0,1
1,0,0,0,1
1,0,0,0,1
1,0,0,0,1
1,0,0,0,1
1,0,0,0,1
1,0,0,0,1
1,0,0,0,1
1,3,2,0,6
1,0,0,0,1
1,0,0,0,1
1,0,0,0,1
1,0,0,0,1
1,0,0,0,1
2,0,0,0,2
1,0,0,0,1
1,0,0,0,1
1,0,0,0,1
1,0,0,0,1
1,0,0,0,1
1,0,0,0,1
2,0,0,0,2
1,0,0,0,1
1,0,0,0,1
1,0,0,0,1
2,0,0,0,2
1,0,0,0,1
1,0,0,0,1
2,0,0,0,2
1,0,0,0,1
1,0,0,0,1
1,0,0,0,1
1,0,0,0,1
1,0,0,0,1
1,0,0,0,1
1,0,0,0,1
1,0,0,0,1
1,0,0,0,1
1,0,0,0,1
1,0,0,0,1
1,0,0,0,1
1,0,0,0,1
1,0,0,0,1
1,0,0,0,1
1,0,0,0,1
1,0,0,0,1
1,0,0,0,1
1,0,0,0,1
1,0,0,0,1
1,0,0,0,1
1,0,0,0,1
1,0,0,0,1
1,0,0,0,1
1,0,0,0,1
1,0,0,0,1
1,0,0,0,1
1,0,0,0,1
1,0,0,0,1
2,0,0,0,2
1,0,0,0,1
1,0,0,0,1
1,0,0,0,1
1,0,0,0,1
1,0,0,0,1
1,0,0,0,1
1,1,0,0,2
1,0,0,0,1
1,0,0,0,1
1,0,0,0,1
1,0,0,0,1
1,0,0,0,1
2,0,0,0,2
1,0,0,0,1
1,0,0,0,1
1,0,0,0,1
1,0,0,0,1
1,0,0,0,1
1,0,0,0,1
1,0,0,0,1
1,0,0,0,1
1,3,0,0,4
1,0,0,0,1
1,0,0,0,1
1,0,0,0,1
1,0,0,0,1
1,0,0,0,1
1,0,0,0,1
1,0,0,0,1
1,0,0,0,1
1,0,0,0,1
1,4,0,0,5
1,0,0,0,1
1,0,0,0,1
1,0,0,0,1
2,0,0,0,2
1,0,0,0,1
1,0,0,0,1
1,0,0,0,1
1,0,0,0,1
1,0,0,0,1
1,0,0,0,1
1,0,0,0,1
1,0,0,0,1
1,0,0,0,1
1,0,0,0,1
1,0,0,0,1
2,0,0,0,2
1,0,0,0,1
2,0,0,0,2
1,0,0,0,1
1,0,0,0,1
1,0,0,0,1
1,0,0,0,1
1,0,0,0,1
1,0,0,0,1
1,0,0,0,1
1,0,0,0,1
1,5,0,0,6
1,0,0,0,1
1,0,0,0,1
1,0,0,0,1
1,0,0,0,1
1,0,0,0,1
1,5,0,0,6
1,0,0,0,1
1,0,0,0,1
1,0,0,0,1
1,0,0,0,1
1,0,0,0,1
1,0,0,0,1
2,0,0,0,2
1,0,0,0,1
1,0,0,0,1
1,0,0,0,1
1,0,0,0,1
1,0,0,0,1
1,0,0,0,1
2,0,0,0,2
2,1,0,0,3
1,0,0,0,1
2,0,0,0,2
1,0,0,0,1
1,0,0,0,1
1,0,0,0,1
1,0,0,0,1
1,0,0,0,1
1,0,0,0,1
2,0,0,0,2
1,0,0,0,1
2,0,0,0,2
1,0,0,0,1
1,0,0,0,1
1,0,0,0,1
1,0,0,0,1
1,0,0,0,1
1,0,0,0,1
1,0,0,0,1
1,0,0,0,1
1,0,0,0,1
1,0,0,0,1
1,0,0,0,1
1,0,0,0,1
1,0,0,0,1
1,0,0,0,1
1,0,0,0,1
1,0,0,0,1
1,0,0,0,1
1,2,0,0,3
1,0,0,0,1
1,0,0,0,1
1,0,0,0,1
1,0,0,0,1
1,0,0,0,1
1,0,0,0,1
1,0,0,0,1
1,0,0,0,1
1,0,0,0,1
1,0,0,0,1
1,0,0,0,1
3,0,0,0,3
1,0,0,0,1
1,0,0,0,1
1,0,0,0,1
1,0,0,0,1
1,0,0,0,1
1,0,0,0,1
1,0,0,0,1
1,0,0,0,1
1,0,0,0,1
1,0,0,0,1
1,0,2,0,3
1,0,0,0,1
1,0,0,0,1
1,0,0,0,1
1,0,0,0,1
1,0,0,0,1
1,1,0,0,2
1,0,0,0,1
1,0,0,0,1
2,0,0,0,2
1,0,0,0,1
1,0,0,0,1
1,0,0,0,1
2,0,0,0,2
1,0,0,0,1
1,0,0,0,1
1,0,0,0,1
1,0,0,0,1
1,0,0,0,1
1,0,0,0,1
1,0,0,0,1
1,0,0,0,1
1,2,0,0,3
1,0,0,0,1
1,0,0,0,1
1,0,0,0,1
1,0,0,0,1
1,0,0,0,1
2,0,0,0,2
1,0,0,0,1
1,0,0,0,1
1,0,0,0,1
1,0,0,0,1
1,0,0,0,1
1,0,0,0,1
1,0,0,0,1
1,0,0,0,1
1,0,0,0,1
1,0,0,0,1
1,3,0,0,4
1,0,0,0,1
1,0,0,0,1
1,0,0,0,1
1,0,0,0,1
1,0,0,0,1
1,0,0,0,1
1,0,0,0,1
1,0,0,0,1
1,0,0,0,1
1,0,0,0,1
1,0,0,0,1
1,0,0,0,1
1,0,0,0,1
1,0,0,0,1
1,0,0,0,1
1,0,0,0,1
1,1,0,0,2
2,2,0,0,4
1,0,0,0,1
1,0,0,0,1
1,0,0,0,1
1,0,0,0,1
1,0,0,0,1
1,0,0,0,1
1,0,0,0,1
2,0,0,0,2
1,0,0,0,1
1,0,0,0,1
1,0,0,0,1
2,0,0,0,2
1,0,0,0,1
1,0,0,0,1
1,0,0,0,1
1,0,0,0,1
2,0,0,0,2
1,0,0,0,1
1,0,0,0,1
1,0,0,0,1
1,0,0,0,1
1,0,0,0,1
1,0,0,0,1
1,0,0,0,1
2,0,0,0,2
1,0,0,0,1
1,0,0,0,1
1,0,0,0,1
2,0,0,0,2
1,0,0,0,1
1,0,0,0,1
1,0,0,0,1
1,0,0,0,1
1,2,0,0,3
1,0,0,0,1
1,0,0,0,1
1,0,0,0,1
1,0,0,0,1
1,0,0,0,1
1,0,0,0,1
1,0,0,0,1
1,0,0,0,1
1,0,0,0,1
1,0,0,0,1
1,28,2,0,31
1,0,0,0,1
1,0,0,0,1
1,0,0,0,1
1,0,0,0,1
1,0,0,0,1
1,0,0,0,1
1,0,0,0,1
1,0,0,0,1
1,0,0,0,1
1,0,0,0,1
2,0,0,0,2
1,0,0,0,1
1,0,0,0,1
1,0,0,0,1
1,0,0,0,1
1,0,0,0,1
1,0,0,0,1
1,0,0,0,1
1,0,0,0,1
1,0,0,0,1
1,0,0,0,1
1,0,0,0,1
1,0,0,0,1
1,0,0,0,1
1,0,0,0,1
1,0,0,0,1
1,0,0,0,1
1,0,0,0,1
1,0,0,0,1
1,0,0,0,1
1,0,0,0,1
1,0,0,0,1
1,0,0,0,1
1,0,0,0,1
1,0,0,0,1
1,0,0,0,1
1,0,0,0,1
1,0,0,0,1
1,0,0,0,1
1,0,0,0,1
1,0,0,0,1
1,0,0,0,1
1,0,0,0,1
1,0,0,0,1
2,0,0,0,2
1,0,0,0,1
2,0,0,0,2
1,0,0,0,1
1,0,0,0,1
1,0,0,0,1
1,0,0,0,1
1,0,0,0,1
1,0,0,0,1
1,0,0,0,1
1,0,0,0,1
1,0,0,0,1
1,0,0,0,1
1,0,0,0,1
1,0,0,0,1
1,0,0,0,1
1,0,0,0,1
1,0,0,0,1
1,0,0,0,1
1,0,0,0,1
1,0,0,0,1
1,0,0,0,1
1,0,0,0,1
1,0,0,0,1
1,0,0,0,1
1,0,0,0,1
1,0,0,0,1
1,0,0,0,1
1,0,0,0,1
1,0,0,0,1
1,0,0,0,1
1,0,0,0,1
1,0,0,0,1
1,0,0,0,1
1,0,0,0,1
1,0,0,0,1
1,0,0,0,1
1,0,0,0,1
2,0,0,0,2
1,0,0,0,1
1,0,0,0,1
1,0,0,0,1
2,0,0,0,2
1,0,0,0,1
1,0,0,0,1
1,0,0,0,1
2,0,0,0,2
1,0,0,0,1
1,0,0,0,1
1,0,0,0,1
1,0,0,0,1
1,0,0,0,1
1,0,0,0,1
1,0,0,0,1
1,0,0,0,1
1,0,0,0,1
1,0,0,0,1
1,0,0,0,1
1,0,0,0,1
1,5,0,0,6
1,0,0,0,1
1,0,0,0,1
1,0,0,0,1
1,0,0,0,1
1,0,0,0,1
1,0,0,0,1
1,0,0,0,1
1,0,0,0,1
2,0,0,0,2
1,0,0,0,1
1,0,0,0,1
1,0,0,0,1
1,0,0,0,1
1,0,0,0,1
1,0,0,0,1
1,0,0,0,1
1,0,0,0,1
1,0,0,0,1
1,0,0,0,1
1,0,0,0,1
1,0,0,0,1
2,0,0,0,2
1,0,0,0,1
1,0,0,0,1
1,0,0,0,1
1,0,0,0,1
2,0,0,0,2
1,0,0,0,1
1,2,0,0,3
3,0,0,0,3
2,0,0,0,2
1,0,0,0,1
1,0,0,0,1
1,0,0,0,1
1,0,0,0,1
1,0,0,0,1
1,2,0,0,3
1,0,0,0,1
1,0,0,0,1
1,0,0,0,1
1,0,0,0,1
2,0,0,0,2
1,0,0,0,1
1,0,0,0,1
1,0,0,0,1
1,0,0,0,1
1,0,0,0,1
1,0,0,0,1
1,0,0,0,1
1,0,0,0,1
1,0,0,0,1
1,0,0,0,1
2,0,0,0,2
1,0,0,0,1
1,0,0,0,1
1,0,0,0,1
1,0,0,0,1
1,0,0,0,1
1,0,0,0,1
1,0,0,0,1
1,0,0,0,1
1,6,0,0,7
1,0,0,0,1
1,1,0,0,2
1,0,0,0,1
1,0,0,0,1
1,0,0,0,1
1,0,0,0,1
1,0,0,0,1
2,0,0,0,2
1,0,0,0,1
1,0,0,0,1
1,0,0,0,1
1,0,0,0,1
1,0,0,0,1
1,0,0,0,1
1,0,0,0,1
1,0,0,0,1
1,0,0,0,1
1,0,0,0,1
1,0,0,0,1
1,0,0,0,1
1,0,0,0,1
1,0,0,0,1
1,0,0,0,1
1,0,0,0,1
1,0,0,0,1
1,0,0,0,1
1,0,0,0,1
1,0,0,0,1
1,0,0,0,1
1,0,0,0,1
1,0,0,0,1
1,0,0,0,1
1,0,0,0,1
1,0,0,0,1
1,0,0,0,1
1,0,0,0,1
1,0,0,0,1
1,0,0,0,1
1,0,0,0,1
1,0,0,0,1
1,0,0,0,1
1,0,0,0,1
1,0,0,0,1
1,0,0,0,1
1,0,0,0,1
1,0,0,0,1
1,0,0,0,1
1,0,0,0,1
1,0,0,0,1
1,0,0,0,1
1,0,0,0,1
1,0,0,0,1
1,0,0,0,1
1,0,0,0,1
1,2,0,0,3
1,0,0,0,1
1,0,0,0,1
1,0,0,0,1
1,0,0,0,1
1,0,0,0,1
2,46,0,0,48
1,0,0,0,1
1,0,0,0,1
2,0,0,0,2
1,0,0,0,1
1,0,0,0,1
1,0,0,0,1
1,0,0,0,1
1,3,1,0,5
2,0,0,0,2
1,0,0,0,1
1,0,0,0,1
1,0,0,0,1
1,0,0,0,1
1,0,0,0,1
1,0,0,0,1
1,0,0,0,1
1,0,0,0,1
1,0,0,0,1
1,0,0,0,1
1,0,0,0,1
1,0,0,0,1
1,0,0,0,1
1,0,0,0,1
1,0,0,0,1
2,0,0,0,2
1,0,0,0,1
1,0,0,0,1
1,0,0,0,1
1,0,0,0,1
1,0,0,0,1
1,0,0,0,1
1,0,0,0,1
1,0,0,0,1
1,0,0,0,1
1,0,0,0,1
2,0,0,0,2
1,0,0,0,1
1,0,0,0,1
1,0,0,0,1
2,0,0,0,2
1,0,0,0,1
1,0,0,0,1
1,0,0,0,1
1,0,0,0,1
1,0,0,0,1
1,2,0,0,3
1,0,0,0,1
1,0,0,0,1
1,0,0,0,1
1,0,0,0,1
1,0,0,0,1
1,0,0,0,1
1,0,0,0,1
1,0,0,0,1
1,0,0,0,1
1,0,0,0,1
1,0,0,0,1
1,0,0,0,1
1,0,0,0,1
1,0,0,0,1
1,0,0,0,1
1,8,0,0,9
1,0,0,0,1
1,0,0,0,1
1,0,0,0,1
1,0,0,0,1
1,0,0,0,1
1,0,0,0,1
2,0,0,0,2
1,0,0,0,1
1,0,0,0,1
1,1,1,0,3
1,0,0,0,1
1,0,0,0,1
1,0,0,0,1
1,0,0,0,1
1,0,0,0,1
1,0,0,0,1
1,0,0,0,1
1,0,0,0,1
1,0,0,0,1
1,0,0,0,1
1,0,0,0,1
1,0,0,0,1
1,0,0,0,1
1,0,0,0,1
1,0,0,0,1
1,0,0,0,1
1,0,0,0,1
3,0,0,0,3
1,0,0,0,1
1,0,0,0,1
1,0,0,0,1
1,0,0,0,1
1,0,0,0,1
1,75,0,0,76
1,0,0,0,1
2,4,0,0,6
1,0,0,0,1
1,0,0,0,1
1,0,0,0,1
1,0,0,0,1
1,0,0,0,1
1,0,0,0,1
1,0,0,0,1
1,0,0,0,1
1,0,0,0,1
1,0,0,0,1
1,0,0,0,1
1,0,0,0,1
1,0,0,0,1
1,0,0,0,1
1,0,0,0,1
1,0,0,0,1
1,0,0,0,1
1,0,0,0,1
1,0,0,0,1
1,0,0,0,1
1,0,0,0,1
2,0,0,0,2
1,0,0,0,1
2,0,0,0,2
1,0,0,0,1
1,0,0,0,1
1,0,0,0,1
1,2,0,0,3
1,0,0,0,1
1,0,0,0,1
1,0,0,0,1
1,0,0,0,1
1,0,0,0,1
2,0,0,0,2
1,0,0,0,1
1,0,0,0,1
1,0,0,0,1
1,0,0,0,1
1,0,0,0,1
1,0,0,0,1
1,0,0,0,1
1,0,0,0,1
1,0,0,0,1
1,0,0,0,1
1,0,0,0,1
2,0,0,0,2
1,0,0,0,1
1,0,0,0,1
1,0,0,0,1
1,0,0,0,1
1,0,0,0,1
1,0,0,0,1
1,0,0,0,1
1,0,0,0,1
1,0,0,0,1
1,0,0,0,1
1,0,0,0,1
1,0,0,0,1
1,0,0,0,1
1,0,0,0,1
1,0,0,0,1
1,0,0,0,1
1,0,0,0,1
1,0,0,0,1
1,0,0,0,1
1,0,0,0,1
1,0,0,0,1
1,0,0,0,1
1,0,0,0,1
1,0,0,0,1
1,0,0,0,1
1,0,0,0,1
1,0,0,0,1
1,0,0,0,1
1,0,0,0,1
1,0,0,0,1
1,0,0,0,1
1,0,0,0,1
2,0,0,0,2
1,0,0,0,1
1,0,0,0,1
1,0,0,0,1
1,0,0,0,1
2,0,0,0,2
1,0,0,0,1
1,1,0,0,2
1,0,0,0,1
1,0,0,0,1
1,0,0,0,1
1,0,0,0,1
1,0,0,0,1
1,0,0,0,1
1,0,0,0,1
1,0,0,0,1
1,0,0,0,1
1,0,0,0,1
1,0,0,0,1
1,0,0,0,1
1,0,0,0,1
1,0,0,0,1
1,0,0,0,1
1,0,0,0,1
1,0,0,0,1
1,0,0,0,1
1,0,0,0,1
1,0,0,0,1
1,0,0,0,1
2,0,0,0,2
1,0,0,0,1
1,0,0,0,1
1,0,0,0,1
2,0,0,0,2
1,0,0,0,1
1,0,0,0,1
1,0,0,0,1
1,0,0,0,1
1,0,0,0,1
1,0,0,0,1
1,0,0,0,1
1,0,0,0,1
2,0,0,0,2
1,0,0,0,1
1,0,0,0,1
1,0,0,0,1
1,0,0,0,1
1,0,0,0,1
1,0,0,0,1
2,0,0,0,2
1,0,0,0,1
1,0,0,0,1
1,0,0,0,1
1,0,0,0,1
1,0,0,0,1
1,0,0,0,1
1,0,0,0,1
1,0,0,0,1
1,0,0,0,1
1,0,0,0,1
1,0,0,0,1
1,0,0,0,1
1,0,0,0,1
1,0,0,0,1
1,0,0,0,1
1,0,0,0,1
1,0,0,0,1
1,0,0,0,1
1,0,0,0,1
1,0,0,0,1
1,0,0,0,1
1,0,0,0,1
1,0,0,0,1
3,0,0,0,3
1,0,0,0,1
1,0,0,0,1
1,0,0,0,1
1,0,0,0,1
1,0,0,0,1
1,0,0,0,1
1,0,0,0,1
1,0,0,0,1
1,0,0,0,1
1,0,0,0,1
1,0,0,0,1
1,0,0,0,1
1,0,0,0,1
1,0,0,0,1
1,0,0,0,1
1,0,0,0,1
1,0,0,0,1
1,0,0,0,1
1,0,0,0,1
1,0,0,0,1
1,0,0,0,1
1,0,0,0,1
1,0,0,0,1
1,0,0,0,1
1,0,0,0,1
1,0,0,0,1
1,0,0,0,1
1,0,0,0,1
1,0,0,0,1
1,0,0,0,1
1,0,0,0,1
1,0,0,0,1
1,0,0,0,1
1,0,0,0,1
1,0,0,0,1
1,0,0,0,1
1,0,0,0,1
1,0,0,0,1
1,0,0,0,1
1,0,0,0,1
1,0,0,0,1
1,0,0,0,1
1,0,0,0,1
1,0,0,0,1
1,0,0,0,1
1,0,0,0,1
1,0,0,0,1
1,0,0,0,1
1,0,0,0,1
1,0,0,0,1
1,0,0,0,1
1,0,0,0,1
1,0,0,0,1
2,0,0,0,2
1,0,0,0,1
1,0,0,0,1
1,0,0,0,1
1,0,0,0,1
1,0,0,0,1
4,0,0,0,4
1,0,0,0,1
1,0,0,0,1
1,0,0,0,1
2,0,0,0,2
1,0,0,0,1
1,0,0,0,1
1,0,0,0,1
1,0,0,0,1
1,0,0,0,1
1,0,0,0,1
3,0,0,0,3
1,0,1,0,2
1,0,0,0,1
1,0,0,0,1
1,0,0,0,1
1,0,0,0,1
1,0,0,0,1
1,0,0,0,1
1,0,0,0,1
1,0,0,0,1
1,0,0,0,1
1,0,0,0,1
1,0,0,0,1
1,0,0,0,1
1,0,0,0,1
1,0,0,0,1
1,0,0,0,1
1,0,0,0,1
1,0,0,0,1
1,0,0,0,1
1,0,0,0,1
2,0,0,0,2
1,8,0,0,9
1,0,0,0,1
1,0,0,0,1
1,0,0,0,1
1,0,0,0,1
1,0,0,0,1
1,0,0,0,1
1,0,0,0,1
1,0,0,0,1
1,0,0,0,1
1,0,0,0,1
1,0,0,0,1
1,0,0,0,1
1,0,0,0,1
1,0,0,0,1
1,0,0,0,1
1,0,0,0,1
1,0,0,0,1
1,0,0,0,1
2,0,0,0,2
1,0,0,0,1
1,0,0,0,1
1,0,0,0,1
1,0,0,0,1
1,0,0,0,1
1,0,0,0,1
1,0,0,0,1
1,0,0,0,1
1,0,0,0,1
1,0,0,0,1
1,0,0,0,1
3,0,0,0,3
1,0,0,0,1
1,0,0,0,1
1,0,0,0,1
1,0,0,0,1
1,0,0,0,1
1,0,0,0,1
1,0,0,0,1
1,0,0,0,1
1,12,0,0,13
1,0,0,0,1
1,0,0,0,1
1,0,0,0,1
1,0,0,0,1
1,0,0,0,1
1,0,0,0,1
1,0,0,0,1
1,0,0,0,1
1,0,0,0,1
1,0,0,0,1
1,0,0,0,1
1,0,0,0,1
1,0,0,0,1
1,0,0,0,1
1,0,0,0,1
1,0,0,0,1
1,0,0,0,1
1,0,0,0,1
1,0,0,0,1
1,0,0,0,1
1,0,0,0,1
1,0,1,0,2
1,0,0,0,1
2,0,0,0,2
1,0,0,0,1
1,0,0,0,1
1,0,0,0,1
1,0,0,0,1
1,0,0,0,1
1,0,0,0,1
1,20,0,0,21
1,0,0,0,1
1,0,0,0,1
1,0,0,0,1
1,0,0,0,1
1,0,0,0,1
4,0,0,0,4
1,0,0,0,1
1,0,0,0,1
1,0,0,0,1
1,0,0,0,1
1,0,0,0,1
1,0,0,0,1
1,0,0,0,1
1,0,0,0,1
1,2,0,0,3
1,0,0,0,1
1,0,0,0,1
1,0,0,0,1
1,0,0,0,1
1,0,0,0,1
2,0,0,0,2
1,0,0,0,1
1,0,0,0,1
1,0,0,0,1
1,0,0,0,1
1,0,0,0,1
1,0,0,0,1
1,0,0,0,1
1,0,0,0,1
1,0,0,0,1
1,0,0,0,1
1,0,0,0,1
1,0,0,0,1
1,0,0,0,1
1,0,0,0,1
1,0,0,0,1
1,7,0,0,8
1,0,0,0,1
1,0,0,0,1
1,0,0,0,1
1,0,0,0,1
3,0,0,0,3
1,0,0,0,1
1,0,0,0,1
1,0,0,0,1
1,0,0,0,1
1,0,0,0,1
1,0,0,0,1
1,0,0,0,1
1,0,0,0,1
1,0,0,0,1
1,0,0,0,1
1,0,0,0,1
1,0,0,0,1
1,0,0,0,1
1,0,0,0,1
1,0,0,0,1
1,0,0,0,1
1,0,0,0,1
1,0,0,0,1
1,0,0,0,1
1,0,0,0,1
1,0,0,0,1
1,0,0,0,1
1,0,0,0,1
1,0,0,0,1
1,0,0,0,1
1,0,0,0,1
1,0,0,0,1
1,0,0,0,1
1,0,0,0,1
1,0,0,0,1
1,0,0,0,1
1,0,0,0,1
1,0,0,0,1
1,0,0,0,1
1,0,0,0,1
1,0,0,0,1
1,0,0,0,1
1,0,0,0,1
1,0,0,0,1
1,0,0,0,1
1,0,0,0,1
1,0,0,0,1
1,0,0,0,1
1,0,0,0,1
1,0,0,0,1
1,0,0,0,1
1,0,0,0,1
1,0,0,0,1
1,0,0,0,1
1,0,0,0,1
1,0,0,0,1
1,0,0,0,1
1,0,0,0,1
1,0,0,0,1
1,0,0,0,1
1,0,0,0,1
1,0,0,0,1
1,0,0,0,1
1,2,0,0,3
1,0,0,0,1
1,0,0,0,1
2,0,0,0,2
1,0,0,0,1
1,0,0,0,1
1,0,0,0,1
1,0,0,0,1
1,0,0,0,1
1,0,0,0,1
1,0,0,0,1
1,1,0,0,2
1,0,0,0,1
1,0,0,0,1
1,0,0,0,1
1,0,0,0,1
1,0,0,0,1
1,0,0,0,1
1,0,0,0,1
1,0,0,0,1
1,0,0,0,1
1,0,0,0,1
2,0,0,0,2
1,0,0,0,1
1,0,0,0,1
1,0,0,0,1
1,0,0,0,1
1,2,0,0,3
1,0,0,0,1
1,0,0,0,1
1,0,0,0,1
1,0,0,0,1
1,0,0,0,1
1,0,0,0,1
1,0,0,0,1
1,0,0,0,1
1,0,0,0,1
1,0,0,0,1
1,0,0,0,1
1,0,0,0,1
1,0,0,0,1
1,0,0,0,1
1,0,0,0,1
1,0,0,0,1
2,0,0,0,2
1,0,0,0,1
1,0,0,0,1
1,0,0,0,1
1,0,0,0,1
1,0,0,0,1
1,0,0,0,1
1,0,0,0,1
1,0,0,0,1
1,0,0,0,1
2,0,0,0,2
1,0,0,0,1
1,0,0,0,1
1,0,0,0,1
1,0,0,0,1
1,0,0,0,1
1,0,0,0,1
1,0,0,0,1
1,0,0,0,1
1,0,0,0,1
1,0,0,0,1
1,0,0,0,1
1,0,0,0,1
1,0,0,0,1
1,0,0,0,1
1,0,0,0,1
2,0,0,0,2
1,0,0,0,1
1,0,0,0,1
2,0,0,0,2
1,0,0,0,1
1,0,0,0,1
1,0,0,0,1
1,0,0,0,1
1,0,0,0,1
1,0,0,0,1
1,0,0,0,1
1,0,0,0,1
2,0,0,0,2
1,0,0,0,1
1,0,0,0,1
1,0,0,0,1
1,0,0,0,1
1,0,0,0,1
1,0,0,0,1
1,0,0,0,1
1,0,0,0,1
1,0,0,0,1
1,0,0,0,1
1,3,0,0,4
1,3,0,0,4
1,0,0,0,1
1,0,0,0,1
1,0,0,0,1
1,0,0,0,1
1,0,0,0,1
1,0,0,0,1
1,0,0,0,1
1,0,0,0,1
1,0,0,0,1
2,0,0,0,2
1,0,0,0,1
1,0,0,0,1
1,0,0,0,1
1,0,0,0,1
1,0,0,0,1
1,0,0,0,1
1,0,0,0,1
1,0,0,0,1
2,0,0,0,2
1,0,0,0,1
1,0,0,0,1
1,0,0,0,1
1,0,0,0,1
1,0,0,0,1
1,0,0,0,1
1,0,0,0,1
1,0,0,0,1
1,0,0,0,1
1,0,0,0,1
1,0,0,0,1
1,0,0,0,1
1,0,0,0,1
1,0,0,0,1
1,0,0,0,1
1,0,0,0,1
1,0,0,0,1
1,0,0,0,1
1,0,0,0,1
1,0,0,0,1
1,0,0,0,1
1,0,0,0,1
1,1,0,0,2
1,0,0,0,1
1,0,0,0,1
1,0,0,0,1
1,0,0,0,1
1,0,0,0,1
1,0,0,0,1
1,0,0,0,1
1,0,0,0,1
1,0,0,0,1
1,0,0,0,1
1,0,0,0,1
1,0,0,0,1
1,0,0,0,1
1,0,0,0,1
1,1,0,0,2
1,0,0,0,1
1,0,0,0,1
1,0,0,0,1
1,0,0,0,1
1,0,0,0,1
1,0,0,0,1
1,0,0,0,1
1,0,0,0,1
1,0,0,0,1
1,0,0,0,1
1,0,0,0,1
1,1,0,0,2
1,0,0,0,1
1,0,0,0,1
1,0,0,0,1
1,0,0,0,1
1,0,0,0,1
1,0,0,0,1
1,0,0,0,1
1,0,0,0,1
1,0,0,0,1
1,0,0,0,1
1,0,0,0,1
1,0,0,0,1
1,0,0,0,1
1,0,0,0,1
1,0,0,0,1
1,0,0,0,1
1,0,0,0,1
1,0,0,0,1
1,0,0,0,1
1,0,0,0,1
1,0,0,0,1
1,0,0,0,1
1,0,0,0,1
1,0,0,0,1
1,0,0,0,1
2,0,0,0,2
1,0,0,0,1
1,0,0,0,1
1,0,0,0,1
1,0,0,0,1
1,0,0,0,1
1,0,0,0,1
1,0,0,0,1
1,0,0,0,1
1,0,0,0,1
1,0,0,0,1
1,0,0,0,1
1,0,0,0,1
1,0,0,0,1
1,0,0,0,1
1,0,0,0,1
1,0,0,0,1
1,3,0,0,4
1,0,0,0,1
1,0,0,0,1
1,0,0,0,1
2,0,0,0,2
2,0,0,0,2
1,0,0,0,1
1,0,0,0,1
1,0,0,0,1
1,0,0,0,1
1,0,0,0,1
1,0,0,0,1
1,0,0,0,1
1,0,0,0,1
2,0,0,0,2
2,0,0,0,2
1,0,0,0,1
1,0,0,0,1
1,0,0,0,1
1,0,0,0,1
1,0,0,0,1
1,0,0,0,1
1,0,0,0,1
1,0,0,0,1
1,0,0,0,1
1,0,0,0,1
1,0,0,0,1
1,0,0,0,1
1,0,0,0,1
1,0,0,0,1
1,0,0,0,1
2,0,0,0,2
1,0,0,0,1
1,0,0,0,1
1,0,0,0,1
1,0,0,0,1
1,0,0,0,1
1,0,0,0,1
1,0,0,0,1
1,0,0,0,1
1,0,0,0,1
1,0,0,0,1
1,0,0,0,1
1,0,0,0,1
1,0,0,0,1
1,0,0,0,1
1,0,0,0,1
1,0,0,0,1
1,0,0,0,1
1,0,0,0,1
1,0,0,0,1
1,0,0,0,1
1,0,0,0,1
1,0,0,0,1
1,0,0,0,1
1,0,0,0,1
1,0,0,0,1
1,0,0,0,1
1,0,0,0,1
1,0,0,0,1
1,0,0,0,1
1,0,0,0,1
2,0,0,0,2
1,0,0,0,1
1,0,0,0,1
1,0,0,0,1
1,0,0,0,1
1,0,0,0,1
1,0,0,0,1
1,0,0,0,1
1,0,0,0,1
1,0,0,0,1
1,0,0,0,1
1,0,0,0,1
1,0,0,0,1
1,0,0,0,1
1,0,0,0,1
1,0,0,0,1
1,0,0,0,1
1,0,0,0,1
1,0,0,0,1
1,0,0,0,1
1,0,0,0,1
1,0,0,0,1
2,0,0,0,2
1,0,0,0,1
1,0,0,0,1
1,0,0,0,1
2,0,0,0,2
1,0,0,0,1
1,0,0,0,1
2,0,0,0,2
1,0,0,0,1
1,0,0,0,1
1,0,0,0,1
1,0,0,0,1
1,0,0,0,1
1,0,0,0,1
1,0,0,0,1
1,0,0,0,1
1,0,0,0,1
1,0,0,0,1
1,0,0,0,1
1,0,0,0,1
2,0,0,0,2
1,0,0,0,1
1,0,0,0,1
1,0,0,0,1
1,0,0,0,1
1,0,0,0,1
1,0,0,0,1
1,0,0,0,1
1,10,0,0,11
1,0,0,0,1
1,33,0,0,34
1,0,0,0,1
1,0,0,0,1
1,0,0,0,1
1,0,0,0,1
1,0,0,0,1
1,0,0,0,1
1,0,0,0,1
1,0,0,0,1
1,0,0,0,1
1,0,0,0,1
1,0,0,0,1
1,4,0,0,5
1,0,0,0,1
1,3,0,0,4
1,0,0,0,1
1,0,0,0,1
1,0,0,0,1
1,0,0,0,1
1,0,0,0,1
1,0,0,0,1
1,34,0,0,35
1,0,0,0,1
1,0,0,0,1
1,0,0,0,1
1,0,0,0,1
1,0,0,0,1
1,0,0,0,1
1,0,0,0,1
1,0,0,0,1
1,0,0,0,1
1,1,1,0,3
1,0,0,0,1
1,0,0,0,1
1,0,0,0,1
1,0,0,0,1
1,0,0,0,1
1,0,0,0,1
2,0,0,0,2
1,0,0,0,1
1,0,0,0,1
1,0,0,0,1
1,0,0,0,1
1,0,0,0,1
1,0,0,0,1
1,0,0,0,1
1,0,0,0,1
1,0,0,0,1
1,0,0,0,1
1,0,0,0,1
1,0,0,0,1
1,0,0,0,1
1,0,0,0,1
1,0,0,0,1
1,0,0,0,1
1,0,0,0,1
1,0,0,0,1
1,0,0,0,1
1,0,0,0,1
1,0,0,0,1
1,0,0,0,1
1,0,0,0,1
1,0,0,0,1
1,0,0,0,1
1,0,0,0,1
1,0,0,0,1
1,0,0,0,1
1,0,0,0,1
1,0,0,0,1
1,0,0,0,1
1,0,0,0,1
1,0,0,0,1
1,0,0,0,1
1,0,0,0,1
1,0,0,0,1
1,0,0,0,1
1,0,0,0,1
1,0,0,0,1
1,0,0,0,1
1,0,0,0,1
1,0,0,0,1
1,4,0,0,5
1,0,0,0,1
1,0,0,0,1
1,0,0,0,1
1,0,0,0,1
1,0,0,0,1
1,0,0,0,1
1,0,0,0,1
1,0,0,0,1
1,0,0,0,1
1,0,0,0,1
1,0,0,0,1
1,0,0,0,1
1,0,0,0,1
1,0,0,0,1
1,0,0,0,1
1,0,0,0,1
1,0,0,0,1
1,0,0,0,1
1,0,0,0,1
1,0,0,0,1
1,0,0,0,1
1,0,0,0,1
1,1,1,0,3
1,1,1,0,3
1,0,0,0,1
1,0,0,0,1
1,0,0,0,1
1,0,0,0,1
1,2,0,0,3
1,0,0,0,1
1,0,0,0,1
1,0,0,0,1
1,0,0,0,1
1,0,0,0,1
1,0,0,0,1
1,0,0,0,1
2,0,0,0,2
1,0,0,0,1
2,0,0,0,2
1,0,0,0,1
1,0,0,0,1
1,0,0,0,1
1,0,0,0,1
1,0,0,0,1
1,0,0,0,1
1,0,0,0,1
1,0,0,0,1
1,0,0,0,1
1,0,0,0,1
1,0,0,0,1
1,0,0,0,1
1,0,0,0,1
1,0,0,0,1
1,0,0,0,1
1,0,0,0,1
1,0,0,0,1
1,0,0,0,1
1,0,0,0,1
1,0,0,0,1
1,0,0,0,1
1,0,0,0,1
1,0,0,0,1
1,0,0,0,1
1,0,0,0,1
1,1,0,0,2
1,0,0,0,1
1,0,0,0,1
1,0,0,0,1
1,0,0,0,1
1,0,0,0,1
2,0,0,0,2
1,0,0,0,1
1,0,0,0,1
1,0,0,0,1
1,0,0,0,1
1,0,0,0,1
1,0,0,0,1
1,0,0,0,1
1,0,0,0,1
1,0,0,0,1
1,0,0,0,1
1,0,0,0,1
1,0,0,0,1
1,0,0,0,1
1,0,0,0,1
1,0,0,0,1
1,0,0,0,1
2,0,0,0,2
1,0,0,0,1
1,0,0,0,1
1,0,0,0,1
1,0,0,0,1
1,0,0,0,1
1,0,0,0,1
1,0,0,0,1
1,0,0,0,1
1,0,0,0,1
1,0,0,0,1
1,0,0,0,1
1,0,0,0,1
1,0,0,0,1
1,1,0,0,2
1,0,0,0,1
1,1,0,0,2
1,0,0,0,1
1,0,0,0,1
1,0,0,0,1
1,0,0,0,1
1,0,0,0,1
1,0,0,0,1
1,0,0,0,1
1,0,0,0,1
2,0,0,0,2
1,0,0,0,1
1,0,0,0,1
1,0,0,0,1
1,0,0,0,1
2,0,0,0,2
1,0,0,0,1
1,0,0,0,1
1,0,0,0,1
1,0,0,0,1
1,1,0,0,2
1,0,0,0,1
1,0,0,0,1
1,0,0,0,1
1,0,0,0,1
1,2,0,0,3
1,10,0,0,11
1,0,0,0,1
1,0,0,0,1
1,0,0,0,1
1,0,0,0,1
1,0,0,0,1
1,0,0,0,1
2,0,0,0,2
1,0,0,0,1
1,0,0,0,1
1,0,0,0,1
2,0,0,0,2
1,0,0,0,1
1,0,0,0,1
1,0,0,0,1
1,0,0,0,1
1,0,0,0,1
1,0,0,0,1
1,0,0,0,1
1,0,0,0,1
2,0,0,0,2
1,0,0,0,1
1,0,0,0,1
1,0,0,0,1
1,0,0,0,1
1,0,0,0,1
1,0,0,0,1
1,0,0,0,1
1,0,0,0,1
1,0,0,0,1
1,0,0,0,1
1,0,0,0,1
1,0,0,0,1
1,0,0,0,1
2,0,0,0,2
1,0,0,0,1
1,0,0,0,1
1,0,0,0,1
1,0,0,0,1
1,0,0,0,1
1,0,0,0,1
1,0,0,0,1
1,0,0,0,1
1,0,0,0,1
1,0,0,0,1
1,0,0,0,1
1,0,0,0,1
1,0,0,0,1
2,0,0,0,2
1,0,0,0,1
1,0,0,0,1
1,0,0,0,1
1,8,0,0,9
1,0,0,0,1
1,0,0,0,1
1,0,0,0,1
1,0,0,0,1
1,0,0,0,1
1,0,0,0,1
1,0,0,0,1
1,0,0,0,1
1,0,0,0,1
1,0,0,0,1
1,0,0,0,1
1,0,0,0,1
1,0,0,0,1
1,0,0,0,1
1,0,0,0,1
2,1,0,0,3
1,0,0,0,1
1,0,0,0,1
1,0,0,0,1
1,0,0,0,1
1,0,0,0,1
1,0,0,0,1
1,0,0,0,1
1,0,0,0,1
1,0,0,0,1
1,0,0,0,1
1,0,0,0,1
1,0,0,0,1
1,0,0,0,1
1,0,0,0,1
1,0,0,0,1
1,0,0,0,1
1,0,0,0,1
1,0,0,0,1
1,0,0,0,1
1,0,0,0,1
1,0,0,0,1
1,0,0,0,1
1,0,0,0,1
1,0,0,0,1
1,0,0,0,1
1,0,0,0,1
1,0,0,0,1
1,0,0,0,1
1,0,0,0,1
1,0,0,0,1
1,0,0,0,1
1,0,0,0,1
1,0,0,0,1
1,0,0,0,1
1,0,0,0,1
1,0,0,0,1
1,0,0,0,1
1,0,0,0,1
3,0,0,0,3
1,0,0,0,1
1,0,0,0,1
1,0,0,0,1
1,0,0,0,1
1,0,0,0,1
1,0,0,0,1
1,0,0,0,1
1,0,0,0,1
1,0,0,0,1
1,0,0,0,1
2,0,0,0,2
1,0,0,0,1
1,0,0,0,1
1,0,0,0,1
1,0,0,0,1
1,0,0,0,1
1,0,0,0,1
1,0,0,0,1
3,0,0,0,3
1,0,0,0,1
1,0,0,0,1
1,0,0,0,1
1,0,0,0,1
1,0,0,0,1
1,0,0,0,1
1,0,0,0,1
1,0,0,0,1
1,0,0,0,1
1,0,0,0,1
1,0,0,0,1
1,0,0,0,1
1,0,0,0,1
1,0,0,0,1
1,0,0,0,1
1,21,0,0,22
1,0,0,0,1
1,0,0,0,1
1,0,0,0,1
1,0,0,0,1
1,0,0,0,1
1,0,0,0,1
1,0,0,0,1
1,0,0,0,1
1,0,0,0,1
1,0,0,0,1
1,0,0,0,1
1,0,0,0,1
1,0,0,0,1
2,0,0,0,2
2,17,0,0,19
1,0,0,0,1
1,0,0,0,1
1,0,0,0,1
1,0,0,0,1
1,0,0,0,1
1,0,0,0,1
1,0,0,0,1
1,0,0,0,1
1,0,0,0,1
1,0,0,0,1
1,0,0,0,1
1,0,0,0,1
1,1,0,0,2
1,0,0,0,1
2,0,0,0,2
1,0,0,0,1
1,0,0,0,1
1,0,0,0,1
1,0,0,0,1
1,0,0,0,1
2,0,0,0,2
1,0,0,0,1
1,0,0,0,1
1,0,0,0,1
1,0,0,0,1
1,0,0,0,1
2,0,0,0,2
1,0,0,0,1
1,0,0,0,1
1,0,0,0,1
1,0,0,0,1
1,0,0,0,1
1,0,0,0,1
1,0,0,0,1
1,0,0,0,1
1,0,0,0,1
1,0,0,0,1
1,0,0,0,1
1,0,0,0,1
2,0,0,0,2
1,0,0,0,1
1,0,0,0,1
1,0,0,0,1
1,0,0,0,1
1,0,0,0,1
1,0,0,0,1
1,0,0,0,1
1,0,0,0,1
1,0,0,0,1
1,0,0,0,1
1,0,0,0,1
1,0,0,0,1
1,0,0,0,1
1,0,0,0,1
1,0,0,0,1
1,0,0,0,1
1,0,0,0,1
1,1,0,0,2
1,0,0,0,1
1,0,0,0,1
1,0,0,0,1
1,0,0,0,1
1,0,0,0,1
1,0,0,0,1
1,0,0,0,1
1,0,0,0,1
1,0,0,0,1
1,0,0,0,1
1,0,0,0,1
1,0,0,0,1
1,0,0,0,1
1,0,0,0,1
2,0,0,0,2
3,0,0,0,3
1,0,0,0,1
1,0,0,0,1
1,0,0,0,1
1,0,0,0,1
1,0,0,0,1
1,0,0,0,1
1,0,0,0,1
1,0,0,0,1
1,0,0,0,1
1,0,0,0,1
1,0,0,0,1
1,2,0,0,3
1,0,0,0,1
1,0,0,0,1
1,0,0,0,1
2,0,0,0,2
1,0,0,0,1
1,0,0,0,1
1,0,0,0,1
1,0,0,0,1
1,0,0,0,1
1,0,0,0,1
1,0,0,0,1
1,0,0,0,1
1,0,0,0,1
1,0,0,0,1
1,0,0,0,1
1,1,0,0,2
1,0,0,0,1
1,0,0,0,1
1,0,0,0,1
1,0,0,0,1
1,0,0,0,1
1,0,0,0,1
1,0,0,0,1
1,0,0,0,1
1,0,0,0,1
1,0,0,0,1
1,2,0,0,3
1,0,0,0,1
1,0,0,0,1
1,0,0,0,1
1,0,0,0,1
1,0,0,0,1
1,0,0,0,1
1,0,0,0,1
2,0,0,0,2
1,0,0,0,1
1,0,0,0,1
1,0,0,0,1
1,0,0,0,1
1,0,0,0,1
1,0,0,0,1
1,0,0,0,1
1,0,0,0,1
1,0,0,0,1
1,0,0,0,1
1,0,0,0,1
1,0,0,0,1
1,0,0,0,1
1,0,0,0,1
1,0,0,0,1
1,3,0,0,4
1,1,0,0,2
1,0,0,0,1
1,0,0,0,1
1,0,0,0,1
1,0,0,0,1
1,0,0,0,1
1,0,0,0,1
1,0,0,0,1
1,0,0,0,1
1,0,0,0,1
1,0,0,0,1
1,0,0,0,1
2,0,0,0,2
1,0,0,0,1
1,0,0,0,1
1,0,0,0,1
1,0,0,0,1
1,0,0,0,1
1,1,0,0,2
1,6,1,0,8
1,0,0,0,1
1,0,0,0,1
1,0,0,0,1
2,0,0,0,2
1,0,0,0,1
1,0,0,0,1
1,0,0,0,1
1,0,0,0,1
1,0,0,0,1
1,0,0,0,1
1,0,0,0,1
1,0,0,0,1
1,0,0,0,1
1,0,0,0,1
1,0,0,0,1
1,0,0,0,1
1,0,0,0,1
2,0,0,0,2
1,0,0,0,1
1,0,0,0,1
1,0,0,0,1
1,0,0,0,1
1,0,0,0,1
4,0,0,0,4
1,0,0,0,1
1,0,0,0,1
1,0,0,0,1
1,0,0,0,1
1,0,0,0,1
1,0,0,0,1
1,0,0,0,1
1,0,0,0,1
1,0,0,0,1
1,0,0,0,1
1,2,0,0,3
1,2,0,0,3
1,0,0,0,1
1,0,0,0,1
1,0,0,0,1
1,0,0,0,1
1,0,0,0,1
1,0,0,0,1
1,0,0,0,1
1,0,0,0,1
1,0,0,0,1
2,0,0,0,2
1,0,0,0,1
1,0,0,0,1
1,0,0,0,1
1,1,0,0,2
1,0,0,0,1
1,0,0,0,1
1,0,0,0,1
1,0,0,0,1
1,0,0,0,1
1,0,0,0,1
1,1,0,0,2
1,0,0,0,1
1,0,0,0,1
1,0,0,0,1
1,0,0,0,1
1,0,0,0,1
1,0,0,0,1
1,0,0,0,1
1,0,0,0,1
1,0,0,0,1
1,0,0,0,1
1,0,0,0,1
1,0,0,0,1
1,0,0,0,1
1,0,0,0,1
1,0,0,0,1
1,0,0,0,1
1,0,0,0,1
1,0,0,0,1
2,0,0,0,2
1,0,0,0,1
1,0,0,0,1
1,0,0,0,1
1,0,0,0,1
1,0,0,0,1
1,0,0,0,1
1,16,0,0,17
1,0,0,0,1
1,0,0,0,1
1,0,0,0,1
1,0,0,0,1
1,0,0,0,1
1,0,0,0,1
1,0,0,0,1
1,0,0,0,1
1,0,0,0,1
1,0,0,0,1
1,0,0,0,1
1,0,0,0,1
1,0,0,0,1
1,0,0,0,1
1,0,0,0,1
1,1,1,0,3
1,0,0,0,1
1,0,0,0,1
1,0,0,0,1
1,0,0,0,1
1,0,0,0,1
1,0,0,0,1
2,0,0,0,2
1,0,2,0,3
2,10,0,0,12
1,0,0,0,1
1,0,0,0,1
1,0,0,0,1
1,0,0,0,1
1,0,0,0,1
2,0,0,0,2
2,0,0,0,2
1,0,0,0,1
1,0,0,0,1
1,0,0,0,1
1,0,0,0,1
1,0,0,0,1
1,0,0,0,1
2,0,0,0,2
1,0,0,0,1
1,0,0,0,1
1,0,0,0,1
1,0,0,0,1
1,0,0,0,1
1,0,0,0,1
1,0,0,0,1
1,0,0,0,1
1,0,0,0,1
1,0,0,0,1
1,0,0,0,1
1,0,0,0,1
1,0,0,0,1
1,0,0,0,1
2,11,0,0,13
1,0,0,0,1
1,0,0,0,1
1,6,0,0,7
1,0,0,0,1
1,0,0,0,1
1,0,0,0,1
1,0,0,0,1
1,0,0,0,1
1,0,0,0,1
1,0,0,0,1
2,0,0,0,2
1,0,0,0,1
1,0,0,0,1
1,0,0,0,1
1,0,0,0,1
1,0,0,0,1
1,0,0,0,1
1,0,0,0,1
1,0,0,0,1
1,0,0,0,1
1,0,0,0,1
1,0,0,0,1
1,2,0,0,3
1,0,0,0,1
1,0,0,0,1
1,0,0,0,1
1,0,0,0,1
1,0,0,0,1
1,0,0,0,1
1,0,0,0,1
1,0,0,0,1
1,0,0,0,1
1,0,0,0,1
1,0,0,0,1
1,0,0,0,1
1,0,0,0,1
1,0,0,0,1
1,0,0,0,1
1,0,0,0,1
1,4,0,0,5
1,0,0,0,1
2,0,0,0,2
1,0,0,0,1
1,0,0,0,1
1,0,0,0,1
1,0,0,0,1
1,0,0,0,1
1,0,0,0,1
2,0,0,0,2
1,0,0,0,1
1,0,0,0,1
1,0,0,0,1
1,0,0,0,1
1,0,0,0,1
1,3,1,0,5
1,0,0,0,1
1,0,0,0,1
1,0,0,0,1
1,0,0,0,1
1,0,0,0,1
1,0,0,0,1
1,0,0,0,1
1,0,0,0,1
1,0,0,0,1
1,34,0,0,35
1,0,0,0,1
1,0,0,0,1
1,0,0,0,1
2,0,0,0,2
1,0,0,0,1
1,0,0,0,1
1,0,0,0,1
1,0,0,0,1
1,0,0,0,1
2,0,0,0,2
1,0,0,0,1
1,0,0,0,1
1,0,0,0,1
1,0,0,0,1
1,0,0,0,1
1,0,0,0,1
1,0,0,0,1
1,0,0,0,1
1,0,0,0,1
1,0,0,0,1
1,0,0,0,1
1,0,0,0,1
1,0,0,0,1
1,0,0,0,1
1,0,0,0,1
1,0,0,0,1
1,0,0,0,1
1,0,0,0,1
1,0,0,0,1
1,0,0,0,1
1,3,2,0,6
1,0,0,0,1
1,0,0,0,1
1,0,0,0,1
1,0,0,0,1
1,0,0,0,1
1,0,0,0,1
1,0,0,0,1
1,0,0,0,1
1,0,0,0,1
1,0,0,0,1
1,0,0,0,1
1,0,0,0,1
1,0,0,0,1
1,0,0,0,1
1,0,0,0,1
1,0,0,0,1
1,0,0,0,1
1,0,0,0,1
1,0,0,0,1
1,0,0,0,1
1,0,0,0,1
1,0,0,0,1
1,0,0,0,1
1,0,0,0,1
1,0,0,0,1
1,0,0,0,1
2,2,0,0,4
1,0,0,0,1
1,0,0,0,1
1,0,0,0,1
1,0,0,0,1
1,0,0,0,1
1,1,0,0,2
2,0,0,0,2
1,0,0,0,1
1,0,0,0,1
1,0,0,0,1
1,0,0,0,1
1,0,0,0,1
1,0,0,0,1
1,0,0,0,1
1,0,0,0,1
1,0,0,0,1
2,0,0,0,2
1,0,0,0,1
1,0,0,0,1
1,0,0,0,1
1,0,0,0,1
1,0,0,0,1
1,0,0,0,1
1,0,0,0,1
1,0,0,0,1
2,0,0,0,2
1,0,0,0,1
1,0,0,0,1
1,0,0,0,1
1,0,0,0,1
1,0,0,0,1
1,0,0,0,1
1,0,0,0,1
1,0,0,0,1
1,0,0,0,1
1,0,0,0,1
1,0,0,0,1
1,0,0,0,1
1,0,0,0,1
1,0,0,0,1
1,0,0,0,1
1,0,0,0,1
1,0,0,0,1
1,0,0,0,1
1,0,0,0,1
2,0,0,0,2
1,0,0,0,1
1,0,0,0,1
2,0,0,0,2
2,0,0,0,2
3,0,0,0,3
1,43,0,0,44
1,0,0,0,1
1,0,0,0,1
1,0,0,0,1
1,0,0,0,1
2,0,0,0,2
1,0,0,0,1
1,0,0,0,1
1,0,0,0,1
1,1,0,0,2
1,0,0,0,1
1,0,0,0,1
1,0,0,0,1
1,0,0,0,1
1,0,0,0,1
1,0,0,0,1
1,0,0,0,1
1,0,0,0,1
1,0,0,0,1
1,0,0,0,1
1,0,0,0,1
1,0,0,0,1
1,0,0,0,1
1,0,0,0,1
1,0,0,0,1
1,0,0,0,1
1,0,0,0,1
1,0,0,0,1
1,0,0,0,1
1,0,0,0,1
1,0,0,0,1
1,0,0,0,1
1,0,0,0,1
1,0,0,0,1
1,2,0,0,3
1,0,0,0,1
1,0,0,0,1
1,0,0,0,1
1,0,0,0,1
1,0,0,0,1
1,0,0,0,1
1,0,0,0,1
1,0,0,0,1
1,0,0,0,1
1,0,0,0,1
1,0,0,0,1
1,0,0,0,1
1,0,0,0,1
1,0,0,0,1
1,0,0,0,1
1,0,0,0,1
1,0,0,0,1
1,0,0,0,1
1,0,0,0,1
1,0,0,0,1
1,0,0,0,1
1,0,0,0,1
1,0,0,0,1
1,0,0,0,1
1,0,0,0,1
1,0,0,0,1
1,0,0,0,1
1,0,0,0,1
1,0,0,0,1
1,0,0,0,1
1,0,0,0,1
1,0,0,0,1
1,0,0,0,1
1,0,0,0,1
1,0,0,0,1
1,0,0,0,1
1,0,0,0,1
1,0,0,0,1
1,0,0,0,1
1,0,0,0,1
1,0,0,0,1
1,0,0,0,1
1,0,0,0,1
1,0,0,0,1
1,0,0,0,1
1,0,0,0,1
1,0,0,0,1
1,0,0,0,1
2,0,0,0,2
1,0,0,0,1
1,0,0,0,1
1,0,0,0,1
1,0,0,0,1
1,0,0,0,1
1,0,0,0,1
1,0,0,0,1
1,0,0,0,1
1,0,0,0,1
1,0,0,0,1
1,0,0,0,1
1,0,0,0,1
1,0,0,0,1
1,0,0,0,1
1,0,2,0,3
1,0,0,0,1
1,0,0,0,1
1,0,0,0,1
1,1,1,0,3
1,0,0,0,1
1,0,0,0,1
1,2,0,0,3
1,0,0,0,1
1,0,0,0,1
1,0,0,0,1
1,0,0,0,1
1,0,0,0,1
1,0,0,0,1
1,0,1,0,2
1,0,0,0,1
3,0,0,0,3
1,0,0,0,1
1,0,0,0,1
1,0,0,0,1
1,0,0,0,1
1,0,0,0,1
1,0,0,0,1
2,6,0,0,8
1,0,0,0,1
1,0,0,0,1
1,0,0,0,1
1,0,0,0,1
1,0,0,0,1
1,0,0,0,1
1,0,0,0,1
1,0,0,0,1
1,4,0,0,5
1,0,0,0,1
1,0,0,0,1
2,0,0,0,2
1,1,0,0,2
1,0,0,0,1
1,0,0,0,1
1,0,0,0,1
1,0,0,0,1
2,0,0,0,2
1,0,0,0,1
1,0,0,0,1
1,0,0,0,1
1,0,0,0,1
1,1,0,0,2
1,0,0,0,1
1,0,0,0,1
1,0,0,0,1
1,0,0,0,1
1,0,0,0,1
1,0,0,0,1
1,0,0,0,1
1,0,0,0,1
1,0,0,0,1
1,0,0,0,1
1,0,0,0,1
1,0,0,0,1
1,0,0,0,1
1,0,0,0,1
1,0,0,0,1
1,0,0,0,1
1,0,0,0,1
1,0,0,0,1
1,0,0,0,1
1,0,0,0,1
1,0,0,0,1
1,0,0,0,1
1,3,2,0,6
1,0,0,0,1
1,0,0,0,1
1,0,0,0,1
2,0,0,0,2
1,0,0,0,1
1,0,0,0,1
1,0,0,0,1
1,0,0,0,1
1,0,0,0,1
1,0,0,0,1
2,0,0,0,2
3,0,0,0,3
1,0,0,0,1
1,0,0,0,1
1,0,0,0,1
1,0,0,0,1
1,0,0,0,1
1,0,0,0,1
1,0,0,0,1
1,92,0,0,93
1,0,0,0,1
1,0,0,0,1
1,0,0,0,1
1,0,0,0,1
1,0,0,0,1
1,0,0,0,1
2,3,0,0,5
1,0,0,0,1
1,0,0,0,1
1,0,0,0,1
1,0,0,0,1
1,0,0,0,1
1,0,0,0,1
1,0,0,0,1
1,0,0,0,1
1,0,0,0,1
1,0,0,0,1
1,0,0,0,1
1,0,0,0,1
1,0,0,0,1
1,0,0,0,1
1,0,0,0,1
1,0,0,0,1
1,0,0,0,1
1,0,0,0,1
1,0,0,0,1
1,0,0,0,1
1,0,0,0,1
1,0,0,0,1
1,0,0,0,1
1,0,0,0,1
1,0,0,0,1
1,0,0,0,1
1,0,0,0,1
1,0,0,0,1
1,0,0,0,1
1,0,0,0,1
1,0,0,0,1
1,0,0,0,1
1,8,0,0,9
1,0,0,0,1
1,0,0,0,1
1,0,0,0,1
1,0,0,0,1
1,0,0,0,1
1,0,0,0,1
1,0,0,0,1
1,0,0,0,1
1,0,0,0,1
1,0,0,0,1
1,0,0,0,1
1,0,0,0,1
1,0,0,0,1
1,0,0,0,1
1,0,0,0,1
1,0,0,0,1
1,0,0,0,1
1,1,0,0,2
1,0,0,0,1
1,0,0,0,1
1,0,0,0,1
1,0,0,0,1
1,0,0,0,1
1,0,0,0,1
1,0,0,0,1
1,0,0,0,1
1,0,0,0,1
2,0,0,0,2
1,0,0,0,1
1,0,0,0,1
1,0,0,0,1
1,0,0,0,1
1,0,0,0,1
1,0,0,0,1
1,0,0,0,1
1,2,0,0,3
1,0,0,0,1
1,0,0,0,1
1,0,0,0,1
1,0,0,0,1
1,0,0,0,1
1,0,0,0,1
2,0,0,0,2
2,0,0,0,2
1,0,0,0,1
1,0,0,0,1
1,0,0,0,1
1,0,0,0,1
1,0,0,0,1
1,0,0,0,1
2,0,0,0,2
1,0,0,0,1
1,0,0,0,1
2,5,0,0,7
1,0,0,0,1
1,0,0,0,1
1,0,0,0,1
1,0,0,0,1
1,0,0,0,1
1,0,0,0,1
1,0,0,0,1
1,0,0,0,1
1,0,0,0,1
1,0,0,0,1
1,0,0,0,1
1,0,0,0,1
1,0,0,0,1
1,0,0,0,1
1,0,0,0,1
1,0,0,0,1
1,0,0,0,1
1,0,0,0,1
1,0,0,0,1
1,0,0,0,1
1,0,0,0,1
1,0,0,0,1
1,0,0,0,1
1,1,0,0,2
2,0,0,0,2
1,0,0,0,1
1,0,0,0,1
2,0,0,0,2
1,0,0,0,1
1,0,0,0,1
1,0,0,0,1
1,0,0,0,1
1,0,0,0,1
1,0,0,0,1
1,0,0,0,1
1,0,0,0,1
1,0,0,0,1
1,0,0,0,1
1,0,0,0,1
1,0,0,0,1
1,0,0,0,1
2,0,0,0,2
1,0,0,0,1
1,0,0,0,1
1,0,0,0,1
1,0,0,0,1
2,0,0,0,2
1,0,0,0,1
1,0,0,0,1
1,0,0,0,1
1,0,0,0,1
1,0,0,0,1
1,0,0,0,1
1,0,0,0,1
1,0,0,0,1
1,0,0,0,1
1,0,0,0,1
1,0,0,0,1
1,0,0,0,1
1,0,0,0,1
1,0,0,0,1
1,0,0,0,1
2,0,0,0,2
1,0,0,0,1
1,0,0,0,1
1,0,0,0,1
1,0,0,0,1
1,0,0,0,1
1,2,0,0,3
1,0,0,0,1
1,0,0,0,1
1,0,0,0,1
1,0,0,0,1
1,0,0,0,1
1,0,0,0,1
1,0,0,0,1
1,0,0,0,1
1,0,0,0,1
1,0,0,0,1
1,0,0,0,1
2,0,0,0,2
1,2,0,0,3
1,0,0,0,1
1,0,0,0,1
1,0,0,0,1
1,0,0,0,1
1,0,0,0,1
1,0,0,0,1
1,0,0,0,1
1,0,0,0,1
1,0,0,0,1
1,0,0,0,1
1,0,0,0,1
1,0,0,0,1
1,0,0,0,1
1,0,0,0,1
1,0,0,0,1
1,0,0,0,1
1,0,0,0,1
1,0,0,0,1
1,0,0,0,1
1,0,0,0,1
1,0,0,0,1
1,0,0,0,1
3,0,0,0,3
1,0,0,0,1
1,0,0,0,1
1,0,0,0,1
1,0,0,0,1
1,0,0,0,1
1,0,0,0,1
1,0,0,0,1
1,0,0,0,1
1,0,0,0,1
1,0,0,0,1
1,0,0,0,1
1,0,0,0,1
1,0,0,0,1
1,1,0,0,2
2,0,0,0,2
1,0,0,0,1
1,0,0,0,1
1,0,0,0,1
1,12,0,0,13
1,0,0,0,1
1,0,0,0,1
1,0,0,0,1
1,0,0,0,1
1,0,0,0,1
1,0,0,0,1
1,0,0,0,1
1,0,0,0,1
1,0,0,0,1
1,0,0,0,1
1,7,0,0,8
1,0,0,0,1
1,0,0,0,1
1,0,0,0,1
1,0,0,0,1
1,0,0,0,1
1,0,0,0,1
1,0,0,0,1
1,0,0,0,1
1,0,0,0,1
1,0,0,0,1
1,0,0,0,1
1,0,0,0,1
1,0,0,0,1
1,0,0,0,1
1,0,0,0,1
1,0,0,0,1
1,0,0,0,1
1,0,0,0,1
1,0,0,0,1
2,0,0,0,2
1,0,0,0,1
1,0,0,0,1
1,0,0,0,1
1,0,0,0,1
1,0,0,0,1
1,0,0,0,1
1,0,0,0,1
1,0,0,0,1
1,0,0,0,1
1,0,0,0,1
1,0,0,0,1
1,0,0,0,1
1,0,0,0,1
1,0,0,0,1
1,0,0,0,1
1,0,0,0,1
1,0,0,0,1
1,0,0,0,1
1,0,0,0,1
1,0,0,0,1
1,0,0,0,1
1,0,0,0,1
1,0,0,0,1
1,0,0,0,1
1,0,0,0,1
1,0,0,0,1
2,0,0,0,2
1,0,0,0,1
1,0,0,0,1
1,0,0,0,1
2,0,0,0,2
1,0,0,0,1
1,0,0,0,1
1,0,0,0,1
1,0,0,0,1
1,0,0,0,1
1,0,0,0,1
1,0,0,0,1
2,0,0,0,2
1,4,0,0,5
1,0,0,0,1
1,0,0,0,1
1,0,0,0,1
1,0,0,0,1
1,0,0,0,1
2,0,0,0,2
1,0,0,0,1
1,0,0,0,1
1,0,0,0,1
1,0,0,0,1
1,0,0,0,1
1,0,0,0,1
2,0,0,0,2
1,0,0,0,1
1,0,0,0,1
1,0,0,0,1
1,0,0,0,1
1,0,0,0,1
1,0,0,0,1
1,0,0,0,1
1,0,0,0,1
1,0,0,0,1
1,0,0,0,1
1,0,0,0,1
1,0,0,0,1
1,0,0,0,1
1,0,0,0,1
1,0,0,0,1
2,0,0,0,2
1,0,0,0,1
1,0,0,0,1
2,0,0,0,2
1,0,0,0,1
1,0,0,0,1
1,0,0,0,1
1,0,0,0,1
1,0,0,0,1
1,0,0,0,1
1,0,0,0,1
1,0,0,0,1
1,0,0,0,1
1,0,0,0,1
1,0,0,0,1
1,0,0,0,1
1,0,0,0,1
1,0,0,0,1
2,0,0,0,2
1,0,0,0,1
1,0,0,0,1
1,0,0,0,1
1,0,0,0,1
1,0,0,0,1
1,0,0,0,1
1,0,0,0,1
1,0,0,0,1
1,0,0,0,1
1,0,0,0,1
1,0,0,0,1
2,0,0,0,2
1,0,0,0,1
1,0,0,0,1
1,0,0,0,1
1,0,0,0,1
1,0,0,0,1
1,0,0,0,1
1,0,0,0,1
1,0,0,0,1
1,0,0,0,1
1,0,0,0,1
1,0,0,0,1
1,0,0,0,1
1,0,0,0,1
1,0,0,0,1
1,0,0,0,1
1,0,0,0,1
1,0,0,0,1
1,0,0,0,1
1,0,0,0,1
1,0,0,0,1
1,0,0,0,1
1,0,0,0,1
1,0,0,0,1
1,0,0,0,1
1,4,0,0,5
1,0,0,0,1
1,0,0,0,1
1,0,0,0,1
1,0,0,0,1
1,0,0,0,1
1,0,0,0,1
1,0,0,0,1
1,5,0,0,6
1,0,0,0,1
1,0,0,0,1
1,0,0,0,1
1,0,0,0,1
1,0,0,0,1
1,0,0,0,1
1,0,0,0,1
1,0,0,0,1
1,0,0,0,1
1,0,0,0,1
1,0,0,0,1
1,0,0,0,1
1,1,0,0,2
1,0,0,0,1
1,0,0,0,1
1,0,0,0,1
1,0,0,0,1
1,0,0,0,1
1,0,0,0,1
1,0,0,0,1
1,0,0,0,1
1,0,0,0,1
1,0,0,0,1
2,0,0,0,2
1,0,0,0,1
1,0,0,0,1
1,0,0,0,1
1,0,0,0,1
1,0,0,0,1
1,0,0,0,1
1,0,0,0,1
1,1,0,0,2
1,0,0,0,1
1,0,0,0,1
1,0,0,0,1
1,0,0,0,1
1,0,0,0,1
1,0,0,0,1
1,0,0,0,1
1,0,0,0,1
1,0,0,0,1
1,0,0,0,1
1,0,0,0,1
1,0,0,0,1
1,0,0,0,1
1,0,0,0,1
1,0,0,0,1
1,0,0,0,1
1,0,0,0,1
1,0,0,0,1
1,0,0,0,1
1,0,0,0,1
1,0,0,0,1
1,0,0,0,1
1,0,0,0,1
1,0,0,0,1
1,0,0,0,1
1,0,0,0,1
1,0,0,0,1
1,0,0,0,1
1,0,0,0,1
1,0,0,0,1
1,0,0,0,1
1,0,0,0,1
1,0,0,0,1
1,0,0,0,1
1,0,0,0,1
1,0,0,0,1
1,0,0,0,1
1,0,0,0,1
1,0,0,0,1
1,0,0,0,1
3,0,0,0,3
1,0,0,0,1
1,0,0,0,1
1,0,0,0,1
1,0,0,0,1
1,0,0,0,1
1,0,0,0,1
1,0,0,0,1
1,3,0,0,4
1,0,0,0,1
1,0,0,0,1
1,0,0,0,1
1,0,0,0,1
1,0,0,0,1
1,0,0,0,1
1,0,0,0,1
1,0,0,0,1
1,0,0,0,1
1,0,0,0,1
1,0,0,0,1
1,0,0,0,1
1,0,0,0,1
1,0,0,0,1
1,0,0,0,1
2,1,0,0,3
1,0,0,0,1
1,0,0,0,1
1,0,0,0,1
1,0,0,0,1
1,0,0,0,1
1,0,0,0,1
1,0,0,0,1
1,0,0,0,1
1,0,0,0,1
1,0,0,0,1
1,0,0,0,1
1,0,0,0,1
1,0,0,0,1
1,0,0,0,1
1,0,0,0,1
1,0,0,0,1
1,0,0,0,1
2,1,0,0,3
1,0,0,0,1
1,0,0,0,1
1,0,0,0,1
1,0,0,0,1
1,0,0,0,1
2,0,0,0,2
1,0,0,0,1
1,0,0,0,1
1,0,0,0,1
1,0,0,0,1
2,0,0,0,2
1,0,0,0,1
1,0,0,0,1
1,0,0,0,1
1,0,0,0,1
1,2,0,0,3
1,0,0,0,1
2,3,0,0,5
1,0,0,0,1
1,0,0,0,1
1,0,0,0,1
1,0,0,0,1
1,0,0,0,1
1,0,0,0,1
1,0,0,0,1
1,0,0,0,1
1,0,0,0,1
1,0,0,0,1
1,0,0,0,1
1,0,0,0,1
2,0,0,0,2
1,0,0,0,1
2,0,0,0,2
1,0,0,0,1
1,0,0,0,1
1,0,0,0,1
1,0,0,0,1
1,0,0,0,1
1,0,0,0,1
1,0,0,0,1
1,0,0,0,1
1,0,0,0,1
1,0,0,0,1
1,0,0,0,1
1,0,0,0,1
1,0,0,0,1
1,0,0,0,1
1,0,0,0,1
1,0,0,0,1
3,0,0,0,3
1,0,0,0,1
1,0,0,0,1
1,0,0,0,1
1,0,0,0,1
1,0,0,0,1
1,0,0,0,1
1,0,0,0,1
1,0,0,0,1
1,0,0,0,1
1,0,0,0,1
1,0,0,0,1
1,0,0,0,1
1,0,0,0,1
1,0,0,0,1
1,0,0,0,1
1,0,0,0,1
1,0,0,0,1
1,0,0,0,1
1,0,0,0,1
1,0,0,0,1
1,0,0,0,1
3,0,0,0,3
1,0,0,0,1
1,0,0,0,1
1,0,0,0,1
1,0,0,0,1
1,0,0,0,1
3,0,0,0,3
1,0,0,0,1
1,0,0,0,1
1,0,0,0,1
1,0,0,0,1
1,0,0,0,1
2,0,0,0,2
1,0,1,0,2
2,1,0,0,3
1,0,0,0,1
1,0,0,0,1
1,0,0,0,1
1,0,0,0,1
1,0,0,0,1
1,0,0,0,1
1,0,0,0,1
1,0,0,0,1
1,0,0,0,1
1,0,0,0,1
1,0,0,0,1
1,0,0,0,1
1,0,0,0,1
1,0,0,0,1
1,0,0,0,1
1,0,0,0,1
1,0,0,0,1
1,0,0,0,1
1,0,0,0,1
1,0,0,0,1
1,0,0,0,1
1,0,0,0,1
1,0,0,0,1
1,0,0,0,1
1,0,0,0,1
1,0,0,0,1
1,0,0,0,1
1,7,0,0,8
1,1,0,0,2
2,0,0,0,2
1,0,0,0,1
1,0,0,0,1
1,0,0,0,1
1,1,0,0,2
1,0,0,0,1
1,0,0,0,1
3,0,0,0,3
1,4,0,0,5
1,0,0,0,1
1,0,0,0,1
1,0,0,0,1
1,0,0,0,1
1,0,0,0,1
1,0,0,0,1
1,0,0,0,1
1,0,0,0,1
1,0,0,0,1
1,0,0,0,1
1,0,0,0,1
1,0,0,0,1
1,0,0,0,1
1,0,0,0,1
1,0,0,0,1
1,0,0,0,1
1,0,0,0,1
1,0,0,0,1
1,0,0,0,1
1,0,0,0,1
1,0,0,0,1
1,0,0,0,1
1,0,0,0,1
1,0,0,0,1
2,0,0,0,2
2,0,0,0,2
1,2,0,0,3
1,0,0,0,1
1,0,0,0,1
1,34,0,0,35
2,0,0,0,2
1,0,0,0,1
1,0,0,0,1
1,0,0,0,1
2,0,0,0,2
1,0,0,0,1
1,0,0,0,1
1,0,0,0,1
1,0,0,0,1
2,0,0,0,2
1,0,0,0,1
1,0,0,0,1
1,0,0,0,1
1,0,0,0,1
1,0,0,0,1
1,0,0,0,1
1,0,0,0,1
1,0,0,0,1
1,0,0,0,1
1,0,0,0,1
1,0,0,0,1
1,0,0,0,1
1,0,0,0,1
1,0,0,0,1
1,0,0,0,1
1,0,0,0,1
1,0,0,0,1
1,0,0,0,1
1,0,0,0,1
1,0,0,0,1
2,0,0,0,2
2,0,0,0,2
1,0,0,0,1
1,0,0,0,1
1,0,0,0,1
1,0,0,0,1
1,0,0,0,1
1,0,0,0,1
1,0,0,0,1
1,0,0,0,1
1,0,0,0,1
1,0,0,0,1
1,0,0,0,1
1,0,0,0,1
1,0,0,0,1
1,0,0,0,1
1,0,0,0,1
1,3,0,0,4
1,0,0,0,1
1,0,0,0,1
1,0,0,0,1
1,0,0,0,1
1,0,0,0,1
1,0,0,0,1
1,0,0,0,1
1,1,0,0,2
1,2,0,0,3
1,0,0,0,1
1,0,0,0,1
1,0,0,0,1
1,0,0,0,1
1,0,0,0,1
1,0,0,0,1
1,0,0,0,1
1,0,0,0,1
1,4,0,0,5
1,0,0,0,1
1,0,0,0,1
1,0,0,0,1
1,0,0,0,1
1,0,0,0,1
1,0,0,0,1
1,0,0,0,1
1,0,0,0,1
1,0,0,0,1
1,0,0,0,1
1,0,0,0,1
1,0,0,0,1
1,0,0,0,1
1,0,0,0,1
1,0,0,0,1
1,0,0,0,1
1,0,0,0,1
1,0,0,0,1
1,0,0,0,1
1,0,0,0,1
1,0,0,0,1
1,0,0,0,1
1,0,0,0,1
1,0,0,0,1
1,0,0,0,1
2,0,0,0,2
1,0,0,0,1
1,0,0,0,1
1,0,0,0,1
1,0,0,0,1
1,0,0,0,1
1,0,0,0,1
1,4,0,0,5
1,0,0,0,1
1,0,0,0,1
1,0,0,0,1
1,0,0,0,1
1,0,0,0,1
1,0,0,0,1
1,0,0,0,1
1,2,0,0,3
1,0,0,0,1
1,5,0,0,6
1,0,0,0,1
1,0,0,0,1
1,0,0,0,1
1,0,0,0,1
1,0,0,0,1
1,0,0,0,1
1,0,0,0,1
1,0,0,0,1
1,0,0,0,1
1,0,0,0,1
1,0,0,0,1
3,0,0,0,3
1,0,0,0,1
2,0,0,0,2
1,0,0,0,1
1,0,0,0,1
1,0,0,0,1
1,0,0,0,1
1,0,0,0,1
1,0,0,0,1
1,0,0,0,1
1,0,0,0,1
1,0,0,0,1
1,0,0,0,1
2,2,0,0,4
1,5,0,0,6
1,0,0,0,1
1,0,0,0,1
1,0,0,0,1
1,0,0,0,1
2,0,0,0,2
1,0,0,0,1
1,0,0,0,1
2,0,0,0,2
1,0,0,0,1
1,0,0,0,1
1,0,0,0,1
1,0,0,0,1
1,0,0,0,1
1,0,0,0,1
1,0,0,0,1
1,0,0,0,1
1,0,0,0,1
1,0,0,0,1
1,0,0,0,1
1,0,0,0,1
1,0,0,0,1
1,0,0,0,1
1,0,0,0,1
1,0,0,0,1
1,0,0,0,1
3,12,0,0,15
1,0,0,0,1
1,0,0,0,1
1,0,0,0,1
2,0,0,0,2
1,0,0,0,1
1,0,0,0,1
1,0,0,0,1
1,0,0,0,1
1,0,0,0,1
1,0,0,0,1
1,0,0,0,1
1,0,0,0,1
1,0,0,0,1
1,0,0,0,1
1,0,0,0,1
1,0,0,0,1
1,0,0,0,1
1,0,0,0,1
1,0,0,0,1
1,0,0,0,1
1,1,0,0,2
1,0,0,0,1
1,0,0,0,1
1,0,0,0,1
1,0,0,0,1
1,0,0,0,1
1,0,0,0,1
1,0,0,0,1
1,0,0,0,1
1,0,0,0,1
1,0,0,0,1
1,0,0,0,1
1,0,0,0,1
1,0,0,0,1
1,0,0,0,1
1,0,0,0,1
1,0,0,0,1
1,0,0,0,1
1,4,0,0,5
1,0,0,0,1
1,0,0,0,1
1,0,0,0,1
1,0,0,0,1
1,0,0,0,1
1,0,0,0,1
1,0,0,0,1
2,0,0,0,2
1,0,0,0,1
1,0,0,0,1
1,0,0,0,1
1,0,0,0,1
1,0,0,0,1
1,0,0,0,1
1,0,0,0,1
1,0,0,0,1
1,0,0,0,1
2,0,0,0,2
1,0,0,0,1
1,0,0,0,1
1,0,0,0,1
1,0,0,0,1
1,0,0,0,1
1,0,0,0,1
1,0,0,0,1
1,0,0,0,1
1,0,0,0,1
1,0,0,0,1
1,0,0,0,1
1,0,0,0,1
1,0,0,0,1
1,0,0,0,1
1,0,0,0,1
1,0,0,0,1
1,0,0,0,1
1,0,0,0,1
1,0,0,0,1
1,0,0,0,1
1,0,0,0,1
1,0,0,0,1
1,0,0,0,1
1,0,0,0,1
1,0,0,0,1
1,0,0,0,1
1,0,0,0,1
1,0,0,0,1
1,0,0,0,1
1,0,0,0,1
1,0,0,0,1
1,0,0,0,1
1,0,0,0,1
1,0,0,0,1
1,0,0,0,1
1,0,0,0,1
1,0,0,0,1
1,0,0,0,1
2,0,0,0,2
1,0,0,0,1
1,0,0,0,1
1,0,0,0,1
1,0,0,0,1
1,0,0,0,1
1,0,0,0,1
1,0,0,0,1
1,0,0,0,1
1,0,0,0,1
1,0,0,0,1
1,0,0,0,1
1,0,0,0,1
1,0,0,0,1
1,0,0,0,1
1,0,0,0,1
1,0,0,0,1
1,0,0,0,1
1,0,0,0,1
1,0,0,0,1
1,0,0,0,1
1,0,0,0,1
1,0,0,0,1
1,0,0,0,1
1,0,0,0,1
1,0,0,0,1
1,0,0,0,1
1,0,0,0,1
1,0,0,0,1
1,0,0,0,1
1,0,0,0,1
1,0,0,0,1
1,0,0,0,1
1,0,0,0,1
1,0,0,0,1
1,0,0,0,1
1,0,0,0,1
1,0,0,0,1
1,0,0,0,1
1,0,0,0,1
1,0,0,0,1
1,0,0,0,1
1,0,0,0,1
1,0,0,0,1
2,0,0,0,2
1,0,0,0,1
1,0,0,0,1
1,0,0,0,1
1,0,0,0,1
1,0,0,0,1
1,0,0,0,1
1,0,0,0,1
1,0,0,0,1
1,0,0,0,1
1,0,0,0,1
2,0,0,0,2
1,0,0,0,1
2,0,0,0,2
2,0,0,0,2
1,0,0,0,1
1,0,0,0,1
1,0,0,0,1
1,0,0,0,1
1,0,0,0,1
1,0,0,0,1
1,0,0,0,1
1,0,0,0,1
1,0,0,0,1
1,0,0,0,1
1,0,0,0,1
1,0,0,0,1
1,0,0,0,1
1,0,0,0,1
1,0,0,0,1
1,0,0,0,1
1,0,0,0,1
1,0,0,0,1
1,0,0,0,1
1,0,0,0,1
1,0,0,0,1
1,0,0,0,1
1,0,0,0,1
1,0,0,0,1
1,0,0,0,1
1,0,0,0,1
2,0,0,0,2
1,0,0,0,1
1,0,0,0,1
1,0,0,0,1
1,0,0,0,1
1,0,0,0,1
1,0,0,0,1
1,0,0,0,1
1,0,0,0,1
1,0,0,0,1
1,0,0,0,1
1,0,0,0,1
1,0,0,0,1
1,0,0,0,1
1,0,0,0,1
1,0,0,0,1
1,0,0,0,1
1,0,0,0,1
1,0,0,0,1
1,0,0,0,1
1,0,0,0,1
1,0,0,0,1
1,0,0,0,1
2,0,0,0,2
1,0,0,0,1
1,0,0,0,1
1,0,0,0,1
1,0,0,0,1
1,0,0,0,1
1,0,0,0,1
1,0,0,0,1
1,0,0,0,1
1,0,0,0,1
1,0,0,0,1
2,0,0,0,2
1,0,0,0,1
1,0,0,0,1
1,0,0,0,1
1,0,0,0,1
1,0,0,0,1
1,0,0,0,1
1,0,0,0,1
1,0,0,0,1
1,0,0,0,1
1,0,0,0,1
1,0,0,0,1
1,0,0,0,1
1,0,0,0,1
1,0,0,0,1
1,0,0,0,1
1,0,0,0,1
1,0,0,0,1
1,0,0,0,1
2,0,0,0,2
2,0,0,0,2
1,0,0,0,1
1,0,0,0,1
1,0,0,0,1
1,0,0,0,1
1,0,0,0,1
1,0,0,0,1
1,0,0,0,1
2,0,0,0,2
1,0,0,0,1
1,0,0,0,1
1,2,0,0,3
1,0,0,0,1
1,0,0,0,1
1,0,0,0,1
1,0,0,0,1
1,0,0,0,1
1,0,0,0,1
1,0,0,0,1
1,0,0,0,1
1,0,0,0,1
1,0,0,0,1
1,0,0,0,1
1,0,0,0,1
1,0,0,0,1
1,0,0,0,1
2,0,0,0,2
1,0,0,0,1
2,0,0,0,2
1,0,0,0,1
1,0,0,0,1
1,0,0,0,1
1,0,0,0,1
1,0,0,0,1
1,0,0,0,1
1,0,0,0,1
2,0,0,0,2
1,0,0,0,1
1,0,0,0,1
1,0,0,0,1
1,0,0,0,1
1,0,0,0,1
1,0,0,0,1
1,0,0,0,1
1,0,0,0,1
1,0,0,0,1
1,0,0,0,1
1,0,0,0,1
1,4,0,0,5
1,0,0,0,1
1,0,0,0,1
1,0,0,0,1
1,0,0,0,1
1,0,0,0,1
1,0,0,0,1
1,0,0,0,1
1,0,0,0,1
1,0,0,0,1
1,0,0,0,1
1,0,0,0,1
1,0,0,0,1
1,0,0,0,1
1,0,0,0,1
1,0,0,0,1
1,0,0,0,1
1,0,0,0,1
1,0,0,0,1
1,0,0,0,1
1,0,0,0,1
1,0,0,0,1
1,0,0,0,1
1,0,0,0,1
1,0,0,0,1
1,0,0,0,1
1,0,0,0,1
1,0,0,0,1
1,0,0,0,1
1,0,0,0,1
1,2,1,0,4
1,0,0,0,1
1,0,0,0,1
1,0,0,0,1
1,0,0,0,1
1,0,0,0,1
1,0,0,0,1
1,0,0,0,1
2,0,0,0,2
1,0,0,0,1
1,0,0,0,1
1,0,0,0,1
1,0,0,0,1
1,0,0,0,1
1,0,0,0,1
1,0,0,0,1
1,0,0,0,1
1,0,0,0,1
1,0,0,0,1
1,0,0,0,1
1,0,0,0,1
1,0,0,0,1
1,0,0,0,1
1,0,0,0,1
1,0,0,0,1
1,0,0,0,1
1,0,0,0,1
1,0,0,0,1
1,0,0,0,1
1,0,0,0,1
1,0,0,0,1
1,0,0,0,1
1,0,0,0,1
1,0,0,0,1
1,0,0,0,1
1,0,0,0,1
1,0,0,0,1
1,0,0,0,1
1,0,0,0,1
1,0,0,0,1
1,0,0,0,1
2,0,0,0,2
1,0,0,0,1
1,0,0,0,1
1,0,0,0,1
1,0,0,0,1
1,0,0,0,1
1,0,0,0,1
1,0,0,0,1
1,0,0,0,1
1,0,0,0,1
2,3,0,0,5
1,0,0,0,1
1,0,0,0,1
2,0,0,0,2
1,0,0,0,1
1,0,0,0,1
1,0,0,0,1
1,0,0,0,1
1,0,0,0,1
1,0,0,0,1
1,0,0,0,1
1,0,0,0,1
1,0,0,0,1
1,0,0,0,1
1,0,0,0,1
2,0,0,0,2
1,0,0,0,1
1,0,0,0,1
1,0,0,0,1
1,0,0,0,1
1,0,0,0,1
1,0,0,0,1
1,0,0,0,1
1,0,0,0,1
1,0,0,0,1
1,0,0,0,1
1,0,0,0,1
1,0,0,0,1
1,0,0,0,1
1,0,0,0,1
1,0,0,0,1
1,0,0,0,1
1,0,0,0,1
1,0,0,0,1
1,0,0,0,1
1,0,0,0,1
1,0,0,0,1
1,0,0,0,1
1,0,0,0,1
1,0,0,0,1
1,0,0,0,1
1,0,0,0,1
1,0,0,0,1
2,0,0,0,2
1,3,0,0,4
1,0,0,0,1
1,0,0,0,1
1,0,0,0,1
1,0,0,0,1
1,0,0,0,1
1,0,0,0,1
1,1,1,0,3
1,0,0,0,1
2,0,0,0,2
1,0,0,0,1
2,0,0,0,2
1,0,0,0,1
1,0,0,0,1
1,1,0,0,2
1,0,0,0,1
1,0,0,0,1
1,0,0,0,1
1,0,0,0,1
1,0,0,0,1
1,0,0,0,1
1,0,0,0,1
1,0,0,0,1
1,0,0,0,1
1,0,0,0,1
3,0,0,0,3
1,0,0,0,1
1,0,0,0,1
1,0,0,0,1
1,0,0,0,1
1,0,0,0,1
1,0,0,0,1
1,0,0,0,1
1,0,0,0,1
1,0,0,0,1
1,0,0,0,1
1,0,0,0,1
1,0,0,0,1
1,0,0,0,1
1,0,0,0,1
1,0,0,0,1
1,0,0,0,1
1,0,0,0,1
2,0,0,0,2
1,0,0,0,1
1,0,0,0,1
1,0,0,0,1
1,0,0,0,1
1,0,0,0,1
1,0,0,0,1
1,0,0,0,1
1,0,0,0,1
1,0,0,0,1
1,0,0,0,1
1,0,0,0,1
1,0,0,0,1
2,0,0,0,2
1,0,0,0,1
1,0,0,0,1
1,0,0,0,1
1,0,0,0,1
1,0,0,0,1
1,1,0,0,2
1,0,0,0,1
1,0,0,0,1
1,0,0,0,1
1,0,0,0,1
1,0,0,0,1
1,0,0,0,1
1,0,0,0,1
1,0,0,0,1
1,0,0,0,1
1,0,0,0,1
1,0,0,0,1
1,0,0,0,1
1,0,0,0,1
1,0,0,0,1
1,0,0,0,1
1,0,0,0,1
1,0,0,0,1
1,0,0,0,1
1,0,0,0,1
1,0,0,0,1
1,0,0,0,1
1,0,0,0,1
1,0,0,0,1
1,0,0,0,1
1,0,0,0,1
1,0,0,0,1
1,0,0,0,1
1,0,0,0,1
2,0,0,0,2
1,0,0,0,1
1,0,0,0,1
1,0,0,0,1
1,0,0,0,1
1,0,0,0,1
1,0,0,0,1
1,0,0,0,1
1,0,0,0,1
1,0,0,0,1
2,0,0,0,2
1,0,0,0,1
1,0,0,0,1
1,0,0,0,1
2,0,0,0,2
1,0,0,0,1
2,0,0,0,2
2,0,0,0,2
1,0,0,0,1
1,0,0,0,1
2,0,0,0,2
1,0,0,0,1
1,0,0,0,1
1,0,0,0,1
1,0,0,0,1
1,0,0,0,1
1,0,0,0,1
1,0,0,0,1
1,0,0,0,1
1,0,0,0,1
1,0,0,0,1
1,0,0,0,1
1,0,0,0,1
1,0,0,0,1
1,0,0,0,1
1,0,0,0,1
1,0,0,0,1
1,0,0,0,1
1,0,0,0,1
1,0,0,0,1
1,0,0,0,1
1,0,0,0,1
1,0,0,0,1
1,0,0,0,1
1,0,0,0,1
1,0,0,0,1
1,0,0,0,1
1,0,0,0,1
1,0,0,0,1
1,0,0,0,1
1,0,0,0,1
1,0,0,0,1
1,0,0,0,1
1,0,0,0,1
1,0,0,0,1
1,0,0,0,1
1,0,0,0,1
1,0,0,0,1
1,0,0,0,1
1,0,0,0,1
1,0,0,0,1
1,0,0,0,1
1,0,0,0,1
1,0,0,0,1
1,0,0,0,1
1,0,0,0,1
1,0,0,0,1
1,0,0,0,1
1,0,0,0,1
1,0,0,0,1
1,0,0,0,1
1,0,0,0,1
1,0,0,0,1
1,0,0,0,1
1,0,0,0,1
1,0,0,0,1
1,0,0,0,1
1,0,0,0,1
1,0,0,0,1
1,1,0,0,2
1,0,0,0,1
2,0,0,0,2
1,0,0,0,1
1,0,0,0,1
1,0,0,0,1
1,0,0,0,1
1,0,0,0,1
1,0,0,0,1
1,0,0,0,1
1,0,0,0,1
1,0,0,0,1
1,0,0,0,1
1,0,0,0,1
2,0,0,0,2
1,0,0,0,1
1,0,0,0,1
1,0,0,0,1
1,0,0,0,1
1,0,0,0,1
1,0,0,0,1
1,0,0,0,1
1,0,0,0,1
1,0,0,0,1
1,0,0,0,1
1,0,0,0,1
3,0,0,0,3
1,0,0,0,1
1,0,0,0,1
1,0,0,0,1
1,0,0,0,1
1,0,0,0,1
1,0,0,0,1
1,0,0,0,1
1,0,0,0,1
1,0,0,0,1
1,0,0,0,1
2,0,0,0,2
1,0,0,0,1
1,0,0,0,1
1,0,0,0,1
1,0,0,0,1
1,0,0,0,1
1,0,0,0,1
1,0,0,0,1
1,0,0,0,1
1,0,0,0,1
1,0,0,0,1
1,0,0,0,1
1,0,0,0,1
1,0,0,0,1
2,0,0,0,2
1,0,0,0,1
1,0,0,0,1
1,0,0,0,1
1,0,0,0,1
1,0,0,0,1
1,0,0,0,1
1,0,0,0,1
1,0,0,0,1
1,0,0,0,1
1,0,0,0,1
1,0,0,0,1
1,0,0,0,1
1,0,0,0,1
1,0,0,0,1
1,0,0,0,1
1,0,0,0,1
1,0,0,0,1
1,0,0,0,1
1,0,0,0,1
1,0,0,0,1
1,0,0,0,1
1,0,0,0,1
1,0,0,0,1
1,0,0,0,1
1,12,0,0,13
1,0,0,0,1
1,0,0,0,1
1,0,0,0,1
1,0,0,0,1
1,0,0,0,1
1,0,0,0,1
1,0,0,0,1
1,0,0,0,1
1,0,0,0,1
1,0,0,0,1
1,0,0,0,1
1,0,0,0,1
1,0,0,0,1
1,0,0,0,1
1,0,0,0,1
1,0,0,0,1
1,0,0,0,1
1,0,0,0,1
1,0,0,0,1
1,0,0,0,1
1,0,0,0,1
1,1,2,0,4
1,0,0,0,1
1,0,0,0,1
1,0,0,0,1
1,0,0,0,1
1,0,0,0,1
1,0,0,0,1
1,0,0,0,1
1,0,0,0,1
1,0,0,0,1
1,0,0,0,1
1,0,0,0,1
1,0,0,0,1
1,0,0,0,1
1,0,0,0,1
1,0,0,0,1
1,0,0,0,1
1,0,0,0,1
1,0,0,0,1
1,0,0,0,1
1,0,0,0,1
1,0,0,0,1
1,0,0,0,1
1,0,0,0,1
1,0,0,0,1
1,0,0,0,1
1,1,0,0,2
1,0,0,0,1
1,0,0,0,1
1,0,0,0,1
1,0,0,0,1
1,0,0,0,1
1,0,0,0,1
1,0,0,0,1
1,0,0,0,1
1,0,0,0,1
1,0,0,0,1
1,0,0,0,1
1,0,0,0,1
1,0,0,0,1
1,0,0,0,1
1,0,0,0,1
1,0,0,0,1
2,0,0,0,2
1,0,0,0,1
1,0,0,0,1
2,0,0,0,2
1,0,0,0,1
1,0,0,0,1
1,0,0,0,1
1,0,0,0,1
1,0,0,0,1
1,0,0,0,1
1,0,0,0,1
1,0,0,0,1
1,0,0,0,1
1,0,0,0,1
1,0,0,0,1
1,14,0,0,15
1,0,0,0,1
2,1,1,0,4
1,0,0,0,1
1,0,0,0,1
1,0,0,0,1
1,3,0,0,4
1,0,0,0,1
1,0,0,0,1
1,0,0,0,1
1,0,0,0,1
1,0,0,0,1
2,0,0,0,2
1,0,0,0,1
1,0,0,0,1
1,0,0,0,1
1,0,0,0,1
1,0,0,0,1
1,0,0,0,1
1,0,0,0,1
1,0,0,0,1
1,0,0,0,1
1,1,1,0,3
1,0,0,0,1
1,0,0,0,1
2,0,0,0,2
1,0,0,0,1
1,0,0,0,1
1,0,0,0,1
1,0,0,0,1
1,0,0,0,1
1,0,0,0,1
1,0,0,0,1
1,0,0,0,1
2,0,0,0,2
1,0,0,0,1
1,0,0,0,1
1,2,1,0,4
2,0,0,0,2
1,0,0,0,1
1,0,0,0,1
1,0,0,0,1
2,2,0,0,4
1,0,0,0,1
1,0,0,0,1
1,0,0,0,1
1,0,0,0,1
1,0,0,0,1
1,0,0,0,1
1,0,0,0,1
2,0,0,0,2
1,0,0,0,1
1,0,0,0,1
1,0,0,0,1
1,0,0,0,1
1,0,0,0,1
1,0,0,0,1
1,0,0,0,1
1,0,0,0,1
1,0,0,0,1
1,0,0,0,1
1,0,0,0,1
1,0,0,0,1
1,0,0,0,1
1,0,0,0,1
1,0,0,0,1
1,0,0,0,1
1,0,0,0,1
1,0,0,0,1
1,0,0,0,1
1,0,0,0,1
4,0,0,0,4
1,0,0,0,1
1,0,0,0,1
3,0,0,0,3
1,0,0,0,1
1,0,0,0,1
1,0,0,0,1
1,0,0,0,1
1,0,0,0,1
1,0,0,0,1
1,0,0,0,1
1,0,0,0,1
1,0,0,0,1
1,0,0,0,1
1,0,0,0,1
1,0,0,0,1
1,0,0,0,1
1,0,0,0,1
1,0,0,0,1
1,0,0,0,1
1,0,0,0,1
1,0,0,0,1
1,0,0,0,1
1,0,0,0,1
1,0,0,0,1
1,0,0,0,1
1,0,0,0,1
1,0,0,0,1
1,0,0,0,1
1,0,0,0,1
1,0,0,0,1
1,0,0,0,1
1,0,0,0,1
1,0,0,0,1
1,0,0,0,1
1,0,0,0,1
1,0,0,0,1
1,0,0,0,1
1,0,0,0,1
1,0,0,0,1
1,0,0,0,1
1,0,0,0,1
1,0,1,0,2
1,0,0,0,1
1,0,0,0,1
1,0,0,0,1
1,0,0,0,1
1,0,0,0,1
1,0,0,0,1
1,0,0,0,1
1,0,0,0,1
1,0,0,0,1
1,0,0,0,1
1,0,0,0,1
1,0,0,0,1
1,0,0,0,1
1,0,0,0,1
1,0,0,0,1
1,0,0,0,1
1,0,0,0,1
1,0,0,0,1
2,0,0,0,2
1,0,0,0,1
1,0,0,0,1
1,0,0,0,1
1,0,0,0,1
1,0,0,0,1
1,0,0,0,1
1,0,0,0,1
1,2,0,0,3
1,0,0,0,1
1,0,0,0,1
1,0,0,0,1
1,0,0,0,1
1,0,0,0,1
1,0,0,0,1
1,0,0,0,1
1,0,0,0,1
1,0,0,0,1
1,0,0,0,1
1,0,0,0,1
1,0,0,0,1
1,0,0,0,1
1,0,0,0,1
1,0,0,0,1
1,0,0,0,1
2,1,0,0,3
2,0,0,0,2
1,0,0,0,1
1,0,0,0,1
1,0,0,0,1
1,0,0,0,1
1,0,0,0,1
1,0,0,0,1
1,0,0,0,1
1,0,0,0,1
1,0,0,0,1
1,0,0,0,1
1,0,0,0,1
1,0,0,0,1
1,0,0,0,1
1,0,0,0,1
1,0,0,0,1
2,0,0,0,2
1,0,0,0,1
2,0,0,0,2
1,0,0,0,1
1,0,0,0,1
1,0,0,0,1
1,0,0,0,1
1,0,0,0,1
1,0,0,0,1
1,0,0,0,1
1,0,0,0,1
1,0,0,0,1
1,0,0,0,1
1,0,0,0,1
1,0,0,0,1
1,0,0,0,1
1,0,0,0,1
1,0,0,0,1
1,0,0,0,1
1,0,0,0,1
1,0,0,0,1
3,2,0,0,5
1,0,0,0,1
1,0,0,0,1
1,0,0,0,1
1,0,0,0,1
1,0,0,0,1
1,0,0,0,1
1,0,0,0,1
1,0,0,0,1
1,0,0,0,1
1,0,0,0,1
1,0,0,0,1
1,0,0,0,1
1,0,0,0,1
1,0,0,0,1
1,0,0,0,1
1,0,0,0,1
2,0,0,0,2
2,0,0,0,2
1,0,0,0,1
2,0,0,0,2
1,0,0,0,1
1,0,0,0,1
1,0,0,0,1
1,0,0,0,1
1,0,0,0,1
1,0,0,0,1
1,0,0,0,1
1,0,0,0,1
1,0,0,0,1
1,0,0,0,1
1,0,0,0,1
1,0,0,0,1
1,0,0,0,1
1,0,0,0,1
1,0,0,0,1
1,0,0,0,1
1,2,0,0,3
1,0,0,0,1
1,0,0,0,1
1,0,0,0,1
1,0,0,0,1
1,0,0,0,1
1,0,0,0,1
1,0,0,0,1
1,0,0,0,1
1,0,0,0,1
1,0,0,0,1
1,0,0,0,1
2,0,0,0,2
1,0,0,0,1
1,0,0,0,1
1,0,0,0,1
1,0,0,0,1
1,0,0,0,1
1,0,0,0,1
1,12,0,0,13
1,0,0,0,1
1,0,0,0,1
1,0,0,0,1
1,0,0,0,1
1,0,0,0,1
1,0,0,0,1
1,0,0,0,1
1,0,0,0,1
1,0,0,0,1
1,0,0,0,1
1,0,0,0,1
1,0,0,0,1
1,0,0,0,1
1,0,0,0,1
1,0,0,0,1
1,0,1,0,2
1,0,0,0,1
1,0,0,0,1
1,0,0,0,1
1,0,0,0,1
1,0,0,0,1
1,0,0,0,1
1,0,0,0,1
1,0,0,0,1
1,0,0,0,1
1,0,0,0,1
1,0,0,0,1
1,0,0,0,1
1,0,0,0,1
1,0,0,0,1
1,0,0,0,1
1,0,0,0,1
1,0,0,0,1
1,8,0,0,9
1,0,0,0,1
1,0,0,0,1
1,0,0,0,1
1,0,0,0,1
1,3,0,0,4
1,0,0,0,1
1,0,0,0,1
1,0,0,0,1
1,0,0,0,1
1,0,0,0,1
1,0,0,0,1
1,0,0,0,1
1,0,0,0,1
1,0,0,0,1
1,0,0,0,1
1,0,0,0,1
1,0,0,0,1
1,0,0,0,1
2,0,0,0,2
1,0,0,0,1
1,0,0,0,1
1,0,0,0,1
1,0,0,0,1
1,0,0,0,1
1,0,0,0,1
1,1,0,0,2
1,0,0,0,1
1,0,0,0,1
1,0,0,0,1
2,0,0,0,2
1,0,0,0,1
1,0,0,0,1
1,0,0,0,1
1,0,0,0,1
1,0,0,0,1
1,0,0,0,1
1,0,0,0,1
1,0,0,0,1
1,0,0,0,1
1,0,0,0,1
1,0,0,0,1
1,0,0,0,1
1,0,0,0,1
1,0,0,0,1
1,0,0,0,1
1,0,0,0,1
1,0,0,0,1
1,0,0,0,1
1,0,0,0,1
1,0,0,0,1
1,0,0,0,1
1,0,0,0,1
1,0,0,0,1
1,0,0,0,1
1,0,0,0,1
1,0,0,0,1
1,0,0,0,1
1,0,0,0,1
1,0,0,0,1
1,0,0,0,1
1,0,0,0,1
1,0,0,0,1
1,0,0,0,1
1,0,0,0,1
1,0,0,0,1
1,0,0,0,1
1,2,0,0,3
1,0,0,0,1
1,0,0,0,1
1,0,0,0,1
1,0,0,0,1
1,0,0,0,1
1,0,0,0,1
1,0,0,0,1
1,0,0,0,1
1,0,0,0,1
1,0,0,0,1
1,0,0,0,1
1,0,0,0,1
1,0,0,0,1
1,0,0,0,1
1,0,0,0,1
1,0,0,0,1
3,0,0,0,3
1,0,0,0,1
1,0,0,0,1
1,0,0,0,1
1,0,0,0,1
1,0,0,0,1
1,0,0,0,1
1,0,0,0,1
1,0,0,0,1
1,0,0,0,1
1,0,0,0,1
1,0,0,0,1
1,0,0,0,1
1,0,0,0,1
1,1,0,0,2
1,0,0,0,1
1,0,0,0,1
1,0,0,0,1
1,0,0,0,1
1,0,0,0,1
1,0,0,0,1
1,0,0,0,1
1,0,0,0,1
1,0,0,0,1
1,0,0,0,1
1,0,0,0,1
1,0,0,0,1
1,0,0,0,1
1,0,0,0,1
2,0,0,0,2
1,0,0,0,1
1,0,0,0,1
1,0,0,0,1
1,0,0,0,1
1,0,0,0,1
1,0,0,0,1
1,0,0,0,1
1,0,0,0,1
1,0,0,0,1
2,9,0,0,11
1,0,0,0,1
1,0,0,0,1
2,0,0,0,2
1,0,0,0,1
1,0,0,0,1
1,0,0,0,1
1,0,0,0,1
1,0,0,0,1
1,0,0,0,1
1,0,0,0,1
1,0,0,0,1
1,0,0,0,1
1,0,0,0,1
1,0,0,0,1
1,0,0,0,1
2,0,0,0,2
1,0,0,0,1
1,0,0,0,1
1,0,0,0,1
1,0,0,0,1
1,0,0,0,1
1,0,0,0,1
1,0,0,0,1
1,0,0,0,1
1,0,0,0,1
1,0,0,0,1
1,0,0,0,1
1,0,0,0,1
1,0,0,0,1
1,0,0,0,1
1,0,0,0,1
1,0,0,0,1
1,0,0,0,1
1,0,0,0,1
1,0,0,0,1
1,0,0,0,1
1,0,0,0,1
1,0,0,0,1
1,0,0,0,1
1,0,0,0,1
1,0,0,0,1
2,0,0,0,2
1,0,0,0,1
1,0,0,0,1
1,0,0,0,1
1,0,0,0,1
1,0,0,0,1
1,0,0,0,1
1,0,0,0,1
1,0,0,0,1
1,0,0,0,1
1,0,0,0,1
1,0,0,0,1
1,0,0,0,1
1,0,0,0,1
1,0,0,0,1
1,0,0,0,1
1,0,0,0,1
1,0,0,0,1
1,0,0,0,1
1,0,0,0,1
1,0,0,0,1
1,0,0,0,1
1,0,0,0,1
1,0,0,0,1
1,0,0,0,1
1,0,0,0,1
1,0,0,0,1
1,0,0,0,1
1,0,0,0,1
1,0,0,0,1
1,0,0,0,1
1,0,0,0,1
1,0,0,0,1
1,0,0,0,1
1,0,0,0,1
1,0,0,0,1
1,0,0,0,1
1,0,0,0,1
1,0,0,0,1
1,0,0,0,1
3,0,0,0,3
1,0,0,0,1
1,0,0,0,1
1,0,0,0,1
1,0,0,0,1
1,0,0,0,1
1,0,0,0,1
1,0,0,0,1
1,0,0,0,1
1,0,0,0,1
1,0,0,0,1
2,0,0,0,2
1,0,0,0,1
1,0,0,0,1
1,0,0,0,1
1,0,0,0,1
1,0,0,0,1
1,0,0,0,1
1,0,0,0,1
1,0,0,0,1
1,0,0,0,1
1,0,0,0,1
1,0,0,0,1
1,0,0,0,1
1,0,0,0,1
1,0,0,0,1
1,0,0,0,1
1,0,0,0,1
1,0,0,0,1
1,0,0,0,1
1,0,0,0,1
1,0,0,0,1
1,0,0,0,1
1,0,0,0,1
1,0,0,0,1
1,0,0,0,1
1,0,0,0,1
1,0,0,0,1
1,0,0,0,1
1,0,0,0,1
1,0,0,0,1
1,0,0,0,1
1,0,0,0,1
1,0,0,0,1
2,0,0,0,2
1,0,0,0,1
1,0,0,0,1
1,0,0,0,1
1,0,0,0,1
1,0,0,0,1
1,0,0,0,1
1,0,0,0,1
1,0,0,0,1
1,0,0,0,1
1,0,0,0,1
1,0,0,0,1
1,0,0,0,1
1,0,0,0,1
1,0,0,0,1
1,0,0,0,1
1,0,0,0,1
1,0,0,0,1
1,0,0,0,1
1,0,0,0,1
1,0,0,0,1
1,0,0,0,1
1,0,0,0,1
1,0,0,0,1
1,0,0,0,1
1,0,0,0,1
1,0,0,0,1
1,0,0,0,1
1,0,0,0,1
1,0,0,0,1
1,0,0,0,1
1,0,0,0,1
1,0,0,0,1
1,0,0,0,1
1,0,0,0,1
1,0,0,0,1
1,0,0,0,1
1,0,0,0,1
1,0,0,0,1
1,0,0,0,1
2,0,0,0,2
2,0,0,0,2
1,0,0,0,1
1,3,0,0,4
1,0,0,0,1
1,0,0,0,1
1,0,0,0,1
1,0,0,0,1
1,0,0,0,1
1,34,0,0,35
1,0,0,0,1
1,0,0,0,1
1,0,0,0,1
1,0,0,0,1
1,0,0,0,1
1,0,0,0,1
1,0,0,0,1
1,0,0,0,1
1,0,0,0,1
1,0,0,0,1
1,0,0,0,1
1,0,0,0,1
1,0,0,0,1
1,0,0,0,1
1,0,0,0,1
1,0,1,0,2
1,0,0,0,1
1,0,0,0,1
1,0,0,0,1
1,0,0,0,1
2,0,0,0,2
1,0,0,0,1
1,1,0,0,2
1,0,0,0,1
1,0,0,0,1
1,0,0,0,1
1,0,0,0,1
1,0,0,0,1
1,0,0,0,1
1,0,0,0,1
1,0,0,0,1
1,0,0,0,1
1,0,0,0,1
1,0,0,0,1
1,0,0,0,1
1,0,0,0,1
1,0,0,0,1
1,0,0,0,1
1,0,0,0,1
1,0,0,0,1
1,0,0,0,1
1,0,0,0,1
1,0,0,0,1
1,0,0,0,1
1,0,0,0,1
1,0,0,0,1
1,0,0,0,1
1,0,0,0,1
1,0,0,0,1
1,0,0,0,1
2,9,0,0,11
2,0,0,0,2
1,0,0,0,1
1,0,0,0,1
1,0,0,0,1
1,0,0,0,1
1,0,0,0,1
1,0,0,0,1
3,0,0,0,3
1,0,0,0,1
1,0,0,0,1
1,0,0,0,1
1,0,0,0,1
1,0,0,0,1
1,0,0,0,1
1,0,0,0,1
1,0,0,0,1
1,0,0,0,1
1,0,0,0,1
1,0,0,0,1
1,0,0,0,1
1,0,0,0,1
1,0,0,0,1
1,0,0,0,1
1,0,0,0,1
1,0,0,0,1
1,0,0,0,1
1,0,0,0,1
1,0,0,0,1
1,0,0,0,1
1,0,0,0,1
1,0,0,0,1
1,0,0,0,1
1,1,0,0,2
1,0,0,0,1
1,0,0,0,1
1,0,0,0,1
1,0,0,0,1
1,0,0,0,1
1,0,0,0,1
1,0,0,0,1
1,0,0,0,1
2,0,0,0,2
1,0,0,0,1
1,0,0,0,1
1,0,0,0,1
1,0,0,0,1
1,0,0,0,1
1,0,0,0,1
1,0,0,0,1
1,0,0,0,1
1,0,0,0,1
1,0,0,0,1
1,0,0,0,1
1,0,0,0,1
1,0,0,0,1
1,0,0,0,1
1,0,0,0,1
1,0,0,0,1
2,0,0,0,2
1,0,0,0,1
1,0,0,0,1
1,0,0,0,1
1,0,0,0,1
2,0,0,0,2
3,0,0,0,3
1,0,0,0,1
1,0,0,0,1
1,0,0,0,1
1,0,0,0,1
1,0,0,0,1
1,62,2,0,65
1,0,0,0,1
1,0,0,0,1
1,0,0,0,1
1,0,0,0,1
2,0,0,0,2
1,0,0,0,1
1,0,0,0,1
1,1,0,0,2
1,0,0,0,1
1,0,0,0,1
2,0,0,0,2
1,0,0,0,1
1,0,0,0,1
1,0,0,0,1
1,0,0,0,1
1,0,0,0,1
1,0,0,0,1
1,0,0,0,1
1,0,0,0,1
1,0,0,0,1
1,0,0,0,1
1,0,0,0,1
1,0,0,0,1
2,0,0,0,2
1,0,0,0,1
1,0,0,0,1
1,0,0,0,1
1,0,0,0,1
1,4,0,0,5
1,0,0,0,1
1,0,0,0,1
1,0,0,0,1
1,0,0,0,1
1,0,0,0,1
1,0,0,0,1
1,0,0,0,1
1,0,0,0,1
1,0,0,0,1
1,0,0,0,1
1,0,0,0,1
1,0,0,0,1
1,0,0,0,1
1,0,0,0,1
1,0,0,0,1
1,0,0,0,1
1,0,0,0,1
1,0,0,0,1
1,0,0,0,1
1,0,0,0,1
1,0,0,0,1
1,0,0,0,1
1,0,0,0,1
1,0,0,0,1
1,0,0,0,1
1,0,0,0,1
1,0,0,0,1
1,0,0,0,1
1,0,0,0,1
1,0,0,0,1
1,0,0,0,1
1,0,0,0,1
1,0,0,0,1
1,0,0,0,1
2,0,0,0,2
1,0,0,0,1
2,0,0,0,2
1,0,0,0,1
1,0,0,0,1
1,0,0,0,1
1,0,0,0,1
1,0,0,0,1
1,0,0,0,1
1,0,0,0,1
1,0,0,0,1
3,0,0,0,3
1,0,0,0,1
1,0,0,0,1
1,0,0,0,1
1,0,0,0,1
1,0,0,0,1
1,0,0,0,1
1,0,0,0,1
1,2,1,0,4
1,0,0,0,1
1,0,0,0,1
1,0,0,0,1
2,0,0,0,2
1,0,0,0,1
1,0,0,0,1
1,0,0,0,1
1,0,0,0,1
1,0,0,0,1
1,0,0,0,1
1,0,0,0,1
1,0,0,0,1
3,0,0,0,3
1,0,0,0,1
1,0,0,0,1
1,0,0,0,1
1,0,0,0,1
1,0,0,0,1
1,1,0,0,2
1,34,0,0,35
2,0,0,0,2
1,0,0,0,1
1,0,0,0,1
1,0,0,0,1
1,2,1,0,4
1,0,0,0,1
1,0,0,0,1
1,0,0,0,1
1,0,0,0,1
1,0,0,0,1
1,0,0,0,1
1,0,0,0,1
1,0,0,0,1
1,0,0,0,1
1,0,0,0,1
1,0,0,0,1
1,0,0,0,1
2,0,0,0,2
1,0,0,0,1
1,0,0,0,1
1,0,0,0,1
1,0,0,0,1
1,0,0,0,1
1,0,0,0,1
1,0,0,0,1
1,0,0,0,1
1,0,0,0,1
1,0,0,0,1
1,0,0,0,1
1,0,0,0,1
1,0,0,0,1
1,0,0,0,1
1,0,0,0,1
2,0,0,0,2
1,0,0,0,1
1,0,0,0,1
1,22,0,0,23
1,0,0,0,1
1,0,0,0,1
1,0,0,0,1
1,0,0,0,1
1,0,0,0,1
1,0,0,0,1
1,0,0,0,1
1,0,0,0,1
1,0,0,0,1
1,0,0,0,1
1,0,0,0,1
1,0,0,0,1
1,0,0,0,1
1,0,0,0,1
1,0,0,0,1
1,0,0,0,1
1,0,2,0,3
1,0,0,0,1
1,0,0,0,1
1,0,0,0,1
1,0,0,0,1
1,0,0,0,1
1,0,0,0,1
1,0,0,0,1
1,0,0,0,1
1,0,0,0,1
1,0,0,0,1
1,0,0,0,1
1,0,0,0,1
1,0,0,0,1
3,0,0,0,3
1,0,0,0,1
1,0,0,0,1
1,0,0,0,1
1,0,0,0,1
1,0,0,0,1
2,0,0,0,2
1,0,0,0,1
2,0,0,0,2
1,0,0,0,1
1,0,0,0,1
1,0,0,0,1
1,0,0,0,1
1,0,0,0,1
1,0,0,0,1
1,0,0,0,1
2,0,0,0,2
1,0,0,0,1
1,0,0,0,1
1,0,0,0,1
1,0,0,0,1
1,2,0,0,3
1,0,0,0,1
1,0,0,0,1
1,0,0,0,1
1,0,0,0,1
1,0,0,0,1
1,0,0,0,1
1,0,0,0,1
2,0,0,0,2
1,0,0,0,1
1,0,0,0,1
1,0,0,0,1
1,0,0,0,1
1,0,0,0,1
1,0,0,0,1
1,0,0,0,1
1,0,0,0,1
1,0,0,0,1
1,0,0,0,1
1,0,0,0,1
1,0,0,0,1
2,0,0,0,2
1,0,0,0,1
1,0,0,0,1
1,0,0,0,1
1,0,0,0,1
2,0,0,0,2
1,0,0,0,1
1,0,0,0,1
1,0,0,0,1
1,0,0,0,1
1,0,0,0,1
1,0,0,0,1
1,0,0,0,1
1,0,0,0,1
1,0,0,0,1
1,0,0,0,1
1,0,0,0,1
1,0,0,0,1
1,0,0,0,1
1,0,0,0,1
1,0,0,0,1
1,0,0,0,1
1,0,0,0,1
1,0,0,0,1
1,0,0,0,1
1,0,0,0,1
1,0,0,0,1
1,0,0,0,1
1,0,0,0,1
1,0,0,0,1
1,0,0,0,1
1,0,0,0,1
1,0,0,0,1
1,0,0,0,1
1,0,0,0,1
1,0,0,0,1
2,3,0,0,5
1,0,0,0,1
1,0,0,0,1
1,0,0,0,1
1,0,0,0,1
1,0,0,0,1
1,0,0,0,1
1,0,0,0,1
1,0,0,0,1
1,0,0,0,1
2,0,0,0,2
1,0,0,0,1
1,0,0,0,1
1,0,0,0,1
1,0,0,0,1
1,0,0,0,1
1,0,0,0,1
1,0,0,0,1
1,0,0,0,1
1,0,0,0,1
1,0,0,0,1
1,0,0,0,1
1,0,0,0,1
1,0,0,0,1
1,0,0,0,1
1,0,0,0,1
1,0,0,0,1
1,0,0,0,1
1,0,0,0,1
1,0,0,0,1
1,0,0,0,1
1,0,0,0,1
1,0,0,0,1
2,0,0,0,2
1,0,0,0,1
1,0,0,0,1
1,0,0,0,1
1,0,0,0,1
1,0,0,0,1
1,0,0,0,1
1,0,0,0,1
1,0,0,0,1
1,0,0,0,1
1,0,0,0,1
1,0,0,0,1
1,0,0,0,1
1,0,0,0,1
1,0,0,0,1
1,0,0,0,1
1,0,0,0,1
1,0,0,0,1
1,0,0,0,1
1,1,0,0,2
1,3,0,0,4
1,0,0,0,1
1,0,0,0,1
1,0,0,0,1
1,0,0,0,1
1,0,0,0,1
1,1,0,0,2
1,0,0,0,1
1,0,0,0,1
1,0,0,0,1
2,0,0,0,2
1,0,0,0,1
1,0,0,0,1
1,0,0,0,1
1,0,0,0,1
1,0,0,0,1
1,0,0,0,1
1,0,0,0,1
1,0,0,0,1
1,0,0,0,1
1,17,0,0,18
1,0,0,0,1
1,0,0,0,1
1,0,0,0,1
1,0,0,0,1
1,0,0,0,1
1,0,0,0,1
1,0,0,0,1
1,0,0,0,1
1,0,0,0,1
2,0,0,0,2
1,0,0,0,1
1,0,0,0,1
1,0,0,0,1
1,0,0,0,1
1,0,0,0,1
1,0,0,0,1
1,0,0,0,1
1,0,0,0,1
1,0,0,0,1
1,0,0,0,1
1,0,0,0,1
1,0,0,0,1
1,0,0,0,1
1,0,0,0,1
1,0,0,0,1
1,0,0,0,1
1,0,0,0,1
1,0,0,0,1
1,0,0,0,1
1,0,0,0,1
1,0,0,0,1
3,9,0,0,12
1,0,0,0,1
1,0,0,0,1
1,0,0,0,1
1,0,0,0,1
1,0,0,0,1
1,0,0,0,1
1,0,0,0,1
1,0,0,0,1
1,0,0,0,1
1,0,0,0,1
1,0,0,0,1
1,0,0,0,1
1,0,0,0,1
1,0,0,0,1
1,0,0,0,1
1,0,0,0,1
1,0,0,0,1
2,0,0,0,2
1,0,0,0,1
1,0,0,0,1
1,0,0,0,1
1,0,0,0,1
1,0,0,0,1
1,0,0,0,1
1,0,0,0,1
1,0,0,0,1
1,0,0,0,1
1,0,0,0,1
1,0,0,0,1
1,0,0,0,1
1,0,0,0,1
1,0,0,0,1
1,0,0,0,1
1,0,0,0,1
1,0,0,0,1
1,0,0,0,1
1,0,0,0,1
1,0,0,0,1
1,0,0,0,1
1,0,0,0,1
1,0,0,0,1
1,0,0,0,1
1,0,0,0,1
1,0,0,0,1
1,0,0,0,1
1,0,0,0,1
1,0,0,0,1
1,0,0,0,1
1,0,0,0,1
1,0,0,0,1
1,0,0,0,1
3,0,0,0,3
1,0,0,0,1
1,0,0,0,1
1,0,0,0,1
1,0,0,0,1
1,0,0,0,1
1,0,0,0,1
1,0,0,0,1
2,0,0,0,2
1,0,0,0,1
2,0,0,0,2
1,0,0,0,1
1,0,0,0,1
1,0,0,0,1
1,0,0,0,1
1,0,0,0,1
1,0,0,0,1
1,0,0,0,1
1,0,0,0,1
1,0,0,0,1
1,0,0,0,1
1,0,0,0,1
1,0,0,0,1
1,0,0,0,1
1,2,0,0,3
1,0,0,0,1
1,0,0,0,1
1,0,0,0,1
1,0,0,0,1
1,0,0,0,1
1,0,0,0,1
1,0,0,0,1
1,0,0,0,1
1,0,0,0,1
1,0,0,0,1
1,0,0,0,1
1,0,0,0,1
1,0,0,0,1
1,0,0,0,1
1,0,0,0,1
1,0,0,0,1
1,0,0,0,1
1,0,0,0,1
1,0,0,0,1
1,0,0,0,1
1,0,0,0,1
1,0,0,0,1
1,0,0,0,1
1,0,0,0,1
1,0,0,0,1
1,0,0,0,1
1,0,0,0,1
1,0,0,0,1
1,0,0,0,1
1,0,0,0,1
1,0,0,0,1
1,0,0,0,1
1,0,0,0,1
1,0,0,0,1
1,0,0,0,1
1,0,0,0,1
1,0,0,0,1
1,0,0,0,1
1,0,0,0,1
1,0,0,0,1
1,0,0,0,1
1,0,0,0,1
1,3,0,0,4
1,3,0,0,4
1,0,0,0,1
1,0,0,0,1
1,0,0,0,1
1,0,0,0,1
1,0,0,0,1
1,0,0,0,1
1,0,0,0,1
1,0,0,0,1
1,0,0,0,1
1,0,0,0,1
2,0,0,0,2
1,0,0,0,1
1,0,0,0,1
1,0,0,0,1
1,0,0,0,1
1,0,0,0,1
1,3,0,0,4
1,0,0,0,1
1,0,0,0,1
1,0,0,0,1
1,0,0,0,1
1,0,0,0,1
1,0,0,0,1
1,0,0,0,1
1,0,0,0,1
1,0,0,0,1
1,0,0,0,1
1,0,0,0,1
1,0,0,0,1
1,0,0,0,1
1,0,0,0,1
2,0,0,0,2
1,0,0,0,1
2,0,0,0,2
1,0,0,0,1
1,0,0,0,1
1,0,0,0,1
1,0,0,0,1
1,0,0,0,1
1,0,0,0,1
1,0,0,0,1
1,0,0,0,1
1,0,0,0,1
1,0,0,0,1
1,0,0,0,1
1,0,0,0,1
1,0,0,0,1
1,0,0,0,1
1,0,0,0,1
1,0,0,0,1
1,0,0,0,1
1,0,0,0,1
1,0,0,0,1
1,0,0,0,1
1,0,0,0,1
1,0,0,0,1
1,0,0,0,1
2,0,0,0,2
1,0,0,0,1
1,1,5,0,7
1,0,0,0,1
1,0,0,0,1
1,0,0,0,1
1,0,0,0,1
1,0,0,0,1
1,0,0,0,1
1,0,0,0,1
1,0,0,0,1
1,0,0,0,1
1,0,0,0,1
1,0,0,0,1
1,0,0,0,1
1,0,0,0,1
1,0,0,0,1
1,0,0,0,1
1,0,0,0,1
1,0,0,0,1
1,0,0,0,1
1,0,0,0,1
1,0,0,0,1
1,0,0,0,1
1,0,0,0,1
1,0,0,0,1
1,0,0,0,1
1,0,0,0,1
1,0,0,0,1
1,0,0,0,1
2,0,0,0,2
1,0,0,0,1
1,0,0,0,1
2,0,0,0,2
1,0,0,0,1
2,0,0,0,2
1,0,0,0,1
1,0,0,0,1
1,0,0,0,1
1,0,0,0,1
1,0,0,0,1
1,0,0,0,1
1,0,0,0,1
1,0,0,0,1
1,0,0,0,1
1,0,0,0,1
1,0,0,0,1
1,0,0,0,1
1,0,0,0,1
1,0,0,0,1
1,0,0,0,1
1,0,0,0,1
1,0,0,0,1
1,0,0,0,1
1,0,0,0,1
1,0,0,0,1
1,0,0,0,1
1,0,0,0,1
1,0,0,0,1
1,0,0,0,1
1,0,0,0,1
1,0,0,0,1
1,0,0,0,1
1,0,0,0,1
1,0,0,0,1
3,0,0,0,3
1,0,0,0,1
1,3,1,0,5
1,0,0,0,1
1,0,0,0,1
1,0,0,0,1
1,0,0,0,1
1,0,0,0,1
1,0,0,0,1
1,25,0,0,26
1,0,0,0,1
1,0,0,0,1
1,0,0,0,1
1,0,0,0,1
1,0,0,0,1
1,0,0,0,1
1,0,0,0,1
1,0,0,0,1
1,0,0,0,1
2,0,0,0,2
1,0,0,0,1
1,0,0,0,1
1,0,0,0,1
1,0,0,0,1
1,0,0,0,1
1,0,0,0,1
1,0,0,0,1
1,0,0,0,1
1,0,0,0,1
1,0,0,0,1
1,0,0,0,1
1,0,0,0,1
1,0,0,0,1
1,0,0,0,1
2,0,0,0,2
1,0,0,0,1
1,0,0,0,1
1,0,0,0,1
1,0,0,0,1
1,0,0,0,1
2,0,0,0,2
1,0,0,0,1
1,0,0,0,1
1,0,0,0,1
1,0,0,0,1
1,0,0,0,1
1,0,0,0,1
1,8,0,0,9
1,0,0,0,1
1,0,0,0,1
1,0,0,0,1
1,3,0,0,4
1,0,0,0,1
1,0,0,0,1
1,0,0,0,1
2,0,0,0,2
1,0,0,0,1
1,0,0,0,1
1,0,0,0,1
1,0,0,0,1
1,0,0,0,1
1,0,0,0,1
1,0,0,0,1
1,0,0,0,1
2,0,0,0,2
1,0,0,0,1
1,0,0,0,1
1,0,0,0,1
1,0,0,0,1
1,0,0,0,1
1,0,0,0,1
1,0,0,0,1
1,0,0,0,1
1,0,0,0,1
1,0,0,0,1
1,0,0,0,1
1,0,0,0,1
1,0,0,0,1
1,0,0,0,1
1,0,0,0,1
1,0,0,0,1
1,0,0,0,1
1,0,0,0,1
1,0,0,0,1
1,0,0,0,1
1,0,0,0,1
1,0,0,0,1
1,0,0,0,1
1,0,0,0,1
1,0,0,0,1
1,0,0,0,1
1,0,0,0,1
1,0,0,0,1
1,0,0,0,1
1,0,0,0,1
1,0,0,0,1
1,0,0,0,1
1,0,0,0,1
1,0,0,0,1
1,0,0,0,1
1,0,0,0,1
1,0,0,0,1
1,0,0,0,1
1,0,0,0,1
1,0,0,0,1
1,0,0,0,1
1,0,0,0,1
1,0,0,0,1
1,0,0,0,1
1,0,0,0,1
1,0,0,0,1
2,0,0,0,2
1,0,0,0,1
1,0,0,0,1
1,0,0,0,1
1,0,0,0,1
1,0,0,0,1
1,0,0,0,1
1,0,0,0,1
1,0,0,0,1
1,0,0,0,1
1,0,0,0,1
1,0,0,0,1
2,0,0,0,2
1,0,0,0,1
1,0,0,0,1
3,0,0,0,3
1,0,0,0,1
1,0,0,0,1
1,0,0,0,1
1,0,0,0,1
2,0,0,0,2
1,0,0,0,1
1,0,0,0,1
1,0,0,0,1
1,0,0,0,1
2,0,0,0,2
1,0,0,0,1
1,0,0,0,1
1,0,0,0,1
1,0,0,0,1
2,0,0,0,2
1,0,0,0,1
1,0,0,0,1
1,0,0,0,1
1,0,0,0,1
1,0,0,0,1
1,0,0,0,1
1,2,0,0,3
1,0,0,0,1
1,0,0,0,1
1,0,0,0,1
1,0,0,0,1
1,0,0,0,1
1,0,0,0,1
2,0,0,0,2
1,0,0,0,1
1,0,0,0,1
1,0,0,0,1
1,0,0,0,1
1,0,0,0,1
1,0,0,0,1
1,0,0,0,1
1,0,0,0,1
1,0,0,0,1
1,0,0,0,1
1,0,0,0,1
1,2,0,0,3
1,0,0,0,1
1,0,0,0,1
1,0,0,0,1
1,0,0,0,1
1,0,0,0,1
1,0,0,0,1
1,0,0,0,1
1,0,0,0,1
1,0,0,0,1
1,0,0,0,1
1,0,0,0,1
1,0,0,0,1
1,0,0,0,1
1,0,0,0,1
3,4,0,0,7
1,0,0,0,1
1,0,0,0,1
1,0,0,0,1
1,0,0,0,1
1,0,0,0,1
1,0,0,0,1
1,0,0,0,1
1,0,0,0,1
1,0,0,0,1
1,0,0,0,1
2,0,0,0,2
1,0,0,0,1
1,0,0,0,1
2,0,0,0,2
1,0,0,0,1
1,0,0,0,1
1,0,0,0,1
1,0,0,0,1
2,0,0,0,2
1,0,0,0,1
1,0,0,0,1
1,0,0,0,1
1,0,0,0,1
1,0,0,0,1
1,0,0,0,1
1,0,0,0,1
2,0,0,0,2
3,0,0,0,3
1,0,0,0,1
1,0,0,0,1
1,0,0,0,1
1,0,0,0,1
1,0,0,0,1
1,0,0,0,1
1,0,0,0,1
1,0,0,0,1
2,0,0,0,2
1,0,0,0,1
1,0,0,0,1
1,0,0,0,1
2,0,0,0,2
1,0,0,0,1
1,0,0,0,1
1,0,0,0,1
1,0,0,0,1
1,0,0,0,1
1,0,0,0,1
1,0,0,0,1
1,2,0,0,3
1,0,0,0,1
1,0,0,0,1
1,0,0,0,1
1,0,0,0,1
1,0,0,0,1
1,0,0,0,1
1,0,0,0,1
2,0,0,0,2
1,0,0,0,1
1,0,0,0,1
1,0,0,0,1
1,0,0,0,1
1,0,0,0,1
1,0,0,0,1
1,0,0,0,1
1,0,0,0,1
1,0,0,0,1
1,0,0,0,1
1,0,0,0,1
1,0,0,0,1
1,0,0,0,1
1,0,0,0,1
1,0,0,0,1
1,0,0,0,1
1,0,0,0,1
1,2,0,0,3
1,0,0,0,1
1,0,0,0,1
1,0,0,0,1
1,0,0,0,1
1,0,0,0,1
1,0,0,0,1
1,0,0,0,1
1,0,0,0,1
1,0,0,0,1
1,0,0,0,1
1,0,0,0,1
1,0,0,0,1
1,0,0,0,1
1,0,0,0,1
1,0,0,0,1
1,0,0,0,1
1,0,0,0,1
1,0,0,0,1
1,0,0,0,1
1,0,0,0,1
1,0,0,0,1
2,0,0,0,2
1,0,0,0,1
1,0,0,0,1
1,0,0,0,1
1,0,0,0,1
1,0,0,0,1
1,0,0,0,1
1,0,0,0,1
1,0,0,0,1
1,0,0,0,1
1,0,0,0,1
1,0,0,0,1
1,0,0,0,1
1,0,0,0,1
1,0,0,0,1
1,0,0,0,1
1,0,0,0,1
1,0,0,0,1
1,0,0,0,1
1,0,0,0,1
1,0,0,0,1
1,0,0,0,1
1,0,0,0,1
1,0,0,0,1
1,2,0,0,3
1,0,0,0,1
1,0,0,0,1
1,0,0,0,1
1,0,0,0,1
1,0,0,0,1
1,0,0,0,1
1,0,0,0,1
1,0,0,0,1
1,0,0,0,1
1,0,0,0,1
1,0,0,0,1
1,0,0,0,1
1,0,0,0,1
1,0,0,0,1
1,0,0,0,1
1,0,0,0,1
1,0,0,0,1
1,0,0,0,1
1,0,0,0,1
1,0,0,0,1
1,0,0,0,1
1,0,0,0,1
1,0,0,0,1
1,0,0,0,1
1,0,0,0,1
1,0,0,0,1
1,0,0,0,1
1,0,0,0,1
1,0,0,0,1
1,0,0,0,1
1,0,0,0,1
1,0,0,0,1
1,0,0,0,1
1,0,0,0,1
1,0,0,0,1
1,0,0,0,1
1,0,0,0,1
1,0,0,0,1
1,0,0,0,1
1,0,0,0,1
1,0,0,0,1
1,0,0,0,1
1,0,0,0,1
1,0,0,0,1
1,0,0,0,1
1,0,0,0,1
1,0,0,0,1
1,2,0,0,3
1,0,0,0,1
1,0,0,0,1
1,0,0,0,1
1,0,0,0,1
1,0,0,0,1
2,0,0,0,2
1,0,0,0,1
1,0,0,0,1
1,0,0,0,1
1,0,0,0,1
1,0,0,0,1
1,0,0,0,1
1,0,0,0,1
1,0,0,0,1
2,0,0,0,2
1,0,0,0,1
2,0,0,0,2
1,0,0,0,1
1,0,0,0,1
1,0,0,0,1
1,0,0,0,1
1,0,0,0,1
1,0,0,0,1
1,0,0,0,1
1,0,0,0,1
1,0,0,0,1
1,0,0,0,1
1,0,0,0,1
1,0,0,0,1
1,0,0,0,1
1,0,0,0,1
1,0,0,0,1
1,2,0,0,3
1,0,0,0,1
1,0,0,0,1
1,1,0,0,2
1,0,0,0,1
1,6,0,0,7
1,0,0,0,1
1,0,0,0,1
1,0,0,0,1
1,0,0,0,1
1,10,1,0,12
1,0,0,0,1
1,0,0,0,1
1,0,1,0,2
1,0,0,0,1
1,0,0,0,1
1,0,0,0,1
1,0,0,0,1
1,0,0,0,1
1,0,0,0,1
1,0,0,0,1
1,0,0,0,1
1,0,0,0,1
1,0,0,0,1
1,0,0,0,1
1,0,0,0,1
1,0,0,0,1
1,0,0,0,1
1,0,0,0,1
1,0,0,0,1
1,0,0,0,1
1,0,0,0,1
1,0,0,0,1
1,0,0,0,1
1,0,0,0,1
1,11,0,0,12
1,0,0,0,1
1,0,0,0,1
2,0,0,0,2
1,3,0,0,4
1,0,0,0,1
1,0,0,0,1
1,0,0,0,1
1,0,0,0,1
1,0,0,0,1
1,0,0,0,1
1,0,0,0,1
1,0,0,0,1
1,0,0,0,1
1,0,0,0,1
1,0,0,0,1
1,0,0,0,1
1,0,0,0,1
1,0,0,0,1
1,0,0,0,1
2,0,0,0,2
1,0,0,0,1
1,0,0,0,1
1,0,0,0,1
1,0,0,0,1
1,0,0,0,1
1,0,0,0,1
1,0,0,0,1
1,0,0,0,1
1,0,0,0,1
2,0,0,0,2
1,0,0,0,1
1,0,0,0,1
1,0,0,0,1
1,1,0,0,2
1,0,0,0,1
1,0,0,0,1
2,0,0,0,2
1,0,0,0,1
1,0,0,0,1
1,0,0,0,1
1,0,0,0,1
1,0,0,0,1
1,0,0,0,1
2,0,0,0,2
1,0,0,0,1
2,0,0,0,2
1,0,0,0,1
1,0,0,0,1
1,0,0,0,1
1,0,0,0,1
1,0,0,0,1
1,0,0,0,1
1,0,0,0,1
1,0,0,0,1
1,0,0,0,1
1,0,0,0,1
1,0,0,0,1
1,0,0,0,1
2,0,0,0,2
1,0,0,0,1
1,0,0,0,1
1,0,0,0,1
1,0,0,0,1
1,0,0,0,1
1,0,0,0,1
1,0,0,0,1
1,0,0,0,1
1,0,0,0,1
1,0,0,0,1
1,0,0,0,1
1,0,0,0,1
1,0,0,0,1
1,0,0,0,1
1,0,0,0,1
1,0,0,0,1
1,0,0,0,1
1,0,0,0,1
1,0,0,0,1
1,0,0,0,1
1,0,0,0,1
1,0,0,0,1
1,0,0,0,1
1,0,0,0,1
1,0,0,0,1
1,0,0,0,1
1,0,0,0,1
1,0,0,0,1
1,0,0,0,1
1,0,0,0,1
1,0,0,0,1
1,0,0,0,1
1,0,0,0,1
1,7,0,0,8
1,0,0,0,1
1,0,0,0,1
1,0,0,0,1
1,0,0,0,1
1,0,0,0,1
1,0,0,0,1
1,0,0,0,1
1,0,0,0,1
1,0,0,0,1
1,0,0,0,1
1,0,0,0,1
1,0,0,0,1
2,35,1,0,38
1,0,0,0,1
1,0,0,0,1
1,0,0,0,1
1,0,0,0,1
1,0,0,0,1
1,0,0,0,1
1,0,0,0,1
1,0,0,0,1
1,0,0,0,1
1,0,0,0,1
1,0,0,0,1
1,0,0,0,1
1,0,0,0,1
1,0,0,0,1
1,0,0,0,1
1,0,0,0,1
1,0,0,0,1
1,0,0,0,1
1,0,0,0,1
1,0,0,0,1
1,0,0,0,1
1,0,0,0,1
1,1,0,0,2
1,0,0,0,1
1,0,0,0,1
1,0,0,0,1
1,0,0,0,1
2,0,0,0,2
1,0,0,0,1
1,0,0,0,1
1,0,0,0,1
1,0,0,0,1
1,0,0,0,1
1,0,0,0,1
1,0,0,0,1
1,0,0,0,1
1,0,0,0,1
1,0,0,0,1
1,0,0,0,1
1,0,0,0,1
1,0,0,0,1
1,0,0,0,1
1,0,0,0,1
1,0,0,0,1
1,0,0,0,1
1,0,0,0,1
1,0,0,0,1
1,0,0,0,1
1,0,0,0,1
1,0,0,0,1
1,0,0,0,1
1,0,0,0,1
1,0,0,0,1
1,0,0,0,1
4,0,0,0,4
1,0,0,0,1
1,0,0,0,1
2,0,0,0,2
1,0,0,0,1
1,0,0,0,1
1,0,0,0,1
1,1,0,0,2
1,0,0,0,1
1,0,0,0,1
2,0,0,0,2
1,1,0,0,2
1,0,0,0,1
1,0,0,0,1
1,0,0,0,1
1,0,0,0,1
1,0,0,0,1
1,0,0,0,1
1,0,0,0,1
1,0,0,0,1
4,0,0,0,4
1,1,0,0,2
1,0,0,0,1
1,0,0,0,1
1,0,0,0,1
1,0,0,0,1
1,0,0,0,1
1,0,0,0,1
1,0,0,0,1
1,0,0,0,1
1,0,0,0,1
1,0,0,0,1
1,0,0,0,1
1,0,0,0,1
1,0,0,0,1
1,0,0,0,1
1,0,0,0,1
1,0,0,0,1
1,0,0,0,1
1,0,0,0,1
1,0,0,0,1
1,0,0,0,1
1,0,0,0,1
1,0,0,0,1
1,0,0,0,1
1,0,0,0,1
1,0,0,0,1
1,0,0,0,1
1,0,0,0,1
1,0,0,0,1
1,0,0,0,1
1,0,0,0,1
1,0,0,0,1
1,0,0,0,1
1,0,0,0,1
1,0,0,0,1
1,0,0,0,1
1,0,0,0,1
1,0,0,0,1
1,0,0,0,1
1,0,0,0,1
1,0,0,0,1
1,0,0,0,1
1,0,0,0,1
1,0,0,0,1
1,0,0,0,1
1,0,0,0,1
1,0,0,0,1
2,0,0,0,2
1,0,0,0,1
1,0,0,0,1
1,0,0,0,1
1,0,0,0,1
1,0,0,0,1
1,0,0,0,1
1,0,0,0,1
1,0,0,0,1
1,0,1,0,2
1,0,0,0,1
1,1,1,0,3
1,0,0,0,1
1,0,0,0,1
1,0,0,0,1
1,0,0,0,1
1,0,0,0,1
1,0,0,0,1
1,0,0,0,1
1,0,0,0,1
1,0,0,0,1
1,0,0,0,1
1,0,0,0,1
1,0,0,0,1
1,0,0,0,1
1,0,0,0,1
2,0,0,0,2
1,0,0,0,1
1,0,0,0,1
1,0,0,0,1
1,0,0,0,1
1,0,0,0,1
1,0,0,0,1
1,0,0,0,1
1,0,0,0,1
1,0,0,0,1
1,0,0,0,1
1,0,0,0,1
1,0,0,0,1
1,0,0,0,1
1,0,0,0,1
1,0,0,0,1
1,0,0,0,1
1,0,0,0,1
1,0,0,0,1
1,0,0,0,1
1,0,0,0,1
1,0,0,0,1
1,0,0,0,1
1,0,0,0,1
1,0,0,0,1
1,0,0,0,1
2,0,0,0,2
1,0,0,0,1
1,0,0,0,1
1,0,0,0,1
1,0,0,0,1
1,0,0,0,1
1,0,0,0,1
1,0,0,0,1
1,0,0,0,1
1,0,0,0,1
1,0,0,0,1
2,0,0,0,2
1,0,0,0,1
1,0,0,0,1
1,0,0,0,1
1,0,0,0,1
1,0,0,0,1
1,0,0,0,1
1,0,0,0,1
1,0,0,0,1
1,0,0,0,1
1,0,0,0,1
2,0,0,0,2
1,0,0,0,1
1,0,0,0,1
1,0,0,0,1
1,0,0,0,1
1,0,0,0,1
1,0,0,0,1
1,0,0,0,1
1,0,0,0,1
2,0,0,0,2
1,0,0,0,1
1,0,0,0,1
1,0,0,0,1
1,0,0,0,1
1,0,0,0,1
1,1,1,0,3
1,0,0,0,1
1,0,0,0,1
1,0,0,0,1
1,0,0,0,1
1,0,0,0,1
1,0,0,0,1
1,0,0,0,1
1,0,0,0,1
1,0,0,0,1
1,0,0,0,1
1,0,0,0,1
1,0,0,0,1
1,0,0,0,1
1,0,0,0,1
1,0,0,0,1
1,6,0,0,7
1,0,0,0,1
1,0,0,0,1
1,0,0,0,1
1,0,0,0,1
1,0,0,0,1
1,0,0,0,1
1,0,0,0,1
1,0,0,0,1
4,0,0,0,4
1,10,0,0,11
1,0,0,0,1
1,0,0,0,1
1,0,0,0,1
1,0,0,0,1
1,0,0,0,1
1,0,0,0,1
1,0,0,0,1
1,0,0,0,1
1,0,0,0,1
1,0,0,0,1
1,0,0,0,1
1,0,0,0,1
1,0,0,0,1
1,0,0,0,1
1,0,0,0,1
1,0,0,0,1
1,0,0,0,1
1,0,0,0,1
1,0,0,0,1
1,0,0,0,1
1,0,0,0,1
1,0,0,0,1
1,0,0,0,1
1,0,0,0,1
1,0,0,0,1
1,0,0,0,1
1,0,0,0,1
1,0,0,0,1
1,0,0,0,1
1,0,0,0,1
1,0,0,0,1
1,0,0,0,1
1,0,0,0,1
1,0,0,0,1
1,0,0,0,1
1,0,0,0,1
1,0,0,0,1
2,0,0,0,2
1,0,0,0,1
1,0,0,0,1
1,0,0,0,1
1,0,0,0,1
1,0,0,0,1
1,0,0,0,1
1,0,0,0,1
1,0,0,0,1
1,0,0,0,1
1,0,0,0,1
1,0,0,0,1
1,0,0,0,1
1,0,0,0,1
1,0,0,0,1
2,0,0,0,2
1,0,0,0,1
1,0,0,0,1
1,0,0,0,1
1,1,0,0,2
1,0,0,0,1
1,0,0,0,1
1,0,0,0,1
1,0,0,0,1
1,0,0,0,1
2,0,0,0,2
2,0,0,0,2
1,0,0,0,1
1,0,0,0,1
1,0,0,0,1
1,0,0,0,1
1,3,0,0,4
1,0,0,0,1
1,0,0,0,1
1,0,0,0,1
1,0,0,0,1
1,0,0,0,1
1,0,0,0,1
1,0,0,0,1
1,2,2,0,5
1,0,0,0,1
1,0,0,0,1
1,0,0,0,1
1,0,0,0,1
1,0,0,0,1
1,0,0,0,1
1,0,0,0,1
1,0,0,0,1
1,0,0,0,1
1,0,0,0,1
1,0,0,0,1
1,0,0,0,1
1,0,0,0,1
1,0,0,0,1
1,0,0,0,1
1,0,0,0,1
1,0,0,0,1
1,0,0,0,1
1,0,0,0,1
1,0,0,0,1
1,0,0,0,1
1,0,0,0,1
1,0,0,0,1
1,4,3,0,8
2,0,0,0,2
2,0,0,0,2
1,0,0,0,1
1,0,0,0,1
1,0,0,0,1
1,0,0,0,1
1,0,0,0,1
1,0,0,0,1
1,0,0,0,1
1,0,0,0,1
1,0,0,0,1
1,0,0,0,1
1,0,0,0,1
2,3,0,0,5
1,0,0,0,1
1,0,0,0,1
1,0,1,0,2
1,0,0,0,1
1,0,0,0,1
1,0,0,0,1
1,0,0,0,1
1,0,0,0,1
1,0,0,0,1
1,0,0,0,1
1,0,0,0,1
1,0,0,0,1
2,0,0,0,2
1,0,0,0,1
1,0,0,0,1
1,0,0,0,1
1,0,0,0,1
1,0,0,0,1
1,0,0,0,1
1,0,0,0,1
1,0,0,0,1
1,0,0,0,1
1,0,0,0,1
1,0,0,0,1
1,0,0,0,1
1,0,0,0,1
1,0,0,0,1
1,0,0,0,1
1,0,0,0,1
1,0,0,0,1
1,0,0,0,1
1,0,0,0,1
1,0,0,0,1
1,0,0,0,1
1,0,0,0,1
1,0,0,0,1
2,0,0,0,2
1,0,0,0,1
1,0,0,0,1
1,0,0,0,1
1,0,0,0,1
1,0,0,0,1
1,0,0,0,1
1,0,0,0,1
1,0,0,0,1
1,0,0,0,1
1,0,0,0,1
1,0,0,0,1
1,0,0,0,1
1,0,0,0,1
1,0,0,0,1
1,0,0,0,1
1,0,0,0,1
1,0,0,0,1
1,0,0,0,1
1,0,0,0,1
1,0,0,0,1
1,0,0,0,1
1,0,0,0,1
1,0,0,0,1
1,0,0,0,1
1,0,0,0,1
1,0,0,0,1
1,0,0,0,1
1,0,0,0,1
1,0,0,0,1
1,0,0,0,1
1,0,0,0,1
1,0,0,0,1
1,0,0,0,1
1,0,0,0,1
1,0,0,0,1
1,0,0,0,1
1,0,0,0,1
1,0,0,0,1
1,0,0,0,1
1,0,0,0,1
1,0,0,0,1
1,0,0,0,1
1,0,0,0,1
1,0,0,0,1
1,0,0,0,1
1,0,0,0,1
1,0,0,0,1
1,28,0,0,29
1,0,0,0,1
1,0,0,0,1
1,0,0,0,1
1,0,0,0,1
1,0,0,0,1
1,0,0,0,1
2,0,0,0,2
1,0,0,0,1
1,0,0,0,1
1,0,0,0,1
1,0,0,0,1
1,0,0,0,1
1,0,0,0,1
1,0,0,0,1
1,0,0,0,1
1,0,0,0,1
1,0,0,0,1
1,0,0,0,1
1,0,0,0,1
1,0,0,0,1
1,0,0,0,1
1,0,0,0,1
1,0,0,0,1
1,0,0,0,1
2,0,0,0,2
1,0,0,0,1
1,0,0,0,1
1,0,0,0,1
1,0,0,0,1
1,0,0,0,1
1,0,0,0,1
1,0,0,0,1
1,2,0,0,3
1,0,0,0,1
1,0,0,0,1
1,0,0,0,1
1,0,0,0,1
3,0,0,0,3
1,0,0,0,1
1,0,0,0,1
1,0,0,0,1
1,0,0,0,1
1,0,0,0,1
1,0,0,0,1
1,0,0,0,1
1,0,0,0,1
1,0,0,0,1
1,0,0,0,1
1,0,0,0,1
1,0,0,0,1
1,0,0,0,1
1,0,0,0,1
1,0,0,0,1
1,0,0,0,1
1,0,0,0,1
2,0,0,0,2
1,0,0,0,1
1,0,0,0,1
1,0,0,0,1
1,0,0,0,1
1,0,0,0,1
1,0,0,0,1
1,0,0,0,1
1,0,0,0,1
1,0,0,0,1
1,1,0,0,2
1,0,0,0,1
1,0,0,0,1
1,0,0,0,1
1,0,0,0,1
1,0,0,0,1
1,1,0,0,2
2,0,0,0,2
1,0,0,0,1
1,0,0,0,1
1,0,0,0,1
1,0,0,0,1
1,0,0,0,1
1,0,0,0,1
1,0,0,0,1
1,0,0,0,1
1,0,0,0,1
1,0,0,0,1
1,0,0,0,1
1,1,0,0,2
1,0,0,0,1
1,0,0,0,1
1,0,0,0,1
1,0,0,0,1
1,0,0,0,1
2,0,0,0,2
1,0,0,0,1
1,0,0,0,1
2,0,0,0,2
1,0,0,0,1
1,0,0,0,1
2,0,0,0,2
1,0,0,0,1
1,0,0,0,1
1,0,0,0,1
1,0,0,0,1
1,0,0,0,1
1,0,0,0,1
1,0,0,0,1
2,0,0,0,2
1,0,0,0,1
1,0,0,0,1
1,0,0,0,1
1,0,0,0,1
2,0,0,0,2
1,0,0,0,1
1,0,0,0,1
1,0,0,0,1
1,0,0,0,1
2,0,0,0,2
1,0,0,0,1
1,0,0,0,1
1,13,0,0,14
1,0,0,0,1
1,0,0,0,1
1,0,0,0,1
1,0,0,0,1
1,0,0,0,1
1,0,0,0,1
1,0,0,0,1
1,0,0,0,1
1,0,0,0,1
1,0,0,0,1
1,0,0,0,1
1,0,0,0,1
1,0,0,0,1
1,5,0,0,6
1,0,0,0,1
1,0,0,0,1
1,0,0,0,1
1,0,0,0,1
1,0,0,0,1
1,0,0,0,1
1,0,0,0,1
1,0,0,0,1
1,0,0,0,1
1,0,0,0,1
1,0,0,0,1
1,0,0,0,1
1,0,0,0,1
1,0,0,0,1
1,0,0,0,1
1,0,0,0,1
1,0,0,0,1
1,0,0,0,1
1,0,0,0,1
1,0,0,0,1
1,0,0,0,1
1,0,0,0,1
1,0,0,0,1
1,0,0,0,1
1,0,0,0,1
1,0,0,0,1
1,0,0,0,1
1,0,0,0,1
1,0,0,0,1
1,0,0,0,1
1,0,0,0,1
2,0,0,0,2
1,0,0,0,1
1,0,0,0,1
1,0,0,0,1
1,0,0,0,1
1,0,0,0,1
1,0,0,0,1
1,0,0,0,1
1,0,0,0,1
1,0,0,0,1
2,0,0,0,2
1,0,0,0,1
1,0,0,0,1
1,0,0,0,1
1,0,0,0,1
1,0,0,0,1
1,0,0,0,1
1,0,0,0,1
1,0,0,0,1
1,0,0,0,1
1,0,0,0,1
1,0,0,0,1
1,0,0,0,1
1,0,0,0,1
1,0,0,0,1
1,0,0,0,1
1,0,0,0,1
1,0,0,0,1
1,0,0,0,1
1,0,0,0,1
1,0,0,0,1
1,0,0,0,1
1,0,0,0,1
1,0,0,0,1
1,0,0,0,1
1,0,0,0,1
1,0,0,0,1
1,0,0,0,1
1,0,0,0,1
1,0,0,0,1
1,0,0,0,1
1,0,0,0,1
1,0,0,0,1
1,0,0,0,1
1,0,0,0,1
1,0,0,0,1
1,0,0,0,1
1,0,0,0,1
1,0,0,0,1
1,0,0,0,1
1,0,0,0,1
1,0,0,0,1
1,0,0,0,1
1,0,0,0,1
1,0,0,0,1
1,0,0,0,1
2,0,0,0,2
1,0,0,0,1
1,0,0,0,1
1,0,0,0,1
1,0,0,0,1
1,0,0,0,1
1,0,0,0,1
1,0,0,0,1
1,0,0,0,1
1,0,0,0,1
1,0,0,0,1
1,0,0,0,1
1,0,0,0,1
1,0,0,0,1
2,0,0,0,2
1,0,0,0,1
1,0,0,0,1
1,0,0,0,1
1,0,0,0,1
1,0,0,0,1
1,0,0,0,1
1,0,0,0,1
1,0,0,0,1
1,0,0,0,1
1,0,0,0,1
1,0,0,0,1
1,0,0,0,1
1,0,0,0,1
1,0,0,0,1
1,23,0,0,24
1,0,0,0,1
1,0,0,0,1
1,0,0,0,1
1,0,0,0,1
1,0,0,0,1
1,0,0,0,1
1,0,0,0,1
1,0,0,0,1
1,0,0,0,1
2,0,0,0,2
1,0,0,0,1
1,0,0,0,1
1,0,0,0,1
1,0,0,0,1
1,0,0,0,1
1,0,0,0,1
1,0,0,0,1
1,0,0,0,1
1,0,0,0,1
3,0,0,0,3
1,0,0,0,1
1,0,0,0,1
1,0,0,0,1
1,0,0,0,1
1,0,0,0,1
1,0,0,0,1
1,0,0,0,1
1,0,0,0,1
1,0,0,0,1
1,0,0,0,1
1,0,0,0,1
1,0,0,0,1
1,0,0,0,1
1,0,0,0,1
1,0,0,0,1
1,0,0,0,1
1,0,0,0,1
1,0,0,0,1
1,0,0,0,1
1,0,0,0,1
1,0,0,0,1
1,0,0,0,1
1,0,0,0,1
1,0,0,0,1
1,0,0,0,1
1,0,0,0,1
1,0,0,0,1
1,0,0,0,1
1,0,0,0,1
1,0,0,0,1
1,0,0,0,1
1,0,0,0,1
1,2,0,0,3
2,0,0,0,2
1,0,0,0,1
1,0,0,0,1
1,0,0,0,1
1,0,0,0,1
1,0,0,0,1
1,0,0,0,1
1,0,0,0,1
1,0,0,0,1
1,0,0,0,1
1,0,0,0,1
1,0,0,0,1
1,0,0,0,1
1,0,0,0,1
1,0,0,0,1
1,0,0,0,1
1,0,0,0,1
1,0,0,0,1
1,0,0,0,1
1,0,0,0,1
1,0,0,0,1
1,0,0,0,1
1,0,0,0,1
1,0,0,0,1
1,0,0,0,1
1,0,0,0,1
1,0,0,0,1
1,0,0,0,1
2,0,0,0,2
1,0,0,0,1
1,0,0,0,1
1,0,0,0,1
2,2,1,0,5
1,0,0,0,1
1,0,0,0,1
1,0,0,0,1
1,0,0,0,1
1,0,0,0,1
1,0,0,0,1
1,0,0,0,1
1,0,0,0,1
1,0,0,0,1
1,0,0,0,1
1,0,0,0,1
1,3,0,0,4
1,0,0,0,1
2,0,0,0,2
1,0,0,0,1
1,0,0,0,1
1,0,0,0,1
1,0,0,0,1
1,0,0,0,1
1,0,0,0,1
1,0,0,0,1
1,0,0,0,1
1,0,0,0,1
1,0,0,0,1
1,0,0,0,1
1,0,0,0,1
1,0,0,0,1
1,0,0,0,1
1,0,0,0,1
1,0,0,0,1
1,0,0,0,1
1,0,0,0,1
1,1,0,0,2
1,0,0,0,1
1,0,0,0,1
1,0,0,0,1
1,0,0,0,1
1,0,0,0,1
1,0,0,0,1
1,0,0,0,1
1,0,0,0,1
1,0,0,0,1
2,1,0,0,3
1,0,0,0,1
1,0,0,0,1
1,0,0,0,1
1,0,0,0,1
1,0,0,0,1
1,0,0,0,1
1,0,0,0,1
1,0,0,0,1
1,0,0,0,1
1,7,0,0,8
1,0,0,0,1
1,0,0,0,1
1,0,0,0,1
1,0,0,0,1
1,0,0,0,1
1,0,0,0,1
1,0,0,0,1
1,0,0,0,1
1,0,0,0,1
1,0,0,0,1
1,0,0,0,1
1,0,0,0,1
1,0,0,0,1
1,0,0,0,1
1,0,0,0,1
1,0,0,0,1
1,0,0,0,1
1,0,0,0,1
2,1,0,0,3
1,0,0,0,1
1,0,0,0,1
1,0,0,0,1
1,0,0,0,1
1,0,0,0,1
2,0,0,0,2
1,0,0,0,1
2,0,0,0,2
1,0,0,0,1
1,0,0,0,1
1,0,0,0,1
1,0,0,0,1
1,0,0,0,1
1,0,0,0,1
1,0,0,0,1
1,0,0,0,1
1,0,0,0,1
1,0,0,0,1
1,0,0,0,1
2,0,0,0,2
2,0,0,0,2
1,0,0,0,1
1,0,0,0,1
1,0,0,0,1
1,0,0,0,1
1,0,0,0,1
1,0,0,0,1
3,0,0,0,3
1,0,0,0,1
1,0,0,0,1
1,0,0,0,1
1,0,0,0,1
1,0,0,0,1
1,0,0,0,1
1,0,0,0,1
1,0,0,0,1
1,0,0,0,1
1,0,0,0,1
1,0,0,0,1
1,0,0,0,1
2,0,0,0,2
1,0,0,0,1
1,0,0,0,1
1,0,0,0,1
1,0,0,0,1
1,0,0,0,1
1,0,0,0,1
1,0,0,0,1
1,3,0,0,4
2,0,0,0,2
1,0,0,0,1
1,0,0,0,1
1,0,0,0,1
1,0,0,0,1
1,0,0,0,1
1,0,0,0,1
1,0,0,0,1
1,0,0,0,1
1,0,0,0,1
1,0,0,0,1
1,0,0,0,1
1,0,0,0,1
1,0,0,0,1
1,0,0,0,1
1,0,0,0,1
1,0,0,0,1
1,0,0,0,1
1,0,0,0,1
1,0,0,0,1
1,0,0,0,1
1,0,0,0,1
1,0,0,0,1
1,0,0,0,1
1,0,0,0,1
1,0,0,0,1
2,0,0,0,2
1,0,0,0,1
1,0,0,0,1
2,0,0,0,2
1,0,0,0,1
1,0,0,0,1
1,0,0,0,1
1,0,0,0,1
1,0,0,0,1
1,0,0,0,1
1,0,0,0,1
1,0,0,0,1
1,0,0,0,1
2,0,0,0,2
1,0,0,0,1
1,0,0,0,1
1,0,0,0,1
1,0,0,0,1
1,0,0,0,1
1,0,0,0,1
1,0,0,0,1
1,0,0,0,1
1,0,0,0,1
1,0,0,0,1
3,0,0,0,3
1,0,0,0,1
1,0,0,0,1
1,0,0,0,1
1,0,0,0,1
1,0,0,0,1
1,0,0,0,1
1,0,0,0,1
1,0,0,0,1
1,0,0,0,1
1,0,0,0,1
1,0,0,0,1
1,0,0,0,1
1,0,0,0,1
1,0,0,0,1
1,0,0,0,1
1,0,0,0,1
1,0,0,0,1
1,0,0,0,1
1,0,0,0,1
1,0,0,0,1
1,0,0,0,1
1,0,0,0,1
1,0,0,0,1
1,0,0,0,1
1,0,0,0,1
1,0,0,0,1
1,0,0,0,1
1,0,0,0,1
3,0,0,0,3
1,0,0,0,1
1,0,0,0,1
1,0,0,0,1
2,0,0,0,2
1,0,0,0,1
1,0,0,0,1
1,0,0,0,1
2,2,1,0,5
1,0,0,0,1
1,0,0,0,1
1,0,0,0,1
1,0,0,0,1
1,0,0,0,1
1,0,0,0,1
1,0,0,0,1
1,0,0,0,1
1,0,0,0,1
1,0,0,0,1
1,0,0,0,1
1,0,0,0,1
1,0,0,0,1
1,0,0,0,1
1,0,0,0,1
1,0,0,0,1
1,0,0,0,1
1,0,0,0,1
1,0,0,0,1
1,0,0,0,1
1,0,0,0,1
1,0,0,0,1
1,0,0,0,1
1,0,0,0,1
1,0,0,0,1
1,0,0,0,1
1,0,0,0,1
1,0,0,0,1
1,0,0,0,1
1,0,0,0,1
1,0,0,0,1
1,0,0,0,1
1,1,0,0,2
1,0,0,0,1
1,2,0,0,3
1,0,0,0,1
1,0,0,0,1
1,0,0,0,1
1,0,0,0,1
1,0,0,0,1
1,0,0,0,1
1,0,0,0,1
1,0,0,0,1
1,0,0,0,1
1,0,0,0,1
1,0,0,0,1
1,0,0,0,1
1,0,0,0,1
1,0,0,0,1
1,0,0,0,1
1,0,0,0,1
1,0,0,0,1
1,0,0,0,1
1,0,0,0,1
2,0,0,0,2
1,0,0,0,1
1,0,0,0,1
1,0,0,0,1
1,0,0,0,1
1,0,0,0,1
1,2,0,0,3
1,0,0,0,1
1,0,0,0,1
1,0,0,0,1
1,0,0,0,1
1,0,0,0,1
1,0,0,0,1
2,0,0,0,2
1,0,0,0,1
1,0,0,0,1
1,0,0,0,1
1,0,0,0,1
1,0,0,0,1
1,0,0,0,1
1,0,0,0,1
1,0,0,0,1
1,0,0,0,1
1,0,0,0,1
1,0,0,0,1
1,0,0,0,1
1,0,0,0,1
1,0,0,0,1
1,0,0,0,1
1,0,0,0,1
1,0,0,0,1
1,0,0,0,1
1,0,0,0,1
1,0,0,0,1
1,0,0,0,1
1,0,0,0,1
1,0,0,0,1
1,0,0,0,1
1,0,0,0,1
1,0,0,0,1
1,62,0,0,63
1,0,0,0,1
1,0,0,0,1
1,0,0,0,1
1,0,0,0,1
1,0,0,0,1
1,0,0,0,1
1,0,0,0,1
1,0,0,0,1
1,0,0,0,1
1,0,0,0,1
1,0,0,0,1
1,0,0,0,1
1,0,0,0,1
1,0,0,0,1
1,0,0,0,1
1,0,0,0,1
1,0,0,0,1
1,0,0,0,1
1,0,0,0,1
1,0,0,0,1
3,0,0,0,3
1,0,0,0,1
1,0,0,0,1
1,0,0,0,1
1,0,0,0,1
1,0,0,0,1
1,0,0,0,1
1,0,0,0,1
1,0,0,0,1
1,0,0,0,1
1,0,0,0,1
1,0,0,0,1
1,0,0,0,1
1,0,0,0,1
1,0,0,0,1
1,0,0,0,1
1,0,0,0,1
1,0,0,0,1
1,0,0,0,1
1,0,0,0,1
1,0,0,0,1
1,0,0,0,1
1,0,0,0,1
1,0,0,0,1
1,0,0,0,1
1,4,0,0,5
1,0,0,0,1
1,0,0,0,1
1,0,0,0,1
1,0,0,0,1
1,0,0,0,1
1,0,0,0,1
1,0,0,0,1
2,0,0,0,2
1,0,0,0,1
1,0,0,0,1
1,2,0,0,3
1,0,0,0,1
1,0,0,0,1
1,0,0,0,1
1,0,0,0,1
1,0,0,0,1
1,0,0,0,1
1,0,0,0,1
1,0,0,0,1
1,0,0,0,1
1,0,0,0,1
1,0,0,0,1
1,0,0,0,1
1,0,0,0,1
1,0,0,0,1
2,0,0,0,2
1,0,0,0,1
1,0,0,0,1
1,0,0,0,1
1,0,0,0,1
1,0,0,0,1
1,0,0,0,1
1,0,0,0,1
1,0,0,0,1
1,0,0,0,1
1,0,0,0,1
1,0,0,0,1
1,0,0,0,1
1,0,0,0,1
1,0,0,0,1
1,0,0,0,1
1,25,0,0,26
1,0,0,0,1
1,0,0,0,1
1,0,0,0,1
1,0,0,0,1
1,0,0,0,1
1,0,0,0,1
1,0,0,0,1
1,0,0,0,1
1,0,0,0,1
1,0,0,0,1
1,0,0,0,1
1,0,0,0,1
1,0,0,0,1
1,0,0,0,1
1,0,0,0,1
1,0,0,0,1
1,0,0,0,1
1,0,0,0,1
1,0,0,0,1
1,0,0,0,1
1,0,0,0,1
1,0,0,0,1
1,0,0,0,1
1,0,0,0,1
1,0,0,0,1
1,0,0,0,1
1,0,0,0,1
1,0,0,0,1
1,0,0,0,1
1,0,0,0,1
1,0,0,0,1
1,0,0,0,1
1,0,0,0,1
1,0,0,0,1
1,0,0,0,1
1,0,0,0,1
1,0,0,0,1
1,0,0,0,1
1,0,0,0,1
1,0,0,0,1
1,0,0,0,1
1,0,0,0,1
1,0,0,0,1
1,0,0,0,1
1,0,0,0,1
1,0,0,0,1
2,0,0,0,2
1,0,0,0,1
1,0,0,0,1
1,0,0,0,1
1,0,0,0,1
1,0,0,0,1
1,0,0,0,1
1,0,0,0,1
1,0,0,0,1
2,0,0,0,2
1,0,0,0,1
1,0,0,0,1
2,0,0,0,2
1,0,0,0,1
1,0,0,0,1
1,0,0,0,1
1,0,0,0,1
1,0,0,0,1
1,4,0,0,5
1,0,0,0,1
1,0,0,0,1
1,0,0,0,1
1,0,0,0,1
1,0,0,0,1
1,0,0,0,1
1,0,0,0,1
1,0,0,0,1
1,0,0,0,1
1,0,0,0,1
1,0,0,0,1
1,0,0,0,1
1,0,0,0,1
1,0,0,0,1
1,0,0,0,1
1,0,0,0,1
1,0,0,0,1
1,0,0,0,1
1,0,0,0,1
2,0,0,0,2
1,0,0,0,1
1,0,0,0,1
1,0,0,0,1
1,0,0,0,1
1,0,0,0,1
1,0,0,0,1
1,0,0,0,1
1,0,0,0,1
1,0,0,0,1
1,0,0,0,1
1,0,0,0,1
1,0,0,0,1
1,0,0,0,1
1,0,0,0,1
1,0,0,0,1
1,0,0,0,1
1,0,0,0,1
1,0,0,0,1
1,0,0,0,1
3,0,0,0,3
1,0,0,0,1
1,0,0,0,1
1,0,0,0,1
1,0,0,0,1
1,0,0,0,1
1,0,0,0,1
1,31,0,0,32
1,0,0,0,1
1,0,0,0,1
1,0,0,0,1
2,0,0,0,2
1,0,0,0,1
1,0,0,0,1
1,0,0,0,1
1,0,0,0,1
1,0,0,0,1
1,0,0,0,1
1,7,0,0,8
1,0,0,0,1
1,0,0,0,1
1,0,0,0,1
1,0,0,0,1
1,0,0,0,1
1,0,0,0,1
1,0,0,0,1
1,0,0,0,1
1,0,0,0,1
1,0,0,0,1
1,0,0,0,1
1,0,0,0,1
1,0,0,0,1
1,0,0,0,1
1,0,0,0,1
1,0,0,0,1
1,0,0,0,1
1,0,0,0,1
1,0,0,0,1
1,0,0,0,1
2,0,0,0,2
1,0,0,0,1
1,0,0,0,1
1,0,0,0,1
1,0,0,0,1
1,0,0,0,1
1,0,0,0,1
1,0,0,0,1
1,0,0,0,1
1,0,0,0,1
1,0,0,0,1
1,0,0,0,1
1,0,0,0,1
1,0,0,0,1
1,0,0,0,1
1,0,0,0,1
1,0,0,0,1
1,0,0,0,1
2,0,0,0,2
1,0,0,0,1
1,0,0,0,1
1,0,0,0,1
1,0,0,0,1
1,0,0,0,1
1,0,0,0,1
1,0,0,0,1
1,0,0,0,1
1,0,0,0,1
1,0,0,0,1
1,5,0,0,6
1,0,0,0,1
1,0,0,0,1
1,0,0,0,1
1,0,0,0,1
1,0,0,0,1
1,0,0,0,1
1,0,0,0,1
1,0,0,0,1
1,0,0,0,1
1,0,0,0,1
1,0,0,0,1
1,0,0,0,1
2,0,0,0,2
1,0,0,0,1
1,0,0,0,1
1,0,0,0,1
1,0,0,0,1
1,0,0,0,1
1,0,0,0,1
2,0,0,0,2
1,0,0,0,1
1,0,0,0,1
1,0,0,0,1
1,0,0,0,1
1,0,0,0,1
2,0,0,0,2
1,0,0,0,1
1,0,0,0,1
1,0,0,0,1
1,0,0,0,1
2,0,0,0,2
1,0,0,0,1
1,0,0,0,1
1,0,0,0,1
1,0,0,0,1
1,0,0,0,1
1,0,0,0,1
1,0,0,0,1
1,0,0,0,1
1,0,0,0,1
1,0,0,0,1
1,0,0,0,1
1,0,0,0,1
1,0,0,0,1
1,0,0,0,1
1,0,0,0,1
1,0,0,0,1
1,0,0,0,1
1,0,0,0,1
1,0,0,0,1
1,0,0,0,1
1,0,0,0,1
1,0,0,0,1
1,0,0,0,1
1,0,0,0,1
1,0,0,0,1
1,0,0,0,1
1,0,0,0,1
2,0,0,0,2
1,0,0,0,1
1,0,0,0,1
1,0,0,0,1
1,0,0,0,1
1,0,0,0,1
1,0,0,0,1
1,0,0,0,1
1,0,0,0,1
1,0,0,0,1
1,0,0,0,1
1,0,0,0,1
1,1,0,0,2
2,3,1,0,6
1,0,0,0,1
1,0,0,0,1
2,0,0,0,2
1,0,0,0,1
1,0,0,0,1
1,0,0,0,1
1,72,0,0,73
1,0,0,0,1
1,0,0,0,1
1,0,0,0,1
2,3,0,0,5
1,0,0,0,1
1,0,0,0,1
1,0,0,0,1
2,0,0,0,2
1,0,0,0,1
1,0,0,0,1
1,0,0,0,1
1,0,0,0,1
1,0,0,0,1
1,0,0,0,1
1,0,0,0,1
1,0,0,0,1
1,0,0,0,1
1,2,0,0,3
1,0,0,0,1
1,0,0,0,1
1,0,0,0,1
1,0,0,0,1
1,0,0,0,1
1,0,0,0,1
1,0,0,0,1
1,0,0,0,1
2,0,0,0,2
1,0,0,0,1
1,0,0,0,1
2,4,0,0,6
2,0,0,0,2
1,0,1,0,2
1,0,0,0,1
2,0,0,0,2
1,0,0,0,1
1,0,0,0,1
1,0,0,0,1
1,5,0,0,6
1,2,4,0,7
1,0,0,0,1
1,0,0,0,1
3,0,0,0,3
1,0,0,0,1
1,0,0,0,1
1,0,0,0,1
1,0,0,0,1
1,0,0,0,1
1,0,0,0,1
1,0,0,0,1
1,0,0,0,1
1,0,0,0,1
1,0,0,0,1
1,0,0,0,1
1,0,0,0,1
1,0,0,0,1
1,0,0,0,1
1,0,0,0,1
1,0,0,0,1
1,0,0,0,1
1,0,0,0,1
1,0,0,0,1
1,0,0,0,1
1,0,0,0,1
1,0,0,0,1
1,0,0,0,1
1,0,0,0,1
1,0,0,0,1
1,0,0,0,1
1,0,0,0,1
1,0,0,0,1
1,0,0,0,1
1,0,0,0,1
1,0,0,0,1
1,0,0,0,1
1,0,0,0,1
1,2,1,0,4
1,0,0,0,1
1,0,0,0,1
1,0,0,0,1
1,0,0,0,1
1,0,0,0,1
1,0,0,0,1
1,0,0,0,1
1,0,0,0,1
1,0,0,0,1
1,0,0,0,1
2,0,0,0,2
1,0,0,0,1
1,0,0,0,1
1,0,0,0,1
1,0,0,0,1
1,0,0,0,1
1,0,0,0,1
1,0,0,0,1
1,0,0,0,1
1,0,0,0,1
1,0,0,0,1
1,0,0,0,1
1,0,0,0,1
1,0,0,0,1
1,0,0,0,1
1,0,0,0,1
1,0,0,0,1
1,0,0,0,1
1,0,0,0,1
1,0,0,0,1
1,0,0,0,1
1,0,0,0,1
1,0,0,0,1
1,0,0,0,1
1,0,0,0,1
1,0,0,0,1
2,0,0,0,2
2,0,0,0,2
1,0,0,0,1
1,0,0,0,1
1,0,0,0,1
1,0,0,0,1
1,0,0,0,1
2,0,0,0,2
1,0,0,0,1
2,0,0,0,2
1,0,0,0,1
1,0,0,0,1
1,0,0,0,1
1,0,0,0,1
1,0,0,0,1
1,0,0,0,1
2,0,0,0,2
1,0,0,0,1
1,440,0,0,441
1,5,2,0,8
1,0,0,0,1
1,0,0,0,1
1,0,0,0,1
1,0,0,0,1
1,0,0,0,1
1,0,0,0,1
1,1,0,0,2
1,0,0,0,1
1,0,0,0,1
1,0,0,0,1
2,0,0,0,2
1,0,0,0,1
1,0,0,0,1
1,0,0,0,1
1,0,0,0,1
1,0,0,0,1
1,0,0,0,1
2,0,0,0,2
1,0,0,0,1
1,0,0,0,1
1,0,0,0,1
1,0,0,0,1
1,0,0,0,1
1,0,0,0,1
2,0,0,0,2
1,8,2,0,11
1,0,0,0,1
1,0,0,0,1
1,0,0,0,1
1,0,0,0,1
1,0,0,0,1
1,0,0,0,1
1,0,0,0,1
1,0,0,0,1
1,0,0,0,1
1,0,0,0,1
1,0,0,0,1
1,0,0,0,1
1,0,0,0,1
1,0,0,0,1
1,0,0,0,1
1,0,0,0,1
1,0,0,0,1
1,0,0,0,1
1,0,0,0,1
1,0,0,0,1
1,0,0,0,1
1,0,0,0,1
1,0,0,0,1
1,0,0,0,1
1,0,0,0,1
1,0,0,0,1
1,0,0,0,1
1,0,0,0,1
1,0,0,0,1
1,0,0,0,1
1,0,0,0,1
1,0,0,0,1
2,0,0,0,2
1,0,0,0,1
1,0,0,0,1
1,0,0,0,1
1,0,0,0,1
1,0,0,0,1
1,0,0,0,1
1,0,0,0,1
1,0,0,0,1
1,0,0,0,1
1,0,0,0,1
1,0,0,0,1
1,0,0,0,1
1,0,0,0,1
1,0,0,0,1
1,0,0,0,1
1,0,0,0,1
1,0,0,0,1
1,0,0,0,1
1,0,0,0,1
1,0,0,0,1
1,0,0,0,1
1,0,0,0,1
2,0,0,0,2
1,0,0,0,1
1,0,0,0,1
1,0,0,0,1
2,0,0,0,2
1,0,0,0,1
1,0,0,0,1
1,0,0,0,1
1,0,0,0,1
1,0,0,0,1
1,0,0,0,1
1,0,0,0,1
1,0,0,0,1
1,0,0,0,1
1,0,0,0,1
1,0,0,0,1
1,0,0,0,1
1,0,0,0,1
1,0,0,0,1
1,0,0,0,1
1,0,0,0,1
1,0,0,0,1
1,0,0,0,1
1,0,0,0,1
1,0,0,0,1
1,10,0,0,11
1,0,0,0,1
1,0,0,0,1
1,0,0,0,1
2,0,0,0,2
1,0,0,0,1
1,0,0,0,1
1,0,0,0,1
1,0,0,0,1
1,0,0,0,1
1,0,0,0,1
1,0,0,0,1
1,0,0,0,1
1,0,0,0,1
1,0,0,0,1
1,0,0,0,1
1,0,0,0,1
1,0,0,0,1
1,0,0,0,1
1,0,0,0,1
1,0,0,0,1
1,0,0,0,1
1,0,0,0,1
1,0,0,0,1
1,0,0,0,1
1,0,0,0,1
1,0,0,0,1
1,0,0,0,1
1,0,0,0,1
1,0,0,0,1
1,0,0,0,1
2,0,0,0,2
1,0,0,0,1
1,0,0,0,1
1,0,0,0,1
1,0,0,0,1
1,0,0,0,1
1,0,0,0,1
1,0,0,0,1
1,0,0,0,1
1,0,0,0,1
1,0,0,0,1
1,0,0,0,1
1,0,0,0,1
1,6,0,0,7
1,0,0,0,1
1,0,0,0,1
1,0,0,0,1
1,0,0,0,1
1,0,0,0,1
1,0,0,0,1
1,0,0,0,1
1,0,0,0,1
1,0,0,0,1
1,0,0,0,1
1,0,0,0,1
1,0,0,0,1
1,0,0,0,1
1,0,0,0,1
1,0,0,0,1
1,0,0,0,1
1,0,0,0,1
1,0,0,0,1
1,0,0,0,1
1,0,0,0,1
1,0,0,0,1
1,0,0,0,1
1,0,0,0,1
1,0,0,0,1
1,0,0,0,1
1,0,0,0,1
1,0,0,0,1
1,0,0,0,1
1,0,0,0,1
1,0,0,0,1
1,0,0,0,1
1,0,0,0,1
1,0,0,0,1
1,0,0,0,1
1,0,0,0,1
1,0,0,0,1
2,0,0,0,2
1,0,0,0,1
1,0,0,0,1
1,0,0,0,1
1,0,0,0,1
2,0,0,0,2
1,0,0,0,1
2,0,0,0,2
1,0,0,0,1
2,0,0,0,2
1,0,0,0,1
1,0,0,0,1
1,0,1,0,2
2,0,0,0,2
1,0,0,0,1
1,0,0,0,1
1,0,0,0,1
1,0,0,0,1
1,0,0,0,1
1,0,0,0,1
1,0,0,0,1
1,0,0,0,1
1,0,0,0,1
1,0,0,0,1
1,0,0,0,1
1,0,0,0,1
2,0,0,0,2
1,0,0,0,1
1,0,0,0,1
1,0,0,0,1
1,0,0,0,1
1,0,0,0,1
1,0,0,0,1
1,0,0,0,1
1,0,0,0,1
1,3,0,0,4
1,0,0,0,1
1,0,0,0,1
1,0,0,0,1
1,0,0,0,1
1,0,0,0,1
1,0,0,0,1
1,0,0,0,1
1,0,0,0,1
1,0,0,0,1
1,0,0,0,1
1,0,0,0,1
1,0,0,0,1
1,0,0,0,1
1,0,0,0,1
1,0,0,0,1
1,0,0,0,1
1,0,0,0,1
1,0,0,0,1
1,0,0,0,1
1,0,0,0,1
1,0,0,0,1
1,0,0,0,1
1,0,0,0,1
2,0,0,0,2
1,0,0,0,1
1,0,0,0,1
2,0,0,0,2
1,0,0,0,1
1,0,0,0,1
1,0,0,0,1
1,0,0,0,1
1,0,0,0,1
1,0,0,0,1
1,0,0,0,1
1,0,0,0,1
1,0,0,0,1
1,0,0,0,1
1,0,0,0,1
1,0,0,0,1
1,0,0,0,1
1,0,0,0,1
1,0,0,0,1
1,0,0,0,1
1,0,0,0,1
1,0,0,0,1
1,0,0,0,1
1,0,0,0,1
1,0,0,0,1
1,55,0,0,56
1,0,0,0,1
2,0,0,0,2
1,0,0,0,1
1,0,0,0,1
1,0,0,0,1
1,0,0,0,1
1,0,0,0,1
1,0,0,0,1
1,0,0,0,1
1,0,0,0,1
1,0,0,0,1
1,0,0,0,1
1,0,0,0,1
1,0,0,0,1
1,0,0,0,1
1,5,0,0,6
1,0,0,0,1
1,1,1,0,3
2,0,0,0,2
1,0,0,0,1
1,0,0,0,1
1,0,0,0,1
1,0,0,0,1
2,0,0,0,2
1,0,0,0,1
1,0,0,0,1
1,0,0,0,1
1,0,0,0,1
1,0,0,0,1
4,0,0,0,4
1,0,0,0,1
1,0,0,0,1
1,0,0,0,1
1,0,0,0,1
1,0,0,0,1
1,0,0,0,1
1,0,0,0,1
1,0,0,0,1
1,0,0,0,1
1,0,0,0,1
1,0,0,0,1
1,0,0,0,1
1,0,0,0,1
1,0,0,0,1
2,0,0,0,2
1,0,0,0,1
1,0,0,0,1
1,0,0,0,1
1,0,0,0,1
2,0,0,0,2
1,0,0,0,1
1,0,0,0,1
1,0,0,0,1
1,0,0,0,1
1,0,0,0,1
1,0,0,0,1
1,0,0,0,1
1,0,0,0,1
1,0,0,0,1
1,0,0,0,1
1,0,0,0,1
1,0,0,0,1
1,0,0,0,1
1,0,0,0,1
1,0,0,0,1
1,0,0,0,1
1,0,0,0,1
1,0,0,0,1
1,0,0,0,1
1,0,0,0,1
1,0,0,0,1
1,0,0,0,1
1,0,0,0,1
1,0,0,0,1
1,0,0,0,1
1,0,0,0,1
1,0,0,0,1
1,0,0,0,1
1,0,0,0,1
2,0,0,0,2
1,0,0,0,1
1,0,0,0,1
1,0,0,0,1
1,0,0,0,1
2,0,0,0,2
1,0,0,0,1
1,0,0,0,1
1,0,0,0,1
1,1,0,0,2
1,0,0,0,1
1,0,0,0,1
1,0,0,0,1
1,0,0,0,1
1,0,0,0,1
1,0,0,0,1
1,0,0,0,1
1,0,0,0,1
1,0,0,0,1
1,0,0,0,1
1,0,0,0,1
1,0,0,0,1
1,0,0,0,1
1,0,0,0,1
1,0,0,0,1
1,0,0,0,1
1,0,0,0,1
1,0,0,0,1
1,0,0,0,1
1,0,0,0,1
1,0,0,0,1
1,0,0,0,1
1,0,0,0,1
1,0,0,0,1
1,0,0,0,1
1,0,0,0,1
1,0,0,0,1
2,0,0,0,2
1,0,0,0,1
1,0,0,0,1
1,0,0,0,1
1,0,0,0,1
1,0,0,0,1
1,0,0,0,1
1,0,0,0,1
1,0,0,0,1
1,0,0,0,1
1,0,0,0,1
1,0,0,0,1
1,0,0,0,1
1,0,0,0,1
1,0,0,0,1
1,0,0,0,1
1,0,0,0,1
1,0,0,0,1
1,0,0,0,1
1,0,0,0,1
1,0,0,0,1
2,0,0,0,2
1,0,0,0,1
2,0,0,0,2
1,0,0,0,1
1,0,0,0,1
1,0,0,0,1
1,0,0,0,1
1,0,0,0,1
3,0,0,0,3
1,0,0,0,1
2,0,0,0,2
2,0,0,0,2
1,0,0,0,1
3,0,0,0,3
1,2,0,0,3
1,0,0,0,1
1,0,0,0,1
1,0,0,0,1
1,0,0,0,1
1,0,0,0,1
1,0,0,0,1
1,0,0,0,1
1,0,0,0,1
1,0,0,0,1
1,0,0,0,1
1,0,0,0,1
1,0,0,0,1
2,0,0,0,2
1,0,0,0,1
1,0,0,0,1
1,0,0,0,1
1,0,0,0,1
1,0,0,0,1
1,0,0,0,1
1,0,0,0,1
1,0,0,0,1
1,0,0,0,1
1,0,0,0,1
1,0,0,0,1
1,0,0,0,1
1,0,0,0,1
1,0,0,0,1
1,0,0,0,1
2,2,0,0,4
1,0,0,0,1
1,0,0,0,1
1,0,0,0,1
1,0,0,0,1
1,0,0,0,1
1,0,0,0,1
1,0,0,0,1
1,0,0,0,1
1,0,0,0,1
1,0,0,0,1
1,0,0,0,1
1,0,0,0,1
1,0,0,0,1
1,0,0,0,1
1,0,0,0,1
1,0,0,0,1
1,0,0,0,1
2,0,0,0,2
1,0,0,0,1
1,0,0,0,1
1,0,0,0,1
1,0,0,0,1
1,0,0,0,1
1,0,0,0,1
1,0,0,0,1
1,0,0,0,1
1,0,0,0,1
1,0,0,0,1
1,0,0,0,1
1,0,0,0,1
1,0,0,0,1
1,0,0,0,1
1,0,0,0,1
1,0,0,0,1
1,0,0,0,1
1,0,0,0,1
1,0,0,0,1
2,0,0,0,2
2,0,0,0,2
1,0,0,0,1
1,0,0,0,1
1,0,0,0,1
1,0,0,0,1
1,0,0,0,1
1,0,0,0,1
1,0,0,0,1
1,0,0,0,1
1,0,0,0,1
1,0,0,0,1
1,0,0,0,1
2,0,0,0,2
1,0,0,0,1
1,0,0,0,1
1,0,0,0,1
1,0,0,0,1
1,0,0,0,1
2,26,0,0,28
1,2,0,0,3
1,0,0,0,1
1,0,0,0,1
1,0,0,0,1
1,0,0,0,1
1,0,0,0,1
1,0,0,0,1
1,0,0,0,1
1,0,0,0,1
1,0,0,0,1
1,0,0,0,1
1,0,0,0,1
1,0,0,0,1
1,0,0,0,1
1,0,0,0,1
1,0,0,0,1
1,0,0,0,1
1,0,0,0,1
1,19,0,0,20
1,0,0,0,1
2,0,0,0,2
1,0,0,0,1
1,0,0,0,1
1,0,0,0,1
1,0,0,0,1
1,0,0,0,1
1,0,0,0,1
1,0,0,0,1
1,0,0,0,1
1,0,0,0,1
1,0,0,0,1
1,0,0,0,1
1,0,0,0,1
1,0,0,0,1
2,0,0,0,2
1,0,0,0,1
1,0,0,0,1
1,0,0,0,1
1,0,0,0,1
1,0,0,0,1
1,0,0,0,1
1,0,0,0,1
1,0,0,0,1
1,0,0,0,1
1,0,0,0,1
1,0,0,0,1
1,0,0,0,1
2,0,0,0,2
1,0,0,0,1
1,0,0,0,1
1,0,0,0,1
1,0,0,0,1
1,0,0,0,1
1,0,0,0,1
1,0,0,0,1
1,0,0,0,1
1,0,0,0,1
1,0,0,0,1
1,0,0,0,1
1,0,0,0,1
1,0,0,0,1
1,0,0,0,1
1,0,0,0,1
1,0,0,0,1
1,0,0,0,1
1,0,0,0,1
1,0,0,0,1
1,0,0,0,1
2,0,0,0,2
1,0,0,0,1
1,0,0,0,1
2,0,0,0,2
1,0,0,0,1
1,0,0,0,1
1,0,0,0,1
1,0,0,0,1
1,0,0,0,1
1,0,0,0,1
1,0,0,0,1
1,0,0,0,1
1,0,0,0,1
1,0,0,0,1
1,0,0,0,1
1,0,0,0,1
1,0,0,0,1
1,0,0,0,1
1,0,0,0,1
1,0,0,0,1
1,0,0,0,1
1,0,0,0,1
1,0,0,0,1
1,0,0,0,1
1,0,0,0,1
1,0,0,0,1
1,0,0,0,1
1,0,0,0,1
1,0,0,0,1
1,0,0,0,1
1,0,0,0,1
2,0,0,0,2
1,0,0,0,1
1,0,0,0,1
1,0,0,0,1
1,0,0,0,1
1,0,0,0,1
1,0,0,0,1
1,0,0,0,1
1,0,0,0,1
1,0,0,0,1
1,0,0,0,1
1,0,0,0,1
1,0,0,0,1
1,0,0,0,1
1,0,0,0,1
1,0,0,0,1
1,0,0,0,1
1,0,0,0,1
1,0,0,0,1
1,0,0,0,1
1,0,0,0,1
1,0,0,0,1
3,0,0,0,3
1,0,0,0,1
2,0,0,0,2
1,0,0,0,1
1,0,0,0,1
1,0,0,0,1
1,0,0,0,1
1,0,0,0,1
1,0,0,0,1
1,0,0,0,1
1,0,0,0,1
1,0,0,0,1
1,0,0,0,1
1,0,0,0,1
1,0,0,0,1
1,0,0,0,1
1,0,0,0,1
1,0,0,0,1
1,0,0,0,1
1,0,0,0,1
1,0,0,0,1
1,0,0,0,1
1,0,0,0,1
1,0,0,0,1
1,0,0,0,1
1,0,0,0,1
1,0,0,0,1
2,1,0,0,3
1,1,0,0,2
1,0,0,0,1
1,0,0,0,1
1,0,0,0,1
1,1,0,0,2
1,0,0,0,1
1,0,0,0,1
1,0,0,0,1
1,0,0,0,1
1,0,0,0,1
1,0,0,0,1
1,0,0,0,1
1,0,0,0,1
1,0,0,0,1
1,0,0,0,1
1,0,0,0,1
1,3,0,0,4
1,0,0,0,1
1,0,0,0,1
1,0,0,0,1
1,0,0,0,1
2,633,0,0,635
1,0,0,0,1
1,0,0,0,1
2,0,0,0,2
1,0,0,0,1
1,0,0,0,1
1,0,0,0,1
1,1,0,0,2
1,0,0,0,1
1,0,0,0,1
1,0,0,0,1
1,0,0,0,1
1,0,0,0,1
1,0,0,0,1
1,0,0,0,1
1,0,0,0,1
1,0,0,0,1
1,0,0,0,1
1,0,0,0,1
1,0,0,0,1
1,0,0,0,1
1,0,0,0,1
1,0,0,0,1
1,0,0,0,1
2,0,0,0,2
1,0,0,0,1
1,0,0,0,1
1,0,0,0,1
1,0,0,0,1
2,0,0,0,2
1,0,0,0,1
1,0,0,0,1
1,0,0,0,1
1,0,0,0,1
1,0,0,0,1
1,0,0,0,1
1,0,0,0,1
1,0,0,0,1
1,0,0,0,1
1,0,0,0,1
1,0,0,0,1
1,0,0,0,1
1,0,0,0,1
1,0,0,0,1
1,0,0,0,1
1,0,0,0,1
1,0,0,0,1
1,0,0,0,1
1,0,0,0,1
1,0,0,0,1
1,0,0,0,1
1,0,0,0,1
1,0,0,0,1
1,0,0,0,1
1,0,0,0,1
1,0,0,0,1
1,0,0,0,1
1,0,0,0,1
1,0,0,0,1
2,0,0,0,2
1,0,0,0,1
1,0,0,0,1
1,0,0,0,1
1,0,0,0,1
1,0,0,0,1
1,0,0,0,1
1,0,0,0,1
1,0,0,0,1
1,0,0,0,1
1,0,0,0,1
1,0,0,0,1
1,0,0,0,1
1,0,0,0,1
1,0,0,0,1
1,0,0,0,1
1,0,0,0,1
1,0,0,0,1
1,0,0,0,1
1,0,0,0,1
1,0,0,0,1
1,0,0,0,1
1,0,0,0,1
1,0,0,0,1
1,0,0,0,1
1,0,0,0,1
1,0,0,0,1
1,0,0,0,1
1,0,0,0,1
1,0,0,0,1
1,0,0,0,1
1,0,0,0,1
1,0,0,0,1
3,0,0,0,3
1,0,0,0,1
1,0,0,0,1
1,0,0,0,1
1,0,0,0,1
1,0,0,0,1
1,0,0,0,1
1,0,0,0,1
1,0,0,0,1
1,0,0,0,1
1,0,0,0,1
1,0,0,0,1
1,0,0,0,1
1,0,0,0,1
1,0,0,0,1
1,0,0,0,1
1,0,0,0,1
1,0,0,0,1
1,0,0,0,1
1,0,0,0,1
1,0,0,0,1
1,0,0,0,1
2,677,0,0,679
1,0,0,0,1
1,0,0,0,1
1,0,0,0,1
1,0,0,0,1
2,0,0,0,2
1,0,0,0,1
1,0,0,0,1
1,0,0,0,1
1,0,0,0,1
2,2,1,0,5
1,0,0,0,1
1,0,0,0,1
1,0,0,0,1
1,0,0,0,1
1,0,0,0,1
1,0,0,0,1
1,0,0,0,1
1,0,0,0,1
1,0,0,0,1
1,0,0,0,1
1,0,0,0,1
1,0,0,0,1
1,0,0,0,1
1,0,0,0,1
1,0,0,0,1
1,0,0,0,1
2,0,0,0,2
1,0,0,0,1
1,0,0,0,1
1,0,0,0,1
1,0,0,0,1
1,0,0,0,1
1,0,0,0,1
1,0,0,0,1
1,0,0,0,1
1,0,0,0,1
1,0,0,0,1
2,0,0,0,2
1,0,0,0,1
1,0,0,0,1
1,0,0,0,1
1,0,0,0,1
1,0,0,0,1
1,0,0,0,1
1,0,0,0,1
1,0,0,0,1
1,0,0,0,1
1,0,0,0,1
1,0,0,0,1
1,8,0,0,9
1,0,0,0,1
1,0,0,0,1
1,0,0,0,1
1,0,0,0,1
1,0,0,0,1
1,0,0,0,1
1,0,0,0,1
1,0,0,0,1
1,0,0,0,1
1,0,0,0,1
1,0,0,0,1
1,0,0,0,1
1,0,0,0,1
1,0,0,0,1
1,0,0,0,1
1,0,0,0,1
1,0,0,0,1
1,0,0,0,1
1,0,0,0,1
1,0,0,0,1
1,0,0,0,1
1,0,0,0,1
1,0,0,0,1
1,0,0,0,1
2,3,0,0,5
1,0,0,0,1
1,0,0,0,1
1,0,0,0,1
1,0,0,0,1
1,0,0,0,1
1,0,0,0,1
1,0,0,0,1
1,0,0,0,1
1,1,0,0,2
1,0,0,0,1
1,0,0,0,1
1,0,0,0,1
1,3,1,0,5
1,0,0,0,1
1,0,0,0,1
1,9,0,0,10
1,0,0,0,1
1,0,0,0,1
1,0,0,0,1
1,0,0,0,1
1,0,0,0,1
1,0,0,0,1
1,0,0,0,1
1,0,0,0,1
1,0,0,0,1
1,0,0,0,1
1,0,0,0,1
1,0,0,0,1
1,0,0,0,1
1,0,0,0,1
1,0,0,0,1
1,0,0,0,1
1,0,0,0,1
1,0,0,0,1
1,0,0,0,1
1,0,0,0,1
1,0,0,0,1
1,0,0,0,1
1,0,0,0,1
1,0,0,0,1
1,0,0,0,1
1,0,0,0,1
2,0,0,0,2
3,0,0,0,3
1,0,0,0,1
1,0,0,0,1
2,2,0,0,4
1,0,0,0,1
1,0,0,0,1
1,0,0,0,1
1,0,0,0,1
1,0,0,0,1
1,0,0,0,1
1,0,0,0,1
1,0,0,0,1
1,0,0,0,1
1,0,0,0,1
1,0,0,0,1
1,0,0,0,1
1,0,0,0,1
1,0,0,0,1
1,1,0,0,2
1,0,0,0,1
1,0,0,0,1
1,0,0,0,1
1,0,0,0,1
1,0,0,0,1
1,0,0,0,1
1,0,0,0,1
1,0,0,0,1
1,0,0,0,1
1,0,0,0,1
1,0,0,0,1
1,0,0,0,1
1,0,0,0,1
1,0,0,0,1
1,0,0,0,1
1,0,0,0,1
1,0,0,0,1
1,0,0,0,1
1,0,0,0,1
2,0,0,0,2
1,0,0,0,1
1,0,0,0,1
1,0,0,0,1
1,0,0,0,1
1,0,0,0,1
1,0,0,0,1
1,0,0,0,1
1,0,0,0,1
1,0,0,0,1
1,0,0,0,1
1,0,0,0,1
1,0,0,0,1
1,0,0,0,1
1,0,0,0,1
1,0,0,0,1
1,0,0,0,1
1,0,0,0,1
1,0,0,0,1
1,0,0,0,1
1,0,0,0,1
1,0,0,0,1
1,0,0,0,1
2,0,0,0,2
1,0,0,0,1
1,3,1,0,5
1,0,0,0,1
2,0,2,0,4
1,0,0,0,1
1,0,0,0,1
3,0,0,0,3
1,0,0,0,1
1,0,0,0,1
1,0,0,0,1
1,0,0,0,1
1,0,0,0,1
1,0,0,0,1
1,0,0,0,1
1,0,0,0,1
1,0,0,0,1
1,0,0,0,1
1,0,0,0,1
1,0,0,0,1
1,0,0,0,1
1,0,0,0,1
1,0,0,0,1
1,0,0,0,1
1,0,0,0,1
1,0,0,0,1
1,0,0,0,1
1,0,0,0,1
1,0,0,0,1
1,0,0,0,1
1,0,0,0,1
1,0,0,0,1
1,0,0,0,1
1,0,0,0,1
1,0,0,0,1
1,0,0,0,1
1,0,0,0,1
1,0,0,0,1
1,0,0,0,1
1,0,0,0,1
1,0,0,0,1
1,0,0,0,1
1,0,0,0,1
1,0,0,0,1
1,0,0,0,1
1,0,0,0,1
1,0,0,0,1
2,6,0,0,8
1,0,0,0,1
1,1,0,0,2
1,0,0,0,1
1,0,0,0,1
1,0,0,0,1
1,0,0,0,1
1,0,0,0,1
1,0,0,0,1
1,0,0,0,1
2,0,0,0,2
1,0,0,0,1
1,0,0,0,1
1,0,0,0,1
1,0,0,0,1
1,0,0,0,1
1,0,0,0,1
1,0,0,0,1
1,0,0,0,1
1,0,0,0,1
1,0,0,0,1
1,0,0,0,1
1,0,0,0,1
1,0,0,0,1
1,0,0,0,1
1,0,0,0,1
2,0,0,0,2
1,0,0,0,1
1,0,0,0,1
1,0,0,0,1
1,0,0,0,1
1,0,0,0,1
1,0,0,0,1
1,0,0,0,1
1,0,0,0,1
1,0,0,0,1
1,0,0,0,1
1,0,0,0,1
1,0,0,0,1
1,0,0,0,1
1,0,0,0,1
1,0,0,0,1
1,0,0,0,1
1,0,0,0,1
1,0,0,0,1
1,0,0,0,1
1,0,0,0,1
1,0,0,0,1
1,0,0,0,1
1,0,0,0,1
1,0,0,0,1
1,0,0,0,1
1,0,0,0,1
1,0,0,0,1
1,0,0,0,1
1,0,0,0,1
1,0,0,0,1
1,0,0,0,1
1,0,0,0,1
1,0,0,0,1
1,0,0,0,1
1,0,0,0,1
1,0,0,0,1
1,0,0,0,1
1,0,0,0,1
1,0,0,0,1
1,0,0,0,1
1,0,0,0,1
1,0,0,0,1
1,0,0,0,1
1,0,0,0,1
1,0,0,0,1
1,0,0,0,1
1,0,0,0,1
1,0,0,0,1
1,0,0,0,1
1,0,0,0,1
1,0,0,0,1
1,0,0,0,1
1,0,0,0,1
1,0,0,0,1
1,0,0,0,1
1,0,0,0,1
1,0,0,0,1
1,0,0,0,1
1,0,0,0,1
1,0,0,0,1
1,0,0,0,1
1,0,0,0,1
1,0,0,0,1
1,0,0,0,1
1,0,0,0,1
1,0,0,0,1
1,0,0,0,1
1,0,0,0,1
1,0,0,0,1
1,0,0,0,1
1,0,0,0,1
1,0,0,0,1
1,0,0,0,1
1,0,0,0,1
1,0,0,0,1
1,0,0,0,1
1,0,0,0,1
1,0,0,0,1
1,0,0,0,1
1,0,0,0,1
1,0,0,0,1
1,0,0,0,1
1,0,0,0,1
1,0,0,0,1
1,0,0,0,1
1,0,0,0,1
1,0,0,0,1
1,0,0,0,1
1,0,0,0,1
1,0,0,0,1
1,0,0,0,1
1,0,0,0,1
1,0,0,0,1
1,0,0,0,1
1,0,0,0,1
1,0,0,0,1
1,0,0,0,1
1,0,0,0,1
1,0,0,0,1
1,0,0,0,1
1,0,0,0,1
1,0,0,0,1
1,0,0,0,1
1,0,0,0,1
1,0,0,0,1
1,0,0,0,1
1,0,0,0,1
2,0,0,0,2
1,0,0,0,1
1,0,0,0,1
1,0,0,0,1
1,0,0,0,1
1,0,0,0,1
1,0,0,0,1
2,0,0,0,2
1,0,0,0,1
1,0,0,0,1
1,0,0,0,1
1,0,0,0,1
1,0,0,0,1
1,0,0,0,1
2,0,0,0,2
1,0,0,0,1
1,0,0,0,1
1,0,0,0,1
1,0,0,0,1
1,0,0,0,1
1,0,0,0,1
1,0,0,0,1
2,0,0,0,2
1,0,0,0,1
2,0,0,0,2
2,0,0,0,2
1,0,0,0,1
1,0,0,0,1
1,0,0,0,1
1,0,0,0,1
1,0,0,0,1
1,0,0,0,1
1,0,0,0,1
1,0,0,0,1
1,0,0,0,1
1,0,0,0,1
1,0,0,0,1
1,0,0,0,1
1,0,0,0,1
1,0,0,0,1
2,0,0,0,2
1,0,0,0,1
1,0,0,0,1
1,0,0,0,1
1,0,0,0,1
1,0,0,0,1
1,0,0,0,1
1,0,0,0,1
1,0,0,0,1
1,0,0,0,1
1,0,0,0,1
1,0,0,0,1
1,0,0,0,1
1,0,0,0,1
1,0,0,0,1
1,0,0,0,1
1,0,0,0,1
1,0,0,0,1
1,0,0,0,1
1,0,0,0,1
1,0,0,0,1
1,0,0,0,1
1,0,0,0,1
1,0,0,0,1
1,0,0,0,1
1,0,0,0,1
1,0,0,0,1
1,0,0,0,1
2,1,0,0,3
1,0,0,0,1
1,0,0,0,1
1,0,0,0,1
1,0,0,0,1
1,0,0,0,1
1,0,0,0,1
1,0,0,0,1
1,0,0,0,1
1,0,0,0,1
1,0,0,0,1
1,0,0,0,1
1,0,0,0,1
1,0,0,0,1
1,0,0,0,1
1,0,0,0,1
1,0,0,0,1
1,0,0,0,1
1,0,0,0,1
1,0,0,0,1
1,0,0,0,1
1,0,0,0,1
1,0,0,0,1
1,0,0,0,1
1,0,0,0,1
1,0,0,0,1
1,0,0,0,1
1,0,0,0,1
1,0,0,0,1
2,0,0,0,2
1,0,0,0,1
1,0,0,0,1
2,0,0,0,2
1,0,0,0,1
1,0,0,0,1
1,0,0,0,1
1,1,2,0,4
1,0,0,0,1
1,0,0,0,1
1,0,0,0,1
1,0,0,0,1
1,0,0,0,1
1,0,0,0,1
1,0,0,0,1
1,0,0,0,1
2,0,0,0,2
1,0,0,0,1
1,0,0,0,1
1,0,0,0,1
1,0,0,0,1
1,0,0,0,1
1,0,0,0,1
1,0,0,0,1
1,0,0,0,1
3,0,0,0,3
1,0,0,0,1
1,0,0,0,1
1,0,0,0,1
1,0,0,0,1
1,0,0,0,1
1,0,0,0,1
1,0,0,0,1
1,19,1,0,21
1,0,0,0,1
1,0,0,0,1
1,0,0,0,1
1,0,0,0,1
1,0,0,0,1
2,0,0,0,2
1,0,0,0,1
1,0,0,0,1
1,0,0,0,1
1,0,0,0,1
1,0,0,0,1
1,0,0,0,1
1,0,0,0,1
1,0,0,0,1
1,0,0,0,1
1,0,0,0,1
1,0,0,0,1
1,0,0,0,1
1,0,0,0,1
1,0,0,0,1
1,0,0,0,1
1,0,0,0,1
1,0,0,0,1
1,0,0,0,1
1,0,0,0,1
1,0,0,0,1
1,0,0,0,1
1,0,0,0,1
1,0,0,0,1
1,0,0,0,1
1,0,0,0,1
1,3,0,0,4
1,0,0,0,1
1,0,0,0,1
1,0,0,0,1
1,0,0,0,1
1,0,0,0,1
1,0,0,0,1
1,0,0,0,1
1,0,0,0,1
1,0,0,0,1
1,0,0,0,1
1,0,0,0,1
1,0,0,0,1
1,0,0,0,1
1,0,0,0,1
1,0,0,0,1
1,0,0,0,1
1,0,0,0,1
1,0,0,0,1
1,4,0,0,5
1,0,0,0,1
1,0,0,0,1
1,0,0,0,1
1,0,0,0,1
1,0,0,0,1
1,0,0,0,1
1,0,0,0,1
1,0,0,0,1
1,0,0,0,1
1,0,0,0,1
1,0,0,0,1
1,1,0,0,2
1,0,0,0,1
1,0,0,0,1
1,0,0,0,1
1,0,0,0,1
2,0,0,0,2
1,0,0,0,1
1,0,0,0,1
1,0,0,0,1
1,0,0,0,1
1,0,0,0,1
1,0,0,0,1
1,0,0,0,1
1,0,0,0,1
1,0,0,0,1
1,0,0,0,1
1,0,0,0,1
1,0,0,0,1
1,0,0,0,1
1,0,0,0,1
1,0,0,0,1
1,0,0,0,1
1,0,0,0,1
1,0,0,0,1
2,0,0,0,2
1,0,0,0,1
1,0,0,0,1
1,0,0,0,1
1,0,0,0,1
1,0,0,0,1
1,0,0,0,1
1,0,0,0,1
1,0,0,0,1
1,0,0,0,1
1,0,0,0,1
1,0,0,0,1
1,0,0,0,1
1,0,0,0,1
1,0,0,0,1
1,0,0,0,1
1,0,0,0,1
1,0,0,0,1
1,0,0,0,1
2,0,0,0,2
1,0,0,0,1
1,0,0,0,1
2,0,0,0,2
1,0,0,0,1
1,0,0,0,1
1,0,0,0,1
1,0,0,0,1
1,1,1,0,3
1,0,0,0,1
1,0,0,0,1
1,0,0,0,1
1,0,0,0,1
1,0,0,0,1
1,0,0,0,1
1,0,0,0,1
1,0,0,0,1
1,0,0,0,1
1,0,0,0,1
1,0,0,0,1
1,0,0,0,1
1,0,0,0,1
1,0,0,0,1
1,0,0,0,1
1,0,0,0,1
1,0,0,0,1
1,0,0,0,1
1,0,0,0,1
1,0,0,0,1
1,0,0,0,1
1,0,0,0,1
1,0,0,0,1
2,0,0,0,2
1,0,0,0,1
1,0,0,0,1
1,0,0,0,1
1,0,0,0,1
1,0,0,0,1
1,0,0,0,1
2,1,1,0,4
1,0,0,0,1
1,0,0,0,1
1,0,0,0,1
1,0,0,0,1
1,0,0,0,1
1,0,0,0,1
1,0,0,0,1
1,0,0,0,1
1,0,0,0,1
1,0,0,0,1
1,0,0,0,1
1,0,0,0,1
1,0,0,0,1
1,0,0,0,1
1,0,0,0,1
1,0,0,0,1
1,0,0,0,1
1,0,0,0,1
1,0,0,0,1
1,0,0,0,1
1,0,0,0,1
1,0,0,0,1
1,0,0,0,1
1,0,0,0,1
1,0,0,0,1
1,0,0,0,1
1,0,0,0,1
1,0,0,0,1
2,0,0,0,2
1,0,0,0,1
1,0,0,0,1
1,0,0,0,1
1,0,0,0,1
3,2,0,0,5
2,0,0,0,2
1,0,0,0,1
1,0,0,0,1
1,0,0,0,1
1,0,0,0,1
1,0,0,0,1
1,0,0,0,1
1,0,0,0,1
1,0,0,0,1
1,0,0,0,1
1,0,0,0,1
1,0,0,0,1
1,0,0,0,1
1,0,0,0,1
1,0,0,0,1
1,0,0,0,1
1,0,0,0,1
1,0,0,0,1
1,0,0,0,1
1,0,0,0,1
1,0,0,0,1
1,0,0,0,1
1,0,0,0,1
1,0,0,0,1
1,0,0,0,1
1,0,0,0,1
1,0,0,0,1
1,0,0,0,1
1,0,0,0,1
1,0,0,0,1
1,0,0,0,1
1,0,0,0,1
1,0,0,0,1
1,0,0,0,1
1,0,0,0,1
1,0,0,0,1
1,0,0,0,1
1,0,0,0,1
1,0,0,0,1
1,0,0,0,1
1,0,0,0,1
2,0,0,0,2
1,1,0,0,2
2,8,0,0,10
1,0,0,0,1
2,0,0,0,2
1,0,0,0,1
1,0,0,0,1
1,0,0,0,1
1,0,0,0,1
1,0,0,0,1
1,0,0,0,1
1,0,0,0,1
1,0,0,0,1
1,0,0,0,1
1,0,0,0,1
1,0,0,0,1
1,0,0,0,1
1,0,0,0,1
2,0,0,0,2
1,0,0,0,1
1,0,0,0,1
1,0,0,0,1
1,0,0,0,1
1,0,0,0,1
1,0,0,0,1
1,0,0,0,1
1,0,0,0,1
1,0,0,0,1
1,0,0,0,1
1,0,0,0,1
1,0,0,0,1
1,0,0,0,1
1,0,0,0,1
1,0,0,0,1
1,1,0,0,2
2,0,0,0,2
1,0,0,0,1
1,0,0,0,1
2,0,0,0,2
1,0,0,0,1
1,0,0,0,1
1,0,0,0,1
1,0,0,0,1
1,0,0,0,1
1,0,0,0,1
1,0,0,0,1
1,0,0,0,1
2,0,0,0,2
1,0,0,0,1
1,0,0,0,1
1,0,0,0,1
1,0,0,0,1
1,0,0,0,1
1,0,0,0,1
1,0,0,0,1
1,0,0,0,1
1,0,0,0,1
1,0,0,0,1
1,0,0,0,1
1,0,0,0,1
1,0,0,0,1
1,0,0,0,1
1,0,0,0,1
1,0,0,0,1
1,0,2,0,3
1,0,0,0,1
1,0,0,0,1
2,0,0,0,2
1,0,0,0,1
1,0,0,0,1
1,0,0,0,1
1,0,0,0,1
1,0,0,0,1
1,2,0,0,3
1,0,0,0,1
1,0,0,0,1
1,0,0,0,1
1,0,0,0,1
1,0,0,0,1
1,0,0,0,1
1,0,0,0,1
1,0,0,0,1
1,0,0,0,1
1,0,0,0,1
1,0,0,0,1
1,0,0,0,1
1,0,0,0,1
1,0,0,0,1
2,2,0,0,4
2,0,0,0,2
1,0,0,0,1
1,0,0,0,1
1,0,0,0,1
1,0,0,0,1
1,0,0,0,1
1,0,0,0,1
1,0,0,0,1
1,0,0,0,1
1,0,0,0,1
1,0,0,0,1
1,0,0,0,1
1,0,0,0,1
1,0,0,0,1
1,0,0,0,1
1,0,0,0,1
1,0,0,0,1
1,0,0,0,1
1,0,0,0,1
1,1,0,0,2
1,0,0,0,1
1,0,0,0,1
1,0,0,0,1
1,0,0,0,1
1,0,0,0,1
1,0,0,0,1
1,0,0,0,1
1,0,0,0,1
1,0,0,0,1
1,0,0,0,1
1,0,0,0,1
1,0,0,0,1
1,0,0,0,1
1,0,0,0,1
1,0,0,0,1
1,0,0,0,1
1,0,0,0,1
1,0,0,0,1
1,0,0,0,1
1,0,0,0,1
1,0,0,0,1
1,0,0,0,1
1,0,0,0,1
1,0,0,0,1
1,0,0,0,1
1,0,0,0,1
1,0,0,0,1
1,0,0,0,1
1,0,0,0,1
1,0,0,0,1
1,0,0,0,1
1,0,0,0,1
1,0,0,0,1
1,0,0,0,1
1,0,0,0,1
1,0,0,0,1
1,0,0,0,1
1,0,0,0,1
2,0,0,0,2
1,0,0,0,1
1,0,0,0,1
1,0,0,0,1
1,0,0,0,1
1,0,0,0,1
1,0,0,0,1
1,0,0,0,1
1,0,0,0,1
1,0,0,0,1
1,0,0,0,1
1,0,0,0,1
1,0,0,0,1
1,0,0,0,1
1,0,0,0,1
1,0,0,0,1
1,0,0,0,1
1,0,0,0,1
1,0,0,0,1
1,0,0,0,1
2,0,0,0,2
1,0,0,0,1
1,0,0,0,1
1,0,0,0,1
1,0,0,0,1
1,0,0,0,1
1,0,0,0,1
1,0,0,0,1
1,0,0,0,1
1,0,0,0,1
1,0,0,0,1
2,1,1,0,4
1,0,0,0,1
1,0,0,0,1
1,0,0,0,1
1,0,0,0,1
1,0,0,0,1
1,0,0,0,1
1,0,0,0,1
1,0,0,0,1
1,0,0,0,1
1,0,0,0,1
1,0,0,0,1
2,3,0,0,5
1,5,0,0,6
1,0,0,0,1
1,0,0,0,1
1,0,0,0,1
1,0,0,0,1
1,0,0,0,1
1,0,0,0,1
1,0,0,0,1
1,0,0,0,1
1,0,0,0,1
1,0,0,0,1
1,0,0,0,1
1,0,0,0,1
1,0,0,0,1
1,0,0,0,1
1,0,0,0,1
1,0,0,0,1
1,0,0,0,1
1,0,0,0,1
1,0,0,0,1
1,0,0,0,1
1,0,0,0,1
1,0,0,0,1
2,0,0,0,2
1,0,0,0,1
1,0,0,0,1
1,0,0,0,1
1,0,0,0,1
1,0,0,0,1
1,0,0,0,1
1,0,0,0,1
1,0,0,0,1
1,0,0,0,1
1,0,0,0,1
3,0,0,0,3
1,0,0,0,1
1,0,0,0,1
1,0,0,0,1
2,0,0,0,2
1,0,0,0,1
1,0,0,0,1
1,0,0,0,1
1,0,0,0,1
1,0,0,0,1
1,2,1,0,4
1,0,0,0,1
1,0,0,0,1
1,0,0,0,1
1,0,0,0,1
1,0,0,0,1
1,0,0,0,1
1,0,0,0,1
1,0,0,0,1
2,0,0,0,2
1,0,0,0,1
1,0,0,0,1
1,0,0,0,1
1,0,0,0,1
1,0,0,0,1
1,0,0,0,1
1,0,0,0,1
1,0,0,0,1
1,0,0,0,1
1,0,0,0,1
1,0,0,0,1
1,0,0,0,1
1,0,0,0,1
1,0,0,0,1
1,11,0,0,12
1,0,0,0,1
1,0,0,0,1
1,0,0,0,1
1,0,0,0,1
1,0,0,0,1
1,0,0,0,1
1,0,0,0,1
1,0,0,0,1
1,0,0,0,1
1,0,0,0,1
1,0,0,0,1
1,0,0,0,1
1,0,0,0,1
1,0,0,0,1
1,0,0,0,1
1,0,0,0,1
1,0,0,0,1
1,0,0,0,1
1,0,0,0,1
1,0,0,0,1
1,3,0,0,4
1,0,0,0,1
1,0,0,0,1
1,0,0,0,1
1,0,0,0,1
1,0,0,0,1
1,0,0,0,1
1,2,0,0,3
1,0,0,0,1
1,0,0,0,1
1,0,0,0,1
1,0,0,0,1
1,0,0,0,1
1,0,0,0,1
1,0,0,0,1
1,0,0,0,1
1,0,0,0,1
1,0,0,0,1
1,0,0,0,1
1,0,0,0,1
1,0,0,0,1
1,0,0,0,1
2,0,0,0,2
1,0,0,0,1
1,0,0,0,1
1,0,0,0,1
1,0,0,0,1
1,0,0,0,1
1,0,0,0,1
1,0,0,0,1
1,0,0,0,1
1,0,0,0,1
1,0,0,0,1
1,0,0,0,1
1,0,0,0,1
1,0,0,0,1
1,0,0,0,1
2,0,0,0,2
1,0,0,0,1
1,0,0,0,1
1,0,0,0,1
2,0,0,0,2
1,1,0,0,2
1,0,0,0,1
2,0,0,0,2
1,0,0,0,1
1,0,0,0,1
1,0,0,0,1
1,0,0,0,1
2,0,0,0,2
2,0,0,0,2
1,0,0,0,1
1,0,0,0,1
1,0,0,0,1
1,0,0,0,1
1,0,0,0,1
1,0,0,0,1
1,0,0,0,1
1,0,0,0,1
1,0,0,0,1
1,0,0,0,1
1,0,0,0,1
1,0,0,0,1
1,0,0,0,1
1,0,0,0,1
1,0,0,0,1
1,0,0,0,1
1,0,0,0,1
1,0,0,0,1
1,0,0,0,1
1,0,0,0,1
1,0,0,0,1
3,0,0,0,3
1,0,0,0,1
1,0,0,0,1
1,0,0,0,1
1,0,0,0,1
1,0,0,0,1
1,0,0,0,1
1,0,0,0,1
1,0,0,0,1
1,0,0,0,1
1,0,0,0,1
1,0,0,0,1
1,0,0,0,1
1,0,0,0,1
1,0,0,0,1
1,0,0,0,1
1,0,0,0,1
1,0,0,0,1
1,0,0,0,1
2,0,0,0,2
1,0,0,0,1
1,0,0,0,1
1,0,0,0,1
1,0,0,0,1
1,0,0,0,1
1,0,0,0,1
2,0,0,0,2
1,0,0,0,1
1,0,0,0,1
1,0,0,0,1
1,0,0,0,1
1,0,0,0,1
1,0,0,0,1
1,0,0,0,1
1,16,0,0,17
1,0,0,0,1
1,0,0,0,1
1,0,0,0,1
1,0,0,0,1
1,0,0,0,1
1,0,0,0,1
1,0,0,0,1
1,0,0,0,1
1,0,0,0,1
1,0,0,0,1
1,0,0,0,1
1,0,0,0,1
1,0,0,0,1
1,0,0,0,1
1,0,0,0,1
1,0,0,0,1
1,0,0,0,1
1,0,0,0,1
1,0,0,0,1
1,0,0,0,1
1,0,0,0,1
1,0,0,0,1
1,0,0,0,1
1,0,0,0,1
1,0,0,0,1
1,0,0,0,1
1,0,0,0,1
1,0,0,0,1
1,0,0,0,1
1,0,0,0,1
1,0,0,0,1
1,0,0,0,1
1,0,0,0,1
1,0,0,0,1
1,0,0,0,1
1,0,0,0,1
1,0,0,0,1
1,0,0,0,1
1,0,0,0,1
1,0,0,0,1
1,1,0,0,2
3,0,0,0,3
1,0,0,0,1
1,0,0,0,1
1,0,0,0,1
1,0,0,0,1
1,0,0,0,1
2,0,0,0,2
1,0,0,0,1
1,0,0,0,1
1,0,0,0,1
1,0,0,0,1
1,0,0,0,1
1,0,0,0,1
1,0,0,0,1
1,0,0,0,1
1,0,0,0,1
1,0,0,0,1
1,0,0,0,1
1,0,0,0,1
1,0,0,0,1
1,0,0,0,1
1,0,0,0,1
1,0,0,0,1
1,0,0,0,1
1,0,0,0,1
1,0,0,0,1
1,0,0,0,1
1,0,0,0,1
1,0,0,0,1
1,0,0,0,1
2,0,0,0,2
1,0,0,0,1
1,0,0,0,1
1,0,0,0,1
1,0,0,0,1
2,0,0,0,2
2,0,0,0,2
1,0,0,0,1
1,0,0,0,1
1,0,0,0,1
1,0,0,0,1
1,0,0,0,1
1,0,0,0,1
1,0,0,0,1
1,0,0,0,1
2,0,0,0,2
1,0,0,0,1
2,0,0,0,2
1,0,0,0,1
1,0,0,0,1
1,0,0,0,1
1,0,0,0,1
1,0,0,0,1
1,0,0,0,1
1,0,0,0,1
1,0,0,0,1
1,0,0,0,1
1,0,0,0,1
1,0,0,0,1
1,0,0,0,1
1,0,0,0,1
1,0,0,0,1
1,0,0,0,1
1,0,0,0,1
1,0,0,0,1
1,0,0,0,1
1,0,0,0,1
1,0,0,0,1
1,0,0,0,1
1,0,0,0,1
1,0,0,0,1
1,0,0,0,1
1,0,0,0,1
1,0,0,0,1
1,1,1,0,3
1,0,0,0,1
1,0,0,0,1
1,0,0,0,1
1,0,0,0,1
1,0,0,0,1
1,0,0,0,1
2,0,0,0,2
1,0,0,0,1
1,0,0,0,1
1,0,0,0,1
1,0,0,0,1
1,0,0,0,1
1,0,0,0,1
1,0,0,0,1
1,0,0,0,1
1,0,0,0,1
1,0,0,0,1
1,0,0,0,1
1,0,0,0,1
1,0,0,0,1
1,0,0,0,1
2,0,0,0,2
1,0,0,0,1
1,25,4,0,30
1,0,0,0,1
1,0,0,0,1
1,0,0,0,1
1,0,0,0,1
1,0,0,0,1
1,0,0,0,1
1,0,0,0,1
1,0,0,0,1
1,0,0,0,1
1,0,0,0,1
1,0,0,0,1
1,0,0,0,1
1,0,0,0,1
1,0,0,0,1
1,0,0,0,1
1,0,0,0,1
1,0,0,0,1
1,0,0,0,1
1,0,0,0,1
1,0,0,0,1
1,0,0,0,1
1,0,0,0,1
1,0,0,0,1
1,0,0,0,1
1,0,0,0,1
1,0,0,0,1
1,0,0,0,1
1,0,0,0,1
1,0,0,0,1
1,0,0,0,1
1,0,0,0,1
1,0,0,0,1
1,0,0,0,1
2,0,0,0,2
1,0,0,0,1
1,0,0,0,1
1,0,0,0,1
1,0,0,0,1
1,0,0,0,1
1,0,0,0,1
1,0,0,0,1
1,0,0,0,1
1,0,0,0,1
1,0,0,0,1
1,0,0,0,1
1,0,0,0,1
1,0,0,0,1
1,0,0,0,1
1,0,0,0,1
1,0,0,0,1
1,0,0,0,1
1,3,0,0,4
2,0,0,0,2
2,4,0,0,6
1,0,0,0,1
1,0,0,0,1
1,0,0,0,1
1,0,0,0,1
1,0,0,0,1
1,0,0,0,1
1,0,0,0,1
1,0,0,0,1
1,0,0,0,1
1,0,0,0,1
1,0,0,0,1
1,0,0,0,1
1,0,0,0,1
1,0,0,0,1
1,0,0,0,1
1,0,0,0,1
1,0,0,0,1
1,0,0,0,1
1,0,0,0,1
1,0,0,0,1
1,0,0,0,1
1,0,0,0,1
1,0,0,0,1
1,0,0,0,1
1,0,0,0,1
1,0,0,0,1
1,0,0,0,1
1,0,0,0,1
1,0,0,0,1
1,0,0,0,1
1,0,0,0,1
1,0,0,0,1
1,0,0,0,1
1,0,0,0,1
1,0,0,0,1
1,0,0,0,1
1,0,0,0,1
1,0,0,0,1
1,0,0,0,1
1,0,0,0,1
1,0,0,0,1
1,0,0,0,1
1,0,0,0,1
1,0,0,0,1
1,0,0,0,1
1,2,0,0,3
2,0,0,0,2
1,0,0,0,1
1,0,0,0,1
1,0,0,0,1
1,0,0,0,1
1,0,0,0,1
1,0,0,0,1
1,0,0,0,1
1,0,0,0,1
1,0,0,0,1
1,0,0,0,1
1,0,0,0,1
1,0,0,0,1
1,0,0,0,1
1,0,0,0,1
1,8,0,0,9
1,0,0,0,1
1,0,0,0,1
1,0,0,0,1
1,0,0,0,1
1,0,0,0,1
1,0,0,0,1
1,0,0,0,1
1,0,0,0,1
1,0,0,0,1
1,0,0,0,1
1,0,0,0,1
1,0,0,0,1
2,0,0,0,2
1,0,0,0,1
1,1,0,0,2
1,0,0,0,1
2,0,0,0,2
1,0,0,0,1
1,0,0,0,1
2,0,0,0,2
1,0,0,0,1
1,0,0,0,1
1,7,0,0,8
1,0,0,0,1
1,0,0,0,1
1,0,0,0,1
1,0,0,0,1
1,0,0,0,1
1,0,0,0,1
1,2,1,0,4
1,6,0,0,7
1,0,0,0,1
1,0,0,0,1
1,0,0,0,1
1,0,0,0,1
1,1,0,0,2
1,0,0,0,1
1,1,0,0,2
1,0,0,0,1
1,0,0,0,1
1,0,0,0,1
1,0,0,0,1
1,0,0,0,1
1,0,0,0,1
1,0,0,0,1
1,0,0,0,1
1,0,0,0,1
1,0,0,0,1
1,0,0,0,1
1,0,0,0,1
1,0,0,0,1
1,0,0,0,1
1,0,0,0,1
1,0,0,0,1
1,0,0,0,1
1,0,0,0,1
1,0,0,0,1
1,0,0,0,1
1,0,0,0,1
1,0,0,0,1
1,0,0,0,1
1,0,0,0,1
1,0,0,0,1
1,0,0,0,1
1,0,0,0,1
1,0,0,0,1
2,0,0,0,2
1,0,0,0,1
1,0,0,0,1
1,0,0,0,1
1,0,0,0,1
1,0,0,0,1
1,0,0,0,1
1,0,0,0,1
1,0,0,0,1
1,0,0,0,1
1,0,0,0,1
1,0,0,0,1
1,0,0,0,1
1,0,0,0,1
1,0,0,0,1
1,0,0,0,1
1,0,0,0,1
1,0,0,0,1
1,0,0,0,1
1,0,0,0,1
1,0,0,0,1
1,0,0,0,1
1,0,0,0,1
1,0,0,0,1
1,0,0,0,1
1,0,0,0,1
1,5,0,0,6
1,0,0,0,1
1,0,0,0,1
1,0,0,0,1
1,0,0,0,1
1,0,0,0,1
1,0,0,0,1
1,0,0,0,1
1,0,0,0,1
1,0,0,0,1
1,0,0,0,1
1,0,0,0,1
1,0,0,0,1
1,0,0,0,1
1,0,0,0,1
1,0,0,0,1
1,0,0,0,1
1,0,0,0,1
1,0,0,0,1
1,0,0,0,1
1,0,0,0,1
1,0,0,0,1
1,0,0,0,1
1,0,0,0,1
1,0,0,0,1
1,0,0,0,1
1,0,0,0,1
1,0,0,0,1
1,0,0,0,1
1,0,0,0,1
1,0,0,0,1
1,0,0,0,1
1,0,0,0,1
1,0,0,0,1
1,0,0,0,1
1,0,0,0,1
1,0,0,0,1
1,0,0,0,1
1,0,0,0,1
1,0,0,0,1
1,1,0,0,2
1,0,0,0,1
1,0,0,0,1
1,0,0,0,1
1,0,0,0,1
1,0,0,0,1
1,0,0,0,1
1,0,0,0,1
2,50,1,0,53
1,0,0,0,1
1,0,0,0,1
1,0,0,0,1
1,0,0,0,1
1,0,0,0,1
1,0,0,0,1
1,0,0,0,1
1,0,0,0,1
1,0,0,0,1
1,0,0,0,1
1,0,0,0,1
1,2,0,0,3
1,0,0,0,1
1,0,0,0,1
1,0,0,0,1
1,0,0,0,1
1,0,0,0,1
1,0,0,0,1
1,1,0,0,2
1,0,0,0,1
1,0,0,0,1
1,2,1,0,4
3,4,1,0,8
1,0,0,0,1
1,0,0,0,1
1,0,0,0,1
1,1,0,0,2
1,0,0,0,1
1,0,0,0,1
1,0,0,0,1
1,0,0,0,1
1,0,0,0,1
3,0,0,0,3
1,0,0,0,1
2,0,0,0,2
1,0,0,0,1
1,0,0,0,1
1,0,0,0,1
1,0,0,0,1
1,0,0,0,1
1,0,0,0,1
1,0,0,0,1
1,0,0,0,1
1,0,0,0,1
1,0,0,0,1
1,0,0,0,1
1,0,0,0,1
1,0,0,0,1
1,0,0,0,1
1,1,0,0,2
1,0,0,0,1
1,0,0,0,1
1,0,0,0,1
1,0,0,0,1
1,0,0,0,1
1,0,0,0,1
1,0,0,0,1
1,0,0,0,1
1,0,0,0,1
1,0,0,0,1
1,0,0,0,1
1,7,0,0,8
1,0,0,0,1
1,0,0,0,1
1,0,0,0,1
1,0,0,0,1
1,0,0,0,1
1,0,0,0,1
1,0,0,0,1
1,0,0,0,1
1,1,0,0,2
1,1,1,0,3
1,0,0,0,1
1,0,0,0,1
1,0,0,0,1
1,0,0,0,1
1,0,0,0,1
1,0,0,0,1
1,0,0,0,1
1,0,0,0,1
1,0,0,0,1
1,0,0,0,1
1,0,0,0,1
1,0,0,0,1
1,0,0,0,1
1,0,0,0,1
3,0,0,0,3
1,0,0,0,1
1,0,0,0,1
1,0,0,0,1
1,0,0,0,1
1,0,0,0,1
1,0,0,0,1
3,0,0,0,3
1,0,0,0,1
1,0,0,0,1
1,0,0,0,1
1,0,0,0,1
1,0,0,0,1
1,0,0,0,1
1,0,0,0,1
1,14,1,0,16
1,0,0,0,1
1,0,0,0,1
1,0,0,0,1
1,0,0,0,1
1,0,0,0,1
1,0,0,0,1
1,0,0,0,1
1,0,0,0,1
2,0,0,0,2
1,0,0,0,1
1,0,0,0,1
1,0,0,0,1
1,0,0,0,1
1,0,0,0,1
1,0,0,0,1
1,0,0,0,1
1,0,0,0,1
1,0,0,0,1
1,0,0,0,1
1,0,0,0,1
1,0,0,0,1
1,0,0,0,1
1,0,0,0,1
1,0,0,0,1
1,0,0,0,1
1,0,0,0,1
1,0,0,0,1
1,0,0,0,1
1,0,0,0,1
1,0,0,0,1
1,0,0,0,1
2,0,0,0,2
1,2,0,0,3
1,0,0,0,1
1,0,0,0,1
1,0,0,0,1
1,0,0,0,1
1,0,0,0,1
1,0,0,0,1
1,0,0,0,1
1,0,0,0,1
1,0,0,0,1
1,0,0,0,1
1,0,0,0,1
1,0,0,0,1
1,0,0,0,1
1,64,0,0,65
1,0,0,0,1
1,0,0,0,1
1,0,0,0,1
1,0,0,0,1
1,0,0,0,1
1,0,0,0,1
1,0,0,0,1
2,0,0,0,2
1,0,0,0,1
1,0,0,0,1
1,0,0,0,1
1,0,0,0,1
1,0,0,0,1
1,4,0,0,5
1,0,0,0,1
1,3,1,0,5
1,0,0,0,1
1,0,0,0,1
1,0,0,0,1
1,0,0,0,1
1,0,0,0,1
1,0,0,0,1
1,0,0,0,1
1,0,0,0,1
1,0,0,0,1
1,0,0,0,1
1,0,0,0,1
1,0,0,0,1
1,0,0,0,1
1,0,0,0,1
1,0,0,0,1
1,4,0,0,5
1,0,0,0,1
1,0,0,0,1
1,0,0,0,1
2,0,0,0,2
1,0,0,0,1
1,0,0,0,1
1,0,0,0,1
1,0,0,0,1
1,0,0,0,1
1,0,0,0,1
1,0,0,0,1
1,0,0,0,1
1,0,0,0,1
1,0,0,0,1
1,0,0,0,1
1,0,0,0,1
1,0,0,0,1
1,0,0,0,1
3,0,0,0,3
1,0,0,0,1
1,0,0,0,1
1,0,0,0,1
1,0,0,0,1
1,0,0,0,1
1,0,0,0,1
1,0,0,0,1
2,0,0,0,2
1,0,0,0,1
1,0,0,0,1
1,0,0,0,1
2,0,0,0,2
1,0,0,0,1
1,0,0,0,1
1,0,0,0,1
1,0,0,0,1
1,0,0,0,1
1,0,0,0,1
1,0,0,0,1
1,0,0,0,1
1,0,0,0,1
1,0,0,0,1
1,0,0,0,1
1,0,0,0,1
1,0,0,0,1
1,0,0,0,1
1,0,0,0,1
1,0,0,0,1
1,0,0,0,1
1,0,0,0,1
1,0,0,0,1
1,0,0,0,1
1,0,0,0,1
1,0,0,0,1
1,0,0,0,1
1,0,0,0,1
1,0,0,0,1
1,0,0,0,1
1,0,0,0,1
1,0,0,0,1
1,0,0,0,1
1,0,0,0,1
1,0,0,0,1
1,0,0,0,1
1,0,0,0,1
1,0,0,0,1
1,0,0,0,1
1,0,0,0,1
1,0,0,0,1
1,0,0,0,1
1,0,0,0,1
1,0,0,0,1
2,0,0,0,2
1,0,0,0,1
1,0,0,0,1
1,0,0,0,1
1,0,0,0,1
1,0,0,0,1
1,0,0,0,1
3,1,0,0,4
1,0,0,0,1
1,0,0,0,1
1,0,0,0,1
1,0,0,0,1
1,0,0,0,1
1,0,0,0,1
1,0,0,0,1
1,0,0,0,1
1,0,0,0,1
2,0,0,0,2
1,0,0,0,1
1,0,0,0,1
1,0,0,0,1
1,0,0,0,1
1,0,0,0,1
2,0,0,0,2
1,0,0,0,1
1,0,0,0,1
1,0,0,0,1
1,0,0,0,1
1,0,0,0,1
1,0,0,0,1
1,0,0,0,1
1,0,0,0,1
1,0,0,0,1
1,0,0,0,1
1,0,0,0,1
1,0,0,0,1
1,0,0,0,1
1,0,0,0,1
1,0,0,0,1
1,0,0,0,1
1,0,0,0,1
1,0,0,0,1
1,0,0,0,1
1,0,0,0,1
1,0,0,0,1
1,0,0,0,1
1,0,0,0,1
1,0,0,0,1
1,0,0,0,1
1,0,0,0,1
1,0,0,0,1
1,0,0,0,1
1,0,0,0,1
1,0,0,0,1
1,0,0,0,1
2,0,0,0,2
1,0,0,0,1
1,0,0,0,1
1,485,1,0,487
1,0,0,0,1
1,0,0,0,1
1,0,0,0,1
1,0,0,0,1
1,0,0,0,1
1,0,0,0,1
1,0,0,0,1
1,0,0,0,1
1,0,0,0,1
1,0,0,0,1
1,0,0,0,1
1,0,0,0,1
1,0,0,0,1
1,0,0,0,1
1,0,0,0,1
1,0,0,0,1
1,0,0,0,1
1,0,0,0,1
1,0,0,0,1
1,0,0,0,1
1,0,0,0,1
1,0,0,0,1
1,0,0,0,1
1,0,0,0,1
1,0,0,0,1
1,0,0,0,1
1,0,0,0,1
1,0,0,0,1
1,0,0,0,1
1,0,0,0,1
1,0,0,0,1
1,0,0,0,1
1,0,0,0,1
1,0,0,0,1
1,0,0,0,1
1,0,0,0,1
1,0,0,0,1
1,0,0,0,1
1,0,0,0,1
1,0,0,0,1
1,0,0,0,1
1,0,0,0,1
1,0,0,0,1
1,0,0,0,1
1,0,0,0,1
1,0,0,0,1
1,0,0,0,1
1,0,0,0,1
1,0,0,0,1
1,0,0,0,1
1,0,0,0,1
1,0,0,0,1
1,0,0,0,1
2,36,0,0,38
1,0,0,0,1
1,0,0,0,1
1,0,0,0,1
1,0,0,0,1
1,0,0,0,1
1,0,0,0,1
1,0,0,0,1
1,0,0,0,1
1,0,0,0,1
1,0,0,0,1
1,0,0,0,1
2,0,0,0,2
1,0,0,0,1
1,0,0,0,1
1,0,0,0,1
1,0,0,0,1
1,0,0,0,1
1,0,0,0,1
1,0,0,0,1
1,1,1,0,3
1,0,0,0,1
1,0,0,0,1
1,0,0,0,1
1,0,0,0,1
1,0,0,0,1
1,0,0,0,1
1,0,0,0,1
1,0,0,0,1
1,0,0,0,1
1,0,0,0,1
1,0,0,0,1
1,0,0,0,1
1,0,0,0,1
1,2,0,0,3
1,0,0,0,1
1,0,0,0,1
1,0,0,0,1
1,0,0,0,1
1,0,0,0,1
1,0,0,0,1
1,0,0,0,1
1,0,0,0,1
2,0,0,0,2
1,0,0,0,1
1,0,0,0,1
1,0,0,0,1
1,0,0,0,1
1,0,0,0,1
1,0,0,0,1
1,0,0,0,1
1,0,0,0,1
1,0,0,0,1
1,0,0,0,1
1,0,0,0,1
1,0,0,0,1
1,0,0,0,1
1,0,0,0,1
1,0,0,0,1
1,0,0,0,1
1,0,0,0,1
1,0,0,0,1
1,0,0,0,1
1,0,0,0,1
1,0,0,0,1
1,0,0,0,1
1,0,0,0,1
1,0,0,0,1
1,0,0,0,1
1,0,0,0,1
1,0,0,0,1
1,0,0,0,1
1,0,0,0,1
1,0,0,0,1
1,0,0,0,1
1,0,0,0,1
1,0,0,0,1
2,0,0,0,2
1,0,0,0,1
1,0,0,0,1
1,0,0,0,1
1,0,0,0,1
1,0,0,0,1
1,0,0,0,1
1,0,0,0,1
1,1,0,0,2
1,0,0,0,1
1,0,0,0,1
1,0,0,0,1
1,0,0,0,1
2,0,0,0,2
1,0,0,0,1
1,0,0,0,1
1,0,0,0,1
1,0,0,0,1
1,0,0,0,1
1,0,0,0,1
1,0,0,0,1
1,0,0,0,1
1,0,0,0,1
1,1,0,0,2
1,0,0,0,1
1,0,0,0,1
1,0,0,0,1
1,0,0,0,1
1,0,0,0,1
1,0,0,0,1
1,0,0,0,1
1,1,0,0,2
1,0,0,0,1
1,0,0,0,1
1,0,0,0,1
2,0,0,0,2
1,0,0,0,1
1,0,0,0,1
1,0,0,0,1
1,0,0,0,1
1,0,0,0,1
1,0,0,0,1
1,0,0,0,1
1,0,0,0,1
1,0,0,0,1
1,0,0,0,1
1,0,0,0,1
1,0,0,0,1
1,0,0,0,1
1,0,0,0,1
1,0,0,0,1
1,5,0,0,6
1,0,0,0,1
1,0,0,0,1
1,0,0,0,1
1,0,0,0,1
1,0,0,0,1
1,0,0,0,1
1,0,0,0,1
1,0,0,0,1
1,0,0,0,1
1,0,0,0,1
1,0,0,0,1
1,0,0,0,1
1,0,0,0,1
1,0,0,0,1
1,0,0,0,1
1,0,0,0,1
1,0,0,0,1
1,0,0,0,1
1,0,0,0,1
1,0,0,0,1
1,0,0,0,1
1,0,0,0,1
1,0,0,0,1
1,0,0,0,1
1,0,0,0,1
1,0,0,0,1
1,0,0,0,1
1,0,0,0,1
1,0,0,0,1
1,0,0,0,1
1,0,0,0,1
1,0,0,0,1
1,0,0,0,1
1,0,0,0,1
1,0,0,0,1
2,0,0,0,2
1,0,0,0,1
1,0,0,0,1
1,0,0,0,1
2,0,0,0,2
1,0,0,0,1
1,0,0,0,1
1,0,0,0,1
1,0,0,0,1
1,2,1,0,4
1,0,0,0,1
1,0,0,0,1
2,0,0,0,2
1,0,0,0,1
1,0,0,0,1
1,0,0,0,1
1,0,0,0,1
1,0,0,0,1
1,0,0,0,1
1,0,0,0,1
1,0,0,0,1
3,0,0,0,3
1,0,0,0,1
1,0,0,0,1
1,0,0,0,1
1,0,0,0,1
1,0,0,0,1
1,0,0,0,1
1,0,0,0,1
1,0,0,0,1
1,0,0,0,1
1,0,0,0,1
1,0,0,0,1
1,0,0,0,1
1,0,0,0,1
1,0,0,0,1
1,0,0,0,1
1,0,0,0,1
1,0,0,0,1
1,0,0,0,1
1,0,0,0,1
1,0,0,0,1
1,0,0,0,1
1,0,0,0,1
1,0,0,0,1
1,0,0,0,1
1,0,0,0,1
1,0,0,0,1
1,0,0,0,1
1,0,0,0,1
1,6,0,0,7
1,0,0,0,1
1,0,0,0,1
1,0,0,0,1
1,0,0,0,1
2,0,0,0,2
1,0,0,0,1
1,0,0,0,1
1,0,0,0,1
1,0,0,0,1
1,0,0,0,1
1,0,0,0,1
1,2,0,0,3
1,0,0,0,1
1,0,0,0,1
1,0,0,0,1
1,0,0,0,1
1,0,0,0,1
1,0,0,0,1
1,0,0,0,1
1,0,0,0,1
1,0,0,0,1
1,0,0,0,1
1,0,0,0,1
1,0,0,0,1
1,0,0,0,1
1,0,0,0,1
1,0,0,0,1
1,0,0,0,1
1,0,0,0,1
1,0,0,0,1
1,0,0,0,1
1,0,0,0,1
1,0,0,0,1
1,0,0,0,1
1,0,0,0,1
1,0,0,0,1
1,0,0,0,1
1,0,0,0,1
1,0,0,0,1
1,0,0,0,1
1,0,0,0,1
1,0,0,0,1
1,0,0,0,1
1,0,0,0,1
1,0,0,0,1
1,0,0,0,1
2,0,0,0,2
1,0,0,0,1
1,0,0,0,1
1,0,0,0,1
1,0,0,0,1
1,0,0,0,1
1,172,0,0,173
1,0,0,0,1
2,6,0,0,8
1,0,0,0,1
1,0,0,0,1
1,0,0,0,1
1,0,0,0,1
3,0,0,0,3
1,0,0,0,1
1,0,0,0,1
1,1,1,0,3
1,0,0,0,1
1,0,0,0,1
1,0,0,0,1
1,0,0,0,1
2,0,0,0,2
1,0,0,0,1
1,0,0,0,1
1,0,0,0,1
1,0,0,0,1
1,0,0,0,1
1,0,0,0,1
1,0,0,0,1
1,0,0,0,1
1,0,0,0,1
1,0,0,0,1
1,0,0,0,1
1,0,0,0,1
1,0,0,0,1
1,0,0,0,1
1,14,0,0,15
1,0,0,0,1
1,0,0,0,1
1,0,0,0,1
1,0,0,0,1
1,0,0,0,1
1,0,0,0,1
1,0,0,0,1
1,0,0,0,1
1,0,0,0,1
1,0,0,0,1
1,0,0,0,1
1,0,0,0,1
1,0,0,0,1
1,3,0,0,4
1,0,0,0,1
1,0,0,0,1
1,0,0,0,1
1,0,0,0,1
1,0,0,0,1
1,0,0,0,1
1,0,0,0,1
1,0,0,0,1
1,0,0,0,1
2,0,0,0,2
1,0,0,0,1
1,0,0,0,1
1,0,0,0,1
1,0,0,0,1
1,0,0,0,1
1,0,0,0,1
1,0,0,0,1
2,0,0,0,2
1,0,0,0,1
1,0,0,0,1
1,0,0,0,1
1,0,0,0,1
1,0,0,0,1
1,0,0,0,1
1,0,0,0,1
1,0,0,0,1
1,0,0,0,1
1,0,0,0,1
1,0,0,0,1
1,0,0,0,1
1,0,0,0,1
1,2,0,0,3
1,0,0,0,1
1,0,0,0,1
1,0,0,0,1
1,0,0,0,1
1,0,0,0,1
1,0,0,0,1
1,0,0,0,1
1,0,0,0,1
1,0,0,0,1
1,0,0,0,1
1,0,0,0,1
1,0,0,0,1
1,0,0,0,1
1,3,0,0,4
1,0,0,0,1
1,0,0,0,1
1,0,0,0,1
1,0,0,0,1
1,0,0,0,1
1,0,0,0,1
1,0,0,0,1
1,0,0,0,1
1,0,0,0,1
1,0,0,0,1
1,0,0,0,1
1,0,0,0,1
1,0,0,0,1
1,0,0,0,1
1,0,0,0,1
1,0,0,0,1
2,0,0,0,2
1,0,0,0,1
1,0,0,0,1
1,0,0,0,1
1,0,0,0,1
1,0,0,0,1
1,0,0,0,1
1,0,0,0,1
1,0,0,0,1
1,0,0,0,1
1,0,0,0,1
1,0,0,0,1
1,0,0,0,1
1,2,0,0,3
1,0,0,0,1
2,0,0,0,2
1,0,0,0,1
1,0,0,0,1
1,0,0,0,1
1,0,0,0,1
1,0,0,0,1
1,0,0,0,1
1,0,0,0,1
1,0,0,0,1
1,0,0,0,1
1,0,0,0,1
1,0,0,0,1
1,0,0,0,1
1,0,0,0,1
1,0,0,0,1
1,0,0,0,1
1,0,0,0,1
2,2,0,0,4
1,0,0,0,1
1,0,0,0,1
1,0,0,0,1
2,0,0,0,2
1,0,0,0,1
1,0,0,0,1
1,0,0,0,1
1,0,0,0,1
1,0,0,0,1
1,24,1,0,26
1,0,0,0,1
1,0,0,0,1
1,0,0,0,1
1,0,0,0,1
1,0,0,0,1
1,0,0,0,1
1,0,0,0,1
1,0,0,0,1
1,0,0,0,1
1,0,0,0,1
1,0,0,0,1
1,0,0,0,1
1,0,0,0,1
1,0,0,0,1
1,0,0,0,1
1,0,0,0,1
1,0,0,0,1
1,0,0,0,1
1,0,0,0,1
1,0,0,0,1
1,0,0,0,1
1,0,0,0,1
1,0,0,0,1
1,0,0,0,1
1,0,0,0,1
1,0,0,0,1
1,0,0,0,1
1,0,0,0,1
1,0,0,0,1
1,0,0,0,1
1,0,0,0,1
2,0,0,0,2
1,0,0,0,1
1,0,0,0,1
1,0,0,0,1
1,0,0,0,1
1,0,0,0,1
1,0,0,0,1
1,225,0,0,226
1,0,0,0,1
1,0,0,0,1
1,0,0,0,1
1,0,0,0,1
1,0,0,0,1
1,0,0,0,1
1,0,0,0,1
1,0,0,0,1
1,0,0,0,1
1,0,0,0,1
1,0,0,0,1
1,0,0,0,1
1,0,0,0,1
1,0,0,0,1
1,0,0,0,1
1,0,0,0,1
1,0,0,0,1
1,0,0,0,1
1,0,0,0,1
1,0,0,0,1
1,0,0,0,1
1,0,0,0,1
1,0,0,0,1
1,0,0,0,1
1,0,0,0,1
1,0,0,0,1
1,0,0,0,1
1,0,0,0,1
1,0,0,0,1
1,0,0,0,1
1,0,0,0,1
2,0,0,0,2
1,0,0,0,1
1,0,0,0,1
1,0,0,0,1
1,0,0,0,1
1,0,0,0,1
1,0,0,0,1
1,0,0,0,1
1,0,0,0,1
1,0,0,0,1
1,0,0,0,1
1,0,0,0,1
1,0,0,0,1
1,1,1,0,3
1,2,0,0,3
1,0,0,0,1
1,0,0,0,1
1,0,0,0,1
1,0,0,0,1
1,0,0,0,1
1,1,0,0,2
1,0,0,0,1
1,0,0,0,1
1,0,0,0,1
1,0,0,0,1
1,0,0,0,1
1,17,0,0,18
1,0,0,0,1
2,0,0,0,2
1,0,0,0,1
1,0,0,0,1
1,0,0,0,1
1,0,0,0,1
1,0,0,0,1
1,0,0,0,1
1,0,0,0,1
1,22,0,0,23
1,0,0,0,1
1,0,0,0,1
1,0,0,0,1
2,0,0,0,2
1,0,0,0,1
1,0,0,0,1
1,0,0,0,1
1,0,0,0,1
1,0,0,0,1
1,0,0,0,1
1,0,0,0,1
1,0,0,0,1
1,0,0,0,1
1,0,0,0,1
1,0,0,0,1
1,0,0,0,1
1,6,0,0,7
1,0,0,0,1
1,0,0,0,1
1,0,0,0,1
1,0,0,0,1
1,0,0,0,1
2,0,0,0,2
1,0,0,0,1
2,0,0,0,2
1,0,0,0,1
1,0,0,0,1
1,0,0,0,1
1,0,0,0,1
1,0,0,0,1
1,0,0,0,1
1,0,0,0,1
1,0,0,0,1
1,0,0,0,1
1,2,0,0,3
1,0,0,0,1
1,0,0,0,1
1,0,0,0,1
1,0,0,0,1
1,0,0,0,1
1,0,2,0,3
1,0,0,0,1
1,0,0,0,1
1,0,0,0,1
1,0,0,0,1
1,0,0,0,1
1,0,0,0,1
1,0,0,0,1
1,0,0,0,1
1,0,0,0,1
1,0,0,0,1
1,0,0,0,1
1,0,0,0,1
1,0,0,0,1
1,0,0,0,1
1,0,0,0,1
1,0,0,0,1
1,0,0,0,1
1,0,0,0,1
2,0,0,0,2
1,0,0,0,1
1,0,0,0,1
1,0,0,0,1
1,0,0,0,1
1,0,0,0,1
1,0,0,0,1
2,0,0,0,2
1,0,0,0,1
1,0,0,0,1
1,0,0,0,1
1,0,0,0,1
1,0,0,0,1
1,0,0,0,1
1,0,0,0,1
1,0,0,0,1
1,0,0,0,1
1,0,0,0,1
1,0,0,0,1
1,0,0,0,1
1,0,0,0,1
1,0,0,0,1
1,0,0,0,1
1,0,0,0,1
1,0,0,0,1
1,0,0,0,1
1,0,0,0,1
1,0,0,0,1
2,0,0,0,2
1,0,0,0,1
1,0,0,0,1
1,0,0,0,1
1,0,0,0,1
1,0,0,0,1
1,0,0,0,1
1,0,0,0,1
1,0,0,0,1
1,0,0,0,1
1,0,0,0,1
1,0,0,0,1
1,0,0,0,1
1,0,0,0,1
1,0,0,0,1
1,0,0,0,1
1,0,0,0,1
1,0,0,0,1
1,0,0,0,1
1,1,0,0,2
1,0,0,0,1
1,0,0,0,1
1,0,0,0,1
1,0,0,0,1
1,0,0,0,1
1,0,0,0,1
1,0,0,0,1
1,0,0,0,1
1,0,0,0,1
1,0,0,0,1
1,2,0,0,3
1,0,0,0,1
2,0,0,0,2
1,0,0,0,1
1,0,0,0,1
1,0,0,0,1
1,0,0,0,1
1,0,0,0,1
1,0,0,0,1
1,0,0,0,1
1,0,0,0,1
1,0,0,0,1
1,0,0,0,1
1,0,0,0,1
1,0,0,0,1
1,0,0,0,1
1,0,0,0,1
1,0,0,0,1
1,0,0,0,1
1,0,0,0,1
1,1,0,0,2
1,0,0,0,1
1,0,0,0,1
1,0,0,0,1
2,0,0,0,2
1,0,0,0,1
2,0,0,0,2
1,0,0,0,1
1,0,0,0,1
1,0,0,0,1
1,0,0,0,1
1,0,0,0,1
1,0,0,0,1
1,0,0,0,1
1,0,0,0,1
1,0,0,0,1
1,0,0,0,1
1,0,0,0,1
1,0,0,0,1
1,0,0,0,1
1,0,0,0,1
1,0,0,0,1
1,0,0,0,1
1,0,0,0,1
1,0,0,0,1
1,0,0,0,1
1,0,0,0,1
1,0,0,0,1
1,0,0,0,1
1,0,0,0,1
1,0,0,0,1
1,2,0,0,3
1,0,0,0,1
1,0,0,0,1
1,0,0,0,1
1,0,0,0,1
1,0,0,0,1
1,0,0,0,1
1,0,0,0,1
1,0,0,0,1
1,0,0,0,1
1,0,0,0,1
1,0,0,0,1
1,0,0,0,1
1,0,0,0,1
2,0,0,0,2
1,0,0,0,1
1,0,0,0,1
1,0,0,0,1
1,0,0,0,1
1,0,0,0,1
1,1,0,0,2
1,0,0,0,1
1,0,0,0,1
1,0,0,0,1
1,0,0,0,1
1,0,0,0,1
1,0,0,0,1
1,0,0,0,1
1,0,0,0,1
1,0,0,0,1
1,0,0,0,1
1,0,0,0,1
1,0,0,0,1
1,0,0,0,1
1,0,0,0,1
1,0,0,0,1
1,0,0,0,1
1,0,0,0,1
1,0,0,0,1
1,0,0,0,1
1,0,0,0,1
1,0,0,0,1
1,0,0,0,1
1,0,0,0,1
1,0,0,0,1
1,0,0,0,1
1,0,0,0,1
2,0,0,0,2
2,0,0,0,2
1,0,0,0,1
1,0,0,0,1
1,0,0,0,1
1,0,0,0,1
1,0,0,0,1
2,0,0,0,2
1,0,0,0,1
1,0,0,0,1
1,0,0,0,1
1,0,0,0,1
1,0,0,0,1
1,1,1,0,3
1,0,0,0,1
1,0,0,0,1
1,0,0,0,1
1,0,0,0,1
1,0,0,0,1
1,0,0,0,1
1,0,0,0,1
1,0,0,0,1
1,0,0,0,1
1,0,0,0,1
1,0,0,0,1
1,0,0,0,1
2,0,0,0,2
1,0,0,0,1
1,0,0,0,1
1,0,0,0,1
1,0,0,0,1
1,0,0,0,1
2,106,3,0,111
1,0,0,0,1
1,0,0,0,1
1,0,0,0,1
1,0,0,0,1
1,0,0,0,1
1,0,0,0,1
1,1,1,0,3
1,0,0,0,1
1,0,0,0,1
1,0,0,0,1
1,0,0,0,1
1,0,0,0,1
1,0,0,0,1
1,0,0,0,1
2,0,0,0,2
1,0,0,0,1
1,0,0,0,1
1,1,0,0,2
1,0,0,0,1
1,0,0,0,1
1,0,0,0,1
1,0,0,0,1
1,10,0,0,11
1,1,0,0,2
1,0,0,0,1
1,0,0,0,1
1,0,0,0,1
1,0,0,0,1
1,0,0,0,1
1,0,0,0,1
1,0,0,0,1
1,0,0,0,1
1,0,0,0,1
1,0,0,0,1
1,0,0,0,1
1,0,0,0,1
1,0,0,0,1
1,0,0,0,1
1,0,0,0,1
1,0,0,0,1
1,0,0,0,1
1,0,0,0,1
1,0,0,0,1
1,0,0,0,1
1,0,0,0,1
1,0,0,0,1
2,0,0,0,2
1,0,0,0,1
1,0,0,0,1
1,0,0,0,1
1,0,0,0,1
1,0,0,0,1
1,2,0,0,3
1,0,0,0,1
1,0,0,0,1
1,0,0,0,1
1,0,0,0,1
1,0,0,0,1
1,0,0,0,1
1,0,0,0,1
1,0,0,0,1
1,0,0,0,1
1,0,0,0,1
1,0,0,0,1
1,0,0,0,1
1,0,0,0,1
1,0,0,0,1
1,0,0,0,1
1,0,0,0,1
1,0,0,0,1
1,0,0,0,1
1,0,0,0,1
1,0,0,0,1
1,0,0,0,1
1,0,0,0,1
1,0,0,0,1
1,0,0,0,1
1,0,0,0,1
1,0,0,0,1
1,0,0,0,1
1,0,0,0,1
1,0,0,0,1
1,0,0,0,1
1,0,0,0,1
1,0,0,0,1
1,0,0,0,1
1,0,0,0,1
1,0,0,0,1
1,0,0,0,1
1,0,0,0,1
1,0,0,0,1
1,0,0,0,1
1,0,0,0,1
1,0,0,0,1
1,0,0,0,1
1,0,0,0,1
1,0,0,0,1
1,0,0,0,1
1,0,0,0,1
1,0,0,0,1
1,0,0,0,1
1,0,0,0,1
1,0,0,0,1
1,0,0,0,1
2,0,0,0,2
1,0,0,0,1
1,0,0,0,1
1,0,0,0,1
1,0,0,0,1
1,0,0,0,1
1,0,0,0,1
1,0,0,0,1
1,0,0,0,1
1,0,0,0,1
1,0,0,0,1
1,0,0,0,1
1,3,0,0,4
1,0,0,0,1
1,0,0,0,1
1,0,0,0,1
1,0,0,0,1
1,0,0,0,1
1,0,0,0,1
1,0,0,0,1
2,0,0,0,2
1,0,0,0,1
1,0,0,0,1
1,0,0,0,1
1,0,0,0,1
1,0,0,0,1
1,0,0,0,1
1,0,0,0,1
1,0,0,0,1
1,0,0,0,1
1,0,0,0,1
1,0,0,0,1
1,0,0,0,1
1,0,0,0,1
2,0,0,0,2
1,0,0,0,1
1,0,0,0,1
1,0,0,0,1
1,0,0,0,1
1,0,0,0,1
1,0,0,0,1
1,0,0,0,1
1,0,0,0,1
1,0,0,0,1
1,0,0,0,1
1,0,0,0,1
1,0,0,0,1
1,0,0,0,1
1,0,0,0,1
1,0,0,0,1
1,0,0,0,1
1,0,0,0,1
1,0,0,0,1
1,0,0,0,1
1,0,0,0,1
1,0,0,0,1
1,0,0,0,1
1,0,0,0,1
1,0,0,0,1
1,0,0,0,1
1,0,0,0,1
1,0,0,0,1
1,0,0,0,1
1,0,0,0,1
1,0,0,0,1
1,0,0,0,1
1,0,0,0,1
2,0,0,0,2
1,0,0,0,1
1,0,0,0,1
1,0,0,0,1
1,1,0,0,2
1,0,0,0,1
1,0,0,0,1
1,0,0,0,1
1,0,0,0,1
1,0,0,0,1
1,0,0,0,1
1,0,0,0,1
1,0,0,0,1
1,0,0,0,1
1,1,0,0,2
1,0,0,0,1
1,0,0,0,1
1,0,0,0,1
1,0,0,0,1
1,0,0,0,1
1,0,0,0,1
1,0,0,0,1
1,0,0,0,1
1,0,0,0,1
2,0,0,0,2
2,0,0,0,2
1,0,0,0,1
1,0,0,0,1
1,0,0,0,1
1,0,0,0,1
1,0,0,0,1
1,0,0,0,1
1,0,0,0,1
1,0,0,0,1
1,0,0,0,1
1,0,0,0,1
1,0,0,0,1
1,0,0,0,1
1,0,0,0,1
1,0,0,0,1
1,0,0,0,1
1,0,0,0,1
1,0,0,0,1
1,0,0,0,1
1,0,0,0,1
1,0,0,0,1
1,0,0,0,1
1,0,0,0,1
1,0,0,0,1
1,0,0,0,1
1,0,0,0,1
1,0,0,0,1
1,0,0,0,1
1,0,0,0,1
1,0,0,0,1
1,0,0,0,1
1,0,0,0,1
1,0,0,0,1
1,0,0,0,1
1,0,0,0,1
1,0,0,0,1
1,0,0,0,1
1,0,0,0,1
1,0,0,0,1
1,0,0,0,1
2,0,0,0,2
1,0,0,0,1
1,0,0,0,1
1,0,0,0,1
1,0,0,0,1
1,0,0,0,1
1,0,0,0,1
1,0,0,0,1
1,0,0,0,1
1,0,0,0,1
1,0,0,0,1
1,0,0,0,1
1,0,0,0,1
1,0,0,0,1
1,0,0,0,1
1,0,0,0,1
1,0,0,0,1
1,0,0,0,1
1,0,0,0,1
1,0,0,0,1
1,0,0,0,1
1,0,0,0,1
1,0,0,0,1
1,0,0,0,1
1,0,0,0,1
1,0,0,0,1
1,0,0,0,1
1,0,0,0,1
1,0,0,0,1
1,0,0,0,1
1,0,0,0,1
1,0,0,0,1
1,0,0,0,1
1,0,0,0,1
1,0,0,0,1
3,0,0,0,3
1,0,0,0,1
1,0,0,0,1
1,0,0,0,1
1,0,0,0,1
1,0,0,0,1
1,0,0,0,1
1,0,0,0,1
1,0,0,0,1
1,6,0,0,7
2,0,0,0,2
1,0,0,0,1
1,0,0,0,1
1,0,0,0,1
1,0,0,0,1
1,0,0,0,1
1,0,0,0,1
1,0,0,0,1
1,0,0,0,1
1,0,0,0,1
1,0,0,0,1
1,0,0,0,1
1,0,0,0,1
1,0,0,0,1
1,0,0,0,1
1,1,2,0,4
2,0,0,0,2
1,0,0,0,1
1,0,0,0,1
1,0,0,0,1
1,0,0,0,1
1,0,0,0,1
3,0,0,0,3
1,0,0,0,1
1,0,0,0,1
1,0,0,0,1
1,0,0,0,1
1,0,0,0,1
1,0,0,0,1
1,0,0,0,1
1,0,0,0,1
1,0,0,0,1
1,0,0,0,1
1,0,0,0,1
1,0,0,0,1
1,0,0,0,1
1,0,0,0,1
1,1,0,0,2
1,0,0,0,1
2,0,0,0,2
1,1,1,0,3
2,0,0,0,2
1,0,0,0,1
1,0,0,0,1
1,0,0,0,1
1,0,0,0,1
1,0,0,0,1
1,0,0,0,1
1,0,0,0,1
1,0,0,0,1
1,0,0,0,1
1,3,1,0,5
1,0,0,0,1
1,0,0,0,1
1,0,0,0,1
1,0,0,0,1
1,0,0,0,1
1,0,0,0,1
1,0,0,0,1
1,0,0,0,1
1,0,0,0,1
1,0,0,0,1
1,0,0,0,1
1,0,0,0,1
1,0,0,0,1
1,0,0,0,1
2,0,0,0,2
1,0,0,0,1
1,0,0,0,1
1,0,0,0,1
1,0,0,0,1
1,0,0,0,1
1,0,0,0,1
1,0,0,0,1
1,0,0,0,1
2,0,0,0,2
1,0,0,0,1
1,0,0,0,1
1,0,0,0,1
1,0,0,0,1
2,0,0,0,2
1,0,0,0,1
1,0,0,0,1
1,0,0,0,1
1,0,0,0,1
1,0,0,0,1
1,0,0,0,1
1,0,0,0,1
1,0,0,0,1
1,0,0,0,1
1,0,0,0,1
1,0,0,0,1
1,0,0,0,1
1,0,0,0,1
1,0,0,0,1
1,0,0,0,1
1,0,0,0,1
1,0,0,0,1
1,0,0,0,1
2,0,0,0,2
1,0,0,0,1
1,0,0,0,1
1,0,0,0,1
1,0,0,0,1
1,0,0,0,1
1,0,0,0,1
1,0,0,0,1
1,0,0,0,1
1,0,0,0,1
1,0,0,0,1
1,0,0,0,1
1,0,0,0,1
1,0,0,0,1
2,0,0,0,2
1,0,0,0,1
1,0,0,0,1
1,0,0,0,1
1,0,0,0,1
1,0,0,0,1
1,4,0,0,5
1,0,0,0,1
1,0,0,0,1
1,0,0,0,1
2,0,0,0,2
1,0,0,0,1
1,0,0,0,1
1,0,0,0,1
1,0,0,0,1
1,438,0,0,439
1,0,0,0,1
1,0,0,0,1
1,0,0,0,1
1,0,0,0,1
1,0,0,0,1
1,0,0,0,1
1,0,0,0,1
2,0,0,0,2
1,0,0,0,1
1,0,0,0,1
1,0,0,0,1
1,0,0,0,1
1,0,0,0,1
1,0,0,0,1
1,0,0,0,1
1,0,0,0,1
1,0,0,0,1
1,0,0,0,1
2,0,0,0,2
1,0,0,0,1
1,0,0,0,1
1,0,0,0,1
1,0,0,0,1
1,0,0,0,1
1,0,0,0,1
1,0,0,0,1
1,0,0,0,1
1,0,0,0,1
1,4,0,0,5
2,0,0,0,2
1,0,0,0,1
1,0,0,0,1
2,4,0,0,6
1,0,0,0,1
1,0,0,0,1
1,0,0,0,1
1,0,0,0,1
1,0,0,0,1
1,0,0,0,1
2,0,0,0,2
1,0,0,0,1
1,0,0,0,1
1,0,0,0,1
1,0,0,0,1
1,0,0,0,1
1,0,0,0,1
1,0,0,0,1
2,2,0,0,4
1,0,0,0,1
1,0,0,0,1
1,0,0,0,1
1,0,0,0,1
1,0,0,0,1
1,0,0,0,1
1,0,0,0,1
1,0,0,0,1
1,0,0,0,1
1,0,0,0,1
1,0,0,0,1
1,0,0,0,1
1,0,0,0,1
1,0,0,0,1
3,0,0,0,3
1,0,0,0,1
1,0,0,0,1
1,0,0,0,1
1,0,0,0,1
2,1,0,0,3
1,0,0,0,1
1,0,0,0,1
1,0,0,0,1
1,0,0,0,1
1,0,0,0,1
1,0,0,0,1
1,0,0,0,1
1,0,0,0,1
2,0,0,0,2
1,0,0,0,1
1,0,0,0,1
1,0,0,0,1
1,0,0,0,1
1,0,0,0,1
1,0,0,0,1
1,0,0,0,1
1,0,0,0,1
1,0,0,0,1
1,0,0,0,1
1,0,0,0,1
1,0,0,0,1
1,0,0,0,1
2,0,0,0,2
1,0,0,0,1
1,0,0,0,1
1,0,0,0,1
1,0,0,0,1
1,0,0,0,1
1,0,0,0,1
1,0,0,0,1
1,0,0,0,1
1,0,0,0,1
1,0,0,0,1
1,0,0,0,1
1,0,0,0,1
1,0,0,0,1
1,2,0,0,3
1,0,0,0,1
1,0,0,0,1
1,0,0,0,1
1,0,0,0,1
1,0,0,0,1
1,0,0,0,1
1,0,0,0,1
1,0,0,0,1
1,0,0,0,1
1,0,0,0,1
1,3,0,0,4
1,0,0,0,1
2,0,0,0,2
1,0,0,0,1
1,0,0,0,1
1,0,0,0,1
1,0,0,0,1
1,0,0,0,1
1,0,0,0,1
1,0,0,0,1
1,0,0,0,1
1,0,0,0,1
1,0,0,0,1
1,0,0,0,1
2,0,0,0,2
1,0,0,0,1
1,0,0,0,1
1,0,0,0,1
1,0,0,0,1
1,0,0,0,1
1,0,0,0,1
1,0,0,0,1
1,0,0,0,1
1,0,0,0,1
1,0,0,0,1
1,0,0,0,1
1,0,0,0,1
1,0,0,0,1
1,0,0,0,1
1,5,0,0,6
1,0,0,0,1
1,0,0,0,1
1,0,0,0,1
1,0,0,0,1
1,0,0,0,1
1,0,0,0,1
2,0,0,0,2
2,0,0,0,2
1,0,0,0,1
1,0,0,0,1
1,0,0,0,1
1,0,0,0,1
1,0,0,0,1
2,0,0,0,2
2,0,0,0,2
1,0,0,0,1
1,1,0,0,2
1,0,0,0,1
2,0,0,0,2
1,0,0,0,1
2,2,0,0,4
1,0,0,0,1
1,0,0,0,1
1,0,0,0,1
1,0,0,0,1
1,0,0,0,1
1,0,0,0,1
2,3,0,0,5
1,0,0,0,1
1,0,0,0,1
1,0,0,0,1
1,0,0,0,1
1,0,0,0,1
1,0,0,0,1
1,0,0,0,1
1,0,0,0,1
1,0,0,0,1
1,0,0,0,1
1,0,0,0,1
1,0,0,0,1
1,0,0,0,1
1,0,0,0,1
1,0,0,0,1
1,0,0,0,1
1,0,0,0,1
1,0,0,0,1
1,0,0,0,1
1,0,0,0,1
2,0,0,0,2
1,0,0,0,1
1,0,0,0,1
1,0,0,0,1
1,0,0,0,1
1,0,0,0,1
1,0,0,0,1
1,0,0,0,1
1,0,0,0,1
1,0,0,0,1
1,0,0,0,1
2,0,0,0,2
1,0,0,0,1
1,0,0,0,1
1,0,0,0,1
1,0,0,0,1
1,0,0,0,1
1,0,0,0,1
1,0,0,0,1
1,0,0,0,1
1,0,0,0,1
1,0,0,0,1
1,0,0,0,1
1,0,0,0,1
1,0,0,0,1
1,0,0,0,1
2,0,0,0,2
1,0,0,0,1
1,0,0,0,1
1,0,0,0,1
1,0,0,0,1
1,0,0,0,1
1,0,0,0,1
1,0,0,0,1
1,0,0,0,1
1,1,0,0,2
1,0,0,0,1
1,0,0,0,1
1,0,0,0,1
1,0,0,0,1
1,0,0,0,1
1,0,0,0,1
1,0,0,0,1
1,0,0,0,1
1,0,0,0,1
2,0,1,0,3
1,0,0,0,1
1,0,0,0,1
1,0,0,0,1
1,0,0,0,1
1,0,0,0,1
1,0,0,0,1
1,0,0,0,1
1,0,0,0,1
1,0,0,0,1
1,0,0,0,1
1,0,0,0,1
1,0,0,0,1
1,0,0,0,1
1,0,0,0,1
1,0,0,0,1
1,3,0,0,4
1,0,0,0,1
1,1,0,0,2
1,0,0,0,1
1,0,0,0,1
4,3,0,0,7
1,0,0,0,1
1,0,0,0,1
1,0,0,0,1
1,0,0,0,1
1,0,0,0,1
1,0,0,0,1
1,0,0,0,1
1,0,0,0,1
1,0,0,0,1
1,0,0,0,1
1,0,0,0,1
1,0,0,0,1
1,0,0,0,1
1,2,0,0,3
1,0,0,0,1
1,0,0,0,1
1,0,0,0,1
1,0,0,0,1
1,0,0,0,1
1,0,0,0,1
1,0,0,0,1
1,0,0,0,1
1,0,0,0,1
1,0,0,0,1
1,0,0,0,1
1,0,0,0,1
1,0,0,0,1
1,0,0,0,1
1,0,0,0,1
1,0,0,0,1
2,0,0,0,2
1,0,0,0,1
1,0,0,0,1
1,0,0,0,1
1,0,0,0,1
1,0,0,0,1
1,0,0,0,1
1,0,0,0,1
1,0,0,0,1
1,0,0,0,1
1,0,0,0,1
1,5,0,0,6
1,0,0,0,1
1,0,0,0,1
1,0,0,0,1
1,0,0,0,1
1,0,0,0,1
1,0,0,0,1
1,0,0,0,1
1,0,0,0,1
1,0,0,0,1
2,0,0,0,2
1,0,0,0,1
1,0,0,0,1
1,0,0,0,1
1,0,0,0,1
1,0,0,0,1
1,0,0,0,1
1,0,0,0,1
1,0,0,0,1
1,0,0,0,1
1,0,0,0,1
1,0,0,0,1
1,0,0,0,1
1,0,0,0,1
1,0,0,0,1
1,0,0,0,1
1,0,0,0,1
1,0,0,0,1
2,0,0,0,2
1,0,0,0,1
1,0,0,0,1
1,0,0,0,1
2,0,0,0,2
1,0,0,0,1
1,0,0,0,1
1,0,0,0,1
1,0,0,0,1
1,0,0,0,1
1,0,0,0,1
1,0,0,0,1
1,0,0,0,1
1,0,0,0,1
1,0,0,0,1
1,0,0,0,1
1,0,0,0,1
1,0,0,0,1
2,0,0,0,2
1,0,0,0,1
1,0,0,0,1
1,0,0,0,1
1,0,0,0,1
1,0,0,0,1
1,0,0,0,1
1,0,0,0,1
1,0,0,0,1
1,0,0,0,1
1,0,0,0,1
1,0,0,0,1
1,0,0,0,1
1,0,0,0,1
1,0,0,0,1
1,0,0,0,1
1,0,0,0,1
1,0,0,0,1
1,0,0,0,1
1,0,0,0,1
1,0,0,0,1
1,0,0,0,1
1,0,0,0,1
1,0,0,0,1
1,0,0,0,1
1,0,0,0,1
1,0,0,0,1
1,0,0,0,1
1,0,0,0,1
1,0,0,0,1
1,0,0,0,1
1,0,0,0,1
1,0,0,0,1
1,0,0,0,1
3,0,0,0,3
1,20,0,0,21
1,0,0,0,1
2,0,0,0,2
1,7,0,0,8
1,0,0,0,1
1,0,0,0,1
1,0,0,0,1
1,0,0,0,1
1,0,0,0,1
1,0,0,0,1
1,1,0,0,2
1,0,0,0,1
1,0,0,0,1
1,0,0,0,1
1,0,0,0,1
1,0,0,0,1
1,0,0,0,1
1,0,0,0,1
1,0,0,0,1
2,0,0,0,2
1,0,0,0,1
1,0,0,0,1
1,0,0,0,1
1,0,0,0,1
1,0,0,0,1
1,0,0,0,1
1,0,0,0,1
1,0,0,0,1
1,0,0,0,1
2,0,0,0,2
1,0,0,0,1
1,0,0,0,1
1,1,0,0,2
1,0,0,0,1
1,0,0,0,1
1,0,0,0,1
1,0,0,0,1
1,0,0,0,1
1,0,0,0,1
1,0,0,0,1
1,0,0,0,1
2,0,0,0,2
1,3,0,0,4
1,0,0,0,1
1,0,0,0,1
1,0,0,0,1
1,0,0,0,1
1,0,0,0,1
1,0,0,0,1
1,0,0,0,1
1,0,0,0,1
1,0,0,0,1
1,0,0,0,1
1,0,0,0,1
1,0,0,0,1
1,0,0,0,1
1,0,0,0,1
1,0,0,0,1
1,0,0,0,1
1,0,0,0,1
1,0,0,0,1
1,0,0,0,1
1,0,0,0,1
1,0,0,0,1
1,0,0,0,1
1,0,0,0,1
1,0,0,0,1
1,0,0,0,1
1,0,0,0,1
2,0,0,0,2
1,0,0,0,1
1,0,0,0,1
1,0,0,0,1
1,0,0,0,1
1,0,0,0,1
1,0,0,0,1
1,0,0,0,1
1,0,0,0,1
1,0,0,0,1
1,0,0,0,1
1,0,0,0,1
1,0,0,0,1
1,0,0,0,1
1,0,0,0,1
1,0,0,0,1
1,0,0,0,1
2,0,0,0,2
2,7,1,0,10
1,0,0,0,1
1,0,0,0,1
1,0,0,0,1
1,0,0,0,1
1,0,0,0,1
1,0,0,0,1
1,0,0,0,1
1,0,0,0,1
1,0,0,0,1
2,0,0,0,2
1,0,0,0,1
1,0,0,0,1
1,0,0,0,1
2,0,0,0,2
2,0,0,0,2
1,0,0,0,1
1,0,0,0,1
1,0,0,0,1
1,0,0,0,1
1,0,0,0,1
1,0,0,0,1
1,0,0,0,1
1,0,0,0,1
1,0,0,0,1
1,0,0,0,1
1,0,0,0,1
1,0,1,0,2
1,0,0,0,1
1,0,0,0,1
2,1,0,0,3
1,0,0,0,1
1,0,0,0,1
1,0,0,0,1
1,0,0,0,1
1,0,0,0,1
1,0,0,0,1
1,0,0,0,1
1,0,0,0,1
1,0,0,0,1
1,0,0,0,1
3,0,0,0,3
1,0,0,0,1
1,0,0,0,1
1,0,0,0,1
1,0,0,0,1
1,0,0,0,1
1,0,0,0,1
1,0,0,0,1
1,0,0,0,1
1,0,0,0,1
1,0,0,0,1
1,0,0,0,1
1,0,0,0,1
1,0,0,0,1
1,1,1,0,3
1,0,0,0,1
1,0,0,0,1
2,0,0,0,2
1,0,0,0,1
1,0,0,0,1
1,0,0,0,1
1,0,0,0,1
1,0,0,0,1
1,0,0,0,1
1,0,0,0,1
1,0,0,0,1
1,0,0,0,1
1,0,0,0,1
1,0,0,0,1
2,12,0,0,14
1,0,0,0,1
1,0,0,0,1
1,0,0,0,1
1,0,0,0,1
1,0,0,0,1
1,0,0,0,1
1,0,0,0,1
1,0,0,0,1
1,0,0,0,1
1,0,0,0,1
1,0,0,0,1
2,0,0,0,2
1,0,0,0,1
1,0,0,0,1
1,0,0,0,1
1,0,0,0,1
1,0,0,0,1
2,0,0,0,2
1,0,0,0,1
1,0,0,0,1
1,0,0,0,1
1,0,0,0,1
1,0,0,0,1
1,0,0,0,1
1,0,0,0,1
1,0,0,0,1
1,0,0,0,1
1,0,0,0,1
1,0,0,0,1
1,0,0,0,1
1,0,0,0,1
1,0,0,0,1
1,0,0,0,1
1,0,0,0,1
1,0,0,0,1
1,0,0,0,1
1,0,2,0,3
1,0,0,0,1
1,0,0,0,1
1,0,0,0,1
1,0,0,0,1
1,0,0,0,1
1,0,0,0,1
1,0,0,0,1
1,0,0,0,1
1,0,0,0,1
1,0,0,0,1
1,0,0,0,1
1,0,0,0,1
3,0,0,0,3
1,0,0,0,1
1,0,0,0,1
1,0,0,0,1
1,0,0,0,1
1,0,0,0,1
1,0,0,0,1
2,0,0,0,2
1,0,0,0,1
1,0,0,0,1
1,0,0,0,1
1,1,0,0,2
1,0,0,0,1
1,3,0,0,4
1,0,0,0,1
1,0,0,0,1
1,0,0,0,1
1,0,0,0,1
1,0,0,0,1
2,0,0,0,2
1,0,0,0,1
1,0,0,0,1
1,0,0,0,1
1,0,0,0,1
1,0,0,0,1
1,0,0,0,1
1,0,0,0,1
1,0,0,0,1
1,0,0,0,1
1,0,0,0,1
1,0,0,0,1
1,0,0,0,1
1,0,0,0,1
1,0,0,0,1
1,0,0,0,1
1,0,0,0,1
1,0,0,0,1
1,0,0,0,1
1,0,0,0,1
1,0,0,0,1
1,0,0,0,1
1,0,0,0,1
1,0,0,0,1
1,0,0,0,1
1,0,0,0,1
1,0,0,0,1
1,0,0,0,1
2,0,0,0,2
1,0,0,0,1
1,10,0,0,11
1,0,0,0,1
1,0,0,0,1
1,0,0,0,1
1,0,0,0,1
1,0,0,0,1
1,0,0,0,1
1,0,0,0,1
1,0,0,0,1
1,0,0,0,1
1,0,0,0,1
1,0,0,0,1
1,0,0,0,1
1,0,0,0,1
1,0,0,0,1
1,4,0,0,5
1,0,0,0,1
1,0,0,0,1
1,0,0,0,1
1,0,0,0,1
1,0,0,0,1
1,0,0,0,1
1,0,0,0,1
2,0,0,0,2
1,0,0,0,1
1,0,0,0,1
1,0,0,0,1
1,0,0,0,1
1,0,0,0,1
1,0,0,0,1
1,0,0,0,1
2,0,0,0,2
1,0,0,0,1
1,0,0,0,1
1,0,0,0,1
1,0,0,0,1
1,2,0,0,3
1,0,0,0,1
2,0,0,0,2
1,0,0,0,1
1,0,0,0,1
1,0,0,0,1
1,0,0,0,1
1,0,0,0,1
1,2,0,0,3
1,2,0,0,3
1,0,0,0,1
1,0,0,0,1
1,0,0,0,1
1,0,0,0,1
1,0,0,0,1
1,0,0,0,1
1,0,0,0,1
1,0,0,0,1
1,0,0,0,1
1,0,0,0,1
1,0,0,0,1
1,0,0,0,1
1,0,0,0,1
1,5,0,0,6
1,0,0,0,1
1,0,0,0,1
1,0,0,0,1
1,0,0,0,1
1,0,0,0,1
1,0,0,0,1
1,0,0,0,1
1,0,0,0,1
1,0,0,0,1
1,0,0,0,1
1,0,0,0,1
1,0,0,0,1
1,0,0,0,1
1,1,0,0,2
3,0,0,0,3
1,0,0,0,1
1,0,0,0,1
1,0,0,0,1
1,0,0,0,1
1,0,0,0,1
1,0,0,0,1
1,0,0,0,1
1,0,0,0,1
2,0,0,0,2
1,5,0,0,6
1,0,0,0,1
1,0,0,0,1
1,0,0,0,1
1,0,0,0,1
1,0,0,0,1
1,0,0,0,1
2,0,0,0,2
1,35,0,0,36
1,0,0,0,1
1,0,0,0,1
1,0,0,0,1
1,44,0,0,45
1,0,0,0,1
1,0,0,0,1
1,0,0,0,1
1,0,0,0,1
1,0,0,0,1
1,0,0,0,1
1,0,0,0,1
1,0,0,0,1
1,0,0,0,1
1,0,0,0,1
1,0,0,0,1
1,0,0,0,1
1,0,0,0,1
1,0,0,0,1
1,0,0,0,1
2,0,0,0,2
1,0,0,0,1
1,0,0,0,1
1,8,0,0,9
1,0,0,0,1
1,0,0,0,1
1,0,0,0,1
1,0,0,0,1
1,0,0,0,1
1,0,0,0,1
1,0,0,0,1
1,0,0,0,1
1,0,0,0,1
1,0,0,0,1
1,0,0,0,1
1,0,0,0,1
1,0,0,0,1
1,0,0,0,1
1,0,0,0,1
1,0,0,0,1
1,0,0,0,1
1,0,0,0,1
1,0,0,0,1
1,0,0,0,1
1,0,0,0,1
1,0,0,0,1
1,0,0,0,1
1,0,0,0,1
1,0,0,0,1
1,0,0,0,1
1,3,0,0,4
1,0,0,0,1
1,0,0,0,1
1,5,0,0,6
1,0,0,0,1
1,0,0,0,1
1,0,0,0,1
1,0,0,0,1
1,0,0,0,1
1,0,0,0,1
1,0,0,0,1
1,0,0,0,1
1,0,0,0,1
1,0,0,0,1
1,0,0,0,1
1,0,0,0,1
1,0,0,0,1
1,0,0,0,1
1,0,0,0,1
1,2,0,0,3
1,0,0,0,1
1,0,0,0,1
1,0,0,0,1
1,0,0,0,1
1,0,0,0,1
1,0,0,0,1
1,0,0,0,1
1,0,0,0,1
2,0,0,0,2
1,0,0,0,1
2,0,0,0,2
1,0,0,0,1
1,0,0,0,1
1,0,0,0,1
1,0,0,0,1
1,0,0,0,1
1,0,0,0,1
1,0,0,0,1
1,0,0,0,1
1,0,0,0,1
1,0,0,0,1
1,0,0,0,1
1,0,0,0,1
1,0,0,0,1
1,0,0,0,1
2,0,0,0,2
1,0,0,0,1
1,0,0,0,1
1,0,0,0,1
1,0,0,0,1
1,0,0,0,1
1,0,0,0,1
1,0,0,0,1
1,0,0,0,1
1,0,0,0,1
1,0,0,0,1
1,0,0,0,1
1,0,0,0,1
2,0,0,0,2
1,0,0,0,1
1,0,0,0,1
1,1,0,0,2
1,0,0,0,1
1,1,0,0,2
2,0,0,0,2
1,0,0,0,1
1,0,0,0,1
1,0,0,0,1
1,0,0,0,1
1,0,0,0,1
1,0,0,0,1
1,0,0,0,1
1,0,0,0,1
1,0,0,0,1
1,0,0,0,1
1,0,0,0,1
1,0,0,0,1
1,0,0,0,1
1,0,0,0,1
1,0,0,0,1
1,0,0,0,1
1,0,0,0,1
1,0,0,0,1
1,0,0,0,1
1,0,0,0,1
1,0,0,0,1
1,0,0,0,1
1,0,0,0,1
1,0,0,0,1
1,0,0,0,1
1,0,0,0,1
2,0,0,0,2
1,0,0,0,1
1,0,0,0,1
1,0,0,0,1
1,0,0,0,1
1,0,0,0,1
1,0,0,0,1
1,0,0,0,1
1,0,0,0,1
1,0,0,0,1
1,0,0,0,1
1,0,0,0,1
1,0,0,0,1
1,0,0,0,1
1,0,0,0,1
2,0,0,0,2
1,0,0,0,1
1,0,0,0,1
1,0,0,0,1
2,0,0,0,2
1,0,0,0,1
1,0,0,0,1
1,0,0,0,1
1,0,0,0,1
1,0,0,0,1
1,0,0,0,1
1,0,0,0,1
1,0,0,0,1
1,0,0,0,1
1,0,0,0,1
1,0,0,0,1
1,0,0,0,1
1,0,0,0,1
1,0,0,0,1
1,0,0,0,1
1,0,0,0,1
1,0,0,0,1
1,0,0,0,1
1,0,0,0,1
1,0,0,0,1
1,0,0,0,1
1,0,0,0,1
1,0,0,0,1
1,0,0,0,1
1,0,0,0,1
1,0,0,0,1
1,0,0,0,1
1,0,0,0,1
1,0,0,0,1
1,0,0,0,1
1,0,0,0,1
1,0,0,0,1
1,0,0,0,1
1,0,0,0,1
1,0,0,0,1
1,0,0,0,1
1,0,0,0,1
1,0,0,0,1
1,0,0,0,1
1,0,0,0,1
1,0,0,0,1
1,0,0,0,1
1,6,6,0,13
1,0,0,0,1
1,0,0,0,1
1,0,0,0,1
1,0,0,0,1
1,0,0,0,1
1,0,0,0,1
1,1,0,0,2
1,0,0,0,1
1,0,0,0,1
1,0,0,0,1
1,0,0,0,1
1,0,0,0,1
1,0,0,0,1
2,0,0,0,2
1,0,0,0,1
1,0,0,0,1
1,0,0,0,1
1,0,0,0,1
1,0,0,0,1
1,0,0,0,1
1,0,0,0,1
1,2,0,0,3
1,0,0,0,1
1,0,0,0,1
1,0,0,0,1
1,0,0,0,1
1,0,0,0,1
1,0,0,0,1
1,0,0,0,1
1,0,0,0,1
1,0,0,0,1
1,0,0,0,1
1,0,0,0,1
1,0,0,0,1
1,0,0,0,1
1,0,0,0,1
1,0,0,0,1
1,0,0,0,1
1,6,0,0,7
1,0,0,0,1
1,0,0,0,1
1,0,0,0,1
1,0,0,0,1
1,0,0,0,1
1,0,0,0,1
1,0,0,0,1
1,0,0,0,1
1,0,0,0,1
1,0,0,0,1
1,20,0,0,21
1,0,0,0,1
1,0,0,0,1
1,0,0,0,1
1,1,0,0,2
1,0,0,0,1
1,0,0,0,1
1,0,0,0,1
1,0,0,0,1
1,0,0,0,1
1,0,0,0,1
1,0,0,0,1
1,0,0,0,1
1,0,0,0,1
1,0,0,0,1
1,0,0,0,1
1,0,0,0,1
1,0,0,0,1
1,0,0,0,1
1,0,0,0,1
1,0,0,0,1
1,0,0,0,1
1,0,0,0,1
1,0,0,0,1
1,0,0,0,1
1,0,0,0,1
1,0,0,0,1
2,0,0,0,2
1,0,0,0,1
2,0,0,0,2
1,0,0,0,1
1,0,0,0,1
1,0,0,0,1
1,0,0,0,1
2,0,0,0,2
1,0,0,0,1
1,0,0,0,1
1,0,0,0,1
1,0,0,0,1
1,0,0,0,1
1,0,0,0,1
1,0,0,0,1
1,0,0,0,1
1,0,0,0,1
1,0,0,0,1
1,0,0,0,1
1,0,0,0,1
1,0,0,0,1
1,0,0,0,1
2,0,0,0,2
1,0,0,0,1
1,0,0,0,1
1,0,0,0,1
1,0,0,0,1
1,0,0,0,1
1,0,0,0,1
1,0,0,0,1
1,0,0,0,1
1,0,0,0,1
1,0,0,0,1
1,0,0,0,1
1,0,0,0,1
1,0,0,0,1
1,0,0,0,1
1,0,0,0,1
1,0,0,0,1
1,0,0,0,1
1,0,0,0,1
1,0,0,0,1
1,0,0,0,1
1,0,0,0,1
1,0,0,0,1
1,0,0,0,1
1,0,0,0,1
1,0,0,0,1
1,0,0,0,1
1,0,0,0,1
1,0,0,0,1
2,2,0,0,4
1,0,0,0,1
1,0,0,0,1
1,0,0,0,1
1,0,0,0,1
1,0,0,0,1
1,0,0,0,1
1,0,0,0,1
1,0,0,0,1
1,0,0,0,1
1,0,0,0,1
1,0,0,0,1
1,0,0,0,1
1,0,0,0,1
1,0,0,0,1
1,0,0,0,1
1,0,0,0,1
1,0,0,0,1
1,0,0,0,1
1,0,0,0,1
1,0,0,0,1
1,0,0,0,1
1,0,0,0,1
1,0,0,0,1
1,0,0,0,1
1,0,0,0,1
2,0,0,0,2
2,0,0,0,2
2,0,0,0,2
1,0,0,0,1
1,0,0,0,1
1,0,0,0,1
1,0,0,0,1
1,0,0,0,1
1,0,0,0,1
1,0,0,0,1
1,0,0,0,1
1,0,0,0,1
1,0,0,0,1
1,0,0,0,1
1,0,0,0,1
1,0,0,0,1
1,0,0,0,1
1,0,0,0,1
1,0,0,0,1
1,0,0,0,1
1,0,0,0,1
1,0,0,0,1
1,0,0,0,1
1,0,0,0,1
1,0,0,0,1
1,0,0,0,1
1,0,0,0,1
1,0,0,0,1
1,0,0,0,1
1,0,0,0,1
1,0,0,0,1
1,0,0,0,1
1,0,0,0,1
1,0,0,0,1
1,0,0,0,1
1,0,0,0,1
1,0,0,0,1
2,0,0,0,2
1,0,0,0,1
1,0,0,0,1
1,0,0,0,1
1,0,0,0,1
1,0,0,0,1
1,0,0,0,1
1,0,0,0,1
1,1,1,0,3
1,0,0,0,1
1,0,0,0,1
2,0,0,0,2
1,0,0,0,1
1,0,0,0,1
1,0,0,0,1
1,0,0,0,1
1,0,0,0,1
1,0,0,0,1
1,0,0,0,1
1,0,0,0,1
1,0,0,0,1
1,0,0,0,1
1,0,0,0,1
1,0,0,0,1
1,0,0,0,1
1,0,0,0,1
1,0,0,0,1
1,0,0,0,1
1,0,0,0,1
1,0,0,0,1
1,0,0,0,1
1,0,0,0,1
1,0,0,0,1
1,0,0,0,1
1,0,0,0,1
1,0,0,0,1
1,0,0,0,1
1,0,0,0,1
1,0,0,0,1
1,0,0,0,1
1,0,0,0,1
1,0,0,0,1
1,0,0,0,1
1,0,0,0,1
1,0,0,0,1
1,0,0,0,1
1,0,0,0,1
1,0,0,0,1
1,0,0,0,1
1,0,0,0,1
1,0,0,0,1
1,0,0,0,1
1,0,0,0,1
1,0,0,0,1
1,0,0,0,1
1,0,0,0,1
1,0,0,0,1
1,0,0,0,1
1,0,0,0,1
1,0,0,0,1
1,0,0,0,1
1,0,0,0,1
1,0,0,0,1
1,0,0,0,1
1,0,0,0,1
1,0,0,0,1
1,0,0,0,1
1,0,0,0,1
1,0,0,0,1
1,0,0,0,1
1,0,0,0,1
1,0,0,0,1
1,0,0,0,1
1,0,0,0,1
1,0,0,0,1
1,0,0,0,1
1,0,0,0,1
1,0,0,0,1
1,0,0,0,1
1,0,0,0,1
1,0,0,0,1
1,0,0,0,1
1,0,0,0,1
1,0,0,0,1
1,0,0,0,1
1,0,0,0,1
1,0,0,0,1
1,0,0,0,1
1,0,0,0,1
1,0,0,0,1
1,0,0,0,1
1,0,0,0,1
1,0,0,0,1
1,0,0,0,1
1,0,0,0,1
1,1,0,0,2
1,0,0,0,1
1,0,0,0,1
2,0,0,0,2
1,0,0,0,1
1,0,0,0,1
1,0,0,0,1
1,0,0,0,1
1,0,0,0,1
1,0,0,0,1
1,0,0,0,1
1,0,0,0,1
1,0,0,0,1
1,0,0,0,1
2,0,0,0,2
1,0,0,0,1
1,0,0,0,1
1,0,0,0,1
1,0,0,0,1
1,0,0,0,1
1,0,0,0,1
1,0,0,0,1
1,0,0,0,1
1,2,1,0,4
1,0,0,0,1
1,0,0,0,1
1,0,0,0,1
1,0,0,0,1
2,0,0,0,2
1,0,0,0,1
1,0,0,0,1
1,0,0,0,1
1,1,0,0,2
1,0,0,0,1
1,0,0,0,1
1,0,0,0,1
1,0,0,0,1
1,0,0,0,1
1,0,0,0,1
1,0,0,0,1
1,0,0,0,1
1,0,0,0,1
1,0,0,0,1
1,0,0,0,1
1,0,0,0,1
1,0,0,0,1
1,0,0,0,1
1,0,0,0,1
1,1,1,0,3
1,0,0,0,1
1,0,0,0,1
1,0,0,0,1
1,0,0,0,1
1,0,0,0,1
1,0,0,0,1
2,1,0,0,3
1,0,0,0,1
1,0,0,0,1
1,0,0,0,1
1,0,0,0,1
1,0,0,0,1
1,0,0,0,1
1,0,0,0,1
1,0,0,0,1
1,0,0,0,1
1,0,0,0,1
1,0,0,0,1
1,0,0,0,1
1,0,0,0,1
1,0,0,0,1
1,0,0,0,1
1,0,0,0,1
1,0,0,0,1
2,0,0,0,2
1,0,0,0,1
1,0,0,0,1
1,0,0,0,1
1,1,0,0,2
1,0,0,0,1
1,0,0,0,1
1,0,0,0,1
1,0,0,0,1
1,0,0,0,1
1,0,0,0,1
1,0,0,0,1
1,0,0,0,1
1,0,0,0,1
1,0,0,0,1
1,0,0,0,1
1,0,0,0,1
1,0,0,0,1
1,0,0,0,1
1,0,0,0,1
1,0,0,0,1
1,0,0,0,1
1,0,0,0,1
1,0,0,0,1
1,0,0,0,1
1,1,0,0,2
1,0,0,0,1
1,0,0,0,1
1,0,0,0,1
1,0,0,0,1
1,0,0,0,1
1,0,0,0,1
1,0,0,0,1
1,0,0,0,1
1,0,0,0,1
2,0,0,0,2
1,0,0,0,1
1,0,0,0,1
1,0,0,0,1
1,0,0,0,1
1,0,0,0,1
1,0,0,0,1
1,2,0,0,3
1,0,0,0,1
1,0,0,0,1
1,0,0,0,1
1,0,0,0,1
1,0,0,0,1
1,0,0,0,1
1,0,0,0,1
1,0,0,0,1
5,56,0,0,61
1,0,0,0,1
1,0,0,0,1
1,0,0,0,1
1,0,0,0,1
1,0,0,0,1
1,0,0,0,1
1,0,0,0,1
2,0,0,0,2
1,0,0,0,1
1,0,0,0,1
1,58,0,0,59
1,0,0,0,1
1,0,0,0,1
1,0,0,0,1
1,0,0,0,1
1,0,0,0,1
1,0,0,0,1
1,0,0,0,1
1,0,0,0,1
1,0,0,0,1
1,0,0,0,1
1,0,0,0,1
1,0,0,0,1
1,0,0,0,1
1,0,0,0,1
1,0,0,0,1
1,0,0,0,1
1,0,0,0,1
1,0,0,0,1
1,0,0,0,1
2,0,0,0,2
1,0,0,0,1
1,0,0,0,1
1,0,0,0,1
1,0,0,0,1
1,0,0,0,1
1,0,0,0,1
1,0,0,0,1
1,0,0,0,1
1,0,0,0,1
1,0,0,0,1
1,0,0,0,1
1,2,0,0,3
1,0,0,0,1
1,0,0,0,1
1,0,0,0,1
1,0,0,0,1
1,0,0,0,1
1,0,0,0,1
1,0,0,0,1
1,0,0,0,1
1,0,0,0,1
1,0,0,0,1
1,0,0,0,1
1,0,0,0,1
1,0,0,0,1
1,0,0,0,1
1,0,0,0,1
1,0,0,0,1
1,0,0,0,1
1,0,0,0,1
1,0,0,0,1
1,0,0,0,1
1,0,0,0,1
1,0,0,0,1
1,0,0,0,1
1,0,0,0,1
1,0,0,0,1
1,0,0,0,1
2,0,0,0,2
1,0,0,0,1
1,0,0,0,1
1,0,0,0,1
1,0,0,0,1
1,0,0,0,1
1,0,0,0,1
1,0,0,0,1
1,14,0,0,15
1,0,0,0,1
1,0,0,0,1
1,0,0,0,1
1,0,0,0,1
1,0,0,0,1
1,0,0,0,1
1,0,0,0,1
1,0,0,0,1
1,0,0,0,1
1,0,0,0,1
1,0,0,0,1
1,0,0,0,1
1,0,0,0,1
1,0,0,0,1
1,0,0,0,1
2,0,0,0,2
1,0,0,0,1
1,0,0,0,1
1,0,0,0,1
1,0,0,0,1
1,0,0,0,1
1,0,0,0,1
1,0,0,0,1
1,0,0,0,1
1,0,0,0,1
1,0,0,0,1
1,0,0,0,1
1,0,0,0,1
1,0,0,0,1
1,0,0,0,1
1,0,0,0,1
1,0,0,0,1
1,0,0,0,1
1,0,0,0,1
1,0,0,0,1
1,0,0,0,1
1,0,0,0,1
1,0,0,0,1
1,0,0,0,1
1,0,0,0,1
1,0,0,0,1
1,0,0,0,1
2,0,0,0,2
1,0,0,0,1
1,0,0,0,1
1,0,0,0,1
1,0,0,0,1
2,2,0,0,4
1,0,0,0,1
1,0,0,0,1
1,0,0,0,1
1,0,0,0,1
1,0,0,0,1
1,0,0,0,1
1,0,0,0,1
1,0,0,0,1
1,0,0,0,1
1,0,0,0,1
1,0,0,0,1
1,0,0,0,1
1,0,0,0,1
1,0,0,0,1
1,0,0,0,1
1,0,0,0,1
1,0,0,0,1
1,0,0,0,1
1,0,0,0,1
1,0,0,0,1
1,0,0,0,1
1,0,0,0,1
1,0,0,0,1
1,0,0,0,1
1,0,0,0,1
1,0,0,0,1
1,0,0,0,1
1,0,0,0,1
1,0,0,0,1
1,0,0,0,1
1,0,0,0,1
1,0,0,0,1
1,0,0,0,1
1,0,0,0,1
1,0,0,0,1
1,0,0,0,1
1,0,0,0,1
1,0,0,0,1
1,0,0,0,1
1,0,0,0,1
2,0,0,0,2
1,0,0,0,1
1,0,0,0,1
1,0,0,0,1
1,0,0,0,1
1,0,0,0,1
1,0,0,0,1
1,0,0,0,1
1,0,0,0,1
1,0,0,0,1
1,0,0,0,1
1,0,0,0,1
1,0,0,0,1
1,7,0,0,8
1,0,0,0,1
1,0,0,0,1
1,0,0,0,1
1,0,0,0,1
1,0,0,0,1
1,0,0,0,1
1,0,0,0,1
1,0,0,0,1
1,0,0,0,1
1,0,0,0,1
1,4,0,0,5
1,2,0,0,3
1,0,0,0,1
1,0,0,0,1
1,0,0,0,1
1,0,0,0,1
2,0,0,0,2
1,0,0,0,1
1,0,0,0,1
1,0,0,0,1
1,0,0,0,1
1,0,0,0,1
4,0,0,0,4
1,0,0,0,1
1,0,0,0,1
1,0,0,0,1
1,0,0,0,1
1,0,0,0,1
1,0,0,0,1
1,0,0,0,1
1,0,0,0,1
1,0,0,0,1
1,0,0,0,1
1,0,0,0,1
1,0,0,0,1
1,0,0,0,1
1,0,0,0,1
1,0,0,0,1
1,0,0,0,1
1,0,0,0,1
1,0,0,0,1
1,0,0,0,1
1,28,0,0,29
1,0,0,0,1
1,1,0,0,2
1,0,0,0,1
1,0,0,0,1
1,3,0,0,4
1,0,0,0,1
1,0,0,0,1
1,0,0,0,1
1,0,0,0,1
1,0,0,0,1
1,0,0,0,1
1,0,0,0,1
1,0,0,0,1
1,0,0,0,1
1,0,0,0,1
1,0,0,0,1
1,0,0,0,1
1,0,0,0,1
2,0,0,0,2
1,0,0,0,1
1,0,0,0,1
1,0,0,0,1
1,0,0,0,1
1,0,0,0,1
1,0,0,0,1
1,0,0,0,1
1,0,0,0,1
1,0,0,0,1
1,0,0,0,1
1,0,0,0,1
1,0,0,0,1
1,0,0,0,1
1,0,0,0,1
1,0,0,0,1
1,0,0,0,1
1,0,0,0,1
1,0,0,0,1
1,0,0,0,1
1,0,0,0,1
1,0,0,0,1
1,0,0,0,1
1,0,0,0,1
1,0,0,0,1
1,0,0,0,1
1,0,0,0,1
1,0,0,0,1
1,0,0,0,1
1,0,0,0,1
1,0,0,0,1
1,0,0,0,1
1,0,0,0,1
1,0,0,0,1
1,0,0,0,1
1,0,0,0,1
1,0,0,0,1
1,0,0,0,1
1,0,0,0,1
1,0,0,0,1
1,0,0,0,1
1,4,0,0,5
2,0,0,0,2
1,0,0,0,1
1,0,0,0,1
1,0,0,0,1
1,0,0,0,1
2,0,0,0,2
1,0,0,0,1
1,0,0,0,1
1,0,0,0,1
1,0,0,0,1
1,0,0,0,1
1,0,0,0,1
1,0,0,0,1
1,0,0,0,1
1,0,0,0,1
1,0,0,0,1
1,0,0,0,1
1,0,0,0,1
1,0,0,0,1
1,0,0,0,1
1,0,0,0,1
1,0,0,0,1
1,0,0,0,1
1,0,0,0,1
1,0,0,0,1
1,0,0,0,1
1,0,0,0,1
1,0,0,0,1
1,0,0,0,1
2,7,2,0,11
1,0,0,0,1
1,0,0,0,1
1,0,0,0,1
1,0,0,0,1
1,0,0,0,1
1,0,0,0,1
1,0,0,0,1
1,0,0,0,1
1,0,0,0,1
1,0,0,0,1
1,0,0,0,1
1,0,0,0,1
2,0,0,0,2
1,0,0,0,1
1,0,0,0,1
1,0,0,0,1
1,0,0,0,1
1,0,0,0,1
1,0,0,0,1
1,0,0,0,1
1,0,0,0,1
1,0,0,0,1
1,0,0,0,1
2,0,0,0,2
2,0,0,0,2
3,0,0,0,3
1,0,0,0,1
1,0,0,0,1
1,0,0,0,1
1,0,0,0,1
1,0,0,0,1
2,0,0,0,2
1,0,0,0,1
1,0,0,0,1
1,0,0,0,1
1,0,0,0,1
1,0,0,0,1
1,0,0,0,1
1,0,0,0,1
1,0,0,0,1
1,1,0,0,2
1,0,0,0,1
1,0,0,0,1
1,0,0,0,1
1,0,0,0,1
1,0,0,0,1
1,0,0,0,1
1,0,0,0,1
1,0,0,0,1
1,0,0,0,1
1,0,0,0,1
1,0,0,0,1
1,0,0,0,1
1,0,0,0,1
1,0,0,0,1
1,0,0,0,1
1,0,0,0,1
1,0,0,0,1
1,0,0,0,1
1,0,0,0,1
1,0,0,0,1
1,0,0,0,1
1,0,0,0,1
1,0,0,0,1
1,0,0,0,1
1,0,0,0,1
1,0,0,0,1
1,0,0,0,1
1,0,0,0,1
1,0,0,0,1
1,0,0,0,1
1,0,0,0,1
1,0,0,0,1
1,0,0,0,1
1,0,0,0,1
1,0,0,0,1
1,0,0,0,1
1,0,0,0,1
1,0,0,0,1
1,0,0,0,1
1,0,0,0,1
1,0,0,0,1
1,0,0,0,1
1,0,0,0,1
1,0,0,0,1
1,0,0,0,1
1,0,0,0,1
1,0,0,0,1
1,0,0,0,1
1,0,0,0,1
1,0,0,0,1
1,0,0,0,1
1,0,0,0,1
1,0,0,0,1
1,0,0,0,1
1,0,0,0,1
1,0,0,0,1
1,0,0,0,1
1,0,0,0,1
1,0,0,0,1
1,0,0,0,1
1,0,0,0,1
1,0,0,0,1
1,0,0,0,1
1,0,0,0,1
1,0,0,0,1
1,0,0,0,1
2,0,0,0,2
1,0,0,0,1
1,0,0,0,1
1,0,0,0,1
1,0,0,0,1
1,0,0,0,1
1,0,0,0,1
1,0,0,0,1
2,0,0,0,2
1,0,0,0,1
1,0,0,0,1
2,2,1,0,5
1,0,0,0,1
1,0,0,0,1
1,0,0,0,1
1,0,0,0,1
1,0,0,0,1
1,0,0,0,1
1,0,0,0,1
1,0,0,0,1
1,0,0,0,1
1,0,0,0,1
1,0,0,0,1
1,0,0,0,1
1,0,0,0,1
1,0,0,0,1
1,0,0,0,1
1,3,1,0,5
1,0,0,0,1
1,0,0,0,1
1,0,0,0,1
1,0,0,0,1
1,0,0,0,1
1,0,0,0,1
1,0,0,0,1
1,0,0,0,1
1,0,0,0,1
1,0,0,0,1
1,0,0,0,1
1,0,0,0,1
1,0,0,0,1
1,0,0,0,1
1,0,0,0,1
1,0,0,0,1
1,0,0,0,1
1,0,0,0,1
1,0,0,0,1
1,0,0,0,1
1,0,0,0,1
1,0,0,0,1
1,0,0,0,1
1,0,0,0,1
1,0,0,0,1
1,0,0,0,1
1,0,0,0,1
1,0,0,0,1
2,0,0,0,2
1,0,0,0,1
1,0,0,0,1
1,0,0,0,1
1,0,0,0,1
1,0,0,0,1
1,0,0,0,1
1,0,0,0,1
1,0,0,0,1
1,0,0,0,1
1,0,0,0,1
1,0,0,0,1
1,0,0,0,1
1,0,0,0,1
1,0,0,0,1
1,0,0,0,1
1,0,0,0,1
1,0,0,0,1
1,0,0,0,1
1,0,0,0,1
1,0,0,0,1
1,7,0,0,8
1,0,0,0,1
1,0,0,0,1
1,0,0,0,1
1,0,0,0,1
1,0,0,0,1
1,0,0,0,1
1,0,0,0,1
1,0,0,0,1
1,0,0,0,1
2,0,0,0,2
1,0,0,0,1
1,0,0,0,1
1,0,0,0,1
1,0,0,0,1
1,10,0,0,11
1,0,0,0,1
1,0,0,0,1
1,0,0,0,1
1,1,1,0,3
1,0,0,0,1
1,0,0,0,1
1,0,0,0,1
1,0,0,0,1
1,0,0,0,1
1,0,0,0,1
1,0,0,0,1
1,0,0,0,1
1,0,0,0,1
1,0,0,0,1
1,3,1,0,5
1,0,0,0,1
1,0,0,0,1
1,0,0,0,1
1,0,0,0,1
1,0,0,0,1
1,0,0,0,1
1,0,0,0,1
1,0,0,0,1
1,0,0,0,1
1,0,0,0,1
1,0,0,0,1
1,0,0,0,1
1,0,0,0,1
1,0,0,0,1
1,0,0,0,1
1,0,0,0,1
1,0,0,0,1
1,20,0,0,21
1,0,0,0,1
1,0,0,0,1
1,0,0,0,1
1,0,0,0,1
1,0,0,0,1
1,0,0,0,1
1,0,0,0,1
1,0,0,0,1
1,0,0,0,1
2,0,0,0,2
1,0,0,0,1
1,0,0,0,1
1,0,0,0,1
1,0,0,0,1
1,0,0,0,1
1,0,0,0,1
1,0,0,0,1
1,10,10,0,21
1,0,0,0,1
1,0,0,0,1
2,0,0,0,2
1,0,0,0,1
1,0,0,0,1
1,0,0,0,1
1,0,0,0,1
1,0,0,0,1
1,0,0,0,1
1,0,0,0,1
2,0,0,0,2
1,2,0,0,3
2,0,0,0,2
2,0,0,0,2
1,0,0,0,1
1,0,0,0,1
1,0,0,0,1
1,0,0,0,1
1,0,0,0,1
2,0,0,0,2
1,0,0,0,1
1,0,0,0,1
1,0,0,0,1
1,0,0,0,1
1,0,0,0,1
1,0,0,0,1
4,0,0,0,4
3,0,0,0,3
1,0,0,0,1
1,0,0,0,1
1,0,0,0,1
1,0,0,0,1
1,0,0,0,1
1,0,0,0,1
1,0,0,0,1
2,0,0,0,2
1,0,0,0,1
2,0,0,0,2
1,0,0,0,1
1,0,0,0,1
1,0,0,0,1
1,0,0,0,1
1,1,0,0,2
1,0,0,0,1
1,0,0,0,1
1,0,0,0,1
1,0,0,0,1
1,0,0,0,1
1,0,0,0,1
2,0,0,0,2
1,0,0,0,1
1,0,0,0,1
1,0,0,0,1
1,0,0,0,1
1,0,0,0,1
1,0,0,0,1
1,0,0,0,1
1,0,0,0,1
1,0,0,0,1
1,0,0,0,1
1,0,0,0,1
1,0,0,0,1
1,0,0,0,1
1,0,0,0,1
1,0,0,0,1
2,0,0,0,2
1,0,0,0,1
1,0,0,0,1
1,0,0,0,1
1,0,0,0,1
1,0,0,0,1
1,0,0,0,1
1,0,0,0,1
1,0,0,0,1
1,0,0,0,1
1,0,0,0,1
1,0,0,0,1
1,0,0,0,1
1,0,0,0,1
1,0,0,0,1
1,0,0,0,1
1,0,0,0,1
2,0,0,0,2
1,0,0,0,1
1,0,0,0,1
2,0,0,0,2
1,0,0,0,1
1,0,0,0,1
2,0,0,0,2
2,0,0,0,2
1,0,0,0,1
1,0,0,0,1
1,0,0,0,1
1,0,0,0,1
1,0,0,0,1
1,0,0,0,1
1,0,0,0,1
1,0,0,0,1
1,0,0,0,1
1,0,0,0,1
1,0,0,0,1
1,0,0,0,1
1,0,0,0,1
1,0,0,0,1
2,0,0,0,2
1,0,0,0,1
1,0,0,0,1
1,0,0,0,1
1,0,0,0,1
1,0,0,0,1
1,0,0,0,1
1,0,0,0,1
1,0,0,0,1
1,0,0,0,1
1,0,0,0,1
1,0,0,0,1
1,0,0,0,1
1,0,0,0,1
1,0,0,0,1
1,0,0,0,1
1,0,0,0,1
1,0,0,0,1
1,0,0,0,1
1,0,0,0,1
2,0,0,0,2
1,0,0,0,1
1,0,0,0,1
1,0,0,0,1
1,0,0,0,1
1,0,0,0,1
1,0,0,0,1
1,0,0,0,1
1,0,0,0,1
1,0,0,0,1
1,0,0,0,1
1,0,0,0,1
2,6,0,0,8
1,0,0,0,1
1,0,0,0,1
1,0,0,0,1
1,0,0,0,1
1,0,0,0,1
1,0,0,0,1
2,0,0,0,2
1,4,0,0,5
1,0,0,0,1
1,0,0,0,1
1,0,0,0,1
1,0,0,0,1
3,3,0,0,6
1,0,0,0,1
1,0,0,0,1
1,0,0,0,1
2,0,0,0,2
1,0,0,0,1
1,0,0,0,1
1,0,0,0,1
1,0,0,0,1
1,0,0,0,1
1,0,0,0,1
1,0,0,0,1
1,0,0,0,1
1,0,0,0,1
1,0,0,0,1
1,0,0,0,1
1,0,0,0,1
1,0,0,0,1
1,0,0,0,1
1,0,0,0,1
1,0,0,0,1
1,0,0,0,1
1,0,0,0,1
1,0,0,0,1
1,0,0,0,1
1,0,0,0,1
1,0,0,0,1
1,0,0,0,1
1,0,0,0,1
1,0,0,0,1
1,2,0,0,3
1,0,0,0,1
1,0,0,0,1
1,0,0,0,1
1,0,0,0,1
1,0,0,0,1
2,0,0,0,2
1,0,0,0,1
1,0,0,0,1
1,0,0,0,1
1,0,0,0,1
1,0,0,0,1
1,0,0,0,1
1,0,0,0,1
2,0,0,0,2
1,0,0,0,1
1,0,0,0,1
1,0,0,0,1
1,0,0,0,1
1,0,0,0,1
1,0,0,0,1
1,0,0,0,1
1,0,0,0,1
1,0,0,0,1
1,0,0,0,1
1,0,0,0,1
1,0,0,0,1
1,0,0,0,1
2,0,0,0,2
1,0,0,0,1
1,0,0,0,1
2,0,0,0,2
1,0,0,0,1
1,0,0,0,1
1,0,0,0,1
1,0,0,0,1
1,0,0,0,1
2,0,0,0,2
1,0,0,0,1
2,0,0,0,2
1,0,0,0,1
1,0,0,0,1
1,0,0,0,1
1,0,0,0,1
1,0,0,0,1
1,0,0,0,1
1,0,0,0,1
1,0,0,0,1
1,0,0,0,1
1,0,0,0,1
1,0,0,0,1
1,0,0,0,1
1,0,0,0,1
1,0,0,0,1
1,0,0,0,1
1,0,0,0,1
1,0,0,0,1
1,0,0,0,1
1,0,0,0,1
1,0,0,0,1
1,0,0,0,1
1,0,0,0,1
1,0,0,0,1
1,0,0,0,1
1,0,0,0,1
1,0,0,0,1
1,0,0,0,1
1,0,0,0,1
1,0,0,0,1
1,0,0,0,1
1,0,0,0,1
1,0,0,0,1
2,1,0,0,3
1,0,0,0,1
1,0,0,0,1
1,0,0,0,1
1,0,0,0,1
1,0,0,0,1
1,0,0,0,1
1,0,0,0,1
1,0,0,0,1
1,0,0,0,1
1,0,0,0,1
1,0,0,0,1
1,0,0,0,1
1,0,0,0,1
1,0,0,0,1
1,0,0,0,1
1,0,0,0,1
1,0,0,0,1
1,0,0,0,1
1,0,0,0,1
1,0,0,0,1
1,0,0,0,1
2,0,0,0,2
1,0,0,0,1
1,0,0,0,1
1,0,0,0,1
1,0,0,0,1
1,0,0,0,1
1,0,0,0,1
1,0,0,0,1
1,0,0,0,1
1,0,0,0,1
1,0,0,0,1
1,0,0,0,1
1,0,0,0,1
1,0,0,0,1
1,0,0,0,1
1,0,0,0,1
1,0,0,0,1
1,0,0,0,1
1,6,0,0,7
1,0,0,0,1
2,0,0,0,2
1,0,0,0,1
2,0,0,0,2
2,0,0,0,2
1,0,0,0,1
1,0,0,0,1
1,0,0,0,1
1,0,0,0,1
1,0,0,0,1
2,0,0,0,2
1,0,0,0,1
1,0,0,0,1
1,0,0,0,1
1,0,0,0,1
1,0,0,0,1
1,0,0,0,1
1,0,0,0,1
1,0,0,0,1
1,0,0,0,1
1,0,0,0,1
1,2,0,0,3
1,0,0,0,1
1,0,0,0,1
1,0,0,0,1
1,0,0,0,1
1,0,0,0,1
1,0,0,0,1
1,0,0,0,1
1,0,0,0,1
1,0,0,0,1
1,0,0,0,1
1,0,0,0,1
1,0,0,0,1
1,0,0,0,1
1,0,0,0,1
1,0,0,0,1
1,1,0,0,2
1,0,0,0,1
1,0,0,0,1
1,0,0,0,1
1,0,0,0,1
1,0,0,0,1
1,0,0,0,1
1,0,0,0,1
1,0,0,0,1
1,0,0,0,1
1,0,0,0,1
1,0,0,0,1
1,0,0,0,1
1,0,0,0,1
1,0,0,0,1
1,0,0,0,1
1,0,0,0,1
1,0,0,0,1
1,0,0,0,1
1,0,0,0,1
1,0,0,0,1
1,0,0,0,1
1,0,0,0,1
1,0,0,0,1
1,0,0,0,1
1,0,0,0,1
2,0,0,0,2
1,0,0,0,1
1,0,0,0,1
1,0,0,0,1
2,0,0,0,2
1,0,0,0,1
1,0,0,0,1
1,0,0,0,1
1,0,0,0,1
1,0,0,0,1
1,0,0,0,1
1,0,0,0,1
1,0,0,0,1
1,0,0,0,1
1,0,0,0,1
1,0,0,0,1
1,0,0,0,1
1,0,0,0,1
1,0,0,0,1
1,0,0,0,1
1,130,0,0,131
1,0,0,0,1
1,0,0,0,1
1,0,0,0,1
1,0,0,0,1
1,3,0,0,4
1,0,0,0,1
1,0,0,0,1
1,0,0,0,1
1,0,0,0,1
1,0,0,0,1
1,0,0,0,1
1,0,0,0,1
1,0,0,0,1
1,0,0,0,1
1,0,0,0,1
1,0,0,0,1
2,0,0,0,2
1,0,0,0,1
1,0,0,0,1
1,0,0,0,1
1,0,0,0,1
1,0,0,0,1
1,0,0,0,1
1,0,0,0,1
1,0,0,0,1
1,0,0,0,1
1,0,0,0,1
1,0,0,0,1
1,0,0,0,1
1,0,0,0,1
1,0,0,0,1
1,0,0,0,1
1,0,0,0,1
1,0,0,0,1
1,0,0,0,1
1,0,0,0,1
1,0,0,0,1
1,0,0,0,1
1,0,0,0,1
1,0,0,0,1
1,0,0,0,1
1,0,0,0,1
1,0,0,0,1
1,0,0,0,1
1,0,0,0,1
1,0,0,0,1
1,0,0,0,1
1,0,0,0,1
1,0,0,0,1
1,0,0,0,1
1,0,0,0,1
1,0,0,0,1
1,0,0,0,1
1,0,0,0,1
1,0,0,0,1
1,0,0,0,1
1,0,0,0,1
1,0,0,0,1
1,0,0,0,1
1,0,0,0,1
1,0,0,0,1
1,0,0,0,1
1,0,0,0,1
1,0,0,0,1
1,0,0,0,1
1,0,0,0,1
2,0,0,0,2
1,0,0,0,1
1,0,0,0,1
1,0,0,0,1
1,0,0,0,1
1,0,0,0,1
1,0,0,0,1
1,0,0,0,1
1,0,0,0,1
1,0,0,0,1
1,0,0,0,1
2,0,0,0,2
1,0,0,0,1
1,0,0,0,1
1,0,0,0,1
1,0,0,0,1
1,0,0,0,1
1,0,0,0,1
1,0,0,0,1
1,0,0,0,1
1,0,0,0,1
1,0,0,0,1
1,0,0,0,1
1,0,0,0,1
1,0,0,0,1
1,0,0,0,1
2,0,0,0,2
1,0,0,0,1
1,0,0,0,1
1,0,0,0,1
1,0,0,0,1
1,0,0,0,1
1,0,0,0,1
1,0,0,0,1
1,0,0,0,1
1,0,0,0,1
1,0,0,0,1
1,0,0,0,1
1,0,0,0,1
1,0,0,0,1
1,0,0,0,1
1,0,0,0,1
1,0,0,0,1
1,0,0,0,1
1,0,0,0,1
1,0,0,0,1
1,0,0,0,1
1,0,0,0,1
1,0,0,0,1
2,0,0,0,2
1,0,0,0,1
1,0,0,0,1
1,0,0,0,1
1,0,0,0,1
1,0,0,0,1
1,0,0,0,1
1,0,0,0,1
1,0,0,0,1
3,0,0,0,3
1,0,0,0,1
2,0,0,0,2
1,0,0,0,1
1,0,0,0,1
1,0,0,0,1
1,0,0,0,1
1,0,0,0,1
1,0,0,0,1
1,0,0,0,1
1,0,0,0,1
1,0,0,0,1
1,0,0,0,1
1,0,0,0,1
1,0,0,0,1
1,57,13,0,71
1,5,1,0,7
1,0,0,0,1
1,0,0,0,1
1,0,0,0,1
1,0,0,0,1
1,0,0,0,1
1,0,0,0,1
1,0,0,0,1
1,0,0,0,1
1,3,0,0,4
1,0,0,0,1
1,0,0,0,1
1,0,0,0,1
1,0,0,0,1
1,0,0,0,1
1,0,0,0,1
1,0,0,0,1
1,0,0,0,1
1,0,0,0,1
1,0,0,0,1
1,0,0,0,1
1,0,0,0,1
1,0,0,0,1
1,0,0,0,1
1,0,0,0,1
1,0,0,0,1
1,0,0,0,1
1,0,0,0,1
1,0,0,0,1
1,0,0,0,1
2,0,0,0,2
1,0,0,0,1
1,0,0,0,1
1,0,0,0,1
1,0,0,0,1
1,0,0,0,1
1,0,0,0,1
1,0,0,0,1
1,0,0,0,1
1,0,0,0,1
1,0,0,0,1
1,0,0,0,1
1,0,0,0,1
1,0,0,0,1
1,0,0,0,1
2,0,0,0,2
1,0,0,0,1
1,3,0,0,4
1,0,0,0,1
1,0,0,0,1
1,0,0,0,1
1,0,0,0,1
1,0,0,0,1
1,0,0,0,1
1,0,0,0,1
1,0,0,0,1
1,0,0,0,1
1,0,0,0,1
1,0,0,0,1
2,0,0,0,2
1,0,0,0,1
1,0,0,0,1
1,0,0,0,1
1,0,0,0,1
1,0,0,0,1
1,0,0,0,1
1,0,0,0,1
1,0,0,0,1
1,0,0,0,1
1,0,0,0,1
2,0,0,0,2
1,0,0,0,1
1,0,0,0,1
1,0,0,0,1
2,0,0,0,2
1,0,0,0,1
1,0,0,0,1
1,0,0,0,1
1,0,0,0,1
1,0,0,0,1
1,0,0,0,1
1,0,0,0,1
1,0,0,0,1
1,0,0,0,1
1,6,0,0,7
1,0,0,0,1
2,0,0,0,2
1,0,0,0,1
1,0,0,0,1
1,0,0,0,1
1,0,0,0,1
1,0,0,0,1
1,0,0,0,1
1,0,0,0,1
1,0,0,0,1
1,2,8,0,11
1,0,0,0,1
1,0,0,0,1
1,0,0,0,1
1,0,0,0,1
1,0,0,0,1
1,0,0,0,1
1,0,0,0,1
1,0,0,0,1
1,0,0,0,1
1,0,0,0,1
1,0,0,0,1
1,0,0,0,1
1,0,0,0,1
1,0,0,0,1
1,0,0,0,1
1,0,0,0,1
1,0,0,0,1
1,2,3,0,6
1,0,0,0,1
1,0,0,0,1
1,0,0,0,1
1,0,0,0,1
1,0,0,0,1
1,0,0,0,1
1,0,0,0,1
1,0,0,0,1
1,0,0,0,1
1,0,0,0,1
1,0,0,0,1
1,0,0,0,1
1,0,0,0,1
1,0,0,0,1
1,0,0,0,1
1,0,0,0,1
1,0,0,0,1
1,0,0,0,1
1,0,0,0,1
2,0,0,0,2
2,0,0,0,2
2,0,0,0,2
1,0,0,0,1
1,0,0,0,1
1,0,0,0,1
1,0,0,0,1
1,2,0,0,3
1,0,0,0,1
1,0,0,0,1
1,0,0,0,1
1,0,0,0,1
1,0,0,0,1
1,0,0,0,1
1,0,0,0,1
1,0,0,0,1
1,0,0,0,1
1,0,0,0,1
2,0,0,0,2
1,0,0,0,1
1,0,0,0,1
1,0,0,0,1
1,0,0,0,1
1,0,0,0,1
1,0,0,0,1
1,0,0,0,1
1,75,1,0,77
1,0,0,0,1
1,0,0,0,1
1,0,0,0,1
1,0,0,0,1
1,0,0,0,1
1,0,0,0,1
1,0,0,0,1
1,0,0,0,1
1,0,0,0,1
1,0,0,0,1
1,0,0,0,1
1,0,0,0,1
1,0,0,0,1
1,0,0,0,1
1,0,0,0,1
1,0,0,0,1
1,0,0,0,1
1,0,0,0,1
1,0,0,0,1
1,0,0,0,1
1,0,0,0,1
1,0,0,0,1
1,1,1,0,3
2,0,0,0,2
1,0,0,0,1
1,0,0,0,1
1,0,0,0,1
1,0,0,0,1
1,0,0,0,1
1,0,0,0,1
1,2,0,0,3
1,0,0,0,1
1,0,0,0,1
1,0,0,0,1
1,0,0,0,1
1,0,0,0,1
1,0,0,0,1
1,0,0,0,1
1,0,0,0,1
2,0,0,0,2
1,0,0,0,1
1,0,0,0,1
1,0,0,0,1
1,0,0,0,1
1,0,0,0,1
1,0,0,0,1
1,0,0,0,1
1,0,0,0,1
1,0,0,0,1
1,0,0,0,1
1,0,0,0,1
1,0,0,0,1
1,0,0,0,1
1,0,0,0,1
1,0,0,0,1
1,0,0,0,1
1,0,0,0,1
1,0,0,0,1
1,0,0,0,1
1,0,0,0,1
1,0,0,0,1
1,0,0,0,1
2,0,0,0,2
1,0,0,0,1
1,0,0,0,1
1,0,0,0,1
1,0,0,0,1
1,0,0,0,1
1,0,0,0,1
1,0,0,0,1
1,0,0,0,1
1,0,0,0,1
1,0,0,0,1
1,0,0,0,1
1,0,0,0,1
1,0,0,0,1
1,0,0,0,1
2,0,0,0,2
1,0,0,0,1
2,0,0,0,2
1,0,0,0,1
1,0,0,0,1
1,0,0,0,1
1,0,0,0,1
2,0,0,0,2
1,0,0,0,1
1,0,0,0,1
1,0,0,0,1
1,0,0,0,1
1,0,0,0,1
1,0,0,0,1
1,0,0,0,1
1,0,0,0,1
1,0,0,0,1
1,0,0,0,1
1,0,0,0,1
1,0,0,0,1
1,0,0,0,1
1,0,0,0,1
1,0,0,0,1
1,0,0,0,1
1,0,0,0,1
1,0,0,0,1
1,0,0,0,1
1,0,0,0,1
1,0,0,0,1
2,0,0,0,2
1,0,0,0,1
1,0,0,0,1
2,0,0,0,2
1,0,0,0,1
1,0,0,0,1
1,0,0,0,1
1,0,0,0,1
1,0,0,0,1
1,0,0,0,1
1,0,0,0,1
1,0,0,0,1
1,0,0,0,1
1,0,0,0,1
1,0,0,0,1
1,0,0,0,1
1,0,0,0,1
1,0,0,0,1
1,0,0,0,1
1,0,0,0,1
1,0,0,0,1
1,0,0,0,1
1,0,0,0,1
1,0,0,0,1
1,0,0,0,1
1,0,0,0,1
1,0,0,0,1
1,0,0,0,1
1,0,0,0,1
1,8,1,0,10
1,0,0,0,1
1,0,0,0,1
1,0,0,0,1
1,0,0,0,1
1,0,0,0,1
1,0,0,0,1
1,0,0,0,1
1,0,0,0,1
1,0,0,0,1
1,0,0,0,1
1,0,0,0,1
1,0,0,0,1
1,0,0,0,1
1,0,0,0,1
1,0,0,0,1
1,0,0,0,1
2,0,0,0,2
1,0,0,0,1
1,0,0,0,1
1,0,0,0,1
1,0,0,0,1
2,0,0,0,2
1,0,0,0,1
1,0,0,0,1
1,0,0,0,1
1,0,0,0,1
1,0,0,0,1
1,0,0,0,1
1,0,0,0,1
1,0,0,0,1
1,0,0,0,1
1,0,0,0,1
1,0,0,0,1
1,0,0,0,1
2,0,0,0,2
2,0,0,0,2
1,0,0,0,1
1,0,0,0,1
1,0,0,0,1
1,0,0,0,1
1,0,0,0,1
1,0,0,0,1
1,0,0,0,1
1,0,0,0,1
1,0,0,0,1
1,0,0,0,1
1,0,0,0,1
1,0,0,0,1
1,0,0,0,1
1,0,0,0,1
1,0,0,0,1
1,0,0,0,1
1,0,0,0,1
1,0,0,0,1
1,0,0,0,1
1,0,0,0,1
1,0,0,0,1
1,0,0,0,1
2,1,1,0,4
1,0,0,0,1
1,0,0,0,1
1,0,0,0,1
1,3,0,0,4
2,0,0,0,2
1,0,0,0,1
1,0,0,0,1
1,0,0,0,1
1,0,0,0,1
1,0,0,0,1
1,0,0,0,1
1,0,0,0,1
1,0,0,0,1
1,0,0,0,1
1,15,8,0,24
1,0,0,0,1
1,0,0,0,1
1,0,0,0,1
1,0,0,0,1
1,0,0,0,1
1,0,0,0,1
1,0,0,0,1
1,0,0,0,1
1,0,0,0,1
1,0,0,0,1
1,0,0,0,1
1,9,0,0,10
1,0,0,0,1
1,0,0,0,1
1,0,0,0,1
1,15,0,0,16
1,0,0,0,1
1,0,0,0,1
1,2,0,0,3
1,0,0,0,1
1,0,0,0,1
1,0,0,0,1
1,0,0,0,1
1,0,0,0,1
1,0,0,0,1
1,0,0,0,1
1,0,0,0,1
1,0,0,0,1
1,0,0,0,1
1,0,0,0,1
1,0,0,0,1
1,0,0,0,1
1,0,0,0,1
1,0,0,0,1
1,0,0,0,1
1,0,0,0,1
1,3,1,0,5
1,0,0,0,1
1,0,0,0,1
1,0,0,0,1
1,0,0,0,1
1,0,0,0,1
1,0,0,0,1
1,0,0,0,1
2,0,0,0,2
1,0,0,0,1
1,0,0,0,1
1,0,0,0,1
1,0,0,0,1
1,0,0,0,1
1,0,0,0,1
1,0,0,0,1
1,0,0,0,1
1,0,0,0,1
1,4,0,0,5
1,0,0,0,1
1,0,0,0,1
1,0,0,0,1
2,2,0,0,4
1,0,0,0,1
1,0,0,0,1
1,0,0,0,1
1,0,0,0,1
1,0,0,0,1
1,0,0,0,1
1,0,0,0,1
1,0,0,0,1
1,0,0,0,1
1,0,0,0,1
1,0,0,0,1
3,0,0,0,3
1,0,0,0,1
1,0,0,0,1
1,0,0,0,1
1,0,0,0,1
1,0,0,0,1
1,0,0,0,1
1,0,0,0,1
1,0,0,0,1
1,0,0,0,1
1,0,0,0,1
1,0,0,0,1
1,0,0,0,1
1,0,0,0,1
2,0,0,0,2
1,0,0,0,1
1,0,0,0,1
1,0,0,0,1
1,0,0,0,1
1,0,0,0,1
1,0,0,0,1
1,0,0,0,1
1,0,0,0,1
1,0,0,0,1
1,0,0,0,1
1,0,0,0,1
1,0,0,0,1
1,8,0,0,9
1,0,0,0,1
1,0,0,0,1
1,0,0,0,1
1,0,0,0,1
1,0,0,0,1
1,0,0,0,1
1,0,0,0,1
1,0,0,0,1
1,0,0,0,1
1,0,0,0,1
1,0,0,0,1
1,0,0,0,1
1,0,0,0,1
1,0,0,0,1
1,0,0,0,1
1,0,0,0,1
1,0,0,0,1
1,0,0,0,1
1,0,0,0,1
1,0,0,0,1
1,1,0,0,2
1,0,0,0,1
1,0,0,0,1
1,0,0,0,1
1,0,0,0,1
1,0,0,0,1
1,0,0,0,1
1,0,0,0,1
1,0,0,0,1
1,0,0,0,1
1,0,0,0,1
1,0,0,0,1
1,0,0,0,1
1,0,0,0,1
1,0,0,0,1
1,0,0,0,1
1,0,0,0,1
1,0,0,0,1
1,0,0,0,1
1,0,0,0,1
1,0,0,0,1
1,0,0,0,1
1,0,0,0,1
2,0,0,0,2
1,0,0,0,1
1,0,0,0,1
1,0,0,0,1
1,0,0,0,1
1,0,0,0,1
1,0,0,0,1
1,0,0,0,1
1,0,0,0,1
1,0,0,0,1
1,0,0,0,1
2,0,0,0,2
1,0,0,0,1
1,0,0,0,1
1,0,0,0,1
2,0,0,0,2
1,0,0,0,1
1,0,0,0,1
1,0,0,0,1
1,0,0,0,1
1,0,0,0,1
1,0,0,0,1
1,0,0,0,1
1,0,0,0,1
1,0,0,0,1
1,0,0,0,1
1,0,0,0,1
1,0,0,0,1
1,0,0,0,1
1,0,0,0,1
1,0,0,0,1
1,0,0,0,1
1,0,0,0,1
1,0,0,0,1
1,0,0,0,1
1,0,0,0,1
1,0,0,0,1
1,0,0,0,1
1,0,0,0,1
1,0,0,0,1
1,0,0,0,1
1,0,0,0,1
1,0,0,0,1
1,0,0,0,1
2,0,0,0,2
1,0,0,0,1
1,0,0,0,1
1,0,0,0,1
1,0,0,0,1
1,0,0,0,1
1,0,0,0,1
1,0,0,0,1
1,0,0,0,1
1,0,0,0,1
1,0,0,0,1
1,0,0,0,1
1,0,0,0,1
1,0,0,0,1
1,0,0,0,1
1,0,0,0,1
1,0,0,0,1
2,0,0,0,2
1,0,0,0,1
1,0,0,0,1
1,0,0,0,1
1,0,0,0,1
1,0,0,0,1
1,0,0,0,1
2,5,2,0,9
1,0,0,0,1
3,0,0,0,3
1,0,0,0,1
1,0,0,0,1
1,0,0,0,1
1,0,0,0,1
3,0,0,0,3
1,0,0,0,1
2,30,0,0,32
1,0,0,0,1
1,0,0,0,1
1,0,0,0,1
1,0,0,0,1
1,0,0,0,1
1,0,0,0,1
1,0,0,0,1
1,0,0,0,1
1,0,0,0,1
1,0,0,0,1
1,0,0,0,1
1,0,0,0,1
1,0,0,0,1
1,0,0,0,1
1,0,0,0,1
1,0,0,0,1
1,0,0,0,1
1,0,0,0,1
1,0,0,0,1
1,0,0,0,1
1,0,0,0,1
1,0,0,0,1
1,0,0,0,1
1,0,0,0,1
1,0,0,0,1
1,0,0,0,1
1,0,0,0,1
1,0,0,0,1
1,0,0,0,1
1,0,0,0,1
1,0,0,0,1
1,0,0,0,1
1,0,0,0,1
1,0,0,0,1
1,0,0,0,1
1,0,0,0,1
1,0,0,0,1
1,0,0,0,1
1,0,0,0,1
1,0,0,0,1
1,0,0,0,1
1,0,0,0,1
1,0,0,0,1
1,0,0,0,1
1,0,0,0,1
2,0,0,0,2
1,0,0,0,1
1,0,0,0,1
1,0,0,0,1
1,0,0,0,1
2,11,0,0,13
1,0,0,0,1
1,0,0,0,1
1,1,0,0,2
1,0,0,0,1
1,0,0,0,1
1,0,0,0,1
2,0,0,0,2
1,0,0,0,1
1,0,0,0,1
1,0,0,0,1
1,0,0,0,1
2,0,0,0,2
1,0,0,0,1
1,0,0,0,1
1,0,0,0,1
1,0,0,0,1
1,0,1,0,2
1,0,0,0,1
1,0,0,0,1
1,0,0,0,1
1,0,0,0,1
1,0,0,0,1
1,0,0,0,1
1,0,0,0,1
1,0,0,0,1
1,0,0,0,1
1,0,0,0,1
1,0,0,0,1
1,2,2,0,5
1,0,0,0,1
1,0,0,0,1
1,0,0,0,1
1,0,0,0,1
1,6,0,0,7
1,0,0,0,1
1,0,0,0,1
1,0,0,0,1
2,0,0,0,2
1,0,0,0,1
1,0,0,0,1
1,0,0,0,1
1,0,0,0,1
1,0,0,0,1
1,0,0,0,1
1,0,0,0,1
1,0,0,0,1
1,11,0,0,12
1,0,0,0,1
1,0,0,0,1
1,0,0,0,1
1,0,0,0,1
1,0,0,0,1
1,0,0,0,1
1,0,0,0,1
1,0,0,0,1
1,0,0,0,1
1,0,0,0,1
1,0,0,0,1
1,0,0,0,1
1,0,0,0,1
1,0,0,0,1
1,0,0,0,1
1,0,0,0,1
1,0,0,0,1
1,2,1,0,4
1,0,0,0,1
1,0,0,0,1
1,0,0,0,1
1,0,0,0,1
1,0,0,0,1
2,0,0,0,2
1,0,0,0,1
1,0,0,0,1
1,0,0,0,1
1,0,0,0,1
1,0,0,0,1
1,0,0,0,1
1,0,0,0,1
1,0,0,0,1
1,0,0,0,1
1,0,0,0,1
1,0,0,0,1
1,0,0,0,1
1,0,0,0,1
1,0,0,0,1
1,0,0,0,1
1,0,0,0,1
1,0,0,0,1
1,0,0,0,1
1,0,0,0,1
1,0,0,0,1
1,0,0,0,1
1,3,0,0,4
2,0,0,0,2
1,0,0,0,1
1,0,0,0,1
1,0,0,0,1
1,0,0,0,1
1,0,0,0,1
1,0,0,0,1
1,0,0,0,1
1,0,0,0,1
1,0,0,0,1
1,0,0,0,1
1,0,0,0,1
1,0,0,0,1
1,0,0,0,1
1,0,0,0,1
1,0,0,0,1
1,0,0,0,1
2,0,0,0,2
1,0,0,0,1
1,0,0,0,1
1,0,0,0,1
1,0,1,0,2
1,0,0,0,1
1,0,0,0,1
1,0,0,0,1
1,0,0,0,1
1,0,0,0,1
2,0,0,0,2
1,0,0,0,1
1,0,0,0,1
1,0,0,0,1
1,0,0,0,1
1,11,0,0,12
1,0,0,0,1
1,0,0,0,1
1,2,1,0,4
1,0,0,0,1
1,0,0,0,1
1,0,0,0,1
1,0,0,0,1
1,0,0,0,1
1,0,0,0,1
1,0,0,0,1
1,0,0,0,1
1,0,0,0,1
1,0,0,0,1
1,0,0,0,1
1,0,0,0,1
1,0,0,0,1
1,0,0,0,1
1,0,0,0,1
1,0,0,0,1
1,0,0,0,1
2,0,0,0,2
3,0,0,0,3
1,0,0,0,1
1,0,0,0,1
1,0,0,0,1
1,0,0,0,1
1,0,0,0,1
1,0,0,0,1
1,0,0,0,1
1,0,0,0,1
1,0,0,0,1
1,0,0,0,1
1,0,0,0,1
1,0,0,0,1
1,0,0,0,1
1,0,0,0,1
1,0,0,0,1
1,0,0,0,1
1,0,0,0,1
1,0,0,0,1
1,0,0,0,1
1,0,0,0,1
1,0,0,0,1
1,0,0,0,1
1,0,0,0,1
1,0,0,0,1
1,0,0,0,1
1,0,0,0,1
1,0,0,0,1
1,0,0,0,1
1,0,0,0,1
1,0,0,0,1
1,0,0,0,1
1,0,0,0,1
1,0,0,0,1
1,0,0,0,1
1,0,0,0,1
1,0,0,0,1
1,0,0,0,1
1,0,0,0,1
1,0,0,0,1
1,0,0,0,1
1,0,1,0,2
1,0,0,0,1
2,0,0,0,2
1,0,0,0,1
1,0,0,0,1
1,0,0,0,1
1,0,0,0,1
1,0,0,0,1
1,0,0,0,1
1,0,0,0,1
1,0,0,0,1
2,0,0,0,2
1,0,0,0,1
1,0,0,0,1
1,0,0,0,1
1,0,0,0,1
1,0,0,0,1
1,0,0,0,1
1,0,0,0,1
1,0,0,0,1
1,0,0,0,1
1,0,0,0,1
1,0,0,0,1
1,0,0,0,1
1,0,0,0,1
1,0,0,0,1
1,0,0,0,1
1,0,0,0,1
1,0,0,0,1
1,0,0,0,1
1,0,0,0,1
1,0,0,0,1
1,0,0,0,1
1,0,0,0,1
1,0,0,0,1
1,0,0,0,1
1,0,0,0,1
2,1,0,0,3
1,0,0,0,1
1,0,0,0,1
2,0,0,0,2
1,0,0,0,1
1,0,0,0,1
1,0,0,0,1
1,0,0,0,1
1,0,0,0,1
1,0,0,0,1
1,0,0,0,1
1,0,0,0,1
1,0,0,0,1
2,0,0,0,2
1,0,0,0,1
1,0,0,0,1
2,0,0,0,2
2,0,0,0,2
1,0,0,0,1
1,0,0,0,1
1,0,0,0,1
1,0,0,0,1
1,0,0,0,1
1,0,0,0,1
1,0,0,0,1
1,0,0,0,1
1,0,0,0,1
1,0,0,0,1
1,0,0,0,1
1,0,0,0,1
1,1,1,0,3
1,0,0,0,1
1,0,0,0,1
1,0,0,0,1
1,1,0,0,2
1,0,0,0,1
1,0,0,0,1
1,0,0,0,1
1,0,0,0,1
1,0,0,0,1
1,0,0,0,1
1,0,0,0,1
1,0,0,0,1
1,0,0,0,1
1,0,0,0,1
1,1,0,0,2
1,0,0,0,1
1,0,0,0,1
1,0,0,0,1
2,0,0,0,2
1,0,0,0,1
1,0,0,0,1
1,0,0,0,1
1,0,0,0,1
1,0,0,0,1
1,0,0,0,1
1,0,0,0,1
1,0,0,0,1
1,0,0,0,1
1,0,0,0,1
1,0,0,0,1
2,5,0,0,7
1,0,0,0,1
1,0,0,0,1
1,0,0,0,1
1,0,0,0,1
1,0,0,0,1
1,0,0,0,1
1,0,0,0,1
1,0,0,0,1
1,0,0,0,1
1,0,0,0,1
1,0,0,0,1
1,0,0,0,1
1,0,0,0,1
1,0,0,0,1
1,0,0,0,1
1,0,0,0,1
1,0,0,0,1
1,0,0,0,1
1,0,0,0,1
1,0,0,0,1
1,0,0,0,1
1,0,0,0,1
1,0,0,0,1
1,0,0,0,1
1,0,0,0,1
1,0,0,0,1
1,0,0,0,1
1,0,0,0,1
1,0,0,0,1
1,0,0,0,1
1,0,0,0,1
1,0,0,0,1
1,0,0,0,1
1,11,0,0,12
1,0,0,0,1
1,0,0,0,1
1,0,0,0,1
1,0,0,0,1
1,0,0,0,1
1,0,0,0,1
1,0,0,0,1
1,0,0,0,1
1,0,0,0,1
1,0,0,0,1
1,0,0,0,1
1,0,0,0,1
1,0,0,0,1
1,0,0,0,1
1,0,0,0,1
1,0,0,0,1
1,0,0,0,1
2,0,0,0,2
1,0,0,0,1
1,0,0,0,1
1,0,0,0,1
1,0,0,0,1
1,0,0,0,1
1,0,0,0,1
1,0,0,0,1
1,0,0,0,1
1,0,0,0,1
1,0,0,0,1
1,0,0,0,1
1,0,0,0,1
1,0,0,0,1
1,0,0,0,1
1,0,0,0,1
1,0,0,0,1
1,0,0,0,1
1,0,0,0,1
1,0,0,0,1
1,0,0,0,1
1,2,1,0,4
1,0,0,0,1
1,0,0,0,1
1,0,0,0,1
1,0,0,0,1
1,0,0,0,1
1,0,0,0,1
1,0,0,0,1
1,0,0,0,1
1,0,0,0,1
1,0,0,0,1
1,0,0,0,1
1,0,0,0,1
1,0,0,0,1
1,0,0,0,1
1,0,0,0,1
1,0,0,0,1
1,0,0,0,1
1,0,0,0,1
1,0,0,0,1
1,0,0,0,1
1,8,0,0,9
1,0,0,0,1
1,0,0,0,1
1,0,0,0,1
1,0,0,0,1
1,0,0,0,1
2,0,0,0,2
1,0,0,0,1
1,0,0,0,1
1,0,0,0,1
1,0,0,0,1
1,0,0,0,1
1,0,0,0,1
2,0,0,0,2
1,0,0,0,1
1,0,0,0,1
1,0,0,0,1
2,0,0,0,2
1,0,0,0,1
1,0,0,0,1
1,0,0,0,1
1,0,0,0,1
1,0,0,0,1
1,0,0,0,1
1,0,0,0,1
1,0,0,0,1
1,0,0,0,1
1,0,0,0,1
1,0,0,0,1
1,0,0,0,1
1,0,0,0,1
1,0,0,0,1
1,0,0,0,1
1,0,0,0,1
1,0,0,0,1
1,0,0,0,1
1,0,0,0,1
1,0,0,0,1
1,0,0,0,1
1,0,0,0,1
1,0,0,0,1
1,53,0,0,54
1,0,0,0,1
1,0,0,0,1
1,0,0,0,1
1,0,0,0,1
2,0,0,0,2
2,0,0,0,2
1,0,0,0,1
1,0,0,0,1
1,0,0,0,1
1,0,0,0,1
1,0,0,0,1
1,0,0,0,1
1,0,0,0,1
1,0,0,0,1
1,0,0,0,1
1,0,0,0,1
1,0,0,0,1
1,0,0,0,1
1,0,0,0,1
1,0,0,0,1
1,0,0,0,1
1,0,0,0,1
1,0,0,0,1
1,0,0,0,1
1,0,0,0,1
1,0,0,0,1
1,0,0,0,1
1,0,0,0,1
1,0,0,0,1
1,0,0,0,1
1,0,0,0,1
1,0,0,0,1
1,0,0,0,1
1,0,0,0,1
1,0,0,0,1
1,0,0,0,1
1,0,0,0,1
1,0,0,0,1
1,0,0,0,1
1,0,0,0,1
1,0,0,0,1
1,3,0,0,4
1,0,0,0,1
1,0,0,0,1
1,0,0,0,1
1,0,0,0,1
1,0,0,0,1
1,0,0,0,1
2,0,0,0,2
1,0,0,0,1
1,0,0,0,1
1,0,0,0,1
1,0,0,0,1
1,0,0,0,1
1,0,0,0,1
4,5,0,0,9
1,0,0,0,1
1,0,0,0,1
1,0,0,0,1
1,0,0,0,1
1,0,0,0,1
1,0,0,0,1
1,0,0,0,1
1,0,0,0,1
1,0,0,0,1
1,0,0,0,1
1,0,0,0,1
1,0,0,0,1
1,0,0,0,1
1,0,0,0,1
1,0,0,0,1
1,0,0,0,1
1,0,0,0,1
1,0,0,0,1
1,0,0,0,1
1,0,0,0,1
1,0,0,0,1
1,0,0,0,1
1,0,0,0,1
1,0,0,0,1
1,0,0,0,1
1,0,0,0,1
1,0,0,0,1
1,0,0,0,1
1,0,0,0,1
1,0,0,0,1
1,0,0,0,1
1,0,0,0,1
1,0,0,0,1
1,0,0,0,1
1,0,0,0,1
1,0,0,0,1
1,0,0,0,1
1,0,0,0,1
1,0,0,0,1
1,0,0,0,1
1,0,0,0,1
1,0,0,0,1
1,0,0,0,1
1,0,0,0,1
1,0,0,0,1
1,438,0,0,439
1,0,0,0,1
1,0,0,0,1
1,0,0,0,1
1,0,0,0,1
1,0,0,0,1
1,0,0,0,1
1,1,0,0,2
1,0,0,0,1
1,0,0,0,1
1,0,0,0,1
1,0,0,0,1
1,0,0,0,1
1,0,0,0,1
1,0,0,0,1
1,0,0,0,1
1,0,0,0,1
1,0,0,0,1
1,0,0,0,1
1,0,0,0,1
1,0,0,0,1
1,0,0,0,1
2,0,0,0,2
1,0,0,0,1
1,0,0,0,1
1,0,0,0,1
1,0,0,0,1
1,0,0,0,1
1,0,0,0,1
1,0,0,0,1
1,0,0,0,1
1,0,0,0,1
1,0,0,0,1
1,0,0,0,1
1,0,0,0,1
1,0,0,0,1
1,0,0,0,1
1,0,0,0,1
1,0,0,0,1
1,0,0,0,1
1,0,0,0,1
1,0,0,0,1
1,0,0,0,1
1,0,0,0,1
1,0,0,0,1
1,0,0,0,1
1,0,0,0,1
1,0,0,0,1
1,0,0,0,1
1,0,0,0,1
1,0,0,0,1
1,0,0,0,1
1,0,0,0,1
1,0,0,0,1
1,0,0,0,1
1,0,0,0,1
1,0,0,0,1
1,0,0,0,1
1,0,0,0,1
1,0,0,0,1
1,0,0,0,1
1,0,0,0,1
1,0,0,0,1
1,0,0,0,1
1,0,0,0,1
1,0,0,0,1
1,0,0,0,1
1,0,0,0,1
1,0,0,0,1
1,0,0,0,1
1,0,0,0,1
1,0,0,0,1
1,0,0,0,1
1,0,0,0,1
1,0,0,0,1
1,0,0,0,1
2,0,0,0,2
1,0,0,0,1
1,0,0,0,1
1,0,0,0,1
1,0,0,0,1
1,0,0,0,1
1,0,0,0,1
1,0,0,0,1
1,0,0,0,1
1,0,0,0,1
1,0,0,0,1
1,0,0,0,1
1,0,0,0,1
1,0,0,0,1
1,0,0,0,1
1,0,0,0,1
1,0,0,0,1
1,0,0,0,1
1,0,0,0,1
1,0,0,0,1
1,0,0,0,1
1,0,0,0,1
1,0,0,0,1
1,0,0,0,1
1,0,0,0,1
1,0,0,0,1
1,0,0,0,1
1,0,0,0,1
1,0,0,0,1
1,0,0,0,1
1,0,0,0,1
1,0,0,0,1
1,0,0,0,1
1,0,0,0,1
1,0,0,0,1
1,0,0,0,1
1,0,0,0,1
1,0,0,0,1
1,0,0,0,1
1,0,0,0,1
2,0,0,0,2
1,0,0,0,1
1,0,0,0,1
1,0,0,0,1
1,0,0,0,1
1,0,0,0,1
2,0,0,0,2
1,0,0,0,1
1,0,0,0,1
1,0,0,0,1
1,0,0,0,1
1,0,0,0,1
2,0,0,0,2
1,0,0,0,1
1,0,0,0,1
1,0,0,0,1
1,0,0,0,1
1,0,0,0,1
1,0,0,0,1
1,0,0,0,1
1,0,0,0,1
1,0,0,0,1
1,0,0,0,1
1,0,0,0,1
1,0,0,0,1
1,0,0,0,1
1,0,0,0,1
1,0,0,0,1
1,0,0,0,1
1,0,0,0,1
1,0,0,0,1
1,0,0,0,1
2,0,0,0,2
1,0,0,0,1
1,0,0,0,1
1,0,0,0,1
2,0,0,0,2
1,1,0,0,2
1,0,0,0,1
1,0,0,0,1
1,0,0,0,1
1,0,0,0,1
1,0,0,0,1
2,0,0,0,2
1,0,0,0,1
1,0,0,0,1
1,0,0,0,1
1,0,0,0,1
1,0,0,0,1
1,0,0,0,1
1,0,0,0,1
1,0,0,0,1
1,0,0,0,1
1,0,0,0,1
1,0,0,0,1
1,0,0,0,1
1,0,0,0,1
1,0,0,0,1
1,0,0,0,1
1,0,0,0,1
1,0,0,0,1
1,0,0,0,1
1,0,0,0,1
1,0,0,0,1
1,0,0,0,1
1,0,0,0,1
1,0,0,0,1
1,0,0,0,1
1,0,0,0,1
1,0,0,0,1
1,0,0,0,1
1,0,0,0,1
1,0,0,0,1
1,0,0,0,1
1,0,0,0,1
1,0,0,0,1
1,0,0,0,1
1,0,0,0,1
1,0,0,0,1
1,0,0,0,1
1,0,0,0,1
1,0,0,0,1
1,0,0,0,1
1,0,0,0,1
1,0,0,0,1
1,0,0,0,1
1,0,0,0,1
1,0,0,0,1
1,0,0,0,1
1,0,0,0,1
1,0,0,0,1
1,0,0,0,1
1,0,0,0,1
1,0,0,0,1
1,0,0,0,1
1,0,0,0,1
1,0,0,0,1
1,0,0,0,1
1,0,0,0,1
1,0,0,0,1
1,0,0,0,1
1,0,0,0,1
1,41,0,0,42
1,0,0,0,1
1,0,0,0,1
1,0,0,0,1
1,0,0,0,1
1,0,0,0,1
1,0,0,0,1
1,0,0,0,1
1,0,0,0,1
1,0,0,0,1
1,0,0,0,1
1,0,0,0,1
1,0,0,0,1
1,0,0,0,1
1,0,0,0,1
1,0,0,0,1
1,0,0,0,1
1,0,0,0,1
1,0,0,0,1
1,0,0,0,1
1,0,0,0,1
1,0,0,0,1
1,0,0,0,1
1,0,0,0,1
1,0,0,0,1
1,0,0,0,1
1,0,0,0,1
1,0,0,0,1
1,0,0,0,1
1,0,0,0,1
1,0,0,0,1
1,0,0,0,1
1,0,0,0,1
1,0,0,0,1
1,0,0,0,1
2,0,0,0,2
1,0,0,0,1
1,0,0,0,1
1,0,0,0,1
1,0,0,0,1
1,0,0,0,1
1,0,0,0,1
1,0,0,0,1
1,0,0,0,1
2,5,0,0,7
1,0,0,0,1
1,0,0,0,1
1,1,1,0,3
1,0,0,0,1
1,0,0,0,1
1,1,0,0,2
1,0,0,0,1
1,0,0,0,1
1,0,0,0,1
1,0,0,0,1
1,0,0,0,1
1,0,0,0,1
1,0,0,0,1
1,0,0,0,1
1,0,0,0,1
1,0,0,0,1
1,0,0,0,1
1,0,0,0,1
1,0,0,0,1
1,0,0,0,1
2,2,8,0,12
1,2,0,0,3
1,0,1,0,2
1,0,0,0,1
1,0,0,0,1
1,0,0,0,1
1,0,0,0,1
1,0,0,0,1
1,0,0,0,1
1,0,0,0,1
1,0,0,0,1
1,0,0,0,1
1,0,0,0,1
1,0,0,0,1
1,0,0,0,1
1,0,0,0,1
1,0,0,0,1
1,0,0,0,1
1,0,0,0,1
1,0,0,0,1
1,0,0,0,1
1,0,0,0,1
1,0,0,0,1
1,0,0,0,1
1,0,0,0,1
1,0,0,0,1
1,0,0,0,1
1,0,0,0,1
1,0,0,0,1
1,0,0,0,1
1,0,0,0,1
1,0,0,0,1
1,0,0,0,1
1,0,0,0,1
1,0,0,0,1
1,0,0,0,1
1,0,0,0,1
1,0,0,0,1
1,0,0,0,1
1,0,0,0,1
2,0,0,0,2
1,0,0,0,1
1,0,0,0,1
1,0,0,0,1
1,0,0,0,1
1,0,0,0,1
1,0,0,0,1
1,0,0,0,1
1,0,0,0,1
1,0,0,0,1
1,0,0,0,1
1,0,0,0,1
1,0,0,0,1
1,0,0,0,1
1,0,0,0,1
1,0,0,0,1
1,0,0,0,1
1,0,0,0,1
1,0,0,0,1
1,0,0,0,1
1,0,0,0,1
1,0,0,0,1
1,0,0,0,1
1,0,0,0,1
2,0,0,0,2
1,0,0,0,1
1,0,0,0,1
1,0,0,0,1
1,0,0,0,1
1,0,0,0,1
1,0,0,0,1
1,0,0,0,1
1,0,0,0,1
1,0,0,0,1
1,0,0,0,1
1,0,0,0,1
1,0,0,0,1
1,0,0,0,1
1,0,0,0,1
1,0,0,0,1
1,0,0,0,1
1,0,0,0,1
1,61,1,0,63
1,0,0,0,1
1,0,0,0,1
1,0,0,0,1
1,0,0,0,1
1,0,0,0,1
2,0,0,0,2
1,0,0,0,1
1,0,0,0,1
2,0,0,0,2
1,0,0,0,1
1,0,0,0,1
1,0,0,0,1
1,0,0,0,1
2,0,0,0,2
1,0,0,0,1
1,0,0,0,1
1,0,0,0,1
1,0,0,0,1
1,0,0,0,1
1,0,0,0,1
1,0,0,0,1
1,0,0,0,1
1,0,0,0,1
1,0,0,0,1
1,0,0,0,1
1,0,0,0,1
1,2,0,0,3
1,0,0,0,1
1,0,0,0,1
1,0,0,0,1
1,0,0,0,1
1,0,0,0,1
3,0,0,0,3
1,0,0,0,1
3,0,0,0,3
1,0,0,0,1
1,0,0,0,1
1,0,0,0,1
1,0,0,0,1
1,0,0,0,1
1,0,0,0,1
1,0,0,0,1
1,0,0,0,1
1,0,0,0,1
1,0,0,0,1
1,0,0,0,1
1,0,0,0,1
1,0,0,0,1
1,0,0,0,1
1,0,0,0,1
1,0,0,0,1
1,0,0,0,1
1,0,0,0,1
1,0,0,0,1
1,0,0,0,1
1,0,0,0,1
1,0,0,0,1
1,0,0,0,1
1,0,0,0,1
1,0,0,0,1
1,0,0,0,1
1,0,0,0,1
1,0,0,0,1
1,0,0,0,1
1,0,0,0,1
1,0,0,0,1
1,0,0,0,1
1,0,0,0,1
2,7,0,0,9
1,0,0,0,1
1,0,0,0,1
1,0,0,0,1
1,0,0,0,1
2,0,0,0,2
1,0,0,0,1
1,0,0,0,1
1,0,0,0,1
2,0,0,0,2
1,0,0,0,1
2,0,0,0,2
1,0,0,0,1
1,0,0,0,1
1,0,0,0,1
1,0,0,0,1
1,0,0,0,1
1,0,0,0,1
2,0,0,0,2
1,0,0,0,1
2,0,0,0,2
2,0,0,0,2
1,0,0,0,1
1,0,0,0,1
1,0,0,0,1
1,0,0,0,1
1,0,0,0,1
1,0,0,0,1
1,0,0,0,1
1,0,0,0,1
1,0,0,0,1
1,0,0,0,1
1,0,0,0,1
1,0,0,0,1
1,0,0,0,1
1,0,0,0,1
1,0,0,0,1
1,0,0,0,1
1,0,0,0,1
1,0,0,0,1
1,0,0,0,1
1,0,0,0,1
1,0,0,0,1
1,0,0,0,1
1,0,0,0,1
1,0,0,0,1
1,0,0,0,1
1,0,0,0,1
2,0,0,0,2
1,0,0,0,1
1,0,0,0,1
1,0,0,0,1
1,0,0,0,1
1,0,0,0,1
1,2,0,0,3
1,0,0,0,1
1,0,0,0,1
1,0,0,0,1
1,0,0,0,1
1,0,0,0,1
1,0,0,0,1
1,0,0,0,1
1,0,0,0,1
1,0,0,0,1
1,0,0,0,1
1,0,0,0,1
1,0,0,0,1
1,0,0,0,1
1,0,0,0,1
1,0,0,0,1
1,0,0,0,1
1,0,0,0,1
1,0,0,0,1
2,0,0,0,2
1,0,0,0,1
1,0,0,0,1
1,0,0,0,1
1,0,0,0,1
1,5,0,0,6
1,0,0,0,1
1,0,0,0,1
1,0,0,0,1
1,0,0,0,1
1,0,0,0,1
1,0,0,0,1
1,0,0,0,1
1,0,0,0,1
1,0,0,0,1
1,0,0,0,1
2,0,0,0,2
1,0,0,0,1
1,0,0,0,1
1,0,0,0,1
1,0,0,0,1
1,0,0,0,1
1,0,0,0,1
1,0,0,0,1
1,0,0,0,1
2,0,0,0,2
1,0,0,0,1
1,0,0,0,1
1,0,0,0,1
1,0,0,0,1
1,0,0,0,1
1,4,2,0,7
1,0,0,0,1
1,0,0,0,1
1,0,0,0,1
1,0,0,0,1
2,4,0,0,6
1,0,0,0,1
1,0,0,0,1
1,0,0,0,1
2,0,0,0,2
1,0,0,0,1
1,0,1,0,2
1,1,0,0,2
1,0,0,0,1
1,0,0,0,1
1,0,0,0,1
1,0,0,0,1
1,0,0,0,1
2,0,0,0,2
1,0,0,0,1
1,0,0,0,1
1,0,0,0,1
2,0,0,0,2
2,0,0,0,2
1,7,0,0,8
1,0,0,0,1
1,0,0,0,1
1,0,0,0,1
1,0,0,0,1
1,0,0,0,1
1,0,0,0,1
1,0,0,0,1
1,0,0,0,1
1,0,0,0,1
1,0,0,0,1
1,0,0,0,1
1,0,0,0,1
1,0,0,0,1
1,0,0,0,1
1,0,0,0,1
1,0,0,0,1
1,0,0,0,1
1,0,0,0,1
1,0,0,0,1
1,0,0,0,1
1,0,0,0,1
1,0,0,0,1
1,0,0,0,1
1,0,0,0,1
1,0,0,0,1
1,0,0,0,1
1,0,0,0,1
1,0,0,0,1
1,0,0,0,1
1,0,0,0,1
2,0,0,0,2
1,0,0,0,1
1,0,0,0,1
1,3,1,0,5
1,0,0,0,1
1,0,0,0,1
1,0,0,0,1
1,0,0,0,1
1,0,0,0,1
1,2,0,0,3
1,0,0,0,1
1,0,0,0,1
1,0,0,0,1
1,0,0,0,1
1,0,0,0,1
1,0,0,0,1
1,0,0,0,1
1,0,0,0,1
1,0,0,0,1
1,0,0,0,1
1,0,0,0,1
1,0,0,0,1
1,0,0,0,1
1,0,0,0,1
2,0,0,0,2
1,0,0,0,1
1,0,0,0,1
1,0,0,0,1
1,0,0,0,1
1,0,0,0,1
1,0,0,0,1
1,0,0,0,1
2,0,0,0,2
1,0,0,0,1
1,0,0,0,1
1,0,0,0,1
1,0,0,0,1
1,0,0,0,1
1,0,0,0,1
1,0,0,0,1
1,0,0,0,1
1,0,0,0,1
1,0,0,0,1
1,3,0,0,4
1,9,0,0,10
1,0,0,0,1
1,0,0,0,1
1,0,0,0,1
1,0,0,0,1
1,0,0,0,1
1,0,0,0,1
1,0,0,0,1
1,0,0,0,1
1,0,0,0,1
1,0,0,0,1
1,0,0,0,1
1,0,0,0,1
1,0,0,0,1
1,0,0,0,1
1,0,0,0,1
1,0,0,0,1
1,0,0,0,1
1,0,0,0,1
2,0,0,0,2
1,3,0,0,4
1,2,0,0,3
1,0,0,0,1
1,0,0,0,1
1,0,0,0,1
1,0,0,0,1
1,0,0,0,1
1,0,0,0,1
1,0,0,0,1
1,0,0,0,1
1,0,0,0,1
1,0,0,0,1
1,0,0,0,1
1,0,0,0,1
1,0,0,0,1
1,0,0,0,1
1,0,0,0,1
1,0,0,0,1
1,0,0,0,1
1,0,0,0,1
1,3,0,0,4
1,0,0,0,1
1,0,0,0,1
1,0,0,0,1
1,0,0,0,1
1,0,0,0,1
2,0,0,0,2
1,0,0,0,1
1,0,0,0,1
1,0,0,0,1
1,2,0,0,3
1,0,0,0,1
1,0,0,0,1
2,0,0,0,2
1,0,0,0,1
1,0,0,0,1
1,0,0,0,1
1,0,0,0,1
1,0,0,0,1
1,0,0,0,1
1,0,0,0,1
1,0,0,0,1
1,0,0,0,1
1,0,0,0,1
1,0,0,0,1
1,0,0,0,1
1,0,0,0,1
1,0,0,0,1
1,0,0,0,1
1,0,0,0,1
1,0,0,0,1
1,0,0,0,1
1,0,0,0,1
1,0,0,0,1
1,0,0,0,1
1,0,0,0,1
1,0,0,0,1
1,0,0,0,1
1,0,0,0,1
1,0,0,0,1
1,0,0,0,1
1,0,0,0,1
1,0,0,0,1
1,0,0,0,1
1,0,0,0,1
1,0,0,0,1
1,0,0,0,1
1,0,0,0,1
1,0,0,0,1
1,0,0,0,1
1,0,0,0,1
1,32,0,0,33
1,6,0,0,7
1,0,0,0,1
1,1,0,0,2
1,0,0,0,1
1,0,0,0,1
1,0,0,0,1
1,0,0,0,1
1,0,0,0,1
1,0,0,0,1
1,0,0,0,1
1,0,0,0,1
1,0,0,0,1
1,0,0,0,1
1,2,1,0,4
1,0,0,0,1
1,0,0,0,1
1,0,0,0,1
1,0,0,0,1
1,0,0,0,1
1,1,0,0,2
1,0,0,0,1
1,0,0,0,1
1,0,0,0,1
1,0,0,0,1
1,0,0,0,1
1,0,0,0,1
1,0,0,0,1
1,0,0,0,1
1,0,0,0,1
1,0,0,0,1
1,0,0,0,1
1,0,0,0,1
1,0,0,0,1
1,0,0,0,1
1,0,0,0,1
1,0,0,0,1
1,0,0,0,1
1,0,0,0,1
1,0,0,0,1
1,0,0,0,1
1,0,0,0,1
1,0,0,0,1
1,0,0,0,1
1,0,0,0,1
1,0,0,0,1
1,0,0,0,1
1,0,0,0,1
1,0,0,0,1
1,0,0,0,1
1,0,0,0,1
1,0,0,0,1
1,0,0,0,1
1,0,0,0,1
1,2,0,0,3
1,0,0,0,1
1,0,0,0,1
1,0,0,0,1
1,0,0,0,1
1,0,0,0,1
1,0,0,0,1
1,0,0,0,1
4,0,0,0,4
1,0,0,0,1
1,0,0,0,1
1,0,0,0,1
1,0,0,0,1
1,0,0,0,1
1,0,0,0,1
1,0,0,0,1
1,0,0,0,1
1,0,0,0,1
1,0,0,0,1
1,0,0,0,1
1,0,0,0,1
1,0,0,0,1
1,0,0,0,1
1,0,0,0,1
1,9,1,0,11
1,0,0,0,1
1,0,0,0,1
1,0,0,0,1
1,0,0,0,1
1,0,0,0,1
1,0,0,0,1
1,0,0,0,1
1,0,0,0,1
1,0,0,0,1
1,0,0,0,1
1,0,0,0,1
1,0,0,0,1
1,0,0,0,1
1,0,0,0,1
1,0,0,0,1
1,0,0,0,1
1,0,0,0,1
1,0,0,0,1
1,0,0,0,1
1,0,0,0,1
2,0,0,0,2
1,0,0,0,1
1,0,0,0,1
1,0,0,0,1
1,0,0,0,1
2,0,0,0,2
1,0,0,0,1
1,0,0,0,1
1,0,0,0,1
1,0,0,0,1
1,0,0,0,1
1,0,0,0,1
1,0,0,0,1
1,0,0,0,1
1,0,0,0,1
1,0,0,0,1
1,0,0,0,1
1,0,0,0,1
1,0,0,0,1
1,0,0,0,1
1,0,0,0,1
1,0,0,0,1
1,0,0,0,1
1,0,0,0,1
1,0,0,0,1
1,0,0,0,1
1,0,0,0,1
1,0,0,0,1
1,0,0,0,1
1,0,0,0,1
2,0,0,0,2
1,0,0,0,1
1,0,0,0,1
2,0,0,0,2
1,0,0,0,1
1,0,0,0,1
1,0,0,0,1
1,0,0,0,1
1,0,0,0,1
1,0,0,0,1
1,0,0,0,1
1,0,0,0,1
1,0,0,0,1
1,0,0,0,1
1,0,0,0,1
3,0,0,0,3
1,3,0,0,4
1,0,0,0,1
1,0,0,0,1
1,0,0,0,1
1,0,1,0,2
1,0,0,0,1
1,0,0,0,1
1,0,0,0,1
1,0,0,0,1
1,0,0,0,1
1,0,0,0,1
1,0,0,0,1
1,0,0,0,1
1,0,0,0,1
1,0,0,0,1
1,0,0,0,1
1,2,0,0,3
2,0,0,0,2
1,0,0,0,1
1,0,0,0,1
1,0,0,0,1
1,0,0,0,1
1,0,0,0,1
1,0,0,0,1
1,0,0,0,1
1,0,0,0,1
1,0,0,0,1
1,7,0,0,8
1,0,0,0,1
1,0,0,0,1
1,0,0,0,1
1,0,0,0,1
1,0,0,0,1
1,0,0,0,1
1,0,0,0,1
1,0,0,0,1
1,0,0,0,1
1,0,0,0,1
1,0,0,0,1
1,0,0,0,1
1,0,0,0,1
1,0,0,0,1
1,0,0,0,1
1,0,0,0,1
1,0,0,0,1
1,0,0,0,1
1,0,0,0,1
1,0,0,0,1
1,0,0,0,1
1,0,0,0,1
1,0,0,0,1
1,0,0,0,1
1,0,0,0,1
1,0,0,0,1
1,0,0,0,1
1,0,0,0,1
1,0,0,0,1
1,0,0,0,1
1,0,0,0,1
1,0,0,0,1
1,0,0,0,1
1,0,0,0,1
1,0,0,0,1
1,0,0,0,1
1,0,0,0,1
1,0,0,0,1
1,0,0,0,1
1,0,0,0,1
1,0,0,0,1
1,0,0,0,1
1,0,0,0,1
1,0,0,0,1
1,0,0,0,1
1,0,0,0,1
1,0,0,0,1
1,0,0,0,1
1,0,0,0,1
1,0,0,0,1
1,0,0,0,1
1,0,0,0,1
1,0,0,0,1
1,0,0,0,1
1,0,0,0,1
1,0,0,0,1
1,0,0,0,1
1,0,0,0,1
1,0,0,0,1
1,0,0,0,1
1,0,0,0,1
1,0,0,0,1
1,0,0,0,1
1,0,0,0,1
1,0,0,0,1
1,0,0,0,1
2,0,0,0,2
1,0,0,0,1
1,0,0,0,1
1,0,0,0,1
1,0,0,0,1
1,0,0,0,1
1,0,0,0,1
1,0,0,0,1
2,0,0,0,2
1,0,0,0,1
1,0,0,0,1
1,0,0,0,1
1,0,0,0,1
1,0,0,0,1
1,0,0,0,1
1,0,0,0,1
1,0,0,0,1
1,0,0,0,1
1,0,0,0,1
1,0,0,0,1
1,0,0,0,1
1,0,0,0,1
1,0,0,0,1
1,0,0,0,1
1,0,0,0,1
1,0,0,0,1
1,6,1,0,8
1,0,0,0,1
1,0,0,0,1
1,0,0,0,1
1,0,0,0,1
1,1,1,0,3
1,0,0,0,1
1,0,0,0,1
1,0,0,0,1
2,0,0,0,2
2,3,0,0,5
1,0,0,0,1
1,0,0,0,1
1,0,0,0,1
2,0,0,0,2
1,3,0,0,4
1,0,0,0,1
1,0,0,0,1
1,0,0,0,1
1,0,0,0,1
1,0,0,0,1
1,0,0,0,1
1,0,0,0,1
1,0,0,0,1
1,0,0,0,1
1,0,0,0,1
1,0,0,0,1
1,0,0,0,1
1,0,0,0,1
1,0,0,0,1
1,0,0,0,1
1,0,0,0,1
1,0,0,0,1
1,0,0,0,1
2,0,0,0,2
1,0,0,0,1
2,0,0,0,2
1,0,0,0,1
1,0,0,0,1
1,0,0,0,1
1,0,0,0,1
1,0,0,0,1
1,0,0,0,1
1,0,0,0,1
1,0,0,0,1
1,0,0,0,1
1,0,0,0,1
1,0,0,0,1
1,0,0,0,1
1,0,0,0,1
1,0,0,0,1
1,0,0,0,1
1,0,0,0,1
1,0,0,0,1
1,0,0,0,1
2,0,0,0,2
1,0,0,0,1
1,0,0,0,1
1,0,0,0,1
1,0,0,0,1
2,0,0,0,2
1,0,0,0,1
1,0,0,0,1
1,0,0,0,1
1,0,0,0,1
3,0,0,0,3
1,9,0,0,10
1,0,0,0,1
1,0,0,0,1
1,0,0,0,1
1,0,0,0,1
1,0,0,0,1
1,0,0,0,1
1,0,0,0,1
1,0,0,0,1
1,0,0,0,1
1,0,0,0,1
1,0,0,0,1
1,1,0,0,2
1,0,0,0,1
1,0,0,0,1
1,0,0,0,1
1,0,0,0,1
1,0,0,0,1
1,0,0,0,1
1,0,0,0,1
1,0,0,0,1
1,0,0,0,1
1,0,0,0,1
1,0,0,0,1
1,0,0,0,1
1,5,0,0,6
1,0,0,0,1
1,0,0,0,1
1,0,0,0,1
1,0,0,0,1
1,0,0,0,1
1,0,0,0,1
1,0,0,0,1
1,0,0,0,1
1,0,0,0,1
1,0,0,0,1
1,0,0,0,1
1,0,0,0,1
1,0,0,0,1
1,0,0,0,1
1,0,0,0,1
1,0,0,0,1
1,0,0,0,1
1,0,0,0,1
1,0,0,0,1
1,0,0,0,1
1,0,0,0,1
1,0,0,0,1
1,0,0,0,1
1,0,0,0,1
1,0,0,0,1
1,0,0,0,1
1,0,0,0,1
3,0,0,0,3
1,1,0,0,2
1,0,0,0,1
1,0,0,0,1
1,0,0,0,1
1,0,0,0,1
1,0,0,0,1
1,0,0,0,1
1,0,0,0,1
1,0,0,0,1
1,0,0,0,1
1,8,0,0,9
2,3,0,0,5
1,0,0,0,1
2,0,0,0,2
1,0,0,0,1
1,0,0,0,1
1,0,0,0,1
3,0,0,0,3
1,0,0,0,1
1,0,0,0,1
1,0,0,0,1
1,0,0,0,1
1,0,0,0,1
1,0,0,0,1
1,0,0,0,1
1,0,0,0,1
1,0,0,0,1
1,0,0,0,1
2,0,0,0,2
1,0,0,0,1
1,0,0,0,1
1,0,0,0,1
1,0,0,0,1
1,0,0,0,1
1,0,0,0,1
1,0,0,0,1
1,0,0,0,1
1,0,0,0,1
1,0,0,0,1
1,0,0,0,1
1,0,0,0,1
1,0,0,0,1
1,0,0,0,1
1,0,0,0,1
1,0,0,0,1
1,0,0,0,1
1,0,0,0,1
1,0,0,0,1
1,0,0,0,1
1,0,0,0,1
1,0,0,0,1
1,0,0,0,1
1,0,0,0,1
1,0,0,0,1
1,0,0,0,1
1,0,0,0,1
1,0,0,0,1
2,0,0,0,2
1,0,0,0,1
1,0,0,0,1
1,0,0,0,1
1,0,0,0,1
1,0,0,0,1
1,0,0,0,1
1,0,0,0,1
1,0,0,0,1
1,0,0,0,1
1,0,0,0,1
1,0,0,0,1
1,0,0,0,1
1,0,0,0,1
1,0,0,0,1
1,0,0,0,1
1,0,0,0,1
1,0,0,0,1
1,0,0,0,1
2,0,0,0,2
2,0,0,0,2
1,0,0,0,1
2,0,0,0,2
2,0,0,0,2
1,0,0,0,1
1,0,0,0,1
1,0,0,0,1
1,0,0,0,1
1,0,0,0,1
1,0,0,0,1
1,0,0,0,1
1,0,0,0,1
1,0,0,0,1
2,0,0,0,2
1,0,0,0,1
2,0,0,0,2
3,0,0,0,3
1,0,0,0,1
1,0,0,0,1
1,0,0,0,1
1,0,0,0,1
1,0,0,0,1
1,0,0,0,1
1,0,0,0,1
1,0,0,0,1
1,0,0,0,1
1,0,0,0,1
1,0,0,0,1
1,0,0,0,1
1,0,0,0,1
1,0,0,0,1
1,0,0,0,1
1,0,0,0,1
1,0,0,0,1
1,0,0,0,1
1,0,0,0,1
1,0,0,0,1
1,0,0,0,1
1,0,0,0,1
1,0,0,0,1
1,0,0,0,1
1,0,0,0,1
1,0,0,0,1
1,0,0,0,1
1,0,0,0,1
1,0,0,0,1
1,0,0,0,1
1,0,0,0,1
1,0,0,0,1
1,0,0,0,1
1,0,0,0,1
1,0,0,0,1
1,0,0,0,1
1,0,0,0,1
1,0,0,0,1
1,0,0,0,1
1,0,0,0,1
2,0,0,0,2
1,0,0,0,1
1,0,0,0,1
1,0,0,0,1
1,0,0,0,1
1,0,0,0,1
1,0,0,0,1
1,0,0,0,1
1,0,0,0,1
1,0,0,0,1
1,0,0,0,1
1,0,0,0,1
2,0,0,0,2
1,0,0,0,1
1,0,0,0,1
1,0,0,0,1
1,0,0,0,1
1,0,0,0,1
1,0,0,0,1
1,0,0,0,1
1,0,0,0,1
1,0,0,0,1
1,0,0,0,1
1,0,0,0,1
1,1,1,0,3
1,0,0,0,1
1,0,0,0,1
1,0,0,0,1
2,1,1,0,4
1,0,0,0,1
1,0,0,0,1
1,0,0,0,1
1,0,0,0,1
1,0,0,0,1
1,0,0,0,1
1,0,0,0,1
1,0,0,0,1
1,0,0,0,1
1,0,0,0,1
1,0,0,0,1
1,0,0,0,1
1,0,0,0,1
1,0,0,0,1
1,0,0,0,1
1,0,0,0,1
1,0,0,0,1
1,0,0,0,1
1,0,0,0,1
1,0,0,0,1
1,0,0,0,1
1,0,0,0,1
1,0,0,0,1
1,0,0,0,1
1,0,0,0,1
1,0,0,0,1
1,0,0,0,1
2,3,0,0,5
1,0,0,0,1
1,0,0,0,1
1,0,0,0,1
1,0,0,0,1
1,0,0,0,1
1,0,0,0,1
1,0,0,0,1
1,0,0,0,1
1,0,0,0,1
1,0,0,0,1
1,0,0,0,1
1,0,0,0,1
1,0,0,0,1
1,0,0,0,1
1,0,0,0,1
1,0,0,0,1
1,0,0,0,1
1,0,0,0,1
1,0,0,0,1
1,0,0,0,1
1,0,0,0,1
1,0,0,0,1
1,0,0,0,1
1,0,0,0,1
1,0,0,0,1
1,0,0,0,1
1,0,0,0,1
1,0,0,0,1
1,0,0,0,1
1,0,0,0,1
1,0,0,0,1
1,0,0,0,1
1,0,0,0,1
1,0,0,0,1
1,0,0,0,1
1,0,0,0,1
1,0,0,0,1
1,0,0,0,1
1,0,0,0,1
1,0,0,0,1
1,0,0,0,1
1,0,0,0,1
1,0,0,0,1
2,0,0,0,2
1,0,0,0,1
1,0,0,0,1
1,0,0,0,1
1,0,0,0,1
1,0,0,0,1
1,0,0,0,1
1,0,0,0,1
1,0,0,0,1
1,0,0,0,1
1,0,0,0,1
1,0,0,0,1
1,0,0,0,1
2,0,0,0,2
1,0,0,0,1
1,0,0,0,1
1,0,0,0,1
1,0,0,0,1
1,0,0,0,1
1,0,0,0,1
1,0,0,0,1
1,3,0,0,4
1,0,0,0,1
1,0,0,0,1
2,0,0,0,2
1,0,0,0,1
1,0,0,0,1
1,0,0,0,1
1,0,0,0,1
1,0,0,0,1
1,0,0,0,1
1,0,0,0,1
1,0,0,0,1
1,0,0,0,1
1,0,0,0,1
1,0,0,0,1
1,0,0,0,1
1,0,0,0,1
1,0,0,0,1
1,0,0,0,1
1,0,0,0,1
1,0,0,0,1
1,0,0,0,1
1,0,0,0,1
1,0,0,0,1
1,0,0,0,1
1,0,0,0,1
1,1,0,0,2
1,0,0,0,1
1,0,0,0,1
1,0,0,0,1
1,0,0,0,1
1,0,0,0,1
2,0,0,0,2
1,0,0,0,1
1,0,0,0,1
1,0,0,0,1
1,0,0,0,1
1,0,0,0,1
1,0,0,0,1
1,0,0,0,1
1,0,0,0,1
1,0,0,0,1
1,0,0,0,1
1,0,0,0,1
1,0,0,0,1
1,0,0,0,1
1,0,0,0,1
1,0,0,0,1
1,0,0,0,1
1,0,0,0,1
1,0,0,0,1
1,0,0,0,1
1,0,0,0,1
1,0,0,0,1
1,0,0,0,1
1,0,0,0,1
1,0,0,0,1
1,0,0,0,1
1,0,0,0,1
1,0,0,0,1
1,0,0,0,1
1,0,0,0,1
1,0,0,0,1
1,0,0,0,1
1,0,0,0,1
1,0,0,0,1
1,0,0,0,1
1,1,0,0,2
1,0,0,0,1
1,0,0,0,1
1,0,0,0,1
1,0,0,0,1
1,0,0,0,1
1,0,0,0,1
1,0,0,0,1
1,0,0,0,1
1,0,0,0,1
1,0,0,0,1
1,0,0,0,1
2,0,0,0,2
1,0,0,0,1
1,0,0,0,1
1,0,0,0,1
1,0,0,0,1
1,0,0,0,1
1,0,0,0,1
1,0,0,0,1
1,0,0,0,1
1,0,0,0,1
1,0,0,0,1
1,0,0,0,1
1,0,0,0,1
1,0,0,0,1
1,0,0,0,1
1,0,0,0,1
1,0,0,0,1
1,0,0,0,1
1,0,0,0,1
1,0,0,0,1
1,0,0,0,1
1,0,0,0,1
1,0,0,0,1
1,0,0,0,1
1,0,0,0,1
1,0,0,0,1
1,0,0,0,1
1,0,0,0,1
1,0,0,0,1
1,0,0,0,1
1,0,0,0,1
1,0,0,0,1
1,0,0,0,1
1,0,0,0,1
1,0,0,0,1
1,0,0,0,1
1,0,0,0,1
1,0,0,0,1
1,0,0,0,1
1,0,0,0,1
1,0,0,0,1
1,0,0,0,1
1,0,0,0,1
1,0,0,0,1
1,0,0,0,1
1,0,0,0,1
1,0,0,0,1
1,0,0,0,1
1,0,0,0,1
1,0,0,0,1
1,0,0,0,1
1,0,0,0,1
2,1,0,0,3
1,0,0,0,1
1,0,0,0,1
1,0,0,0,1
1,0,0,0,1
1,0,0,0,1
1,0,0,0,1
1,0,0,0,1
1,0,0,0,1
1,0,0,0,1
1,0,0,0,1
2,0,0,0,2
1,0,0,0,1
1,0,0,0,1
1,0,0,0,1
1,0,0,0,1
1,0,0,0,1
2,0,0,0,2
1,0,0,0,1
1,0,0,0,1
1,0,0,0,1
1,0,0,0,1
1,0,0,0,1
1,0,0,0,1
1,0,0,0,1
1,0,0,0,1
1,0,0,0,1
1,0,0,0,1
1,3,0,0,4
1,0,0,0,1
1,0,0,0,1
1,0,0,0,1
1,0,0,0,1
1,0,0,0,1
1,0,0,0,1
1,0,0,0,1
1,0,0,0,1
1,0,0,0,1
1,0,0,0,1
1,0,0,0,1
1,0,0,0,1
1,0,0,0,1
1,0,0,0,1
1,0,0,0,1
1,0,0,0,1
1,0,0,0,1
1,0,0,0,1
1,0,0,0,1
1,0,0,0,1
1,0,0,0,1
1,0,0,0,1
1,0,0,0,1
1,0,0,0,1
1,0,0,0,1
1,0,0,0,1
1,0,0,0,1
1,0,0,0,1
1,3,0,0,4
1,0,0,0,1
1,0,0,0,1
1,0,0,0,1
1,0,0,0,1
1,0,0,0,1
1,0,0,0,1
1,0,0,0,1
1,0,0,0,1
1,0,0,0,1
1,0,0,0,1
1,0,0,0,1
1,0,0,0,1
1,0,0,0,1
1,0,0,0,1
1,0,0,0,1
1,5,0,0,6
1,0,0,0,1
1,0,0,0,1
1,0,0,0,1
1,0,0,0,1
1,0,0,0,1
1,0,0,0,1
1,0,0,0,1
1,0,0,0,1
1,0,0,0,1
1,0,0,0,1
1,0,0,0,1
1,0,0,0,1
1,0,0,0,1
1,0,0,0,1
1,0,0,0,1
1,0,0,0,1
1,0,0,0,1
1,0,0,0,1
1,0,0,0,1
1,0,0,0,1
2,0,0,0,2
1,0,0,0,1
1,0,0,0,1
1,0,0,0,1
1,0,0,0,1
1,0,0,0,1
1,0,0,0,1
1,0,0,0,1
1,0,0,0,1
1,0,0,0,1
1,0,0,0,1
1,0,0,0,1
1,0,0,0,1
1,0,0,0,1
1,0,0,0,1
1,0,0,0,1
1,0,0,0,1
1,0,0,0,1
1,0,0,0,1
1,0,0,0,1
1,0,0,0,1
1,0,0,0,1
1,0,0,0,1
1,0,0,0,1
1,0,0,0,1
1,0,0,0,1
1,13,0,0,14
1,0,0,0,1
1,0,0,0,1
1,0,0,0,1
1,0,0,0,1
1,0,0,0,1
1,0,0,0,1
1,0,0,0,1
1,0,0,0,1
1,0,0,0,1
1,0,0,0,1
1,0,0,0,1
1,0,0,0,1
1,0,0,0,1
1,0,0,0,1
1,0,0,0,1
1,0,0,0,1
1,0,0,0,1
1,0,0,0,1
1,0,0,0,1
1,0,0,0,1
1,0,0,0,1
1,0,0,0,1
1,0,0,0,1
1,0,0,0,1
1,0,0,0,1
1,0,0,0,1
1,0,0,0,1
1,0,0,0,1
1,0,0,0,1
1,74,0,0,75
1,0,0,0,1
1,0,0,0,1
1,0,0,0,1
1,0,0,0,1
1,0,0,0,1
1,0,0,0,1
1,0,0,0,1
1,0,0,0,1
1,0,0,0,1
1,0,0,0,1
1,0,0,0,1
1,0,0,0,1
1,0,0,0,1
1,0,0,0,1
2,0,0,0,2
1,0,0,0,1
1,0,0,0,1
1,0,0,0,1
1,0,0,0,1
1,0,0,0,1
1,0,0,0,1
1,0,0,0,1
1,0,0,0,1
1,0,0,0,1
1,0,0,0,1
1,0,0,0,1
1,0,0,0,1
1,0,0,0,1
1,0,0,0,1
1,0,0,0,1
1,0,0,0,1
1,0,0,0,1
1,0,0,0,1
1,0,0,0,1
1,0,0,0,1
1,0,0,0,1
1,0,0,0,1
1,0,0,0,1
1,0,0,0,1
2,0,0,0,2
1,0,0,0,1
1,0,0,0,1
1,0,0,0,1
1,0,0,0,1
1,0,0,0,1
1,0,0,0,1
1,0,0,0,1
1,0,0,0,1
1,0,0,0,1
1,0,0,0,1
1,0,0,0,1
1,0,0,0,1
1,0,0,0,1
1,0,0,0,1
1,0,0,0,1
1,0,0,0,1
1,0,0,0,1
1,0,0,0,1
1,0,0,0,1
2,0,0,0,2
1,0,0,0,1
1,0,0,0,1
1,0,0,0,1
1,0,0,0,1
1,0,0,0,1
1,0,0,0,1
1,0,0,0,1
1,0,0,0,1
1,0,0,0,1
1,0,0,0,1
1,0,0,0,1
1,0,0,0,1
1,0,0,0,1
1,0,0,0,1
1,0,0,0,1
2,0,0,0,2
1,0,0,0,1
1,0,0,0,1
1,0,0,0,1
1,0,0,0,1
1,0,0,0,1
1,0,0,0,1
1,0,0,0,1
1,0,0,0,1
1,0,0,0,1
1,0,0,0,1
1,0,0,0,1
2,0,0,0,2
1,0,0,0,1
1,11,0,0,12
1,0,0,0,1
1,0,0,0,1
1,0,0,0,1
1,0,0,0,1
1,0,0,0,1
1,0,0,0,1
2,0,0,0,2
1,0,0,0,1
1,0,0,0,1
1,0,0,0,1
1,0,0,0,1
1,0,0,0,1
1,0,0,0,1
1,0,0,0,1
1,0,0,0,1
1,0,0,0,1
1,0,0,0,1
1,0,0,0,1
1,0,0,0,1
1,0,0,0,1
1,0,0,0,1
1,0,0,0,1
1,0,0,0,1
1,0,0,0,1
1,0,0,0,1
1,0,0,0,1
1,0,0,0,1
1,0,0,0,1
1,0,0,0,1
1,0,0,0,1
1,0,0,0,1
1,0,0,0,1
1,4,0,0,5
1,0,0,0,1
1,0,0,0,1
1,0,0,0,1
1,0,0,0,1
1,0,0,0,1
2,0,0,0,2
1,0,0,0,1
1,0,0,0,1
1,0,0,0,1
1,0,0,0,1
1,0,0,0,1
1,7,0,0,8
1,0,0,0,1
1,0,0,0,1
1,0,0,0,1
1,0,0,0,1
1,0,0,0,1
1,0,0,0,1
1,0,0,0,1
1,0,0,0,1
1,0,0,0,1
1,0,0,0,1
1,0,0,0,1
1,0,0,0,1
1,0,0,0,1
1,0,0,0,1
1,0,0,0,1
1,0,0,0,1
1,0,0,0,1
1,0,0,0,1
1,0,0,0,1
2,3,0,0,5
2,0,0,0,2
1,0,0,0,1
1,0,0,0,1
1,0,0,0,1
1,0,0,0,1
1,0,0,0,1
1,0,0,0,1
1,0,0,0,1
1,0,0,0,1
2,0,0,0,2
1,0,0,0,1
1,0,0,0,1
1,0,0,0,1
1,0,0,0,1
1,0,0,0,1
1,0,0,0,1
1,0,0,0,1
1,0,0,0,1
1,0,0,0,1
1,0,0,0,1
1,0,0,0,1
1,0,0,0,1
1,0,0,0,1
1,0,0,0,1
2,0,0,0,2
1,0,0,0,1
1,0,0,0,1
1,0,0,0,1
1,0,0,0,1
1,0,0,0,1
1,0,0,0,1
1,0,0,0,1
1,0,0,0,1
1,0,0,0,1
1,0,0,0,1
1,0,0,0,1
1,0,0,0,1
1,0,0,0,1
1,0,0,0,1
1,0,0,0,1
1,0,0,0,1
1,0,0,0,1
1,0,0,0,1
1,0,0,0,1
1,0,0,0,1
1,0,0,0,1
1,0,0,0,1
1,0,0,0,1
1,0,0,0,1
1,0,0,0,1
1,0,0,0,1
1,0,0,0,1
1,0,0,0,1
1,0,0,0,1
1,0,0,0,1
1,0,0,0,1
1,0,0,0,1
1,0,0,0,1
1,0,0,0,1
1,0,0,0,1
1,0,0,0,1
1,0,0,0,1
1,0,0,0,1
1,0,0,0,1
1,0,0,0,1
1,0,0,0,1
1,0,0,0,1
1,0,0,0,1
1,0,0,0,1
1,0,0,0,1
1,0,0,0,1
2,0,0,0,2
1,0,0,0,1
1,0,0,0,1
2,2,0,0,4
1,0,0,0,1
1,0,0,0,1
1,0,0,0,1
1,0,0,0,1
1,0,0,0,1
1,0,0,0,1
1,0,0,0,1
1,0,0,0,1
1,0,0,0,1
1,0,0,0,1
1,0,0,0,1
1,0,0,0,1
1,0,0,0,1
1,0,0,0,1
1,0,0,0,1
1,0,0,0,1
1,0,0,0,1
1,0,0,0,1
1,0,0,0,1
1,0,0,0,1
1,0,0,0,1
1,0,0,0,1
1,0,0,0,1
1,0,0,0,1
1,0,0,0,1
1,0,0,0,1
1,0,0,0,1
1,0,0,0,1
1,0,0,0,1
1,0,0,0,1
1,0,0,0,1
1,0,0,0,1
1,0,0,0,1
2,0,0,0,2
1,0,0,0,1
1,0,0,0,1
1,0,0,0,1
1,0,0,0,1
1,0,0,0,1
1,0,0,0,1
2,0,0,0,2
1,0,0,0,1
1,0,0,0,1
1,0,0,0,1
1,0,0,0,1
1,0,0,0,1
2,0,0,0,2
2,0,0,0,2
1,0,0,0,1
1,0,0,0,1
1,0,0,0,1
1,0,0,0,1
2,0,0,0,2
1,0,0,0,1
1,0,0,0,1
1,0,0,0,1
1,0,0,0,1
1,0,0,0,1
1,0,0,0,1
1,0,0,0,1
1,0,0,0,1
1,0,0,0,1
1,0,0,0,1
1,0,0,0,1
1,0,0,0,1
1,0,0,0,1
1,0,0,0,1
1,0,0,0,1
1,0,0,0,1
1,0,0,0,1
1,0,0,0,1
1,0,0,0,1
1,0,0,0,1
1,0,0,0,1
1,0,0,0,1
1,0,0,0,1
1,0,0,0,1
1,0,0,0,1
1,0,0,0,1
1,0,0,0,1
1,0,0,0,1
1,2,0,0,3
1,2,0,0,3
1,0,0,0,1
1,0,0,0,1
1,0,0,0,1
1,0,0,0,1
1,0,0,0,1
1,0,0,0,1
1,0,0,0,1
1,0,0,0,1
1,0,0,0,1
1,0,0,0,1
1,0,0,0,1
1,0,0,0,1
1,0,0,0,1
1,0,0,0,1
1,0,0,0,1
1,0,0,0,1
1,0,0,0,1
1,0,0,0,1
1,0,0,0,1
1,0,0,0,1
2,0,0,0,2
1,0,0,0,1
1,0,0,0,1
1,0,0,0,1
1,0,0,0,1
1,0,0,0,1
1,0,0,0,1
1,0,0,0,1
1,0,0,0,1
1,0,0,0,1
1,0,0,0,1
1,0,0,0,1
1,0,0,0,1
1,0,0,0,1
1,0,0,0,1
1,0,0,0,1
1,0,0,0,1
1,0,0,0,1
1,0,0,0,1
1,0,0,0,1
1,0,0,0,1
1,0,0,0,1
1,0,0,0,1
1,0,0,0,1
1,0,0,0,1
1,0,0,0,1
1,0,0,0,1
1,0,0,0,1
1,0,0,0,1
1,0,0,0,1
1,0,0,0,1
1,0,0,0,1
1,0,0,0,1
1,0,0,0,1
2,0,0,0,2
1,0,0,0,1
1,0,0,0,1
1,0,0,0,1
1,0,0,0,1
1,0,0,0,1
1,0,0,0,1
1,0,0,0,1
1,0,0,0,1
1,0,0,0,1
1,0,0,0,1
1,0,0,0,1
1,0,0,0,1
1,0,0,0,1
1,0,0,0,1
2,0,0,0,2
1,0,0,0,1
1,0,0,0,1
1,0,0,0,1
1,0,0,0,1
1,0,0,0,1
1,0,0,0,1
1,0,0,0,1
1,0,0,0,1
1,0,0,0,1
1,0,0,0,1
1,0,0,0,1
1,0,0,0,1
1,0,0,0,1
1,0,0,0,1
1,0,0,0,1
1,0,0,0,1
1,0,0,0,1
1,0,0,0,1
1,0,0,0,1
1,0,0,0,1
1,0,0,0,1
1,0,0,0,1
1,0,0,0,1
1,0,0,0,1
1,0,0,0,1
1,0,0,0,1
1,0,0,0,1
1,0,0,0,1
1,24,0,0,25
1,0,0,0,1
1,0,0,0,1
1,0,0,0,1
1,0,0,0,1
1,0,0,0,1
1,0,0,0,1
1,0,0,0,1
1,0,0,0,1
1,0,0,0,1
1,3,0,0,4
1,0,0,0,1
1,0,0,0,1
1,0,0,0,1
1,0,0,0,1
1,0,0,0,1
1,0,0,0,1
1,0,0,0,1
2,0,0,0,2
1,0,0,0,1
1,0,0,0,1
1,0,0,0,1
1,0,0,0,1
1,0,0,0,1
1,0,0,0,1
1,0,2,0,3
1,21,0,0,22
1,0,0,0,1
1,0,0,0,1
1,0,0,0,1
1,0,0,0,1
1,0,0,0,1
1,0,0,0,1
1,0,0,0,1
1,2,0,0,3
1,0,0,0,1
1,0,0,0,1
1,0,0,0,1
1,0,0,0,1
1,0,0,0,1
1,0,0,0,1
1,0,0,0,1
1,0,0,0,1
1,0,0,0,1
1,0,0,0,1
2,0,0,0,2
1,0,0,0,1
1,0,0,0,1
1,0,0,0,1
2,0,0,0,2
1,0,0,0,1
1,0,0,0,1
1,0,0,0,1
1,0,0,0,1
1,0,0,0,1
1,0,0,0,1
1,0,0,0,1
1,0,0,0,1
1,0,0,0,1
1,1,1,0,3
1,0,0,0,1
1,0,0,0,1
1,0,0,0,1
1,0,0,0,1
1,0,0,0,1
1,0,0,0,1
1,0,0,0,1
1,0,0,0,1
1,0,0,0,1
1,0,0,0,1
1,0,0,0,1
1,0,0,0,1
1,0,0,0,1
1,1,0,0,2
1,0,0,0,1
1,0,0,0,1
1,0,0,0,1
1,0,0,0,1
1,0,0,0,1
1,0,0,0,1
1,0,0,0,1
1,0,0,0,1
1,0,0,0,1
1,0,0,0,1
1,0,0,0,1
2,0,0,0,2
1,0,0,0,1
1,0,0,0,1
1,0,0,0,1
1,0,0,0,1
1,0,0,0,1
1,2,0,0,3
1,0,0,0,1
1,0,0,0,1
1,0,0,0,1
1,0,0,0,1
1,0,0,0,1
1,0,0,0,1
1,0,0,0,1
2,0,0,0,2
2,0,0,0,2
1,0,0,0,1
1,0,0,0,1
1,0,0,0,1
1,0,0,0,1
1,0,0,0,1
1,0,0,0,1
1,0,0,0,1
1,0,0,0,1
1,0,0,0,1
1,0,0,0,1
1,0,0,0,1
1,0,0,0,1
1,0,0,0,1
1,0,0,0,1
1,0,0,0,1
1,0,0,0,1
1,0,0,0,1
2,0,0,0,2
1,0,0,0,1
1,0,0,0,1
1,0,0,0,1
1,0,0,0,1
1,0,0,0,1
1,0,0,0,1
1,0,0,0,1
1,0,0,0,1
1,0,0,0,1
1,0,0,0,1
1,0,0,0,1
1,0,0,0,1
1,0,0,0,1
1,0,0,0,1
1,0,0,0,1
1,0,0,0,1
1,0,0,0,1
1,0,0,0,1
1,0,0,0,1
1,0,0,0,1
1,0,0,0,1
1,0,0,0,1
1,0,0,0,1
1,0,0,0,1
1,0,0,0,1
1,0,0,0,1
1,0,0,0,1
1,0,0,0,1
1,2,0,0,3
1,0,0,0,1
1,0,0,0,1
1,0,0,0,1
1,0,0,0,1
1,0,0,0,1
1,0,0,0,1
1,0,0,0,1
1,0,0,0,1
1,0,0,0,1
1,0,0,0,1
1,0,0,0,1
1,0,0,0,1
1,0,0,0,1
1,0,0,0,1
1,0,0,0,1
1,0,0,0,1
1,0,0,0,1
1,0,0,0,1
1,0,0,0,1
1,0,0,0,1
1,0,0,0,1
1,0,0,0,1
1,0,0,0,1
1,0,0,0,1
1,0,0,0,1
1,0,0,0,1
1,0,0,0,1
1,0,0,0,1
1,0,0,0,1
1,0,0,0,1
1,26,0,0,27
1,0,0,0,1
1,0,0,0,1
1,0,0,0,1
1,0,0,0,1
1,0,0,0,1
1,0,0,0,1
1,0,0,0,1
1,0,0,0,1
1,0,0,0,1
1,0,0,0,1
1,0,0,0,1
1,0,0,0,1
1,0,0,0,1
1,0,0,0,1
1,0,0,0,1
1,0,0,0,1
1,0,0,0,1
1,0,0,0,1
1,0,0,0,1
1,0,0,0,1
1,13,0,0,14
1,0,0,0,1
1,0,0,0,1
1,0,0,0,1
1,0,0,0,1
1,0,0,0,1
1,0,0,0,1
1,0,0,0,1
1,0,0,0,1
1,0,0,0,1
1,0,0,0,1
1,0,0,0,1
1,0,0,0,1
1,0,0,0,1
1,0,0,0,1
2,0,0,0,2
1,0,0,0,1
1,0,0,0,1
1,0,0,0,1
1,0,0,0,1
1,0,0,0,1
1,0,0,0,1
1,0,0,0,1
1,0,0,0,1
1,0,0,0,1
1,0,0,0,1
1,0,0,0,1
1,0,0,0,1
1,0,0,0,1
1,0,0,0,1
1,0,0,0,1
1,0,0,0,1
1,0,0,0,1
1,0,0,0,1
1,0,0,0,1
1,0,0,0,1
1,0,0,0,1
1,0,0,0,1
1,0,0,0,1
1,0,0,0,1
2,0,0,0,2
1,0,0,0,1
1,0,0,0,1
1,0,0,0,1
2,0,0,0,2
1,0,0,0,1
1,0,0,0,1
1,0,0,0,1
1,0,0,0,1
1,14,0,0,15
1,0,0,0,1
1,0,0,0,1
1,0,0,0,1
1,0,0,0,1
1,0,0,0,1
1,0,0,0,1
1,0,0,0,1
1,0,0,0,1
1,0,0,0,1
1,0,0,0,1
1,0,0,0,1
1,0,0,0,1
1,0,0,0,1
1,0,0,0,1
1,0,0,0,1
1,0,0,0,1
1,0,0,0,1
1,2,0,0,3
1,0,0,0,1
1,0,0,0,1
1,0,0,0,1
1,0,0,0,1
1,0,0,0,1
1,0,0,0,1
1,0,0,0,1
1,0,0,0,1
1,0,0,0,1
1,0,0,0,1
1,0,0,0,1
1,0,0,0,1
1,0,0,0,1
1,0,0,0,1
1,0,0,0,1
1,0,0,0,1
1,0,0,0,1
1,11,0,0,12
1,0,0,0,1
1,0,0,0,1
1,0,0,0,1
1,0,0,0,1
1,0,0,0,1
1,0,0,0,1
1,0,0,0,1
1,0,0,0,1
1,3,0,0,4
1,0,0,0,1
1,0,0,0,1
1,0,0,0,1
2,0,0,0,2
1,0,0,0,1
1,0,0,0,1
1,0,0,0,1
1,0,0,0,1
1,0,1,0,2
1,0,0,0,1
1,0,0,0,1
1,0,0,0,1
1,0,0,0,1
1,0,0,0,1
1,0,0,0,1
1,0,0,0,1
1,0,0,0,1
1,0,0,0,1
1,0,0,0,1
1,0,0,0,1
2,1,0,0,3
1,0,0,0,1
1,0,0,0,1
1,0,0,0,1
1,0,0,0,1
1,0,0,0,1
1,0,0,0,1
1,0,0,0,1
1,0,0,0,1
1,3,0,0,4
1,0,0,0,1
1,0,0,0,1
1,0,0,0,1
1,0,0,0,1
1,0,0,0,1
1,4,0,0,5
1,0,0,0,1
1,0,0,0,1
1,0,0,0,1
1,0,0,0,1
1,0,0,0,1
1,0,0,0,1
1,0,0,0,1
1,0,0,0,1
1,0,0,0,1
1,0,0,0,1
1,0,0,0,1
2,0,0,0,2
1,0,0,0,1
1,0,0,0,1
1,0,0,0,1
1,0,0,0,1
1,0,0,0,1
1,0,0,0,1
1,0,0,0,1
1,0,0,0,1
1,0,0,0,1
1,0,0,0,1
1,0,0,0,1
1,0,0,0,1
1,0,0,0,1
1,0,0,0,1
1,0,0,0,1
1,0,0,0,1
1,0,0,0,1
1,0,0,0,1
1,0,0,0,1
1,0,0,0,1
1,0,0,0,1
1,0,0,0,1
1,0,0,0,1
1,0,0,0,1
1,0,0,0,1
1,0,0,0,1
1,0,0,0,1
1,0,0,0,1
1,0,0,0,1
1,0,0,0,1
2,0,0,0,2
1,0,0,0,1
1,0,0,0,1
1,0,0,0,1
1,0,0,0,1
1,0,0,0,1
1,0,0,0,1
1,0,0,0,1
1,0,0,0,1
1,0,0,0,1
1,0,0,0,1
2,0,0,0,2
1,0,0,0,1
1,0,0,0,1
1,0,0,0,1
1,0,0,0,1
1,0,0,0,1
1,0,0,0,1
1,0,0,0,1
1,1,0,0,2
1,0,0,0,1
1,2,0,0,3
1,0,0,0,1
1,0,0,0,1
1,0,0,0,1
1,0,0,0,1
1,0,0,0,1
1,0,0,0,1
1,0,0,0,1
1,0,0,0,1
1,0,0,0,1
1,0,0,0,1
1,0,0,0,1
1,0,0,0,1
1,0,0,0,1
1,0,0,0,1
1,0,0,0,1
1,0,0,0,1
1,0,0,0,1
1,0,0,0,1
1,0,0,0,1
1,0,0,0,1
1,0,0,0,1
1,0,0,0,1
1,0,0,0,1
1,0,0,0,1
1,0,0,0,1
1,0,0,0,1
1,0,0,0,1
1,0,0,0,1
1,0,0,0,1
1,0,0,0,1
1,0,0,0,1
1,0,0,0,1
2,0,0,0,2
1,0,0,0,1
1,0,0,0,1
1,0,0,0,1
1,0,0,0,1
1,0,0,0,1
1,0,0,0,1
1,0,0,0,1
1,0,0,0,1
1,0,0,0,1
1,0,0,0,1
1,0,0,0,1
1,0,0,0,1
1,0,0,0,1
1,0,0,0,1
1,0,0,0,1
1,0,0,0,1
1,0,0,0,1
1,2,0,0,3
1,0,0,0,1
1,0,0,0,1
1,0,0,0,1
1,0,0,0,1
1,0,0,0,1
2,0,0,0,2
1,0,0,0,1
1,0,0,0,1
1,0,0,0,1
1,0,0,0,1
1,0,0,0,1
1,0,0,0,1
1,0,0,0,1
1,0,0,0,1
1,0,0,0,1
1,0,0,0,1
1,0,0,0,1
1,0,0,0,1
1,0,0,0,1
1,0,0,0,1
1,0,0,0,1
1,0,0,0,1
1,0,0,0,1
1,0,0,0,1
1,0,0,0,1
2,0,0,0,2
1,0,0,0,1
2,0,0,0,2
1,0,0,0,1
1,24,0,0,25
1,0,0,0,1
1,0,0,0,1
1,0,0,0,1
1,0,0,0,1
2,0,0,0,2
1,0,0,0,1
1,0,0,0,1
1,0,0,0,1
1,0,0,0,1
1,0,0,0,1
1,0,0,0,1
1,0,0,0,1
1,0,0,0,1
1,0,0,0,1
1,0,0,0,1
1,0,0,0,1
1,0,0,0,1
1,0,0,0,1
1,0,0,0,1
1,0,0,0,1
2,0,0,0,2
1,0,0,0,1
1,0,0,0,1
1,0,0,0,1
1,0,0,0,1
1,0,0,0,1
1,2,0,0,3
1,0,0,0,1
1,0,0,0,1
1,0,0,0,1
1,0,0,0,1
1,0,0,0,1
1,0,0,0,1
1,0,0,0,1
1,0,0,0,1
1,0,0,0,1
1,0,0,0,1
1,0,0,0,1
1,0,0,0,1
1,0,0,0,1
1,0,0,0,1
1,0,0,0,1
1,0,0,0,1
1,0,0,0,1
1,0,0,0,1
1,0,0,0,1
2,0,0,0,2
1,0,0,0,1
1,0,0,0,1
1,0,0,0,1
1,0,0,0,1
1,0,0,0,1
1,0,0,0,1
1,0,0,0,1
1,0,0,0,1
1,0,0,0,1
1,0,0,0,1
1,0,0,0,1
1,0,0,0,1
1,0,0,0,1
1,0,0,0,1
1,0,0,0,1
1,0,0,0,1
1,0,0,0,1
1,0,0,0,1
1,0,0,0,1
1,0,0,0,1
1,0,0,0,1
1,0,0,0,1
1,0,0,0,1
1,0,0,0,1
1,0,0,0,1
1,0,0,0,1
1,0,0,0,1
1,0,0,0,1
1,0,0,0,1
1,0,0,0,1
1,0,0,0,1
1,0,0,0,1
1,0,0,0,1
1,0,0,0,1
1,0,0,0,1
1,0,0,0,1
1,0,0,0,1
1,1,0,0,2
1,0,0,0,1
1,0,0,0,1
2,0,0,0,2
1,0,0,0,1
1,0,0,0,1
1,0,0,0,1
1,0,0,0,1
1,0,0,0,1
1,0,0,0,1
1,0,0,0,1
1,0,0,0,1
1,0,0,0,1
1,0,0,0,1
1,0,0,0,1
1,7,0,0,8
1,2,0,0,3
1,0,0,0,1
1,0,0,0,1
1,0,0,0,1
1,0,0,0,1
1,0,0,0,1
2,0,0,0,2
1,0,0,0,1
2,0,0,0,2
1,0,0,0,1
1,0,0,0,1
1,0,0,0,1
1,0,0,0,1
1,0,0,0,1
1,0,0,0,1
1,0,0,0,1
2,2,0,0,4
1,0,0,0,1
1,0,0,0,1
1,0,0,0,1
1,0,0,0,1
1,0,0,0,1
1,0,0,0,1
1,0,0,0,1
2,2,0,0,4
1,0,0,0,1
1,0,0,0,1
1,0,0,0,1
1,0,0,0,1
1,0,0,0,1
1,0,0,0,1
1,0,0,0,1
1,0,0,0,1
1,0,0,0,1
1,0,0,0,1
1,0,0,0,1
1,0,0,0,1
1,0,0,0,1
1,0,0,0,1
1,0,0,0,1
1,0,0,0,1
1,0,0,0,1
1,0,0,0,1
1,0,0,0,1
1,0,0,0,1
1,0,0,0,1
1,0,0,0,1
1,0,0,0,1
1,0,0,0,1
1,0,0,0,1
1,0,0,0,1
1,0,0,0,1
1,0,0,0,1
1,0,0,0,1
1,0,0,0,1
2,0,0,0,2
1,0,0,0,1
2,0,0,0,2
1,0,0,0,1
2,0,0,0,2
1,0,0,0,1
1,0,0,0,1
1,0,0,0,1
1,0,0,0,1
1,0,0,0,1
1,0,0,0,1
1,1,0,0,2
1,0,0,0,1
1,0,0,0,1
1,0,0,0,1
2,0,0,0,2
1,3,0,0,4
1,0,0,0,1
1,0,0,0,1
1,0,0,0,1
1,0,0,0,1
1,0,0,0,1
1,0,0,0,1
1,0,0,0,1
1,0,0,0,1
1,0,0,0,1
1,0,0,0,1
1,0,0,0,1
1,0,0,0,1
1,0,0,0,1
1,0,0,0,1
1,0,0,0,1
1,0,0,0,1
2,0,0,0,2
1,10,0,0,11
1,0,0,0,1
1,0,0,0,1
1,0,0,0,1
1,0,0,0,1
1,0,0,0,1
1,0,0,0,1
1,0,0,0,1
1,0,0,0,1
2,0,0,0,2
1,0,0,0,1
1,0,0,0,1
1,0,0,0,1
1,0,0,0,1
1,0,0,0,1
1,0,0,0,1
1,0,0,0,1
1,0,0,0,1
1,0,0,0,1
1,0,0,0,1
1,0,0,0,1
1,0,0,0,1
1,0,0,0,1
3,0,0,0,3
1,0,0,0,1
1,0,0,0,1
1,0,0,0,1
1,0,0,0,1
1,0,0,0,1
1,0,0,0,1
1,0,0,0,1
1,0,0,0,1
1,0,0,0,1
1,0,0,0,1
1,0,0,0,1
1,0,0,0,1
1,0,0,0,1
1,0,0,0,1
1,0,0,0,1
1,0,0,0,1
1,0,0,0,1
1,0,0,0,1
1,0,0,0,1
1,0,0,0,1
1,0,0,0,1
1,0,0,0,1
1,0,0,0,1
1,0,0,0,1
1,0,0,0,1
2,0,0,0,2
1,0,0,0,1
1,0,0,0,1
2,0,0,0,2
1,0,0,0,1
1,0,0,0,1
1,0,0,0,1
1,0,0,0,1
1,0,0,0,1
1,0,0,0,1
1,0,0,0,1
1,0,0,0,1
1,0,0,0,1
1,0,0,0,1
1,0,0,0,1
1,0,0,0,1
1,0,0,0,1
1,0,0,0,1
1,0,0,0,1
1,0,0,0,1
1,0,0,0,1
2,0,0,0,2
1,0,0,0,1
1,0,0,0,1
2,0,0,0,2
1,0,0,0,1
1,0,0,0,1
1,0,0,0,1
1,0,0,0,1
1,0,0,0,1
1,0,0,0,1
1,0,0,0,1
1,0,0,0,1
1,0,0,0,1
1,0,0,0,1
1,0,0,0,1
1,0,0,0,1
1,0,0,0,1
1,0,0,0,1
1,0,0,0,1
1,0,0,0,1
2,13,0,0,15
1,0,0,0,1
1,0,0,0,1
1,0,0,0,1
1,0,0,0,1
1,0,0,0,1
1,0,0,0,1
1,0,0,0,1
2,0,0,0,2
1,0,0,0,1
1,0,0,0,1
1,0,0,0,1
1,0,0,0,1
1,0,0,0,1
2,0,0,0,2
1,0,0,0,1
1,0,0,0,1
1,0,0,0,1
1,0,0,0,1
1,0,0,0,1
1,0,0,0,1
1,0,0,0,1
1,0,0,0,1
1,0,0,0,1
1,0,0,0,1
1,0,0,0,1
1,0,0,0,1
1,0,0,0,1
1,0,0,0,1
1,0,0,0,1
1,0,0,0,1
1,0,0,0,1
1,0,0,0,1
1,0,0,0,1
1,0,0,0,1
1,0,0,0,1
1,0,0,0,1
1,0,0,0,1
1,0,0,0,1
1,0,0,0,1
1,0,0,0,1
1,0,0,0,1
1,0,0,0,1
1,0,0,0,1
1,0,0,0,1
1,0,0,0,1
1,0,0,0,1
2,0,0,0,2
1,0,0,0,1
1,0,0,0,1
1,0,0,0,1
1,0,0,0,1
1,0,0,0,1
1,1,1,0,3
1,0,0,0,1
1,0,0,0,1
1,0,0,0,1
1,0,0,0,1
1,0,0,0,1
1,0,0,0,1
1,0,0,0,1
1,0,0,0,1
1,0,0,0,1
1,0,0,0,1
2,0,0,0,2
1,0,0,0,1
1,0,0,0,1
1,0,0,0,1
1,0,0,0,1
1,0,0,0,1
1,0,0,0,1
1,0,0,0,1
1,0,0,0,1
1,0,0,0,1
1,0,0,0,1
1,0,0,0,1
1,0,0,0,1
1,0,0,0,1
1,0,0,0,1
1,0,0,0,1
1,0,0,0,1
1,0,0,0,1
1,0,0,0,1
1,0,0,0,1
2,0,0,0,2
1,0,0,0,1
1,0,0,0,1
1,0,0,0,1
1,0,0,0,1
1,0,0,0,1
1,0,0,0,1
1,0,0,0,1
1,0,0,0,1
1,0,0,0,1
1,0,0,0,1
1,0,0,0,1
1,0,0,0,1
1,0,0,0,1
2,0,0,0,2
1,4,1,0,6
1,0,0,0,1
1,0,0,0,1
1,0,0,0,1
1,0,0,0,1
1,0,0,0,1
1,0,0,0,1
1,0,0,0,1
1,0,0,0,1
1,0,0,0,1
1,0,0,0,1
1,0,0,0,1
2,0,0,0,2
1,0,0,0,1
3,0,0,0,3
1,0,0,0,1
1,0,0,0,1
1,0,0,0,1
1,0,0,0,1
1,0,0,0,1
1,0,0,0,1
1,0,0,0,1
1,0,0,0,1
1,0,0,0,1
1,0,0,0,1
2,0,0,0,2
1,0,0,0,1
1,0,0,0,1
1,0,0,0,1
1,0,0,0,1
1,0,0,0,1
1,0,0,0,1
1,0,0,0,1
1,2,0,0,3
1,0,0,0,1
1,0,0,0,1
1,0,0,0,1
1,0,0,0,1
1,0,0,0,1
1,0,0,0,1
1,0,0,0,1
1,0,0,0,1
1,0,0,0,1
1,0,0,0,1
1,0,0,0,1
1,0,0,0,1
1,0,0,0,1
1,0,0,0,1
1,0,0,0,1
1,0,0,0,1
1,0,0,0,1
1,0,0,0,1
1,0,0,0,1
1,0,0,0,1
1,0,0,0,1
1,0,0,0,1
1,0,0,0,1
1,0,0,0,1
1,0,0,0,1
1,0,0,0,1
1,0,0,0,1
1,0,0,0,1
1,0,0,0,1
1,0,0,0,1
1,0,0,0,1
1,0,0,0,1
1,0,0,0,1
1,0,0,0,1
1,0,0,0,1
1,0,0,0,1
1,2,0,0,3
1,0,0,0,1
1,0,0,0,1
1,0,0,0,1
1,0,0,0,1
1,0,0,0,1
1,0,0,0,1
1,0,0,0,1
1,0,0,0,1
1,0,0,0,1
1,0,0,0,1
1,0,0,0,1
1,0,0,0,1
1,0,0,0,1
1,0,0,0,1
1,0,0,0,1
1,0,0,0,1
1,0,0,0,1
1,0,0,0,1
2,0,0,0,2
1,0,0,0,1
1,0,0,0,1
1,0,0,0,1
3,4,0,0,7
1,0,0,0,1
1,0,0,0,1
1,0,0,0,1
1,0,0,0,1
1,0,0,0,1
1,0,0,0,1
1,0,0,0,1
1,0,0,0,1
1,0,0,0,1
1,0,0,0,1
1,0,0,0,1
1,0,0,0,1
1,0,0,0,1
1,0,0,0,1
1,0,0,0,1
1,0,0,0,1
1,0,0,0,1
1,0,0,0,1
1,0,0,0,1
1,0,0,0,1
1,0,0,0,1
1,0,0,0,1
1,0,0,0,1
2,0,0,0,2
1,0,0,0,1
1,0,0,0,1
1,0,0,0,1
1,0,0,0,1
1,0,0,0,1
1,0,0,0,1
1,0,0,0,1
1,0,0,0,1
1,0,0,0,1
1,0,0,0,1
1,0,0,0,1
1,0,0,0,1
1,0,0,0,1
1,0,0,0,1
1,0,0,0,1
1,0,0,0,1
1,0,0,0,1
1,0,0,0,1
1,0,0,0,1
1,0,0,0,1
1,0,0,0,1
1,0,0,0,1
1,0,0,0,1
1,0,0,0,1
1,0,0,0,1
1,0,0,0,1
1,0,0,0,1
1,0,0,0,1
1,0,0,0,1
1,0,0,0,1
1,0,0,0,1
1,0,0,0,1
1,0,0,0,1
1,0,0,0,1
1,0,0,0,1
1,0,0,0,1
1,0,0,0,1
1,0,0,0,1
1,0,0,0,1
1,0,0,0,1
1,0,0,0,1
1,0,0,0,1
2,0,0,0,2
1,0,0,0,1
1,0,0,0,1
1,0,0,0,1
1,8,1,0,10
1,0,0,0,1
1,0,0,0,1
1,0,0,0,1
1,0,0,0,1
1,0,0,0,1
1,0,0,0,1
1,0,0,0,1
1,0,0,0,1
1,0,0,0,1
1,0,0,0,1
1,0,0,0,1
1,0,0,0,1
1,0,0,0,1
1,0,0,0,1
1,75,0,0,76
1,0,0,0,1
1,4,0,0,5
1,0,0,0,1
1,0,0,0,1
1,0,0,0,1
1,0,0,0,1
1,0,0,0,1
1,0,0,0,1
1,0,0,0,1
1,0,0,0,1
2,0,0,0,2
1,0,0,0,1
1,0,0,0,1
1,0,0,0,1
1,0,0,0,1
1,0,0,0,1
1,0,0,0,1
1,0,0,0,1
1,0,0,0,1
1,0,0,0,1
1,0,0,0,1
1,0,0,0,1
1,0,0,0,1
1,0,0,0,1
2,0,0,0,2
1,0,1,0,2
1,0,0,0,1
1,0,0,0,1
1,0,0,0,1
1,0,0,0,1
1,0,0,0,1
1,29,0,0,30
1,0,0,0,1
1,0,0,0,1
1,0,0,0,1
1,0,0,0,1
1,0,0,0,1
1,0,0,0,1
1,0,0,0,1
1,0,0,0,1
1,0,0,0,1
1,0,0,0,1
1,0,0,0,1
1,0,0,0,1
1,0,0,0,1
1,0,0,0,1
1,0,0,0,1
1,1,0,0,2
1,0,0,0,1
2,0,0,0,2
1,0,0,0,1
1,0,0,0,1
1,0,0,0,1
1,0,0,0,1
1,0,0,0,1
1,0,0,0,1
1,0,0,0,1
1,0,0,0,1
1,2,0,0,3
1,0,0,0,1
1,0,0,0,1
1,0,0,0,1
1,0,0,0,1
1,0,0,0,1
1,0,0,0,1
1,0,0,0,1
1,0,0,0,1
1,0,0,0,1
1,0,0,0,1
2,0,0,0,2
1,0,0,0,1
1,0,0,0,1
1,0,0,0,1
1,0,0,0,1
1,0,0,0,1
1,0,0,0,1
1,0,0,0,1
1,0,0,0,1
1,0,0,0,1
1,0,0,0,1
1,0,0,0,1
1,0,0,0,1
1,0,0,0,1
1,0,0,0,1
1,0,0,0,1
1,0,0,0,1
1,0,0,0,1
1,0,0,0,1
1,2,0,0,3
1,0,0,0,1
1,0,0,0,1
1,0,0,0,1
2,0,0,0,2
1,0,0,0,1
1,0,0,0,1
1,0,0,0,1
1,0,0,0,1
1,0,0,0,1
1,0,0,0,1
1,0,0,0,1
1,0,0,0,1
1,0,0,0,1
1,0,0,0,1
1,0,0,0,1
1,0,0,0,1
1,0,1,0,2
1,0,0,0,1
1,0,0,0,1
1,0,0,0,1
1,0,0,0,1
1,0,0,0,1
1,0,0,0,1
1,0,0,0,1
1,0,0,0,1
1,0,0,0,1
1,2,1,0,4
1,0,0,0,1
1,0,0,0,1
1,0,0,0,1
1,0,0,0,1
1,0,0,0,1
1,0,0,0,1
1,0,0,0,1
1,0,0,0,1
1,0,0,0,1
1,0,0,0,1
1,0,0,0,1
1,0,0,0,1
1,0,0,0,1
1,0,0,0,1
1,0,0,0,1
1,0,0,0,1
1,0,0,0,1
2,0,0,0,2
1,0,0,0,1
1,0,0,0,1
1,0,0,0,1
1,0,0,0,1
1,0,0,0,1
1,0,0,0,1
1,0,0,0,1
1,0,0,0,1
1,0,0,0,1
1,0,0,0,1
1,0,0,0,1
2,0,0,0,2
2,0,0,0,2
1,0,0,0,1
1,0,0,0,1
1,0,0,0,1
1,0,0,0,1
1,0,0,0,1
1,0,0,0,1
1,0,0,0,1
2,0,0,0,2
1,0,0,0,1
1,0,0,0,1
1,0,0,0,1
1,0,0,0,1
1,0,0,0,1
1,0,0,0,1
1,0,0,0,1
1,0,0,0,1
1,0,0,0,1
1,0,0,0,1
1,0,0,0,1
1,0,0,0,1
1,0,0,0,1
1,0,0,0,1
2,0,0,0,2
1,0,0,0,1
1,0,0,0,1
1,0,0,0,1
1,0,0,0,1
1,0,0,0,1
2,0,0,0,2
1,0,0,0,1
1,0,0,0,1
1,0,0,0,1
1,0,0,0,1
1,0,0,0,1
1,0,0,0,1
1,0,0,0,1
1,0,0,0,1
1,0,0,0,1
1,0,0,0,1
1,0,0,0,1
1,0,0,0,1
1,1,0,0,2
1,0,0,0,1
1,0,0,0,1
1,0,0,0,1
1,0,0,0,1
1,0,0,0,1
1,0,0,0,1
1,0,0,0,1
1,0,0,0,1
1,1,0,0,2
1,3,2,0,6
2,0,0,0,2
1,0,0,0,1
1,0,0,0,1
1,0,0,0,1
1,0,0,0,1
1,0,0,0,1
1,0,0,0,1
1,0,0,0,1
1,0,0,0,1
1,0,0,0,1
1,0,0,0,1
1,0,0,0,1
1,0,0,0,1
1,0,0,0,1
1,0,0,0,1
1,0,0,0,1
1,0,0,0,1
1,0,0,0,1
1,0,0,0,1
1,0,0,0,1
1,0,0,0,1
1,0,0,0,1
1,0,0,0,1
1,0,0,0,1
1,0,0,0,1
1,0,0,0,1
1,0,0,0,1
1,0,0,0,1
1,0,0,0,1
1,0,0,0,1
1,0,0,0,1
1,0,0,0,1
2,0,0,0,2
1,0,0,0,1
1,0,0,0,1
1,0,0,0,1
1,0,0,0,1
1,0,0,0,1
1,0,0,0,1
1,0,0,0,1
1,0,0,0,1
1,0,0,0,1
1,39,0,0,40
1,0,0,0,1
2,0,0,0,2
2,0,0,0,2
1,0,0,0,1
1,0,0,0,1
1,0,0,0,1
1,0,0,0,1
1,0,0,0,1
1,0,0,0,1
1,0,0,0,1
1,0,0,0,1
2,0,0,0,2
1,0,0,0,1
1,12,0,0,13
1,0,0,0,1
1,5,1,0,7
1,0,0,0,1
1,0,0,0,1
1,0,0,0,1
1,0,0,0,1
1,0,0,0,1
2,0,0,0,2
1,0,0,0,1
1,0,0,0,1
1,0,0,0,1
1,0,0,0,1
3,0,0,0,3
1,0,0,0,1
1,0,0,0,1
1,0,3,0,4
1,0,0,0,1
1,0,0,0,1
1,0,0,0,1
1,0,0,0,1
1,0,0,0,1
1,0,0,0,1
1,0,0,0,1
1,0,0,0,1
1,0,0,0,1
1,0,0,0,1
1,0,0,0,1
1,6,0,0,7
1,0,0,0,1
1,0,0,0,1
2,0,0,0,2
1,0,0,0,1
1,0,0,0,1
1,0,0,0,1
1,0,0,0,1
1,0,0,0,1
1,0,0,0,1
1,0,0,0,1
1,0,0,0,1
1,0,0,0,1
1,0,0,0,1
1,5,0,0,6
1,0,0,0,1
1,0,0,0,1
1,0,0,0,1
1,0,0,0,1
1,0,0,0,1
1,0,0,0,1
1,0,0,0,1
1,0,0,0,1
1,0,0,0,1
1,0,0,0,1
1,3,0,0,4
1,0,0,0,1
1,0,0,0,1
1,0,0,0,1
1,0,0,0,1
1,0,0,0,1
1,0,0,0,1
1,0,0,0,1
1,0,0,0,1
1,0,0,0,1
1,0,0,0,1
1,0,0,0,1
1,0,0,0,1
1,0,0,0,1
1,0,0,0,1
1,0,0,0,1
1,0,0,0,1
1,0,0,0,1
1,0,0,0,1
1,0,0,0,1
1,0,0,0,1
1,0,0,0,1
1,0,0,0,1
1,0,0,0,1
1,0,0,0,1
1,0,0,0,1
1,0,0,0,1
1,0,0,0,1
1,0,0,0,1
1,0,0,0,1
1,0,0,0,1
1,0,0,0,1
1,0,0,0,1
1,2,0,0,3
1,0,0,0,1
1,0,0,0,1
1,0,0,0,1
1,0,0,0,1
1,0,0,0,1
1,0,0,0,1
2,0,0,0,2
1,0,0,0,1
1,0,0,0,1
1,0,0,0,1
1,0,0,0,1
1,0,0,0,1
1,0,0,0,1
1,0,0,0,1
1,0,0,0,1
1,0,0,0,1
1,0,0,0,1
2,0,0,0,2
1,0,0,0,1
1,0,0,0,1
1,0,0,0,1
1,0,0,0,1
1,0,0,0,1
1,0,0,0,1
1,0,0,0,1
1,0,0,0,1
1,0,0,0,1
1,0,0,0,1
1,0,0,0,1
1,0,0,0,1
1,0,0,0,1
1,0,0,0,1
1,0,0,0,1
1,0,0,0,1
1,0,0,0,1
1,0,0,0,1
1,0,0,0,1
1,0,0,0,1
1,0,0,0,1
1,0,0,0,1
1,0,0,0,1
1,0,0,0,1
1,0,0,0,1
2,0,0,0,2
1,0,0,0,1
1,0,0,0,1
1,0,0,0,1
1,0,0,0,1
1,0,0,0,1
1,0,0,0,1
1,0,0,0,1
1,0,0,0,1
1,0,0,0,1
1,2,0,0,3
1,0,0,0,1
1,0,0,0,1
1,1,0,0,2
1,0,0,0,1
1,0,0,0,1
1,0,0,0,1
1,0,0,0,1
2,1,0,0,3
1,0,0,0,1
1,0,0,0,1
2,0,0,0,2
1,0,0,0,1
1,0,0,0,1
1,0,0,0,1
1,0,0,0,1
1,0,0,0,1
1,0,0,0,1
1,0,0,0,1
1,0,0,0,1
1,0,0,0,1
1,0,0,0,1
1,0,0,0,1
1,0,0,0,1
1,0,0,0,1
1,0,0,0,1
1,0,0,0,1
1,0,0,0,1
1,0,0,0,1
1,2,0,0,3
1,0,0,0,1
1,0,0,0,1
1,0,0,0,1
1,0,0,0,1
1,0,0,0,1
1,0,0,0,1
1,0,0,0,1
1,0,0,0,1
1,0,0,0,1
2,0,0,0,2
1,0,0,0,1
1,0,0,0,1
1,0,0,0,1
1,0,0,0,1
2,0,0,0,2
1,0,0,0,1
1,0,0,0,1
1,0,0,0,1
1,0,0,0,1
1,0,0,0,1
1,0,0,0,1
1,0,0,0,1
1,0,0,0,1
1,0,0,0,1
1,0,0,0,1
1,0,0,0,1
1,0,0,0,1
1,0,0,0,1
4,2,0,0,6
2,0,0,0,2
1,0,0,0,1
1,0,0,0,1
1,0,0,0,1
1,0,0,0,1
1,0,0,0,1
1,0,0,0,1
1,0,0,0,1
1,0,0,0,1
1,0,0,0,1
1,0,0,0,1
1,0,0,0,1
1,0,0,0,1
1,0,0,0,1
1,0,0,0,1
1,0,0,0,1
1,0,0,0,1
1,0,0,0,1
1,0,0,0,1
1,0,0,0,1
1,0,0,0,1
1,0,0,0,1
1,0,0,0,1
1,0,0,0,1
1,0,0,0,1
1,0,0,0,1
1,0,0,0,1
1,0,0,0,1
1,0,0,0,1
1,0,0,0,1
1,0,0,0,1
1,0,0,0,1
1,0,0,0,1
1,0,0,0,1
1,0,0,0,1
1,0,0,0,1
1,0,0,0,1
1,0,0,0,1
1,0,0,0,1
1,0,0,0,1
1,0,0,0,1
1,0,0,0,1
1,0,0,0,1
1,0,0,0,1
1,0,0,0,1
1,0,0,0,1
1,0,0,0,1
1,0,0,0,1
2,0,0,0,2
1,0,0,0,1
1,0,0,0,1
1,0,0,0,1
1,0,0,0,1
1,0,0,0,1
1,0,0,0,1
1,0,0,0,1
3,0,0,0,3
1,0,0,0,1
1,0,0,0,1
1,0,0,0,1
1,0,0,0,1
2,0,0,0,2
1,0,0,0,1
1,0,0,0,1
1,0,0,0,1
1,0,0,0,1
1,0,0,0,1
1,0,0,0,1
1,0,0,0,1
1,0,0,0,1
1,0,0,0,1
1,0,0,0,1
1,0,0,0,1
1,0,0,0,1
1,0,0,0,1
1,0,0,0,1
1,0,0,0,1
1,0,0,0,1
1,0,0,0,1
1,0,0,0,1
2,0,0,0,2
1,0,0,0,1
1,0,0,0,1
1,0,0,0,1
1,0,0,0,1
1,0,0,0,1
1,0,0,0,1
1,0,0,0,1
2,0,0,0,2
1,0,0,0,1
1,0,0,0,1
1,0,0,0,1
1,0,0,0,1
1,0,0,0,1
1,0,0,0,1
1,0,0,0,1
1,0,0,0,1
1,0,0,0,1
1,0,0,0,1
1,0,0,0,1
1,0,0,0,1
1,0,0,0,1
1,0,0,0,1
1,0,0,0,1
1,0,0,0,1
1,0,0,0,1
1,0,0,0,1
1,21,0,0,22
1,0,0,0,1
1,0,0,0,1
1,0,0,0,1
1,0,0,0,1
1,0,0,0,1
1,0,0,0,1
1,0,0,0,1
1,0,0,0,1
1,0,0,0,1
1,0,0,0,1
1,0,0,0,1
1,0,0,0,1
1,0,0,0,1
1,0,0,0,1
1,0,0,0,1
1,0,0,0,1
1,0,0,0,1
1,0,0,0,1
1,0,0,0,1
1,0,0,0,1
1,0,0,0,1
1,0,0,0,1
1,0,0,0,1
1,0,0,0,1
1,0,0,0,1
1,0,0,0,1
1,0,0,0,1
1,0,0,0,1
1,0,0,0,1
1,0,0,0,1
1,0,0,0,1
1,0,0,0,1
1,0,0,0,1
1,0,0,0,1
1,0,0,0,1
1,0,0,0,1
1,0,0,0,1
1,0,0,0,1
1,0,0,0,1
1,0,0,0,1
2,0,0,0,2
1,0,0,0,1
1,0,0,0,1
1,0,0,0,1
1,0,0,0,1
1,0,0,0,1
1,0,0,0,1
1,0,0,0,1
1,0,0,0,1
1,0,0,0,1
1,0,0,0,1
1,0,0,0,1
1,0,0,0,1
1,0,0,0,1
1,0,0,0,1
1,0,0,0,1
1,0,0,0,1
1,0,0,0,1
1,0,0,0,1
1,0,0,0,1
1,0,0,0,1
1,0,0,0,1
1,0,0,0,1
1,0,0,0,1
1,0,0,0,1
1,0,0,0,1
2,0,1,0,3
1,0,0,0,1
1,0,0,0,1
1,0,0,0,1
1,0,0,0,1
1,0,0,0,1
1,0,0,0,1
1,0,0,0,1
1,0,0,0,1
1,0,0,0,1
1,0,0,0,1
1,4,0,0,5
1,0,0,0,1
1,0,0,0,1
1,0,0,0,1
1,0,0,0,1
1,0,0,0,1
1,0,0,0,1
1,0,0,0,1
1,0,0,0,1
1,0,0,0,1
1,0,0,0,1
1,0,0,0,1
1,0,0,0,1
1,0,0,0,1
2,0,0,0,2
1,0,0,0,1
2,0,0,0,2
1,0,0,0,1
1,0,0,0,1
1,0,0,0,1
1,0,0,0,1
1,0,0,0,1
1,0,0,0,1
1,0,0,0,1
2,0,0,0,2
1,0,0,0,1
1,0,0,0,1
1,0,0,0,1
1,0,0,0,1
1,0,0,0,1
1,1,0,0,2
1,2,1,0,4
1,0,0,0,1
1,0,0,0,1
1,0,0,0,1
1,0,0,0,1
1,0,0,0,1
1,2,0,0,3
1,0,0,0,1
1,0,0,0,1
2,0,0,0,2
1,0,0,0,1
1,0,0,0,1
1,0,0,0,1
1,0,0,0,1
1,0,0,0,1
1,0,0,0,1
1,0,0,0,1
1,0,0,0,1
1,0,0,0,1
1,0,0,0,1
1,0,0,0,1
1,0,0,0,1
1,0,0,0,1
1,0,0,0,1
1,0,0,0,1
1,0,0,0,1
2,0,0,0,2
1,0,0,0,1
1,0,0,0,1
1,0,0,0,1
1,0,0,0,1
2,0,0,0,2
1,0,0,0,1
1,0,0,0,1
1,0,0,0,1
1,0,0,0,1
1,0,0,0,1
1,0,0,0,1
1,0,0,0,1
1,0,0,0,1
1,0,0,0,1
2,0,0,0,2
1,0,0,0,1
1,0,0,0,1
1,0,0,0,1
1,0,0,0,1
1,0,0,0,1
1,0,0,0,1
1,0,0,0,1
1,0,0,0,1
1,0,0,0,1
1,0,0,0,1
1,0,0,0,1
1,0,0,0,1
1,0,0,0,1
1,0,0,0,1
1,0,0,0,1
1,0,0,0,1
1,4,0,0,5
1,0,0,0,1
1,0,0,0,1
1,0,0,0,1
2,0,0,0,2
1,0,0,0,1
1,0,0,0,1
1,0,0,0,1
1,2,0,0,3
1,0,0,0,1
1,0,0,0,1
1,0,0,0,1
1,0,0,0,1
1,0,0,0,1
2,8,0,0,10
1,0,0,0,1
1,0,0,0,1
1,0,0,0,1
1,0,0,0,1
1,0,0,0,1
1,0,0,0,1
1,0,0,0,1
1,0,0,0,1
1,0,0,0,1
1,0,0,0,1
1,0,0,0,1
1,0,0,0,1
1,0,0,0,1
1,0,0,0,1
1,0,0,0,1
1,0,0,0,1
1,0,0,0,1
1,0,0,0,1
1,0,0,0,1
1,0,0,0,1
1,0,0,0,1
1,0,0,0,1
1,0,0,0,1
1,0,0,0,1
1,0,0,0,1
1,0,0,0,1
1,0,0,0,1
1,1,0,0,2
1,0,0,0,1
1,0,0,0,1
1,0,0,0,1
1,0,0,0,1
1,0,0,0,1
1,0,0,0,1
1,0,0,0,1
2,0,0,0,2
1,0,0,0,1
1,0,0,0,1
1,0,0,0,1
1,0,0,0,1
1,0,0,0,1
1,0,0,0,1
1,0,0,0,1
1,0,0,0,1
1,0,0,0,1
1,0,0,0,1
1,0,0,0,1
1,0,0,0,1
1,0,0,0,1
1,0,0,0,1
1,0,0,0,1
1,0,0,0,1
1,0,0,0,1
1,0,0,0,1
1,0,0,0,1
1,0,0,0,1
1,0,0,0,1
1,0,0,0,1
1,0,0,0,1
1,0,0,0,1
1,0,0,0,1
1,0,0,0,1
1,30,0,0,31
1,0,0,0,1
1,0,0,0,1
1,0,0,0,1
1,0,0,0,1
1,0,0,0,1
1,0,0,0,1
1,0,0,0,1
1,0,0,0,1
1,0,0,0,1
1,0,0,0,1
1,1,1,0,3
1,0,0,0,1
1,0,0,0,1
1,0,0,0,1
1,0,0,0,1
1,0,0,0,1
1,0,0,0,1
1,0,0,0,1
1,0,0,0,1
1,0,0,0,1
1,0,0,0,1
1,0,0,0,1
1,0,0,0,1
1,0,0,0,1
1,0,0,0,1
1,0,0,0,1
3,0,0,0,3
1,0,0,0,1
1,0,0,0,1
1,0,0,0,1
1,0,0,0,1
1,14,0,0,15
1,0,0,0,1
1,0,0,0,1
1,0,0,0,1
1,0,0,0,1
1,0,0,0,1
1,0,0,0,1
1,0,0,0,1
1,0,0,0,1
1,0,0,0,1
1,0,0,0,1
1,0,0,0,1
1,0,0,0,1
1,0,0,0,1
1,0,0,0,1
1,0,0,0,1
1,0,0,0,1
1,0,0,0,1
1,0,0,0,1
1,0,0,0,1
1,0,0,0,1
1,0,0,0,1
1,0,0,0,1
1,0,0,0,1
1,0,0,0,1
1,0,0,0,1
1,0,0,0,1
1,0,0,0,1
1,0,0,0,1
1,0,0,0,1
1,0,0,0,1
1,0,0,0,1
1,0,0,0,1
1,0,0,0,1
1,0,0,0,1
1,0,0,0,1
1,0,0,0,1
2,0,0,0,2
1,0,0,0,1
1,0,0,0,1
2,11,0,0,13
1,0,0,0,1
1,0,0,0,1
1,0,0,0,1
1,0,0,0,1
2,0,0,0,2
1,0,0,0,1
1,0,0,0,1
1,0,0,0,1
2,0,0,0,2
1,0,0,0,1
1,0,0,0,1
1,0,0,0,1
2,0,0,0,2
1,0,0,0,1
1,0,0,0,1
1,0,0,0,1
1,0,0,0,1
1,0,0,0,1
1,0,0,0,1
1,0,0,0,1
1,0,0,0,1
1,0,0,0,1
1,0,0,0,1
1,0,0,0,1
1,0,0,0,1
1,0,0,0,1
1,0,0,0,1
1,0,0,0,1
1,0,0,0,1
1,0,0,0,1
1,0,0,0,1
1,0,0,0,1
1,0,0,0,1
1,0,0,0,1
1,0,0,0,1
1,0,0,0,1
1,0,0,0,1
1,0,0,0,1
1,0,0,0,1
1,0,0,0,1
1,0,0,0,1
1,0,0,0,1
1,0,0,0,1
1,0,0,0,1
1,0,0,0,1
1,0,0,0,1
1,0,0,0,1
1,0,0,0,1
1,0,0,0,1
1,0,0,0,1
1,0,0,0,1
1,0,0,0,1
1,0,0,0,1
1,0,0,0,1
1,43,0,0,44
1,0,0,0,1
1,0,0,0,1
1,0,0,0,1
1,0,0,0,1
1,0,0,0,1
1,0,0,0,1
2,0,0,0,2
1,0,0,0,1
2,0,0,0,2
2,0,0,0,2
1,0,0,0,1
1,0,0,0,1
1,0,0,0,1
1,0,0,0,1
1,0,0,0,1
1,0,0,0,1
1,0,0,0,1
1,7,0,0,8
1,0,0,0,1
1,0,0,0,1
1,0,0,0,1
1,0,0,0,1
1,0,0,0,1
1,0,0,0,1
1,0,0,0,1
1,0,0,0,1
1,0,0,0,1
1,0,0,0,1
1,0,0,0,1
1,0,0,0,1
1,0,0,0,1
1,0,0,0,1
2,0,0,0,2
1,11,0,0,12
1,0,0,0,1
1,0,0,0,1
1,0,0,0,1
1,0,0,0,1
1,0,0,0,1
2,0,0,0,2
1,0,0,0,1
1,0,0,0,1
1,0,0,0,1
1,0,0,0,1
1,3,0,0,4
1,0,0,0,1
1,0,0,0,1
1,0,0,0,1
1,0,0,0,1
1,0,0,0,1
1,0,0,0,1
1,0,0,0,1
1,0,0,0,1
1,0,0,0,1
1,0,0,0,1
1,38,0,0,39
1,0,0,0,1
1,0,0,0,1
1,0,0,0,1
1,0,0,0,1
2,0,0,0,2
1,0,0,0,1
2,0,0,0,2
1,0,0,0,1
1,0,0,0,1
1,0,0,0,1
1,0,0,0,1
1,0,0,0,1
1,0,0,0,1
1,0,0,0,1
1,0,0,0,1
1,0,0,0,1
1,1,0,0,2
1,0,0,0,1
1,0,0,0,1
1,0,0,0,1
1,0,0,0,1
1,0,0,0,1
1,0,0,0,1
1,0,0,0,1
1,0,0,0,1
1,0,0,0,1
1,0,0,0,1
2,0,0,0,2
1,0,0,0,1
2,0,0,0,2
1,0,0,0,1
1,0,0,0,1
1,0,0,0,1
1,0,0,0,1
1,0,0,0,1
1,0,0,0,1
1,0,0,0,1
1,0,0,0,1
1,0,0,0,1
1,0,0,0,1
1,0,0,0,1
1,0,0,0,1
1,0,0,0,1
1,0,0,0,1
1,0,0,0,1
1,0,0,0,1
1,0,0,0,1
2,0,0,0,2
1,0,0,0,1
1,0,0,0,1
1,0,0,0,1
1,0,0,0,1
1,0,0,0,1
1,0,0,0,1
1,0,0,0,1
1,0,0,0,1
1,0,0,0,1
1,0,0,0,1
1,0,0,0,1
1,0,0,0,1
1,0,0,0,1
1,0,0,0,1
1,0,0,0,1
1,0,0,0,1
1,0,0,0,1
1,0,0,0,1
1,0,0,0,1
1,0,0,0,1
1,0,0,0,1
1,0,0,0,1
1,0,0,0,1
1,0,0,0,1
1,0,0,0,1
1,0,0,0,1
1,6,0,0,7
1,0,0,0,1
1,0,0,0,1
1,0,0,0,1
1,0,0,0,1
1,0,0,0,1
1,0,0,0,1
1,0,0,0,1
1,0,0,0,1
1,0,0,0,1
1,0,0,0,1
1,1,0,0,2
1,0,0,0,1
1,0,0,0,1
1,0,0,0,1
1,0,0,0,1
1,0,0,0,1
1,0,0,0,1
1,0,0,0,1
1,0,0,0,1
1,0,0,0,1
1,0,0,0,1
1,0,0,0,1
1,0,0,0,1
1,0,0,0,1
1,0,0,0,1
1,0,0,0,1
1,0,0,0,1
1,0,0,0,1
1,0,0,0,1
1,0,0,0,1
1,0,0,0,1
1,0,0,0,1
1,0,0,0,1
1,5,0,0,6
1,0,0,0,1
1,0,0,0,1
1,0,0,0,1
1,0,0,0,1
1,0,0,0,1
1,0,0,0,1
1,0,0,0,1
1,0,0,0,1
1,0,0,0,1
1,0,0,0,1
1,0,0,0,1
1,0,0,0,1
1,0,0,0,1
2,0,0,0,2
1,0,0,0,1
1,0,0,0,1
1,0,0,0,1
1,0,0,0,1
1,0,0,0,1
1,0,0,0,1
1,0,0,0,1
1,0,0,0,1
1,0,0,0,1
1,0,0,0,1
1,0,0,0,1
1,0,0,0,1
1,0,0,0,1
1,0,0,0,1
1,0,0,0,1
1,0,0,0,1
1,0,0,0,1
1,0,0,0,1
1,0,0,0,1
1,0,0,0,1
1,11,0,0,12
1,0,0,0,1
1,0,0,0,1
1,0,0,0,1
1,0,0,0,1
1,0,0,0,1
1,0,0,0,1
1,0,0,0,1
1,0,0,0,1
1,0,0,0,1
1,0,0,0,1
1,0,0,0,1
1,0,0,0,1
1,0,0,0,1
1,0,0,0,1
1,0,0,0,1
1,0,0,0,1
1,0,0,0,1
1,0,0,0,1
1,0,0,0,1
1,0,0,0,1
1,0,0,0,1
1,0,0,0,1
1,0,0,0,1
1,0,0,0,1
1,0,0,0,1
1,0,0,0,1
1,0,0,0,1
1,0,0,0,1
1,0,0,0,1
1,0,0,0,1
1,0,0,0,1
1,0,0,0,1
1,0,0,0,1
1,0,0,0,1
1,0,0,0,1
1,0,0,0,1
1,0,0,0,1
1,0,0,0,1
1,0,0,0,1
1,0,0,0,1
1,0,0,0,1
1,4,0,0,5
1,0,0,0,1
1,0,0,0,1
1,0,0,0,1
1,0,0,0,1
1,0,0,0,1
1,0,0,0,1
1,0,0,0,1
1,0,0,0,1
1,0,0,0,1
1,0,0,0,1
1,0,0,0,1
1,0,0,0,1
1,0,0,0,1
1,0,0,0,1
1,0,0,0,1
1,3,0,0,4
2,2,0,0,4
1,0,0,0,1
1,0,0,0,1
1,0,0,0,1
1,0,0,0,1
1,0,0,0,1
1,0,0,0,1
1,0,0,0,1
1,0,0,0,1
1,0,0,0,1
1,0,0,0,1
1,0,0,0,1
1,0,0,0,1
1,0,0,0,1
1,0,0,0,1
1,0,0,0,1
1,0,0,0,1
1,0,0,0,1
1,0,0,0,1
1,0,0,0,1
1,0,0,0,1
1,0,0,0,1
1,0,0,0,1
1,0,0,0,1
1,0,0,0,1
1,0,0,0,1
1,0,0,0,1
1,0,0,0,1
1,0,0,0,1
1,0,0,0,1
1,0,0,0,1
1,0,0,0,1
1,0,0,0,1
1,0,0,0,1
1,0,0,0,1
1,0,0,0,1
1,0,0,0,1
1,0,0,0,1
1,0,0,0,1
1,0,0,0,1
1,0,0,0,1
1,0,0,0,1
1,0,0,0,1
1,0,0,0,1
1,0,0,0,1
1,0,0,0,1
1,0,0,0,1
1,0,0,0,1
1,0,0,0,1
1,0,0,0,1
1,0,0,0,1
1,0,0,0,1
1,0,0,0,1
1,0,0,0,1
1,0,0,0,1
1,0,0,0,1
1,0,0,0,1
1,0,0,0,1
1,0,0,0,1
1,0,0,0,1
1,0,0,0,1
1,0,0,0,1
1,0,0,0,1
1,0,0,0,1
1,0,0,0,1
1,0,0,0,1
1,0,0,0,1
1,0,0,0,1
1,0,0,0,1
1,0,0,0,1
1,0,0,0,1
1,0,0,0,1
1,0,0,0,1
1,0,0,0,1
1,0,0,0,1
1,0,0,0,1
1,0,0,0,1
2,0,0,0,2
1,0,0,0,1
1,0,0,0,1
1,0,0,0,1
1,0,0,0,1
1,0,0,0,1
1,0,0,0,1
1,0,0,0,1
1,0,0,0,1
1,0,0,0,1
1,0,0,0,1
1,0,0,0,1
1,0,0,0,1
1,0,0,0,1
1,0,0,0,1
1,0,0,0,1
1,0,0,0,1
1,0,0,0,1
1,0,0,0,1
1,0,0,0,1
1,0,0,0,1
1,0,0,0,1
1,0,0,0,1
1,0,0,0,1
1,0,0,0,1
1,0,0,0,1
1,0,0,0,1
1,0,0,0,1
1,0,0,0,1
1,0,0,0,1
1,0,0,0,1
1,0,0,0,1
1,0,0,0,1
1,0,0,0,1
1,0,0,0,1
1,0,0,0,1
1,0,0,0,1
1,0,0,0,1
1,0,0,0,1
1,0,0,0,1
1,0,0,0,1
1,0,0,0,1
1,0,0,0,1
1,0,0,0,1
1,0,0,0,1
1,0,0,0,1
1,0,0,0,1
1,0,0,0,1
2,0,0,0,2
1,0,0,0,1
1,0,0,0,1
1,0,0,0,1
1,0,0,0,1
1,0,0,0,1
1,0,0,0,1
1,0,0,0,1
1,0,0,0,1
1,0,0,0,1
1,0,0,0,1
1,0,0,0,1
1,0,0,0,1
1,0,0,0,1
1,0,0,0,1
1,0,0,0,1
1,0,0,0,1
1,0,0,0,1
1,0,0,0,1
1,0,0,0,1
1,0,0,0,1
1,0,0,0,1
1,0,0,0,1
1,0,0,0,1
1,0,0,0,1
1,0,0,0,1
1,0,0,0,1
1,0,0,0,1
1,0,0,0,1
1,0,0,0,1
1,0,0,0,1
1,0,0,0,1
1,0,0,0,1
1,0,0,0,1
1,0,0,0,1
1,0,0,0,1
1,0,0,0,1
1,0,0,0,1
1,0,0,0,1
1,0,0,0,1
1,0,0,0,1
1,0,0,0,1
1,0,0,0,1
1,0,0,0,1
1,0,0,0,1
1,0,0,0,1
1,0,0,0,1
1,0,0,0,1
1,0,0,0,1
1,0,0,0,1
1,0,0,0,1
1,0,0,0,1
1,0,0,0,1
1,0,0,0,1
1,0,0,0,1
1,0,0,0,1
1,0,0,0,1
1,0,0,0,1
1,0,0,0,1
1,0,0,0,1
1,0,0,0,1
1,0,0,0,1
1,0,0,0,1
1,0,0,0,1
1,0,0,0,1
1,0,0,0,1
1,0,0,0,1
1,82,0,0,83
1,0,0,0,1
1,0,0,0,1
1,0,0,0,1
1,0,0,0,1
1,0,0,0,1
1,0,0,0,1
1,0,0,0,1
1,0,0,0,1
1,0,0,0,1
1,0,0,0,1
1,0,0,0,1
1,0,0,0,1
1,0,0,0,1
1,0,0,0,1
1,0,0,0,1
1,0,0,0,1
1,0,0,0,1
1,0,0,0,1
1,1,0,0,2
1,0,0,0,1
1,0,0,0,1
1,0,0,0,1
1,0,0,0,1
1,0,0,0,1
1,0,0,0,1
1,0,0,0,1
1,0,0,0,1
1,0,0,0,1
1,16,0,0,17
1,0,0,0,1
1,0,0,0,1
1,0,0,0,1
1,0,0,0,1
1,0,0,0,1
1,0,0,0,1
1,0,0,0,1
1,0,0,0,1
1,0,0,0,1
1,0,0,0,1
1,0,0,0,1
1,0,0,0,1
1,0,0,0,1
1,0,0,0,1
1,0,0,0,1
1,0,0,0,1
1,0,0,0,1
1,0,0,0,1
1,0,0,0,1
1,0,0,0,1
1,0,0,0,1
1,0,0,0,1
1,0,0,0,1
1,0,0,0,1
1,0,0,0,1
1,0,0,0,1
1,0,0,0,1
1,0,0,0,1
1,0,0,0,1
2,0,0,0,2
1,0,0,0,1
1,0,0,0,1
1,0,0,0,1
1,0,0,0,1
1,4,0,0,5
1,0,0,0,1
1,0,0,0,1
2,0,0,0,2
1,0,0,0,1
1,0,0,0,1
1,0,0,0,1
1,0,0,0,1
1,0,0,0,1
1,0,0,0,1
2,0,0,0,2
1,0,0,0,1
1,0,0,0,1
1,0,0,0,1
1,0,0,0,1
1,0,0,0,1
1,0,0,0,1
1,0,0,0,1
1,0,0,0,1
1,0,0,0,1
1,0,0,0,1
1,0,0,0,1
1,0,0,0,1
1,0,0,0,1
1,0,0,0,1
1,0,0,0,1
1,0,0,0,1
1,0,0,0,1
2,0,0,0,2
2,0,0,0,2
1,0,0,0,1
1,0,0,0,1
1,0,0,0,1
1,0,0,0,1
1,0,0,0,1
1,0,0,0,1
1,0,0,0,1
1,0,0,0,1
1,0,0,0,1
1,0,0,0,1
1,0,0,0,1
1,0,0,0,1
1,0,0,0,1
1,0,0,0,1
1,0,0,0,1
1,0,0,0,1
1,0,0,0,1
1,0,0,0,1
1,0,0,0,1
1,0,0,0,1
1,0,0,0,1
1,0,0,0,1
1,0,0,0,1
1,0,0,0,1
1,0,0,0,1
1,0,0,0,1
1,0,0,0,1
1,0,0,0,1
1,0,0,0,1
1,0,0,0,1
2,0,0,0,2
1,0,0,0,1
1,0,0,0,1
1,0,0,0,1
1,0,0,0,1
1,0,0,0,1
1,0,0,0,1
1,0,0,0,1
1,0,0,0,1
1,0,0,0,1
1,0,0,0,1
1,0,0,0,1
1,0,0,0,1
1,0,0,0,1
1,0,0,0,1
1,4,0,0,5
1,2,0,0,3
1,20,14,0,35
1,0,0,0,1
1,0,0,0,1
1,0,0,0,1
1,0,0,0,1
1,0,0,0,1
2,0,0,0,2
1,0,0,0,1
1,0,0,0,1
1,0,0,0,1
1,0,0,0,1
1,0,0,0,1
1,0,0,0,1
1,0,0,0,1
1,2,0,0,3
1,0,0,0,1
1,0,0,0,1
1,0,0,0,1
2,0,0,0,2
1,0,0,0,1
1,0,0,0,1
1,0,0,0,1
1,0,0,0,1
1,0,0,0,1
1,0,0,0,1
1,0,0,0,1
1,0,0,0,1
1,0,0,0,1
1,0,0,0,1
1,0,0,0,1
1,0,0,0,1
1,0,0,0,1
1,0,0,0,1
1,0,0,0,1
1,0,0,0,1
1,0,0,0,1
1,0,0,0,1
1,0,0,0,1
1,0,0,0,1
1,0,0,0,1
1,0,0,0,1
1,0,0,0,1
2,1,0,0,3
1,0,0,0,1
1,0,0,0,1
1,0,0,0,1
1,0,0,0,1
1,0,0,0,1
1,0,0,0,1
1,0,0,0,1
1,0,0,0,1
1,0,0,0,1
1,0,0,0,1
1,0,0,0,1
1,0,0,0,1
1,0,0,0,1
1,0,0,0,1
1,1,0,0,2
1,0,0,0,1
1,0,0,0,1
1,0,0,0,1
1,0,0,0,1
1,0,0,0,1
1,0,0,0,1
1,0,0,0,1
1,0,0,0,1
1,0,0,0,1
1,0,0,0,1
1,0,0,0,1
1,0,0,0,1
1,0,0,0,1
1,0,0,0,1
1,0,0,0,1
1,0,0,0,1
1,0,0,0,1
1,0,0,0,1
1,0,0,0,1
1,0,0,0,1
1,0,0,0,1
1,0,0,0,1
1,0,0,0,1
1,0,0,0,1
1,0,0,0,1
1,0,0,0,1
1,0,0,0,1
1,0,0,0,1
1,0,0,0,1
1,0,0,0,1
1,0,0,0,1
1,0,0,0,1
1,0,0,0,1
1,0,0,0,1
1,0,0,0,1
1,0,0,0,1
1,0,0,0,1
1,0,0,0,1
1,0,0,0,1
1,0,0,0,1
1,0,0,0,1
1,0,1,0,2
1,0,0,0,1
1,0,0,0,1
1,0,0,0,1
1,0,0,0,1
1,0,0,0,1
1,0,0,0,1
1,0,0,0,1
1,0,0,0,1
1,0,0,0,1
1,0,0,0,1
1,0,0,0,1
1,0,0,0,1
1,0,0,0,1
3,0,0,0,3
1,0,0,0,1
1,0,0,0,1
1,0,0,0,1
1,0,0,0,1
1,0,0,0,1
1,0,0,0,1
1,0,0,0,1
1,0,0,0,1
1,0,0,0,1
1,0,0,0,1
1,0,0,0,1
1,0,0,0,1
1,0,0,0,1
1,0,0,0,1
1,0,0,0,1
1,0,0,0,1
1,0,0,0,1
1,0,0,0,1
2,0,0,0,2
1,0,0,0,1
1,1,1,0,3
1,0,0,0,1
1,0,0,0,1
1,2,0,0,3
1,0,0,0,1
1,0,0,0,1
1,0,0,0,1
1,0,0,0,1
1,0,0,0,1
1,0,0,0,1
1,0,0,0,1
1,0,0,0,1
1,0,0,0,1
1,0,0,0,1
1,0,0,0,1
1,0,0,0,1
1,0,0,0,1
1,0,0,0,1
1,0,0,0,1
1,0,0,0,1
1,0,0,0,1
1,0,0,0,1
1,0,0,0,1
1,0,0,0,1
1,0,0,0,1
1,0,0,0,1
1,0,0,0,1
1,0,0,0,1
1,0,0,0,1
1,0,0,0,1
1,0,0,0,1
1,0,0,0,1
1,0,0,0,1
1,0,0,0,1
1,0,0,0,1
2,3,0,0,5
1,3,1,0,5
1,0,0,0,1
1,0,0,0,1
1,0,0,0,1
1,0,0,0,1
1,0,0,0,1
1,0,0,0,1
1,0,0,0,1
1,0,0,0,1
1,0,0,0,1
1,0,0,0,1
1,0,0,0,1
1,0,0,0,1
1,0,0,0,1
1,0,0,0,1
1,0,0,0,1
1,0,0,0,1
1,0,0,0,1
1,0,0,0,1
1,0,0,0,1
1,0,0,0,1
1,0,0,0,1
1,0,0,0,1
1,0,0,0,1
1,1,0,0,2
1,0,0,0,1
1,0,0,0,1
1,0,0,0,1
1,0,0,0,1
1,0,0,0,1
1,0,0,0,1
1,0,0,0,1
1,0,0,0,1
1,0,0,0,1
1,0,0,0,1
1,0,0,0,1
1,0,0,0,1
2,0,0,0,2
1,0,0,0,1
1,0,0,0,1
1,0,0,0,1
1,0,0,0,1
1,0,0,0,1
1,0,0,0,1
1,0,0,0,1
1,0,0,0,1
1,0,0,0,1
1,0,0,0,1
1,0,0,0,1
1,0,0,0,1
1,0,0,0,1
1,0,0,0,1
1,0,0,0,1
2,0,0,0,2
1,0,0,0,1
1,0,0,0,1
1,0,0,0,1
1,3,1,0,5
1,0,0,0,1
1,0,0,0,1
1,0,0,0,1
1,0,0,0,1
1,0,0,0,1
1,0,0,0,1
1,0,0,0,1
1,0,0,0,1
1,0,0,0,1
1,0,0,0,1
1,0,0,0,1
1,0,0,0,1
1,0,0,0,1
1,0,0,0,1
1,0,0,0,1
1,0,0,0,1
2,3,1,0,6
1,0,0,0,1
1,0,0,0,1
1,0,0,0,1
1,0,0,0,1
1,0,0,0,1
1,0,0,0,1
1,0,0,0,1
1,0,0,0,1
1,0,0,0,1
1,0,0,0,1
1,0,0,0,1
1,0,0,0,1
1,0,0,0,1
1,0,0,0,1
1,0,0,0,1
1,0,0,0,1
2,0,0,0,2
1,0,0,0,1
1,0,0,0,1
1,5,0,0,6
1,0,0,0,1
1,0,0,0,1
1,0,0,0,1
1,0,0,0,1
1,0,0,0,1
1,0,0,0,1
1,0,0,0,1
1,0,0,0,1
1,0,0,0,1
1,0,0,0,1
1,0,0,0,1
1,0,0,0,1
1,0,0,0,1
1,0,0,0,1
1,0,0,0,1
1,0,0,0,1
1,0,0,0,1
1,0,0,0,1
1,0,0,0,1
1,0,0,0,1
1,0,0,0,1
2,0,0,0,2
1,0,0,0,1
1,0,0,0,1
2,0,0,0,2
1,0,0,0,1
1,0,0,0,1
1,0,0,0,1
1,0,0,0,1
1,0,0,0,1
1,0,0,0,1
1,0,0,0,1
1,0,0,0,1
1,0,0,0,1
1,0,0,0,1
1,0,0,0,1
1,0,0,0,1
1,0,0,0,1
1,0,0,0,1
1,0,0,0,1
1,0,0,0,1
1,0,0,0,1
1,0,0,0,1
1,0,0,0,1
2,0,0,0,2
1,0,0,0,1
1,0,0,0,1
1,0,0,0,1
1,0,0,0,1
1,0,0,0,1
1,0,0,0,1
1,0,0,0,1
1,0,0,0,1
1,0,0,0,1
1,0,0,0,1
1,0,0,0,1
1,0,0,0,1
1,0,0,0,1
1,0,0,0,1
1,0,0,0,1
1,0,0,0,1
2,0,0,0,2
1,0,0,0,1
1,0,0,0,1
1,0,0,0,1
1,0,0,0,1
1,0,0,0,1
1,0,0,0,1
1,0,0,0,1
1,3,0,0,4
1,0,0,0,1
1,0,0,0,1
1,0,0,0,1
1,0,0,0,1
1,4,0,0,5
1,0,0,0,1
1,0,0,0,1
1,0,0,0,1
2,0,0,0,2
1,0,0,0,1
1,0,0,0,1
1,0,0,0,1
1,0,0,0,1
1,2,0,0,3
1,0,0,0,1
1,0,0,0,1
1,0,0,0,1
1,0,0,0,1
1,0,0,0,1
1,0,0,0,1
1,0,0,0,1
1,0,0,0,1
1,0,0,0,1
1,0,0,0,1
1,0,0,0,1
1,0,0,0,1
1,0,0,0,1
1,0,0,0,1
1,0,0,0,1
1,0,0,0,1
1,4,3,0,8
1,1,0,0,2
1,0,0,0,1
1,0,0,0,1
1,0,0,0,1
1,0,0,0,1
1,0,0,0,1
1,0,0,0,1
1,0,0,0,1
1,0,0,0,1
1,0,0,0,1
1,0,0,0,1
1,0,0,0,1
1,0,0,0,1
1,0,0,0,1
1,0,0,0,1
1,0,0,0,1
1,0,0,0,1
1,0,0,0,1
1,0,0,0,1
3,0,0,0,3
1,0,0,0,1
1,0,0,0,1
1,0,0,0,1
1,0,0,0,1
1,0,0,0,1
1,0,0,0,1
1,0,0,0,1
1,0,0,0,1
1,0,0,0,1
1,0,0,0,1
1,0,0,0,1
1,0,0,0,1
1,0,0,0,1
1,0,0,0,1
1,0,0,0,1
1,0,0,0,1
1,0,0,0,1
1,0,0,0,1
1,0,0,0,1
1,0,0,0,1
1,0,0,0,1
1,0,0,0,1
1,0,0,0,1
1,0,0,0,1
1,0,0,0,1
1,0,0,0,1
1,0,0,0,1
2,0,0,0,2
1,0,0,0,1
1,0,0,0,1
1,0,0,0,1
1,0,0,0,1
1,0,0,0,1
1,0,0,0,1
1,0,0,0,1
1,0,0,0,1
1,0,0,0,1
1,0,0,0,1
1,0,0,0,1
1,0,0,0,1
1,0,0,0,1
1,0,0,0,1
1,0,0,0,1
2,0,0,0,2
1,0,0,0,1
1,0,0,0,1
1,0,0,0,1
1,0,0,0,1
1,0,0,0,1
1,0,0,0,1
1,0,0,0,1
1,0,0,0,1
1,0,0,0,1
1,0,0,0,1
1,0,0,0,1
2,0,0,0,2
1,0,0,0,1
1,0,0,0,1
1,0,0,0,1
1,0,0,0,1
1,0,0,0,1
1,0,0,0,1
1,0,0,0,1
1,0,0,0,1
1,0,0,0,1
1,0,0,0,1
1,0,0,0,1
1,0,0,0,1
1,0,0,0,1
1,0,0,0,1
1,2,0,0,3
1,0,0,0,1
1,0,0,0,1
1,0,0,0,1
1,0,0,0,1
1,0,0,0,1
1,0,0,0,1
1,0,0,0,1
1,0,0,0,1
1,0,0,0,1
1,0,0,0,1
2,0,0,0,2
1,0,0,0,1
2,0,0,0,2
1,0,0,0,1
1,0,0,0,1
1,0,0,0,1
1,0,0,0,1
1,27,0,0,28
1,0,0,0,1
1,0,0,0,1
1,0,0,0,1
1,0,0,0,1
1,0,0,0,1
1,0,0,0,1
1,0,0,0,1
1,0,0,0,1
1,0,0,0,1
1,1,0,0,2
1,0,0,0,1
1,0,0,0,1
1,0,0,0,1
1,0,0,0,1
1,0,0,0,1
1,0,0,0,1
1,0,0,0,1
1,0,0,0,1
1,0,0,0,1
1,0,0,0,1
1,0,0,0,1
1,0,0,0,1
1,0,0,0,1
1,0,0,0,1
1,0,0,0,1
1,0,0,0,1
1,0,0,0,1
1,0,0,0,1
1,0,0,0,1
1,0,0,0,1
1,0,0,0,1
1,0,0,0,1
1,0,0,0,1
1,0,0,0,1
1,0,0,0,1
1,0,0,0,1
1,0,0,0,1
2,0,0,0,2
1,0,0,0,1
2,0,0,0,2
1,0,0,0,1
1,0,0,0,1
1,0,0,0,1
1,0,0,0,1
1,0,0,0,1
1,0,0,0,1
1,0,0,0,1
1,0,0,0,1
2,0,0,0,2
1,0,0,0,1
1,0,0,0,1
1,0,0,0,1
1,0,0,0,1
1,0,0,0,1
1,0,0,0,1
1,0,0,0,1
1,0,0,0,1
1,0,0,0,1
1,0,0,0,1
1,1,1,0,3
1,0,0,0,1
1,438,0,0,439
1,0,0,0,1
1,0,0,0,1
1,0,0,0,1
1,0,0,0,1
1,0,0,0,1
1,0,0,0,1
1,0,0,0,1
1,0,0,0,1
1,0,0,0,1
1,0,0,0,1
1,0,0,0,1
1,0,0,0,1
1,4,0,0,5
1,0,0,0,1
1,0,0,0,1
1,0,0,0,1
1,0,0,0,1
1,0,0,0,1
1,0,0,0,1
1,0,0,0,1
2,0,0,0,2
1,0,0,0,1
1,0,0,0,1
1,0,0,0,1
1,0,0,0,1
1,0,0,0,1
1,0,0,0,1
1,0,0,0,1
1,0,0,0,1
1,0,0,0,1
1,0,0,0,1
1,0,0,0,1
1,0,0,0,1
1,0,0,0,1
1,0,0,0,1
1,0,0,0,1
1,0,0,0,1
1,0,0,0,1
1,0,0,0,1
1,0,0,0,1
1,0,0,0,1
1,0,0,0,1
1,0,0,0,1
1,0,0,0,1
1,6,0,0,7
1,0,0,0,1
1,0,0,0,1
1,0,0,0,1
1,0,0,0,1
1,0,0,0,1
1,0,0,0,1
1,0,0,0,1
1,0,0,0,1
1,0,0,0,1
1,0,0,0,1
1,0,0,0,1
1,0,0,0,1
1,0,0,0,1
1,0,0,0,1
1,0,0,0,1
1,0,0,0,1
1,0,0,0,1
1,2,0,0,3
1,0,0,0,1
1,0,0,0,1
1,0,0,0,1
1,0,0,0,1
1,0,0,0,1
1,0,0,0,1
1,0,0,0,1
1,0,0,0,1
1,0,0,0,1
1,0,0,0,1
1,0,0,0,1
1,0,0,0,1
1,0,0,0,1
1,0,0,0,1
1,0,0,0,1
1,0,0,0,1
1,0,0,0,1
1,0,1,0,2
1,0,0,0,1
1,0,0,0,1
1,0,0,0,1
1,0,0,0,1
1,0,0,0,1
1,0,0,0,1
1,0,0,0,1
1,0,0,0,1
1,0,0,0,1
1,0,0,0,1
2,0,0,0,2
2,7,0,0,9
1,0,0,0,1
1,0,0,0,1
1,0,0,0,1
1,0,0,0,1
1,0,0,0,1
1,0,0,0,1
1,0,0,0,1
1,0,0,0,1
1,0,0,0,1
1,0,0,0,1
1,0,0,0,1
1,0,0,0,1
1,0,0,0,1
1,0,0,0,1
1,0,0,0,1
1,0,0,0,1
1,0,0,0,1
1,0,0,0,1
1,0,0,0,1
1,0,0,0,1
1,0,0,0,1
1,0,0,0,1
1,0,0,0,1
1,0,0,0,1
1,1,1,0,3
1,0,0,0,1
1,0,0,0,1
1,0,0,0,1
1,0,0,0,1
1,0,0,0,1
1,0,0,0,1
1,0,0,0,1
2,0,0,0,2
1,0,0,0,1
1,0,0,0,1
1,0,0,0,1
1,0,0,0,1
1,0,0,0,1
1,0,0,0,1
1,0,0,0,1
1,0,0,0,1
1,0,0,0,1
1,0,0,0,1
1,0,0,0,1
1,0,0,0,1
1,0,0,0,1
1,0,0,0,1
1,0,0,0,1
1,0,0,0,1
1,0,0,0,1
1,0,0,0,1
1,0,0,0,1
1,0,0,0,1
1,0,0,0,1
1,0,0,0,1
1,0,0,0,1
1,0,0,0,1
1,0,0,0,1
1,0,0,0,1
1,0,0,0,1
1,4,0,0,5
1,0,0,0,1
1,0,0,0,1
1,0,0,0,1
1,0,0,0,1
1,0,0,0,1
1,0,0,0,1
1,0,0,0,1
1,0,0,0,1
1,0,0,0,1
1,0,0,0,1
1,0,0,0,1
1,0,0,0,1
1,0,0,0,1
1,1,0,0,2
1,0,0,0,1
1,0,0,0,1
1,0,0,0,1
1,0,0,0,1
1,0,0,0,1
1,0,0,0,1
1,0,0,0,1
1,0,0,0,1
1,0,0,0,1
1,0,0,0,1
1,0,0,0,1
1,0,0,0,1
1,0,0,0,1
1,0,0,0,1
1,0,0,0,1
1,0,0,0,1
1,0,0,0,1
1,0,0,0,1
1,0,0,0,1
1,0,0,0,1
1,0,0,0,1
1,0,0,0,1
1,0,0,0,1
1,0,0,0,1
1,0,0,0,1
1,0,0,0,1
1,0,0,0,1
1,0,0,0,1
1,0,0,0,1
1,0,0,0,1
1,0,0,0,1
1,0,0,0,1
1,0,0,0,1
1,0,0,0,1
1,0,0,0,1
1,0,0,0,1
1,0,0,0,1
1,0,0,0,1
1,0,0,0,1
1,0,0,0,1
1,0,0,0,1
1,0,0,0,1
1,0,0,0,1
1,0,0,0,1
1,0,0,0,1
1,0,0,0,1
1,0,0,0,1
1,0,0,0,1
1,0,0,0,1
1,0,0,0,1
1,0,0,0,1
1,0,0,0,1
1,2,0,0,3
1,0,0,0,1
1,0,0,0,1
1,0,0,0,1
1,0,0,0,1
1,0,0,0,1
1,0,0,0,1
1,0,0,0,1
1,0,0,0,1
1,0,0,0,1
1,0,0,0,1
1,0,0,0,1
1,0,0,0,1
1,0,0,0,1
1,0,0,0,1
1,0,0,0,1
1,0,0,0,1
1,0,0,0,1
1,0,0,0,1
1,0,0,0,1
1,0,0,0,1
1,0,0,0,1
1,0,0,0,1
1,0,0,0,1
1,0,0,0,1
1,0,0,0,1
1,0,0,0,1
1,0,0,0,1
1,0,0,0,1
1,0,0,0,1
1,0,0,0,1
1,0,0,0,1
1,0,0,0,1
1,0,0,0,1
1,0,0,0,1
1,0,0,0,1
1,0,0,0,1
2,0,0,0,2
1,0,0,0,1
1,0,0,0,1
1,0,0,0,1
1,0,0,0,1
1,0,0,0,1
1,0,0,0,1
1,0,0,0,1
1,0,0,0,1
1,0,0,0,1
1,0,0,0,1
1,0,0,0,1
1,0,0,0,1
1,0,0,0,1
1,0,0,0,1
1,0,0,0,1
1,0,0,0,1
1,0,0,0,1
1,0,0,0,1
1,0,0,0,1
1,0,0,0,1
1,0,0,0,1
1,0,0,0,1
1,0,0,0,1
1,0,0,0,1
1,0,0,0,1
1,0,0,0,1
1,0,0,0,1
1,0,0,0,1
1,0,0,0,1
1,0,0,0,1
1,0,0,0,1
1,0,0,0,1
1,0,0,0,1
1,0,0,0,1
1,0,0,0,1
1,0,0,0,1
1,0,0,0,1
1,0,0,0,1
1,0,0,0,1
1,0,0,0,1
1,0,0,0,1
1,0,0,0,1
1,0,0,0,1
1,0,0,0,1
1,0,0,0,1
1,0,0,0,1
1,0,0,0,1
1,0,0,0,1
2,0,0,0,2
1,0,0,0,1
2,0,0,0,2
1,0,0,0,1
1,0,0,0,1
1,0,0,0,1
1,0,0,0,1
1,0,0,0,1
1,0,0,0,1
1,0,0,0,1
1,0,0,0,1
1,0,0,0,1
1,0,0,0,1
1,0,0,0,1
1,0,0,0,1
1,0,0,0,1
1,0,0,0,1
1,0,0,0,1
1,0,0,0,1
1,0,0,0,1
1,0,0,0,1
1,0,0,0,1
1,0,0,0,1
1,0,0,0,1
1,0,0,0,1
1,0,0,0,1
1,0,0,0,1
1,0,0,0,1
1,0,0,0,1
1,0,0,0,1
1,0,0,0,1
1,0,0,0,1
1,0,0,0,1
1,0,0,0,1
1,0,0,0,1
1,0,0,0,1
1,0,0,0,1
1,0,0,0,1
1,0,0,0,1
1,0,0,0,1
1,0,0,0,1
1,0,0,0,1
1,0,0,0,1
1,0,0,0,1
1,0,0,0,1
1,0,0,0,1
1,0,0,0,1
1,0,0,0,1
1,0,0,0,1
1,0,0,0,1
1,4,0,0,5
1,0,0,0,1
1,0,0,0,1
1,0,0,0,1
1,0,0,0,1
1,0,0,0,1
1,0,0,0,1
1,0,0,0,1
1,0,0,0,1
1,0,0,0,1
1,0,0,0,1
1,0,0,0,1
1,0,0,0,1
2,0,0,0,2
1,0,0,0,1
1,0,0,0,1
1,7,0,0,8
1,0,0,0,1
1,0,0,0,1
1,0,0,0,1
1,0,0,0,1
1,0,0,0,1
1,0,0,0,1
1,0,0,0,1
1,0,0,0,1
1,0,0,0,1
1,592,0,0,593
1,0,0,0,1
1,0,0,0,1
1,0,0,0,1
1,0,0,0,1
1,0,0,0,1
1,0,0,0,1
1,1,0,0,2
1,0,0,0,1
1,0,0,0,1
1,0,0,0,1
1,0,0,0,1
1,0,0,0,1
1,0,0,0,1
1,0,0,0,1
1,0,0,0,1
1,0,0,0,1
1,0,0,0,1
1,0,0,0,1
2,0,0,0,2
1,0,0,0,1
1,0,0,0,1
1,0,0,0,1
1,0,0,0,1
1,0,0,0,1
1,0,0,0,1
1,0,0,0,1
2,0,0,0,2
1,0,0,0,1
1,0,0,0,1
1,0,0,0,1
1,0,0,0,1
1,0,0,0,1
1,0,0,0,1
1,0,0,0,1
1,0,0,0,1
1,0,0,0,1
1,0,0,0,1
1,0,0,0,1
1,0,0,0,1
1,0,0,0,1
1,0,0,0,1
1,0,0,0,1
1,0,0,0,1
1,0,0,0,1
1,0,0,0,1
1,0,0,0,1
1,0,0,0,1
1,0,0,0,1
1,0,0,0,1
1,0,0,0,1
1,0,0,0,1
1,0,0,0,1
1,0,0,0,1
1,0,0,0,1
1,0,0,0,1
2,0,0,0,2
1,0,0,0,1
1,0,0,0,1
1,0,0,0,1
1,0,0,0,1
1,0,0,0,1
1,0,0,0,1
1,0,0,0,1
1,0,0,0,1
1,0,0,0,1
1,0,0,0,1
1,0,0,0,1
1,0,0,0,1
1,0,0,0,1
1,0,0,0,1
1,0,0,0,1
1,0,0,0,1
2,0,0,0,2
1,0,0,0,1
1,0,0,0,1
1,0,0,0,1
1,0,0,0,1
1,0,0,0,1
1,0,0,0,1
1,0,0,0,1
1,0,0,0,1
1,0,0,0,1
1,0,0,0,1
1,0,0,0,1
1,0,0,0,1
1,0,0,0,1
1,0,0,0,1
1,0,0,0,1
1,0,0,0,1
1,7,6,0,14
1,0,0,0,1
1,0,0,0,1
1,0,0,0,1
1,0,0,0,1
1,0,0,0,1
1,0,0,0,1
1,0,0,0,1
1,0,0,0,1
1,0,0,0,1
1,0,0,0,1
1,0,0,0,1
1,0,0,0,1
1,0,0,0,1
1,0,0,0,1
1,0,0,0,1
1,0,0,0,1
2,0,0,0,2
1,0,0,0,1
1,0,0,0,1
1,0,0,0,1
1,0,0,0,1
1,0,0,0,1
1,0,0,0,1
1,0,0,0,1
1,0,0,0,1
1,0,0,0,1
1,0,0,0,1
1,0,0,0,1
1,2,1,0,4
1,0,0,0,1
1,0,0,0,1
1,0,0,0,1
1,0,0,0,1
1,0,0,0,1
1,0,0,0,1
1,0,0,0,1
1,0,0,0,1
1,0,0,0,1
1,0,0,0,1
1,0,0,0,1
1,0,0,0,1
1,0,0,0,1
1,0,0,0,1
1,0,0,0,1
1,0,0,0,1
1,0,0,0,1
1,0,0,0,1
1,0,0,0,1
1,0,0,0,1
1,0,0,0,1
1,0,0,0,1
1,0,0,0,1
1,0,0,0,1
1,0,0,0,1
1,0,0,0,1
1,0,0,0,1
3,0,0,0,3
1,0,0,0,1
1,0,0,0,1
1,0,0,0,1
1,0,0,0,1
1,0,0,0,1
1,0,0,0,1
1,0,0,0,1
1,0,0,0,1
1,0,0,0,1
1,0,0,0,1
1,0,0,0,1
1,0,0,0,1
1,0,0,0,1
1,0,0,0,1
1,0,0,0,1
1,0,0,0,1
1,0,0,0,1
1,0,0,0,1
2,0,0,0,2
1,0,0,0,1
2,0,0,0,2
1,0,0,0,1
1,0,0,0,1
1,0,0,0,1
1,1,0,0,2
1,0,0,0,1
1,0,0,0,1
1,0,0,0,1
1,0,0,0,1
1,0,0,0,1
1,0,0,0,1
1,0,0,0,1
1,0,0,0,1
1,0,0,0,1
1,0,0,0,1
1,0,0,0,1
1,0,0,0,1
1,0,0,0,1
1,0,0,0,1
1,0,0,0,1
1,0,0,0,1
1,0,0,0,1
1,0,0,0,1
1,0,0,0,1
1,0,0,0,1
1,0,0,0,1
1,0,0,0,1
1,0,0,0,1
1,0,0,0,1
1,0,0,0,1
1,0,0,0,1
1,0,0,0,1
1,0,0,0,1
1,0,0,0,1
1,0,0,0,1
1,0,0,0,1
1,0,0,0,1
1,0,0,0,1
1,0,0,0,1
1,0,0,0,1
1,0,0,0,1
1,0,0,0,1
1,0,0,0,1
2,6,0,0,8
1,0,0,0,1
1,0,0,0,1
1,0,0,0,1
1,0,0,0,1
1,0,0,0,1
1,0,0,0,1
1,0,0,0,1
1,0,0,0,1
1,0,0,0,1
1,0,0,0,1
1,0,0,0,1
1,0,0,0,1
1,0,0,0,1
1,0,0,0,1
1,0,0,0,1
1,0,0,0,1
1,0,0,0,1
1,0,0,0,1
1,0,0,0,1
1,0,0,0,1
1,0,0,0,1
1,0,0,0,1
1,0,0,0,1
1,0,0,0,1
2,0,0,0,2
1,0,0,0,1
1,0,0,0,1
1,0,0,0,1
1,0,0,0,1
1,0,0,0,1
1,0,0,0,1
1,0,0,0,1
1,0,0,0,1
1,0,0,0,1
1,0,0,0,1
1,0,0,0,1
1,0,0,0,1
1,0,0,0,1
1,0,0,0,1
1,0,0,0,1
1,0,0,0,1
1,0,0,0,1
1,0,0,0,1
1,0,0,0,1
2,0,0,0,2
1,0,0,0,1
1,0,0,0,1
1,0,0,0,1
1,0,0,0,1
1,0,0,0,1
1,0,0,0,1
1,0,0,0,1
1,0,0,0,1
1,0,0,0,1
1,0,0,0,1
1,0,0,0,1
1,0,0,0,1
1,0,0,0,1
1,0,0,0,1
1,0,0,0,1
1,0,0,0,1
1,0,0,0,1
1,0,0,0,1
1,0,0,0,1
1,0,0,0,1
1,0,0,0,1
1,0,0,0,1
1,0,0,0,1
1,0,0,0,1
1,0,0,0,1
1,0,0,0,1
1,0,0,0,1
1,0,0,0,1
1,0,0,0,1
1,0,0,0,1
1,0,0,0,1
1,0,0,0,1
1,0,0,0,1
1,0,0,0,1
1,0,0,0,1
1,0,0,0,1
1,0,0,0,1
1,0,0,0,1
1,0,0,0,1
1,0,0,0,1
1,2,0,0,3
1,0,0,0,1
1,0,0,0,1
1,0,0,0,1
1,0,0,0,1
1,0,0,0,1
1,0,0,0,1
1,0,0,0,1
1,0,0,0,1
1,0,0,0,1
1,0,0,0,1
1,0,0,0,1
1,0,0,0,1
1,0,0,0,1
1,0,0,0,1
1,0,0,0,1
1,0,0,0,1
1,0,0,0,1
1,0,0,0,1
1,0,0,0,1
1,0,0,0,1
1,0,0,0,1
2,0,0,0,2
1,0,0,0,1
1,1,0,0,2
1,0,0,0,1
1,0,0,0,1
1,0,0,0,1
1,0,0,0,1
1,0,0,0,1
1,0,0,0,1
1,0,0,0,1
1,0,0,0,1
1,0,0,0,1
1,0,0,0,1
1,0,0,0,1
1,0,0,0,1
1,0,0,0,1
1,0,0,0,1
1,0,0,0,1
3,0,0,0,3
1,0,0,0,1
1,0,0,0,1
1,0,0,0,1
1,0,0,0,1
1,67,0,0,68
1,0,0,0,1
1,0,0,0,1
1,0,0,0,1
1,0,0,0,1
1,0,0,0,1
1,0,0,0,1
1,0,0,0,1
1,0,0,0,1
1,0,0,0,1
1,0,0,0,1
1,0,0,0,1
1,0,0,0,1
1,0,0,0,1
1,0,0,0,1
1,0,0,0,1
1,0,0,0,1
1,0,0,0,1
1,0,0,0,1
1,0,0,0,1
1,0,0,0,1
1,0,0,0,1
1,0,0,0,1
1,0,0,0,1
1,0,0,0,1
1,0,0,0,1
1,0,0,0,1
1,0,0,0,1
1,0,0,0,1
1,0,0,0,1
1,0,0,0,1
1,0,0,0,1
1,0,0,0,1
1,0,0,0,1
1,0,0,0,1
1,0,0,0,1
1,0,0,0,1
1,0,0,0,1
1,0,0,0,1
2,0,0,0,2
1,0,0,0,1
1,0,0,0,1
1,0,0,0,1
1,0,0,0,1
1,0,0,0,1
1,0,0,0,1
1,0,0,0,1
1,0,0,0,1
1,0,0,0,1
1,0,0,0,1
1,0,0,0,1
1,0,0,0,1
1,0,0,0,1
1,0,0,0,1
1,0,0,0,1
1,0,0,0,1
2,0,0,0,2
1,0,0,0,1
1,0,0,0,1
1,0,0,0,1
1,0,0,0,1
1,0,0,0,1
1,0,0,0,1
1,0,0,0,1
1,0,0,0,1
1,0,0,0,1
1,0,0,0,1
1,0,0,0,1
1,0,0,0,1
1,0,0,0,1
1,0,0,0,1
1,0,0,0,1
1,0,0,0,1
1,0,0,0,1
1,0,0,0,1
1,0,0,0,1
1,0,0,0,1
1,0,0,0,1
1,0,0,0,1
1,0,0,0,1
1,0,0,0,1
1,0,0,0,1
1,0,0,0,1
1,0,0,0,1
1,0,0,0,1
1,0,0,0,1
1,0,0,0,1
1,1,0,0,2
1,0,0,0,1
1,0,0,0,1
1,0,0,0,1
1,0,0,0,1
1,0,0,0,1
1,0,0,0,1
1,0,0,0,1
1,0,0,0,1
1,0,0,0,1
1,0,0,0,1
1,0,0,0,1
1,0,0,0,1
1,0,0,0,1
1,0,0,0,1
1,0,0,0,1
1,0,0,0,1
1,0,0,0,1
1,0,0,0,1
1,0,0,0,1
1,0,0,0,1
1,0,0,0,1
1,0,0,0,1
2,0,0,0,2
1,0,0,0,1
1,0,0,0,1
1,0,0,0,1
1,0,0,0,1
1,0,0,0,1
1,0,0,0,1
1,0,0,0,1
1,0,0,0,1
1,3,0,0,4
2,0,0,0,2
1,0,0,0,1
1,0,0,0,1
2,0,0,0,2
1,0,0,0,1
1,0,0,0,1
1,0,0,0,1
1,0,0,0,1
1,0,0,0,1
1,0,0,0,1
1,0,0,0,1
1,0,0,0,1
1,0,0,0,1
1,0,0,0,1
1,0,0,0,1
1,0,0,0,1
1,0,0,0,1
1,0,0,0,1
1,0,0,0,1
1,0,0,0,1
1,0,0,0,1
1,0,0,0,1
1,0,0,0,1
1,0,0,0,1
1,0,0,0,1
1,0,0,0,1
1,0,0,0,1
1,0,0,0,1
1,0,0,0,1
1,0,0,0,1
1,0,0,0,1
1,0,0,0,1
1,0,0,0,1
1,0,0,0,1
1,0,0,0,1
1,0,0,0,1
1,0,0,0,1
1,0,0,0,1
1,0,0,0,1
1,0,0,0,1
1,0,0,0,1
1,0,0,0,1
1,0,0,0,1
1,0,0,0,1
1,0,0,0,1
1,0,0,0,1
1,0,0,0,1
1,0,0,0,1
1,0,0,0,1
1,0,0,0,1
1,0,0,0,1
1,0,0,0,1
2,0,0,0,2
1,0,0,0,1
1,0,0,0,1
2,7,0,0,9
1,0,0,0,1
1,0,0,0,1
1,0,0,0,1
1,0,0,0,1
1,0,0,0,1
1,0,0,0,1
1,0,0,0,1
1,0,0,0,1
1,0,0,0,1
1,0,0,0,1
1,0,0,0,1
1,0,0,0,1
1,0,0,0,1
1,0,0,0,1
1,0,0,0,1
1,0,0,0,1
1,0,0,0,1
2,0,0,0,2
1,0,0,0,1
1,0,0,0,1
1,0,0,0,1
1,0,0,0,1
1,0,0,0,1
1,0,0,0,1
1,0,0,0,1
1,0,0,0,1
1,0,0,0,1
1,0,0,0,1
1,0,0,0,1
1,0,0,0,1
1,0,0,0,1
1,45,2,0,48
1,0,0,0,1
1,0,0,0,1
1,0,0,0,1
1,0,0,0,1
1,0,0,0,1
1,0,0,0,1
2,0,0,0,2
1,0,0,0,1
1,0,0,0,1
1,0,0,0,1
1,0,0,0,1
1,0,0,0,1
1,0,0,0,1
1,0,0,0,1
1,0,0,0,1
1,0,0,0,1
1,0,0,0,1
1,0,0,0,1
1,0,0,0,1
1,0,0,0,1
1,0,0,0,1
1,0,0,0,1
1,0,0,0,1
1,0,0,0,1
1,0,0,0,1
1,0,0,0,1
1,0,0,0,1
1,0,0,0,1
1,0,0,0,1
1,0,0,0,1
1,0,0,0,1
1,0,0,0,1
1,0,0,0,1
1,0,0,0,1
1,0,0,0,1
2,0,0,0,2
1,0,0,0,1
1,0,0,0,1
1,0,0,0,1
1,0,0,0,1
1,0,0,0,1
1,0,0,0,1
2,0,0,0,2
1,8,0,0,9
1,0,0,0,1
3,0,0,0,3
1,0,0,0,1
1,0,0,0,1
1,0,0,0,1
1,0,0,0,1
1,0,0,0,1
1,0,0,0,1
1,0,0,0,1
1,0,0,0,1
1,0,0,0,1
1,0,0,0,1
1,0,0,0,1
1,0,0,0,1
1,0,0,0,1
1,0,0,0,1
1,0,0,0,1
1,0,0,0,1
1,0,0,0,1
1,0,0,0,1
1,0,0,0,1
1,15,0,0,16
1,0,0,0,1
1,0,0,0,1
1,0,0,0,1
1,0,0,0,1
1,0,0,0,1
1,0,0,0,1
2,0,0,0,2
1,0,0,0,1
1,0,0,0,1
1,0,0,0,1
1,0,0,0,1
1,0,0,0,1
1,0,0,0,1
1,0,0,0,1
1,0,0,0,1
2,0,0,0,2
1,0,0,0,1
1,0,0,0,1
1,0,0,0,1
1,0,0,0,1
1,0,0,0,1
1,0,0,0,1
1,0,0,0,1
1,0,0,0,1
1,0,0,0,1
1,0,0,0,1
1,0,0,0,1
1,0,0,0,1
1,0,0,0,1
1,0,0,0,1
1,0,0,0,1
1,0,0,0,1
1,0,0,0,1
1,0,0,0,1
1,0,0,0,1
1,0,0,0,1
1,0,0,0,1
1,0,0,0,1
1,0,0,0,1
1,0,0,0,1
1,0,0,0,1
1,0,0,0,1
1,0,0,0,1
1,0,0,0,1
1,0,0,0,1
1,0,0,0,1
1,0,0,0,1
1,0,0,0,1
1,0,0,0,1
1,0,0,0,1
1,0,0,0,1
1,0,1,0,2
1,0,0,0,1
1,0,0,0,1
1,0,0,0,1
1,0,0,0,1
1,0,0,0,1
1,0,0,0,1
1,0,0,0,1
1,0,0,0,1
1,0,0,0,1
1,0,0,0,1
1,0,0,0,1
1,0,0,0,1
1,0,0,0,1
1,0,0,0,1
1,0,0,0,1
1,0,0,0,1
1,0,0,0,1
1,0,0,0,1
1,0,0,0,1
1,0,0,0,1
1,0,0,0,1
1,0,0,0,1
1,0,0,0,1
1,0,0,0,1
1,0,0,0,1
1,0,0,0,1
1,0,0,0,1
1,0,0,0,1
1,0,0,0,1
1,0,0,0,1
1,0,0,0,1
1,0,0,0,1
1,0,0,0,1
1,0,0,0,1
1,0,0,0,1
1,0,0,0,1
1,0,0,0,1
1,0,0,0,1
1,0,0,0,1
1,85,0,0,86
1,0,0,0,1
1,0,0,0,1
1,0,0,0,1
1,0,0,0,1
1,0,0,0,1
1,0,0,0,1
1,0,0,0,1
2,0,0,0,2
1,0,0,0,1
1,0,0,0,1
1,0,0,0,1
1,0,0,0,1
1,0,0,0,1
1,0,0,0,1
1,0,0,0,1
1,0,0,0,1
1,0,0,0,1
1,0,0,0,1
1,0,0,0,1
1,0,0,0,1
1,0,0,0,1
1,0,0,0,1
2,0,0,0,2
1,0,0,0,1
1,0,0,0,1
1,0,0,0,1
1,0,0,0,1
1,0,0,0,1
1,0,0,0,1
1,0,0,0,1
1,0,0,0,1
1,0,0,0,1
1,0,0,0,1
1,0,0,0,1
1,0,0,0,1
1,0,0,0,1
1,0,0,0,1
1,0,0,0,1
1,0,0,0,1
1,0,0,0,1
1,0,0,0,1
1,0,0,0,1
1,0,0,0,1
1,0,0,0,1
1,0,0,0,1
1,0,0,0,1
1,0,0,0,1
2,0,0,0,2
1,0,0,0,1
1,0,0,0,1
1,0,0,0,1
1,0,0,0,1
1,0,0,0,1
1,138,0,0,139
1,0,0,0,1
1,0,0,0,1
1,0,0,0,1
1,0,0,0,1
1,0,0,0,1
1,0,0,0,1
1,0,0,0,1
1,0,0,0,1
1,0,0,0,1
1,0,0,0,1
1,0,0,0,1
2,0,0,0,2
1,0,0,0,1
1,0,0,0,1
1,0,0,0,1
1,0,0,0,1
1,0,0,0,1
1,0,0,0,1
1,0,0,0,1
1,0,0,0,1
2,0,0,0,2
1,0,0,0,1
1,3,0,0,4
1,0,0,0,1
1,0,0,0,1
1,0,0,0,1
1,0,0,0,1
1,0,0,0,1
1,0,0,0,1
1,0,0,0,1
1,0,0,0,1
1,0,0,0,1
1,0,0,0,1
1,0,0,0,1
1,0,0,0,1
1,0,0,0,1
1,0,0,0,1
1,0,0,0,1
1,0,0,0,1
1,0,0,0,1
1,0,0,0,1
1,0,0,0,1
1,0,0,0,1
1,0,0,0,1
1,0,0,0,1
1,0,0,0,1
1,0,0,0,1
1,0,0,0,1
1,0,0,0,1
1,0,0,0,1
1,0,0,0,1
1,0,0,0,1
1,0,0,0,1
1,0,0,0,1
1,0,0,0,1
3,0,0,0,3
1,0,0,0,1
1,0,0,0,1
1,0,0,0,1
1,0,0,0,1
1,0,0,0,1
1,0,0,0,1
1,0,0,0,1
1,0,0,0,1
1,0,0,0,1
1,0,0,0,1
1,1,0,0,2
1,0,0,0,1
1,0,0,0,1
1,0,0,0,1
1,0,0,0,1
1,0,0,0,1
1,0,0,0,1
1,0,0,0,1
1,0,0,0,1
1,0,0,0,1
1,0,0,0,1
1,0,0,0,1
1,0,0,0,1
1,0,0,0,1
1,0,0,0,1
1,0,0,0,1
1,0,0,0,1
1,0,0,0,1
1,0,0,0,1
1,0,0,0,1
1,0,0,0,1
1,0,0,0,1
1,0,0,0,1
1,0,0,0,1
1,0,0,0,1
2,2,0,0,4
1,0,0,0,1
1,0,0,0,1
1,0,0,0,1
1,0,0,0,1
1,0,1,0,2
1,0,0,0,1
1,628,0,0,629
1,0,0,0,1
1,0,0,0,1
2,0,0,0,2
1,0,0,0,1
1,0,0,0,1
1,0,0,0,1
1,0,0,0,1
1,0,0,0,1
1,0,0,0,1
1,0,0,0,1
1,0,0,0,1
1,0,0,0,1
1,0,0,0,1
1,0,0,0,1
1,0,0,0,1
1,0,0,0,1
1,0,0,0,1
2,0,0,0,2
1,0,0,0,1
1,0,0,0,1
1,0,0,0,1
1,0,0,0,1
1,0,0,0,1
2,0,0,0,2
1,0,0,0,1
1,0,0,0,1
1,0,0,0,1
1,0,0,0,1
1,0,0,0,1
2,0,0,0,2
1,0,0,0,1
1,0,0,0,1
3,0,0,0,3
1,0,0,0,1
1,0,0,0,1
1,0,0,0,1
1,0,0,0,1
1,0,0,0,1
1,0,0,0,1
1,0,0,0,1
1,0,0,0,1
1,0,0,0,1
1,0,0,0,1
1,0,0,0,1
1,0,0,0,1
1,0,0,0,1
1,0,0,0,1
1,0,0,0,1
1,0,0,0,1
1,0,0,0,1
1,0,0,0,1
1,0,0,0,1
1,0,0,0,1
1,0,0,0,1
1,0,0,0,1
1,0,0,0,1
1,0,0,0,1
1,0,0,0,1
1,0,0,0,1
1,0,0,0,1
1,0,0,0,1
1,0,0,0,1
1,0,0,0,1
1,0,0,0,1
2,0,0,0,2
1,0,0,0,1
1,0,0,0,1
1,0,0,0,1
1,0,0,0,1
1,0,0,0,1
1,0,0,0,1
1,0,0,0,1
1,0,0,0,1
2,0,0,0,2
1,0,0,0,1
1,0,0,0,1
1,0,0,0,1
1,0,0,0,1
1,0,0,0,1
1,0,0,0,1
1,0,0,0,1
1,0,0,0,1
1,0,0,0,1
1,0,0,0,1
1,0,0,0,1
1,0,0,0,1
1,0,0,0,1
1,0,0,0,1
1,0,0,0,1
1,0,0,0,1
1,0,0,0,1
1,0,0,0,1
1,0,0,0,1
1,0,0,0,1
1,0,0,0,1
2,0,0,0,2
1,0,0,0,1
1,0,0,0,1
2,0,0,0,2
1,0,0,0,1
1,0,0,0,1
1,2,0,0,3
1,0,0,0,1
1,0,0,0,1
1,0,0,0,1
1,0,0,0,1
1,0,0,0,1
1,0,0,0,1
1,0,0,0,1
1,6,0,0,7
1,0,0,0,1
1,0,0,0,1
1,0,0,0,1
1,0,0,0,1
1,0,0,0,1
1,0,0,0,1
1,0,0,0,1
1,0,0,0,1
1,0,0,0,1
1,0,0,0,1
1,0,0,0,1
1,0,0,0,1
1,0,0,0,1
1,0,0,0,1
1,0,0,0,1
1,0,0,0,1
1,0,0,0,1
2,0,0,0,2
1,0,0,0,1
1,0,0,0,1
1,0,0,0,1
1,0,0,0,1
1,0,0,0,1
1,0,0,0,1
1,0,0,0,1
1,0,0,0,1
1,0,0,0,1
1,0,0,0,1
1,0,0,0,1
2,0,0,0,2
1,0,0,0,1
1,0,0,0,1
1,0,0,0,1
1,0,0,0,1
1,0,0,0,1
1,0,0,0,1
1,0,0,0,1
1,0,0,0,1
1,0,0,0,1
1,0,0,0,1
1,0,0,0,1
1,0,0,0,1
1,0,0,0,1
3,0,0,0,3
1,0,0,0,1
1,0,0,0,1
1,0,0,0,1
1,0,0,0,1
1,0,0,0,1
1,0,0,0,1
1,0,0,0,1
1,0,0,0,1
1,0,0,0,1
1,0,0,0,1
1,0,0,0,1
1,0,0,0,1
1,0,0,0,1
1,0,0,0,1
1,0,0,0,1
1,0,0,0,1
1,0,0,0,1
1,0,0,0,1
1,0,0,0,1
1,0,0,0,1
1,0,0,0,1
1,3,0,0,4
1,0,0,0,1
1,0,0,0,1
1,0,0,0,1
1,0,0,0,1
1,0,0,0,1
1,0,0,0,1
1,0,0,0,1
1,2,0,0,3
1,0,0,0,1
1,0,0,0,1
1,0,0,0,1
1,0,0,0,1
1,0,0,0,1
1,0,0,0,1
1,0,0,0,1
1,0,0,0,1
1,0,0,0,1
1,0,0,0,1
1,0,0,0,1
1,0,0,0,1
1,0,0,0,1
1,0,0,0,1
1,0,0,0,1
1,0,0,0,1
1,0,0,0,1
1,0,0,0,1
1,0,0,0,1
2,0,0,0,2
1,0,0,0,1
2,0,0,0,2
1,0,0,0,1
1,0,0,0,1
1,0,0,0,1
1,0,0,0,1
1,0,0,0,1
1,0,0,0,1
1,0,0,0,1
1,0,0,0,1
1,0,0,0,1
1,0,0,0,1
1,0,0,0,1
1,0,0,0,1
1,0,0,0,1
1,0,0,0,1
1,0,0,0,1
1,0,0,0,1
1,0,0,0,1
1,0,0,0,1
1,0,0,0,1
2,1,0,0,3
1,0,0,0,1
1,0,0,0,1
1,0,0,0,1
1,0,0,0,1
1,0,0,0,1
1,0,0,0,1
1,0,0,0,1
1,0,0,0,1
1,0,0,0,1
1,0,0,0,1
1,0,0,0,1
2,0,0,0,2
1,0,0,0,1
1,0,0,0,1
1,0,0,0,1
1,0,0,0,1
1,0,0,0,1
1,0,0,0,1
1,0,0,0,1
1,0,0,0,1
1,0,0,0,1
1,0,0,0,1
1,0,0,0,1
1,0,0,0,1
1,0,0,0,1
1,0,0,0,1
1,0,0,0,1
1,0,0,0,1
1,0,0,0,1
1,0,0,0,1
1,0,0,0,1
1,0,0,0,1
1,0,0,0,1
1,0,0,0,1
1,0,0,0,1
1,0,0,0,1
1,0,0,0,1
1,0,0,0,1
1,0,0,0,1
1,0,0,0,1
1,0,0,0,1
1,0,0,0,1
1,0,0,0,1
1,0,0,0,1
1,0,0,0,1
1,0,0,0,1
1,0,0,0,1
1,0,0,0,1
3,0,0,0,3
1,0,0,0,1
1,0,0,0,1
1,0,0,0,1
1,0,0,0,1
1,0,0,0,1
1,0,0,0,1
1,0,0,0,1
1,0,0,0,1
1,0,0,0,1
1,0,0,0,1
3,2,0,0,5
1,0,0,0,1
1,0,0,0,1
1,0,0,0,1
1,0,0,0,1
2,0,0,0,2
1,0,0,0,1
1,0,0,0,1
1,0,0,0,1
1,0,0,0,1
1,0,0,0,1
1,0,0,0,1
1,0,0,0,1
1,0,0,0,1
1,0,0,0,1
1,0,0,0,1
1,0,0,0,1
1,0,0,0,1
1,0,0,0,1
1,0,0,0,1
1,0,0,0,1
1,0,0,0,1
1,0,0,0,1
1,0,0,0,1
1,0,0,0,1
1,0,0,0,1
1,0,0,0,1
1,0,0,0,1
1,0,0,0,1
1,0,0,0,1
1,0,0,0,1
1,0,0,0,1
1,0,0,0,1
1,0,0,0,1
1,0,0,0,1
1,0,0,0,1
1,1,0,0,2
1,0,0,0,1
1,0,0,0,1
1,0,0,0,1
1,0,0,0,1
1,0,0,0,1
1,0,0,0,1
1,0,0,0,1
1,0,0,0,1
1,0,0,0,1
1,0,0,0,1
1,0,0,0,1
1,0,0,0,1
1,0,0,0,1
1,0,0,0,1
1,0,0,0,1
1,1,2,0,4
2,0,0,0,2
1,0,0,0,1
1,0,0,0,1
1,0,0,0,1
1,0,0,0,1
1,0,0,0,1
1,0,0,0,1
1,0,0,0,1
1,0,0,0,1
1,0,0,0,1
1,0,0,0,1
1,2,1,0,4
1,0,0,0,1
1,0,0,0,1
2,0,0,0,2
1,0,0,0,1
1,0,0,0,1
1,0,0,0,1
1,0,0,0,1
1,0,0,0,1
1,0,0,0,1
1,0,0,0,1
1,0,0,0,1
1,0,0,0,1
1,0,0,0,1
1,0,0,0,1
1,0,0,0,1
1,0,0,0,1
1,0,0,0,1
2,0,0,0,2
1,0,0,0,1
1,0,0,0,1
1,0,0,0,1
1,0,0,0,1
1,0,0,0,1
1,0,0,0,1
1,0,0,0,1
1,0,0,0,1
1,0,0,0,1
1,0,0,0,1
1,0,0,0,1
1,0,0,0,1
1,0,0,0,1
1,0,0,0,1
1,0,0,0,1
1,0,0,0,1
1,0,0,0,1
1,0,0,0,1
2,0,0,0,2
1,0,0,0,1
1,0,0,0,1
1,0,0,0,1
1,2,1,0,4
2,0,0,0,2
1,0,0,0,1
1,0,0,0,1
1,0,0,0,1
1,0,0,0,1
1,0,0,0,1
1,0,0,0,1
1,0,0,0,1
1,0,0,0,1
1,2,0,0,3
1,0,0,0,1
1,0,0,0,1
1,0,0,0,1
1,0,0,0,1
1,0,0,0,1
1,0,0,0,1
1,0,0,0,1
1,0,0,0,1
1,0,0,0,1
1,0,0,0,1
2,0,0,0,2
1,0,0,0,1
1,0,0,0,1
1,0,0,0,1
1,0,0,0,1
1,0,0,0,1
1,0,0,0,1
1,0,0,0,1
1,0,0,0,1
1,0,0,0,1
1,0,0,0,1
1,0,0,0,1
1,0,0,0,1
1,0,0,0,1
1,0,0,0,1
1,0,0,0,1
1,0,0,0,1
1,0,0,0,1
1,0,0,0,1
1,0,0,0,1
1,0,0,0,1
1,0,0,0,1
1,1,0,0,2
1,0,0,0,1
1,0,0,0,1
1,2,1,0,4
1,0,0,0,1
1,0,0,0,1
1,0,0,0,1
1,0,0,0,1
1,0,0,0,1
1,0,0,0,1
1,0,0,0,1
1,0,0,0,1
1,0,0,0,1
1,0,0,0,1
1,0,0,0,1
1,0,0,0,1
1,0,0,0,1
1,0,0,0,1
2,0,0,0,2
1,0,0,0,1
1,0,0,0,1
1,0,0,0,1
1,0,0,0,1
1,0,0,0,1
1,0,0,0,1
1,0,0,0,1
1,0,0,0,1
1,7,0,0,8
1,0,0,0,1
1,0,0,0,1
1,0,0,0,1
1,0,0,0,1
1,0,0,0,1
1,0,0,0,1
1,0,0,0,1
1,0,0,0,1
1,0,0,0,1
1,0,0,0,1
1,0,0,0,1
1,0,0,0,1
1,0,0,0,1
1,0,0,0,1
1,0,0,0,1
1,0,0,0,1
1,0,0,0,1
1,0,0,0,1
1,0,0,0,1
1,0,0,0,1
1,0,0,0,1
1,0,1,0,2
1,0,0,0,1
1,1,0,0,2
1,0,0,0,1
1,0,0,0,1
1,0,0,0,1
1,0,0,0,1
1,0,0,0,1
1,0,0,0,1
1,0,0,0,1
1,0,0,0,1
1,0,0,0,1
1,0,0,0,1
1,0,0,0,1
1,0,0,0,1
1,0,0,0,1
1,0,0,0,1
1,0,0,0,1
2,0,0,0,2
1,0,0,0,1
1,0,0,0,1
1,0,0,0,1
1,0,0,0,1
2,0,0,0,2
2,3,1,0,6
1,0,0,0,1
1,0,0,0,1
1,0,0,0,1
1,0,0,0,1
1,0,0,0,1
1,0,0,0,1
1,0,0,0,1
1,0,0,0,1
1,0,0,0,1
1,0,0,0,1
1,0,0,0,1
1,0,0,0,1
1,0,0,0,1
1,0,0,0,1
1,0,0,0,1
1,0,0,0,1
1,6,1,0,8
1,0,0,0,1
1,0,0,0,1
1,0,0,0,1
1,0,0,0,1
1,0,0,0,1
1,0,0,0,1
1,0,0,0,1
1,0,0,0,1
1,0,0,0,1
1,0,0,0,1
1,0,0,0,1
1,0,0,0,1
1,0,0,0,1
1,0,0,0,1
1,0,0,0,1
1,0,0,0,1
2,0,0,0,2
1,0,0,0,1
1,0,0,0,1
1,0,0,0,1
1,0,0,0,1
1,0,0,0,1
1,0,0,0,1
1,0,0,0,1
1,0,0,0,1
1,0,0,0,1
1,0,0,0,1
1,0,0,0,1
1,0,0,0,1
1,0,0,0,1
1,0,0,0,1
1,0,0,0,1
1,0,0,0,1
1,0,0,0,1
1,0,0,0,1
1,0,0,0,1
1,0,0,0,1
1,0,0,0,1
1,0,0,0,1
1,0,0,0,1
1,0,0,0,1
1,0,0,0,1
1,0,0,0,1
1,0,0,0,1
1,0,0,0,1
1,0,0,0,1
1,0,0,0,1
1,0,0,0,1
1,1,0,0,2
1,0,0,0,1
1,0,0,0,1
1,0,0,0,1
1,0,0,0,1
1,0,0,0,1
1,0,0,0,1
1,0,0,0,1
1,0,0,0,1
1,0,0,0,1
1,0,0,0,1
1,0,0,0,1
1,0,0,0,1
1,0,0,0,1
1,5,0,0,6
1,0,0,0,1
1,0,0,0,1
2,0,0,0,2
1,0,0,0,1
1,0,0,0,1
1,0,0,0,1
1,0,0,0,1
1,0,0,0,1
1,0,0,0,1
1,0,0,0,1
1,0,0,0,1
1,0,0,0,1
1,0,0,0,1
1,0,0,0,1
1,0,0,0,1
1,0,0,0,1
1,0,0,0,1
1,0,0,0,1
1,0,0,0,1
1,0,0,0,1
1,0,0,0,1
1,0,0,0,1
1,0,0,0,1
1,0,0,0,1
1,0,0,0,1
1,0,0,0,1
1,0,0,0,1
1,0,0,0,1
2,0,0,0,2
1,0,0,0,1
1,0,0,0,1
1,0,0,0,1
1,0,0,0,1
1,0,0,0,1
1,0,0,0,1
1,0,0,0,1
1,0,0,0,1
1,0,0,0,1
1,0,0,0,1
1,0,0,0,1
1,0,0,0,1
1,0,0,0,1
1,0,0,0,1
1,0,0,0,1
1,0,0,0,1
1,0,0,0,1
1,0,0,0,1
1,0,0,0,1
3,0,0,0,3
1,0,0,0,1
1,0,0,0,1
1,0,0,0,1
1,0,0,0,1
1,0,0,0,1
1,0,0,0,1
1,0,0,0,1
1,0,0,0,1
1,0,0,0,1
1,0,0,0,1
1,0,0,0,1
1,0,0,0,1
1,0,0,0,1
1,0,0,0,1
1,0,0,0,1
1,0,0,0,1
1,0,0,0,1
1,0,0,0,1
1,0,0,0,1
1,0,0,0,1
1,0,0,0,1
1,0,0,0,1
1,0,0,0,1
1,0,0,0,1
1,0,0,0,1
1,0,0,0,1
1,0,0,0,1
1,0,0,0,1
1,0,0,0,1
1,0,0,0,1
1,0,0,0,1
1,0,0,0,1
1,0,0,0,1
1,0,0,0,1
2,0,0,0,2
1,0,0,0,1
1,0,0,0,1
1,0,0,0,1
1,10,0,0,11
1,0,0,0,1
1,0,0,0,1
1,0,0,0,1
1,0,0,0,1
1,0,0,0,1
1,0,0,0,1
1,0,0,0,1
1,0,0,0,1
1,0,0,0,1
1,0,0,0,1
1,0,0,0,1
1,0,0,0,1
1,0,0,0,1
1,0,0,0,1
1,0,0,0,1
1,0,0,0,1
1,0,0,0,1
1,0,0,0,1
1,0,0,0,1
1,0,0,0,1
2,0,0,0,2
1,0,0,0,1
1,0,0,0,1
1,0,0,0,1
1,0,0,0,1
1,0,0,0,1
1,1,0,0,2
1,8,1,0,10
1,0,0,0,1
1,0,0,0,1
1,0,0,0,1
1,0,0,0,1
1,0,0,0,1
1,0,0,0,1
1,0,0,0,1
1,0,0,0,1
1,0,0,0,1
1,0,0,0,1
1,0,0,0,1
1,0,0,0,1
1,0,0,0,1
1,0,0,0,1
1,0,0,0,1
1,2,0,0,3
1,0,0,0,1
2,0,0,0,2
1,0,0,0,1
1,0,0,0,1
1,0,0,0,1
1,0,0,0,1
1,0,0,0,1
1,0,0,0,1
1,0,0,0,1
1,0,0,0,1
1,0,0,0,1
1,2,0,0,3
1,0,0,0,1
1,0,0,0,1
1,0,0,0,1
1,0,0,0,1
1,0,0,0,1
1,0,0,0,1
1,0,0,0,1
1,0,0,0,1
1,2,0,0,3
1,0,0,0,1
1,0,0,0,1
1,0,0,0,1
1,0,0,0,1
1,0,0,0,1
1,0,0,0,1
1,0,0,0,1
1,0,0,0,1
1,9,0,0,10
1,0,0,0,1
1,0,0,0,1
1,0,0,0,1
1,0,0,0,1
2,0,0,0,2
1,0,0,0,1
1,0,0,0,1
1,0,0,0,1
1,0,0,0,1
1,0,0,0,1
1,0,0,0,1
1,0,0,0,1
1,0,0,0,1
1,0,0,0,1
2,0,0,0,2
1,0,0,0,1
1,0,0,0,1
1,0,0,0,1
1,0,0,0,1
1,0,0,0,1
1,0,0,0,1
1,0,0,0,1
1,0,0,0,1
1,0,0,0,1
1,0,0,0,1
1,0,0,0,1
1,0,0,0,1
1,0,0,0,1
1,0,0,0,1
1,0,0,0,1
1,0,0,0,1
1,9,0,0,10
1,0,0,0,1
1,0,0,0,1
1,0,0,0,1
1,0,0,0,1
1,0,0,0,1
1,0,0,0,1
2,0,0,0,2
2,0,0,0,2
1,0,0,0,1
1,0,0,0,1
1,0,0,0,1
1,0,0,0,1
1,0,0,0,1
1,0,0,0,1
1,0,0,0,1
1,2,0,0,3
1,0,0,0,1
1,6,1,0,8
1,0,0,0,1
1,0,0,0,1
1,0,0,0,1
1,0,0,0,1
1,0,0,0,1
1,0,0,0,1
1,0,0,0,1
1,0,0,0,1
1,0,0,0,1
1,0,0,0,1
1,0,0,0,1
1,0,0,0,1
1,0,0,0,1
1,0,0,0,1
1,0,0,0,1
1,0,0,0,1
1,0,0,0,1
1,0,0,0,1
1,0,0,0,1
1,0,0,0,1
1,0,0,0,1
1,0,0,0,1
1,0,0,0,1
1,0,0,0,1
1,0,0,0,1
1,0,0,0,1
1,0,0,0,1
1,0,0,0,1
1,0,0,0,1
1,0,0,0,1
1,0,0,0,1
1,0,0,0,1
1,0,0,0,1
1,0,0,0,1
1,4,0,0,5
1,0,0,0,1
1,0,0,0,1
1,0,0,0,1
1,0,0,0,1
1,0,0,0,1
1,0,0,0,1
1,0,0,0,1
1,0,0,0,1
1,0,0,0,1
1,0,0,0,1
1,0,0,0,1
1,0,0,0,1
1,0,0,0,1
1,0,0,0,1
1,0,0,0,1
2,0,0,0,2
1,0,0,0,1
1,0,0,0,1
1,0,0,0,1
1,0,0,0,1
1,0,0,0,1
1,0,0,0,1
1,0,0,0,1
1,0,0,0,1
1,0,0,0,1
1,0,0,0,1
1,0,0,0,1
1,0,0,0,1
1,0,0,0,1
1,0,0,0,1
1,0,0,0,1
1,0,0,0,1
1,0,0,0,1
1,0,0,0,1
1,0,0,0,1
1,0,0,0,1
1,0,0,0,1
1,0,0,0,1
1,0,0,0,1
2,0,0,0,2
1,0,0,0,1
1,0,0,0,1
1,0,0,0,1
1,0,0,0,1
1,0,0,0,1
1,0,0,0,1
1,0,0,0,1
1,0,0,0,1
1,0,0,0,1
1,0,0,0,1
1,0,0,0,1
1,0,0,0,1
1,0,0,0,1
1,1,0,0,2
1,0,0,0,1
1,0,0,0,1
1,0,0,0,1
1,0,0,0,1
1,0,0,0,1
1,0,0,0,1
1,0,0,0,1
1,0,0,0,1
1,0,0,0,1
1,0,0,0,1
1,0,0,0,1
1,0,0,0,1
1,0,0,0,1
1,0,0,0,1
1,0,0,0,1
1,0,0,0,1
1,0,0,0,1
1,0,0,0,1
1,0,0,0,1
1,0,0,0,1
1,0,0,0,1
1,0,0,0,1
1,0,0,0,1
1,0,0,0,1
1,0,0,0,1
1,0,0,0,1
1,0,0,0,1
1,0,0,0,1
1,0,0,0,1
1,0,0,0,1
1,0,0,0,1
1,0,0,0,1
2,0,0,0,2
1,0,0,0,1
1,0,0,0,1
1,0,0,0,1
1,0,0,0,1
1,0,0,0,1
1,0,0,0,1
1,0,0,0,1
1,0,0,0,1
1,0,0,0,1
1,0,0,0,1
1,0,0,0,1
1,13,0,0,14
1,0,0,0,1
1,0,0,0,1
1,0,0,0,1
1,0,0,0,1
1,0,0,0,1
1,0,0,0,1
1,0,0,0,1
1,0,0,0,1
1,0,0,0,1
1,0,0,0,1
1,0,0,0,1
1,0,0,0,1
1,0,0,0,1
1,0,0,0,1
1,0,0,0,1
3,1,0,0,4
1,0,0,0,1
1,0,0,0,1
1,0,0,0,1
1,0,0,0,1
1,0,0,0,1
1,0,0,0,1
1,0,0,0,1
1,0,0,0,1
1,0,0,0,1
1,0,0,0,1
1,0,0,0,1
1,0,0,0,1
1,0,0,0,1
1,0,0,0,1
1,0,0,0,1
1,0,0,0,1
1,0,0,0,1
1,0,0,0,1
1,0,0,0,1
1,0,0,0,1
1,0,0,0,1
1,0,0,0,1
1,0,0,0,1
1,0,0,0,1
1,4,0,0,5
1,0,0,0,1
1,0,0,0,1
2,0,0,0,2
1,0,0,0,1
1,0,0,0,1
1,0,0,0,1
1,0,0,0,1
1,0,0,0,1
1,0,0,0,1
1,0,0,0,1
1,0,0,0,1
1,0,0,0,1
1,0,0,0,1
1,0,0,0,1
1,0,0,0,1
1,0,0,0,1
1,0,0,0,1
1,0,0,0,1
1,0,0,0,1
1,0,0,0,1
1,0,0,0,1
1,0,0,0,1
1,0,0,0,1
1,5,0,0,6
1,0,0,0,1
1,0,0,0,1
1,0,0,0,1
1,0,0,0,1
1,0,0,0,1
1,0,0,0,1
2,0,0,0,2
1,0,0,0,1
1,2,0,0,3
1,0,0,0,1
1,0,0,0,1
1,0,0,0,1
1,0,0,0,1
1,0,0,0,1
1,0,0,0,1
1,0,0,0,1
3,0,0,0,3
1,0,0,0,1
1,0,0,0,1
1,0,0,0,1
1,0,0,0,1
1,0,0,0,1
1,0,0,0,1
1,0,0,0,1
1,0,0,0,1
1,0,0,0,1
1,0,0,0,1
1,0,0,0,1
1,0,0,0,1
1,0,0,0,1
1,0,0,0,1
1,0,0,0,1
1,0,0,0,1
1,0,0,0,1
1,0,0,0,1
1,0,0,0,1
1,0,0,0,1
1,0,0,0,1
1,0,0,0,1
1,0,0,0,1
1,0,0,0,1
1,0,0,0,1
1,0,0,0,1
1,0,0,0,1
1,0,0,0,1
1,0,0,0,1
1,0,0,0,1
1,0,0,0,1
1,0,0,0,1
1,0,0,0,1
1,0,0,0,1
1,0,0,0,1
1,0,0,0,1
1,0,0,0,1
1,0,0,0,1
1,0,0,0,1
1,0,0,0,1
1,0,0,0,1
1,0,0,0,1
1,0,0,0,1
1,0,0,0,1
1,0,0,0,1
1,0,0,0,1
1,0,0,0,1
1,0,0,0,1
1,0,0,0,1
1,0,0,0,1
1,0,0,0,1
1,0,0,0,1
1,0,0,0,1
1,0,0,0,1
1,0,0,0,1
1,0,0,0,1
1,0,0,0,1
1,0,0,0,1
1,0,0,0,1
1,0,0,0,1
1,0,0,0,1
1,0,0,0,1
1,0,0,0,1
1,1,1,0,3
1,1,1,0,3
1,0,0,0,1
1,0,0,0,1
1,0,0,0,1
1,0,0,0,1
1,0,0,0,1
1,0,0,0,1
1,0,0,0,1
1,0,0,0,1
1,0,0,0,1
1,0,0,0,1
2,0,0,0,2
1,0,0,0,1
1,0,0,0,1
1,0,0,0,1
1,0,0,0,1
2,0,0,0,2
1,0,0,0,1
1,0,0,0,1
1,0,0,0,1
1,0,0,0,1
1,0,0,0,1
1,0,0,0,1
1,0,0,0,1
1,0,0,0,1
2,0,0,0,2
1,0,0,0,1
1,0,0,0,1
2,0,0,0,2
1,6,3,0,10
1,0,0,0,1
1,0,0,0,1
1,0,0,0,1
1,0,0,0,1
1,0,0,0,1
1,0,0,0,1
1,0,0,0,1
1,0,0,0,1
1,0,0,0,1
1,0,0,0,1
1,0,0,0,1
1,0,0,0,1
1,0,0,0,1
1,0,0,0,1
1,0,0,0,1
1,0,0,0,1
1,0,0,0,1
1,0,0,0,1
1,0,0,0,1
1,0,0,0,1
1,0,0,0,1
1,0,0,0,1
1,0,0,0,1
1,0,0,0,1
1,0,0,0,1
2,0,0,0,2
1,0,0,0,1
1,0,0,0,1
1,0,0,0,1
1,0,0,0,1
1,0,0,0,1
2,0,0,0,2
1,0,0,0,1
1,0,0,0,1
1,0,0,0,1
1,0,0,0,1
1,0,0,0,1
1,0,0,0,1
1,0,0,0,1
1,0,0,0,1
1,0,0,0,1
1,0,0,0,1
1,0,0,0,1
1,0,0,0,1
1,0,0,0,1
1,0,0,0,1
1,0,0,0,1
1,0,0,0,1
1,0,0,0,1
1,0,0,0,1
1,0,0,0,1
1,0,0,0,1
1,0,0,0,1
1,0,0,0,1
1,0,0,0,1
1,2,0,0,3
1,0,0,0,1
1,0,0,0,1
1,0,0,0,1
1,0,0,0,1
1,0,0,0,1
1,0,0,0,1
1,0,0,0,1
1,0,0,0,1
1,0,0,0,1
1,0,0,0,1
1,0,0,0,1
2,0,0,0,2
1,0,0,0,1
1,0,0,0,1
1,0,0,0,1
1,0,0,0,1
1,0,0,0,1
1,0,0,0,1
1,0,0,0,1
1,0,0,0,1
1,0,0,0,1
1,0,0,0,1
1,0,0,0,1
1,0,0,0,1
1,0,0,0,1
1,0,0,0,1
1,0,0,0,1
1,0,0,0,1
1,0,0,0,1
2,0,0,0,2
1,0,0,0,1
1,0,0,0,1
1,0,0,0,1
1,0,0,0,1
1,0,0,0,1
1,0,0,0,1
1,0,0,0,1
1,0,0,0,1
1,0,0,0,1
1,0,0,0,1
1,0,0,0,1
1,0,0,0,1
1,0,0,0,1
1,0,0,0,1
1,0,0,0,1
1,0,0,0,1
1,0,0,0,1
1,0,0,0,1
2,0,0,0,2
2,0,0,0,2
1,0,0,0,1
1,0,0,0,1
1,0,0,0,1
1,0,0,0,1
1,0,0,0,1
1,0,0,0,1
1,0,0,0,1
2,0,0,0,2
1,0,0,0,1
1,0,0,0,1
1,0,0,0,1
1,0,0,0,1
1,0,0,0,1
1,0,0,0,1
1,0,0,0,1
1,0,0,0,1
1,0,0,0,1
1,0,0,0,1
1,0,0,0,1
1,0,0,0,1
1,0,0,0,1
1,0,0,0,1
1,0,0,0,1
1,0,0,0,1
1,0,0,0,1
2,0,0,0,2
1,0,0,0,1
1,0,0,0,1
1,0,0,0,1
1,0,0,0,1
1,1,0,0,2
1,0,0,0,1
1,0,0,0,1
1,0,0,0,1
1,0,0,0,1
1,0,0,0,1
2,0,0,0,2
1,0,0,0,1
1,0,0,0,1
1,0,0,0,1
1,0,0,0,1
1,0,0,0,1
1,0,0,0,1
1,0,0,0,1
1,0,0,0,1
1,4,3,0,8
1,2,0,0,3
1,0,0,0,1
1,0,0,0,1
1,0,0,0,1
1,0,0,0,1
1,0,0,0,1
1,0,0,0,1
1,0,0,0,1
1,0,0,0,1
1,0,0,0,1
1,0,0,0,1
1,0,0,0,1
1,0,0,0,1
1,0,0,0,1
1,0,0,0,1
1,0,0,0,1
1,0,0,0,1
1,0,0,0,1
1,0,0,0,1
1,1,0,0,2
1,0,0,0,1
1,0,0,0,1
1,0,0,0,1
1,0,0,0,1
3,0,0,0,3
1,0,0,0,1
1,0,0,0,1
1,0,0,0,1
1,0,0,0,1
1,0,0,0,1
1,0,0,0,1
1,0,0,0,1
1,0,0,0,1
1,0,0,0,1
1,0,0,0,1
1,0,0,0,1
1,0,0,0,1
1,0,0,0,1
1,0,0,0,1
1,0,0,0,1
1,0,0,0,1
1,0,0,0,1
1,0,0,0,1
1,0,0,0,1
1,0,0,0,1
2,0,0,0,2
1,0,0,0,1
1,0,0,0,1
1,0,0,0,1
1,0,0,0,1
1,0,0,0,1
1,0,0,0,1
1,0,0,0,1
1,0,0,0,1
1,0,0,0,1
1,0,0,0,1
1,0,0,0,1
1,0,0,0,1
1,0,0,0,1
1,0,0,0,1
1,0,0,0,1
1,0,0,0,1
1,0,0,0,1
1,0,0,0,1
1,0,0,0,1
1,2,0,0,3
2,0,0,0,2
1,0,0,0,1
1,0,0,0,1
1,0,0,0,1
1,0,0,0,1
1,0,0,0,1
1,0,0,0,1
1,0,0,0,1
1,0,0,0,1
1,0,0,0,1
1,0,0,0,1
1,0,0,0,1
1,0,0,0,1
1,0,0,0,1
1,0,0,0,1
1,0,0,0,1
1,0,0,0,1
1,0,0,0,1
1,0,0,0,1
1,0,0,0,1
1,0,0,0,1
1,0,0,0,1
1,0,0,0,1
1,0,0,0,1
1,0,0,0,1
1,0,0,0,1
1,0,0,0,1
1,0,0,0,1
1,0,0,0,1
1,0,0,0,1
1,0,0,0,1
1,0,0,0,1
1,0,0,0,1
1,0,0,0,1
1,0,0,0,1
1,0,0,0,1
1,0,0,0,1
1,0,0,0,1
2,0,0,0,2
1,0,0,0,1
1,0,0,0,1
1,0,0,0,1
1,0,0,0,1
1,0,0,0,1
1,0,0,0,1
1,0,0,0,1
1,0,0,0,1
1,0,0,0,1
1,0,0,0,1
1,0,0,0,1
1,0,0,0,1
1,0,0,0,1
1,0,0,0,1
1,0,0,0,1
1,0,0,0,1
1,0,0,0,1
1,0,0,0,1
1,0,0,0,1
1,0,0,0,1
1,0,0,0,1
1,0,0,0,1
1,0,0,0,1
1,0,0,0,1
1,0,0,0,1
1,0,0,0,1
1,4,1,0,6
1,0,0,0,1
1,0,0,0,1
1,0,0,0,1
1,0,0,0,1
1,0,0,0,1
1,0,0,0,1
1,0,0,0,1
1,0,0,0,1
1,0,0,0,1
1,0,0,0,1
1,0,0,0,1
1,0,0,0,1
1,0,0,0,1
1,0,0,0,1
1,0,0,0,1
1,0,0,0,1
2,0,0,0,2
1,0,0,0,1
1,1,0,0,2
1,0,0,0,1
1,0,0,0,1
1,0,0,0,1
1,0,0,0,1
1,0,0,0,1
1,0,0,0,1
1,0,0,0,1
1,0,0,0,1
1,0,0,0,1
1,0,0,0,1
1,0,0,0,1
1,0,0,0,1
1,0,0,0,1
2,0,0,0,2
1,0,0,0,1
1,0,0,0,1
1,0,0,0,1
1,0,0,0,1
1,0,0,0,1
1,0,0,0,1
1,0,0,0,1
1,0,0,0,1
1,4,0,0,5
1,0,0,0,1
1,0,0,0,1
1,0,0,0,1
1,0,0,0,1
1,0,0,0,1
1,0,0,0,1
1,0,0,0,1
1,0,0,0,1
1,0,0,0,1
1,1,0,0,2
1,0,0,0,1
1,0,0,0,1
2,2,2,0,6
1,0,0,0,1
1,0,0,0,1
1,0,0,0,1
1,0,0,0,1
1,0,0,0,1
1,0,0,0,1
2,0,0,0,2
1,0,0,0,1
1,0,0,0,1
1,0,0,0,1
1,0,0,0,1
1,0,0,0,1
2,0,0,0,2
1,0,0,0,1
1,0,0,0,1
1,0,0,0,1
1,0,0,0,1
1,0,0,0,1
1,0,0,0,1
1,0,0,0,1
1,0,0,0,1
1,0,0,0,1
1,0,0,0,1
1,0,0,0,1
1,0,0,0,1
1,0,0,0,1
1,0,0,0,1
1,0,0,0,1
1,0,0,0,1
1,0,0,0,1
1,0,0,0,1
1,0,0,0,1
1,0,0,0,1
1,0,0,0,1
1,0,0,0,1
1,0,0,0,1
1,0,0,0,1
1,0,0,0,1
1,0,0,0,1
1,0,0,0,1
1,0,0,0,1
1,0,0,0,1
1,0,0,0,1
1,0,0,0,1
1,0,0,0,1
1,0,0,0,1
1,0,0,0,1
1,0,0,0,1
1,0,0,0,1
1,0,0,0,1
1,0,0,0,1
1,0,0,0,1
1,0,0,0,1
1,0,0,0,1
1,0,0,0,1
1,0,0,0,1
1,0,0,0,1
1,0,0,0,1
1,0,0,0,1
1,0,0,0,1
1,0,0,0,1
2,0,0,0,2
1,0,0,0,1
1,0,0,0,1
1,0,0,0,1
1,0,0,0,1
1,0,0,0,1
1,0,0,0,1
2,1,0,0,3
1,0,0,0,1
1,0,0,0,1
1,0,0,0,1
1,0,0,0,1
1,0,0,0,1
1,0,0,0,1
1,5,0,0,6
1,0,0,0,1
1,0,0,0,1
1,0,0,0,1
1,4,0,0,5
1,0,0,0,1
1,0,0,0,1
1,2,0,0,3
1,0,0,0,1
1,0,0,0,1
1,0,0,0,1
1,0,0,0,1
1,0,0,0,1
1,0,0,0,1
1,0,0,0,1
1,0,0,0,1
1,0,0,0,1
1,0,0,0,1
1,0,0,0,1
1,0,0,0,1
2,1,0,0,3
1,0,0,0,1
1,0,0,0,1
1,0,0,0,1
1,0,0,0,1
1,0,0,0,1
2,0,0,0,2
1,3,0,0,4
1,0,0,0,1
1,0,0,0,1
1,0,0,0,1
1,0,0,0,1
1,0,0,0,1
2,0,0,0,2
1,0,0,0,1
1,0,0,0,1
1,0,0,0,1
1,0,0,0,1
1,0,0,0,1
1,0,0,0,1
1,0,0,0,1
1,0,0,0,1
1,0,0,0,1
1,0,0,0,1
1,0,0,0,1
1,0,0,0,1
1,0,0,0,1
1,0,0,0,1
1,0,0,0,1
1,0,0,0,1
1,0,0,0,1
1,0,0,0,1
1,0,0,0,1
1,0,0,0,1
1,0,0,0,1
2,0,0,0,2
1,0,0,0,1
1,0,0,0,1
1,0,0,0,1
1,0,0,0,1
1,0,0,0,1
1,0,0,0,1
1,0,0,0,1
1,0,0,0,1
1,0,0,0,1
1,0,0,0,1
1,0,0,0,1
1,0,0,0,1
1,0,0,0,1
1,0,0,0,1
1,0,0,0,1
1,0,0,0,1
1,0,0,0,1
2,0,0,0,2
1,0,0,0,1
1,0,0,0,1
1,0,0,0,1
1,0,0,0,1
1,0,0,0,1
3,0,0,0,3
1,0,0,0,1
1,0,0,0,1
1,0,0,0,1
1,0,0,0,1
1,0,0,0,1
1,0,0,0,1
1,0,0,0,1
1,0,0,0,1
1,0,0,0,1
1,0,0,0,1
1,0,0,0,1
1,0,0,0,1
1,0,0,0,1
1,0,0,0,1
1,0,0,0,1
1,0,0,0,1
1,0,0,0,1
1,0,0,0,1
1,0,0,0,1
1,3,0,0,4
1,0,0,0,1
1,0,0,0,1
1,0,0,0,1
1,0,0,0,1
1,0,0,0,1
1,0,0,0,1
1,0,0,0,1
1,0,0,0,1
1,0,0,0,1
1,0,0,0,1
1,0,0,0,1
1,0,0,0,1
1,0,0,0,1
1,0,0,0,1
1,0,0,0,1
1,0,0,0,1
1,0,0,0,1
1,0,0,0,1
1,0,0,0,1
1,0,0,0,1
1,0,0,0,1
1,0,0,0,1
1,0,0,0,1
1,0,0,0,1
1,0,0,0,1
1,0,0,0,1
1,0,0,0,1
1,0,0,0,1
1,0,0,0,1
1,0,0,0,1
1,0,0,0,1
1,0,0,0,1
1,0,0,0,1
1,0,0,0,1
1,0,0,0,1
1,0,0,0,1
1,0,0,0,1
1,0,0,0,1
1,0,0,0,1
1,0,0,0,1
1,0,0,0,1
1,0,0,0,1
1,0,0,0,1
1,0,0,0,1
1,0,0,0,1
1,0,0,0,1
1,0,0,0,1
1,2,0,0,3
1,0,0,0,1
1,0,0,0,1
1,0,0,0,1
1,0,0,0,1
1,0,0,0,1
1,0,0,0,1
1,0,0,0,1
1,0,0,0,1
1,0,0,0,1
1,0,0,0,1
1,0,0,0,1
1,0,0,0,1
1,0,0,0,1
1,0,0,0,1
1,0,0,0,1
1,0,0,0,1
1,0,0,0,1
1,0,0,0,1
1,0,0,0,1
1,0,0,0,1
1,0,0,0,1
1,0,0,0,1
1,1,1,0,3
1,0,0,0,1
2,2,2,0,6
3,0,0,0,3
1,0,0,0,1
1,0,0,0,1
1,0,0,0,1
1,0,0,0,1
1,0,0,0,1
1,0,0,0,1
1,0,0,0,1
1,0,0,0,1
1,0,0,0,1
1,0,0,0,1
1,0,0,0,1
1,0,0,0,1
1,0,0,0,1
1,0,0,0,1
1,0,0,0,1
1,0,0,0,1
1,0,0,0,1
1,0,0,0,1
1,0,0,0,1
1,0,0,0,1
1,0,0,0,1
1,0,0,0,1
1,0,0,0,1
1,0,0,0,1
1,0,0,0,1
2,0,0,0,2
1,0,0,0,1
1,0,0,0,1
1,0,0,0,1
1,0,0,0,1
1,0,0,0,1
1,0,0,0,1
1,0,0,0,1
1,0,0,0,1
1,0,0,0,1
1,0,0,0,1
1,0,0,0,1
2,0,0,0,2
1,0,0,0,1
1,0,0,0,1
1,0,0,0,1
2,0,0,0,2
1,0,0,0,1
1,0,0,0,1
1,0,0,0,1
1,0,0,0,1
1,0,0,0,1
1,0,0,0,1
1,0,0,0,1
1,0,0,0,1
1,0,0,0,1
1,0,0,0,1
1,0,0,0,1
1,0,0,0,1
1,0,0,0,1
1,0,0,0,1
1,0,0,0,1
1,0,0,0,1
1,0,0,0,1
1,0,0,0,1
1,0,0,0,1
1,0,0,0,1
1,0,0,0,1
1,0,0,0,1
1,0,0,0,1
1,0,0,0,1
1,0,0,0,1
1,0,0,0,1
1,0,0,0,1
1,0,0,0,1
1,0,0,0,1
1,0,0,0,1
1,0,0,0,1
1,0,0,0,1
1,0,0,0,1
2,0,0,0,2
1,0,0,0,1
1,0,0,0,1
1,0,0,0,1
1,0,0,0,1
1,0,0,0,1
1,0,0,0,1
1,0,0,0,1
1,0,0,0,1
1,0,0,0,1
1,0,0,0,1
1,0,0,0,1
1,0,0,0,1
1,0,0,0,1
1,0,0,0,1
1,0,0,0,1
2,0,0,0,2
1,0,0,0,1
1,0,0,0,1
1,0,0,0,1
1,0,0,0,1
1,0,0,0,1
1,0,0,0,1
1,0,0,0,1
1,0,0,0,1
1,0,0,0,1
1,0,0,0,1
1,0,0,0,1
1,0,0,0,1
1,0,0,0,1
1,0,0,0,1
1,0,0,0,1
1,0,0,0,1
1,0,0,0,1
1,0,0,0,1
1,0,0,0,1
1,0,0,0,1
1,0,0,0,1
1,0,0,0,1
1,0,0,0,1
1,0,0,0,1
2,0,0,0,2
1,0,0,0,1
1,0,0,0,1
2,0,0,0,2
1,0,0,0,1
1,0,0,0,1
1,0,0,0,1
1,0,0,0,1
1,0,0,0,1
1,0,0,0,1
1,0,0,0,1
1,0,0,0,1
1,2,0,0,3
1,0,0,0,1
1,0,0,0,1
1,0,0,0,1
1,0,0,0,1
1,0,0,0,1
1,0,0,0,1
1,0,0,0,1
1,1,0,0,2
1,0,0,0,1
1,0,0,0,1
2,0,0,0,2
1,0,0,0,1
1,0,0,0,1
1,0,0,0,1
2,0,0,0,2
1,0,0,0,1
1,0,0,0,1
1,0,0,0,1
1,0,0,0,1
1,0,0,0,1
1,0,0,0,1
1,0,0,0,1
2,0,0,0,2
1,0,0,0,1
1,0,0,0,1
1,0,0,0,1
1,0,0,0,1
1,0,0,0,1
1,0,0,0,1
1,0,0,0,1
1,0,0,0,1
1,0,0,0,1
1,0,1,0,2
1,0,0,0,1
1,0,0,0,1
1,0,0,0,1
1,0,0,0,1
1,0,0,0,1
1,0,0,0,1
1,0,0,0,1
1,0,0,0,1
1,0,0,0,1
1,0,0,0,1
1,0,0,0,1
1,0,0,0,1
1,0,0,0,1
1,0,0,0,1
1,0,0,0,1
1,0,0,0,1
1,0,0,0,1
1,0,0,0,1
1,0,0,0,1
1,0,0,0,1
1,0,0,0,1
1,0,0,0,1
1,0,0,0,1
1,0,0,0,1
2,0,0,0,2
1,0,0,0,1
1,0,0,0,1
1,0,0,0,1
1,0,0,0,1
1,0,0,0,1
1,0,0,0,1
1,0,0,0,1
1,0,0,0,1
1,0,0,0,1
1,0,0,0,1
1,0,0,0,1
2,0,0,0,2
1,0,0,0,1
1,0,0,0,1
1,0,0,0,1
1,0,0,0,1
1,0,0,0,1
1,0,0,0,1
1,0,0,0,1
1,0,0,0,1
1,0,0,0,1
1,0,0,0,1
1,0,0,0,1
1,0,0,0,1
1,0,0,0,1
1,0,0,0,1
2,0,0,0,2
1,0,0,0,1
1,0,0,0,1
1,0,0,0,1
1,0,0,0,1
1,0,0,0,1
1,0,0,0,1
1,0,0,0,1
1,0,0,0,1
2,0,0,0,2
1,0,0,0,1
1,2,0,0,3
1,0,0,0,1
1,0,0,0,1
1,0,0,0,1
1,0,0,0,1
1,0,0,0,1
1,0,0,0,1
1,0,0,0,1
1,0,0,0,1
1,0,0,0,1
1,0,0,0,1
1,0,0,0,1
1,0,0,0,1
1,0,0,0,1
1,0,0,0,1
1,0,0,0,1
1,0,0,0,1
1,0,0,0,1
1,0,0,0,1
1,0,0,0,1
1,0,0,0,1
1,0,0,0,1
1,0,0,0,1
1,0,0,0,1
1,0,0,0,1
1,0,0,0,1
1,0,0,0,1
1,0,0,0,1
1,0,0,0,1
1,0,0,0,1
1,0,0,0,1
1,0,0,0,1
1,0,0,0,1
1,0,0,0,1
1,0,0,0,1
1,0,0,0,1
1,0,0,0,1
1,0,0,0,1
1,1,0,0,2
1,0,0,0,1
1,0,0,0,1
1,0,0,0,1
1,0,0,0,1
1,0,0,0,1
1,0,0,0,1
1,0,0,0,1
1,0,0,0,1
1,0,0,0,1
1,0,0,0,1
1,0,0,0,1
1,0,0,0,1
1,0,0,0,1
1,0,0,0,1
1,0,0,0,1
1,0,0,0,1
1,0,0,0,1
1,0,0,0,1
1,0,0,0,1
1,0,0,0,1
1,0,0,0,1
1,0,0,0,1
1,0,0,0,1
1,0,0,0,1
1,0,0,0,1
1,0,0,0,1
1,0,0,0,1
1,0,0,0,1
1,0,0,0,1
1,0,0,0,1
1,0,0,0,1
1,2,0,0,3
1,105,0,0,106
1,0,0,0,1
1,0,0,0,1
1,0,0,0,1
1,0,0,0,1
1,0,0,0,1
1,28,0,0,29
1,0,0,0,1
1,0,0,0,1
1,0,0,0,1
1,0,0,0,1
1,0,0,0,1
1,0,0,0,1
1,77,1,0,79
1,0,0,0,1
1,0,0,0,1
1,0,0,0,1
1,0,0,0,1
1,0,0,0,1
1,0,0,0,1
1,0,0,0,1
1,0,0,0,1
1,0,0,0,1
1,0,0,0,1
2,0,0,0,2
1,3,0,0,4
1,0,0,0,1
1,0,0,0,1
1,3,0,0,4
1,0,0,0,1
1,0,0,0,1
1,0,0,0,1
1,0,0,0,1
1,0,0,0,1
1,0,0,0,1
1,0,0,0,1
1,0,0,0,1
1,0,0,0,1
1,0,0,0,1
1,0,0,0,1
1,0,0,0,1
1,0,0,0,1
1,0,0,0,1
1,0,0,0,1
1,0,0,0,1
1,0,0,0,1
1,0,0,0,1
1,0,0,0,1
1,0,0,0,1
1,0,0,0,1
2,0,0,0,2
1,0,0,0,1
1,0,0,0,1
1,0,0,0,1
1,0,0,0,1
1,0,0,0,1
1,0,0,0,1
1,0,0,0,1
1,0,0,0,1
1,0,0,0,1
1,0,0,0,1
1,0,0,0,1
1,0,0,0,1
1,0,0,0,1
1,0,0,0,1
1,12,0,0,13
1,0,0,0,1
1,0,0,0,1
1,0,0,0,1
1,0,0,0,1
1,0,0,0,1
1,0,0,0,1
1,0,0,0,1
1,0,0,0,1
1,0,0,0,1
1,0,0,0,1
1,0,0,0,1
1,0,0,0,1
1,0,0,0,1
1,0,0,0,1
1,0,0,0,1
1,0,0,0,1
1,0,0,0,1
1,0,0,0,1
1,0,0,0,1
1,0,0,0,1
1,0,0,0,1
1,14,0,0,15
1,0,0,0,1
1,0,0,0,1
1,0,0,0,1
1,7,0,0,8
1,0,0,0,1
1,0,0,0,1
1,0,0,0,1
1,0,0,0,1
1,0,0,0,1
1,0,0,0,1
1,0,0,0,1
1,0,0,0,1
1,0,0,0,1
2,0,0,0,2
1,0,0,0,1
1,0,0,0,1
1,0,0,0,1
1,0,0,0,1
1,0,0,0,1
1,0,0,0,1
1,0,0,0,1
1,0,0,0,1
1,0,0,0,1
1,0,0,0,1
1,0,0,0,1
1,0,0,0,1
1,0,0,0,1
1,0,0,0,1
1,0,0,0,1
1,0,0,0,1
1,0,0,0,1
1,0,0,0,1
1,0,0,0,1
1,0,0,0,1
1,0,0,0,1
1,0,0,0,1
1,0,0,0,1
1,0,0,0,1
1,0,0,0,1
1,0,0,0,1
1,0,0,0,1
1,0,0,0,1
1,0,0,0,1
1,0,0,0,1
1,0,0,0,1
1,0,0,0,1
1,0,0,0,1
1,0,0,0,1
1,0,0,0,1
1,0,0,0,1
1,0,0,0,1
1,0,0,0,1
1,0,0,0,1
1,0,0,0,1
1,0,0,0,1
1,0,0,0,1
1,0,0,0,1
1,0,0,0,1
1,0,0,0,1
1,0,0,0,1
1,0,0,0,1
1,0,0,0,1
1,0,0,0,1
1,0,0,0,1
1,0,0,0,1
1,0,0,0,1
1,0,0,0,1
1,0,0,0,1
1,0,0,0,1
2,0,0,0,2
1,0,0,0,1
2,0,0,0,2
1,0,0,0,1
1,0,0,0,1
1,0,0,0,1
1,1,0,0,2
1,0,0,0,1
1,0,0,0,1
1,0,0,0,1
1,0,0,0,1
1,0,0,0,1
1,0,0,0,1
1,0,0,0,1
1,0,0,0,1
4,0,0,0,4
1,0,0,0,1
2,0,0,0,2
1,0,0,0,1
1,0,0,0,1
1,0,0,0,1
1,0,0,0,1
1,0,0,0,1
1,0,0,0,1
1,0,0,0,1
1,5,0,0,6
1,0,0,0,1
1,0,0,0,1
1,0,0,0,1
1,0,0,0,1
1,0,0,0,1
1,0,0,0,1
1,0,0,0,1
1,0,0,0,1
1,0,0,0,1
1,0,0,0,1
1,0,0,0,1
1,0,0,0,1
1,0,0,0,1
1,0,0,0,1
1,0,0,0,1
1,0,0,0,1
1,0,0,0,1
1,0,0,0,1
1,0,0,0,1
1,1,0,0,2
1,0,0,0,1
1,0,0,0,1
1,0,0,0,1
1,0,0,0,1
1,0,0,0,1
1,0,0,0,1
1,0,0,0,1
1,0,0,0,1
1,0,0,0,1
1,0,0,0,1
1,0,0,0,1
1,0,0,0,1
1,0,0,0,1
1,0,0,0,1
1,0,0,0,1
1,0,0,0,1
1,0,0,0,1
1,0,0,0,1
1,0,0,0,1
1,0,0,0,1
1,0,0,0,1
1,0,0,0,1
1,0,0,0,1
1,0,0,0,1
1,0,0,0,1
1,0,0,0,1
1,0,0,0,1
1,0,0,0,1
1,0,0,0,1
1,0,0,0,1
1,0,0,0,1
1,0,0,0,1
1,0,0,0,1
1,0,0,0,1
1,0,0,0,1
1,0,0,0,1
1,0,0,0,1
1,0,0,0,1
1,0,0,0,1
1,0,0,0,1
1,0,0,0,1
1,0,0,0,1
2,0,0,0,2
1,0,0,0,1
1,1,1,0,3
1,0,0,0,1
1,0,0,0,1
1,0,0,0,1
1,0,0,0,1
1,0,0,0,1
1,0,0,0,1
1,0,0,0,1
1,0,0,0,1
1,0,0,0,1
1,0,0,0,1
1,0,0,0,1
1,0,0,0,1
1,0,0,0,1
1,0,0,0,1
1,0,0,0,1
1,0,0,0,1
1,0,0,0,1
2,2,0,0,4
2,0,0,0,2
1,0,0,0,1
1,0,0,0,1
1,0,0,0,1
2,0,0,0,2
1,0,0,0,1
1,0,0,0,1
1,0,0,0,1
1,0,0,0,1
1,0,0,0,1
1,0,0,0,1
1,0,0,0,1
1,0,0,0,1
1,0,0,0,1
1,0,0,0,1
1,0,0,0,1
1,0,0,0,1
1,0,0,0,1
1,0,0,0,1
1,0,0,0,1
1,0,0,0,1
1,2,0,0,3
2,0,0,0,2
1,0,0,0,1
1,0,0,0,1
1,0,0,0,1
1,0,0,0,1
1,0,0,0,1
1,0,0,0,1
1,0,0,0,1
1,0,0,0,1
1,0,0,0,1
1,0,0,0,1
1,0,0,0,1
1,0,0,0,1
1,0,0,0,1
1,0,0,0,1
2,0,0,0,2
1,0,0,0,1
1,0,0,0,1
1,0,0,0,1
1,0,0,0,1
1,0,0,0,1
1,0,0,0,1
1,0,0,0,1
1,0,0,0,1
1,0,0,0,1
1,0,0,0,1
1,0,0,0,1
1,0,0,0,1
1,0,0,0,1
1,0,0,0,1
1,0,0,0,1
1,0,0,0,1
1,0,0,0,1
1,0,0,0,1
1,0,0,0,1
1,0,0,0,1
1,0,0,0,1
1,0,0,0,1
1,0,0,0,1
1,0,0,0,1
1,0,0,0,1
1,0,0,0,1
1,0,0,0,1
1,0,0,0,1
1,0,0,0,1
1,0,0,0,1
1,0,0,0,1
1,0,0,0,1
1,0,0,0,1
1,0,0,0,1
1,0,0,0,1
1,0,0,0,1
1,0,0,0,1
1,0,0,0,1
1,0,0,0,1
1,0,0,0,1
1,0,0,0,1
1,0,0,0,1
3,0,0,0,3
1,0,0,0,1
1,0,0,0,1
1,0,0,0,1
1,0,0,0,1
1,0,0,0,1
1,0,0,0,1
1,0,0,0,1
1,0,0,0,1
1,0,0,0,1
1,0,0,0,1
1,0,0,0,1
1,0,0,0,1
1,0,0,0,1
1,0,0,0,1
1,0,0,0,1
1,0,0,0,1
1,0,0,0,1
1,0,0,0,1
1,1,0,0,2
1,0,0,0,1
1,0,0,0,1
1,0,0,0,1
1,0,0,0,1
1,0,0,0,1
1,0,0,0,1
1,0,0,0,1
1,0,0,0,1
1,0,0,0,1
1,0,0,0,1
1,0,0,0,1
1,0,0,0,1
1,0,0,0,1
1,0,0,0,1
1,0,0,0,1
1,0,0,0,1
1,0,0,0,1
1,0,0,0,1
1,0,0,0,1
1,0,0,0,1
1,0,0,0,1
1,0,0,0,1
1,0,0,0,1
1,0,0,0,1
1,0,0,0,1
1,0,0,0,1
1,0,0,0,1
1,0,0,0,1
1,0,0,0,1
1,0,0,0,1
1,0,0,0,1
1,0,0,0,1
1,0,0,0,1
1,0,0,0,1
1,4,0,0,5
1,0,0,0,1
1,0,0,0,1
1,0,0,0,1
1,0,0,0,1
1,0,0,0,1
1,0,0,0,1
1,0,0,0,1
1,0,0,0,1
1,0,0,0,1
1,0,0,0,1
1,0,0,0,1
1,0,0,0,1
2,0,0,0,2
1,0,0,0,1
1,0,0,0,1
1,0,0,0,1
1,0,0,0,1
1,0,0,0,1
1,0,0,0,1
1,0,0,0,1
1,0,0,0,1
1,0,0,0,1
1,0,0,0,1
1,0,0,0,1
1,0,0,0,1
1,0,0,0,1
1,0,0,0,1
1,9,0,0,10
1,0,0,0,1
1,0,0,0,1
1,0,0,0,1
1,0,0,0,1
1,0,0,0,1
1,0,0,0,1
1,0,0,0,1
1,0,0,0,1
1,0,0,0,1
1,0,0,0,1
1,0,0,0,1
1,0,0,0,1
1,0,0,0,1
1,0,0,0,1
1,0,0,0,1
1,0,0,0,1
1,1,0,0,2
1,0,0,0,1
1,0,0,0,1
1,0,0,0,1
1,0,0,0,1
1,0,0,0,1
1,0,0,0,1
1,0,0,0,1
1,0,0,0,1
1,0,0,0,1
1,0,0,0,1
1,4,0,0,5
1,0,0,0,1
1,0,0,0,1
2,0,0,0,2
1,0,0,0,1
1,0,0,0,1
1,0,0,0,1
1,0,0,0,1
1,0,0,0,1
1,0,0,0,1
1,0,0,0,1
1,0,0,0,1
1,0,1,0,2
1,0,0,0,1
1,0,0,0,1
1,0,0,0,1
1,0,0,0,1
1,0,0,0,1
1,0,0,0,1
1,0,0,0,1
1,0,0,0,1
1,0,0,0,1
1,0,0,0,1
1,0,0,0,1
1,0,0,0,1
1,0,0,0,1
1,0,0,0,1
1,0,0,0,1
1,0,0,0,1
1,0,0,0,1
1,0,0,0,1
1,0,0,0,1
1,0,0,0,1
1,0,0,0,1
1,0,0,0,1
1,0,0,0,1
1,0,0,0,1
1,0,0,0,1
1,0,0,0,1
1,0,0,0,1
1,0,0,0,1
1,1,0,0,2
1,0,0,0,1
1,1,0,0,2
1,0,0,0,1
1,0,0,0,1
1,0,0,0,1
1,0,0,0,1
1,0,0,0,1
1,0,0,0,1
1,0,0,0,1
1,0,0,0,1
1,0,0,0,1
1,0,0,0,1
1,0,0,0,1
1,0,0,0,1
1,0,0,0,1
1,0,0,0,1
1,0,0,0,1
1,0,0,0,1
1,0,0,0,1
1,0,0,0,1
1,0,0,0,1
1,0,0,0,1
1,0,0,0,1
1,0,0,0,1
1,0,0,0,1
1,0,0,0,1
1,0,0,0,1
2,0,0,0,2
1,0,0,0,1
1,0,0,0,1
1,0,0,0,1
1,0,0,0,1
1,0,0,0,1
1,0,0,0,1
1,0,0,0,1
1,0,0,0,1
2,0,0,0,2
1,1,1,0,3
1,0,0,0,1
2,0,0,0,2
1,0,0,0,1
1,1,0,0,2
1,0,0,0,1
1,0,0,0,1
1,0,0,0,1
1,0,0,0,1
1,0,0,0,1
1,0,0,0,1
1,0,0,0,1
1,0,0,0,1
1,0,0,0,1
1,0,0,0,1
1,0,0,0,1
1,0,0,0,1
1,0,0,0,1
1,0,0,0,1
1,0,0,0,1
1,0,0,0,1
1,0,0,0,1
1,0,0,0,1
1,0,0,0,1
1,0,0,0,1
1,0,0,0,1
1,0,0,0,1
1,0,0,0,1
1,0,0,0,1
1,0,0,0,1
1,0,0,0,1
1,0,0,0,1
1,0,0,0,1
1,0,0,0,1
1,0,0,0,1
2,0,0,0,2
1,0,0,0,1
1,0,0,0,1
1,0,0,0,1
1,0,0,0,1
1,0,0,0,1
1,0,0,0,1
1,0,0,0,1
1,0,0,0,1
1,0,0,0,1
1,0,0,0,1
1,0,0,0,1
1,0,0,0,1
1,2,0,0,3
1,0,0,0,1
1,7,0,0,8
1,0,0,0,1
1,0,0,0,1
1,0,0,0,1
1,0,0,0,1
1,0,0,0,1
1,0,0,0,1
1,0,0,0,1
1,0,0,0,1
1,0,0,0,1
1,0,0,0,1
1,0,0,0,1
1,0,0,0,1
1,0,0,0,1
1,0,0,0,1
1,0,0,0,1
1,0,0,0,1
1,0,0,0,1
1,0,0,0,1
1,0,0,0,1
1,0,0,0,1
1,0,0,0,1
1,0,0,0,1
1,0,0,0,1
1,0,0,0,1
1,0,0,0,1
1,0,0,0,1
1,0,0,0,1
1,0,0,0,1
1,0,0,0,1
1,0,0,0,1
1,0,0,0,1
1,0,0,0,1
1,0,0,0,1
1,0,0,0,1
1,0,0,0,1
1,0,0,0,1
2,0,0,0,2
1,0,0,0,1
1,0,0,0,1
1,0,0,0,1
1,0,0,0,1
2,0,0,0,2
1,0,0,0,1
1,0,0,0,1
1,0,0,0,1
1,0,0,0,1
1,0,0,0,1
1,0,0,0,1
1,0,0,0,1
1,0,0,0,1
1,0,0,0,1
1,0,0,0,1
1,0,0,0,1
1,1,0,0,2
2,0,0,0,2
1,0,0,0,1
1,0,0,0,1
1,0,0,0,1
1,0,0,0,1
1,0,0,0,1
1,0,0,0,1
1,0,0,0,1
1,0,0,0,1
1,0,0,0,1
1,0,0,0,1
1,0,0,0,1
1,0,0,0,1
1,0,0,0,1
1,0,0,0,1
1,0,0,0,1
1,0,0,0,1
1,0,0,0,1
2,0,0,0,2
1,0,0,0,1
1,0,0,0,1
1,0,0,0,1
1,0,0,0,1
1,0,0,0,1
1,0,0,0,1
1,0,0,0,1
1,0,0,0,1
1,0,0,0,1
1,0,0,0,1
1,0,0,0,1
1,0,0,0,1
1,0,0,0,1
1,1,0,0,2
1,0,0,0,1
1,0,0,0,1
1,0,0,0,1
1,0,0,0,1
2,0,0,0,2
1,0,0,0,1
1,0,0,0,1
2,0,0,0,2
1,0,0,0,1
1,0,0,0,1
1,0,0,0,1
1,0,0,0,1
1,0,0,0,1
1,0,0,0,1
1,0,0,0,1
1,0,0,0,1
1,0,0,0,1
1,0,0,0,1
1,0,0,0,1
1,0,0,0,1
1,0,0,0,1
1,0,0,0,1
1,0,0,0,1
1,1,0,0,2
1,0,0,0,1
1,0,0,0,1
1,0,0,0,1
1,0,0,0,1
1,0,0,0,1
1,0,0,0,1
1,0,0,0,1
1,0,0,0,1
1,0,0,0,1
1,0,0,0,1
1,0,0,0,1
1,0,0,0,1
1,0,0,0,1
1,0,0,0,1
1,0,0,0,1
1,0,0,0,1
1,0,0,0,1
1,0,0,0,1
1,0,0,0,1
1,0,0,0,1
1,0,0,0,1
1,0,0,0,1
1,0,0,0,1
1,0,0,0,1
1,0,0,0,1
1,0,0,0,1
1,0,0,0,1
1,0,0,0,1
1,34,0,0,35
1,0,0,0,1
1,0,0,0,1
1,0,0,0,1
1,0,0,0,1
1,0,0,0,1
1,0,0,0,1
2,0,0,0,2
1,0,0,0,1
1,0,0,0,1
1,0,0,0,1
2,0,0,0,2
1,0,0,0,1
1,0,0,0,1
1,0,0,0,1
2,0,0,0,2
1,0,0,0,1
1,0,0,0,1
1,0,0,0,1
1,0,0,0,1
1,0,0,0,1
1,0,0,0,1
1,0,0,0,1
1,0,0,0,1
1,0,0,0,1
1,0,0,0,1
1,0,0,0,1
1,0,0,0,1
1,0,0,0,1
1,0,0,0,1
1,0,0,0,1
2,0,0,0,2
1,0,0,0,1
2,0,0,0,2
1,0,0,0,1
1,0,0,0,1
1,0,0,0,1
1,0,0,0,1
1,0,0,0,1
1,0,0,0,1
1,0,0,0,1
1,0,0,0,1
1,0,0,0,1
1,1,0,0,2
1,0,0,0,1
1,0,0,0,1
1,0,0,0,1
1,0,0,0,1
1,0,0,0,1
1,0,0,0,1
1,0,0,0,1
1,0,0,0,1
1,0,0,0,1
1,0,0,0,1
1,0,0,0,1
1,0,0,0,1
1,0,0,0,1
1,0,0,0,1
1,0,0,0,1
1,0,0,0,1
1,0,0,0,1
1,1,0,0,2
1,6,0,0,7
1,0,0,0,1
1,0,0,0,1
1,0,0,0,1
1,0,0,0,1
1,0,0,0,1
1,0,0,0,1
1,0,0,0,1
1,0,0,0,1
1,0,0,0,1
2,0,0,0,2
1,0,0,0,1
2,0,0,0,2
1,0,0,0,1
1,0,0,0,1
1,0,0,0,1
1,0,0,0,1
1,0,0,0,1
1,0,0,0,1
1,0,0,0,1
1,0,0,0,1
1,0,0,0,1
1,0,0,0,1
1,3,0,0,4
1,0,0,0,1
1,0,0,0,1
1,0,0,0,1
1,0,0,0,1
1,0,0,0,1
1,0,0,0,1
1,0,0,0,1
1,0,0,0,1
1,0,0,0,1
1,0,0,0,1
1,0,0,0,1
1,0,0,0,1
1,0,0,0,1
1,0,0,0,1
1,0,0,0,1
2,0,0,0,2
1,0,0,0,1
1,0,0,0,1
1,0,0,0,1
1,0,0,0,1
1,0,0,0,1
1,0,0,0,1
1,0,0,0,1
1,0,0,0,1
1,0,0,0,1
2,0,0,0,2
1,0,0,0,1
1,0,2,0,3
1,0,0,0,1
1,0,0,0,1
1,0,0,0,1
1,0,0,0,1
1,0,0,0,1
1,0,0,0,1
1,0,0,0,1
1,0,0,0,1
1,0,0,0,1
1,0,0,0,1
1,0,0,0,1
2,0,0,0,2
1,0,0,0,1
1,0,0,0,1
1,0,0,0,1
1,0,0,0,1
1,0,0,0,1
1,0,0,0,1
2,0,0,0,2
1,0,0,0,1
2,0,0,0,2
1,0,0,0,1
1,0,0,0,1
1,0,0,0,1
1,0,0,0,1
1,0,0,0,1
1,0,0,0,1
1,0,0,0,1
1,0,0,0,1
1,0,0,0,1
1,0,0,0,1
1,0,0,0,1
1,0,0,0,1
1,0,0,0,1
1,0,0,0,1
1,0,0,0,1
1,0,0,0,1
1,0,0,0,1
1,0,0,0,1
1,0,0,0,1
1,0,0,0,1
1,0,0,0,1
1,0,0,0,1
1,0,0,0,1
1,0,0,0,1
1,0,0,0,1
1,0,0,0,1
1,0,0,0,1
1,0,0,0,1
1,0,0,0,1
2,0,0,0,2
1,0,0,0,1
1,0,0,0,1
1,0,0,0,1
1,0,0,0,1
1,0,0,0,1
1,0,0,0,1
1,0,0,0,1
4,6,0,0,10
1,0,0,0,1
1,0,0,0,1
1,0,0,0,1
1,0,0,0,1
1,0,0,0,1
1,0,0,0,1
1,0,0,0,1
1,0,0,0,1
1,0,0,0,1
1,0,0,0,1
1,0,0,0,1
1,0,0,0,1
1,0,0,0,1
1,0,0,0,1
1,0,0,0,1
1,0,0,0,1
1,0,0,0,1
1,0,0,0,1
1,46,0,0,47
1,0,2,0,3
1,0,0,0,1
1,0,0,0,1
1,0,0,0,1
1,0,0,0,1
1,0,0,0,1
1,0,0,0,1
1,0,0,0,1
1,0,0,0,1
1,0,0,0,1
1,0,0,0,1
1,0,0,0,1
1,0,0,0,1
1,0,0,0,1
1,0,0,0,1
1,0,0,0,1
1,0,0,0,1
1,0,0,0,1
1,0,0,0,1
1,0,0,0,1
1,0,0,0,1
1,0,0,0,1
1,0,0,0,1
1,0,0,0,1
1,0,0,0,1
1,0,0,0,1
1,0,0,0,1
1,0,0,0,1
2,0,0,0,2
1,0,0,0,1
1,0,0,0,1
1,0,0,0,1
1,0,0,0,1
1,0,0,0,1
1,0,0,0,1
1,0,0,0,1
1,0,0,0,1
1,0,0,0,1
1,0,0,0,1
1,0,0,0,1
1,0,0,0,1
2,0,0,0,2
2,0,0,0,2
1,0,0,0,1
1,0,0,0,1
1,0,0,0,1
1,0,0,0,1
1,0,0,0,1
2,0,0,0,2
1,0,0,0,1
1,0,0,0,1
1,0,0,0,1
1,0,0,0,1
1,0,0,0,1
1,0,0,0,1
1,0,0,0,1
1,0,0,0,1
1,0,0,0,1
1,0,0,0,1
1,0,0,0,1
1,0,0,0,1
1,0,0,0,1
1,0,0,0,1
1,0,0,0,1
1,0,0,0,1
1,0,0,0,1
1,0,0,0,1
1,0,0,0,1
1,0,0,0,1
1,0,0,0,1
1,0,0,0,1
1,0,0,0,1
1,0,0,0,1
1,0,0,0,1
2,0,0,0,2
1,0,0,0,1
1,4,0,0,5
1,0,0,0,1
1,0,0,0,1
1,0,0,0,1
1,0,0,0,1
2,0,0,0,2
1,0,0,0,1
1,0,0,0,1
1,0,0,0,1
1,0,0,0,1
1,0,0,0,1
1,0,0,0,1
1,0,0,0,1
1,0,0,0,1
1,0,0,0,1
1,0,0,0,1
1,0,0,0,1
1,0,0,0,1
1,0,0,0,1
1,0,0,0,1
1,0,0,0,1
1,0,0,0,1
1,0,0,0,1
1,0,0,0,1
1,0,0,0,1
1,0,0,0,1
1,0,0,0,1
1,0,0,0,1
1,0,0,0,1
1,0,0,0,1
1,0,0,0,1
1,0,0,0,1
1,0,0,0,1
1,0,0,0,1
1,0,0,0,1
1,0,0,0,1
1,0,0,0,1
1,0,0,0,1
1,0,0,0,1
1,0,0,0,1
1,0,0,0,1
1,0,0,0,1
1,0,0,0,1
2,0,0,0,2
1,0,0,0,1
1,0,0,0,1
1,0,0,0,1
1,0,0,0,1
1,0,0,0,1
1,0,0,0,1
1,0,0,0,1
1,0,0,0,1
1,0,0,0,1
1,0,0,0,1
1,0,0,0,1
1,0,0,0,1
1,0,0,0,1
1,0,0,0,1
1,0,0,0,1
1,0,0,0,1
1,0,0,0,1
1,0,0,0,1
1,0,0,0,1
1,0,0,0,1
1,0,0,0,1
1,0,0,0,1
1,0,0,0,1
1,0,0,0,1
1,4,0,0,5
1,0,0,0,1
1,0,0,0,1
2,0,0,0,2
1,0,0,0,1
1,0,0,0,1
1,0,0,0,1
1,5,0,0,6
1,0,0,0,1
1,0,0,0,1
1,0,0,0,1
1,0,0,0,1
1,0,0,0,1
1,0,0,0,1
1,0,0,0,1
1,0,0,0,1
1,0,0,0,1
1,0,0,0,1
1,0,0,0,1
1,0,0,0,1
1,0,0,0,1
1,0,0,0,1
1,0,0,0,1
1,0,0,0,1
1,0,0,0,1
1,0,0,0,1
1,0,0,0,1
1,0,0,0,1
1,0,0,0,1
1,0,0,0,1
1,0,0,0,1
1,0,0,0,1
3,0,0,0,3
1,0,0,0,1
1,0,0,0,1
2,0,0,0,2
1,0,0,0,1
1,0,0,0,1
1,0,0,0,1
1,0,0,0,1
1,0,0,0,1
1,0,0,0,1
1,0,0,0,1
2,0,0,0,2
1,0,0,0,1
1,0,0,0,1
2,0,0,0,2
1,0,0,0,1
1,0,0,0,1
1,0,0,0,1
1,0,0,0,1
1,0,0,0,1
1,0,0,0,1
1,0,0,0,1
1,0,0,0,1
1,0,0,0,1
1,0,0,0,1
1,0,0,0,1
1,0,0,0,1
1,0,0,0,1
1,0,0,0,1
2,0,0,0,2
1,0,0,0,1
1,0,0,0,1
1,0,0,0,1
1,0,0,0,1
1,0,0,0,1
1,0,0,0,1
1,0,0,0,1
1,0,0,0,1
1,0,0,0,1
1,0,0,0,1
1,0,0,0,1
1,0,0,0,1
1,0,0,0,1
1,0,0,0,1
1,0,0,0,1
1,0,0,0,1
1,0,0,0,1
1,0,0,0,1
1,0,0,0,1
1,0,0,0,1
2,0,0,0,2
1,0,0,0,1
1,0,0,0,1
1,0,0,0,1
1,0,0,0,1
1,0,0,0,1
1,0,0,0,1
1,0,0,0,1
1,0,0,0,1
2,20,0,0,22
1,0,0,0,1
1,0,0,0,1
1,0,0,0,1
1,0,0,0,1
1,0,0,0,1
1,0,0,0,1
1,0,0,0,1
1,0,0,0,1
1,0,0,0,1
1,0,0,0,1
1,0,0,0,1
1,0,0,0,1
1,8,0,0,9
1,0,0,0,1
1,2,1,0,4
1,0,0,0,1
1,0,0,0,1
1,0,0,0,1
1,0,0,0,1
1,0,0,0,1
1,0,0,0,1
1,0,0,0,1
1,0,0,0,1
1,0,0,0,1
1,0,0,0,1
1,0,0,0,1
1,0,0,0,1
1,0,0,0,1
1,0,0,0,1
1,0,0,0,1
1,0,0,0,1
1,0,0,0,1
1,0,0,0,1
1,0,0,0,1
1,0,0,0,1
1,0,0,0,1
1,0,0,0,1
1,0,0,0,1
1,0,0,0,1
1,0,0,0,1
1,0,0,0,1
1,0,0,0,1
1,0,0,0,1
1,0,0,0,1
1,0,0,0,1
1,0,0,0,1
1,0,0,0,1
1,0,0,0,1
2,0,0,0,2
1,0,0,0,1
2,0,0,0,2
2,0,0,0,2
1,0,0,0,1
1,0,0,0,1
2,0,0,0,2
1,0,0,0,1
1,0,0,0,1
1,0,0,0,1
1,0,0,0,1
1,0,0,0,1
1,0,0,0,1
1,0,0,0,1
1,0,0,0,1
1,0,0,0,1
1,0,0,0,1
1,0,0,0,1
1,0,0,0,1
1,0,0,0,1
1,8,0,0,9
1,0,0,0,1
1,0,0,0,1
1,0,0,0,1
1,0,0,0,1
2,0,0,0,2
1,0,0,0,1
2,0,0,0,2
1,1,1,0,3
1,0,0,0,1
1,0,0,0,1
1,0,0,0,1
1,0,0,0,1
1,0,0,0,1
2,4,0,0,6
1,0,0,0,1
1,0,0,0,1
1,0,0,0,1
1,0,0,0,1
1,0,0,0,1
1,0,0,0,1
1,0,0,0,1
1,0,0,0,1
1,0,0,0,1
1,0,0,0,1
1,0,0,0,1
1,0,0,0,1
1,0,0,0,1
1,0,0,0,1
1,1,0,0,2
1,0,0,0,1
1,0,0,0,1
1,0,0,0,1
1,0,0,0,1
1,4,0,0,5
1,0,0,0,1
1,0,0,0,1
1,0,0,0,1
1,0,0,0,1
1,0,0,0,1
1,0,0,0,1
1,0,0,0,1
1,0,0,0,1
1,0,0,0,1
1,0,0,0,1
2,0,0,0,2
1,0,0,0,1
1,0,0,0,1
1,0,0,0,1
1,0,0,0,1
1,0,0,0,1
1,0,0,0,1
1,0,0,0,1
1,0,0,0,1
1,0,0,0,1
2,0,0,0,2
1,0,0,0,1
1,0,0,0,1
1,0,0,0,1
1,0,0,0,1
1,0,0,0,1
1,0,0,0,1
1,0,0,0,1
1,0,0,0,1
1,0,0,0,1
1,0,0,0,1
1,0,0,0,1
1,0,0,0,1
1,0,0,0,1
1,0,0,0,1
1,0,0,0,1
1,0,0,0,1
1,0,0,0,1
1,0,0,0,1
1,0,0,0,1
1,0,0,0,1
1,0,0,0,1
1,0,0,0,1
1,0,0,0,1
1,0,0,0,1
1,1,0,0,2
1,0,0,0,1
1,0,0,0,1
1,0,0,0,1
1,0,0,0,1
1,0,0,0,1
1,0,0,0,1
1,0,0,0,1
1,0,0,0,1
1,0,0,0,1
1,0,0,0,1
1,0,0,0,1
1,0,0,0,1
1,0,0,0,1
1,0,0,0,1
1,0,0,0,1
1,0,0,0,1
1,0,0,0,1
1,0,0,0,1
1,0,0,0,1
1,0,0,0,1
1,0,0,0,1
1,0,0,0,1
1,0,0,0,1
1,0,0,0,1
1,0,0,0,1
1,0,0,0,1
1,0,0,0,1
1,0,0,0,1
1,0,0,0,1
1,0,0,0,1
1,0,0,0,1
1,0,0,0,1
1,0,0,0,1
1,0,0,0,1
1,0,0,0,1
1,0,0,0,1
1,0,0,0,1
1,0,0,0,1
1,0,0,0,1
1,0,0,0,1
1,0,0,0,1
1,0,0,0,1
1,0,0,0,1
1,0,0,0,1
1,0,0,0,1
1,0,0,0,1
1,0,0,0,1
1,0,0,0,1
1,0,0,0,1
1,0,0,0,1
1,0,0,0,1
1,0,0,0,1
1,0,0,0,1
1,0,0,0,1
1,0,0,0,1
1,0,0,0,1
1,0,0,0,1
1,0,0,0,1
1,0,0,0,1
1,0,0,0,1
1,0,0,0,1
1,0,0,0,1
1,0,0,0,1
1,0,0,0,1
1,0,0,0,1
1,0,0,0,1
1,0,0,0,1
1,0,0,0,1
1,0,0,0,1
1,0,0,0,1
1,0,0,0,1
1,0,0,0,1
1,0,0,0,1
1,0,0,0,1
1,0,0,0,1
1,0,0,0,1
1,0,0,0,1
1,0,0,0,1
1,0,0,0,1
2,6,0,0,8
1,0,0,0,1
1,0,0,0,1
1,0,0,0,1
1,0,0,0,1
1,0,0,0,1
1,0,0,0,1
1,0,0,0,1
1,0,0,0,1
1,0,0,0,1
1,44,1,0,46
1,14,0,0,15
1,0,0,0,1
1,0,0,0,1
1,0,0,0,1
1,0,0,0,1
1,0,0,0,1
1,0,0,0,1
1,0,0,0,1
1,0,0,0,1
1,0,0,0,1
2,0,0,0,2
1,0,0,0,1
1,0,0,0,1
1,3,0,0,4
1,0,0,0,1
1,0,0,0,1
1,0,0,0,1
1,0,0,0,1
1,0,0,0,1
1,0,0,0,1
1,0,0,0,1
1,0,0,0,1
1,0,0,0,1
1,0,0,0,1
1,0,0,0,1
1,0,0,0,1
1,0,0,0,1
1,0,0,0,1
1,0,0,0,1
1,0,0,0,1
1,0,0,0,1
1,0,0,0,1
1,0,0,0,1
1,0,0,0,1
1,0,0,0,1
1,0,0,0,1
1,0,0,0,1
1,0,0,0,1
1,0,0,0,1
2,0,0,0,2
1,0,0,0,1
1,0,0,0,1
1,0,0,0,1
1,0,0,0,1
1,0,0,0,1
1,0,0,0,1
1,634,0,0,635
1,0,0,0,1
1,0,0,0,1
1,0,0,0,1
1,0,0,0,1
1,0,0,0,1
1,0,0,0,1
1,0,0,0,1
1,0,0,0,1
1,0,0,0,1
2,0,0,0,2
1,0,0,0,1
1,0,0,0,1
1,0,0,0,1
1,0,0,0,1
1,0,0,0,1
1,0,0,0,1
1,0,0,0,1
1,0,0,0,1
1,0,0,0,1
1,0,0,0,1
1,0,0,0,1
1,1,0,0,2
1,0,0,0,1
1,3,1,0,5
1,0,0,0,1
1,0,0,0,1
1,0,0,0,1
1,0,0,0,1
1,0,0,0,1
1,0,0,0,1
1,0,0,0,1
1,0,0,0,1
1,0,0,0,1
1,0,0,0,1
2,0,0,0,2
1,0,0,0,1
1,0,0,0,1
1,0,0,0,1
1,0,0,0,1
1,0,0,0,1
1,0,0,0,1
1,0,0,0,1
1,0,0,0,1
1,0,0,0,1
1,0,0,0,1
1,0,0,0,1
1,0,0,0,1
1,0,0,0,1
1,0,0,0,1
3,0,0,0,3
1,0,0,0,1
1,0,0,0,1
1,0,0,0,1
1,0,0,0,1
1,0,0,0,1
1,0,0,0,1
1,0,0,0,1
1,0,0,0,1
2,0,0,0,2
1,0,0,0,1
1,0,0,0,1
1,0,0,0,1
1,0,0,0,1
1,0,0,0,1
1,0,0,0,1
1,0,0,0,1
1,0,0,0,1
1,0,0,0,1
1,0,0,0,1
1,0,0,0,1
1,0,0,0,1
1,0,0,0,1
1,0,0,0,1
1,0,0,0,1
1,0,0,0,1
1,0,0,0,1
1,0,0,0,1
1,0,0,0,1
1,0,0,0,1
1,0,0,0,1
1,0,0,0,1
1,0,0,0,1
1,0,0,0,1
1,0,0,0,1
1,0,0,0,1
1,0,0,0,1
1,0,0,0,1
1,0,0,0,1
1,0,0,0,1
1,0,0,0,1
1,0,0,0,1
1,0,0,0,1
1,0,0,0,1
1,0,0,0,1
1,0,0,0,1
1,0,0,0,1
1,0,0,0,1
1,0,0,0,1
1,0,0,0,1
1,0,0,0,1
1,0,0,0,1
1,6,1,0,8
1,0,0,0,1
1,0,0,0,1
1,0,0,0,1
1,0,0,0,1
1,0,0,0,1
1,0,0,0,1
2,0,0,0,2
1,0,0,0,1
1,0,0,0,1
1,0,0,0,1
1,0,0,0,1
1,0,0,0,1
1,0,0,0,1
1,0,0,0,1
2,0,0,0,2
1,0,0,0,1
1,0,0,0,1
1,0,0,0,1
1,0,0,0,1
1,0,0,0,1
1,0,0,0,1
1,0,0,0,1
1,0,0,0,1
1,0,0,0,1
1,0,0,0,1
1,0,0,0,1
1,0,0,0,1
1,0,0,0,1
1,0,0,0,1
1,0,0,0,1
1,0,0,0,1
1,0,0,0,1
1,0,0,0,1
1,0,0,0,1
1,0,0,0,1
1,0,0,0,1
1,0,0,0,1
1,26,0,0,27
1,46,0,0,47
1,0,0,0,1
1,0,0,0,1
1,0,0,0,1
1,0,0,0,1
1,0,0,0,1
1,0,0,0,1
1,0,0,0,1
1,0,0,0,1
1,0,0,0,1
1,0,0,0,1
1,0,1,0,2
1,0,0,0,1
1,0,0,0,1
1,0,0,0,1
1,0,0,0,1
1,0,0,0,1
1,0,0,0,1
1,0,0,0,1
1,0,0,0,1
1,0,0,0,1
1,0,0,0,1
1,0,0,0,1
1,0,0,0,1
1,0,0,0,1
1,0,0,0,1
2,0,0,0,2
1,0,0,0,1
1,0,0,0,1
1,0,0,0,1
1,0,0,0,1
1,0,0,0,1
1,0,0,0,1
1,0,0,0,1
1,0,0,0,1
1,0,0,0,1
1,0,0,0,1
1,0,0,0,1
1,0,0,0,1
1,0,0,0,1
1,0,0,0,1
1,0,0,0,1
2,0,0,0,2
1,0,0,0,1
1,1,0,0,2
1,0,0,0,1
1,0,0,0,1
1,0,0,0,1
1,0,0,0,1
1,0,0,0,1
1,0,0,0,1
1,0,0,0,1
1,0,0,0,1
1,0,0,0,1
1,0,0,0,1
1,0,0,0,1
1,0,0,0,1
1,0,0,0,1
1,0,0,0,1
1,0,0,0,1
1,0,0,0,1
1,0,0,0,1
1,0,0,0,1
1,0,0,0,1
1,0,0,0,1
1,0,0,0,1
1,0,0,0,1
1,0,0,0,1
1,0,0,0,1
1,0,0,0,1
1,0,0,0,1
1,0,0,0,1
1,0,0,0,1
1,0,0,0,1
1,0,0,0,1
1,0,0,0,1
1,0,0,0,1
1,0,0,0,1
1,0,0,0,1
1,0,0,0,1
1,0,0,0,1
1,0,0,0,1
1,0,0,0,1
1,0,0,0,1
1,0,0,0,1
1,0,0,0,1
1,0,0,0,1
1,0,0,0,1
1,0,0,0,1
1,0,0,0,1
1,0,0,0,1
1,0,0,0,1
1,9,0,0,10
1,0,0,0,1
1,0,0,0,1
1,0,0,0,1
1,0,0,0,1
1,0,0,0,1
1,0,0,0,1
1,1,0,0,2
1,0,0,0,1
1,0,0,0,1
1,0,0,0,1
1,0,0,0,1
1,0,0,0,1
1,0,0,0,1
1,0,0,0,1
1,0,0,0,1
1,0,0,0,1
1,0,0,0,1
1,0,0,0,1
1,0,0,0,1
1,0,0,0,1
1,0,0,0,1
1,0,0,0,1
1,0,0,0,1
1,0,0,0,1
1,0,0,0,1
1,0,0,0,1
1,0,0,0,1
1,0,0,0,1
1,0,0,0,1
1,0,0,0,1
1,0,0,0,1
1,0,0,0,1
1,0,0,0,1
1,0,0,0,1
1,0,0,0,1
1,0,0,0,1
1,0,0,0,1
1,0,0,0,1
1,0,0,0,1
1,0,0,0,1
1,2,0,0,3
1,0,0,0,1
2,0,0,0,2
1,0,0,0,1
1,0,0,0,1
1,0,0,0,1
1,0,0,0,1
1,0,0,0,1
1,0,0,0,1
2,0,0,0,2
1,0,0,0,1
1,0,0,0,1
1,0,0,0,1
1,0,0,0,1
1,0,0,0,1
1,0,0,0,1
1,0,0,0,1
1,0,0,0,1
1,0,0,0,1
1,0,0,0,1
1,0,0,0,1
1,0,0,0,1
1,0,0,0,1
1,3,1,0,5
1,0,0,0,1
1,0,0,0,1
1,0,0,0,1
1,0,0,0,1
1,0,0,0,1
1,2,0,0,3
1,0,0,0,1
1,0,0,0,1
1,0,0,0,1
1,0,0,0,1
1,0,0,0,1
2,0,0,0,2
1,0,0,0,1
1,0,0,0,1
1,0,0,0,1
1,0,0,0,1
1,0,1,0,2
1,0,0,0,1
1,0,0,0,1
1,0,0,0,1
1,0,0,0,1
1,0,0,0,1
1,0,0,0,1
1,0,0,0,1
1,0,0,0,1
1,0,0,0,1
1,0,0,0,1
1,0,0,0,1
1,0,0,0,1
1,0,0,0,1
1,0,0,0,1
1,0,0,0,1
1,0,0,0,1
1,0,0,0,1
1,0,0,0,1
1,0,0,0,1
1,0,0,0,1
1,0,0,0,1
1,0,0,0,1
1,0,0,0,1
1,0,0,0,1
1,0,0,0,1
1,0,0,0,1
1,0,0,0,1
1,0,0,0,1
1,0,0,0,1
1,0,0,0,1
1,0,0,0,1
1,0,0,0,1
1,0,0,0,1
1,0,0,0,1
1,0,0,0,1
1,0,0,0,1
1,0,0,0,1
1,0,0,0,1
1,0,0,0,1
1,0,0,0,1
1,0,0,0,1
2,0,0,0,2
1,0,0,0,1
1,0,0,0,1
1,0,0,0,1
1,0,0,0,1
1,0,0,0,1
1,0,0,0,1
1,0,0,0,1
1,0,0,0,1
2,0,0,0,2
1,0,0,0,1
1,0,0,0,1
1,0,0,0,1
1,0,0,0,1
1,0,0,0,1
1,0,0,0,1
1,0,0,0,1
1,0,0,0,1
1,0,0,0,1
1,0,0,0,1
1,0,0,0,1
1,0,0,0,1
2,0,0,0,2
1,0,0,0,1
1,0,0,0,1
1,0,0,0,1
1,0,0,0,1
1,0,1,0,2
1,0,0,0,1
1,0,0,0,1
1,0,0,0,1
1,0,0,0,1
1,0,0,0,1
1,0,0,0,1
1,0,0,0,1
1,3,1,0,5
1,0,0,0,1
1,0,0,0,1
1,0,0,0,1
1,0,0,0,1
1,0,0,0,1
1,0,0,0,1
1,0,0,0,1
1,0,0,0,1
1,0,0,0,1
1,0,0,0,1
1,0,0,0,1
1,0,0,0,1
1,0,0,0,1
1,0,0,0,1
1,0,0,0,1
1,0,0,0,1
1,0,0,0,1
1,0,0,0,1
1,0,0,0,1
1,0,0,0,1
1,0,0,0,1
1,0,0,0,1
1,0,0,0,1
1,0,0,0,1
1,0,0,0,1
1,0,0,0,1
1,0,0,0,1
1,0,0,0,1
1,0,0,0,1
1,0,0,0,1
1,0,0,0,1
1,0,0,0,1
1,0,0,0,1
1,0,0,0,1
1,0,0,0,1
1,0,0,0,1
1,0,0,0,1
1,0,0,0,1
1,0,0,0,1
1,0,0,0,1
1,0,0,0,1
1,0,0,0,1
1,0,0,0,1
1,0,0,0,1
1,0,0,0,1
1,0,0,0,1
1,0,0,0,1
1,0,0,0,1
1,0,0,0,1
1,0,0,0,1
1,0,0,0,1
1,0,0,0,1
1,0,0,0,1
1,0,0,0,1
1,5,0,0,6
1,0,0,0,1
1,0,0,0,1
1,0,0,0,1
1,1,0,0,2
1,0,0,0,1
1,0,0,0,1
1,0,0,0,1
1,0,0,0,1
1,0,0,0,1
1,0,0,0,1
1,0,0,0,1
1,0,0,0,1
1,0,0,0,1
1,0,0,0,1
1,0,2,0,3
1,0,0,0,1
1,0,0,0,1
1,0,0,0,1
1,0,0,0,1
1,0,0,0,1
1,0,0,0,1
1,0,0,0,1
1,0,0,0,1
1,0,0,0,1
1,0,0,0,1
1,0,0,0,1
1,0,0,0,1
1,0,0,0,1
1,0,0,0,1
1,0,0,0,1
1,0,0,0,1
1,0,0,0,1
1,0,0,0,1
1,0,0,0,1
1,0,0,0,1
1,0,0,0,1
1,0,0,0,1
1,0,0,0,1
1,0,0,0,1
1,0,0,0,1
1,0,0,0,1
1,0,0,0,1
1,0,0,0,1
1,0,0,0,1
1,0,0,0,1
1,0,0,0,1
1,0,0,0,1
1,0,0,0,1
1,0,0,0,1
1,0,0,0,1
1,0,0,0,1
1,0,0,0,1
1,0,0,0,1
1,0,0,0,1
1,0,0,0,1
1,0,0,0,1
1,0,0,0,1
1,0,0,0,1
1,0,0,0,1
1,0,0,0,1
1,0,0,0,1
1,0,0,0,1
1,0,0,0,1
1,0,0,0,1
1,0,0,0,1
1,0,0,0,1
1,0,0,0,1
1,0,0,0,1
1,8,0,0,9
1,0,0,0,1
1,0,0,0,1
1,0,0,0,1
1,0,0,0,1
1,0,0,0,1
1,0,0,0,1
1,0,0,0,1
1,0,0,0,1
1,0,0,0,1
1,0,0,0,1
1,0,0,0,1
1,0,0,0,1
1,0,0,0,1
1,0,0,0,1
1,0,0,0,1
1,0,0,0,1
1,0,0,0,1
1,0,0,0,1
1,0,0,0,1
2,0,0,0,2
1,0,0,0,1
1,0,0,0,1
1,0,0,0,1
1,0,0,0,1
1,0,0,0,1
1,0,0,0,1
1,0,0,0,1
1,0,0,0,1
1,0,0,0,1
1,0,0,0,1
1,0,0,0,1
1,0,0,0,1
1,0,0,0,1
1,0,0,0,1
2,0,0,0,2
1,0,0,0,1
1,0,0,0,1
1,0,0,0,1
2,0,0,0,2
1,0,0,0,1
1,0,0,0,1
1,0,0,0,1
1,0,0,0,1
1,0,0,0,1
1,0,0,0,1
1,0,0,0,1
1,0,0,0,1
1,0,0,0,1
1,0,0,0,1
1,0,0,0,1
1,0,0,0,1
1,0,0,0,1
1,0,0,0,1
1,7,1,0,9
1,0,0,0,1
1,0,0,0,1
1,0,0,0,1
1,0,0,0,1
1,0,0,0,1
1,0,0,0,1
1,0,0,0,1
1,0,0,0,1
1,0,0,0,1
1,0,0,0,1
1,0,0,0,1
1,0,0,0,1
1,7,0,0,8
1,0,0,0,1
1,0,0,0,1
1,0,0,0,1
1,0,0,0,1
1,0,0,0,1
1,0,0,0,1
1,0,0,0,1
1,0,0,0,1
1,0,0,0,1
1,0,0,0,1
1,0,0,0,1
1,0,0,0,1
1,0,0,0,1
1,0,0,0,1
1,0,0,0,1
1,0,0,0,1
1,0,0,0,1
1,0,0,0,1
1,0,0,0,1
1,0,0,0,1
1,0,0,0,1
1,0,0,0,1
1,0,0,0,1
1,0,0,0,1
1,0,0,0,1
1,0,0,0,1
1,71,3,0,75
1,0,0,0,1
1,0,0,0,1
1,0,0,0,1
1,0,0,0,1
2,0,0,0,2
1,0,0,0,1
1,0,0,0,1
1,0,0,0,1
1,0,0,0,1
1,0,0,0,1
1,0,0,0,1
1,0,0,0,1
1,0,0,0,1
1,0,0,0,1
1,0,0,0,1
1,0,0,0,1
1,0,0,0,1
1,0,0,0,1
1,0,0,0,1
1,0,0,0,1
1,0,0,0,1
1,0,0,0,1
1,0,0,0,1
1,0,0,0,1
1,0,0,0,1
1,0,0,0,1
1,0,0,0,1
1,0,0,0,1
1,0,0,0,1
1,0,0,0,1
1,0,0,0,1
1,1,1,0,3
1,0,0,0,1
1,0,0,0,1
1,0,0,0,1
1,0,0,0,1
1,0,0,0,1
1,0,0,0,1
1,8,0,0,9
1,0,0,0,1
1,0,0,0,1
2,0,0,0,2
1,0,0,0,1
1,0,0,0,1
1,0,0,0,1
1,0,0,0,1
1,0,0,0,1
1,0,0,0,1
1,0,0,0,1
1,0,0,0,1
1,0,0,0,1
1,0,0,0,1
1,0,0,0,1
1,1,0,0,2
1,0,0,0,1
1,0,0,0,1
1,0,0,0,1
1,0,0,0,1
1,0,0,0,1
1,0,0,0,1
1,0,0,0,1
1,0,0,0,1
1,0,0,0,1
1,0,0,0,1
1,0,0,0,1
1,0,0,0,1
1,0,0,0,1
1,0,0,0,1
1,0,0,0,1
1,0,0,0,1
1,0,0,0,1
1,0,0,0,1
1,0,0,0,1
1,0,0,0,1
1,0,0,0,1
1,0,0,0,1
1,0,0,0,1
1,0,0,0,1
1,0,0,0,1
1,0,0,0,1
1,0,0,0,1
1,0,0,0,1
1,0,0,0,1
1,0,0,0,1
1,0,0,0,1
1,0,0,0,1
1,0,0,0,1
1,0,0,0,1
1,0,0,0,1
1,2,0,0,3
1,0,0,0,1
1,0,0,0,1
1,1,1,0,3
1,0,0,0,1
1,3,0,0,4
1,0,0,0,1
1,0,0,0,1
1,0,0,0,1
1,0,0,0,1
1,0,0,0,1
1,0,0,0,1
1,0,0,0,1
1,0,0,0,1
1,0,0,0,1
1,0,0,0,1
1,0,0,0,1
1,0,0,0,1
1,1,1,0,3
1,0,0,0,1
1,0,0,0,1
1,0,0,0,1
1,0,0,0,1
1,0,0,0,1
1,0,0,0,1
1,0,0,0,1
1,0,0,0,1
1,0,0,0,1
1,0,0,0,1
1,0,0,0,1
1,0,0,0,1
1,0,0,0,1
1,0,0,0,1
1,0,0,0,1
1,0,0,0,1
1,0,0,0,1
1,0,0,0,1
2,0,0,0,2
1,0,0,0,1
1,0,0,0,1
1,0,0,0,1
1,0,0,0,1
1,0,0,0,1
1,0,0,0,1
1,0,0,0,1
1,0,0,0,1
1,0,0,0,1
1,0,0,0,1
1,0,0,0,1
1,0,0,0,1
1,0,0,0,1
1,0,0,0,1
1,0,0,0,1
1,0,0,0,1
1,0,0,0,1
1,0,0,0,1
1,0,0,0,1
1,0,0,0,1
1,0,0,0,1
1,0,0,0,1
1,0,0,0,1
1,0,0,0,1
1,0,0,0,1
1,0,0,0,1
1,0,0,0,1
1,0,0,0,1
1,0,0,0,1
1,0,0,0,1
1,0,0,0,1
1,0,0,0,1
1,0,0,0,1
1,0,0,0,1
1,0,0,0,1
1,0,0,0,1
1,0,0,0,1
1,0,0,0,1
1,0,0,0,1
1,0,0,0,1
1,0,0,0,1
1,0,0,0,1
1,0,0,0,1
1,0,0,0,1
1,0,0,0,1
1,0,0,0,1
1,0,0,0,1
1,0,0,0,1
1,0,0,0,1
1,0,0,0,1
1,0,0,0,1
1,0,0,0,1
1,0,0,0,1
1,0,0,0,1
1,0,0,0,1
1,0,0,0,1
1,0,0,0,1
1,0,0,0,1
1,0,0,0,1
2,1,0,0,3
1,0,0,0,1
1,0,0,0,1
1,0,0,0,1
1,0,0,0,1
1,0,0,0,1
1,0,0,0,1
1,0,0,0,1
1,0,0,0,1
1,0,0,0,1
1,0,0,0,1
1,0,0,0,1
1,0,0,0,1
1,0,0,0,1
1,0,0,0,1
1,0,0,0,1
1,0,0,0,1
1,4,0,0,5
1,0,0,0,1
1,0,0,0,1
1,0,0,0,1
1,0,0,0,1
1,0,0,0,1
1,0,0,0,1
1,0,0,0,1
1,0,0,0,1
2,0,0,0,2
1,0,0,0,1
1,0,0,0,1
1,0,0,0,1
1,0,0,0,1
1,0,0,0,1
1,0,0,0,1
1,0,0,0,1
1,0,0,0,1
1,0,0,0,1
1,0,0,0,1
1,0,0,0,1
1,5,0,0,6
1,0,0,0,1
1,0,0,0,1
1,0,0,0,1
1,0,0,0,1
1,0,0,0,1
2,0,0,0,2
1,0,0,0,1
1,0,0,0,1
1,0,0,0,1
1,0,0,0,1
1,0,0,0,1
1,0,0,0,1
1,0,0,0,1
2,0,0,0,2
1,0,0,0,1
1,0,0,0,1
1,0,0,0,1
1,0,0,0,1
1,0,0,0,1
1,0,0,0,1
1,0,0,0,1
1,0,0,0,1
1,0,0,0,1
1,5,0,0,6
1,0,0,0,1
1,0,0,0,1
1,0,0,0,1
1,0,0,0,1
1,0,0,0,1
1,0,0,0,1
1,0,0,0,1
1,3,0,0,4
1,0,0,0,1
1,0,0,0,1
1,0,0,0,1
1,0,0,0,1
1,0,0,0,1
1,0,0,0,1
1,0,0,0,1
1,0,0,0,1
1,0,0,0,1
1,0,0,0,1
1,0,0,0,1
1,0,0,0,1
1,0,0,0,1
1,0,0,0,1
1,0,0,0,1
1,0,0,0,1
1,0,0,0,1
1,0,0,0,1
1,0,0,0,1
1,0,0,0,1
1,0,0,0,1
1,0,0,0,1
1,0,0,0,1
1,0,0,0,1
1,0,0,0,1
1,0,0,0,1
1,0,0,0,1
1,0,0,0,1
1,0,0,0,1
1,0,0,0,1
1,0,0,0,1
1,0,0,0,1
1,0,0,0,1
1,0,0,0,1
1,0,0,0,1
1,0,0,0,1
1,0,0,0,1
1,0,0,0,1
1,0,0,0,1
1,0,0,0,1
2,0,0,0,2
1,0,0,0,1
1,0,0,0,1
1,0,0,0,1
1,0,0,0,1
1,0,0,0,1
1,0,0,0,1
1,0,0,0,1
1,0,0,0,1
1,1,0,0,2
1,0,0,0,1
1,0,0,0,1
1,0,0,0,1
1,0,0,0,1
2,0,0,0,2
1,0,0,0,1
1,0,0,0,1
1,0,0,0,1
1,31,0,0,32
1,0,0,0,1
1,0,0,0,1
1,0,0,0,1
1,0,0,0,1
1,0,0,0,1
1,0,0,0,1
1,0,0,0,1
1,0,0,0,1
1,0,0,0,1
1,0,0,0,1
1,0,0,0,1
1,0,0,0,1
1,0,0,0,1
1,0,0,0,1
1,0,0,0,1
1,0,0,0,1
1,0,0,0,1
1,0,0,0,1
1,0,0,0,1
1,0,0,0,1
1,0,0,0,1
1,0,0,0,1
1,0,0,0,1
1,0,0,0,1
1,0,0,0,1
1,0,0,0,1
1,0,0,0,1
1,1,1,0,3
1,0,0,0,1
1,0,0,0,1
2,0,0,0,2
1,0,0,0,1
1,0,0,0,1
1,0,0,0,1
1,0,0,0,1
1,0,0,0,1
1,0,0,0,1
1,0,0,0,1
1,0,0,0,1
1,0,0,0,1
1,0,0,0,1
1,0,0,0,1
1,0,0,0,1
1,0,0,0,1
1,0,0,0,1
1,0,0,0,1
1,0,0,0,1
1,0,0,0,1
1,0,0,0,1
1,0,0,0,1
1,0,0,0,1
1,0,0,0,1
1,0,0,0,1
1,0,0,0,1
1,0,0,0,1
1,0,0,0,1
1,0,0,0,1
1,0,0,0,1
1,0,0,0,1
1,0,0,0,1
1,0,0,0,1
1,0,0,0,1
2,0,0,0,2
1,0,0,0,1
1,0,0,0,1
1,0,0,0,1
1,0,0,0,1
1,0,0,0,1
1,0,0,0,1
1,0,0,0,1
1,0,0,0,1
1,0,0,0,1
1,0,0,0,1
1,0,0,0,1
1,0,0,0,1
1,0,0,0,1
1,0,0,0,1
1,0,0,0,1
1,0,0,0,1
1,0,0,0,1
1,0,0,0,1
1,0,0,0,1
1,0,0,0,1
1,0,0,0,1
1,0,0,0,1
1,0,0,0,1
1,0,0,0,1
1,0,0,0,1
1,0,0,0,1
1,0,0,0,1
1,0,0,0,1
1,0,0,0,1
1,0,0,0,1
1,3,0,0,4
1,0,0,0,1
1,0,0,0,1
1,0,0,0,1
1,0,0,0,1
1,0,0,0,1
1,0,0,0,1
1,0,0,0,1
1,0,0,0,1
1,0,0,0,1
1,0,0,0,1
1,0,0,0,1
1,0,0,0,1
1,0,0,0,1
1,0,0,0,1
1,0,0,0,1
1,0,0,0,1
1,0,0,0,1
1,0,0,0,1
1,0,0,0,1
1,0,0,0,1
1,0,0,0,1
1,0,0,0,1
1,0,0,0,1
1,1,0,0,2
1,0,0,0,1
1,0,0,0,1
1,0,0,0,1
1,0,0,0,1
1,0,0,0,1
1,0,0,0,1
1,0,0,0,1
1,0,0,0,1
1,0,0,0,1
1,0,0,0,1
1,0,0,0,1
1,0,0,0,1
1,0,0,0,1
1,0,0,0,1
1,0,0,0,1
1,0,0,0,1
1,0,0,0,1
1,0,0,0,1
1,0,0,0,1
1,0,0,0,1
1,0,0,0,1
1,0,0,0,1
1,0,0,0,1
1,0,0,0,1
1,0,0,0,1
1,0,0,0,1
1,0,0,0,1
1,0,0,0,1
1,0,0,0,1
2,16,0,0,18
1,0,0,0,1
1,0,0,0,1
1,0,0,0,1
1,0,0,0,1
1,0,0,0,1
1,1,0,0,2
1,0,0,0,1
1,0,0,0,1
1,0,0,0,1
1,0,0,0,1
1,0,0,0,1
1,0,0,0,1
1,0,0,0,1
1,0,0,0,1
1,0,0,0,1
1,0,0,0,1
1,0,0,0,1
1,0,0,0,1
1,0,0,0,1
1,0,0,0,1
1,0,0,0,1
2,0,0,0,2
1,0,0,0,1
1,0,0,0,1
1,0,0,0,1
1,0,0,0,1
1,0,0,0,1
1,0,0,0,1
1,0,0,0,1
1,0,0,0,1
1,0,0,0,1
1,11,0,0,12
1,0,0,0,1
1,0,0,0,1
1,0,0,0,1
1,0,0,0,1
1,0,0,0,1
1,0,0,0,1
1,138,0,0,139
2,0,0,0,2
1,0,0,0,1
1,0,0,0,1
1,0,0,0,1
1,0,0,0,1
1,0,0,0,1
1,0,0,0,1
1,0,0,0,1
1,0,0,0,1
1,0,0,0,1
1,0,0,0,1
1,0,0,0,1
1,0,0,0,1
1,10,0,0,11
2,0,0,0,2
1,0,0,0,1
1,0,0,0,1
1,0,0,0,1
1,0,0,0,1
1,0,0,0,1
1,0,0,0,1
3,0,0,0,3
1,0,0,0,1
1,0,0,0,1
1,0,0,0,1
1,0,0,0,1
1,0,0,0,1
1,0,0,0,1
1,0,0,0,1
1,0,0,0,1
1,0,0,0,1
1,0,0,0,1
1,0,0,0,1
1,0,0,0,1
1,0,0,0,1
1,0,0,0,1
1,0,0,0,1
1,0,0,0,1
1,0,0,0,1
1,0,0,0,1
1,0,0,0,1
1,0,0,0,1
1,0,0,0,1
1,0,0,0,1
1,0,0,0,1
2,0,0,0,2
1,0,0,0,1
1,0,0,0,1
2,0,0,0,2
1,0,0,0,1
1,0,0,0,1
1,0,0,0,1
1,0,0,0,1
1,0,0,0,1
1,0,0,0,1
1,0,0,0,1
1,0,0,0,1
1,0,0,0,1
1,0,0,0,1
1,0,0,0,1
1,0,0,0,1
1,0,0,0,1
1,0,0,0,1
1,0,0,0,1
1,0,0,0,1
1,0,0,0,1
1,0,0,0,1
1,0,0,0,1
1,0,0,0,1
1,0,0,0,1
1,0,0,0,1
1,0,0,0,1
1,0,0,0,1
1,0,0,0,1
1,0,0,0,1
1,0,0,0,1
1,0,0,0,1
1,0,0,0,1
1,0,0,0,1
1,0,0,0,1
1,0,0,0,1
1,0,0,0,1
1,0,0,0,1
1,0,0,0,1
1,0,0,0,1
1,0,0,0,1
1,0,0,0,1
1,0,0,0,1
1,0,0,0,1
1,0,0,0,1
1,0,0,0,1
1,0,0,0,1
1,0,0,0,1
1,0,0,0,1
1,0,0,0,1
1,0,0,0,1
1,0,0,0,1
1,0,0,0,1
1,0,0,0,1
1,0,0,0,1
1,0,0,0,1
1,1,0,0,2
1,0,0,0,1
2,0,0,0,2
1,0,0,0,1
1,0,0,0,1
1,0,0,0,1
1,0,0,0,1
1,0,0,0,1
1,0,0,0,1
1,0,0,0,1
1,0,0,0,1
1,0,0,0,1
1,0,0,0,1
1,16,1,0,18
1,0,0,0,1
1,0,0,0,1
1,0,0,0,1
1,0,0,0,1
1,0,0,0,1
1,0,0,0,1
1,0,0,0,1
1,0,0,0,1
1,0,0,0,1
1,0,0,0,1
1,0,0,0,1
1,0,0,0,1
1,0,0,0,1
1,0,0,0,1
1,0,0,0,1
1,0,0,0,1
1,0,0,0,1
1,0,0,0,1
1,0,0,0,1
1,0,0,0,1
1,0,0,0,1
1,0,0,0,1
1,0,0,0,1
1,0,0,0,1
1,0,0,0,1
1,0,0,0,1
1,0,0,0,1
1,0,0,0,1
1,0,0,0,1
1,8,0,0,9
1,0,0,0,1
1,0,0,0,1
1,0,0,0,1
1,0,0,0,1
1,0,0,0,1
1,0,0,0,1
1,0,0,0,1
1,0,0,0,1
1,0,0,0,1
1,0,0,0,1
1,0,0,0,1
1,0,0,0,1
1,0,0,0,1
1,0,0,0,1
1,0,0,0,1
1,0,0,0,1
1,0,0,0,1
1,0,0,0,1
1,0,0,0,1
1,0,0,0,1
1,0,0,0,1
1,0,0,0,1
1,0,0,0,1
1,0,0,0,1
1,0,0,0,1
1,0,0,0,1
1,0,0,0,1
1,0,0,0,1
1,0,0,0,1
1,0,0,0,1
1,0,0,0,1
1,0,0,0,1
1,24,0,0,25
1,0,0,0,1
1,2,0,0,3
1,0,0,0,1
1,0,0,0,1
1,0,0,0,1
1,0,0,0,1
1,0,0,0,1
1,0,0,0,1
1,0,0,0,1
1,0,0,0,1
1,0,0,0,1
1,0,0,0,1
1,0,0,0,1
1,0,0,0,1
1,0,0,0,1
1,0,0,0,1
1,0,0,0,1
1,0,0,0,1
2,0,0,0,2
1,0,0,0,1
1,0,0,0,1
1,0,0,0,1
1,0,0,0,1
1,0,0,0,1
1,0,0,0,1
1,0,0,0,1
1,0,0,0,1
1,0,0,0,1
1,0,0,0,1
1,0,0,0,1
1,0,0,0,1
1,0,0,0,1
1,0,0,0,1
1,0,0,0,1
1,0,0,0,1
1,0,0,0,1
1,0,0,0,1
1,0,0,0,1
1,0,0,0,1
1,0,0,0,1
1,0,0,0,1
1,0,0,0,1
1,0,0,0,1
1,0,0,0,1
1,0,0,0,1
1,0,0,0,1
1,0,0,0,1
1,0,0,0,1
1,0,0,0,1
1,0,0,0,1
1,0,0,0,1
1,0,0,0,1
1,0,0,0,1
1,0,0,0,1
1,0,0,0,1
1,0,0,0,1
1,0,0,0,1
1,0,0,0,1
1,0,0,0,1
1,0,0,0,1
1,0,0,0,1
1,0,0,0,1
1,0,0,0,1
1,0,0,0,1
1,0,0,0,1
1,0,0,0,1
1,4,1,0,6
1,0,0,0,1
1,0,0,0,1
1,0,0,0,1
1,0,0,0,1
1,0,0,0,1
1,0,0,0,1
1,0,0,0,1
1,0,0,0,1
1,0,0,0,1
1,0,0,0,1
1,0,0,0,1
1,0,0,0,1
2,13,0,0,15
1,0,0,0,1
1,0,0,0,1
1,0,0,0,1
1,0,0,0,1
1,0,0,0,1
1,0,0,0,1
1,0,0,0,1
1,0,0,0,1
1,0,0,0,1
1,0,0,0,1
1,0,0,0,1
3,0,0,0,3
1,0,0,0,1
1,0,0,0,1
1,0,0,0,1
1,0,0,0,1
1,0,0,0,1
1,0,0,0,1
1,0,0,0,1
1,0,0,0,1
1,0,0,0,1
1,0,0,0,1
1,0,0,0,1
1,0,0,0,1
1,0,0,0,1
1,0,0,0,1
1,0,0,0,1
1,0,0,0,1
1,0,0,0,1
1,0,0,0,1
1,0,0,0,1
1,0,0,0,1
1,0,0,0,1
1,0,0,0,1
1,0,0,0,1
1,0,0,0,1
1,0,0,0,1
1,0,0,0,1
2,0,0,0,2
1,0,0,0,1
1,0,0,0,1
1,0,0,0,1
1,0,0,0,1
1,0,0,0,1
1,0,0,0,1
1,0,0,0,1
1,0,0,0,1
1,0,0,0,1
1,0,0,0,1
1,0,0,0,1
1,0,0,0,1
1,0,0,0,1
1,0,0,0,1
1,0,0,0,1
1,27,0,0,28
1,0,0,0,1
1,0,0,0,1
1,0,0,0,1
1,0,0,0,1
1,0,0,0,1
1,0,0,0,1
1,0,0,0,1
1,0,0,0,1
1,0,0,0,1
1,0,0,0,1
1,0,0,0,1
1,0,0,0,1
1,0,0,0,1
1,0,0,0,1
1,0,0,0,1
1,0,0,0,1
1,0,0,0,1
1,0,0,0,1
1,0,0,0,1
1,0,0,0,1
1,0,0,0,1
1,0,0,0,1
1,0,0,0,1
1,0,0,0,1
1,0,0,0,1
1,0,0,0,1
1,0,0,0,1
1,0,0,0,1
1,0,0,0,1
1,0,0,0,1
1,0,0,0,1
1,0,0,0,1
1,0,0,0,1
1,0,0,0,1
1,0,0,0,1
1,0,0,0,1
1,0,0,0,1
1,0,0,0,1
1,0,0,0,1
1,0,0,0,1
1,0,0,0,1
1,0,0,0,1
1,0,0,0,1
1,0,0,0,1
1,0,0,0,1
1,0,0,0,1
1,0,0,0,1
1,0,0,0,1
1,0,0,0,1
1,0,0,0,1
1,0,0,0,1
1,0,0,0,1
1,0,0,0,1
1,0,0,0,1
1,0,0,0,1
1,0,0,0,1
1,0,0,0,1
1,0,0,0,1
1,0,0,0,1
1,0,0,0,1
1,0,0,0,1
1,0,0,0,1
2,0,0,0,2
1,0,0,0,1
1,0,0,0,1
1,0,0,0,1
1,0,0,0,1
1,0,0,0,1
1,0,0,0,1
1,0,0,0,1
1,0,0,0,1
1,0,0,0,1
1,0,0,0,1
1,0,0,0,1
1,0,0,0,1
2,0,0,0,2
1,0,0,0,1
1,0,0,0,1
1,0,0,0,1
1,0,0,0,1
1,0,0,0,1
1,0,0,0,1
1,0,0,0,1
1,0,0,0,1
1,0,0,0,1
1,0,0,0,1
1,0,0,0,1
1,0,0,0,1
1,0,0,0,1
1,0,0,0,1
1,0,0,0,1
1,0,0,0,1
1,0,0,0,1
1,0,0,0,1
1,0,0,0,1
1,0,0,0,1
1,0,0,0,1
1,0,0,0,1
2,0,0,0,2
1,0,0,0,1
1,0,0,0,1
1,0,0,0,1
1,0,0,0,1
1,0,0,0,1
1,0,0,0,1
1,0,0,0,1
1,0,0,0,1
1,0,0,0,1
1,0,0,0,1
1,0,0,0,1
1,0,0,0,1
1,0,0,0,1
1,0,0,0,1
1,0,0,0,1
1,0,0,0,1
1,0,0,0,1
1,1,0,0,2
1,0,0,0,1
1,0,0,0,1
1,0,0,0,1
1,0,0,0,1
1,0,0,0,1
1,0,0,0,1
1,0,0,0,1
1,0,0,0,1
1,0,0,0,1
1,0,0,0,1
1,0,0,0,1
1,3,0,0,4
1,0,0,0,1
1,0,0,0,1
1,0,0,0,1
1,0,0,0,1
1,0,0,0,1
1,0,0,0,1
1,0,0,0,1
1,0,0,0,1
1,0,0,0,1
1,0,0,0,1
1,0,0,0,1
1,0,0,0,1
1,0,0,0,1
1,0,0,0,1
1,0,0,0,1
1,0,0,0,1
1,0,0,0,1
1,0,0,0,1
1,0,0,0,1
1,0,0,0,1
1,0,0,0,1
1,0,0,0,1
1,0,0,0,1
1,0,0,0,1
1,0,0,0,1
1,0,0,0,1
1,0,0,0,1
1,0,0,0,1
1,0,0,0,1
1,0,0,0,1
1,0,0,0,1
1,0,0,0,1
1,0,0,0,1
1,0,0,0,1
1,0,0,0,1
1,0,0,0,1
1,0,0,0,1
1,0,0,0,1
1,0,0,0,1
2,0,0,0,2
1,0,0,0,1
1,0,0,0,1
1,0,0,0,1
1,0,0,0,1
1,0,0,0,1
1,0,0,0,1
1,0,0,0,1
1,0,0,0,1
1,0,0,0,1
1,0,0,0,1
1,0,0,0,1
1,0,0,0,1
1,0,0,0,1
1,0,0,0,1
1,0,0,0,1
1,0,0,0,1
1,0,0,0,1
1,0,0,0,1
1,0,0,0,1
1,0,0,0,1
1,0,0,0,1
1,0,0,0,1
1,0,0,0,1
1,0,0,0,1
1,0,0,0,1
1,0,0,0,1
1,0,0,0,1
1,0,0,0,1
1,0,0,0,1
1,0,0,0,1
2,0,0,0,2
1,0,0,0,1
1,0,0,0,1
1,0,0,0,1
1,0,0,0,1
1,0,0,0,1
2,0,0,0,2
1,0,0,0,1
1,0,0,0,1
1,0,0,0,1
1,0,0,0,1
1,0,0,0,1
1,0,0,0,1
1,0,0,0,1
1,0,0,0,1
1,0,0,0,1
1,0,0,0,1
1,0,0,0,1
1,0,0,0,1
2,0,0,0,2
1,0,0,0,1
1,0,0,0,1
1,0,0,0,1
1,0,0,0,1
1,0,0,0,1
1,0,0,0,1
1,0,0,0,1
1,0,0,0,1
1,0,0,0,1
1,0,0,0,1
1,0,0,0,1
1,0,0,0,1
1,0,0,0,1
1,0,0,0,1
2,0,0,0,2
1,0,0,0,1
1,0,0,0,1
1,0,0,0,1
1,0,0,0,1
1,0,0,0,1
1,0,0,0,1
1,0,0,0,1
1,0,0,0,1
2,0,0,0,2
1,0,0,0,1
1,0,0,0,1
1,0,0,0,1
1,0,0,0,1
1,0,0,0,1
1,0,0,0,1
1,0,0,0,1
1,0,0,0,1
1,0,0,0,1
1,0,0,0,1
1,0,0,0,1
1,0,0,0,1
1,0,0,0,1
1,0,0,0,1
1,0,0,0,1
1,0,0,0,1
1,0,0,0,1
1,0,0,0,1
1,0,0,0,1
1,0,0,0,1
1,0,0,0,1
1,1,0,0,2
1,0,0,0,1
1,0,0,0,1
1,0,0,0,1
1,0,0,0,1
1,0,0,0,1
1,2,0,0,3
1,0,0,0,1
1,0,0,0,1
1,0,0,0,1
1,0,0,0,1
1,0,0,0,1
1,0,0,0,1
1,0,0,0,1
1,0,0,0,1
1,0,0,0,1
1,0,0,0,1
1,2,0,0,3
1,0,0,0,1
1,0,0,0,1
1,0,0,0,1
1,0,0,0,1
1,0,0,0,1
1,0,0,0,1
1,0,0,0,1
1,0,0,0,1
1,0,0,0,1
1,0,0,0,1
1,0,0,0,1
1,0,0,0,1
1,0,0,0,1
1,0,0,0,1
1,0,0,0,1
1,0,0,0,1
1,0,0,0,1
1,0,0,0,1
1,0,0,0,1
1,0,0,0,1
1,0,0,0,1
1,0,0,0,1
1,0,0,0,1
1,0,0,0,1
1,0,0,0,1
1,0,0,0,1
1,0,0,0,1
1,0,0,0,1
1,0,0,0,1
1,0,0,0,1
1,0,0,0,1
1,0,0,0,1
1,0,0,0,1
1,0,0,0,1
1,0,0,0,1
1,0,0,0,1
1,0,0,0,1
1,0,0,0,1
1,0,0,0,1
1,0,0,0,1
1,0,0,0,1
1,0,0,0,1
1,0,0,0,1
1,6,0,0,7
1,0,0,0,1
1,0,0,0,1
1,0,0,0,1
1,0,0,0,1
1,0,0,0,1
1,0,0,0,1
1,0,0,0,1
1,0,0,0,1
1,0,0,0,1
1,0,0,0,1
1,0,0,0,1
1,0,0,0,1
1,0,0,0,1
1,0,0,0,1
1,0,0,0,1
1,0,0,0,1
1,0,0,0,1
1,0,0,0,1
1,0,0,0,1
1,0,0,0,1
1,0,0,0,1
1,0,0,0,1
1,0,0,0,1
1,0,0,0,1
1,0,0,0,1
1,0,0,0,1
1,0,0,0,1
1,0,0,0,1
1,5,0,0,6
1,5,0,0,6
1,0,0,0,1
1,0,0,0,1
1,0,0,0,1
1,0,0,0,1
1,0,0,0,1
1,0,0,0,1
1,0,0,0,1
1,0,0,0,1
1,0,0,0,1
1,0,0,0,1
2,0,0,0,2
1,0,0,0,1
1,0,0,0,1
1,0,0,0,1
1,0,0,0,1
1,0,0,0,1
2,0,0,0,2
1,0,0,0,1
2,1,0,0,3
1,0,0,0,1
1,0,0,0,1
1,0,0,0,1
1,0,0,0,1
1,0,0,0,1
1,0,0,0,1
1,0,0,0,1
1,0,0,0,1
1,0,0,0,1
1,0,0,0,1
1,0,0,0,1
2,0,0,0,2
1,0,0,0,1
1,0,0,0,1
1,0,0,0,1
1,0,0,0,1
1,0,0,0,1
1,0,0,0,1
1,0,0,0,1
1,0,0,0,1
1,0,0,0,1
1,0,0,0,1
1,0,0,0,1
1,0,0,0,1
1,0,0,0,1
1,0,0,0,1
1,0,0,0,1
1,0,0,0,1
1,0,0,0,1
1,2,0,0,3
1,0,0,0,1
1,0,0,0,1
1,0,0,0,1
1,0,0,0,1
1,0,0,0,1
1,0,0,0,1
1,0,0,0,1
1,0,0,0,1
1,0,0,0,1
1,0,0,0,1
1,0,0,0,1
1,0,0,0,1
1,0,0,0,1
1,0,0,0,1
1,0,0,0,1
1,0,0,0,1
1,0,0,0,1
1,16,0,0,17
1,0,0,0,1
1,0,0,0,1
1,0,0,0,1
1,0,0,0,1
1,0,0,0,1
2,0,0,0,2
1,0,0,0,1
1,0,0,0,1
1,0,0,0,1
1,0,0,0,1
1,0,0,0,1
1,0,0,0,1
1,0,0,0,1
1,0,0,0,1
1,0,0,0,1
1,0,0,0,1
1,0,0,0,1
1,0,0,0,1
1,0,0,0,1
1,0,0,0,1
1,0,0,0,1
1,0,0,0,1
1,0,0,0,1
1,0,0,0,1
1,0,0,0,1
1,0,0,0,1
1,0,0,0,1
1,0,0,0,1
1,0,0,0,1
1,0,0,0,1
1,0,0,0,1
1,0,0,0,1
1,0,0,0,1
1,0,0,0,1
1,0,0,0,1
1,0,0,0,1
1,0,0,0,1
1,0,0,0,1
1,0,0,0,1
1,0,0,0,1
1,0,0,0,1
1,0,0,0,1
1,0,0,0,1
1,0,0,0,1
1,0,0,0,1
1,0,0,0,1
1,0,0,0,1
1,0,0,0,1
1,1,0,0,2
1,0,0,0,1
1,0,0,0,1
1,0,0,0,1
1,0,0,0,1
1,0,0,0,1
1,0,0,0,1
1,0,0,0,1
1,0,0,0,1
1,0,0,0,1
1,0,0,0,1
1,0,0,0,1
1,0,0,0,1
1,0,0,0,1
1,0,0,0,1
2,0,0,0,2
1,0,0,0,1
1,0,0,0,1
1,0,0,0,1
1,0,0,0,1
1,0,0,0,1
1,0,0,0,1
1,0,0,0,1
1,0,0,0,1
1,0,0,0,1
1,0,0,0,1
1,0,0,0,1
1,0,0,0,1
1,0,0,0,1
1,0,0,0,1
1,0,0,0,1
1,0,0,0,1
1,0,0,0,1
1,0,0,0,1
1,0,0,0,1
1,0,0,0,1
1,0,0,0,1
1,0,0,0,1
1,0,0,0,1
1,0,0,0,1
1,0,0,0,1
1,0,0,0,1
1,0,0,0,1
1,0,0,0,1
1,0,0,0,1
1,0,0,0,1
1,0,0,0,1
1,0,0,0,1
1,0,0,0,1
1,0,0,0,1
1,0,0,0,1
1,0,0,0,1
2,0,0,0,2
1,0,0,0,1
1,0,0,0,1
1,0,0,0,1
1,0,0,0,1
1,0,0,0,1
1,0,0,0,1
1,0,0,0,1
1,0,0,0,1
1,0,0,0,1
1,0,0,0,1
1,0,0,0,1
1,0,0,0,1
1,0,0,0,1
1,0,0,0,1
1,0,0,0,1
1,0,0,0,1
1,0,0,0,1
1,0,0,0,1
1,0,0,0,1
1,0,0,0,1
1,0,0,0,1
1,0,0,0,1
1,0,0,0,1
1,0,0,0,1
1,0,0,0,1
1,0,0,0,1
1,0,0,0,1
1,0,0,0,1
1,0,0,0,1
1,0,0,0,1
3,0,0,0,3
1,0,0,0,1
1,0,0,0,1
1,0,0,0,1
1,0,0,0,1
1,0,0,0,1
1,0,0,0,1
1,1,0,0,2
1,0,0,0,1
1,0,0,0,1
2,0,0,0,2
1,0,0,0,1
1,0,0,0,1
1,0,0,0,1
1,0,0,0,1
1,0,0,0,1
1,0,0,0,1
1,0,0,0,1
1,5,0,0,6
1,0,0,0,1
1,0,0,0,1
1,4,0,0,5
1,0,0,0,1
1,0,0,0,1
1,0,0,0,1
1,0,0,0,1
1,0,0,0,1
1,0,0,0,1
1,0,0,0,1
1,0,0,0,1
1,0,0,0,1
1,0,0,0,1
1,0,0,0,1
1,0,0,0,1
1,0,0,0,1
1,0,0,0,1
1,0,0,0,1
1,0,0,0,1
1,0,0,0,1
1,0,0,0,1
1,0,0,0,1
1,0,0,0,1
1,0,0,0,1
1,0,0,0,1
1,0,0,0,1
1,0,0,0,1
1,0,0,0,1
1,0,0,0,1
2,0,0,0,2
1,0,0,0,1
1,0,0,0,1
1,0,0,0,1
1,0,0,0,1
1,0,0,0,1
1,0,0,0,1
1,0,0,0,1
1,0,0,0,1
2,0,0,0,2
1,0,0,0,1
1,0,0,0,1
1,0,0,0,1
2,0,0,0,2
1,0,0,0,1
1,0,0,0,1
1,0,0,0,1
1,0,0,0,1
1,0,0,0,1
1,0,0,0,1
1,0,0,0,1
1,0,0,0,1
1,0,0,0,1
1,0,0,0,1
1,0,0,0,1
1,0,0,0,1
1,0,0,0,1
1,0,0,0,1
1,0,0,0,1
1,0,0,0,1
1,0,0,0,1
1,0,0,0,1
1,0,0,0,1
1,0,0,0,1
1,0,0,0,1
1,0,0,0,1
1,0,0,0,1
1,0,0,0,1
1,0,0,0,1
1,0,0,0,1
1,0,0,0,1
1,0,0,0,1
1,0,0,0,1
1,0,0,0,1
1,0,0,0,1
2,0,0,0,2
1,0,0,0,1
1,0,0,0,1
1,0,0,0,1
1,0,0,0,1
1,0,0,0,1
1,0,0,0,1
1,0,0,0,1
1,0,0,0,1
1,0,0,0,1
1,0,0,0,1
1,0,0,0,1
1,0,0,0,1
2,0,0,0,2
1,0,0,0,1
1,0,0,0,1
1,0,0,0,1
1,0,0,0,1
1,0,0,0,1
1,0,0,0,1
1,0,0,0,1
1,0,0,0,1
1,0,0,0,1
1,0,0,0,1
1,0,0,0,1
1,0,0,0,1
1,0,0,0,1
1,0,0,0,1
1,0,0,0,1
1,0,0,0,1
1,0,0,0,1
1,0,0,0,1
3,0,0,0,3
1,1,0,0,2
1,0,0,0,1
1,0,0,0,1
1,0,0,0,1
1,0,0,0,1
1,0,0,0,1
1,0,0,0,1
1,0,0,0,1
1,0,0,0,1
1,0,0,0,1
1,0,0,0,1
1,0,0,0,1
1,0,0,0,1
1,0,0,0,1
1,0,0,0,1
1,0,0,0,1
1,0,0,0,1
1,0,0,0,1
1,0,0,0,1
2,0,0,0,2
1,0,0,0,1
1,0,0,0,1
1,4,0,0,5
1,0,0,0,1
1,0,0,0,1
1,0,0,0,1
1,0,0,0,1
1,0,0,0,1
1,0,0,0,1
1,0,0,0,1
1,0,0,0,1
1,0,0,0,1
1,0,0,0,1
1,3,0,0,4
2,0,0,0,2
1,0,0,0,1
1,0,0,0,1
1,0,0,0,1
1,0,0,0,1
1,0,0,0,1
1,0,0,0,1
1,0,0,0,1
1,0,0,0,1
1,0,0,0,1
1,0,0,0,1
1,0,0,0,1
1,0,0,0,1
1,0,0,0,1
1,0,0,0,1
1,0,0,0,1
1,0,0,0,1
1,0,0,0,1
1,0,0,0,1
1,0,0,0,1
1,0,0,0,1
1,0,0,0,1
1,0,0,0,1
1,0,0,0,1
1,0,0,0,1
1,0,0,0,1
1,0,0,0,1
1,0,0,0,1
1,0,0,0,1
1,0,0,0,1
1,0,0,0,1
1,0,0,0,1
1,0,0,0,1
1,0,0,0,1
1,0,0,0,1
1,0,0,0,1
1,0,0,0,1
1,0,0,0,1
1,0,0,0,1
1,0,0,0,1
1,0,0,0,1
1,0,0,0,1
1,0,0,0,1
1,0,0,0,1
1,0,0,0,1
1,0,0,0,1
1,0,0,0,1
1,0,0,0,1
1,0,0,0,1
1,0,0,0,1
1,0,0,0,1
1,0,0,0,1
1,0,0,0,1
1,0,0,0,1
1,0,0,0,1
1,0,0,0,1
1,0,0,0,1
1,0,0,0,1
2,0,0,0,2
1,0,0,0,1
1,0,0,0,1
1,0,0,0,1
1,0,0,0,1
1,0,0,0,1
1,0,0,0,1
1,0,0,0,1
1,0,0,0,1
1,0,0,0,1
1,0,0,0,1
1,0,0,0,1
1,0,0,0,1
1,0,0,0,1
1,0,0,0,1
1,0,0,0,1
1,0,0,0,1
1,0,0,0,1
1,0,0,0,1
1,0,0,0,1
1,0,0,0,1
1,0,0,0,1
1,3,0,0,4
1,0,0,0,1
1,0,0,0,1
1,0,0,0,1
1,0,0,0,1
1,0,0,0,1
1,0,0,0,1
1,0,0,0,1
1,0,0,0,1
1,0,0,0,1
1,0,0,0,1
1,0,0,0,1
1,0,0,0,1
1,0,0,0,1
1,0,0,0,1
1,0,0,0,1
1,0,0,0,1
1,0,0,0,1
1,0,0,0,1
1,0,0,0,1
1,0,0,0,1
1,0,0,0,1
1,0,0,0,1
1,0,0,0,1
1,0,0,0,1
1,0,0,0,1
1,0,0,0,1
1,0,0,0,1
1,0,0,0,1
1,0,0,0,1
1,0,0,0,1
1,0,0,0,1
1,0,0,0,1
1,0,0,0,1
1,0,0,0,1
1,0,0,0,1
1,0,0,0,1
1,0,0,0,1
1,0,0,0,1
1,1,1,0,3
1,0,0,0,1
1,0,0,0,1
1,0,0,0,1
1,0,0,0,1
1,0,0,0,1
1,0,0,0,1
1,0,0,0,1
1,0,0,0,1
1,0,0,0,1
1,0,0,0,1
1,0,0,0,1
1,0,0,0,1
1,0,0,0,1
1,0,0,0,1
1,0,0,0,1
1,0,0,0,1
1,0,0,0,1
1,0,0,0,1
1,0,0,0,1
1,0,0,0,1
1,0,0,0,1
1,0,0,0,1
1,0,0,0,1
1,0,0,0,1
1,0,0,0,1
1,0,0,0,1
1,0,0,0,1
1,0,0,0,1
1,0,0,0,1
1,0,0,0,1
1,0,0,0,1
1,0,0,0,1
1,0,0,0,1
1,0,0,0,1
1,0,0,0,1
1,0,0,0,1
1,0,0,0,1
1,0,0,0,1
1,0,0,0,1
1,0,0,0,1
1,0,0,0,1
1,0,0,0,1
1,0,0,0,1
2,0,0,0,2
1,0,0,0,1
1,0,0,0,1
1,0,0,0,1
1,0,0,0,1
1,0,0,0,1
1,0,0,0,1
1,0,0,0,1
1,0,0,0,1
1,0,0,0,1
1,2,0,0,3
2,2,0,0,4
1,0,0,0,1
1,0,0,0,1
1,0,0,0,1
1,0,0,0,1
1,0,0,0,1
1,0,0,0,1
1,0,0,0,1
1,0,0,0,1
1,0,0,0,1
1,0,0,0,1
1,0,0,0,1
1,0,0,0,1
1,0,0,0,1
1,0,0,0,1
1,0,0,0,1
1,0,0,0,1
1,0,0,0,1
1,0,0,0,1
1,0,0,0,1
1,0,0,0,1
1,0,0,0,1
1,0,0,0,1
1,0,0,0,1
1,0,0,0,1
1,0,0,0,1
1,0,0,0,1
1,0,0,0,1
1,0,0,0,1
1,0,0,0,1
1,0,0,0,1
1,0,0,0,1
1,0,0,0,1
1,0,0,0,1
1,0,0,0,1
1,0,0,0,1
1,0,0,0,1
1,0,0,0,1
1,0,0,0,1
1,0,0,0,1
1,0,0,0,1
1,0,0,0,1
1,0,0,0,1
1,0,0,0,1
1,0,0,0,1
1,0,0,0,1
1,0,0,0,1
1,0,0,0,1
1,0,0,0,1
1,0,0,0,1
1,0,0,0,1
1,0,0,0,1
1,0,0,0,1
1,0,0,0,1
1,0,0,0,1
1,0,0,0,1
1,0,0,0,1
1,0,0,0,1
1,0,0,0,1
1,0,0,0,1
1,0,0,0,1
2,0,0,0,2
1,0,0,0,1
1,0,0,0,1
1,0,0,0,1
1,0,0,0,1
1,0,0,0,1
1,0,0,0,1
1,0,0,0,1
1,0,0,0,1
1,0,0,0,1
1,2,2,0,5
1,0,0,0,1
1,0,0,0,1
1,0,0,0,1
1,0,0,0,1
1,0,0,0,1
1,0,0,0,1
1,0,0,0,1
1,0,0,0,1
1,0,0,0,1
1,0,0,0,1
1,0,0,0,1
1,0,0,0,1
1,0,0,0,1
1,0,0,0,1
1,0,0,0,1
1,0,0,0,1
1,0,0,0,1
1,0,0,0,1
1,0,0,0,1
1,0,0,0,1
1,0,0,0,1
1,0,0,0,1
1,0,0,0,1
1,0,0,0,1
1,0,0,0,1
1,0,0,0,1
1,0,0,0,1
1,0,0,0,1
1,0,0,0,1
1,0,0,0,1
1,0,0,0,1
1,0,0,0,1
1,0,0,0,1
1,0,0,0,1
1,0,0,0,1
1,0,0,0,1
1,0,0,0,1
1,0,0,0,1
1,0,0,0,1
1,0,0,0,1
1,0,0,0,1
1,0,0,0,1
1,0,0,0,1
1,0,0,0,1
2,0,0,0,2
1,0,0,0,1
1,0,0,0,1
1,0,0,0,1
1,0,0,0,1
1,0,0,0,1
1,0,0,0,1
1,0,0,0,1
1,0,0,0,1
1,0,0,0,1
1,0,0,0,1
1,0,0,0,1
1,0,0,0,1
1,0,0,0,1
1,0,0,0,1
1,0,0,0,1
1,0,0,0,1
1,0,0,0,1
1,0,0,0,1
1,0,0,0,1
1,0,0,0,1
1,0,0,0,1
1,0,0,0,1
1,0,0,0,1
1,0,0,0,1
1,0,0,0,1
1,0,0,0,1
1,0,0,0,1
1,0,0,0,1
1,0,0,0,1
1,0,0,0,1
1,0,0,0,1
2,0,0,0,2
1,0,0,0,1
1,0,0,0,1
1,0,0,0,1
1,0,0,0,1
1,0,0,0,1
1,0,0,0,1
1,0,0,0,1
1,0,0,0,1
1,0,0,0,1
1,0,0,0,1
1,0,0,0,1
1,0,0,0,1
1,0,0,0,1
1,0,0,0,1
1,0,0,0,1
1,0,0,0,1
1,0,0,0,1
1,0,0,0,1
1,0,0,0,1
1,0,0,0,1
1,0,0,0,1
1,0,0,0,1
1,0,0,0,1
1,0,0,0,1
1,0,0,0,1
1,0,0,0,1
1,0,0,0,1
1,0,0,0,1
1,0,0,0,1
1,0,0,0,1
1,0,0,0,1
1,0,0,0,1
1,0,0,0,1
1,0,0,0,1
1,0,0,0,1
1,0,0,0,1
1,0,0,0,1
1,0,0,0,1
1,0,0,0,1
1,0,0,0,1
1,0,0,0,1
1,0,0,0,1
1,0,0,0,1
1,0,0,0,1
1,0,0,0,1
1,0,0,0,1
1,0,0,0,1
1,0,0,0,1
1,0,0,0,1
1,0,0,0,1
1,0,0,0,1
1,0,0,0,1
1,0,0,0,1
1,0,0,0,1
1,0,0,0,1
1,0,0,0,1
1,0,0,0,1
1,0,0,0,1
1,0,0,0,1
1,0,0,0,1
1,0,0,0,1
1,0,0,0,1
1,0,0,0,1
1,0,0,0,1
1,0,0,0,1
1,0,0,0,1
1,0,0,0,1
1,0,0,0,1
1,0,0,0,1
2,4,3,0,9
1,0,0,0,1
1,0,0,0,1
1,3,0,0,4
1,0,0,0,1
1,0,0,0,1
1,0,0,0,1
2,0,0,0,2
1,22,1,0,24
1,0,0,0,1
1,0,0,0,1
1,0,0,0,1
1,0,0,0,1
1,0,0,0,1
1,0,0,0,1
1,0,0,0,1
1,0,0,0,1
1,0,0,0,1
1,0,0,0,1
1,0,0,0,1
1,0,0,0,1
1,0,0,0,1
1,5,0,0,6
1,0,0,0,1
1,0,0,0,1
1,0,0,0,1
1,0,0,0,1
1,0,0,0,1
1,0,0,0,1
1,0,0,0,1
1,0,0,0,1
1,0,0,0,1
1,0,0,0,1
1,0,0,0,1
1,0,0,0,1
1,0,0,0,1
2,2,0,0,4
1,0,0,0,1
1,0,0,0,1
1,0,0,0,1
1,0,0,0,1
1,0,0,0,1
1,0,0,0,1
1,0,0,0,1
1,0,0,0,1
1,0,0,0,1
1,0,0,0,1
1,0,0,0,1
1,0,0,0,1
1,1,1,0,3
1,0,0,0,1
1,0,0,0,1
1,0,0,0,1
1,0,0,0,1
1,0,0,0,1
1,0,0,0,1
1,1,0,0,2
1,0,0,0,1
1,0,0,0,1
1,0,0,0,1
1,0,0,0,1
1,0,0,0,1
1,0,0,0,1
1,0,0,0,1
1,0,0,0,1
1,0,0,0,1
1,0,0,0,1
1,1,0,0,2
1,0,0,0,1
1,0,0,0,1
1,0,0,0,1
1,0,0,0,1
1,0,0,0,1
1,0,0,0,1
1,0,0,0,1
1,0,0,0,1
1,0,0,0,1
1,0,0,0,1
1,0,0,0,1
1,0,0,0,1
1,0,0,0,1
1,0,0,0,1
1,0,0,0,1
1,0,0,0,1
1,0,0,0,1
1,3,0,0,4
1,0,0,0,1
1,0,0,0,1
1,0,0,0,1
1,0,0,0,1
1,0,0,0,1
1,0,0,0,1
1,0,0,0,1
1,0,0,0,1
1,0,0,0,1
1,0,0,0,1
1,0,0,0,1
1,0,0,0,1
1,0,0,0,1
1,0,0,0,1
1,0,0,0,1
1,0,0,0,1
1,0,0,0,1
1,0,0,0,1
2,0,0,0,2
1,0,0,0,1
2,0,0,0,2
1,0,0,0,1
1,0,0,0,1
1,0,0,0,1
1,0,0,0,1
1,0,0,0,1
1,0,0,0,1
1,0,0,0,1
1,0,0,0,1
1,0,0,0,1
1,0,0,0,1
1,0,0,0,1
1,0,0,0,1
1,0,0,0,1
2,0,0,0,2
1,0,0,0,1
1,0,0,0,1
1,0,0,0,1
1,0,0,0,1
1,0,0,0,1
1,0,0,0,1
1,0,0,0,1
2,0,0,0,2
1,0,0,0,1
1,0,0,0,1
1,0,0,0,1
1,0,0,0,1
1,0,0,0,1
1,0,0,0,1
1,0,0,0,1
1,0,0,0,1
1,0,0,0,1
1,0,0,0,1
1,0,0,0,1
1,0,0,0,1
1,0,0,0,1
1,0,0,0,1
1,0,0,0,1
1,0,0,0,1
1,0,0,0,1
1,0,0,0,1
2,0,0,0,2
1,0,0,0,1
1,0,0,0,1
1,0,0,0,1
1,0,0,0,1
1,0,0,0,1
1,0,0,0,1
1,0,0,0,1
1,0,0,0,1
1,0,0,0,1
2,6,0,0,8
1,0,0,0,1
1,0,0,0,1
1,0,0,0,1
1,0,0,0,1
1,0,0,0,1
1,0,0,0,1
1,0,0,0,1
1,0,0,0,1
1,0,0,0,1
1,0,0,0,1
1,0,0,0,1
1,0,0,0,1
1,2,0,0,3
1,0,0,0,1
1,0,0,0,1
1,0,0,0,1
1,0,0,0,1
1,0,0,0,1
1,0,0,0,1
1,0,0,0,1
1,0,0,0,1
1,0,0,0,1
1,0,0,0,1
1,0,0,0,1
1,0,0,0,1
1,0,0,0,1
1,0,0,0,1
1,0,0,0,1
1,0,0,0,1
1,0,0,0,1
1,0,0,0,1
1,0,0,0,1
1,0,0,0,1
1,0,0,0,1
1,0,0,0,1
1,0,0,0,1
1,0,0,0,1
1,0,0,0,1
1,0,0,0,1
1,0,0,0,1
1,0,0,0,1
1,0,0,0,1
1,0,0,0,1
1,0,0,0,1
1,0,0,0,1
1,0,0,0,1
1,0,0,0,1
1,0,0,0,1
1,0,0,0,1
2,0,0,0,2
1,0,0,0,1
1,0,0,0,1
1,0,0,0,1
1,0,0,0,1
1,0,0,0,1
1,2,0,0,3
1,0,0,0,1
1,0,0,0,1
1,0,0,0,1
1,0,0,0,1
1,0,0,0,1
1,0,0,0,1
1,0,0,0,1
1,0,0,0,1
1,0,0,0,1
1,0,0,0,1
1,0,0,0,1
1,0,0,0,1
1,0,0,0,1
1,0,0,0,1
1,1,0,0,2
1,0,0,0,1
1,0,0,0,1
1,0,0,0,1
1,0,0,0,1
1,0,0,0,1
1,0,0,0,1
1,0,0,0,1
1,0,0,0,1
1,0,0,0,1
1,0,0,0,1
1,0,0,0,1
1,0,0,0,1
1,0,0,0,1
1,1,0,0,2
1,2,0,0,3
1,0,0,0,1
1,0,0,0,1
1,0,0,0,1
1,0,0,0,1
1,0,0,0,1
1,0,0,0,1
1,1,0,0,2
1,0,0,0,1
1,0,0,0,1
1,0,0,0,1
1,0,0,0,1
1,0,0,0,1
1,0,0,0,1
1,0,0,0,1
1,0,0,0,1
1,0,0,0,1
1,0,0,0,1
1,0,0,0,1
1,0,0,0,1
1,0,0,0,1
1,0,0,0,1
1,0,0,0,1
1,0,0,0,1
1,0,0,0,1
1,0,0,0,1
1,0,0,0,1
1,0,0,0,1
1,10,0,0,11
1,0,0,0,1
1,0,0,0,1
1,0,0,0,1
1,0,0,0,1
1,0,0,0,1
1,1,0,0,2
1,0,0,0,1
1,0,0,0,1
1,0,0,0,1
1,0,0,0,1
1,0,0,0,1
1,0,0,0,1
1,0,0,0,1
1,0,0,0,1
1,0,0,0,1
1,0,0,0,1
1,0,0,0,1
1,0,0,0,1
1,0,0,0,1
3,0,0,0,3
1,0,0,0,1
1,0,0,0,1
1,0,0,0,1
1,0,0,0,1
1,0,0,0,1
1,0,0,0,1
1,0,0,0,1
1,0,0,0,1
1,0,0,0,1
1,0,0,0,1
1,0,0,0,1
1,0,0,0,1
1,0,0,0,1
1,0,0,0,1
1,0,0,0,1
1,3,0,0,4
1,0,0,0,1
1,0,0,0,1
1,0,0,0,1
1,0,0,0,1
1,0,0,0,1
1,0,0,0,1
1,0,0,0,1
1,0,0,0,1
1,0,0,0,1
1,0,0,0,1
1,0,0,0,1
1,0,0,0,1
1,0,0,0,1
1,0,0,0,1
1,0,0,0,1
1,0,0,0,1
1,0,0,0,1
1,0,0,0,1
1,0,0,0,1
1,0,0,0,1
1,0,0,0,1
1,0,0,0,1
1,0,0,0,1
1,0,0,0,1
1,0,0,0,1
1,0,0,0,1
1,0,0,0,1
1,0,0,0,1
1,0,0,0,1
1,0,0,0,1
1,0,0,0,1
1,0,0,0,1
1,0,0,0,1
1,0,0,0,1
1,0,0,0,1
1,0,0,0,1
1,0,0,0,1
1,0,0,0,1
1,0,0,0,1
1,0,0,0,1
1,0,0,0,1
1,0,0,0,1
1,0,0,0,1
1,0,0,0,1
1,0,0,0,1
1,0,0,0,1
1,0,0,0,1
1,0,0,0,1
1,0,0,0,1
1,0,0,0,1
1,0,0,0,1
1,0,0,0,1
1,0,0,0,1
1,0,0,0,1
1,0,0,0,1
1,0,0,0,1
1,0,0,0,1
1,0,0,0,1
1,0,0,0,1
1,0,0,0,1
1,0,0,0,1
1,0,0,0,1
2,0,0,0,2
1,0,0,0,1
1,0,0,0,1
2,0,0,0,2
1,0,0,0,1
1,0,0,0,1
1,0,0,0,1
1,0,0,0,1
1,0,0,0,1
1,0,0,0,1
1,12,0,0,13
1,0,0,0,1
1,0,0,0,1
1,0,0,0,1
1,2,0,0,3
1,0,0,0,1
1,0,0,0,1
1,0,0,0,1
1,0,0,0,1
1,0,0,0,1
1,0,0,0,1
1,0,0,0,1
1,0,0,0,1
1,0,0,0,1
1,0,0,0,1
1,0,0,0,1
1,1,2,0,4
1,0,0,0,1
1,0,0,0,1
1,0,0,0,1
1,0,0,0,1
1,0,0,0,1
1,0,0,0,1
1,0,0,0,1
1,0,0,0,1
1,4,0,0,5
1,0,0,0,1
1,0,0,0,1
1,0,0,0,1
1,0,0,0,1
1,0,0,0,1
1,0,0,0,1
1,0,0,0,1
1,0,0,0,1
1,0,0,0,1
2,2,0,0,4
1,0,0,0,1
1,0,0,0,1
1,0,0,0,1
1,0,0,0,1
1,0,0,0,1
1,0,0,0,1
1,0,0,0,1
1,0,0,0,1
1,0,0,0,1
1,0,0,0,1
1,0,0,0,1
1,0,0,0,1
1,0,0,0,1
1,1,0,0,2
1,0,0,0,1
1,0,0,0,1
1,0,0,0,1
1,0,0,0,1
1,0,0,0,1
1,0,0,0,1
1,0,0,0,1
1,0,0,0,1
1,0,0,0,1
1,0,0,0,1
1,0,0,0,1
1,0,0,0,1
1,0,0,0,1
1,0,0,0,1
1,0,0,0,1
1,0,0,0,1
1,0,0,0,1
1,0,0,0,1
1,21,0,0,22
2,0,0,0,2
1,0,0,0,1
1,0,0,0,1
1,0,0,0,1
1,0,0,0,1
1,0,0,0,1
1,0,0,0,1
1,0,0,0,1
1,0,0,0,1
1,0,0,0,1
1,0,0,0,1
1,0,0,0,1
1,0,0,0,1
1,0,0,0,1
1,0,0,0,1
2,0,0,0,2
1,0,0,0,1
1,0,0,0,1
2,0,0,0,2
1,0,0,0,1
1,0,0,0,1
1,0,0,0,1
1,0,0,0,1
1,0,0,0,1
1,0,0,0,1
1,0,0,0,1
1,0,0,0,1
1,0,0,0,1
1,0,0,0,1
1,0,0,0,1
1,0,0,0,1
1,0,0,0,1
1,0,0,0,1
1,0,0,0,1
1,0,0,0,1
1,0,0,0,1
1,0,0,0,1
1,0,0,0,1
1,1,0,0,2
1,0,0,0,1
1,0,0,0,1
1,0,0,0,1
1,0,0,0,1
1,0,0,0,1
1,0,0,0,1
1,1,0,0,2
1,0,0,0,1
1,0,0,0,1
1,0,0,0,1
1,0,0,0,1
1,0,0,0,1
1,0,0,0,1
1,0,0,0,1
1,0,0,0,1
1,0,0,0,1
1,0,0,0,1
1,0,0,0,1
1,0,0,0,1
1,0,0,0,1
1,0,0,0,1
1,0,0,0,1
1,0,0,0,1
1,0,0,0,1
1,0,0,0,1
1,0,0,0,1
1,0,0,0,1
1,0,0,0,1
1,0,0,0,1
1,0,0,0,1
2,0,0,0,2
1,0,0,0,1
1,0,0,0,1
1,0,0,0,1
1,0,0,0,1
1,0,0,0,1
1,0,0,0,1
1,0,0,0,1
1,4,0,0,5
1,0,0,0,1
1,0,0,0,1
1,0,0,0,1
1,0,0,0,1
1,0,0,0,1
1,0,0,0,1
1,0,0,0,1
1,1,0,0,2
1,0,0,0,1
1,0,0,0,1
1,0,0,0,1
1,0,0,0,1
1,0,0,0,1
1,0,0,0,1
1,0,0,0,1
1,0,0,0,1
1,0,0,0,1
1,0,0,0,1
1,0,0,0,1
1,0,0,0,1
1,0,0,0,1
1,0,0,0,1
1,0,0,0,1
1,0,0,0,1
2,0,0,0,2
1,0,0,0,1
1,0,0,0,1
1,0,0,0,1
1,0,0,0,1
1,0,0,0,1
1,0,0,0,1
1,0,0,0,1
1,0,0,0,1
1,13,0,0,14
1,0,0,0,1
1,0,0,0,1
1,1,0,0,2
1,0,0,0,1
1,0,0,0,1
1,0,0,0,1
1,0,0,0,1
1,0,0,0,1
1,0,0,0,1
1,0,0,0,1
1,0,0,0,1
1,0,0,0,1
1,0,0,0,1
1,0,0,0,1
1,0,0,0,1
3,0,0,0,3
1,0,0,0,1
1,0,0,0,1
1,0,0,0,1
1,0,0,0,1
1,0,0,0,1
1,0,0,0,1
1,0,0,0,1
1,0,0,0,1
1,0,0,0,1
1,0,0,0,1
1,0,0,0,1
1,0,0,0,1
1,0,0,0,1
1,0,0,0,1
1,0,0,0,1
1,0,0,0,1
1,0,0,0,1
1,0,1,0,2
1,0,0,0,1
1,0,0,0,1
1,0,0,0,1
1,0,0,0,1
1,0,0,0,1
1,0,0,0,1
1,0,0,0,1
1,0,0,0,1
1,0,0,0,1
1,0,0,0,1
1,0,0,0,1
1,0,0,0,1
1,0,0,0,1
1,0,0,0,1
1,0,0,0,1
1,0,0,0,1
1,0,0,0,1
1,0,0,0,1
1,0,0,0,1
1,0,0,0,1
1,0,0,0,1
1,0,0,0,1
2,0,0,0,2
1,0,0,0,1
1,0,0,0,1
1,0,0,0,1
1,0,0,0,1
1,0,0,0,1
1,0,0,0,1
1,1,0,0,2
1,1,1,0,3
1,0,0,0,1
1,0,1,0,2
1,0,0,0,1
1,0,0,0,1
1,0,0,0,1
1,0,0,0,1
1,0,0,0,1
1,0,0,0,1
1,0,0,0,1
1,0,0,0,1
1,0,0,0,1
1,0,0,0,1
1,0,0,0,1
1,0,0,0,1
1,0,0,0,1
1,0,0,0,1
1,0,0,0,1
1,0,0,0,1
1,0,0,0,1
1,0,0,0,1
1,0,0,0,1
1,0,0,0,1
1,0,0,0,1
1,0,0,0,1
1,0,0,0,1
1,0,0,0,1
1,0,0,0,1
1,0,0,0,1
1,0,0,0,1
1,0,0,0,1
1,0,0,0,1
1,0,0,0,1
1,0,0,0,1
1,0,0,0,1
1,0,0,0,1
1,0,0,0,1
1,0,0,0,1
1,0,0,0,1
1,0,0,0,1
1,0,0,0,1
1,0,0,0,1
1,0,0,0,1
1,0,0,0,1
1,0,0,0,1
1,0,0,0,1
1,0,0,0,1
1,0,0,0,1
1,0,0,0,1
1,0,0,0,1
1,0,0,0,1
1,0,0,0,1
1,0,0,0,1
1,0,0,0,1
1,0,0,0,1
1,0,0,0,1
1,0,0,0,1
1,0,0,0,1
1,46,0,0,47
1,0,0,0,1
1,0,0,0,1
1,0,0,0,1
1,0,0,0,1
1,0,0,0,1
1,0,0,0,1
2,4,0,0,6
1,0,0,0,1
1,0,0,0,1
1,0,0,0,1
1,0,0,0,1
1,0,0,0,1
1,0,0,0,1
1,2,0,0,3
1,0,0,0,1
1,0,0,0,1
1,0,0,0,1
1,0,0,0,1
1,0,0,0,1
1,1,0,0,2
1,0,0,0,1
1,0,0,0,1
1,0,0,0,1
1,0,0,0,1
1,0,0,0,1
1,0,0,0,1
1,0,0,0,1
1,0,0,0,1
1,0,0,0,1
1,0,0,0,1
1,0,0,0,1
1,0,0,0,1
1,0,0,0,1
1,0,0,0,1
1,0,0,0,1
1,0,0,0,1
1,0,0,0,1
1,0,0,0,1
1,0,0,0,1
1,0,0,0,1
1,0,0,0,1
1,0,0,0,1
1,0,0,0,1
1,0,0,0,1
1,0,0,0,1
1,0,0,0,1
1,0,0,0,1
1,0,0,0,1
1,0,0,0,1
1,0,0,0,1
1,0,0,0,1
1,0,0,0,1
1,0,0,0,1
1,0,0,0,1
1,0,0,0,1
2,0,0,0,2
1,0,0,0,1
1,0,0,0,1
1,0,0,0,1
1,0,0,0,1
2,0,0,0,2
1,0,0,0,1
1,0,0,0,1
1,0,0,0,1
1,0,0,0,1
1,0,0,0,1
1,0,0,0,1
1,0,0,0,1
1,0,0,0,1
1,0,0,0,1
1,0,0,0,1
1,0,0,0,1
1,0,0,0,1
1,0,0,0,1
1,0,0,0,1
2,0,0,0,2
1,0,0,0,1
1,0,0,0,1
1,0,0,0,1
1,0,0,0,1
1,0,0,0,1
1,0,0,0,1
1,0,0,0,1
1,0,0,0,1
1,0,0,0,1
1,0,0,0,1
1,0,0,0,1
1,0,0,0,1
1,0,0,0,1
1,0,0,0,1
1,0,0,0,1
1,0,0,0,1
1,0,0,0,1
1,0,0,0,1
1,0,0,0,1
1,0,0,0,1
1,0,0,0,1
1,0,0,0,1
1,0,0,0,1
1,0,0,0,1
1,0,0,0,1
1,0,0,0,1
1,0,0,0,1
1,0,0,0,1
1,13,0,0,14
1,0,0,0,1
1,0,0,0,1
1,0,0,0,1
1,0,0,0,1
1,0,0,0,1
1,0,0,0,1
1,0,0,0,1
1,0,0,0,1
1,0,0,0,1
1,0,0,0,1
1,0,0,0,1
1,1,0,0,2
1,0,0,0,1
1,0,0,0,1
1,0,0,0,1
1,0,0,0,1
1,0,0,0,1
1,0,0,0,1
1,0,0,0,1
1,0,0,0,1
1,0,0,0,1
1,0,0,0,1
1,0,0,0,1
1,0,0,0,1
1,0,0,0,1
1,0,0,0,1
1,0,0,0,1
1,0,0,0,1
1,0,0,0,1
1,0,0,0,1
1,0,0,0,1
1,0,0,0,1
1,0,0,0,1
1,0,0,0,1
1,0,0,0,1
1,0,0,0,1
1,0,0,0,1
1,0,0,0,1
1,0,0,0,1
1,0,0,0,1
1,0,0,0,1
1,0,0,0,1
1,0,0,0,1
1,0,0,0,1
1,0,0,0,1
1,0,0,0,1
1,0,0,0,1
1,0,0,0,1
1,0,0,0,1
1,0,0,0,1
1,0,0,0,1
1,0,0,0,1
1,0,0,0,1
1,0,0,0,1
1,0,0,0,1
1,0,0,0,1
1,0,0,0,1
1,0,0,0,1
1,0,0,0,1
1,0,0,0,1
1,0,0,0,1
1,0,0,0,1
1,0,0,0,1
1,0,0,0,1
1,0,0,0,1
1,0,0,0,1
1,0,0,0,1
1,0,0,0,1
1,0,0,0,1
1,0,0,0,1
1,0,0,0,1
1,0,0,0,1
1,0,0,0,1
1,0,0,0,1
2,0,0,0,2
1,0,0,0,1
1,0,0,0,1
1,0,0,0,1
2,0,0,0,2
1,0,0,0,1
1,0,0,0,1
1,0,0,0,1
1,0,0,0,1
1,0,0,0,1
1,0,0,0,1
1,0,0,0,1
1,0,0,0,1
1,0,0,0,1
1,0,0,0,1
1,0,0,0,1
1,0,0,0,1
1,0,0,0,1
1,0,0,0,1
1,0,0,0,1
1,0,0,0,1
1,0,0,0,1
1,0,0,0,1
1,0,0,0,1
1,0,0,0,1
1,0,0,0,1
1,0,0,0,1
1,0,0,0,1
1,0,0,0,1
1,0,0,0,1
1,0,0,0,1
1,0,0,0,1
1,0,0,0,1
1,0,0,0,1
1,0,0,0,1
1,0,0,0,1
1,0,0,0,1
1,0,0,0,1
1,0,0,0,1
1,0,0,0,1
1,2,0,0,3
1,0,0,0,1
1,0,0,0,1
1,0,0,0,1
1,0,0,0,1
1,0,0,0,1
1,0,0,0,1
1,0,0,0,1
1,0,0,0,1
1,0,0,0,1
2,3,0,0,5
1,0,0,0,1
1,0,0,0,1
1,0,0,0,1
1,0,0,0,1
1,0,0,0,1
1,0,0,0,1
1,0,0,0,1
1,0,0,0,1
1,0,0,0,1
1,0,0,0,1
1,0,0,0,1
1,0,0,0,1
1,0,0,0,1
1,0,0,0,1
1,0,0,0,1
1,0,0,0,1
1,0,0,0,1
1,0,0,0,1
1,0,0,0,1
1,0,0,0,1
1,0,0,0,1
1,0,0,0,1
1,0,0,0,1
1,248,0,0,249
1,0,0,0,1
1,0,0,0,1
1,0,0,0,1
1,0,0,0,1
1,0,0,0,1
1,0,0,0,1
1,0,0,0,1
1,0,0,0,1
1,0,0,0,1
1,0,0,0,1
1,0,0,0,1
1,0,0,0,1
1,0,0,0,1
1,0,0,0,1
1,0,0,0,1
1,0,0,0,1
1,0,0,0,1
1,0,0,0,1
1,0,0,0,1
1,0,0,0,1
1,0,0,0,1
1,2,0,0,3
1,0,0,0,1
1,0,0,0,1
1,0,0,0,1
1,0,0,0,1
1,0,0,0,1
1,0,0,0,1
1,0,1,0,2
1,0,0,0,1
1,0,0,0,1
1,0,0,0,1
1,0,0,0,1
1,0,0,0,1
1,0,0,0,1
1,0,0,0,1
1,0,0,0,1
1,0,0,0,1
1,0,0,0,1
1,4,1,0,6
1,0,0,0,1
1,0,0,0,1
1,0,0,0,1
1,0,0,0,1
1,0,0,0,1
1,0,0,0,1
1,0,0,0,1
1,0,0,0,1
1,0,0,0,1
1,0,0,0,1
1,0,0,0,1
1,0,0,0,1
1,0,0,0,1
1,0,0,0,1
1,0,0,0,1
1,0,0,0,1
1,9,0,0,10
1,0,0,0,1
1,0,0,0,1
1,0,0,0,1
1,0,0,0,1
1,0,0,0,1
1,0,0,0,1
1,0,0,0,1
1,0,0,0,1
1,0,0,0,1
1,0,0,0,1
1,0,0,0,1
1,0,0,0,1
1,0,0,0,1
1,0,0,0,1
1,0,0,0,1
1,0,0,0,1
1,0,0,0,1
1,0,0,0,1
1,0,0,0,1
1,0,0,0,1
1,0,0,0,1
1,0,0,0,1
1,0,0,0,1
1,0,0,0,1
1,0,0,0,1
1,0,0,0,1
1,111,0,0,112
1,0,0,0,1
1,0,0,0,1
1,0,0,0,1
1,0,0,0,1
1,1,4,0,6
1,0,0,0,1
1,0,0,0,1
1,0,0,0,1
1,0,0,0,1
1,0,0,0,1
1,0,0,0,1
1,0,0,0,1
1,0,0,0,1
1,0,0,0,1
1,0,0,0,1
1,0,0,0,1
1,0,0,0,1
1,0,0,0,1
1,0,0,0,1
1,0,0,0,1
1,0,0,0,1
1,0,0,0,1
1,0,0,0,1
1,0,0,0,1
1,0,0,0,1
1,0,0,0,1
1,0,0,0,1
1,0,0,0,1
1,0,0,0,1
1,0,0,0,1
1,0,0,0,1
1,0,0,0,1
1,0,0,0,1
1,0,0,0,1
1,0,0,0,1
1,0,0,0,1
1,0,0,0,1
1,2,1,0,4
1,0,0,0,1
1,0,0,0,1
1,0,0,0,1
1,0,0,0,1
2,1,0,0,3
1,0,0,0,1
1,0,0,0,1
1,0,0,0,1
1,0,0,0,1
1,0,0,0,1
1,0,0,0,1
1,0,0,0,1
1,0,0,0,1
1,4,0,0,5
1,0,0,0,1
1,2,0,0,3
1,0,0,0,1
1,0,0,0,1
1,1,1,0,3
1,0,0,0,1
1,0,0,0,1
1,0,0,0,1
1,0,0,0,1
1,0,0,0,1
1,0,0,0,1
1,0,0,0,1
1,0,0,0,1
1,0,0,0,1
1,0,0,0,1
1,0,0,0,1
1,0,0,0,1
1,0,0,0,1
1,0,0,0,1
1,0,0,0,1
1,0,0,0,1
1,0,0,0,1
1,0,0,0,1
1,0,0,0,1
1,0,0,0,1
1,25,0,0,26
1,0,0,0,1
2,0,0,0,2
1,0,0,0,1
1,0,0,0,1
1,0,0,0,1
1,0,0,0,1
1,3,0,0,4
1,0,0,0,1
1,0,0,0,1
1,0,0,0,1
1,0,0,0,1
1,0,0,0,1
1,0,0,0,1
1,0,0,0,1
1,0,0,0,1
1,0,0,0,1
1,0,0,0,1
1,0,0,0,1
1,0,0,0,1
1,0,0,0,1
1,0,0,0,1
1,0,0,0,1
1,0,0,0,1
1,0,0,0,1
1,0,0,0,1
1,0,0,0,1
1,0,0,0,1
1,0,0,0,1
1,0,0,0,1
1,0,0,0,1
1,0,0,0,1
1,0,0,0,1
1,0,0,0,1
1,0,0,0,1
1,0,0,0,1
1,0,0,0,1
3,0,0,0,3
1,0,0,0,1
1,0,0,0,1
1,0,0,0,1
1,0,0,0,1
1,0,0,0,1
1,0,0,0,1
1,0,0,0,1
1,0,0,0,1
1,0,0,0,1
1,0,0,0,1
1,0,0,0,1
1,0,0,0,1
1,0,0,0,1
1,1,0,0,2
1,0,0,0,1
1,0,0,0,1
1,0,0,0,1
1,0,0,0,1
2,0,0,0,2
1,0,0,0,1
1,0,0,0,1
1,0,0,0,1
1,0,0,0,1
1,0,0,0,1
1,0,0,0,1
1,0,0,0,1
1,0,0,0,1
1,0,0,0,1
1,0,0,0,1
1,0,0,0,1
1,0,0,0,1
1,0,0,0,1
1,0,0,0,1
1,0,0,0,1
1,0,0,0,1
1,0,0,0,1
2,0,0,0,2
1,0,0,0,1
1,0,0,0,1
1,0,0,0,1
1,0,0,0,1
1,0,0,0,1
1,0,0,0,1
1,0,0,0,1
1,0,0,0,1
1,0,0,0,1
1,0,0,0,1
1,0,0,0,1
1,0,0,0,1
1,0,0,0,1
1,0,0,0,1
1,0,0,0,1
1,0,0,0,1
1,0,0,0,1
1,0,0,0,1
1,0,0,0,1
1,0,0,0,1
1,0,0,0,1
1,0,0,0,1
1,0,0,0,1
1,0,0,0,1
1,0,0,0,1
1,0,0,0,1
1,0,0,0,1
1,0,0,0,1
1,0,0,0,1
1,0,0,0,1
1,0,0,0,1
1,0,0,0,1
1,0,0,0,1
1,0,0,0,1
1,0,0,0,1
1,0,0,0,1
1,0,0,0,1
1,0,0,0,1
1,0,0,0,1
1,0,0,0,1
1,0,0,0,1
1,0,0,0,1
1,0,0,0,1
1,0,0,0,1
1,0,0,0,1
1,0,0,0,1
1,0,0,0,1
1,0,0,0,1
1,0,0,0,1
1,0,0,0,1
1,0,0,0,1
1,0,0,0,1
1,0,0,0,1
1,0,0,0,1
1,0,0,0,1
1,0,0,0,1
2,0,0,0,2
1,0,0,0,1
1,0,0,0,1
1,0,0,0,1
1,0,0,0,1
1,0,0,0,1
1,0,0,0,1
1,0,0,0,1
1,0,0,0,1
2,0,0,0,2
1,0,0,0,1
1,0,0,0,1
1,0,0,0,1
1,0,0,0,1
1,0,0,0,1
1,0,0,0,1
1,0,0,0,1
1,0,0,0,1
1,0,0,0,1
1,0,0,0,1
1,15,0,0,16
1,0,0,0,1
1,0,0,0,1
1,0,0,0,1
1,0,0,0,1
1,0,0,0,1
1,0,0,0,1
1,0,0,0,1
1,0,0,0,1
1,0,0,0,1
1,0,0,0,1
1,0,0,0,1
2,0,0,0,2
1,0,0,0,1
1,0,0,0,1
1,0,0,0,1
1,0,0,0,1
1,0,0,0,1
1,0,0,0,1
1,0,0,0,1
1,0,0,0,1
1,0,0,0,1
1,0,0,0,1
1,0,0,0,1
1,0,0,0,1
1,0,0,0,1
1,0,0,0,1
1,0,0,0,1
1,0,0,0,1
1,0,0,0,1
1,0,0,0,1
1,0,0,0,1
1,0,0,0,1
1,0,0,0,1
1,0,0,0,1
1,0,0,0,1
1,0,0,0,1
1,0,0,0,1
1,0,0,0,1
1,0,0,0,1
1,0,0,0,1
1,0,0,0,1
1,0,0,0,1
1,0,0,0,1
1,0,0,0,1
1,0,0,0,1
1,0,0,0,1
1,0,0,0,1
1,0,0,0,1
1,0,0,0,1
1,0,0,0,1
1,0,0,0,1
1,0,0,0,1
1,0,0,0,1
1,0,0,0,1
1,0,0,0,1
1,0,0,0,1
1,0,0,0,1
1,0,0,0,1
1,0,0,0,1
1,0,0,0,1
1,0,0,0,1
1,0,0,0,1
1,0,0,0,1
1,0,0,0,1
1,4,0,0,5
1,0,0,0,1
1,0,0,0,1
1,0,0,0,1
1,0,0,0,1
1,0,0,0,1
1,0,0,0,1
1,0,0,0,1
1,0,0,0,1
1,0,0,0,1
1,0,0,0,1
1,0,0,0,1
1,0,0,0,1
1,0,0,0,1
1,0,0,0,1
1,5,0,0,6
1,0,0,0,1
1,0,0,0,1
1,0,0,0,1
1,0,0,0,1
1,0,0,0,1
2,1,0,0,3
1,4,1,0,6
1,0,0,0,1
1,0,0,0,1
1,0,0,0,1
1,0,0,0,1
1,0,0,0,1
1,0,0,0,1
1,0,0,0,1
1,0,0,0,1
1,0,0,0,1
1,0,0,0,1
1,0,0,0,1
1,0,0,0,1
1,0,0,0,1
1,0,0,0,1
1,0,0,0,1
1,0,0,0,1
1,0,0,0,1
1,0,0,0,1
1,0,0,0,1
1,0,0,0,1
1,0,0,0,1
1,0,0,0,1
1,0,0,0,1
1,0,0,0,1
1,0,0,0,1
1,0,0,0,1
1,0,0,0,1
1,0,0,0,1
1,0,0,0,1
1,0,0,0,1
1,0,0,0,1
1,0,0,0,1
1,0,0,0,1
1,0,0,0,1
1,0,0,0,1
1,0,0,0,1
1,0,0,0,1
1,0,0,0,1
1,0,0,0,1
1,0,0,0,1
1,0,0,0,1
1,0,0,0,1
1,0,0,0,1
1,0,0,0,1
1,0,0,0,1
1,0,0,0,1
1,0,0,0,1
1,0,0,0,1
1,0,0,0,1
1,0,0,0,1
1,0,0,0,1
1,0,0,0,1
1,0,0,0,1
1,0,0,0,1
1,0,0,0,1
1,0,0,0,1
1,0,0,0,1
1,0,0,0,1
1,0,0,0,1
1,0,0,0,1
1,0,0,0,1
1,0,0,0,1
1,0,0,0,1
1,0,0,0,1
1,0,0,0,1
1,0,0,0,1
1,0,0,0,1
1,0,0,0,1
1,0,0,0,1
1,0,0,0,1
1,0,0,0,1
1,0,0,0,1
1,0,0,0,1
1,0,0,0,1
1,0,0,0,1
1,0,0,0,1
1,0,0,0,1
1,0,0,0,1
1,0,0,0,1
1,0,0,0,1
2,0,0,0,2
1,0,0,0,1
1,0,0,0,1
1,0,0,0,1
2,0,0,0,2
1,0,0,0,1
1,0,0,0,1
1,0,0,0,1
1,0,0,0,1
1,0,0,0,1
1,0,0,0,1
1,0,0,0,1
1,0,0,0,1
1,0,0,0,1
1,0,0,0,1
1,0,0,0,1
1,0,0,0,1
1,0,0,0,1
1,0,0,0,1
1,0,0,0,1
1,0,0,0,1
1,0,0,0,1
2,0,0,0,2
1,0,0,0,1
1,0,0,0,1
1,0,0,0,1
1,0,0,0,1
1,0,0,0,1
1,0,0,0,1
1,0,0,0,1
1,0,0,0,1
1,0,0,0,1
1,0,0,0,1
1,0,0,0,1
1,0,0,0,1
1,0,0,0,1
1,0,0,0,1
1,0,0,0,1
1,0,0,0,1
1,0,0,0,1
1,0,0,0,1
1,0,1,0,2
1,0,0,0,1
1,0,0,0,1
1,0,0,0,1
1,0,0,0,1
1,0,0,0,1
1,0,0,0,1
1,0,0,0,1
1,0,0,0,1
1,0,0,0,1
1,0,0,0,1
1,0,0,0,1
1,0,0,0,1
1,0,0,0,1
1,0,0,0,1
1,0,0,0,1
1,0,0,0,1
1,0,0,0,1
1,0,0,0,1
1,0,0,0,1
1,0,0,0,1
1,0,0,0,1
1,0,0,0,1
1,0,0,0,1
1,0,0,0,1
1,0,0,0,1
1,0,0,0,1
1,0,0,0,1
1,0,0,0,1
1,0,0,0,1
1,0,0,0,1
1,0,0,0,1
1,0,0,0,1
1,0,0,0,1
1,0,0,0,1
1,0,0,0,1
1,0,0,0,1
1,0,0,0,1
1,0,0,0,1
1,0,0,0,1
1,0,0,0,1
1,0,0,0,1
1,0,0,0,1
1,0,0,0,1
1,0,0,0,1
2,0,0,0,2
1,0,0,0,1
1,0,0,0,1
1,0,0,0,1
1,0,0,0,1
1,0,0,0,1
1,0,0,0,1
1,0,0,0,1
1,0,0,0,1
1,0,0,0,1
1,0,0,0,1
1,0,0,0,1
1,1,0,0,2
1,0,0,0,1
1,0,0,0,1
1,0,0,0,1
1,0,0,0,1
1,0,0,0,1
1,0,0,0,1
1,0,0,0,1
1,0,0,0,1
1,0,0,0,1
1,0,0,0,1
1,0,0,0,1
1,0,0,0,1
1,0,0,0,1
1,0,0,0,1
1,0,0,0,1
1,0,0,0,1
1,0,0,0,1
1,1,0,0,2
1,0,0,0,1
1,0,0,0,1
1,0,0,0,1
1,0,0,0,1
1,0,0,0,1
1,0,0,0,1
1,0,0,0,1
1,0,0,0,1
1,0,0,0,1
1,0,0,0,1
1,0,0,0,1
1,0,0,0,1
1,0,0,0,1
1,0,0,0,1
1,0,0,0,1
1,0,0,0,1
1,0,0,0,1
1,0,0,0,1
1,0,0,0,1
1,0,0,0,1
1,0,0,0,1
1,0,0,0,1
1,0,0,0,1
1,0,0,0,1
1,0,0,0,1
1,0,0,0,1
1,0,0,0,1
1,0,0,0,1
1,0,0,0,1
1,0,0,0,1
1,0,0,0,1
2,0,0,0,2
1,0,0,0,1
1,0,0,0,1
1,0,0,0,1
1,2,0,0,3
1,0,0,0,1
1,0,0,0,1
1,0,0,0,1
1,0,0,0,1
1,0,0,0,1
1,0,0,0,1
1,0,0,0,1
1,0,0,0,1
1,0,0,0,1
1,0,0,0,1
1,0,0,0,1
1,3,3,0,7
1,0,0,0,1
1,0,0,0,1
1,0,0,0,1
1,0,0,0,1
1,0,0,0,1
1,0,0,0,1
1,0,0,0,1
1,0,0,0,1
1,0,0,0,1
1,0,0,0,1
1,0,0,0,1
1,0,0,0,1
1,0,0,0,1
1,0,0,0,1
1,0,0,0,1
1,0,0,0,1
1,0,0,0,1
1,0,0,0,1
1,0,0,0,1
1,0,0,0,1
1,0,0,0,1
1,0,0,0,1
1,0,0,0,1
1,0,0,0,1
1,0,0,0,1
1,0,0,0,1
1,0,0,0,1
1,0,0,0,1
1,0,0,0,1
1,0,0,0,1
1,0,0,0,1
1,0,0,0,1
1,0,0,0,1
1,0,0,0,1
1,0,0,0,1
1,0,0,0,1
1,0,0,0,1
1,0,0,0,1
1,0,0,0,1
1,0,0,0,1
1,0,0,0,1
1,0,0,0,1
2,0,0,0,2
1,0,0,0,1
1,0,0,0,1
1,0,0,0,1
1,0,0,0,1
1,0,0,0,1
1,0,0,0,1
1,0,0,0,1
1,0,0,0,1
1,0,0,0,1
1,0,0,0,1
1,0,0,0,1
1,0,0,0,1
1,0,0,0,1
1,0,0,0,1
1,0,0,0,1
1,0,0,0,1
1,0,0,0,1
1,0,0,0,1
1,0,0,0,1
2,0,0,0,2
1,0,0,0,1
1,0,0,0,1
1,0,0,0,1
2,0,0,0,2
1,0,0,0,1
1,0,0,0,1
1,0,0,0,1
1,0,0,0,1
1,0,0,0,1
1,0,0,0,1
1,0,0,0,1
1,0,0,0,1
1,0,0,0,1
1,0,0,0,1
1,0,0,0,1
1,0,0,0,1
1,0,0,0,1
1,0,0,0,1
1,0,0,0,1
1,0,0,0,1
1,0,0,0,1
1,0,0,0,1
1,0,0,0,1
1,0,0,0,1
1,0,0,0,1
1,0,0,0,1
1,0,0,0,1
1,0,0,0,1
1,0,0,0,1
1,0,0,0,1
1,10,1,0,12
1,0,0,0,1
1,0,0,0,1
1,0,0,0,1
1,0,0,0,1
1,0,0,0,1
1,0,0,0,1
1,0,0,0,1
1,0,0,0,1
1,0,0,0,1
1,0,0,0,1
1,0,0,0,1
1,0,0,0,1
1,0,0,0,1
1,0,0,0,1
1,0,0,0,1
1,0,0,0,1
1,0,0,0,1
1,0,0,0,1
1,0,0,0,1
1,0,0,0,1
1,0,0,0,1
1,0,0,0,1
1,0,0,0,1
1,0,0,0,1
1,0,0,0,1
1,0,0,0,1
1,0,0,0,1
1,0,0,0,1
1,0,0,0,1
1,0,0,0,1
1,0,0,0,1
1,0,0,0,1
1,0,4,0,5
1,0,0,0,1
1,0,0,0,1
1,0,0,0,1
1,0,0,0,1
1,0,0,0,1
1,0,0,0,1
1,0,0,0,1
1,0,0,0,1
1,0,0,0,1
1,1,0,0,2
1,0,0,0,1
1,0,0,0,1
1,0,0,0,1
1,0,0,0,1
1,0,0,0,1
1,0,0,0,1
1,0,0,0,1
1,2,0,0,3
2,0,0,0,2
1,0,0,0,1
1,0,0,0,1
1,0,0,0,1
1,0,0,0,1
2,0,0,0,2
1,0,0,0,1
2,0,0,0,2
1,0,0,0,1
1,0,0,0,1
2,1,0,0,3
1,0,0,0,1
1,0,0,0,1
1,0,0,0,1
1,0,0,0,1
1,0,0,0,1
1,0,0,0,1
1,0,0,0,1
1,1,0,0,2
1,0,0,0,1
1,0,0,0,1
1,0,0,0,1
1,0,0,0,1
1,0,0,0,1
1,0,0,0,1
1,0,0,0,1
1,0,0,0,1
1,0,0,0,1
1,1,0,0,2
1,0,0,0,1
1,0,0,0,1
1,0,0,0,1
1,0,0,0,1
1,0,0,0,1
1,0,0,0,1
1,0,0,0,1
1,0,0,0,1
1,0,0,0,1
1,0,0,0,1
1,0,0,0,1
1,0,0,0,1
1,2,0,0,3
1,0,0,0,1
1,0,0,0,1
1,0,0,0,1
1,0,0,0,1
1,0,0,0,1
2,0,0,0,2
1,0,0,0,1
3,0,0,0,3
1,0,0,0,1
1,0,0,0,1
1,0,0,0,1
1,0,0,0,1
1,0,0,0,1
1,0,0,0,1
1,0,0,0,1
1,0,0,0,1
1,0,0,0,1
1,0,0,0,1
1,0,0,0,1
1,0,0,0,1
1,0,0,0,1
1,3,0,0,4
1,0,0,0,1
1,0,0,0,1
1,0,0,0,1
1,0,0,0,1
1,0,0,0,1
1,0,0,0,1
1,0,0,0,1
1,0,0,0,1
1,0,0,0,1
1,0,0,0,1
1,0,0,0,1
1,0,0,0,1
1,0,0,0,1
1,0,0,0,1
1,0,0,0,1
1,0,0,0,1
1,0,0,0,1
1,0,0,0,1
1,0,0,0,1
1,0,0,0,1
1,0,0,0,1
1,1,0,0,2
1,0,0,0,1
1,0,0,0,1
1,0,0,0,1
1,0,0,0,1
1,0,0,0,1
1,0,0,0,1
3,0,0,0,3
1,0,0,0,1
1,0,0,0,1
1,0,0,0,1
1,0,0,0,1
1,0,0,0,1
1,2,0,0,3
1,32,0,0,33
1,0,0,0,1
1,0,0,0,1
1,5,0,0,6
1,0,0,0,1
1,0,0,0,1
1,0,0,0,1
1,0,0,0,1
1,0,0,0,1
1,0,0,0,1
1,0,0,0,1
1,0,0,0,1
1,0,0,0,1
1,0,0,0,1
1,0,0,0,1
1,0,0,0,1
1,0,0,0,1
1,0,0,0,1
1,0,0,0,1
1,0,0,0,1
2,0,0,0,2
1,0,0,0,1
1,0,0,0,1
1,0,0,0,1
1,0,0,0,1
1,0,0,0,1
1,0,0,0,1
1,0,0,0,1
1,0,0,0,1
1,0,0,0,1
1,0,0,0,1
1,0,0,0,1
1,0,0,0,1
2,0,0,0,2
1,0,0,0,1
3,0,0,0,3
1,0,0,0,1
1,0,0,0,1
1,0,0,0,1
1,0,0,0,1
1,0,0,0,1
1,0,0,0,1
1,7,0,0,8
1,0,0,0,1
1,0,0,0,1
1,0,0,0,1
1,0,0,0,1
1,0,0,0,1
1,6,0,0,7
1,0,0,0,1
1,0,0,0,1
1,0,0,0,1
1,0,0,0,1
1,0,0,0,1
1,0,0,0,1
1,0,0,0,1
1,0,0,0,1
1,0,0,0,1
1,0,0,0,1
1,0,0,0,1
1,0,0,0,1
1,0,0,0,1
1,0,0,0,1
1,0,0,0,1
1,0,0,0,1
1,0,0,0,1
1,0,0,0,1
1,0,0,0,1
1,0,0,0,1
1,0,0,0,1
1,0,0,0,1
1,0,0,0,1
1,0,0,0,1
1,0,0,0,1
1,0,0,0,1
1,0,0,0,1
1,0,0,0,1
1,0,0,0,1
1,0,0,0,1
1,0,0,0,1
1,0,0,0,1
1,0,0,0,1
1,0,0,0,1
1,0,0,0,1
1,0,0,0,1
1,0,0,0,1
1,0,0,0,1
1,0,0,0,1
1,0,0,0,1
1,0,0,0,1
1,0,0,0,1
1,0,0,0,1
1,0,0,0,1
1,0,0,0,1
1,0,0,0,1
1,0,0,0,1
1,0,0,0,1
1,0,0,0,1
1,0,0,0,1
1,0,0,0,1
1,1,0,0,2
1,0,0,0,1
1,0,0,0,1
1,0,0,0,1
1,0,0,0,1
1,0,0,0,1
1,0,0,0,1
1,0,0,0,1
1,0,0,0,1
1,0,0,0,1
1,0,0,0,1
1,0,0,0,1
1,0,0,0,1
1,0,0,0,1
1,0,0,0,1
1,0,0,0,1
1,0,0,0,1
1,0,0,0,1
1,0,0,0,1
1,0,0,0,1
1,0,0,0,1
1,0,0,0,1
1,0,0,0,1
1,1,0,0,2
1,3,0,0,4
1,0,0,0,1
1,0,0,0,1
1,0,0,0,1
1,0,0,0,1
1,0,0,0,1
1,0,0,0,1
1,1,1,0,3
1,0,0,0,1
1,0,0,0,1
1,0,0,0,1
1,0,0,0,1
1,0,0,0,1
1,0,0,0,1
1,0,0,0,1
1,0,0,0,1
1,0,0,0,1
1,0,0,0,1
1,0,0,0,1
1,0,0,0,1
1,0,0,0,1
1,0,0,0,1
1,0,0,0,1
1,0,0,0,1
1,0,0,0,1
1,0,0,0,1
1,0,0,0,1
1,0,0,0,1
1,0,0,0,1
1,0,0,0,1
1,0,0,0,1
1,0,0,0,1
1,0,0,0,1
1,0,0,0,1
1,0,0,0,1
1,0,0,0,1
1,0,0,0,1
1,0,0,0,1
1,0,0,0,1
1,0,0,0,1
1,0,0,0,1
1,0,0,0,1
1,0,0,0,1
1,80,0,0,81
1,0,0,0,1
1,0,0,0,1
2,0,0,0,2
1,0,0,0,1
1,0,0,0,1
1,0,0,0,1
1,0,0,0,1
2,0,0,0,2
1,0,0,0,1
1,1,0,0,2
1,12,0,0,13
1,0,0,0,1
1,0,0,0,1
1,0,0,0,1
1,0,0,0,1
1,0,0,0,1
1,0,0,0,1
1,0,0,0,1
1,0,0,0,1
1,0,0,0,1
1,0,0,0,1
1,0,0,0,1
1,0,0,0,1
1,0,0,0,1
1,0,0,0,1
1,0,0,0,1
1,0,0,0,1
1,0,0,0,1
1,0,0,0,1
1,0,0,0,1
1,0,0,0,1
2,0,0,0,2
1,0,0,0,1
1,0,0,0,1
1,0,0,0,1
1,0,0,0,1
1,0,0,0,1
1,0,0,0,1
1,0,0,0,1
1,0,0,0,1
1,0,0,0,1
1,0,0,0,1
1,0,0,0,1
1,0,0,0,1
1,0,0,0,1
1,0,0,0,1
1,0,0,0,1
1,0,0,0,1
1,0,0,0,1
1,0,0,0,1
1,0,0,0,1
1,0,0,0,1
1,0,0,0,1
1,0,0,0,1
1,0,0,0,1
1,29,1,0,31
1,0,0,0,1
1,1,0,0,2
1,0,0,0,1
1,0,0,0,1
1,0,0,0,1
1,0,0,0,1
1,0,0,0,1
1,0,0,0,1
1,0,0,0,1
1,0,0,0,1
1,0,0,0,1
1,0,0,0,1
1,0,0,0,1
1,0,0,0,1
1,0,0,0,1
1,0,0,0,1
1,0,0,0,1
1,0,0,0,1
1,1,0,0,2
1,0,0,0,1
1,0,0,0,1
1,0,0,0,1
1,0,0,0,1
1,0,0,0,1
1,0,0,0,1
1,0,0,0,1
1,0,0,0,1
2,0,0,0,2
1,0,0,0,1
1,0,0,0,1
1,0,0,0,1
1,0,0,0,1
1,0,0,0,1
1,0,0,0,1
1,0,0,0,1
1,0,0,0,1
1,0,0,0,1
1,0,0,0,1
1,0,0,0,1
1,0,0,0,1
1,0,0,0,1
1,0,0,0,1
1,0,0,0,1
1,0,0,0,1
1,0,0,0,1
1,0,0,0,1
1,0,0,0,1
1,0,0,0,1
1,0,0,0,1
1,0,0,0,1
1,0,0,0,1
1,0,0,0,1
1,0,0,0,1
1,0,0,0,1
1,0,0,0,1
1,0,0,0,1
1,0,0,0,1
1,0,0,0,1
2,0,0,0,2
1,0,0,0,1
1,0,0,0,1
1,0,0,0,1
1,0,0,0,1
1,0,0,0,1
1,0,0,0,1
1,0,0,0,1
1,0,0,0,1
1,0,0,0,1
1,0,0,0,1
1,0,0,0,1
1,0,0,0,1
1,0,0,0,1
1,0,0,0,1
1,0,0,0,1
1,0,0,0,1
1,0,0,0,1
1,0,0,0,1
1,0,0,0,1
1,0,0,0,1
1,3,0,0,4
1,0,0,0,1
1,0,0,0,1
1,0,0,0,1
1,12,0,0,13
1,0,0,0,1
1,0,0,0,1
1,0,0,0,1
1,0,0,0,1
1,0,0,0,1
1,0,0,0,1
1,0,0,0,1
1,0,0,0,1
1,0,0,0,1
1,0,0,0,1
2,0,0,0,2
1,0,0,0,1
1,0,0,0,1
1,0,0,0,1
1,0,0,0,1
1,0,0,0,1
1,0,0,0,1
1,0,0,0,1
1,0,0,0,1
1,0,0,0,1
1,0,0,0,1
1,0,0,0,1
1,0,0,0,1
1,0,0,0,1
1,0,0,0,1
1,0,0,0,1
1,0,0,0,1
1,0,0,0,1
1,0,0,0,1
1,0,0,0,1
1,0,0,0,1
1,0,0,0,1
1,0,0,0,1
1,0,0,0,1
1,0,0,0,1
1,0,0,0,1
2,0,0,0,2
1,0,0,0,1
1,0,0,0,1
1,0,0,0,1
1,0,0,0,1
1,0,0,0,1
1,0,0,0,1
1,0,0,0,1
1,0,0,0,1
1,0,0,0,1
1,0,0,0,1
1,0,0,0,1
1,0,0,0,1
1,0,0,0,1
1,0,0,0,1
1,0,0,0,1
1,0,0,0,1
1,0,0,0,1
1,0,0,0,1
1,0,0,0,1
1,0,0,0,1
1,0,0,0,1
1,0,0,0,1
1,0,0,0,1
1,0,0,0,1
1,0,0,0,1
1,0,0,0,1
1,0,0,0,1
1,0,0,0,1
1,0,1,0,2
1,0,0,0,1
1,0,0,0,1
1,0,0,0,1
1,0,0,0,1
1,0,0,0,1
1,0,0,0,1
1,0,0,0,1
1,4,0,0,5
1,0,0,0,1
1,0,0,0,1
1,0,0,0,1
1,0,0,0,1
1,0,0,0,1
1,0,0,0,1
1,0,0,0,1
1,0,0,0,1
1,0,0,0,1
1,0,0,0,1
1,0,0,0,1
1,0,0,0,1
1,0,0,0,1
1,0,0,0,1
1,0,0,0,1
1,0,0,0,1
1,0,0,0,1
1,0,0,0,1
1,0,0,0,1
1,0,0,0,1
1,0,0,0,1
1,0,0,0,1
1,0,0,0,1
1,0,0,0,1
1,0,0,0,1
1,0,0,0,1
1,0,0,0,1
1,0,0,0,1
1,0,0,0,1
1,0,0,0,1
1,0,0,0,1
1,0,0,0,1
1,0,0,0,1
1,0,0,0,1
1,0,0,0,1
1,0,0,0,1
1,0,0,0,1
1,0,0,0,1
1,0,0,0,1
1,0,0,0,1
1,0,0,0,1
1,0,0,0,1
1,0,0,0,1
1,0,0,0,1
1,0,0,0,1
1,0,0,0,1
1,0,0,0,1
1,0,0,0,1
1,0,0,0,1
1,0,0,0,1
1,0,0,0,1
1,0,0,0,1
1,0,0,0,1
1,0,0,0,1
1,0,0,0,1
2,0,0,0,2
1,0,0,0,1
1,0,0,0,1
1,0,0,0,1
1,0,0,0,1
1,1,1,0,3
1,0,0,0,1
1,0,0,0,1
1,0,0,0,1
1,0,0,0,1
1,2,0,0,3
1,0,0,0,1
1,0,0,0,1
1,0,0,0,1
1,0,0,0,1
1,0,0,0,1
1,0,0,0,1
1,0,0,0,1
1,0,0,0,1
1,0,0,0,1
1,0,0,0,1
1,0,0,0,1
1,0,0,0,1
1,0,0,0,1
1,0,0,0,1
1,0,0,0,1
1,0,0,0,1
1,0,0,0,1
1,0,0,0,1
1,0,0,0,1
1,0,0,0,1
1,0,0,0,1
1,0,0,0,1
1,0,0,0,1
1,0,0,0,1
1,0,0,0,1
1,0,0,0,1
1,0,0,0,1
1,0,0,0,1
1,0,0,0,1
1,0,0,0,1
1,0,0,0,1
1,13,0,0,14
1,0,0,0,1
1,0,0,0,1
1,0,0,0,1
1,0,0,0,1
1,0,0,0,1
1,0,0,0,1
1,0,0,0,1
1,0,0,0,1
1,0,0,0,1
1,0,0,0,1
1,0,0,0,1
1,0,0,0,1
1,0,0,0,1
1,0,0,0,1
1,0,0,0,1
1,0,0,0,1
1,0,0,0,1
1,0,0,0,1
1,0,0,0,1
1,17,0,0,18
1,0,0,0,1
1,0,0,0,1
1,0,0,0,1
1,0,0,0,1
1,0,0,0,1
1,0,0,0,1
1,0,0,0,1
1,0,0,0,1
1,0,0,0,1
1,0,0,0,1
1,0,0,0,1
1,0,0,0,1
1,0,0,0,1
1,0,0,0,1
1,0,0,0,1
1,0,0,0,1
1,0,0,0,1
1,0,0,0,1
1,0,0,0,1
1,0,0,0,1
1,0,0,0,1
2,0,0,0,2
1,0,0,0,1
1,0,0,0,1
1,0,0,0,1
1,0,0,0,1
2,0,0,0,2
1,0,0,0,1
1,0,0,0,1
1,0,0,0,1
1,0,0,0,1
1,0,0,0,1
1,0,0,0,1
1,0,0,0,1
1,0,0,0,1
1,0,0,0,1
2,0,0,0,2
1,0,0,0,1
1,0,0,0,1
1,0,0,0,1
1,0,0,0,1
1,0,0,0,1
1,0,0,0,1
2,0,0,0,2
1,0,0,0,1
1,0,0,0,1
1,0,0,0,1
1,0,0,0,1
1,0,0,0,1
1,0,0,0,1
1,0,0,0,1
1,0,0,0,1
1,0,0,0,1
1,0,0,0,1
1,0,0,0,1
1,0,0,0,1
1,0,0,0,1
1,0,0,0,1
1,0,0,0,1
1,0,0,0,1
1,0,0,0,1
1,0,0,0,1
1,0,0,0,1
1,0,0,0,1
1,0,0,0,1
1,0,0,0,1
1,0,0,0,1
1,0,0,0,1
1,0,0,0,1
1,0,0,0,1
1,0,0,0,1
1,0,0,0,1
1,0,0,0,1
2,0,0,0,2
1,0,0,0,1
1,0,0,0,1
1,0,0,0,1
1,0,0,0,1
1,0,0,0,1
1,0,0,0,1
1,0,0,0,1
1,0,0,0,1
1,0,0,0,1
1,0,0,0,1
1,0,0,0,1
1,0,0,0,1
1,0,0,0,1
1,0,0,0,1
1,0,0,0,1
1,0,0,0,1
1,0,0,0,1
1,0,0,0,1
1,0,0,0,1
1,0,0,0,1
1,0,0,0,1
1,0,0,0,1
2,0,0,0,2
1,0,0,0,1
1,0,0,0,1
1,0,0,0,1
1,0,0,0,1
1,0,0,0,1
1,0,0,0,1
2,0,0,0,2
1,0,0,0,1
1,0,0,0,1
1,0,0,0,1
1,0,0,0,1
1,0,0,0,1
1,0,0,0,1
1,0,0,0,1
1,0,0,0,1
1,0,0,0,1
1,2,0,0,3
1,0,0,0,1
1,0,0,0,1
1,0,0,0,1
1,0,0,0,1
1,0,0,0,1
1,0,0,0,1
1,0,0,0,1
1,0,0,0,1
1,0,0,0,1
1,0,0,0,1
1,0,0,0,1
1,0,0,0,1
1,0,0,0,1
1,0,0,0,1
1,0,0,0,1
1,1,0,0,2
1,0,0,0,1
1,0,0,0,1
1,0,0,0,1
1,0,0,0,1
1,0,0,0,1
1,0,0,0,1
1,0,0,0,1
1,0,0,0,1
1,0,0,0,1
1,0,0,0,1
1,0,0,0,1
1,0,0,0,1
1,0,0,0,1
1,0,0,0,1
1,0,0,0,1
1,0,0,0,1
1,0,0,0,1
1,0,0,0,1
1,0,0,0,1
1,0,0,0,1
1,0,0,0,1
1,0,0,0,1
1,0,0,0,1
1,0,0,0,1
1,0,0,0,1
1,0,0,0,1
1,0,0,0,1
1,0,0,0,1
1,0,0,0,1
1,0,0,0,1
1,0,0,0,1
1,0,0,0,1
1,0,0,0,1
1,0,0,0,1
1,0,0,0,1
1,0,0,0,1
1,0,0,0,1
1,0,0,0,1
1,0,0,0,1
1,0,0,0,1
1,0,0,0,1
1,0,0,0,1
1,0,0,0,1
1,0,0,0,1
1,0,0,0,1
2,0,0,0,2
1,0,0,0,1
1,0,0,0,1
1,0,0,0,1
1,0,0,0,1
2,0,0,0,2
1,0,0,0,1
1,0,0,0,1
1,0,0,0,1
1,0,0,0,1
1,0,0,0,1
1,0,0,0,1
1,42,0,0,43
1,0,0,0,1
1,0,0,0,1
1,0,0,0,1
2,0,0,0,2
1,0,0,0,1
1,0,0,0,1
1,0,0,0,1
1,0,0,0,1
1,0,0,0,1
1,0,0,0,1
1,0,0,0,1
1,0,0,0,1
1,0,0,0,1
1,0,0,0,1
1,0,0,0,1
1,0,0,0,1
1,0,0,0,1
1,0,0,0,1
1,0,0,0,1
2,0,0,0,2
1,0,0,0,1
1,0,0,0,1
1,0,0,0,1
1,0,0,0,1
1,0,0,0,1
1,0,0,0,1
1,0,0,0,1
1,0,0,0,1
1,0,0,0,1
1,0,0,0,1
1,0,0,0,1
1,0,0,0,1
1,0,0,0,1
1,0,0,0,1
1,0,0,0,1
1,0,0,0,1
1,0,0,0,1
1,0,0,0,1
1,0,0,0,1
1,0,0,0,1
1,0,0,0,1
1,0,0,0,1
1,0,0,0,1
1,0,0,0,1
1,0,0,0,1
1,0,0,0,1
1,0,0,0,1
1,0,0,0,1
1,0,0,0,1
1,0,0,0,1
1,0,0,0,1
1,0,0,0,1
1,0,0,0,1
1,0,0,0,1
1,0,0,0,1
1,0,0,0,1
1,0,0,0,1
1,0,0,0,1
1,0,0,0,1
1,0,0,0,1
1,0,0,0,1
1,0,0,0,1
1,0,0,0,1
1,0,0,0,1
1,0,0,0,1
1,0,0,0,1
1,0,0,0,1
1,0,0,0,1
1,0,0,0,1
1,0,0,0,1
2,0,0,0,2
2,0,0,0,2
1,0,0,0,1
1,0,0,0,1
1,0,0,0,1
1,0,0,0,1
1,0,0,0,1
1,0,0,0,1
1,0,0,0,1
1,0,0,0,1
1,0,0,0,1
1,0,0,0,1
1,0,0,0,1
1,0,0,0,1
1,0,0,0,1
1,0,0,0,1
1,0,0,0,1
1,0,0,0,1
1,0,0,0,1
1,0,0,0,1
1,0,0,0,1
1,0,0,0,1
1,0,0,0,1
1,0,0,0,1
1,0,0,0,1
2,0,0,0,2
1,0,0,0,1
1,0,0,0,1
1,0,0,0,1
1,0,0,0,1
1,0,0,0,1
1,0,0,0,1
1,0,0,0,1
1,0,0,0,1
1,1,0,0,2
1,0,0,0,1
1,1,0,0,2
1,0,0,0,1
1,0,0,0,1
1,0,0,0,1
1,0,0,0,1
1,0,0,0,1
1,0,0,0,1
1,0,0,0,1
1,0,0,0,1
1,0,0,0,1
1,0,0,0,1
1,0,0,0,1
1,0,0,0,1
1,0,0,0,1
1,0,0,0,1
1,0,0,0,1
1,0,0,0,1
1,0,0,0,1
1,0,0,0,1
1,0,0,0,1
1,0,0,0,1
1,0,0,0,1
1,0,0,0,1
2,0,0,0,2
1,0,0,0,1
1,0,0,0,1
2,0,0,0,2
1,0,0,0,1
1,0,0,0,1
1,0,0,0,1
1,0,0,0,1
1,0,2,0,3
1,0,0,0,1
1,0,0,0,1
1,0,0,0,1
1,0,0,0,1
1,0,0,0,1
1,0,0,0,1
2,0,0,0,2
1,0,0,0,1
1,0,0,0,1
1,0,0,0,1
1,3,1,0,5
1,0,0,0,1
1,0,0,0,1
1,0,0,0,1
1,0,0,0,1
1,0,0,0,1
1,0,0,0,1
2,0,0,0,2
1,0,0,0,1
1,0,0,0,1
1,0,0,0,1
1,0,0,0,1
1,0,0,0,1
1,0,0,0,1
1,0,0,0,1
1,0,0,0,1
1,0,0,0,1
1,0,0,0,1
1,0,0,0,1
1,0,0,0,1
1,0,0,0,1
1,0,0,0,1
2,0,0,0,2
1,0,0,0,1
1,0,0,0,1
1,0,0,0,1
1,0,0,0,1
1,0,0,0,1
1,0,0,0,1
1,0,0,0,1
1,0,0,0,1
1,0,0,0,1
1,0,0,0,1
1,0,0,0,1
1,0,0,0,1
1,0,0,0,1
1,0,0,0,1
1,0,0,0,1
1,0,0,0,1
1,0,0,0,1
1,0,0,0,1
2,0,0,0,2
1,0,0,0,1
1,0,0,0,1
2,0,0,0,2
1,0,0,0,1
1,0,0,0,1
2,0,0,0,2
1,0,0,0,1
1,0,0,0,1
1,0,0,0,1
1,0,0,0,1
1,0,0,0,1
1,0,0,0,1
1,0,0,0,1
1,0,0,0,1
1,0,0,0,1
1,0,0,0,1
1,0,0,0,1
1,0,0,0,1
1,0,0,0,1
1,0,0,0,1
1,0,0,0,1
1,0,0,0,1
1,0,0,0,1
1,0,0,0,1
1,1,1,0,3
1,0,0,0,1
1,0,0,0,1
1,0,0,0,1
1,0,0,0,1
1,0,0,0,1
1,0,0,0,1
1,0,0,0,1
1,0,0,0,1
1,0,0,0,1
1,0,0,0,1
1,0,0,0,1
1,0,0,0,1
1,0,0,0,1
1,0,0,0,1
1,0,0,0,1
1,0,0,0,1
1,0,0,0,1
1,1,0,0,2
1,0,0,0,1
1,0,0,0,1
1,0,0,0,1
1,0,0,0,1
1,0,0,0,1
1,0,0,0,1
1,0,0,0,1
2,0,0,0,2
1,0,0,0,1
1,0,0,0,1
1,0,0,0,1
2,0,0,0,2
1,0,0,0,1
1,0,0,0,1
1,0,0,0,1
2,0,0,0,2
1,0,0,0,1
1,0,0,0,1
1,3,1,0,5
1,0,0,0,1
1,0,0,0,1
1,0,0,0,1
1,0,0,0,1
2,0,0,0,2
1,0,0,0,1
1,0,0,0,1
1,0,0,0,1
1,0,0,0,1
1,0,0,0,1
1,0,0,0,1
1,0,0,0,1
1,0,0,0,1
1,0,0,0,1
1,0,0,0,1
1,0,0,0,1
1,0,0,0,1
1,0,0,0,1
1,0,0,0,1
1,0,0,0,1
1,0,0,0,1
1,0,0,0,1
1,0,0,0,1
1,0,0,0,1
1,0,0,0,1
1,0,0,0,1
1,0,0,0,1
1,0,0,0,1
2,0,0,0,2
1,0,0,0,1
1,0,0,0,1
1,0,0,0,1
1,0,0,0,1
1,0,0,0,1
2,0,0,0,2
1,0,0,0,1
1,0,0,0,1
1,0,0,0,1
1,0,0,0,1
1,0,0,0,1
1,0,0,0,1
1,0,0,0,1
1,2,0,0,3
1,0,0,0,1
1,0,0,0,1
1,0,0,0,1
1,0,0,0,1
1,0,0,0,1
1,0,0,0,1
1,0,0,0,1
1,0,0,0,1
1,0,0,0,1
1,0,0,0,1
1,0,0,0,1
1,0,0,0,1
1,0,0,0,1
1,0,0,0,1
1,0,0,0,1
1,0,0,0,1
1,0,0,0,1
1,0,0,0,1
1,0,0,0,1
1,0,0,0,1
1,0,0,0,1
1,0,0,0,1
1,0,0,0,1
1,0,0,0,1
1,0,0,0,1
1,0,0,0,1
1,0,0,0,1
1,0,0,0,1
1,0,0,0,1
1,0,0,0,1
1,0,0,0,1
1,0,0,0,1
1,0,0,0,1
1,0,0,0,1
1,0,0,0,1
1,0,0,0,1
1,0,0,0,1
1,0,0,0,1
1,0,0,0,1
1,0,0,0,1
1,0,0,0,1
1,0,0,0,1
1,0,0,0,1
1,0,0,0,1
1,0,0,0,1
1,0,0,0,1
1,0,0,0,1
1,0,0,0,1
1,0,0,0,1
1,0,0,0,1
1,0,0,0,1
1,0,0,0,1
1,0,0,0,1
1,0,0,0,1
1,0,0,0,1
1,0,0,0,1
1,0,0,0,1
1,0,0,0,1
1,0,0,0,1
1,0,0,0,1
1,0,0,0,1
2,0,0,0,2
1,0,0,0,1
1,5,0,0,6
1,0,0,0,1
1,0,0,0,1
1,0,0,0,1
1,0,0,0,1
1,0,0,0,1
1,0,0,0,1
1,0,0,0,1
1,0,0,0,1
1,0,0,0,1
1,0,0,0,1
1,0,0,0,1
1,0,0,0,1
1,0,0,0,1
1,0,0,0,1
1,0,0,0,1
1,0,0,0,1
1,0,0,0,1
2,0,0,0,2
1,0,0,0,1
1,0,0,0,1
1,0,0,0,1
1,0,0,0,1
1,0,0,0,1
1,0,0,0,1
1,0,0,0,1
1,0,0,0,1
1,0,0,0,1
1,0,0,0,1
1,0,0,0,1
1,0,0,0,1
1,0,0,0,1
1,1,0,0,2
1,0,0,0,1
1,0,0,0,1
1,0,0,0,1
1,0,0,0,1
1,0,0,0,1
1,0,0,0,1
1,0,0,0,1
1,0,0,0,1
1,1,1,0,3
1,0,0,0,1
1,0,0,0,1
1,0,0,0,1
1,0,0,0,1
1,0,0,0,1
1,0,0,0,1
1,0,0,0,1
1,0,0,0,1
1,0,0,0,1
1,0,0,0,1
1,0,0,0,1
1,0,0,0,1
1,0,0,0,1
1,0,0,0,1
1,0,0,0,1
1,0,0,0,1
1,0,0,0,1
1,0,0,0,1
1,0,0,0,1
1,0,0,0,1
1,0,0,0,1
1,0,0,0,1
1,0,0,0,1
1,0,0,0,1
1,0,0,0,1
1,0,0,0,1
1,0,0,0,1
1,0,0,0,1
1,0,0,0,1
1,0,0,0,1
1,0,0,0,1
1,0,0,0,1
1,0,0,0,1
1,0,0,0,1
1,0,0,0,1
2,0,0,0,2
1,0,0,0,1
1,0,0,0,1
1,0,0,0,1
1,0,0,0,1
1,0,0,0,1
1,0,0,0,1
1,0,0,0,1
1,0,0,0,1
1,0,0,0,1
1,0,0,0,1
1,0,0,0,1
1,0,0,0,1
1,0,0,0,1
1,0,0,0,1
1,0,0,0,1
1,0,0,0,1
1,0,0,0,1
1,0,0,0,1
1,0,0,0,1
1,0,0,0,1
1,0,0,0,1
1,0,0,0,1
1,0,0,0,1
1,0,0,0,1
1,0,0,0,1
1,0,0,0,1
1,0,0,0,1
1,0,0,0,1
1,0,0,0,1
1,0,0,0,1
1,0,0,0,1
1,0,0,0,1
1,0,0,0,1
1,0,0,0,1
1,0,0,0,1
2,0,0,0,2
1,0,0,0,1
1,0,0,0,1
1,0,0,0,1
1,0,0,0,1
1,0,0,0,1
1,0,0,0,1
1,0,0,0,1
1,0,0,0,1
1,0,0,0,1
1,0,0,0,1
1,0,0,0,1
1,0,0,0,1
2,0,0,0,2
1,0,0,0,1
1,0,0,0,1
1,0,0,0,1
1,0,0,0,1
1,0,0,0,1
1,0,0,0,1
1,0,0,0,1
1,0,0,0,1
1,0,0,0,1
1,37,0,0,38
1,0,0,0,1
1,0,0,0,1
1,0,0,0,1
1,0,0,0,1
1,0,0,0,1
1,0,0,0,1
1,0,0,0,1
1,0,0,0,1
1,0,0,0,1
1,0,0,0,1
1,0,0,0,1
1,0,0,0,1
1,0,0,0,1
1,0,0,0,1
1,0,0,0,1
1,0,0,0,1
1,0,0,0,1
1,0,0,0,1
1,0,0,0,1
1,0,0,0,1
1,0,0,0,1
1,0,0,0,1
1,0,0,0,1
1,0,0,0,1
1,0,0,0,1
1,0,0,0,1
1,0,0,0,1
1,0,0,0,1
1,0,0,0,1
1,0,0,0,1
1,0,0,0,1
1,0,0,0,1
1,0,0,0,1
1,0,0,0,1
1,0,0,0,1
1,0,0,0,1
1,0,0,0,1
1,0,0,0,1
1,0,0,0,1
1,0,0,0,1
1,0,0,0,1
1,0,0,0,1
1,0,0,0,1
1,0,0,0,1
1,0,0,0,1
1,0,0,0,1
1,0,0,0,1
1,0,0,0,1
1,0,0,0,1
1,0,0,0,1
1,0,0,0,1
1,0,0,0,1
1,0,0,0,1
1,0,0,0,1
1,1,0,0,2
1,0,0,0,1
1,0,0,0,1
1,0,0,0,1
1,0,0,0,1
2,0,0,0,2
1,0,0,0,1
1,0,0,0,1
1,0,0,0,1
1,0,0,0,1
1,0,0,0,1
1,0,0,0,1
1,0,0,0,1
1,9,0,0,10
1,0,0,0,1
1,0,0,0,1
2,0,0,0,2
1,0,0,0,1
1,0,0,0,1
1,0,0,0,1
1,0,0,0,1
1,0,0,0,1
1,0,0,0,1
1,0,0,0,1
1,0,0,0,1
1,0,0,0,1
2,0,0,0,2
1,0,0,0,1
1,0,0,0,1
1,0,0,0,1
1,0,0,0,1
1,0,0,0,1
1,0,0,0,1
1,0,0,0,1
1,0,0,0,1
1,0,0,0,1
1,0,0,0,1
2,0,0,0,2
1,0,0,0,1
1,0,0,0,1
1,0,0,0,1
1,0,0,0,1
1,0,0,0,1
1,0,0,0,1
1,0,0,0,1
1,3,0,0,4
1,0,0,0,1
1,0,0,0,1
1,0,0,0,1
1,0,0,0,1
1,0,0,0,1
1,0,0,0,1
1,0,0,0,1
2,4,0,0,6
1,0,0,0,1
1,0,0,0,1
1,0,0,0,1
1,0,0,0,1
1,0,0,0,1
1,0,0,0,1
1,0,0,0,1
1,0,0,0,1
1,0,0,0,1
1,5,0,0,6
1,0,0,0,1
1,0,0,0,1
1,0,0,0,1
1,0,0,0,1
1,0,0,0,1
1,2,0,0,3
1,0,0,0,1
1,0,0,0,1
1,0,0,0,1
1,0,0,0,1
1,0,0,0,1
1,0,0,0,1
1,0,0,0,1
1,0,0,0,1
1,0,0,0,1
1,0,0,0,1
1,0,0,0,1
1,0,0,0,1
1,0,0,0,1
1,0,0,0,1
1,0,0,0,1
1,0,0,0,1
1,0,0,0,1
1,0,0,0,1
1,0,0,0,1
1,0,0,0,1
1,0,0,0,1
1,0,0,0,1
1,0,0,0,1
1,0,0,0,1
1,0,0,0,1
1,0,0,0,1
1,3,0,0,4
1,0,0,0,1
1,0,0,0,1
1,0,0,0,1
1,0,0,0,1
1,0,0,0,1
2,0,0,0,2
1,0,0,0,1
2,0,0,0,2
1,0,0,0,1
1,0,0,0,1
1,0,0,0,1
1,0,0,0,1
1,0,0,0,1
1,0,0,0,1
1,0,0,0,1
1,0,0,0,1
1,0,0,0,1
1,0,0,0,1
1,0,0,0,1
1,0,0,0,1
1,0,0,0,1
1,0,0,0,1
1,0,0,0,1
1,0,0,0,1
1,0,0,0,1
1,0,0,0,1
1,0,0,0,1
1,0,0,0,1
1,0,0,0,1
1,0,0,0,1
1,0,0,0,1
1,1,0,0,2
1,0,0,0,1
1,0,0,0,1
1,0,0,0,1
1,0,0,0,1
1,0,0,0,1
1,0,0,0,1
1,0,0,0,1
1,0,0,0,1
1,0,0,0,1
1,0,0,0,1
1,0,0,0,1
1,0,0,0,1
1,0,0,0,1
1,0,0,0,1
1,0,0,0,1
1,0,0,0,1
1,0,0,0,1
1,0,0,0,1
1,0,0,0,1
1,0,0,0,1
1,0,0,0,1
1,0,0,0,1
1,2,0,0,3
1,0,0,0,1
1,0,0,0,1
1,0,0,0,1
1,0,0,0,1
1,0,0,0,1
1,0,0,0,1
1,0,0,0,1
1,0,0,0,1
1,0,0,0,1
1,0,0,0,1
1,0,0,0,1
1,0,0,0,1
1,0,0,0,1
1,0,0,0,1
1,0,0,0,1
1,0,0,0,1
1,0,0,0,1
1,0,0,0,1
1,0,0,0,1
1,0,0,0,1
1,0,0,0,1
1,0,0,0,1
1,0,0,0,1
1,0,0,0,1
1,0,0,0,1
1,0,0,0,1
1,0,0,0,1
1,0,0,0,1
1,0,0,0,1
1,0,0,0,1
1,0,0,0,1
1,0,0,0,1
1,0,0,0,1
1,0,0,0,1
1,0,0,0,1
1,0,0,0,1
1,0,0,0,1
1,0,0,0,1
1,0,0,0,1
1,0,0,0,1
1,0,0,0,1
2,0,0,0,2
1,0,0,0,1
1,0,0,0,1
1,0,0,0,1
1,0,0,0,1
1,0,0,0,1
1,0,0,0,1
1,0,0,0,1
1,0,0,0,1
1,0,0,0,1
1,0,0,0,1
1,0,0,0,1
1,0,0,0,1
1,0,0,0,1
1,0,0,0,1
1,0,0,0,1
1,0,0,0,1
1,0,0,0,1
1,0,0,0,1
1,0,0,0,1
1,0,0,0,1
1,0,0,0,1
1,0,0,0,1
1,0,0,0,1
1,0,0,0,1
1,0,0,0,1
1,0,0,0,1
1,0,0,0,1
1,0,0,0,1
1,0,0,0,1
1,0,0,0,1
1,0,0,0,1
1,0,0,0,1
1,0,0,0,1
1,0,0,0,1
1,0,0,0,1
1,0,0,0,1
1,0,0,0,1
1,0,0,0,1
1,0,0,0,1
1,0,0,0,1
1,0,0,0,1
1,0,0,0,1
1,0,0,0,1
1,0,0,0,1
1,0,0,0,1
1,0,0,0,1
1,0,0,0,1
1,0,0,0,1
1,0,0,0,1
1,0,0,0,1
1,0,0,0,1
1,0,0,0,1
1,0,0,0,1
1,0,0,0,1
1,0,0,0,1
1,0,0,0,1
2,0,0,0,2
1,0,0,0,1
1,0,0,0,1
2,0,0,0,2
1,0,0,0,1
1,0,0,0,1
1,0,0,0,1
1,0,0,0,1
1,0,0,0,1
1,0,0,0,1
1,0,0,0,1
1,0,0,0,1
1,0,0,0,1
1,0,0,0,1
1,0,0,0,1
1,0,0,0,1
1,0,0,0,1
1,0,0,0,1
1,0,0,0,1
1,0,0,0,1
1,0,0,0,1
1,0,0,0,1
1,0,0,0,1
1,0,0,0,1
1,0,0,0,1
1,0,0,0,1
1,0,0,0,1
1,0,0,0,1
1,0,0,0,1
1,0,0,0,1
1,0,0,0,1
1,0,0,0,1
1,0,0,0,1
1,0,0,0,1
1,0,0,0,1
1,0,0,0,1
1,0,0,0,1
1,0,0,0,1
1,2,0,0,3
1,0,0,0,1
1,0,0,0,1
1,0,0,0,1
1,0,0,0,1
1,0,0,0,1
1,2,0,0,3
1,0,0,0,1
1,0,0,0,1
1,0,0,0,1
1,0,0,0,1
1,0,0,0,1
1,0,0,0,1
1,0,0,0,1
1,0,0,0,1
2,0,0,0,2
1,0,0,0,1
1,0,0,0,1
1,0,0,0,1
1,0,0,0,1
1,0,0,0,1
1,0,0,0,1
1,0,0,0,1
1,0,0,0,1
1,0,0,0,1
1,0,0,0,1
1,0,0,0,1
2,1,1,0,4
1,0,0,0,1
1,0,0,0,1
1,0,0,0,1
1,0,0,0,1
1,0,0,0,1
1,0,0,0,1
1,0,0,0,1
1,0,0,0,1
1,0,0,0,1
1,0,0,0,1
1,0,0,0,1
1,0,0,0,1
1,0,0,0,1
1,0,0,0,1
1,0,0,0,1
1,0,0,0,1
1,0,0,0,1
1,0,0,0,1
1,0,0,0,1
1,0,0,0,1
1,0,0,0,1
1,0,0,0,1
1,0,0,0,1
1,0,0,0,1
1,0,0,0,1
1,0,0,0,1
1,0,0,0,1
1,0,0,0,1
1,0,0,0,1
1,0,0,0,1
1,0,0,0,1
2,0,0,0,2
1,0,0,0,1
1,0,0,0,1
1,0,0,0,1
1,0,0,0,1
1,0,0,0,1
1,0,0,0,1
1,0,0,0,1
1,0,0,0,1
1,0,0,0,1
1,0,0,0,1
1,0,0,0,1
1,0,0,0,1
2,0,0,0,2
1,0,0,0,1
2,0,0,0,2
1,0,0,0,1
1,0,0,0,1
1,0,0,0,1
1,0,0,0,1
1,0,0,0,1
1,0,0,0,1
1,0,0,0,1
1,0,0,0,1
1,0,0,0,1
1,0,0,0,1
1,5,0,0,6
1,0,0,0,1
1,0,0,0,1
1,0,0,0,1
1,0,0,0,1
1,0,0,0,1
1,0,0,0,1
1,0,0,0,1
1,0,0,0,1
1,0,0,0,1
1,0,0,0,1
1,0,0,0,1
1,0,0,0,1
1,0,0,0,1
1,0,0,0,1
1,0,0,0,1
1,0,0,0,1
1,0,0,0,1
1,0,0,0,1
2,0,0,0,2
1,0,0,0,1
1,0,0,0,1
1,0,0,0,1
1,0,0,0,1
1,3,0,0,4
1,0,0,0,1
1,0,0,0,1
1,0,0,0,1
1,0,0,0,1
1,1,0,0,2
1,0,0,0,1
1,0,0,0,1
1,0,0,0,1
1,0,0,0,1
1,0,0,0,1
1,0,0,0,1
1,3,0,0,4
1,0,0,0,1
1,0,0,0,1
1,0,0,0,1
1,0,0,0,1
1,0,0,0,1
1,0,0,0,1
1,0,0,0,1
1,0,0,0,1
1,0,0,0,1
1,0,0,0,1
1,0,0,0,1
1,0,0,0,1
1,0,0,0,1
1,0,0,0,1
1,0,0,0,1
1,0,0,0,1
1,0,0,0,1
1,0,0,0,1
1,0,0,0,1
1,0,0,0,1
1,0,0,0,1
1,0,0,0,1
1,0,0,0,1
1,0,0,0,1
1,0,0,0,1
1,0,0,0,1
1,0,0,0,1
1,0,0,0,1
1,0,0,0,1
1,0,0,0,1
1,0,0,0,1
1,2,0,0,3
1,0,0,0,1
1,0,0,0,1
1,0,0,0,1
1,0,0,0,1
1,0,0,0,1
1,0,0,0,1
1,0,0,0,1
1,0,0,0,1
1,0,0,0,1
1,0,0,0,1
2,3,1,0,6
1,0,0,0,1
1,0,0,0,1
1,0,0,0,1
1,0,0,0,1
1,0,0,0,1
1,0,0,0,1
1,0,0,0,1
1,0,0,0,1
1,0,0,0,1
1,0,0,0,1
1,0,0,0,1
1,0,0,0,1
1,0,0,0,1
1,0,0,0,1
1,0,0,0,1
1,0,0,0,1
1,0,0,0,1
2,1,1,0,4
1,0,0,0,1
1,0,0,0,1
1,0,0,0,1
1,0,0,0,1
1,0,0,0,1
1,0,0,0,1
1,0,0,0,1
1,0,0,0,1
1,0,0,0,1
1,0,0,0,1
1,0,0,0,1
1,0,0,0,1
1,0,0,0,1
1,0,0,0,1
1,0,0,0,1
1,0,0,0,1
1,0,0,0,1
1,0,0,0,1
1,0,0,0,1
1,0,0,0,1
1,0,0,0,1
1,0,0,0,1
1,0,0,0,1
1,0,0,0,1
1,0,0,0,1
1,0,0,0,1
2,0,0,0,2
1,0,0,0,1
1,0,0,0,1
1,0,0,0,1
1,0,0,0,1
1,0,0,0,1
1,0,0,0,1
1,0,0,0,1
1,0,0,0,1
1,0,0,0,1
1,0,0,0,1
1,0,0,0,1
2,0,0,0,2
1,0,0,0,1
1,0,0,0,1
1,0,0,0,1
1,0,0,0,1
1,0,0,0,1
1,0,0,0,1
1,0,0,0,1
1,0,0,0,1
1,0,0,0,1
1,0,0,0,1
1,0,0,0,1
1,0,0,0,1
1,0,0,0,1
1,0,0,0,1
1,0,0,0,1
1,0,0,0,1
1,0,0,0,1
1,0,0,0,1
1,0,0,0,1
1,0,0,0,1
1,0,0,0,1
1,0,0,0,1
1,0,0,0,1
1,0,0,0,1
1,0,0,0,1
1,0,0,0,1
1,0,0,0,1
1,0,0,0,1
1,0,0,0,1
1,0,0,0,1
1,0,0,0,1
1,0,0,0,1
1,0,0,0,1
1,0,0,0,1
1,0,0,0,1
1,0,0,0,1
1,0,0,0,1
1,0,0,0,1
1,0,0,0,1
1,0,0,0,1
1,0,0,0,1
1,0,0,0,1
1,0,0,0,1
1,0,0,0,1
1,0,0,0,1
1,0,0,0,1
1,0,0,0,1
1,0,0,0,1
1,0,0,0,1
1,0,0,0,1
1,0,0,0,1
1,0,0,0,1
1,0,0,0,1
1,0,0,0,1
1,0,0,0,1
1,0,0,0,1
1,0,0,0,1
1,0,0,0,1
1,0,0,0,1
1,0,0,0,1
1,0,0,0,1
1,0,0,0,1
1,0,0,0,1
1,0,0,0,1
1,0,0,0,1
1,0,0,0,1
1,0,0,0,1
1,0,0,0,1
2,0,0,0,2
1,0,0,0,1
1,0,0,0,1
1,0,0,0,1
1,0,0,0,1
1,0,0,0,1
1,0,0,0,1
1,0,0,0,1
1,0,0,0,1
1,0,0,0,1
2,0,0,0,2
1,0,0,0,1
1,0,0,0,1
1,0,0,0,1
1,0,0,0,1
1,0,0,0,1
1,0,0,0,1
1,0,0,0,1
1,0,0,0,1
1,0,0,0,1
1,0,0,0,1
1,0,0,0,1
1,0,0,0,1
1,0,0,0,1
2,0,0,0,2
1,0,0,0,1
1,0,0,0,1
1,0,0,0,1
1,0,0,0,1
1,0,0,0,1
1,0,0,0,1
1,0,0,0,1
1,0,0,0,1
1,1,0,0,2
1,0,0,0,1
1,0,0,0,1
1,0,0,0,1
1,0,0,0,1
1,0,0,0,1
1,0,0,0,1
1,0,0,0,1
1,0,0,0,1
1,0,0,0,1
1,0,0,0,1
1,0,0,0,1
1,0,0,0,1
1,0,0,0,1
1,8,0,0,9
2,0,0,0,2
1,0,0,0,1
1,0,0,0,1
1,0,0,0,1
1,0,0,0,1
1,0,0,0,1
1,0,0,0,1
1,0,0,0,1
1,0,0,0,1
1,0,0,0,1
1,0,0,0,1
1,0,0,0,1
1,0,0,0,1
1,0,0,0,1
1,0,0,0,1
1,0,0,0,1
1,0,0,0,1
1,0,0,0,1
1,0,0,0,1
1,0,0,0,1
1,0,0,0,1
1,0,0,0,1
1,0,0,0,1
1,0,0,0,1
1,0,0,0,1
1,0,0,0,1
1,0,0,0,1
1,0,0,0,1
1,0,0,0,1
1,0,0,0,1
1,0,0,0,1
1,0,0,0,1
1,0,0,0,1
1,0,0,0,1
1,0,0,0,1
1,0,0,0,1
1,0,0,0,1
1,0,0,0,1
1,0,0,0,1
1,0,0,0,1
1,0,0,0,1
1,0,0,0,1
1,0,0,0,1
1,0,0,0,1
1,0,0,0,1
1,0,0,0,1
2,0,0,0,2
1,0,0,0,1
1,0,0,0,1
1,0,0,0,1
1,6,0,0,7
1,0,0,0,1
1,0,0,0,1
1,0,0,0,1
1,0,0,0,1
1,0,0,0,1
1,0,0,0,1
1,0,0,0,1
1,0,0,0,1
1,0,0,0,1
1,0,0,0,1
1,0,0,0,1
1,0,0,0,1
1,0,0,0,1
1,0,0,0,1
1,0,0,0,1
1,0,0,0,1
1,0,0,0,1
1,0,0,0,1
1,0,0,0,1
1,0,0,0,1
1,0,0,0,1
1,0,0,0,1
1,0,0,0,1
2,0,0,0,2
1,0,0,0,1
1,0,0,0,1
1,0,0,0,1
1,0,0,0,1
1,0,0,0,1
1,0,0,0,1
1,0,0,0,1
1,0,0,0,1
1,0,0,0,1
1,0,0,0,1
1,0,0,0,1
1,0,0,0,1
1,0,0,0,1
1,0,0,0,1
1,0,0,0,1
1,0,0,0,1
1,1,0,0,2
1,0,0,0,1
1,0,0,0,1
1,0,0,0,1
1,0,0,0,1
1,0,0,0,1
1,0,0,0,1
1,0,0,0,1
1,0,0,0,1
1,0,0,0,1
1,0,0,0,1
1,0,0,0,1
1,0,0,0,1
1,0,0,0,1
1,0,0,0,1
1,0,0,0,1
1,0,0,0,1
1,0,0,0,1
1,0,0,0,1
1,0,0,0,1
1,0,0,0,1
1,0,0,0,1
1,0,0,0,1
1,0,0,0,1
1,0,0,0,1
1,0,0,0,1
1,0,0,0,1
1,0,0,0,1
1,0,0,0,1
1,0,0,0,1
1,0,0,0,1
1,0,0,0,1
1,0,0,0,1
1,0,0,0,1
2,0,0,0,2
1,0,0,0,1
1,0,0,0,1
1,0,0,0,1
1,0,0,0,1
1,0,0,0,1
1,0,0,0,1
1,0,0,0,1
1,0,0,0,1
1,0,0,0,1
1,0,0,0,1
1,0,0,0,1
1,0,0,0,1
1,0,0,0,1
1,0,0,0,1
1,0,0,0,1
1,0,0,0,1
1,0,0,0,1
1,0,0,0,1
1,0,0,0,1
1,0,0,0,1
1,31,0,0,32
1,0,0,0,1
1,0,0,0,1
1,0,0,0,1
1,0,0,0,1
1,0,0,0,1
1,0,0,0,1
1,0,0,0,1
1,0,0,0,1
1,0,0,0,1
1,0,0,0,1
1,0,0,0,1
1,0,0,0,1
1,0,0,0,1
1,0,0,0,1
1,0,0,0,1
1,2,0,0,3
1,0,0,0,1
1,0,0,0,1
1,0,0,0,1
1,0,0,0,1
1,0,0,0,1
1,0,0,0,1
1,0,0,0,1
1,0,0,0,1
2,0,0,0,2
1,0,0,0,1
1,0,0,0,1
1,0,0,0,1
1,0,0,0,1
1,0,0,0,1
1,0,0,0,1
1,0,0,0,1
1,0,0,0,1
1,0,0,0,1
1,0,0,0,1
1,0,0,0,1
1,0,0,0,1
1,0,0,0,1
1,0,0,0,1
1,0,0,0,1
1,0,0,0,1
1,0,0,0,1
1,0,0,0,1
1,0,0,0,1
1,0,0,0,1
1,18,0,0,19
1,0,0,0,1
1,0,0,0,1
1,0,0,0,1
1,0,0,0,1
1,0,0,0,1
1,0,0,0,1
1,0,0,0,1
1,0,0,0,1
1,0,0,0,1
1,0,0,0,1
1,0,0,0,1
1,0,0,0,1
1,0,0,0,1
1,0,0,0,1
1,0,0,0,1
1,0,0,0,1
1,0,0,0,1
1,3,0,0,4
1,0,0,0,1
1,0,0,0,1
1,0,0,0,1
1,0,0,0,1
1,0,0,0,1
1,0,0,0,1
2,0,0,0,2
1,0,0,0,1
1,1,0,0,2
1,0,0,0,1
1,0,0,0,1
1,0,0,0,1
1,0,0,0,1
1,7,0,0,8
1,0,0,0,1
1,0,0,0,1
1,0,0,0,1
1,0,0,0,1
1,0,0,0,1
1,0,0,0,1
1,0,0,0,1
1,0,0,0,1
1,0,0,0,1
1,0,0,0,1
1,0,0,0,1
1,0,0,0,1
1,0,0,0,1
1,0,0,0,1
1,0,0,0,1
1,0,0,0,1
1,0,0,0,1
1,0,0,0,1
1,0,0,0,1
1,0,0,0,1
1,0,0,0,1
1,0,0,0,1
2,0,0,0,2
1,0,0,0,1
1,0,0,0,1
1,0,0,0,1
1,0,0,0,1
1,0,0,0,1
1,0,0,0,1
1,0,0,0,1
1,0,0,0,1
1,0,0,0,1
1,0,0,0,1
1,0,0,0,1
1,0,0,0,1
1,0,0,0,1
1,0,0,0,1
1,0,0,0,1
1,0,0,0,1
1,0,0,0,1
1,0,0,0,1
1,0,0,0,1
1,0,0,0,1
1,0,0,0,1
1,0,0,0,1
1,0,0,0,1
1,0,0,0,1
1,0,0,0,1
1,0,0,0,1
1,0,0,0,1
1,0,0,0,1
1,0,0,0,1
2,0,0,0,2
1,0,0,0,1
1,0,0,0,1
1,0,0,0,1
1,0,0,0,1
1,0,0,0,1
1,0,0,0,1
1,0,0,0,1
1,0,0,0,1
1,0,0,0,1
1,0,0,0,1
1,0,0,0,1
1,0,0,0,1
1,0,0,0,1
1,0,0,0,1
1,0,0,0,1
1,2,0,0,3
1,0,0,0,1
1,0,0,0,1
1,0,0,0,1
1,0,0,0,1
1,0,0,0,1
1,0,0,0,1
1,0,0,0,1
1,0,0,0,1
1,0,0,0,1
1,0,0,0,1
1,0,0,0,1
1,0,0,0,1
1,0,0,0,1
1,0,0,0,1
1,6,0,0,7
1,0,0,0,1
1,0,0,0,1
1,0,0,0,1
1,0,0,0,1
1,0,0,0,1
1,0,0,0,1
1,0,0,0,1
1,0,0,0,1
1,0,0,0,1
1,0,0,0,1
1,0,0,0,1
1,0,0,0,1
1,0,0,0,1
1,0,0,0,1
1,0,0,0,1
1,0,0,0,1
1,0,0,0,1
1,0,0,0,1
1,0,0,0,1
1,0,0,0,1
1,0,0,0,1
1,0,0,0,1
1,0,0,0,1
1,0,0,0,1
1,0,0,0,1
1,0,0,0,1
1,0,0,0,1
1,0,0,0,1
1,0,0,0,1
1,0,0,0,1
1,0,0,0,1
1,0,0,0,1
1,0,0,0,1
1,0,0,0,1
1,0,0,0,1
1,0,0,0,1
1,0,0,0,1
1,0,0,0,1
1,0,0,0,1
1,0,0,0,1
1,0,0,0,1
1,0,0,0,1
1,0,0,0,1
1,0,0,0,1
1,0,0,0,1
1,0,0,0,1
1,0,0,0,1
1,0,0,0,1
1,0,0,0,1
1,0,0,0,1
1,0,0,0,1
1,0,0,0,1
1,0,0,0,1
1,0,0,0,1
1,0,0,0,1
1,0,0,0,1
1,0,0,0,1
1,0,0,0,1
1,0,0,0,1
1,0,0,0,1
1,0,0,0,1
1,0,0,0,1
1,0,0,0,1
1,0,0,0,1
1,0,0,0,1
1,0,0,0,1
1,19,0,0,20
1,0,0,0,1
1,0,0,0,1
1,0,0,0,1
1,0,0,0,1
1,0,0,0,1
1,0,0,0,1
1,0,0,0,1
1,0,0,0,1
1,0,0,0,1
1,0,0,0,1
1,0,0,0,1
1,0,0,0,1
1,0,0,0,1
2,0,0,0,2
1,0,0,0,1
1,0,0,0,1
1,0,0,0,1
1,0,0,0,1
1,0,0,0,1
1,0,0,0,1
1,0,0,0,1
1,0,0,0,1
1,0,0,0,1
1,0,0,0,1
1,0,0,0,1
1,0,0,0,1
1,0,0,0,1
1,0,0,0,1
1,0,0,0,1
2,0,0,0,2
1,0,0,0,1
1,0,0,0,1
1,0,0,0,1
1,0,0,0,1
1,0,0,0,1
1,0,0,0,1
1,0,0,0,1
1,0,0,0,1
1,0,0,0,1
1,1,1,0,3
1,0,0,0,1
1,0,0,0,1
1,0,0,0,1
1,0,0,0,1
1,0,0,0,1
1,0,0,0,1
1,0,0,0,1
1,0,0,0,1
1,0,0,0,1
1,0,0,0,1
1,0,0,0,1
1,0,0,0,1
1,0,0,0,1
1,0,0,0,1
1,0,0,0,1
1,0,0,0,1
1,0,0,0,1
1,5,0,0,6
1,0,0,0,1
1,0,0,0,1
1,0,0,0,1
1,0,0,0,1
1,0,0,0,1
1,0,0,0,1
1,0,0,0,1
1,0,0,0,1
1,0,0,0,1
1,0,0,0,1
1,1,0,0,2
1,0,0,0,1
1,0,0,0,1
1,0,0,0,1
1,0,0,0,1
1,0,0,0,1
1,0,0,0,1
1,0,0,0,1
1,0,0,0,1
1,0,0,0,1
1,0,0,0,1
1,0,0,0,1
1,0,0,0,1
1,0,0,0,1
1,0,0,0,1
1,0,0,0,1
1,0,0,0,1
1,0,0,0,1
1,0,0,0,1
1,0,0,0,1
1,0,0,0,1
1,0,0,0,1
1,0,0,0,1
1,0,0,0,1
1,2,0,0,3
1,0,0,0,1
1,0,0,0,1
1,0,0,0,1
1,0,0,0,1
1,0,0,0,1
1,0,0,0,1
1,0,0,0,1
1,0,0,0,1
1,0,0,0,1
1,0,0,0,1
1,0,0,0,1
1,0,0,0,1
2,0,0,0,2
1,0,0,0,1
1,0,0,0,1
1,0,0,0,1
1,0,0,0,1
1,0,0,0,1
1,0,0,0,1
1,0,0,0,1
1,0,0,0,1
1,0,0,0,1
2,1,0,0,3
1,0,0,0,1
1,0,0,0,1
1,0,0,0,1
1,0,0,0,1
1,0,0,0,1
1,0,0,0,1
1,0,0,0,1
1,0,0,0,1
1,0,0,0,1
1,0,0,0,1
1,0,0,0,1
1,0,0,0,1
1,0,0,0,1
1,0,0,0,1
1,0,0,0,1
1,0,0,0,1
1,0,0,0,1
1,0,0,0,1
1,0,0,0,1
1,85,0,0,86
1,0,0,0,1
1,0,0,0,1
1,0,0,0,1
1,0,0,0,1
1,0,0,0,1
1,0,0,0,1
1,0,0,0,1
1,0,0,0,1
1,0,0,0,1
1,0,0,0,1
1,0,0,0,1
1,0,0,0,1
1,0,0,0,1
1,0,0,0,1
1,0,0,0,1
2,0,0,0,2
1,0,0,0,1
1,0,0,0,1
1,0,0,0,1
1,0,0,0,1
1,0,0,0,1
1,0,0,0,1
1,0,0,0,1
1,0,0,0,1
1,1,0,0,2
1,0,0,0,1
1,0,0,0,1
1,0,0,0,1
1,0,0,0,1
1,0,0,0,1
1,4,0,0,5
1,0,0,0,1
1,0,0,0,1
1,0,0,0,1
1,0,0,0,1
1,0,0,0,1
2,0,0,0,2
1,0,0,0,1
1,0,0,0,1
1,0,0,0,1
1,0,0,0,1
1,0,0,0,1
1,0,0,0,1
1,0,0,0,1
1,0,0,0,1
1,0,0,0,1
1,0,0,0,1
1,0,0,0,1
1,0,0,0,1
1,0,0,0,1
1,0,0,0,1
1,0,0,0,1
1,0,0,0,1
1,0,0,0,1
1,0,0,0,1
1,0,0,0,1
1,0,0,0,1
1,0,0,0,1
2,0,0,0,2
1,0,0,0,1
1,0,0,0,1
1,3,0,0,4
1,0,0,0,1
1,0,0,0,1
1,0,0,0,1
2,0,0,0,2
1,0,0,0,1
1,0,0,0,1
1,0,0,0,1
1,0,0,0,1
1,0,0,0,1
1,0,0,0,1
1,0,0,0,1
1,0,0,0,1
1,0,0,0,1
1,0,0,0,1
1,0,0,0,1
1,0,0,0,1
1,0,0,0,1
1,0,0,0,1
1,0,0,0,1
1,0,0,0,1
1,0,0,0,1
1,0,0,0,1
1,0,0,0,1
1,0,0,0,1
1,0,0,0,1
1,0,0,0,1
1,2,0,0,3
1,0,0,0,1
1,0,0,0,1
1,0,0,0,1
1,0,0,0,1
1,0,0,0,1
1,0,0,0,1
1,0,0,0,1
1,0,0,0,1
1,0,0,0,1
1,0,0,0,1
1,0,0,0,1
1,0,0,0,1
1,0,0,0,1
1,0,0,0,1
1,0,0,0,1
1,0,0,0,1
1,0,0,0,1
1,0,0,0,1
1,0,0,0,1
1,0,0,0,1
1,0,0,0,1
1,0,0,0,1
1,0,0,0,1
1,0,0,0,1
1,0,0,0,1
1,0,0,0,1
1,0,0,0,1
1,0,0,0,1
1,0,0,0,1
1,0,0,0,1
1,0,0,0,1
1,0,0,0,1
1,0,0,0,1
1,0,0,0,1
1,0,0,0,1
1,0,0,0,1
1,0,0,0,1
1,0,0,0,1
1,0,0,0,1
1,0,0,0,1
1,0,0,0,1
1,0,0,0,1
1,0,0,0,1
1,0,0,0,1
1,0,0,0,1
1,0,0,0,1
1,1,1,0,3
1,0,0,0,1
1,0,0,0,1
1,0,0,0,1
1,0,0,0,1
1,0,0,0,1
1,0,0,0,1
2,0,0,0,2
1,0,0,0,1
1,4,0,0,5
1,2,0,0,3
1,0,0,0,1
1,0,0,0,1
1,0,0,0,1
1,0,0,0,1
1,0,0,0,1
1,0,0,0,1
1,3,0,0,4
1,0,0,0,1
1,0,0,0,1
1,0,0,0,1
1,0,0,0,1
1,0,0,0,1
1,0,0,0,1
1,0,0,0,1
1,0,0,0,1
1,0,0,0,1
1,0,0,0,1
1,0,0,0,1
1,0,0,0,1
1,0,0,0,1
1,0,0,0,1
1,0,0,0,1
1,0,0,0,1
1,0,0,0,1
1,0,0,0,1
1,0,0,0,1
1,0,0,0,1
1,0,0,0,1
1,0,0,0,1
1,0,0,0,1
1,0,0,0,1
1,0,0,0,1
1,0,0,0,1
1,1,0,0,2
1,0,0,0,1
1,0,0,0,1
1,0,0,0,1
1,0,0,0,1
1,0,0,0,1
1,0,0,0,1
1,0,0,0,1
1,0,0,0,1
1,0,0,0,1
1,0,0,0,1
1,0,0,0,1
1,0,0,0,1
1,0,0,0,1
1,0,0,0,1
1,0,0,0,1
1,0,0,0,1
1,0,0,0,1
1,1,0,0,2
1,0,0,0,1
1,0,0,0,1
1,0,0,0,1
1,0,0,0,1
1,0,0,0,1
1,0,0,0,1
2,0,0,0,2
1,0,0,0,1
1,0,0,0,1
1,0,0,0,1
1,0,0,0,1
1,0,0,0,1
1,0,0,0,1
1,30,0,0,31
1,0,0,0,1
1,6,0,0,7
1,0,0,0,1
1,0,0,0,1
2,0,0,0,2
1,0,0,0,1
1,0,0,0,1
1,0,0,0,1
1,0,0,0,1
1,0,0,0,1
1,0,0,0,1
1,0,0,0,1
1,0,0,0,1
1,0,0,0,1
1,0,0,0,1
1,0,0,0,1
1,0,0,0,1
1,0,0,0,1
1,0,0,0,1
1,0,0,0,1
1,0,0,0,1
2,0,0,0,2
1,0,0,0,1
1,0,0,0,1
1,0,0,0,1
1,0,0,0,1
1,2,3,0,6
1,0,0,0,1
1,0,0,0,1
1,0,0,0,1
1,0,0,0,1
1,0,0,0,1
1,0,0,0,1
1,0,0,0,1
1,0,0,0,1
1,0,0,0,1
1,0,0,0,1
1,0,0,0,1
1,0,0,0,1
1,0,0,0,1
1,0,0,0,1
1,0,0,0,1
1,0,0,0,1
1,0,0,0,1
1,0,0,0,1
1,0,0,0,1
1,0,0,0,1
1,0,0,0,1
1,0,0,0,1
2,0,0,0,2
1,0,0,0,1
1,0,0,0,1
1,0,0,0,1
1,0,0,0,1
1,0,0,0,1
1,0,0,0,1
1,0,0,0,1
1,0,0,0,1
1,0,0,0,1
1,0,0,0,1
2,0,0,0,2
1,0,0,0,1
1,0,0,0,1
1,0,0,0,1
1,0,0,0,1
1,0,0,0,1
1,0,0,0,1
1,0,0,0,1
1,0,0,0,1
1,0,0,0,1
1,0,0,0,1
1,0,0,0,1
1,0,0,0,1
1,0,0,0,1
1,0,0,0,1
1,0,0,0,1
1,0,0,0,1
1,0,0,0,1
1,0,0,0,1
1,0,0,0,1
1,0,0,0,1
1,0,0,0,1
1,0,0,0,1
1,0,0,0,1
1,0,0,0,1
1,0,0,0,1
1,0,0,0,1
1,0,0,0,1
1,0,0,0,1
1,0,0,0,1
1,0,0,0,1
1,0,0,0,1
1,0,0,0,1
1,0,0,0,1
1,0,0,0,1
1,0,0,0,1
1,0,0,0,1
1,0,0,0,1
1,0,0,0,1
1,0,0,0,1
1,0,0,0,1
1,0,0,0,1
1,0,0,0,1
1,0,0,0,1
1,0,0,0,1
1,0,0,0,1
1,0,0,0,1
1,0,0,0,1
1,0,0,0,1
1,0,0,0,1
1,0,0,0,1
1,0,0,0,1
1,0,0,0,1
1,0,0,0,1
1,0,0,0,1
1,0,0,0,1
1,0,0,0,1
1,0,0,0,1
1,0,0,0,1
1,0,0,0,1
1,0,0,0,1
1,0,0,0,1
1,0,0,0,1
1,0,0,0,1
1,0,0,0,1
1,0,0,0,1
1,0,0,0,1
1,0,0,0,1
1,0,0,0,1
1,0,0,0,1
1,0,0,0,1
1,0,0,0,1
1,0,0,0,1
1,0,0,0,1
1,0,0,0,1
1,0,0,0,1
1,0,0,0,1
1,0,0,0,1
1,0,0,0,1
1,0,0,0,1
1,0,0,0,1
1,0,0,0,1
1,0,0,0,1
1,0,0,0,1
1,0,0,0,1
1,0,0,0,1
1,2,0,0,3
1,4,0,0,5
1,0,0,0,1
2,0,0,0,2
1,0,0,0,1
1,0,0,0,1
1,0,0,0,1
1,0,0,0,1
1,0,0,0,1
1,0,0,0,1
1,0,0,0,1
1,0,0,0,1
1,0,0,0,1
1,0,0,0,1
1,0,0,0,1
1,0,0,0,1
1,0,0,0,1
1,0,0,0,1
1,0,0,0,1
1,0,0,0,1
1,0,0,0,1
1,0,0,0,1
1,0,0,0,1
1,0,0,0,1
1,0,0,0,1
1,0,0,0,1
1,0,0,0,1
1,1,0,0,2
1,0,0,0,1
1,0,0,0,1
1,0,0,0,1
1,0,0,0,1
1,0,0,0,1
1,0,0,0,1
2,0,0,0,2
1,0,0,0,1
1,0,0,0,1
1,1,0,0,2
1,0,0,0,1
1,0,0,0,1
1,0,0,0,1
1,0,0,0,1
1,0,0,0,1
1,0,0,0,1
1,0,0,0,1
1,0,0,0,1
1,0,0,0,1
1,0,0,0,1
1,0,0,0,1
1,0,0,0,1
1,0,0,0,1
1,0,0,0,1
1,0,0,0,1
1,0,0,0,1
1,0,0,0,1
1,0,0,0,1
1,0,0,0,1
1,0,0,0,1
1,0,0,0,1
1,0,0,0,1
1,0,0,0,1
1,0,0,0,1
1,0,0,0,1
1,0,0,0,1
1,0,0,0,1
1,0,0,0,1
1,0,0,0,1
1,0,0,0,1
1,0,0,0,1
1,0,0,0,1
1,0,0,0,1
1,0,0,0,1
1,0,0,0,1
1,0,0,0,1
1,0,0,0,1
1,0,0,0,1
1,0,0,0,1
1,0,0,0,1
1,0,0,0,1
1,8,3,0,12
1,0,0,0,1
1,0,0,0,1
1,0,0,0,1
1,0,0,0,1
1,0,0,0,1
1,0,0,0,1
1,0,0,0,1
2,0,0,0,2
1,0,0,0,1
1,0,0,0,1
1,0,0,0,1
1,0,0,0,1
1,0,0,0,1
1,0,0,0,1
1,0,0,0,1
1,0,0,0,1
1,0,0,0,1
1,0,0,0,1
1,0,0,0,1
1,0,0,0,1
1,0,0,0,1
1,0,0,0,1
1,0,0,0,1
1,0,0,0,1
1,0,0,0,1
1,0,0,0,1
1,0,0,0,1
1,0,0,0,1
1,0,0,0,1
1,0,0,0,1
1,0,0,0,1
1,0,0,0,1
1,0,0,0,1
1,0,0,0,1
1,0,0,0,1
1,0,0,0,1
1,0,0,0,1
1,0,0,0,1
1,0,0,0,1
1,0,0,0,1
1,0,0,0,1
1,0,0,0,1
1,0,0,0,1
1,0,0,0,1
1,0,0,0,1
1,0,0,0,1
1,0,0,0,1
1,0,0,0,1
1,0,0,0,1
1,4,0,0,5
1,0,0,0,1
1,0,0,0,1
1,0,0,0,1
1,1,1,0,3
1,0,0,0,1
1,0,0,0,1
1,0,0,0,1
1,0,0,0,1
1,0,0,0,1
1,0,0,0,1
1,0,0,0,1
1,0,0,0,1
1,0,0,0,1
1,0,0,0,1
1,0,0,0,1
1,0,0,0,1
1,0,0,0,1
1,0,0,0,1
1,0,0,0,1
1,0,0,0,1
1,10,0,0,11
1,0,0,0,1
1,1,0,0,2
1,0,0,0,1
1,0,0,0,1
1,0,0,0,1
1,0,0,0,1
1,0,0,0,1
1,0,0,0,1
1,0,0,0,1
1,0,0,0,1
1,0,0,0,1
1,0,0,0,1
1,0,0,0,1
1,0,0,0,1
1,0,0,0,1
1,0,0,0,1
1,0,0,0,1
1,0,0,0,1
1,0,0,0,1
1,0,0,0,1
1,0,0,0,1
1,0,0,0,1
1,0,0,0,1
1,0,0,0,1
1,0,0,0,1
1,0,0,0,1
1,0,0,0,1
1,0,0,0,1
1,0,0,0,1
1,0,0,0,1
1,0,0,0,1
1,0,0,0,1
1,0,0,0,1
1,0,0,0,1
1,0,0,0,1
1,0,0,0,1
1,0,0,0,1
1,0,0,0,1
1,0,0,0,1
1,0,0,0,1
1,0,0,0,1
1,0,0,0,1
1,0,0,0,1
3,0,0,0,3
1,0,0,0,1
1,0,0,0,1
1,0,0,0,1
1,0,0,0,1
1,0,0,0,1
1,0,0,0,1
1,0,0,0,1
1,0,0,0,1
1,0,0,0,1
2,0,0,0,2
1,0,0,0,1
1,0,0,0,1
1,0,0,0,1
1,0,0,0,1
1,0,0,0,1
1,0,0,0,1
1,0,0,0,1
1,0,0,0,1
1,0,0,0,1
1,0,0,0,1
1,0,0,0,1
1,0,0,0,1
1,0,0,0,1
1,0,0,0,1
1,0,0,0,1
1,0,0,0,1
1,0,0,0,1
1,0,0,0,1
1,0,0,0,1
1,0,0,0,1
1,0,0,0,1
1,0,0,0,1
1,0,0,0,1
1,0,0,0,1
1,0,0,0,1
1,0,0,0,1
1,0,0,0,1
1,0,0,0,1
1,0,0,0,1
1,0,0,0,1
1,0,0,0,1
1,0,0,0,1
1,0,0,0,1
1,0,0,0,1
1,0,0,0,1
1,0,0,0,1
1,0,0,0,1
1,0,0,0,1
1,0,0,0,1
1,0,0,0,1
1,0,0,0,1
1,0,0,0,1
1,0,0,0,1
1,0,0,0,1
1,0,0,0,1
1,0,0,0,1
1,0,0,0,1
1,0,0,0,1
1,0,0,0,1
1,0,0,0,1
1,0,0,0,1
1,0,0,0,1
1,0,0,0,1
1,0,0,0,1
1,0,0,0,1
1,0,0,0,1
1,0,0,0,1
1,0,0,0,1
1,0,0,0,1
1,0,0,0,1
1,0,0,0,1
1,0,0,0,1
1,0,0,0,1
1,0,0,0,1
1,0,0,0,1
1,0,0,0,1
1,0,0,0,1
1,0,0,0,1
1,0,0,0,1
1,0,0,0,1
1,0,0,0,1
1,0,0,0,1
1,0,0,0,1
1,0,0,0,1
1,0,0,0,1
1,0,0,0,1
1,0,0,0,1
1,0,0,0,1
1,0,0,0,1
1,0,0,0,1
1,0,0,0,1
1,0,0,0,1
1,0,0,0,1
2,0,0,0,2
1,0,0,0,1
1,0,0,0,1
1,0,0,0,1
1,0,0,0,1
1,0,0,0,1
1,0,0,0,1
1,0,0,0,1
1,0,0,0,1
1,0,0,0,1
1,0,0,0,1
1,0,0,0,1
1,0,0,0,1
1,0,0,0,1
1,0,0,0,1
1,0,0,0,1
1,0,0,0,1
1,0,0,0,1
1,0,0,0,1
1,0,0,0,1
1,0,0,0,1
1,0,0,0,1
1,0,0,0,1
1,0,0,0,1
1,0,0,0,1
1,0,0,0,1
1,0,0,0,1
1,0,0,0,1
1,0,0,0,1
1,0,0,0,1
1,0,0,0,1
1,0,0,0,1
1,0,0,0,1
1,0,0,0,1
1,0,0,0,1
1,0,0,0,1
1,0,0,0,1
1,0,0,0,1
1,5,0,0,6
1,0,0,0,1
2,0,0,0,2
1,0,0,0,1
1,0,0,0,1
1,0,0,0,1
1,1,0,0,2
1,0,0,0,1
1,0,0,0,1
1,0,0,0,1
1,0,0,0,1
1,0,0,0,1
1,0,0,0,1
1,0,0,0,1
1,0,0,0,1
1,0,0,0,1
1,0,0,0,1
1,0,0,0,1
1,0,0,0,1
1,0,0,0,1
1,0,0,0,1
1,0,0,0,1
1,0,0,0,1
1,0,0,0,1
1,79,0,0,80
1,0,0,0,1
1,0,0,0,1
1,0,0,0,1
1,0,0,0,1
1,0,0,0,1
1,0,0,0,1
1,0,0,0,1
2,2,0,0,4
1,1,1,0,3
1,0,0,0,1
1,0,0,0,1
1,0,0,0,1
1,0,0,0,1
1,0,0,0,1
1,0,0,0,1
1,0,0,0,1
1,0,0,0,1
1,0,0,0,1
1,0,0,0,1
1,0,0,0,1
1,0,0,0,1
1,0,0,0,1
1,0,0,0,1
1,0,0,0,1
1,0,0,0,1
1,0,0,0,1
1,0,0,0,1
1,0,0,0,1
1,0,0,0,1
1,0,0,0,1
1,2,0,0,3
1,17,1,0,19
1,0,0,0,1
1,0,0,0,1
1,0,0,0,1
1,0,0,0,1
1,0,0,0,1
1,0,0,0,1
1,0,0,0,1
1,0,0,0,1
1,0,0,0,1
1,0,0,0,1
1,0,0,0,1
1,0,0,0,1
1,0,0,0,1
1,0,0,0,1
1,0,0,0,1
1,0,0,0,1
1,1,0,0,2
1,0,0,0,1
1,0,0,0,1
1,0,0,0,1
1,0,0,0,1
1,0,0,0,1
1,0,0,0,1
1,0,0,0,1
1,0,0,0,1
1,0,0,0,1
1,0,0,0,1
1,0,0,0,1
1,0,0,0,1
1,0,0,0,1
1,0,0,0,1
1,0,0,0,1
1,0,0,0,1
1,0,0,0,1
1,0,0,0,1
1,0,0,0,1
1,0,0,0,1
1,0,0,0,1
1,0,0,0,1
1,0,0,0,1
1,0,0,0,1
2,0,0,0,2
1,0,0,0,1
1,0,0,0,1
1,0,0,0,1
1,0,0,0,1
1,0,0,0,1
1,0,0,0,1
1,0,0,0,1
1,0,0,0,1
1,0,0,0,1
1,0,0,0,1
1,0,0,0,1
1,0,0,0,1
1,0,0,0,1
1,0,0,0,1
1,0,0,0,1
1,0,0,0,1
1,0,0,0,1
1,0,0,0,1
1,0,0,0,1
1,0,0,0,1
1,0,0,0,1
1,0,0,0,1
2,0,0,0,2
1,0,0,0,1
1,0,0,0,1
1,0,0,0,1
1,0,0,0,1
2,0,0,0,2
1,0,0,0,1
1,0,0,0,1
1,0,0,0,1
1,0,0,0,1
1,0,0,0,1
1,0,0,0,1
1,0,0,0,1
1,0,0,0,1
1,0,0,0,1
1,0,0,0,1
1,0,0,0,1
1,0,0,0,1
1,0,0,0,1
1,0,0,0,1
1,0,0,0,1
1,0,0,0,1
1,0,0,0,1
1,0,0,0,1
1,0,0,0,1
1,0,0,0,1
1,0,0,0,1
1,0,0,0,1
1,0,0,0,1
1,1,0,0,2
1,0,0,0,1
1,0,0,0,1
1,0,0,0,1
1,0,0,0,1
1,0,0,0,1
1,0,0,0,1
1,0,0,0,1
1,0,0,0,1
1,0,0,0,1
1,0,0,0,1
1,0,0,0,1
1,0,0,0,1
1,0,0,0,1
1,0,0,0,1
1,0,0,0,1
1,0,0,0,1
1,0,0,0,1
1,0,0,0,1
1,0,0,0,1
1,0,0,0,1
1,0,0,0,1
1,0,0,0,1
1,0,0,0,1
1,0,0,0,1
1,0,0,0,1
1,0,0,0,1
1,0,0,0,1
1,0,0,0,1
1,0,0,0,1
1,0,0,0,1
1,0,0,0,1
1,0,0,0,1
1,0,0,0,1
1,0,0,0,1
1,0,0,0,1
1,0,0,0,1
1,0,0,0,1
1,0,0,0,1
1,0,0,0,1
1,0,0,0,1
1,0,0,0,1
1,0,0,0,1
1,1,1,0,3
1,0,0,0,1
1,0,0,0,1
1,0,0,0,1
1,0,0,0,1
1,0,0,0,1
1,0,0,0,1
1,0,0,0,1
1,0,0,0,1
1,0,0,0,1
1,0,0,0,1
1,0,0,0,1
1,32,0,0,33
1,0,0,0,1
1,0,0,0,1
1,0,0,0,1
1,0,0,0,1
1,0,0,0,1
1,0,0,0,1
1,0,0,0,1
1,0,0,0,1
1,0,0,0,1
1,0,0,0,1
1,0,0,0,1
1,0,0,0,1
1,0,0,0,1
1,0,0,0,1
1,0,0,0,1
1,0,0,0,1
1,0,0,0,1
1,0,0,0,1
1,0,0,0,1
1,0,0,0,1
1,0,0,0,1
1,0,0,0,1
1,0,0,0,1
1,0,0,0,1
1,0,0,0,1
1,0,0,0,1
1,0,0,0,1
1,0,0,0,1
1,0,0,0,1
1,0,0,0,1
1,0,0,0,1
1,0,0,0,1
1,0,0,0,1
1,0,0,0,1
1,0,0,0,1
1,0,0,0,1
1,0,0,0,1
1,0,0,0,1
1,0,0,0,1
1,1,0,0,2
1,0,0,0,1
1,0,0,0,1
1,0,0,0,1
1,0,0,0,1
1,0,0,0,1
1,0,0,0,1
1,0,0,0,1
1,0,0,0,1
2,0,0,0,2
1,0,0,0,1
1,0,0,0,1
1,0,0,0,1
1,0,0,0,1
1,0,0,0,1
1,0,0,0,1
1,0,0,0,1
1,0,0,0,1
1,0,0,0,1
1,0,0,0,1
1,0,0,0,1
1,0,0,0,1
2,1,0,0,3
1,0,0,0,1
1,0,0,0,1
1,0,0,0,1
1,0,0,0,1
1,0,0,0,1
1,0,0,0,1
1,0,0,0,1
1,0,0,0,1
1,0,0,0,1
1,0,0,0,1
1,0,0,0,1
1,0,0,0,1
1,0,0,0,1
1,0,0,0,1
1,0,0,0,1
1,0,0,0,1
1,0,0,0,1
1,0,0,0,1
1,0,0,0,1
1,0,0,0,1
1,0,0,0,1
1,0,0,0,1
1,0,0,0,1
1,0,0,0,1
1,0,0,0,1
1,0,0,0,1
1,0,0,0,1
1,0,0,0,1
1,5,1,0,7
1,0,0,0,1
1,0,0,0,1
1,0,0,0,1
1,0,0,0,1
1,0,0,0,1
1,2,0,0,3
1,0,0,0,1
1,0,0,0,1
1,0,0,0,1
1,0,0,0,1
1,0,0,0,1
1,0,0,0,1
1,0,0,0,1
1,11,0,0,12
1,0,0,0,1
2,0,0,0,2
2,0,0,0,2
1,0,0,0,1
1,0,0,0,1
1,0,0,0,1
1,0,0,0,1
1,0,0,0,1
1,0,0,0,1
1,0,0,0,1
1,0,0,0,1
1,0,0,0,1
2,0,0,0,2
1,0,0,0,1
1,0,0,0,1
1,0,0,0,1
1,0,0,0,1
1,0,0,0,1
1,0,0,0,1
1,0,0,0,1
1,0,0,0,1
1,0,0,0,1
1,0,0,0,1
1,0,0,0,1
1,0,0,0,1
1,0,0,0,1
1,0,0,0,1
1,0,0,0,1
1,0,0,0,1
1,0,0,0,1
1,0,0,0,1
1,0,0,0,1
1,0,0,0,1
1,0,0,0,1
1,0,0,0,1
1,0,0,0,1
1,0,0,0,1
1,0,0,0,1
1,0,0,0,1
1,0,0,0,1
1,0,0,0,1
1,0,0,0,1
1,0,0,0,1
1,0,0,0,1
1,0,0,0,1
1,0,0,0,1
1,0,0,0,1
1,0,0,0,1
1,0,0,0,1
1,0,0,0,1
1,0,0,0,1
1,0,0,0,1
1,0,0,0,1
1,0,0,0,1
1,0,0,0,1
1,0,0,0,1
1,0,0,0,1
1,0,0,0,1
1,0,0,0,1
1,0,0,0,1
1,0,0,0,1
1,0,0,0,1
1,0,0,0,1
1,0,0,0,1
1,0,0,0,1
1,0,0,0,1
1,0,0,0,1
1,0,0,0,1
1,0,0,0,1
1,0,0,0,1
1,0,0,0,1
1,0,0,0,1
1,0,0,0,1
1,0,0,0,1
1,0,0,0,1
1,0,0,0,1
1,0,0,0,1
1,0,0,0,1
1,0,0,0,1
1,0,0,0,1
1,0,0,0,1
1,0,0,0,1
1,0,0,0,1
1,0,0,0,1
1,0,0,0,1
2,0,0,0,2
1,0,0,0,1
1,0,0,0,1
1,0,0,0,1
2,0,0,0,2
1,0,0,0,1
1,0,0,0,1
1,0,0,0,1
1,0,0,0,1
1,0,0,0,1
1,0,0,0,1
1,0,0,0,1
1,0,0,0,1
1,0,0,0,1
1,0,0,0,1
1,0,0,0,1
1,0,0,0,1
1,0,0,0,1
1,0,0,0,1
1,0,0,0,1
1,0,0,0,1
2,0,0,0,2
1,0,0,0,1
1,0,0,0,1
1,0,0,0,1
1,0,0,0,1
1,0,0,0,1
1,0,0,0,1
1,0,0,0,1
1,0,0,0,1
1,0,0,0,1
1,0,0,0,1
1,0,0,0,1
1,0,0,0,1
1,0,0,0,1
1,0,0,0,1
1,0,0,0,1
1,0,0,0,1
2,0,0,0,2
1,0,0,0,1
1,0,0,0,1
1,4,0,0,5
1,0,0,0,1
1,0,0,0,1
1,0,0,0,1
1,0,0,0,1
1,0,0,0,1
1,0,0,0,1
1,0,0,0,1
1,0,0,0,1
1,0,0,0,1
1,0,0,0,1
1,0,0,0,1
1,0,0,0,1
2,0,0,0,2
1,0,0,0,1
1,0,0,0,1
1,0,0,0,1
1,0,0,0,1
1,0,0,0,1
1,0,0,0,1
1,0,0,0,1
1,0,0,0,1
1,0,0,0,1
1,0,0,0,1
1,0,0,0,1
1,0,0,0,1
1,0,0,0,1
1,0,0,0,1
1,0,0,0,1
1,0,0,0,1
1,0,0,0,1
1,0,0,0,1
1,0,0,0,1
1,0,0,0,1
1,0,0,0,1
1,0,0,0,1
1,0,0,0,1
1,0,0,0,1
1,0,0,0,1
1,0,0,0,1
1,0,0,0,1
1,0,0,0,1
1,0,0,0,1
1,0,0,0,1
1,0,0,0,1
1,0,0,0,1
1,0,0,0,1
1,0,0,0,1
1,0,1,0,2
1,0,0,0,1
1,0,0,0,1
1,0,0,0,1
1,0,0,0,1
1,0,0,0,1
1,0,0,0,1
1,0,0,0,1
1,0,0,0,1
1,0,0,0,1
1,0,0,0,1
2,0,0,0,2
1,0,0,0,1
1,0,0,0,1
1,0,0,0,1
1,0,0,0,1
1,0,0,0,1
1,0,0,0,1
1,0,0,0,1
1,0,0,0,1
1,0,0,0,1
1,0,0,0,1
1,0,0,0,1
1,0,0,0,1
1,0,0,0,1
1,0,0,0,1
2,2,1,0,5
1,0,0,0,1
1,0,0,0,1
1,0,0,0,1
1,0,0,0,1
1,0,0,0,1
1,0,0,0,1
1,0,0,0,1
1,0,0,0,1
1,0,0,0,1
1,0,0,0,1
1,0,0,0,1
1,0,0,0,1
1,0,0,0,1
1,0,0,0,1
1,0,0,0,1
1,0,0,0,1
1,0,0,0,1
1,0,0,0,1
1,0,0,0,1
1,0,0,0,1
1,0,0,0,1
1,0,0,0,1
1,0,0,0,1
1,0,0,0,1
1,0,0,0,1
1,0,0,0,1
1,0,0,0,1
1,0,0,0,1
1,0,0,0,1
1,0,0,0,1
1,0,0,0,1
1,0,0,0,1
1,2,0,0,3
1,0,0,0,1
1,0,0,0,1
1,0,0,0,1
1,0,0,0,1
1,0,0,0,1
1,0,0,0,1
1,0,0,0,1
1,2,1,0,4
1,0,0,0,1
1,0,0,0,1
1,0,0,0,1
1,0,0,0,1
1,0,0,0,1
1,0,0,0,1
1,92,0,0,93
1,0,0,0,1
1,0,0,0,1
1,0,0,0,1
1,0,0,0,1
1,0,0,0,1
1,0,0,0,1
1,0,0,0,1
1,0,0,0,1
1,0,0,0,1
1,0,0,0,1
1,0,0,0,1
1,0,0,0,1
1,0,0,0,1
1,0,0,0,1
1,0,0,0,1
1,0,0,0,1
1,0,0,0,1
1,0,0,0,1
1,0,0,0,1
1,0,0,0,1
1,0,0,0,1
1,0,0,0,1
1,0,0,0,1
1,0,0,0,1
1,0,0,0,1
1,0,0,0,1
1,0,0,0,1
1,0,0,0,1
1,0,0,0,1
1,0,0,0,1
1,0,0,0,1
1,0,0,0,1
1,0,0,0,1
1,0,0,0,1
1,0,0,0,1
1,0,0,0,1
1,0,0,0,1
2,0,0,0,2
1,3,0,0,4
1,0,0,0,1
1,0,0,0,1
1,0,0,0,1
1,0,0,0,1
1,0,0,0,1
1,0,0,0,1
1,0,0,0,1
1,0,0,0,1
2,0,0,0,2
1,0,0,0,1
1,0,0,0,1
1,0,0,0,1
1,0,0,0,1
1,0,0,0,1
1,0,0,0,1
1,0,0,0,1
1,0,0,0,1
1,0,0,0,1
1,0,0,0,1
1,0,0,0,1
1,0,0,0,1
1,0,0,0,1
1,0,0,0,1
1,0,0,0,1
1,0,0,0,1
1,0,0,0,1
1,0,0,0,1
1,0,0,0,1
1,0,0,0,1
1,0,0,0,1
1,0,0,0,1
1,0,0,0,1
1,0,0,0,1
1,0,0,0,1
1,0,0,0,1
1,0,0,0,1
1,0,0,0,1
1,0,0,0,1
1,0,0,0,1
1,0,0,0,1
1,0,0,0,1
1,0,0,0,1
1,0,0,0,1
1,0,0,0,1
1,0,0,0,1
1,0,0,0,1
1,0,0,0,1
1,0,0,0,1
1,0,0,0,1
1,0,0,0,1
1,0,0,0,1
1,0,0,0,1
1,0,0,0,1
1,0,0,0,1
1,0,0,0,1
1,0,0,0,1
2,0,0,0,2
1,0,0,0,1
1,0,0,0,1
1,3,0,0,4
1,0,0,0,1
1,0,0,0,1
1,0,0,0,1
1,0,0,0,1
1,0,0,0,1
1,0,0,0,1
1,0,0,0,1
1,0,0,0,1
1,0,0,0,1
1,0,0,0,1
1,0,0,0,1
1,0,0,0,1
1,0,0,0,1
1,0,0,0,1
1,0,0,0,1
1,0,0,0,1
1,0,0,0,1
1,0,0,0,1
1,0,0,0,1
1,0,0,0,1
1,0,0,0,1
1,0,0,0,1
1,0,0,0,1
1,0,0,0,1
1,0,0,0,1
1,1,0,0,2
1,0,0,0,1
1,0,0,0,1
1,0,0,0,1
1,0,0,0,1
1,0,0,0,1
1,0,0,0,1
1,0,0,0,1
1,0,0,0,1
2,0,0,0,2
1,0,0,0,1
1,0,0,0,1
1,0,0,0,1
1,0,0,0,1
1,0,0,0,1
1,0,0,0,1
1,0,0,0,1
1,0,0,0,1
1,0,0,0,1
1,0,0,0,1
1,0,0,0,1
1,0,1,0,2
1,0,0,0,1
1,0,0,0,1
1,0,0,0,1
1,0,0,0,1
1,0,0,0,1
1,0,0,0,1
1,0,0,0,1
1,0,0,0,1
1,0,0,0,1
1,0,0,0,1
1,0,0,0,1
1,0,0,0,1
1,0,0,0,1
1,0,0,0,1
1,0,0,0,1
1,0,0,0,1
1,0,0,0,1
1,0,0,0,1
1,0,0,0,1
1,0,0,0,1
1,0,0,0,1
1,0,1,0,2
1,0,0,0,1
1,0,0,0,1
1,0,0,0,1
1,0,0,0,1
1,0,0,0,1
1,0,0,0,1
1,0,0,0,1
1,0,0,0,1
1,0,0,0,1
1,0,0,0,1
1,0,0,0,1
1,0,0,0,1
1,0,0,0,1
1,0,0,0,1
1,0,0,0,1
1,7,0,0,8
1,0,0,0,1
1,0,0,0,1
1,0,0,0,1
1,0,0,0,1
1,0,0,0,1
1,0,0,0,1
1,0,0,0,1
1,0,0,0,1
1,0,0,0,1
1,0,0,0,1
1,0,0,0,1
1,0,0,0,1
1,0,0,0,1
1,0,0,0,1
1,0,0,0,1
1,0,0,0,1
1,0,0,0,1
1,0,0,0,1
1,0,0,0,1
1,0,0,0,1
1,0,0,0,1
1,0,0,0,1
1,0,0,0,1
2,0,0,0,2
1,0,0,0,1
1,0,0,0,1
1,0,0,0,1
1,0,0,0,1
1,0,0,0,1
1,0,0,0,1
1,0,0,0,1
1,0,0,0,1
1,0,0,0,1
1,0,0,0,1
1,0,0,0,1
1,0,0,0,1
1,0,0,0,1
1,0,0,0,1
1,0,0,0,1
1,0,0,0,1
1,0,0,0,1
1,0,0,0,1
1,0,0,0,1
1,0,0,0,1
1,0,0,0,1
1,0,0,0,1
1,0,0,0,1
1,0,0,0,1
1,0,0,0,1
1,0,0,0,1
1,0,0,0,1
1,0,0,0,1
1,0,0,0,1
1,0,0,0,1
1,0,0,0,1
1,0,0,0,1
1,0,0,0,1
1,0,0,0,1
1,0,0,0,1
1,0,0,0,1
1,0,0,0,1
1,0,0,0,1
1,0,0,0,1
1,0,0,0,1
1,0,0,0,1
1,0,0,0,1
1,0,0,0,1
1,0,0,0,1
1,0,0,0,1
1,0,0,0,1
1,0,0,0,1
1,0,0,0,1
1,0,0,0,1
1,0,0,0,1
1,0,0,0,1
1,0,0,0,1
1,0,0,0,1
1,0,0,0,1
1,0,0,0,1
1,0,0,0,1
1,0,0,0,1
1,0,0,0,1
1,0,0,0,1
1,0,0,0,1
1,0,0,0,1
1,0,0,0,1
1,0,0,0,1
1,0,0,0,1
1,0,0,0,1
1,0,0,0,1
1,0,0,0,1
1,0,0,0,1
1,0,0,0,1
1,0,0,0,1
1,0,0,0,1
1,0,0,0,1
1,0,0,0,1
1,0,0,0,1
1,0,0,0,1
1,0,0,0,1
1,0,0,0,1
1,0,0,0,1
1,0,0,0,1
1,1,0,0,2
1,0,0,0,1
1,0,0,0,1
1,0,0,0,1
1,0,0,0,1
1,0,0,0,1
1,0,0,0,1
1,0,0,0,1
1,0,0,0,1
1,0,0,0,1
1,0,0,0,1
1,0,0,0,1
1,0,0,0,1
1,0,0,0,1
1,0,0,0,1
1,0,0,0,1
1,0,0,0,1
1,0,0,0,1
2,0,0,0,2
1,0,0,0,1
1,0,0,0,1
1,0,0,0,1
1,0,0,0,1
1,0,0,0,1
1,0,0,0,1
1,0,0,0,1
1,0,0,0,1
1,0,0,0,1
1,0,0,0,1
1,0,0,0,1
1,0,0,0,1
1,0,0,0,1
1,0,0,0,1
1,0,0,0,1
1,0,0,0,1
1,0,0,0,1
1,0,0,0,1
1,0,0,0,1
1,28,0,0,29
1,0,0,0,1
1,0,0,0,1
1,0,0,0,1
1,0,0,0,1
1,0,0,0,1
1,0,0,0,1
2,0,0,0,2
2,0,0,0,2
1,0,0,0,1
1,0,0,0,1
1,0,0,0,1
1,0,0,0,1
1,0,0,0,1
1,0,0,0,1
1,0,0,0,1
1,0,0,0,1
1,0,0,0,1
1,0,0,0,1
1,0,0,0,1
1,0,0,0,1
1,0,0,0,1
1,0,0,0,1
1,0,0,0,1
1,0,0,0,1
1,0,0,0,1
1,0,0,0,1
1,0,0,0,1
1,0,0,0,1
1,0,0,0,1
1,0,0,0,1
1,0,0,0,1
1,0,0,0,1
1,0,0,0,1
2,0,0,0,2
1,0,0,0,1
1,0,0,0,1
1,0,0,0,1
1,0,0,0,1
2,0,0,0,2
1,0,0,0,1
1,0,0,0,1
1,0,0,0,1
1,0,0,0,1
1,0,0,0,1
1,0,0,0,1
1,0,0,0,1
1,0,0,0,1
1,0,0,0,1
1,0,0,0,1
2,0,0,0,2
1,0,0,0,1
1,0,0,0,1
2,0,0,0,2
1,0,0,0,1
1,0,0,0,1
1,0,0,0,1
1,0,0,0,1
1,0,0,0,1
1,0,0,0,1
1,0,0,0,1
1,0,0,0,1
1,0,0,0,1
1,0,0,0,1
1,0,0,0,1
1,1,0,0,2
1,0,0,0,1
1,0,0,0,1
1,0,0,0,1
1,0,0,0,1
1,0,0,0,1
1,0,0,0,1
1,0,0,0,1
1,0,0,0,1
1,0,0,0,1
1,0,0,0,1
1,0,0,0,1
1,0,0,0,1
1,0,0,0,1
1,0,0,0,1
1,0,0,0,1
1,0,0,0,1
1,0,0,0,1
1,0,0,0,1
1,0,0,0,1
1,2,0,0,3
1,0,0,0,1
1,3,0,0,4
2,0,0,0,2
1,0,0,0,1
1,0,0,0,1
1,0,0,0,1
1,0,0,0,1
1,0,0,0,1
1,0,0,0,1
1,0,0,0,1
1,1,0,0,2
1,0,0,0,1
1,0,0,0,1
1,0,0,0,1
1,0,0,0,1
1,0,0,0,1
1,0,0,0,1
1,0,0,0,1
1,0,0,0,1
1,0,0,0,1
1,0,0,0,1
1,0,0,0,1
1,0,0,0,1
1,0,0,0,1
1,0,0,0,1
1,0,0,0,1
1,0,0,0,1
1,0,0,0,1
1,0,0,0,1
1,0,0,0,1
1,3,0,0,4
1,0,0,0,1
1,0,0,0,1
1,0,0,0,1
1,0,0,0,1
1,0,0,0,1
1,0,0,0,1
1,0,0,0,1
1,0,0,0,1
1,3,0,0,4
1,0,0,0,1
1,0,0,0,1
1,0,0,0,1
1,0,0,0,1
1,0,0,0,1
1,0,0,0,1
1,0,0,0,1
1,0,0,0,1
1,0,0,0,1
1,0,0,0,1
1,0,0,0,1
1,0,0,0,1
1,0,0,0,1
1,0,0,0,1
1,0,0,0,1
1,0,0,0,1
1,0,0,0,1
1,0,0,0,1
1,0,0,0,1
1,0,0,0,1
1,0,0,0,1
1,0,0,0,1
1,0,0,0,1
1,0,0,0,1
1,0,0,0,1
1,0,0,0,1
1,0,0,0,1
1,0,0,0,1
1,0,0,0,1
1,0,0,0,1
1,0,0,0,1
1,0,0,0,1
1,0,1,0,2
1,0,0,0,1
2,0,0,0,2
1,0,0,0,1
1,0,0,0,1
1,0,0,0,1
1,0,0,0,1
1,0,0,0,1
1,0,0,0,1
1,0,0,0,1
1,0,0,0,1
1,0,0,0,1
1,0,0,0,1
1,0,0,0,1
1,0,0,0,1
1,0,0,0,1
1,0,0,0,1
1,0,0,0,1
1,0,0,0,1
1,0,0,0,1
1,0,0,0,1
1,0,0,0,1
1,0,0,0,1
1,0,0,0,1
1,0,0,0,1
1,0,0,0,1
1,0,0,0,1
1,0,0,0,1
1,0,0,0,1
1,0,0,0,1
1,0,1,0,2
1,0,0,0,1
1,0,0,0,1
1,0,0,0,1
1,0,0,0,1
1,0,0,0,1
1,0,0,0,1
1,0,0,0,1
1,0,0,0,1
1,0,0,0,1
1,0,0,0,1
1,0,0,0,1
1,0,0,0,1
1,10,2,0,13
1,0,0,0,1
1,0,0,0,1
1,0,0,0,1
1,0,0,0,1
1,0,0,0,1
1,0,0,0,1
2,0,0,0,2
1,0,0,0,1
1,0,0,0,1
1,0,0,0,1
1,0,0,0,1
1,0,0,0,1
1,0,0,0,1
1,0,0,0,1
1,0,0,0,1
1,0,0,0,1
1,0,0,0,1
1,0,0,0,1
1,0,0,0,1
1,0,0,0,1
1,0,0,0,1
1,0,0,0,1
1,1,1,0,3
1,0,0,0,1
1,0,0,0,1
1,0,0,0,1
1,0,0,0,1
1,22,0,0,23
1,0,0,0,1
1,0,0,0,1
1,0,0,0,1
1,0,0,0,1
1,0,0,0,1
1,1,0,0,2
1,0,0,0,1
1,0,0,0,1
1,0,0,0,1
1,0,0,0,1
1,0,0,0,1
1,0,0,0,1
1,0,0,0,1
1,0,0,0,1
1,0,0,0,1
1,0,0,0,1
1,0,0,0,1
1,0,0,0,1
1,0,0,0,1
1,0,0,0,1
1,0,0,0,1
1,0,0,0,1
1,0,0,0,1
1,0,0,0,1
1,0,0,0,1
1,0,0,0,1
1,0,0,0,1
1,0,0,0,1
1,0,0,0,1
1,0,0,0,1
1,0,0,0,1
1,0,0,0,1
1,0,0,0,1
1,0,0,0,1
1,0,0,0,1
1,0,0,0,1
1,0,0,0,1
1,0,0,0,1
1,0,0,0,1
1,0,0,0,1
1,4,0,0,5
1,0,0,0,1
1,0,0,0,1
1,0,0,0,1
1,0,0,0,1
1,0,0,0,1
1,0,0,0,1
1,0,0,0,1
1,0,0,0,1
1,0,0,0,1
1,0,0,0,1
1,0,0,0,1
1,0,0,0,1
1,0,0,0,1
1,0,0,0,1
1,0,0,0,1
1,0,0,0,1
1,0,0,0,1
1,0,0,0,1
1,0,0,0,1
1,0,0,0,1
1,0,0,0,1
1,4,0,0,5
1,0,0,0,1
1,0,0,0,1
1,0,0,0,1
1,0,0,0,1
1,0,0,0,1
1,0,0,0,1
1,0,0,0,1
1,0,0,0,1
1,0,0,0,1
1,0,0,0,1
1,0,0,0,1
1,0,0,0,1
1,0,0,0,1
1,0,0,0,1
1,0,0,0,1
1,0,0,0,1
1,0,0,0,1
1,0,0,0,1
1,0,0,0,1
1,0,0,0,1
1,0,0,0,1
1,0,0,0,1
1,0,0,0,1
1,0,0,0,1
1,0,0,0,1
1,0,0,0,1
1,0,0,0,1
1,0,0,0,1
1,0,0,0,1
1,0,0,0,1
1,0,0,0,1
1,0,0,0,1
1,0,0,0,1
1,0,0,0,1
1,0,0,0,1
1,0,0,0,1
1,0,0,0,1
1,0,0,0,1
1,0,0,0,1
1,0,0,0,1
1,0,0,0,1
1,0,0,0,1
1,0,0,0,1
1,0,0,0,1
1,0,0,0,1
1,0,0,0,1
1,0,0,0,1
1,0,0,0,1
1,0,0,0,1
1,0,0,0,1
1,0,0,0,1
1,0,0,0,1
1,0,0,0,1
1,0,0,0,1
1,0,0,0,1
1,0,0,0,1
1,0,0,0,1
1,0,0,0,1
1,0,0,0,1
1,0,0,0,1
1,0,0,0,1
1,0,0,0,1
1,0,0,0,1
1,0,0,0,1
1,0,0,0,1
1,0,0,0,1
1,0,0,0,1
1,0,0,0,1
1,0,0,0,1
1,0,0,0,1
1,0,0,0,1
1,0,0,0,1
1,0,0,0,1
1,0,0,0,1
1,0,0,0,1
1,0,0,0,1
1,0,0,0,1
1,0,0,0,1
1,0,0,0,1
1,0,0,0,1
1,0,0,0,1
1,0,0,0,1
1,0,0,0,1
1,0,0,0,1
1,0,0,0,1
1,0,0,0,1
1,0,0,0,1
1,0,0,0,1
1,0,0,0,1
1,0,0,0,1
1,0,0,0,1
1,0,0,0,1
1,0,0,0,1
1,0,0,0,1
1,0,0,0,1
1,0,0,0,1
1,0,0,0,1
1,0,0,0,1
1,0,0,0,1
1,0,0,0,1
1,0,0,0,1
1,0,0,0,1
1,0,0,0,1
1,0,0,0,1
1,0,0,0,1
1,0,0,0,1
1,0,0,0,1
2,0,0,0,2
1,0,0,0,1
1,0,0,0,1
1,0,0,0,1
1,0,0,0,1
1,0,0,0,1
1,0,0,0,1
1,0,0,0,1
1,0,0,0,1
1,0,0,0,1
1,0,0,0,1
1,0,0,0,1
1,0,0,0,1
1,0,0,0,1
1,0,0,0,1
1,0,0,0,1
2,0,0,0,2
1,0,0,0,1
1,0,0,0,1
1,0,0,0,1
1,0,0,0,1
1,0,0,0,1
1,593,0,0,594
1,0,0,0,1
1,0,0,0,1
1,0,0,0,1
1,0,0,0,1
1,0,0,0,1
1,0,0,0,1
1,0,0,0,1
1,0,0,0,1
1,0,0,0,1
1,0,0,0,1
1,0,0,0,1
1,0,0,0,1
1,0,0,0,1
1,0,0,0,1
1,0,0,0,1
1,0,0,0,1
1,0,0,0,1
1,0,0,0,1
1,0,0,0,1
1,0,0,0,1
1,0,0,0,1
1,0,0,0,1
1,0,0,0,1
1,0,0,0,1
1,0,0,0,1
1,0,0,0,1
1,0,0,0,1
1,0,0,0,1
1,0,0,0,1
1,0,0,0,1
1,4,0,0,5
1,0,0,0,1
1,0,0,0,1
1,0,0,0,1
1,0,0,0,1
1,0,0,0,1
1,0,0,0,1
1,0,0,0,1
1,0,0,0,1
1,0,0,0,1
1,0,0,0,1
1,0,0,0,1
1,12,1,0,14
1,0,0,0,1
1,0,0,0,1
1,0,0,0,1
1,0,0,0,1
1,0,0,0,1
1,0,0,0,1
1,0,0,0,1
1,19,1,0,21
1,0,0,0,1
1,0,0,0,1
1,0,0,0,1
1,0,0,0,1
1,0,0,0,1
1,0,0,0,1
1,0,0,0,1
1,0,0,0,1
1,0,0,0,1
1,0,0,0,1
1,0,0,0,1
1,0,0,0,1
2,0,0,0,2
1,0,0,0,1
1,1,0,0,2
1,0,0,0,1
1,0,0,0,1
1,0,0,0,1
1,0,0,0,1
1,0,0,0,1
1,0,0,0,1
1,0,0,0,1
1,0,0,0,1
1,0,0,0,1
1,0,0,0,1
1,0,0,0,1
1,0,0,0,1
1,0,0,0,1
1,0,0,0,1
1,0,0,0,1
1,0,0,0,1
1,0,0,0,1
1,0,0,0,1
1,0,0,0,1
1,0,0,0,1
1,0,0,0,1
1,0,0,0,1
1,0,0,0,1
1,0,0,0,1
1,0,0,0,1
1,0,0,0,1
1,0,0,0,1
1,0,0,0,1
1,0,0,0,1
1,0,0,0,1
1,0,0,0,1
1,0,0,0,1
1,0,0,0,1
1,0,0,0,1
1,28,0,0,29
1,3,0,0,4
1,0,0,0,1
1,0,0,0,1
1,0,0,0,1
2,0,0,0,2
1,0,0,0,1
1,0,0,0,1
1,0,0,0,1
1,0,0,0,1
1,0,0,0,1
1,0,0,0,1
1,0,0,0,1
1,0,0,0,1
1,0,0,0,1
1,0,0,0,1
1,0,0,0,1
1,0,0,0,1
1,0,0,0,1
1,0,0,0,1
1,2,0,0,3
1,0,0,0,1
1,0,0,0,1
1,0,0,0,1
1,0,0,0,1
1,0,0,0,1
1,0,0,0,1
1,0,0,0,1
1,0,0,0,1
1,0,0,0,1
1,0,0,0,1
1,0,0,0,1
1,1,0,0,2
1,0,0,0,1
1,0,0,0,1
1,0,0,0,1
1,0,0,0,1
1,0,0,0,1
1,0,0,0,1
1,0,0,0,1
1,0,0,0,1
1,0,0,0,1
1,2,0,0,3
1,0,0,0,1
1,4,0,0,5
1,0,0,0,1
2,0,0,0,2
1,0,0,0,1
1,0,0,0,1
1,0,0,0,1
1,0,0,0,1
1,0,0,0,1
1,0,0,0,1
1,0,0,0,1
1,0,0,0,1
1,0,0,0,1
1,0,0,0,1
2,0,1,0,3
1,0,0,0,1
1,0,0,0,1
1,0,0,0,1
1,0,0,0,1
1,1,0,0,2
1,0,0,0,1
1,0,0,0,1
1,0,0,0,1
1,0,0,0,1
1,0,0,0,1
1,0,0,0,1
1,0,0,0,1
1,0,0,0,1
1,0,0,0,1
2,0,0,0,2
1,0,0,0,1
1,0,0,0,1
1,0,0,0,1
3,0,0,0,3
1,0,0,0,1
1,0,0,0,1
1,0,0,0,1
1,0,0,0,1
1,0,0,0,1
1,0,0,0,1
1,0,0,0,1
1,0,0,0,1
1,0,0,0,1
1,0,0,0,1
1,0,0,0,1
1,0,0,0,1
1,0,0,0,1
1,0,0,0,1
1,0,0,0,1
1,0,0,0,1
1,0,0,0,1
1,0,0,0,1
1,0,0,0,1
1,0,0,0,1
1,0,0,0,1
1,1,0,0,2
1,0,0,0,1
1,0,0,0,1
1,0,0,0,1
1,0,0,0,1
1,0,0,0,1
1,0,0,0,1
1,4,0,0,5
1,0,0,0,1
1,0,0,0,1
1,0,0,0,1
1,0,0,0,1
1,0,0,0,1
1,0,0,0,1
1,0,0,0,1
1,0,0,0,1
1,0,0,0,1
1,0,0,0,1
1,0,0,0,1
1,2,0,0,3
1,0,0,0,1
1,3,0,0,4
1,0,0,0,1
1,0,0,0,1
1,0,0,0,1
1,0,0,0,1
1,0,0,0,1
1,0,0,0,1
1,0,0,0,1
1,0,0,0,1
1,0,0,0,1
1,0,0,0,1
1,0,0,0,1
1,0,0,0,1
1,0,0,0,1
1,0,0,0,1
1,0,0,0,1
1,0,0,0,1
1,0,0,0,1
1,0,0,0,1
1,0,0,0,1
1,0,0,0,1
1,0,0,0,1
1,0,0,0,1
1,0,0,0,1
1,1,0,0,2
1,0,0,0,1
1,0,0,0,1
1,0,0,0,1
1,0,0,0,1
1,0,0,0,1
1,0,0,0,1
1,0,0,0,1
1,0,0,0,1
2,0,0,0,2
1,0,0,0,1
2,0,0,0,2
1,0,0,0,1
1,0,0,0,1
1,0,0,0,1
1,0,0,0,1
1,0,0,0,1
1,0,0,0,1
1,0,0,0,1
1,0,0,0,1
1,0,0,0,1
1,1,1,0,3
1,0,0,0,1
1,0,0,0,1
1,0,0,0,1
1,0,0,0,1
1,0,0,0,1
1,0,0,0,1
1,0,0,0,1
1,0,0,0,1
1,0,0,0,1
1,0,0,0,1
1,0,0,0,1
1,0,0,0,1
1,0,0,0,1
1,0,0,0,1
1,0,0,0,1
1,0,0,0,1
2,0,0,0,2
1,0,0,0,1
1,0,0,0,1
1,0,0,0,1
1,0,0,0,1
1,0,0,0,1
1,0,0,0,1
1,0,0,0,1
1,0,0,0,1
1,0,0,0,1
1,0,0,0,1
1,0,0,0,1
1,0,0,0,1
1,0,0,0,1
1,0,0,0,1
1,0,0,0,1
1,0,0,0,1
1,0,0,0,1
1,5,0,0,6
1,0,0,0,1
1,0,0,0,1
1,0,0,0,1
1,0,0,0,1
1,0,0,0,1
1,0,0,0,1
1,0,0,0,1
1,0,0,0,1
1,0,0,0,1
1,0,0,0,1
1,0,0,0,1
1,0,0,0,1
1,0,0,0,1
1,0,0,0,1
1,0,0,0,1
1,0,0,0,1
1,0,0,0,1
1,0,0,0,1
1,0,0,0,1
1,0,0,0,1
1,0,0,0,1
1,0,0,0,1
1,0,0,0,1
1,0,0,0,1
1,0,0,0,1
1,12,0,0,13
1,0,0,0,1
1,0,0,0,1
1,0,0,0,1
1,0,0,0,1
1,0,0,0,1
1,0,0,0,1
1,0,0,0,1
1,0,0,0,1
1,0,0,0,1
1,0,0,0,1
1,0,0,0,1
1,0,0,0,1
1,0,0,0,1
1,0,0,0,1
1,0,0,0,1
1,0,0,0,1
1,0,0,0,1
1,0,0,0,1
1,0,0,0,1
1,0,0,0,1
1,0,0,0,1
1,0,0,0,1
1,0,0,0,1
1,0,0,0,1
1,0,0,0,1
1,0,0,0,1
1,0,0,0,1
1,0,0,0,1
1,0,0,0,1
1,0,0,0,1
1,0,0,0,1
1,0,0,0,1
1,0,0,0,1
1,4,2,0,7
1,0,0,0,1
1,4,0,0,5
1,0,0,0,1
1,0,0,0,1
1,0,0,0,1
1,0,0,0,1
1,0,0,0,1
1,0,0,0,1
1,0,0,0,1
1,0,0,0,1
1,0,0,0,1
1,0,0,0,1
1,0,0,0,1
1,0,0,0,1
1,0,0,0,1
1,0,0,0,1
1,0,0,0,1
1,0,0,0,1
1,0,0,0,1
1,0,0,0,1
1,6,0,0,7
1,0,0,0,1
1,0,0,0,1
1,0,0,0,1
1,0,0,0,1
1,0,0,0,1
1,0,0,0,1
1,0,0,0,1
1,0,0,0,1
1,0,0,0,1
1,0,0,0,1
1,0,0,0,1
1,0,0,0,1
1,0,0,0,1
1,0,0,0,1
1,0,0,0,1
1,0,0,0,1
1,0,0,0,1
1,0,0,0,1
1,0,0,0,1
1,0,0,0,1
1,0,0,0,1
1,0,0,0,1
1,0,0,0,1
1,0,0,0,1
1,0,0,0,1
1,0,0,0,1
1,0,0,0,1
1,0,0,0,1
1,0,0,0,1
1,0,0,0,1
1,0,0,0,1
1,0,0,0,1
1,0,0,0,1
1,0,0,0,1
1,2,0,0,3
1,0,0,0,1
1,0,0,0,1
1,0,0,0,1
1,0,0,0,1
1,0,0,0,1
1,1,0,0,2
1,1,1,0,3
1,0,0,0,1
1,0,0,0,1
1,0,0,0,1
1,0,0,0,1
1,0,0,0,1
1,0,0,0,1
1,0,0,0,1
1,0,0,0,1
1,0,0,0,1
1,0,0,0,1
1,0,0,0,1
1,0,0,0,1
1,0,0,0,1
1,0,0,0,1
1,0,0,0,1
2,0,0,0,2
1,0,0,0,1
1,0,0,0,1
1,0,0,0,1
1,0,0,0,1
1,0,0,0,1
1,0,0,0,1
1,0,0,0,1
1,0,0,0,1
1,0,0,0,1
1,0,0,0,1
1,0,0,0,1
1,0,0,0,1
1,0,0,0,1
1,0,0,0,1
1,0,0,0,1
1,0,0,0,1
2,2,0,0,4
1,0,0,0,1
1,0,0,0,1
1,0,0,0,1
2,0,0,0,2
1,0,0,0,1
1,0,0,0,1
1,0,0,0,1
2,1,0,0,3
1,0,0,0,1
1,0,0,0,1
1,0,0,0,1
1,0,0,0,1
1,0,0,0,1
1,0,0,0,1
1,0,0,0,1
1,0,0,0,1
1,0,0,0,1
1,0,0,0,1
1,0,0,0,1
1,0,0,0,1
1,0,0,0,1
2,0,0,0,2
1,0,0,0,1
1,0,0,0,1
1,0,0,0,1
1,0,0,0,1
1,0,0,0,1
1,0,0,0,1
1,0,0,0,1
1,0,0,0,1
1,0,0,0,1
1,0,0,0,1
1,0,0,0,1
1,0,0,0,1
1,0,0,0,1
1,0,0,0,1
1,0,0,0,1
1,0,0,0,1
1,0,0,0,1
1,0,0,0,1
1,0,0,0,1
1,0,0,0,1
1,0,0,0,1
1,1,0,0,2
1,0,0,0,1
2,0,0,0,2
2,0,0,0,2
1,0,0,0,1
1,0,0,0,1
1,0,0,0,1
1,0,0,0,1
1,0,0,0,1
1,0,0,0,1
1,0,0,0,1
1,0,0,0,1
1,0,0,0,1
1,0,1,0,2
1,0,0,0,1
1,0,0,0,1
1,0,0,0,1
1,0,0,0,1
1,0,0,0,1
1,0,0,0,1
1,0,0,0,1
1,0,0,0,1
1,0,0,0,1
1,0,0,0,1
1,0,0,0,1
1,0,0,0,1
1,0,0,0,1
1,0,0,0,1
1,0,0,0,1
1,0,0,0,1
1,0,0,0,1
1,0,0,0,1
1,0,0,0,1
1,0,0,0,1
1,0,0,0,1
1,0,0,0,1
1,1,0,0,2
1,0,0,0,1
1,0,0,0,1
1,0,0,0,1
1,0,0,0,1
1,0,0,0,1
1,0,0,0,1
1,0,0,0,1
1,0,0,0,1
1,0,0,0,1
1,0,0,0,1
1,0,0,0,1
1,0,0,0,1
1,0,0,0,1
1,0,0,0,1
1,0,0,0,1
1,0,0,0,1
1,0,0,0,1
1,0,0,0,1
1,0,0,0,1
1,0,0,0,1
1,0,0,0,1
1,0,0,0,1
1,0,0,0,1
1,0,0,0,1
1,0,0,0,1
1,0,0,0,1
1,0,0,0,1
1,0,0,0,1
1,0,0,0,1
1,0,0,0,1
1,0,0,0,1
1,0,0,0,1
1,0,0,0,1
1,0,0,0,1
1,0,0,0,1
1,0,0,0,1
1,0,0,0,1
1,0,0,0,1
1,0,0,0,1
1,0,0,0,1
1,0,0,0,1
1,0,0,0,1
1,0,0,0,1
1,0,0,0,1
1,0,0,0,1
1,0,0,0,1
1,0,0,0,1
1,0,0,0,1
1,0,0,0,1
1,0,0,0,1
1,0,0,0,1
1,0,0,0,1
1,0,0,0,1
1,0,0,0,1
1,0,0,0,1
1,0,0,0,1
1,0,0,0,1
1,0,0,0,1
1,0,0,0,1
1,0,0,0,1
1,5,0,0,6
1,0,0,0,1
1,5,1,0,7
2,0,0,0,2
1,0,0,0,1
1,0,0,0,1
1,0,0,0,1
1,0,0,0,1
1,0,0,0,1
1,0,0,0,1
1,0,0,0,1
1,0,0,0,1
1,0,0,0,1
1,0,0,0,1
1,0,0,0,1
1,0,0,0,1
1,0,0,0,1
1,0,0,0,1
1,0,0,0,1
1,0,0,0,1
1,0,0,0,1
1,0,0,0,1
1,0,0,0,1
1,0,0,0,1
1,0,0,0,1
1,0,0,0,1
1,0,0,0,1
1,0,0,0,1
1,0,0,0,1
1,0,0,0,1
1,0,0,0,1
1,0,0,0,1
1,0,0,0,1
1,0,0,0,1
1,0,0,0,1
1,0,0,0,1
1,0,0,0,1
1,0,0,0,1
1,0,0,0,1
1,0,0,0,1
1,0,0,0,1
1,0,0,0,1
1,0,0,0,1
2,0,0,0,2
1,0,0,0,1
1,0,0,0,1
1,0,0,0,1
1,0,0,0,1
1,0,0,0,1
1,0,0,0,1
1,0,0,0,1
1,0,0,0,1
1,0,0,0,1
1,0,0,0,1
1,0,0,0,1
1,0,0,0,1
1,0,0,0,1
1,0,0,0,1
1,0,0,0,1
1,0,0,0,1
1,0,0,0,1
1,0,0,0,1
1,0,0,0,1
1,0,0,0,1
1,0,0,0,1
1,0,0,0,1
1,0,0,0,1
1,0,0,0,1
1,0,0,0,1
2,0,0,0,2
1,0,0,0,1
1,0,0,0,1
1,0,0,0,1
1,1,0,0,2
1,0,0,0,1
1,0,0,0,1
1,0,0,0,1
1,0,0,0,1
1,1,0,0,2
3,0,0,0,3
1,0,0,0,1
1,0,0,0,1
1,0,0,0,1
1,0,0,0,1
1,0,0,0,1
1,0,0,0,1
1,0,0,0,1
1,0,0,0,1
1,0,0,0,1
1,0,0,0,1
1,0,0,0,1
1,0,0,0,1
1,0,0,0,1
1,0,0,0,1
1,0,0,0,1
1,0,0,0,1
1,0,0,0,1
1,0,0,0,1
1,0,0,0,1
1,0,0,0,1
1,0,0,0,1
1,0,0,0,1
1,0,0,0,1
1,0,0,0,1
1,1,1,0,3
1,0,0,0,1
1,0,0,0,1
1,0,0,0,1
1,1,0,0,2
1,0,0,0,1
1,0,0,0,1
1,0,0,0,1
1,0,0,0,1
1,1,0,0,2
1,0,0,0,1
1,0,0,0,1
1,0,0,0,1
1,0,0,0,1
1,0,0,0,1
1,0,0,0,1
1,0,0,0,1
1,0,0,0,1
1,0,0,0,1
1,0,0,0,1
1,0,0,0,1
1,0,0,0,1
1,0,0,0,1
1,0,0,0,1
1,0,0,0,1
1,0,0,0,1
1,0,0,0,1
1,0,0,0,1
1,0,0,0,1
1,0,0,0,1
1,0,0,0,1
1,0,0,0,1
1,0,0,0,1
1,0,0,0,1
1,0,0,0,1
1,0,0,0,1
1,0,0,0,1
1,0,0,0,1
1,0,0,0,1
1,0,0,0,1
1,0,0,0,1
1,0,0,0,1
1,0,0,0,1
1,0,0,0,1
1,0,0,0,1
1,0,0,0,1
1,0,0,0,1
1,0,0,0,1
1,0,0,0,1
1,0,0,0,1
1,0,0,0,1
1,0,0,0,1
1,2,0,0,3
1,0,0,0,1
1,0,0,0,1
1,0,0,0,1
1,0,0,0,1
1,0,0,0,1
1,0,0,0,1
1,0,0,0,1
1,0,0,0,1
1,0,0,0,1
1,0,0,0,1
1,0,0,0,1
1,1,0,0,2
1,0,0,0,1
1,0,0,0,1
1,0,0,0,1
1,0,0,0,1
1,0,0,0,1
1,0,0,0,1
1,0,0,0,1
1,0,0,0,1
1,0,0,0,1
1,0,0,0,1
1,0,0,0,1
1,0,0,0,1
1,0,0,0,1
1,0,0,0,1
1,0,0,0,1
1,0,0,0,1
1,1,0,0,2
1,0,0,0,1
1,0,0,0,1
1,0,0,0,1
1,0,0,0,1
1,0,0,0,1
2,0,0,0,2
1,0,0,0,1
1,0,0,0,1
1,0,0,0,1
1,0,0,0,1
2,1,0,0,3
1,0,0,0,1
1,0,0,0,1
1,0,0,0,1
1,0,0,0,1
1,0,0,0,1
1,0,0,0,1
1,0,0,0,1
1,0,0,0,1
1,0,0,0,1
1,0,0,0,1
1,0,0,0,1
1,0,0,0,1
1,0,0,0,1
1,0,0,0,1
1,0,0,0,1
1,0,0,0,1
1,0,0,0,1
1,0,0,0,1
1,0,0,0,1
1,0,0,0,1
1,0,0,0,1
1,0,0,0,1
1,0,0,0,1
1,0,0,0,1
1,0,0,0,1
1,0,0,0,1
1,0,0,0,1
1,0,0,0,1
1,0,0,0,1
1,0,0,0,1
1,0,0,0,1
1,0,0,0,1
1,0,0,0,1
1,0,0,0,1
1,0,0,0,1
1,5,0,0,6
1,0,0,0,1
1,0,0,0,1
2,0,0,0,2
1,0,0,0,1
1,0,0,0,1
1,0,0,0,1
1,0,0,0,1
1,0,0,0,1
1,0,0,0,1
1,0,0,0,1
1,0,0,0,1
1,0,0,0,1
1,0,0,0,1
1,0,0,0,1
1,0,0,0,1
1,0,0,0,1
1,0,0,0,1
1,0,0,0,1
1,0,0,0,1
1,0,0,0,1
1,0,0,0,1
1,0,0,0,1
1,0,0,0,1
1,0,0,0,1
1,0,0,0,1
1,0,0,0,1
1,0,0,0,1
1,0,0,0,1
1,0,0,0,1
1,0,0,0,1
1,0,0,0,1
1,0,0,0,1
1,0,0,0,1
1,0,0,0,1
1,0,0,0,1
1,0,0,0,1
1,0,0,0,1
1,0,0,0,1
1,0,0,0,1
1,0,0,0,1
1,0,0,0,1
1,0,0,0,1
1,0,0,0,1
1,0,0,0,1
1,0,0,0,1
1,0,0,0,1
1,0,0,0,1
1,0,0,0,1
1,0,0,0,1
1,0,0,0,1
1,0,0,0,1
1,0,0,0,1
1,0,0,0,1
1,0,0,0,1
1,0,0,0,1
1,0,0,0,1
1,0,0,0,1
1,0,0,0,1
1,0,0,0,1
2,0,0,0,2
1,0,0,0,1
1,0,0,0,1
1,0,0,0,1
1,0,0,0,1
1,0,0,0,1
1,0,0,0,1
1,0,0,0,1
1,0,0,0,1
1,0,0,0,1
1,0,0,0,1
1,0,0,0,1
1,0,0,0,1
2,0,0,0,2
1,0,0,0,1
1,0,0,0,1
1,0,0,0,1
1,0,0,0,1
1,0,0,0,1
1,0,0,0,1
1,0,0,0,1
1,0,0,0,1
1,0,0,0,1
1,0,0,0,1
1,0,0,0,1
1,1,0,0,2
1,0,0,0,1
1,0,0,0,1
1,0,0,0,1
1,0,0,0,1
1,0,0,0,1
1,1,1,0,3
1,0,0,0,1
1,0,0,0,1
1,0,0,0,1
1,0,0,0,1
1,0,0,0,1
1,0,0,0,1
1,0,0,0,1
1,0,0,0,1
1,0,0,0,1
1,0,0,0,1
1,0,0,0,1
1,0,0,0,1
1,0,0,0,1
1,0,0,0,1
1,0,0,0,1
1,0,0,0,1
1,0,0,0,1
1,0,0,0,1
1,0,0,0,1
1,0,0,0,1
1,0,0,0,1
1,0,0,0,1
1,0,0,0,1
1,0,0,0,1
1,0,0,0,1
1,0,0,0,1
1,0,0,0,1
1,0,0,0,1
1,0,0,0,1
1,0,0,0,1
1,14,0,0,15
1,0,0,0,1
1,0,0,0,1
1,0,0,0,1
1,0,0,0,1
1,0,0,0,1
1,1,0,0,2
1,0,0,0,1
1,0,0,0,1
1,0,0,0,1
1,0,0,0,1
1,0,0,0,1
1,0,0,0,1
1,0,0,0,1
1,0,0,0,1
1,0,0,0,1
1,0,0,0,1
1,0,0,0,1
1,0,0,0,1
1,0,0,0,1
1,0,0,0,1
1,0,0,0,1
1,0,0,0,1
1,0,0,0,1
1,0,0,0,1
1,0,0,0,1
1,0,0,0,1
1,0,0,0,1
1,0,0,0,1
1,0,0,0,1
1,0,0,0,1
1,0,0,0,1
1,0,0,0,1
1,0,0,0,1
1,0,0,0,1
1,0,0,0,1
1,0,0,0,1
1,0,0,0,1
1,1,0,0,2
1,0,0,0,1
1,0,0,0,1
1,0,0,0,1
1,0,0,0,1
1,0,0,0,1
1,0,0,0,1
1,1,0,0,2
1,0,0,0,1
2,0,0,0,2
1,0,0,0,1
1,0,0,0,1
1,0,0,0,1
1,0,0,0,1
1,0,0,0,1
1,0,0,0,1
1,0,0,0,1
1,0,0,0,1
1,0,0,0,1
1,0,0,0,1
1,0,0,0,1
1,0,0,0,1
1,0,0,0,1
1,0,0,0,1
1,0,0,0,1
1,0,0,0,1
1,0,0,0,1
1,0,0,0,1
1,0,0,0,1
1,0,0,0,1
1,0,0,0,1
1,0,0,0,1
1,0,0,0,1
1,0,0,0,1
1,0,0,0,1
1,0,0,0,1
1,0,0,0,1
1,0,0,0,1
1,0,0,0,1
1,0,0,0,1
1,0,0,0,1
1,0,0,0,1
1,0,0,0,1
1,0,0,0,1
1,0,0,0,1
1,0,0,0,1
1,0,0,0,1
1,0,0,0,1
1,0,0,0,1
1,0,0,0,1
2,0,0,0,2
1,0,0,0,1
1,0,0,0,1
1,0,0,0,1
1,0,0,0,1
1,0,0,0,1
1,0,0,0,1
1,0,0,0,1
1,0,0,0,1
1,0,0,0,1
1,0,0,0,1
1,0,0,0,1
1,0,0,0,1
1,0,0,0,1
1,0,0,0,1
1,0,0,0,1
1,0,0,0,1
1,0,0,0,1
1,0,0,0,1
1,0,0,0,1
1,0,0,0,1
1,5,0,0,6
1,0,0,0,1
1,0,0,0,1
1,0,0,0,1
1,0,0,0,1
1,0,0,0,1
2,0,0,0,2
1,0,0,0,1
1,0,0,0,1
1,0,0,0,1
1,0,0,0,1
1,0,0,0,1
2,0,0,0,2
1,0,0,0,1
1,0,0,0,1
1,0,0,0,1
1,0,0,0,1
1,0,0,0,1
1,0,0,0,1
1,0,0,0,1
1,0,0,0,1
1,0,0,0,1
1,0,0,0,1
1,0,0,0,1
1,0,0,0,1
1,0,0,0,1
1,0,0,0,1
1,0,0,0,1
1,0,0,0,1
1,0,0,0,1
1,0,0,0,1
1,0,0,0,1
1,0,0,0,1
1,0,0,0,1
1,5,0,0,6
1,0,0,0,1
1,0,0,0,1
1,0,0,0,1
1,0,0,0,1
1,0,0,0,1
1,0,0,0,1
1,2,0,0,3
1,0,0,0,1
1,0,0,0,1
1,0,0,0,1
1,0,0,0,1
1,0,0,0,1
1,2,0,0,3
1,0,0,0,1
1,0,0,0,1
1,0,0,0,1
1,0,0,0,1
1,0,0,0,1
1,0,0,0,1
1,0,0,0,1
1,0,0,0,1
1,0,0,0,1
1,0,0,0,1
1,0,0,0,1
1,0,0,0,1
1,0,0,0,1
1,0,0,0,1
1,0,0,0,1
1,0,0,0,1
1,0,0,0,1
1,0,0,0,1
1,8,0,0,9
1,0,0,0,1
1,0,0,0,1
1,0,0,0,1
1,0,0,0,1
1,0,0,0,1
1,0,0,0,1
1,0,0,0,1
1,0,0,0,1
1,0,0,0,1
1,0,0,0,1
1,0,0,0,1
1,0,0,0,1
1,0,0,0,1
1,0,0,0,1
1,0,0,0,1
1,0,0,0,1
1,0,1,0,2
1,0,0,0,1
1,0,0,0,1
1,0,0,0,1
1,0,0,0,1
1,0,0,0,1
1,0,0,0,1
1,0,0,0,1
1,0,0,0,1
1,0,0,0,1
1,0,0,0,1
1,0,0,0,1
1,0,0,0,1
1,0,0,0,1
1,0,0,0,1
1,0,0,0,1
1,0,0,0,1
1,0,0,0,1
1,0,0,0,1
1,0,0,0,1
1,0,0,0,1
1,0,0,0,1
1,0,0,0,1
1,0,0,0,1
1,0,0,0,1
1,0,0,0,1
1,0,0,0,1
1,0,0,0,1
1,0,0,0,1
1,0,0,0,1
1,0,0,0,1
1,0,0,0,1
1,0,0,0,1
1,0,0,0,1
1,0,0,0,1
1,0,0,0,1
1,0,0,0,1
1,0,0,0,1
1,0,0,0,1
1,0,0,0,1
1,0,0,0,1
1,0,0,0,1
1,0,0,0,1
1,0,0,0,1
1,0,0,0,1
1,0,0,0,1
1,0,0,0,1
1,0,0,0,1
1,0,0,0,1
1,0,0,0,1
1,0,0,0,1
1,0,0,0,1
1,0,0,0,1
1,0,0,0,1
1,0,0,0,1
1,0,0,0,1
1,0,0,0,1
1,0,0,0,1
1,4,0,0,5
1,0,0,0,1
1,0,0,0,1
2,0,0,0,2
1,0,0,0,1
1,0,0,0,1
1,0,0,0,1
1,0,0,0,1
2,0,0,0,2
1,0,0,0,1
1,0,0,0,1
1,0,0,0,1
1,0,0,0,1
1,0,0,0,1
1,0,0,0,1
1,0,0,0,1
1,0,0,0,1
1,0,0,0,1
1,0,0,0,1
1,0,0,0,1
1,0,0,0,1
1,0,0,0,1
1,0,0,0,1
1,0,0,0,1
1,0,0,0,1
1,0,0,0,1
1,0,0,0,1
1,0,0,0,1
1,0,0,0,1
1,0,0,0,1
1,0,0,0,1
1,0,0,0,1
1,0,0,0,1
1,0,0,0,1
1,0,0,0,1
1,0,0,0,1
1,0,0,0,1
1,1,1,0,3
1,0,0,0,1
1,0,0,0,1
1,0,0,0,1
1,0,0,0,1
1,0,0,0,1
1,0,0,0,1
1,46,0,0,47
1,0,0,0,1
1,0,0,0,1
1,0,0,0,1
1,0,0,0,1
1,0,0,0,1
1,0,0,0,1
1,0,0,0,1
1,0,0,0,1
1,0,0,0,1
1,0,0,0,1
1,0,0,0,1
1,0,0,0,1
1,0,0,0,1
1,0,0,0,1
1,0,0,0,1
1,0,0,0,1
1,0,0,0,1
1,0,0,0,1
1,0,0,0,1
1,0,0,0,1
1,0,0,0,1
1,0,0,0,1
1,0,0,0,1
1,0,0,0,1
1,0,0,0,1
1,0,0,0,1
1,0,0,0,1
1,0,0,0,1
1,0,0,0,1
1,0,0,0,1
1,0,0,0,1
1,0,0,0,1
1,0,0,0,1
1,0,0,0,1
1,0,0,0,1
1,0,0,0,1
1,0,0,0,1
1,0,0,0,1
1,0,0,0,1
1,0,0,0,1
1,0,0,0,1
1,0,0,0,1
1,0,0,0,1
1,0,0,0,1
1,0,0,0,1
1,0,0,0,1
1,0,0,0,1
1,0,0,0,1
1,0,0,0,1
1,0,0,0,1
1,0,0,0,1
1,0,0,0,1
1,0,0,0,1
1,0,0,0,1
1,0,0,0,1
1,0,0,0,1
1,0,0,0,1
1,0,0,0,1
1,0,0,0,1
1,0,0,0,1
1,0,0,0,1
1,0,0,0,1
1,0,0,0,1
1,0,0,0,1
1,0,0,0,1
1,0,0,0,1
2,0,0,0,2
2,0,0,0,2
1,0,0,0,1
1,0,0,0,1
1,0,0,0,1
1,0,0,0,1
1,0,0,0,1
1,0,0,0,1
1,0,0,0,1
1,0,0,0,1
1,0,0,0,1
1,0,0,0,1
1,0,0,0,1
1,0,0,0,1
1,0,0,0,1
1,0,0,0,1
2,9,0,0,11
1,0,0,0,1
1,0,0,0,1
1,0,0,0,1
1,0,0,0,1
1,0,0,0,1
1,0,0,0,1
1,0,0,0,1
1,0,0,0,1
1,0,0,0,1
1,0,0,0,1
1,0,0,0,1
1,0,0,0,1
1,0,0,0,1
1,0,0,0,1
1,0,0,0,1
1,0,0,0,1
1,0,0,0,1
1,0,0,0,1
1,9,0,0,10
1,0,0,0,1
1,0,0,0,1
1,0,0,0,1
1,0,0,0,1
1,0,0,0,1
1,0,0,0,1
1,0,0,0,1
1,0,0,0,1
1,0,0,0,1
1,0,0,0,1
1,0,0,0,1
1,0,0,0,1
1,0,0,0,1
1,0,0,0,1
1,0,0,0,1
1,0,0,0,1
1,0,0,0,1
1,0,0,0,1
1,0,0,0,1
2,0,0,0,2
1,0,0,0,1
1,0,0,0,1
1,0,0,0,1
1,0,0,0,1
1,0,0,0,1
1,0,0,0,1
2,0,0,0,2
1,0,0,0,1
1,0,0,0,1
1,0,0,0,1
1,0,0,0,1
1,0,0,0,1
1,0,0,0,1
2,0,0,0,2
1,0,0,0,1
1,0,0,0,1
1,0,0,0,1
1,0,0,0,1
1,0,0,0,1
1,0,0,0,1
1,0,0,0,1
1,0,0,0,1
1,0,0,0,1
1,0,0,0,1
1,0,0,0,1
1,0,0,0,1
1,0,0,0,1
1,0,0,0,1
1,0,0,0,1
1,0,0,0,1
1,0,0,0,1
1,0,0,0,1
1,0,0,0,1
1,0,0,0,1
1,0,0,0,1
1,0,0,0,1
1,0,0,0,1
1,0,0,0,1
1,0,0,0,1
1,0,0,0,1
1,0,0,0,1
1,0,0,0,1
1,0,0,0,1
1,0,0,0,1
1,0,0,0,1
1,0,0,0,1
1,0,0,0,1
1,0,0,0,1
1,0,0,0,1
1,0,0,0,1
1,0,0,0,1
1,0,0,0,1
1,0,0,0,1
1,0,0,0,1
1,0,0,0,1
1,0,0,0,1
1,0,0,0,1
1,0,0,0,1
1,2,0,0,3
1,0,0,0,1
1,0,0,0,1
1,0,0,0,1
1,0,0,0,1
1,0,0,0,1
1,0,0,0,1
1,0,0,0,1
1,0,0,0,1
1,0,0,0,1
1,0,0,0,1
1,0,0,0,1
1,0,0,0,1
1,0,0,0,1
1,0,0,0,1
1,0,0,0,1
1,0,0,0,1
1,0,0,0,1
1,0,0,0,1
1,0,0,0,1
1,0,0,0,1
1,0,0,0,1
1,0,0,0,1
1,0,0,0,1
1,0,0,0,1
1,0,0,0,1
1,0,0,0,1
1,0,0,0,1
1,1,0,0,2
1,0,0,0,1
1,0,0,0,1
1,0,0,0,1
1,0,0,0,1
1,0,0,0,1
1,0,0,0,1
1,0,0,0,1
1,0,0,0,1
1,0,0,0,1
1,0,0,0,1
1,0,0,0,1
1,0,0,0,1
1,0,0,0,1
2,0,0,0,2
1,0,0,0,1
1,0,0,0,1
1,0,0,0,1
1,0,0,0,1
1,0,0,0,1
1,0,0,0,1
1,0,0,0,1
1,0,0,0,1
1,0,0,0,1
1,0,0,0,1
1,0,0,0,1
1,0,0,0,1
1,0,0,0,1
1,0,0,0,1
1,0,0,0,1
1,0,0,0,1
1,0,0,0,1
1,0,0,0,1
1,0,0,0,1
1,0,0,0,1
1,0,0,0,1
1,0,0,0,1
1,0,0,0,1
1,0,0,0,1
1,0,0,0,1
2,0,0,0,2
1,0,0,0,1
1,0,0,0,1
2,0,0,0,2
1,0,0,0,1
1,0,0,0,1
1,0,0,0,1
1,0,0,0,1
1,0,0,0,1
1,0,0,0,1
1,0,0,0,1
1,1,1,0,3
1,0,0,0,1
1,0,0,0,1
1,0,0,0,1
1,0,0,0,1
1,0,0,0,1
1,0,0,0,1
1,0,0,0,1
1,0,0,0,1
1,0,0,0,1
1,0,0,0,1
1,0,0,0,1
1,0,0,0,1
1,0,0,0,1
1,0,0,0,1
1,0,0,0,1
1,0,0,0,1
1,0,0,0,1
1,41,0,0,42
1,0,0,0,1
1,0,0,0,1
1,0,0,0,1
1,0,0,0,1
1,0,0,0,1
1,0,0,0,1
1,0,0,0,1
1,0,0,0,1
1,0,0,0,1
1,0,0,0,1
1,0,0,0,1
1,0,0,0,1
1,0,0,0,1
1,0,0,0,1
1,0,0,0,1
1,0,0,0,1
1,0,0,0,1
1,0,0,0,1
1,0,0,0,1
1,0,0,0,1
1,0,0,0,1
1,0,0,0,1
1,0,0,0,1
1,0,0,0,1
1,0,0,0,1
1,0,0,0,1
1,0,0,0,1
1,3,1,0,5
1,0,0,0,1
1,0,0,0,1
1,0,0,0,1
1,0,0,0,1
1,0,0,0,1
1,0,0,0,1
1,0,0,0,1
1,0,0,0,1
1,0,0,0,1
1,0,0,0,1
1,0,0,0,1
1,0,0,0,1
1,0,0,0,1
1,0,0,0,1
1,0,0,0,1
1,0,0,0,1
1,0,0,0,1
1,0,0,0,1
1,0,0,0,1
1,0,0,0,1
1,0,0,0,1
1,0,0,0,1
1,0,0,0,1
1,0,0,0,1
1,0,0,0,1
1,0,0,0,1
1,0,0,0,1
1,0,0,0,1
1,0,0,0,1
1,0,0,0,1
1,0,0,0,1
1,0,0,0,1
1,0,0,0,1
1,0,0,0,1
1,0,0,0,1
1,0,0,0,1
1,0,0,0,1
2,0,0,0,2
1,0,0,0,1
1,0,0,0,1
1,0,0,0,1
1,0,0,0,1
1,0,0,0,1
1,0,0,0,1
1,0,0,0,1
1,0,0,0,1
1,0,0,0,1
1,0,0,0,1
1,0,0,0,1
1,0,0,0,1
1,0,0,0,1
1,0,0,0,1
1,0,0,0,1
1,0,0,0,1
1,0,0,0,1
1,0,0,0,1
1,0,0,0,1
1,0,0,0,1
1,0,0,0,1
1,0,0,0,1
1,0,0,0,1
1,0,0,0,1
1,0,0,0,1
1,0,0,0,1
1,0,0,0,1
1,0,0,0,1
1,0,0,0,1
1,0,0,0,1
1,0,0,0,1
2,0,0,0,2
1,0,0,0,1
1,0,0,0,1
1,0,0,0,1
1,0,0,0,1
1,0,0,0,1
1,0,0,0,1
1,0,0,0,1
1,3,0,0,4
1,0,0,0,1
1,0,0,0,1
1,0,0,0,1
1,0,0,0,1
1,0,0,0,1
1,0,0,0,1
1,0,0,0,1
1,0,0,0,1
1,0,0,0,1
1,0,0,0,1
1,0,0,0,1
1,0,0,0,1
1,0,0,0,1
1,0,0,0,1
1,0,0,0,1
1,0,0,0,1
1,0,0,0,1
1,0,0,0,1
1,0,0,0,1
1,0,0,0,1
1,0,0,0,1
1,0,0,0,1
2,1,0,0,3
1,0,0,0,1
1,0,0,0,1
1,0,0,0,1
1,0,0,0,1
1,0,0,0,1
1,0,0,0,1
1,0,0,0,1
1,0,0,0,1
1,0,0,0,1
1,0,0,0,1
1,0,0,0,1
1,0,0,0,1
1,0,0,0,1
1,0,0,0,1
1,0,0,0,1
1,0,0,0,1
1,0,0,0,1
1,0,0,0,1
1,0,0,0,1
1,0,0,0,1
1,0,0,0,1
1,0,0,0,1
1,0,0,0,1
1,0,0,0,1
1,0,0,0,1
1,0,0,0,1
1,0,0,0,1
1,0,0,0,1
1,0,0,0,1
1,0,0,0,1
1,0,0,0,1
2,0,0,0,2
1,0,0,0,1
1,0,0,0,1
1,0,0,0,1
1,0,0,0,1
1,0,0,0,1
1,0,0,0,1
1,0,0,0,1
1,0,0,0,1
1,0,0,0,1
1,0,0,0,1
1,0,0,0,1
1,0,0,0,1
1,0,0,0,1
1,0,0,0,1
1,0,0,0,1
1,0,0,0,1
1,0,0,0,1
1,0,0,0,1
1,0,0,0,1
1,0,0,0,1
1,0,0,0,1
1,0,0,0,1
1,0,0,0,1
1,0,0,0,1
1,0,0,0,1
1,0,0,0,1
1,0,0,0,1
1,0,0,0,1
1,0,0,0,1
1,0,0,0,1
1,0,0,0,1
1,0,0,0,1
1,0,0,0,1
1,0,0,0,1
1,0,0,0,1
2,0,0,0,2
1,0,0,0,1
1,0,0,0,1
1,0,0,0,1
1,0,0,0,1
1,0,0,0,1
1,0,0,0,1
1,0,0,0,1
1,0,0,0,1
1,0,0,0,1
1,0,0,0,1
1,0,0,0,1
1,0,0,0,1
1,0,0,0,1
1,0,0,0,1
1,0,0,0,1
1,0,0,0,1
1,0,0,0,1
1,0,0,0,1
1,0,0,0,1
1,0,0,0,1
1,0,0,0,1
1,0,0,0,1
1,0,0,0,1
1,0,0,0,1
1,0,0,0,1
1,0,0,0,1
1,0,0,0,1
1,0,0,0,1
1,0,0,0,1
1,0,0,0,1
1,0,0,0,1
1,0,0,0,1
1,0,0,0,1
1,0,0,0,1
1,0,0,0,1
1,0,0,0,1
1,0,0,0,1
1,0,0,0,1
1,0,0,0,1
1,0,0,0,1
1,0,0,0,1
1,0,0,0,1
1,0,0,0,1
1,0,0,0,1
1,0,0,0,1
1,0,0,0,1
1,0,0,0,1
1,0,0,0,1
2,0,0,0,2
1,0,0,0,1
1,0,0,0,1
1,0,0,0,1
1,0,0,0,1
1,0,0,0,1
1,0,0,0,1
1,0,0,0,1
1,0,0,0,1
1,0,0,0,1
1,0,0,0,1
1,0,0,0,1
1,0,0,0,1
1,0,0,0,1
1,0,0,0,1
1,0,0,0,1
1,0,0,0,1
1,0,0,0,1
1,0,0,0,1
1,0,0,0,1
1,0,0,0,1
1,0,0,0,1
1,0,0,0,1
1,0,0,0,1
1,0,0,0,1
1,0,0,0,1
2,0,0,0,2
1,0,0,0,1
1,0,0,0,1
1,0,0,0,1
1,0,0,0,1
1,0,0,0,1
1,0,0,0,1
1,0,0,0,1
1,0,0,0,1
1,0,0,0,1
1,0,0,0,1
1,0,0,0,1
1,0,0,0,1
1,0,0,0,1
1,0,0,0,1
1,0,0,0,1
1,0,0,0,1
1,0,0,0,1
1,0,0,0,1
1,0,0,0,1
1,0,0,0,1
1,0,0,0,1
1,0,0,0,1
1,0,0,0,1
1,0,0,0,1
1,0,0,0,1
1,0,0,0,1
1,0,0,0,1
1,0,0,0,1
1,0,0,0,1
1,0,0,0,1
1,0,0,0,1
1,0,0,0,1
1,0,0,0,1
1,0,0,0,1
1,0,0,0,1
1,1,0,0,2
1,0,0,0,1
1,0,0,0,1
1,0,0,0,1
1,0,0,0,1
1,0,0,0,1
1,0,0,0,1
1,0,0,0,1
1,0,0,0,1
1,0,0,0,1
1,0,0,0,1
1,0,0,0,1
1,0,0,0,1
1,0,0,0,1
1,0,0,0,1
1,0,0,0,1
1,0,0,0,1
1,0,0,0,1
1,0,0,0,1
1,0,0,0,1
1,0,0,0,1
1,0,0,0,1
1,0,0,0,1
1,0,0,0,1
1,0,0,0,1
1,0,0,0,1
1,0,0,0,1
1,0,0,0,1
1,0,0,0,1
1,0,0,0,1
1,0,0,0,1
1,0,0,0,1
1,0,0,0,1
1,25,0,0,26
1,0,0,0,1
1,0,0,0,1
1,0,0,0,1
1,0,0,0,1
1,0,0,0,1
1,0,0,0,1
1,0,0,0,1
1,0,0,0,1
1,0,0,0,1
1,0,0,0,1
1,2,0,0,3
1,0,0,0,1
1,0,0,0,1
1,0,0,0,1
1,0,0,0,1
1,0,0,0,1
1,0,0,0,1
1,0,0,0,1
1,0,0,0,1
1,0,0,0,1
1,0,0,0,1
1,0,0,0,1
1,3,0,0,4
1,0,0,0,1
1,0,0,0,1
1,0,0,0,1
1,0,0,0,1
1,0,0,0,1
1,0,0,0,1
1,0,0,0,1
1,0,0,0,1
1,0,0,0,1
1,0,0,0,1
1,0,0,0,1
1,1,1,0,3
1,0,0,0,1
1,0,0,0,1
1,0,0,0,1
1,0,0,0,1
1,0,0,0,1
1,0,0,0,1
1,0,0,0,1
1,0,0,0,1
1,0,0,0,1
1,0,0,0,1
1,0,0,0,1
1,0,0,0,1
1,0,0,0,1
1,0,0,0,1
1,0,0,0,1
1,0,0,0,1
1,2,0,0,3
1,0,0,0,1
1,0,0,0,1
1,0,0,0,1
1,0,0,0,1
1,0,0,0,1
1,0,0,0,1
1,0,0,0,1
1,0,0,0,1
1,0,0,0,1
1,0,0,0,1
1,0,0,0,1
1,0,0,0,1
1,0,0,0,1
1,0,0,0,1
1,0,0,0,1
1,0,0,0,1
1,0,0,0,1
1,0,0,0,1
1,0,0,0,1
1,0,0,0,1
1,0,0,0,1
1,0,0,0,1
1,0,0,0,1
1,0,0,0,1
1,0,0,0,1
1,0,0,0,1
1,0,0,0,1
2,0,0,0,2
1,0,0,0,1
1,0,0,0,1
1,0,0,0,1
1,0,0,0,1
1,0,0,0,1
1,0,0,0,1
1,0,0,0,1
1,0,0,0,1
1,0,0,0,1
1,0,0,0,1
1,0,0,0,1
1,0,0,0,1
1,0,0,0,1
1,0,0,0,1
1,0,0,0,1
1,0,0,0,1
1,0,0,0,1
1,0,0,0,1
1,0,0,0,1
1,0,0,0,1
1,0,0,0,1
1,0,0,0,1
1,0,0,0,1
1,0,0,0,1
1,0,0,0,1
1,0,0,0,1
1,0,0,0,1
1,0,0,0,1
1,0,0,0,1
1,0,0,0,1
1,0,0,0,1
1,0,0,0,1
1,0,0,0,1
1,0,0,0,1
1,0,0,0,1
1,0,0,0,1
1,0,0,0,1
1,0,0,0,1
1,0,0,0,1
1,0,0,0,1
1,0,0,0,1
1,0,0,0,1
1,2,0,0,3
1,0,0,0,1
1,0,0,0,1
1,0,0,0,1
1,0,0,0,1
1,0,0,0,1
1,0,0,0,1
1,0,0,0,1
1,0,0,0,1
1,0,0,0,1
1,0,0,0,1
1,0,0,0,1
3,0,0,0,3
1,0,0,0,1
1,0,0,0,1
1,0,0,0,1
1,0,0,0,1
1,0,0,0,1
1,0,0,0,1
1,0,0,0,1
1,0,0,0,1
2,0,0,0,2
1,0,0,0,1
1,0,0,0,1
1,0,0,0,1
1,0,0,0,1
1,0,0,0,1
1,0,0,0,1
1,0,0,0,1
1,0,0,0,1
1,0,0,0,1
1,0,0,0,1
1,0,0,0,1
1,0,0,0,1
1,0,0,0,1
1,1,0,0,2
3,0,0,0,3
1,0,0,0,1
1,0,0,0,1
1,0,0,0,1
1,0,0,0,1
1,0,0,0,1
1,0,0,0,1
1,0,0,0,1
1,0,0,0,1
1,0,0,0,1
1,0,0,0,1
1,0,0,0,1
1,0,0,0,1
1,0,0,0,1
1,0,0,0,1
1,0,0,0,1
1,0,0,0,1
1,0,0,0,1
1,0,0,0,1
1,1,0,0,2
1,0,0,0,1
1,0,0,0,1
1,0,0,0,1
1,0,0,0,1
1,0,0,0,1
1,0,0,0,1
1,0,0,0,1
1,0,0,0,1
1,0,0,0,1
1,0,0,0,1
1,0,0,0,1
1,0,0,0,1
1,0,0,0,1
1,0,0,0,1
1,0,0,0,1
2,0,0,0,2
1,0,0,0,1
1,0,0,0,1
1,0,0,0,1
1,0,0,0,1
1,0,0,0,1
1,0,0,0,1
1,0,0,0,1
1,0,0,0,1
1,0,0,0,1
1,0,0,0,1
1,0,0,0,1
1,0,0,0,1
1,0,0,0,1
1,0,0,0,1
1,0,0,0,1
1,0,0,0,1
1,0,0,0,1
1,0,0,0,1
1,0,0,0,1
1,0,0,0,1
1,0,0,0,1
1,0,0,0,1
1,0,0,0,1
1,0,0,0,1
1,0,0,0,1
1,0,0,0,1
1,0,0,0,1
1,0,0,0,1
1,0,0,0,1
1,0,0,0,1
1,0,0,0,1
1,0,0,0,1
1,0,0,0,1
1,0,0,0,1
1,0,0,0,1
1,0,0,0,1
1,0,0,0,1
1,0,0,0,1
1,0,0,0,1
1,0,0,0,1
1,0,0,0,1
1,0,0,0,1
1,0,0,0,1
1,0,0,0,1
1,0,0,0,1
1,0,0,0,1
1,0,0,0,1
1,0,0,0,1
1,0,0,0,1
1,0,0,0,1
1,0,0,0,1
1,0,0,0,1
1,0,0,0,1
1,0,0,0,1
1,0,0,0,1
1,0,0,0,1
1,0,0,0,1
1,0,0,0,1
1,0,0,0,1
1,0,0,0,1
1,0,0,0,1
1,0,0,0,1
1,5,1,0,7
1,0,0,0,1
1,0,0,0,1
1,0,0,0,1
1,0,0,0,1
1,0,0,0,1
1,0,0,0,1
1,4,0,0,5
1,0,0,0,1
1,0,0,0,1
1,0,0,0,1
1,0,0,0,1
1,0,0,0,1
1,0,0,0,1
1,0,0,0,1
1,21,1,0,23
1,0,0,0,1
1,0,0,0,1
1,0,0,0,1
1,0,0,0,1
1,0,0,0,1
1,0,0,0,1
1,0,0,0,1
1,0,0,0,1
1,0,0,0,1
1,0,0,0,1
1,0,0,0,1
1,0,0,0,1
1,0,0,0,1
1,0,0,0,1
1,2,0,0,3
1,0,0,0,1
1,0,0,0,1
1,0,0,0,1
1,0,0,0,1
1,0,0,0,1
1,0,0,0,1
1,0,0,0,1
1,0,0,0,1
1,0,0,0,1
1,0,0,0,1
1,0,0,0,1
1,0,0,0,1
1,0,0,0,1
1,0,0,0,1
1,0,0,0,1
1,0,0,0,1
1,0,0,0,1
1,0,0,0,1
1,0,0,0,1
1,0,0,0,1
1,0,0,0,1
1,0,0,0,1
1,0,0,0,1
1,0,0,0,1
1,0,0,0,1
1,0,0,0,1
1,0,0,0,1
1,0,0,0,1
1,0,0,0,1
1,0,0,0,1
1,0,0,0,1
1,0,0,0,1
1,0,0,0,1
1,0,0,0,1
1,0,0,0,1
1,0,0,0,1
1,0,0,0,1
1,0,0,0,1
1,0,0,0,1
1,0,0,0,1
1,0,0,0,1
1,0,0,0,1
1,0,0,0,1
1,0,0,0,1
1,0,0,0,1
1,0,0,0,1
1,0,0,0,1
1,0,0,0,1
1,0,0,0,1
1,0,0,0,1
1,0,0,0,1
1,3,0,0,4
1,0,0,0,1
1,0,0,0,1
1,0,0,0,1
1,0,0,0,1
1,0,0,0,1
1,0,0,0,1
1,0,0,0,1
1,0,0,0,1
1,0,0,0,1
1,0,0,0,1
1,0,0,0,1
1,0,0,0,1
1,0,0,0,1
1,0,0,0,1
1,0,0,0,1
1,0,0,0,1
1,0,0,0,1
1,0,0,0,1
1,0,0,0,1
1,0,0,0,1
1,0,0,0,1
1,0,0,0,1
1,0,0,0,1
1,0,0,0,1
1,0,0,0,1
1,0,0,0,1
1,0,0,0,1
1,0,0,0,1
1,0,0,0,1
1,0,0,0,1
1,0,0,0,1
1,0,0,0,1
1,0,0,0,1
1,0,0,0,1
1,0,0,0,1
1,0,0,0,1
1,0,0,0,1
1,0,0,0,1
1,0,0,0,1
1,2,0,0,3
1,0,0,0,1
1,0,0,0,1
1,0,0,0,1
1,0,0,0,1
1,0,0,0,1
1,0,4,0,5
1,0,0,0,1
1,0,0,0,1
1,0,0,0,1
1,0,0,0,1
1,0,0,0,1
1,0,0,0,1
1,0,0,0,1
1,0,0,0,1
1,0,0,0,1
1,0,0,0,1
1,0,0,0,1
1,0,0,0,1
1,0,0,0,1
1,0,0,0,1
1,0,0,0,1
1,0,0,0,1
1,0,0,0,1
1,0,0,0,1
1,0,0,0,1
1,0,0,0,1
2,0,0,0,2
1,0,0,0,1
1,0,0,0,1
1,0,0,0,1
1,0,0,0,1
1,0,0,0,1
1,0,0,0,1
1,0,0,0,1
1,0,0,0,1
1,0,0,0,1
1,0,0,0,1
1,0,0,0,1
1,0,0,0,1
1,0,0,0,1
1,0,0,0,1
1,0,0,0,1
1,0,0,0,1
1,0,0,0,1
1,0,0,0,1
1,0,0,0,1
1,0,0,0,1
1,0,0,0,1
1,0,0,0,1
1,0,0,0,1
1,14,0,0,15
1,0,0,0,1
1,0,0,0,1
1,0,0,0,1
1,0,0,0,1
1,0,0,0,1
1,0,0,0,1
1,0,0,0,1
1,0,0,0,1
1,0,0,0,1
1,0,0,0,1
1,0,0,0,1
1,0,0,0,1
1,0,0,0,1
1,0,0,0,1
1,0,0,0,1
1,0,0,0,1
1,0,0,0,1
1,0,0,0,1
1,0,0,0,1
1,0,0,0,1
1,0,0,0,1
1,0,0,0,1
1,0,0,0,1
1,0,1,0,2
1,0,0,0,1
1,0,0,0,1
1,0,0,0,1
1,0,0,0,1
1,5,1,0,7
1,0,0,0,1
1,0,0,0,1
1,0,0,0,1
1,0,0,0,1
1,0,0,0,1
1,0,0,0,1
1,0,0,0,1
1,0,0,0,1
1,0,0,0,1
1,0,0,0,1
1,0,0,0,1
1,0,0,0,1
1,0,0,0,1
1,0,0,0,1
1,0,0,0,1
1,0,0,0,1
1,0,0,0,1
1,0,0,0,1
1,0,0,0,1
1,0,0,0,1
1,0,0,0,1
1,0,0,0,1
1,0,0,0,1
1,0,0,0,1
1,0,0,0,1
1,0,0,0,1
1,0,0,0,1
1,0,0,0,1
1,0,0,0,1
1,0,0,0,1
1,0,0,0,1
1,0,0,0,1
1,0,0,0,1
1,0,0,0,1
1,0,0,0,1
1,0,0,0,1
1,0,0,0,1
1,0,0,0,1
1,0,0,0,1
1,0,0,0,1
1,0,0,0,1
1,0,0,0,1
1,0,0,0,1
1,0,0,0,1
1,0,0,0,1
1,0,0,0,1
1,0,0,0,1
1,0,0,0,1
1,0,0,0,1
1,0,0,0,1
1,0,0,0,1
1,0,0,0,1
1,0,0,0,1
1,0,0,0,1
1,0,0,0,1
1,0,0,0,1
1,0,0,0,1
1,0,0,0,1
1,0,0,0,1
1,0,0,0,1
1,0,0,0,1
1,0,0,0,1
1,0,0,0,1
1,1,0,0,2
1,0,0,0,1
2,0,0,0,2
1,0,0,0,1
1,0,0,0,1
1,0,0,0,1
1,0,0,0,1
1,0,0,0,1
2,0,0,0,2
1,0,0,0,1
1,0,0,0,1
1,0,0,0,1
1,0,0,0,1
1,0,0,0,1
1,0,0,0,1
1,0,0,0,1
1,0,0,0,1
1,0,0,0,1
1,0,0,0,1
1,0,0,0,1
1,0,0,0,1
1,0,0,0,1
1,0,0,0,1
1,0,0,0,1
1,0,0,0,1
1,0,0,0,1
1,0,0,0,1
1,0,0,0,1
1,0,0,0,1
1,0,0,0,1
1,0,0,0,1
1,0,0,0,1
1,0,0,0,1
1,0,0,0,1
1,0,0,0,1
1,0,0,0,1
1,0,0,0,1
1,0,0,0,1
1,5,0,0,6
1,0,0,0,1
1,0,0,0,1
1,0,0,0,1
1,0,0,0,1
1,0,0,0,1
1,0,0,0,1
1,0,0,0,1
1,0,0,0,1
1,0,0,0,1
1,0,0,0,1
1,0,0,0,1
1,0,0,0,1
1,0,0,0,1
1,0,0,0,1
1,0,0,0,1
1,0,0,0,1
1,0,0,0,1
1,0,0,0,1
1,0,0,0,1
1,0,0,0,1
1,0,0,0,1
1,0,0,0,1
1,0,0,0,1
1,0,0,0,1
1,0,0,0,1
1,0,0,0,1
1,0,0,0,1
1,0,0,0,1
1,0,0,0,1
1,0,0,0,1
1,0,0,0,1
1,0,0,0,1
1,0,0,0,1
1,0,0,0,1
1,0,0,0,1
1,0,0,0,1
1,0,0,0,1
1,0,0,0,1
1,0,0,0,1
1,0,0,0,1
1,0,0,0,1
1,0,0,0,1
1,0,0,0,1
1,0,0,0,1
1,0,0,0,1
1,0,0,0,1
1,0,0,0,1
1,0,0,0,1
1,0,0,0,1
1,0,0,0,1
1,0,0,0,1
1,0,0,0,1
1,2,0,0,3
1,1,0,0,2
1,0,0,0,1
1,0,0,0,1
1,0,0,0,1
1,0,0,0,1
1,0,0,0,1
1,0,0,0,1
1,0,0,0,1
1,0,0,0,1
1,0,0,0,1
1,0,0,0,1
1,0,0,0,1
1,0,0,0,1
1,0,0,0,1
1,0,0,0,1
1,0,0,0,1
1,0,0,0,1
2,0,0,0,2
1,0,0,0,1
1,0,0,0,1
1,0,0,0,1
1,0,0,0,1
1,0,0,0,1
1,4,0,0,5
1,0,0,0,1
1,0,0,0,1
1,0,0,0,1
1,0,0,0,1
1,0,0,0,1
1,0,0,0,1
1,0,0,0,1
1,0,0,0,1
1,0,0,0,1
1,0,0,0,1
1,0,0,0,1
1,0,0,0,1
1,0,0,0,1
1,0,0,0,1
1,0,0,0,1
1,0,0,0,1
1,0,0,0,1
1,0,0,0,1
1,0,0,0,1
1,0,0,0,1
1,0,0,0,1
1,0,0,0,1
1,0,0,0,1
1,0,0,0,1
1,0,0,0,1
1,0,0,0,1
1,0,0,0,1
1,0,0,0,1
1,0,0,0,1
1,0,0,0,1
1,0,0,0,1
1,0,0,0,1
1,0,0,0,1
1,0,0,0,1
1,0,0,0,1
1,0,0,0,1
1,0,0,0,1
1,0,0,0,1
1,0,0,0,1
1,0,0,0,1
1,0,0,0,1
1,0,0,0,1
1,0,0,0,1
1,0,0,0,1
1,2,0,0,3
1,1,0,0,2
2,0,0,0,2
1,0,0,0,1
1,0,0,0,1
1,0,0,0,1
1,0,0,0,1
1,0,0,0,1
1,0,0,0,1
1,0,0,0,1
1,0,0,0,1
1,0,0,0,1
1,0,0,0,1
1,0,0,0,1
1,0,0,0,1
1,0,0,0,1
1,0,0,0,1
1,0,0,0,1
1,0,0,0,1
1,0,0,0,1
1,0,0,0,1
1,0,0,0,1
1,0,0,0,1
1,0,0,0,1
1,0,0,0,1
1,3,0,0,4
1,0,0,0,1
1,0,0,0,1
1,0,0,0,1
1,2,1,0,4
1,0,0,0,1
1,0,0,0,1
1,0,0,0,1
1,0,0,0,1
1,0,0,0,1
1,0,0,0,1
1,0,0,0,1
1,0,0,0,1
1,0,0,0,1
1,0,0,0,1
1,0,0,0,1
1,0,0,0,1
1,0,0,0,1
1,0,0,0,1
1,0,0,0,1
1,0,0,0,1
1,0,0,0,1
1,0,0,0,1
1,0,0,0,1
1,0,0,0,1
1,0,0,0,1
1,0,0,0,1
1,0,0,0,1
1,0,0,0,1
1,0,0,0,1
1,0,0,0,1
1,0,0,0,1
1,0,0,0,1
1,0,0,0,1
2,0,0,0,2
1,0,0,0,1
1,0,0,0,1
1,3,0,0,4
1,0,0,0,1
1,0,0,0,1
1,0,0,0,1
1,0,0,0,1
1,0,0,0,1
1,0,0,0,1
1,0,0,0,1
1,0,0,0,1
1,0,0,0,1
1,0,0,0,1
1,0,0,0,1
1,0,0,0,1
1,0,0,0,1
1,0,0,0,1
1,0,0,0,1
1,0,0,0,1
1,0,0,0,1
1,1,1,0,3
1,0,0,0,1
1,0,0,0,1
1,0,0,0,1
1,0,0,0,1
1,0,0,0,1
1,0,0,0,1
1,0,0,0,1
1,0,0,0,1
1,0,0,0,1
1,0,0,0,1
1,0,0,0,1
1,0,0,0,1
1,0,0,0,1
1,0,0,0,1
1,0,0,0,1
1,0,0,0,1
1,0,0,0,1
1,0,0,0,1
1,0,0,0,1
1,0,0,0,1
1,0,0,0,1
1,0,0,0,1
1,0,0,0,1
1,0,0,0,1
1,0,0,0,1
1,0,0,0,1
1,0,0,0,1
1,0,0,0,1
1,0,0,0,1
1,0,0,0,1
1,0,0,0,1
1,0,0,0,1
1,0,0,0,1
1,0,0,0,1
1,0,0,0,1
1,0,0,0,1
1,0,0,0,1
1,0,0,0,1
1,0,0,0,1
1,0,0,0,1
1,0,0,0,1
1,0,0,0,1
1,0,0,0,1
1,0,0,0,1
1,0,0,0,1
1,0,0,0,1
1,0,0,0,1
1,0,0,0,1
1,1,0,0,2
1,0,0,0,1
1,0,0,0,1
1,0,0,0,1
1,0,0,0,1
1,0,0,0,1
1,0,0,0,1
1,0,0,0,1
1,0,0,0,1
1,0,0,0,1
1,0,0,0,1
1,0,0,0,1
1,0,0,0,1
1,0,0,0,1
1,0,0,0,1
1,0,0,0,1
1,0,0,0,1
1,0,0,0,1
1,0,0,0,1
1,0,0,0,1
1,0,0,0,1
1,0,0,0,1
1,0,0,0,1
1,0,0,0,1
1,0,0,0,1
1,0,0,0,1
1,0,0,0,1
1,0,0,0,1
1,0,0,0,1
1,0,0,0,1
1,0,0,0,1
1,0,0,0,1
1,0,0,0,1
1,0,0,0,1
1,0,0,0,1
1,0,0,0,1
1,0,0,0,1
1,0,0,0,1
1,0,1,0,2
1,0,0,0,1
1,0,0,0,1
1,0,0,0,1
1,0,0,0,1
1,0,0,0,1
1,0,0,0,1
1,0,0,0,1
1,0,0,0,1
1,0,0,0,1
1,0,0,0,1
1,0,0,0,1
1,0,0,0,1
1,0,0,0,1
1,0,0,0,1
1,0,0,0,1
1,0,0,0,1
1,0,0,0,1
1,0,0,0,1
1,0,0,0,1
1,0,0,0,1
1,0,0,0,1
1,0,0,0,1
1,0,0,0,1
1,0,0,0,1
1,0,0,0,1
1,0,0,0,1
1,0,0,0,1
1,0,0,0,1
1,0,0,0,1
1,0,0,0,1
1,0,0,0,1
1,0,0,0,1
1,0,0,0,1
1,0,0,0,1
1,0,0,0,1
1,0,0,0,1
1,0,0,0,1
1,0,0,0,1
1,0,0,0,1
1,0,0,0,1
1,0,0,0,1
1,0,0,0,1
1,0,0,0,1
1,0,0,0,1
1,0,0,0,1
1,0,0,0,1
1,0,0,0,1
1,0,0,0,1
1,0,0,0,1
1,0,0,0,1
1,0,0,0,1
1,0,0,0,1
1,0,0,0,1
1,0,0,0,1
1,0,0,0,1
1,0,0,0,1
1,0,0,0,1
1,0,0,0,1
1,0,0,0,1
1,0,0,0,1
1,0,0,0,1
1,0,0,0,1
1,0,0,0,1
1,0,0,0,1
1,0,0,0,1
1,0,0,0,1
1,0,0,0,1
1,0,0,0,1
1,0,0,0,1
1,0,0,0,1
1,0,0,0,1
1,0,0,0,1
1,0,0,0,1
1,0,0,0,1
1,0,0,0,1
1,0,0,0,1
1,0,0,0,1
1,1,0,0,2
1,0,0,0,1
1,0,0,0,1
1,0,0,0,1
1,0,0,0,1
1,21,0,0,22
1,0,0,0,1
1,0,0,0,1
1,0,0,0,1
1,0,0,0,1
1,0,0,0,1
1,0,0,0,1
1,0,0,0,1
1,0,0,0,1
1,0,0,0,1
1,0,0,0,1
1,0,0,0,1
1,0,0,0,1
1,0,0,0,1
1,0,0,0,1
1,0,0,0,1
1,0,0,0,1
1,0,0,0,1
1,0,0,0,1
1,0,0,0,1
1,0,0,0,1
1,0,0,0,1
1,0,0,0,1
1,0,0,0,1
1,0,0,0,1
1,0,0,0,1
1,0,0,0,1
1,0,0,0,1
1,0,0,0,1
1,0,0,0,1
1,0,0,0,1
1,0,0,0,1
1,0,0,0,1
1,8,0,0,9
1,0,0,0,1
1,0,0,0,1
1,0,0,0,1
1,0,0,0,1
1,0,0,0,1
1,0,0,0,1
1,0,0,0,1
1,0,0,0,1
1,0,0,0,1
1,0,0,0,1
1,0,0,0,1
1,0,0,0,1
1,0,0,0,1
1,0,0,0,1
1,0,0,0,1
1,0,0,0,1
1,0,0,0,1
1,0,0,0,1
1,0,0,0,1
1,0,0,0,1
1,0,0,0,1
1,0,0,0,1
1,0,0,0,1
1,0,0,0,1
1,0,0,0,1
1,0,0,0,1
1,0,0,0,1
1,0,0,0,1
1,0,0,0,1
1,0,0,0,1
1,0,0,0,1
1,0,0,0,1
1,0,0,0,1
1,0,0,0,1
1,0,0,0,1
1,0,0,0,1
1,0,0,0,1
2,0,0,0,2
1,0,0,0,1
1,0,0,0,1
1,0,0,0,1
1,0,0,0,1
1,0,0,0,1
1,0,0,0,1
1,0,0,0,1
1,0,0,0,1
1,0,0,0,1
1,0,0,0,1
1,0,0,0,1
1,0,0,0,1
1,0,0,0,1
1,0,0,0,1
1,0,0,0,1
1,0,0,0,1
1,0,0,0,1
1,0,0,0,1
1,0,0,0,1
1,0,0,0,1
1,0,0,0,1
1,0,0,0,1
1,0,0,0,1
1,0,0,0,1
2,0,0,0,2
2,0,0,0,2
1,0,0,0,1
1,0,0,0,1
1,0,0,0,1
1,0,0,0,1
1,0,0,0,1
1,0,0,0,1
1,0,0,0,1
1,0,0,0,1
1,0,0,0,1
1,0,0,0,1
1,0,0,0,1
1,0,0,0,1
1,0,0,0,1
1,0,0,0,1
1,0,0,0,1
1,0,0,0,1
1,0,0,0,1
1,0,0,0,1
1,0,0,0,1
1,0,0,0,1
1,0,0,0,1
1,0,0,0,1
1,0,0,0,1
1,0,0,0,1
1,0,0,0,1
1,0,0,0,1
1,0,0,0,1
1,0,0,0,1
1,0,0,0,1
1,0,0,0,1
1,0,0,0,1
1,0,0,0,1
1,0,0,0,1
1,0,0,0,1
1,0,0,0,1
1,0,0,0,1
1,0,0,0,1
1,0,0,0,1
1,0,0,0,1
2,0,0,0,2
1,2,0,0,3
1,0,0,0,1
1,0,0,0,1
1,0,0,0,1
1,0,0,0,1
1,0,0,0,1
1,0,0,0,1
1,0,0,0,1
1,0,0,0,1
2,0,0,0,2
1,1,0,0,2
1,0,0,0,1
1,0,0,0,1
1,0,0,0,1
1,0,0,0,1
1,0,0,0,1
1,0,0,0,1
1,0,0,0,1
1,0,0,0,1
1,0,0,0,1
1,0,0,0,1
1,0,0,0,1
1,0,0,0,1
1,0,0,0,1
1,0,0,0,1
1,0,0,0,1
1,0,0,0,1
1,0,0,0,1
1,0,0,0,1
1,0,0,0,1
1,122,0,0,123
1,0,0,0,1
1,0,0,0,1
1,0,0,0,1
1,0,0,0,1
1,0,0,0,1
1,0,0,0,1
1,0,0,0,1
1,0,0,0,1
1,0,0,0,1
1,0,0,0,1
1,0,0,0,1
1,0,0,0,1
1,0,0,0,1
1,0,0,0,1
1,0,0,0,1
1,0,0,0,1
1,0,0,0,1
1,0,0,0,1
1,0,0,0,1
1,0,0,0,1
1,0,0,0,1
1,0,0,0,1
1,0,0,0,1
1,0,0,0,1
1,0,0,0,1
1,0,0,0,1
1,0,0,0,1
1,0,0,0,1
1,0,0,0,1
1,0,0,0,1
1,0,0,0,1
1,0,0,0,1
1,0,0,0,1
1,0,0,0,1
1,0,0,0,1
1,0,0,0,1
1,0,0,0,1
1,0,0,0,1
1,0,0,0,1
1,0,0,0,1
1,0,0,0,1
1,0,0,0,1
1,0,0,0,1
1,0,0,0,1
1,6,0,0,7
1,0,0,0,1
1,0,0,0,1
1,0,0,0,1
1,0,0,0,1
1,0,0,0,1
1,0,0,0,1
1,0,0,0,1
1,0,0,0,1
1,0,0,0,1
1,0,0,0,1
1,0,0,0,1
1,0,0,0,1
1,0,0,0,1
1,0,0,0,1
1,0,0,0,1
1,0,0,0,1
1,0,0,0,1
1,0,0,0,1
1,0,0,0,1
1,0,0,0,1
1,0,0,0,1
1,0,0,0,1
1,2,0,0,3
1,0,0,0,1
1,0,0,0,1
1,0,0,0,1
1,0,0,0,1
1,0,0,0,1
1,0,0,0,1
1,0,0,0,1
1,0,0,0,1
1,0,0,0,1
1,0,0,0,1
1,0,0,0,1
1,0,0,0,1
1,0,0,0,1
1,0,0,0,1
1,0,0,0,1
1,0,0,0,1
1,0,0,0,1
1,0,0,0,1
1,0,0,0,1
1,0,0,0,1
1,0,0,0,1
1,0,0,0,1
1,0,0,0,1
1,0,0,0,1
1,0,0,0,1
1,0,0,0,1
1,0,0,0,1
1,0,0,0,1
1,0,0,0,1
1,0,0,0,1
1,0,0,0,1
1,0,0,0,1
1,0,0,0,1
1,0,0,0,1
1,0,0,0,1
1,0,0,0,1
1,0,0,0,1
1,0,0,0,1
1,0,0,0,1
1,0,0,0,1
1,0,0,0,1
1,0,0,0,1
1,0,0,0,1
1,29,0,0,30
1,0,0,0,1
1,0,0,0,1
1,0,0,0,1
1,0,0,0,1
1,0,0,0,1
1,0,0,0,1
1,0,0,0,1
1,0,0,0,1
1,0,0,0,1
1,0,0,0,1
1,0,0,0,1
1,0,0,0,1
1,0,0,0,1
1,0,0,0,1
1,0,0,0,1
1,0,0,0,1
1,0,0,0,1
1,0,0,0,1
1,0,0,0,1
1,0,0,0,1
1,0,0,0,1
1,0,0,0,1
1,0,0,0,1
1,0,0,0,1
1,0,0,0,1
1,0,0,0,1
1,0,0,0,1
1,0,0,0,1
1,0,0,0,1
1,0,0,0,1
1,0,0,0,1
1,0,0,0,1
1,0,0,0,1
1,0,0,0,1
1,0,0,0,1
1,0,0,0,1
1,3,1,0,5
1,0,0,0,1
1,0,0,0,1
1,0,0,0,1
1,0,0,0,1
1,0,0,0,1
1,0,0,0,1
1,0,0,0,1
1,0,0,0,1
1,0,0,0,1
1,0,0,0,1
1,0,0,0,1
1,0,0,0,1
1,0,0,0,1
1,0,0,0,1
1,0,0,0,1
1,0,0,0,1
1,0,0,0,1
1,0,0,0,1
1,0,0,0,1
1,0,0,0,1
1,0,0,0,1
1,0,0,0,1
1,0,0,0,1
1,0,0,0,1
1,0,0,0,1
1,0,0,0,1
1,0,0,0,1
1,0,0,0,1
1,0,0,0,1
1,0,0,0,1
1,0,0,0,1
1,0,0,0,1
1,0,0,0,1
2,0,0,0,2
1,629,0,0,630
1,0,0,0,1
1,0,0,0,1
1,0,0,0,1
1,0,0,0,1
1,0,0,0,1
1,0,0,0,1
1,0,0,0,1
1,0,0,0,1
1,0,0,0,1
1,0,0,0,1
1,0,0,0,1
1,0,0,0,1
1,0,0,0,1
1,0,0,0,1
1,0,0,0,1
1,0,0,0,1
1,0,0,0,1
1,0,0,0,1
1,0,0,0,1
1,0,0,0,1
1,0,0,0,1
1,0,0,0,1
1,0,0,0,1
1,0,0,0,1
1,0,0,0,1
1,0,0,0,1
1,0,0,0,1
1,0,0,0,1
1,0,0,0,1
1,0,0,0,1
1,0,0,0,1
1,0,0,0,1
1,0,0,0,1
1,0,0,0,1
1,0,0,0,1
1,0,0,0,1
1,0,0,0,1
1,0,0,0,1
1,0,0,0,1
1,0,0,0,1
1,0,0,0,1
1,0,0,0,1
1,0,0,0,1
1,0,0,0,1
1,0,0,0,1
1,0,0,0,1
1,0,0,0,1
1,0,0,0,1
1,0,0,0,1
1,0,0,0,1
1,1,1,0,3
1,0,0,0,1
1,0,0,0,1
1,0,0,0,1
1,0,0,0,1
1,0,0,0,1
1,0,0,0,1
1,0,0,0,1
2,0,0,0,2
1,0,0,0,1
1,0,0,0,1
1,0,0,0,1
1,0,0,0,1
1,0,0,0,1
1,0,0,0,1
1,0,0,0,1
1,0,0,0,1
1,0,0,0,1
1,0,0,0,1
1,0,0,0,1
1,0,0,0,1
1,0,0,0,1
1,0,0,0,1
1,0,0,0,1
1,0,0,0,1
1,21,0,0,22
1,0,0,0,1
1,0,0,0,1
1,0,0,0,1
1,0,0,0,1
1,0,0,0,1
1,0,0,0,1
1,0,0,0,1
1,0,0,0,1
1,0,0,0,1
1,0,0,0,1
1,0,0,0,1
1,0,0,0,1
1,0,0,0,1
1,0,0,0,1
1,0,0,0,1
1,0,0,0,1
1,0,0,0,1
1,0,0,0,1
1,0,0,0,1
1,0,0,0,1
1,0,0,0,1
1,0,0,0,1
1,0,0,0,1
1,0,0,0,1
1,0,0,0,1
1,0,0,0,1
1,0,0,0,1
1,0,0,0,1
1,0,0,0,1
1,0,0,0,1
1,0,0,0,1
1,0,0,0,1
1,0,0,0,1
1,0,0,0,1
1,0,0,0,1
2,0,0,0,2
1,0,0,0,1
1,0,0,0,1
1,0,0,0,1
1,0,0,0,1
1,0,0,0,1
1,0,0,0,1
1,0,0,0,1
1,0,0,0,1
1,0,0,0,1
1,0,0,0,1
1,0,0,0,1
1,0,0,0,1
1,0,0,0,1
1,0,0,0,1
1,2,1,0,4
1,0,0,0,1
1,0,0,0,1
1,0,0,0,1
1,0,0,0,1
1,0,0,0,1
1,0,0,0,1
1,0,0,0,1
1,0,0,0,1
1,0,0,0,1
1,0,0,0,1
1,0,0,0,1
1,0,0,0,1
1,0,0,0,1
1,0,0,0,1
1,0,0,0,1
1,0,0,0,1
1,0,0,0,1
1,0,0,0,1
1,0,0,0,1
1,0,0,0,1
1,0,0,0,1
1,0,0,0,1
1,0,0,0,1
1,0,0,0,1
1,0,0,0,1
1,0,0,0,1
1,0,0,0,1
1,0,0,0,1
1,0,0,0,1
1,0,0,0,1
1,0,0,0,1
1,0,0,0,1
1,0,0,0,1
1,0,0,0,1
1,0,0,0,1
1,0,0,0,1
1,0,0,0,1
1,0,0,0,1
1,0,0,0,1
1,0,0,0,1
1,0,0,0,1
1,0,0,0,1
1,0,0,0,1
1,0,0,0,1
1,1,0,0,2
1,0,0,0,1
1,0,0,0,1
1,0,0,0,1
1,0,0,0,1
1,0,0,0,1
1,0,0,0,1
1,0,0,0,1
1,0,0,0,1
1,0,0,0,1
1,0,0,0,1
1,0,0,0,1
1,0,0,0,1
1,7,0,0,8
1,0,0,0,1
1,0,0,0,1
1,0,0,0,1
2,0,0,0,2
1,0,0,0,1
1,0,0,0,1
1,0,0,0,1
1,0,0,0,1
1,0,0,0,1
1,0,0,0,1
1,0,0,0,1
1,0,0,0,1
1,0,0,0,1
1,0,0,0,1
1,0,0,0,1
1,0,0,0,1
1,0,0,0,1
1,0,0,0,1
1,1,2,0,4
2,0,0,0,2
1,0,0,0,1
1,0,0,0,1
1,0,0,0,1
1,0,0,0,1
1,0,0,0,1
1,0,0,0,1
1,0,0,0,1
1,0,0,0,1
1,0,0,0,1
1,0,0,0,1
1,0,0,0,1
1,0,0,0,1
1,0,0,0,1
2,0,0,0,2
1,0,0,0,1
1,0,0,0,1
1,0,0,0,1
1,0,0,0,1
1,0,0,0,1
1,0,0,0,1
1,0,0,0,1
1,0,0,0,1
1,0,0,0,1
1,2,0,0,3
1,0,0,0,1
1,0,0,0,1
1,0,0,0,1
1,0,0,0,1
1,0,0,0,1
1,0,0,0,1
1,0,0,0,1
1,0,0,0,1
1,0,0,0,1
1,0,0,0,1
1,0,0,0,1
1,0,0,0,1
1,0,0,0,1
1,0,0,0,1
1,0,0,0,1
1,0,0,0,1
1,0,0,0,1
1,0,0,0,1
1,0,0,0,1
1,0,0,0,1
1,0,0,0,1
1,5,0,0,6
1,0,0,0,1
1,0,0,0,1
1,0,0,0,1
1,0,0,0,1
1,0,0,0,1
1,0,0,0,1
1,0,0,0,1
1,0,0,0,1
1,0,0,0,1
1,0,0,0,1
1,0,0,0,1
1,0,0,0,1
1,0,0,0,1
1,0,0,0,1
1,0,0,0,1
1,0,0,0,1
1,0,0,0,1
1,0,0,0,1
1,0,0,0,1
1,0,0,0,1
1,0,0,0,1
1,0,0,0,1
1,0,0,0,1
1,0,0,0,1
1,0,0,0,1
1,0,0,0,1
1,0,0,0,1
1,0,0,0,1
1,0,0,0,1
1,0,0,0,1
1,0,0,0,1
1,0,0,0,1
1,0,0,0,1
1,0,0,0,1
1,0,0,0,1
2,0,0,0,2
1,0,0,0,1
1,0,0,0,1
2,0,0,0,2
1,0,0,0,1
1,0,0,0,1
2,0,0,0,2
2,0,0,0,2
1,0,0,0,1
1,1,0,0,2
1,0,0,0,1
1,2,0,0,3
1,0,0,0,1
1,0,0,0,1
1,0,0,0,1
1,0,0,0,1
1,0,0,0,1
1,0,0,0,1
1,0,0,0,1
1,0,0,0,1
1,0,0,0,1
1,0,0,0,1
1,0,0,0,1
1,0,0,0,1
1,0,0,0,1
1,0,0,0,1
1,0,0,0,1
1,0,0,0,1
1,0,0,0,1
1,0,0,0,1
1,0,0,0,1
1,0,0,0,1
1,0,0,0,1
1,0,0,0,1
1,0,0,0,1
1,0,0,0,1
1,0,0,0,1
1,0,0,0,1
1,0,0,0,1
1,1,0,0,2
1,0,0,0,1
1,0,0,0,1
1,0,0,0,1
1,0,0,0,1
1,0,0,0,1
1,0,0,0,1
1,0,0,0,1
1,0,0,0,1
1,0,0,0,1
1,0,0,0,1
1,0,0,0,1
1,1,1,0,3
1,0,0,0,1
1,0,0,0,1
1,0,0,0,1
1,0,0,0,1
1,0,0,0,1
1,0,0,0,1
1,0,0,0,1
1,0,0,0,1
1,0,0,0,1
1,0,0,0,1
1,0,0,0,1
1,7,0,0,8
1,0,0,0,1
1,0,0,0,1
1,0,0,0,1
1,0,0,0,1
1,0,0,0,1
1,0,0,0,1
1,1,1,0,3
1,0,0,0,1
1,0,0,0,1
1,0,0,0,1
1,0,0,0,1
1,0,0,0,1
1,0,0,0,1
1,0,0,0,1
1,0,0,0,1
1,0,0,0,1
1,0,0,0,1
1,0,0,0,1
1,0,0,0,1
1,0,0,0,1
1,2,0,0,3
1,0,0,0,1
1,0,0,0,1
1,0,0,0,1
1,0,0,0,1
1,0,0,0,1
1,0,0,0,1
1,0,0,0,1
1,0,0,0,1
1,0,0,0,1
1,0,0,0,1
1,0,0,0,1
1,0,0,0,1
1,0,0,0,1
1,0,0,0,1
1,0,0,0,1
1,0,0,0,1
1,0,0,0,1
1,0,0,0,1
1,0,0,0,1
1,9,0,0,10
1,0,0,0,1
1,0,0,0,1
1,0,0,0,1
1,0,0,0,1
1,0,0,0,1
1,0,0,0,1
1,2,0,0,3
1,0,0,0,1
1,0,0,0,1
1,0,0,0,1
1,0,0,0,1
1,0,0,0,1
1,0,0,0,1
1,0,0,0,1
1,0,0,0,1
1,0,0,0,1
1,0,0,0,1
1,0,0,0,1
1,0,0,0,1
1,0,0,0,1
1,0,0,0,1
1,0,0,0,1
1,0,0,0,1
1,0,0,0,1
1,0,0,0,1
1,0,0,0,1
1,0,0,0,1
1,0,0,0,1
1,0,0,0,1
1,0,0,0,1
1,0,0,0,1
1,0,0,0,1
1,0,0,0,1
1,0,0,0,1
2,0,0,0,2
1,0,0,0,1
1,0,0,0,1
1,0,0,0,1
1,0,0,0,1
1,0,0,0,1
1,0,0,0,1
1,0,0,0,1
1,0,0,0,1
1,0,0,0,1
1,0,0,0,1
1,0,0,0,1
1,0,0,0,1
1,634,0,0,635
1,0,0,0,1
1,0,0,0,1
1,0,0,0,1
1,0,0,0,1
1,0,0,0,1
1,0,0,0,1
1,0,0,0,1
1,0,0,0,1
1,0,0,0,1
1,0,0,0,1
1,0,0,0,1
1,0,0,0,1
1,0,0,0,1
1,0,0,0,1
1,0,0,0,1
1,0,0,0,1
1,0,0,0,1
1,0,0,0,1
1,0,0,0,1
1,0,0,0,1
1,0,0,0,1
1,0,0,0,1
1,0,0,0,1
1,0,0,0,1
1,0,0,0,1
1,0,0,0,1
1,0,0,0,1
1,0,0,0,1
1,0,0,0,1
1,0,0,0,1
1,0,0,0,1
1,0,0,0,1
1,0,0,0,1
1,0,0,0,1
1,0,0,0,1
1,0,0,0,1
1,0,0,0,1
1,0,0,0,1
1,0,0,0,1
1,0,0,0,1
1,0,0,0,1
1,0,0,0,1
1,0,0,0,1
1,0,0,0,1
1,0,0,0,1
1,0,0,0,1
1,0,0,0,1
1,0,0,0,1
2,0,0,0,2
1,0,0,0,1
1,0,0,0,1
1,0,0,0,1
1,0,0,0,1
1,0,0,0,1
1,0,0,0,1
1,0,0,0,1
1,0,0,0,1
1,0,0,0,1
1,0,0,0,1
1,0,0,0,1
1,0,0,0,1
1,0,0,0,1
1,0,0,0,1
1,0,0,0,1
1,0,0,0,1
1,0,0,0,1
1,0,0,0,1
1,0,0,0,1
1,0,0,0,1
1,0,0,0,1
1,0,0,0,1
1,0,0,0,1
1,0,0,0,1
1,0,0,0,1
1,0,0,0,1
1,0,0,0,1
1,0,0,0,1
1,0,0,0,1
1,0,0,0,1
1,0,0,0,1
1,0,0,0,1
1,0,0,0,1
1,2,0,0,3
1,0,0,0,1
1,0,0,0,1
1,0,0,0,1
1,0,0,0,1
1,0,0,0,1
1,0,0,0,1
1,0,0,0,1
1,0,0,0,1
1,0,0,0,1
1,0,0,0,1
1,0,0,0,1
1,0,0,0,1
1,0,0,0,1
1,0,0,0,1
1,0,0,0,1
1,0,0,0,1
1,0,0,0,1
1,0,0,0,1
1,0,0,0,1
1,0,0,0,1
1,0,0,0,1
1,0,0,0,1
1,0,0,0,1
1,0,0,0,1
1,0,0,0,1
1,0,0,0,1
1,0,0,0,1
1,0,0,0,1
1,0,0,0,1
1,0,0,0,1
1,0,0,0,1
1,0,0,0,1
1,0,0,0,1
1,0,0,0,1
1,0,0,0,1
1,54,11,0,66
1,0,0,0,1
1,0,0,0,1
1,0,0,0,1
1,0,0,0,1
1,0,0,0,1
1,0,0,0,1
1,0,0,0,1
1,0,0,0,1
1,0,0,0,1
1,0,0,0,1
1,0,0,0,1
1,3,3,0,7
1,0,0,0,1
1,0,0,0,1
1,0,0,0,1
1,0,0,0,1
1,0,0,0,1
1,0,0,0,1
1,0,0,0,1
1,0,0,0,1
1,0,0,0,1
1,0,0,0,1
1,0,0,0,1
1,0,0,0,1
1,0,0,0,1
1,0,0,0,1
1,0,0,0,1
1,2,0,0,3
1,0,0,0,1
1,0,0,0,1
1,0,0,0,1
1,0,0,0,1
1,0,0,0,1
1,0,0,0,1
1,0,0,0,1
1,0,0,0,1
1,0,0,0,1
1,0,0,0,1
1,0,0,0,1
1,0,0,0,1
1,0,0,0,1
1,0,0,0,1
1,0,0,0,1
1,0,0,0,1
1,0,0,0,1
1,0,0,0,1
1,0,0,0,1
1,0,0,0,1
1,0,0,0,1
1,0,0,0,1
1,0,0,0,1
1,0,0,0,1
1,0,0,0,1
1,0,0,0,1
1,0,0,0,1
1,0,0,0,1
1,0,0,0,1
1,0,0,0,1
1,0,0,0,1
1,0,0,0,1
1,0,0,0,1
1,0,0,0,1
1,0,0,0,1
1,0,0,0,1
1,0,0,0,1
1,0,0,0,1
1,0,0,0,1
2,0,0,0,2
1,0,0,0,1
1,0,0,0,1
1,0,0,0,1
1,0,0,0,1
1,4,0,0,5
1,0,0,0,1
1,0,0,0,1
1,1,1,0,3
1,0,0,0,1
1,0,0,0,1
1,0,0,0,1
1,0,0,0,1
1,0,0,0,1
1,0,0,0,1
1,0,0,0,1
1,0,0,0,1
1,0,0,0,1
1,0,0,0,1
1,0,0,0,1
1,0,0,0,1
1,0,0,0,1
1,0,0,0,1
1,0,0,0,1
1,0,0,0,1
1,0,0,0,1
1,0,0,0,1
1,0,0,0,1
1,0,0,0,1
1,0,0,0,1
1,0,0,0,1
1,0,0,0,1
1,0,0,0,1
1,0,0,0,1
1,0,0,0,1
1,0,0,0,1
1,0,0,0,1
1,0,0,0,1
1,0,0,0,1
1,0,0,0,1
1,2,0,0,3
1,0,0,0,1
1,0,0,0,1
1,0,0,0,1
1,0,0,0,1
1,0,0,0,1
1,0,0,0,1
1,0,0,0,1
1,0,0,0,1
1,0,0,0,1
1,0,0,0,1
1,0,0,0,1
1,0,0,0,1
1,0,0,0,1
1,0,0,0,1
1,0,0,0,1
1,0,0,0,1
1,0,0,0,1
1,0,0,0,1
1,0,0,0,1
1,0,0,0,1
1,0,0,0,1
1,0,0,0,1
1,0,0,0,1
1,0,0,0,1
1,0,0,0,1
1,0,0,0,1
1,0,0,0,1
1,0,0,0,1
1,0,0,0,1
1,0,0,0,1
1,0,0,0,1
1,0,0,0,1
1,0,0,0,1
1,0,0,0,1
1,0,0,0,1
1,0,0,0,1
1,0,0,0,1
1,0,0,0,1
1,0,0,0,1
1,0,0,0,1
1,0,0,0,1
1,0,0,0,1
1,0,0,0,1
1,0,0,0,1
1,0,0,0,1
1,0,0,0,1
1,0,0,0,1
1,0,0,0,1
1,0,0,0,1
1,0,0,0,1
1,0,0,0,1
1,0,0,0,1
1,0,0,0,1
1,0,0,0,1
1,0,0,0,1
1,0,0,0,1
2,4,0,0,6
1,0,0,0,1
2,0,0,0,2
1,0,0,0,1
1,0,0,0,1
1,0,0,0,1
1,0,0,0,1
1,0,0,0,1
1,0,0,0,1
1,0,0,0,1
1,0,0,0,1
1,0,0,0,1
1,0,0,0,1
1,0,0,0,1
1,0,0,0,1
1,0,0,0,1
1,0,0,0,1
1,0,0,0,1
1,0,0,0,1
1,1,0,0,2
1,0,0,0,1
1,0,0,0,1
1,0,0,0,1
1,0,0,0,1
1,0,0,0,1
1,0,0,0,1
1,0,0,0,1
1,0,0,0,1
1,0,0,0,1
1,0,0,0,1
1,0,0,0,1
1,0,0,0,1
1,0,0,0,1
2,0,0,0,2
1,0,0,0,1
1,0,0,0,1
1,0,0,0,1
1,0,0,0,1
1,0,0,0,1
1,0,0,0,1
1,0,0,0,1
1,0,0,0,1
1,0,0,0,1
1,0,0,0,1
1,0,0,0,1
1,0,0,0,1
1,0,0,0,1
1,0,0,0,1
1,0,0,0,1
1,0,0,0,1
1,0,0,0,1
1,0,0,0,1
1,0,0,0,1
1,0,0,0,1
1,0,0,0,1
1,0,0,0,1
1,0,0,0,1
1,0,0,0,1
1,0,0,0,1
1,0,0,0,1
1,0,0,0,1
1,0,0,0,1
1,0,0,0,1
1,0,0,0,1
2,0,0,0,2
1,0,0,0,1
1,0,0,0,1
1,0,0,0,1
1,0,0,0,1
2,0,0,0,2
1,0,0,0,1
1,0,0,0,1
1,0,0,0,1
1,0,0,0,1
1,0,0,0,1
1,0,0,0,1
1,0,0,0,1
1,0,0,0,1
1,0,0,0,1
1,0,0,0,1
1,0,0,0,1
1,0,0,0,1
1,0,0,0,1
1,0,0,0,1
1,0,0,0,1
1,0,0,0,1
1,0,0,0,1
1,0,0,0,1
1,0,0,0,1
1,0,0,0,1
1,11,0,0,12
1,0,0,0,1
1,0,0,0,1
1,0,0,0,1
1,0,0,0,1
1,0,0,0,1
1,0,0,0,1
1,0,0,0,1
1,0,0,0,1
1,0,0,0,1
1,0,0,0,1
1,0,0,0,1
1,0,0,0,1
1,0,0,0,1
1,0,0,0,1
1,0,0,0,1
1,0,0,0,1
1,0,0,0,1
1,0,0,0,1
1,1,0,0,2
1,0,0,0,1
1,0,0,0,1
1,0,0,0,1
1,0,0,0,1
1,0,0,0,1
1,0,0,0,1
1,0,0,0,1
1,0,0,0,1
1,0,0,0,1
1,0,0,0,1
1,0,0,0,1
1,0,0,0,1
1,0,0,0,1
1,0,0,0,1
1,1,0,0,2
1,0,0,0,1
1,0,0,0,1
1,0,0,0,1
1,0,0,0,1
1,3,0,0,4
1,0,0,0,1
1,0,0,0,1
1,0,0,0,1
1,0,0,0,1
1,0,0,0,1
1,0,0,0,1
1,0,0,0,1
1,0,0,0,1
1,0,0,0,1
1,0,0,0,1
1,0,0,0,1
1,0,0,0,1
1,0,0,0,1
1,0,0,0,1
1,0,0,0,1
1,0,0,0,1
1,0,0,0,1
1,0,0,0,1
1,0,0,0,1
1,0,0,0,1
1,0,0,0,1
1,0,0,0,1
1,0,0,0,1
1,0,0,0,1
1,0,0,0,1
1,0,0,0,1
1,0,0,0,1
1,0,0,0,1
1,0,0,0,1
1,0,0,0,1
1,0,0,0,1
1,0,0,0,1
1,0,0,0,1
2,0,0,0,2
1,0,0,0,1
1,0,0,0,1
1,0,0,0,1
1,0,0,0,1
1,0,0,0,1
1,0,0,0,1
1,0,0,0,1
1,0,0,0,1
1,0,0,0,1
1,0,0,0,1
1,0,0,0,1
1,0,0,0,1
1,0,0,0,1
1,2,0,0,3
1,0,0,0,1
1,0,0,0,1
1,0,0,0,1
1,0,0,0,1
1,0,0,0,1
1,0,0,0,1
1,0,0,0,1
1,0,0,0,1
1,0,0,0,1
1,0,0,0,1
1,0,0,0,1
1,0,0,0,1
1,0,0,0,1
1,0,0,0,1
1,0,0,0,1
1,0,0,0,1
1,0,0,0,1
1,0,0,0,1
1,0,0,0,1
1,0,0,0,1
1,0,0,0,1
1,0,0,0,1
1,0,0,0,1
1,2,0,0,3
1,0,0,0,1
1,0,0,0,1
1,0,0,0,1
1,0,0,0,1
1,0,0,0,1
1,0,0,0,1
1,0,0,0,1
1,0,0,0,1
1,0,0,0,1
1,0,0,0,1
1,0,0,0,1
1,0,0,0,1
1,0,0,0,1
1,0,0,0,1
1,0,0,0,1
2,35,2,0,39
1,0,0,0,1
1,0,0,0,1
1,0,0,0,1
1,0,0,0,1
1,0,0,0,1
1,0,0,0,1
1,0,0,0,1
1,0,0,0,1
1,0,0,0,1
1,0,0,0,1
1,0,0,0,1
1,0,0,0,1
1,0,0,0,1
1,0,0,0,1
2,0,0,0,2
1,0,0,0,1
1,0,0,0,1
1,0,0,0,1
1,0,0,0,1
1,0,0,0,1
1,0,0,0,1
1,0,0,0,1
1,0,0,0,1
1,0,0,0,1
1,0,0,0,1
1,0,0,0,1
1,0,0,0,1
1,0,0,0,1
1,0,0,0,1
1,0,0,0,1
1,0,0,0,1
1,0,0,0,1
1,0,0,0,1
1,0,0,0,1
1,0,0,0,1
1,0,0,0,1
1,0,0,0,1
1,0,0,0,1
1,0,0,0,1
1,0,0,0,1
1,0,0,0,1
1,0,0,0,1
1,0,0,0,1
1,0,0,0,1
1,0,0,0,1
1,0,0,0,1
1,0,0,0,1
2,0,0,0,2
1,0,0,0,1
1,0,0,0,1
1,0,0,0,1
1,0,0,0,1
1,0,0,0,1
1,0,0,0,1
1,0,0,0,1
1,0,0,0,1
1,0,0,0,1
1,0,0,0,1
1,0,0,0,1
1,0,0,0,1
1,0,0,0,1
1,0,0,0,1
1,0,0,0,1
1,0,0,0,1
1,0,0,0,1
1,0,0,0,1
1,0,0,0,1
1,0,0,0,1
1,0,0,0,1
1,0,0,0,1
1,0,0,0,1
1,0,0,0,1
1,0,0,0,1
1,0,0,0,1
1,0,0,0,1
1,0,0,0,1
1,0,0,0,1
1,0,0,0,1
1,0,0,0,1
1,0,0,0,1
1,0,0,0,1
2,0,0,0,2
1,0,0,0,1
2,0,0,0,2
1,0,0,0,1
1,0,0,0,1
1,1,0,0,2
1,0,0,0,1
1,0,0,0,1
1,0,0,0,1
1,0,0,0,1
1,0,0,0,1
1,0,0,0,1
1,0,0,0,1
1,0,0,0,1
1,0,0,0,1
1,0,0,0,1
1,0,0,0,1
1,0,0,0,1
1,0,0,0,1
1,0,0,0,1
1,0,0,0,1
1,0,0,0,1
1,0,0,0,1
1,0,0,0,1
1,0,0,0,1
1,0,0,0,1
1,0,0,0,1
1,0,0,0,1
1,0,0,0,1
1,0,0,0,1
1,0,0,0,1
1,0,0,0,1
1,1,1,0,3
1,0,0,0,1
1,0,0,0,1
1,0,0,0,1
1,0,0,0,1
1,0,0,0,1
1,0,0,0,1
1,1,0,0,2
1,0,0,0,1
1,0,0,0,1
1,0,0,0,1
1,0,0,0,1
1,0,0,0,1
1,0,0,0,1
1,0,0,0,1
1,0,0,0,1
1,0,0,0,1
1,0,0,0,1
1,0,0,0,1
1,0,0,0,1
1,0,0,0,1
1,0,0,0,1
1,0,0,0,1
1,0,0,0,1
1,0,0,0,1
1,0,0,0,1
1,0,0,0,1
1,0,0,0,1
1,0,0,0,1
1,0,0,0,1
1,0,0,0,1
1,0,0,0,1
1,0,0,0,1
1,0,0,0,1
1,0,0,0,1
1,0,0,0,1
1,0,0,0,1
1,0,0,0,1
1,0,0,0,1
1,0,0,0,1
1,0,0,0,1
1,0,0,0,1
1,0,0,0,1
1,0,0,0,1
1,0,0,0,1
1,0,0,0,1
1,0,0,0,1
1,0,0,0,1
1,0,0,0,1
1,0,0,0,1
1,0,0,0,1
1,0,0,0,1
1,0,0,0,1
1,0,0,0,1
1,0,0,0,1
1,0,0,0,1
1,0,0,0,1
1,0,0,0,1
1,0,0,0,1
1,0,0,0,1
1,0,0,0,1
1,0,0,0,1
1,15,0,0,16
1,0,0,0,1
1,0,0,0,1
1,0,0,0,1
1,0,0,0,1
1,0,0,0,1
1,0,0,0,1
1,0,0,0,1
1,0,0,0,1
1,0,0,0,1
1,0,0,0,1
1,0,0,0,1
1,0,0,0,1
1,0,0,0,1
1,0,0,0,1
1,0,0,0,1
1,0,0,0,1
1,0,0,0,1
1,0,0,0,1
1,0,0,0,1
1,0,0,0,1
1,0,0,0,1
1,1,0,0,2
1,0,0,0,1
1,0,0,0,1
1,0,0,0,1
1,0,0,0,1
1,0,0,0,1
1,0,0,0,1
1,0,0,0,1
1,0,0,0,1
1,0,0,0,1
1,0,0,0,1
1,0,0,0,1
1,0,0,0,1
1,0,0,0,1
1,0,0,0,1
1,0,0,0,1
1,0,0,0,1
1,0,0,0,1
1,0,0,0,1
1,0,0,0,1
1,0,0,0,1
1,0,0,0,1
1,0,0,0,1
1,0,0,0,1
1,0,0,0,1
1,0,0,0,1
1,0,0,0,1
1,0,0,0,1
1,0,0,0,1
1,0,0,0,1
1,0,0,0,1
1,0,0,0,1
1,0,0,0,1
1,0,0,0,1
1,0,0,0,1
1,0,0,0,1
1,0,0,0,1
1,0,0,0,1
1,0,0,0,1
1,0,0,0,1
1,0,0,0,1
1,0,0,0,1
1,0,0,0,1
1,0,0,0,1
2,0,0,0,2
1,0,0,0,1
1,0,0,0,1
1,0,0,0,1
1,24,0,0,25
1,0,0,0,1
1,1,0,0,2
1,0,0,0,1
1,0,0,0,1
1,0,0,0,1
1,0,0,0,1
1,0,0,0,1
1,0,0,0,1
1,0,0,0,1
1,0,0,0,1
1,0,0,0,1
1,0,0,0,1
1,0,0,0,1
1,0,0,0,1
1,0,0,0,1
1,0,0,0,1
1,0,0,0,1
1,0,0,0,1
1,0,0,0,1
1,0,0,0,1
1,0,0,0,1
1,0,0,0,1
1,0,0,0,1
1,0,0,0,1
1,0,0,0,1
1,0,0,0,1
1,0,0,0,1
1,0,0,0,1
1,0,0,0,1
1,0,0,0,1
1,0,0,0,1
1,0,0,0,1
1,0,0,0,1
1,0,0,0,1
1,0,0,0,1
1,0,0,0,1
1,0,0,0,1
1,0,0,0,1
1,0,0,0,1
1,0,0,0,1
1,0,0,0,1
1,0,0,0,1
1,0,0,0,1
1,0,0,0,1
1,0,0,0,1
1,1,0,0,2
1,1,0,0,2
1,0,0,0,1
1,0,0,0,1
1,0,0,0,1
1,0,0,0,1
1,0,0,0,1
1,0,0,0,1
1,0,0,0,1
1,0,0,0,1
1,0,0,0,1
1,0,0,0,1
1,0,0,0,1
1,0,0,0,1
1,0,0,0,1
1,0,0,0,1
1,0,0,0,1
1,0,0,0,1
1,0,0,0,1
1,0,0,0,1
1,3,0,0,4
1,0,0,0,1
1,0,0,0,1
1,0,0,0,1
1,0,0,0,1
1,0,0,0,1
1,0,0,0,1
1,0,0,0,1
1,0,0,0,1
1,0,0,0,1
1,0,0,0,1
1,0,0,0,1
1,0,0,0,1
1,0,0,0,1
1,0,0,0,1
1,0,0,0,1
1,0,0,0,1
1,0,0,0,1
1,0,0,0,1
1,0,0,0,1
1,0,0,0,1
1,0,0,0,1
1,0,0,0,1
1,1,0,0,2
1,0,0,0,1
1,0,0,0,1
1,0,0,0,1
1,0,0,0,1
1,0,0,0,1
1,0,0,0,1
1,0,0,0,1
1,0,0,0,1
1,0,0,0,1
1,0,0,0,1
1,0,0,0,1
1,0,0,0,1
1,0,0,0,1
1,0,0,0,1
1,0,0,0,1
1,0,0,0,1
1,0,0,0,1
1,0,0,0,1
1,0,0,0,1
1,0,0,0,1
1,0,0,0,1
1,0,0,0,1
1,0,0,0,1
1,0,0,0,1
1,0,0,0,1
1,0,0,0,1
1,0,0,0,1
1,0,0,0,1
1,0,0,0,1
1,0,0,0,1
1,0,0,0,1
1,0,0,0,1
1,0,0,0,1
1,0,0,0,1
1,0,0,0,1
1,0,0,0,1
1,0,0,0,1
1,0,0,0,1
1,0,0,0,1
1,0,0,0,1
1,0,0,0,1
1,0,0,0,1
1,0,0,0,1
1,0,0,0,1
1,0,0,0,1
1,0,0,0,1
1,0,0,0,1
1,0,0,0,1
1,0,0,0,1
1,0,0,0,1
1,0,0,0,1
1,0,0,0,1
2,0,0,0,2
1,0,0,0,1
1,0,0,0,1
1,0,0,0,1
1,0,0,0,1
1,0,0,0,1
1,0,0,0,1
1,0,0,0,1
1,0,0,0,1
1,0,0,0,1
1,0,0,0,1
1,0,0,0,1
1,0,0,0,1
1,0,0,0,1
1,0,0,0,1
1,0,0,0,1
1,0,0,0,1
1,0,0,0,1
1,0,0,0,1
1,0,0,0,1
1,0,0,0,1
1,0,0,0,1
1,0,0,0,1
1,0,0,0,1
1,0,0,0,1
1,0,0,0,1
1,0,0,0,1
1,0,0,0,1
1,0,0,0,1
1,0,0,0,1
1,0,0,0,1
1,0,0,0,1
1,0,0,0,1
1,0,0,0,1
1,0,0,0,1
1,0,0,0,1
1,0,0,0,1
1,0,0,0,1
1,0,0,0,1
1,0,0,0,1
1,0,0,0,1
1,0,0,0,1
1,0,0,0,1
1,0,0,0,1
1,0,0,0,1
1,0,0,0,1
1,0,0,0,1
1,0,0,0,1
1,0,0,0,1
1,0,0,0,1
1,0,0,0,1
1,0,0,0,1
1,0,0,0,1
1,0,0,0,1
1,0,0,0,1
1,0,0,0,1
1,0,0,0,1
1,0,0,0,1
1,5,0,0,6
1,0,0,0,1
1,0,0,0,1
1,0,0,0,1
1,0,0,0,1
1,0,0,0,1
1,0,0,0,1
1,0,0,0,1
1,0,0,0,1
1,0,0,0,1
1,0,0,0,1
1,0,0,0,1
1,0,0,0,1
1,0,0,0,1
1,0,0,0,1
1,0,0,0,1
1,0,0,0,1
1,0,0,0,1
1,0,0,0,1
1,0,0,0,1
1,0,0,0,1
1,0,0,0,1
1,0,0,0,1
1,0,0,0,1
1,0,0,0,1
1,2,0,0,3
1,0,0,0,1
1,0,0,0,1
1,0,0,0,1
1,0,0,0,1
1,0,0,0,1
1,0,0,0,1
1,0,0,0,1
1,0,0,0,1
1,0,0,0,1
1,0,0,0,1
1,0,0,0,1
1,0,0,0,1
1,0,0,0,1
1,0,0,0,1
1,0,0,0,1
1,0,0,0,1
1,0,0,0,1
1,0,0,0,1
1,0,0,0,1
1,0,0,0,1
1,0,0,0,1
1,0,0,0,1
1,0,0,0,1
1,0,0,0,1
1,0,0,0,1
1,0,0,0,1
1,0,0,0,1
1,0,0,0,1
1,0,0,0,1
1,0,0,0,1
1,0,0,0,1
1,0,0,0,1
1,0,0,0,1
1,0,0,0,1
1,0,0,0,1
1,0,0,0,1
1,0,0,0,1
1,0,0,0,1
1,0,0,0,1
1,0,0,0,1
1,0,0,0,1
1,0,0,0,1
1,0,0,0,1
1,0,0,0,1
1,0,0,0,1
1,0,0,0,1
1,0,0,0,1
1,0,0,0,1
1,0,0,0,1
1,0,0,0,1
1,0,0,0,1
1,0,0,0,1
1,0,0,0,1
1,0,0,0,1
1,0,0,0,1
1,0,0,0,1
1,0,0,0,1
1,0,0,0,1
1,0,0,0,1
1,0,0,0,1
1,0,0,0,1
1,0,0,0,1
1,0,0,0,1
1,0,0,0,1
1,0,0,0,1
1,0,0,0,1
1,0,0,0,1
1,0,0,0,1
1,0,0,0,1
1,0,0,0,1
1,0,0,0,1
1,0,0,0,1
1,0,0,0,1
1,0,0,0,1
1,0,0,0,1
1,0,0,0,1
1,0,0,0,1
1,0,0,0,1
1,0,0,0,1
1,2,0,0,3
1,0,1,0,2
1,0,0,0,1
1,0,0,0,1
1,0,0,0,1
1,0,0,0,1
1,0,0,0,1
1,0,0,0,1
1,0,0,0,1
1,0,0,0,1
1,0,0,0,1
2,0,0,0,2
1,0,0,0,1
1,0,0,0,1
1,0,0,0,1
1,0,0,0,1
2,0,0,0,2
1,0,0,0,1
1,0,0,0,1
1,0,0,0,1
1,0,0,0,1
2,0,0,0,2
1,0,0,0,1
1,0,0,0,1
1,0,0,0,1
1,0,0,0,1
1,0,0,0,1
1,0,0,0,1
1,0,0,0,1
1,0,0,0,1
1,0,0,0,1
1,0,0,0,1
1,0,0,0,1
1,0,0,0,1
1,0,0,0,1
1,0,0,0,1
1,0,0,0,1
1,0,0,0,1
1,0,0,0,1
1,0,0,0,1
1,0,0,0,1
1,0,0,0,1
1,0,0,0,1
1,0,0,0,1
1,0,0,0,1
1,0,0,0,1
1,0,0,0,1
2,0,0,0,2
1,0,0,0,1
1,0,0,0,1
1,0,0,0,1
1,0,0,0,1
1,1,0,0,2
1,0,0,0,1
1,0,0,0,1
1,0,0,0,1
1,0,0,0,1
1,0,0,0,1
1,0,0,0,1
1,0,0,0,1
1,0,0,0,1
1,0,0,0,1
1,0,0,0,1
1,0,0,0,1
1,0,0,0,1
1,0,0,0,1
1,0,0,0,1
1,0,0,0,1
1,0,0,0,1
1,0,0,0,1
1,0,0,0,1
1,0,0,0,1
1,0,0,0,1
1,0,0,0,1
1,0,0,0,1
1,0,0,0,1
1,0,0,0,1
1,0,0,0,1
1,0,0,0,1
1,0,0,0,1
1,0,0,0,1
1,0,0,0,1
1,0,0,0,1
1,0,0,0,1
1,0,0,0,1
1,0,0,0,1
1,0,0,0,1
1,0,0,0,1
1,0,0,0,1
1,1,0,0,2
1,0,0,0,1
1,0,0,0,1
1,0,0,0,1
1,0,0,0,1
1,0,0,0,1
1,0,0,0,1
1,0,0,0,1
1,0,0,0,1
1,0,0,0,1
1,2,0,0,3
1,0,0,0,1
1,0,0,0,1
1,0,0,0,1
1,0,0,0,1
1,0,0,0,1
1,0,0,0,1
1,0,0,0,1
1,0,0,0,1
2,0,0,0,2
1,0,0,0,1
1,0,0,0,1
1,0,0,0,1
1,0,0,0,1
1,0,0,0,1
1,0,0,0,1
1,0,0,0,1
1,0,0,0,1
1,0,0,0,1
1,0,0,0,1
1,0,0,0,1
1,0,0,0,1
1,0,0,0,1
1,0,0,0,1
1,0,0,0,1
1,0,0,0,1
1,0,0,0,1
1,0,0,0,1
1,0,0,0,1
1,0,0,0,1
1,0,0,0,1
1,0,0,0,1
1,0,0,0,1
1,0,0,0,1
1,0,0,0,1
1,0,0,0,1
1,0,0,0,1
1,0,0,0,1
1,0,0,0,1
1,0,0,0,1
1,0,0,0,1
1,0,0,0,1
1,0,0,0,1
1,0,0,0,1
1,0,0,0,1
1,0,0,0,1
1,0,0,0,1
1,0,0,0,1
1,0,0,0,1
1,0,0,0,1
1,0,0,0,1
1,0,0,0,1
1,0,0,0,1
1,0,0,0,1
1,0,0,0,1
1,0,0,0,1
1,0,0,0,1
1,0,0,0,1
1,0,0,0,1
1,0,0,0,1
1,0,0,0,1
1,0,0,0,1
1,0,0,0,1
1,0,0,0,1
1,0,0,0,1
1,0,0,0,1
1,0,0,0,1
1,0,0,0,1
1,0,0,0,1
1,96,0,0,97
1,0,0,0,1
1,2,0,0,3
1,0,0,0,1
1,0,0,0,1
1,0,0,0,1
1,0,0,0,1
1,0,0,0,1
1,0,0,0,1
1,0,0,0,1
1,0,0,0,1
1,0,0,0,1
1,0,0,0,1
1,0,0,0,1
1,0,0,0,1
1,0,0,0,1
1,0,0,0,1
1,0,0,0,1
1,0,0,0,1
1,0,0,0,1
1,0,0,0,1
1,0,0,0,1
1,0,0,0,1
1,0,0,0,1
1,0,0,0,1
1,0,0,0,1
1,0,0,0,1
1,0,0,0,1
1,0,0,0,1
1,0,0,0,1
1,0,0,0,1
1,0,1,0,2
1,0,0,0,1
1,0,0,0,1
1,0,0,0,1
1,0,0,0,1
1,0,0,0,1
1,0,0,0,1
1,0,0,0,1
1,0,0,0,1
1,0,0,0,1
1,0,0,0,1
1,1,0,0,2
1,0,0,0,1
1,0,0,0,1
1,0,0,0,1
1,0,0,0,1
1,0,0,0,1
1,0,0,0,1
1,0,0,0,1
1,0,0,0,1
1,0,0,0,1
1,0,0,0,1
1,0,0,0,1
1,0,0,0,1
1,0,0,0,1
1,3,2,0,6
1,0,0,0,1
1,0,0,0,1
1,0,0,0,1
1,13,0,0,14
1,0,0,0,1
1,0,0,0,1
1,0,0,0,1
1,0,0,0,1
1,0,0,0,1
1,0,0,0,1
1,0,0,0,1
1,0,0,0,1
1,0,0,0,1
1,0,0,0,1
1,0,0,0,1
1,0,0,0,1
1,0,0,0,1
1,0,0,0,1
1,0,0,0,1
1,0,0,0,1
1,0,0,0,1
1,0,0,0,1
1,0,0,0,1
1,0,0,0,1
1,0,0,0,1
1,0,0,0,1
1,0,0,0,1
1,0,0,0,1
1,0,0,0,1
1,0,0,0,1
1,0,0,0,1
1,0,0,0,1
1,0,0,0,1
1,0,0,0,1
1,1,0,0,2
1,0,0,0,1
1,0,0,0,1
1,0,0,0,1
1,6,0,0,7
1,0,0,0,1
1,0,0,0,1
1,0,0,0,1
1,0,0,0,1
1,0,0,0,1
1,0,0,0,1
1,0,0,0,1
1,0,0,0,1
1,0,0,0,1
1,0,0,0,1
1,0,0,0,1
1,0,0,0,1
1,0,0,0,1
1,0,0,0,1
1,0,0,0,1
1,0,0,0,1
1,0,0,0,1
1,0,0,0,1
1,0,0,0,1
1,0,0,0,1
2,2,0,0,4
1,0,0,0,1
1,0,0,0,1
1,0,0,0,1
1,0,0,0,1
1,1,0,0,2
1,0,0,0,1
1,0,0,0,1
1,0,0,0,1
1,0,0,0,1
1,0,0,0,1
1,0,0,0,1
1,0,0,0,1
1,0,0,0,1
1,0,0,0,1
1,0,0,0,1
1,0,0,0,1
1,0,0,0,1
1,0,0,0,1
1,0,0,0,1
1,0,0,0,1
1,0,0,0,1
1,0,0,0,1
2,0,0,0,2
1,0,0,0,1
1,0,0,0,1
1,0,0,0,1
1,0,0,0,1
1,0,0,0,1
1,0,0,0,1
1,0,0,0,1
1,0,0,0,1
1,0,0,0,1
1,0,0,0,1
1,0,0,0,1
1,0,0,0,1
1,0,0,0,1
1,0,0,0,1
1,6,0,0,7
1,0,0,0,1
1,0,0,0,1
1,0,0,0,1
1,0,0,0,1
1,0,0,0,1
1,0,0,0,1
1,0,0,0,1
1,0,0,0,1
1,0,0,0,1
1,0,0,0,1
1,0,0,0,1
1,0,0,0,1
1,0,0,0,1
1,0,0,0,1
1,0,0,0,1
1,0,0,0,1
1,0,0,0,1
1,0,0,0,1
1,0,0,0,1
1,0,0,0,1
1,0,0,0,1
1,0,0,0,1
1,0,0,0,1
1,0,0,0,1
1,0,0,0,1
1,0,0,0,1
1,0,0,0,1
1,0,0,0,1
1,0,0,0,1
2,0,0,0,2
1,0,0,0,1
1,0,0,0,1
1,0,0,0,1
1,0,0,0,1
1,0,0,0,1
1,0,0,0,1
1,0,0,0,1
1,0,0,0,1
1,0,0,0,1
2,0,0,0,2
1,0,0,0,1
1,0,0,0,1
1,1,0,0,2
1,0,0,0,1
1,0,0,0,1
1,0,0,0,1
1,0,0,0,1
1,0,0,0,1
1,0,0,0,1
1,0,0,0,1
1,0,0,0,1
1,0,0,0,1
1,0,0,0,1
1,0,0,0,1
1,0,0,0,1
1,0,0,0,1
1,0,0,0,1
1,0,0,0,1
1,0,0,0,1
1,0,0,0,1
1,0,0,0,1
1,0,0,0,1
1,0,0,0,1
1,0,0,0,1
1,0,0,0,1
1,0,0,0,1
1,0,0,0,1
1,2,0,0,3
1,0,0,0,1
1,0,0,0,1
1,1,0,0,2
1,0,0,0,1
1,0,0,0,1
1,0,0,0,1
1,0,0,0,1
1,0,0,0,1
1,0,0,0,1
1,0,0,0,1
1,0,0,0,1
1,0,0,0,1
1,0,0,0,1
1,0,0,0,1
1,0,0,0,1
1,0,0,0,1
1,0,0,0,1
1,0,0,0,1
1,0,0,0,1
1,0,0,0,1
1,0,0,0,1
1,0,0,0,1
1,0,0,0,1
1,0,0,0,1
1,0,0,0,1
1,0,0,0,1
1,0,0,0,1
1,0,0,0,1
1,0,0,0,1
1,0,0,0,1
1,0,0,0,1
1,0,0,0,1
1,0,0,0,1
1,0,0,0,1
1,0,0,0,1
1,0,0,0,1
1,0,0,0,1
1,0,0,0,1
1,0,0,0,1
1,0,0,0,1
1,0,0,0,1
1,0,0,0,1
1,0,0,0,1
1,0,0,0,1
1,0,0,0,1
1,0,0,0,1
1,0,0,0,1
1,0,0,0,1
1,0,0,0,1
1,0,0,0,1
1,0,0,0,1
1,0,0,0,1
1,0,0,0,1
1,0,0,0,1
1,0,0,0,1
1,0,0,0,1
1,0,0,0,1
1,1,0,0,2
1,0,0,0,1
1,0,0,0,1
1,0,0,0,1
1,0,0,0,1
1,0,0,0,1
1,0,0,0,1
1,0,1,0,2
1,0,0,0,1
1,0,0,0,1
1,0,0,0,1
1,0,0,0,1
1,0,0,0,1
1,0,0,0,1
1,0,0,0,1
1,0,0,0,1
1,0,0,0,1
1,0,0,0,1
1,0,0,0,1
1,0,0,0,1
1,0,0,0,1
1,0,0,0,1
1,0,0,0,1
1,0,0,0,1
1,0,0,0,1
1,0,0,0,1
1,0,0,0,1
1,0,0,0,1
1,0,0,0,1
1,0,0,0,1
1,0,0,0,1
1,0,0,0,1
1,0,0,0,1
1,0,0,0,1
1,0,0,0,1
1,0,0,0,1
1,0,0,0,1
1,0,0,0,1
1,0,0,0,1
1,0,0,0,1
1,2,0,0,3
1,0,0,0,1
1,0,0,0,1
1,0,0,0,1
1,0,0,0,1
1,0,0,0,1
1,0,0,0,1
1,0,0,0,1
1,0,0,0,1
1,0,0,0,1
1,0,0,0,1
1,0,0,0,1
1,0,0,0,1
1,0,0,0,1
1,0,0,0,1
1,0,0,0,1
1,0,0,0,1
1,0,0,0,1
1,0,0,0,1
1,0,0,0,1
1,0,0,0,1
1,0,0,0,1
1,0,0,0,1
1,0,0,0,1
1,0,0,0,1
1,0,0,0,1
1,0,0,0,1
1,0,0,0,1
1,0,0,0,1
1,0,0,0,1
1,0,0,0,1
1,0,0,0,1
1,0,0,0,1
1,0,0,0,1
1,0,0,0,1
1,0,0,0,1
1,0,0,0,1
1,0,0,0,1
1,0,0,0,1
1,0,0,0,1
1,0,0,0,1
1,0,0,0,1
1,0,0,0,1
1,3,0,0,4
1,0,0,0,1
1,0,0,0,1
1,0,0,0,1
1,0,0,0,1
1,0,0,0,1
1,0,0,0,1
1,0,0,0,1
1,0,0,0,1
1,0,0,0,1
1,0,0,0,1
1,0,0,0,1
1,0,0,0,1
1,0,0,0,1
1,0,0,0,1
1,0,0,0,1
1,0,0,0,1
1,0,0,0,1
1,0,0,0,1
1,0,0,0,1
1,0,0,0,1
2,0,0,0,2
1,4,0,0,5
1,0,0,0,1
1,0,0,0,1
1,0,0,0,1
1,0,0,0,1
1,0,0,0,1
1,0,0,0,1
1,0,0,0,1
1,78,1,0,80
1,0,0,0,1
1,0,0,0,1
1,0,0,0,1
1,0,0,0,1
1,0,0,0,1
1,0,0,0,1
1,0,0,0,1
1,0,0,0,1
1,0,0,0,1
1,0,0,0,1
1,0,0,0,1
1,0,0,0,1
1,0,0,0,1
1,0,0,0,1
1,0,0,0,1
1,0,0,0,1
1,0,0,0,1
1,0,0,0,1
1,0,0,0,1
1,0,0,0,1
1,0,0,0,1
1,0,0,0,1
1,1,1,0,3
1,0,0,0,1
1,0,0,0,1
1,0,0,0,1
1,0,0,0,1
1,0,0,0,1
1,0,0,0,1
1,0,0,0,1
1,0,0,0,1
1,0,0,0,1
1,0,0,0,1
1,0,0,0,1
1,0,0,0,1
1,0,0,0,1
1,0,0,0,1
1,0,0,0,1
1,0,0,0,1
1,0,0,0,1
1,0,0,0,1
1,4,0,0,5
1,0,0,0,1
1,0,0,0,1
1,0,0,0,1
1,0,0,0,1
1,0,0,0,1
1,0,0,0,1
1,0,0,0,1
1,0,0,0,1
1,0,0,0,1
1,0,0,0,1
1,2,0,0,3
1,0,0,0,1
1,0,0,0,1
1,0,0,0,1
1,0,0,0,1
1,0,0,0,1
1,0,0,0,1
1,0,0,0,1
1,0,0,0,1
1,0,0,0,1
1,0,0,0,1
1,0,0,0,1
1,0,0,0,1
1,0,0,0,1
1,0,0,0,1
1,0,0,0,1
1,0,0,0,1
1,0,0,0,1
2,0,0,0,2
1,0,0,0,1
1,0,0,0,1
1,0,0,0,1
1,0,0,0,1
1,0,0,0,1
2,0,0,0,2
1,0,0,0,1
1,0,0,0,1
1,0,0,0,1
1,0,0,0,1
1,0,0,0,1
1,0,0,0,1
1,0,0,0,1
1,0,0,0,1
1,0,0,0,1
1,0,0,0,1
1,0,0,0,1
1,0,0,0,1
1,0,0,0,1
1,0,0,0,1
1,0,0,0,1
1,0,0,0,1
1,0,0,0,1
1,0,0,0,1
1,0,0,0,1
1,0,0,0,1
1,0,0,0,1
1,0,0,0,1
1,0,0,0,1
1,0,0,0,1
1,0,0,0,1
1,0,0,0,1
1,0,1,0,2
1,0,0,0,1
1,0,0,0,1
1,0,0,0,1
1,0,0,0,1
1,0,0,0,1
1,0,0,0,1
1,0,0,0,1
1,0,0,0,1
1,0,0,0,1
1,0,0,0,1
1,0,0,0,1
1,0,0,0,1
1,0,0,0,1
1,0,0,0,1
1,0,0,0,1
1,0,0,0,1
1,0,0,0,1
1,0,0,0,1
1,0,0,0,1
2,0,0,0,2
1,0,0,0,1
1,0,0,0,1
1,0,0,0,1
1,0,0,0,1
1,0,0,0,1
1,0,0,0,1
1,0,0,0,1
1,0,0,0,1
1,0,0,0,1
1,0,0,0,1
1,0,0,0,1
1,0,0,0,1
1,0,0,0,1
1,0,0,0,1
1,0,0,0,1
1,0,0,0,1
1,0,0,0,1
1,0,0,0,1
1,0,0,0,1
1,0,0,0,1
1,0,0,0,1
1,0,0,0,1
1,0,0,0,1
1,0,0,0,1
1,0,0,0,1
1,0,0,0,1
1,0,0,0,1
2,0,0,0,2
1,0,0,0,1
1,0,0,0,1
1,0,0,0,1
1,0,0,0,1
1,0,0,0,1
1,0,0,0,1
1,2,0,0,3
1,0,0,0,1
1,0,0,0,1
1,0,0,0,1
1,0,0,0,1
1,0,0,0,1
1,0,0,0,1
1,0,0,0,1
1,0,0,0,1
1,0,0,0,1
1,0,0,0,1
1,0,0,0,1
1,0,0,0,1
1,0,0,0,1
1,0,0,0,1
1,0,0,0,1
1,0,0,0,1
1,0,0,0,1
1,0,0,0,1
1,0,0,0,1
1,0,0,0,1
1,0,0,0,1
1,0,0,0,1
1,0,0,0,1
1,0,0,0,1
1,0,0,0,1
1,0,0,0,1
2,0,0,0,2
1,0,0,0,1
1,0,0,0,1
1,0,0,0,1
1,0,0,0,1
1,0,0,0,1
1,0,0,0,1
1,0,0,0,1
1,0,0,0,1
1,0,0,0,1
1,0,0,0,1
1,0,0,0,1
1,0,0,0,1
1,0,0,0,1
1,0,0,0,1
1,0,0,0,1
1,0,0,0,1
1,0,0,0,1
1,0,0,0,1
1,0,0,0,1
1,0,0,0,1
1,0,0,0,1
1,1,0,0,2
1,0,0,0,1
1,0,0,0,1
1,0,0,0,1
1,0,0,0,1
1,0,0,0,1
1,0,0,0,1
1,0,0,0,1
1,0,0,0,1
1,0,0,0,1
1,0,0,0,1
1,0,0,0,1
1,0,0,0,1
1,0,0,0,1
1,0,0,0,1
1,0,0,0,1
1,0,0,0,1
1,0,0,0,1
1,0,0,0,1
1,0,0,0,1
2,0,0,0,2
1,0,0,0,1
1,0,0,0,1
1,0,0,0,1
1,0,0,0,1
1,1,0,0,2
1,0,0,0,1
1,0,0,0,1
1,0,0,0,1
1,0,0,0,1
1,0,0,0,1
1,0,0,0,1
1,0,0,0,1
1,0,0,0,1
1,0,0,0,1
1,0,0,0,1
1,0,0,0,1
1,0,0,0,1
1,0,0,0,1
1,0,0,0,1
1,0,0,0,1
1,0,0,0,1
1,0,0,0,1
1,0,0,0,1
1,0,0,0,1
1,0,0,0,1
1,4,0,0,5
1,0,0,0,1
1,0,0,0,1
1,0,0,0,1
1,0,0,0,1
1,0,0,0,1
1,0,0,0,1
1,0,0,0,1
1,0,0,0,1
1,0,0,0,1
1,0,0,0,1
1,0,0,0,1
1,0,0,0,1
1,0,0,0,1
1,0,0,0,1
1,0,0,0,1
1,0,0,0,1
1,0,0,0,1
1,0,0,0,1
1,0,0,0,1
1,0,0,0,1
1,0,0,0,1
1,0,0,0,1
1,0,0,0,1
1,0,0,0,1
1,0,0,0,1
1,0,0,0,1
1,0,0,0,1
1,0,0,0,1
1,0,0,0,1
1,0,0,0,1
1,0,0,0,1
1,0,0,0,1
1,0,0,0,1
1,0,0,0,1
1,0,0,0,1
1,0,0,0,1
1,0,0,0,1
1,0,0,0,1
1,0,0,0,1
1,0,0,0,1
1,0,0,0,1
1,0,0,0,1
1,0,0,0,1
1,0,0,0,1
1,0,0,0,1
1,0,0,0,1
1,0,0,0,1
1,0,0,0,1
1,0,0,0,1
1,0,0,0,1
1,0,0,0,1
1,0,0,0,1
1,0,0,0,1
1,0,0,0,1
1,0,0,0,1
1,0,0,0,1
1,2,0,0,3
1,0,0,0,1
1,0,0,0,1
1,0,0,0,1
1,0,0,0,1
1,0,0,0,1
1,0,0,0,1
1,0,0,0,1
1,0,0,0,1
1,0,0,0,1
1,0,0,0,1
1,0,0,0,1
2,0,0,0,2
1,0,0,0,1
1,0,0,0,1
1,0,0,0,1
1,0,0,0,1
1,0,0,0,1
1,0,0,0,1
1,0,0,0,1
1,0,0,0,1
1,0,0,0,1
1,0,0,0,1
1,0,0,0,1
1,0,0,0,1
1,0,0,0,1
1,0,0,0,1
1,0,0,0,1
1,0,0,0,1
1,0,0,0,1
1,0,0,0,1
1,0,0,0,1
1,0,0,0,1
1,0,0,0,1
1,0,0,0,1
1,0,0,0,1
1,0,0,0,1
1,0,0,0,1
1,0,0,0,1
1,0,0,0,1
1,0,0,0,1
1,0,0,0,1
1,0,0,0,1
1,0,0,0,1
1,0,0,0,1
1,1,0,0,2
1,0,0,0,1
1,0,0,0,1
1,0,0,0,1
1,0,0,0,1
1,0,0,0,1
1,0,0,0,1
1,0,0,0,1
1,0,0,0,1
1,0,0,0,1
1,0,0,0,1
1,0,0,0,1
1,0,0,0,1
1,0,0,0,1
1,0,0,0,1
1,0,0,0,1
1,0,0,0,1
1,0,0,0,1
1,0,0,0,1
1,0,0,0,1
1,0,0,0,1
1,0,0,0,1
1,0,0,0,1
1,0,0,0,1
1,0,0,0,1
1,0,0,0,1
1,0,0,0,1
1,0,0,0,1
2,0,0,0,2
1,0,0,0,1
1,0,0,0,1
1,0,0,0,1
1,0,0,0,1
2,0,0,0,2
1,0,0,0,1
1,3,0,0,4
1,0,0,0,1
1,0,0,0,1
1,0,0,0,1
1,0,0,0,1
1,0,0,0,1
1,0,0,0,1
1,0,0,0,1
1,0,0,0,1
1,0,0,0,1
1,0,0,0,1
1,0,0,0,1
1,0,0,0,1
1,0,0,0,1
1,0,0,0,1
1,0,0,0,1
1,0,0,0,1
1,0,0,0,1
1,0,0,0,1
1,0,0,0,1
1,0,0,0,1
1,0,0,0,1
1,0,0,0,1
1,0,0,0,1
1,0,0,0,1
1,0,0,0,1
1,0,0,0,1
1,0,0,0,1
1,0,0,0,1
1,0,0,0,1
1,0,0,0,1
1,0,0,0,1
1,0,0,0,1
1,0,0,0,1
1,0,0,0,1
1,0,0,0,1
1,0,0,0,1
1,0,0,0,1
1,0,0,0,1
1,0,0,0,1
1,0,0,0,1
1,0,0,0,1
1,0,0,0,1
1,0,0,0,1
1,0,0,0,1
1,0,0,0,1
1,0,0,0,1
1,0,0,0,1
1,0,0,0,1
1,0,0,0,1
1,0,0,0,1
1,0,0,0,1
2,0,0,0,2
1,0,0,0,1
2,0,0,0,2
1,0,0,0,1
1,0,0,0,1
1,1,0,0,2
1,0,0,0,1
1,0,0,0,1
1,0,0,0,1
1,0,0,0,1
1,0,0,0,1
1,0,0,0,1
1,0,0,0,1
1,0,0,0,1
1,0,0,0,1
1,0,0,0,1
1,0,0,0,1
1,0,0,0,1
1,0,0,0,1
1,0,0,0,1
1,0,0,0,1
1,0,0,0,1
1,0,0,0,1
1,0,0,0,1
1,0,0,0,1
1,0,0,0,1
1,0,0,0,1
1,0,0,0,1
1,0,0,0,1
1,0,0,0,1
1,0,0,0,1
1,0,0,0,1
1,0,0,0,1
1,0,0,0,1
1,0,0,0,1
1,0,0,0,1
1,0,0,0,1
1,0,0,0,1
1,0,0,0,1
1,0,0,0,1
1,0,0,0,1
1,0,0,0,1
1,0,0,0,1
1,0,0,0,1
1,0,0,0,1
1,0,0,0,1
1,0,0,0,1
1,0,0,0,1
1,0,0,0,1
1,0,0,0,1
1,0,0,0,1
1,0,0,0,1
1,0,0,0,1
1,0,0,0,1
1,0,0,0,1
1,0,0,0,1
1,0,0,0,1
1,0,0,0,1
1,0,0,0,1
1,0,0,0,1
1,0,0,0,1
1,0,0,0,1
1,0,0,0,1
1,0,0,0,1
1,0,0,0,1
2,0,0,0,2
1,0,0,0,1
1,0,0,0,1
1,0,0,0,1
1,0,0,0,1
1,0,0,0,1
1,0,0,0,1
1,0,0,0,1
1,0,0,0,1
1,0,0,0,1
1,0,0,0,1
1,0,0,0,1
1,0,0,0,1
1,0,0,0,1
1,0,0,0,1
1,0,0,0,1
1,0,0,0,1
1,0,0,0,1
1,0,0,0,1
1,0,0,0,1
1,13,0,0,14
1,0,0,0,1
1,0,0,0,1
1,6,1,0,8
1,0,0,0,1
1,0,0,0,1
2,1,0,0,3
1,0,0,0,1
1,0,0,0,1
1,1,0,0,2
1,0,0,0,1
1,0,0,0,1
1,0,0,0,1
1,0,0,0,1
1,0,0,0,1
1,0,0,0,1
1,0,0,0,1
1,0,0,0,1
1,0,0,0,1
1,0,0,0,1
1,0,0,0,1
1,0,0,0,1
1,0,0,0,1
1,0,0,0,1
1,0,0,0,1
1,0,0,0,1
1,0,0,0,1
1,0,0,0,1
1,0,0,0,1
1,0,0,0,1
1,0,0,0,1
1,0,0,0,1
1,0,0,0,1
2,0,0,0,2
1,0,0,0,1
1,0,0,0,1
1,0,0,0,1
1,0,0,0,1
1,0,0,0,1
1,0,0,0,1
1,0,0,0,1
1,0,0,0,1
1,0,0,0,1
1,0,0,0,1
1,0,0,0,1
1,0,0,0,1
1,0,0,0,1
1,0,0,0,1
1,0,0,0,1
1,0,0,0,1
1,0,0,0,1
1,0,0,0,1
1,14,0,0,15
1,0,0,0,1
2,0,0,0,2
1,0,0,0,1
1,0,0,0,1
1,0,0,0,1
1,0,0,0,1
1,0,0,0,1
1,0,0,0,1
1,0,0,0,1
1,0,0,0,1
1,0,0,0,1
1,0,0,0,1
1,0,0,0,1
1,0,0,0,1
1,0,0,0,1
1,0,0,0,1
1,0,0,0,1
1,0,0,0,1
1,0,0,0,1
1,0,0,0,1
1,0,0,0,1
1,0,0,0,1
1,0,0,0,1
1,0,0,0,1
1,0,0,0,1
1,0,0,0,1
1,0,0,0,1
1,0,0,0,1
1,0,0,0,1
1,0,0,0,1
1,0,0,0,1
1,0,0,0,1
1,0,0,0,1
1,0,0,0,1
2,0,0,0,2
1,0,0,0,1
1,0,0,0,1
1,0,0,0,1
1,0,0,0,1
1,0,0,0,1
1,0,0,0,1
1,0,0,0,1
1,0,0,0,1
1,0,0,0,1
1,0,0,0,1
1,0,0,0,1
1,0,0,0,1
1,0,0,0,1
1,0,0,0,1
1,0,0,0,1
1,0,0,0,1
1,0,0,0,1
1,0,0,0,1
1,0,0,0,1
1,0,0,0,1
1,0,0,0,1
1,0,0,0,1
1,0,0,0,1
1,0,0,0,1
1,2,0,0,3
1,0,0,0,1
1,0,0,0,1
1,0,0,0,1
1,0,0,0,1
1,0,0,0,1
1,0,0,0,1
1,0,0,0,1
1,0,0,0,1
1,0,0,0,1
1,0,0,0,1
1,0,0,0,1
1,0,0,0,1
1,0,0,0,1
1,0,0,0,1
1,0,0,0,1
1,0,0,0,1
1,0,0,0,1
1,0,0,0,1
1,0,0,0,1
1,1,0,0,2
1,0,0,0,1
1,0,0,0,1
1,0,0,0,1
1,0,0,0,1
1,0,0,0,1
1,0,0,0,1
1,0,0,0,1
1,0,0,0,1
1,0,0,0,1
1,0,0,0,1
1,0,0,0,1
1,0,0,0,1
1,0,0,0,1
1,0,0,0,1
1,0,0,0,1
1,0,0,0,1
1,0,0,0,1
1,0,0,0,1
1,0,0,0,1
1,0,0,0,1
1,0,0,0,1
1,0,0,0,1
1,0,0,0,1
1,0,0,0,1
1,0,0,0,1
1,0,0,0,1
1,0,0,0,1
1,0,0,0,1
1,0,0,0,1
1,0,0,0,1
1,0,0,0,1
1,0,0,0,1
1,0,0,0,1
1,0,0,0,1
1,0,0,0,1
1,0,0,0,1
1,0,0,0,1
1,0,0,0,1
1,0,0,0,1
1,0,0,0,1
1,0,0,0,1
1,0,0,0,1
1,0,0,0,1
1,0,0,0,1
1,0,0,0,1
1,0,0,0,1
1,0,0,0,1
1,0,0,0,1
1,0,0,0,1
1,0,0,0,1
1,0,0,0,1
1,0,0,0,1
1,0,0,0,1
1,0,0,0,1
1,0,0,0,1
1,0,0,0,1
1,0,0,0,1
1,0,0,0,1
1,0,0,0,1
1,0,0,0,1
1,0,0,0,1
1,0,0,0,1
1,592,0,0,593
1,0,0,0,1
1,0,0,0,1
1,0,0,0,1
1,0,0,0,1
1,0,0,0,1
1,0,0,0,1
1,0,0,0,1
1,0,0,0,1
1,0,0,0,1
1,0,0,0,1
1,0,0,0,1
1,0,0,0,1
1,0,0,0,1
1,0,0,0,1
1,0,0,0,1
1,0,0,0,1
1,0,0,0,1
1,0,0,0,1
1,0,0,0,1
1,0,0,0,1
1,0,0,0,1
1,0,0,0,1
1,0,0,0,1
1,0,0,0,1
1,0,0,0,1
1,0,0,0,1
1,0,0,0,1
1,0,0,0,1
1,0,0,0,1
1,0,0,0,1
1,0,0,0,1
1,0,0,0,1
1,0,0,0,1
1,0,0,0,1
1,0,0,0,1
1,0,0,0,1
1,0,0,0,1
1,0,0,0,1
1,0,0,0,1
1,0,0,0,1
1,0,0,0,1
1,5,1,0,7
1,0,0,0,1
2,0,0,0,2
1,0,0,0,1
1,0,0,0,1
1,0,0,0,1
1,0,0,0,1
1,0,0,0,1
1,0,0,0,1
1,0,0,0,1
1,0,0,0,1
1,0,0,0,1
1,0,0,0,1
1,0,0,0,1
1,0,0,0,1
1,3,0,0,4
1,0,0,0,1
1,0,0,0,1
1,0,0,0,1
1,0,0,0,1
1,0,0,0,1
1,0,0,0,1
1,0,0,0,1
1,0,0,0,1
1,0,0,0,1
1,0,0,0,1
1,0,0,0,1
1,0,0,0,1
1,0,0,0,1
1,0,0,0,1
1,0,0,0,1
1,0,0,0,1
1,3,0,0,4
1,0,0,0,1
1,0,0,0,1
1,0,0,0,1
1,0,0,0,1
1,0,0,0,1
1,0,0,0,1
1,0,0,0,1
1,0,0,0,1
1,0,0,0,1
1,0,0,0,1
1,0,0,0,1
1,0,0,0,1
1,0,0,0,1
1,0,0,0,1
1,0,0,0,1
1,0,0,0,1
1,0,0,0,1
1,0,0,0,1
1,0,0,0,1
1,0,0,0,1
1,0,0,0,1
1,0,0,0,1
1,0,0,0,1
1,0,0,0,1
1,0,0,0,1
1,0,0,0,1
2,0,0,0,2
1,0,0,0,1
1,0,0,0,1
1,0,0,0,1
1,0,0,0,1
1,0,0,0,1
1,0,0,0,1
1,0,0,0,1
1,0,0,0,1
1,0,0,0,1
1,0,0,0,1
1,0,0,0,1
1,0,0,0,1
1,0,0,0,1
1,0,0,0,1
1,0,0,0,1
1,0,0,0,1
1,0,0,0,1
1,0,0,0,1
1,0,0,0,1
1,0,0,0,1
1,0,0,0,1
1,0,0,0,1
1,0,0,0,1
1,0,0,0,1
1,0,0,0,1
1,0,0,0,1
1,0,0,0,1
1,0,0,0,1
1,0,0,0,1
1,0,0,0,1
1,0,0,0,1
1,0,0,0,1
1,0,0,0,1
1,0,0,0,1
1,0,0,0,1
1,0,0,0,1
1,0,0,0,1
1,42,0,0,43
1,0,0,0,1
1,0,0,0,1
1,0,0,0,1
1,0,0,0,1
1,0,0,0,1
1,0,0,0,1
1,0,0,0,1
1,0,0,0,1
1,7,0,0,8
1,0,0,0,1
1,0,0,0,1
1,0,0,0,1
1,0,0,0,1
1,1,0,0,2
1,0,0,0,1
1,0,0,0,1
1,0,0,0,1
1,0,0,0,1
1,0,0,0,1
1,0,0,0,1
1,0,0,0,1
1,0,0,0,1
1,0,0,0,1
1,0,0,0,1
1,0,0,0,1
1,0,0,0,1
1,0,0,0,1
1,0,0,0,1
1,0,0,0,1
1,0,0,0,1
1,9,0,0,10
1,0,0,0,1
1,0,0,0,1
1,0,0,0,1
1,0,0,0,1
1,4,0,0,5
1,0,0,0,1
1,0,0,0,1
1,0,0,0,1
1,0,0,0,1
1,0,0,0,1
1,14,0,0,15
1,0,0,0,1
1,0,0,0,1
1,0,0,0,1
1,0,0,0,1
1,0,0,0,1
1,0,0,0,1
1,0,0,0,1
1,0,0,0,1
1,0,0,0,1
1,0,0,0,1
1,0,0,0,1
1,0,0,0,1
1,0,0,0,1
1,2,0,0,3
1,0,0,0,1
1,0,0,0,1
1,0,0,0,1
1,0,0,0,1
1,0,0,0,1
1,0,0,0,1
1,0,0,0,1
1,0,0,0,1
1,0,0,0,1
1,0,0,0,1
1,0,0,0,1
1,0,0,0,1
1,0,0,0,1
1,0,0,0,1
1,0,0,0,1
1,0,0,0,1
1,0,0,0,1
1,0,0,0,1
1,0,0,0,1
1,0,0,0,1
1,0,0,0,1
1,0,0,0,1
1,0,0,0,1
1,0,0,0,1
1,0,0,0,1
1,0,0,0,1
1,0,0,0,1
1,0,0,0,1
1,0,0,0,1
1,0,0,0,1
1,0,0,0,1
1,0,0,0,1
1,0,0,0,1
1,0,0,0,1
1,0,0,0,1
1,0,0,0,1
1,0,0,0,1
1,0,0,0,1
1,0,0,0,1
1,0,0,0,1
1,0,0,0,1
1,0,0,0,1
2,0,0,0,2
1,0,0,0,1
1,0,0,0,1
1,0,0,0,1
1,0,0,0,1
1,0,0,0,1
1,0,0,0,1
1,0,0,0,1
1,0,0,0,1
1,0,0,0,1
1,0,0,0,1
1,0,0,0,1
1,0,0,0,1
1,0,0,0,1
1,0,0,0,1
1,0,0,0,1
1,0,0,0,1
1,0,0,0,1
1,0,0,0,1
1,0,0,0,1
1,0,0,0,1
1,0,0,0,1
1,0,0,0,1
1,0,0,0,1
1,0,0,0,1
1,0,0,0,1
1,0,0,0,1
1,0,0,0,1
1,0,0,0,1
1,0,0,0,1
1,0,0,0,1
1,0,0,0,1
1,0,0,0,1
1,0,0,0,1
1,0,0,0,1
1,0,0,0,1
1,0,0,0,1
1,0,0,0,1
1,0,0,0,1
1,0,0,0,1
1,0,0,0,1
1,0,0,0,1
1,0,0,0,1
1,0,0,0,1
1,0,0,0,1
1,0,0,0,1
1,0,0,0,1
1,0,0,0,1
1,0,0,0,1
1,0,0,0,1
1,0,0,0,1
1,0,0,0,1
1,0,0,0,1
1,0,0,0,1
1,0,0,0,1
1,0,0,0,1
1,0,0,0,1
1,0,0,0,1
1,0,0,0,1
1,0,0,0,1
1,0,0,0,1
1,0,0,0,1
1,0,0,0,1
1,0,0,0,1
1,0,0,0,1
1,0,0,0,1
1,0,0,0,1
1,0,0,0,1
1,0,0,0,1
1,0,0,0,1
1,0,0,0,1
1,0,0,0,1
1,2,0,0,3
1,0,0,0,1
1,0,0,0,1
1,0,0,0,1
1,0,0,0,1
1,0,0,0,1
1,0,0,0,1
1,0,0,0,1
1,0,0,0,1
1,0,0,0,1
1,0,0,0,1
1,0,0,0,1
1,0,0,0,1
1,0,0,0,1
1,0,0,0,1
1,0,0,0,1
1,0,0,0,1
1,0,0,0,1
1,0,0,0,1
1,0,0,0,1
1,0,0,0,1
1,0,0,0,1
1,0,0,0,1
1,0,0,0,1
1,0,0,0,1
1,0,0,0,1
1,0,0,0,1
1,0,0,0,1
1,0,0,0,1
1,0,0,0,1
1,0,0,0,1
1,0,0,0,1
1,0,0,0,1
1,0,0,0,1
1,0,0,0,1
1,0,0,0,1
1,0,0,0,1
1,0,0,0,1
1,0,0,0,1
1,0,0,0,1
1,0,0,0,1
1,0,0,0,1
1,0,0,0,1
1,0,0,0,1
1,0,0,0,1
1,0,0,0,1
1,0,0,0,1
1,0,0,0,1
1,0,0,0,1
1,0,0,0,1
1,0,0,0,1
1,0,0,0,1
1,0,0,0,1
1,0,0,0,1
1,0,0,0,1
1,0,0,0,1
1,0,0,0,1
1,0,0,0,1
1,0,0,0,1
1,0,0,0,1
1,0,0,0,1
1,0,0,0,1
1,0,0,0,1
1,0,0,0,1
1,0,0,0,1
1,0,0,0,1
1,0,0,0,1
2,0,0,0,2
1,0,0,0,1
1,0,0,0,1
1,0,0,0,1
1,0,0,0,1
1,0,0,0,1
1,0,0,0,1
1,0,0,0,1
1,0,0,0,1
2,0,0,0,2
1,0,0,0,1
1,0,0,0,1
1,0,0,0,1
1,0,0,0,1
1,0,0,0,1
1,0,0,0,1
1,0,0,0,1
1,0,0,0,1
1,5,0,0,6
1,5,0,0,6
1,0,0,0,1
1,0,0,0,1
1,0,0,0,1
1,0,0,0,1
1,0,0,0,1
1,0,0,0,1
1,0,0,0,1
1,0,0,0,1
1,0,0,0,1
1,0,0,0,1
1,0,0,0,1
1,0,0,0,1
1,0,0,0,1
1,0,0,0,1
1,0,0,0,1
1,0,0,0,1
1,0,0,0,1
1,0,0,0,1
1,0,0,0,1
1,0,0,0,1
1,0,0,0,1
1,0,0,0,1
1,0,0,0,1
1,0,0,0,1
1,0,0,0,1
1,0,0,0,1
1,0,0,0,1
1,0,0,0,1
1,0,0,0,1
1,0,0,0,1
1,0,0,0,1
1,0,0,0,1
1,0,0,0,1
1,0,0,0,1
1,0,0,0,1
1,0,0,0,1
1,0,0,0,1
1,0,0,0,1
1,0,0,0,1
1,0,0,0,1
1,0,0,0,1
1,0,0,0,1
1,0,0,0,1
1,0,0,0,1
1,0,0,0,1
1,0,0,0,1
1,0,0,0,1
1,0,0,0,1
1,0,0,0,1
1,0,0,0,1
1,0,0,0,1
1,0,0,0,1
1,0,0,0,1
1,0,0,0,1
1,0,0,0,1
1,0,0,0,1
1,0,0,0,1
1,17,0,0,18
1,0,0,0,1
1,0,0,0,1
1,0,0,0,1
1,0,0,0,1
1,0,0,0,1
1,0,0,0,1
1,0,0,0,1
1,0,0,0,1
1,0,0,0,1
1,0,0,0,1
1,0,0,0,1
1,0,0,0,1
1,0,0,0,1
1,0,0,0,1
1,0,0,0,1
1,0,0,0,1
1,0,0,0,1
1,0,0,0,1
1,0,0,0,1
1,0,0,0,1
1,0,0,0,1
1,0,0,0,1
1,0,0,0,1
1,0,0,0,1
1,0,0,0,1
1,0,0,0,1
1,0,0,0,1
1,0,0,0,1
1,0,0,0,1
1,0,0,0,1
1,0,0,0,1
1,0,0,0,1
1,0,0,0,1
1,0,0,0,1
1,0,0,0,1
1,0,0,0,1
1,0,0,0,1
1,0,0,0,1
1,0,0,0,1
1,0,0,0,1
1,0,0,0,1
1,0,0,0,1
1,0,0,0,1
1,0,0,0,1
1,0,0,0,1
1,0,0,0,1
1,0,0,0,1
1,0,0,0,1
1,0,0,0,1
1,2,0,0,3
1,0,0,0,1
1,0,0,0,1
1,0,0,0,1
1,0,0,0,1
1,1,0,0,2
1,0,0,0,1
1,0,0,0,1
1,0,0,0,1
1,0,0,0,1
1,0,0,0,1
1,0,0,0,1
1,0,0,0,1
1,0,0,0,1
1,0,0,0,1
1,0,0,0,1
1,0,0,0,1
1,0,0,0,1
1,0,0,0,1
1,0,0,0,1
1,0,0,0,1
1,0,0,0,1
1,0,0,0,1
1,0,0,0,1
1,0,0,0,1
1,0,0,0,1
1,0,0,0,1
1,0,0,0,1
1,0,0,0,1
1,0,0,0,1
1,0,0,0,1
1,0,0,0,1
1,0,0,0,1
1,0,0,0,1
1,0,0,0,1
1,0,0,0,1
1,0,0,0,1
1,0,0,0,1
1,0,0,0,1
1,0,0,0,1
1,0,0,0,1
1,0,0,0,1
1,0,0,0,1
1,0,0,0,1
1,0,0,0,1
1,0,0,0,1
1,0,0,0,1
1,0,0,0,1
1,0,0,0,1
1,0,0,0,1
1,0,0,0,1
1,0,0,0,1
1,0,0,0,1
1,0,0,0,1
1,0,0,0,1
1,0,0,0,1
1,0,0,0,1
1,0,0,0,1
1,0,0,0,1
1,0,0,0,1
1,0,0,0,1
1,0,0,0,1
1,0,0,0,1
1,0,0,0,1
1,0,0,0,1
1,0,0,0,1
1,0,0,0,1
1,0,0,0,1
1,0,0,0,1
1,0,0,0,1
1,0,0,0,1
1,0,0,0,1
1,0,0,0,1
1,0,0,0,1
1,0,0,0,1
1,0,0,0,1
1,0,0,0,1
1,0,0,0,1
1,0,0,0,1
1,0,0,0,1
1,0,0,0,1
1,0,0,0,1
1,0,0,0,1
1,0,0,0,1
1,2,0,0,3
1,0,0,0,1
1,0,0,0,1
1,0,0,0,1
1,0,0,0,1
1,0,0,0,1
1,0,0,0,1
1,0,0,0,1
1,0,0,0,1
1,0,0,0,1
1,0,0,0,1
1,0,0,0,1
1,0,0,0,1
1,0,0,0,1
1,0,0,0,1
1,0,0,0,1
1,0,0,0,1
1,0,0,0,1
2,0,0,0,2
1,0,0,0,1
1,0,0,0,1
1,0,0,0,1
1,0,0,0,1
1,0,0,0,1
1,0,0,0,1
1,0,0,0,1
1,0,0,0,1
1,0,0,0,1
1,0,0,0,1
1,0,0,0,1
1,0,0,0,1
1,0,0,0,1
1,0,0,0,1
1,0,0,0,1
1,0,0,0,1
1,0,0,0,1
1,0,0,0,1
1,0,0,0,1
1,0,0,0,1
1,0,0,0,1
1,0,0,0,1
1,0,0,0,1
1,0,0,0,1
1,0,0,0,1
1,2,0,0,3
1,0,0,0,1
1,0,0,0,1
1,0,0,0,1
2,0,0,0,2
1,0,0,0,1
1,3,0,0,4
1,0,0,0,1
1,0,0,0,1
1,0,0,0,1
1,0,0,0,1
1,0,0,0,1
1,0,0,0,1
1,0,0,0,1
1,0,0,0,1
1,0,0,0,1
1,0,0,0,1
1,0,0,0,1
1,0,0,0,1
1,0,0,0,1
1,0,0,0,1
1,0,0,0,1
1,0,0,0,1
1,0,0,0,1
1,0,0,0,1
1,0,0,0,1
1,0,0,0,1
1,0,0,0,1
1,0,0,0,1
1,7,0,0,8
1,0,0,0,1
1,0,0,0,1
1,0,0,0,1
1,0,0,0,1
1,0,0,0,1
1,0,0,0,1
1,0,0,0,1
1,0,0,0,1
1,0,0,0,1
1,0,0,0,1
1,0,0,0,1
1,0,0,0,1
1,0,0,0,1
1,0,0,0,1
1,0,0,0,1
1,0,0,0,1
1,0,0,0,1
1,0,0,0,1
1,0,0,0,1
1,0,0,0,1
1,0,0,0,1
1,0,0,0,1
1,0,0,0,1
1,0,0,0,1
1,0,0,0,1
1,0,0,0,1
1,0,0,0,1
1,0,0,0,1
1,0,0,0,1
1,0,0,0,1
1,0,0,0,1
1,0,0,0,1
1,0,0,0,1
1,0,0,0,1
1,0,0,0,1
1,0,0,0,1
2,0,0,0,2
1,0,0,0,1
1,0,0,0,1
1,0,0,0,1
1,0,0,0,1
1,0,0,0,1
1,0,0,0,1
1,0,0,0,1
1,0,0,0,1
1,0,0,0,1
1,0,0,0,1
1,0,0,0,1
2,0,0,0,2
1,0,0,0,1
1,0,0,0,1
1,0,0,0,1
1,0,0,0,1
1,0,0,0,1
1,0,0,0,1
1,0,0,0,1
1,0,0,0,1
1,0,0,0,1
1,0,0,0,1
1,0,0,0,1
1,0,0,0,1
1,0,0,0,1
1,0,0,0,1
1,0,0,0,1
1,0,0,0,1
1,0,0,0,1
1,0,0,0,1
1,0,0,0,1
1,0,0,0,1
1,0,0,0,1
1,0,0,0,1
1,0,0,0,1
1,0,0,0,1
1,0,0,0,1
1,0,0,0,1
1,0,0,0,1
1,0,0,0,1
1,5,0,0,6
1,0,0,0,1
1,0,0,0,1
1,0,0,0,1
1,0,0,0,1
1,0,0,0,1
1,0,0,0,1
1,0,0,0,1
1,0,0,0,1
1,0,0,0,1
1,0,0,0,1
1,0,0,0,1
1,0,0,0,1
1,0,0,0,1
1,0,0,0,1
1,0,0,0,1
1,0,0,0,1
1,0,0,0,1
1,0,0,0,1
1,0,0,0,1
1,0,0,0,1
1,0,0,0,1
1,0,0,0,1
1,0,0,0,1
1,0,0,0,1
1,0,0,0,1
1,0,0,0,1
1,0,0,0,1
1,0,0,0,1
1,0,0,0,1
1,0,0,0,1
1,0,0,0,1
1,0,0,0,1
1,0,0,0,1
1,0,0,0,1
1,0,0,0,1
1,0,0,0,1
1,0,0,0,1
1,0,0,0,1
1,0,0,0,1
1,0,0,0,1
1,0,0,0,1
1,0,0,0,1
1,0,0,0,1
1,0,0,0,1
1,0,0,0,1
1,0,0,0,1
1,0,0,0,1
1,0,0,0,1
1,0,0,0,1
1,0,0,0,1
1,0,0,0,1
1,0,0,0,1
1,0,0,0,1
1,0,0,0,1
1,0,0,0,1
1,0,0,0,1
1,0,0,0,1
1,4,0,0,5
2,0,0,0,2
1,0,0,0,1
1,0,0,0,1
1,0,0,0,1
1,0,0,0,1
1,0,0,0,1
1,0,0,0,1
1,0,0,0,1
1,0,0,0,1
1,0,0,0,1
1,0,0,0,1
1,0,0,0,1
1,0,0,0,1
1,0,0,0,1
1,0,0,0,1
1,0,0,0,1
1,0,0,0,1
1,0,0,0,1
1,0,0,0,1
1,0,0,0,1
1,0,0,0,1
1,0,0,0,1
1,0,0,0,1
1,0,0,0,1
1,0,0,0,1
1,0,0,0,1
1,0,0,0,1
1,8,0,0,9
1,0,0,0,1
1,0,0,0,1
1,0,0,0,1
1,0,0,0,1
1,0,0,0,1
1,0,0,0,1
1,0,0,0,1
1,0,0,0,1
1,0,0,0,1
1,0,0,0,1
1,0,0,0,1
1,0,0,0,1
1,0,0,0,1
1,0,0,0,1
1,0,0,0,1
1,0,0,0,1
1,0,0,0,1
1,0,0,0,1
1,0,0,0,1
1,0,0,0,1
1,0,0,0,1
1,0,0,0,1
1,0,0,0,1
1,0,0,0,1
1,0,0,0,1
1,0,0,0,1
1,1,0,0,2
1,0,0,0,1
1,0,0,0,1
1,0,0,0,1
1,0,0,0,1
1,0,0,0,1
1,0,0,0,1
1,0,0,0,1
1,0,0,0,1
1,0,0,0,1
1,0,0,0,1
1,0,0,0,1
1,0,0,0,1
1,0,0,0,1
1,0,0,0,1
1,0,0,0,1
1,0,0,0,1
1,0,0,0,1
1,0,0,0,1
1,0,0,0,1
1,0,0,0,1
1,0,0,0,1
1,3,0,0,4
2,0,0,0,2
1,0,0,0,1
1,0,0,0,1
1,3,0,0,4
1,0,0,0,1
1,0,0,0,1
1,0,0,0,1
1,0,0,0,1
1,0,0,0,1
1,0,0,0,1
1,0,0,0,1
1,0,0,0,1
1,0,0,0,1
1,0,0,0,1
1,0,0,0,1
1,0,0,0,1
2,1,0,0,3
1,0,0,0,1
1,0,0,0,1
1,0,0,0,1
1,0,0,0,1
1,0,0,0,1
1,0,0,0,1
1,0,0,0,1
1,0,0,0,1
1,0,0,0,1
1,0,0,0,1
1,0,0,0,1
1,0,0,0,1
1,0,0,0,1
1,0,0,0,1
1,0,0,0,1
1,0,0,0,1
1,0,0,0,1
1,0,0,0,1
1,0,0,0,1
1,0,0,0,1
1,0,0,0,1
1,0,0,0,1
1,0,0,0,1
1,0,0,0,1
1,0,0,0,1
1,0,0,0,1
1,0,0,0,1
1,0,0,0,1
1,0,0,0,1
1,0,0,0,1
1,0,0,0,1
1,0,0,0,1
1,0,0,0,1
1,0,0,0,1
1,0,0,0,1
1,0,0,0,1
1,0,0,0,1
1,0,0,0,1
1,0,0,0,1
1,0,0,0,1
1,0,0,0,1
1,0,0,0,1
1,0,0,0,1
1,0,0,0,1
1,0,0,0,1
1,0,0,0,1
1,0,0,0,1
1,0,0,0,1
2,0,0,0,2
1,0,0,0,1
1,0,0,0,1
1,0,0,0,1
1,0,0,0,1
1,0,0,0,1
1,0,0,0,1
1,0,0,0,1
1,0,0,0,1
1,0,0,0,1
1,0,0,0,1
1,13,0,0,14
1,0,0,0,1
1,0,0,0,1
1,0,0,0,1
1,0,0,0,1
1,0,0,0,1
1,0,0,0,1
1,0,0,0,1
1,0,0,0,1
1,0,0,0,1
1,0,0,0,1
1,2,0,0,3
1,0,0,0,1
1,0,0,0,1
1,0,0,0,1
1,0,0,0,1
1,0,0,0,1
1,0,0,0,1
1,0,0,0,1
1,0,0,0,1
1,0,0,0,1
1,0,0,0,1
1,0,0,0,1
1,0,0,0,1
1,0,0,0,1
1,0,0,0,1
1,0,0,0,1
1,0,0,0,1
1,0,0,0,1
1,0,0,0,1
1,0,0,0,1
1,0,0,0,1
1,0,0,0,1
1,19,0,0,20
1,0,0,0,1
1,0,0,0,1
1,0,0,0,1
1,0,0,0,1
1,0,0,0,1
1,0,0,0,1
1,0,0,0,1
1,0,0,0,1
1,0,0,0,1
1,0,0,0,1
1,0,0,0,1
1,0,0,0,1
1,0,0,0,1
1,0,0,0,1
1,0,0,0,1
1,0,0,0,1
1,0,0,0,1
1,0,0,0,1
1,0,0,0,1
1,0,0,0,1
1,0,0,0,1
1,0,0,0,1
1,0,0,0,1
1,0,0,0,1
1,10,0,0,11
1,0,0,0,1
1,0,0,0,1
1,0,0,0,1
1,0,0,0,1
1,0,0,0,1
1,0,0,0,1
1,0,0,0,1
1,0,0,0,1
1,0,0,0,1
1,0,0,0,1
1,0,0,0,1
1,1,0,0,2
1,0,0,0,1
1,0,0,0,1
1,0,0,0,1
1,0,0,0,1
1,0,0,0,1
1,0,0,0,1
1,0,0,0,1
1,0,0,0,1
1,0,0,0,1
1,0,0,0,1
1,0,0,0,1
1,0,0,0,1
1,0,0,0,1
1,0,0,0,1
1,0,0,0,1
1,0,0,0,1
1,0,0,0,1
1,0,0,0,1
1,0,0,0,1
1,0,0,0,1
1,0,0,0,1
1,0,0,0,1
1,0,0,0,1
1,0,0,0,1
2,0,0,0,2
1,0,0,0,1
1,0,0,0,1
1,0,0,0,1
1,0,0,0,1
1,0,0,0,1
1,0,0,0,1
1,0,0,0,1
1,0,0,0,1
1,0,0,0,1
1,0,0,0,1
1,0,0,0,1
1,0,0,0,1
1,0,0,0,1
1,0,0,0,1
1,20,0,0,21
1,0,0,0,1
1,0,0,0,1
1,0,0,0,1
1,0,0,0,1
1,0,0,0,1
1,0,0,0,1
1,0,0,0,1
1,0,0,0,1
1,0,0,0,1
1,0,0,0,1
1,1,0,0,2
1,0,0,0,1
1,0,0,0,1
1,0,0,0,1
1,0,0,0,1
1,0,0,0,1
1,0,0,0,1
1,0,0,0,1
1,0,0,0,1
2,0,0,0,2
1,0,0,0,1
1,0,0,0,1
1,11,0,0,12
1,0,0,0,1
1,0,0,0,1
1,0,0,0,1
1,0,0,0,1
1,0,0,0,1
1,0,0,0,1
1,0,0,0,1
1,0,0,0,1
1,0,0,0,1
1,0,0,0,1
3,0,0,0,3
1,0,0,0,1
1,0,0,0,1
1,0,0,0,1
1,0,0,0,1
2,0,0,0,2
1,0,0,0,1
1,0,0,0,1
1,0,0,0,1
1,0,0,0,1
1,0,0,0,1
1,0,0,0,1
2,0,0,0,2
1,0,0,0,1
1,0,0,0,1
1,0,0,0,1
1,0,0,0,1
1,0,0,0,1
1,0,0,0,1
1,0,0,0,1
1,0,0,0,1
1,0,0,0,1
1,0,0,0,1
1,0,0,0,1
1,0,0,0,1
1,0,0,0,1
1,0,0,0,1
1,0,0,0,1
1,4,0,0,5
1,0,0,0,1
1,0,0,0,1
1,2,0,0,3
2,0,0,0,2
1,0,0,0,1
1,0,0,0,1
2,0,0,0,2
1,0,0,0,1
1,0,0,0,1
1,0,0,0,1
1,0,0,0,1
1,0,0,0,1
1,0,0,0,1
1,0,0,0,1
1,0,0,0,1
1,0,0,0,1
1,2,0,0,3
1,0,0,0,1
1,0,0,0,1
1,0,0,0,1
1,0,0,0,1
1,0,0,0,1
1,0,0,0,1
1,0,0,0,1
1,0,0,0,1
1,0,0,0,1
1,0,0,0,1
1,0,0,0,1
1,0,0,0,1
1,0,0,0,1
1,0,0,0,1
1,0,0,0,1
1,0,0,0,1
1,0,0,0,1
1,0,0,0,1
1,0,0,0,1
1,0,0,0,1
1,0,0,0,1
1,0,0,0,1
1,0,0,0,1
1,0,0,0,1
1,0,0,0,1
1,0,0,0,1
1,0,0,0,1
1,0,0,0,1
1,0,0,0,1
1,0,0,0,1
1,0,0,0,1
1,0,0,0,1
1,0,0,0,1
2,0,0,0,2
1,0,0,0,1
1,0,0,0,1
1,0,0,0,1
1,0,0,0,1
1,0,0,0,1
1,0,0,0,1
1,0,0,0,1
1,0,0,0,1
1,0,0,0,1
1,0,0,0,1
1,0,0,0,1
1,0,0,0,1
1,0,0,0,1
1,0,0,0,1
1,0,0,0,1
1,0,0,0,1
1,0,0,0,1
1,0,0,0,1
1,0,0,0,1
1,0,0,0,1
1,0,0,0,1
1,0,0,0,1
1,0,0,0,1
1,0,0,0,1
1,0,0,0,1
1,0,0,0,1
1,2,0,0,3
1,0,0,0,1
1,0,0,0,1
1,0,0,0,1
1,0,0,0,1
1,0,0,0,1
1,0,0,0,1
1,0,0,0,1
1,0,0,0,1
1,0,0,0,1
1,22,0,0,23
1,0,0,0,1
1,0,0,0,1
1,0,0,0,1
1,0,0,0,1
1,0,0,0,1
1,0,0,0,1
1,0,0,0,1
1,0,0,0,1
1,0,0,0,1
1,0,0,0,1
1,0,0,0,1
1,0,0,0,1
1,0,0,0,1
1,0,0,0,1
1,0,0,0,1
1,0,0,0,1
1,0,0,0,1
1,0,0,0,1
1,0,0,0,1
2,0,0,0,2
1,0,0,0,1
1,0,0,0,1
1,0,0,0,1
1,0,0,0,1
1,0,0,0,1
1,0,0,0,1
1,0,0,0,1
1,0,0,0,1
1,0,0,0,1
1,0,0,0,1
1,0,0,0,1
1,0,0,0,1
1,0,0,0,1
1,0,0,0,1
1,0,0,0,1
1,0,0,0,1
1,0,0,0,1
1,0,0,0,1
1,0,0,0,1
1,0,0,0,1
1,0,0,0,1
1,0,0,0,1
1,0,0,0,1
1,0,0,0,1
1,0,0,0,1
1,0,0,0,1
1,0,0,0,1
1,0,0,0,1
1,0,0,0,1
1,0,0,0,1
1,0,0,0,1
1,0,0,0,1
1,0,0,0,1
1,0,0,0,1
1,0,0,0,1
1,0,0,0,1
1,0,0,0,1
1,0,0,0,1
1,0,0,0,1
1,0,0,0,1
1,0,0,0,1
1,0,0,0,1
1,0,0,0,1
1,0,0,0,1
1,0,0,0,1
1,0,0,0,1
1,0,0,0,1
1,0,0,0,1
1,0,0,0,1
1,0,0,0,1
1,0,0,0,1
1,0,0,0,1
1,0,0,0,1
1,0,0,0,1
1,0,0,0,1
1,0,0,0,1
1,0,0,0,1
1,0,0,0,1
1,0,0,0,1
1,0,0,0,1
1,0,0,0,1
1,0,0,0,1
1,0,0,0,1
1,0,0,0,1
1,2,0,0,3
1,0,0,0,1
1,0,0,0,1
1,0,0,0,1
1,0,0,0,1
1,0,0,0,1
1,0,0,0,1
1,0,0,0,1
1,0,0,0,1
1,0,0,0,1
1,0,0,0,1
1,0,0,0,1
1,0,0,0,1
1,0,0,0,1
1,0,0,0,1
1,0,0,0,1
1,0,0,0,1
1,0,0,0,1
1,0,0,0,1
1,0,0,0,1
1,0,0,0,1
1,0,0,0,1
1,0,0,0,1
1,0,0,0,1
1,0,0,0,1
1,0,0,0,1
1,0,0,0,1
1,0,0,0,1
1,0,0,0,1
1,0,0,0,1
1,0,0,0,1
1,0,0,0,1
1,0,0,0,1
1,0,0,0,1
1,0,0,0,1
1,0,0,0,1
1,0,0,0,1
1,0,0,0,1
1,0,0,0,1
1,0,0,0,1
1,0,0,0,1
1,0,0,0,1
1,0,0,0,1
1,0,0,0,1
1,0,0,0,1
1,0,0,0,1
1,0,0,0,1
1,0,0,0,1
1,0,0,0,1
1,0,0,0,1
1,0,0,0,1
1,0,0,0,1
1,0,0,0,1
1,0,0,0,1
1,0,0,0,1
1,0,0,0,1
1,0,0,0,1
1,0,0,0,1
1,0,0,0,1
1,0,0,0,1
1,0,0,0,1
1,0,0,0,1
1,0,0,0,1
1,0,0,0,1
1,0,0,0,1
1,0,0,0,1
1,0,0,0,1
1,0,0,0,1
1,0,0,0,1
1,0,0,0,1
1,0,0,0,1
1,0,0,0,1
1,0,0,0,1
1,0,0,0,1
1,0,0,0,1
1,0,0,0,1
1,0,0,0,1
1,0,0,0,1
1,0,0,0,1
1,0,0,0,1
1,0,0,0,1
1,0,0,0,1
1,0,0,0,1
1,0,0,0,1
1,0,0,0,1
1,0,0,0,1
1,10,1,0,12
1,0,0,0,1
1,0,0,0,1
1,0,0,0,1
1,0,0,0,1
1,0,0,0,1
1,0,0,0,1
1,0,0,0,1
1,0,0,0,1
1,0,0,0,1
1,0,0,0,1
1,0,0,0,1
1,0,0,0,1
1,9,0,0,10
2,0,0,0,2
1,0,0,0,1
1,0,0,0,1
1,0,0,0,1
1,0,0,0,1
1,0,0,0,1
1,0,0,0,1
1,0,0,0,1
1,0,0,0,1
1,0,0,0,1
1,0,0,0,1
1,0,0,0,1
1,0,0,0,1
1,0,0,0,1
1,0,0,0,1
1,0,0,0,1
1,0,0,0,1
1,0,0,0,1
1,0,0,0,1
1,0,0,0,1
1,0,0,0,1
1,0,0,0,1
1,0,0,0,1
1,0,0,0,1
1,0,0,0,1
1,0,0,0,1
1,0,0,0,1
1,0,0,0,1
1,0,0,0,1
1,0,0,0,1
1,0,0,0,1
1,0,0,0,1
1,0,0,0,1
1,0,0,0,1
1,0,0,0,1
1,0,0,0,1
1,0,0,0,1
2,0,0,0,2
2,0,0,0,2
1,0,0,0,1
1,0,0,0,1
1,0,0,0,1
1,0,0,0,1
1,0,0,0,1
2,0,0,0,2
1,0,0,0,1
1,0,0,0,1
1,0,0,0,1
1,0,0,0,1
1,0,0,0,1
1,0,0,0,1
1,0,0,0,1
1,0,0,0,1
2,0,0,0,2
1,0,0,0,1
1,0,0,0,1
1,0,0,0,1
1,4,0,0,5
1,0,0,0,1
1,0,0,0,1
1,0,0,0,1
1,0,0,0,1
2,0,0,0,2
1,0,0,0,1
1,0,0,0,1
1,0,0,0,1
1,0,0,0,1
1,0,0,0,1
1,0,0,0,1
1,0,0,0,1
1,0,0,0,1
1,0,0,0,1
1,0,0,0,1
1,0,0,0,1
1,0,0,0,1
1,0,0,0,1
1,0,0,0,1
1,0,0,0,1
1,0,0,0,1
1,0,0,0,1
1,0,0,0,1
1,0,0,0,1
1,0,0,0,1
1,0,0,0,1
1,0,0,0,1
1,0,0,0,1
2,0,0,0,2
1,0,0,0,1
1,0,0,0,1
1,0,0,0,1
1,0,0,0,1
1,0,0,0,1
1,0,0,0,1
1,0,0,0,1
1,0,0,0,1
1,0,0,0,1
1,0,0,0,1
1,2,0,0,3
1,0,0,0,1
1,0,0,0,1
1,0,0,0,1
1,0,0,0,1
1,0,0,0,1
1,0,0,0,1
1,0,0,0,1
1,0,0,0,1
1,0,0,0,1
1,0,0,0,1
1,0,0,0,1
1,0,0,0,1
1,0,0,0,1
1,0,0,0,1
1,0,0,0,1
1,0,0,0,1
1,0,0,0,1
1,0,0,0,1
1,0,0,0,1
1,6,0,0,7
1,0,0,0,1
1,0,0,0,1
1,0,0,0,1
1,0,0,0,1
1,0,0,0,1
1,0,0,0,1
1,2,0,0,3
1,0,0,0,1
1,0,0,0,1
1,0,0,0,1
1,0,0,0,1
1,0,0,0,1
1,0,0,0,1
1,0,0,0,1
1,0,0,0,1
1,0,0,0,1
1,0,0,0,1
1,0,0,0,1
1,0,0,0,1
1,0,0,0,1
1,0,0,0,1
1,0,0,0,1
1,22,32,0,55
1,5,0,0,6
1,0,0,0,1
1,0,0,0,1
1,0,0,0,1
1,0,0,0,1
1,0,0,0,1
1,0,0,0,1
1,0,0,0,1
2,0,0,0,2
1,0,0,0,1
1,0,0,0,1
1,0,0,0,1
1,0,0,0,1
1,0,0,0,1
1,0,0,0,1
1,0,0,0,1
1,0,0,0,1
1,0,0,0,1
1,0,0,0,1
1,0,0,0,1
1,0,0,0,1
1,0,0,0,1
1,0,0,0,1
1,0,0,0,1
1,0,0,0,1
1,0,0,0,1
1,0,0,0,1
1,0,0,0,1
1,0,0,0,1
1,0,0,0,1
1,0,0,0,1
1,0,0,0,1
1,0,0,0,1
1,0,0,0,1
1,0,0,0,1
1,0,0,0,1
1,0,0,0,1
1,0,0,0,1
1,0,0,0,1
1,0,0,0,1
1,0,0,0,1
1,0,0,0,1
1,55,0,0,56
1,0,0,0,1
1,0,0,0,1
1,0,0,0,1
2,0,0,0,2
1,0,0,0,1
1,0,0,0,1
1,0,0,0,1
1,0,0,0,1
1,0,0,0,1
1,0,0,0,1
1,0,0,0,1
1,0,0,0,1
1,0,0,0,1
1,0,0,0,1
1,0,0,0,1
1,0,0,0,1
1,0,0,0,1
1,0,0,0,1
1,0,0,0,1
1,0,0,0,1
1,0,0,0,1
1,0,0,0,1
1,0,0,0,1
1,0,0,0,1
1,0,0,0,1
1,0,0,0,1
1,0,0,0,1
1,0,0,0,1
1,0,0,0,1
1,0,0,0,1
1,0,0,0,1
1,0,0,0,1
1,0,0,0,1
1,0,0,0,1
1,0,0,0,1
1,0,0,0,1
1,0,0,0,1
1,0,0,0,1
1,0,0,0,1
1,0,0,0,1
1,0,0,0,1
1,0,0,0,1
1,0,0,0,1
1,0,0,0,1
1,0,0,0,1
2,0,0,0,2
1,0,0,0,1
1,0,0,0,1
1,0,0,0,1
1,0,0,0,1
1,0,0,0,1
1,0,0,0,1
1,0,0,0,1
1,0,0,0,1
1,4,0,0,5
1,0,0,0,1
1,0,0,0,1
1,0,0,0,1
1,0,0,0,1
1,0,0,0,1
1,0,0,0,1
1,1,0,0,2
1,0,0,0,1
1,0,0,0,1
1,0,0,0,1
1,0,0,0,1
1,0,0,0,1
1,0,0,0,1
1,0,0,0,1
1,0,0,0,1
1,0,0,0,1
1,0,0,0,1
1,0,0,0,1
1,0,0,0,1
1,0,0,0,1
1,0,0,0,1
1,0,0,0,1
1,0,0,0,1
1,0,0,0,1
1,0,0,0,1
1,0,0,0,1
1,0,0,0,1
1,0,0,0,1
1,0,0,0,1
1,0,0,0,1
1,0,0,0,1
1,0,0,0,1
1,0,0,0,1
1,0,0,0,1
1,0,0,0,1
1,0,0,0,1
1,0,0,0,1
1,0,0,0,1
1,0,0,0,1
1,0,0,0,1
1,0,0,0,1
1,0,0,0,1
1,0,0,0,1
1,0,0,0,1
1,0,0,0,1
1,0,0,0,1
1,0,0,0,1
1,0,0,0,1
1,0,0,0,1
1,0,0,0,1
1,0,0,0,1
1,0,0,0,1
1,0,0,0,1
1,0,0,0,1
1,0,0,0,1
1,0,0,0,1
1,0,0,0,1
1,0,0,0,1
1,0,0,0,1
1,0,0,0,1
1,0,0,0,1
1,0,0,0,1
1,0,0,0,1
1,0,0,0,1
1,0,0,0,1
1,0,0,0,1
1,0,0,0,1
1,0,0,0,1
1,0,0,0,1
1,0,0,0,1
1,0,0,0,1
1,0,0,0,1
1,0,0,0,1
1,0,0,0,1
1,0,0,0,1
1,0,0,0,1
1,0,0,0,1
1,0,0,0,1
1,0,0,0,1
1,0,0,0,1
1,0,0,0,1
1,0,0,0,1
1,0,0,0,1
1,0,0,0,1
1,0,0,0,1
1,0,0,0,1
1,0,0,0,1
1,0,0,0,1
1,0,0,0,1
1,0,0,0,1
2,0,0,0,2
1,0,0,0,1
1,0,0,0,1
1,0,0,0,1
1,0,0,0,1
1,0,0,0,1
1,1,0,0,2
1,10,0,0,11
1,0,0,0,1
1,0,0,0,1
1,0,0,0,1
1,0,0,0,1
1,0,0,0,1
1,0,0,0,1
1,0,0,0,1
1,0,0,0,1
1,0,0,0,1
1,0,0,0,1
1,0,0,0,1
1,0,0,0,1
1,0,0,0,1
1,0,0,0,1
1,0,0,0,1
1,0,0,0,1
1,0,0,0,1
1,0,0,0,1
1,0,0,0,1
1,0,0,0,1
1,0,0,0,1
1,0,0,0,1
1,0,0,0,1
1,1,1,0,3
1,0,0,0,1
1,3,0,0,4
1,0,0,0,1
1,0,0,0,1
1,0,0,0,1
1,0,0,0,1
1,0,0,0,1
1,0,0,0,1
1,0,0,0,1
1,0,0,0,1
1,0,0,0,1
1,0,0,0,1
1,0,0,0,1
1,0,0,0,1
1,0,0,0,1
1,0,0,0,1
1,0,0,0,1
1,0,0,0,1
1,0,0,0,1
1,0,0,0,1
1,0,0,0,1
1,0,0,0,1
1,7,0,0,8
1,0,0,0,1
1,0,0,0,1
1,0,0,0,1
1,0,0,0,1
1,0,0,0,1
1,0,0,0,1
1,0,0,0,1
1,0,0,0,1
1,0,0,0,1
1,0,0,0,1
1,0,0,0,1
1,0,0,0,1
1,0,0,0,1
2,0,0,0,2
1,0,0,0,1
1,0,0,0,1
1,0,0,0,1
1,0,0,0,1
1,0,0,0,1
1,0,0,0,1
1,0,0,0,1
1,0,0,0,1
1,0,0,0,1
1,0,0,0,1
1,0,0,0,1
1,0,1,0,2
1,0,0,0,1
1,0,0,0,1
1,0,0,0,1
1,0,0,0,1
1,0,0,0,1
1,0,0,0,1
2,2,0,0,4
2,0,0,0,2
1,0,0,0,1
1,0,0,0,1
1,0,0,0,1
1,0,0,0,1
1,0,0,0,1
1,0,0,0,1
1,0,0,0,1
1,0,0,0,1
1,0,0,0,1
1,0,0,0,1
1,0,0,0,1
1,0,0,0,1
1,0,0,0,1
1,0,0,0,1
1,0,0,0,1
1,0,0,0,1
1,0,0,0,1
1,0,0,0,1
1,0,0,0,1
1,0,0,0,1
1,0,0,0,1
1,0,0,0,1
1,0,0,0,1
1,0,0,0,1
1,0,0,0,1
1,0,0,0,1
1,0,0,0,1
1,0,0,0,1
1,0,0,0,1
1,0,0,0,1
1,0,0,0,1
1,0,0,0,1
1,0,0,0,1
1,0,0,0,1
1,0,0,0,1
1,0,0,0,1
1,0,0,0,1
1,0,0,0,1
1,0,0,0,1
1,0,0,0,1
1,0,0,0,1
1,0,0,0,1
1,0,0,0,1
1,0,0,0,1
1,0,0,0,1
1,0,0,0,1
1,0,0,0,1
1,0,0,0,1
1,0,0,0,1
1,0,0,0,1
1,0,0,0,1
1,0,0,0,1
1,0,0,0,1
1,0,0,0,1
1,0,0,0,1
1,0,0,0,1
1,0,0,0,1
1,0,0,0,1
1,0,0,0,1
1,0,0,0,1
1,0,0,0,1
1,0,0,0,1
1,0,0,0,1
1,0,0,0,1
1,0,0,0,1
1,0,0,0,1
1,0,0,0,1
1,0,0,0,1
1,0,0,0,1
1,0,0,0,1
2,0,0,0,2
1,0,0,0,1
1,0,0,0,1
1,0,0,0,1
1,0,0,0,1
1,0,0,0,1
1,0,0,0,1
1,0,0,0,1
1,0,0,0,1
1,0,0,0,1
1,0,0,0,1
1,0,0,0,1
1,0,0,0,1
1,1,0,0,2
1,0,0,0,1
1,0,0,0,1
1,0,0,0,1
1,0,0,0,1
1,0,0,0,1
1,0,0,0,1
1,0,0,0,1
1,0,0,0,1
1,0,0,0,1
1,0,0,0,1
1,0,0,0,1
1,0,0,0,1
1,0,0,0,1
1,0,0,0,1
1,0,0,0,1
1,0,0,0,1
1,0,0,0,1
1,0,0,0,1
1,0,0,0,1
1,0,0,0,1
1,0,0,0,1
1,0,0,0,1
1,0,0,0,1
1,0,0,0,1
1,0,0,0,1
2,0,0,0,2
1,0,0,0,1
1,2,0,0,3
1,0,0,0,1
1,0,0,0,1
1,0,0,0,1
1,0,0,0,1
1,0,0,0,1
1,0,0,0,1
1,0,0,0,1
1,0,0,0,1
1,2,0,0,3
1,0,0,0,1
1,1,1,0,3
1,0,0,0,1
1,11,0,0,12
1,0,0,0,1
1,0,0,0,1
1,0,0,0,1
1,0,0,0,1
1,0,0,0,1
1,0,0,0,1
1,1,3,0,5
1,0,0,0,1
1,0,0,0,1
1,0,0,0,1
1,0,0,0,1
1,0,0,0,1
1,0,0,0,1
1,0,0,0,1
2,0,0,0,2
1,0,0,0,1
1,0,0,0,1
1,0,0,0,1
1,0,0,0,1
1,0,0,0,1
1,0,0,0,1
1,0,0,0,1
1,0,0,0,1
1,0,0,0,1
1,0,0,0,1
1,0,0,0,1
1,0,0,0,1
1,0,0,0,1
1,0,0,0,1
1,0,0,0,1
1,0,0,0,1
1,0,0,0,1
1,0,0,0,1
1,0,0,0,1
1,0,0,0,1
1,0,0,0,1
1,0,0,0,1
1,0,0,0,1
1,0,0,0,1
1,0,0,0,1
1,0,0,0,1
1,0,0,0,1
1,0,0,0,1
1,0,0,0,1
1,0,0,0,1
1,0,0,0,1
1,0,0,0,1
1,0,0,0,1
1,0,0,0,1
1,0,0,0,1
1,0,0,0,1
1,0,0,0,1
1,0,0,0,1
1,0,0,0,1
1,0,0,0,1
1,0,0,0,1
1,0,0,0,1
1,0,0,0,1
1,0,0,0,1
1,0,0,0,1
1,0,0,0,1
2,0,0,0,2
1,0,0,0,1
1,0,0,0,1
1,0,0,0,1
1,0,0,0,1
1,0,0,0,1
1,0,0,0,1
1,0,0,0,1
1,0,0,0,1
1,0,0,0,1
1,0,0,0,1
1,0,0,0,1
1,0,0,0,1
1,0,0,0,1
1,0,0,0,1
1,0,0,0,1
1,1,0,0,2
1,0,0,0,1
1,0,0,0,1
1,0,0,0,1
1,0,0,0,1
1,0,0,0,1
1,0,0,0,1
1,0,0,0,1
1,0,0,0,1
1,0,0,0,1
1,0,0,0,1
1,0,0,0,1
1,0,0,0,1
1,0,0,0,1
1,0,0,0,1
1,0,0,0,1
1,1,0,0,2
1,0,0,0,1
2,0,0,0,2
1,1,0,0,2
1,0,0,0,1
1,0,0,0,1
1,0,0,0,1
1,0,0,0,1
1,0,0,0,1
1,0,0,0,1
1,0,0,0,1
1,0,0,0,1
1,0,0,0,1
1,0,0,0,1
1,0,0,0,1
1,0,0,0,1
1,0,0,0,1
1,1,0,0,2
1,0,0,0,1
1,0,0,0,1
2,0,0,0,2
1,0,0,0,1
1,0,0,0,1
1,0,0,0,1
1,0,0,0,1
1,0,0,0,1
1,0,0,0,1
1,0,0,0,1
1,0,0,0,1
1,0,0,0,1
1,0,0,0,1
1,0,0,0,1
1,0,0,0,1
1,0,0,0,1
1,0,0,0,1
1,0,0,0,1
1,0,0,0,1
1,0,0,0,1
1,0,0,0,1
1,0,0,0,1
1,0,0,0,1
1,0,0,0,1
1,0,0,0,1
1,0,0,0,1
1,0,0,0,1
1,0,0,0,1
1,0,0,0,1
1,0,0,0,1
1,0,0,0,1
1,0,0,0,1
1,0,0,0,1
1,0,0,0,1
1,0,0,0,1
1,0,0,0,1
1,0,0,0,1
1,0,0,0,1
1,0,0,0,1
1,0,0,0,1
1,0,0,0,1
1,0,0,0,1
1,0,0,0,1
1,0,0,0,1
1,0,0,0,1
1,0,0,0,1
1,0,0,0,1
1,4,0,0,5
1,0,0,0,1
1,0,0,0,1
1,0,0,0,1
1,0,0,0,1
1,0,0,0,1
1,0,0,0,1
1,0,0,0,1
1,0,0,0,1
1,0,0,0,1
1,0,0,0,1
1,0,0,0,1
1,0,0,0,1
1,0,0,0,1
1,0,0,0,1
1,0,0,0,1
1,0,0,0,1
1,0,0,0,1
1,0,0,0,1
1,0,0,0,1
1,0,0,0,1
1,0,0,0,1
1,0,0,0,1
1,0,0,0,1
1,0,0,0,1
1,0,0,0,1
1,0,0,0,1
1,0,0,0,1
1,1,1,0,3
1,0,0,0,1
1,0,0,0,1
1,0,0,0,1
1,0,0,0,1
1,0,0,0,1
1,0,0,0,1
1,0,0,0,1
1,0,0,0,1
1,0,0,0,1
1,0,0,0,1
1,0,0,0,1
1,0,0,0,1
1,0,0,0,1
1,0,0,0,1
1,0,0,0,1
1,0,0,0,1
1,0,0,0,1
1,0,0,0,1
1,0,0,0,1
1,0,0,0,1
1,0,0,0,1
1,0,0,0,1
1,0,0,0,1
1,0,0,0,1
1,0,0,0,1
1,0,0,0,1
1,0,0,0,1
1,0,0,0,1
1,0,0,0,1
1,0,0,0,1
1,0,0,0,1
1,0,0,0,1
1,0,0,0,1
1,0,0,0,1
1,0,0,0,1
1,0,0,0,1
1,0,0,0,1
1,0,0,0,1
1,0,0,0,1
1,0,0,0,1
1,0,0,0,1
1,0,0,0,1
1,0,0,0,1
1,0,0,0,1
1,0,0,0,1
1,0,0,0,1
1,0,0,0,1
1,0,0,0,1
1,0,0,0,1
1,0,0,0,1
1,0,0,0,1
1,0,0,0,1
1,0,0,0,1
1,0,0,0,1
1,0,0,0,1
1,0,0,0,1
1,0,0,0,1
1,0,0,0,1
1,0,0,0,1
1,0,0,0,1
1,0,0,0,1
1,0,0,0,1
1,0,0,0,1
1,0,0,0,1
1,0,0,0,1
1,0,0,0,1
1,0,0,0,1
1,0,0,0,1
1,0,0,0,1
1,0,0,0,1
1,0,0,0,1
1,0,0,0,1
1,0,0,0,1
1,0,0,0,1
1,0,0,0,1
1,0,0,0,1
1,0,0,0,1
1,0,0,0,1
1,0,0,0,1
1,0,0,0,1
1,0,0,0,1
1,0,0,0,1
1,0,0,0,1
1,0,0,0,1
1,0,0,0,1
1,0,0,0,1
1,0,0,0,1
1,0,0,0,1
1,0,0,0,1
1,0,0,0,1
1,0,0,0,1
1,0,0,0,1
1,0,0,0,1
1,0,0,0,1
1,0,0,0,1
1,0,0,0,1
1,0,0,0,1
1,0,0,0,1
1,0,0,0,1
1,0,0,0,1
1,0,0,0,1
1,0,0,0,1
1,3,0,0,4
1,0,0,0,1
1,0,0,0,1
1,0,0,0,1
1,0,0,0,1
1,0,0,0,1
1,0,0,0,1
1,0,0,0,1
1,0,0,0,1
1,0,0,0,1
1,0,0,0,1
1,0,0,0,1
1,0,0,0,1
1,0,0,0,1
1,0,0,0,1
1,0,0,0,1
1,0,0,0,1
1,0,0,0,1
1,0,0,0,1
1,0,0,0,1
1,0,0,0,1
1,0,0,0,1
1,0,0,0,1
1,0,0,0,1
1,0,0,0,1
1,0,0,0,1
1,0,0,0,1
1,0,0,0,1
1,0,0,0,1
1,0,0,0,1
1,0,0,0,1
1,0,0,0,1
1,0,0,0,1
1,0,0,0,1
1,0,0,0,1
1,0,0,0,1
1,0,0,0,1
1,0,0,0,1
1,0,0,0,1
1,0,0,0,1
1,0,0,0,1
1,0,0,0,1
1,0,0,0,1
1,0,0,0,1
1,0,0,0,1
1,0,0,0,1
1,0,0,0,1
1,0,0,0,1
1,0,0,0,1
1,0,0,0,1
1,0,0,0,1
1,0,0,0,1
1,0,0,0,1
1,0,0,0,1
1,0,0,0,1
1,0,0,0,1
1,0,0,0,1
1,0,0,0,1
1,0,0,0,1
1,0,0,0,1
1,0,0,0,1
1,0,0,0,1
1,0,0,0,1
1,0,0,0,1
1,0,0,0,1
1,0,0,0,1
1,0,0,0,1
1,0,0,0,1
2,0,0,0,2
1,0,0,0,1
1,0,0,0,1
1,0,0,0,1
1,0,0,0,1
1,0,0,0,1
2,0,0,0,2
1,0,0,0,1
1,0,0,0,1
1,0,0,0,1
1,0,0,0,1
1,0,0,0,1
1,0,0,0,1
1,0,0,0,1
1,0,0,0,1
1,0,0,0,1
1,0,0,0,1
1,0,0,0,1
1,0,0,0,1
1,0,0,0,1
1,0,0,0,1
1,0,0,0,1
1,0,0,0,1
1,0,0,0,1
1,0,0,0,1
1,0,0,0,1
1,0,0,0,1
1,0,0,0,1
1,0,0,0,1
1,0,0,0,1
1,0,0,0,1
1,0,0,0,1
1,0,0,0,1
1,0,0,0,1
1,0,0,0,1
1,0,0,0,1
1,0,0,0,1
1,0,0,0,1
1,0,0,0,1
1,0,0,0,1
1,0,0,0,1
1,0,0,0,1
1,0,0,0,1
1,0,0,0,1
1,0,0,0,1
1,0,0,0,1
1,0,0,0,1
1,0,0,0,1
1,0,0,0,1
1,0,0,0,1
1,0,0,0,1
1,0,0,0,1
1,0,0,0,1
1,0,0,0,1
1,0,0,0,1
1,0,0,0,1
1,0,0,0,1
1,0,0,0,1
1,0,0,0,1
1,0,0,0,1
1,0,0,0,1
1,0,0,0,1
1,0,0,0,1
1,0,0,0,1
1,0,0,0,1
1,0,0,0,1
1,0,0,0,1
1,0,0,0,1
1,0,0,0,1
1,0,0,0,1
1,0,0,0,1
1,0,0,0,1
1,0,0,0,1
1,0,0,0,1
1,0,0,0,1
1,0,0,0,1
1,0,0,0,1
1,0,0,0,1
1,0,0,0,1
1,0,0,0,1
1,0,0,0,1
1,0,0,0,1
1,0,0,0,1
1,0,0,0,1
1,0,0,0,1
1,0,0,0,1
1,0,0,0,1
1,0,0,0,1
1,0,0,0,1
1,0,0,0,1
1,0,0,0,1
1,0,0,0,1
1,0,0,0,1
1,0,0,0,1
1,0,0,0,1
1,0,0,0,1
1,0,0,0,1
1,0,0,0,1
1,0,0,0,1
1,0,0,0,1
1,0,0,0,1
1,2,0,0,3
1,0,0,0,1
1,0,0,0,1
1,0,0,0,1
1,0,0,0,1
1,0,0,0,1
1,0,0,0,1
1,0,0,0,1
1,0,0,0,1
1,0,0,0,1
1,0,0,0,1
1,0,0,0,1
1,0,0,0,1
1,0,0,0,1
1,0,0,0,1
1,0,0,0,1
1,0,0,0,1
1,0,0,0,1
1,0,0,0,1
1,0,0,0,1
1,0,0,0,1
1,0,0,0,1
1,0,0,0,1
1,0,0,0,1
1,0,0,0,1
1,0,0,0,1
1,0,0,0,1
1,0,0,0,1
1,0,0,0,1
1,0,0,0,1
1,0,0,0,1
1,0,0,0,1
1,0,0,0,1
1,1,0,0,2
1,0,0,0,1
1,0,0,0,1
1,0,0,0,1
1,1,0,0,2
1,1,0,0,2
1,0,0,0,1
1,0,0,0,1
1,0,0,0,1
1,0,0,0,1
1,0,0,0,1
1,0,1,0,2
1,0,0,0,1
1,0,0,0,1
1,0,0,0,1
1,0,0,0,1
1,0,0,0,1
1,0,0,0,1
1,0,0,0,1
1,0,0,0,1
1,0,0,0,1
1,0,0,0,1
1,0,0,0,1
1,0,0,0,1
1,0,0,0,1
1,0,0,0,1
1,0,0,0,1
1,0,0,0,1
1,0,0,0,1
1,0,0,0,1
1,0,0,0,1
1,0,0,0,1
1,0,0,0,1
1,0,0,0,1
1,0,0,0,1
1,0,0,0,1
1,0,0,0,1
1,0,0,0,1
1,0,0,0,1
1,0,0,0,1
1,0,0,0,1
1,0,0,0,1
1,0,0,0,1
1,0,0,0,1
1,0,0,0,1
1,0,0,0,1
1,2,0,0,3
1,0,0,0,1
1,0,0,0,1
1,0,0,0,1
1,0,0,0,1
1,0,0,0,1
1,0,0,0,1
1,0,0,0,1
1,0,0,0,1
1,0,0,0,1
1,0,0,0,1
1,0,0,0,1
1,0,0,0,1
1,0,0,0,1
1,0,0,0,1
1,0,0,0,1
1,0,0,0,1
1,0,0,0,1
1,0,0,0,1
1,0,0,0,1
1,0,0,0,1
1,0,0,0,1
1,0,0,0,1
1,0,0,0,1
1,0,0,0,1
1,0,0,0,1
1,0,0,0,1
1,0,0,0,1
1,0,0,0,1
1,0,0,0,1
1,0,0,0,1
1,0,0,0,1
1,0,0,0,1
1,0,0,0,1
1,0,0,0,1
1,0,0,0,1
1,0,0,0,1
1,0,0,0,1
1,0,0,0,1
1,0,0,0,1
1,0,0,0,1
1,0,0,0,1
1,0,0,0,1
1,0,0,0,1
1,0,0,0,1
1,0,0,0,1
1,0,0,0,1
1,0,0,0,1
1,0,0,0,1
1,0,0,0,1
1,0,0,0,1
1,0,0,0,1
1,0,0,0,1
1,0,0,0,1
1,0,0,0,1
1,0,0,0,1
1,0,0,0,1
1,0,0,0,1
1,0,0,0,1
1,0,0,0,1
1,0,0,0,1
1,0,0,0,1
1,0,0,0,1
1,0,0,0,1
1,0,0,0,1
1,0,0,0,1
1,0,0,0,1
1,0,0,0,1
1,0,0,0,1
1,0,0,0,1
1,0,0,0,1
1,0,0,0,1
1,0,0,0,1
1,0,0,0,1
1,0,0,0,1
1,0,0,0,1
1,0,0,0,1
1,0,0,0,1
1,0,0,0,1
1,2,0,0,3
1,0,0,0,1
1,0,0,0,1
1,0,0,0,1
1,0,0,0,1
1,0,0,0,1
1,0,0,0,1
1,3,0,0,4
1,0,0,0,1
1,0,0,0,1
1,0,0,0,1
1,0,0,0,1
1,0,0,0,1
1,0,0,0,1
1,0,0,0,1
1,0,0,0,1
1,0,0,0,1
1,0,0,0,1
1,0,0,0,1
1,0,0,0,1
1,0,0,0,1
1,0,0,0,1
1,0,0,0,1
1,0,0,0,1
1,0,0,0,1
1,0,0,0,1
1,0,0,0,1
1,0,0,0,1
1,0,0,0,1
1,0,0,0,1
1,0,0,0,1
1,0,0,0,1
1,0,0,0,1
1,0,0,0,1
1,0,0,0,1
1,0,0,0,1
1,0,0,0,1
1,0,0,0,1
1,0,0,0,1
3,1,0,0,4
1,1,1,0,3
1,0,0,0,1
1,0,0,0,1
1,0,0,0,1
1,0,0,0,1
1,0,0,0,1
1,0,0,0,1
1,0,0,0,1
1,0,0,0,1
1,0,0,0,1
1,0,0,0,1
1,0,0,0,1
1,0,0,0,1
1,0,0,0,1
1,0,0,0,1
1,0,0,0,1
1,0,0,0,1
2,0,0,0,2
1,0,0,0,1
1,0,0,0,1
1,0,0,0,1
1,0,0,0,1
1,0,0,0,1
1,0,0,0,1
1,0,0,0,1
1,0,0,0,1
1,0,0,0,1
1,0,0,0,1
1,0,0,0,1
1,0,0,0,1
1,0,0,0,1
1,0,0,0,1
1,0,0,0,1
1,0,0,0,1
1,0,0,0,1
1,6,2,0,9
2,0,0,0,2
1,0,0,0,1
1,0,0,0,1
1,0,0,0,1
1,0,0,0,1
1,0,0,0,1
1,0,0,0,1
1,0,0,0,1
1,0,0,0,1
1,0,0,0,1
1,0,0,0,1
1,0,0,0,1
1,0,0,0,1
1,0,0,0,1
1,0,0,0,1
1,0,0,0,1
1,0,0,0,1
1,0,0,0,1
1,0,0,0,1
1,0,0,0,1
1,0,0,0,1
1,0,0,0,1
1,0,0,0,1
1,0,0,0,1
1,0,0,0,1
1,0,0,0,1
1,0,0,0,1
1,0,0,0,1
1,0,0,0,1
1,0,0,0,1
1,0,0,0,1
1,0,0,0,1
1,0,0,0,1
1,0,0,0,1
1,0,0,0,1
1,0,0,0,1
1,0,0,0,1
1,0,0,0,1
1,0,0,0,1
1,0,0,0,1
1,0,0,0,1
1,2,0,0,3
1,0,0,0,1
1,0,0,0,1
1,4,0,0,5
1,0,0,0,1
1,0,0,0,1
1,0,0,0,1
1,0,0,0,1
1,0,0,0,1
1,0,0,0,1
1,0,0,0,1
1,0,0,0,1
1,0,0,0,1
1,0,0,0,1
1,0,0,0,1
1,0,0,0,1
1,0,0,0,1
1,0,0,0,1
1,1,0,0,2
1,0,0,0,1
1,0,0,0,1
1,0,0,0,1
1,0,0,0,1
1,0,0,0,1
1,0,0,0,1
1,0,0,0,1
1,0,1,0,2
1,0,0,0,1
1,0,0,0,1
1,0,0,0,1
1,0,0,0,1
1,0,0,0,1
1,0,0,0,1
1,0,0,0,1
1,0,0,0,1
1,0,0,0,1
1,0,0,0,1
1,0,0,0,1
1,0,0,0,1
1,0,0,0,1
1,0,0,0,1
1,0,0,0,1
1,0,0,0,1
1,0,0,0,1
1,0,0,0,1
1,0,0,0,1
2,1,0,0,3
1,0,0,0,1
1,0,0,0,1
1,0,0,0,1
1,0,0,0,1
1,0,0,0,1
1,0,0,0,1
1,0,0,0,1
1,0,0,0,1
1,0,0,0,1
1,0,0,0,1
1,0,0,0,1
1,0,0,0,1
1,0,0,0,1
1,0,0,0,1
1,2,0,0,3
1,0,0,0,1
1,0,0,0,1
1,0,0,0,1
1,0,0,0,1
1,0,0,0,1
1,13,0,0,14
1,0,0,0,1
1,0,0,0,1
1,0,0,0,1
1,0,0,0,1
1,0,0,0,1
1,0,0,0,1
1,0,0,0,1
1,0,0,0,1
1,0,0,0,1
1,0,0,0,1
2,0,0,0,2
1,0,0,0,1
1,0,0,0,1
1,0,0,0,1
1,0,0,0,1
1,0,0,0,1
1,0,0,0,1
1,0,0,0,1
1,0,0,0,1
1,0,0,0,1
1,0,0,0,1
1,0,0,0,1
1,0,0,0,1
1,0,0,0,1
1,6,0,0,7
1,2,0,0,3
1,1,0,0,2
1,0,0,0,1
1,0,0,0,1
1,0,0,0,1
1,0,0,0,1
1,0,0,0,1
1,0,0,0,1
1,0,0,0,1
1,0,0,0,1
1,0,0,0,1
1,0,0,0,1
1,0,0,0,1
1,0,0,0,1
1,0,0,0,1
1,0,0,0,1
1,0,0,0,1
1,0,0,0,1
1,0,0,0,1
1,0,0,0,1
1,0,0,0,1
1,0,0,0,1
1,0,0,0,1
1,0,0,0,1
1,0,0,0,1
1,0,0,0,1
1,0,0,0,1
1,0,0,0,1
1,0,0,0,1
1,0,0,0,1
1,0,0,0,1
1,0,0,0,1
1,0,0,0,1
1,0,0,0,1
1,0,0,0,1
1,0,0,0,1
1,0,0,0,1
1,0,0,0,1
1,0,0,0,1
1,0,0,0,1
1,0,0,0,1
1,0,0,0,1
1,0,0,0,1
1,0,0,0,1
1,0,0,0,1
1,0,0,0,1
1,0,0,0,1
1,0,0,0,1
1,0,0,0,1
1,0,0,0,1
1,0,0,0,1
1,0,0,0,1
1,0,0,0,1
1,0,0,0,1
1,0,0,0,1
1,0,0,0,1
1,0,0,0,1
1,1,0,0,2
1,0,0,0,1
1,0,0,0,1
1,0,0,0,1
1,0,0,0,1
1,0,0,0,1
1,0,0,0,1
1,0,0,0,1
1,0,0,0,1
1,0,0,0,1
1,0,0,0,1
1,0,0,0,1
1,0,0,0,1
1,0,0,0,1
1,0,0,0,1
1,0,0,0,1
1,0,0,0,1
1,0,0,0,1
1,0,0,0,1
1,0,0,0,1
1,0,0,0,1
1,0,0,0,1
1,0,0,0,1
1,0,0,0,1
1,0,0,0,1
1,0,0,0,1
1,0,0,0,1
1,0,0,0,1
1,0,0,0,1
1,0,0,0,1
1,0,0,0,1
1,0,0,0,1
1,0,0,0,1
1,0,0,0,1
1,0,0,0,1
1,0,0,0,1
1,0,0,0,1
1,0,0,0,1
1,0,0,0,1
1,0,0,0,1
1,0,0,0,1
1,0,0,0,1
1,0,0,0,1
1,0,0,0,1
1,0,0,0,1
1,0,0,0,1
1,0,0,0,1
1,0,0,0,1
1,0,0,0,1
1,0,0,0,1
1,0,0,0,1
1,0,0,0,1
1,0,0,0,1
1,0,0,0,1
1,0,0,0,1
1,0,0,0,1
1,0,0,0,1
1,0,0,0,1
1,0,0,0,1
1,0,0,0,1
1,0,0,0,1
1,0,0,0,1
1,0,0,0,1
1,0,0,0,1
1,0,0,0,1
1,0,0,0,1
1,0,0,0,1
1,0,0,0,1
1,0,0,0,1
1,0,0,0,1
1,0,0,0,1
1,0,0,0,1
1,1,0,0,2
1,0,0,0,1
1,0,0,0,1
1,5,0,0,6
2,0,0,0,2
1,0,0,0,1
1,0,0,0,1
1,0,0,0,1
1,0,0,0,1
1,0,0,0,1
1,0,0,0,1
1,0,0,0,1
1,0,0,0,1
1,0,0,0,1
1,0,0,0,1
1,0,0,0,1
1,0,0,0,1
1,0,0,0,1
1,5,0,0,6
1,0,0,0,1
1,0,0,0,1
1,0,0,0,1
1,0,0,0,1
1,0,0,0,1
1,0,0,0,1
1,0,0,0,1
1,0,0,0,1
1,0,0,0,1
1,0,0,0,1
1,4,0,0,5
1,0,0,0,1
1,0,0,0,1
1,0,0,0,1
1,0,0,0,1
1,0,0,0,1
1,0,0,0,1
1,0,0,0,1
1,0,0,0,1
1,0,0,0,1
1,0,0,0,1
1,0,0,0,1
1,0,0,0,1
1,0,0,0,1
1,0,0,0,1
1,0,0,0,1
1,0,0,0,1
1,0,0,0,1
1,0,0,0,1
1,0,0,0,1
1,0,0,0,1
1,0,0,0,1
1,0,0,0,1
1,0,0,0,1
1,0,0,0,1
1,0,0,0,1
1,0,0,0,1
1,0,0,0,1
1,0,0,0,1
1,0,0,0,1
1,0,0,0,1
1,0,0,0,1
1,0,0,0,1
1,0,0,0,1
1,0,0,0,1
1,0,0,0,1
1,0,0,0,1
1,0,0,0,1
1,0,0,0,1
1,0,0,0,1
1,0,0,0,1
1,0,0,0,1
1,0,0,0,1
1,0,0,0,1
1,0,0,0,1
1,0,0,0,1
2,0,0,0,2
1,0,0,0,1
1,0,0,0,1
1,0,0,0,1
1,0,0,0,1
1,0,0,0,1
1,0,0,0,1
1,0,0,0,1
1,0,0,0,1
1,0,0,0,1
1,0,0,0,1
1,0,0,0,1
1,0,0,0,1
1,0,0,0,1
1,0,0,0,1
1,0,0,0,1
1,0,0,0,1
1,0,0,0,1
1,0,0,0,1
1,0,0,0,1
1,0,0,0,1
1,0,0,0,1
1,0,0,0,1
1,0,0,0,1
1,0,0,0,1
1,0,0,0,1
1,0,0,0,1
1,0,0,0,1
1,0,0,0,1
1,0,0,0,1
1,0,0,0,1
1,0,0,0,1
1,0,0,0,1
1,0,0,0,1
1,0,0,0,1
1,0,0,0,1
1,0,0,0,1
1,0,0,0,1
1,0,0,0,1
1,0,0,0,1
1,0,0,0,1
1,0,0,0,1
1,0,0,0,1
1,0,0,0,1
1,0,0,0,1
1,0,0,0,1
1,1,1,0,3
1,0,0,0,1
1,0,0,0,1
1,0,0,0,1
1,0,0,0,1
1,0,0,0,1
1,0,0,0,1
1,0,0,0,1
1,0,0,0,1
1,0,0,0,1
1,0,0,0,1
1,0,0,0,1
1,0,0,0,1
1,0,0,0,1
1,0,0,0,1
1,0,0,0,1
1,0,0,0,1
1,0,0,0,1
1,0,0,0,1
1,0,0,0,1
1,0,0,0,1
1,0,0,0,1
1,0,0,0,1
1,0,0,0,1
1,0,0,0,1
1,0,0,0,1
1,0,0,0,1
1,0,0,0,1
1,3,1,0,5
1,0,0,0,1
1,2,0,0,3
1,0,0,0,1
1,0,0,0,1
1,0,0,0,1
1,0,0,0,1
1,0,0,0,1
1,41,0,0,42
1,0,0,0,1
1,0,0,0,1
2,0,0,0,2
1,0,0,0,1
1,0,0,0,1
1,0,0,0,1
1,0,0,0,1
1,0,0,0,1
2,0,0,0,2
1,0,0,0,1
1,0,0,0,1
1,0,0,0,1
1,0,0,0,1
1,0,0,0,1
1,0,0,0,1
1,0,0,0,1
1,0,0,0,1
1,0,0,0,1
1,0,0,0,1
1,0,0,0,1
1,0,0,0,1
1,0,0,0,1
1,0,0,0,1
1,0,0,0,1
1,0,0,0,1
1,0,0,0,1
1,0,0,0,1
1,0,0,0,1
1,0,0,0,1
1,0,0,0,1
1,0,0,0,1
1,0,0,0,1
1,0,0,0,1
1,0,0,0,1
1,0,0,0,1
1,0,0,0,1
1,0,0,0,1
1,0,0,0,1
1,0,0,0,1
1,0,0,0,1
1,3,0,0,4
1,0,0,0,1
1,0,0,0,1
1,0,0,0,1
1,0,0,0,1
1,0,0,0,1
1,0,0,0,1
1,0,0,0,1
1,0,0,0,1
1,0,0,0,1
1,0,0,0,1
1,0,0,0,1
1,0,0,0,1
1,0,0,0,1
1,0,0,0,1
1,0,0,0,1
1,0,0,0,1
1,0,0,0,1
1,0,0,0,1
1,0,0,0,1
1,0,0,0,1
1,0,0,0,1
1,0,0,0,1
1,0,0,0,1
1,0,0,0,1
1,0,0,0,1
1,0,0,0,1
1,1,0,0,2
1,0,0,0,1
1,0,0,0,1
1,0,0,0,1
1,0,0,0,1
1,0,0,0,1
1,0,0,0,1
1,0,0,0,1
1,0,0,0,1
1,0,0,0,1
1,0,0,0,1
1,0,0,0,1
1,0,0,0,1
1,0,0,0,1
1,0,0,0,1
1,0,0,0,1
1,0,0,0,1
1,0,0,0,1
2,0,0,0,2
1,0,0,0,1
1,0,0,0,1
1,0,0,0,1
1,0,0,0,1
1,0,0,0,1
1,0,0,0,1
1,0,0,0,1
1,0,0,0,1
1,0,0,0,1
1,0,0,0,1
1,0,0,0,1
1,0,0,0,1
1,0,0,0,1
1,0,0,0,1
1,1,0,0,2
1,0,0,0,1
1,0,0,0,1
1,0,0,0,1
1,0,0,0,1
1,0,0,0,1
1,0,0,0,1
1,0,0,0,1
1,0,0,0,1
1,0,0,0,1
1,2,0,0,3
1,0,0,0,1
1,0,0,0,1
1,0,0,0,1
1,0,0,0,1
1,0,0,0,1
1,0,0,0,1
1,0,0,0,1
1,0,0,0,1
1,0,0,0,1
2,0,0,0,2
1,0,0,0,1
1,0,0,0,1
1,0,0,0,1
1,0,0,0,1
1,0,0,0,1
1,1,0,0,2
1,0,0,0,1
1,0,0,0,1
1,0,0,0,1
1,0,0,0,1
1,0,0,0,1
1,0,0,0,1
1,0,0,0,1
1,0,0,0,1
1,0,0,0,1
1,0,0,0,1
1,0,0,0,1
1,0,0,0,1
1,0,0,0,1
1,0,0,0,1
1,0,0,0,1
1,0,0,0,1
1,0,0,0,1
1,0,0,0,1
1,0,0,0,1
1,0,0,0,1
1,0,0,0,1
1,0,0,0,1
1,0,0,0,1
1,0,0,0,1
1,0,0,0,1
1,0,0,0,1
1,0,0,0,1
1,0,0,0,1
1,0,0,0,1
1,0,0,0,1
1,0,0,0,1
1,0,0,0,1
2,0,0,0,2
1,0,0,0,1
1,0,0,0,1
1,1,0,0,2
1,0,0,0,1
1,0,0,0,1
1,0,0,0,1
1,0,0,0,1
1,0,0,0,1
1,0,0,0,1
1,0,0,0,1
1,0,0,0,1
1,0,0,0,1
1,0,0,0,1
1,0,0,0,1
1,0,0,0,1
1,0,0,0,1
1,0,0,0,1
1,0,0,0,1
1,0,0,0,1
1,0,0,0,1
1,0,0,0,1
1,0,0,0,1
1,2,0,0,3
1,0,0,0,1
1,0,0,0,1
1,0,0,0,1
1,0,0,0,1
1,0,0,0,1
1,0,0,0,1
1,0,0,0,1
1,0,0,0,1
1,0,0,0,1
1,0,0,0,1
1,0,0,0,1
1,0,0,0,1
1,0,0,0,1
1,0,0,0,1
1,0,0,0,1
1,0,0,0,1
1,0,0,0,1
1,0,0,0,1
1,0,0,0,1
1,0,0,0,1
1,0,0,0,1
1,0,0,0,1
1,0,0,0,1
1,6,0,0,7
2,0,0,0,2
1,0,0,0,1
1,0,0,0,1
1,0,0,0,1
1,0,0,0,1
1,0,0,0,1
1,5,0,0,6
1,0,0,0,1
1,0,0,0,1
1,0,0,0,1
1,0,0,0,1
1,0,0,0,1
1,82,0,0,83
1,0,0,0,1
1,52,0,0,53
1,0,0,0,1
1,0,0,0,1
2,0,0,0,2
1,0,0,0,1
1,0,0,0,1
1,0,0,0,1
1,0,0,0,1
1,0,0,0,1
1,0,0,0,1
1,0,0,0,1
1,0,0,0,1
1,0,0,0,1
1,1073,0,0,1074
1,0,0,0,1
1,0,0,0,1
1,0,0,0,1
1,0,0,0,1
1,0,0,0,1
1,0,0,0,1
1,0,0,0,1
1,0,0,0,1
1,0,0,0,1
1,0,0,0,1
1,0,0,0,1
1,0,0,0,1
1,0,0,0,1
1,0,0,0,1
1,3,0,0,4
1,0,0,0,1
1,0,0,0,1
1,0,0,0,1
1,0,0,0,1
1,0,0,0,1
1,0,0,0,1
1,0,0,0,1
1,0,0,0,1
1,0,0,0,1
1,0,0,0,1
1,0,0,0,1
1,0,0,0,1
1,0,0,0,1
1,0,0,0,1
1,0,0,0,1
1,0,0,0,1
1,0,0,0,1
1,0,0,0,1
1,0,0,0,1
1,0,0,0,1
1,0,0,0,1
1,0,0,0,1
1,0,0,0,1
1,0,0,0,1
1,0,0,0,1
1,0,0,0,1
1,0,0,0,1
1,0,0,0,1
1,0,0,0,1
1,0,0,0,1
1,0,0,0,1
1,0,0,0,1
1,0,0,0,1
1,0,0,0,1
1,0,0,0,1
1,0,0,0,1
1,0,0,0,1
1,0,0,0,1
1,0,0,0,1
1,0,0,0,1
1,0,0,0,1
1,0,0,0,1
1,0,0,0,1
1,0,0,0,1
1,0,0,0,1
1,0,0,0,1
1,0,0,0,1
1,0,0,0,1
1,0,0,0,1
1,0,0,0,1
1,0,0,0,1
1,0,0,0,1
1,0,0,0,1
1,0,0,0,1
1,0,0,0,1
1,0,0,0,1
1,0,0,0,1
1,0,0,0,1
1,0,0,0,1
1,0,0,0,1
1,0,0,0,1
1,0,0,0,1
1,0,0,0,1
1,0,0,0,1
1,0,0,0,1
1,0,0,0,1
1,0,0,0,1
1,0,0,0,1
1,0,0,0,1
1,0,0,0,1
1,0,0,0,1
1,0,0,0,1
1,0,0,0,1
1,0,0,0,1
1,0,0,0,1
1,0,0,0,1
1,0,0,0,1
1,0,0,0,1
1,0,0,0,1
1,0,0,0,1
1,0,0,0,1
1,0,0,0,1
1,0,0,0,1
1,0,0,0,1
1,0,0,0,1
1,0,0,0,1
1,0,0,0,1
1,0,0,0,1
1,0,0,0,1
1,0,0,0,1
1,0,0,0,1
1,0,0,0,1
1,0,0,0,1
1,0,0,0,1
1,0,0,0,1
1,0,0,0,1
1,0,0,0,1
1,0,0,0,1
1,0,0,0,1
1,0,0,0,1
1,0,0,0,1
1,0,0,0,1
1,0,0,0,1
1,0,0,0,1
1,0,0,0,1
1,0,0,0,1
1,0,0,0,1
1,0,0,0,1
1,0,0,0,1
1,0,0,0,1
1,0,0,0,1
1,0,0,0,1
1,0,0,0,1
1,0,0,0,1
1,0,0,0,1
1,0,0,0,1
1,0,0,0,1
1,0,0,0,1
1,0,0,0,1
1,0,0,0,1
1,0,0,0,1
1,0,0,0,1
1,0,0,0,1
1,0,0,0,1
1,0,0,0,1
1,0,0,0,1
1,0,0,0,1
1,0,0,0,1
1,0,0,0,1
1,1,0,0,2
1,0,0,0,1
1,0,0,0,1
1,0,0,0,1
1,0,0,0,1
1,0,0,0,1
1,0,0,0,1
1,0,0,0,1
1,0,0,0,1
1,0,0,0,1
1,0,0,0,1
1,0,0,0,1
1,0,0,0,1
1,0,0,0,1
1,0,0,0,1
1,0,0,0,1
1,0,0,0,1
1,0,0,0,1
1,0,0,0,1
1,0,0,0,1
1,0,0,0,1
1,0,0,0,1
1,0,0,0,1
1,0,0,0,1
1,0,0,0,1
1,0,0,0,1
1,0,0,0,1
1,0,0,0,1
1,0,0,0,1
1,0,0,0,1
1,0,0,0,1
1,0,0,0,1
1,1,0,0,2
1,0,0,0,1
1,0,0,0,1
1,0,0,0,1
1,0,0,0,1
1,0,0,0,1
1,0,0,0,1
2,0,0,0,2
1,2,0,0,3
1,0,0,0,1
1,0,0,0,1
1,0,0,0,1
1,0,0,0,1
1,0,0,0,1
1,0,0,0,1
1,0,0,0,1
1,0,0,0,1
1,0,0,0,1
1,0,0,0,1
1,0,0,0,1
1,0,0,0,1
1,0,0,0,1
1,0,0,0,1
1,0,0,0,1
1,0,0,0,1
1,0,0,0,1
1,0,0,0,1
1,0,0,0,1
2,0,0,0,2
1,0,0,0,1
1,0,0,0,1
1,3,0,0,4
1,0,0,0,1
1,0,0,0,1
1,0,0,0,1
1,0,0,0,1
1,0,0,0,1
1,0,0,0,1
1,0,0,0,1
1,0,0,0,1
1,0,0,0,1
1,0,0,0,1
1,0,0,0,1
1,0,0,0,1
1,0,0,0,1
1,0,0,0,1
1,0,0,0,1
1,0,0,0,1
1,0,0,0,1
1,0,0,0,1
1,0,0,0,1
1,0,0,0,1
1,0,0,0,1
1,0,0,0,1
1,0,0,0,1
1,0,0,0,1
1,0,0,0,1
1,0,0,0,1
1,0,0,0,1
1,0,0,0,1
1,0,0,0,1
1,0,0,0,1
1,0,0,0,1
1,0,0,0,1
1,0,0,0,1
1,0,0,0,1
1,0,0,0,1
1,0,0,0,1
1,0,0,0,1
1,0,0,0,1
1,0,0,0,1
1,0,0,0,1
1,0,0,0,1
1,0,0,0,1
1,0,0,0,1
1,0,0,0,1
1,0,0,0,1
1,0,0,0,1
1,0,0,0,1
1,0,0,0,1
1,0,0,0,1
1,0,0,0,1
1,0,0,0,1
1,0,0,0,1
1,0,0,0,1
1,0,0,0,1
1,0,0,0,1
1,0,0,0,1
1,0,0,0,1
1,0,0,0,1
1,0,0,0,1
1,0,0,0,1
1,0,0,0,1
1,0,0,0,1
1,0,0,0,1
1,0,0,0,1
1,0,0,0,1
1,0,0,0,1
1,0,0,0,1
1,0,0,0,1
1,0,0,0,1
1,0,0,0,1
1,0,0,0,1
1,0,0,0,1
1,0,0,0,1
2,0,0,0,2
1,0,0,0,1
1,0,0,0,1
1,0,0,0,1
1,0,0,0,1
1,0,0,0,1
1,0,0,0,1
1,0,0,0,1
1,0,0,0,1
1,0,1,0,2
1,0,0,0,1
1,0,0,0,1
1,0,0,0,1
1,0,0,0,1
1,0,0,0,1
1,0,0,0,1
1,0,0,0,1
1,0,0,0,1
1,0,0,0,1
1,0,0,0,1
1,0,0,0,1
1,0,0,0,1
1,0,0,0,1
1,0,0,0,1
1,0,0,0,1
1,0,0,0,1
1,0,0,0,1
1,0,0,0,1
1,0,0,0,1
1,0,0,0,1
1,0,0,0,1
1,0,0,0,1
1,0,0,0,1
1,0,0,0,1
1,0,0,0,1
1,0,0,0,1
1,0,0,0,1
1,0,0,0,1
1,0,0,0,1
1,0,0,0,1
1,0,0,0,1
1,0,0,0,1
1,0,0,0,1
1,0,0,0,1
1,0,0,0,1
1,0,0,0,1
1,0,0,0,1
1,0,0,0,1
1,0,0,0,1
1,0,0,0,1
1,0,0,0,1
1,0,0,0,1
1,0,0,0,1
1,0,0,0,1
1,0,0,0,1
1,0,0,0,1
1,0,0,0,1
1,0,0,0,1
1,0,0,0,1
1,0,0,0,1
1,0,0,0,1
1,0,0,0,1
1,0,0,0,1
1,0,0,0,1
1,0,0,0,1
1,0,0,0,1
1,0,0,0,1
1,0,0,0,1
1,0,0,0,1
1,0,0,0,1
1,0,0,0,1
1,0,0,0,1
1,0,0,0,1
1,0,0,0,1
1,0,0,0,1
1,0,0,0,1
1,0,0,0,1
1,0,0,0,1
1,0,0,0,1
1,0,0,0,1
1,0,0,0,1
1,0,0,0,1
1,0,0,0,1
1,0,0,0,1
1,0,0,0,1
1,0,0,0,1
1,0,0,0,1
1,0,0,0,1
1,0,0,0,1
1,0,0,0,1
1,0,0,0,1
1,0,0,0,1
1,0,0,0,1
1,0,0,0,1
1,0,0,0,1
1,0,0,0,1
1,0,0,0,1
1,0,0,0,1
1,0,0,0,1
1,0,0,0,1
1,0,0,0,1
1,0,0,0,1
1,0,0,0,1
1,0,0,0,1
1,0,0,0,1
1,0,0,0,1
1,0,0,0,1
1,0,0,0,1
1,0,0,0,1
1,0,0,0,1
1,3,0,0,4
1,0,0,0,1
1,0,0,0,1
1,0,0,0,1
1,0,0,0,1
1,0,0,0,1
1,0,0,0,1
1,0,0,0,1
1,0,0,0,1
1,0,0,0,1
1,0,0,0,1
1,0,0,0,1
1,0,0,0,1
1,0,0,0,1
1,0,0,0,1
1,0,0,0,1
1,0,0,0,1
1,0,0,0,1
1,0,0,0,1
1,0,0,0,1
1,0,0,0,1
1,0,0,0,1
1,0,0,0,1
1,0,0,0,1
1,0,0,0,1
1,0,0,0,1
1,0,0,0,1
1,0,0,0,1
1,0,0,0,1
1,0,0,0,1
1,0,0,0,1
1,0,0,0,1
1,0,0,0,1
1,0,0,0,1
1,0,0,0,1
1,0,0,0,1
1,0,0,0,1
1,0,0,0,1
1,0,0,0,1
1,0,0,0,1
1,0,0,0,1
1,0,0,0,1
1,0,0,0,1
1,0,0,0,1
1,0,0,0,1
1,0,0,0,1
1,0,0,0,1
1,0,0,0,1
1,0,0,0,1
1,0,0,0,1
1,0,0,0,1
1,0,0,0,1
1,0,0,0,1
1,0,0,0,1
1,0,0,0,1
1,0,0,0,1
1,0,0,0,1
1,0,0,0,1
1,0,0,0,1
1,0,0,0,1
1,0,0,0,1
1,0,0,0,1
1,0,0,0,1
1,0,0,0,1
1,0,0,0,1
1,0,0,0,1
1,0,0,0,1
1,0,0,0,1
1,0,0,0,1
1,0,0,0,1
1,0,0,0,1
1,0,0,0,1
1,0,0,0,1
1,0,0,0,1
1,0,0,0,1
1,1,1,0,3
1,0,0,0,1
1,0,0,0,1
1,0,0,0,1
1,0,0,0,1
1,0,0,0,1
1,0,0,0,1
2,0,0,0,2
1,0,0,0,1
2,0,0,0,2
1,0,0,0,1
1,0,0,0,1
1,0,0,0,1
1,0,0,0,1
1,0,0,0,1
1,0,0,0,1
1,0,0,0,1
1,0,0,0,1
1,0,0,0,1
1,0,0,0,1
1,0,0,0,1
1,0,0,0,1
1,0,0,0,1
1,0,0,0,1
1,0,0,0,1
1,0,0,0,1
1,0,0,0,1
1,0,0,0,1
1,0,0,0,1
1,0,0,0,1
1,0,0,0,1
1,0,0,0,1
1,0,0,0,1
1,0,0,0,1
1,0,0,0,1
1,0,0,0,1
1,0,0,0,1
1,0,0,0,1
1,0,0,0,1
1,0,0,0,1
1,0,0,0,1
1,0,0,0,1
1,0,0,0,1
1,0,0,0,1
1,0,0,0,1
1,0,0,0,1
1,0,0,0,1
1,0,0,0,1
1,0,0,0,1
1,3,0,0,4
1,0,0,0,1
1,0,0,0,1
1,0,0,0,1
1,0,0,0,1
1,0,0,0,1
1,0,0,0,1
1,0,0,0,1
1,0,0,0,1
1,0,0,0,1
1,0,0,0,1
1,0,0,0,1
1,0,0,0,1
1,2,0,0,3
1,0,0,0,1
1,0,0,0,1
1,0,0,0,1
1,0,0,0,1
1,0,0,0,1
1,0,0,0,1
1,0,0,0,1
1,0,0,0,1
1,0,0,0,1
1,0,0,0,1
1,0,0,0,1
1,0,0,0,1
1,0,0,0,1
1,0,0,0,1
1,0,0,0,1
1,0,0,0,1
1,0,0,0,1
1,0,0,0,1
1,0,0,0,1
1,0,0,0,1
1,0,0,0,1
1,0,0,0,1
1,0,0,0,1
1,0,0,0,1
1,0,0,0,1
1,0,0,0,1
1,0,0,0,1
1,0,0,0,1
1,0,0,0,1
1,0,0,0,1
1,0,0,0,1
1,0,0,0,1
1,0,0,0,1
1,0,0,0,1
1,0,0,0,1
1,0,0,0,1
1,0,0,0,1
1,0,0,0,1
1,16,2,0,19
1,0,0,0,1
1,0,0,0,1
1,0,0,0,1
1,0,0,0,1
1,0,0,0,1
1,0,0,0,1
1,0,0,0,1
1,0,0,0,1
1,0,0,0,1
1,0,0,0,1
1,0,0,0,1
1,0,0,0,1
1,0,0,0,1
1,0,0,0,1
1,0,0,0,1
1,0,0,0,1
1,0,0,0,1
1,0,0,0,1
1,0,0,0,1
1,0,0,0,1
1,0,0,0,1
1,0,0,0,1
1,0,0,0,1
1,0,0,0,1
1,0,0,0,1
1,0,0,0,1
1,0,0,0,1
1,0,0,0,1
1,0,0,0,1
1,0,0,0,1
1,0,0,0,1
1,0,0,0,1
1,0,0,0,1
1,0,0,0,1
1,0,0,0,1
1,1,1,0,3
1,0,0,0,1
1,0,0,0,1
1,0,0,0,1
1,0,0,0,1
1,0,0,0,1
1,0,0,0,1
1,0,0,0,1
1,0,0,0,1
1,0,0,0,1
1,0,0,0,1
1,0,0,0,1
1,0,0,0,1
1,0,0,0,1
1,0,0,0,1
1,0,0,0,1
1,0,0,0,1
1,0,0,0,1
1,0,0,0,1
1,0,0,0,1
1,0,0,0,1
1,0,0,0,1
1,0,0,0,1
1,0,0,0,1
1,0,0,0,1
1,0,0,0,1
1,0,0,0,1
1,0,0,0,1
1,0,0,0,1
1,0,0,0,1
1,0,0,0,1
1,0,0,0,1
1,0,0,0,1
1,0,0,0,1
1,0,0,0,1
1,0,0,0,1
1,0,0,0,1
1,0,0,0,1
1,0,0,0,1
1,0,0,0,1
1,0,0,0,1
1,0,0,0,1
1,0,0,0,1
1,0,0,0,1
1,0,0,0,1
1,0,0,0,1
1,0,0,0,1
1,0,0,0,1
1,0,0,0,1
1,0,0,0,1
1,0,0,0,1
1,0,0,0,1
1,0,0,0,1
1,0,0,0,1
1,0,0,0,1
1,0,0,0,1
1,0,0,0,1
1,0,0,0,1
1,0,0,0,1
1,0,0,0,1
1,0,0,0,1
1,0,0,0,1
1,0,0,0,1
1,0,0,0,1
1,0,0,0,1
1,0,0,0,1
1,0,0,0,1
1,0,0,0,1
1,0,0,0,1
1,0,0,0,1
1,0,0,0,1
1,0,0,0,1
1,0,0,0,1
1,0,0,0,1
1,0,0,0,1
1,0,0,0,1
1,0,0,0,1
1,0,0,0,1
1,0,0,0,1
1,0,0,0,1
1,2,1,0,4
1,0,0,0,1
1,0,0,0,1
1,0,0,0,1
1,0,0,0,1
1,0,0,0,1
2,0,0,0,2
1,0,0,0,1
1,0,0,0,1
1,0,0,0,1
1,0,0,0,1
1,0,0,0,1
1,0,0,0,1
1,0,0,0,1
1,0,0,0,1
1,0,0,0,1
1,0,0,0,1
1,0,0,0,1
1,0,0,0,1
1,0,0,0,1
1,11,0,0,12
1,0,0,0,1
1,0,0,0,1
1,0,0,0,1
1,0,0,0,1
1,0,0,0,1
1,0,0,0,1
1,0,0,0,1
1,0,0,0,1
1,0,0,0,1
1,0,0,0,1
1,0,0,0,1
1,0,0,0,1
1,0,0,0,1
1,0,0,0,1
1,0,0,0,1
1,0,0,0,1
1,0,0,0,1
1,0,0,0,1
1,0,0,0,1
1,0,0,0,1
1,0,0,0,1
1,0,0,0,1
1,0,0,0,1
1,0,0,0,1
1,0,0,0,1
1,0,0,0,1
1,0,0,0,1
1,0,0,0,1
1,0,0,0,1
1,0,0,0,1
1,0,0,0,1
1,0,0,0,1
1,0,0,0,1
1,2,0,0,3
1,0,0,0,1
1,0,0,0,1
1,0,0,0,1
1,6,0,0,7
1,0,0,0,1
1,0,0,0,1
1,0,0,0,1
1,0,0,0,1
1,0,0,0,1
1,0,0,0,1
1,0,0,0,1
1,0,0,0,1
1,0,0,0,1
1,0,0,0,1
1,0,0,0,1
1,0,0,0,1
1,0,0,0,1
1,0,0,0,1
1,0,0,0,1
1,0,0,0,1
1,0,0,0,1
1,0,0,0,1
1,0,0,0,1
1,0,0,0,1
1,0,0,0,1
1,0,0,0,1
1,0,0,0,1
1,0,0,0,1
1,0,0,0,1
1,0,0,0,1
1,0,0,0,1
1,0,0,0,1
1,0,0,0,1
1,0,0,0,1
1,0,0,0,1
1,0,0,0,1
1,0,0,0,1
1,0,0,0,1
1,0,0,0,1
1,0,0,0,1
1,0,0,0,1
1,0,0,0,1
1,0,0,0,1
1,0,0,0,1
1,0,0,0,1
1,0,0,0,1
1,0,0,0,1
1,0,0,0,1
1,0,0,0,1
1,0,0,0,1
1,0,0,0,1
1,0,0,0,1
1,0,0,0,1
1,0,0,0,1
1,0,0,0,1
1,0,0,0,1
1,0,0,0,1
1,29,0,0,30
1,0,0,0,1
1,0,0,0,1
1,0,0,0,1
1,0,0,0,1
1,0,0,0,1
1,0,0,0,1
1,0,0,0,1
1,0,0,0,1
1,0,0,0,1
1,0,0,0,1
1,0,0,0,1
1,0,0,0,1
1,0,0,0,1
1,0,0,0,1
1,0,0,0,1
1,0,0,0,1
1,0,0,0,1
1,0,0,0,1
1,0,0,0,1
1,0,0,0,1
1,0,0,0,1
1,0,0,0,1
1,0,0,0,1
1,0,0,0,1
1,0,0,0,1
1,0,0,0,1
1,0,0,0,1
1,0,0,0,1
1,0,0,0,1
1,0,0,0,1
1,0,0,0,1
1,0,0,0,1
1,0,0,0,1
1,0,0,0,1
1,0,0,0,1
1,0,0,0,1
1,0,0,0,1
1,2,0,0,3
1,0,0,0,1
1,0,0,0,1
1,0,0,0,1
1,0,0,0,1
1,0,0,0,1
1,0,0,0,1
1,0,0,0,1
1,0,0,0,1
1,1,0,0,2
1,0,0,0,1
1,0,0,0,1
1,0,0,0,1
1,0,0,0,1
1,0,0,0,1
1,0,0,0,1
1,0,0,0,1
1,0,0,0,1
1,0,0,0,1
1,0,0,0,1
1,0,0,0,1
1,0,0,0,1
1,0,0,0,1
1,0,0,0,1
1,0,0,0,1
1,0,0,0,1
1,0,0,0,1
1,0,0,0,1
1,0,0,0,1
1,0,0,0,1
1,0,0,0,1
1,0,0,0,1
1,0,0,0,1
1,0,0,0,1
1,0,0,0,1
1,0,0,0,1
1,2,0,0,3
1,0,0,0,1
1,0,0,0,1
1,0,0,0,1
1,0,0,0,1
1,0,0,0,1
1,0,0,0,1
1,0,0,0,1
1,0,0,0,1
1,0,0,0,1
1,0,0,0,1
1,2,2,0,5
1,0,0,0,1
1,0,0,0,1
1,0,0,0,1
1,0,0,0,1
1,0,0,0,1
1,0,0,0,1
1,0,0,0,1
1,0,0,0,1
1,0,0,0,1
1,0,0,0,1
1,0,0,0,1
1,0,0,0,1
1,0,0,0,1
1,0,0,0,1
1,0,0,0,1
1,0,0,0,1
1,0,0,0,1
1,0,0,0,1
1,0,0,0,1
1,0,0,0,1
1,0,0,0,1
1,0,0,0,1
1,0,0,0,1
1,0,0,0,1
1,0,0,0,1
1,0,0,0,1
1,0,0,0,1
1,0,0,0,1
1,0,0,0,1
1,0,0,0,1
1,0,0,0,1
1,0,0,0,1
1,0,0,0,1
1,0,0,0,1
1,0,0,0,1
1,0,0,0,1
1,0,0,0,1
1,0,0,0,1
1,0,0,0,1
1,0,0,0,1
1,0,0,0,1
1,0,0,0,1
1,0,0,0,1
1,0,0,0,1
1,0,0,0,1
1,0,0,0,1
1,0,0,0,1
1,0,0,0,1
1,0,0,0,1
1,0,0,0,1
1,0,0,0,1
1,0,0,0,1
1,0,0,0,1
1,0,0,0,1
1,0,0,0,1
1,0,0,0,1
1,0,0,0,1
1,0,0,0,1
1,0,0,0,1
1,0,0,0,1
1,0,0,0,1
1,0,0,0,1
1,0,0,0,1
1,0,0,0,1
1,0,0,0,1
1,0,0,0,1
1,0,0,0,1
1,0,0,0,1
1,0,0,0,1
1,0,0,0,1
1,0,0,0,1
1,0,0,0,1
1,0,0,0,1
1,0,0,0,1
2,0,0,0,2
1,0,0,0,1
1,0,0,0,1
1,0,0,0,1
1,0,0,0,1
1,0,0,0,1
1,2,0,0,3
1,0,0,0,1
1,1,0,0,2
1,0,0,0,1
1,0,0,0,1
1,0,0,0,1
1,0,0,0,1
1,0,0,0,1
1,0,0,0,1
1,0,0,0,1
1,0,0,0,1
1,0,0,0,1
1,0,0,0,1
1,0,0,0,1
1,0,0,0,1
1,0,0,0,1
1,0,0,0,1
1,0,0,0,1
1,0,0,0,1
1,0,0,0,1
1,0,0,0,1
1,2,0,0,3
1,0,0,0,1
1,0,0,0,1
1,0,0,0,1
1,0,0,0,1
1,0,0,0,1
1,0,0,0,1
1,0,0,0,1
1,0,0,0,1
1,0,0,0,1
1,0,0,0,1
1,0,0,0,1
1,0,0,0,1
1,0,0,0,1
1,0,0,0,1
1,0,0,0,1
1,0,0,0,1
1,0,0,0,1
1,0,0,0,1
1,0,0,0,1
1,0,0,0,1
1,0,0,0,1
1,1,1,0,3
1,0,0,0,1
1,1,0,0,2
1,0,0,0,1
1,0,0,0,1
1,0,0,0,1
1,0,0,0,1
1,0,0,0,1
1,0,0,0,1
1,0,0,0,1
1,0,0,0,1
1,0,0,0,1
1,0,0,0,1
1,0,0,0,1
1,0,0,0,1
1,0,0,0,1
1,0,0,0,1
1,0,0,0,1
1,0,0,0,1
1,0,0,0,1
1,0,0,0,1
1,0,0,0,1
1,0,0,0,1
1,0,0,0,1
1,0,0,0,1
1,0,0,0,1
1,0,0,0,1
1,0,0,0,1
1,0,0,0,1
1,0,0,0,1
1,0,0,0,1
1,0,0,0,1
1,0,0,0,1
1,0,0,0,1
1,0,0,0,1
1,0,0,0,1
1,0,0,0,1
1,0,0,0,1
1,0,0,0,1
1,0,0,0,1
1,0,0,0,1
1,0,0,0,1
1,0,0,0,1
1,0,0,0,1
1,0,0,0,1
1,0,0,0,1
1,0,0,0,1
1,0,0,0,1
1,0,0,0,1
1,0,0,0,1
1,0,0,0,1
2,0,0,0,2
1,0,0,0,1
1,0,0,0,1
1,0,0,0,1
1,0,0,0,1
1,0,0,0,1
1,0,0,0,1
1,0,0,0,1
1,0,0,0,1
1,0,0,0,1
1,0,0,0,1
1,0,0,0,1
1,0,0,0,1
1,0,0,0,1
1,0,0,0,1
1,45,0,0,46
1,0,0,0,1
1,0,0,0,1
1,0,0,0,1
1,0,0,0,1
1,0,0,0,1
1,0,0,0,1
1,0,0,0,1
1,0,0,0,1
1,0,0,0,1
1,0,0,0,1
1,0,0,0,1
1,0,0,0,1
1,0,0,0,1
1,0,0,0,1
1,0,0,0,1
1,0,0,0,1
1,0,0,0,1
1,0,0,0,1
1,0,0,0,1
1,0,0,0,1
1,0,0,0,1
1,0,0,0,1
1,0,0,0,1
1,0,0,0,1
1,0,0,0,1
1,0,0,0,1
1,0,0,0,1
1,0,0,0,1
1,0,0,0,1
1,8,0,0,9
1,0,0,0,1
1,0,0,0,1
1,0,0,0,1
1,0,0,0,1
1,0,0,0,1
1,0,0,0,1
1,0,0,0,1
1,0,0,0,1
1,0,0,0,1
1,0,0,0,1
1,0,0,0,1
1,0,0,0,1
1,0,0,0,1
1,0,0,0,1
1,0,0,0,1
1,0,0,0,1
1,0,0,0,1
1,0,0,0,1
1,0,0,0,1
1,0,0,0,1
1,0,0,0,1
1,0,0,0,1
1,0,0,0,1
1,0,0,0,1
1,0,0,0,1
1,0,0,0,1
1,0,0,0,1
1,0,0,0,1
1,0,0,0,1
1,0,0,0,1
1,0,0,0,1
1,0,0,0,1
1,0,0,0,1
1,0,0,0,1
1,0,0,0,1
1,0,0,0,1
1,0,0,0,1
1,0,0,0,1
1,0,0,0,1
1,0,0,0,1
1,0,0,0,1
1,0,0,0,1
1,0,0,0,1
1,0,0,0,1
1,0,0,0,1
1,0,0,0,1
1,0,0,0,1
1,0,0,0,1
1,0,0,0,1
1,2,0,0,3
1,0,0,0,1
1,0,0,0,1
1,0,0,0,1
1,0,0,0,1
1,0,0,0,1
1,0,0,0,1
1,0,0,0,1
1,0,0,0,1
1,0,0,0,1
1,0,0,0,1
1,0,0,0,1
1,0,0,0,1
1,0,0,0,1
1,0,0,0,1
1,0,0,0,1
1,4,0,0,5
1,0,0,0,1
1,0,0,0,1
1,0,0,0,1
1,0,0,0,1
1,0,0,0,1
1,0,0,0,1
1,0,0,0,1
1,0,0,0,1
1,0,0,0,1
1,0,0,0,1
1,0,0,0,1
1,0,0,0,1
1,0,0,0,1
1,0,0,0,1
1,2,0,0,3
1,0,0,0,1
1,0,0,0,1
1,0,0,0,1
1,0,0,0,1
1,0,0,0,1
1,0,0,0,1
1,2,0,0,3
1,0,0,0,1
1,0,0,0,1
1,0,0,0,1
1,0,0,0,1
1,0,0,0,1
1,0,0,0,1
1,0,0,0,1
1,0,0,0,1
1,0,0,0,1
1,0,0,0,1
1,5,0,0,6
1,0,0,0,1
1,0,0,0,1
2,0,0,0,2
1,0,0,0,1
1,0,0,0,1
1,0,0,0,1
1,0,0,0,1
1,0,0,0,1
1,0,0,0,1
1,0,0,0,1
1,0,0,0,1
1,0,0,0,1
1,0,0,0,1
1,0,0,0,1
1,0,0,0,1
1,0,0,0,1
1,0,0,0,1
1,0,0,0,1
1,0,0,0,1
1,0,0,0,1
1,0,0,0,1
1,0,0,0,1
1,0,0,0,1
1,0,0,0,1
1,0,0,0,1
1,0,0,0,1
1,0,0,0,1
1,0,0,0,1
1,0,0,0,1
1,0,0,0,1
1,0,0,0,1
1,0,0,0,1
1,0,0,0,1
1,0,0,0,1
1,0,0,0,1
1,0,0,0,1
1,0,0,0,1
1,0,0,0,1
1,0,0,0,1
1,0,0,0,1
1,0,0,0,1
1,0,0,0,1
1,0,0,0,1
1,0,0,0,1
1,0,0,0,1
1,0,0,0,1
1,0,0,0,1
1,0,0,0,1
1,0,0,0,1
1,0,0,0,1
1,0,0,0,1
1,0,0,0,1
1,0,0,0,1
1,0,0,0,1
1,0,0,0,1
1,0,0,0,1
1,0,0,0,1
1,0,0,0,1
1,0,0,0,1
1,0,0,0,1
1,0,0,0,1
1,0,0,0,1
1,0,0,0,1
1,0,0,0,1
1,0,0,0,1
1,0,0,0,1
1,0,0,0,1
1,0,0,0,1
1,0,0,0,1
1,0,0,0,1
1,0,0,0,1
1,0,0,0,1
1,0,0,0,1
1,0,0,0,1
1,0,0,0,1
1,0,0,0,1
1,0,0,0,1
1,0,0,0,1
1,0,0,0,1
1,0,0,0,1
1,0,0,0,1
1,0,0,0,1
1,0,0,0,1
1,0,0,0,1
1,0,0,0,1
1,0,0,0,1
1,0,0,0,1
1,0,0,0,1
1,0,0,0,1
1,0,0,0,1
1,0,0,0,1
1,0,0,0,1
1,0,0,0,1
1,0,0,0,1
1,0,0,0,1
1,0,0,0,1
1,1,0,0,2
1,0,0,0,1
1,0,0,0,1
1,0,0,0,1
1,0,0,0,1
1,0,0,0,1
1,0,0,0,1
1,0,0,0,1
1,0,0,0,1
1,0,0,0,1
1,0,0,0,1
1,0,0,0,1
1,0,0,0,1
1,0,0,0,1
1,0,0,0,1
1,0,0,0,1
1,0,0,0,1
1,0,0,0,1
1,0,0,0,1
1,0,0,0,1
1,0,0,0,1
1,0,0,0,1
1,0,0,0,1
1,0,0,0,1
1,0,0,0,1
1,0,0,0,1
1,0,0,0,1
1,0,0,0,1
1,0,0,0,1
1,0,0,0,1
1,0,0,0,1
1,0,0,0,1
1,0,0,0,1
1,0,0,0,1
1,0,0,0,1
1,0,0,0,1
1,0,0,0,1
1,0,0,0,1
1,0,0,0,1
1,0,0,0,1
1,0,0,0,1
1,0,0,0,1
1,0,0,0,1
1,0,0,0,1
1,0,0,0,1
1,0,0,0,1
1,0,0,0,1
1,0,0,0,1
1,0,0,0,1
1,0,0,0,1
1,0,0,0,1
1,0,0,0,1
1,0,0,0,1
1,0,0,0,1
1,0,0,0,1
1,0,0,0,1
1,0,0,0,1
1,0,0,0,1
1,0,0,0,1
1,0,0,0,1
1,0,0,0,1
1,0,0,0,1
1,0,0,0,1
1,0,0,0,1
1,0,0,0,1
1,0,0,0,1
1,0,0,0,1
1,0,0,0,1
1,0,0,0,1
1,0,0,0,1
1,0,0,0,1
1,0,0,0,1
1,0,0,0,1
1,0,0,0,1
1,0,0,0,1
1,0,0,0,1
1,0,0,0,1
1,0,0,0,1
1,0,0,0,1
1,0,0,0,1
1,0,0,0,1
1,0,0,0,1
1,1,0,0,2
1,0,0,0,1
1,0,0,0,1
1,0,0,0,1
1,0,0,0,1
1,0,0,0,1
1,0,0,0,1
1,2,0,0,3
1,0,0,0,1
1,0,0,0,1
1,0,0,0,1
1,0,0,0,1
1,0,0,0,1
1,0,0,0,1
1,0,0,0,1
1,0,0,0,1
1,0,0,0,1
1,0,0,0,1
1,0,0,0,1
1,0,0,0,1
1,0,0,0,1
1,0,0,0,1
1,0,0,0,1
1,0,0,0,1
1,0,0,0,1
1,0,0,0,1
1,0,0,0,1
1,5,1,0,7
1,0,0,0,1
1,0,0,0,1
1,0,0,0,1
1,0,0,0,1
1,6,0,0,7
1,0,0,0,1
1,0,0,0,1
1,0,0,0,1
1,0,0,0,1
1,3,0,0,4
1,0,0,0,1
1,0,0,0,1
1,0,0,0,1
1,0,0,0,1
1,0,0,0,1
1,0,0,0,1
1,0,0,0,1
1,0,0,0,1
1,0,0,0,1
1,0,0,0,1
1,0,0,0,1
1,0,0,0,1
1,0,0,0,1
1,0,0,0,1
1,0,0,0,1
1,0,0,0,1
1,0,0,0,1
1,0,0,0,1
1,0,0,0,1
1,0,0,0,1
1,0,0,0,1
1,0,0,0,1
1,0,0,0,1
2,0,0,0,2
1,0,0,0,1
1,0,0,0,1
1,0,0,0,1
1,0,0,0,1
1,0,0,0,1
1,0,0,0,1
1,0,0,0,1
1,0,0,0,1
1,0,0,0,1
1,0,0,0,1
1,0,0,0,1
1,0,0,0,1
1,0,0,0,1
1,0,0,0,1
1,0,0,0,1
1,0,0,0,1
1,0,0,0,1
1,0,0,0,1
1,0,0,0,1
1,0,0,0,1
1,0,0,0,1
1,0,0,0,1
1,0,0,0,1
1,0,0,0,1
1,0,0,0,1
1,0,0,0,1
1,0,0,0,1
1,0,0,0,1
1,0,0,0,1
1,0,0,0,1
1,0,0,0,1
1,0,0,0,1
1,0,0,0,1
1,0,0,0,1
1,0,0,0,1
1,0,0,0,1
1,0,0,0,1
1,0,0,0,1
1,0,0,0,1
1,0,0,0,1
1,0,0,0,1
1,0,0,0,1
1,0,0,0,1
1,0,0,0,1
1,0,0,0,1
1,0,0,0,1
1,0,0,0,1
1,0,0,0,1
1,0,0,0,1
1,0,0,0,1
1,0,0,0,1
1,0,0,0,1
1,0,0,0,1
1,0,0,0,1
1,0,0,0,1
1,1,1,0,3
1,0,0,0,1
1,0,0,0,1
1,0,0,0,1
1,0,0,0,1
1,0,0,0,1
1,0,0,0,1
1,0,0,0,1
1,0,0,0,1
1,0,0,0,1
1,0,0,0,1
1,0,0,0,1
1,0,0,0,1
1,0,0,0,1
1,0,0,0,1
1,0,0,0,1
1,0,0,0,1
1,0,0,0,1
1,0,0,0,1
1,0,0,0,1
1,0,0,0,1
1,0,0,0,1
1,0,0,0,1
1,0,0,0,1
1,0,0,0,1
1,0,0,0,1
1,0,0,0,1
1,0,0,0,1
1,0,0,0,1
1,0,0,0,1
1,0,0,0,1
1,0,0,0,1
1,0,0,0,1
1,0,0,0,1
1,0,0,0,1
1,0,0,0,1
1,0,0,0,1
1,8,0,0,9
1,0,0,0,1
1,0,0,0,1
1,0,0,0,1
1,0,0,0,1
2,0,0,0,2
1,0,0,0,1
1,0,0,0,1
1,0,0,0,1
1,0,0,0,1
1,0,0,0,1
1,0,0,0,1
1,0,0,0,1
1,0,0,0,1
1,0,0,0,1
1,0,0,0,1
1,0,0,0,1
1,0,0,0,1
1,0,0,0,1
1,0,0,0,1
1,0,0,0,1
1,0,0,0,1
1,0,0,0,1
1,0,0,0,1
1,0,0,0,1
1,0,0,0,1
1,0,0,0,1
1,0,0,0,1
1,0,0,0,1
1,0,0,0,1
1,0,0,0,1
1,0,0,0,1
1,0,0,0,1
1,0,0,0,1
1,0,0,0,1
1,0,0,0,1
1,0,0,0,1
1,0,0,0,1
1,0,0,0,1
1,0,0,0,1
1,0,0,0,1
1,0,0,0,1
1,0,0,0,1
1,0,0,0,1
1,0,0,0,1
1,0,0,0,1
1,0,0,0,1
1,0,0,0,1
1,0,0,0,1
1,5,0,0,6
1,0,0,0,1
1,0,0,0,1
1,0,0,0,1
1,0,0,0,1
1,0,0,0,1
1,0,0,0,1
1,0,0,0,1
1,0,0,0,1
1,0,0,0,1
1,0,0,0,1
1,0,0,0,1
1,0,0,0,1
1,0,0,0,1
1,0,0,0,1
1,0,0,0,1
1,0,0,0,1
1,0,0,0,1
1,0,0,0,1
1,0,0,0,1
1,0,0,0,1
1,0,0,0,1
1,0,0,0,1
1,0,0,0,1
1,0,0,0,1
1,0,0,0,1
1,0,0,0,1
1,0,0,0,1
1,0,0,0,1
1,0,0,0,1
1,0,0,0,1
1,0,0,0,1
1,0,0,0,1
2,0,0,0,2
1,0,0,0,1
1,0,0,0,1
1,0,0,0,1
1,0,0,0,1
1,0,0,0,1
1,0,0,0,1
1,0,0,0,1
1,0,0,0,1
1,0,0,0,1
1,0,0,0,1
1,0,0,0,1
1,0,0,0,1
1,0,0,0,1
1,0,0,0,1
1,0,0,0,1
1,0,0,0,1
1,0,0,0,1
1,0,0,0,1
1,0,0,0,1
1,0,0,0,1
1,1,0,0,2
1,0,0,0,1
1,0,0,0,1
1,0,0,0,1
1,0,0,0,1
1,0,0,0,1
1,0,0,0,1
1,0,0,0,1
1,0,0,0,1
1,0,0,0,1
1,0,0,0,1
1,0,0,0,1
1,0,0,0,1
1,0,0,0,1
1,0,0,0,1
1,0,0,0,1
1,0,0,0,1
1,0,0,0,1
1,0,0,0,1
1,0,0,0,1
1,0,0,0,1
1,0,0,0,1
1,0,0,0,1
1,0,0,0,1
1,0,0,0,1
1,0,0,0,1
1,0,0,0,1
1,0,0,0,1
1,0,0,0,1
1,0,0,0,1
1,0,0,0,1
1,0,0,0,1
1,0,0,0,1
1,0,0,0,1
1,5,0,0,6
1,0,0,0,1
1,0,0,0,1
1,0,0,0,1
1,0,0,0,1
1,0,0,0,1
1,0,0,0,1
1,0,0,0,1
1,0,0,0,1
1,0,0,0,1
1,0,0,0,1
1,0,0,0,1
1,0,0,0,1
1,0,0,0,1
1,0,0,0,1
1,0,0,0,1
1,0,0,0,1
1,0,0,0,1
1,0,0,0,1
1,0,0,0,1
1,0,0,0,1
1,0,0,0,1
1,0,0,0,1
1,0,0,0,1
1,0,0,0,1
1,0,0,0,1
1,0,0,0,1
1,0,0,0,1
1,5,0,0,6
1,0,0,0,1
1,0,0,0,1
1,0,0,0,1
1,0,0,0,1
1,0,0,0,1
1,0,0,0,1
1,0,0,0,1
1,0,0,0,1
1,0,0,0,1
1,0,0,0,1
1,0,0,0,1
1,0,0,0,1
1,0,0,0,1
1,0,0,0,1
1,0,0,0,1
1,0,0,0,1
1,0,0,0,1
1,0,0,0,1
1,0,0,0,1
1,0,0,0,1
1,0,0,0,1
1,0,0,0,1
1,0,0,0,1
1,0,0,0,1
1,0,0,0,1
1,0,0,0,1
1,0,0,0,1
1,0,0,0,1
1,0,0,0,1
1,0,0,0,1
1,0,0,0,1
1,0,0,0,1
1,0,0,0,1
1,0,0,0,1
1,0,0,0,1
1,0,0,0,1
1,0,0,0,1
1,0,0,0,1
1,0,0,0,1
1,0,0,0,1
1,0,0,0,1
1,0,0,0,1
1,0,0,0,1
1,0,0,0,1
1,0,0,0,1
1,0,0,0,1
1,0,0,0,1
2,0,0,0,2
1,0,0,0,1
1,0,0,0,1
1,0,0,0,1
1,0,0,0,1
1,0,0,0,1
1,0,0,0,1
1,0,0,0,1
1,0,0,0,1
1,0,0,0,1
1,0,0,0,1
1,0,0,0,1
1,0,0,0,1
1,0,0,0,1
1,2,0,0,3
1,0,0,0,1
1,0,0,0,1
1,0,0,0,1
1,0,0,0,1
1,0,0,0,1
1,0,0,0,1
1,0,0,0,1
1,0,0,0,1
1,0,0,0,1
1,0,0,0,1
1,0,0,0,1
1,0,0,0,1
1,0,0,0,1
1,3,0,0,4
1,0,0,0,1
1,9,0,0,10
1,0,0,0,1
1,0,0,0,1
1,0,0,0,1
1,0,0,0,1
1,0,0,0,1
1,0,0,0,1
1,0,0,0,1
1,0,0,0,1
1,0,0,0,1
1,0,0,0,1
1,0,0,0,1
1,0,0,0,1
1,2,0,0,3
1,0,0,0,1
1,0,0,0,1
1,1,0,0,2
1,0,0,0,1
1,0,0,0,1
1,0,0,0,1
1,0,0,0,1
1,0,0,0,1
1,0,0,0,1
1,0,0,0,1
1,0,0,0,1
1,0,0,0,1
1,0,0,0,1
1,0,0,0,1
1,0,0,0,1
1,0,0,0,1
1,0,0,0,1
1,0,0,0,1
1,0,0,0,1
1,0,0,0,1
1,0,0,0,1
1,0,0,0,1
1,0,0,0,1
1,0,0,0,1
1,0,0,0,1
1,0,0,0,1
1,0,0,0,1
1,0,0,0,1
1,0,0,0,1
1,0,0,0,1
1,0,0,0,1
1,0,0,0,1
1,0,0,0,1
1,0,0,0,1
1,0,0,0,1
1,0,0,0,1
1,1,0,0,2
1,0,0,0,1
1,0,0,0,1
1,0,0,0,1
1,0,0,0,1
1,0,0,0,1
1,0,0,0,1
1,0,0,0,1
1,28,0,0,29
1,0,0,0,1
1,0,0,0,1
1,0,0,0,1
1,0,0,0,1
1,0,0,0,1
1,0,0,0,1
1,0,0,0,1
1,0,0,0,1
1,0,0,0,1
1,0,0,0,1
1,0,0,0,1
1,0,0,0,1
1,0,0,0,1
1,0,0,0,1
1,0,0,0,1
1,0,0,0,1
1,0,0,0,1
1,0,0,0,1
1,0,0,0,1
1,0,0,0,1
1,0,0,0,1
1,0,0,0,1
1,0,0,0,1
1,0,0,0,1
1,0,0,0,1
1,0,0,0,1
1,0,0,0,1
1,12,0,0,13
1,0,0,0,1
1,0,0,0,1
1,0,0,0,1
1,0,0,0,1
1,0,0,0,1
1,0,0,0,1
1,0,0,0,1
1,0,0,0,1
1,0,0,0,1
1,0,0,0,1
1,0,0,0,1
1,0,0,0,1
1,0,0,0,1
1,0,0,0,1
1,0,0,0,1
1,0,0,0,1
1,0,0,0,1
1,3,0,0,4
1,0,0,0,1
1,3,0,0,4
1,0,0,0,1
1,0,0,0,1
1,2,0,0,3
1,0,0,0,1
1,0,0,0,1
1,0,0,0,1
1,0,0,0,1
1,0,0,0,1
1,0,0,0,1
1,0,0,0,1
1,0,0,0,1
1,0,0,0,1
1,0,0,0,1
1,0,0,0,1
1,0,0,0,1
1,0,0,0,1
1,0,0,0,1
1,0,0,0,1
1,0,0,0,1
1,0,0,0,1
1,0,0,0,1
1,0,0,0,1
1,0,0,0,1
1,0,0,0,1
1,0,0,0,1
1,0,0,0,1
1,0,0,0,1
1,0,0,0,1
1,0,0,0,1
1,0,0,0,1
1,0,0,0,1
1,0,0,0,1
1,0,0,0,1
1,0,0,0,1
1,0,0,0,1
1,0,0,0,1
1,0,0,0,1
1,0,0,0,1
1,0,0,0,1
1,0,0,0,1
1,0,0,0,1
1,0,0,0,1
1,0,0,0,1
1,0,0,0,1
1,0,0,0,1
1,0,0,0,1
1,0,0,0,1
1,0,0,0,1
1,0,0,0,1
1,0,0,0,1
1,0,0,0,1
1,0,0,0,1
1,0,0,0,1
1,0,0,0,1
1,0,0,0,1
1,0,0,0,1
1,0,0,0,1
1,0,0,0,1
1,0,0,0,1
1,0,0,0,1
1,0,0,0,1
1,0,0,0,1
1,0,0,0,1
1,0,0,0,1
1,0,0,0,1
1,0,0,0,1
1,0,0,0,1
1,0,1,0,2
1,0,0,0,1
1,0,0,0,1
1,0,0,0,1
1,0,0,0,1
1,0,0,0,1
1,0,0,0,1
1,0,0,0,1
1,0,0,0,1
1,0,0,0,1
1,0,0,0,1
1,0,0,0,1
1,0,0,0,1
1,0,0,0,1
1,0,0,0,1
1,0,0,0,1
1,0,0,0,1
1,0,0,0,1
1,0,0,0,1
1,0,0,0,1
1,0,0,0,1
1,0,0,0,1
1,0,0,0,1
1,0,0,0,1
1,0,0,0,1
1,0,0,0,1
1,0,0,0,1
1,0,0,0,1
1,0,0,0,1
1,0,0,0,1
1,0,0,0,1
1,0,0,0,1
1,0,0,0,1
1,0,0,0,1
1,0,0,0,1
1,0,0,0,1
1,0,0,0,1
1,0,0,0,1
1,0,0,0,1
1,0,0,0,1
1,0,0,0,1
1,0,0,0,1
1,0,0,0,1
1,0,0,0,1
1,0,0,0,1
1,0,0,0,1
1,0,0,0,1
1,0,0,0,1
1,0,0,0,1
1,0,0,0,1
1,0,0,0,1
1,0,0,0,1
1,0,0,0,1
1,0,0,0,1
1,0,0,0,1
1,0,0,0,1
1,0,0,0,1
1,0,0,0,1
1,0,0,0,1
1,0,0,0,1
1,0,0,0,1
1,0,0,0,1
1,0,0,0,1
1,0,0,0,1
1,0,0,0,1
1,0,0,0,1
1,0,0,0,1
1,0,0,0,1
1,0,0,0,1
1,0,0,0,1
1,0,0,0,1
1,0,0,0,1
1,0,0,0,1
1,0,0,0,1
1,0,0,0,1
1,0,0,0,1
1,0,0,0,1
1,0,0,0,1
1,0,0,0,1
1,0,0,0,1
1,0,0,0,1
1,0,0,0,1
1,0,0,0,1
1,0,0,0,1
1,0,0,0,1
1,0,0,0,1
1,0,0,0,1
1,7,0,0,8
1,0,0,0,1
1,0,0,0,1
1,0,0,0,1
1,7,0,0,8
1,0,0,0,1
1,0,0,0,1
1,0,0,0,1
1,0,0,0,1
1,0,0,0,1
1,0,0,0,1
1,0,0,0,1
1,0,0,0,1
1,0,0,0,1
1,0,0,0,1
1,0,0,0,1
1,0,0,0,1
1,0,0,0,1
1,0,0,0,1
1,0,0,0,1
1,0,0,0,1
1,0,0,0,1
1,0,0,0,1
1,6,0,0,7
1,0,0,0,1
1,0,0,0,1
1,0,0,0,1
1,0,0,0,1
1,0,0,0,1
1,0,0,0,1
1,2,0,0,3
1,0,0,0,1
1,0,0,0,1
1,0,0,0,1
1,0,0,0,1
1,0,0,0,1
1,0,0,0,1
1,0,0,0,1
1,0,0,0,1
1,0,0,0,1
1,0,0,0,1
1,0,0,0,1
1,0,0,0,1
1,0,0,0,1
1,0,0,0,1
1,0,0,0,1
1,0,0,0,1
1,0,0,0,1
1,0,0,0,1
1,0,0,0,1
1,0,0,0,1
1,0,0,0,1
1,0,0,0,1
1,0,0,0,1
1,0,0,0,1
1,0,0,0,1
1,0,0,0,1
1,0,0,0,1
1,0,0,0,1
1,0,0,0,1
1,0,0,0,1
1,10,0,0,11
1,0,0,0,1
1,0,0,0,1
1,0,0,0,1
1,0,0,0,1
1,0,0,0,1
1,0,0,0,1
1,0,0,0,1
1,0,0,0,1
1,0,0,0,1
1,0,0,0,1
1,0,0,0,1
1,0,0,0,1
1,0,0,0,1
1,0,0,0,1
1,0,0,0,1
1,0,0,0,1
1,0,0,0,1
1,0,0,0,1
1,0,0,0,1
1,0,0,0,1
1,0,0,0,1
1,0,0,0,1
1,0,0,0,1
1,0,0,0,1
1,0,0,0,1
1,0,0,0,1
1,0,0,0,1
1,0,0,0,1
1,0,0,0,1
1,2,0,0,3
1,0,0,0,1
1,0,0,0,1
1,0,0,0,1
1,0,0,0,1
1,0,0,0,1
1,0,0,0,1
1,0,0,0,1
1,0,0,0,1
1,0,0,0,1
1,0,0,0,1
1,0,0,0,1
1,0,0,0,1
1,0,0,0,1
1,0,0,0,1
1,0,0,0,1
1,0,0,0,1
1,0,0,0,1
1,0,0,0,1
1,0,0,0,1
1,0,0,0,1
1,0,0,0,1
1,0,0,0,1
1,0,0,0,1
1,0,0,0,1
1,0,0,0,1
1,0,0,0,1
1,0,0,0,1
1,0,0,0,1
1,0,0,0,1
1,0,0,0,1
1,0,0,0,1
1,0,0,0,1
1,2,0,0,3
1,0,0,0,1
1,0,0,0,1
1,0,0,0,1
1,0,0,0,1
1,0,0,0,1
1,0,0,0,1
1,0,0,0,1
1,0,0,0,1
1,0,0,0,1
1,0,0,0,1
1,0,0,0,1
1,0,0,0,1
1,0,0,0,1
1,0,0,0,1
1,0,0,0,1
1,0,0,0,1
1,0,0,0,1
1,0,0,0,1
1,0,0,0,1
1,0,0,0,1
1,0,0,0,1
1,0,0,0,1
1,0,0,0,1
1,0,0,0,1
1,0,0,0,1
1,0,0,0,1
1,0,0,0,1
1,0,0,0,1
1,0,0,0,1
1,0,0,0,1
1,0,0,0,1
1,0,0,0,1
1,0,0,0,1
1,0,0,0,1
1,0,0,0,1
1,0,0,0,1
1,0,0,0,1
1,0,0,0,1
1,0,0,0,1
1,0,0,0,1
1,0,0,0,1
1,0,0,0,1
1,0,0,0,1
1,0,0,0,1
1,0,0,0,1
1,0,0,0,1
1,0,0,0,1
1,0,0,0,1
1,0,0,0,1
1,0,0,0,1
1,0,0,0,1
1,0,0,0,1
1,0,0,0,1
1,0,0,0,1
1,0,0,0,1
1,0,0,0,1
1,0,0,0,1
1,0,0,0,1
1,0,0,0,1
1,0,0,0,1
1,0,0,0,1
1,0,0,0,1
1,0,0,0,1
1,0,0,0,1
1,0,0,0,1
1,0,0,0,1
1,0,0,0,1
1,0,0,0,1
1,0,0,0,1
1,0,0,0,1
1,0,0,0,1
1,0,0,0,1
1,0,0,0,1
1,0,0,0,1
1,2,0,0,3
1,0,0,0,1
1,0,0,0,1
1,1706,2,0,1709
1,0,0,0,1
1,0,0,0,1
1,0,0,0,1
1,0,0,0,1
1,0,0,0,1
1,0,0,0,1
1,0,0,0,1
1,0,0,0,1
1,0,0,0,1
1,0,0,0,1
1,0,0,0,1
1,0,0,0,1
1,0,0,0,1
1,0,0,0,1
1,0,0,0,1
1,0,0,0,1
1,0,0,0,1
1,0,0,0,1
1,0,0,0,1
1,0,0,0,1
1,0,0,0,1
1,0,0,0,1
1,0,0,0,1
1,0,0,0,1
1,0,0,0,1
1,0,0,0,1
1,0,0,0,1
1,0,0,0,1
1,0,0,0,1
1,0,0,0,1
2,7,1,0,10
1,0,0,0,1
1,0,0,0,1
1,0,0,0,1
1,0,0,0,1
1,0,0,0,1
1,0,0,0,1
1,0,0,0,1
1,0,0,0,1
1,0,0,0,1
1,0,0,0,1
1,0,0,0,1
1,0,0,0,1
1,0,0,0,1
1,0,0,0,1
1,0,0,0,1
1,0,0,0,1
1,0,0,0,1
1,0,0,0,1
1,0,0,0,1
1,0,0,0,1
1,0,0,0,1
1,1,0,0,2
1,0,0,0,1
1,0,0,0,1
1,0,0,0,1
1,0,0,0,1
1,0,0,0,1
1,0,0,0,1
1,0,0,0,1
1,0,0,0,1
1,0,0,0,1
1,0,0,0,1
1,0,0,0,1
1,0,0,0,1
1,0,0,0,1
1,0,0,0,1
1,0,0,0,1
1,0,0,0,1
1,0,0,0,1
1,0,0,0,1
1,0,0,0,1
2,0,0,0,2
1,0,0,0,1
1,0,0,0,1
1,0,0,0,1
1,0,0,0,1
1,0,0,0,1
1,0,0,0,1
1,0,0,0,1
1,0,0,0,1
1,0,0,0,1
1,0,0,0,1
1,0,0,0,1
1,0,0,0,1
1,0,0,0,1
1,0,0,0,1
1,0,0,0,1
1,0,0,0,1
1,0,0,0,1
1,16,0,0,17
1,0,0,0,1
1,0,0,0,1
1,0,0,0,1
1,0,0,0,1
1,0,0,0,1
1,0,0,0,1
1,0,0,0,1
1,0,0,0,1
1,0,0,0,1
1,0,0,0,1
1,0,0,0,1
1,0,0,0,1
1,0,0,0,1
1,0,0,0,1
1,0,0,0,1
1,0,0,0,1
1,0,0,0,1
1,0,0,0,1
1,0,0,0,1
1,0,0,0,1
1,0,0,0,1
1,0,0,0,1
1,0,0,0,1
1,0,0,0,1
1,4,0,0,5
1,0,0,0,1
1,0,0,0,1
1,0,0,0,1
1,0,0,0,1
1,0,0,0,1
1,0,0,0,1
1,0,0,0,1
1,0,0,0,1
1,0,0,0,1
1,0,0,0,1
1,0,0,0,1
1,0,0,0,1
1,0,0,0,1
1,0,0,0,1
1,0,0,0,1
1,0,0,0,1
1,0,0,0,1
1,0,0,0,1
1,0,0,0,1
1,0,0,0,1
1,0,0,0,1
1,0,0,0,1
1,0,0,0,1
1,0,0,0,1
1,0,0,0,1
1,0,0,0,1
1,0,0,0,1
1,0,0,0,1
1,0,0,0,1
1,0,0,0,1
1,0,0,0,1
1,0,0,0,1
1,0,0,0,1
1,0,0,0,1
1,0,0,0,1
1,0,0,0,1
1,0,0,0,1
1,0,0,0,1
1,0,0,0,1
1,0,0,0,1
1,0,0,0,1
1,0,0,0,1
1,0,0,0,1
1,0,0,0,1
1,0,0,0,1
1,0,0,0,1
1,0,0,0,1
1,0,0,0,1
1,0,0,0,1
1,0,0,0,1
1,0,0,0,1
1,0,0,0,1
1,0,0,0,1
1,2,1,0,4
1,0,0,0,1
1,0,0,0,1
1,0,0,0,1
1,0,0,0,1
1,0,0,0,1
1,0,0,0,1
1,0,0,0,1
1,0,0,0,1
1,0,0,0,1
1,0,0,0,1
1,1,0,0,2
1,0,0,0,1
1,0,0,0,1
1,0,0,0,1
1,0,0,0,1
1,0,0,0,1
1,0,0,0,1
1,0,0,0,1
1,0,0,0,1
1,0,0,0,1
1,0,0,0,1
1,8,0,0,9
1,0,0,0,1
1,0,0,0,1
1,0,0,0,1
1,0,0,0,1
1,0,0,0,1
1,0,0,0,1
1,0,0,0,1
1,0,0,0,1
1,0,0,0,1
1,0,0,0,1
1,0,0,0,1
1,0,0,0,1
1,0,0,0,1
1,0,0,0,1
1,0,0,0,1
1,0,0,0,1
1,0,0,0,1
1,0,0,0,1
1,0,0,0,1
1,0,0,0,1
1,0,0,0,1
1,0,0,0,1
1,0,0,0,1
1,0,0,0,1
1,0,0,0,1
2,0,0,0,2
1,0,0,0,1
1,0,0,0,1
1,0,0,0,1
1,0,0,0,1
1,0,0,0,1
1,0,0,0,1
1,0,0,0,1
1,0,0,0,1
1,0,0,0,1
1,0,0,0,1
1,0,0,0,1
1,0,0,0,1
1,0,0,0,1
1,0,0,0,1
1,0,0,0,1
1,0,0,0,1
1,1,1,0,3
1,0,0,0,1
1,4,0,0,5
1,0,0,0,1
1,0,0,0,1
1,0,0,0,1
1,0,0,0,1
1,0,0,0,1
1,0,0,0,1
1,0,0,0,1
1,0,0,0,1
1,0,0,0,1
1,0,0,0,1
1,0,0,0,1
1,0,0,0,1
1,0,0,0,1
2,0,0,0,2
1,0,0,0,1
1,0,0,0,1
1,0,0,0,1
1,0,0,0,1
1,0,0,0,1
1,5,1,0,7
1,0,0,0,1
1,0,0,0,1
1,0,0,0,1
1,0,0,0,1
1,0,0,0,1
1,0,0,0,1
1,0,0,0,1
1,0,0,0,1
1,0,0,0,1
1,0,0,0,1
1,0,0,0,1
1,0,0,0,1
1,2,0,0,3
1,0,0,0,1
1,0,0,0,1
1,0,0,0,1
1,0,0,0,1
1,0,0,0,1
1,0,0,0,1
1,0,0,0,1
1,0,0,0,1
1,0,0,0,1
1,0,0,0,1
1,0,0,0,1
1,0,0,0,1
1,0,0,0,1
1,1,0,0,2
1,19,0,0,20
1,0,0,0,1
1,0,0,0,1
2,0,0,0,2
1,0,0,0,1
1,0,0,0,1
1,0,0,0,1
1,0,0,0,1
1,0,0,0,1
1,0,0,0,1
1,0,0,0,1
1,0,0,0,1
1,0,0,0,1
1,0,0,0,1
1,0,0,0,1
1,0,0,0,1
1,0,0,0,1
1,0,0,0,1
1,0,0,0,1
1,0,0,0,1
1,0,0,0,1
1,0,0,0,1
1,0,0,0,1
1,0,0,0,1
1,0,0,0,1
1,0,0,0,1
1,0,0,0,1
1,0,0,0,1
1,0,0,0,1
1,0,0,0,1
1,0,0,0,1
1,0,0,0,1
1,0,0,0,1
1,0,0,0,1
1,0,0,0,1
1,0,0,0,1
1,0,0,0,1
1,0,0,0,1
1,0,0,0,1
1,0,0,0,1
1,17,0,0,18
1,0,0,0,1
1,0,0,0,1
1,0,0,0,1
1,0,0,0,1
1,0,0,0,1
1,0,0,0,1
1,0,0,0,1
1,0,0,0,1
1,0,0,0,1
1,0,0,0,1
1,0,0,0,1
1,0,0,0,1
1,0,0,0,1
1,0,0,0,1
1,0,0,0,1
1,0,0,0,1
1,0,0,0,1
1,0,0,0,1
1,7,0,0,8
1,0,0,0,1
1,0,0,0,1
1,0,0,0,1
1,0,0,0,1
1,0,0,0,1
1,0,0,0,1
1,0,0,0,1
1,0,0,0,1
1,0,0,0,1
1,0,0,0,1
1,0,0,0,1
1,0,0,0,1
1,0,0,0,1
1,0,0,0,1
1,0,0,0,1
1,0,0,0,1
1,0,0,0,1
1,0,0,0,1
1,0,0,0,1
1,0,0,0,1
1,0,0,0,1
1,0,0,0,1
1,0,0,0,1
1,0,0,0,1
1,0,0,0,1
1,0,0,0,1
1,0,0,0,1
1,2,0,0,3
1,0,0,0,1
1,0,0,0,1
1,0,0,0,1
1,0,0,0,1
1,0,0,0,1
1,0,0,0,1
1,0,0,0,1
1,0,0,0,1
1,0,0,0,1
1,0,0,0,1
1,0,0,0,1
1,0,0,0,1
1,0,0,0,1
1,0,0,0,1
1,0,0,0,1
1,0,0,0,1
1,0,0,0,1
1,0,0,0,1
1,0,0,0,1
1,0,0,0,1
1,0,0,0,1
1,0,0,0,1
1,0,0,0,1
1,0,0,0,1
1,0,0,0,1
1,0,0,0,1
1,0,0,0,1
1,0,0,0,1
1,0,0,0,1
1,1,0,0,2
1,1,1,0,3
1,0,0,0,1
1,0,0,0,1
1,0,0,0,1
1,0,0,0,1
1,0,0,0,1
1,0,0,0,1
2,0,0,0,2
1,0,0,0,1
1,0,0,0,1
1,0,0,0,1
1,0,0,0,1
1,0,0,0,1
1,0,0,0,1
1,0,0,0,1
1,0,0,0,1
1,0,0,0,1
1,0,0,0,1
1,0,0,0,1
1,0,0,0,1
1,0,0,0,1
1,0,0,0,1
1,0,0,0,1
1,0,0,0,1
1,0,0,0,1
1,0,0,0,1
1,0,0,0,1
1,0,0,0,1
1,0,0,0,1
1,0,0,0,1
1,0,0,0,1
1,0,0,0,1
1,0,0,0,1
1,0,0,0,1
1,0,0,0,1
1,0,0,0,1
1,0,0,0,1
1,0,0,0,1
1,0,0,0,1
1,0,0,0,1
1,1,0,0,2
1,0,0,0,1
1,0,0,0,1
1,0,0,0,1
1,0,0,0,1
1,0,0,0,1
1,0,0,0,1
1,0,0,0,1
1,0,0,0,1
1,0,0,0,1
1,0,0,0,1
1,0,0,0,1
1,0,0,0,1
1,0,0,0,1
1,0,0,0,1
1,0,0,0,1
1,0,0,0,1
1,0,0,0,1
1,0,0,0,1
2,0,0,0,2
1,0,1,0,2
1,0,0,0,1
1,0,0,0,1
1,0,0,0,1
1,0,0,0,1
1,0,0,0,1
1,0,0,0,1
1,0,0,0,1
1,0,0,0,1
1,0,0,0,1
1,0,0,0,1
1,0,0,0,1
1,0,0,0,1
1,0,0,0,1
1,0,0,0,1
1,0,0,0,1
1,0,0,0,1
1,0,0,0,1
1,5,0,0,6
1,0,0,0,1
1,0,0,0,1
1,0,0,0,1
1,0,0,0,1
1,0,0,0,1
1,0,0,0,1
1,0,0,0,1
1,0,0,0,1
2,0,0,0,2
1,2,1,0,4
1,0,0,0,1
1,0,0,0,1
1,0,0,0,1
1,0,0,0,1
1,0,0,0,1
1,0,0,0,1
1,0,0,0,1
1,0,0,0,1
1,0,0,0,1
1,0,0,0,1
1,0,0,0,1
1,0,0,0,1
1,0,0,0,1
1,0,0,0,1
1,0,0,0,1
1,0,0,0,1
1,0,0,0,1
1,0,0,0,1
1,0,0,0,1
1,0,0,0,1
1,0,0,0,1
1,0,0,0,1
1,0,0,0,1
1,0,0,0,1
1,0,0,0,1
1,0,0,0,1
1,0,0,0,1
1,0,0,0,1
1,0,0,0,1
1,0,0,0,1
1,0,0,0,1
1,0,0,0,1
1,0,0,0,1
1,0,0,0,1
1,0,0,0,1
1,0,0,0,1
1,0,0,0,1
1,0,0,0,1
1,0,0,0,1
1,0,0,0,1
1,4,2,0,7
1,0,0,0,1
1,0,0,0,1
1,0,0,0,1
1,0,0,0,1
1,0,0,0,1
1,6,2,0,9
1,0,0,0,1
1,0,0,0,1
1,0,0,0,1
1,0,0,0,1
1,0,0,0,1
1,0,0,0,1
2,0,0,0,2
1,0,0,0,1
1,0,0,0,1
1,0,0,0,1
1,14,0,0,15
1,0,0,0,1
1,0,0,0,1
1,0,0,0,1
1,0,0,0,1
1,0,0,0,1
1,0,0,0,1
1,0,0,0,1
1,0,0,0,1
1,0,0,0,1
1,0,0,0,1
1,0,0,0,1
1,0,0,0,1
1,0,0,0,1
1,0,0,0,1
1,0,0,0,1
1,0,0,0,1
1,0,0,0,1
1,0,0,0,1
1,0,0,0,1
1,0,0,0,1
1,0,0,0,1
1,0,0,0,1
1,0,0,0,1
1,0,0,0,1
1,0,0,0,1
1,0,0,0,1
1,0,0,0,1
1,0,0,0,1
1,0,0,0,1
1,0,0,0,1
1,0,0,0,1
1,0,0,0,1
1,0,0,0,1
1,0,0,0,1
1,0,0,0,1
1,0,0,0,1
1,0,0,0,1
1,0,0,0,1
1,0,0,0,1
1,0,0,0,1
1,0,0,0,1
1,0,0,0,1
1,0,0,0,1
1,0,0,0,1
1,0,0,0,1
1,0,2,0,3
1,4,1,0,6
1,0,0,0,1
1,0,0,0,1
1,0,0,0,1
1,0,0,0,1
1,0,0,0,1
1,0,0,0,1
1,0,0,0,1
1,0,0,0,1
1,0,0,0,1
1,0,0,0,1
1,0,0,0,1
1,0,0,0,1
1,0,0,0,1
1,0,0,0,1
1,0,0,0,1
1,0,0,0,1
1,0,0,0,1
1,0,0,0,1
1,0,0,0,1
1,0,0,0,1
1,0,0,0,1
1,0,0,0,1
1,0,0,0,1
1,0,0,0,1
1,0,0,0,1
1,0,0,0,1
1,0,0,0,1
1,0,0,0,1
1,0,0,0,1
1,0,0,0,1
1,0,0,0,1
1,0,0,0,1
1,0,0,0,1
1,0,0,0,1
1,0,0,0,1
1,0,0,0,1
1,0,0,0,1
1,1,0,0,2
1,0,0,0,1
1,0,0,0,1
1,0,0,0,1
1,0,0,0,1
1,0,0,0,1
1,0,0,0,1
1,1,0,0,2
1,0,0,0,1
1,0,0,0,1
1,0,0,0,1
1,0,0,0,1
1,0,0,0,1
1,0,0,0,1
1,0,0,0,1
1,0,0,0,1
1,0,0,0,1
1,0,0,0,1
1,0,0,0,1
1,0,0,0,1
1,0,0,0,1
1,0,0,0,1
1,0,0,0,1
1,0,0,0,1
1,0,0,0,1
1,0,0,0,1
1,0,0,0,1
1,0,0,0,1
1,2,0,0,3
1,0,0,0,1
1,0,0,0,1
1,0,0,0,1
1,0,0,0,1
1,0,0,0,1
1,0,0,0,1
1,0,0,0,1
1,0,0,0,1
1,0,0,0,1
1,1,0,0,2
1,0,0,0,1
1,0,0,0,1
1,0,0,0,1
1,0,0,0,1
1,0,0,0,1
1,0,0,0,1
1,0,0,0,1
1,0,0,0,1
1,0,0,0,1
1,0,0,0,1
1,0,0,0,1
1,0,0,0,1
1,1,0,0,2
1,0,0,0,1
1,0,0,0,1
1,0,0,0,1
1,0,0,0,1
1,0,0,0,1
1,0,0,0,1
1,0,0,0,1
1,0,0,0,1
1,0,0,0,1
1,0,0,0,1
1,0,0,0,1
1,0,0,0,1
1,0,0,0,1
1,0,0,0,1
1,0,0,0,1
1,0,0,0,1
1,0,0,0,1
1,0,0,0,1
1,0,0,0,1
1,0,0,0,1
1,0,0,0,1
1,0,0,0,1
1,1,0,0,2
1,0,0,0,1
1,0,0,0,1
1,0,0,0,1
1,0,0,0,1
1,0,0,0,1
1,0,0,0,1
1,0,0,0,1
1,0,0,0,1
1,0,0,0,1
1,0,0,0,1
1,0,0,0,1
1,0,0,0,1
1,0,0,0,1
1,0,0,0,1
1,0,0,0,1
1,0,0,0,1
1,0,0,0,1
1,0,0,0,1
1,0,0,0,1
1,0,2,0,3
1,0,0,0,1
1,0,0,0,1
1,0,0,0,1
1,0,0,0,1
1,0,0,0,1
1,0,0,0,1
1,0,0,0,1
1,0,0,0,1
1,0,0,0,1
1,0,0,0,1
1,2,0,0,3
1,0,0,0,1
1,0,0,0,1
1,3,0,0,4
1,3,1,0,5
1,0,0,0,1
1,0,0,0,1
1,0,0,0,1
1,0,0,0,1
1,0,0,0,1
1,0,0,0,1
1,0,0,0,1
1,0,0,0,1
1,0,0,0,1
1,0,0,0,1
1,0,0,0,1
1,0,0,0,1
1,0,0,0,1
1,0,0,0,1
1,0,0,0,1
1,0,0,0,1
1,0,0,0,1
1,0,0,0,1
1,0,0,0,1
1,0,0,0,1
1,0,0,0,1
1,0,0,0,1
1,0,0,0,1
1,0,0,0,1
1,0,0,0,1
1,0,0,0,1
1,0,0,0,1
1,0,0,0,1
1,0,0,0,1
1,0,0,0,1
1,0,0,0,1
1,0,0,0,1
1,0,0,0,1
1,0,0,0,1
1,0,0,0,1
1,0,0,0,1
1,0,0,0,1
1,0,0,0,1
1,0,0,0,1
1,0,0,0,1
1,0,0,0,1
1,0,0,0,1
1,0,0,0,1
1,0,0,0,1
1,0,0,0,1
1,0,0,0,1
1,0,0,0,1
1,0,0,0,1
1,0,0,0,1
1,0,0,0,1
1,0,0,0,1
2,0,0,0,2
1,0,0,0,1
1,0,0,0,1
1,0,0,0,1
1,0,0,0,1
1,0,0,0,1
1,0,0,0,1
1,0,0,0,1
1,0,0,0,1
1,0,0,0,1
1,0,0,0,1
1,0,0,0,1
1,0,0,0,1
1,0,0,0,1
1,0,0,0,1
1,0,0,0,1
1,0,0,0,1
1,0,0,0,1
1,0,0,0,1
1,0,0,0,1
1,0,0,0,1
1,0,0,0,1
1,0,0,0,1
1,0,0,0,1
1,0,0,0,1
1,0,0,0,1
1,0,0,0,1
1,0,0,0,1
1,0,0,0,1
1,0,0,0,1
1,0,0,0,1
1,0,0,0,1
1,0,0,0,1
1,0,0,0,1
1,0,0,0,1
1,0,0,0,1
1,0,0,0,1
1,0,0,0,1
1,0,0,0,1
1,0,0,0,1
1,0,0,0,1
1,0,0,0,1
1,0,0,0,1
1,0,0,0,1
1,0,0,0,1
1,0,0,0,1
1,0,0,0,1
1,0,0,0,1
1,0,0,0,1
1,0,0,0,1
1,0,0,0,1
1,0,0,0,1
1,0,0,0,1
1,2,0,0,3
1,0,0,0,1
1,0,0,0,1
1,0,0,0,1
1,0,0,0,1
1,0,0,0,1
1,0,0,0,1
1,0,0,0,1
1,0,0,0,1
1,0,0,0,1
1,0,0,0,1
1,0,0,0,1
1,0,0,0,1
1,0,0,0,1
1,0,0,0,1
1,0,0,0,1
1,0,0,0,1
1,0,0,0,1
1,0,0,0,1
1,0,0,0,1
1,0,0,0,1
1,0,0,0,1
1,0,0,0,1
1,0,0,0,1
1,0,0,0,1
1,0,0,0,1
1,0,0,0,1
1,0,0,0,1
1,0,0,0,1
1,0,0,0,1
1,0,0,0,1
1,0,0,0,1
1,0,0,0,1
1,0,0,0,1
1,0,0,0,1
1,0,0,0,1
1,0,0,0,1
1,0,0,0,1
1,0,0,0,1
1,0,0,0,1
1,0,0,0,1
1,0,0,0,1
1,0,0,0,1
1,0,0,0,1
1,0,0,0,1
1,0,0,0,1
1,0,0,0,1
1,0,0,0,1
1,0,0,0,1
1,0,0,0,1
1,0,0,0,1
1,0,0,0,1
1,0,0,0,1
1,0,0,0,1
1,0,0,0,1
1,0,0,0,1
1,0,0,0,1
1,0,0,0,1
1,0,0,0,1
1,0,0,0,1
1,1,0,0,2
1,0,0,0,1
1,0,0,0,1
1,0,0,0,1
1,0,0,0,1
1,2,0,0,3
1,0,0,0,1
1,0,0,0,1
1,0,0,0,1
1,0,0,0,1
1,0,0,0,1
1,0,0,0,1
1,0,0,0,1
1,0,0,0,1
1,0,0,0,1
1,0,0,0,1
1,0,0,0,1
1,0,0,0,1
1,0,0,0,1
1,0,0,0,1
1,0,0,0,1
1,0,0,0,1
1,0,0,0,1
1,0,0,0,1
1,0,0,0,1
1,0,0,0,1
1,0,0,0,1
1,0,0,0,1
1,0,0,0,1
1,0,0,0,1
1,0,0,0,1
1,3,0,0,4
1,0,0,0,1
1,0,0,0,1
1,0,0,0,1
1,0,0,0,1
1,0,0,0,1
1,0,0,0,1
1,0,0,0,1
1,0,0,0,1
1,0,0,0,1
1,0,0,0,1
1,0,0,0,1
1,0,0,0,1
1,0,0,0,1
1,0,0,0,1
1,0,0,0,1
1,5,0,0,6
1,0,0,0,1
1,0,0,0,1
1,0,0,0,1
1,0,0,0,1
1,8,1,0,10
1,0,0,0,1
1,0,0,0,1
1,0,0,0,1
1,0,0,0,1
1,0,0,0,1
1,0,0,0,1
1,0,0,0,1
1,0,0,0,1
1,0,0,0,1
1,0,0,0,1
1,0,0,0,1
1,0,0,0,1
1,0,0,0,1
1,0,0,0,1
1,0,0,0,1
1,0,0,0,1
1,0,0,0,1
1,1,1,0,3
1,0,0,0,1
1,0,0,0,1
1,0,0,0,1
1,0,0,0,1
1,0,0,0,1
1,0,0,0,1
1,0,0,0,1
1,0,0,0,1
1,2,0,0,3
1,0,0,0,1
1,0,0,0,1
1,0,0,0,1
1,0,0,0,1
1,0,0,0,1
1,0,0,0,1
1,0,0,0,1
1,0,0,0,1
1,0,0,0,1
1,0,0,0,1
1,0,0,0,1
1,0,0,0,1
1,0,0,0,1
1,0,0,0,1
1,0,0,0,1
1,0,0,0,1
1,0,0,0,1
1,0,0,0,1
1,0,0,0,1
1,0,0,0,1
1,0,0,0,1
1,0,0,0,1
1,0,0,0,1
1,0,0,0,1
1,0,0,0,1
1,0,0,0,1
1,0,0,0,1
1,0,0,0,1
1,0,0,0,1
1,0,0,0,1
1,0,0,0,1
1,0,0,0,1
1,0,0,0,1
1,0,0,0,1
1,0,0,0,1
1,0,0,0,1
1,0,0,0,1
1,4,0,0,5
1,0,0,0,1
1,0,0,0,1
1,0,0,0,1
1,0,0,0,1
1,0,0,0,1
1,0,0,0,1
1,0,0,0,1
1,0,0,0,1
1,0,0,0,1
1,0,0,0,1
1,0,0,0,1
1,0,0,0,1
1,0,0,0,1
1,0,0,0,1
1,0,0,0,1
1,1,2,0,4
1,0,0,0,1
1,0,0,0,1
1,0,0,0,1
1,0,0,0,1
1,0,0,0,1
1,0,0,0,1
1,0,0,0,1
1,0,0,0,1
1,0,0,0,1
1,0,0,0,1
1,0,0,0,1
1,0,0,0,1
1,0,0,0,1
1,0,0,0,1
1,0,0,0,1
1,0,0,0,1
1,0,0,0,1
1,0,0,0,1
1,0,0,0,1
1,0,0,0,1
1,0,0,0,1
1,0,0,0,1
1,0,0,0,1
1,0,0,0,1
1,0,0,0,1
1,0,0,0,1
1,0,0,0,1
1,0,0,0,1
1,0,0,0,1
1,0,0,0,1
1,0,0,0,1
1,0,0,0,1
1,0,0,0,1
1,1,0,0,2
1,0,0,0,1
1,0,0,0,1
1,0,0,0,1
1,0,0,0,1
1,0,0,0,1
1,0,0,0,1
1,0,0,0,1
1,0,0,0,1
1,0,0,0,1
1,0,0,0,1
1,0,0,0,1
1,0,0,0,1
1,0,0,0,1
1,0,0,0,1
1,0,0,0,1
1,0,0,0,1
1,0,0,0,1
1,0,0,0,1
1,0,0,0,1
1,0,0,0,1
1,0,0,0,1
1,0,0,0,1
1,0,0,0,1
1,0,0,0,1
1,0,0,0,1
1,0,0,0,1
1,0,0,0,1
1,0,0,0,1
1,0,0,0,1
1,0,0,0,1
1,0,0,0,1
1,0,0,0,1
1,0,0,0,1
1,0,0,0,1
1,0,0,0,1
1,0,0,0,1
1,0,0,0,1
1,0,0,0,1
1,0,0,0,1
1,0,0,0,1
1,0,0,0,1
1,0,0,0,1
1,0,0,0,1
1,0,0,0,1
1,0,0,0,1
1,0,0,0,1
1,0,0,0,1
1,0,0,0,1
1,0,0,0,1
1,0,0,0,1
1,0,0,0,1
1,0,0,0,1
1,0,0,0,1
1,0,0,0,1
1,0,0,0,1
1,0,0,0,1
1,0,0,0,1
1,0,0,0,1
1,0,0,0,1
1,0,0,0,1
1,0,0,0,1
1,0,0,0,1
1,0,0,0,1
1,0,0,0,1
1,0,0,0,1
1,0,0,0,1
1,0,0,0,1
1,0,0,0,1
1,0,0,0,1
1,0,0,0,1
1,0,0,0,1
1,0,0,0,1
2,0,0,0,2
1,0,0,0,1
1,0,0,0,1
1,0,0,0,1
1,0,0,0,1
1,0,0,0,1
1,2,0,0,3
1,0,0,0,1
1,0,0,0,1
1,0,0,0,1
1,0,0,0,1
1,0,0,0,1
1,0,0,0,1
1,0,0,0,1
1,0,0,0,1
1,0,0,0,1
1,4,0,0,5
1,0,0,0,1
1,0,0,0,1
1,0,0,0,1
1,0,0,0,1
1,0,0,0,1
1,0,0,0,1
1,0,0,0,1
1,0,0,0,1
1,0,0,0,1
1,0,0,0,1
1,0,0,0,1
1,0,0,0,1
1,0,0,0,1
1,0,0,0,1
1,0,0,0,1
1,0,0,0,1
1,0,0,0,1
1,0,0,0,1
1,0,0,0,1
1,0,0,0,1
1,0,0,0,1
1,0,0,0,1
1,0,0,0,1
1,0,0,0,1
1,0,0,0,1
1,0,0,0,1
1,0,0,0,1
1,0,0,0,1
1,0,0,0,1
1,0,0,0,1
1,0,0,0,1
1,0,0,0,1
1,0,0,0,1
1,0,0,0,1
1,0,0,0,1
1,0,0,0,1
1,0,0,0,1
1,0,0,0,1
1,0,0,0,1
1,0,0,0,1
1,0,0,0,1
1,0,0,0,1
1,0,0,0,1
1,0,0,0,1
1,0,0,0,1
1,0,0,0,1
1,0,0,0,1
1,0,0,0,1
1,0,0,0,1
1,0,0,0,1
1,0,0,0,1
1,0,0,0,1
1,0,0,0,1
1,0,0,0,1
1,0,0,0,1
1,0,0,0,1
1,0,0,0,1
1,0,0,0,1
1,0,0,0,1
1,0,0,0,1
1,0,0,0,1
1,0,0,0,1
1,0,0,0,1
1,0,0,0,1
1,0,0,0,1
1,0,0,0,1
1,0,0,0,1
1,0,0,0,1
1,0,0,0,1
1,0,0,0,1
1,0,0,0,1
1,0,0,0,1
1,0,0,0,1
1,0,0,0,1
1,0,0,0,1
1,0,0,0,1
1,0,0,0,1
1,0,0,0,1
1,0,0,0,1
1,0,0,0,1
1,0,0,0,1
1,0,0,0,1
1,1,0,0,2
1,0,0,0,1
1,0,0,0,1
1,0,0,0,1
1,0,0,0,1
1,0,0,0,1
1,0,0,0,1
1,0,0,0,1
1,0,0,0,1
1,0,0,0,1
1,0,0,0,1
1,0,0,0,1
1,0,0,0,1
1,0,0,0,1
1,0,0,0,1
1,0,0,0,1
1,0,0,0,1
1,0,0,0,1
1,0,0,0,1
1,0,0,0,1
1,0,0,0,1
1,0,0,0,1
1,0,0,0,1
1,0,0,0,1
1,0,0,0,1
1,0,0,0,1
1,0,0,0,1
1,0,0,0,1
1,0,0,0,1
1,32,0,0,33
1,0,0,0,1
1,0,0,0,1
2,0,0,0,2
1,0,0,0,1
1,0,0,0,1
1,0,0,0,1
1,0,0,0,1
1,0,0,0,1
1,0,0,0,1
1,0,0,0,1
1,0,0,0,1
1,0,0,0,1
1,0,0,0,1
1,0,0,0,1
1,0,0,0,1
1,0,0,0,1
1,0,0,0,1
1,0,0,0,1
1,0,0,0,1
1,0,0,0,1
1,0,0,0,1
1,0,0,0,1
1,0,0,0,1
1,0,0,0,1
1,0,0,0,1
1,0,0,0,1
1,0,0,0,1
1,0,0,0,1
1,0,0,0,1
1,0,0,0,1
1,0,0,0,1
1,0,0,0,1
1,0,0,0,1
1,0,0,0,1
1,0,0,0,1
1,0,0,0,1
1,0,0,0,1
1,0,0,0,1
1,0,0,0,1
1,0,0,0,1
1,0,0,0,1
1,0,0,0,1
1,0,0,0,1
1,0,0,0,1
1,0,0,0,1
1,0,0,0,1
1,0,0,0,1
1,0,0,0,1
1,0,0,0,1
1,4,0,0,5
1,0,0,0,1
2,0,0,0,2
1,0,0,0,1
1,0,0,0,1
1,0,0,0,1
1,0,0,0,1
1,0,0,0,1
1,0,0,0,1
1,0,2,0,3
1,0,0,0,1
1,0,0,0,1
1,0,0,0,1
1,0,0,0,1
1,0,0,0,1
1,0,0,0,1
1,0,0,0,1
1,0,0,0,1
1,0,0,0,1
1,0,0,0,1
1,0,0,0,1
1,0,0,0,1
1,0,0,0,1
1,0,0,0,1
1,0,0,0,1
1,0,0,0,1
1,0,0,0,1
1,0,0,0,1
1,0,0,0,1
1,0,0,0,1
1,0,0,0,1
1,0,0,0,1
1,0,0,0,1
1,0,0,0,1
1,0,0,0,1
1,0,0,0,1
1,10,0,0,11
1,0,0,0,1
1,0,0,0,1
1,0,0,0,1
1,0,0,0,1
1,0,0,0,1
1,0,0,0,1
1,0,0,0,1
1,0,0,0,1
1,0,0,0,1
1,0,0,0,1
1,0,0,0,1
1,0,0,0,1
1,0,0,0,1
1,0,0,0,1
1,0,0,0,1
1,0,0,0,1
1,0,0,0,1
1,0,0,0,1
1,0,0,0,1
1,0,0,0,1
1,0,0,0,1
1,2,0,0,3
1,0,0,0,1
1,0,0,0,1
1,0,0,0,1
1,0,0,0,1
1,0,0,0,1
1,0,0,0,1
1,0,0,0,1
1,0,0,0,1
1,0,0,0,1
1,2,0,0,3
1,0,0,0,1
1,0,0,0,1
1,0,0,0,1
1,0,0,0,1
1,0,0,0,1
1,0,0,0,1
1,0,0,0,1
1,0,0,0,1
1,0,0,0,1
1,0,0,0,1
1,0,0,0,1
1,0,0,0,1
1,0,0,0,1
1,0,0,0,1
1,0,0,0,1
1,0,0,0,1
1,0,0,0,1
1,0,0,0,1
1,0,0,0,1
1,0,0,0,1
1,0,0,0,1
1,0,0,0,1
1,0,0,0,1
1,0,0,0,1
1,0,0,0,1
1,0,0,0,1
1,0,0,0,1
1,0,0,0,1
1,0,0,0,1
1,0,0,0,1
1,0,0,0,1
1,0,0,0,1
1,0,0,0,1
1,0,0,0,1
1,0,0,0,1
1,0,0,0,1
1,0,0,0,1
1,0,0,0,1
1,0,0,0,1
1,0,0,0,1
1,0,0,0,1
1,0,0,0,1
1,0,0,0,1
1,0,0,0,1
1,0,0,0,1
1,0,0,0,1
1,0,0,0,1
1,0,0,0,1
1,0,0,0,1
1,0,0,0,1
1,0,0,0,1
1,0,0,0,1
1,0,0,0,1
1,0,0,0,1
1,0,0,0,1
1,0,0,0,1
1,0,0,0,1
1,0,0,0,1
1,0,0,0,1
1,0,0,0,1
1,0,0,0,1
1,0,0,0,1
1,0,0,0,1
1,0,0,0,1
1,0,0,0,1
1,0,0,0,1
1,0,0,0,1
1,0,0,0,1
1,0,0,0,1
1,0,0,0,1
1,0,0,0,1
1,0,0,0,1
1,0,0,0,1
1,0,0,0,1
1,0,0,0,1
1,0,0,0,1
1,0,0,0,1
1,0,0,0,1
1,0,0,0,1
1,0,0,0,1
1,0,0,0,1
1,29,0,0,30
2,0,0,0,2
1,0,0,0,1
1,0,0,0,1
1,0,0,0,1
1,0,0,0,1
1,1,1,0,3
1,0,0,0,1
1,0,0,0,1
1,0,0,0,1
1,0,0,0,1
1,0,0,0,1
1,0,0,0,1
1,0,0,0,1
1,0,0,0,1
1,0,0,0,1
1,0,0,0,1
1,0,0,0,1
1,0,0,0,1
1,0,0,0,1
1,0,0,0,1
1,3,0,0,4
1,0,0,0,1
1,0,0,0,1
1,0,0,0,1
1,0,0,0,1
1,0,0,0,1
1,0,0,0,1
1,0,0,0,1
1,0,0,0,1
1,0,0,0,1
1,0,0,0,1
1,0,0,0,1
1,0,0,0,1
1,0,0,0,1
1,0,0,0,1
1,0,0,0,1
1,0,0,0,1
1,0,0,0,1
1,0,0,0,1
1,0,0,0,1
1,0,0,0,1
1,10,0,0,11
1,0,0,0,1
1,0,0,0,1
1,0,0,0,1
1,0,0,0,1
1,0,0,0,1
1,0,0,0,1
1,0,0,0,1
1,0,0,0,1
1,0,0,0,1
1,0,0,0,1
1,0,0,0,1
1,0,0,0,1
1,0,0,0,1
1,0,0,0,1
1,0,0,0,1
1,0,0,0,1
1,0,0,0,1
1,0,0,0,1
1,0,0,0,1
1,0,0,0,1
2,0,0,0,2
1,2,0,0,3
1,0,0,0,1
1,0,0,0,1
1,0,0,0,1
1,0,0,0,1
1,0,0,0,1
1,0,0,0,1
1,0,0,0,1
1,0,0,0,1
1,0,0,0,1
1,0,0,0,1
1,0,0,0,1
1,0,0,0,1
1,0,0,0,1
1,3,0,0,4
1,6,0,0,7
1,0,0,0,1
1,0,0,0,1
1,3,0,0,4
1,0,0,0,1
1,0,0,0,1
1,0,0,0,1
1,0,0,0,1
1,0,0,0,1
1,0,0,0,1
1,0,0,0,1
1,0,0,0,1
1,0,0,0,1
1,0,0,0,1
1,0,0,0,1
1,0,0,0,1
1,0,0,0,1
1,0,0,0,1
1,0,0,0,1
1,0,0,0,1
1,0,0,0,1
1,0,0,0,1
1,0,0,0,1
1,0,0,0,1
1,0,0,0,1
1,0,0,0,1
1,0,0,0,1
1,0,0,0,1
1,0,0,0,1
1,0,0,0,1
1,0,0,0,1
1,0,0,0,1
1,0,0,0,1
1,0,0,0,1
1,0,0,0,1
1,0,0,0,1
1,0,0,0,1
1,0,0,0,1
1,0,0,0,1
1,0,0,0,1
1,0,0,0,1
1,0,0,0,1
1,0,0,0,1
1,0,0,0,1
1,0,0,0,1
1,0,0,0,1
1,1,0,0,2
1,0,0,0,1
1,0,0,0,1
1,0,0,0,1
1,0,0,0,1
1,0,0,0,1
1,0,0,0,1
1,0,0,0,1
1,0,0,0,1
1,0,0,0,1
1,0,0,0,1
1,0,0,0,1
1,0,0,0,1
1,0,0,0,1
1,0,0,0,1
1,0,0,0,1
1,0,0,0,1
1,0,0,0,1
1,0,0,0,1
1,0,0,0,1
1,0,0,0,1
1,0,0,0,1
1,0,0,0,1
1,0,0,0,1
1,0,0,0,1
1,0,0,0,1
1,0,0,0,1
1,0,0,0,1
1,0,0,0,1
1,0,0,0,1
1,0,0,0,1
1,0,0,0,1
1,0,0,0,1
1,0,0,0,1
1,0,0,0,1
1,0,0,0,1
1,0,0,0,1
1,0,0,0,1
1,0,0,0,1
1,0,0,0,1
1,0,0,0,1
1,0,0,0,1
1,0,0,0,1
1,0,0,0,1
1,0,0,0,1
1,0,0,0,1
1,0,0,0,1
1,0,0,0,1
1,0,0,0,1
1,0,0,0,1
1,0,0,0,1
1,0,0,0,1
1,0,0,0,1
1,0,0,0,1
1,0,0,0,1
1,0,0,0,1
1,0,0,0,1
1,0,0,0,1
1,0,0,0,1
1,0,0,0,1
1,0,0,0,1
1,0,0,0,1
1,0,0,0,1
1,0,0,0,1
1,0,0,0,1
1,0,0,0,1
1,1,0,0,2
1,0,0,0,1
1,0,0,0,1
1,0,0,0,1
1,0,0,0,1
1,0,0,0,1
1,0,0,0,1
1,0,0,0,1
1,0,0,0,1
1,0,0,0,1
1,0,0,0,1
1,0,0,0,1
1,0,0,0,1
1,0,0,0,1
1,0,0,0,1
1,0,0,0,1
1,0,0,0,1
1,0,0,0,1
1,0,0,0,1
1,0,0,0,1
1,0,0,0,1
1,0,0,0,1
1,0,0,0,1
1,0,0,0,1
1,0,0,0,1
1,0,0,0,1
1,0,0,0,1
1,0,0,0,1
1,0,0,0,1
1,0,0,0,1
1,0,0,0,1
1,0,0,0,1
1,0,0,0,1
1,0,0,0,1
1,0,0,0,1
1,0,0,0,1
1,0,0,0,1
1,0,0,0,1
1,0,0,0,1
1,0,0,0,1
1,0,0,0,1
1,0,0,0,1
1,0,0,0,1
1,0,0,0,1
1,0,0,0,1
1,0,0,0,1
1,0,0,0,1
1,0,0,0,1
1,0,0,0,1
1,0,0,0,1
1,0,0,0,1
1,0,0,0,1
1,0,0,0,1
1,0,0,0,1
1,0,0,0,1
1,6,0,0,7
1,1,1,0,3
1,0,0,0,1
1,0,0,0,1
1,0,0,0,1
1,0,0,0,1
1,0,0,0,1
1,0,0,0,1
1,0,0,0,1
1,0,0,0,1
1,0,0,0,1
1,0,0,0,1
1,0,0,0,1
1,0,0,0,1
1,0,0,0,1
1,0,0,0,1
1,0,0,0,1
1,0,0,0,1
1,0,0,0,1
1,0,0,0,1
1,0,0,0,1
1,0,0,0,1
1,0,0,0,1
1,0,0,0,1
1,0,0,0,1
1,0,0,0,1
1,0,0,0,1
1,0,0,0,1
1,0,0,0,1
1,0,0,0,1
1,0,0,0,1
1,0,0,0,1
1,0,0,0,1
1,0,0,0,1
1,2,0,0,3
1,2,0,0,3
1,0,0,0,1
1,0,0,0,1
1,0,0,0,1
1,0,0,0,1
1,0,0,0,1
1,0,0,0,1
1,0,0,0,1
1,0,0,0,1
1,0,0,0,1
1,0,0,0,1
1,0,0,0,1
1,0,0,0,1
1,0,0,0,1
1,0,0,0,1
1,0,0,0,1
1,0,0,0,1
1,0,0,0,1
1,0,0,0,1
1,0,0,0,1
1,0,0,0,1
1,0,0,0,1
1,0,0,0,1
1,0,0,0,1
1,2,0,0,3
1,0,0,0,1
1,0,0,0,1
1,0,0,0,1
1,0,0,0,1
1,0,0,0,1
1,0,0,0,1
1,0,0,0,1
1,0,0,0,1
1,0,0,0,1
1,0,0,0,1
1,9,0,0,10
1,0,0,0,1
1,1,0,0,2
2,0,0,0,2
1,19,0,0,20
1,0,0,0,1
1,0,0,0,1
1,0,0,0,1
1,0,0,0,1
1,0,0,0,1
1,0,0,0,1
1,0,0,0,1
2,0,0,0,2
1,0,0,0,1
1,0,0,0,1
1,0,0,0,1
1,0,0,0,1
1,0,0,0,1
1,0,0,0,1
1,0,0,0,1
1,12,0,0,13
1,0,0,0,1
1,0,0,0,1
1,0,0,0,1
1,1,0,0,2
1,0,0,0,1
1,0,0,0,1
1,0,0,0,1
1,0,0,0,1
1,0,0,0,1
1,0,0,0,1
1,0,0,0,1
1,0,0,0,1
1,4,0,0,5
1,0,0,0,1
1,0,0,0,1
1,0,0,0,1
1,0,0,0,1
1,0,0,0,1
1,0,0,0,1
1,0,0,0,1
1,0,0,0,1
1,0,0,0,1
1,0,0,0,1
1,0,0,0,1
1,0,0,0,1
1,0,0,0,1
1,0,0,0,1
1,0,0,0,1
1,0,0,0,1
1,0,0,0,1
1,0,0,0,1
1,0,0,0,1
1,0,0,0,1
1,0,0,0,1
1,0,0,0,1
1,0,0,0,1
1,0,0,0,1
1,0,0,0,1
1,0,0,0,1
1,0,0,0,1
1,0,0,0,1
1,0,0,0,1
1,0,0,0,1
1,0,0,0,1
1,0,0,0,1
1,0,0,0,1
1,0,0,0,1
1,0,0,0,1
1,0,0,0,1
1,4,0,0,5
1,0,0,0,1
1,0,0,0,1
1,0,0,0,1
1,0,0,0,1
1,0,0,0,1
1,0,0,0,1
1,0,0,0,1
1,0,0,0,1
1,0,0,0,1
1,0,0,0,1
1,0,0,0,1
1,0,0,0,1
1,0,0,0,1
1,0,0,0,1
1,0,0,0,1
1,0,0,0,1
1,2,0,0,3
1,0,0,0,1
1,0,0,0,1
1,0,0,0,1
1,0,0,0,1
1,0,0,0,1
1,0,0,0,1
1,0,0,0,1
1,0,0,0,1
1,0,0,0,1
1,0,0,0,1
1,0,0,0,1
1,0,0,0,1
1,0,0,0,1
1,0,0,0,1
1,0,0,0,1
1,0,0,0,1
1,0,0,0,1
1,0,0,0,1
1,0,0,0,1
1,0,0,0,1
1,0,0,0,1
1,0,0,0,1
1,0,0,0,1
1,0,0,0,1
1,0,0,0,1
1,0,0,0,1
1,0,0,0,1
1,0,0,0,1
1,0,0,0,1
1,0,0,0,1
1,0,0,0,1
1,0,0,0,1
1,0,0,0,1
1,0,0,0,1
1,0,0,0,1
1,0,0,0,1
1,0,0,0,1
1,0,0,0,1
1,0,0,0,1
1,0,0,0,1
1,0,0,0,1
1,0,0,0,1
1,0,0,0,1
1,0,0,0,1
1,0,0,0,1
1,0,0,0,1
1,0,0,0,1
1,0,0,0,1
1,0,0,0,1
1,0,0,0,1
1,0,0,0,1
1,0,0,0,1
1,0,0,0,1
1,0,0,0,1
1,0,0,0,1
1,21,0,0,22
1,0,0,0,1
1,0,0,0,1
1,0,0,0,1
1,0,0,0,1
1,0,0,0,1
1,0,0,0,1
1,0,0,0,1
1,0,0,0,1
1,0,0,0,1
1,0,0,0,1
2,0,0,0,2
1,1,1,0,3
1,0,0,0,1
1,0,0,0,1
1,0,0,0,1
1,0,0,0,1
1,0,0,0,1
1,0,0,0,1
1,0,0,0,1
1,3,0,0,4
1,0,0,0,1
1,0,0,0,1
1,0,0,0,1
1,0,0,0,1
1,0,0,0,1
1,0,0,0,1
1,0,0,0,1
1,0,0,0,1
1,0,0,0,1
1,0,0,0,1
1,0,0,0,1
1,0,0,0,1
1,0,0,0,1
1,0,0,0,1
1,0,0,0,1
1,0,0,0,1
1,0,0,0,1
1,0,0,0,1
1,0,0,0,1
1,0,0,0,1
1,0,0,0,1
1,0,0,0,1
1,0,0,0,1
1,0,0,0,1
1,0,0,0,1
1,0,0,0,1
1,0,0,0,1
1,0,0,0,1
1,0,0,0,1
1,0,0,0,1
1,0,0,0,1
1,0,0,0,1
1,0,0,0,1
1,0,0,0,1
1,0,0,0,1
1,0,0,0,1
1,0,0,0,1
1,0,0,0,1
1,0,0,0,1
1,0,0,0,1
1,0,0,0,1
1,0,0,0,1
1,0,0,0,1
1,8,0,0,9
1,0,0,0,1
1,0,0,0,1
1,0,0,0,1
1,0,0,0,1
1,0,0,0,1
1,0,0,0,1
1,0,0,0,1
1,0,0,0,1
1,0,0,0,1
1,0,0,0,1
1,0,0,0,1
1,0,0,0,1
1,0,0,0,1
1,0,0,0,1
1,0,0,0,1
1,0,0,0,1
1,0,0,0,1
1,0,0,0,1
1,0,0,0,1
1,0,0,0,1
1,0,0,0,1
1,0,0,0,1
1,0,0,0,1
1,0,0,0,1
1,0,0,0,1
1,0,0,0,1
1,0,0,0,1
1,0,0,0,1
1,0,0,0,1
1,0,0,0,1
1,0,0,0,1
1,0,0,0,1
1,0,0,0,1
1,0,0,0,1
1,0,0,0,1
1,0,0,0,1
1,0,0,0,1
1,0,0,0,1
1,0,0,0,1
1,0,0,0,1
1,0,0,0,1
1,0,0,0,1
1,0,0,0,1
1,0,0,0,1
1,0,0,0,1
1,0,0,0,1
1,0,0,0,1
1,0,0,0,1
1,0,0,0,1
1,0,0,0,1
1,0,0,0,1
1,0,0,0,1
1,0,0,0,1
1,0,0,0,1
1,0,0,0,1
1,0,0,0,1
1,1,0,0,2
1,0,0,0,1
1,0,0,0,1
1,0,0,0,1
1,0,0,0,1
1,0,0,0,1
1,0,0,0,1
1,0,0,0,1
2,0,0,0,2
1,0,0,0,1
1,0,0,0,1
1,0,0,0,1
1,0,0,0,1
1,0,0,0,1
1,0,0,0,1
1,0,0,0,1
1,0,0,0,1
1,0,0,0,1
1,0,0,0,1
2,0,0,0,2
1,0,0,0,1
1,0,0,0,1
1,0,0,0,1
1,0,0,0,1
1,0,0,0,1
1,0,0,0,1
1,0,0,0,1
1,0,0,0,1
1,0,0,0,1
1,0,0,0,1
1,0,0,0,1
1,0,0,0,1
1,0,0,0,1
1,0,0,0,1
1,0,0,0,1
1,0,0,0,1
1,0,0,0,1
1,0,0,0,1
1,0,0,0,1
1,0,0,0,1
1,0,0,0,1
1,1,1,0,3
1,0,0,0,1
1,0,0,0,1
1,0,0,0,1
1,0,0,0,1
1,0,0,0,1
1,0,0,0,1
1,0,0,0,1
1,0,0,0,1
1,0,0,0,1
1,0,0,0,1
1,0,0,0,1
1,0,0,0,1
1,0,0,0,1
1,0,0,0,1
1,0,0,0,1
1,0,0,0,1
1,0,0,0,1
1,0,0,0,1
1,0,0,0,1
1,0,0,0,1
1,0,0,0,1
1,0,0,0,1
1,0,0,0,1
1,0,0,0,1
1,0,0,0,1
1,0,0,0,1
1,0,0,0,1
1,0,0,0,1
1,0,0,0,1
1,0,0,0,1
1,0,0,0,1
1,0,0,0,1
1,0,0,0,1
1,0,0,0,1
1,0,0,0,1
1,0,0,0,1
1,0,0,0,1
1,0,0,0,1
1,0,0,0,1
1,0,0,0,1
1,0,0,0,1
1,0,0,0,1
1,0,0,0,1
1,0,0,0,1
1,0,0,0,1
1,0,0,0,1
1,0,0,0,1
1,0,0,0,1
1,0,0,0,1
1,0,0,0,1
1,0,0,0,1
1,0,0,0,1
1,0,0,0,1
1,0,0,0,1
1,0,0,0,1
1,0,0,0,1
1,0,0,0,1
1,0,0,0,1
1,0,0,0,1
1,0,0,0,1
1,0,0,0,1
1,0,0,0,1
1,0,0,0,1
1,0,0,0,1
2,0,0,0,2
1,0,0,0,1
1,0,0,0,1
1,0,0,0,1
1,0,0,0,1
1,0,0,0,1
1,0,0,0,1
1,0,0,0,1
1,0,0,0,1
1,0,0,0,1
1,0,0,0,1
1,0,0,0,1
1,0,0,0,1
1,0,0,0,1
1,0,0,0,1
1,0,0,0,1
1,0,0,0,1
1,0,0,0,1
1,2,0,0,3
1,0,0,0,1
1,0,0,0,1
1,0,0,0,1
1,0,0,0,1
1,0,0,0,1
1,0,0,0,1
1,0,0,0,1
1,0,0,0,1
1,0,0,0,1
1,0,0,0,1
1,0,0,0,1
1,0,0,0,1
1,0,0,0,1
1,0,0,0,1
1,0,0,0,1
1,0,0,0,1
1,0,0,0,1
1,0,0,0,1
1,0,0,0,1
1,0,0,0,1
1,0,0,0,1
1,0,0,0,1
1,0,0,0,1
1,0,0,0,1
1,0,0,0,1
1,0,0,0,1
1,0,0,0,1
1,0,0,0,1
1,0,0,0,1
1,0,0,0,1
1,0,0,0,1
1,0,0,0,1
1,0,0,0,1
1,0,0,0,1
1,0,0,0,1
1,0,0,0,1
1,0,0,0,1
1,0,0,0,1
1,0,0,0,1
1,0,0,0,1
1,0,0,0,1
1,0,0,0,1
1,0,0,0,1
1,0,0,0,1
1,0,0,0,1
1,0,0,0,1
1,0,0,0,1
1,0,0,0,1
1,0,0,0,1
1,0,0,0,1
1,0,0,0,1
1,0,0,0,1
1,0,0,0,1
1,0,0,0,1
1,0,0,0,1
1,0,0,0,1
1,0,0,0,1
1,0,0,0,1
1,0,0,0,1
1,0,0,0,1
1,0,0,0,1
1,0,0,0,1
1,0,0,0,1
1,0,0,0,1
1,0,0,0,1
1,0,0,0,1
1,0,0,0,1
1,0,0,0,1
1,0,0,0,1
1,0,0,0,1
1,0,0,0,1
1,0,0,0,1
1,0,0,0,1
1,0,0,0,1
1,0,0,0,1
1,0,0,0,1
1,0,0,0,1
1,0,0,0,1
1,0,0,0,1
1,0,0,0,1
1,0,0,0,1
1,0,0,0,1
1,0,0,0,1
1,0,0,0,1
1,0,0,0,1
1,0,0,0,1
1,0,0,0,1
1,0,0,0,1
1,0,0,0,1
1,0,0,0,1
1,0,0,0,1
1,0,0,0,1
1,0,0,0,1
1,0,0,0,1
1,3,0,0,4
1,0,0,0,1
1,1,0,0,2
1,0,0,0,1
1,0,0,0,1
1,0,0,0,1
1,0,0,0,1
1,0,0,0,1
1,0,0,0,1
1,0,0,0,1
1,0,0,0,1
1,0,0,0,1
1,0,0,0,1
1,0,0,0,1
1,0,0,0,1
1,0,0,0,1
1,0,0,0,1
1,0,0,0,1
1,0,0,0,1
1,0,0,0,1
1,0,0,0,1
1,0,0,0,1
1,0,0,0,1
1,0,0,0,1
1,0,0,0,1
1,0,0,0,1
1,0,0,0,1
1,0,0,0,1
1,0,0,0,1
1,0,0,0,1
1,0,0,0,1
1,1,0,0,2
1,0,0,0,1
1,0,0,0,1
1,0,0,0,1
1,0,0,0,1
1,0,0,0,1
1,0,0,0,1
1,0,0,0,1
1,0,0,0,1
1,0,0,0,1
1,0,0,0,1
1,0,0,0,1
1,0,0,0,1
1,0,0,0,1
1,0,0,0,1
1,0,0,0,1
1,0,0,0,1
1,0,0,0,1
1,0,0,0,1
1,0,0,0,1
1,0,0,0,1
1,0,0,0,1
1,0,0,0,1
1,0,0,0,1
1,0,0,0,1
1,0,0,0,1
1,0,0,0,1
1,0,0,0,1
1,0,0,0,1
1,0,0,0,1
1,0,0,0,1
1,0,0,0,1
1,0,0,0,1
1,0,0,0,1
1,0,0,0,1
1,0,0,0,1
1,0,0,0,1
1,2,0,0,3
1,0,0,0,1
1,0,0,0,1
1,0,0,0,1
1,0,0,0,1
1,0,0,0,1
1,0,0,0,1
1,0,0,0,1
1,0,0,0,1
1,0,0,0,1
1,0,0,0,1
1,0,0,0,1
1,0,0,0,1
1,0,0,0,1
1,0,0,0,1
1,0,0,0,1
1,0,0,0,1
1,0,0,0,1
1,0,0,0,1
1,0,0,0,1
1,0,0,0,1
1,0,0,0,1
1,0,0,0,1
1,0,0,0,1
1,0,0,0,1
1,0,0,0,1
1,0,0,0,1
1,0,0,0,1
1,0,0,0,1
1,0,0,0,1
1,0,0,0,1
1,0,0,0,1
1,0,0,0,1
1,0,0,0,1
1,0,0,0,1
1,0,0,0,1
1,0,0,0,1
1,0,0,0,1
1,0,0,0,1
1,0,0,0,1
1,0,0,0,1
1,0,0,0,1
1,0,0,0,1
1,0,0,0,1
1,0,0,0,1
1,0,0,0,1
1,0,0,0,1
1,0,0,0,1
1,0,0,0,1
1,0,0,0,1
1,0,0,0,1
1,0,0,0,1
1,0,0,0,1
1,0,0,0,1
1,0,0,0,1
1,0,0,0,1
1,0,0,0,1
1,0,0,0,1
1,0,0,0,1
1,0,0,0,1
1,0,0,0,1
1,0,0,0,1
1,0,0,0,1
1,0,0,0,1
1,0,0,0,1
1,0,0,0,1
1,0,0,0,1
1,0,0,0,1
1,0,0,0,1
1,0,0,0,1
1,0,0,0,1
1,0,0,0,1
1,0,0,0,1
1,0,0,0,1
1,0,0,0,1
1,0,0,0,1
1,0,0,0,1
2,0,0,0,2
1,0,0,0,1
1,0,0,0,1
1,0,0,0,1
1,0,0,0,1
1,0,0,0,1
1,0,0,0,1
1,0,0,0,1
1,0,0,0,1
1,0,0,0,1
1,0,0,0,1
1,0,0,0,1
1,0,0,0,1
1,0,0,0,1
1,0,0,0,1
1,0,0,0,1
1,0,0,0,1
1,0,0,0,1
1,0,0,0,1
1,0,0,0,1
1,0,0,0,1
1,0,0,0,1
1,0,0,0,1
1,0,0,0,1
1,0,0,0,1
1,0,0,0,1
1,0,0,0,1
1,0,0,0,1
1,0,0,0,1
1,0,0,0,1
1,0,0,0,1
1,0,0,0,1
1,0,0,0,1
1,0,0,0,1
1,0,0,0,1
1,0,0,0,1
1,0,0,0,1
1,0,0,0,1
1,0,0,0,1
1,0,0,0,1
1,0,0,0,1
1,0,0,0,1
1,0,0,0,1
1,0,0,0,1
1,0,0,0,1
1,0,0,0,1
1,0,0,0,1
1,3,1,0,5
1,0,0,0,1
1,0,0,0,1
1,0,0,0,1
1,2,0,0,3
1,0,0,0,1
1,0,0,0,1
1,0,0,0,1
1,0,0,0,1
1,0,0,0,1
1,0,0,0,1
1,0,0,0,1
1,0,0,0,1
1,0,0,0,1
1,0,0,0,1
1,0,0,0,1
1,0,0,0,1
1,0,0,0,1
1,0,0,0,1
1,0,0,0,1
1,0,0,0,1
1,0,0,0,1
1,0,0,0,1
1,0,0,0,1
1,0,0,0,1
1,0,0,0,1
1,0,0,0,1
1,0,0,0,1
1,0,0,0,1
1,0,0,0,1
1,0,0,0,1
1,0,0,0,1
1,0,0,0,1
1,17,0,0,18
1,0,0,0,1
1,0,0,0,1
1,0,0,0,1
1,0,0,0,1
1,0,0,0,1
1,0,0,0,1
1,0,0,0,1
1,0,0,0,1
1,0,0,0,1
1,0,0,0,1
1,0,0,0,1
1,0,1,0,2
1,0,0,0,1
1,0,0,0,1
1,0,0,0,1
1,0,0,0,1
1,0,0,0,1
1,0,0,0,1
1,0,0,0,1
1,0,0,0,1
1,0,0,0,1
1,0,0,0,1
1,0,0,0,1
1,0,0,0,1
1,0,0,0,1
1,0,0,0,1
1,0,0,0,1
1,0,0,0,1
1,0,0,0,1
1,0,0,0,1
1,0,0,0,1
1,0,0,0,1
1,0,0,0,1
1,0,0,0,1
2,0,0,0,2
1,0,0,0,1
1,0,0,0,1
1,0,0,0,1
1,0,0,0,1
1,4,0,0,5
1,0,0,0,1
1,0,0,0,1
1,0,0,0,1
1,0,0,0,1
1,0,0,0,1
1,0,0,0,1
1,0,0,0,1
1,0,0,0,1
1,0,0,0,1
1,0,0,0,1
1,0,0,0,1
1,0,0,0,1
1,0,0,0,1
1,0,0,0,1
1,62,0,0,63
1,0,0,0,1
1,0,0,0,1
1,0,0,0,1
1,0,0,0,1
1,0,0,0,1
1,0,0,0,1
1,0,0,0,1
1,0,0,0,1
1,0,0,0,1
1,0,0,0,1
1,0,0,0,1
1,0,0,0,1
1,0,0,0,1
1,0,0,0,1
1,0,0,0,1
1,0,0,0,1
1,0,0,0,1
1,0,0,0,1
1,0,0,0,1
1,0,0,0,1
1,0,0,0,1
1,0,0,0,1
1,0,0,0,1
1,0,0,0,1
1,0,0,0,1
1,0,0,0,1
1,0,0,0,1
1,0,0,0,1
1,0,0,0,1
1,0,0,0,1
1,0,0,0,1
1,0,0,0,1
1,0,0,0,1
1,0,0,0,1
1,0,0,0,1
1,0,0,0,1
1,0,0,0,1
1,0,0,0,1
1,0,0,0,1
1,0,0,0,1
1,0,0,0,1
1,0,0,0,1
1,0,0,0,1
1,0,0,0,1
1,0,0,0,1
1,0,0,0,1
1,0,0,0,1
1,0,0,0,1
1,0,0,0,1
1,0,0,0,1
1,0,0,0,1
1,0,0,0,1
1,0,0,0,1
1,0,0,0,1
1,0,0,0,1
1,0,0,0,1
1,0,0,0,1
1,0,0,0,1
1,0,0,0,1
1,0,0,0,1
1,0,0,0,1
1,0,0,0,1
1,0,0,0,1
1,0,0,0,1
1,0,0,0,1
1,0,0,0,1
1,0,0,0,1
1,0,0,0,1
1,0,0,0,1
1,0,0,0,1
1,0,0,0,1
1,0,0,0,1
1,0,0,0,1
1,0,0,0,1
1,0,0,0,1
1,0,0,0,1
1,0,0,0,1
1,0,0,0,1
1,0,0,0,1
1,0,0,0,1
1,0,0,0,1
1,0,0,0,1
1,0,0,0,1
1,0,0,0,1
1,1,0,0,2
1,0,0,0,1
1,0,0,0,1
1,0,0,0,1
1,0,0,0,1
1,0,0,0,1
1,0,0,0,1
1,0,0,0,1
1,0,0,0,1
1,0,0,0,1
1,0,0,0,1
1,0,0,0,1
1,0,0,0,1
1,0,0,0,1
1,0,0,0,1
1,0,0,0,1
1,0,0,0,1
1,0,0,0,1
1,0,0,0,1
1,0,0,0,1
1,0,0,0,1
1,0,0,0,1
1,0,0,0,1
1,5,0,0,6
1,0,0,0,1
1,0,0,0,1
1,0,0,0,1
1,0,0,0,1
1,0,0,0,1
1,0,0,0,1
1,0,0,0,1
1,0,0,0,1
1,0,0,0,1
1,0,0,0,1
1,0,0,0,1
1,0,0,0,1
1,0,0,0,1
1,0,0,0,1
1,0,0,0,1
1,0,0,0,1
1,0,0,0,1
1,0,0,0,1
1,0,0,0,1
1,0,0,0,1
1,50,0,0,51
1,7,1,0,9
1,0,0,0,1
1,111,0,0,112
1,0,0,0,1
1,0,0,0,1
1,0,0,0,1
1,0,0,0,1
1,0,0,0,1
1,0,0,0,1
1,0,0,0,1
1,0,0,0,1
1,0,0,0,1
1,0,0,0,1
1,0,0,0,1
1,0,0,0,1
1,0,0,0,1
1,0,0,0,1
1,0,0,0,1
1,0,0,0,1
1,0,0,0,1
1,0,0,0,1
1,0,0,0,1
1,0,0,0,1
1,0,0,0,1
1,0,0,0,1
1,0,0,0,1
1,0,0,0,1
1,0,0,0,1
1,0,0,0,1
1,0,0,0,1
1,0,0,0,1
1,0,0,0,1
1,0,0,0,1
1,0,0,0,1
1,0,0,0,1
1,0,0,0,1
1,0,0,0,1
1,0,0,0,1
1,0,0,0,1
1,0,0,0,1
1,0,0,0,1
1,0,0,0,1
1,0,0,0,1
1,0,0,0,1
1,0,0,0,1
1,0,0,0,1
1,0,0,0,1
1,0,0,0,1
1,0,0,0,1
1,0,0,0,1
1,0,0,0,1
1,0,0,0,1
1,0,0,0,1
1,0,0,0,1
1,0,0,0,1
1,0,0,0,1
1,0,0,0,1
1,0,0,0,1
1,0,0,0,1
1,0,0,0,1
1,0,0,0,1
1,0,0,0,1
1,0,0,0,1
1,0,0,0,1
1,0,0,0,1
1,0,0,0,1
1,0,0,0,1
1,0,0,0,1
1,0,0,0,1
1,0,0,0,1
1,0,0,0,1
1,0,0,0,1
1,0,0,0,1
1,0,0,0,1
1,0,0,0,1
1,0,0,0,1
1,0,0,0,1
1,0,0,0,1
1,0,0,0,1
1,0,0,0,1
1,0,0,0,1
1,0,0,0,1
1,0,0,0,1
1,0,0,0,1
1,0,0,0,1
1,0,0,0,1
1,0,0,0,1
1,0,0,0,1
1,0,0,0,1
1,0,0,0,1
1,0,0,0,1
1,0,0,0,1
1,0,0,0,1
1,0,0,0,1
1,0,0,0,1
1,0,0,0,1
1,0,0,0,1
1,0,0,0,1
1,2,0,0,3
1,0,0,0,1
1,0,0,0,1
1,0,0,0,1
1,0,0,0,1
1,0,0,0,1
1,0,0,0,1
1,0,0,0,1
1,0,0,0,1
1,0,0,0,1
1,0,0,0,1
1,0,0,0,1
1,0,0,0,1
1,0,0,0,1
1,0,0,0,1
1,0,0,0,1
1,0,0,0,1
1,0,0,0,1
1,0,0,0,1
1,0,0,0,1
1,0,0,0,1
1,0,0,0,1
1,0,0,0,1
1,0,0,0,1
1,0,0,0,1
1,0,0,0,1
1,0,0,0,1
1,0,0,0,1
1,0,0,0,1
1,0,0,0,1
1,0,0,0,1
1,1,0,0,2
1,0,0,0,1
1,0,0,0,1
1,0,0,0,1
1,0,0,0,1
1,0,0,0,1
1,0,0,0,1
1,0,0,0,1
1,0,0,0,1
1,0,0,0,1
1,0,0,0,1
1,0,0,0,1
1,0,0,0,1
1,0,0,0,1
1,0,0,0,1
1,0,0,0,1
1,0,0,0,1
1,0,0,0,1
1,0,0,0,1
1,0,0,0,1
1,6,2,0,9
1,0,0,0,1
1,0,0,0,1
1,0,0,0,1
1,0,0,0,1
1,0,0,0,1
1,0,0,0,1
1,0,0,0,1
1,0,0,0,1
1,0,0,0,1
1,0,0,0,1
1,0,0,0,1
1,0,0,0,1
1,0,0,0,1
1,0,0,0,1
1,0,0,0,1
1,0,0,0,1
1,0,0,0,1
1,0,0,0,1
1,0,0,0,1
1,0,0,0,1
1,0,0,0,1
1,0,0,0,1
1,0,0,0,1
1,0,0,0,1
1,0,0,0,1
1,0,0,0,1
1,0,0,0,1
1,0,0,0,1
1,0,0,0,1
1,0,0,0,1
1,0,0,0,1
1,0,0,0,1
1,2,0,0,3
1,4,1,0,6
1,0,0,0,1
1,0,0,0,1
1,0,0,0,1
1,29,0,0,30
1,0,0,0,1
1,0,0,0,1
1,0,0,0,1
1,0,0,0,1
1,0,0,0,1
1,0,0,0,1
1,0,0,0,1
1,0,0,0,1
1,0,0,0,1
1,0,0,0,1
1,0,0,0,1
1,0,0,0,1
1,4,0,0,5
1,0,0,0,1
1,0,0,0,1
1,0,0,0,1
1,0,0,0,1
1,0,0,0,1
1,0,0,0,1
1,0,0,0,1
1,0,0,0,1
1,0,0,0,1
1,0,0,0,1
1,0,0,0,1
1,0,0,0,1
1,0,0,0,1
1,0,0,0,1
1,0,0,0,1
1,0,0,0,1
1,0,0,0,1
1,1,0,0,2
1,0,0,0,1
1,0,0,0,1
1,0,0,0,1
1,0,0,0,1
1,0,0,0,1
1,0,0,0,1
1,0,0,0,1
1,0,0,0,1
1,0,0,0,1
1,0,0,0,1
1,0,0,0,1
1,0,0,0,1
1,0,0,0,1
1,0,0,0,1
1,4,0,0,5
1,0,0,0,1
1,0,0,0,1
1,0,0,0,1
1,0,0,0,1
1,0,0,0,1
1,0,0,0,1
1,0,0,0,1
1,0,0,0,1
1,0,0,0,1
1,0,0,0,1
1,0,0,0,1
1,0,0,0,1
1,0,0,0,1
1,0,0,0,1
1,0,0,0,1
1,0,0,0,1
1,0,0,0,1
1,0,0,0,1
1,0,0,0,1
1,0,0,0,1
1,0,0,0,1
1,0,0,0,1
1,0,0,0,1
1,0,0,0,1
1,0,0,0,1
1,0,0,0,1
1,0,0,0,1
1,0,0,0,1
1,0,0,0,1
1,0,0,0,1
1,0,0,0,1
1,0,0,0,1
1,1,1,0,3
1,0,0,0,1
1,0,0,0,1
1,0,0,0,1
1,0,0,0,1
1,0,0,0,1
1,0,0,0,1
1,0,0,0,1
1,0,0,0,1
1,0,0,0,1
1,0,0,0,1
1,0,0,0,1
1,0,0,0,1
1,0,0,0,1
1,0,0,0,1
1,0,0,0,1
1,1,0,0,2
1,0,0,0,1
1,0,0,0,1
1,0,0,0,1
1,0,0,0,1
1,0,0,0,1
1,0,0,0,1
1,0,0,0,1
1,0,0,0,1
1,0,0,0,1
1,0,0,0,1
1,0,0,0,1
1,0,0,0,1
1,0,0,0,1
1,0,0,0,1
1,0,0,0,1
1,0,0,0,1
1,2,0,0,3
1,0,0,0,1
1,0,0,0,1
1,0,0,0,1
1,0,0,0,1
1,0,0,0,1
1,0,0,0,1
1,0,0,0,1
1,0,0,0,1
1,0,0,0,1
1,0,0,0,1
1,0,0,0,1
1,0,0,0,1
1,0,0,0,1
1,0,0,0,1
1,0,0,0,1
1,0,0,0,1
1,0,0,0,1
1,0,0,0,1
1,0,0,0,1
1,0,0,0,1
1,0,0,0,1
1,0,0,0,1
1,0,0,0,1
1,0,0,0,1
1,0,0,0,1
2,0,0,0,2
1,3,0,0,4
1,0,0,0,1
1,0,0,0,1
1,0,0,0,1
1,0,0,0,1
1,0,0,0,1
1,0,0,0,1
1,0,0,0,1
1,0,0,0,1
1,7,0,0,8
1,0,0,0,1
1,0,0,0,1
1,0,0,0,1
1,0,0,0,1
1,0,0,0,1
1,0,0,0,1
1,0,0,0,1
1,0,0,0,1
1,0,0,0,1
1,0,0,0,1
1,0,0,0,1
1,0,0,0,1
1,0,0,0,1
1,0,0,0,1
1,0,0,0,1
1,0,0,0,1
1,0,0,0,1
1,0,0,0,1
1,0,0,0,1
1,0,0,0,1
1,0,0,0,1
1,0,0,0,1
1,0,0,0,1
1,0,0,0,1
1,0,0,0,1
1,0,0,0,1
1,0,0,0,1
1,0,0,0,1
1,0,0,0,1
1,0,0,0,1
1,0,0,0,1
1,0,0,0,1
1,0,0,0,1
1,0,0,0,1
1,0,0,0,1
1,0,0,0,1
1,0,0,0,1
1,0,0,0,1
1,0,0,0,1
1,0,0,0,1
1,0,0,0,1
1,0,0,0,1
1,0,0,0,1
1,0,0,0,1
1,0,0,0,1
1,0,0,0,1
1,0,0,0,1
1,0,0,0,1
1,0,0,0,1
1,2,0,0,3
1,0,0,0,1
1,0,0,0,1
1,0,0,0,1
1,0,0,0,1
1,0,0,0,1
1,0,0,0,1
1,0,0,0,1
1,0,0,0,1
1,0,0,0,1
1,0,0,0,1
1,0,0,0,1
1,0,0,0,1
1,0,0,0,1
1,0,0,0,1
1,0,0,0,1
1,0,0,0,1
1,0,0,0,1
1,0,0,0,1
1,0,0,0,1
1,0,0,0,1
1,0,0,0,1
1,0,0,0,1
1,0,0,0,1
1,0,0,0,1
1,0,0,0,1
1,0,0,0,1
1,0,0,0,1
1,0,0,0,1
1,0,0,0,1
1,0,0,0,1
1,0,0,0,1
1,0,0,0,1
1,0,0,0,1
1,0,0,0,1
2,0,0,0,2
1,0,0,0,1
1,0,0,0,1
1,0,0,0,1
1,0,0,0,1
1,0,0,0,1
1,0,0,0,1
1,0,0,0,1
1,0,0,0,1
1,0,0,0,1
1,0,0,0,1
1,0,0,0,1
1,0,0,0,1
1,0,0,0,1
1,0,0,0,1
1,0,0,0,1
1,0,0,0,1
1,0,0,0,1
1,0,0,0,1
1,0,0,0,1
1,0,0,0,1
1,0,0,0,1
1,0,0,0,1
1,0,0,0,1
1,0,0,0,1
1,0,0,0,1
1,0,0,0,1
1,0,0,0,1
1,0,0,0,1
1,0,0,0,1
1,0,0,0,1
1,0,0,0,1
1,0,0,0,1
1,0,0,0,1
1,0,0,0,1
1,0,0,0,1
1,0,0,0,1
1,0,0,0,1
1,0,0,0,1
1,0,0,0,1
1,0,0,0,1
1,0,0,0,1
1,0,0,0,1
1,0,0,0,1
1,0,0,0,1
1,0,0,0,1
1,0,0,0,1
1,0,0,0,1
1,0,0,0,1
1,0,0,0,1
1,0,0,0,1
1,0,0,0,1
1,3,0,0,4
1,0,0,0,1
1,0,0,0,1
1,0,0,0,1
1,0,0,0,1
1,0,0,0,1
1,0,0,0,1
1,0,0,0,1
1,0,0,0,1
1,0,0,0,1
1,0,0,0,1
1,0,0,0,1
1,0,0,0,1
1,0,0,0,1
1,0,0,0,1
1,0,0,0,1
1,0,0,0,1
1,0,0,0,1
1,0,0,0,1
1,0,0,0,1
1,0,0,0,1
1,0,0,0,1
1,0,0,0,1
1,0,0,0,1
1,0,0,0,1
1,0,0,0,1
1,0,0,0,1
1,0,0,0,1
1,0,0,0,1
1,0,0,0,1
1,0,0,0,1
1,0,0,0,1
1,0,0,0,1
1,0,0,0,1
1,0,0,0,1
1,0,0,0,1
1,0,0,0,1
1,0,0,0,1
1,0,2,0,3
1,0,0,0,1
1,0,0,0,1
1,0,0,0,1
1,0,0,0,1
1,0,0,0,1
1,0,0,0,1
1,0,0,0,1
1,0,0,0,1
1,0,0,0,1
1,0,0,0,1
1,1,0,0,2
1,0,0,0,1
1,0,0,0,1
1,0,0,0,1
1,0,0,0,1
1,0,0,0,1
1,0,0,0,1
1,0,0,0,1
1,0,0,0,1
1,0,0,0,1
1,0,0,0,1
1,0,0,0,1
1,0,0,0,1
1,0,0,0,1
1,0,0,0,1
1,0,0,0,1
1,0,0,0,1
1,0,0,0,1
1,0,0,0,1
1,0,0,0,1
1,0,0,0,1
1,0,0,0,1
1,0,0,0,1
1,0,0,0,1
1,0,0,0,1
1,0,0,0,1
1,0,0,0,1
1,3,1,0,5
1,0,0,0,1
1,0,0,0,1
1,0,0,0,1
1,0,0,0,1
1,1,0,0,2
1,0,0,0,1
1,0,0,0,1
1,0,0,0,1
1,0,0,0,1
1,0,0,0,1
1,0,0,0,1
1,0,0,0,1
1,0,0,0,1
1,0,0,0,1
1,0,0,0,1
1,0,0,0,1
1,0,0,0,1
1,0,0,0,1
1,0,0,0,1
1,0,0,0,1
1,0,0,0,1
1,0,0,0,1
1,0,0,0,1
1,0,0,0,1
1,0,0,0,1
1,0,0,0,1
1,0,0,0,1
1,1,0,0,2
1,0,0,0,1
1,0,0,0,1
1,0,0,0,1
1,0,0,0,1
1,0,0,0,1
1,0,0,0,1
1,0,0,0,1
1,0,0,0,1
1,0,0,0,1
1,0,0,0,1
1,0,0,0,1
1,0,0,0,1
1,0,0,0,1
1,0,0,0,1
1,0,0,0,1
1,0,0,0,1
1,0,0,0,1
1,0,0,0,1
1,0,0,0,1
1,0,0,0,1
1,0,0,0,1
1,0,0,0,1
1,0,0,0,1
1,0,0,0,1
1,0,0,0,1
1,0,0,0,1
1,0,0,0,1
1,0,0,0,1
1,0,0,0,1
1,0,0,0,1
1,0,0,0,1
1,0,0,0,1
1,0,0,0,1
1,0,0,0,1
1,0,0,0,1
1,0,0,0,1
1,0,0,0,1
1,0,0,0,1
1,2,0,0,3
1,0,0,0,1
1,0,0,0,1
1,0,0,0,1
1,0,0,0,1
1,0,0,0,1
1,0,0,0,1
1,0,0,0,1
1,0,0,0,1
1,0,0,0,1
1,0,0,0,1
1,0,0,0,1
1,0,0,0,1
1,0,0,0,1
1,0,0,0,1
1,0,0,0,1
1,0,0,0,1
1,0,0,0,1
1,0,0,0,1
1,0,0,0,1
1,0,0,0,1
1,0,0,0,1
1,0,0,0,1
1,0,0,0,1
1,0,0,0,1
1,0,0,0,1
1,0,0,0,1
1,0,0,0,1
1,0,0,0,1
1,0,0,0,1
1,0,0,0,1
1,0,0,0,1
1,0,0,0,1
1,0,0,0,1
1,0,0,0,1
1,0,0,0,1
1,0,0,0,1
1,0,0,0,1
1,0,0,0,1
1,0,0,0,1
1,0,0,0,1
1,0,0,0,1
1,0,0,0,1
1,0,0,0,1
1,0,0,0,1
1,0,0,0,1
1,0,0,0,1
1,0,0,0,1
1,0,0,0,1
1,0,0,0,1
1,0,0,0,1
1,0,0,0,1
1,0,0,0,1
1,0,0,0,1
1,0,0,0,1
1,0,0,0,1
1,0,0,0,1
1,0,0,0,1
1,0,0,0,1
1,0,0,0,1
1,0,0,0,1
2,0,0,0,2
1,0,0,0,1
1,0,0,0,1
1,0,0,0,1
1,0,0,0,1
1,0,0,0,1
1,0,0,0,1
1,0,0,0,1
1,0,0,0,1
1,0,0,0,1
1,0,0,0,1
1,0,0,0,1
1,0,0,0,1
1,0,0,0,1
1,0,0,0,1
1,1,0,0,2
1,0,0,0,1
1,0,0,0,1
1,0,0,0,1
1,0,0,0,1
1,0,0,0,1
1,0,0,0,1
1,0,0,0,1
1,0,0,0,1
1,0,0,0,1
1,0,0,0,1
1,0,0,0,1
1,0,0,0,1
1,0,0,0,1
1,0,0,0,1
1,0,0,0,1
1,0,0,0,1
1,0,0,0,1
1,0,0,0,1
1,0,0,0,1
1,0,0,0,1
1,0,0,0,1
1,0,0,0,1
1,0,0,0,1
1,0,0,0,1
1,0,0,0,1
1,0,0,0,1
1,0,0,0,1
1,0,0,0,1
1,0,0,0,1
1,0,0,0,1
1,0,0,0,1
1,0,0,0,1
1,0,0,0,1
1,0,0,0,1
1,0,0,0,1
1,0,0,0,1
1,0,0,0,1
1,0,0,0,1
1,0,0,0,1
1,0,0,0,1
1,0,0,0,1
1,0,0,0,1
1,0,0,0,1
1,0,0,0,1
1,0,0,0,1
1,0,0,0,1
1,0,0,0,1
1,0,0,0,1
1,0,0,0,1
1,0,0,0,1
1,0,0,0,1
1,0,0,0,1
1,0,0,0,1
1,0,0,0,1
1,0,0,0,1
1,0,0,0,1
1,0,0,0,1
1,0,0,0,1
1,9,0,0,10
1,0,0,0,1
1,0,0,0,1
1,0,0,0,1
1,0,0,0,1
1,0,0,0,1
1,0,0,0,1
1,0,0,0,1
1,0,0,0,1
1,0,0,0,1
1,0,0,0,1
1,0,0,0,1
1,0,0,0,1
1,0,0,0,1
1,2,0,0,3
1,0,0,0,1
1,0,0,0,1
1,0,0,0,1
1,0,0,0,1
1,0,0,0,1
1,0,0,0,1
1,0,0,0,1
1,0,0,0,1
1,0,0,0,1
1,0,0,0,1
1,0,0,0,1
1,0,0,0,1
1,0,0,0,1
1,0,0,0,1
1,56,0,0,57
1,0,0,0,1
1,0,0,0,1
1,0,0,0,1
1,0,0,0,1
1,0,0,0,1
1,0,0,0,1
1,0,0,0,1
1,0,0,0,1
1,0,0,0,1
1,0,0,0,1
1,0,0,0,1
1,0,0,0,1
1,0,0,0,1
1,0,0,0,1
1,0,0,0,1
1,0,0,0,1
1,0,0,0,1
1,0,0,0,1
1,0,0,0,1
1,0,0,0,1
1,0,0,0,1
1,0,0,0,1
1,0,0,0,1
1,0,0,0,1
1,0,0,0,1
1,0,0,0,1
1,0,0,0,1
1,0,0,0,1
1,0,0,0,1
1,0,0,0,1
1,0,0,0,1
1,0,0,0,1
1,0,0,0,1
1,0,0,0,1
1,0,0,0,1
1,0,0,0,1
1,0,0,0,1
1,0,0,0,1
1,0,0,0,1
1,0,0,0,1
2,1,0,0,3
1,0,0,0,1
1,0,0,0,1
1,0,0,0,1
1,0,0,0,1
1,0,0,0,1
1,0,0,0,1
1,0,0,0,1
1,0,0,0,1
1,0,0,0,1
1,0,0,0,1
1,0,0,0,1
1,0,0,0,1
1,0,0,0,1
1,0,0,0,1
1,0,0,0,1
1,0,0,0,1
1,0,0,0,1
1,0,0,0,1
1,0,0,0,1
1,0,0,0,1
1,1,0,0,2
1,3,0,0,4
1,0,0,0,1
1,0,0,0,1
1,0,0,0,1
1,0,0,0,1
1,0,0,0,1
1,0,0,0,1
1,0,0,0,1
1,0,0,0,1
1,0,0,0,1
1,0,0,0,1
1,0,0,0,1
1,0,0,0,1
1,0,0,0,1
1,0,0,0,1
1,0,0,0,1
1,0,0,0,1
1,0,0,0,1
1,0,0,0,1
1,0,0,0,1
1,0,0,0,1
1,0,0,0,1
1,0,0,0,1
1,0,0,0,1
1,0,0,0,1
1,0,0,0,1
1,0,0,0,1
1,0,0,0,1
1,0,0,0,1
1,0,0,0,1
1,0,0,0,1
1,0,0,0,1
1,0,0,0,1
1,0,0,0,1
1,1,0,0,2
1,0,0,0,1
1,0,0,0,1
1,0,0,0,1
1,0,0,0,1
1,0,0,0,1
1,0,0,0,1
1,1,0,0,2
1,0,0,0,1
1,0,0,0,1
1,0,0,0,1
1,0,0,0,1
1,0,0,0,1
1,0,0,0,1
1,0,0,0,1
1,0,0,0,1
1,0,0,0,1
1,0,0,0,1
1,0,0,0,1
1,0,0,0,1
1,0,0,0,1
1,0,0,0,1
1,0,0,0,1
1,0,0,0,1
1,0,0,0,1
1,0,0,0,1
1,0,0,0,1
1,0,0,0,1
1,0,0,0,1
1,0,0,0,1
1,0,0,0,1
1,0,0,0,1
1,0,0,0,1
1,0,0,0,1
1,0,0,0,1
1,0,0,0,1
1,0,0,0,1
1,0,0,0,1
1,0,0,0,1
1,7,0,0,8
1,0,0,0,1
1,0,0,0,1
1,0,0,0,1
1,0,0,0,1
1,0,0,0,1
1,3,0,0,4
1,0,0,0,1
1,0,0,0,1
1,0,0,0,1
1,0,0,0,1
1,0,0,0,1
1,0,0,0,1
1,0,0,0,1
1,0,0,0,1
1,0,0,0,1
1,0,0,0,1
1,0,0,0,1
1,0,0,0,1
1,0,0,0,1
1,0,0,0,1
1,0,0,0,1
1,0,0,0,1
1,0,0,0,1
1,0,0,0,1
1,0,0,0,1
1,0,0,0,1
1,0,0,0,1
1,0,0,0,1
1,0,0,0,1
1,0,0,0,1
1,0,0,0,1
1,0,0,0,1
1,0,0,0,1
1,0,0,0,1
1,0,0,0,1
1,0,0,0,1
1,0,0,0,1
1,0,0,0,1
1,0,0,0,1
1,0,0,0,1
1,0,0,0,1
1,0,0,0,1
1,0,0,0,1
1,0,0,0,1
1,0,0,0,1
1,0,0,0,1
1,0,0,0,1
1,0,0,0,1
1,0,0,0,1
1,0,0,0,1
1,0,0,0,1
1,0,0,0,1
1,0,0,0,1
1,0,0,0,1
1,0,0,0,1
1,0,0,0,1
1,0,0,0,1
1,0,0,0,1
1,0,0,0,1
1,0,0,0,1
1,0,0,0,1
1,0,0,0,1
1,0,0,0,1
1,0,0,0,1
1,0,0,0,1
1,0,0,0,1
1,0,0,0,1
1,0,0,0,1
1,0,0,0,1
1,0,0,0,1
1,0,0,0,1
1,0,0,0,1
1,0,0,0,1
1,0,0,0,1
1,0,0,0,1
1,0,0,0,1
1,0,0,0,1
1,0,0,0,1
1,0,0,0,1
1,0,0,0,1
1,0,0,0,1
1,0,0,0,1
1,0,0,0,1
1,0,0,0,1
1,0,1,0,2
1,0,0,0,1
1,0,0,0,1
1,0,0,0,1
1,0,0,0,1
1,0,0,0,1
1,0,0,0,1
1,0,0,0,1
1,0,0,0,1
1,0,0,0,1
1,0,0,0,1
1,0,0,0,1
1,0,0,0,1
1,0,0,0,1
1,0,0,0,1
1,3,0,0,4
1,0,0,0,1
1,0,0,0,1
1,0,0,0,1
1,0,0,0,1
1,0,0,0,1
1,0,0,0,1
1,0,0,0,1
1,0,0,0,1
1,0,0,0,1
1,0,0,0,1
1,0,0,0,1
1,0,0,0,1
1,0,0,0,1
1,0,0,0,1
1,0,0,0,1
1,0,0,0,1
1,0,0,0,1
1,1,0,0,2
1,0,0,0,1
1,0,0,0,1
1,0,0,0,1
1,0,0,0,1
1,0,0,0,1
1,0,0,0,1
1,0,0,0,1
1,0,0,0,1
1,0,0,0,1
1,0,0,0,1
1,0,0,0,1
1,0,0,0,1
1,0,0,0,1
1,0,0,0,1
1,0,0,0,1
1,0,0,0,1
1,0,0,0,1
1,0,0,0,1
1,0,0,0,1
1,0,0,0,1
1,0,0,0,1
1,0,0,0,1
1,0,0,0,1
1,0,0,0,1
1,0,0,0,1
1,0,0,0,1
1,0,0,0,1
1,0,0,0,1
1,0,0,0,1
1,0,0,0,1
1,0,0,0,1
1,0,0,0,1
1,0,0,0,1
1,0,0,0,1
1,0,0,0,1
1,15,0,0,16
1,0,0,0,1
1,0,0,0,1
1,0,0,0,1
1,0,0,0,1
1,0,0,0,1
1,0,0,0,1
1,0,0,0,1
1,0,0,0,1
1,0,0,0,1
1,0,0,0,1
1,0,0,0,1
1,0,0,0,1
1,0,0,0,1
1,0,0,0,1
1,0,0,0,1
1,0,0,0,1
1,0,0,0,1
1,0,0,0,1
1,0,0,0,1
1,0,0,0,1
1,0,0,0,1
1,0,0,0,1
1,0,0,0,1
1,0,0,0,1
1,0,0,0,1
1,1,0,0,2
1,0,0,0,1
1,0,0,0,1
1,0,0,0,1
1,2,0,0,3
1,0,0,0,1
1,0,0,0,1
1,0,0,0,1
1,0,0,0,1
1,0,0,0,1
1,0,0,0,1
1,0,0,0,1
1,0,0,0,1
1,0,0,0,1
1,0,0,0,1
1,0,0,0,1
1,0,0,0,1
1,0,0,0,1
1,0,0,0,1
1,0,0,0,1
1,0,0,0,1
1,0,0,0,1
1,0,0,0,1
2,0,0,0,2
1,0,0,0,1
1,0,0,0,1
1,0,0,0,1
1,0,0,0,1
1,0,0,0,1
1,0,0,0,1
1,0,0,0,1
1,0,0,0,1
1,0,0,0,1
1,0,0,0,1
1,0,0,0,1
1,0,0,0,1
1,0,0,0,1
1,0,0,0,1
1,0,0,0,1
1,0,0,0,1
1,0,0,0,1
1,0,0,0,1
1,0,0,0,1
1,0,0,0,1
1,0,0,0,1
1,0,0,0,1
1,0,0,0,1
1,0,0,0,1
1,0,0,0,1
1,0,0,0,1
1,0,0,0,1
1,0,0,0,1
1,0,0,0,1
1,0,0,0,1
1,0,0,0,1
1,0,0,0,1
1,0,0,0,1
1,0,0,0,1
1,0,0,0,1
1,0,0,0,1
1,0,0,0,1
1,0,0,0,1
1,10,0,0,11
1,0,0,0,1
1,0,0,0,1
1,0,0,0,1
1,0,0,0,1
1,0,0,0,1
1,0,0,0,1
1,0,0,0,1
1,0,0,0,1
1,0,0,0,1
1,0,0,0,1
1,0,0,0,1
1,0,0,0,1
1,0,0,0,1
2,0,0,0,2
1,0,0,0,1
1,0,0,0,1
1,0,0,0,1
1,0,0,0,1
1,0,0,0,1
1,0,0,0,1
1,0,0,0,1
1,0,0,0,1
1,0,0,0,1
1,2,0,0,3
1,0,0,0,1
1,0,0,0,1
1,0,0,0,1
1,0,0,0,1
1,0,0,0,1
1,0,0,0,1
1,0,0,0,1
1,0,0,0,1
1,0,0,0,1
1,0,0,0,1
1,0,0,0,1
1,0,0,0,1
1,0,0,0,1
1,0,0,0,1
1,0,0,0,1
1,0,0,0,1
1,0,0,0,1
1,0,0,0,1
1,0,0,0,1
1,0,0,0,1
1,2,1,0,4
1,0,0,0,1
1,0,0,0,1
1,0,0,0,1
1,0,0,0,1
1,0,0,0,1
1,0,0,0,1
1,0,0,0,1
1,0,0,0,1
1,0,0,0,1
1,0,0,0,1
1,0,0,0,1
1,0,0,0,1
1,0,0,0,1
1,0,0,0,1
1,0,0,0,1
1,0,0,0,1
1,0,0,0,1
1,0,0,0,1
1,0,0,0,1
1,0,0,0,1
1,0,0,0,1
1,0,0,0,1
1,0,0,0,1
1,0,0,0,1
1,0,0,0,1
1,0,0,0,1
1,0,0,0,1
1,0,0,0,1
1,0,0,0,1
1,0,0,0,1
1,0,0,0,1
1,0,0,0,1
1,0,0,0,1
1,0,0,0,1
1,0,0,0,1
1,0,0,0,1
1,0,0,0,1
1,0,0,0,1
1,0,0,0,1
1,0,0,0,1
1,0,0,0,1
1,0,0,0,1
1,0,0,0,1
1,0,0,0,1
1,0,0,0,1
1,0,0,0,1
1,0,0,0,1
1,0,0,0,1
1,0,0,0,1
1,0,0,0,1
1,0,0,0,1
1,0,0,0,1
1,0,0,0,1
1,1,0,0,2
1,0,0,0,1
1,0,0,0,1
1,0,0,0,1
1,0,0,0,1
1,0,0,0,1
1,0,0,0,1
1,0,0,0,1
1,0,0,0,1
1,0,0,0,1
1,0,0,0,1
1,0,0,0,1
1,0,0,0,1
1,0,0,0,1
1,0,0,0,1
1,0,0,0,1
1,0,0,0,1
1,0,0,0,1
1,0,0,0,1
1,0,0,0,1
1,0,0,0,1
1,0,0,0,1
1,0,0,0,1
1,0,0,0,1
1,0,0,0,1
1,0,0,0,1
1,0,0,0,1
1,0,0,0,1
1,0,0,0,1
1,0,0,0,1
1,0,0,0,1
1,0,0,0,1
1,0,0,0,1
1,0,0,0,1
1,0,0,0,1
1,0,0,0,1
1,0,0,0,1
1,11,0,0,12
1,0,0,0,1
1,0,0,0,1
1,0,0,0,1
1,0,0,0,1
1,0,0,0,1
1,0,0,0,1
1,0,0,0,1
1,0,0,0,1
1,0,0,0,1
1,0,0,0,1
1,0,0,0,1
1,0,0,0,1
1,0,0,0,1
1,0,0,0,1
1,0,0,0,1
1,0,0,0,1
1,0,0,0,1
1,2,0,0,3
1,0,0,0,1
1,0,0,0,1
1,0,0,0,1
1,0,0,0,1
1,0,0,0,1
1,0,0,0,1
1,0,0,0,1
1,0,0,0,1
1,0,0,0,1
1,0,0,0,1
1,0,0,0,1
1,0,0,0,1
1,0,0,0,1
1,0,0,0,1
1,0,0,0,1
1,0,0,0,1
1,0,0,0,1
1,0,0,0,1
1,2,2,0,5
1,0,0,0,1
1,0,0,0,1
1,0,0,0,1
1,0,0,0,1
1,0,0,0,1
1,0,0,0,1
1,0,0,0,1
1,0,0,0,1
1,0,0,0,1
1,0,0,0,1
1,0,0,0,1
1,0,0,0,1
1,0,0,0,1
1,0,0,0,1
1,0,0,0,1
1,0,0,0,1
1,0,0,0,1
1,0,0,0,1
1,0,0,0,1
1,0,0,0,1
1,0,0,0,1
1,0,0,0,1
1,0,0,0,1
1,0,0,0,1
1,0,0,0,1
1,0,0,0,1
1,0,0,0,1
1,0,0,0,1
1,0,0,0,1
1,0,0,0,1
1,0,0,0,1
1,0,0,0,1
1,50,0,0,51
1,0,0,0,1
1,0,0,0,1
1,0,0,0,1
1,0,0,0,1
1,0,0,0,1
1,0,0,0,1
1,0,0,0,1
1,0,0,0,1
1,0,0,0,1
1,0,0,0,1
1,0,0,0,1
1,0,0,0,1
1,0,0,0,1
1,0,0,0,1
1,0,0,0,1
1,0,0,0,1
1,0,0,0,1
1,0,0,0,1
1,0,0,0,1
1,0,0,0,1
1,0,0,0,1
1,0,0,0,1
1,0,0,0,1
1,0,0,0,1
1,0,0,0,1
1,0,0,0,1
1,0,0,0,1
1,0,0,0,1
1,0,0,0,1
1,0,0,0,1
1,0,0,0,1
1,0,0,0,1
1,0,0,0,1
1,0,0,0,1
1,0,0,0,1
1,0,0,0,1
1,0,0,0,1
1,0,0,0,1
1,0,0,0,1
1,0,0,0,1
1,0,0,0,1
1,0,0,0,1
1,0,0,0,1
1,0,0,0,1
1,0,0,0,1
1,0,0,0,1
1,0,0,0,1
1,0,0,0,1
1,0,0,0,1
1,0,0,0,1
1,0,0,0,1
1,0,0,0,1
1,0,0,0,1
1,0,0,0,1
1,0,0,0,1
1,0,0,0,1
1,0,0,0,1
1,0,0,0,1
1,0,0,0,1
1,0,0,0,1
1,0,0,0,1
1,0,0,0,1
1,0,0,0,1
1,0,0,0,1
1,0,0,0,1
1,0,0,0,1
1,0,0,0,1
1,0,0,0,1
1,0,0,0,1
1,5,12,0,18
1,0,0,0,1
1,0,0,0,1
1,0,0,0,1
1,0,0,0,1
1,0,0,0,1
1,0,0,0,1
1,0,0,0,1
1,0,0,0,1
1,0,0,0,1
1,0,0,0,1
1,0,0,0,1
1,0,0,0,1
1,0,0,0,1
1,0,0,0,1
1,0,0,0,1
1,0,0,0,1
1,0,0,0,1
1,0,0,0,1
1,0,0,0,1
1,0,0,0,1
1,0,0,0,1
1,0,0,0,1
1,0,0,0,1
1,0,0,0,1
1,0,0,0,1
1,0,0,0,1
1,0,0,0,1
1,0,0,0,1
1,0,0,0,1
1,0,0,0,1
1,0,0,0,1
1,0,0,0,1
1,0,0,0,1
1,0,0,0,1
1,0,0,0,1
1,0,0,0,1
1,0,0,0,1
1,0,0,0,1
1,0,0,0,1
1,0,0,0,1
1,0,0,0,1
1,0,0,0,1
1,1,0,0,2
1,0,0,0,1
1,0,0,0,1
1,8,0,0,9
1,0,0,0,1
1,0,0,0,1
1,0,0,0,1
1,0,0,0,1
1,0,0,0,1
1,0,0,0,1
1,0,0,0,1
1,0,0,0,1
1,0,0,0,1
1,0,0,0,1
1,0,0,0,1
1,0,0,0,1
1,0,0,0,1
1,0,0,0,1
1,0,0,0,1
1,0,0,0,1
1,0,0,0,1
1,0,0,0,1
1,0,0,0,1
1,0,0,0,1
1,0,0,0,1
1,0,0,0,1
1,0,0,0,1
1,0,0,0,1
1,0,0,0,1
1,0,0,0,1
1,0,0,0,1
1,0,0,0,1
1,0,0,0,1
1,1,0,0,2
1,0,0,0,1
1,0,0,0,1
1,0,0,0,1
1,0,0,0,1
1,0,0,0,1
1,0,0,0,1
1,0,0,0,1
1,0,0,0,1
1,0,0,0,1
1,0,0,0,1
1,0,0,0,1
1,0,0,0,1
1,0,0,0,1
1,0,0,0,1
1,0,0,0,1
1,0,0,0,1
1,0,0,0,1
1,0,0,0,1
1,0,0,0,1
1,0,0,0,1
1,0,0,0,1
1,0,0,0,1
1,0,0,0,1
1,0,0,0,1
1,0,0,0,1
1,0,0,0,1
1,0,0,0,1
1,0,0,0,1
1,0,0,0,1
1,0,0,0,1
1,0,0,0,1
1,0,0,0,1
1,0,0,0,1
1,0,0,0,1
1,0,0,0,1
1,0,0,0,1
1,0,0,0,1
1,0,0,0,1
1,0,0,0,1
1,0,0,0,1
1,2,0,0,3
1,0,0,0,1
1,0,0,0,1
1,0,0,0,1
1,0,0,0,1
1,0,0,0,1
1,0,0,0,1
1,0,0,0,1
1,0,0,0,1
1,0,0,0,1
1,0,0,0,1
1,0,0,0,1
1,0,0,0,1
1,0,0,0,1
1,0,0,0,1
1,0,0,0,1
1,0,0,0,1
1,15,0,0,16
1,3,1,0,5
1,0,0,0,1
1,0,0,0,1
1,0,0,0,1
1,0,0,0,1
1,0,0,0,1
1,0,0,0,1
1,0,0,0,1
1,0,0,0,1
1,0,0,0,1
1,0,0,0,1
1,0,0,0,1
1,0,0,0,1
1,0,0,0,1
1,0,0,0,1
1,0,0,0,1
1,0,0,0,1
1,0,0,0,1
1,0,0,0,1
1,0,0,0,1
1,0,0,0,1
1,0,0,0,1
1,0,0,0,1
1,0,0,0,1
1,0,0,0,1
1,0,0,0,1
1,0,0,0,1
1,0,0,0,1
1,0,0,0,1
1,0,0,0,1
1,0,0,0,1
1,0,0,0,1
1,0,0,0,1
1,0,0,0,1
1,0,0,0,1
1,0,0,0,1
1,0,0,0,1
1,0,0,0,1
1,0,0,0,1
1,0,0,0,1
1,1,0,0,2
1,0,0,0,1
1,0,0,0,1
1,0,0,0,1
1,0,0,0,1
1,0,0,0,1
1,0,0,0,1
1,0,0,0,1
1,0,0,0,1
1,0,0,0,1
1,0,0,0,1
1,0,0,0,1
1,0,0,0,1
1,0,0,0,1
1,0,0,0,1
1,0,0,0,1
1,0,0,0,1
1,0,0,0,1
1,0,0,0,1
1,0,0,0,1
1,0,0,0,1
1,0,0,0,1
1,0,0,0,1
1,0,0,0,1
1,0,0,0,1
1,0,0,0,1
1,0,0,0,1
1,0,0,0,1
1,0,0,0,1
1,1,0,0,2
1,1,0,0,2
1,0,0,0,1
1,0,0,0,1
1,0,0,0,1
1,0,0,0,1
1,0,0,0,1
1,33,1,0,35
1,0,0,0,1
1,0,0,0,1
1,0,0,0,1
1,0,0,0,1
1,0,0,0,1
1,0,0,0,1
1,0,0,0,1
1,0,0,0,1
1,0,0,0,1
1,0,0,0,1
1,0,0,0,1
1,0,0,0,1
1,0,0,0,1
1,0,0,0,1
1,0,0,0,1
1,0,0,0,1
1,0,0,0,1
1,0,0,0,1
1,0,0,0,1
1,0,0,0,1
1,0,0,0,1
1,0,0,0,1
1,0,0,0,1
1,0,0,0,1
1,0,0,0,1
1,0,0,0,1
1,0,0,0,1
1,0,0,0,1
1,0,0,0,1
1,0,0,0,1
1,0,0,0,1
1,0,0,0,1
1,0,0,0,1
1,0,0,0,1
1,0,0,0,1
1,0,0,0,1
1,0,0,0,1
1,2,0,0,3
1,0,0,0,1
1,0,0,0,1
1,0,0,0,1
1,0,0,0,1
1,0,0,0,1
1,0,0,0,1
1,0,0,0,1
1,36,0,0,37
1,0,0,0,1
1,0,0,0,1
1,0,0,0,1
1,0,0,0,1
1,0,0,0,1
1,0,0,0,1
1,0,0,0,1
1,0,0,0,1
1,0,0,0,1
1,0,0,0,1
1,0,0,0,1
1,0,0,0,1
1,0,0,0,1
1,0,0,0,1
1,0,0,0,1
1,0,0,0,1
1,0,0,0,1
1,0,0,0,1
1,0,0,0,1
1,0,0,0,1
1,0,0,0,1
1,0,0,0,1
1,0,0,0,1
1,0,0,0,1
1,0,0,0,1
1,0,0,0,1
1,0,0,0,1
1,0,0,0,1
1,0,0,0,1
1,0,0,0,1
1,3,0,0,4
1,3,0,0,4
1,0,0,0,1
1,0,0,0,1
1,0,0,0,1
1,0,0,0,1
1,0,0,0,1
1,0,0,0,1
1,0,0,0,1
1,0,0,0,1
1,0,0,0,1
1,0,0,0,1
1,0,0,0,1
1,0,0,0,1
1,0,0,0,1
1,0,0,0,1
1,0,0,0,1
1,0,0,0,1
1,0,0,0,1
1,0,0,0,1
1,0,0,0,1
1,0,0,0,1
1,0,0,0,1
1,0,0,0,1
1,0,0,0,1
1,0,0,0,1
1,0,0,0,1
1,0,0,0,1
1,0,0,0,1
1,0,0,0,1
1,0,0,0,1
1,0,0,0,1
1,0,0,0,1
1,0,0,0,1
1,0,0,0,1
1,0,0,0,1
1,0,0,0,1
1,0,0,0,1
1,0,0,0,1
1,0,0,0,1
1,0,0,0,1
1,0,0,0,1
1,0,0,0,1
1,0,0,0,1
1,0,0,0,1
1,0,0,0,1
1,0,0,0,1
1,0,0,0,1
1,0,0,0,1
1,0,0,0,1
1,0,0,0,1
1,0,0,0,1
1,0,0,0,1
1,0,0,0,1
1,0,0,0,1
1,0,0,0,1
1,0,0,0,1
1,0,0,0,1
1,0,0,0,1
1,0,0,0,1
1,0,0,0,1
1,0,0,0,1
1,0,0,0,1
1,0,0,0,1
1,0,0,0,1
1,0,0,0,1
1,0,0,0,1
1,0,0,0,1
1,0,0,0,1
1,0,0,0,1
1,0,0,0,1
1,0,0,0,1
1,0,0,0,1
1,0,0,0,1
1,0,0,0,1
2,0,0,0,2
1,0,0,0,1
1,0,0,0,1
1,0,0,0,1
1,0,0,0,1
1,0,0,0,1
1,0,0,0,1
1,0,0,0,1
1,2,0,0,3
1,0,0,0,1
1,0,0,0,1
1,0,0,0,1
1,0,0,0,1
1,0,0,0,1
1,0,0,0,1
1,0,0,0,1
1,0,0,0,1
1,0,0,0,1
1,0,0,0,1
1,0,0,0,1
1,0,0,0,1
1,0,0,0,1
1,0,0,0,1
1,0,0,0,1
1,0,0,0,1
1,0,0,0,1
1,0,0,0,1
1,0,0,0,1
1,0,0,0,1
1,0,0,0,1
1,0,0,0,1
1,0,0,0,1
1,0,0,0,1
1,0,0,0,1
1,0,0,0,1
1,0,0,0,1
1,0,0,0,1
1,0,0,0,1
1,0,0,0,1
1,0,0,0,1
1,0,0,0,1
1,0,0,0,1
1,0,0,0,1
1,0,0,0,1
1,0,0,0,1
1,0,0,0,1
1,0,0,0,1
1,0,0,0,1
1,0,0,0,1
1,0,0,0,1
1,1,0,0,2
1,0,0,0,1
1,0,0,0,1
1,0,0,0,1
1,0,0,0,1
1,0,0,0,1
1,0,0,0,1
1,0,0,0,1
1,0,0,0,1
1,0,0,0,1
1,0,0,0,1
1,0,0,0,1
1,0,0,0,1
1,0,0,0,1
1,0,0,0,1
1,0,0,0,1
1,0,0,0,1
1,0,0,0,1
1,0,0,0,1
1,0,0,0,1
1,0,0,0,1
1,0,0,0,1
1,0,0,0,1
1,0,0,0,1
1,0,0,0,1
1,1,0,0,2
1,0,0,0,1
1,0,0,0,1
1,0,0,0,1
1,0,0,0,1
1,0,0,0,1
1,4,0,0,5
1,0,0,0,1
1,0,0,0,1
1,0,0,0,1
1,0,0,0,1
1,0,0,0,1
1,0,0,0,1
1,0,0,0,1
1,0,0,0,1
1,0,0,0,1
1,0,0,0,1
1,0,0,0,1
1,0,0,0,1
1,0,0,0,1
1,0,0,0,1
1,0,0,0,1
1,0,0,0,1
1,0,0,0,1
1,0,0,0,1
1,0,0,0,1
1,0,0,0,1
1,0,0,0,1
1,0,0,0,1
1,0,0,0,1
1,0,0,0,1
1,0,0,0,1
1,0,0,0,1
1,0,0,0,1
1,0,0,0,1
1,1,1,0,3
1,0,0,0,1
1,0,0,0,1
1,0,0,0,1
1,0,0,0,1
1,0,0,0,1
1,0,0,0,1
1,0,0,0,1
1,0,0,0,1
1,0,0,0,1
1,0,0,0,1
1,0,0,0,1
1,0,0,0,1
1,0,0,0,1
1,0,0,0,1
1,0,0,0,1
1,0,0,0,1
1,0,0,0,1
1,0,0,0,1
1,0,0,0,1
1,0,0,0,1
1,0,0,0,1
1,1,1,0,3
1,0,0,0,1
1,0,0,0,1
1,0,0,0,1
1,0,0,0,1
1,0,0,0,1
1,0,0,0,1
1,0,0,0,1
1,0,0,0,1
1,0,0,0,1
1,0,0,0,1
1,0,0,0,1
1,0,0,0,1
1,2,0,0,3
1,0,0,0,1
1,0,0,0,1
1,0,0,0,1
1,0,0,0,1
1,0,0,0,1
1,0,0,0,1
1,0,0,0,1
1,0,0,0,1
1,0,0,0,1
1,0,0,0,1
1,0,0,0,1
1,0,0,0,1
1,0,0,0,1
1,0,0,0,1
1,0,0,0,1
1,0,0,0,1
1,0,0,0,1
1,0,0,0,1
1,0,0,0,1
1,0,0,0,1
1,0,0,0,1
1,0,0,0,1
1,0,0,0,1
1,0,0,0,1
1,0,0,0,1
1,0,0,0,1
1,0,0,0,1
1,0,0,0,1
1,0,0,0,1
1,0,0,0,1
1,0,0,0,1
1,0,0,0,1
1,0,0,0,1
1,0,0,0,1
1,0,0,0,1
1,0,0,0,1
1,0,0,0,1
1,0,0,0,1
1,0,0,0,1
1,0,0,0,1
1,0,0,0,1
1,0,0,0,1
1,0,0,0,1
1,0,0,0,1
1,0,0,0,1
1,0,0,0,1
1,0,0,0,1
1,0,0,0,1
1,0,0,0,1
1,0,0,0,1
1,0,0,0,1
1,0,0,0,1
1,0,0,0,1
1,0,0,0,1
1,0,0,0,1
1,0,0,0,1
1,0,0,0,1
1,0,0,0,1
1,0,0,0,1
1,0,0,0,1
1,0,0,0,1
1,0,0,0,1
1,0,0,0,1
1,0,0,0,1
1,0,0,0,1
1,0,0,0,1
1,0,0,0,1
1,0,0,0,1
1,0,0,0,1
1,0,0,0,1
1,0,0,0,1
1,0,0,0,1
1,0,0,0,1
1,0,0,0,1
1,0,0,0,1
1,0,0,0,1
1,0,0,0,1
1,0,0,0,1
1,0,0,0,1
1,0,0,0,1
1,0,0,0,1
1,0,0,0,1
1,0,0,0,1
1,0,0,0,1
1,0,0,0,1
1,0,0,0,1
1,0,0,0,1
1,2,0,0,3
1,0,0,0,1
1,0,0,0,1
1,0,0,0,1
1,0,0,0,1
1,0,0,0,1
1,0,0,0,1
1,0,0,0,1
1,0,0,0,1
1,0,0,0,1
1,0,0,0,1
1,0,0,0,1
1,0,0,0,1
1,0,0,0,1
1,1,1,0,3
1,0,0,0,1
1,0,0,0,1
1,0,0,0,1
1,0,0,0,1
1,0,0,0,1
1,0,0,0,1
1,0,0,0,1
1,0,0,0,1
1,0,0,0,1
1,0,0,0,1
1,0,0,0,1
1,0,0,0,1
1,0,0,0,1
1,0,0,0,1
1,0,0,0,1
1,0,0,0,1
1,0,0,0,1
1,0,0,0,1
1,0,0,0,1
1,0,0,0,1
1,0,0,0,1
1,0,0,0,1
2,2,0,0,4
1,0,0,0,1
1,0,0,0,1
1,0,0,0,1
1,0,0,0,1
1,0,0,0,1
1,0,0,0,1
1,0,0,0,1
1,0,0,0,1
1,0,0,0,1
1,0,0,0,1
1,1,0,0,2
1,0,0,0,1
1,0,0,0,1
1,0,0,0,1
1,0,0,0,1
1,0,0,0,1
1,0,0,0,1
1,0,0,0,1
1,0,0,0,1
1,0,0,0,1
1,0,0,0,1
1,0,0,0,1
1,0,0,0,1
1,0,0,0,1
1,0,0,0,1
1,0,0,0,1
1,0,0,0,1
1,1,0,0,2
1,0,0,0,1
1,0,0,0,1
1,0,0,0,1
1,0,0,0,1
1,0,0,0,1
1,0,0,0,1
1,0,0,0,1
1,0,0,0,1
1,0,0,0,1
1,0,0,0,1
1,0,0,0,1
1,0,0,0,1
1,0,0,0,1
1,0,0,0,1
1,0,0,0,1
1,0,0,0,1
1,0,0,0,1
1,0,0,0,1
1,0,0,0,1
1,0,0,0,1
1,0,0,0,1
1,0,0,0,1
1,0,0,0,1
1,0,0,0,1
1,0,0,0,1
1,0,0,0,1
1,0,0,0,1
1,0,0,0,1
1,0,0,0,1
1,0,0,0,1
1,0,0,0,1
1,0,0,0,1
1,0,0,0,1
1,0,0,0,1
1,0,0,0,1
1,0,0,0,1
1,0,0,0,1
1,0,0,0,1
1,0,0,0,1
1,0,0,0,1
1,0,0,0,1
1,0,0,0,1
1,0,0,0,1
1,0,0,0,1
1,0,0,0,1
1,0,0,0,1
1,0,0,0,1
1,0,0,0,1
1,0,0,0,1
1,0,0,0,1
1,0,0,0,1
1,0,0,0,1
1,0,0,0,1
1,0,0,0,1
1,0,0,0,1
1,0,0,0,1
1,0,0,0,1
1,0,0,0,1
1,0,0,0,1
1,0,0,0,1
1,0,0,0,1
1,0,0,0,1
1,0,0,0,1
1,0,0,0,1
1,0,0,0,1
1,0,0,0,1
1,0,0,0,1
1,0,0,0,1
1,0,0,0,1
1,0,0,0,1
1,0,0,0,1
1,0,0,0,1
1,0,0,0,1
1,0,0,0,1
1,0,0,0,1
1,0,0,0,1
1,0,0,0,1
1,0,0,0,1
1,0,0,0,1
1,0,0,0,1
1,3,2,0,6
1,0,0,0,1
1,0,0,0,1
1,0,0,0,1
1,0,0,0,1
1,3,0,0,4
1,0,0,0,1
1,20,1,0,22
1,0,0,0,1
1,3,0,0,4
1,0,0,0,1
1,0,0,0,1
1,0,0,0,1
1,0,0,0,1
1,0,0,0,1
1,0,0,0,1
1,0,0,0,1
1,0,0,0,1
1,0,0,0,1
1,0,0,0,1
1,0,0,0,1
1,0,0,0,1
1,0,0,0,1
1,0,0,0,1
1,0,0,0,1
1,0,0,0,1
1,0,0,0,1
1,0,0,0,1
1,0,0,0,1
1,0,0,0,1
1,0,0,0,1
1,0,0,0,1
1,0,0,0,1
1,13,0,0,14
1,0,0,0,1
1,0,0,0,1
1,0,0,0,1
1,0,0,0,1
1,0,0,0,1
1,0,0,0,1
1,0,0,0,1
1,0,0,0,1
1,0,0,0,1
1,0,0,0,1
1,0,0,0,1
1,0,0,0,1
1,0,0,0,1
1,0,0,0,1
1,0,0,0,1
1,0,0,0,1
1,0,0,0,1
1,0,0,0,1
1,0,0,0,1
1,0,0,0,1
1,0,0,0,1
1,0,0,0,1
1,1,1,0,3
1,0,0,0,1
1,0,0,0,1
1,0,0,0,1
1,0,0,0,1
1,0,0,0,1
1,0,0,0,1
1,0,0,0,1
1,0,0,0,1
1,0,0,0,1
1,0,0,0,1
1,0,0,0,1
1,0,0,0,1
1,0,0,0,1
1,0,0,0,1
1,0,0,0,1
1,0,0,0,1
1,0,0,0,1
1,0,0,0,1
1,0,0,0,1
1,0,0,0,1
1,0,0,0,1
1,0,0,0,1
1,0,0,0,1
1,0,0,0,1
1,0,0,0,1
1,0,0,0,1
1,0,0,0,1
1,12,0,0,13
1,0,0,0,1
1,0,0,0,1
1,0,0,0,1
1,0,0,0,1
1,0,0,0,1
1,0,0,0,1
1,0,0,0,1
1,0,0,0,1
1,0,0,0,1
1,0,0,0,1
1,0,0,0,1
1,0,0,0,1
1,7,0,0,8
1,0,0,0,1
1,0,0,0,1
1,0,0,0,1
1,0,0,0,1
1,0,0,0,1
1,0,0,0,1
1,0,0,0,1
1,0,0,0,1
1,0,0,0,1
1,0,0,0,1
1,0,0,0,1
1,0,0,0,1
1,0,0,0,1
1,0,0,0,1
1,0,0,0,1
1,0,0,0,1
1,0,0,0,1
1,0,0,0,1
1,0,0,0,1
1,0,0,0,1
1,0,0,0,1
1,0,0,0,1
1,0,0,0,1
1,0,0,0,1
1,2,1,0,4
1,0,0,0,1
1,0,0,0,1
1,0,0,0,1
1,0,0,0,1
1,0,0,0,1
1,0,0,0,1
1,0,0,0,1
1,0,0,0,1
1,0,0,0,1
1,0,0,0,1
1,0,0,0,1
1,0,0,0,1
1,0,0,0,1
1,0,0,0,1
1,0,0,0,1
1,0,0,0,1
1,0,0,0,1
1,0,0,0,1
1,0,0,0,1
1,0,0,0,1
1,0,0,0,1
1,0,0,0,1
1,0,0,0,1
1,0,0,0,1
1,0,0,0,1
1,0,0,0,1
1,0,0,0,1
1,0,0,0,1
1,0,0,0,1
1,0,0,0,1
1,0,0,0,1
1,0,0,0,1
1,0,0,0,1
1,0,0,0,1
1,0,0,0,1
1,0,0,0,1
1,0,0,0,1
1,0,0,0,1
1,0,0,0,1
1,0,0,0,1
1,0,0,0,1
1,0,0,0,1
1,1,0,0,2
1,0,0,0,1
1,0,0,0,1
1,0,0,0,1
1,0,0,0,1
1,0,0,0,1
1,0,0,0,1
1,0,0,0,1
1,0,0,0,1
1,0,0,0,1
1,0,0,0,1
1,0,0,0,1
1,0,0,0,1
1,0,0,0,1
1,0,0,0,1
1,0,0,0,1
1,0,0,0,1
1,0,0,0,1
1,0,0,0,1
1,0,0,0,1
1,0,0,0,1
1,0,0,0,1
1,0,0,0,1
1,0,0,0,1
1,0,0,0,1
1,0,0,0,1
1,0,0,0,1
1,0,0,0,1
1,0,0,0,1
1,0,0,0,1
1,0,0,0,1
1,0,0,0,1
1,0,0,0,1
1,0,0,0,1
1,0,0,0,1
1,0,0,0,1
1,0,0,0,1
1,0,0,0,1
1,0,0,0,1
1,5,0,0,6
1,0,0,0,1
1,0,0,0,1
1,0,0,0,1
1,0,0,0,1
1,0,0,0,1
1,0,0,0,1
1,0,0,0,1
1,0,0,0,1
1,0,0,0,1
1,0,0,0,1
1,0,0,0,1
1,0,0,0,1
1,0,0,0,1
1,0,0,0,1
1,0,0,0,1
1,0,0,0,1
1,0,0,0,1
1,0,0,0,1
1,21,0,0,22
1,0,0,0,1
1,0,0,0,1
1,0,0,0,1
1,0,0,0,1
1,0,0,0,1
1,0,0,0,1
1,0,0,0,1
1,0,0,0,1
1,0,0,0,1
1,0,0,0,1
1,0,0,0,1
1,0,0,0,1
1,0,0,0,1
1,0,0,0,1
1,0,0,0,1
1,0,0,0,1
1,0,0,0,1
1,0,0,0,1
1,0,0,0,1
1,0,0,0,1
1,0,0,0,1
1,0,0,0,1
1,0,0,0,1
1,0,0,0,1
1,0,0,0,1
1,0,0,0,1
1,0,0,0,1
1,0,0,0,1
1,0,0,0,1
1,0,0,0,1
1,0,0,0,1
1,0,0,0,1
1,0,0,0,1
1,0,0,0,1
1,0,0,0,1
1,0,0,0,1
1,0,0,0,1
1,0,0,0,1
1,0,0,0,1
1,0,0,0,1
1,0,0,0,1
1,0,0,0,1
1,0,0,0,1
1,0,0,0,1
1,0,0,0,1
1,0,0,0,1
1,0,0,0,1
1,0,0,0,1
1,0,0,0,1
1,0,0,0,1
1,0,0,0,1
1,0,0,0,1
1,0,0,0,1
1,0,0,0,1
1,0,0,0,1
1,0,0,0,1
1,0,0,0,1
1,0,0,0,1
1,0,0,0,1
1,0,0,0,1
1,0,0,0,1
1,0,0,0,1
1,0,0,0,1
1,0,0,0,1
1,0,0,0,1
1,0,0,0,1
1,0,0,0,1
1,0,0,0,1
1,0,0,0,1
1,0,0,0,1
1,0,0,0,1
1,0,0,0,1
1,0,0,0,1
1,1,0,0,2
1,0,0,0,1
1,0,0,0,1
1,0,0,0,1
1,0,0,0,1
1,0,0,0,1
1,0,0,0,1
1,0,0,0,1
1,0,0,0,1
1,0,0,0,1
1,0,0,0,1
1,0,0,0,1
1,0,0,0,1
1,0,0,0,1
1,0,0,0,1
1,0,0,0,1
1,0,0,0,1
1,0,0,0,1
1,0,0,0,1
1,0,0,0,1
1,0,0,0,1
1,0,0,0,1
1,0,0,0,1
1,0,0,0,1
1,0,0,0,1
1,0,0,0,1
1,0,0,0,1
1,0,0,0,1
1,0,0,0,1
1,0,0,0,1
1,0,0,0,1
1,0,0,0,1
1,0,0,0,1
1,0,0,0,1
1,0,0,0,1
1,0,0,0,1
1,0,0,0,1
1,0,0,0,1
1,0,0,0,1
1,0,0,0,1
1,0,0,0,1
1,0,0,0,1
1,0,0,0,1
1,0,0,0,1
1,0,0,0,1
1,0,0,0,1
1,0,0,0,1
1,0,0,0,1
1,0,0,0,1
1,1,1,0,3
1,0,0,0,1
1,0,0,0,1
1,0,0,0,1
1,0,0,0,1
1,0,0,0,1
1,0,0,0,1
1,0,0,0,1
1,0,0,0,1
1,0,0,0,1
1,0,0,0,1
1,0,0,0,1
1,0,0,0,1
1,0,0,0,1
1,0,0,0,1
1,0,0,0,1
1,0,0,0,1
1,0,0,0,1
1,0,0,0,1
1,0,0,0,1
1,0,0,0,1
1,0,0,0,1
1,0,0,0,1
1,0,0,0,1
1,0,0,0,1
1,0,0,0,1
1,0,0,0,1
1,0,0,0,1
1,0,0,0,1
1,0,0,0,1
1,0,0,0,1
1,0,0,0,1
1,0,0,0,1
1,0,0,0,1
1,0,0,0,1
1,0,0,0,1
1,0,0,0,1
1,0,0,0,1
1,0,0,0,1
1,0,0,0,1
1,0,0,0,1
1,0,0,0,1
1,0,0,0,1
1,0,0,0,1
1,0,0,0,1
1,0,0,0,1
1,0,0,0,1
1,0,0,0,1
1,0,0,0,1
1,0,0,0,1
1,0,0,0,1
1,0,0,0,1
1,0,0,0,1
1,0,0,0,1
1,0,0,0,1
1,0,0,0,1
1,0,0,0,1
1,0,0,0,1
1,0,0,0,1
1,0,0,0,1
1,98,0,0,99
1,0,0,0,1
1,0,0,0,1
1,0,0,0,1
1,0,0,0,1
1,0,0,0,1
1,0,0,0,1
1,0,0,0,1
1,0,0,0,1
1,0,0,0,1
1,0,0,0,1
1,0,0,0,1
1,0,0,0,1
1,0,0,0,1
1,0,0,0,1
1,0,0,0,1
1,0,0,0,1
1,0,0,0,1
1,0,0,0,1
1,0,0,0,1
1,0,0,0,1
1,0,0,0,1
1,0,0,0,1
1,0,0,0,1
1,0,0,0,1
1,0,0,0,1
1,0,0,0,1
1,0,0,0,1
1,0,0,0,1
1,0,0,0,1
1,0,0,0,1
1,0,0,0,1
1,0,0,0,1
1,0,0,0,1
1,1,0,0,2
1,0,0,0,1
1,0,0,0,1
1,0,0,0,1
1,0,0,0,1
1,0,0,0,1
1,0,0,0,1
1,0,0,0,1
1,0,0,0,1
1,0,0,0,1
1,0,0,0,1
1,0,0,0,1
1,0,0,0,1
1,0,0,0,1
1,0,0,0,1
1,0,0,0,1
1,0,0,0,1
1,0,0,0,1
1,0,0,0,1
1,0,0,0,1
1,0,0,0,1
1,0,0,0,1
1,0,0,0,1
1,0,0,0,1
1,0,0,0,1
1,0,0,0,1
1,0,0,0,1
1,0,0,0,1
1,0,0,0,1
1,0,0,0,1
1,0,0,0,1
1,0,0,0,1
1,0,0,0,1
1,0,0,0,1
1,0,0,0,1
1,0,0,0,1
1,0,0,0,1
1,0,0,0,1
1,0,0,0,1
1,0,0,0,1
1,0,0,0,1
1,7,1,0,9
1,0,0,0,1
1,0,0,0,1
1,0,0,0,1
1,0,0,0,1
1,0,0,0,1
1,0,0,0,1
1,0,0,0,1
1,0,0,0,1
1,0,0,0,1
1,0,0,0,1
1,0,0,0,1
1,0,0,0,1
1,0,0,0,1
1,0,0,0,1
1,0,0,0,1
1,0,0,0,1
1,0,0,0,1
1,0,0,0,1
1,0,0,0,1
1,2,0,0,3
1,0,0,0,1
1,0,0,0,1
1,0,0,0,1
1,0,0,0,1
1,0,0,0,1
1,0,0,0,1
1,0,0,0,1
1,0,0,0,1
1,0,0,0,1
1,0,0,0,1
1,0,0,0,1
1,0,0,0,1
1,0,0,0,1
1,0,0,0,1
1,0,0,0,1
1,0,0,0,1
1,0,0,0,1
1,0,0,0,1
1,0,0,0,1
1,0,0,0,1
1,0,0,0,1
1,0,0,0,1
1,0,0,0,1
1,0,0,0,1
1,0,0,0,1
1,0,0,0,1
1,1,0,0,2
1,0,0,0,1
1,0,0,0,1
1,0,0,0,1
1,0,0,0,1
1,0,0,0,1
1,0,0,0,1
1,0,0,0,1
1,0,0,0,1
1,2,0,0,3
1,0,0,0,1
1,0,0,0,1
1,0,0,0,1
1,0,0,0,1
1,0,0,0,1
1,0,0,0,1
1,0,0,0,1
1,0,0,0,1
1,0,0,0,1
1,0,0,0,1
1,0,0,0,1
1,0,0,0,1
1,0,0,0,1
1,0,0,0,1
1,0,0,0,1
1,0,0,0,1
1,0,0,0,1
1,0,0,0,1
1,0,0,0,1
1,0,0,0,1
1,0,0,0,1
1,0,0,0,1
1,0,0,0,1
1,0,0,0,1
1,0,0,0,1
1,0,0,0,1
1,0,0,0,1
1,0,0,0,1
1,0,0,0,1
1,0,0,0,1
1,0,0,0,1
1,0,0,0,1
1,0,0,0,1
1,0,0,0,1
1,0,0,0,1
1,0,0,0,1
1,0,0,0,1
1,0,0,0,1
1,0,0,0,1
1,0,0,0,1
1,0,0,0,1
1,0,0,0,1
1,0,0,0,1
1,0,0,0,1
1,0,0,0,1
1,0,0,0,1
1,0,0,0,1
1,0,0,0,1
1,0,0,0,1
1,0,0,0,1
1,3,0,0,4
1,0,0,0,1
1,0,0,0,1
1,0,0,0,1
1,0,0,0,1
1,0,0,0,1
1,0,0,0,1
1,0,0,0,1
1,0,0,0,1
1,0,0,0,1
1,0,0,0,1
1,0,0,0,1
1,0,0,0,1
1,0,0,0,1
1,0,0,0,1
1,0,0,0,1
1,0,0,0,1
1,0,0,0,1
1,0,0,0,1
1,0,0,0,1
1,0,0,0,1
1,10,25,0,36
1,0,0,0,1
1,0,0,0,1
1,0,0,0,1
1,0,0,0,1
1,0,0,0,1
1,0,0,0,1
1,0,0,0,1
1,0,0,0,1
1,0,0,0,1
1,0,0,0,1
1,0,0,0,1
1,0,0,0,1
1,0,0,0,1
1,0,0,0,1
1,0,0,0,1
1,0,0,0,1
1,0,0,0,1
1,0,0,0,1
1,0,0,0,1
1,0,0,0,1
1,0,0,0,1
1,0,0,0,1
1,0,0,0,1
1,0,0,0,1
1,0,0,0,1
1,0,0,0,1
1,0,0,0,1
1,0,0,0,1
1,0,0,0,1
1,0,0,0,1
1,0,0,0,1
1,0,0,0,1
1,0,0,0,1
1,0,0,0,1
1,0,0,0,1
1,0,0,0,1
1,0,0,0,1
1,0,0,0,1
1,0,0,0,1
1,0,0,0,1
1,0,0,0,1
1,0,0,0,1
1,0,0,0,1
1,0,0,0,1
1,0,0,0,1
1,0,0,0,1
1,0,0,0,1
1,0,0,0,1
1,0,0,0,1
1,0,0,0,1
1,0,0,0,1
1,0,0,0,1
1,0,0,0,1
1,0,0,0,1
1,0,0,0,1
1,0,0,0,1
1,0,0,0,1
1,0,0,0,1
1,0,0,0,1
1,0,0,0,1
1,0,0,0,1
1,0,0,0,1
1,0,0,0,1
1,0,0,0,1
1,0,0,0,1
1,0,0,0,1
1,0,0,0,1
1,0,0,0,1
1,0,0,0,1
1,0,0,0,1
1,0,0,0,1
1,0,0,0,1
1,0,0,0,1
1,0,0,0,1
1,0,0,0,1
1,0,0,0,1
1,0,0,0,1
1,0,0,0,1
1,0,0,0,1
1,0,0,0,1
1,0,0,0,1
1,0,0,0,1
1,0,0,0,1
1,0,0,0,1
1,0,0,0,1
1,0,0,0,1
1,0,0,0,1
1,0,0,0,1
1,0,0,0,1
1,0,0,0,1
1,0,0,0,1
1,0,0,0,1
1,0,0,0,1
1,0,0,0,1
1,0,0,0,1
1,0,0,0,1
1,0,0,0,1
1,0,0,0,1
1,0,0,0,1
1,0,0,0,1
1,0,0,0,1
1,0,0,0,1
1,0,0,0,1
1,0,0,0,1
1,0,0,0,1
1,0,0,0,1
1,0,0,0,1
1,0,0,0,1
1,0,0,0,1
1,0,0,0,1
1,0,0,0,1
1,0,0,0,1
1,0,0,0,1
1,0,0,0,1
1,2,0,0,3
1,0,0,0,1
1,0,0,0,1
1,0,0,0,1
1,0,0,0,1
1,0,0,0,1
1,0,0,0,1
1,0,0,0,1
1,0,0,0,1
1,0,0,0,1
1,0,0,0,1
1,0,0,0,1
1,0,0,0,1
1,0,0,0,1
1,0,0,0,1
1,0,0,0,1
1,0,0,0,1
1,0,0,0,1
1,0,0,0,1
1,0,0,0,1
1,0,0,0,1
1,0,0,0,1
1,0,0,0,1
1,0,0,0,1
1,0,0,0,1
1,0,0,0,1
1,0,0,0,1
1,0,0,0,1
1,0,0,0,1
1,0,0,0,1
1,0,0,0,1
1,0,0,0,1
1,0,0,0,1
1,0,0,0,1
1,0,0,0,1
1,0,0,0,1
1,0,0,0,1
1,0,0,0,1
1,0,0,0,1
1,0,0,0,1
1,0,0,0,1
1,0,0,0,1
1,0,0,0,1
1,0,0,0,1
1,0,0,0,1
1,0,0,0,1
1,0,0,0,1
1,0,0,0,1
1,0,0,0,1
1,0,0,0,1
1,0,0,0,1
1,0,0,0,1
1,0,0,0,1
1,0,0,0,1
1,0,0,0,1
1,0,0,0,1
1,0,0,0,1
1,0,0,0,1
1,0,0,0,1
1,0,0,0,1
1,0,0,0,1
1,0,0,0,1
1,0,0,0,1
1,0,0,0,1
1,0,0,0,1
1,0,0,0,1
1,0,0,0,1
1,0,0,0,1
1,0,0,0,1
1,0,0,0,1
1,0,0,0,1
1,0,0,0,1
1,0,0,0,1
1,0,0,0,1
1,0,0,0,1
1,0,0,0,1
1,0,0,0,1
1,0,0,0,1
1,0,0,0,1
1,0,0,0,1
1,0,0,0,1
1,0,0,0,1
1,0,0,0,1
1,0,0,0,1
1,0,0,0,1
1,0,0,0,1
1,0,0,0,1
1,0,0,0,1
1,0,0,0,1
1,0,0,0,1
1,0,0,0,1
1,0,0,0,1
1,0,0,0,1
1,0,0,0,1
1,0,0,0,1
1,0,0,0,1
1,0,0,0,1
1,0,0,0,1
1,0,0,0,1
1,0,0,0,1
1,0,0,0,1
1,0,0,0,1
1,0,0,0,1
1,0,0,0,1
1,0,0,0,1
1,0,0,0,1
1,0,0,0,1
1,0,0,0,1
1,0,0,0,1
1,2,0,0,3
1,0,0,0,1
1,0,0,0,1
1,0,0,0,1
1,0,0,0,1
1,0,0,0,1
1,0,0,0,1
1,0,0,0,1
1,0,0,0,1
1,0,0,0,1
1,0,0,0,1
1,0,0,0,1
1,0,0,0,1
1,0,0,0,1
1,0,0,0,1
1,0,0,0,1
1,0,0,0,1
1,0,0,0,1
1,0,0,0,1
1,0,1,0,2
1,0,0,0,1
1,0,0,0,1
1,0,0,0,1
1,0,0,0,1
1,0,0,0,1
1,0,0,0,1
1,0,0,0,1
1,0,0,0,1
1,0,0,0,1
1,0,0,0,1
1,0,0,0,1
1,0,0,0,1
1,0,0,0,1
1,0,0,0,1
1,0,0,0,1
1,0,0,0,1
1,0,0,0,1
1,0,0,0,1
1,0,0,0,1
1,0,0,0,1
1,0,0,0,1
1,0,0,0,1
1,0,0,0,1
1,0,0,0,1
1,0,0,0,1
1,0,0,0,1
1,0,0,0,1
1,0,0,0,1
1,0,0,0,1
1,0,0,0,1
1,0,0,0,1
1,1,0,0,2
1,0,0,0,1
1,0,0,0,1
1,0,0,0,1
1,0,0,0,1
1,0,0,0,1
1,0,0,0,1
1,1,0,0,2
1,0,0,0,1
1,0,0,0,1
1,0,0,0,1
1,0,0,0,1
1,0,0,0,1
1,0,0,0,1
1,0,0,0,1
1,0,0,0,1
1,0,0,0,1
1,0,0,0,1
1,0,0,0,1
1,0,0,0,1
1,0,0,0,1
1,4,0,0,5
1,2,2,0,5
1,0,0,0,1
1,0,0,0,1
1,0,0,0,1
1,0,0,0,1
1,0,0,0,1
1,0,0,0,1
1,0,0,0,1
1,2,0,0,3
1,0,0,0,1
1,0,0,0,1
1,0,0,0,1
1,0,0,0,1
1,0,0,0,1
1,0,0,0,1
1,0,0,0,1
1,0,0,0,1
1,0,0,0,1
1,0,0,0,1
1,0,0,0,1
1,0,0,0,1
1,0,0,0,1
1,0,0,0,1
1,0,0,0,1
1,0,0,0,1
1,0,0,0,1
1,0,0,0,1
1,0,0,0,1
1,0,0,0,1
1,0,0,0,1
1,18,7,0,26
1,3,0,0,4
1,0,0,0,1
1,0,0,0,1
1,0,0,0,1
1,0,0,0,1
1,0,0,0,1
1,0,0,0,1
1,0,0,0,1
1,0,0,0,1
1,6,0,0,7
1,0,0,0,1
1,0,0,0,1
1,0,0,0,1
1,0,0,0,1
1,0,0,0,1
1,0,0,0,1
1,0,0,0,1
1,0,0,0,1
1,0,0,0,1
1,0,0,0,1
1,0,0,0,1
1,0,0,0,1
1,0,0,0,1
1,0,0,0,1
1,0,1,0,2
1,0,0,0,1
1,0,0,0,1
1,0,0,0,1
1,0,0,0,1
1,0,0,0,1
1,0,0,0,1
1,0,0,0,1
1,0,0,0,1
1,0,0,0,1
1,0,0,0,1
1,0,0,0,1
1,0,0,0,1
1,0,0,0,1
1,0,0,0,1
1,0,0,0,1
1,0,0,0,1
1,0,0,0,1
1,0,0,0,1
1,0,0,0,1
1,0,0,0,1
1,0,0,0,1
1,2,0,0,3
1,0,0,0,1
1,0,0,0,1
1,0,0,0,1
1,0,0,0,1
1,0,0,0,1
1,0,0,0,1
1,0,0,0,1
1,2,0,0,3
1,0,0,0,1
1,2,0,0,3
1,0,0,0,1
1,0,0,0,1
1,0,0,0,1
1,0,0,0,1
1,0,0,0,1
1,0,0,0,1
1,0,0,0,1
1,0,0,0,1
1,0,0,0,1
1,0,0,0,1
1,0,0,0,1
1,0,0,0,1
1,0,0,0,1
1,0,0,0,1
1,8,0,0,9
1,0,0,0,1
1,0,0,0,1
1,0,0,0,1
1,0,0,0,1
1,0,0,0,1
1,0,0,0,1
1,1,0,0,2
1,0,0,0,1
1,0,0,0,1
1,0,0,0,1
1,0,0,0,1
1,0,0,0,1
1,0,0,0,1
1,0,0,0,1
1,0,0,0,1
1,0,0,0,1
1,0,0,0,1
1,1,0,0,2
1,1,0,0,2
1,0,0,0,1
1,0,0,0,1
1,0,0,0,1
1,0,0,0,1
1,0,0,0,1
1,0,0,0,1
1,0,0,0,1
1,0,0,0,1
1,0,0,0,1
1,0,0,0,1
1,0,0,0,1
1,0,0,0,1
1,0,0,0,1
1,0,0,0,1
1,0,0,0,1
1,0,0,0,1
1,0,0,0,1
1,0,0,0,1
1,0,0,0,1
1,0,0,0,1
1,0,0,0,1
1,0,0,0,1
1,0,0,0,1
1,0,0,0,1
1,0,0,0,1
1,0,0,0,1
1,0,0,0,1
1,0,0,0,1
1,0,0,0,1
1,3,0,0,4
1,0,0,0,1
1,0,0,0,1
1,0,0,0,1
1,0,0,0,1
1,0,0,0,1
1,0,0,0,1
1,0,0,0,1
1,0,0,0,1
1,0,0,0,1
1,0,0,0,1
1,0,0,0,1
1,0,0,0,1
1,0,0,0,1
1,0,0,0,1
1,0,0,0,1
1,0,0,0,1
1,0,0,0,1
1,0,0,0,1
1,0,0,0,1
1,0,0,0,1
1,0,0,0,1
1,0,0,0,1
1,0,0,0,1
1,0,0,0,1
1,0,0,0,1
1,0,0,0,1
1,0,0,0,1
1,0,0,0,1
1,0,0,0,1
1,0,0,0,1
1,0,0,0,1
1,0,0,0,1
1,0,0,0,1
1,0,0,0,1
1,0,0,0,1
1,0,0,0,1
1,0,0,0,1
1,0,0,0,1
1,0,0,0,1
1,0,0,0,1
1,0,0,0,1
1,0,0,0,1
1,0,0,0,1
1,3,1,0,5
1,0,0,0,1
1,0,0,0,1
1,0,0,0,1
1,0,0,0,1
1,0,0,0,1
1,0,0,0,1
1,0,0,0,1
1,0,0,0,1
1,0,0,0,1
1,0,0,0,1
1,0,0,0,1
1,0,0,0,1
1,0,0,0,1
1,0,0,0,1
1,0,0,0,1
1,0,0,0,1
1,0,0,0,1
1,0,0,0,1
1,0,0,0,1
1,0,0,0,1
1,0,0,0,1
1,0,0,0,1
0,594,0,0,594
0,592,0,0,592
0,13,0,0,13
0,64,0,0,64
0,63,0,0,63
0,40,0,0,40
0,40,0,0,40
0,633,1,0,634
0,633,0,0,633
0,4,0,0,4
0,1,0,0,1
0,592,0,0,592
0,633,0,0,633
0,640,0,0,640
0,11119,3,0,11122
0,162,0,0,162
0,162,0,0,162
0,633,0,0,633
0,633,0,0,633
0,591,0,0,591
0,225,0,0,225
0,225,0,0,225
0,10,0,0,10
0,111,0,0,111
0,111,0,0,111
0,77,0,0,77
0,51,0,0,51
0,591,0,0,591
0,592,0,0,592
0,98,0,0,98
0,18,0,0,18
0,633,0,0,633
0,633,0,0,633
0,23,0,0,23
0,438,0,0,438
0,1105,0,0,1105
0,33,0,0,33
0,33,0,0,33
0,438,0,0,438
0,438,0,0,438
0,634,0,0,634
0,635,0,0,635
0,599,0,0,599
0,591,0,0,591
0,590,0,0,590
0,634,0,0,634
0,634,0,0,634
0,438,0,0,438
0,438,0,0,438
0,5,0,0,5
0,7,0,0,7
0,8,1,0,9
0,634,0,0,634
0,13,0,0,13
0,14,0,0,14
0,635,1,0,636
0,633,0,0,633
0,41,0,0,41
0,617,0,0,617
0,637,0,0,637
0,633,0,0,633
0,634,0,0,634
0,162,0,0,162
0,172,0,0,172
0,1355,2,0,1357
0,635,0,0,635
0,635,0,0,635
0,12,0,0,12
0,7,0,0,7
0,634,0,0,634
0,634,0,0,634
0,6,2,0,8
0,3866,0,0,3866
0,4,0,0,4
0,161,0,0,161
0,162,0,0,162
0,5,0,0,5
0,592,0,0,592
0,591,0,0,591
0,2,0,0,2
0,92,0,0,92
0,94,0,0,94
0,26,0,0,26
0,25,0,0,25
0,226,0,0,226
0,226,0,0,226
0,592,0,0,592
0,592,0,0,592
0,633,0,0,633
0,633,0,0,633
0,635,0,0,635
0,842,0,0,842
0,634,0,0,634
0,635,0,0,635
0,634,0,0,634
0,634,0,0,634
0,951,0,0,951
0,633,0,0,633
0,633,0,0,633
0,98,0,0,98
0,592,0,0,592
0,3,1,0,4
0,38,0,0,38
0,38,0,0,38
0,591,0,0,591
0,592,0,0,592
0,634,0,0,634
0,633,0,0,633
0,8,0,0,8
0,5,0,0,5
0,7,0,0,7
0,3,0,0,3
0,633,0,0,633
0,633,0,0,633
0,2,0,0,2
0,3,0,0,3
0,1070,69,0,1139
0,592,0,0,592
0,591,0,0,591
0,18,0,0,18
0,19,0,0,19
0,148,0,0,148
0,66,0,0,66
0,438,0,0,438
0,592,0,0,592
0,593,0,0,593
0,436,3,0,439
0,634,0,0,634
0,634,0,0,634
0,633,0,0,633
0,633,0,0,633
0,591,0,0,591
0,592,0,0,592
0,24,0,0,24
0,633,0,0,633
0,634,0,0,634
0,593,0,0,593
0,888,0,0,888
0,13,0,0,13
0,16,0,0,16
0,62,0,0,62
0,633,0,0,633
0,634,0,0,634
0,122,0,0,122
0,122,0,0,122
0,591,0,0,591
0,592,0,0,592
0,225,0,0,225
0,3,0,0,3
0,6,0,0,6
0,6,0,0,6
0,594,0,0,594
0,591,0,0,591
0,438,0,0,438
0,592,0,0,592
0,225,0,0,225
0,225,0,0,225
0,9,0,0,9
0,438,0,0,438
0,33,0,0,33
0,32,0,0,32
0,633,0,0,633
0,634,0,0,634
0,226,0,0,226
0,633,0,0,633
0,636,0,0,636
0,592,0,0,592
0,75,0,0,75
0,75,0,0,75
0,633,0,0,633
0,633,0,0,633
0,59,0,0,59
0,59,0,0,59
0,634,0,0,634
0,636,0,0,636
0,633,0,0,633
0,3,0,0,3
0,42,0,0,42
0,18,0,0,18
0,591,0,0,591
0,596,0,0,596
0,439,0,0,439
0,439,0,0,439
0,633,0,0,633
0,633,0,0,633
0,591,0,0,591
0,592,0,0,592
0,592,0,0,592
0,592,0,0,592
0,592,0,0,592
0,592,0,0,592
0,596,0,0,596
0,2,0,0,2
0,1,0,0,1
0,7,0,0,7
0,19,5,0,24
0,172,0,0,172
0,172,0,0,172
0,438,0,0,438
0,438,0,0,438
0,14,0,0,14
0,1,1,0,2
0,1,0,0,1
0,447,1,0,448
0,438,0,0,438
0,592,0,0,592
0,592,0,0,592
0,1,0,0,1
0,599,0,0,599
0,25,0,0,25
0,4,0,0,4
0,68,0,0,68
0,93,0,0,93
0,438,0,0,438
0,438,0,0,438
0,7,0,0,7
0,8,0,0,8
0,634,0,0,634
0,633,0,0,633
0,111,0,0,111
0,13,8,0,21
0,2,0,0,2
0,633,0,0,633
0,592,0,0,592
0,592,0,0,592
0,5,1,0,6
0,2,0,0,2
0,44,0,0,44
0,85,0,0,85
0,40,0,0,40
0,27,0,0,27
0,634,0,0,634
0,633,0,0,633
0,341,0,0,341
0,225,0,0,225
0,438,0,0,438
0,46,0,0,46
0,1,3,0,4
0,1,0,0,1
0,592,0,0,592
0,591,0,0,591
0,47,0,0,47
0,2,0,0,2
0,13,0,0,13
0,51,0,0,51
0,2,1,0,3
0,2,0,0,2
0,20,0,0,20
0,36,0,0,36
0,438,0,0,438
0,633,0,0,633
0,633,0,0,633
0,591,0,0,591
0,636,0,0,636
0,633,0,0,633
0,14,1,0,15
0,2,0,0,2
0,633,0,0,633
0,5,0,0,5
0,225,0,0,225
0,4,0,0,4
0,6,0,0,6
0,61,0,0,61
0,60,0,0,60
0,438,0,0,438
0,653,0,0,653
0,636,0,0,636
0,595,0,0,595
0,592,0,0,592
0,592,0,0,592
0,592,0,0,592
0,85,0,0,85
0,33,0,0,33
0,438,0,0,438
0,592,0,0,592
0,591,0,0,591
0,32,10,0,42
0,55,0,0,55
0,37,0,0,37
0,37,0,0,37
0,63,0,0,63
0,591,0,0,591
0,635,0,0,635
0,22,0,0,22
0,36,0,0,36
0,592,0,0,592
0,592,0,0,592
0,634,0,0,634
0,634,0,0,634
0,438,0,0,438
0,658,0,0,658
0,80,6,0,86
0,86,0,0,86
0,431,0,0,431
0,24,0,0,24
0,20,0,0,20
0,48,0,0,48
0,634,0,0,634
0,633,0,0,633
0,463,11,0,474
0,21,0,0,21
0,4,0,0,4
0,649,0,0,649
0,59,0,0,59
0,1,1,0,2
0,2,0,0,2
0,227,0,0,227
0,225,0,0,225
0,5,0,0,5
0,634,0,0,634
0,591,0,0,591
0,592,0,0,592
0,633,0,0,633
0,10,0,0,10
0,3,0,0,3
0,39,0,0,39
0,592,0,0,592
0,597,0,0,597
0,10,0,0,10
0,19,0,0,19
0,439,0,0,439
0,27,0,0,27
0,33,0,0,33
0,338,0,0,338
0,9,0,0,9
0,5,0,0,5
0,438,0,0,438
0,633,0,0,633
0,633,0,0,633
0,85,0,0,85
0,12,1,0,13
0,11,1,0,12
0,438,0,0,438
0,633,0,0,633
0,633,0,0,633
0,74,0,0,74
0,77,0,0,77
0,591,0,0,591
0,42,0,0,42
0,438,0,0,438
0,634,0,0,634
0,634,0,0,634
0,592,0,0,592
0,438,0,0,438
0,592,0,0,592
0,592,0,0,592
0,634,0,0,634
0,57,0,0,57
0,2,0,0,2
0,2,0,0,2
0,2,0,0,2
0,1,0,0,1
0,592,0,0,592
0,634,0,0,634
0,633,0,0,633
0,592,0,0,592
0,592,0,0,592
0,438,0,0,438
0,633,0,0,633
0,2,1,0,3
0,48,0,0,48
0,92,0,0,92
0,633,0,0,633
0,633,0,0,633
0,438,0,0,438
0,438,0,0,438
0,634,0,0,634
0,633,0,0,633
0,592,0,0,592
0,593,0,0,593
0,374,2,0,376
0,592,0,0,592
0,44,0,0,44
0,15,0,0,15
0,6,0,0,6
0,11,0,0,11
0,11,0,0,11
0,56,0,0,56
0,20,0,0,20
0,12,0,0,12
0,592,0,0,592
0,592,0,0,592
0,592,0,0,592
0,6,0,0,6
0,4,0,0,4
0,592,0,0,592
0,633,0,0,633
0,591,0,0,591
0,591,0,0,591
0,646,0,0,646
0,633,0,0,633
0,10,0,0,10
0,10,0,0,10
0,637,0,0,637
0,634,0,0,634
0,633,0,0,633
0,6,0,0,6
0,253,0,0,253
0,592,0,0,592
0,591,0,0,591
0,30,1,0,31
0,633,0,0,633
0,225,0,0,225
0,225,0,0,225
0,225,0,0,225
0,265,1,0,266
0,634,0,0,634
0,634,0,0,634
0,633,0,0,633
0,130,0,0,130
0,3900,59,0,3959
0,39,0,0,39
0,438,0,0,438
0,438,0,0,438
0,220,0,0,220
0,79,0,0,79
0,75,0,0,75
0,633,0,0,633
0,633,0,0,633
0,21,0,0,21
0,17,0,0,17
0,17,0,0,17
0,3,0,0,3
0,3,0,0,3
0,633,0,0,633
0,633,0,0,633
0,633,0,0,633
0,37,0,0,37
0,53,0,0,53
0,35,0,0,35
0,2,0,0,2
0,592,0,0,592
0,56,3,0,59
0,633,0,0,633
0,633,0,0,633
0,162,0,0,162
0,244,0,0,244
0,13,0,0,13
0,3,0,0,3
0,18,0,0,18
0,16,0,0,16
0,75,0,0,75
0,74,0,0,74
0,107,0,0,107
0,58,0,0,58
0,42,0,0,42
0,42,0,0,42
0,592,0,0,592
0,438,0,0,438
0,438,0,0,438
0,635,0,0,635
0,634,0,0,634
0,60,0,0,60
0,59,0,0,59
0,260,18,0,278
0,225,0,0,225
0,1005,6,0,1011
0,438,0,0,438
0,438,0,0,438
0,46,0,0,46
0,47,0,0,47
0,1,1,0,2
0,1,0,0,1
0,592,0,0,592
0,2,0,0,2
0,38,0,0,38
0,634,0,0,634
0,633,0,0,633
0,9,0,0,9
0,3,0,0,3
0,3,0,0,3
0,123,0,0,123
0,122,0,0,122
0,634,0,0,634
0,3,0,0,3
0,34,0,0,34
0,35,0,0,35
0,8,0,0,8
0,17,0,0,17
0,25,0,0,25
0,67,0,0,67
0,439,0,0,439
0,438,0,0,438
0,238,0,0,238
0,4,0,0,4
0,7,0,0,7
0,24,0,0,24
0,633,0,0,633
0,591,0,0,591
0,83,0,0,83
0,75,0,0,75
0,438,0,0,438
0,3,0,0,3
0,45,0,0,45
0,634,0,0,634
0,3,0,0,3
0,4,0,0,4
0,592,0,0,592
0,3,0,0,3
0,99,0,0,99
0,21,0,0,21
0,36,0,0,36
0,592,0,0,592
0,592,0,0,592
0,592,0,0,592
0,6,0,0,6
0,634,0,0,634
0,633,0,0,633
0,50,0,0,50
0,50,0,0,50
0,2,1,0,3
0,3,0,0,3
0,173,0,0,173
0,17,1,0,18
0,633,0,0,633
0,633,0,0,633
0,32,0,0,32
0,6,0,0,6
0,639,0,0,639
0,84,0,0,84
0,85,0,0,85
0,591,0,0,591
0,3,0,0,3
0,2,0,0,2
0,2,0,0,2
0,3,1,0,4
0,2687,47,0,2734
0,438,0,0,438
0,438,0,0,438
0,592,0,0,592
0,591,0,0,591
0,59,0,0,59
0,592,0,0,592
0,155,0,0,155
0,9,0,0,9
0,2,1,0,3
0,592,0,0,592
0,35,2,0,37
0,633,0,0,633
0,3,0,0,3
0,2,0,0,2
0,50,0,0,50
0,448,0,0,448
0,2,0,0,2
0,19,0,0,19
0,18,0,0,18
0,592,0,0,592
0,1,0,0,1
0,634,0,0,634
0,634,0,0,634
0,126,0,0,126
0,634,0,0,634
0,162,0,0,162
0,592,0,0,592
0,47,0,0,47
0,1453,0,0,1453
0,438,0,0,438
0,592,0,0,592
0,592,0,0,592
0,593,0,0,593
0,634,0,0,634
0,2,0,0,2
0,14,0,0,14
0,3,0,0,3
0,3,0,0,3
0,2,0,0,2
0,1,0,0,1
0,633,0,0,633
0,225,0,0,225
0,680,1,0,681
0,3,0,0,3
0,3,0,0,3
0,633,0,0,633
0,633,0,0,633
0,634,0,0,634
0,13,1,0,14
0,5,0,0,5
0,16,0,0,16
0,633,0,0,633
0,633,0,0,633
0,888,0,0,888
0,591,0,0,591
0,55,0,0,55
0,438,0,0,438
0,438,0,0,438
0,225,0,0,225
0,599,0,0,599
0,12,0,0,12
0,592,0,0,592
0,633,0,0,633
0,593,0,0,593
0,592,0,0,592
0,110,0,0,110
0,47,0,0,47
0,2,0,0,2
0,16,0,0,16
0,633,0,0,633
0,634,0,0,634
0,634,0,0,634
0,438,0,0,438
0,169,1,0,170
0,162,0,0,162
0,85,0,0,85
0,85,0,0,85
0,652,0,0,652
0,1,0,0,1
0,225,0,0,225
0,92,17,0,109
0,4,0,0,4
0,6,0,0,6
0,591,0,0,591
0,225,0,0,225
0,225,0,0,225
0,5,0,0,5
0,7,0,0,7
0,5,0,0,5
0,39,0,0,39
0,1,0,0,1
0,20,0,0,20
0,10,0,0,10
0,53,1,0,54
0,633,0,0,633
0,46,0,0,46
0,47,0,0,47
0,6,0,0,6
0,5,0,0,5
0,592,0,0,592
0,56,0,0,56
0,57,0,0,57
0,4,0,0,4
0,592,0,0,592
0,11,0,0,11
0,4,0,0,4
0,633,0,0,633
0,633,0,0,633
0,6,0,0,6
0,28,0,0,28
0,633,0,0,633
0,1,0,0,1
0,1,0,0,1
0,2,0,0,2
0,18,0,0,18
0,22,0,0,22
0,162,0,0,162
0,161,0,0,161
0,5,9,0,14
0,9,0,0,9
0,38,0,0,38
0,39,0,0,39
0,2,0,0,2
0,4,0,0,4
0,592,0,0,592
0,592,0,0,592
0,2,0,0,2
0,23,0,0,23
0,3,0,0,3
0,12,0,0,12
0,592,0,0,592
0,24,0,0,24
0,110,0,0,110
0,110,0,0,110
0,8,0,0,8
0,31,0,0,31
0,26,0,0,26
0,98,0,0,98
0,98,0,0,98
0,1,0,0,1
0,43,0,0,43
0,2,0,0,2
0,61,3,0,64
0,633,0,0,633
0,1,0,0,1
0,438,0,0,438
0,440,0,0,440
0,173,0,0,173
0,592,0,0,592
0,591,0,0,591
0,592,0,0,592
0,428,0,0,428
0,1071,0,0,1071
0,592,0,0,592
0,591,0,0,591
0,634,0,0,634
0,122,0,0,122
0,122,0,0,122
0,120,0,0,120
0,111,0,0,111
0,123,0,0,123
0,123,0,0,123
0,634,0,0,634
0,15,0,0,15
0,2,0,0,2
0,2,0,0,2
0,5,0,0,5
0,8,2,0,10
0,7,0,0,7
0,225,0,0,225
0,633,0,0,633
0,7,0,0,7
0,8,0,0,8
0,438,0,0,438
0,438,1,0,439
0,44,0,0,44
0,47,0,0,47
0,592,0,0,592
0,591,0,0,591
0,6,0,0,6
0,7,0,0,7
0,21,14,0,35
0,29,0,0,29
0,80,0,0,80
0,172,0,0,172
0,438,0,0,438
0,438,0,0,438
0,6,0,0,6
0,3,0,0,3
0,3,0,0,3
0,633,0,0,633
0,592,0,0,592
0,592,0,0,592
0,592,0,0,592
0,592,0,0,592
0,317,0,0,317
0,172,0,0,172
0,592,0,0,592
0,591,0,0,591
0,80,0,0,80
0,79,0,0,79
0,130,0,0,130
0,74,0,0,74
0,4,0,0,4
0,634,0,0,634
0,634,0,0,634
0,2,0,0,2
0,21,3,0,24
0,3,0,0,3
0,162,0,0,162
0,172,0,0,172
0,172,0,0,172
0,172,0,0,172
0,172,0,0,172
0,162,0,0,162
0,633,0,0,633
0,634,0,0,634
0,633,0,0,633
0,634,0,0,634
0,633,0,0,633
0,591,0,0,591
0,7,3,0,10
0,5,0,0,5
0,438,0,0,438
0,439,0,0,439
0,12,0,0,12
0,11,1,0,12
0,11,0,0,11
0,438,0,0,438
0,438,0,0,438
0,591,0,0,591
0,592,0,0,592
0,225,0,0,225
0,225,0,0,225
0,438,0,0,438
0,438,0,0,438
0,15,0,0,15
0,438,0,0,438
0,438,0,0,438
0,28,0,0,28
0,29,0,0,29
0,633,0,0,633
0,5,0,0,5
0,5,0,0,5
0,64,0,0,64
0,61,0,0,61
0,5,1,0,6
0,633,0,0,633
0,634,0,0,634
0,7,0,0,7
0,592,0,0,592
0,633,0,0,633
0,98,0,0,98
0,98,0,0,98
0,633,0,0,633
0,592,0,0,592
0,4,0,0,4
0,66,0,0,66
0,2,0,0,2
0,636,0,0,636
0,634,0,0,634
0,633,0,0,633
0,15,0,0,15
0,3,0,0,3
0,3,0,0,3
0,16,0,0,16
0,15,0,0,15
0,15,0,0,15
0,438,0,0,438
0,438,0,0,438
0,6,0,0,6
0,592,0,0,592
0,438,0,0,438
0,444,0,0,444
0,225,0,0,225
0,374,0,0,374
0,240,0,0,240
0,2,0,0,2
0,1,0,0,1
0,635,0,0,635
0,634,0,0,634
0,116,0,0,116
0,22,0,0,22
0,2,0,0,2
0,2,0,0,2
0,6,0,0,6
0,6,0,0,6
0,110,0,0,110
0,111,0,0,111
0,634,0,0,634
0,226,0,0,226
0,50,0,0,50
0,50,0,0,50
0,592,0,0,592
0,162,0,0,162
0,633,0,0,633
0,225,0,0,225
0,226,0,0,226
0,4,0,0,4
0,3,0,0,3
0,131,0,0,131
0,633,0,0,633
0,591,0,0,591
0,30,0,0,30
0,48,0,0,48
0,164,0,0,164
0,162,0,0,162
0,162,0,0,162
0,592,0,0,592
0,6,0,0,6
0,5,0,0,5
0,438,0,0,438
0,438,0,0,438
0,592,0,0,592
0,8,0,0,8
0,19,0,0,19
0,2,0,0,2
0,591,0,0,591
0,593,0,0,593
0,33,0,0,33
0,5,0,0,5
0,438,0,0,438
0,438,0,0,438
0,634,0,0,634
0,13,1,0,14
0,16,0,0,16
0,2,0,0,2
0,50,0,0,50
0,51,0,0,51
0,592,0,0,592
0,172,0,0,172
0,14,0,0,14
0,15,0,0,15
0,226,0,0,226
0,33,0,0,33
0,122,0,0,122
0,123,0,0,123
0,6,0,0,6
0,7,0,0,7
0,75,0,0,75
0,50,22,0,72
0,9,1,0,10
0,19,0,0,19
0,4,0,0,4
0,66,0,0,66
0,66,0,0,66
0,158,0,0,158
0,636,0,0,636
0,592,0,0,592
0,633,0,0,633
0,13,1,0,14
0,592,0,0,592
0,634,0,0,634
0,4,0,0,4
0,159,0,0,159
0,13,0,0,13
0,16,0,0,16
0,2,0,0,2
0,2,0,0,2
0,162,0,0,162
0,2,0,0,2
0,2,0,0,2
0,2,0,0,2
0,36,0,0,36
0,46,0,0,46
0,66,0,0,66
0,65,0,0,65
0,1,1,0,2
0,102,0,0,102
0,29,0,0,29
0,131,0,0,131
0,17,0,0,17
0,637,0,0,637
0,634,0,0,634
0,57,0,0,57
0,55,0,0,55
0,591,0,0,591
0,7,0,0,7
0,24,0,0,24
0,25,0,0,25
0,4,0,0,4
0,1,0,0,1
0,633,0,0,633
0,591,0,0,591
0,633,0,0,633
0,75,0,0,75
0,449,0,0,449
0,11,2,0,13
0,633,0,0,633
0,633,0,0,633
0,633,0,0,633
0,6,0,0,6
0,592,0,0,592
0,592,0,0,592
0,644,0,0,644
0,633,0,0,633
0,633,0,0,633
0,634,0,0,634
0,26,0,0,26
0,591,0,0,591
0,633,0,0,633
0,32,0,0,32
0,32,0,0,32
0,4,0,0,4
0,1,0,0,1
0,633,0,0,633
0,634,0,0,634
0,634,0,0,634
0,5,0,0,5
0,3,0,0,3
0,633,0,0,633
0,36,0,0,36
0,438,0,0,438
0,438,0,0,438
0,438,0,0,438
0,155,41,0,196
0,7,1,0,8
0,439,0,0,439
0,59,0,0,59
0,59,0,0,59
0,592,0,0,592
0,633,0,0,633
0,50,0,0,50
0,592,0,0,592
0,591,0,0,591
0,633,0,0,633
0,153,4,0,157
0,3,1,0,4
0,641,0,0,641
0,592,0,0,592
0,162,0,0,162
0,225,0,0,225
0,226,0,0,226
0,21,0,0,21
0,56,0,0,56
0,76,0,0,76
0,13,0,0,13
0,6,0,0,6
0,55,0,0,55
0,60,0,0,60
0,60,0,0,60
0,232,0,0,232
0,45,0,0,45
0,29,0,0,29
0,3,0,0,3
0,9,0,0,9
0,6,0,0,6
0,1,1,0,2
0,1,0,0,1
0,592,0,0,592
0,3,0,0,3
0,2,0,0,2
0,100,0,0,100
0,6,0,0,6
0,13,0,0,13
0,20,0,0,20
0,633,0,0,633
0,592,0,0,592
0,634,0,0,634
0,9,0,0,9
0,634,0,0,634
0,2,3,0,5
0,3,0,0,3
0,591,0,0,591
0,592,0,0,592
0,163,0,0,163
0,24,0,0,24
0,24,0,0,24
0,633,0,0,633
0,4,0,0,4
0,98,0,0,98
0,634,0,0,634
0,633,0,0,633
0,592,0,0,592
0,592,0,0,592
0,172,0,0,172
0,438,0,0,438
0,438,0,0,438
0,2,0,0,2
0,634,0,0,634
0,438,0,0,438
0,633,0,0,633
0,633,0,0,633
0,1,0,0,1
0,438,0,0,438
0,438,0,0,438
0,1,0,0,1
0,1,0,0,1
0,59,5,0,64
0,1,0,0,1
0,1,0,0,1
0,592,1,0,593
0,1,1,0,2
0,1,0,0,1
0,32,0,0,32
0,633,0,0,633
0,8,0,0,8
0,18,0,0,18
0,438,0,0,438
0,1,0,0,1
0,3,0,0,3
0,225,0,0,225
0,106,0,0,106
0,24,0,0,24
0,24,0,0,24
0,3,0,0,3
0,633,0,0,633
0,172,0,0,172
0,35,0,0,35
0,35,0,0,35
0,34,3,0,37
0,6,0,0,6
0,28,1,0,29
0,69,0,0,69
0,57,0,0,57
0,633,0,0,633
0,634,0,0,634
0,634,0,0,634
0,43,1,0,44
0,43,0,0,43
0,110,0,0,110
0,438,0,0,438
0,29,0,0,29
0,29,0,0,29
0,592,0,0,592
0,13,0,0,13
0,19,0,0,19
0,19,0,0,19
0,4,0,0,4
0,2,0,0,2
0,438,0,0,438
0,634,0,0,634
0,4,1,0,5
0,593,0,0,593
0,592,0,0,592
0,592,0,0,592
0,592,0,0,592
0,10,0,0,10
0,15,0,0,15
0,3,0,0,3
0,2,0,0,2
0,29,0,0,29
0,28,0,0,28
0,592,0,0,592
0,591,0,0,591
0,162,0,0,162
0,1,0,0,1
0,633,0,0,633
0,438,0,0,438
0,8,1,0,9
0,592,0,0,592
0,36,2,0,38
0,122,0,0,122
0,122,0,0,122
0,439,0,0,439
0,592,0,0,592
0,47,0,0,47
0,45,0,0,45
0,637,1,0,638
0,634,0,0,634
0,438,0,0,438
0,438,0,0,438
0,15,0,0,15
0,17,0,0,17
0,23,0,0,23
0,436,0,0,436
0,5,0,0,5
0,5,0,0,5
0,634,0,0,634
0,634,0,0,634
0,306,0,0,306
0,50,0,0,50
0,2,0,0,2
0,4,0,0,4
0,438,0,0,438
0,592,0,0,592
0,633,0,0,633
0,633,0,0,633
0,2,0,0,2
0,26,0,0,26
0,8,1,0,9
0,438,0,0,438
0,4,0,0,4
0,6,0,0,6
0,27,0,0,27
0,596,0,0,596
0,60,0,0,60
0,57,0,0,57
0,79,0,0,79
0,5,4,0,9
0,40,0,0,40
0,40,0,0,40
0,3,0,0,3
0,438,0,0,438
0,14,0,0,14
0,591,4,0,595
0,438,0,0,438
0,633,0,0,633
0,591,0,0,591
0,438,0,0,438
0,633,0,0,633
0,84,0,0,84
0,84,0,0,84
0,591,0,0,591
0,438,0,0,438
0,635,0,0,635
0,27,0,0,27
0,35,0,0,35
0,633,0,0,633
0,633,0,0,633
0,162,0,0,162
0,438,0,0,438
0,634,0,0,634
0,10,0,0,10
0,5,0,0,5
0,8,0,0,8
0,3,0,0,3
0,591,0,0,591
0,162,0,0,162
0,162,0,0,162
0,3,0,0,3
0,438,0,0,438
0,28,0,0,28
0,5,0,0,5
0,4,0,0,4
0,633,0,0,633
0,95,0,0,95
0,29,2,0,31
0,2,0,0,2
0,1,0,0,1
0,1,0,0,1
0,111,0,0,111
0,121,0,0,121
0,633,0,0,633
0,60,0,0,60
0,61,0,0,61
0,11,0,0,11
0,2,0,0,2
0,23,0,0,23
0,22,0,0,22
0,10,0,0,10
0,2,0,0,2
0,633,0,0,633
0,59,0,0,59
0,67,0,0,67
0,124,0,0,124
0,141,0,0,141
0,98,0,0,98
0,18,0,0,18
0,591,0,0,591
0,4,0,0,4
0,592,0,0,592
0,11,0,0,11
0,12,0,0,12
0,633,0,0,633
0,3,0,0,3
0,592,0,0,592
0,5,0,0,5
0,3,0,0,3
0,3,1,0,4
0,592,0,0,592
0,4,0,0,4
0,5,0,0,5
0,1,0,0,1
0,172,0,0,172
0,438,0,0,438
0,438,0,0,438
0,593,0,0,593
0,592,0,0,592
0,2,0,0,2
0,75,0,0,75
0,75,0,0,75
0,225,0,0,225
0,592,0,0,592
0,225,0,0,225
0,71,0,0,71
0,591,0,0,591
0,633,0,0,633
0,51,0,0,51
0,438,0,0,438
0,5,0,0,5
0,3,0,0,3
0,13,16,0,29
0,4,0,0,4
0,10,0,0,10
0,633,0,0,633
0,633,0,0,633
0,634,0,0,634
0,28,0,0,28
0,438,0,0,438
0,438,0,0,438
0,84,0,0,84
0,85,0,0,85
0,130,0,0,130
0,438,0,0,438
0,592,0,0,592
0,634,0,0,634
0,591,0,0,591
0,592,0,0,592
0,3,0,0,3
0,13,0,0,13
0,16,0,0,16
0,82,0,0,82
0,83,0,0,83
0,439,1,0,440
0,438,0,0,438
0,4,0,0,4
0,1,0,0,1
0,2,0,0,2
0,75,0,0,75
0,438,0,0,438
0,3,0,0,3
0,92,0,0,92
0,636,0,0,636
0,633,0,0,633
0,35,0,0,35
0,33,1,0,34
0,136,0,0,136
0,4,0,0,4
0,8,0,0,8
0,7,0,0,7
0,6,0,0,6
0,2,1,0,3
0,2,0,0,2
0,9,0,0,9
0,12,0,0,12
0,11,0,0,11
0,11,0,0,11
0,12,0,0,12
0,189,0,0,189
0,2,0,0,2
0,2,0,0,2
0,438,0,0,438
0,99,0,0,99
0,50,0,0,50
0,62,0,0,62
0,2,0,0,2
0,241,0,0,241
0,438,0,0,438
0,7,0,0,7
0,7,1,0,8
0,3,0,0,3
0,2,0,0,2
0,1,0,0,1
0,74,6,0,80
0,35,0,0,35
0,36,0,0,36
0,8,0,0,8
0,8,0,0,8
0,131,0,0,131
0,633,0,0,633
0,172,0,0,172
0,62,0,0,62
0,64,0,0,64
0,45,0,0,45
0,2,0,0,2
0,2,0,0,2
0,76,0,0,76
0,77,0,0,77
0,84,0,0,84
0,1,0,0,1
0,2,0,0,2
0,18,0,0,18
0,592,0,0,592
0,591,0,0,591
0,7,0,0,7
0,41,0,0,41
0,15,0,0,15
0,3,0,0,3
0,59,1,0,60
0,47,0,0,47
0,275,0,0,275
0,592,0,0,592
0,592,0,0,592
0,41,0,0,41
0,40,0,0,40
0,64,0,0,64
0,111,0,0,111
0,110,0,0,110
0,1,1,0,2
0,3,0,0,3
0,633,0,0,633
0,438,0,0,438
0,591,0,0,591
0,11,0,0,11
0,22,0,0,22
0,24,0,0,24
0,8,0,0,8
0,30,0,0,30
0,3,0,0,3
0,2,0,0,2
0,438,0,0,438
0,3,0,0,3
0,8,0,0,8
0,18,0,0,18
0,438,0,0,438
0,438,0,0,438
0,35,0,0,35
0,37,0,0,37
0,32,0,0,32
0,32,0,0,32
0,8,2,0,10
0,1,1,0,2
0,2,0,0,2
0,633,0,0,633
0,13,0,0,13
0,171,0,0,171
0,50,0,0,50
0,439,0,0,439
0,8,0,0,8
0,4,0,0,4
0,18,0,0,18
0,1,0,0,1
0,634,0,0,634
0,438,0,0,438
0,438,0,0,438
0,109,0,0,109
0,123,0,0,123
0,42,0,0,42
0,42,0,0,42
0,23,0,0,23
0,24,0,0,24
0,23,0,0,23
0,592,0,0,592
0,592,0,0,592
0,59,0,0,59
0,59,0,0,59
0,2,0,0,2
0,1,0,0,1
0,440,0,0,440
0,1,0,0,1
0,59,1,0,60
0,622,0,0,622
0,25,3,0,28
0,111,0,0,111
0,111,0,0,111
0,20,0,0,20
0,20,0,0,20
0,9,0,0,9
0,7,2,0,9
0,6,0,0,6
0,225,0,0,225
0,32,10,0,42
0,130,0,0,130
0,146,2,0,148
0,438,0,0,438
0,162,0,0,162
0,162,0,0,162
0,4,0,0,4
0,9,0,0,9
0,10,1,0,11
0,50,0,0,50
0,634,0,0,634
0,85,0,0,85
0,290,0,0,290
0,1,0,0,1
0,4,0,0,4
0,66,0,0,66
0,33,0,0,33
0,31,0,0,31
0,438,0,0,438
0,46,0,0,46
0,8,4,0,12
0,1,0,0,1
0,438,0,0,438
0,171,0,0,171
0,162,0,0,162
0,7,0,0,7
0,1,0,0,1
0,1,0,0,1
0,98,0,0,98
0,170,0,0,170
0,633,0,0,633
0,592,0,0,592
0,4,0,0,4
0,4,0,0,4
0,46,0,0,46
0,32,0,0,32
0,54,0,0,54
0,55,0,0,55
0,93,0,0,93
0,634,0,0,634
0,13,0,0,13
0,634,0,0,634
0,46,0,0,46
0,4,0,0,4
0,438,0,0,438
0,438,0,0,438
0,225,0,0,225
0,438,0,0,438
0,230,0,0,230
0,35,0,0,35
0,36,0,0,36
0,110,0,0,110
0,111,0,0,111
0,225,0,0,225
0,1,0,0,1
0,592,0,0,592
0,119,0,0,119
0,438,0,0,438
0,3,2,0,5
0,1,1,0,2
0,12,1,0,13
0,592,0,0,592
0,3,0,0,3
0,35,0,0,35
0,225,0,0,225
0,20,0,0,20
0,112,0,0,112
0,592,0,0,592
0,8,0,0,8
0,438,0,0,438
0,1,0,0,1
0,17,0,0,17
0,16,0,0,16
0,52,0,0,52
0,49,0,0,49
0,92,0,0,92
0,2,0,0,2
0,2,0,0,2
0,1,0,0,1
0,41,0,0,41
0,92,0,0,92
0,111,0,0,111
0,50,0,0,50
0,5,0,0,5
0,13,0,0,13
0,12,0,0,12
0,89,0,0,89
0,46,0,0,46
0,633,0,0,633
0,591,0,0,591
0,5,0,0,5
0,633,0,0,633
0,47,0,0,47
0,225,0,0,225
0,9,0,0,9
0,6,0,0,6
0,592,0,0,592
0,592,0,0,592
0,4,0,0,4
0,7,3,0,10
0,633,0,0,633
0,634,0,0,634
0,438,0,0,438
0,592,0,0,592
0,42,0,0,42
0,42,0,0,42
0,592,0,0,592
0,6,0,0,6
0,5,0,0,5
0,2,0,0,2
0,6,2,0,8
0,132,0,0,132
0,438,0,0,438
0,438,0,0,438
0,225,0,0,225
0,225,0,0,225
0,20,0,0,20
0,14,0,0,14
0,75,0,0,75
0,9,1,0,10
0,6,0,0,6
0,297,13,0,310
0,8,0,0,8
0,8,0,0,8
0,2,0,0,2
0,1,0,0,1
0,23,0,0,23
0,26,0,0,26
0,438,0,0,438
0,463,0,0,463
0,592,0,0,592
0,1,0,0,1
0,2,0,0,2
0,75,0,0,75
0,7,2,0,9
0,5,0,0,5
0,33,0,0,33
0,592,0,0,592
0,3,0,0,3
0,1,0,0,1
0,2,0,0,2
0,57,1,0,58
0,53,0,0,53
0,51,0,0,51
0,1,0,0,1
0,144,0,0,144
0,174,0,0,174
0,172,0,0,172
0,23,0,0,23
0,23,0,0,23
0,634,0,0,634
0,16,0,0,16
0,438,0,0,438
0,438,0,0,438
0,39,0,0,39
0,601,0,0,601
0,22,0,0,22
0,23,0,0,23
0,7,0,0,7
0,4,0,0,4
0,438,0,0,438
0,33,0,0,33
0,34,0,0,34
0,3,1,0,4
0,3,0,0,3
0,4,0,0,4
0,1,0,0,1
0,1,1,0,2
0,3,0,0,3
0,2,1,0,3
0,2,1,0,3
0,1,0,0,1
0,2,0,0,2
0,5,0,0,5
0,6,0,0,6
0,5,0,0,5
0,11,4,0,15
0,9,0,0,9
0,22,0,0,22
0,633,0,0,633
0,6,0,0,6
0,28,0,0,28
0,8,0,0,8
0,11,0,0,11
0,50,0,0,50
0,64,0,0,64
0,196,0,0,196
0,28,0,0,28
0,2,0,0,2
0,11,0,0,11
0,22,0,0,22
0,21,0,0,21
0,153,0,0,153
0,72,0,0,72
0,337,0,0,337
0,227,0,0,227
0,59,0,0,59
0,98,0,0,98
0,98,0,0,98
0,94,0,0,94
0,84,0,0,84
0,14,0,0,14
0,97,0,0,97
0,48,0,0,48
0,110,0,0,110
0,111,0,0,111
0,2,0,0,2
0,15,0,0,15
0,7,0,0,7
0,7,0,0,7
0,162,0,0,162
0,633,0,0,633
0,438,0,0,438
0,173,0,0,173
0,2,0,0,2
0,43,0,0,43
0,131,1,0,132
0,4,1,0,5
0,2,0,0,2
0,11,1,0,12
0,13,0,0,13
0,225,0,0,225
0,27,13,0,40
0,2,0,0,2
0,6,0,0,6
0,592,0,0,592
0,38,0,0,38
0,39,0,0,39
0,12,1,0,13
0,6,0,0,6
0,45,0,0,45
0,122,0,0,122
0,122,0,0,122
0,14,0,0,14
0,2,0,0,2
0,110,0,0,110
0,4,0,0,4
0,17,0,0,17
0,5,3,0,8
0,1,0,0,1
0,15,0,0,15
0,10,0,0,10
0,1,0,0,1
0,3,0,0,3
0,225,0,0,225
0,56,1,0,57
0,2,0,0,2
0,2,0,0,2
0,4,0,0,4
0,633,0,0,633
0,37,0,0,37
0,19,0,0,19
0,49,0,0,49
0,172,0,0,172
0,16,0,0,16
0,56,0,0,56
0,56,0,0,56
0,20,0,0,20
0,31,0,0,31
0,2,1,0,3
0,2,0,0,2
0,633,0,0,633
0,438,0,0,438
0,6,0,0,6
0,45,0,0,45
0,44,0,0,44
0,30,2,0,32
0,2,4,0,6
0,16,0,0,16
0,592,0,0,592
0,193,0,0,193
0,12,0,0,12
0,2,0,0,2
0,164,0,0,164
0,38,0,0,38
0,162,0,0,162
0,79,0,0,79
0,172,0,0,172
0,591,0,0,591
0,633,0,0,633
0,129,0,0,129
0,130,0,0,130
0,100,1,0,101
0,98,0,0,98
0,100,0,0,100
0,592,0,0,592
0,21,0,0,21
0,21,0,0,21
0,98,0,0,98
0,104,0,0,104
0,2,0,0,2
0,2,0,0,2
0,1,0,0,1
0,22,0,0,22
0,18,0,0,18
0,2,0,0,2
0,4,0,0,4
0,6,0,0,6
0,4,0,0,4
0,439,0,0,439
0,4,0,0,4
0,9,0,0,9
0,74,0,0,74
0,75,0,0,75
0,18,0,0,18
0,24,0,0,24
0,24,0,0,24
0,2,0,0,2
0,5,0,0,5
0,55,0,0,55
0,55,0,0,55
0,633,0,0,633
0,122,1,0,123
0,56,0,0,56
0,56,0,0,56
0,130,0,0,130
0,13,0,0,13
0,13,0,0,13
0,24,0,0,24
0,19,0,0,19
0,592,0,0,592
0,39,0,0,39
0,39,0,0,39
0,176,0,0,176
0,2,0,0,2
0,634,0,0,634
0,85,0,0,85
0,633,0,0,633
0,172,0,0,172
0,633,0,0,633
0,7,2,0,9
0,2,1,0,3
0,2,1,0,3
0,2,0,0,2
0,14,0,0,14
0,592,0,0,592
0,2,0,0,2
0,633,0,0,633
0,633,0,0,633
0,162,0,0,162
0,162,0,0,162
0,225,0,0,225
0,634,0,0,634
0,2,0,0,2
0,39,0,0,39
0,633,0,0,633
0,47,0,0,47
0,26,0,0,26
0,10,0,0,10
0,10,0,0,10
0,11,0,0,11
0,19,0,0,19
0,20,0,0,20
0,56,0,0,56
0,634,0,0,634
0,111,2,0,113
0,45,0,0,45
0,56,0,0,56
0,64,0,0,64
0,7,0,0,7
0,38,0,0,38
0,38,0,0,38
0,20,0,0,20
0,34,0,0,34
0,13,0,0,13
0,438,1,0,439
0,2,0,0,2
0,45,0,0,45
0,29,0,0,29
0,438,0,0,438
0,3,0,0,3
0,6,0,0,6
0,6,0,0,6
0,2,0,0,2
0,439,0,0,439
0,31,1,0,32
0,2,0,0,2
0,591,0,0,591
0,13,1,0,14
0,13,0,0,13
0,3,1,0,4
0,4,0,0,4
0,11,0,0,11
0,28,0,0,28
0,11,0,0,11
0,2,0,0,2
0,162,0,0,162
0,162,0,0,162
0,111,0,0,111
0,10,1,0,11
0,7,0,0,7
0,162,0,0,162
0,162,0,0,162
0,439,0,0,439
0,16,1,0,17
0,12,0,0,12
0,634,0,0,634
0,1,0,0,1
0,29,1,0,30
0,438,0,0,438
0,6,0,0,6
0,46,0,0,46
0,8,0,0,8
0,5,0,0,5
0,6,0,0,6
0,84,0,0,84
0,438,0,0,438
0,439,0,0,439
0,438,0,0,438
0,2,0,0,2
0,2,0,0,2
0,4,0,0,4
0,5,0,0,5
0,2,0,0,2
0,2,0,0,2
0,592,0,0,592
0,1,0,0,1
0,163,0,0,163
0,438,0,0,438
0,1,1,0,2
0,1,0,0,1
0,440,0,0,440
0,88,0,0,88
0,23,1,0,24
0,22,1,0,23
0,11,0,0,11
0,130,0,0,130
0,18,0,0,18
0,4,0,0,4
0,638,0,0,638
0,139,0,0,139
0,2,0,0,2
0,3,0,0,3
0,592,0,0,592
0,3,0,0,3
0,4,0,0,4
0,38,0,0,38
0,25,0,0,25
0,24,0,0,24
0,2,0,0,2
0,9,1,0,10
0,23,0,0,23
0,65,0,0,65
0,591,0,0,591
0,98,0,0,98
0,99,0,0,99
0,592,0,0,592
0,45,0,0,45
0,2,0,0,2
0,2,0,0,2
0,592,0,0,592
0,2,1,0,3
0,2,0,0,2
0,6,2,0,8
0,1,0,0,1
0,28,0,0,28
0,591,0,0,591
0,7,0,0,7
0,3,0,0,3
0,39,0,0,39
0,225,0,0,225
0,634,0,0,634
0,8,4,0,12
0,470,11,0,481
0,51,0,0,51
0,600,0,0,600
0,8,0,0,8
0,4,0,0,4
0,4,1,0,5
0,27,0,0,27
0,12,0,0,12
0,13,1,0,14
0,12,0,0,12
0,47,0,0,47
0,6,0,0,6
0,4,0,0,4
0,634,0,0,634
0,5,0,0,5
0,3,0,0,3
0,633,0,0,633
0,36,0,0,36
0,2,0,0,2
0,2,0,0,2
0,98,0,0,98
0,99,0,0,99
0,2,0,0,2
0,2,0,0,2
0,21,0,0,21
0,592,0,0,592
0,4,0,0,4
0,4,0,0,4
0,20,0,0,20
0,46,0,0,46
0,51,0,0,51
0,51,0,0,51
0,84,0,0,84
0,11,0,0,11
0,3,0,0,3
0,3,0,0,3
0,6,0,0,6
0,94,0,0,94
0,92,0,0,92
0,74,0,0,74
0,75,0,0,75
0,11,0,0,11
0,2,0,0,2
0,5,0,0,5
0,1,0,0,1
0,102,0,0,102
0,23,0,0,23
0,56,0,0,56
0,98,0,0,98
0,67,0,0,67
0,172,0,0,172
0,6,0,0,6
0,93,0,0,93
0,4,0,0,4
0,5,0,0,5
0,633,0,0,633
0,3,0,0,3
0,3,0,0,3
0,172,0,0,172
0,2,0,0,2
0,9,0,0,9
0,24,0,0,24
0,8,1,0,9
0,48,0,0,48
0,1,1,0,2
0,2,0,0,2
0,6,2,0,8
0,5,0,0,5
0,8,0,0,8
0,4,0,0,4
0,22,1,0,23
0,56,0,0,56
0,32,0,0,32
0,10,0,0,10
0,38,2,0,40
0,14,0,0,14
0,15,0,0,15
0,3,0,0,3
0,438,0,0,438
0,4,0,0,4
0,16,0,0,16
0,15,0,0,15
0,2,0,0,2
0,14,0,0,14
0,37,0,0,37
0,45,0,0,45
0,21,0,0,21
0,15,0,0,15
0,15,0,0,15
0,54,0,0,54
0,16,0,0,16
0,21,0,0,21
0,10,0,0,10
0,122,0,0,122
0,122,0,0,122
0,2,0,0,2
0,591,0,0,591
0,1,0,0,1
0,2,0,0,2
0,18,0,0,18
0,162,0,0,162
0,40,0,0,40
0,18,4,0,22
0,4,0,0,4
0,6,0,0,6
0,66,0,0,66
0,18,0,0,18
0,22,0,0,22
0,5,0,0,5
0,7,0,0,7
0,2,0,0,2
0,3,0,0,3
0,2,0,0,2
0,30,0,0,30
0,122,0,0,122
0,122,0,0,122
0,5,0,0,5
0,5,0,0,5
0,6,0,0,6
0,2,0,0,2
0,15,0,0,15
0,2,0,0,2
0,22,0,0,22
0,2,0,0,2
0,4,0,0,4
0,3,0,0,3
0,2,0,0,2
0,42,0,0,42
0,34,0,0,34
0,33,0,0,33
0,592,0,0,592
0,11,0,0,11
0,2,0,0,2
0,53,0,0,53
0,144,0,0,144
0,29,0,0,29
0,122,0,0,122
0,122,0,0,122
0,633,0,0,633
0,10,0,0,10
0,2,0,0,2
0,8,0,0,8
0,225,0,0,225
0,438,0,0,438
0,438,0,0,438
0,99,0,0,99
0,225,0,0,225
0,10,0,0,10
0,20,0,0,20
0,10,0,0,10
0,39,0,0,39
0,3,0,0,3
0,2,0,0,2
0,6,0,0,6
0,7,0,0,7
0,130,0,0,130
0,7,0,0,7
0,7,0,0,7
0,2,0,0,2
0,21,2,0,23
0,9,0,0,9
0,438,0,0,438
0,3,0,0,3
0,3,0,0,3
0,15,0,0,15
0,634,0,0,634
0,10,0,0,10
0,3,0,0,3
0,4,1,0,5
0,33,0,0,33
0,33,0,0,33
0,2,0,0,2
0,2,0,0,2
0,225,0,0,225
0,63,0,0,63
0,32,1,0,33
0,635,0,0,635
0,592,0,0,592
0,40,0,0,40
0,7,0,0,7
0,112,0,0,112
0,5,0,0,5
0,33,0,0,33
0,438,0,0,438
0,11,0,0,11
0,122,0,0,122
0,25,2,0,27
0,67,0,0,67
0,162,0,0,162
0,30,0,0,30
0,25,0,0,25
0,1,0,0,1
0,190,1,0,191
0,4,0,0,4
0,6,0,0,6
0,2,0,0,2
0,2,0,0,2
0,438,0,0,438
0,634,0,0,634
0,4,0,0,4
0,3,0,0,3
0,3,0,0,3
0,2,0,0,2
0,2,0,0,2
0,2,0,0,2
0,593,0,0,593
0,56,0,0,56
0,117,2,0,119
0,23,0,0,23
0,8,0,0,8
0,4,0,0,4
0,77,0,0,77
0,46,0,0,46
0,2,0,0,2
0,1,0,0,1
0,98,0,0,98
0,113,0,0,113
0,353,0,0,353
0,13,0,0,13
0,12,0,0,12
0,15,0,0,15
0,592,0,0,592
0,10,0,0,10
0,5,0,0,5
0,5,0,0,5
0,1,0,0,1
0,11,0,0,11
0,10,0,0,10
0,633,0,0,633
0,15,0,0,15
0,592,0,0,592
0,10,0,0,10
0,10,0,0,10
0,2,0,0,2
0,19,0,0,19
0,16,0,0,16
0,438,0,0,438
0,7,0,0,7
0,438,0,0,438
0,9,1,0,10
0,6,0,0,6
0,1,1,0,2
0,1,0,0,1
0,633,0,0,633
0,111,0,0,111
0,23,1,0,24
0,34,0,0,34
0,438,0,0,438
0,2,0,0,2
0,1,0,0,1
0,130,0,0,130
0,130,0,0,130
0,45,0,0,45
0,111,0,0,111
0,1,0,0,1
0,98,0,0,98
0,1,2,0,3
0,4,1,0,5
0,17,0,0,17
0,4,0,0,4
0,4,1,0,5
0,12,0,0,12
0,129,0,0,129
0,92,0,0,92
0,74,1,0,75
0,30,0,0,30
0,4,0,0,4
0,33,1,0,34
0,45,0,0,45
0,37,0,0,37
0,2,0,0,2
0,29,0,0,29
0,32,0,0,32
0,22,0,0,22
0,32,0,0,32
0,51,0,0,51
0,44,0,0,44
0,438,0,0,438
0,28,0,0,28
0,6,0,0,6
0,60,0,0,60
0,2,0,0,2
0,225,0,0,225
0,51,1,0,52
0,25,0,0,25
0,102,0,0,102
0,172,0,0,172
0,9,2,0,11
0,8,1,0,9
0,2,0,0,2
0,2,0,0,2
0,34,0,0,34
0,438,0,0,438
0,2,0,0,2
0,51,0,0,51
0,29,0,0,29
0,29,0,0,29
0,34,0,0,34
0,33,0,0,33
0,129,0,0,129
0,33,0,0,33
0,2,0,0,2
0,1,1,0,2
0,81,0,0,81
0,60,0,0,60
0,60,0,0,60
0,172,0,0,172
0,592,0,0,592
0,35,0,0,35
0,634,0,0,634
0,7,0,0,7
0,2,0,0,2
0,9,0,0,9
0,2,0,0,2
0,111,0,0,111
0,1,1,0,2
0,111,0,0,111
0,592,0,0,592
0,4,0,0,4
0,5,0,0,5
0,5,0,0,5
0,162,0,0,162
0,3,0,0,3
0,75,0,0,75
0,36,2,0,38
0,32,0,0,32
0,12,0,0,12
0,62,0,0,62
0,633,0,0,633
0,17,0,0,17
0,18,0,0,18
0,98,0,0,98
0,100,0,0,100
0,171,0,0,171
0,172,0,0,172
0,1,0,0,1
0,3,0,0,3
0,31,0,0,31
0,111,0,0,111
0,46,0,0,46
0,46,0,0,46
0,438,1,0,439
0,13,0,0,13
0,3,0,0,3
0,12,0,0,12
0,14,0,0,14
0,174,0,0,174
0,4,0,0,4
0,14,0,0,14
0,162,0,0,162
0,3,1,0,4
0,7,0,0,7
0,445,0,0,445
0,162,0,0,162
0,98,0,0,98
0,98,0,0,98
0,227,0,0,227
0,225,0,0,225
0,2,0,0,2
0,3,0,0,3
0,3,0,0,3
0,10,0,0,10
0,122,0,0,122
0,33,0,0,33
0,26,0,0,26
0,22,0,0,22
0,21,0,0,21
0,5,0,0,5
0,16,0,0,16
0,15,0,0,15
0,40,0,0,40
0,111,0,0,111
0,2,0,0,2
0,3,0,0,3
0,31,0,0,31
0,14,0,0,14
0,75,0,0,75
0,438,0,0,438
0,3,0,0,3
0,2,0,0,2
0,29,1,0,30
0,2,0,0,2
0,28,0,0,28
0,2,0,0,2
0,2,0,0,2
0,14,0,0,14
0,15,0,0,15
0,592,0,0,592
0,41,0,0,41
0,7,0,0,7
0,24,0,0,24
0,75,0,0,75
0,6,0,0,6
0,4,1,0,5
0,4,0,0,4
0,36,0,0,36
0,34,0,0,34
0,5,0,0,5
0,21,0,0,21
0,591,0,0,591
0,2,0,0,2
0,1,0,0,1
0,229,0,0,229
0,60,0,0,60
0,2,0,0,2
0,1,0,0,1
0,35,0,0,35
0,11,0,0,11
0,10,0,0,10
0,438,0,0,438
0,4,0,0,4
0,4,0,0,4
0,461,1,0,462
0,2,0,0,2
0,2,0,0,2
0,38,0,0,38
0,130,0,0,130
0,129,0,0,129
0,108,0,0,108
0,50,0,0,50
0,2,0,0,2
0,2,0,0,2
0,99,0,0,99
0,98,0,0,98
0,17,0,0,17
0,7,0,0,7
0,6,0,0,6
0,2,0,0,2
0,438,0,0,438
0,48,0,0,48
0,49,0,0,49
0,634,0,0,634
0,24,1,0,25
0,4,3,0,7
0,129,0,0,129
0,591,0,0,591
0,33,0,0,33
0,95,0,0,95
0,92,0,0,92
0,4,0,0,4
0,5,1,0,6
0,6,0,0,6
0,6,0,0,6
0,634,0,0,634
0,20,0,0,20
0,3,0,0,3
0,9,0,0,9
0,8,0,0,8
0,17,0,0,17
0,2,0,0,2
0,46,0,0,46
0,1,0,0,1
0,15,0,0,15
0,84,0,0,84
0,85,0,0,85
0,438,0,0,438
0,2,0,0,2
0,43,0,0,43
0,164,0,0,164
0,42,0,0,42
0,22,0,0,22
0,16,0,0,16
0,6,0,0,6
0,5,0,0,5
0,46,0,0,46
0,25,3,0,28
0,89,1,0,90
0,9,2,0,11
0,439,0,0,439
0,8,0,0,8
0,10,0,0,10
0,2,0,0,2
0,30,0,0,30
0,8,1,0,9
0,52,0,0,52
0,41,0,0,41
0,7,0,0,7
0,7,0,0,7
0,21,0,0,21
0,20,0,0,20
0,4,1,0,5
0,2,1,0,3
0,2,0,0,2
0,1,0,0,1
0,53,0,0,53
0,18,0,0,18
0,172,0,0,172
0,95,0,0,95
0,3,0,0,3
0,6,0,0,6
0,99,0,0,99
0,11,0,0,11
0,8,0,0,8
0,64,0,0,64
0,6,0,0,6
0,7,0,0,7
0,4,0,0,4
0,3,0,0,3
0,4,0,0,4
0,225,0,0,225
0,3,0,0,3
0,3,0,0,3
0,22,0,0,22
0,25,0,0,25
0,60,0,0,60
0,60,0,0,60
0,5,0,0,5
0,1,0,0,1
0,3,0,0,3
0,438,0,0,438
0,79,0,0,79
0,9,0,0,9
0,85,0,0,85
0,3,0,0,3
0,2,0,0,2
0,9,0,0,9
0,5,1,0,6
0,4,1,0,5
0,3,0,0,3
0,3,0,0,3
0,2,0,0,2
0,7,0,0,7
0,9,0,0,9
0,3,0,0,3
0,1,0,0,1
0,2,0,0,2
0,2,0,0,2
0,36,0,0,36
0,49,0,0,49
0,48,0,0,48
0,43,0,0,43
0,28,0,0,28
0,50,0,0,50
0,50,0,0,50
0,41,0,0,41
0,236,7,0,243
0,109,0,0,109
0,4,0,0,4
0,110,0,0,110
0,634,0,0,634
0,40,0,0,40
0,88,0,0,88
0,2,1,0,3
0,591,0,0,591
0,3,0,0,3
0,29,0,0,29
0,9,1,0,10
0,16,0,0,16
0,16,0,0,16
0,7,0,0,7
0,86,0,0,86
0,2,0,0,2
0,15,0,0,15
0,39,1,0,40
0,16,0,0,16
0,4,0,0,4
0,6,0,0,6
0,6,0,0,6
0,27,0,0,27
0,172,0,0,172
0,171,0,0,171
0,46,0,0,46
0,46,0,0,46
0,8,0,0,8
0,14,0,0,14
0,6,0,0,6
0,5,0,0,5
0,6,0,0,6
0,46,0,0,46
0,2,0,0,2
0,1,0,0,1
0,7,0,0,7
0,6,0,0,6
0,32,0,0,32
0,8,0,0,8
0,8,0,0,8
0,4,1,0,5
0,4,1,0,5
0,32,2,0,34
0,2,0,0,2
0,54,3,0,57
0,256,0,0,256
0,225,0,0,225
0,8,0,0,8
0,50,0,0,50
0,163,0,0,163
0,438,0,0,438
0,3,0,0,3
0,6,0,0,6
0,162,0,0,162
0,6,1,0,7
0,4,0,0,4
0,41,0,0,41
0,42,0,0,42
0,122,0,0,122
0,1,0,0,1
0,4,0,0,4
0,3,0,0,3
0,3,0,0,3
0,13,0,0,13
0,13,0,0,13
0,8,0,0,8
0,10,0,0,10
0,438,0,0,438
0,2,0,0,2
0,41,0,0,41
0,3,0,0,3
0,1,0,0,1
0,111,0,0,111
0,7,2,0,9
0,162,0,0,162
0,2,0,0,2
0,12,0,0,12
0,2,0,0,2
0,1,0,0,1
0,13,0,0,13
0,9,0,0,9
0,14,0,0,14
0,1,0,0,1
0,2,0,0,2
0,30,1,0,31
0,35,0,0,35
0,31,0,0,31
0,34,0,0,34
0,34,0,0,34
0,1,0,0,1
0,59,0,0,59
0,67,0,0,67
0,6,0,0,6
0,13,1,0,14
0,2,0,0,2
0,79,0,0,79
0,50,0,0,50
0,51,0,0,51
0,33,0,0,33
0,54,0,0,54
0,56,2,0,58
0,21,0,0,21
0,2,0,0,2
0,633,0,0,633
0,2,0,0,2
0,438,0,0,438
0,85,0,0,85
0,2,0,0,2
0,2,0,0,2
0,25,0,0,25
0,25,0,0,25
0,172,0,0,172
0,14,0,0,14
0,172,0,0,172
0,9,0,0,9
0,1,0,0,1
0,1,0,0,1
0,15,0,0,15
0,4,0,0,4
0,2,0,0,2
0,2,0,0,2
0,74,0,0,74
0,74,0,0,74
0,129,0,0,129
0,1,0,0,1
0,1,0,0,1
0,86,1,0,87
0,2,0,0,2
0,28,0,0,28
0,28,0,0,28
0,162,0,0,162
0,6,1,0,7
0,1,0,0,1
0,4,0,0,4
0,32,0,0,32
0,16,0,0,16
0,3,0,0,3
0,10,0,0,10
0,438,0,0,438
0,1,1,0,2
0,3,0,0,3
0,5,1,0,6
0,5,0,0,5
0,225,0,0,225
0,172,0,0,172
0,438,0,0,438
0,33,8,0,41
0,6,0,0,6
0,3,0,0,3
0,23,0,0,23
0,2,0,0,2
0,2,0,0,2
0,96,0,0,96
0,2,0,0,2
0,34,0,0,34
0,20,0,0,20
0,8,0,0,8
0,3,0,0,3
0,225,0,0,225
0,172,0,0,172
0,173,0,0,173
0,4,0,0,4
0,2,0,0,2
0,2,0,0,2
0,18,1,0,19
0,20,0,0,20
0,5,0,0,5
0,1,1,0,2
0,111,0,0,111
0,4,0,0,4
0,7,2,0,9
0,633,0,0,633
0,29,0,0,29
0,29,0,0,29
0,8,0,0,8
0,5,0,0,5
0,111,0,0,111
0,3,0,0,3
0,13,0,0,13
0,12,0,0,12
0,50,0,0,50
0,36,0,0,36
0,5,0,0,5
0,2,0,0,2
0,76,0,0,76
0,74,0,0,74
0,29,0,0,29
0,2,0,0,2
0,3,0,0,3
0,3,0,0,3
0,50,0,0,50
0,61,0,0,61
0,2,1,0,3
0,9,0,0,9
0,10,0,0,10
0,14,0,0,14
0,12,0,0,12
0,92,0,0,92
0,16,0,0,16
0,17,0,0,17
0,2,0,0,2
0,2,0,0,2
0,24,0,0,24
0,1,2,0,3
0,1,2,0,3
0,1,1,0,2
0,1,0,0,1
0,19,0,0,19
0,5,0,0,5
0,4,0,0,4
0,23,0,0,23
0,63,2,0,65
0,16,0,0,16
0,3,0,0,3
0,17,0,0,17
0,113,0,0,113
0,92,0,0,92
0,16,0,0,16
0,7,0,0,7
0,3,0,0,3
0,74,0,0,74
0,74,0,0,74
0,79,0,0,79
0,7,0,0,7
0,28,0,0,28
0,140,0,0,140
0,3,0,0,3
0,27,0,0,27
0,110,0,0,110
0,111,0,0,111
0,9,2,0,11
0,3,0,0,3
0,39,0,0,39
0,43,0,0,43
0,42,0,0,42
0,34,0,0,34
0,37,1,0,38
0,2,0,0,2
0,2,0,0,2
0,29,0,0,29
0,52,0,0,52
0,3,0,0,3
0,100,0,0,100
0,98,0,0,98
0,5,0,0,5
0,6,0,0,6
0,12,0,0,12
0,2,0,0,2
0,2,0,0,2
0,1,0,0,1
0,5,0,0,5
0,30,1,0,31
0,29,0,0,29
0,7,0,0,7
0,15,0,0,15
0,74,0,0,74
0,4,0,0,4
0,1,0,0,1
0,24,0,0,24
0,438,0,0,438
0,2,0,0,2
0,34,0,0,34
0,172,0,0,172
0,129,0,0,129
0,130,0,0,130
0,66,0,0,66
0,66,0,0,66
0,225,0,0,225
0,1,1,0,2
0,36,4,0,40
0,45,15,0,60
0,4,0,0,4
0,3,0,0,3
0,12,0,0,12
0,36,0,0,36
0,2,0,0,2
0,3,0,0,3
0,4,0,0,4
0,171,0,0,171
0,225,0,0,225
0,23,0,0,23
0,28,1,0,29
0,2,0,0,2
0,2,0,0,2
0,25,2,0,27
0,100,0,0,100
0,23,0,0,23
0,23,0,0,23
0,3,0,0,3
0,3,0,0,3
0,59,0,0,59
0,6,0,0,6
0,3,0,0,3
0,3,0,0,3
0,12,0,0,12
0,27,0,0,27
0,5,0,0,5
0,7,1,0,8
0,7,1,0,8
0,4,1,0,5
0,15,0,0,15
0,60,0,0,60
0,8,0,0,8
0,68,0,0,68
0,91,0,0,91
0,9,0,0,9
0,1,1,0,2
0,1,0,0,1
0,2,0,0,2
0,60,0,0,60
0,3,0,0,3
0,6,0,0,6
0,16,0,0,16
0,10,0,0,10
0,11,0,0,11
0,13,0,0,13
0,19,0,0,19
0,130,0,0,130
0,41,0,0,41
0,3,0,0,3
0,8,1,0,9
0,24,0,0,24
0,25,0,0,25
0,40,0,0,40
0,19,0,0,19
0,11,0,0,11
0,10,0,0,10
0,10,0,0,10
0,108,0,0,108
0,105,3,0,108
0,6,0,0,6
0,8,0,0,8
0,8,0,0,8
0,98,0,0,98
0,100,0,0,100
0,5,0,0,5
0,59,0,0,59
0,57,0,0,57
0,33,0,0,33
0,131,0,0,131
0,129,0,0,129
0,29,0,0,29
0,4,0,0,4
0,54,0,0,54
0,4,0,0,4
0,3,0,0,3
0,6,0,0,6
0,4,0,0,4
0,9,0,0,9
0,9,0,0,9
0,3,1,0,4
0,14,0,0,14
0,225,0,0,225
0,3,0,0,3
0,11,0,0,11
0,7,0,0,7
0,34,0,0,34
0,3,0,0,3
0,2,0,0,2
0,16,0,0,16
0,4,0,0,4
0,45,0,0,45
0,2,0,0,2
0,1,0,0,1
0,215,1,0,216
0,2,0,0,2
0,48,0,0,48
0,180,0,0,180
0,3,0,0,3
0,12,0,0,12
0,17,0,0,17
0,1,0,0,1
0,1,1,0,2
0,16,0,0,16
0,10,0,0,10
0,172,0,0,172
0,173,0,0,173
0,53,0,0,53
0,438,0,0,438
0,4,0,0,4
0,2,0,0,2
0,633,0,0,633
0,14,0,0,14
0,14,0,0,14
0,60,0,0,60
0,441,0,0,441
0,7,0,0,7
0,31,0,0,31
0,6,0,0,6
0,77,0,0,77
0,22,0,0,22
0,172,0,0,172
0,10,0,0,10
0,1,0,0,1
0,1,0,0,1
0,15,0,0,15
0,9,0,0,9
0,1,0,0,1
0,1,0,0,1
0,60,0,0,60
0,55,0,0,55
0,1,0,0,1
0,5,0,0,5
0,3,0,0,3
0,3,0,0,3
0,9,6,0,15
0,2,0,0,2
0,79,0,0,79
0,23,0,0,23
0,3,0,0,3
0,1,0,0,1
0,6,0,0,6
0,47,11,0,58
0,4,5,0,9
0,4,0,0,4
0,47,0,0,47
0,8,0,0,8
0,2,0,0,2
0,2,0,0,2
0,3,0,0,3
0,122,0,0,122
0,6,0,0,6
0,5,0,0,5
0,172,0,0,172
0,92,0,0,92
0,3,0,0,3
0,3,0,0,3
0,9,0,0,9
0,8,0,0,8
0,26,1,0,27
0,123,0,0,123
0,122,0,0,122
0,4,0,0,4
0,5,0,0,5
0,592,0,0,592
0,13,5,0,18
0,10,2,0,12
0,46,4,0,50
0,29,0,0,29
0,81,0,0,81
0,78,0,0,78
0,32,0,0,32
0,438,0,0,438
0,99,0,0,99
0,105,0,0,105
0,59,0,0,59
0,24,0,0,24
0,14,0,0,14
0,75,0,0,75
0,2,0,0,2
0,3,0,0,3
0,24,0,0,24
0,24,0,0,24
0,2,0,0,2
0,9,0,0,9
0,2,0,0,2
0,3,0,0,3
0,4,0,0,4
0,125,0,0,125
0,4,0,0,4
0,3,0,0,3
0,4,0,0,4
0,4,0,0,4
0,6,0,0,6
0,34,0,0,34
0,12,0,0,12
0,2,0,0,2
0,439,0,0,439
0,2,0,0,2
0,74,0,0,74
0,3,0,0,3
0,1,0,0,1
0,4,0,0,4
0,43,0,0,43
0,42,0,0,42
0,176,0,0,176
0,12,0,0,12
0,42,0,0,42
0,152,0,0,152
0,11,0,0,11
0,13,0,0,13
0,2,0,0,2
0,1,0,0,1
0,59,0,0,59
0,3,0,0,3
0,3,0,0,3
0,42,0,0,42
0,633,0,0,633
0,10,0,0,10
0,6,2,0,8
0,162,0,0,162
0,162,0,0,162
0,57,0,0,57
0,15,0,0,15
0,13,0,0,13
0,22,0,0,22
0,7,0,0,7
0,25,0,0,25
0,6,0,0,6
0,29,0,0,29
0,1,0,0,1
0,44,0,0,44
0,7,0,0,7
0,438,0,0,438
0,4,0,0,4
0,1,1,0,2
0,1,0,0,1
0,2,0,0,2
0,3,0,0,3
0,633,0,0,633
0,438,0,0,438
0,52,4,0,56
0,2,0,0,2
0,1,0,0,1
0,8,0,0,8
0,8,0,0,8
0,7,0,0,7
0,17,0,0,17
0,3,0,0,3
0,25,0,0,25
0,6,0,0,6
0,10,0,0,10
0,9,0,0,9
0,1,1,0,2
0,1,0,0,1
0,5,0,0,5
0,44,0,0,44
0,44,0,0,44
0,8,3,0,11
0,92,0,0,92
0,98,0,0,98
0,3,0,0,3
0,5,0,0,5
0,57,0,0,57
0,2,1,0,3
0,25,1,0,26
0,20,0,0,20
0,92,0,0,92
0,92,0,0,92
0,1,0,0,1
0,1,0,0,1
0,61,0,0,61
0,29,0,0,29
0,12,0,0,12
0,2,0,0,2
0,2,0,0,2
0,2,2,0,4
0,129,0,0,129
0,122,0,0,122
0,10,1,0,11
0,9,0,0,9
0,3,0,0,3
0,3,1,0,4
0,7,0,0,7
0,2,0,0,2
0,3,0,0,3
0,8,0,0,8
0,8,0,0,8
0,438,0,0,438
0,21,0,0,21
0,21,0,0,21
0,6,0,0,6
0,6,0,0,6
0,5,0,0,5
0,2,0,0,2
0,4,0,0,4
0,115,0,0,115
0,592,0,0,592
0,1,1,0,2
0,45,0,0,45
0,11,0,0,11
0,1,0,0,1
0,1,0,0,1
0,17,0,0,17
0,5,0,0,5
0,5,1,0,6
0,21,0,0,21
0,2,0,0,2
0,3,0,0,3
0,4,1,0,5
0,8,0,0,8
0,4,0,0,4
0,2,0,0,2
0,2,0,0,2
0,23,0,0,23
0,12,0,0,12
0,2,0,0,2
0,1,0,0,1
0,19,1,0,20
0,28,0,0,28
0,2,1,0,3
0,4,0,0,4
0,45,0,0,45
0,3,0,0,3
0,6,0,0,6
0,1,0,0,1
0,45,4,0,49
0,15,0,0,15
0,15,0,0,15
0,29,0,0,29
0,28,0,0,28
0,4,1,0,5
0,12,0,0,12
0,4,0,0,4
0,30,0,0,30
0,1,0,0,1
0,1,0,0,1
0,85,4,0,89
0,2,0,0,2
0,7,4,0,11
0,5,0,0,5
0,5,0,0,5
0,2,0,0,2
0,2,0,0,2
0,30,0,0,30
0,8,0,0,8
0,5,0,0,5
0,46,0,0,46
0,26,0,0,26
0,33,0,0,33
0,10,0,0,10
0,4,0,0,4
0,20,1,0,21
0,26,0,0,26
0,27,0,0,27
0,19,0,0,19
0,2,0,0,2
0,22,0,0,22
0,10,0,0,10
0,5,0,0,5
0,6,0,0,6
0,7,0,0,7
0,63,0,0,63
0,9,0,0,9
0,2,0,0,2
0,98,0,0,98
0,130,0,0,130
0,7,0,0,7
0,8,1,0,9
0,19,0,0,19
0,2,0,0,2
0,2,0,0,2
0,8,0,0,8
0,54,0,0,54
0,2,0,0,2
0,74,0,0,74
0,1,0,0,1
0,3,1,0,4
0,225,0,0,225
0,25,0,0,25
0,115,0,0,115
0,110,0,0,110
0,12,0,0,12
0,39,3,0,42
0,3,0,0,3
0,15,0,0,15
0,16,0,0,16
0,6,0,0,6
0,9,0,0,9
0,52,0,0,52
0,16,0,0,16
0,7,0,0,7
0,11,0,0,11
0,12,0,0,12
0,17,0,0,17
0,59,0,0,59
0,59,0,0,59
0,29,0,0,29
0,44,0,0,44
0,28,0,0,28
0,20,0,0,20
0,7,0,0,7
0,8,0,0,8
0,6,0,0,6
0,56,0,0,56
0,438,0,0,438
0,1,0,0,1
0,2,0,0,2
0,3,0,0,3
0,23,0,0,23
0,1,0,0,1
0,25,0,0,25
0,24,0,0,24
0,17,0,0,17
0,122,0,0,122
0,86,0,0,86
0,5,0,0,5
0,129,0,0,129
0,94,3,0,97
0,1,0,0,1
0,8,0,0,8
0,12,0,0,12
0,38,0,0,38
0,75,0,0,75
0,76,0,0,76
0,25,0,0,25
0,14,2,0,16
0,2,0,0,2
0,3,1,0,4
0,15,0,0,15
0,15,0,0,15
0,8,0,0,8
0,31,0,0,31
0,3,0,0,3
0,2,0,0,2
0,43,0,0,43
0,23,0,0,23
0,225,0,0,225
0,6,0,0,6
0,9,0,0,9
0,3,1,0,4
0,24,0,0,24
0,55,0,0,55
0,39,0,0,39
0,15,0,0,15
0,83,0,0,83
0,43,0,0,43
0,33,0,0,33
0,78,1,0,79
0,226,0,0,226
0,2,0,0,2
0,50,0,0,50
0,14,0,0,14
0,19,0,0,19
0,32,0,0,32
0,12,0,0,12
0,2,0,0,2
0,16,0,0,16
0,15,0,0,15
0,3,0,0,3
0,446,0,0,446
0,5,0,0,5
0,65,0,0,65
0,23,0,0,23
0,2,0,0,2
0,2,0,0,2
0,4,0,0,4
0,4,0,0,4
0,130,0,0,130
0,10,0,0,10
0,12,1,0,13
0,10,0,0,10
0,4,0,0,4
0,17,0,0,17
0,4,0,0,4
0,1,0,0,1
0,3,0,0,3
0,2,0,0,2
0,48,0,0,48
0,75,0,0,75
0,20,0,0,20
0,24,0,0,24
0,4,0,0,4
0,25,0,0,25
0,25,0,0,25
0,2,0,0,2
0,172,0,0,172
0,77,0,0,77
0,30,0,0,30
0,6,0,0,6
0,6,0,0,6
0,16,0,0,16
0,16,0,0,16
0,2,0,0,2
0,3,0,0,3
0,66,0,0,66
0,66,0,0,66
0,31,0,0,31
0,60,0,0,60
0,1,0,0,1
0,2,0,0,2
0,25,0,0,25
0,18,0,0,18
0,8,0,0,8
0,8,0,0,8
0,3,0,0,3
0,3,0,0,3
0,194,18,0,212
0,6,0,0,6
0,8,0,0,8
0,59,0,0,59
0,4,0,0,4
0,45,0,0,45
0,3,0,0,3
0,4,0,0,4
0,40,0,0,40
0,2,0,0,2
0,4,0,0,4
0,59,0,0,59
0,11,0,0,11
0,6,0,0,6
0,31,0,0,31
0,1,0,0,1
0,27,0,0,27
0,43,0,0,43
0,99,0,0,99
0,1,0,0,1
0,1,0,0,1
0,52,0,0,52
0,6,0,0,6
0,2,0,0,2
0,1,0,0,1
0,44,0,0,44
0,7,0,0,7
0,8,0,0,8
0,4,0,0,4
0,59,0,0,59
0,65,0,0,65
0,70,0,0,70
0,26,0,0,26
0,13,0,0,13
0,122,0,0,122
0,4,0,0,4
0,6,0,0,6
0,84,0,0,84
0,2,0,0,2
0,9,0,0,9
0,12,0,0,12
0,4,0,0,4
0,47,0,0,47
0,35,0,0,35
0,92,0,0,92
0,93,0,0,93
0,33,0,0,33
0,35,0,0,35
0,3,0,0,3
0,1,0,0,1
0,16,0,0,16
0,21,0,0,21
0,2,0,0,2
0,1,0,0,1
0,89,0,0,89
0,2,0,0,2
0,4,0,0,4
0,1,0,0,1
0,5,0,0,5
0,5,0,0,5
0,4,0,0,4
0,44,0,0,44
0,1,1,0,2
0,4,0,0,4
0,1,0,0,1
0,1,1,0,2
0,3,1,0,4
0,5,0,0,5
0,2,0,0,2
0,5,0,0,5
0,2,1,0,3
0,4,0,0,4
0,2,0,0,2
0,2,0,0,2
0,2,0,0,2
0,162,0,0,162
0,65,0,0,65
0,16,0,0,16
0,12,0,0,12
0,22,0,0,22
0,24,0,0,24
0,170,0,0,170
0,5,0,0,5
0,46,0,0,46
0,52,0,0,52
0,9,0,0,9
0,124,0,0,124
0,80,0,0,80
0,79,0,0,79
0,51,0,0,51
0,227,0,0,227
0,5,0,0,5
0,1,1,0,2
0,1,0,0,1
0,7,0,0,7
0,1,0,0,1
0,2,0,0,2
0,51,0,0,51
0,53,0,0,53
0,16,0,0,16
0,64,0,0,64
0,7,0,0,7
0,124,0,0,124
0,130,0,0,130
0,6,0,0,6
0,7,0,0,7
0,1,0,0,1
0,16,0,0,16
0,16,0,0,16
0,4,0,0,4
0,6,7,0,13
0,2,2,0,4
0,4,1,0,5
0,10,0,0,10
0,9,0,0,9
0,15,0,0,15
0,111,0,0,111
0,26,0,0,26
0,9,1,0,10
0,5,0,0,5
0,111,0,0,111
0,17,0,0,17
0,16,0,0,16
0,16,0,0,16
0,27,0,0,27
0,18,0,0,18
0,2,0,0,2
0,5,0,0,5
0,3,0,0,3
0,1,0,0,1
0,9,0,0,9
0,59,0,0,59
0,60,0,0,60
0,41,1,0,42
0,14,0,0,14
0,18,0,0,18
0,92,0,0,92
0,3,0,0,3
0,18,0,0,18
0,1,0,0,1
0,1,0,0,1
0,31,0,0,31
0,19,2,0,21
0,11,0,0,11
0,21,1,0,22
0,10,1,0,11
0,53,13,0,66
0,225,0,0,225
0,1,0,0,1
0,29,0,0,29
0,46,0,0,46
0,10,0,0,10
0,9,0,0,9
0,6,0,0,6
0,2,1,0,3
0,6,0,0,6
0,5,0,0,5
0,6,0,0,6
0,28,0,0,28
0,26,0,0,26
0,53,4,0,57
0,8,0,0,8
0,8,0,0,8
0,633,0,0,633
0,8,0,0,8
0,9,0,0,9
0,216,2,0,218
0,23,0,0,23
0,8,0,0,8
0,2,0,0,2
0,1,0,0,1
0,1,1,0,2
0,1,0,0,1
0,3,0,0,3
0,61,0,0,61
0,25,0,0,25
0,92,0,0,92
0,7,0,0,7
0,14,0,0,14
0,13,0,0,13
0,14,0,0,14
0,5,0,0,5
0,7,0,0,7
0,50,0,0,50
0,111,0,0,111
0,8,0,0,8
0,51,0,0,51
0,172,0,0,172
0,5,0,0,5
0,2,0,0,2
0,4,0,0,4
0,5,0,0,5
0,8,0,0,8
0,110,0,0,110
0,36,0,0,36
0,35,0,0,35
0,8,3,0,11
0,2,0,0,2
0,8,0,0,8
0,110,0,0,110
0,225,0,0,225
0,1,0,0,1
0,1,0,0,1
0,12,0,0,12
0,6,0,0,6
0,7,0,0,7
0,8,0,0,8
0,6,0,0,6
0,18,0,0,18
0,12,0,0,12
0,1,1,0,2
0,1,0,0,1
0,2,1,0,3
0,4,0,0,4
0,294,211,0,505
0,17,0,0,17
0,29,0,0,29
0,9,0,0,9
0,11,0,0,11
0,21,0,0,21
0,22,0,0,22
0,2,0,0,2
0,2,0,0,2
0,51,0,0,51
0,51,0,0,51
0,4,0,0,4
0,5,0,0,5
0,1,0,0,1
0,24,0,0,24
0,27,0,0,27
0,18,0,0,18
0,2,0,0,2
0,5,0,0,5
0,8,0,0,8
0,2,0,0,2
0,418,2,0,420
0,19,0,0,19
0,32,0,0,32
0,21,0,0,21
0,20,0,0,20
0,2,0,0,2
0,1,0,0,1
0,24,0,0,24
0,16,0,0,16
0,91,0,0,91
0,42,0,0,42
0,42,0,0,42
0,77,0,0,77
0,62,0,0,62
0,47,0,0,47
0,1,0,0,1
0,1,0,0,1
0,75,0,0,75
0,5,0,0,5
0,26,0,0,26
0,26,0,0,26
0,59,1,0,60
0,139,0,0,139
0,9,0,0,9
0,28,1,0,29
0,1,0,0,1
0,2,0,0,2
0,59,0,0,59
0,1,0,0,1
0,9,0,0,9
0,10,0,0,10
0,4,1,0,5
0,6,1,0,7
0,2,1,0,3
0,2,0,0,2
0,29,0,0,29
0,4,0,0,4
0,2,0,0,2
0,2,0,0,2
0,6,4,0,10
0,16,0,0,16
0,3,0,0,3
0,1,0,0,1
0,67,0,0,67
0,65,0,0,65
0,17,0,0,17
0,17,0,0,17
0,46,0,0,46
0,62,0,0,62
0,9,0,0,9
0,55,0,0,55
0,49,0,0,49
0,127,0,0,127
0,6,1,0,7
0,6,1,0,7
0,2,0,0,2
0,2,0,0,2
0,2,0,0,2
0,12,36,0,48
0,162,0,0,162
0,26,0,0,26
0,66,0,0,66
0,11,0,0,11
0,77,0,0,77
0,19,1,0,20
0,3,0,0,3
0,3,0,0,3
0,14,0,0,14
0,2,3,0,5
0,51,0,0,51
0,9,0,0,9
0,6,0,0,6
0,4,0,0,4
0,1,1,0,2
0,1,0,0,1
0,38,0,0,38
0,7,0,0,7
0,13,0,0,13
0,111,0,0,111
0,24,0,0,24
0,11,0,0,11
0,8,0,0,8
0,10,0,0,10
0,75,0,0,75
0,98,0,0,98
0,2,0,0,2
0,2,0,0,2
0,2,0,0,2
0,67,0,0,67
0,10,0,0,10
0,10,0,0,10
0,2,0,0,2
0,4,0,0,4
0,1,0,0,1
0,57,0,0,57
0,2,0,0,2
0,2,0,0,2
0,30,0,0,30
0,29,0,0,29
0,12,0,0,12
0,19,0,0,19
0,4,0,0,4
0,6,0,0,6
0,47,0,0,47
0,46,0,0,46
0,1,0,0,1
0,23,0,0,23
0,44,1,0,45
0,9,7,0,16
0,5,0,0,5
0,17,0,0,17
0,1,0,0,1
0,7,0,0,7
0,11,0,0,11
0,14,0,0,14
0,59,0,0,59
0,4,0,0,4
0,98,0,0,98
0,225,0,0,225
0,16,0,0,16
0,18,0,0,18
0,10,0,0,10
0,9,0,0,9
0,14,0,0,14
0,2,0,0,2
0,5,1,0,6
0,5,0,0,5
0,4,0,0,4
0,3,0,0,3
0,5,0,0,5
0,11,0,0,11
0,3,0,0,3
0,27,0,0,27
0,6,0,0,6
0,9,0,0,9
0,20,0,0,20
0,84,3,0,87
0,4,0,0,4
0,3,1,0,4
0,13,1,0,14
0,3,1,0,4
0,14,0,0,14
0,50,0,0,50
0,30,0,0,30
0,7,0,0,7
0,2,0,0,2
0,4,0,0,4
0,33,1,0,34
0,10,0,0,10
0,4,0,0,4
0,10,0,0,10
0,12,8,0,20
0,2,0,0,2
0,13,0,0,13
0,5,0,0,5
0,16,0,0,16
0,67,0,0,67
0,63,0,0,63
0,31,3,0,34
0,3,0,0,3
0,3,0,0,3
0,5,0,0,5
0,6,0,0,6
0,33,0,0,33
0,162,0,0,162
0,5,0,0,5
0,4,0,0,4
0,4,0,0,4
0,44,0,0,44
0,2,0,0,2
0,6,0,0,6
0,4,0,0,4
0,225,0,0,225
0,4,0,0,4
0,17,4,0,21
0,3,0,0,3
0,3,0,0,3
0,3,0,0,3
0,3,0,0,3
0,5,2,0,7
0,1,0,0,1
0,98,0,0,98
0,5,0,0,5
0,2,0,0,2
0,7,0,0,7
0,16,1,0,17
0,5,0,0,5
0,4,0,0,4
0,32,0,0,32
0,61,0,0,61
0,59,0,0,59
0,58,0,0,58
0,2,0,0,2
0,74,0,0,74
0,8,0,0,8
0,15,3,0,18
0,15,0,0,15
0,4,0,0,4
0,4,0,0,4
0,11,0,0,11
0,18,0,0,18
0,33,0,0,33
0,1,0,0,1
0,1,0,0,1
0,16,1,0,17
0,12,0,0,12
0,18,0,0,18
0,131,0,0,131
0,1,0,0,1
0,1,0,0,1
0,1,0,0,1
0,2,0,0,2
0,18,0,0,18
0,2,0,0,2
0,1,0,0,1
0,4,0,0,4
0,2,1,0,3
0,2,0,0,2
0,1,0,0,1
0,2,0,0,2
0,2,0,0,2
0,3,0,0,3
0,59,0,0,59
0,58,0,0,58
0,6,0,0,6
0,5,0,0,5
0,6,0,0,6
0,178,0,0,178
0,64,0,0,64
0,31,0,0,31
0,18,0,0,18
0,52,0,0,52
0,2,0,0,2
0,18,0,0,18
0,38,0,0,38
0,2,0,0,2
0,2,0,0,2
0,7,0,0,7
0,11,0,0,11
0,79,0,0,79
0,79,0,0,79
0,2,0,0,2
0,3,0,0,3
0,3,0,0,3
0,15,0,0,15
0,15,0,0,15
0,50,0,0,50
0,26,0,0,26
0,2,0,0,2
0,3,0,0,3
0,6,1,0,7
0,5,0,0,5
0,8,0,0,8
0,28,0,0,28
0,41,0,0,41
0,70,0,0,70
0,108,0,0,108
0,43,0,0,43
0,25,0,0,25
0,1,0,0,1
0,101,0,0,101
0,1,0,0,1
0,1,0,0,1
0,15,0,0,15
0,2,0,0,2
0,21,0,0,21
0,60,0,0,60
0,130,0,0,130
0,28,0,0,28
0,5,1,0,6
0,2,0,0,2
0,12,0,0,12
0,225,0,0,225
0,225,0,0,225
0,115,3,0,118
0,4,2,0,6
0,3,0,0,3
0,1,0,0,1
0,3,0,0,3
0,22,0,0,22
0,43,0,0,43
0,12,0,0,12
0,23,0,0,23
0,23,0,0,23
0,31,0,0,31
0,2,0,0,2
0,5,0,0,5
0,74,0,0,74
0,2,0,0,2
0,17,0,0,17
0,40,0,0,40
0,7,5,0,12
0,2,0,0,2
0,60,0,0,60
0,21,0,0,21
0,8,0,0,8
0,64,0,0,64
0,112,0,0,112
0,16,0,0,16
0,29,0,0,29
0,9,0,0,9
0,5,1,0,6
0,3,0,0,3
0,4,0,0,4
0,16,1,0,17
0,3,0,0,3
0,2,0,0,2
0,27,0,0,27
0,5,1,0,6
0,2,0,0,2
0,2,0,0,2
0,1,0,0,1
0,36,0,0,36
0,1,0,0,1
0,6,0,0,6
0,12,0,0,12
0,12,0,0,12
0,2,0,0,2
0,40,0,0,40
0,22,1,0,23
0,4,0,0,4
0,172,0,0,172
0,1,1,0,2
0,3,0,0,3
0,1,0,0,1
0,2,0,0,2
0,23,0,0,23
0,2,0,0,2
0,1,0,0,1
0,40,0,0,40
0,35,0,0,35
0,93,0,0,93
0,2,0,0,2
0,3,0,0,3
0,3,0,0,3
0,3,0,0,3
0,22,0,0,22
0,8,0,0,8
0,10,0,0,10
0,17,0,0,17
0,10,0,0,10
0,1,1,0,2
0,1,0,0,1
0,39,0,0,39
0,4,0,0,4
0,3,0,0,3
0,8,0,0,8
0,7,0,0,7
0,226,0,0,226
0,6,2,0,8
0,122,0,0,122
0,6,0,0,6
0,10,0,0,10
0,225,0,0,225
0,37,0,0,37
0,46,0,0,46
0,6,0,0,6
0,5,0,0,5
0,23,0,0,23
0,5,0,0,5
0,2,0,0,2
0,1,0,0,1
0,2,0,0,2
0,8,0,0,8
0,43,0,0,43
0,43,0,0,43
0,57,0,0,57
0,46,0,0,46
0,3,0,0,3
0,39,0,0,39
0,6,0,0,6
0,2,0,0,2
0,46,0,0,46
0,1,0,0,1
0,4,3,0,7
0,1,0,0,1
0,44,0,0,44
0,3,0,0,3
0,1,0,0,1
0,98,0,0,98
0,60,0,0,60
0,2,0,0,2
0,10,0,0,10
0,8,0,0,8
0,35,0,0,35
0,34,0,0,34
0,39,0,0,39
0,2,3,0,5
0,2,0,0,2
0,17,0,0,17
0,44,0,0,44
0,43,0,0,43
0,41,2,0,43
0,79,0,0,79
0,17,1,0,18
0,172,0,0,172
0,2,0,0,2
0,1,0,0,1
0,47,0,0,47
0,4,0,0,4
0,74,3,0,77
0,3,0,0,3
0,3,0,0,3
0,27,0,0,27
0,98,0,0,98
0,62,0,0,62
0,62,0,0,62
0,2,0,0,2
0,1,0,0,1
0,25,0,0,25
0,4,0,0,4
0,172,0,0,172
0,11,0,0,11
0,12,0,0,12
0,10,0,0,10
0,5,0,0,5
0,12,0,0,12
0,12,1,0,13
0,129,0,0,129
0,48,0,0,48
0,12,0,0,12
0,10,0,0,10
0,3,1,0,4
0,10,0,0,10
0,130,0,0,130
0,2,0,0,2
0,162,0,0,162
0,3,0,0,3
0,50,1,0,51
0,30,0,0,30
0,26,0,0,26
0,48,0,0,48
0,6,0,0,6
0,2,0,0,2
0,7,0,0,7
0,6,0,0,6
0,85,0,0,85
0,1,0,0,1
0,41,1,0,42
0,4,0,0,4
0,10,0,0,10
0,41,0,0,41
0,4,0,0,4
0,3,0,0,3
0,4,1,0,5
0,7,0,0,7
0,47,0,0,47
0,21,0,0,21
0,13,0,0,13
0,162,0,0,162
0,2,2,0,4
0,3,0,0,3
0,1,0,0,1
0,7,0,0,7
0,1,0,0,1
0,11,0,0,11
0,6,0,0,6
0,2,0,0,2
0,2,0,0,2
0,68,0,0,68
0,23,0,0,23
0,19,0,0,19
0,132,0,0,132
0,99,0,0,99
0,74,0,0,74
0,46,0,0,46
0,40,0,0,40
0,59,0,0,59
0,11,0,0,11
0,6,0,0,6
0,75,0,0,75
0,5,0,0,5
0,5,0,0,5
0,23,0,0,23
0,11,0,0,11
0,2,0,0,2
0,2,0,0,2
0,14,0,0,14
0,14,0,0,14
0,50,0,0,50
0,57,0,0,57
0,116,0,0,116
0,1,0,0,1
0,44,0,0,44
0,47,0,0,47
0,21,4,0,25
0,98,0,0,98
0,3,5,0,8
0,2,0,0,2
0,2,0,0,2
0,4,0,0,4
0,24,0,0,24
0,13,1,0,14
0,21,0,0,21
0,5,0,0,5
0,5,0,0,5
0,4,0,0,4
0,15,0,0,15
0,42,0,0,42
0,49,0,0,49
0,131,0,0,131
0,2,0,0,2
0,1,0,0,1
0,63,0,0,63
0,42,0,0,42
0,13,1,0,14
0,5,0,0,5
0,18,0,0,18
0,3,0,0,3
0,7,0,0,7
0,18,0,0,18
0,25,0,0,25
0,98,0,0,98
0,98,0,0,98
0,2,0,0,2
0,3,0,0,3
0,60,0,0,60
0,30,0,0,30
0,45,0,0,45
0,11,0,0,11
0,1,0,0,1
0,42,0,0,42
0,5,0,0,5
0,2,0,0,2
0,4,0,0,4
0,1,0,0,1
0,8,0,0,8
0,11,0,0,11
0,12,0,0,12
0,6,0,0,6
0,2,0,0,2
0,5,0,0,5
0,2,0,0,2
0,23,0,0,23
0,5,0,0,5
0,5,0,0,5
0,2,2,0,4
0,2,0,0,2
0,1,0,0,1
0,122,0,0,122
0,126,0,0,126
0,11,0,0,11
0,37,0,0,37
0,36,0,0,36
0,1,0,0,1
0,103,2,0,105
0,2,0,0,2
0,11,0,0,11
0,13,0,0,13
0,2,0,0,2
0,26,0,0,26
0,10,0,0,10
0,4,2,0,6
0,8,1,0,9
0,1,0,0,1
0,6,1,0,7
0,6,0,0,6
0,8,0,0,8
0,8,0,0,8
0,4,0,0,4
0,4,0,0,4
0,6,0,0,6
0,5,0,0,5
0,2,0,0,2
0,2,0,0,2
0,2,0,0,2
0,108,0,0,108
0,50,0,0,50
0,10,0,0,10
0,2,0,0,2
0,20,0,0,20
0,2,0,0,2
0,5,0,0,5
0,27,0,0,27
0,2,0,0,2
0,1,1,0,2
0,1,0,0,1
0,36,0,0,36
0,92,0,0,92
0,3,0,0,3
0,2,0,0,2
0,3,0,0,3
0,4,0,0,4
0,15,0,0,15
0,10,0,0,10
0,102,1,0,103
0,1,0,0,1
0,2,0,0,2
0,2,0,0,2
0,3,0,0,3
0,8,1,0,9
0,2,0,0,2
0,2,0,0,2
0,4,0,0,4
0,4,0,0,4
0,12,0,0,12
0,46,0,0,46
0,70,0,0,70
0,2,2,0,4
0,4,0,0,4
0,1,0,0,1
0,2,0,0,2
0,45,0,0,45
0,44,0,0,44
0,24,0,0,24
0,7,0,0,7
0,4,0,0,4
0,1,0,0,1
0,130,0,0,130
0,2,0,0,2
0,29,0,0,29
0,37,0,0,37
0,8,0,0,8
0,7,0,0,7
0,10,0,0,10
0,15,0,0,15
0,8,1,0,9
0,3,0,0,3
0,4,0,0,4
0,15,0,0,15
0,17,0,0,17
0,99,0,0,99
0,56,0,0,56
0,2,0,0,2
0,1,0,0,1
0,41,0,0,41
0,59,0,0,59
0,2,0,0,2
0,5,0,0,5
0,125,0,0,125
0,68,1,0,69
0,98,0,0,98
0,2,0,0,2
0,12,1,0,13
0,2,0,0,2
0,19,0,0,19
0,20,0,0,20
0,1,0,0,1
0,6,0,0,6
0,3,0,0,3
0,2,0,0,2
0,2,0,0,2
0,7,0,0,7
0,1,0,0,1
0,2,0,0,2
0,162,0,0,162
0,48,0,0,48
0,29,0,0,29
0,3,0,0,3
0,1,0,0,1
0,11,0,0,11
0,3,0,0,3
0,40,0,0,40
0,13,0,0,13
0,2,0,0,2
0,4,0,0,4
0,15,0,0,15
0,14,0,0,14
0,33,0,0,33
0,28,20,0,48
0,7,1,0,8
0,19,0,0,19
0,21,0,0,21
0,3,1,0,4
0,4,0,0,4
0,438,0,0,438
0,2,0,0,2
0,4,0,0,4
0,45,0,0,45
0,11,2,0,13
0,1,0,0,1
0,15,0,0,15
0,14,0,0,14
0,2,0,0,2
0,2,0,0,2
0,12,0,0,12
0,2,0,0,2
0,64,0,0,64
0,65,0,0,65
0,3,0,0,3
0,3,0,0,3
0,162,0,0,162
0,22,0,0,22
0,22,0,0,22
0,1,1,0,2
0,2,0,0,2
0,18,0,0,18
0,13,0,0,13
0,18,0,0,18
0,2,0,0,2
0,2,1,0,3
0,162,0,0,162
0,1,1,0,2
0,1,0,0,1
0,14,0,0,14
0,22,1,0,23
0,11,0,0,11
0,2,1,0,3
0,5,0,0,5
0,10,0,0,10
0,11,0,0,11
0,22,0,0,22
0,15,0,0,15
0,26,0,0,26
0,2,0,0,2
0,1,0,0,1
0,2,0,0,2
0,2,0,0,2
0,17,0,0,17
0,64,0,0,64
0,2,0,0,2
0,1,0,0,1
0,59,0,0,59
0,1,0,0,1
0,5,0,0,5
0,19,0,0,19
0,21,0,0,21
0,5,0,0,5
0,43,1,0,44
0,4,0,0,4
0,2,0,0,2
0,46,0,0,46
0,3,0,0,3
0,6,0,0,6
0,74,0,0,74
0,24,0,0,24
0,8,0,0,8
0,7,0,0,7
0,20,0,0,20
0,15,1,0,16
0,12,0,0,12
0,162,0,0,162
0,2,0,0,2
0,4,1,0,5
0,2,0,0,2
0,8,0,0,8
0,7,0,0,7
0,6,0,0,6
0,10,0,0,10
0,12,0,0,12
0,40,0,0,40
0,1,1,0,2
0,2,0,0,2
0,5,0,0,5
0,2,0,0,2
0,1,0,0,1
0,15,0,0,15
0,4,0,0,4
0,4,0,0,4
0,22,0,0,22
0,5,0,0,5
0,2,0,0,2
0,4,0,0,4
0,8,0,0,8
0,50,0,0,50
0,2,0,0,2
0,4,1,0,5
0,2,0,0,2
0,63,4,0,67
0,2,0,0,2
0,4,0,0,4
0,7,0,0,7
0,9,0,0,9
0,225,0,0,225
0,20,0,0,20
0,134,0,0,134
0,12,0,0,12
0,20,0,0,20
0,19,0,0,19
0,2,0,0,2
0,2,0,0,2
0,15,0,0,15
0,2,0,0,2
0,8,0,0,8
0,12,0,0,12
0,12,6,0,18
0,2,2,0,4
0,3,0,0,3
0,1,0,0,1
0,3,0,0,3
0,8,0,0,8
0,4,0,0,4
0,3,0,0,3
0,13,0,0,13
0,8,0,0,8
0,15,0,0,15
0,13,0,0,13
0,10,0,0,10
0,12,1,0,13
0,2,0,0,2
0,3,0,0,3
0,2,0,0,2
0,22,8,0,30
0,2,0,0,2
0,53,0,0,53
0,1,0,0,1
0,44,0,0,44
0,30,0,0,30
0,28,0,0,28
0,21,0,0,21
0,4,0,0,4
0,15,0,0,15
0,6,0,0,6
0,4,0,0,4
0,1,1,0,2
0,1,0,0,1
0,18,0,0,18
0,10,0,0,10
0,5,0,0,5
0,3,0,0,3
0,1,0,0,1
0,34,0,0,34
0,2,0,0,2
0,20,0,0,20
0,22,0,0,22
0,4,0,0,4
0,225,0,0,225
0,71,0,0,71
0,10,0,0,10
0,3,2,0,5
0,8,0,0,8
0,13,0,0,13
0,6,1,0,7
0,3,0,0,3
0,99,0,0,99
0,99,0,0,99
0,17,0,0,17
0,18,0,0,18
0,5,0,0,5
0,6,0,0,6
0,2,0,0,2
0,1,0,0,1
0,3,0,0,3
0,2,0,0,2
0,4,0,0,4
0,2,0,0,2
0,2,0,0,2
0,2,0,0,2
0,2,0,0,2
0,23,2,0,25
0,27,8,0,35
0,21,1,0,22
0,19,0,0,19
0,1,1,0,2
0,13,0,0,13
0,16,0,0,16
0,19,0,0,19
0,8,0,0,8
0,10,0,0,10
0,5,0,0,5
0,5,1,0,6
0,20,1,0,21
0,1,0,0,1
0,43,0,0,43
0,42,0,0,42
0,225,0,0,225
0,1,0,0,1
0,4,0,0,4
0,3,0,0,3
0,1,0,0,1
0,34,0,0,34
0,4,0,0,4
0,21,0,0,21
0,3,0,0,3
0,2,0,0,2
0,58,1,0,59
0,3,0,0,3
0,1,0,0,1
0,35,0,0,35
0,1,0,0,1
0,14,0,0,14
0,14,0,0,14
0,1,1,0,2
0,10,0,0,10
0,9,0,0,9
0,2,0,0,2
0,28,0,0,28
0,42,0,0,42
0,10,0,0,10
0,3,0,0,3
0,22,0,0,22
0,2,0,0,2
0,3,0,0,3
0,4,0,0,4
0,2,0,0,2
0,4,0,0,4
0,9,0,0,9
0,13,0,0,13
0,16,0,0,16
0,7,0,0,7
0,3,1,0,4
0,1,0,0,1
0,7,0,0,7
0,8,0,0,8
0,61,0,0,61
0,18,0,0,18
0,2,0,0,2
0,3,0,0,3
0,4,0,0,4
0,3,0,0,3
0,1,0,0,1
0,9,0,0,9
0,4,0,0,4
0,1,0,0,1
0,13,0,0,13
0,13,0,0,13
0,6,0,0,6
0,1,0,0,1
0,2,0,0,2
0,2,0,0,2
0,7,0,0,7
0,2,0,0,2
0,2,0,0,2
0,15,0,0,15
0,2,0,0,2
0,2,0,0,2
0,4,0,0,4
0,15,1,0,16
0,12,1,0,13
0,3,1,0,4
0,2,0,0,2
0,2,0,0,2
0,2,0,0,2
0,21,0,0,21
0,1,0,0,1
0,2,0,0,2
0,59,0,0,59
0,59,0,0,59
0,2,0,0,2
0,4,0,0,4
0,10,13,0,23
0,1,0,0,1
0,30,0,0,30
0,7,0,0,7
0,11,0,0,11
0,27,0,0,27
0,51,0,0,51
0,3,0,0,3
0,1,0,0,1
0,38,0,0,38
0,7,0,0,7
0,7,0,0,7
0,9,0,0,9
0,8,0,0,8
0,2,0,0,2
0,2,0,0,2
0,1,0,0,1
0,33,0,0,33
0,6,0,0,6
0,4,0,0,4
0,5,0,0,5
0,6,0,0,6
0,1,1,0,2
0,1,1,0,2
0,7,0,0,7
0,7,0,0,7
0,44,0,0,44
0,3,1,0,4
0,7,0,0,7
0,12,0,0,12
0,13,0,0,13
0,2,0,0,2
0,11,0,0,11
0,4,0,0,4
0,29,0,0,29
0,3,0,0,3
0,2,0,0,2
0,14,0,0,14
0,3,0,0,3
0,15,0,0,15
0,6,0,0,6
0,6,0,0,6
0,3,0,0,3
0,7,0,0,7
0,4,2,0,6
0,1,0,0,1
0,2,0,0,2
0,42,0,0,42
0,29,0,0,29
0,65,0,0,65
0,65,0,0,65
0,129,0,0,129
0,3,0,0,3
0,7,0,0,7
0,3,0,0,3
0,4,2,0,6
0,10,0,0,10
0,29,0,0,29
0,36,0,0,36
0,39,0,0,39
0,6,0,0,6
0,8,0,0,8
0,18,0,0,18
0,6,0,0,6
0,37,2,0,39
0,38,0,0,38
0,49,0,0,49
0,89,0,0,89
0,6,1,0,7
0,2,0,0,2
0,4,1,0,5
0,1,0,0,1
0,1,1,0,2
0,3,1,0,4
0,2,0,0,2
0,162,0,0,162
0,6,1,0,7
0,2,0,0,2
0,7,0,0,7
0,65,0,0,65
0,23,0,0,23
0,18,0,0,18
0,4,0,0,4
0,15,0,0,15
0,21,0,0,21
0,10,0,0,10
0,10,0,0,10
0,2,0,0,2
0,20,0,0,20
0,21,0,0,21
0,20,0,0,20
0,20,0,0,20
0,26,0,0,26
0,1,0,0,1
0,2,0,0,2
0,1,1,0,2
0,1,0,0,1
0,9,4,0,13
0,3,0,0,3
0,37,0,0,37
0,22,0,0,22
0,80,0,0,80
0,2,0,0,2
0,1,0,0,1
0,4,0,0,4
0,3,0,0,3
0,39,0,0,39
0,3,2,0,5
0,2,0,0,2
0,5,1,0,6
0,5,0,0,5
0,6,0,0,6
0,1,1,0,2
0,1,0,0,1
0,56,0,0,56
0,57,0,0,57
0,2,0,0,2
0,12,0,0,12
0,3,0,0,3
0,13,0,0,13
0,6,0,0,6
0,4,0,0,4
0,19,0,0,19
0,19,0,0,19
0,1,1,0,2
0,4,0,0,4
0,7,0,0,7
0,7,0,0,7
0,6,0,0,6
0,3,0,0,3
0,46,0,0,46
0,3,0,0,3
0,3,0,0,3
0,5,0,0,5
0,18,0,0,18
0,4,0,0,4
0,4,0,0,4
0,7,2,0,9
0,2,0,0,2
0,29,4,0,33
0,2,0,0,2
0,1,0,0,1
0,1,1,0,2
0,2,0,0,2
0,37,0,0,37
0,149,0,0,149
0,29,0,0,29
0,2,0,0,2
0,6,0,0,6
0,63,0,0,63
0,29,0,0,29
0,16,0,0,16
0,6,0,0,6
0,4,0,0,4
0,3,0,0,3
0,10,0,0,10
0,12,0,0,12
0,12,1,0,13
0,3,0,0,3
0,11,0,0,11
0,8,0,0,8
0,79,0,0,79
0,2,0,0,2
0,2,0,0,2
0,2,0,0,2
0,45,1,0,46
0,2,1,0,3
0,34,0,0,34
0,28,3,0,31
0,18,0,0,18
0,3,0,0,3
0,8,0,0,8
0,18,1,0,19
0,14,0,0,14
0,3,0,0,3
0,6,0,0,6
0,5,1,0,6
0,10,0,0,10
0,2,0,0,2
0,3,0,0,3
0,14,0,0,14
0,16,0,0,16
0,98,0,0,98
0,11,1,0,12
0,18,1,0,19
0,2,1,0,3
0,2,0,0,2
0,21,0,0,21
0,6,0,0,6
0,13,0,0,13
0,2,0,0,2
0,12,0,0,12
0,9,0,0,9
0,2,0,0,2
0,20,0,0,20
0,14,0,0,14
0,18,0,0,18
0,14,0,0,14
0,5,0,0,5
0,17,0,0,17
0,29,0,0,29
0,29,0,0,29
0,92,0,0,92
0,7,0,0,7
0,39,0,0,39
0,6,0,0,6
0,4,0,0,4
0,3,0,0,3
0,39,0,0,39
0,2,0,0,2
0,3,0,0,3
0,100,0,0,100
0,172,0,0,172
0,32,0,0,32
0,33,0,0,33
0,4,0,0,4
0,92,0,0,92
0,8,0,0,8
0,2,0,0,2
0,2,0,0,2
0,55,33,0,88
0,5,1,0,6
0,1,0,0,1
0,2,0,0,2
0,4,0,0,4
0,3,0,0,3
0,1,0,0,1
0,2,0,0,2
0,21,0,0,21
0,172,0,0,172
0,17,0,0,17
0,11,0,0,11
0,17,0,0,17
0,1,0,0,1
0,1,0,0,1
0,59,0,0,59
0,20,0,0,20
0,20,0,0,20
0,2,0,0,2
0,1,0,0,1
0,5,0,0,5
0,5,0,0,5
0,49,0,0,49
0,1,0,0,1
0,5,0,0,5
0,23,8,0,31
0,15,0,0,15
0,1,0,0,1
0,7,0,0,7
0,5,0,0,5
0,19,0,0,19
0,21,2,0,23
0,123,0,0,123
0,2,0,0,2
0,2,0,0,2
0,14,0,0,14
0,13,0,0,13
0,47,0,0,47
0,29,0,0,29
0,18,0,0,18
0,33,27,0,60
0,2,0,0,2
0,2,0,0,2
0,5,0,0,5
0,3,0,0,3
0,14,0,0,14
0,20,0,0,20
0,4,0,0,4
0,9,0,0,9
0,5,0,0,5
0,12,0,0,12
0,1,0,0,1
0,1,1,0,2
0,6,0,0,6
0,4,0,0,4
0,4,0,0,4
0,26,0,0,26
0,20,0,0,20
0,1,0,0,1
0,4,0,0,4
0,7,0,0,7
0,8,0,0,8
0,2,0,0,2
0,4,0,0,4
0,9,0,0,9
0,9,0,0,9
0,43,2,0,45
0,50,0,0,50
0,35,0,0,35
0,3,0,0,3
0,2,1,0,3
0,10,0,0,10
0,17,0,0,17
0,2,0,0,2
0,2,0,0,2
0,6,0,0,6
0,6,0,0,6
0,2,0,0,2
0,8,1,0,9
0,10,0,0,10
0,98,0,0,98
0,4,0,0,4
0,13,0,0,13
0,12,0,0,12
0,4,0,0,4
0,3,0,0,3
0,162,0,0,162
0,3,0,0,3
0,2,0,0,2
0,57,0,0,57
0,22,0,0,22
0,3,0,0,3
0,3,1,0,4
0,18,0,0,18
0,18,1,0,19
0,8,0,0,8
0,32,0,0,32
0,7,2,0,9
0,6,0,0,6
0,5,0,0,5
0,1,1,0,2
0,8,0,0,8
0,6,0,0,6
0,3,0,0,3
0,32,0,0,32
0,10,1,0,11
0,3,0,0,3
0,3,1,0,4
0,1,0,0,1
0,2,0,0,2
0,6,0,0,6
0,28,0,0,28
0,28,0,0,28
0,65,0,0,65
0,16,0,0,16
0,1,0,0,1
0,56,0,0,56
0,35,0,0,35
0,2,0,0,2
0,25,1,0,26
0,24,1,0,25
0,23,1,0,24
0,3,0,0,3
0,1,0,0,1
0,2,0,0,2
0,2,0,0,2
0,1,0,0,1
0,41,0,0,41
0,2,0,0,2
0,2,0,0,2
0,30,0,0,30
0,1,0,0,1
0,4,0,0,4
0,4,0,0,4
0,30,0,0,30
0,3,0,0,3
0,7,0,0,7
0,2,0,0,2
0,3,0,0,3
0,98,0,0,98
0,114,0,0,114
0,16,0,0,16
0,57,0,0,57
0,3,0,0,3
0,3,0,0,3
0,8,2,0,10
0,1,0,0,1
0,11,0,0,11
0,23,0,0,23
0,3,0,0,3
0,3,0,0,3
0,5,0,0,5
0,2,0,0,2
0,3,0,0,3
0,3,0,0,3
0,2,0,0,2
0,99,0,0,99
0,98,0,0,98
0,18,0,0,18
0,33,0,0,33
0,122,0,0,122
0,17,0,0,17
0,22,0,0,22
0,9,0,0,9
0,2,0,0,2
0,3,0,0,3
0,102,21,0,123
0,18,0,0,18
0,5,1,0,6
0,1,0,0,1
0,162,0,0,162
0,1,0,0,1
0,2,1,0,3
0,7,0,0,7
0,2,0,0,2
0,2,0,0,2
0,28,0,0,28
0,16,0,0,16
0,16,0,0,16
0,4,0,0,4
0,4,0,0,4
0,32,0,0,32
0,2,0,0,2
0,2,0,0,2
0,5,1,0,6
0,4,1,0,5
0,37,0,0,37
0,6,0,0,6
0,32,0,0,32
0,78,0,0,78
0,11,0,0,11
0,10,0,0,10
0,3,0,0,3
0,3,0,0,3
0,2,0,0,2
0,2,0,0,2
0,7,0,0,7
0,7,0,0,7
0,19,0,0,19
0,75,0,0,75
0,7,0,0,7
0,2,0,0,2
0,4,0,0,4
0,24,1,0,25
0,8,0,0,8
0,23,0,0,23
0,7,0,0,7
0,11,0,0,11
0,29,0,0,29
0,28,0,0,28
0,5,0,0,5
0,46,0,0,46
0,46,0,0,46
0,78,0,0,78
0,5,1,0,6
0,2,0,0,2
0,3,0,0,3
0,4,0,0,4
0,6,0,0,6
0,48,0,0,48
0,3,0,0,3
0,4,0,0,4
0,45,0,0,45
0,47,0,0,47
0,2,0,0,2
0,18,0,0,18
0,6,1,0,7
0,5,0,0,5
0,35,0,0,35
0,35,0,0,35
0,6,0,0,6
0,14,0,0,14
0,3,1,0,4
0,2,1,0,3
0,1,1,0,2
0,19,9,0,28
0,1,2,0,3
0,2,0,0,2
0,2,0,0,2
0,57,0,0,57
0,29,0,0,29
0,5,1,0,6
0,3,0,0,3
0,20,17,0,37
0,1,0,0,1
0,9,8,0,17
0,1,0,0,1
0,11,1,0,12
0,4,0,0,4
0,2,0,0,2
0,9,0,0,9
0,98,0,0,98
0,54,0,0,54
0,3,0,0,3
0,3,0,0,3
0,2,0,0,2
0,3,0,0,3
0,4,2,0,6
0,11,0,0,11
0,9,0,0,9
0,3,1,0,4
0,29,0,0,29
0,48,0,0,48
0,37,0,0,37
0,35,0,0,35
0,11,0,0,11
0,27,0,0,27
0,7,0,0,7
0,7,0,0,7
0,2,0,0,2
0,4,0,0,4
0,1,0,0,1
0,16,0,0,16
0,111,0,0,111
0,74,0,0,74
0,4,0,0,4
0,5,0,0,5
0,20,0,0,20
0,2,0,0,2
0,10,0,0,10
0,4,0,0,4
0,29,0,0,29
0,10,0,0,10
0,10,0,0,10
0,4,0,0,4
0,1,0,0,1
0,2,0,0,2
0,65,0,0,65
0,65,0,0,65
0,4,0,0,4
0,9,0,0,9
0,4,0,0,4
0,8,0,0,8
0,10,0,0,10
0,2,1,0,3
0,2,0,0,2
0,26,0,0,26
0,9,0,0,9
0,50,0,0,50
0,50,0,0,50
0,14,0,0,14
0,14,0,0,14
0,42,0,0,42
0,56,0,0,56
0,42,0,0,42
0,1,0,0,1
0,4,0,0,4
0,2,0,0,2
0,4,0,0,4
0,6,0,0,6
0,17,0,0,17
0,2,0,0,2
0,63,0,0,63
0,63,0,0,63
0,62,0,0,62
0,2,1,0,3
0,4,0,0,4
0,2,0,0,2
0,19,0,0,19
0,3,0,0,3
0,4,0,0,4
0,4,0,0,4
0,1,1,0,2
0,14,0,0,14
0,20,0,0,20
0,49,13,0,62
0,8,0,0,8
0,44,0,0,44
0,2,0,0,2
0,2,0,0,2
0,5,0,0,5
0,2,0,0,2
0,9,0,0,9
0,12,0,0,12
0,33,0,0,33
0,6,1,0,7
0,1,0,0,1
0,2,0,0,2
0,3,2,0,5
0,2,2,0,4
0,2,0,0,2
0,29,0,0,29
0,3,0,0,3
0,3,0,0,3
0,2,0,0,2
0,3,0,0,3
0,2,0,0,2
0,2,0,0,2
0,33,0,0,33
0,78,0,0,78
0,2,0,0,2
0,2,0,0,2
0,23,0,0,23
0,1,0,0,1
0,1,0,0,1
0,9,0,0,9
0,7,0,0,7
0,8,0,0,8
0,16,0,0,16
0,79,0,0,79
0,12,0,0,12
0,14,0,0,14
0,1,0,0,1
0,3,0,0,3
0,2,0,0,2
0,2,0,0,2
0,31,0,0,31
0,31,0,0,31
0,29,0,0,29
0,29,0,0,29
0,16,0,0,16
0,9,0,0,9
0,4,0,0,4
0,2,0,0,2
0,36,0,0,36
0,2,0,0,2
0,3,0,0,3
0,1,0,0,1
0,4,0,0,4
0,2,0,0,2
0,98,0,0,98
0,4,0,0,4
0,1,0,0,1
0,15,0,0,15
0,22,0,0,22
0,22,0,0,22
0,32,0,0,32
0,32,0,0,32
0,35,0,0,35
0,2,0,0,2
0,9,0,0,9
0,66,0,0,66
0,42,0,0,42
0,2,1,0,3
0,4,0,0,4
0,33,0,0,33
0,35,0,0,35
0,3,1,0,4
0,1,0,0,1
0,5,0,0,5
0,5,0,0,5
0,6,0,0,6
0,122,0,0,122
0,4,0,0,4
0,1,1,0,2
0,2,0,0,2
0,50,0,0,50
0,1,0,0,1
0,17,0,0,17
0,1,0,0,1
0,25,0,0,25
0,14,0,0,14
0,2,0,0,2
0,2,0,0,2
0,3,0,0,3
0,3,0,0,3
0,36,0,0,36
0,74,0,0,74
0,16,0,0,16
0,17,0,0,17
0,3,0,0,3
0,3,0,0,3
0,2,1,0,3
0,2,0,0,2
0,2,0,0,2
0,2,0,0,2
0,7,0,0,7
0,7,0,0,7
0,3,0,0,3
0,27,0,0,27
0,1,0,0,1
0,13,0,0,13
0,2,0,0,2
0,2,0,0,2
0,33,0,0,33
0,25,0,0,25
0,22,0,0,22
0,58,0,0,58
0,49,0,0,49
0,5,0,0,5
0,11,0,0,11
0,28,0,0,28
0,45,0,0,45
0,6,0,0,6
0,3,0,0,3
0,32,0,0,32
0,19,0,0,19
0,2,0,0,2
0,1,0,0,1
0,2,0,0,2
0,2,0,0,2
0,2,0,0,2
0,16,0,0,16
0,2,0,0,2
0,4,0,0,4
0,2,1,0,3
0,2,0,0,2
0,2,0,0,2
0,3,0,0,3
0,41,0,0,41
0,1,1,0,2
0,1,0,0,1
0,41,0,0,41
0,43,1,0,44
0,114,0,0,114
0,27,0,0,27
0,32,0,0,32
0,12,0,0,12
0,8,0,0,8
0,32,1,0,33
0,51,0,0,51
0,101,0,0,101
0,51,0,0,51
0,43,0,0,43
0,18,0,0,18
0,4,0,0,4
0,162,0,0,162
0,3,0,0,3
0,4,0,0,4
0,3,0,0,3
0,1,0,0,1
0,1,0,0,1
0,2,0,0,2
0,5,0,0,5
0,4,0,0,4
0,4,0,0,4
0,42,12,0,54
0,1,1,0,2
0,20,0,0,20
0,18,0,0,18
0,9,0,0,9
0,12,0,0,12
0,50,0,0,50
0,6,0,0,6
0,1,0,0,1
0,3,0,0,3
0,110,0,0,110
0,27,0,0,27
0,68,0,0,68
0,11,0,0,11
0,14,2,0,16
0,13,0,0,13
0,19,0,0,19
0,65,0,0,65
0,99,0,0,99
0,66,0,0,66
0,2,0,0,2
0,1,0,0,1
0,9,0,0,9
0,19,0,0,19
0,9,0,0,9
0,16,0,0,16
0,2,0,0,2
0,27,2,0,29
0,18,1,0,19
0,42,0,0,42
0,23,1,0,24
0,24,11,0,35
0,22,0,0,22
0,5,0,0,5
0,3,0,0,3
0,100,0,0,100
0,2,0,0,2
0,75,0,0,75
0,1,0,0,1
0,2,0,0,2
0,129,0,0,129
0,5,1,0,6
0,85,0,0,85
0,5,0,0,5
0,33,0,0,33
0,41,0,0,41
0,59,0,0,59
0,7,0,0,7
0,69,0,0,69
0,8,0,0,8
0,60,0,0,60
0,58,0,0,58
0,28,7,0,35
0,2,0,0,2
0,4,0,0,4
0,3,0,0,3
0,2,0,0,2
0,5,0,0,5
0,18,0,0,18
0,60,0,0,60
0,29,0,0,29
0,1,0,0,1
0,2,0,0,2
0,1,0,0,1
0,3,0,0,3
0,1,0,0,1
0,32,0,0,32
0,3,0,0,3
0,6,0,0,6
0,1,0,0,1
0,7,0,0,7
0,25,0,0,25
0,6,0,0,6
0,51,0,0,51
0,13,0,0,13
0,2,0,0,2
0,2,0,0,2
0,4,0,0,4
0,16,0,0,16
0,2,0,0,2
0,2,0,0,2
0,4,0,0,4
0,4,0,0,4
0,12,0,0,12
0,1,0,0,1
0,2,0,0,2
0,33,0,0,33
0,13,0,0,13
0,11,0,0,11
0,2,0,0,2
0,3,0,0,3
0,59,0,0,59
0,2,0,0,2
0,1,0,0,1
0,2,0,0,2
0,2,0,0,2
0,75,0,0,75
0,1,0,0,1
0,1,0,0,1
0,4,0,0,4
0,3,0,0,3
0,14,0,0,14
0,18,0,0,18
0,7,0,0,7
0,3,0,0,3
0,28,0,0,28
0,7,2,0,9
0,5,0,0,5
0,40,0,0,40
0,1,1,0,2
0,1,1,0,2
0,4,0,0,4
0,26,0,0,26
0,7,0,0,7
0,2,0,0,2
0,8,0,0,8
0,9,0,0,9
0,20,2,0,22
0,5,0,0,5
0,8,0,0,8
0,24,0,0,24
0,10,0,0,10
0,8,0,0,8
0,11,0,0,11
0,1,0,0,1
0,12,0,0,12
0,13,0,0,13
0,2,0,0,2
0,1,0,0,1
0,18,10,0,28
0,12,0,0,12
0,3,0,0,3
0,12,0,0,12
0,3,0,0,3
0,4,0,0,4
0,51,0,0,51
0,3,0,0,3
0,3,0,0,3
0,3,0,0,3
0,3,0,0,3
0,2,0,0,2
0,37,0,0,37
0,11,0,0,11
0,46,0,0,46
0,6,0,0,6
0,111,0,0,111
0,2,0,0,2
0,1,0,0,1
0,3,0,0,3
0,2,0,0,2
0,96,0,0,96
0,2,2,0,4
0,28,0,0,28
0,2,0,0,2
0,7,0,0,7
0,10,0,0,10
0,7,0,0,7
0,75,0,0,75
0,3,1,0,4
0,2,0,0,2
0,6,0,0,6
0,6,0,0,6
0,1,0,0,1
0,24,0,0,24
0,8,0,0,8
0,2,0,0,2
0,3,0,0,3
0,4,0,0,4
0,4,0,0,4
0,48,19,0,67
0,66,0,0,66
0,14,0,0,14
0,2,0,0,2
0,36,4,0,40
0,77,0,0,77
0,19,0,0,19
0,11,2,0,13
0,5,1,0,6
0,57,0,0,57
0,2,1,0,3
0,35,0,0,35
0,28,0,0,28
0,30,0,0,30
0,8,0,0,8
0,2,0,0,2
0,9,3,0,12
0,3,1,0,4
0,2,0,0,2
0,9,0,0,9
0,10,1,0,11
0,4,0,0,4
0,12,0,0,12
0,3,3,0,6
0,1,0,0,1
0,5,0,0,5
0,5,1,0,6
0,10,1,0,11
0,10,2,0,12
0,2,0,0,2
0,26,44,0,70
0,5,0,0,5
0,28,0,0,28
0,19,0,0,19
0,4,0,0,4
0,3,0,0,3
0,46,0,0,46
0,48,0,0,48
0,3,0,0,3
0,9,0,0,9
0,8,0,0,8
0,7,0,0,7
0,59,0,0,59
0,59,0,0,59
0,1,1,0,2
0,16,0,0,16
0,24,0,0,24
0,3,0,0,3
0,3,0,0,3
0,3,4,0,7
0,9,0,0,9
0,20,0,0,20
0,29,0,0,29
0,1,0,0,1
0,34,0,0,34
0,32,0,0,32
0,35,0,0,35
0,3,0,0,3
0,5,0,0,5
0,11,0,0,11
0,1,0,0,1
0,9,0,0,9
0,6,1,0,7
0,16,2,0,18
0,22,0,0,22
0,22,0,0,22
0,9,0,0,9
0,2,1,0,3
0,3,2,0,5
0,15,0,0,15
0,8,0,0,8
0,4,0,0,4
0,33,0,0,33
0,1,1,0,2
0,2,0,0,2
0,1,0,0,1
0,66,0,0,66
0,2,0,0,2
0,2,0,0,2
0,1,0,0,1
0,1,0,0,1
0,4,0,0,4
0,6,0,0,6
0,1,0,0,1
0,1,0,0,1
0,8,0,0,8
0,19,0,0,19
0,32,0,0,32
0,1,0,0,1
0,5,0,0,5
0,2,1,0,3
0,2,0,0,2
0,6,0,0,6
0,6,0,0,6
0,4,1,0,5
0,1,0,0,1
0,225,0,0,225
0,27,0,0,27
0,14,0,0,14
0,7,0,0,7
0,2,0,0,2
0,6,0,0,6
0,2,0,0,2
0,8,0,0,8
0,11,0,0,11
0,9,0,0,9
0,8,0,0,8
0,2,0,0,2
0,50,0,0,50
0,46,0,0,46
0,26,0,0,26
0,25,0,0,25
0,16,0,0,16
0,6,0,0,6
0,21,0,0,21
0,30,0,0,30
0,54,0,0,54
0,55,0,0,55
0,10,0,0,10
0,3,0,0,3
0,22,0,0,22
0,17,0,0,17
0,12,0,0,12
0,2,0,0,2
0,75,0,0,75
0,2,0,0,2
0,2,0,0,2
0,4,0,0,4
0,3,2,0,5
0,1,0,0,1
0,20,0,0,20
0,18,0,0,18
0,7,0,0,7
0,16,0,0,16
0,4,0,0,4
0,3,0,0,3
0,12,0,0,12
0,1,0,0,1
0,2,0,0,2
0,57,0,0,57
0,55,0,0,55
0,19,0,0,19
0,49,0,0,49
0,8,0,0,8
0,5,0,0,5
0,5,0,0,5
0,1,0,0,1
0,8,0,0,8
0,6,0,0,6
0,12,0,0,12
0,5,0,0,5
0,16,0,0,16
0,16,0,0,16
0,9,0,0,9
0,4,0,0,4
0,4,0,0,4
0,2,0,0,2
0,2,0,0,2
0,3,0,0,3
0,6,9,0,15
0,18,0,0,18
0,84,0,0,84
0,5,0,0,5
0,2,0,0,2
0,6,0,0,6
0,7,0,0,7
0,29,0,0,29
0,17,0,0,17
0,32,1,0,33
0,33,0,0,33
0,4,0,0,4
0,4,0,0,4
0,4,0,0,4
0,18,0,0,18
0,14,0,0,14
0,15,0,0,15
0,1,1,0,2
0,4,0,0,4
0,3,0,0,3
0,5,0,0,5
0,75,0,0,75
0,11,0,0,11
0,29,0,0,29
0,4,0,0,4
0,2,0,0,2
0,162,0,0,162
0,2,0,0,2
0,2,0,0,2
0,6,0,0,6
0,5,0,0,5
0,4,1,0,5
0,4,0,0,4
0,38,0,0,38
0,112,0,0,112
0,6,0,0,6
0,7,0,0,7
0,13,0,0,13
0,2,0,0,2
0,2,0,0,2
0,4,0,0,4
0,22,0,0,22
0,4,0,0,4
0,15,0,0,15
0,7,0,0,7
0,3,0,0,3
0,2,0,0,2
0,2,0,0,2
0,131,0,0,131
0,82,0,0,82
0,2,0,0,2
0,126,0,0,126
0,54,0,0,54
0,3,0,0,3
0,2,0,0,2
0,1,1,0,2
0,2,0,0,2
0,23,0,0,23
0,2,0,0,2
0,18,0,0,18
0,17,0,0,17
0,13,0,0,13
0,2,0,0,2
0,12,11,0,23
0,2,0,0,2
0,4,0,0,4
0,53,0,0,53
0,11,0,0,11
0,76,0,0,76
0,17,0,0,17
0,23,0,0,23
0,3,1,0,4
0,22,0,0,22
0,23,0,0,23
0,5,0,0,5
0,4,0,0,4
0,2,0,0,2
0,2,0,0,2
0,5,0,0,5
0,1,0,0,1
0,2,0,0,2
0,15,0,0,15
0,1,0,0,1
0,5,0,0,5
0,8,0,0,8
0,9,0,0,9
0,1,0,0,1
0,83,4,0,87
0,16,0,0,16
0,2,0,0,2
0,1,0,0,1
0,6,0,0,6
0,6,0,0,6
0,21,0,0,21
0,2,0,0,2
0,9,0,0,9
0,63,0,0,63
0,13,0,0,13
0,5,0,0,5
0,16,0,0,16
0,44,0,0,44
0,46,0,0,46
0,5,0,0,5
0,6,0,0,6
0,44,0,0,44
0,65,0,0,65
0,46,0,0,46
0,18,0,0,18
0,18,0,0,18
0,43,0,0,43
0,2,0,0,2
0,5,0,0,5
0,5,13,0,18
0,46,0,0,46
0,2,0,0,2
0,31,0,0,31
0,31,0,0,31
0,5,0,0,5
0,4,0,0,4
0,2,0,0,2
0,10,0,0,10
0,2,0,0,2
0,23,0,0,23
0,1,0,0,1
0,2,0,0,2
0,2,0,0,2
0,1,0,0,1
0,2,0,0,2
0,2,0,0,2
0,3,0,0,3
0,4,0,0,4
0,6,0,0,6
0,18,0,0,18
0,16,0,0,16
0,17,0,0,17
0,4,1,0,5
0,68,1,0,69
0,23,0,0,23
0,2,0,0,2
0,67,0,0,67
0,10,0,0,10
0,2,0,0,2
0,2,0,0,2
0,2,0,0,2
0,18,0,0,18
0,19,0,0,19
0,2,1,0,3
0,7,0,0,7
0,5,0,0,5
0,15,0,0,15
0,5,0,0,5
0,3,0,0,3
0,12,0,0,12
0,1,0,0,1
0,7,0,0,7
0,7,0,0,7
0,7,0,0,7
0,1,0,0,1
0,4,0,0,4
0,39,0,0,39
0,80,57,0,137
0,2,0,0,2
0,88,0,0,88
0,127,0,0,127
0,3,0,0,3
0,3,0,0,3
0,6,0,0,6
0,6,0,0,6
0,75,0,0,75
0,8,0,0,8
0,7,0,0,7
0,66,0,0,66
0,1,1,0,2
0,3,0,0,3
0,9,0,0,9
0,27,0,0,27
0,71,0,0,71
0,3,0,0,3
0,3,0,0,3
0,2,0,0,2
0,6,0,0,6
0,1,0,0,1
0,5,2,0,7
0,4,0,0,4
0,2,0,0,2
0,2,0,0,2
0,4,0,0,4
0,212,0,0,212
0,7,3,0,10
0,4,0,0,4
0,2,0,0,2
0,5,0,0,5
0,11,0,0,11
0,7,0,0,7
0,3,0,0,3
0,48,0,0,48
0,2,0,0,2
0,16,0,0,16
0,225,0,0,225
0,12,1,0,13
0,18,0,0,18
0,4,0,0,4
0,75,0,0,75
0,3,0,0,3
0,4,0,0,4
0,21,0,0,21
0,3,0,0,3
0,4,0,0,4
0,7,0,0,7
0,2,0,0,2
0,23,1,0,24
0,3,0,0,3
0,16,0,0,16
0,17,0,0,17
0,1,0,0,1
0,3,0,0,3
0,3,1,0,4
0,5,0,0,5
0,5,0,0,5
0,24,0,0,24
0,6,0,0,6
0,27,0,0,27
0,13,0,0,13
0,21,0,0,21
0,6,0,0,6
0,5,0,0,5
0,40,0,0,40
0,7,0,0,7
0,7,0,0,7
0,2,0,0,2
0,1,0,0,1
0,28,0,0,28
0,3,0,0,3
0,2,0,0,2
0,12,0,0,12
0,17,0,0,17
0,21,0,0,21
0,4,0,0,4
0,4,0,0,4
0,8,0,0,8
0,5,0,0,5
0,8,0,0,8
0,14,0,0,14
0,22,0,0,22
0,6,0,0,6
0,6,0,0,6
0,6,1,0,7
0,38,0,0,38
0,2,0,0,2
0,1,0,0,1
0,3,0,0,3
0,23,0,0,23
0,23,0,0,23
0,26,0,0,26
0,34,0,0,34
0,1,0,0,1
0,32,0,0,32
0,18,0,0,18
0,11,0,0,11
0,19,0,0,19
0,3,1,0,4
0,11,1,0,12
0,6,1,0,7
0,2,0,0,2
0,1,0,0,1
0,4,0,0,4
0,100,0,0,100
0,6,0,0,6
0,17,0,0,17
0,15,0,0,15
0,16,0,0,16
0,4,0,0,4
0,2,0,0,2
0,1,0,0,1
0,13,0,0,13
0,4,2,0,6
0,3,0,0,3
0,3,0,0,3
0,3,0,0,3
0,59,0,0,59
0,3,0,0,3
0,24,0,0,24
0,25,0,0,25
0,55,0,0,55
0,2,0,0,2
0,7,1,0,8
0,2,0,0,2
0,13,0,0,13
0,14,1,0,15
0,65,0,0,65
0,25,0,0,25
0,31,0,0,31
0,6,0,0,6
0,4,0,0,4
0,18,0,0,18
0,23,0,0,23
0,3,0,0,3
0,3,0,0,3
0,2,0,0,2
0,29,0,0,29
0,1,0,0,1
0,1,0,0,1
0,3,0,0,3
0,27,0,0,27
0,17,0,0,17
0,1,0,0,1
0,2,0,0,2
0,18,0,0,18
0,13,0,0,13
0,2,0,0,2
0,4,0,0,4
0,2,0,0,2
0,3,0,0,3
0,19,0,0,19
0,5,0,0,5
0,6,0,0,6
0,22,0,0,22
0,8,0,0,8
0,9,0,0,9
0,2,0,0,2
0,12,1,0,13
0,44,0,0,44
0,29,0,0,29
0,6,0,0,6
0,2,0,0,2
0,5,0,0,5
0,7,0,0,7
0,9,0,0,9
0,4,0,0,4
0,63,0,0,63
0,122,0,0,122
0,122,0,0,122
0,2,0,0,2
0,4,0,0,4
0,11,0,0,11
0,3,0,0,3
0,4,0,0,4
0,6,0,0,6
0,2,0,0,2
0,2,1,0,3
0,1,0,0,1
0,4,0,0,4
0,2,0,0,2
0,11,0,0,11
0,1,0,0,1
0,7,0,0,7
0,15,0,0,15
0,4,0,0,4
0,3,0,0,3
0,1,0,0,1
0,2,0,0,2
0,2,0,0,2
0,3,0,0,3
0,6,0,0,6
0,17,0,0,17
0,12,0,0,12
0,33,0,0,33
0,1,0,0,1
0,1,0,0,1
0,4,1,0,5
0,3,0,0,3
0,26,0,0,26
0,2,0,0,2
0,11,1,0,12
0,4,0,0,4
0,2,0,0,2
0,3,0,0,3
0,34,0,0,34
0,29,0,0,29
0,29,0,0,29
0,22,0,0,22
0,31,0,0,31
0,3,0,0,3
0,3,0,0,3
0,16,0,0,16
0,13,0,0,13
0,12,0,0,12
0,65,0,0,65
0,12,0,0,12
0,14,0,0,14
0,8,0,0,8
0,7,0,0,7
0,132,0,0,132
0,28,0,0,28
0,2,0,0,2
0,2,0,0,2
0,9,0,0,9
0,13,0,0,13
0,42,0,0,42
0,16,0,0,16
0,8,0,0,8
0,47,0,0,47
0,47,0,0,47
0,43,0,0,43
0,1,0,0,1
0,1,0,0,1
0,3,0,0,3
0,8,0,0,8
0,21,0,0,21
0,2,0,0,2
0,14,0,0,14
0,2,0,0,2
0,4,0,0,4
0,5,0,0,5
0,5,0,0,5
0,25,0,0,25
0,3,0,0,3
0,6,0,0,6
0,6,0,0,6
0,3,0,0,3
0,2,0,0,2
0,13,0,0,13
0,56,0,0,56
0,1,0,0,1
0,1,0,0,1
0,4,0,0,4
0,2,0,0,2
0,1,1,0,2
0,1,1,0,2
0,5,0,0,5
0,12,0,0,12
0,10,0,0,10
0,21,0,0,21
0,20,0,0,20
0,69,0,0,69
0,22,0,0,22
0,8,0,0,8
0,66,2,0,68
0,10,1,0,11
0,40,0,0,40
0,69,0,0,69
0,4,0,0,4
0,5,0,0,5
0,130,0,0,130
0,130,0,0,130
0,2,0,0,2
0,8,0,0,8
0,101,0,0,101
0,3,1,0,4
0,1,0,0,1
0,1,0,0,1
0,28,0,0,28
0,14,0,0,14
0,34,0,0,34
0,2,0,0,2
0,20,0,0,20
0,50,0,0,50
0,8,0,0,8
0,3,0,0,3
0,5,0,0,5
0,3,0,0,3
0,3,0,0,3
0,1,0,0,1
0,2,0,0,2
0,8,0,0,8
0,9,0,0,9
0,42,0,0,42
0,28,0,0,28
0,11,0,0,11
0,7,0,0,7
0,1,0,0,1
0,7,0,0,7
0,2,0,0,2
0,8,0,0,8
0,10,1,0,11
0,12,0,0,12
0,2,0,0,2
0,3,0,0,3
0,7,0,0,7
0,13,0,0,13
0,3,0,0,3
0,2,0,0,2
0,14,0,0,14
0,63,0,0,63
0,3,0,0,3
0,8,0,0,8
0,5,0,0,5
0,1,1,0,2
0,2,0,0,2
0,7,0,0,7
0,7,0,0,7
0,4,0,0,4
0,3,0,0,3
0,3,0,0,3
0,98,0,0,98
0,77,0,0,77
0,3,0,0,3
0,2,0,0,2
0,28,0,0,28
0,6,0,0,6
0,7,0,0,7
0,12,0,0,12
0,13,0,0,13
0,3,0,0,3
0,5,0,0,5
0,8,0,0,8
0,6,0,0,6
0,1,0,0,1
0,22,0,0,22
0,58,0,0,58
0,79,7,0,86
0,68,1,0,69
0,1,1,0,2
0,3,4,0,7
0,1,0,0,1
0,2,0,0,2
0,2,0,0,2
0,21,1,0,22
0,2,1,0,3
0,2,0,0,2
0,7,0,0,7
0,19,0,0,19
0,98,0,0,98
0,54,0,0,54
0,6,1,0,7
0,3,0,0,3
0,11,0,0,11
0,2,0,0,2
0,5,0,0,5
0,75,0,0,75
0,33,1,0,34
0,55,0,0,55
0,3,0,0,3
0,6,0,0,6
0,13,1,0,14
0,13,1,0,14
0,75,0,0,75
0,2,0,0,2
0,34,0,0,34
0,79,0,0,79
0,50,0,0,50
0,32,0,0,32
0,24,0,0,24
0,25,0,0,25
0,8,0,0,8
0,1,0,0,1
0,2,0,0,2
0,1,0,0,1
0,3,0,0,3
0,3,0,0,3
0,8,0,0,8
0,54,2,0,56
0,7,1,0,8
0,5,0,0,5
0,5,0,0,5
0,23,0,0,23
0,19,0,0,19
0,2,0,0,2
0,10,0,0,10
0,26,0,0,26
0,15,0,0,15
0,8,0,0,8
0,10,4,0,14
0,12,0,0,12
0,3,0,0,3
0,8,0,0,8
0,122,0,0,122
0,130,0,0,130
0,64,1,0,65
0,4,0,0,4
0,4,0,0,4
0,8,0,0,8
0,26,0,0,26
0,4,0,0,4
0,1,1,0,2
0,27,0,0,27
0,13,0,0,13
0,2,0,0,2
0,1,0,0,1
0,4,5,0,9
0,2,0,0,2
0,1,0,0,1
0,20,0,0,20
0,10,0,0,10
0,12,0,0,12
0,1,1,0,2
0,3,0,0,3
0,33,0,0,33
0,2,0,0,2
0,1,0,0,1
0,7,1,0,8
0,14,2,0,16
0,5,0,0,5
0,26,0,0,26
0,4,0,0,4
0,47,0,0,47
0,50,0,0,50
0,4,0,0,4
0,3,0,0,3
0,2,0,0,2
0,2,0,0,2
0,13,0,0,13
0,8,0,0,8
0,2,0,0,2
0,90,0,0,90
0,42,0,0,42
0,12,0,0,12
0,3,0,0,3
0,50,0,0,50
0,12,0,0,12
0,3,0,0,3
0,1,0,0,1
0,7,0,0,7
0,7,1,0,8
0,10,0,0,10
0,16,0,0,16
0,14,0,0,14
0,2,0,0,2
0,1,1,0,2
0,1,0,0,1
0,3,0,0,3
0,6,0,0,6
0,1,0,0,1
0,1,0,0,1
0,14,0,0,14
0,59,0,0,59
0,4,1,0,5
0,4,0,0,4
0,11,0,0,11
0,27,0,0,27
0,2,0,0,2
0,3,0,0,3
0,2,0,0,2
0,35,0,0,35
0,35,0,0,35
0,9,0,0,9
0,9,0,0,9
0,65,0,0,65
0,3,1,0,4
0,3,0,0,3
0,21,0,0,21
0,3,0,0,3
0,3,0,0,3
0,8,0,0,8
0,47,0,0,47
0,83,0,0,83
0,79,0,0,79
0,2,0,0,2
0,7,0,0,7
0,7,0,0,7
0,34,0,0,34
0,35,0,0,35
0,24,0,0,24
0,34,1,0,35
0,2,0,0,2
0,2,0,0,2
0,3,0,0,3
0,5,2,0,7
0,2,0,0,2
0,3,0,0,3
0,10,1,0,11
0,43,1,0,44
0,43,0,0,43
0,28,0,0,28
0,162,0,0,162
0,1,1,0,2
0,3,0,0,3
0,20,0,0,20
0,5,0,0,5
0,16,0,0,16
0,14,0,0,14
0,22,0,0,22
0,6,0,0,6
0,2,0,0,2
0,5,0,0,5
0,5,0,0,5
0,4,0,0,4
0,41,0,0,41
0,3,0,0,3
0,5,0,0,5
0,6,0,0,6
0,20,0,0,20
0,19,0,0,19
0,1,1,0,2
0,4,0,0,4
0,4,0,0,4
0,15,0,0,15
0,6,1,0,7
0,6,0,0,6
0,12,0,0,12
0,4,0,0,4
0,7,0,0,7
0,1,0,0,1
0,2,0,0,2
0,4,0,0,4
0,10,0,0,10
0,2,2,0,4
0,1,0,0,1
0,16,0,0,16
0,29,0,0,29
0,4,0,0,4
0,7,0,0,7
0,7,0,0,7
0,1,0,0,1
0,11,0,0,11
0,7,0,0,7
0,5,1,0,6
0,5,1,0,6
0,22,1,0,23
0,5,0,0,5
0,1,0,0,1
0,5,0,0,5
0,5,0,0,5
0,13,7,0,20
0,2,0,0,2
0,1,0,0,1
0,9,1,0,10
0,3,0,0,3
0,59,0,0,59
0,1,0,0,1
0,9,0,0,9
0,8,0,0,8
0,63,0,0,63
0,37,0,0,37
0,27,0,0,27
0,3,0,0,3
0,3,0,0,3
0,1,0,0,1
0,6,0,0,6
0,10,0,0,10
0,1,0,0,1
0,1,0,0,1
0,8,0,0,8
0,1,0,0,1
0,10,0,0,10
0,10,0,0,10
0,3,0,0,3
0,1,0,0,1
0,6,0,0,6
0,11,3,0,14
0,1,0,0,1
0,10,0,0,10
0,35,0,0,35
0,1,0,0,1
0,6,0,0,6
0,6,2,0,8
0,2,0,0,2
0,10,6,0,16
0,93,0,0,93
0,41,0,0,41
0,7,0,0,7
0,16,0,0,16
0,35,0,0,35
0,39,0,0,39
0,1,0,0,1
0,61,4,0,65
0,1,1,0,2
0,1,1,0,2
0,1,0,0,1
0,6,1,0,7
0,13,0,0,13
0,15,0,0,15
0,1,1,0,2
0,3,0,0,3
0,3,0,0,3
0,4,0,0,4
0,41,0,0,41
0,6,0,0,6
0,13,0,0,13
0,2,0,0,2
0,2,0,0,2
0,60,0,0,60
0,1,0,0,1
0,6,0,0,6
0,6,0,0,6
0,19,0,0,19
0,2,1,0,3
0,8,0,0,8
0,6,1,0,7
0,1,0,0,1
0,1,0,0,1
0,2,0,0,2
0,8,1,0,9
0,15,1,0,16
0,10,0,0,10
0,2,0,0,2
0,1,1,0,2
0,1,0,0,1
0,17,0,0,17
0,17,0,0,17
0,11,4,0,15
0,4,0,0,4
0,74,0,0,74
0,17,0,0,17
0,14,0,0,14
0,1,1,0,2
0,1,0,0,1
0,16,0,0,16
0,16,0,0,16
0,74,0,0,74
0,74,0,0,74
0,5,2,0,7
0,1,0,0,1
0,3,0,0,3
0,1,0,0,1
0,6,0,0,6
0,7,0,0,7
0,10,0,0,10
0,8,0,0,8
0,46,0,0,46
0,28,0,0,28
0,2,0,0,2
0,11,0,0,11
0,5,1,0,6
0,2,0,0,2
0,42,0,0,42
0,3,0,0,3
0,10,0,0,10
0,3,0,0,3
0,2,0,0,2
0,5,0,0,5
0,2,0,0,2
0,1,0,0,1
0,2,0,0,2
0,2,0,0,2
0,50,0,0,50
0,2,0,0,2
0,2,0,0,2
0,2,0,0,2
0,5,1,0,6
0,2,0,0,2
0,2,0,0,2
0,5,0,0,5
0,5,0,0,5
0,3,0,0,3
0,3,0,0,3
0,33,0,0,33
0,3,1,0,4
0,1,1,0,2
0,1,0,0,1
0,2,0,0,2
0,62,0,0,62
0,43,0,0,43
0,5,0,0,5
0,6,0,0,6
0,59,0,0,59
0,66,0,0,66
0,29,0,0,29
0,14,0,0,14
0,8,0,0,8
0,15,0,0,15
0,1,0,0,1
0,32,0,0,32
0,1,0,0,1
0,1,0,0,1
0,2,0,0,2
0,2,0,0,2
0,2,0,0,2
0,2,0,0,2
0,10,0,0,10
0,4,0,0,4
0,3,0,0,3
0,7,0,0,7
0,4,0,0,4
0,12,0,0,12
0,3,0,0,3
0,5,1,0,6
0,6,0,0,6
0,11,0,0,11
0,5,1,0,6
0,1,0,0,1
0,1,0,0,1
0,13,1,0,14
0,21,0,0,21
0,23,0,0,23
0,2,0,0,2
0,2,0,0,2
0,24,1,0,25
0,35,0,0,35
0,1,0,0,1
0,13,1,0,14
0,22,1,0,23
0,1,0,0,1
0,7,1,0,8
0,17,0,0,17
0,34,0,0,34
0,2,0,0,2
0,1,0,0,1
0,2,0,0,2
0,1,0,0,1
0,1,0,0,1
0,1,0,0,1
0,22,1,0,23
0,50,0,0,50
0,6,1,0,7
0,2,3,0,5
0,4,0,0,4
0,2,0,0,2
0,14,0,0,14
0,2,0,0,2
0,28,0,0,28
0,14,0,0,14
0,43,3,0,46
0,28,0,0,28
0,3,0,0,3
0,5,0,0,5
0,4,0,0,4
0,4,0,0,4
0,5,0,0,5
0,9,0,0,9
0,4,2,0,6
0,11,1,0,12
0,22,0,0,22
0,3,0,0,3
0,5,0,0,5
0,28,0,0,28
0,8,0,0,8
0,6,0,0,6
0,6,0,0,6
0,3,0,0,3
0,3,0,0,3
0,1,0,0,1
0,17,0,0,17
0,21,0,0,21
0,10,0,0,10
0,4,0,0,4
0,6,0,0,6
0,9,0,0,9
0,8,0,0,8
0,20,0,0,20
0,3,1,0,4
0,5,0,0,5
0,22,0,0,22
0,25,0,0,25
0,3,0,0,3
0,8,0,0,8
0,7,0,0,7
0,2,0,0,2
0,5,0,0,5
0,5,0,0,5
0,28,0,0,28
0,6,0,0,6
0,54,0,0,54
0,4,0,0,4
0,6,0,0,6
0,17,0,0,17
0,4,0,0,4
0,6,0,0,6
0,9,1,0,10
0,22,0,0,22
0,2,0,0,2
0,1,0,0,1
0,11,0,0,11
0,12,0,0,12
0,22,1,0,23
0,60,0,0,60
0,1,0,0,1
0,5,0,0,5
0,7,0,0,7
0,27,0,0,27
0,34,0,0,34
0,6,0,0,6
0,3,0,0,3
0,5,0,0,5
0,2,0,0,2
0,2,0,0,2
0,2,1,0,3
0,1,0,0,1
0,14,0,0,14
0,11,0,0,11
0,6,0,0,6
0,9,0,0,9
0,98,0,0,98
0,28,0,0,28
0,10,5,0,15
0,3,0,0,3
0,47,0,0,47
0,5,0,0,5
0,8,0,0,8
0,4,0,0,4
0,51,0,0,51
0,2,0,0,2
0,2,0,0,2
0,21,0,0,21
0,7,0,0,7
0,3,2,0,5
0,47,0,0,47
0,4,0,0,4
0,71,0,0,71
0,8,0,0,8
0,7,0,0,7
0,6,0,0,6
0,2,0,0,2
0,10,0,0,10
0,14,0,0,14
0,2,0,0,2
0,1,0,0,1
0,2,0,0,2
0,6,0,0,6
0,7,0,0,7
0,7,0,0,7
0,8,0,0,8
0,7,9,0,16
0,1,0,0,1
0,7,0,0,7
0,5,0,0,5
0,6,0,0,6
0,12,0,0,12
0,2,1,0,3
0,1,0,0,1
0,7,0,0,7
0,4,0,0,4
0,3,0,0,3
0,4,0,0,4
0,5,0,0,5
0,21,0,0,21
0,33,0,0,33
0,7,0,0,7
0,5,0,0,5
0,23,0,0,23
0,13,0,0,13
0,20,0,0,20
0,6,0,0,6
0,6,0,0,6
0,2,0,0,2
0,6,0,0,6
0,13,0,0,13
0,1,0,0,1
0,2,0,0,2
0,26,0,0,26
0,40,0,0,40
0,45,1,0,46
0,42,0,0,42
0,1,2,0,3
0,9,0,0,9
0,20,0,0,20
0,22,0,0,22
0,1,0,0,1
0,8,0,0,8
0,2,1,0,3
0,2,0,0,2
0,20,0,0,20
0,7,0,0,7
0,11,0,0,11
0,6,0,0,6
0,12,0,0,12
0,12,0,0,12
0,12,0,0,12
0,4,2,0,6
0,4,1,0,5
0,9,0,0,9
0,6,0,0,6
0,41,0,0,41
0,1,0,0,1
0,1,0,0,1
0,24,0,0,24
0,10,0,0,10
0,12,0,0,12
0,18,0,0,18
0,12,0,0,12
0,5,0,0,5
0,2,0,0,2
0,6,0,0,6
0,4,0,0,4
0,2,0,0,2
0,2,0,0,2
0,24,0,0,24
0,3,0,0,3
0,2,0,0,2
0,4,0,0,4
0,26,0,0,26
0,2,0,0,2
0,21,0,0,21
0,14,0,0,14
0,18,0,0,18
0,22,0,0,22
0,13,0,0,13
0,32,0,0,32
0,32,0,0,32
0,8,0,0,8
0,8,0,0,8
0,2,0,0,2
0,6,0,0,6
0,2,0,0,2
0,2,0,0,2
0,8,0,0,8
0,2,0,0,2
0,4,0,0,4
0,4,0,0,4
0,6,0,0,6
0,3,0,0,3
0,111,0,0,111
0,3,0,0,3
0,20,0,0,20
0,57,0,0,57
0,4,0,0,4
0,6,0,0,6
0,14,0,0,14
0,3,0,0,3
0,2,0,0,2
0,6,0,0,6
0,2,0,0,2
0,8,0,0,8
0,4,0,0,4
0,20,0,0,20
0,29,0,0,29
0,1,0,0,1
0,2,0,0,2
0,2,0,0,2
0,10,0,0,10
0,1,0,0,1
0,12,0,0,12
0,16,0,0,16
0,1,1,0,2
0,2,0,0,2
0,2,0,0,2
0,3,0,0,3
0,5,0,0,5
0,2,0,0,2
0,3,0,0,3
0,1,1,0,2
0,1,0,0,1
0,4,0,0,4
0,10,0,0,10
0,29,0,0,29
0,3,0,0,3
0,3,0,0,3
0,56,0,0,56
0,54,0,0,54
0,1,0,0,1
0,4,0,0,4
0,8,2,0,10
0,25,0,0,25
0,6,0,0,6
0,30,0,0,30
0,30,0,0,30
0,1,0,0,1
0,1,0,0,1
0,7,0,0,7
0,7,0,0,7
0,3,0,0,3
0,3,0,0,3
0,21,0,0,21
0,13,0,0,13
0,23,0,0,23
0,1,0,0,1
0,2,0,0,2
0,2,0,0,2
0,2,0,0,2
0,3,0,0,3
0,3,0,0,3
0,3,0,0,3
0,1,0,0,1
0,14,0,0,14
0,8,0,0,8
0,33,0,0,33
0,122,0,0,122
0,2,0,0,2
0,1,0,0,1
0,1,0,0,1
0,18,0,0,18
0,18,0,0,18
0,12,0,0,12
0,3,0,0,3
0,5,0,0,5
0,18,0,0,18
0,1,0,0,1
0,60,0,0,60
0,7,0,0,7
0,3,0,0,3
0,1,0,0,1
0,3,0,0,3
0,80,0,0,80
0,4,0,0,4
0,11,0,0,11
0,17,0,0,17
0,6,0,0,6
0,6,0,0,6
0,4,0,0,4
0,8,0,0,8
0,6,0,0,6
0,9,0,0,9
0,11,0,0,11
0,1,0,0,1
0,3,0,0,3
0,3,0,0,3
0,8,0,0,8
0,16,0,0,16
0,3,0,0,3
0,12,0,0,12
0,2,1,0,3
0,2,0,0,2
0,42,0,0,42
0,4,1,0,5
0,6,0,0,6
0,2,0,0,2
0,98,0,0,98
0,3,0,0,3
0,6,0,0,6
0,5,0,0,5
0,6,0,0,6
0,2,0,0,2
0,19,0,0,19
0,12,0,0,12
0,12,0,0,12
0,57,0,0,57
0,4,0,0,4
0,82,0,0,82
0,20,0,0,20
0,6,0,0,6
0,5,0,0,5
0,12,0,0,12
0,14,0,0,14
0,22,0,0,22
0,16,0,0,16
0,9,1,0,10
0,2,0,0,2
0,12,0,0,12
0,25,0,0,25
0,25,0,0,25
0,4,0,0,4
0,4,0,0,4
0,4,0,0,4
0,4,0,0,4
0,18,1,0,19
0,6,0,0,6
0,2,0,0,2
0,1,0,0,1
0,3,0,0,3
0,3,0,0,3
0,1,0,0,1
0,25,0,0,25
0,42,1,0,43
0,6,0,0,6
0,7,0,0,7
0,10,0,0,10
0,1,0,0,1
0,8,0,0,8
0,20,0,0,20
0,21,0,0,21
0,1,1,0,2
0,11,0,0,11
0,6,0,0,6
0,2,0,0,2
0,9,0,0,9
0,5,0,0,5
0,2,2,0,4
0,17,0,0,17
0,17,0,0,17
0,7,1,0,8
0,1,0,0,1
0,2,0,0,2
0,3,0,0,3
0,17,0,0,17
0,8,0,0,8
0,29,0,0,29
0,42,0,0,42
0,3,1,0,4
0,3,0,0,3
0,1,1,0,2
0,3,0,0,3
0,3,0,0,3
0,11,0,0,11
0,4,0,0,4
0,2,0,0,2
0,56,0,0,56
0,64,0,0,64
0,4,0,0,4
0,4,0,0,4
0,3,0,0,3
0,1,1,0,2
0,1,0,0,1
0,4,0,0,4
0,2,0,0,2
0,2,0,0,2
0,1,1,0,2
0,1,0,0,1
0,2,0,0,2
0,3,0,0,3
0,9,0,0,9
0,66,0,0,66
0,3,0,0,3
0,2,0,0,2
0,9,0,0,9
0,4,0,0,4
0,4,1,0,5
0,25,0,0,25
0,20,0,0,20
0,1,0,0,1
0,3,0,0,3
0,4,0,0,4
0,5,0,0,5
0,12,0,0,12
0,38,0,0,38
0,50,0,0,50
0,36,2,0,38
0,12,4,0,16
0,12,0,0,12
0,2,0,0,2
0,24,0,0,24
0,23,0,0,23
0,1,1,0,2
0,1,0,0,1
0,15,0,0,15
0,1,0,0,1
0,4,0,0,4
0,3,0,0,3
0,4,0,0,4
0,26,1,0,27
0,1,0,0,1
0,2,0,0,2
0,4,0,0,4
0,5,0,0,5
0,2,0,0,2
0,2,0,0,2
0,14,0,0,14
0,46,0,0,46
0,4,0,0,4
0,22,0,0,22
0,1,0,0,1
0,2,0,0,2
0,3,0,0,3
0,4,0,0,4
0,60,0,0,60
0,7,0,0,7
0,4,0,0,4
0,3,0,0,3
0,7,0,0,7
0,5,2,0,7
0,21,0,0,21
0,23,0,0,23
0,5,1,0,6
0,25,0,0,25
0,3,0,0,3
0,3,0,0,3
0,16,0,0,16
0,16,0,0,16
0,9,0,0,9
0,5,0,0,5
0,45,0,0,45
0,1,0,0,1
0,42,0,0,42
0,1,0,0,1
0,14,0,0,14
0,4,0,0,4
0,7,1,0,8
0,6,0,0,6
0,16,0,0,16
0,9,0,0,9
0,8,0,0,8
0,16,0,0,16
0,6,0,0,6
0,6,0,0,6
0,6,0,0,6
0,61,2,0,63
0,10,0,0,10
0,122,0,0,122
0,14,0,0,14
0,24,0,0,24
0,46,0,0,46
0,3,0,0,3
0,1,0,0,1
0,21,0,0,21
0,16,0,0,16
0,2,0,0,2
0,4,0,0,4
0,1,0,0,1
0,6,0,0,6
0,27,0,0,27
0,1,0,0,1
0,38,0,0,38
0,3,3,0,6
0,2,0,0,2
0,4,0,0,4
0,3,0,0,3
0,1,0,0,1
0,2,0,0,2
0,54,1,0,55
0,6,0,0,6
0,6,1,0,7
0,6,0,0,6
0,43,0,0,43
0,2,0,0,2
0,1,0,0,1
0,1,0,0,1
0,8,0,0,8
0,2,0,0,2
0,7,1,0,8
0,3,0,0,3
0,7,0,0,7
0,9,0,0,9
0,9,0,0,9
0,4,0,0,4
0,3,0,0,3
0,3,0,0,3
0,2,0,0,2
0,6,1,0,7
0,1,0,0,1
0,2,0,0,2
0,15,0,0,15
0,2,0,0,2
0,49,0,0,49
0,4,0,0,4
0,4,0,0,4
0,1,1,0,2
0,1,0,0,1
0,2,0,0,2
0,9,0,0,9
0,10,0,0,10
0,19,0,0,19
0,6,2,0,8
0,16,0,0,16
0,57,0,0,57
0,6,0,0,6
0,6,0,0,6
0,10,0,0,10
0,7,0,0,7
0,2,0,0,2
0,3,0,0,3
0,2,0,0,2
0,16,0,0,16
0,2,0,0,2
0,5,0,0,5
0,2,0,0,2
0,1,0,0,1
0,1,0,0,1
0,4,0,0,4
0,5,0,0,5
0,7,0,0,7
0,11,1,0,12
0,2,0,0,2
0,1,0,0,1
0,2,0,0,2
0,3,0,0,3
0,6,0,0,6
0,29,1,0,30
0,4,0,0,4
0,5,0,0,5
0,2,0,0,2
0,3,0,0,3
0,52,0,0,52
0,17,1,0,18
0,1,0,0,1
0,10,2,0,12
0,5,0,0,5
0,29,0,0,29
0,28,0,0,28
0,5,0,0,5
0,1,0,0,1
0,16,2,0,18
0,5,0,0,5
0,4,0,0,4
0,4,0,0,4
0,22,0,0,22
0,17,1,0,18
0,11,0,0,11
0,2,0,0,2
0,6,0,0,6
0,1,0,0,1
0,5,1,0,6
0,23,0,0,23
0,19,0,0,19
0,19,0,0,19
0,2,0,0,2
0,7,1,0,8
0,7,0,0,7
0,2,0,0,2
0,2,0,0,2
0,11,0,0,11
0,2,0,0,2
0,2,0,0,2
0,2,0,0,2
0,2,0,0,2
0,13,0,0,13
0,1,0,0,1
0,9,2,0,11
0,17,0,0,17
0,7,0,0,7
0,34,0,0,34
0,11,0,0,11
0,85,0,0,85
0,50,0,0,50
0,2,0,0,2
0,4,0,0,4
0,3,0,0,3
0,2,0,0,2
0,5,0,0,5
0,1,0,0,1
0,1,1,0,2
0,3,1,0,4
0,5,0,0,5
0,2,0,0,2
0,4,0,0,4
0,3,0,0,3
0,2,0,0,2
0,41,0,0,41
0,33,0,0,33
0,10,0,0,10
0,6,0,0,6
0,6,0,0,6
0,5,0,0,5
0,14,0,0,14
0,14,0,0,14
0,13,0,0,13
0,7,0,0,7
0,4,0,0,4
0,3,0,0,3
0,17,0,0,17
0,4,0,0,4
0,6,0,0,6
0,3,0,0,3
0,12,0,0,12
0,2,0,0,2
0,2,0,0,2
0,3,0,0,3
0,71,0,0,71
0,45,0,0,45
0,2,0,0,2
0,2,1,0,3
0,2,0,0,2
0,2,0,0,2
0,3,1,0,4
0,2,0,0,2
0,6,0,0,6
0,5,0,0,5
0,13,0,0,13
0,2,0,0,2
0,1,0,0,1
0,23,0,0,23
0,15,0,0,15
0,19,0,0,19
0,10,0,0,10
0,16,0,0,16
0,15,0,0,15
0,10,0,0,10
0,24,0,0,24
0,2,0,0,2
0,2,0,0,2
0,3,0,0,3
0,3,0,0,3
0,10,0,0,10
0,1,1,0,2
0,9,0,0,9
0,24,0,0,24
0,6,1,0,7
0,24,2,0,26
0,23,2,0,25
0,9,0,0,9
0,5,0,0,5
0,30,0,0,30
0,57,0,0,57
0,1,1,0,2
0,9,0,0,9
0,7,0,0,7
0,6,1,0,7
0,2,0,0,2
0,3,0,0,3
0,22,0,0,22
0,2,0,0,2
0,18,0,0,18
0,12,0,0,12
0,12,0,0,12
0,3,0,0,3
0,3,0,0,3
0,3,0,0,3
0,4,0,0,4
0,6,0,0,6
0,14,0,0,14
0,20,0,0,20
0,3,0,0,3
0,1,0,0,1
0,2,0,0,2
0,3,0,0,3
0,2,0,0,2
0,75,0,0,75
0,16,0,0,16
0,8,0,0,8
0,9,0,0,9
0,6,0,0,6
0,7,0,0,7
0,122,0,0,122
0,4,0,0,4
0,4,0,0,4
0,4,0,0,4
0,11,0,0,11
0,51,0,0,51
0,13,0,0,13
0,13,0,0,13
0,2,0,0,2
0,10,0,0,10
0,20,0,0,20
0,13,0,0,13
0,2,0,0,2
0,1,0,0,1
0,2,0,0,2
0,4,0,0,4
0,3,0,0,3
0,1,0,0,1
0,13,0,0,13
0,21,0,0,21
0,6,1,0,7
0,2,0,0,2
0,4,0,0,4
0,8,0,0,8
0,10,0,0,10
0,2,0,0,2
0,8,1,0,9
0,3,0,0,3
0,3,0,0,3
0,2,0,0,2
0,2,0,0,2
0,1,0,0,1
0,3,0,0,3
0,2,0,0,2
0,4,0,0,4
0,3,1,0,4
0,2,0,0,2
0,2,0,0,2
0,6,0,0,6
0,17,0,0,17
0,22,0,0,22
0,18,0,0,18
0,2,0,0,2
0,1,1,0,2
0,1,0,0,1
0,5,0,0,5
0,2,0,0,2
0,6,0,0,6
0,29,3,0,32
0,1,1,0,2
0,1,0,0,1
0,6,0,0,6
0,10,0,0,10
0,20,0,0,20
0,2,0,0,2
0,2,0,0,2
0,21,0,0,21
0,4,0,0,4
0,3,0,0,3
0,18,0,0,18
0,2,0,0,2
0,45,0,0,45
0,16,3,0,19
0,7,0,0,7
0,6,0,0,6
0,1,0,0,1
0,41,0,0,41
0,6,0,0,6
0,3,0,0,3
0,4,0,0,4
0,2,2,0,4
0,2,0,0,2
0,19,0,0,19
0,1,0,0,1
0,2,0,0,2
0,26,0,0,26
0,9,2,0,11
0,2,0,0,2
0,5,0,0,5
0,5,0,0,5
0,67,0,0,67
0,3,4,0,7
0,1,1,0,2
0,50,0,0,50
0,2,1,0,3
0,2,0,0,2
0,18,0,0,18
0,9,0,0,9
0,20,0,0,20
0,50,0,0,50
0,17,0,0,17
0,13,0,0,13
0,8,0,0,8
0,1,0,0,1
0,6,0,0,6
0,7,0,0,7
0,2,0,0,2
0,3,0,0,3
0,2,0,0,2
0,4,0,0,4
0,2,0,0,2
0,2,0,0,2
0,70,1,0,71
0,51,0,0,51
0,2,0,0,2
0,3,0,0,3
0,11,6,0,17
0,2,0,0,2
0,4,0,0,4
0,2,0,0,2
0,83,0,0,83
0,47,0,0,47
0,7,0,0,7
0,3,0,0,3
0,4,0,0,4
0,10,3,0,13
0,21,0,0,21
0,2,0,0,2
0,1,0,0,1
0,45,0,0,45
0,15,0,0,15
0,4,3,0,7
0,6,1,0,7
0,2,0,0,2
0,14,0,0,14
0,4,0,0,4
0,3,0,0,3
0,15,0,0,15
0,2,0,0,2
0,17,0,0,17
0,3,0,0,3
0,6,0,0,6
0,5,0,0,5
0,16,0,0,16
0,2,0,0,2
0,2,0,0,2
0,5,0,0,5
0,7,0,0,7
0,24,0,0,24
0,22,0,0,22
0,13,1,0,14
0,25,0,0,25
0,7,0,0,7
0,6,0,0,6
0,2,0,0,2
0,1,0,0,1
0,1,0,0,1
0,2,0,0,2
0,5,0,0,5
0,5,0,0,5
0,2,0,0,2
0,15,0,0,15
0,5,0,0,5
0,6,0,0,6
0,2,0,0,2
0,13,0,0,13
0,30,1,0,31
0,5,0,0,5
0,86,0,0,86
0,2,0,0,2
0,1,0,0,1
0,54,0,0,54
0,32,0,0,32
0,17,0,0,17
0,6,0,0,6
0,2,0,0,2
0,3,0,0,3
0,65,0,0,65
0,46,0,0,46
0,1,0,0,1
0,2,0,0,2
0,1,0,0,1
0,2,0,0,2
0,1,0,0,1
0,7,0,0,7
0,2,0,0,2
0,2,0,0,2
0,2,1,0,3
0,63,0,0,63
0,7,0,0,7
0,3,1,0,4
0,3,0,0,3
0,3,0,0,3
0,3,0,0,3
0,2,0,0,2
0,4,0,0,4
0,2,0,0,2
0,5,0,0,5
0,5,0,0,5
0,9,0,0,9
0,1,0,0,1
0,1,0,0,1
0,1,1,0,2
0,3,0,0,3
0,2,0,0,2
0,1,0,0,1
0,21,0,0,21
0,20,0,0,20
0,17,0,0,17
0,7,0,0,7
0,4,0,0,4
0,11,0,0,11
0,2,0,0,2
0,26,9,0,35
0,2,0,0,2
0,2,0,0,2
0,3,0,0,3
0,1,0,0,1
0,10,0,0,10
0,9,0,0,9
0,5,0,0,5
0,12,0,0,12
0,25,0,0,25
0,12,0,0,12
0,6,0,0,6
0,3,1,0,4
0,6,0,0,6
0,31,0,0,31
0,12,0,0,12
0,4,0,0,4
0,5,0,0,5
0,17,0,0,17
0,6,0,0,6
0,11,0,0,11
0,1,0,0,1
0,2,0,0,2
0,12,3,0,15
0,9,0,0,9
0,11,0,0,11
0,1,1,0,2
0,1,0,0,1
0,3,0,0,3
0,17,0,0,17
0,42,0,0,42
0,4,0,0,4
0,43,0,0,43
0,7,0,0,7
0,7,0,0,7
0,6,0,0,6
0,7,0,0,7
0,2,0,0,2
0,1,0,0,1
0,7,0,0,7
0,49,1,0,50
0,54,0,0,54
0,2,0,0,2
0,10,0,0,10
0,9,0,0,9
0,19,0,0,19
0,2,0,0,2
0,7,0,0,7
0,8,0,0,8
0,1,0,0,1
0,4,0,0,4
0,1,0,0,1
0,3,0,0,3
0,7,0,0,7
0,5,0,0,5
0,4,0,0,4
0,3,0,0,3
0,1,0,0,1
0,13,0,0,13
0,3,0,0,3
0,21,0,0,21
0,20,0,0,20
0,16,0,0,16
0,85,0,0,85
0,3,0,0,3
0,2,0,0,2
0,10,0,0,10
0,4,0,0,4
0,2,0,0,2
0,47,0,0,47
0,29,0,0,29
0,13,0,0,13
0,1,0,0,1
0,15,0,0,15
0,1,0,0,1
0,4,0,0,4
0,23,13,0,36
0,4,1,0,5
0,1,0,0,1
0,14,0,0,14
0,6,0,0,6
0,12,0,0,12
0,2,0,0,2
0,1,0,0,1
0,6,0,0,6
0,50,0,0,50
0,25,0,0,25
0,92,0,0,92
0,22,0,0,22
0,4,0,0,4
0,3,0,0,3
0,16,0,0,16
0,8,0,0,8
0,7,0,0,7
0,4,1,0,5
0,6,0,0,6
0,2,0,0,2
0,3,0,0,3
0,11,0,0,11
0,28,0,0,28
0,6,0,0,6
0,2,0,0,2
0,1,0,0,1
0,2,0,0,2
0,3,0,0,3
0,7,2,0,9
0,11,0,0,11
0,2,0,0,2
0,6,0,0,6
0,27,1,0,28
0,2,0,0,2
0,13,0,0,13
0,13,0,0,13
0,8,2,0,10
0,2,0,0,2
0,2,0,0,2
0,2,0,0,2
0,14,0,0,14
0,1,0,0,1
0,1,0,0,1
0,19,0,0,19
0,6,0,0,6
0,3,0,0,3
0,6,0,0,6
0,3,0,0,3
0,1,0,0,1
0,18,0,0,18
0,12,0,0,12
0,122,0,0,122
0,8,0,0,8
0,9,0,0,9
0,26,0,0,26
0,26,0,0,26
0,18,0,0,18
0,5,0,0,5
0,3,0,0,3
0,6,2,0,8
0,3,0,0,3
0,7,0,0,7
0,4,0,0,4
0,6,0,0,6
0,50,0,0,50
0,4,0,0,4
0,5,0,0,5
0,3,0,0,3
0,3,0,0,3
0,19,0,0,19
0,8,0,0,8
0,8,0,0,8
0,4,0,0,4
0,46,0,0,46
0,46,0,0,46
0,2,0,0,2
0,2,0,0,2
0,7,0,0,7
0,1,0,0,1
0,2,0,0,2
0,2,0,0,2
0,41,0,0,41
0,1,0,0,1
0,35,0,0,35
0,20,0,0,20
0,2,0,0,2
0,2,2,0,4
0,7,1,0,8
0,86,0,0,86
0,85,0,0,85
0,2,0,0,2
0,3,0,0,3
0,28,0,0,28
0,8,0,0,8
0,3,0,0,3
0,3,0,0,3
0,6,0,0,6
0,3,0,0,3
0,1,0,0,1
0,26,0,0,26
0,62,0,0,62
0,14,0,0,14
0,2,0,0,2
0,5,0,0,5
0,4,0,0,4
0,25,0,0,25
0,2,0,0,2
0,3,0,0,3
0,3,0,0,3
0,8,0,0,8
0,2,0,0,2
0,2,0,0,2
0,20,0,0,20
0,1,0,0,1
0,3,0,0,3
0,3,1,0,4
0,3,0,0,3
0,6,0,0,6
0,10,0,0,10
0,5,0,0,5
0,10,0,0,10
0,6,0,0,6
0,2,0,0,2
0,4,0,0,4
0,37,0,0,37
0,36,0,0,36
0,22,0,0,22
0,5,0,0,5
0,4,0,0,4
0,1,0,0,1
0,32,0,0,32
0,5,0,0,5
0,12,0,0,12
0,62,0,0,62
0,7,0,0,7
0,10,0,0,10
0,2,0,0,2
0,4,0,0,4
0,2,0,0,2
0,21,0,0,21
0,14,1,0,15
0,3,0,0,3
0,4,0,0,4
0,2,1,0,3
0,8,0,0,8
0,2,0,0,2
0,16,0,0,16
0,10,0,0,10
0,8,0,0,8
0,66,0,0,66
0,4,1,0,5
0,4,0,0,4
0,11,0,0,11
0,11,0,0,11
0,7,0,0,7
0,7,0,0,7
0,3,0,0,3
0,3,0,0,3
0,7,1,0,8
0,7,1,0,8
0,6,0,0,6
0,4,0,0,4
0,3,5,0,8
0,6,1,0,7
0,1,0,0,1
0,2,1,0,3
0,4,0,0,4
0,3,0,0,3
0,15,5,0,20
0,6,8,0,14
0,2,0,0,2
0,32,0,0,32
0,2,0,0,2
0,1,0,0,1
0,3,0,0,3
0,32,0,0,32
0,4,0,0,4
0,5,0,0,5
0,10,0,0,10
0,16,0,0,16
0,4,0,0,4
0,1,1,0,2
0,9,0,0,9
0,37,0,0,37
0,4,0,0,4
0,3,0,0,3
0,1,0,0,1
0,7,1,0,8
0,1,0,0,1
0,2,0,0,2
0,22,2,0,24
0,13,2,0,15
0,7,0,0,7
0,8,0,0,8
0,4,0,0,4
0,13,0,0,13
0,15,0,0,15
0,5,0,0,5
0,8,0,0,8
0,9,0,0,9
0,6,0,0,6
0,5,2,0,7
0,2,0,0,2
0,17,0,0,17
0,14,0,0,14
0,29,0,0,29
0,7,0,0,7
0,10,0,0,10
0,20,2,0,22
0,7,0,0,7
0,10,0,0,10
0,54,0,0,54
0,4,0,0,4
0,12,0,0,12
0,13,0,0,13
0,23,0,0,23
0,6,0,0,6
0,9,0,0,9
0,6,0,0,6
0,4,0,0,4
0,58,0,0,58
0,2,0,0,2
0,1,0,0,1
0,4,0,0,4
0,8,0,0,8
0,38,0,0,38
0,24,0,0,24
0,2,0,0,2
0,2,0,0,2
0,3,0,0,3
0,10,0,0,10
0,9,1,0,10
0,12,0,0,12
0,12,0,0,12
0,59,0,0,59
0,2,0,0,2
0,13,0,0,13
0,13,0,0,13
0,10,1,0,11
0,20,0,0,20
0,3,0,0,3
0,17,0,0,17
0,8,0,0,8
0,4,0,0,4
0,4,0,0,4
0,8,0,0,8
0,4,0,0,4
0,60,0,0,60
0,4,0,0,4
0,7,0,0,7
0,13,0,0,13
0,24,0,0,24
0,30,0,0,30
0,10,0,0,10
0,1,2,0,3
0,2,0,0,2
0,1,0,0,1
0,7,0,0,7
0,45,3,0,48
0,3,0,0,3
0,3,0,0,3
0,3,0,0,3
0,5,0,0,5
0,16,0,0,16
0,2,2,0,4
0,1,1,0,2
0,1,0,0,1
0,1,0,0,1
0,7,0,0,7
0,27,6,0,33
0,5,0,0,5
0,6,0,0,6
0,2,0,0,2
0,7,0,0,7
0,23,0,0,23
0,16,0,0,16
0,10,0,0,10
0,1,0,0,1
0,2,0,0,2
0,7,1,0,8
0,19,0,0,19
0,6,0,0,6
0,1,0,0,1
0,1,0,0,1
0,3,0,0,3
0,4,0,0,4
0,7,0,0,7
0,2,0,0,2
0,1,1,0,2
0,2,0,0,2
0,8,0,0,8
0,4,0,0,4
0,5,0,0,5
0,14,0,0,14
0,14,0,0,14
0,14,0,0,14
0,3,0,0,3
0,9,0,0,9
0,5,0,0,5
0,5,0,0,5
0,2,1,0,3
0,2,0,0,2
0,2,0,0,2
0,1,1,0,2
0,1,0,0,1
0,32,0,0,32
0,1,1,0,2
0,24,0,0,24
0,3,0,0,3
0,2,0,0,2
0,2,0,0,2
0,2,0,0,2
0,32,2,0,34
0,69,1,0,70
0,11,0,0,11
0,2,0,0,2
0,7,1,0,8
0,1,0,0,1
0,3,0,0,3
0,30,7,0,37
0,5,0,0,5
0,4,0,0,4
0,8,0,0,8
0,11,0,0,11
0,3,0,0,3
0,25,0,0,25
0,24,0,0,24
0,6,0,0,6
0,6,0,0,6
0,4,0,0,4
0,122,0,0,122
0,7,0,0,7
0,3,0,0,3
0,41,0,0,41
0,3,0,0,3
0,10,0,0,10
0,6,0,0,6
0,46,1,0,47
0,1,0,0,1
0,2,0,0,2
0,4,0,0,4
0,2,1,0,3
0,2,0,0,2
0,2,0,0,2
0,7,0,0,7
0,5,0,0,5
0,3,1,0,4
0,3,1,0,4
0,4,0,0,4
0,6,0,0,6
0,6,0,0,6
0,27,0,0,27
0,48,0,0,48
0,1,0,0,1
0,3,0,0,3
0,10,0,0,10
0,1,1,0,2
0,1,0,0,1
0,2,0,0,2
0,1,0,0,1
0,12,0,0,12
0,2,0,0,2
0,17,0,0,17
0,1,0,0,1
0,12,0,0,12
0,58,0,0,58
0,27,1,0,28
0,40,0,0,40
0,38,0,0,38
0,27,0,0,27
0,5,0,0,5
0,5,0,0,5
0,57,0,0,57
0,4,0,0,4
0,1,0,0,1
0,5,0,0,5
0,17,0,0,17
0,12,0,0,12
0,3,0,0,3
0,2,0,0,2
0,2,0,0,2
0,26,0,0,26
0,10,0,0,10
0,2,0,0,2
0,53,0,0,53
0,12,0,0,12
0,7,0,0,7
0,3,0,0,3
0,6,0,0,6
0,32,0,0,32
0,32,0,0,32
0,5,0,0,5
0,1,0,0,1
0,3,0,0,3
0,13,0,0,13
0,6,0,0,6
0,2,0,0,2
0,16,0,0,16
0,1,1,0,2
0,2,0,0,2
0,3,0,0,3
0,2,0,0,2
0,2,0,0,2
0,32,0,0,32
0,1,1,0,2
0,1,0,0,1
0,2,0,0,2
0,9,0,0,9
0,13,0,0,13
0,15,0,0,15
0,7,0,0,7
0,9,0,0,9
0,16,0,0,16
0,50,0,0,50
0,3,0,0,3
0,1,0,0,1
0,2,0,0,2
0,3,3,0,6
0,4,0,0,4
0,2,0,0,2
0,4,3,0,7
0,10,0,0,10
0,3,0,0,3
0,6,0,0,6
0,10,0,0,10
0,4,0,0,4
0,10,2,0,12
0,12,1,0,13
0,22,0,0,22
0,38,1,0,39
0,28,0,0,28
0,4,0,0,4
0,23,1,0,24
0,8,0,0,8
0,3,6,0,9
0,4,0,0,4
0,3,0,0,3
0,2,2,0,4
0,1,0,0,1
0,60,0,0,60
0,1,0,0,1
0,5,1,0,6
0,74,0,0,74
0,5,0,0,5
0,2,0,0,2
0,1,1,0,2
0,3,0,0,3
0,2,0,0,2
0,2,0,0,2
0,8,0,0,8
0,29,0,0,29
0,3,0,0,3
0,18,0,0,18
0,5,0,0,5
0,3,0,0,3
0,1,6,0,7
0,1,1,0,2
0,15,0,0,15
0,65,0,0,65
0,15,0,0,15
0,2,0,0,2
0,1,1,0,2
0,1,0,0,1
0,2,0,0,2
0,2,0,0,2
0,7,0,0,7
0,3,1,0,4
0,6,1,0,7
0,4,0,0,4
0,4,0,0,4
0,9,0,0,9
0,41,0,0,41
0,2,0,0,2
0,29,0,0,29
0,29,0,0,29
0,4,0,0,4
0,4,0,0,4
0,31,0,0,31
0,12,2,0,14
0,1,1,0,2
0,27,0,0,27
0,9,6,0,15
0,5,0,0,5
0,47,0,0,47
0,46,0,0,46
0,8,0,0,8
0,9,0,0,9
0,3,0,0,3
0,5,0,0,5
0,1,1,0,2
0,1,0,0,1
0,30,0,0,30
0,4,0,0,4
0,4,0,0,4
0,7,0,0,7
0,37,0,0,37
0,2,0,0,2
0,1,1,0,2
0,1,0,0,1
0,4,0,0,4
0,4,0,0,4
0,1,1,0,2
0,9,0,0,9
0,2,0,0,2
0,2,0,0,2
0,8,0,0,8
0,9,0,0,9
0,1,1,0,2
0,44,0,0,44
0,3,38,0,41
0,2,0,0,2
0,4,0,0,4
0,2,0,0,2
0,2,0,0,2
0,2,0,0,2
0,11,0,0,11
0,2,0,0,2
0,2,0,0,2
0,4,0,0,4
0,6,0,0,6
0,14,0,0,14
0,14,0,0,14
0,23,0,0,23
0,36,5,0,41
0,2,0,0,2
0,32,0,0,32
0,2,0,0,2
0,2,0,0,2
0,4,1,0,5
0,10,0,0,10
0,8,0,0,8
0,1,0,0,1
0,5,0,0,5
0,75,0,0,75
0,4,0,0,4
0,8,0,0,8
0,8,1,0,9
0,14,0,0,14
0,9,0,0,9
0,24,0,0,24
0,3,0,0,3
0,1,0,0,1
0,14,0,0,14
0,35,0,0,35
0,1,0,0,1
0,6,0,0,6
0,8,0,0,8
0,1,0,0,1
0,13,2,0,15
0,10,0,0,10
0,10,0,0,10
0,1,0,0,1
0,10,0,0,10
0,14,0,0,14
0,79,0,0,79
0,13,3,0,16
0,2,0,0,2
0,9,0,0,9
0,3,0,0,3
0,3,0,0,3
0,12,0,0,12
0,4,0,0,4
0,12,0,0,12
0,4,0,0,4
0,18,0,0,18
0,17,0,0,17
0,2,0,0,2
0,2,0,0,2
0,12,2,0,14
0,2,0,0,2
0,8,0,0,8
0,5,0,0,5
0,1,0,0,1
0,7,0,0,7
0,3,0,0,3
0,21,0,0,21
0,1,0,0,1
0,19,0,0,19
0,32,0,0,32
0,5,0,0,5
0,1,0,0,1
0,2,0,0,2
0,2,0,0,2
0,3,3,0,6
0,9,0,0,9
0,19,0,0,19
0,1,0,0,1
0,6,2,0,8
0,6,0,0,6
0,13,0,0,13
0,11,0,0,11
0,18,0,0,18
0,3,0,0,3
0,3,0,0,3
0,7,0,0,7
0,11,0,0,11
0,24,0,0,24
0,12,0,0,12
0,4,0,0,4
0,12,0,0,12
0,2,1,0,3
0,2,0,0,2
0,3,0,0,3
0,4,0,0,4
0,47,0,0,47
0,19,0,0,19
0,14,0,0,14
0,59,0,0,59
0,9,0,0,9
0,7,0,0,7
0,2,0,0,2
0,17,0,0,17
0,7,3,0,10
0,5,0,0,5
0,3,0,0,3
0,12,0,0,12
0,13,0,0,13
0,5,0,0,5
0,1,0,0,1
0,5,0,0,5
0,93,0,0,93
0,2,0,0,2
0,2,0,0,2
0,1,0,0,1
0,9,0,0,9
0,13,0,0,13
0,2,0,0,2
0,4,0,0,4
0,7,0,0,7
0,2,0,0,2
0,21,0,0,21
0,16,0,0,16
0,6,0,0,6
0,59,0,0,59
0,11,0,0,11
0,3,0,0,3
0,2,0,0,2
0,2,0,0,2
0,7,0,0,7
0,38,0,0,38
0,10,1,0,11
0,5,0,0,5
0,1,0,0,1
0,13,0,0,13
0,14,0,0,14
0,1,1,0,2
0,1,1,0,2
0,1,1,0,2
0,21,0,0,21
0,14,1,0,15
0,3,0,0,3
0,6,1,0,7
0,25,0,0,25
0,26,0,0,26
0,2,0,0,2
0,8,0,0,8
0,3,0,0,3
0,20,3,0,23
0,6,0,0,6
0,12,0,0,12
0,8,0,0,8
0,4,0,0,4
0,3,0,0,3
0,6,0,0,6
0,2,0,0,2
0,9,0,0,9
0,3,0,0,3
0,18,0,0,18
0,29,0,0,29
0,5,0,0,5
0,4,0,0,4
0,21,0,0,21
0,2,0,0,2
0,4,0,0,4
0,15,0,0,15
0,2,0,0,2
0,4,0,0,4
0,3,0,0,3
0,10,0,0,10
0,6,0,0,6
0,60,0,0,60
0,29,0,0,29
0,20,0,0,20
0,10,0,0,10
0,1,0,0,1
0,3,0,0,3
0,14,0,0,14
0,3,3,0,6
0,2,2,0,4
0,14,0,0,14
0,15,0,0,15
0,5,0,0,5
0,50,0,0,50
0,11,0,0,11
0,2,0,0,2
0,6,0,0,6
0,11,0,0,11
0,4,0,0,4
0,8,0,0,8
0,2,0,0,2
0,15,0,0,15
0,5,0,0,5
0,4,0,0,4
0,2,1,0,3
0,10,0,0,10
0,9,0,0,9
0,15,0,0,15
0,6,0,0,6
0,2,2,0,4
0,2,0,0,2
0,10,0,0,10
0,2,0,0,2
0,2,1,0,3
0,3,1,0,4
0,8,0,0,8
0,9,0,0,9
0,10,0,0,10
0,31,0,0,31
0,16,0,0,16
0,6,0,0,6
0,5,0,0,5
0,2,0,0,2
0,1,0,0,1
0,6,0,0,6
0,4,0,0,4
0,4,0,0,4
0,14,0,0,14
0,5,1,0,6
0,5,0,0,5
0,4,1,0,5
0,3,0,0,3
0,2,1,0,3
0,1,0,0,1
0,2,0,0,2
0,11,0,0,11
0,16,0,0,16
0,4,0,0,4
0,4,0,0,4
0,7,0,0,7
0,4,1,0,5
0,8,3,0,11
0,2,0,0,2
0,5,0,0,5
0,48,0,0,48
0,1,1,0,2
0,4,0,0,4
0,11,0,0,11
0,3,0,0,3
0,2,0,0,2
0,6,0,0,6
0,2,0,0,2
0,16,0,0,16
0,2,0,0,2
0,3,0,0,3
0,10,0,0,10
0,2,0,0,2
0,2,0,0,2
0,8,0,0,8
0,4,0,0,4
0,10,0,0,10
0,1,1,0,2
0,4,2,0,6
0,3,0,0,3
0,3,0,0,3
0,8,0,0,8
0,8,0,0,8
0,1,1,0,2
0,2,0,0,2
0,2,1,0,3
0,3,1,0,4
0,1,0,0,1
0,29,0,0,29
0,4,0,0,4
0,2,0,0,2
0,11,0,0,11
0,2,0,0,2
0,3,0,0,3
0,4,1,0,5
0,3,1,0,4
0,4,0,0,4
0,4,0,0,4
0,25,0,0,25
0,2,0,0,2
0,2,0,0,2
0,21,4,0,25
0,2,0,0,2
0,5,0,0,5
0,5,0,0,5
0,3,0,0,3
0,1,0,0,1
0,8,2,0,10
0,6,0,0,6
0,16,0,0,16
0,2,0,0,2
0,1,0,0,1
0,4,0,0,4
0,5,0,0,5
0,1,1,0,2
0,1,0,0,1
0,1,1,0,2
0,2,0,0,2
0,16,2,0,18
0,58,0,0,58
0,4,0,0,4
0,1,0,0,1
0,2,0,0,2
0,19,0,0,19
0,18,0,0,18
0,18,0,0,18
0,3,0,0,3
0,4,0,0,4
0,1,0,0,1
0,2,0,0,2
0,12,0,0,12
0,11,0,0,11
0,25,0,0,25
0,6,0,0,6
0,12,0,0,12
0,1,0,0,1
0,1,0,0,1
0,7,0,0,7
0,7,0,0,7
0,6,0,0,6
0,7,0,0,7
0,3,0,0,3
0,5,0,0,5
0,6,0,0,6
0,13,0,0,13
0,24,0,0,24
0,22,0,0,22
0,1,0,0,1
0,38,0,0,38
0,6,0,0,6
0,13,0,0,13
0,6,0,0,6
0,7,0,0,7
0,3,0,0,3
0,3,0,0,3
0,3,0,0,3
0,2,0,0,2
0,2,0,0,2
0,2,0,0,2
0,7,0,0,7
0,3,0,0,3
0,4,0,0,4
0,9,0,0,9
0,1,0,0,1
0,14,0,0,14
0,6,0,0,6
0,8,0,0,8
0,4,0,0,4
0,4,0,0,4
0,3,0,0,3
0,2,0,0,2
0,8,0,0,8
0,6,0,0,6
0,5,0,0,5
0,5,0,0,5
0,6,0,0,6
0,3,0,0,3
0,3,0,0,3
0,7,0,0,7
0,2,0,0,2
0,22,0,0,22
0,54,0,0,54
0,2,0,0,2
0,2,0,0,2
0,2,0,0,2
0,1,0,0,1
0,11,0,0,11
0,1,1,0,2
0,2,0,0,2
0,13,0,0,13
0,23,0,0,23
0,5,0,0,5
0,10,0,0,10
0,13,0,0,13
0,3,0,0,3
0,4,0,0,4
0,84,0,0,84
0,7,0,0,7
0,6,0,0,6
0,12,0,0,12
0,18,0,0,18
0,8,0,0,8
0,19,0,0,19
0,12,0,0,12
0,2,0,0,2
0,1,0,0,1
0,19,0,0,19
0,17,0,0,17
0,2,0,0,2
0,2,0,0,2
0,17,0,0,17
0,15,0,0,15
0,1,0,0,1
0,46,0,0,46
0,59,0,0,59
0,11,0,0,11
0,12,0,0,12
0,32,0,0,32
0,2,0,0,2
0,2,0,0,2
0,4,0,0,4
0,46,2,0,48
0,18,0,0,18
0,7,1,0,8
0,6,0,0,6
0,2,0,0,2
0,82,1,0,83
0,3,0,0,3
0,15,0,0,15
0,14,0,0,14
0,5,0,0,5
0,1,0,0,1
0,2,0,0,2
0,63,0,0,63
0,3,0,0,3
0,8,0,0,8
0,7,0,0,7
0,13,1,0,14
0,2,0,0,2
0,2,0,0,2
0,1,0,0,1
0,2,0,0,2
0,4,0,0,4
0,2,0,0,2
0,19,0,0,19
0,4,0,0,4
0,3,0,0,3
0,4,0,0,4
0,4,0,0,4
0,3,0,0,3
0,2,0,0,2
0,3,0,0,3
0,2,0,0,2
0,5,0,0,5
0,4,0,0,4
0,1,0,0,1
0,1,1,0,2
0,12,0,0,12
0,1,1,0,2
0,8,0,0,8
0,9,0,0,9
0,5,0,0,5
0,24,0,0,24
0,24,0,0,24
0,2,1,0,3
0,29,0,0,29
0,3,0,0,3
0,4,0,0,4
0,3,0,0,3
0,1,0,0,1
0,2,0,0,2
0,9,0,0,9
0,2,0,0,2
0,2,0,0,2
0,5,0,0,5
0,6,0,0,6
0,16,0,0,16
0,1,0,0,1
0,2,0,0,2
0,3,0,0,3
0,4,0,0,4
0,2,0,0,2
0,26,0,0,26
0,56,0,0,56
0,1,1,0,2
0,1,0,0,1
0,6,0,0,6
0,2,0,0,2
0,44,0,0,44
0,2,1,0,3
0,2,0,0,2
0,1,0,0,1
0,13,0,0,13
0,2,1,0,3
0,46,0,0,46
0,33,0,0,33
0,2,0,0,2
0,2,0,0,2
0,3,0,0,3
0,1,0,0,1
0,2,0,0,2
0,5,0,0,5
0,5,0,0,5
0,15,0,0,15
0,15,0,0,15
0,4,0,0,4
0,3,0,0,3
0,4,0,0,4
0,8,0,0,8
0,18,0,0,18
0,19,0,0,19
0,2,0,0,2
0,4,0,0,4
0,2,2,0,4
0,4,0,0,4
0,4,0,0,4
0,3,0,0,3
0,38,0,0,38
0,38,0,0,38
0,124,0,0,124
0,3,0,0,3
0,12,0,0,12
0,5,0,0,5
0,6,0,0,6
0,1,1,0,2
0,1,0,0,1
0,3,0,0,3
0,1,1,0,2
0,3,0,0,3
0,5,0,0,5
0,6,0,0,6
0,47,1,0,48
0,2,0,0,2
0,7,0,0,7
0,4,0,0,4
0,34,0,0,34
0,29,0,0,29
0,6,0,0,6
0,16,0,0,16
0,5,0,0,5
0,8,0,0,8
0,4,0,0,4
0,5,0,0,5
0,4,0,0,4
0,3,0,0,3
0,6,0,0,6
0,2,0,0,2
0,2,0,0,2
0,7,0,0,7
0,2,0,0,2
0,62,0,0,62
0,8,0,0,8
0,12,0,0,12
0,7,0,0,7
0,6,0,0,6
0,2,0,0,2
0,1,0,0,1
0,2,0,0,2
0,2,1,0,3
0,7,1,0,8
0,9,0,0,9
0,6,0,0,6
0,2,0,0,2
0,2,0,0,2
0,12,0,0,12
0,6,0,0,6
0,10,0,0,10
0,3,0,0,3
0,8,0,0,8
0,6,0,0,6
0,2,0,0,2
0,7,0,0,7
0,5,0,0,5
0,21,0,0,21
0,19,0,0,19
0,41,0,0,41
0,2,0,0,2
0,2,0,0,2
0,1,0,0,1
0,4,0,0,4
0,2,2,0,4
0,6,0,0,6
0,6,0,0,6
0,3,0,0,3
0,1,0,0,1
0,4,1,0,5
0,4,1,0,5
0,6,0,0,6
0,2,0,0,2
0,2,0,0,2
0,3,0,0,3
0,9,0,0,9
0,2,0,0,2
0,4,0,0,4
0,9,0,0,9
0,3,0,0,3
0,3,0,0,3
0,2,0,0,2
0,46,0,0,46
0,1,0,0,1
0,2,2,0,4
0,1,1,0,2
0,2,0,0,2
0,2,0,0,2
0,2,0,0,2
0,27,0,0,27
0,1,0,0,1
0,2,0,0,2
0,1,0,0,1
0,2,0,0,2
0,6,0,0,6
0,7,0,0,7
0,2,0,0,2
0,1,0,0,1
0,3,0,0,3
0,8,0,0,8
0,2,0,0,2
0,9,0,0,9
0,31,0,0,31
0,5,1,0,6
0,6,0,0,6
0,7,0,0,7
0,7,0,0,7
0,3,0,0,3
0,12,0,0,12
0,7,0,0,7
0,3,0,0,3
0,24,0,0,24
0,39,0,0,39
0,3,1,0,4
0,1,0,0,1
0,2,0,0,2
0,1,0,0,1
0,32,0,0,32
0,3,0,0,3
0,3,0,0,3
0,3,0,0,3
0,2,0,0,2
0,21,0,0,21
0,2,0,0,2
0,2,0,0,2
0,1,0,0,1
0,46,0,0,46
0,10,0,0,10
0,2,0,0,2
0,3,0,0,3
0,13,0,0,13
0,6,0,0,6
0,27,0,0,27
0,20,0,0,20
0,6,0,0,6
0,6,0,0,6
0,4,0,0,4
0,4,0,0,4
0,4,0,0,4
0,3,2,0,5
0,16,2,0,18
0,6,0,0,6
0,6,0,0,6
0,15,0,0,15
0,1,0,0,1
0,2,0,0,2
0,2,0,0,2
0,16,0,0,16
0,3,1,0,4
0,98,0,0,98
0,4,0,0,4
0,8,0,0,8
0,13,0,0,13
0,25,0,0,25
0,2,0,0,2
0,3,0,0,3
0,1,0,0,1
0,4,0,0,4
0,1,0,0,1
0,6,0,0,6
0,8,0,0,8
0,13,0,0,13
0,12,0,0,12
0,2,0,0,2
0,4,1,0,5
0,4,1,0,5
0,8,0,0,8
0,9,0,0,9
0,22,0,0,22
0,21,0,0,21
0,46,0,0,46
0,9,0,0,9
0,20,0,0,20
0,45,0,0,45
0,1,1,0,2
0,2,0,0,2
0,1,0,0,1
0,5,0,0,5
0,28,0,0,28
0,1,0,0,1
0,2,0,0,2
0,7,0,0,7
0,1,1,0,2
0,6,3,0,9
0,8,0,0,8
0,14,0,0,14
0,11,0,0,11
0,4,0,0,4
0,5,0,0,5
0,3,0,0,3
0,13,0,0,13
0,3,0,0,3
0,20,1,0,21
0,1,0,0,1
0,1,1,0,2
0,1,1,0,2
0,4,0,0,4
0,15,0,0,15
0,2,0,0,2
0,1,0,0,1
0,5,1,0,6
0,2,1,0,3
0,10,0,0,10
0,10,0,0,10
0,7,0,0,7
0,2,0,0,2
0,6,0,0,6
0,2,0,0,2
0,1,0,0,1
0,18,0,0,18
0,2,0,0,2
0,36,0,0,36
0,2,0,0,2
0,2,0,0,2
0,5,0,0,5
0,2,0,0,2
0,3,0,0,3
0,12,0,0,12
0,5,0,0,5
0,2,0,0,2
0,10,0,0,10
0,22,0,0,22
0,23,0,0,23
0,4,0,0,4
0,3,0,0,3
0,1,0,0,1
0,1,0,0,1
0,2,0,0,2
0,7,0,0,7
0,40,0,0,40
0,2,0,0,2
0,12,0,0,12
0,8,0,0,8
0,5,1,0,6
0,2,0,0,2
0,3,0,0,3
0,7,1,0,8
0,14,0,0,14
0,4,0,0,4
0,4,0,0,4
0,22,0,0,22
0,13,1,0,14
0,5,0,0,5
0,2,0,0,2
0,2,0,0,2
0,17,0,0,17
0,1,1,0,2
0,2,0,0,2
0,6,0,0,6
0,55,0,0,55
0,5,0,0,5
0,12,0,0,12
0,2,0,0,2
0,22,0,0,22
0,2,0,0,2
0,3,0,0,3
0,3,3,0,6
0,6,0,0,6
0,29,0,0,29
0,39,0,0,39
0,20,0,0,20
0,4,0,0,4
0,13,0,0,13
0,8,0,0,8
0,8,0,0,8
0,3,0,0,3
0,9,0,0,9
0,2,0,0,2
0,7,0,0,7
0,1,1,0,2
0,1,0,0,1
0,4,1,0,5
0,4,0,0,4
0,14,0,0,14
0,1,0,0,1
0,5,0,0,5
0,2,0,0,2
0,3,0,0,3
0,16,0,0,16
0,2,0,0,2
0,3,0,0,3
0,1,1,0,2
0,2,0,0,2
0,2,0,0,2
0,2,0,0,2
0,2,0,0,2
0,5,0,0,5
0,2,0,0,2
0,4,0,0,4
0,4,0,0,4
0,1,0,0,1
0,6,1,0,7
0,16,0,0,16
0,5,1,0,6
0,5,0,0,5
0,6,0,0,6
0,7,0,0,7
0,25,0,0,25
0,10,0,0,10
0,42,0,0,42
0,4,0,0,4
0,1,0,0,1
0,6,0,0,6
0,8,0,0,8
0,9,0,0,9
0,2,0,0,2
0,1,0,0,1
0,2,0,0,2
0,2,0,0,2
0,11,0,0,11
0,8,0,0,8
0,2,0,0,2
0,11,0,0,11
0,21,0,0,21
0,14,0,0,14
0,15,0,0,15
0,8,0,0,8
0,10,0,0,10
0,5,0,0,5
0,4,0,0,4
0,4,0,0,4
0,50,0,0,50
0,7,0,0,7
0,5,0,0,5
0,4,0,0,4
0,1,1,0,2
0,1,0,0,1
0,1,0,0,1
0,8,0,0,8
0,7,0,0,7
0,6,0,0,6
0,21,0,0,21
0,21,0,0,21
0,2,0,0,2
0,3,0,0,3
0,2,0,0,2
0,4,0,0,4
0,5,0,0,5
0,15,0,0,15
0,1,0,0,1
0,1,0,0,1
0,46,0,0,46
0,8,0,0,8
0,3,0,0,3
0,14,0,0,14
0,52,0,0,52
0,2,0,0,2
0,1,0,0,1
0,3,0,0,3
0,3,0,0,3
0,3,0,0,3
0,2,0,0,2
0,3,1,0,4
0,11,0,0,11
0,1,1,0,2
0,4,0,0,4
0,3,1,0,4
0,29,0,0,29
0,1,0,0,1
0,14,0,0,14
0,3,0,0,3
0,3,0,0,3
0,4,0,0,4
0,2,0,0,2
0,1,0,0,1
0,8,0,0,8
0,7,0,0,7
0,5,0,0,5
0,3,0,0,3
0,74,0,0,74
0,23,0,0,23
0,1,0,0,1
0,12,0,0,12
0,2,0,0,2
0,4,0,0,4
0,2,0,0,2
0,20,0,0,20
0,3,0,0,3
0,3,0,0,3
0,2,0,0,2
0,20,0,0,20
0,2,0,0,2
0,6,3,0,9
0,4,0,0,4
0,3,0,0,3
0,2,0,0,2
0,18,0,0,18
0,17,0,0,17
0,2,2,0,4
0,2,0,0,2
0,4,2,0,6
0,1,0,0,1
0,15,0,0,15
0,9,0,0,9
0,2,0,0,2
0,2,0,0,2
0,6,0,0,6
0,1,0,0,1
0,10,0,0,10
0,7,0,0,7
0,16,0,0,16
0,21,0,0,21
0,4,0,0,4
0,2,0,0,2
0,4,0,0,4
0,3,0,0,3
0,5,0,0,5
0,4,0,0,4
0,11,0,0,11
0,11,0,0,11
0,10,0,0,10
0,1,0,0,1
0,2,0,0,2
0,2,3,0,5
0,1,0,0,1
0,4,0,0,4
0,6,0,0,6
0,10,0,0,10
0,2,0,0,2
0,6,0,0,6
0,9,1,0,10
0,35,0,0,35
0,8,0,0,8
0,4,0,0,4
0,3,0,0,3
0,2,0,0,2
0,11,0,0,11
0,12,0,0,12
0,1,1,0,2
0,1,0,0,1
0,12,0,0,12
0,4,0,0,4
0,6,0,0,6
0,2,0,0,2
0,3,0,0,3
0,2,0,0,2
0,17,0,0,17
0,5,0,0,5
0,3,0,0,3
0,4,2,0,6
0,2,0,0,2
0,1,0,0,1
0,2,2,0,4
0,4,0,0,4
0,2,0,0,2
0,4,1,0,5
0,46,0,0,46
0,20,0,0,20
0,5,2,0,7
0,1,0,0,1
0,8,0,0,8
0,19,0,0,19
0,1,1,0,2
0,1,0,0,1
0,1,0,0,1
0,14,0,0,14
0,6,0,0,6
0,39,0,0,39
0,5,0,0,5
0,2,0,0,2
0,10,0,0,10
0,31,1,0,32
0,3,0,0,3
0,2,0,0,2
0,54,0,0,54
0,3,0,0,3
0,2,0,0,2
0,1,0,0,1
0,4,0,0,4
0,3,0,0,3
0,24,0,0,24
0,2,0,0,2
0,5,0,0,5
0,13,0,0,13
0,2,0,0,2
0,19,0,0,19
0,2,0,0,2
0,2,0,0,2
0,40,0,0,40
0,4,3,0,7
0,4,3,0,7
0,10,0,0,10
0,5,0,0,5
0,1,0,0,1
0,2,0,0,2
0,4,0,0,4
0,3,0,0,3
0,4,0,0,4
0,46,0,0,46
0,16,0,0,16
0,6,0,0,6
0,9,0,0,9
0,1,0,0,1
0,2,0,0,2
0,22,0,0,22
0,1,0,0,1
0,5,0,0,5
0,8,0,0,8
0,4,0,0,4
0,2,0,0,2
0,4,0,0,4
0,2,0,0,2
0,8,1,0,9
0,1,0,0,1
0,6,0,0,6
0,6,0,0,6
0,3,0,0,3
0,3,0,0,3
0,7,0,0,7
0,4,0,0,4
0,3,0,0,3
0,1,0,0,1
0,7,1,0,8
0,50,0,0,50
0,11,0,0,11
0,2,0,0,2
0,2,0,0,2
0,6,0,0,6
0,2,0,0,2
0,2,0,0,2
0,4,0,0,4
0,1,0,0,1
0,9,0,0,9
0,16,0,0,16
0,2,0,0,2
0,1,0,0,1
0,32,0,0,32
0,2,0,0,2
0,3,0,0,3
0,6,0,0,6
0,11,0,0,11
0,4,1,0,5
0,1,0,0,1
0,4,0,0,4
0,3,0,0,3
0,3,0,0,3
0,1,1,0,2
0,5,1,0,6
0,6,0,0,6
0,1,0,0,1
0,2,0,0,2
0,3,0,0,3
0,5,0,0,5
0,2,0,0,2
0,2,0,0,2
0,2,0,0,2
0,3,1,0,4
0,12,0,0,12
0,12,0,0,12
0,2,0,0,2
0,2,0,0,2
0,4,1,0,5
0,3,0,0,3
0,1,1,0,2
0,2,0,0,2
0,3,0,0,3
0,5,1,0,6
0,26,0,0,26
0,5,0,0,5
0,4,0,0,4
0,7,1,0,8
0,8,0,0,8
0,1,0,0,1
0,2,7,0,9
0,1,0,0,1
0,4,0,0,4
0,2,0,0,2
0,4,0,0,4
0,2,0,0,2
0,4,1,0,5
0,4,1,0,5
0,14,0,0,14
0,1,0,0,1
0,3,0,0,3
0,2,0,0,2
0,2,0,0,2
0,20,0,0,20
0,10,0,0,10
0,7,0,0,7
0,10,0,0,10
0,12,0,0,12
0,1,1,0,2
0,1,0,0,1
0,1,0,0,1
0,1,0,0,1
0,4,0,0,4
0,4,0,0,4
0,7,0,0,7
0,5,0,0,5
0,3,0,0,3
0,28,0,0,28
0,15,0,0,15
0,10,0,0,10
0,2,0,0,2
0,4,0,0,4
0,2,0,0,2
0,3,0,0,3
0,1,0,0,1
0,2,0,0,2
0,2,0,0,2
0,4,0,0,4
0,3,0,0,3
0,46,0,0,46
0,12,0,0,12
0,1,0,0,1
0,10,0,0,10
0,2,2,0,4
0,2,1,0,3
0,34,0,0,34
0,29,0,0,29
0,1,0,0,1
0,4,0,0,4
0,4,0,0,4
0,38,0,0,38
0,2,0,0,2
0,8,0,0,8
0,4,0,0,4
0,2,0,0,2
0,4,0,0,4
0,2,0,0,2
0,1,0,0,1
0,3,0,0,3
0,3,0,0,3
0,6,0,0,6
0,1,0,0,1
0,11,0,0,11
0,13,0,0,13
0,3,1,0,4
0,4,0,0,4
0,4,0,0,4
0,4,0,0,4
0,25,0,0,25
0,7,0,0,7
0,9,0,0,9
0,10,0,0,10
0,13,0,0,13
0,8,0,0,8
0,1,1,0,2
0,5,0,0,5
0,7,0,0,7
0,21,0,0,21
0,13,0,0,13
0,18,0,0,18
0,3,0,0,3
0,20,0,0,20
0,5,1,0,6
0,6,0,0,6
0,61,0,0,61
0,12,0,0,12
0,14,0,0,14
0,18,0,0,18
0,4,0,0,4
0,27,0,0,27
0,5,0,0,5
0,3,0,0,3
0,2,0,0,2
0,2,0,0,2
0,1,1,0,2
0,1,0,0,1
0,5,0,0,5
0,5,0,0,5
0,8,0,0,8
0,2,1,0,3
0,20,0,0,20
0,7,0,0,7
0,7,0,0,7
0,9,0,0,9
0,2,0,0,2
0,40,0,0,40
0,2,7,0,9
0,2,0,0,2
0,5,0,0,5
0,4,0,0,4
0,4,0,0,4
0,3,0,0,3
0,1,0,0,1
0,6,0,0,6
0,2,0,0,2
0,19,0,0,19
0,12,0,0,12
0,11,0,0,11
0,15,0,0,15
0,5,5,0,10
0,17,0,0,17
0,8,0,0,8
0,9,0,0,9
0,2,0,0,2
0,1,0,0,1
0,31,0,0,31
0,1,0,0,1
0,2,0,0,2
0,1,0,0,1
0,3,0,0,3
0,6,0,0,6
0,7,5,0,12
0,1,1,0,2
0,1,1,0,2
0,11,0,0,11
0,9,0,0,9
0,8,1,0,9
0,2,0,0,2
0,38,0,0,38
0,62,0,0,62
0,2,0,0,2
0,1,0,0,1
0,1,1,0,2
0,2,0,0,2
0,1,0,0,1
0,6,0,0,6
0,6,0,0,6
0,4,0,0,4
0,2,0,0,2
0,5,0,0,5
0,8,0,0,8
0,2,0,0,2
0,2,0,0,2
0,9,0,0,9
0,6,0,0,6
0,8,0,0,8
0,6,0,0,6
0,5,0,0,5
0,12,0,0,12
0,4,0,0,4
0,4,0,0,4
0,5,0,0,5
0,2,0,0,2
0,8,4,0,12
0,3,0,0,3
0,6,0,0,6
0,4,1,0,5
0,74,0,0,74
0,22,0,0,22
0,62,0,0,62
0,3,0,0,3
0,13,0,0,13
0,10,0,0,10
0,18,0,0,18
0,1,1,0,2
0,24,0,0,24
0,1,0,0,1
0,15,1,0,16
0,15,0,0,15
0,4,0,0,4
0,6,0,0,6
0,7,0,0,7
0,2,0,0,2
0,2,0,0,2
0,11,0,0,11
0,9,0,0,9
0,3,0,0,3
0,1,0,0,1
0,2,0,0,2
0,3,0,0,3
0,3,1,0,4
0,3,0,0,3
0,4,0,0,4
0,24,0,0,24
0,2,0,0,2
0,8,0,0,8
0,23,0,0,23
0,10,0,0,10
0,9,0,0,9
0,32,0,0,32
0,30,0,0,30
0,5,1,0,6
0,44,0,0,44
0,5,0,0,5
0,3,0,0,3
0,1,0,0,1
0,2,0,0,2
0,2,0,0,2
0,25,0,0,25
0,15,0,0,15
0,44,1,0,45
0,24,0,0,24
0,2,0,0,2
0,36,0,0,36
0,16,0,0,16
0,15,0,0,15
0,9,1,0,10
0,1,0,0,1
0,4,0,0,4
0,8,0,0,8
0,1,0,0,1
0,1,0,0,1
0,5,2,0,7
0,5,2,0,7
0,15,0,0,15
0,12,0,0,12
0,2,0,0,2
0,3,0,0,3
0,3,0,0,3
0,4,1,0,5
0,8,0,0,8
0,12,0,0,12
0,11,0,0,11
0,8,0,0,8
0,9,0,0,9
0,11,0,0,11
0,1,1,0,2
0,1,0,0,1
0,9,0,0,9
0,14,0,0,14
0,2,0,0,2
0,1,0,0,1
0,8,0,0,8
0,2,0,0,2
0,2,0,0,2
0,1,0,0,1
0,6,1,0,7
0,2,0,0,2
0,1,1,0,2
0,6,0,0,6
0,9,0,0,9
0,1,0,0,1
0,2,0,0,2
0,2,0,0,2
0,46,0,0,46
0,6,0,0,6
0,5,0,0,5
0,3,0,0,3
0,12,1,0,13
0,4,0,0,4
0,51,0,0,51
0,5,0,0,5
0,4,0,0,4
0,2,0,0,2
0,1,0,0,1
0,2,0,0,2
0,4,0,0,4
0,11,0,0,11
0,9,0,0,9
0,2,0,0,2
0,7,0,0,7
0,4,0,0,4
0,7,0,0,7
0,6,0,0,6
0,15,0,0,15
0,22,0,0,22
0,13,0,0,13
0,13,0,0,13
0,11,0,0,11
0,4,3,0,7
0,5,0,0,5
0,66,0,0,66
0,6,0,0,6
0,2,0,0,2
0,1,0,0,1
0,2,0,0,2
0,2,0,0,2
0,2,0,0,2
0,4,0,0,4
0,3,0,0,3
0,33,0,0,33
0,3,0,0,3
0,17,0,0,17
0,2,0,0,2
0,2,0,0,2
0,46,0,0,46
0,2,0,0,2
0,1,0,0,1
0,3,0,0,3
0,1,0,0,1
0,1,0,0,1
0,11,1,0,12
0,6,0,0,6
0,4,0,0,4
0,5,0,0,5
0,3,0,0,3
0,2,0,0,2
0,6,0,0,6
0,2,0,0,2
0,8,0,0,8
0,6,0,0,6
0,4,0,0,4
0,2,0,0,2
0,9,0,0,9
0,2,0,0,2
0,2,0,0,2
0,26,0,0,26
0,1,1,0,2
0,8,3,0,11
0,2,4,0,6
0,3,0,0,3
0,3,0,0,3
0,9,1,0,10
0,2,1,0,3
0,2,0,0,2
0,6,0,0,6
0,14,0,0,14
0,1,0,0,1
0,2,0,0,2
0,1,0,0,1
0,7,0,0,7
0,7,0,0,7
0,2,0,0,2
0,28,0,0,28
0,29,0,0,29
0,5,0,0,5
0,3,1,0,4
0,18,9,0,27
0,2,0,0,2
0,4,0,0,4
0,1,0,0,1
0,5,0,0,5
0,5,0,0,5
0,1,0,0,1
0,5,0,0,5
0,3,1,0,4
0,2,0,0,2
0,3,0,0,3
0,4,0,0,4
0,4,0,0,4
0,3,0,0,3
0,6,0,0,6
0,2,0,0,2
0,27,0,0,27
0,28,0,0,28
0,2,8,0,10
0,2,0,0,2
0,4,0,0,4
0,4,0,0,4
0,16,0,0,16
0,15,0,0,15
0,4,1,0,5
0,2,0,0,2
0,10,0,0,10
0,3,0,0,3
0,1,0,0,1
0,6,0,0,6
0,7,0,0,7
0,6,0,0,6
0,2,0,0,2
0,6,0,0,6
0,10,1,0,11
0,2,0,0,2
0,14,0,0,14
0,13,0,0,13
0,4,0,0,4
0,2,0,0,2
0,11,0,0,11
0,41,0,0,41
0,5,0,0,5
0,7,0,0,7
0,15,0,0,15
0,5,0,0,5
0,2,0,0,2
0,4,0,0,4
0,1,0,0,1
0,3,0,0,3
0,12,0,0,12
0,13,0,0,13
0,2,0,0,2
0,2,0,0,2
0,2,0,0,2
0,3,0,0,3
0,8,0,0,8
0,9,0,0,9
0,3,0,0,3
0,1,0,0,1
0,5,0,0,5
0,2,0,0,2
0,2,0,0,2
0,42,0,0,42
0,16,0,0,16
0,1,0,0,1
0,2,0,0,2
0,4,0,0,4
0,4,0,0,4
0,12,0,0,12
0,4,0,0,4
0,13,0,0,13
0,4,1,0,5
0,3,2,0,5
0,11,0,0,11
0,6,0,0,6
0,1,1,0,2
0,1,0,0,1
0,2,0,0,2
0,4,0,0,4
0,3,0,0,3
0,1,0,0,1
0,5,0,0,5
0,4,0,0,4
0,4,0,0,4
0,5,0,0,5
0,6,0,0,6
0,5,0,0,5
0,20,0,0,20
0,9,0,0,9
0,21,0,0,21
0,2,0,0,2
0,2,0,0,2
0,4,0,0,4
0,4,0,0,4
0,3,0,0,3
0,2,0,0,2
0,7,0,0,7
0,6,0,0,6
0,5,0,0,5
0,2,0,0,2
0,4,0,0,4
0,5,0,0,5
0,14,0,0,14
0,2,0,0,2
0,11,0,0,11
0,80,0,0,80
0,2,0,0,2
0,7,0,0,7
0,7,0,0,7
0,36,0,0,36
0,2,0,0,2
0,19,0,0,19
0,11,0,0,11
0,13,0,0,13
0,1,2,0,3
0,10,0,0,10
0,16,0,0,16
0,19,0,0,19
0,8,0,0,8
0,20,0,0,20
0,5,0,0,5
0,12,0,0,12
0,3,0,0,3
0,3,0,0,3
0,55,0,0,55
0,3,0,0,3
0,2,0,0,2
0,2,0,0,2
0,1,0,0,1
0,1,0,0,1
0,3,0,0,3
0,3,0,0,3
0,17,0,0,17
0,2,0,0,2
0,12,0,0,12
0,13,0,0,13
0,7,0,0,7
0,4,0,0,4
0,2,0,0,2
0,2,0,0,2
0,3,0,0,3
0,3,0,0,3
0,2,0,0,2
0,2,0,0,2
0,7,0,0,7
0,15,0,0,15
0,3,0,0,3
0,5,0,0,5
0,44,0,0,44
0,4,3,0,7
0,4,0,0,4
0,21,0,0,21
0,21,0,0,21
0,16,0,0,16
0,19,0,0,19
0,2,0,0,2
0,1,0,0,1
0,9,0,0,9
0,4,0,0,4
0,7,0,0,7
0,7,0,0,7
0,8,0,0,8
0,10,0,0,10
0,2,0,0,2
0,8,0,0,8
0,8,0,0,8
0,2,0,0,2
0,3,0,0,3
0,85,0,0,85
0,23,1,0,24
0,15,1,0,16
0,3,0,0,3
0,4,0,0,4
0,4,0,0,4
0,13,0,0,13
0,1,0,0,1
0,5,0,0,5
0,4,0,0,4
0,2,0,0,2
0,37,0,0,37
0,8,0,0,8
0,2,0,0,2
0,1,0,0,1
0,5,0,0,5
0,3,2,0,5
0,11,0,0,11
0,5,0,0,5
0,5,0,0,5
0,5,0,0,5
0,41,1,0,42
0,43,0,0,43
0,13,0,0,13
0,3,0,0,3
0,9,4,0,13
0,24,0,0,24
0,3,0,0,3
0,1,0,0,1
0,5,0,0,5
0,5,0,0,5
0,2,0,0,2
0,43,0,0,43
0,2,0,0,2
0,3,1,0,4
0,1,2,0,3
0,5,0,0,5
0,8,0,0,8
0,19,0,0,19
0,23,0,0,23
0,2,0,0,2
0,2,0,0,2
0,78,0,0,78
0,5,0,0,5
0,16,0,0,16
0,12,0,0,12
0,2,0,0,2
0,2,0,0,2
0,6,0,0,6
0,2,0,0,2
0,1,1,0,2
0,15,0,0,15
0,2,0,0,2
0,3,0,0,3
0,2,0,0,2
0,1,0,0,1
0,2,1,0,3
0,6,0,0,6
0,12,0,0,12
0,1,0,0,1
0,9,0,0,9
0,27,0,0,27
0,2,0,0,2
0,1,0,0,1
0,5,0,0,5
0,4,0,0,4
0,3,3,0,6
0,3,4,0,7
0,7,0,0,7
0,3,0,0,3
0,11,0,0,11
0,65,0,0,65
0,2,0,0,2
0,17,0,0,17
0,2,0,0,2
0,2,0,0,2
0,2,0,0,2
0,3,4,0,7
0,5,3,0,8
0,20,0,0,20
0,2,0,0,2
0,2,1,0,3
0,2,1,0,3
0,10,0,0,10
0,2,0,0,2
0,1,0,0,1
0,38,0,0,38
0,1,0,0,1
0,7,0,0,7
0,28,0,0,28
0,1,1,0,2
0,2,0,0,2
0,3,0,0,3
0,4,0,0,4
0,26,0,0,26
0,92,0,0,92
0,1,1,0,2
0,2,0,0,2
0,7,0,0,7
0,17,5,0,22
0,4,0,0,4
0,2,0,0,2
0,55,0,0,55
0,8,0,0,8
0,2,0,0,2
0,2,0,0,2
0,15,1,0,16
0,9,0,0,9
0,3,0,0,3
0,4,0,0,4
0,2,1,0,3
0,7,7,0,14
0,7,5,0,12
0,1,0,0,1
0,28,0,0,28
0,7,2,0,9
0,2,0,0,2
0,162,0,0,162
0,35,0,0,35
0,32,0,0,32
0,1,0,0,1
0,1,0,0,1
0,11,12,0,23
0,2,0,0,2
0,10,0,0,10
0,10,0,0,10
0,6,0,0,6
0,5,0,0,5
0,8,0,0,8
0,7,0,0,7
0,2,0,0,2
0,7,0,0,7
0,1,0,0,1
0,2,1,0,3
0,3,1,0,4
0,11,0,0,11
0,3,0,0,3
0,3,0,0,3
0,2,0,0,2
0,14,0,0,14
0,3,0,0,3
0,3,0,0,3
0,9,0,0,9
0,3,0,0,3
0,3,0,0,3
0,3,2,0,5
0,3,0,0,3
0,6,0,0,6
0,7,0,0,7
0,17,3,0,20
0,2,0,0,2
0,6,2,0,8
0,4,0,0,4
0,20,0,0,20
0,9,0,0,9
0,2,0,0,2
0,10,0,0,10
0,10,0,0,10
0,4,0,0,4
0,6,2,0,8
0,8,0,0,8
0,7,0,0,7
0,32,0,0,32
0,2,0,0,2
0,2,0,0,2
0,3,0,0,3
0,1,0,0,1
0,21,0,0,21
0,19,0,0,19
0,6,0,0,6
0,14,0,0,14
0,8,0,0,8
0,4,0,0,4
0,5,0,0,5
0,5,1,0,6
0,1,0,0,1
0,6,1,0,7
0,3,1,0,4
0,6,0,0,6
0,2,0,0,2
0,2,0,0,2
0,5,0,0,5
0,10,0,0,10
0,7,0,0,7
0,12,0,0,12
0,1,0,0,1
0,2,0,0,2
0,3,0,0,3
0,2,0,0,2
0,16,0,0,16
0,4,1,0,5
0,4,0,0,4
0,24,0,0,24
0,20,1,0,21
0,4,1,0,5
0,4,3,0,7
0,5,0,0,5
0,3,3,0,6
0,4,0,0,4
0,2,0,0,2
0,2,0,0,2
0,2,0,0,2
0,8,0,0,8
0,14,0,0,14
0,9,0,0,9
0,6,0,0,6
0,4,0,0,4
0,16,0,0,16
0,1,0,0,1
0,2,0,0,2
0,11,0,0,11
0,5,1,0,6
0,5,0,0,5
0,30,0,0,30
0,4,0,0,4
0,4,0,0,4
0,27,0,0,27
0,2,0,0,2
0,5,0,0,5
0,13,0,0,13
0,14,0,0,14
0,2,0,0,2
0,2,0,0,2
0,12,0,0,12
0,10,0,0,10
0,20,0,0,20
0,30,4,0,34
0,16,0,0,16
0,6,0,0,6
0,7,0,0,7
0,12,0,0,12
0,4,0,0,4
0,5,1,0,6
0,6,0,0,6
0,5,0,0,5
0,3,0,0,3
0,7,0,0,7
0,5,0,0,5
0,21,1,0,22
0,3,0,0,3
0,2,0,0,2
0,12,1,0,13
0,9,0,0,9
0,6,0,0,6
0,5,0,0,5
0,28,6,0,34
0,2,0,0,2
0,6,0,0,6
0,7,0,0,7
0,7,0,0,7
0,1,1,0,2
0,1,0,0,1
0,8,0,0,8
0,2,0,0,2
0,3,0,0,3
0,2,0,0,2
0,2,0,0,2
0,24,0,0,24
0,24,0,0,24
0,2,0,0,2
0,2,0,0,2
0,2,0,0,2
0,3,0,0,3
0,6,0,0,6
0,13,0,0,13
0,3,0,0,3
0,4,0,0,4
0,13,0,0,13
0,3,0,0,3
0,3,0,0,3
0,3,1,0,4
0,2,0,0,2
0,2,0,0,2
0,4,0,0,4
0,4,0,0,4
0,2,0,0,2
0,14,6,0,20
0,2,0,0,2
0,2,0,0,2
0,2,0,0,2
0,2,1,0,3
0,26,0,0,26
0,28,0,0,28
0,8,0,0,8
0,8,0,0,8
0,10,0,0,10
0,7,0,0,7
0,2,0,0,2
0,1,1,0,2
0,10,0,0,10
0,8,0,0,8
0,6,0,0,6
0,39,0,0,39
0,1,1,0,2
0,3,0,0,3
0,12,0,0,12
0,21,0,0,21
0,29,0,0,29
0,2,0,0,2
0,1,0,0,1
0,7,0,0,7
0,5,0,0,5
0,3,0,0,3
0,4,0,0,4
0,5,0,0,5
0,13,0,0,13
0,13,0,0,13
0,2,0,0,2
0,6,0,0,6
0,7,0,0,7
0,8,0,0,8
0,5,0,0,5
0,4,0,0,4
0,29,0,0,29
0,1,0,0,1
0,1,0,0,1
0,4,0,0,4
0,6,0,0,6
0,3,2,0,5
0,6,0,0,6
0,9,0,0,9
0,2,0,0,2
0,5,0,0,5
0,1,1,0,2
0,1,0,0,1
0,2,0,0,2
0,6,4,0,10
0,9,0,0,9
0,8,1,0,9
0,8,2,0,10
0,4,2,0,6
0,12,0,0,12
0,1,0,0,1
0,1,0,0,1
0,8,0,0,8
0,2,0,0,2
0,2,0,0,2
0,31,0,0,31
0,3,4,0,7
0,2,0,0,2
0,6,0,0,6
0,5,1,0,6
0,22,0,0,22
0,2,0,0,2
0,5,0,0,5
0,3,1,0,4
0,1,0,0,1
0,2,0,0,2
0,3,0,0,3
0,4,0,0,4
0,10,0,0,10
0,10,0,0,10
0,3,0,0,3
0,9,1,0,10
0,5,0,0,5
0,19,0,0,19
0,25,0,0,25
0,6,0,0,6
0,7,0,0,7
0,2,0,0,2
0,5,0,0,5
0,15,0,0,15
0,2,0,0,2
0,10,0,0,10
0,12,0,0,12
0,4,0,0,4
0,2,0,0,2
0,11,0,0,11
0,64,0,0,64
0,8,5,0,13
0,4,1,0,5
0,15,0,0,15
0,2,0,0,2
0,4,0,0,4
0,2,2,0,4
0,22,0,0,22
0,1,0,0,1
0,2,0,0,2
0,2,0,0,2
0,76,0,0,76
0,20,0,0,20
0,2,0,0,2
0,4,0,0,4
0,5,0,0,5
0,16,1,0,17
0,3,0,0,3
0,11,0,0,11
0,10,0,0,10
0,30,3,0,33
0,2,0,0,2
0,9,0,0,9
0,2,0,0,2
0,30,0,0,30
0,3,0,0,3
0,3,0,0,3
0,36,0,0,36
0,5,0,0,5
0,6,0,0,6
0,4,0,0,4
0,3,0,0,3
0,29,2,0,31
0,6,0,0,6
0,1,1,0,2
0,1,0,0,1
0,1,0,0,1
0,2,0,0,2
0,2,0,0,2
0,1,0,0,1
0,3,0,0,3
0,1,0,0,1
0,2,0,0,2
0,1,0,0,1
0,2,0,0,2
0,8,0,0,8
0,1,1,0,2
0,1,1,0,2
0,7,0,0,7
0,7,0,0,7
0,4,0,0,4
0,2,0,0,2
0,1,1,0,2
0,12,1,0,13
0,6,0,0,6
0,20,0,0,20
0,2,0,0,2
0,22,0,0,22
0,1,1,0,2
0,1,2,0,3
0,2,0,0,2
0,2,1,0,3
0,1,0,0,1
0,3,1,0,4
0,6,0,0,6
0,6,0,0,6
0,4,0,0,4
0,4,0,0,4
0,20,0,0,20
0,8,0,0,8
0,8,0,0,8
0,1,0,0,1
0,1,0,0,1
0,2,0,0,2
0,2,0,0,2
0,57,0,0,57
0,13,0,0,13
0,3,0,0,3
0,7,0,0,7
0,10,0,0,10
0,20,0,0,20
0,6,0,0,6
0,4,0,0,4
0,4,0,0,4
0,1,0,0,1
0,4,0,0,4
0,6,0,0,6
0,4,0,0,4
0,2,0,0,2
0,24,0,0,24
0,8,0,0,8
0,9,0,0,9
0,2,0,0,2
0,2,0,0,2
0,7,0,0,7
0,3,0,0,3
0,20,0,0,20
0,12,1,0,13
0,1,0,0,1
0,2,0,0,2
0,6,0,0,6
0,7,0,0,7
0,1,0,0,1
0,2,0,0,2
0,1,0,0,1
0,3,0,0,3
0,1,0,0,1
0,7,0,0,7
0,3,0,0,3
0,2,1,0,3
0,13,0,0,13
0,12,0,0,12
0,6,3,0,9
0,4,0,0,4
0,10,0,0,10
0,35,0,0,35
0,10,1,0,11
0,20,0,0,20
0,26,0,0,26
0,6,0,0,6
0,9,0,0,9
0,5,0,0,5
0,2,1,0,3
0,2,0,0,2
0,4,0,0,4
0,4,1,0,5
0,3,0,0,3
0,16,0,0,16
0,9,1,0,10
0,9,0,0,9
0,1,0,0,1
0,1,2,0,3
0,2,0,0,2
0,2,0,0,2
0,3,0,0,3
0,1,0,0,1
0,3,0,0,3
0,3,0,0,3
0,8,0,0,8
0,4,3,0,7
0,15,0,0,15
0,15,0,0,15
0,7,0,0,7
0,12,0,0,12
0,22,0,0,22
0,14,10,0,24
0,1,0,0,1
0,2,0,0,2
0,5,0,0,5
0,2,0,0,2
0,4,0,0,4
0,2,0,0,2
0,2,0,0,2
0,4,0,0,4
0,2,0,0,2
0,2,0,0,2
0,2,0,0,2
0,2,0,0,2
0,3,0,0,3
0,2,0,0,2
0,1,0,0,1
0,2,0,0,2
0,34,0,0,34
0,3,0,0,3
0,5,0,0,5
0,13,1,0,14
0,5,0,0,5
0,1,0,0,1
0,2,0,0,2
0,5,0,0,5
0,4,0,0,4
0,2,0,0,2
0,1,0,0,1
0,1,0,0,1
0,4,0,0,4
0,4,0,0,4
0,6,0,0,6
0,19,0,0,19
0,4,0,0,4
0,25,0,0,25
0,2,0,0,2
0,32,0,0,32
0,33,0,0,33
0,5,0,0,5
0,5,0,0,5
0,10,0,0,10
0,15,0,0,15
0,9,0,0,9
0,7,0,0,7
0,2,1,0,3
0,2,1,0,3
0,21,0,0,21
0,1,0,0,1
0,1,0,0,1
0,4,0,0,4
0,2,0,0,2
0,8,0,0,8
0,9,0,0,9
0,4,0,0,4
0,1,0,0,1
0,1,0,0,1
0,2,0,0,2
0,9,0,0,9
0,8,0,0,8
0,1,0,0,1
0,3,0,0,3
0,8,0,0,8
0,2,0,0,2
0,9,0,0,9
0,10,0,0,10
0,1,0,0,1
0,5,1,0,6
0,8,0,0,8
0,4,0,0,4
0,24,0,0,24
0,14,0,0,14
0,12,0,0,12
0,4,0,0,4
0,2,0,0,2
0,5,0,0,5
0,4,0,0,4
0,2,0,0,2
0,6,2,0,8
0,1,0,0,1
0,4,0,0,4
0,2,0,0,2
0,2,0,0,2
0,16,0,0,16
0,17,0,0,17
0,4,0,0,4
0,1,0,0,1
0,1,0,0,1
0,6,0,0,6
0,6,0,0,6
0,16,0,0,16
0,2,0,0,2
0,2,0,0,2
0,6,0,0,6
0,1,1,0,2
0,6,0,0,6
0,5,0,0,5
0,7,0,0,7
0,3,0,0,3
0,3,0,0,3
0,2,1,0,3
0,2,0,0,2
0,3,0,0,3
0,2,0,0,2
0,3,0,0,3
0,6,0,0,6
0,6,0,0,6
0,13,0,0,13
0,4,0,0,4
0,4,1,0,5
0,16,0,0,16
0,6,0,0,6
0,34,0,0,34
0,31,0,0,31
0,12,0,0,12
0,13,0,0,13
0,10,1,0,11
0,3,0,0,3
0,3,0,0,3
0,4,0,0,4
0,5,0,0,5
0,49,0,0,49
0,48,0,0,48
0,1,0,0,1
0,2,0,0,2
0,3,0,0,3
0,10,4,0,14
0,12,5,0,17
0,13,1,0,14
0,21,0,0,21
0,3,0,0,3
0,10,0,0,10
0,9,0,0,9
0,12,0,0,12
0,2,0,0,2
0,2,0,0,2
0,2,0,0,2
0,14,0,0,14
0,5,0,0,5
0,5,0,0,5
0,35,28,0,63
0,3,0,0,3
0,3,0,0,3
0,1,0,0,1
0,3,0,0,3
0,9,0,0,9
0,4,0,0,4
0,3,0,0,3
0,9,0,0,9
0,9,0,0,9
0,6,0,0,6
0,3,0,0,3
0,1,0,0,1
0,2,0,0,2
0,2,0,0,2
0,2,1,0,3
0,2,0,0,2
0,4,0,0,4
0,4,0,0,4
0,4,0,0,4
0,6,3,0,9
0,1,0,0,1
0,8,0,0,8
0,42,25,0,67
0,5,0,0,5
0,13,2,0,15
0,12,0,0,12
0,18,0,0,18
0,10,0,0,10
0,20,0,0,20
0,25,0,0,25
0,3,0,0,3
0,3,0,0,3
0,12,0,0,12
0,4,1,0,5
0,1,0,0,1
0,12,0,0,12
0,14,0,0,14
0,2,0,0,2
0,19,0,0,19
0,2,0,0,2
0,25,1,0,26
0,2,0,0,2
0,3,0,0,3
0,59,0,0,59
0,9,0,0,9
0,4,0,0,4
0,2,0,0,2
0,1,0,0,1
0,19,0,0,19
0,16,0,0,16
0,2,0,0,2
0,47,0,0,47
0,1,0,0,1
0,8,0,0,8
0,32,11,0,43
0,2,0,0,2
0,6,1,0,7
0,3,0,0,3
0,6,0,0,6
0,4,0,0,4
0,46,0,0,46
0,2,0,0,2
0,6,0,0,6
0,6,0,0,6
0,4,0,0,4
0,4,1,0,5
0,45,0,0,45
0,1,0,0,1
0,10,2,0,12
0,5,0,0,5
0,12,0,0,12
0,3,0,0,3
0,3,0,0,3
0,2,2,0,4
0,2,0,0,2
0,1,0,0,1
0,7,0,0,7
0,16,0,0,16
0,1,0,0,1
0,2,0,0,2
0,3,0,0,3
0,2,0,0,2
0,7,0,0,7
0,3,0,0,3
0,11,0,0,11
0,6,1,0,7
0,4,0,0,4
0,3,0,0,3
0,5,0,0,5
0,1,0,0,1
0,40,0,0,40
0,41,0,0,41
0,12,0,0,12
0,7,0,0,7
0,12,0,0,12
0,3,0,0,3
0,35,0,0,35
0,42,0,0,42
0,4,0,0,4
0,4,0,0,4
0,9,0,0,9
0,1,0,0,1
0,4,0,0,4
0,34,0,0,34
0,8,0,0,8
0,4,0,0,4
0,4,1,0,5
0,3,0,0,3
0,2,0,0,2
0,4,0,0,4
0,3,0,0,3
0,2,0,0,2
0,19,0,0,19
0,14,0,0,14
0,8,0,0,8
0,5,0,0,5
0,8,1,0,9
0,1,1,0,2
0,1,0,0,1
0,6,0,0,6
0,8,0,0,8
0,13,0,0,13
0,22,0,0,22
0,5,0,0,5
0,17,0,0,17
0,5,0,0,5
0,1,0,0,1
0,5,1,0,6
0,3,3,0,6
0,2,0,0,2
0,2,0,0,2
0,1,0,0,1
0,1,0,0,1
0,2,0,0,2
0,16,0,0,16
0,2,0,0,2
0,6,0,0,6
0,5,0,0,5
0,1,0,0,1
0,6,0,0,6
0,2,0,0,2
0,1,0,0,1
0,1,1,0,2
0,44,0,0,44
0,9,0,0,9
0,8,0,0,8
0,9,0,0,9
0,15,0,0,15
0,1,0,0,1
0,4,1,0,5
0,4,0,0,4
0,3,1,0,4
0,3,0,0,3
0,17,0,0,17
0,2,0,0,2
0,3,2,0,5
0,3,0,0,3
0,1,0,0,1
0,21,0,0,21
0,3,0,0,3
0,3,0,0,3
0,8,0,0,8
0,8,0,0,8
0,5,0,0,5
0,6,0,0,6
0,34,0,0,34
0,13,9,0,22
0,7,0,0,7
0,9,1,0,10
0,10,0,0,10
0,2,0,0,2
0,3,0,0,3
0,51,7,0,58
0,4,0,0,4
0,6,0,0,6
0,1,0,0,1
0,4,0,0,4
0,1,0,0,1
0,3,0,0,3
0,16,0,0,16
0,3,0,0,3
0,1,1,0,2
0,1,0,0,1
0,6,0,0,6
0,3,1,0,4
0,12,0,0,12
0,1,0,0,1
0,2,0,0,2
0,6,0,0,6
0,33,1,0,34
0,1,0,0,1
0,2,0,0,2
0,14,0,0,14
0,54,0,0,54
0,6,0,0,6
0,5,0,0,5
0,2,0,0,2
0,6,0,0,6
0,4,1,0,5
0,2,0,0,2
0,3,0,0,3
0,20,0,0,20
0,3,0,0,3
0,3,0,0,3
0,13,0,0,13
0,7,0,0,7
0,3,0,0,3
0,11,0,0,11
0,16,0,0,16
0,6,3,0,9
0,9,0,0,9
0,11,0,0,11
0,18,0,0,18
0,9,0,0,9
0,10,0,0,10
0,1,0,0,1
0,2,0,0,2
0,4,0,0,4
0,1,0,0,1
0,14,0,0,14
0,3,1,0,4
0,5,0,0,5
0,22,0,0,22
0,8,0,0,8
0,10,0,0,10
0,15,1,0,16
0,3,1,0,4
0,2,0,0,2
0,2,0,0,2
0,2,0,0,2
0,2,0,0,2
0,16,0,0,16
0,2,1,0,3
0,1,1,0,2
0,15,0,0,15
0,2,0,0,2
0,1,0,0,1
0,1,1,0,2
0,3,0,0,3
0,3,1,0,4
0,4,0,0,4
0,6,0,0,6
0,12,0,0,12
0,12,0,0,12
0,1,1,0,2
0,1,0,0,1
0,6,0,0,6
0,7,0,0,7
0,4,0,0,4
0,2,0,0,2
0,6,1,0,7
0,5,0,0,5
0,8,0,0,8
0,4,0,0,4
0,19,0,0,19
0,36,0,0,36
0,5,0,0,5
0,5,0,0,5
0,14,0,0,14
0,7,0,0,7
0,3,0,0,3
0,6,0,0,6
0,2,0,0,2
0,2,0,0,2
0,5,0,0,5
0,3,0,0,3
0,3,0,0,3
0,10,0,0,10
0,7,0,0,7
0,7,0,0,7
0,15,0,0,15
0,5,0,0,5
0,2,0,0,2
0,2,0,0,2
0,2,0,0,2
0,1,1,0,2
0,1,0,0,1
0,2,0,0,2
0,2,0,0,2
0,1,0,0,1
0,3,0,0,3
0,15,0,0,15
0,1,0,0,1
0,17,3,0,20
0,10,6,0,16
0,8,0,0,8
0,12,0,0,12
0,5,0,0,5
0,2,0,0,2
0,1,0,0,1
0,10,0,0,10
0,10,0,0,10
0,6,0,0,6
0,7,0,0,7
0,8,0,0,8
0,2,0,0,2
0,15,0,0,15
0,15,0,0,15
0,5,0,0,5
0,5,0,0,5
0,7,0,0,7
0,6,0,0,6
0,9,0,0,9
0,3,0,0,3
0,7,0,0,7
0,19,0,0,19
0,2,0,0,2
0,1,0,0,1
0,4,0,0,4
0,2,0,0,2
0,8,0,0,8
0,2,1,0,3
0,4,0,0,4
0,4,0,0,4
0,10,0,0,10
0,9,0,0,9
0,4,0,0,4
0,9,1,0,10
0,9,0,0,9
0,2,0,0,2
0,8,0,0,8
0,5,0,0,5
0,4,0,0,4
0,4,0,0,4
0,3,2,0,5
0,1,0,0,1
0,8,0,0,8
0,6,0,0,6
0,29,0,0,29
0,14,0,0,14
0,1,0,0,1
0,2,0,0,2
0,26,0,0,26
0,3,0,0,3
0,3,0,0,3
0,2,0,0,2
0,9,0,0,9
0,4,0,0,4
0,20,0,0,20
0,2,0,0,2
0,5,0,0,5
0,2,0,0,2
0,4,0,0,4
0,7,0,0,7
0,4,0,0,4
0,10,0,0,10
0,2,0,0,2
0,4,1,0,5
0,8,0,0,8
0,4,0,0,4
0,4,0,0,4
0,2,1,0,3
0,1,0,0,1
0,2,0,0,2
0,6,0,0,6
0,2,0,0,2
0,7,0,0,7
0,7,1,0,8
0,2,0,0,2
0,4,0,0,4
0,11,0,0,11
0,1,0,0,1
0,2,0,0,2
0,1,0,0,1
0,1,0,0,1
0,2,0,0,2
0,1,0,0,1
0,28,0,0,28
0,22,0,0,22
0,2,0,0,2
0,19,0,0,19
0,19,0,0,19
0,9,0,0,9
0,3,0,0,3
0,2,0,0,2
0,3,0,0,3
0,4,0,0,4
0,4,0,0,4
0,38,0,0,38
0,2,1,0,3
0,2,0,0,2
0,11,0,0,11
0,2,0,0,2
0,4,0,0,4
0,2,0,0,2
0,6,0,0,6
0,5,0,0,5
0,6,0,0,6
0,4,5,0,9
0,4,2,0,6
0,1,0,0,1
0,6,0,0,6
0,4,0,0,4
0,4,0,0,4
0,20,0,0,20
0,2,0,0,2
0,5,0,0,5
0,3,0,0,3
0,1,0,0,1
0,2,0,0,2
0,2,0,0,2
0,2,0,0,2
0,2,1,0,3
0,1,0,0,1
0,3,0,0,3
0,3,0,0,3
0,7,0,0,7
0,3,0,0,3
0,3,0,0,3
0,3,0,0,3
0,1,0,0,1
0,2,0,0,2
0,3,0,0,3
0,2,0,0,2
0,4,0,0,4
0,2,0,0,2
0,2,0,0,2
0,2,0,0,2
0,2,0,0,2
0,2,0,0,2
0,3,1,0,4
0,1,0,0,1
0,2,0,0,2
0,22,0,0,22
0,30,1,0,31
0,4,0,0,4
0,5,0,0,5
0,2,0,0,2
0,6,0,0,6
0,9,0,0,9
0,8,0,0,8
0,5,0,0,5
0,2,0,0,2
0,8,0,0,8
0,2,0,0,2
0,19,0,0,19
0,1,0,0,1
0,2,0,0,2
0,1,0,0,1
0,4,0,0,4
0,2,0,0,2
0,5,0,0,5
0,50,0,0,50
0,7,0,0,7
0,5,0,0,5
0,1,0,0,1
0,8,0,0,8
0,2,0,0,2
0,1,0,0,1
0,2,0,0,2
0,2,0,0,2
0,2,0,0,2
0,3,0,0,3
0,8,0,0,8
0,7,0,0,7
0,6,0,0,6
0,5,0,0,5
0,4,0,0,4
0,19,0,0,19
0,1,3,0,4
0,1,0,0,1
0,8,0,0,8
0,4,0,0,4
0,32,0,0,32
0,32,0,0,32
0,2,0,0,2
0,4,0,0,4
0,7,0,0,7
0,11,0,0,11
0,9,0,0,9
0,5,0,0,5
0,2,0,0,2
0,3,0,0,3
0,2,0,0,2
0,1,0,0,1
0,15,0,0,15
0,1,0,0,1
0,4,1,0,5
0,24,0,0,24
0,29,0,0,29
0,3,0,0,3
0,1,0,0,1
0,2,0,0,2
0,1,0,0,1
0,2,0,0,2
0,4,0,0,4
0,18,0,0,18
0,10,0,0,10
0,5,0,0,5
0,4,0,0,4
0,5,0,0,5
0,1,0,0,1
0,2,0,0,2
0,2,1,0,3
0,4,0,0,4
0,8,0,0,8
0,6,2,0,8
0,8,0,0,8
0,2,0,0,2
0,2,0,0,2
0,3,1,0,4
0,6,0,0,6
0,2,0,0,2
0,2,0,0,2
0,13,0,0,13
0,5,0,0,5
0,5,0,0,5
0,2,0,0,2
0,2,0,0,2
0,2,0,0,2
0,4,1,0,5
0,3,0,0,3
0,1,0,0,1
0,5,0,0,5
0,7,0,0,7
0,5,0,0,5
0,12,0,0,12
0,56,0,0,56
0,1,0,0,1
0,2,0,0,2
0,1,0,0,1
0,1,1,0,2
0,1,0,0,1
0,12,0,0,12
0,11,0,0,11
0,8,1,0,9
0,2,0,0,2
0,6,4,0,10
0,2,0,0,2
0,19,0,0,19
0,2,0,0,2
0,5,0,0,5
0,3,0,0,3
0,8,0,0,8
0,20,0,0,20
0,23,0,0,23
0,29,0,0,29
0,8,0,0,8
0,2,0,0,2
0,5,1,0,6
0,3,0,0,3
0,1,0,0,1
0,1,0,0,1
0,18,1,0,19
0,12,0,0,12
0,27,0,0,27
0,39,0,0,39
0,2,0,0,2
0,2,0,0,2
0,4,0,0,4
0,25,0,0,25
0,20,0,0,20
0,14,0,0,14
0,15,0,0,15
0,7,0,0,7
0,8,0,0,8
0,1,0,0,1
0,2,0,0,2
0,4,0,0,4
0,5,0,0,5
0,36,0,0,36
0,3,0,0,3
0,8,1,0,9
0,16,0,0,16
0,10,0,0,10
0,2,0,0,2
0,36,0,0,36
0,10,0,0,10
0,2,0,0,2
0,5,0,0,5
0,4,0,0,4
0,11,6,0,17
0,13,0,0,13
0,2,0,0,2
0,1,0,0,1
0,2,0,0,2
0,2,0,0,2
0,3,0,0,3
0,1,0,0,1
0,22,0,0,22
0,3,0,0,3
0,4,0,0,4
0,26,0,0,26
0,3,0,0,3
0,2,0,0,2
0,5,0,0,5
0,2,0,0,2
0,1,0,0,1
0,39,9,0,48
0,7,0,0,7
0,8,1,0,9
0,3,0,0,3
0,3,0,0,3
0,9,12,0,21
0,6,0,0,6
0,11,0,0,11
0,3,0,0,3
0,11,0,0,11
0,5,0,0,5
0,2,0,0,2
0,1,0,0,1
0,9,0,0,9
0,4,1,0,5
0,3,0,0,3
0,15,0,0,15
0,14,0,0,14
0,1,1,0,2
0,1,0,0,1
0,5,0,0,5
0,3,0,0,3
0,2,0,0,2
0,1,0,0,1
0,2,0,0,2
0,4,0,0,4
0,14,0,0,14
0,3,0,0,3
0,2,0,0,2
0,3,1,0,4
0,3,0,0,3
0,13,0,0,13
0,13,0,0,13
0,2,0,0,2
0,1,0,0,1
0,1,0,0,1
0,2,0,0,2
0,2,1,0,3
0,2,0,0,2
0,2,0,0,2
0,2,0,0,2
0,2,0,0,2
0,2,0,0,2
0,3,0,0,3
0,2,0,0,2
0,35,0,0,35
0,3,0,0,3
0,2,1,0,3
0,2,0,0,2
0,1,0,0,1
0,12,0,0,12
0,9,1,0,10
0,2,0,0,2
0,14,0,0,14
0,2,0,0,2
0,4,0,0,4
0,5,0,0,5
0,8,0,0,8
0,18,0,0,18
0,7,0,0,7
0,7,0,0,7
0,7,0,0,7
0,19,0,0,19
0,2,0,0,2
0,3,0,0,3
0,6,2,0,8
0,3,0,0,3
0,3,1,0,4
0,3,0,0,3
0,16,0,0,16
0,8,3,0,11
0,8,3,0,11
0,25,1,0,26
0,2,0,0,2
0,1,0,0,1
0,7,0,0,7
0,50,0,0,50
0,5,0,0,5
0,7,0,0,7
0,1,0,0,1
0,2,0,0,2
0,1,1,0,2
0,1,0,0,1
0,18,0,0,18
0,3,0,0,3
0,3,0,0,3
0,6,0,0,6
0,6,0,0,6
0,7,0,0,7
0,6,0,0,6
0,2,0,0,2
0,2,0,0,2
0,19,0,0,19
0,3,2,0,5
0,1,1,0,2
0,18,0,0,18
0,16,0,0,16
0,1,0,0,1
0,2,0,0,2
0,2,0,0,2
0,19,0,0,19
0,5,0,0,5
0,8,0,0,8
0,3,0,0,3
0,2,0,0,2
0,10,0,0,10
0,24,1,0,25
0,6,0,0,6
0,55,0,0,55
0,51,0,0,51
0,7,0,0,7
0,5,1,0,6
0,2,0,0,2
0,2,0,0,2
0,23,0,0,23
0,14,0,0,14
0,3,0,0,3
0,3,0,0,3
0,13,0,0,13
0,8,0,0,8
0,5,0,0,5
0,40,1,0,41
0,1,1,0,2
0,1,0,0,1
0,5,0,0,5
0,6,0,0,6
0,7,0,0,7
0,2,0,0,2
0,8,0,0,8
0,4,1,0,5
0,3,0,0,3
0,29,0,0,29
0,12,0,0,12
0,11,0,0,11
0,5,0,0,5
0,5,0,0,5
0,4,0,0,4
0,5,0,0,5
0,2,0,0,2
0,5,0,0,5
0,2,0,0,2
0,2,0,0,2
0,1,0,0,1
0,5,1,0,6
0,13,1,0,14
0,1,1,0,2
0,5,0,0,5
0,1,0,0,1
0,9,0,0,9
0,10,0,0,10
0,3,0,0,3
0,2,0,0,2
0,1,1,0,2
0,1,0,0,1
0,1,0,0,1
0,2,0,0,2
0,13,0,0,13
0,1,0,0,1
0,2,0,0,2
0,10,0,0,10
0,2,0,0,2
0,2,1,0,3
0,3,0,0,3
0,4,0,0,4
0,4,0,0,4
0,12,0,0,12
0,4,0,0,4
0,29,0,0,29
0,5,0,0,5
0,6,1,0,7
0,3,0,0,3
0,3,0,0,3
0,19,7,0,26
0,1,0,0,1
0,11,0,0,11
0,3,0,0,3
0,8,0,0,8
0,8,0,0,8
0,1,0,0,1
0,9,0,0,9
0,2,0,0,2
0,2,0,0,2
0,1,0,0,1
0,1,0,0,1
0,7,0,0,7
0,7,0,0,7
0,36,0,0,36
0,7,0,0,7
0,15,0,0,15
0,8,0,0,8
0,4,0,0,4
0,20,0,0,20
0,6,0,0,6
0,1,0,0,1
0,1,1,0,2
0,2,0,0,2
0,2,0,0,2
0,4,0,0,4
0,19,0,0,19
0,2,1,0,3
0,2,0,0,2
0,2,1,0,3
0,1,0,0,1
0,2,0,0,2
0,4,0,0,4
0,5,0,0,5
0,3,0,0,3
0,2,0,0,2
0,6,0,0,6
0,5,0,0,5
0,2,0,0,2
0,6,0,0,6
0,26,0,0,26
0,11,0,0,11
0,3,0,0,3
0,3,0,0,3
0,5,0,0,5
0,7,0,0,7
0,7,1,0,8
0,2,0,0,2
0,6,1,0,7
0,2,0,0,2
0,8,0,0,8
0,3,0,0,3
0,10,0,0,10
0,10,0,0,10
0,1,0,0,1
0,23,0,0,23
0,1,0,0,1
0,2,0,0,2
0,2,0,0,2
0,4,0,0,4
0,2,0,0,2
0,3,0,0,3
0,6,0,0,6
0,22,0,0,22
0,22,0,0,22
0,21,0,0,21
0,2,0,0,2
0,3,1,0,4
0,2,0,0,2
0,2,0,0,2
0,2,0,0,2
0,5,0,0,5
0,3,0,0,3
0,17,0,0,17
0,2,0,0,2
0,32,0,0,32
0,2,0,0,2
0,3,1,0,4
0,20,0,0,20
0,6,0,0,6
0,2,0,0,2
0,2,0,0,2
0,2,1,0,3
0,3,0,0,3
0,2,0,0,2
0,1,0,0,1
0,1,0,0,1
0,5,0,0,5
0,5,0,0,5
0,2,0,0,2
0,21,0,0,21
0,1,0,0,1
0,6,0,0,6
0,14,0,0,14
0,3,0,0,3
0,4,0,0,4
0,7,0,0,7
0,18,0,0,18
0,6,0,0,6
0,6,0,0,6
0,2,0,0,2
0,2,0,0,2
0,2,0,0,2
0,5,0,0,5
0,3,0,0,3
0,2,0,0,2
0,4,0,0,4
0,3,0,0,3
0,20,1,0,21
0,2,0,0,2
0,2,0,0,2
0,2,0,0,2
0,6,0,0,6
0,2,0,0,2
0,2,0,0,2
0,1,0,0,1
0,2,0,0,2
0,12,0,0,12
0,3,0,0,3
0,6,0,0,6
0,34,0,0,34
0,2,0,0,2
0,2,0,0,2
0,3,0,0,3
0,3,0,0,3
0,15,0,0,15
0,6,0,0,6
0,6,0,0,6
0,7,0,0,7
0,2,0,0,2
0,4,0,0,4
0,4,0,0,4
0,2,1,0,3
0,1,0,0,1
0,2,0,0,2
0,2,0,0,2
0,1,0,0,1
0,16,1,0,17
0,57,0,0,57
0,8,0,0,8
0,4,0,0,4
0,9,0,0,9
0,12,1,0,13
0,31,0,0,31
0,2,0,0,2
0,2,0,0,2
0,32,0,0,32
0,4,0,0,4
0,7,0,0,7
0,6,0,0,6
0,2,0,0,2
0,1,0,0,1
0,5,0,0,5
0,2,0,0,2
0,2,0,0,2
0,2,0,0,2
0,7,0,0,7
0,2,0,0,2
0,1,0,0,1
0,1,1,0,2
0,2,0,0,2
0,32,0,0,32
0,2,0,0,2
0,3,0,0,3
0,3,0,0,3
0,15,0,0,15
0,2,0,0,2
0,2,0,0,2
0,18,0,0,18
0,8,0,0,8
0,11,0,0,11
0,1,0,0,1
0,3,0,0,3
0,2,0,0,2
0,4,0,0,4
0,14,0,0,14
0,18,0,0,18
0,5,0,0,5
0,6,0,0,6
0,3,0,0,3
0,2,0,0,2
0,18,0,0,18
0,11,0,0,11
0,2,0,0,2
0,2,0,0,2
0,5,0,0,5
0,3,0,0,3
0,8,0,0,8
0,19,0,0,19
0,8,0,0,8
0,2,0,0,2
0,2,0,0,2
0,9,0,0,9
0,7,0,0,7
0,8,0,0,8
0,1,1,0,2
0,1,0,0,1
0,10,1,0,11
0,4,0,0,4
0,4,0,0,4
0,1,0,0,1
0,4,0,0,4
0,8,0,0,8
0,15,0,0,15
0,3,0,0,3
0,1,0,0,1
0,1,0,0,1
0,6,0,0,6
0,9,1,0,10
0,10,0,0,10
0,6,0,0,6
0,65,0,0,65
0,7,0,0,7
0,7,1,0,8
0,2,0,0,2
0,3,1,0,4
0,3,0,0,3
0,2,0,0,2
0,4,0,0,4
0,2,0,0,2
0,1,0,0,1
0,3,1,0,4
0,7,0,0,7
0,2,0,0,2
0,2,0,0,2
0,2,0,0,2
0,5,0,0,5
0,2,0,0,2
0,1,0,0,1
0,1,0,0,1
0,3,0,0,3
0,2,0,0,2
0,1,0,0,1
0,1,0,0,1
0,1,0,0,1
0,1,1,0,2
0,14,0,0,14
0,15,0,0,15
0,4,0,0,4
0,4,1,0,5
0,4,0,0,4
0,16,0,0,16
0,17,0,0,17
0,7,0,0,7
0,3,4,0,7
0,6,1,0,7
0,4,0,0,4
0,18,1,0,19
0,2,0,0,2
0,4,0,0,4
0,11,0,0,11
0,2,0,0,2
0,5,0,0,5
0,62,0,0,62
0,11,0,0,11
0,24,0,0,24
0,15,0,0,15
0,10,0,0,10
0,2,0,0,2
0,3,0,0,3
0,2,0,0,2
0,1,0,0,1
0,2,0,0,2
0,14,0,0,14
0,4,0,0,4
0,22,0,0,22
0,6,0,0,6
0,10,0,0,10
0,1,0,0,1
0,3,0,0,3
0,1,0,0,1
0,3,1,0,4
0,2,0,0,2
0,6,0,0,6
0,4,1,0,5
0,4,0,0,4
0,19,0,0,19
0,5,0,0,5
0,1,0,0,1
0,2,0,0,2
0,2,0,0,2
0,1,0,0,1
0,3,0,0,3
0,11,0,0,11
0,3,0,0,3
0,9,0,0,9
0,26,0,0,26
0,9,0,0,9
0,5,0,0,5
0,8,0,0,8
0,6,1,0,7
0,2,0,0,2
0,3,0,0,3
0,4,1,0,5
0,4,0,0,4
0,67,0,0,67
0,29,0,0,29
0,6,0,0,6
0,19,0,0,19
0,2,0,0,2
0,5,1,0,6
0,1,0,0,1
0,7,0,0,7
0,4,0,0,4
0,12,0,0,12
0,2,0,0,2
0,3,0,0,3
0,3,0,0,3
0,4,1,0,5
0,4,1,0,5
0,7,1,0,8
0,1,0,0,1
0,8,0,0,8
0,10,0,0,10
0,16,0,0,16
0,16,0,0,16
0,2,0,0,2
0,5,0,0,5
0,1,0,0,1
0,1,0,0,1
0,2,0,0,2
0,6,0,0,6
0,27,0,0,27
0,3,0,0,3
0,7,0,0,7
0,7,0,0,7
0,3,0,0,3
0,1,1,0,2
0,11,0,0,11
0,6,0,0,6
0,2,0,0,2
0,1,0,0,1
0,1,1,0,2
0,1,0,0,1
0,1,0,0,1
0,1,0,0,1
0,10,0,0,10
0,13,0,0,13
0,3,0,0,3
0,10,0,0,10
0,4,0,0,4
0,7,1,0,8
0,2,0,0,2
0,2,0,0,2
0,3,0,0,3
0,10,1,0,11
0,10,0,0,10
0,5,0,0,5
0,1,1,0,2
0,1,0,0,1
0,2,0,0,2
0,63,0,0,63
0,4,0,0,4
0,5,0,0,5
0,1,0,0,1
0,1,0,0,1
0,5,0,0,5
0,5,0,0,5
0,3,1,0,4
0,4,0,0,4
0,1,0,0,1
0,2,0,0,2
0,12,0,0,12
0,2,0,0,2
0,2,0,0,2
0,2,0,0,2
0,2,0,0,2
0,5,0,0,5
0,3,0,0,3
0,4,0,0,4
0,5,0,0,5
0,15,1,0,16
0,4,0,0,4
0,3,0,0,3
0,16,0,0,16
0,3,1,0,4
0,21,0,0,21
0,20,0,0,20
0,8,0,0,8
0,3,0,0,3
0,6,2,0,8
0,3,0,0,3
0,1,1,0,2
0,1,0,0,1
0,3,2,0,5
0,1,0,0,1
0,4,0,0,4
0,2,0,0,2
0,2,0,0,2
0,2,0,0,2
0,2,0,0,2
0,2,0,0,2
0,59,0,0,59
0,2,1,0,3
0,2,0,0,2
0,1,0,0,1
0,23,1,0,24
0,2,2,0,4
0,1,0,0,1
0,8,1,0,9
0,4,0,0,4
0,4,0,0,4
0,4,0,0,4
0,1,0,0,1
0,2,0,0,2
0,1,0,0,1
0,5,0,0,5
0,3,0,0,3
0,1,1,0,2
0,6,0,0,6
0,20,0,0,20
0,7,0,0,7
0,2,0,0,2
0,6,0,0,6
0,6,0,0,6
0,4,0,0,4
0,5,0,0,5
0,1,1,0,2
0,1,1,0,2
0,3,0,0,3
0,2,0,0,2
0,4,0,0,4
0,2,0,0,2
0,2,1,0,3
0,4,0,0,4
0,4,0,0,4
0,21,0,0,21
0,10,0,0,10
0,2,0,0,2
0,7,3,0,10
0,25,1,0,26
0,5,0,0,5
0,4,0,0,4
0,10,0,0,10
0,2,0,0,2
0,15,0,0,15
0,6,0,0,6
0,7,0,0,7
0,2,0,0,2
0,6,0,0,6
0,6,0,0,6
0,2,0,0,2
0,3,0,0,3
0,1,0,0,1
0,4,0,0,4
0,14,8,0,22
0,8,6,0,14
0,4,0,0,4
0,5,1,0,6
0,7,0,0,7
0,7,0,0,7
0,10,0,0,10
0,13,0,0,13
0,2,0,0,2
0,6,0,0,6
0,2,0,0,2
0,8,0,0,8
0,10,0,0,10
0,2,0,0,2
0,1,1,0,2
0,3,0,0,3
0,2,0,0,2
0,2,0,0,2
0,3,0,0,3
0,3,0,0,3
0,3,0,0,3
0,2,0,0,2
0,122,0,0,122
0,4,0,0,4
0,5,0,0,5
0,1,0,0,1
0,14,0,0,14
0,2,1,0,3
0,13,0,0,13
0,30,0,0,30
0,6,0,0,6
0,1,0,0,1
0,11,0,0,11
0,8,0,0,8
0,9,0,0,9
0,15,0,0,15
0,1,0,0,1
0,3,0,0,3
0,11,0,0,11
0,1,0,0,1
0,1,0,0,1
0,14,0,0,14
0,1,0,0,1
0,2,0,0,2
0,2,0,0,2
0,12,0,0,12
0,2,0,0,2
0,4,0,0,4
0,2,0,0,2
0,1,0,0,1
0,46,0,0,46
0,2,1,0,3
0,2,0,0,2
0,3,0,0,3
0,1,1,0,2
0,3,0,0,3
0,2,0,0,2
0,7,0,0,7
0,17,1,0,18
0,2,2,0,4
0,1,0,0,1
0,3,0,0,3
0,6,0,0,6
0,10,0,0,10
0,2,0,0,2
0,2,0,0,2
0,5,0,0,5
0,1,1,0,2
0,1,0,0,1
0,2,1,0,3
0,2,0,0,2
0,7,0,0,7
0,1,0,0,1
0,4,0,0,4
0,6,0,0,6
0,6,0,0,6
0,1,0,0,1
0,1,0,0,1
0,1,0,0,1
0,8,0,0,8
0,7,0,0,7
0,13,0,0,13
0,2,0,0,2
0,1,0,0,1
0,1,0,0,1
0,14,0,0,14
0,1,0,0,1
0,4,0,0,4
0,3,0,0,3
0,47,0,0,47
0,3,1,0,4
0,8,0,0,8
0,33,0,0,33
0,5,0,0,5
0,23,1,0,24
0,2,0,0,2
0,9,0,0,9
0,1,1,0,2
0,5,0,0,5
0,3,0,0,3
0,2,0,0,2
0,5,0,0,5
0,3,0,0,3
0,4,0,0,4
0,6,0,0,6
0,5,0,0,5
0,5,0,0,5
0,38,0,0,38
0,4,0,0,4
0,7,0,0,7
0,5,0,0,5
0,1,0,0,1
0,6,0,0,6
0,4,0,0,4
0,5,2,0,7
0,6,0,0,6
0,6,1,0,7
0,2,0,0,2
0,10,8,0,18
0,4,0,0,4
0,4,0,0,4
0,4,0,0,4
0,2,0,0,2
0,6,0,0,6
0,12,2,0,14
0,4,0,0,4
0,1,0,0,1
0,3,4,0,7
0,1,1,0,2
0,3,0,0,3
0,13,2,0,15
0,5,0,0,5
0,1,0,0,1
0,2,0,0,2
0,2,0,0,2
0,2,0,0,2
0,2,0,0,2
0,1,0,0,1
0,8,2,0,10
0,2,0,0,2
0,8,0,0,8
0,2,0,0,2
0,4,0,0,4
0,4,1,0,5
0,25,0,0,25
0,4,0,0,4
0,4,0,0,4
0,15,0,0,15
0,16,0,0,16
0,3,0,0,3
0,2,0,0,2
0,5,1,0,6
0,7,0,0,7
0,6,0,0,6
0,2,0,0,2
0,3,1,0,4
0,2,0,0,2
0,5,0,0,5
0,2,0,0,2
0,10,0,0,10
0,9,0,0,9
0,23,1,0,24
0,4,0,0,4
0,2,0,0,2
0,21,0,0,21
0,3,0,0,3
0,6,0,0,6
0,10,0,0,10
0,5,0,0,5
0,12,0,0,12
0,9,0,0,9
0,3,0,0,3
0,4,0,0,4
0,2,0,0,2
0,9,1,0,10
0,9,0,0,9
0,2,0,0,2
0,4,0,0,4
0,1,0,0,1
0,12,7,0,19
0,1,0,0,1
0,9,0,0,9
0,8,0,0,8
0,3,0,0,3
0,3,0,0,3
0,5,0,0,5
0,4,0,0,4
0,6,0,0,6
0,6,0,0,6
0,6,0,0,6
0,9,0,0,9
0,28,0,0,28
0,6,0,0,6
0,3,0,0,3
0,1,0,0,1
0,2,0,0,2
0,6,0,0,6
0,16,0,0,16
0,6,0,0,6
0,2,0,0,2
0,2,0,0,2
0,4,1,0,5
0,3,1,0,4
0,1,0,0,1
0,2,1,0,3
0,7,0,0,7
0,6,0,0,6
0,5,0,0,5
0,5,0,0,5
0,3,0,0,3
0,4,0,0,4
0,1,0,0,1
0,1,0,0,1
0,16,0,0,16
0,5,0,0,5
0,5,0,0,5
0,2,0,0,2
0,5,0,0,5
0,2,0,0,2
0,2,0,0,2
0,4,0,0,4
0,2,1,0,3
0,2,0,0,2
0,41,0,0,41
0,1,1,0,2
0,7,0,0,7
0,9,0,0,9
0,4,0,0,4
0,3,1,0,4
0,1,0,0,1
0,1,0,0,1
0,6,0,0,6
0,5,0,0,5
0,2,0,0,2
0,1,0,0,1
0,11,1,0,12
0,2,1,0,3
0,4,0,0,4
0,6,0,0,6
0,6,0,0,6
0,6,0,0,6
0,1,0,0,1
0,1,0,0,1
0,9,0,0,9
0,3,0,0,3
0,2,0,0,2
0,4,0,0,4
0,2,0,0,2
0,4,0,0,4
0,10,0,0,10
0,15,2,0,17
0,17,0,0,17
0,2,0,0,2
0,3,0,0,3
0,4,0,0,4
0,1,0,0,1
0,12,0,0,12
0,24,0,0,24
0,18,0,0,18
0,37,0,0,37
0,7,0,0,7
0,3,0,0,3
0,4,0,0,4
0,36,0,0,36
0,35,0,0,35
0,16,0,0,16
0,11,0,0,11
0,14,0,0,14
0,6,0,0,6
0,78,0,0,78
0,2,0,0,2
0,2,0,0,2
0,2,1,0,3
0,3,0,0,3
0,12,0,0,12
0,12,0,0,12
0,4,0,0,4
0,2,0,0,2
0,2,0,0,2
0,2,0,0,2
0,7,0,0,7
0,10,0,0,10
0,8,0,0,8
0,5,0,0,5
0,5,6,0,11
0,11,0,0,11
0,2,0,0,2
0,14,1,0,15
0,1,0,0,1
0,1,0,0,1
0,6,0,0,6
0,4,0,0,4
0,8,0,0,8
0,2,0,0,2
0,2,0,0,2
0,7,0,0,7
0,6,0,0,6
0,2,0,0,2
0,1,0,0,1
0,14,1,0,15
0,1,0,0,1
0,4,0,0,4
0,15,0,0,15
0,12,0,0,12
0,14,2,0,16
0,1,0,0,1
0,3,0,0,3
0,1,0,0,1
0,2,0,0,2
0,12,0,0,12
0,4,0,0,4
0,7,0,0,7
0,8,0,0,8
0,1,1,0,2
0,1,0,0,1
0,10,0,0,10
0,2,0,0,2
0,1,0,0,1
0,3,0,0,3
0,2,0,0,2
0,4,1,0,5
0,3,0,0,3
0,6,0,0,6
0,4,0,0,4
0,3,0,0,3
0,2,1,0,3
0,3,0,0,3
0,7,0,0,7
0,3,0,0,3
0,4,0,0,4
0,4,0,0,4
0,3,0,0,3
0,2,0,0,2
0,1,0,0,1
0,4,1,0,5
0,3,0,0,3
0,6,0,0,6
0,15,0,0,15
0,18,0,0,18
0,4,0,0,4
0,19,0,0,19
0,3,0,0,3
0,2,0,0,2
0,2,0,0,2
0,1,0,0,1
0,5,0,0,5
0,6,0,0,6
0,4,1,0,5
0,2,0,0,2
0,1,0,0,1
0,2,0,0,2
0,1,0,0,1
0,1,0,0,1
0,9,0,0,9
0,5,0,0,5
0,4,0,0,4
0,3,0,0,3
0,1,0,0,1
0,9,0,0,9
0,9,0,0,9
0,1,0,0,1
0,2,0,0,2
0,3,0,0,3
0,4,1,0,5
0,5,1,0,6
0,9,0,0,9
0,2,0,0,2
0,5,1,0,6
0,2,1,0,3
0,2,0,0,2
0,16,0,0,16
0,2,0,0,2
0,3,0,0,3
0,3,0,0,3
0,1,0,0,1
0,1,0,0,1
0,1,1,0,2
0,11,0,0,11
0,2,0,0,2
0,2,1,0,3
0,1,0,0,1
0,3,1,0,4
0,3,1,0,4
0,2,0,0,2
0,12,0,0,12
0,4,0,0,4
0,3,0,0,3
0,3,0,0,3
0,3,0,0,3
0,37,0,0,37
0,4,0,0,4
0,44,0,0,44
0,4,0,0,4
0,5,0,0,5
0,1,0,0,1
0,2,0,0,2
0,2,0,0,2
0,11,0,0,11
0,11,0,0,11
0,26,0,0,26
0,16,0,0,16
0,5,2,0,7
0,1,0,0,1
0,6,0,0,6
0,8,0,0,8
0,5,0,0,5
0,4,0,0,4
0,13,0,0,13
0,6,3,0,9
0,3,0,0,3
0,3,2,0,5
0,4,0,0,4
0,5,0,0,5
0,11,0,0,11
0,14,0,0,14
0,2,0,0,2
0,2,0,0,2
0,2,0,0,2
0,3,0,0,3
0,3,0,0,3
0,7,0,0,7
0,8,0,0,8
0,7,0,0,7
0,2,0,0,2
0,1,0,0,1
0,5,0,0,5
0,5,4,0,9
0,1,0,0,1
0,1,1,0,2
0,2,0,0,2
0,9,0,0,9
0,4,0,0,4
0,7,0,0,7
0,4,0,0,4
0,6,0,0,6
0,1,0,0,1
0,3,2,0,5
0,2,0,0,2
0,2,0,0,2
0,7,0,0,7
0,3,0,0,3
0,11,0,0,11
0,7,0,0,7
0,20,0,0,20
0,8,0,0,8
0,3,0,0,3
0,5,0,0,5
0,7,0,0,7
0,4,0,0,4
0,32,0,0,32
0,11,0,0,11
0,6,0,0,6
0,8,0,0,8
0,4,0,0,4
0,26,0,0,26
0,4,0,0,4
0,5,0,0,5
0,1,1,0,2
0,1,0,0,1
0,51,0,0,51
0,2,0,0,2
0,2,0,0,2
0,6,0,0,6
0,2,0,0,2
0,2,0,0,2
0,1,0,0,1
0,1,0,0,1
0,4,0,0,4
0,16,0,0,16
0,8,0,0,8
0,1,1,0,2
0,1,0,0,1
0,11,0,0,11
0,6,0,0,6
0,9,0,0,9
0,6,0,0,6
0,7,0,0,7
0,9,1,0,10
0,2,0,0,2
0,1,0,0,1
0,2,0,0,2
0,3,0,0,3
0,1,0,0,1
0,7,0,0,7
0,26,0,0,26
0,1,0,0,1
0,14,0,0,14
0,2,0,0,2
0,2,0,0,2
0,2,1,0,3
0,2,0,0,2
0,7,2,0,9
0,3,0,0,3
0,2,1,0,3
0,3,0,0,3
0,7,0,0,7
0,4,0,0,4
0,6,3,0,9
0,10,0,0,10
0,9,0,0,9
0,9,0,0,9
0,27,0,0,27
0,1,0,0,1
0,2,0,0,2
0,3,1,0,4
0,3,0,0,3
0,6,0,0,6
0,3,0,0,3
0,2,0,0,2
0,12,0,0,12
0,1,0,0,1
0,2,0,0,2
0,2,0,0,2
0,1,0,0,1
0,9,0,0,9
0,6,0,0,6
0,6,0,0,6
0,2,0,0,2
0,4,0,0,4
0,4,1,0,5
0,2,0,0,2
0,3,0,0,3
0,7,0,0,7
0,5,0,0,5
0,4,0,0,4
0,2,0,0,2
0,8,0,0,8
0,8,0,0,8
0,2,0,0,2
0,6,0,0,6
0,10,0,0,10
0,13,0,0,13
0,1,1,0,2
0,3,0,0,3
0,6,3,0,9
0,3,0,0,3
0,3,0,0,3
0,3,0,0,3
0,29,0,0,29
0,2,0,0,2
0,12,0,0,12
0,2,0,0,2
0,1,0,0,1
0,2,0,0,2
0,2,0,0,2
0,6,0,0,6
0,4,0,0,4
0,15,0,0,15
0,6,2,0,8
0,3,0,0,3
0,1,0,0,1
0,5,0,0,5
0,4,0,0,4
0,4,0,0,4
0,3,1,0,4
0,3,3,0,6
0,5,3,0,8
0,10,0,0,10
0,1,0,0,1
0,2,0,0,2
0,2,0,0,2
0,1,0,0,1
0,2,2,0,4
0,7,0,0,7
0,7,0,0,7
0,10,0,0,10
0,4,0,0,4
0,14,0,0,14
0,8,0,0,8
0,15,0,0,15
0,1,1,0,2
0,2,2,0,4
0,11,0,0,11
0,9,0,0,9
0,16,1,0,17
0,1,1,0,2
0,4,0,0,4
0,14,0,0,14
0,46,0,0,46
0,2,0,0,2
0,2,0,0,2
0,1,1,0,2
0,1,0,0,1
0,6,1,0,7
0,6,0,0,6
0,5,0,0,5
0,8,0,0,8
0,6,0,0,6
0,26,0,0,26
0,2,0,0,2
0,2,0,0,2
0,3,0,0,3
0,15,0,0,15
0,4,0,0,4
0,2,0,0,2
0,12,0,0,12
0,9,0,0,9
0,16,0,0,16
0,6,0,0,6
0,4,0,0,4
0,1,0,0,1
0,13,1,0,14
0,2,0,0,2
0,3,0,0,3
0,3,0,0,3
0,2,0,0,2
0,3,0,0,3
0,25,0,0,25
0,5,0,0,5
0,4,0,0,4
0,12,0,0,12
0,12,0,0,12
0,2,0,0,2
0,10,0,0,10
0,22,0,0,22
0,4,0,0,4
0,1,1,0,2
0,3,0,0,3
0,2,0,0,2
0,2,0,0,2
0,1,0,0,1
0,2,0,0,2
0,6,0,0,6
0,3,0,0,3
0,3,1,0,4
0,2,0,0,2
0,2,0,0,2
0,22,0,0,22
0,2,0,0,2
0,2,0,0,2
0,9,0,0,9
0,5,0,0,5
0,12,0,0,12
0,11,0,0,11
0,56,0,0,56
0,20,0,0,20
0,19,0,0,19
0,3,0,0,3
0,4,0,0,4
0,1,0,0,1
0,1,0,0,1
0,3,0,0,3
0,12,0,0,12
0,1,0,0,1
0,2,0,0,2
0,7,0,0,7
0,9,0,0,9
0,10,0,0,10
0,12,0,0,12
0,8,0,0,8
0,12,0,0,12
0,13,0,0,13
0,1,0,0,1
0,2,0,0,2
0,3,0,0,3
0,4,0,0,4
0,3,0,0,3
0,2,0,0,2
0,14,0,0,14
0,6,0,0,6
0,13,0,0,13
0,3,0,0,3
0,1,0,0,1
0,1,0,0,1
0,2,0,0,2
0,2,0,0,2
0,29,0,0,29
0,4,0,0,4
0,5,5,0,10
0,2,0,0,2
0,6,0,0,6
0,6,1,0,7
0,2,0,0,2
0,5,0,0,5
0,22,0,0,22
0,2,0,0,2
0,4,0,0,4
0,1,0,0,1
0,2,0,0,2
0,7,0,0,7
0,2,0,0,2
0,11,0,0,11
0,10,0,0,10
0,7,0,0,7
0,5,0,0,5
0,13,0,0,13
0,3,0,0,3
0,5,0,0,5
0,10,0,0,10
0,4,1,0,5
0,1,0,0,1
0,6,0,0,6
0,10,0,0,10
0,12,0,0,12
0,3,0,0,3
0,4,0,0,4
0,2,0,0,2
0,3,0,0,3
0,10,0,0,10
0,1,1,0,2
0,1,0,0,1
0,10,0,0,10
0,5,0,0,5
0,17,0,0,17
0,17,0,0,17
0,1,0,0,1
0,2,0,0,2
0,15,0,0,15
0,1,0,0,1
0,1,0,0,1
0,2,0,0,2
0,5,0,0,5
0,5,0,0,5
0,7,0,0,7
0,6,0,0,6
0,5,0,0,5
0,12,0,0,12
0,5,0,0,5
0,12,0,0,12
0,1,0,0,1
0,1,0,0,1
0,6,0,0,6
0,3,0,0,3
0,3,0,0,3
0,3,0,0,3
0,2,0,0,2
0,2,0,0,2
0,3,0,0,3
0,4,2,0,6
0,2,1,0,3
0,2,0,0,2
0,8,0,0,8
0,4,0,0,4
0,2,1,0,3
0,1,1,0,2
0,15,0,0,15
0,59,0,0,59
0,4,0,0,4
0,2,0,0,2
0,10,0,0,10
0,4,0,0,4
0,5,0,0,5
0,8,0,0,8
0,12,0,0,12
0,30,0,0,30
0,3,1,0,4
0,1,0,0,1
0,3,0,0,3
0,2,0,0,2
0,2,0,0,2
0,2,0,0,2
0,4,0,0,4
0,3,0,0,3
0,4,0,0,4
0,1,1,0,2
0,6,0,0,6
0,4,2,0,6
0,7,0,0,7
0,1,1,0,2
0,27,0,0,27
0,16,0,0,16
0,8,0,0,8
0,1,0,0,1
0,12,0,0,12
0,9,0,0,9
0,3,0,0,3
0,3,1,0,4
0,2,0,0,2
0,1,1,0,2
0,1,0,0,1
0,2,0,0,2
0,5,0,0,5
0,1,0,0,1
0,2,0,0,2
0,1,0,0,1
0,3,0,0,3
0,2,0,0,2
0,13,0,0,13
0,2,0,0,2
0,4,0,0,4
0,4,0,0,4
0,3,0,0,3
0,3,0,0,3
0,1,0,0,1
0,10,0,0,10
0,10,0,0,10
0,3,0,0,3
0,30,0,0,30
0,2,0,0,2
0,1,0,0,1
0,4,0,0,4
0,4,3,0,7
0,2,0,0,2
0,1,0,0,1
0,5,0,0,5
0,8,0,0,8
0,9,0,0,9
0,8,0,0,8
0,34,0,0,34
0,1,0,0,1
0,15,0,0,15
0,3,0,0,3
0,3,0,0,3
0,2,0,0,2
0,2,0,0,2
0,49,0,0,49
0,1,0,0,1
0,4,0,0,4
0,4,0,0,4
0,12,1,0,13
0,7,0,0,7
0,22,0,0,22
0,6,0,0,6
0,14,0,0,14
0,3,0,0,3
0,4,0,0,4
0,3,0,0,3
0,2,0,0,2
0,5,0,0,5
0,5,0,0,5
0,1,1,0,2
0,1,0,0,1
0,3,0,0,3
0,1,0,0,1
0,2,0,0,2
0,2,0,0,2
0,26,0,0,26
0,2,0,0,2
0,8,0,0,8
0,1,1,0,2
0,4,0,0,4
0,30,0,0,30
0,5,0,0,5
0,6,0,0,6
0,4,0,0,4
0,3,0,0,3
0,7,2,0,9
0,4,0,0,4
0,3,1,0,4
0,15,0,0,15
0,1,0,0,1
0,3,1,0,4
0,2,1,0,3
0,2,0,0,2
0,3,1,0,4
0,7,1,0,8
0,9,1,0,10
0,12,0,0,12
0,13,0,0,13
0,12,0,0,12
0,1,0,0,1
0,2,0,0,2
0,8,0,0,8
0,10,1,0,11
0,1,0,0,1
0,9,0,0,9
0,2,1,0,3
0,2,0,0,2
0,10,0,0,10
0,9,0,0,9
0,1,1,0,2
0,1,0,0,1
0,2,0,0,2
0,1,0,0,1
0,2,0,0,2
0,8,0,0,8
0,2,0,0,2
0,5,0,0,5
0,4,0,0,4
0,11,1,0,12
0,3,0,0,3
0,2,0,0,2
0,12,0,0,12
0,3,0,0,3
0,3,0,0,3
0,8,3,0,11
0,9,0,0,9
0,9,0,0,9
0,1,1,0,2
0,4,1,0,5
0,11,0,0,11
0,2,0,0,2
0,18,0,0,18
0,4,2,0,6
0,3,0,0,3
0,24,0,0,24
0,18,0,0,18
0,9,0,0,9
0,2,0,0,2
0,12,0,0,12
0,18,0,0,18
0,2,0,0,2
0,2,0,0,2
0,11,0,0,11
0,1,0,0,1
0,2,0,0,2
0,8,0,0,8
0,4,0,0,4
0,1,0,0,1
0,6,0,0,6
0,1,0,0,1
0,1,0,0,1
0,2,0,0,2
0,2,0,0,2
0,7,0,0,7
0,2,0,0,2
0,3,0,0,3
0,8,0,0,8
0,8,0,0,8
0,4,0,0,4
0,7,0,0,7
0,3,0,0,3
0,2,0,0,2
0,1,0,0,1
0,2,0,0,2
0,1,0,0,1
0,2,0,0,2
0,3,0,0,3
0,12,0,0,12
0,28,0,0,28
0,2,0,0,2
0,2,1,0,3
0,1,1,0,2
0,12,0,0,12
0,1,1,0,2
0,8,0,0,8
0,3,0,0,3
0,2,0,0,2
0,3,0,0,3
0,12,0,0,12
0,6,0,0,6
0,21,0,0,21
0,18,0,0,18
0,30,0,0,30
0,6,0,0,6
0,7,0,0,7
0,6,0,0,6
0,16,0,0,16
0,6,0,0,6
0,6,0,0,6
0,3,2,0,5
0,4,0,0,4
0,2,0,0,2
0,1,1,0,2
0,3,0,0,3
0,3,0,0,3
0,11,0,0,11
0,10,0,0,10
0,8,0,0,8
0,1,0,0,1
0,1,0,0,1
0,4,0,0,4
0,7,0,0,7
0,11,0,0,11
0,3,1,0,4
0,1,0,0,1
0,8,0,0,8
0,9,0,0,9
0,8,0,0,8
0,15,0,0,15
0,1,1,0,2
0,1,0,0,1
0,3,0,0,3
0,2,0,0,2
0,22,0,0,22
0,9,0,0,9
0,12,2,0,14
0,5,1,0,6
0,6,1,0,7
0,9,0,0,9
0,3,0,0,3
0,5,0,0,5
0,4,0,0,4
0,9,0,0,9
0,10,0,0,10
0,2,0,0,2
0,5,0,0,5
0,1,0,0,1
0,1,0,0,1
0,6,0,0,6
0,4,0,0,4
0,2,0,0,2
0,15,0,0,15
0,2,1,0,3
0,11,0,0,11
0,11,0,0,11
0,16,0,0,16
0,2,0,0,2
0,3,0,0,3
0,2,0,0,2
0,2,0,0,2
0,14,0,0,14
0,17,0,0,17
0,3,0,0,3
0,4,0,0,4
0,3,0,0,3
0,39,0,0,39
0,4,0,0,4
0,2,0,0,2
0,14,0,0,14
0,6,0,0,6
0,1,0,0,1
0,5,0,0,5
0,2,0,0,2
0,2,0,0,2
0,2,1,0,3
0,7,0,0,7
0,2,0,0,2
0,4,1,0,5
0,4,0,0,4
0,7,0,0,7
0,3,0,0,3
0,4,0,0,4
0,5,0,0,5
0,2,0,0,2
0,1,0,0,1
0,2,1,0,3
0,1,0,0,1
0,3,0,0,3
0,8,0,0,8
0,6,0,0,6
0,25,0,0,25
0,11,0,0,11
0,7,0,0,7
0,1,0,0,1
0,3,1,0,4
0,3,0,0,3
0,4,0,0,4
0,4,0,0,4
0,2,0,0,2
0,3,0,0,3
0,1,0,0,1
0,13,0,0,13
0,2,0,0,2
0,32,13,0,45
0,17,0,0,17
0,22,0,0,22
0,2,0,0,2
0,1,0,0,1
0,1,8,0,9
0,1,0,0,1
0,5,0,0,5
0,5,0,0,5
0,5,0,0,5
0,2,0,0,2
0,11,0,0,11
0,12,0,0,12
0,8,0,0,8
0,8,0,0,8
0,2,0,0,2
0,21,0,0,21
0,4,0,0,4
0,8,0,0,8
0,11,0,0,11
0,10,0,0,10
0,5,0,0,5
0,4,0,0,4
0,4,0,0,4
0,16,0,0,16
0,1,2,0,3
0,1,0,0,1
0,5,0,0,5
0,6,0,0,6
0,14,0,0,14
0,6,0,0,6
0,1,0,0,1
0,15,0,0,15
0,18,0,0,18
0,21,0,0,21
0,7,0,0,7
0,11,0,0,11
0,6,0,0,6
0,1,0,0,1
0,4,0,0,4
0,4,0,0,4
0,4,0,0,4
0,1,1,0,2
0,1,0,0,1
0,10,0,0,10
0,2,0,0,2
0,2,0,0,2
0,2,0,0,2
0,2,0,0,2
0,2,1,0,3
0,14,0,0,14
0,8,0,0,8
0,2,0,0,2
0,4,0,0,4
0,2,0,0,2
0,2,0,0,2
0,14,0,0,14
0,7,1,0,8
0,23,2,0,25
0,8,0,0,8
0,4,0,0,4
0,6,0,0,6
0,7,0,0,7
0,1,0,0,1
0,3,1,0,4
0,3,0,0,3
0,42,0,0,42
0,5,0,0,5
0,6,0,0,6
0,4,0,0,4
0,4,0,0,4
0,2,0,0,2
0,3,0,0,3
0,6,0,0,6
0,6,0,0,6
0,7,0,0,7
0,3,0,0,3
0,3,0,0,3
0,1,0,0,1
0,7,0,0,7
0,1,0,0,1
0,18,0,0,18
0,24,0,0,24
0,12,0,0,12
0,13,0,0,13
0,21,0,0,21
0,2,0,0,2
0,13,0,0,13
0,2,0,0,2
0,2,0,0,2
0,1,1,0,2
0,1,0,0,1
0,2,0,0,2
0,6,0,0,6
0,2,0,0,2
0,8,0,0,8
0,24,0,0,24
0,7,1,0,8
0,5,0,0,5
0,7,0,0,7
0,2,0,0,2
0,26,0,0,26
0,18,0,0,18
0,10,0,0,10
0,3,0,0,3
0,6,0,0,6
0,6,0,0,6
0,7,0,0,7
0,4,0,0,4
0,3,0,0,3
0,2,0,0,2
0,5,1,0,6
0,12,0,0,12
0,2,0,0,2
0,10,0,0,10
0,6,0,0,6
0,8,0,0,8
0,5,0,0,5
0,5,0,0,5
0,1,0,0,1
0,1,0,0,1
0,3,0,0,3
0,13,1,0,14
0,5,0,0,5
0,1,0,0,1
0,2,0,0,2
0,5,0,0,5
0,2,0,0,2
0,2,0,0,2
0,7,0,0,7
0,4,0,0,4
0,3,0,0,3
0,5,0,0,5
0,1,0,0,1
0,7,0,0,7
0,10,0,0,10
0,39,0,0,39
0,4,1,0,5
0,3,0,0,3
0,15,0,0,15
0,13,0,0,13
0,5,0,0,5
0,6,0,0,6
0,1,0,0,1
0,5,0,0,5
0,17,7,0,24
0,2,0,0,2
0,2,0,0,2
0,9,0,0,9
0,3,0,0,3
0,2,0,0,2
0,3,0,0,3
0,2,0,0,2
0,3,0,0,3
0,15,3,0,18
0,1,0,0,1
0,1,1,0,2
0,1,0,0,1
0,1,0,0,1
0,2,1,0,3
0,1,0,0,1
0,2,0,0,2
0,1,0,0,1
0,7,0,0,7
0,4,3,0,7
0,1,0,0,1
0,2,0,0,2
0,2,0,0,2
0,64,3,0,67
0,2,0,0,2
0,19,0,0,19
0,12,0,0,12
0,8,0,0,8
0,10,0,0,10
0,1,1,0,2
0,7,0,0,7
0,4,0,0,4
0,1,0,0,1
0,9,0,0,9
0,2,0,0,2
0,6,0,0,6
0,6,0,0,6
0,4,0,0,4
0,4,0,0,4
0,1,1,0,2
0,15,0,0,15
0,25,0,0,25
0,33,0,0,33
0,2,0,0,2
0,9,0,0,9
0,3,1,0,4
0,3,0,0,3
0,6,0,0,6
0,7,0,0,7
0,16,0,0,16
0,15,1,0,16
0,10,0,0,10
0,3,0,0,3
0,1,1,0,2
0,1,1,0,2
0,2,0,0,2
0,5,0,0,5
0,3,0,0,3
0,21,0,0,21
0,3,0,0,3
0,4,0,0,4
0,25,0,0,25
0,3,0,0,3
0,12,0,0,12
0,1,0,0,1
0,2,0,0,2
0,2,0,0,2
0,1,1,0,2
0,2,0,0,2
0,8,0,0,8
0,3,0,0,3
0,17,0,0,17
0,2,0,0,2
0,5,0,0,5
0,2,0,0,2
0,3,2,0,5
0,3,0,0,3
0,6,0,0,6
0,7,0,0,7
0,2,0,0,2
0,2,0,0,2
0,8,0,0,8
0,2,1,0,3
0,6,0,0,6
0,6,0,0,6
0,2,0,0,2
0,12,0,0,12
0,3,0,0,3
0,28,2,0,30
0,1,0,0,1
0,8,0,0,8
0,22,0,0,22
0,6,0,0,6
0,4,0,0,4
0,3,0,0,3
0,2,0,0,2
0,2,0,0,2
0,19,0,0,19
0,17,0,0,17
0,10,0,0,10
0,19,0,0,19
0,7,1,0,8
0,2,0,0,2
0,4,0,0,4
0,2,0,0,2
0,4,0,0,4
0,10,0,0,10
0,6,0,0,6
0,3,0,0,3
0,4,0,0,4
0,3,0,0,3
0,20,0,0,20
0,12,0,0,12
0,4,0,0,4
0,4,0,0,4
0,7,0,0,7
0,7,0,0,7
0,8,0,0,8
0,2,0,0,2
0,5,0,0,5
0,3,0,0,3
0,3,2,0,5
0,2,0,0,2
0,9,0,0,9
0,1,0,0,1
0,2,0,0,2
0,3,0,0,3
0,1,0,0,1
0,2,2,0,4
0,1,0,0,1
0,2,0,0,2
0,1,0,0,1
0,46,0,0,46
0,13,0,0,13
0,1,1,0,2
0,2,0,0,2
0,6,0,0,6
0,2,0,0,2
0,6,0,0,6
0,1,0,0,1
0,11,0,0,11
0,3,0,0,3
0,12,6,0,18
0,5,0,0,5
0,1,0,0,1
0,20,1,0,21
0,5,0,0,5
0,6,0,0,6
0,2,0,0,2
0,3,0,0,3
0,8,2,0,10
0,2,0,0,2
0,2,0,0,2
0,4,0,0,4
0,1,1,0,2
0,1,0,0,1
0,6,0,0,6
0,9,0,0,9
0,22,0,0,22
0,3,3,0,6
0,2,0,0,2
0,10,0,0,10
0,4,0,0,4
0,4,10,0,14
0,2,0,0,2
0,4,0,0,4
0,1,1,0,2
0,2,0,0,2
0,1,0,0,1
0,10,0,0,10
0,4,0,0,4
0,1,0,0,1
0,1,0,0,1
0,2,0,0,2
0,3,0,0,3
0,5,0,0,5
0,7,0,0,7
0,2,0,0,2
0,5,1,0,6
0,3,0,0,3
0,1,0,0,1
0,3,0,0,3
0,4,0,0,4
0,5,0,0,5
0,2,0,0,2
0,3,0,0,3
0,2,0,0,2
0,1,0,0,1
0,6,0,0,6
0,4,0,0,4
0,2,0,0,2
0,5,0,0,5
0,10,0,0,10
0,2,0,0,2
0,16,0,0,16
0,1,0,0,1
0,7,0,0,7
0,6,0,0,6
0,10,0,0,10
0,3,0,0,3
0,3,0,0,3
0,1,0,0,1
0,1,0,0,1
0,2,0,0,2
0,1,0,0,1
0,8,1,0,9
0,8,0,0,8
0,6,0,0,6
0,2,0,0,2
0,5,1,0,6
0,2,3,0,5
0,3,0,0,3
0,12,0,0,12
0,4,0,0,4
0,8,0,0,8
0,7,1,0,8
0,19,0,0,19
0,1,0,0,1
0,3,0,0,3
0,2,0,0,2
0,2,0,0,2
0,1,0,0,1
0,2,0,0,2
0,3,0,0,3
0,2,0,0,2
0,23,0,0,23
0,10,0,0,10
0,10,1,0,11
0,1,0,0,1
0,4,1,0,5
0,4,1,0,5
0,3,0,0,3
0,35,5,0,40
0,8,1,0,9
0,4,0,0,4
0,1,1,0,2
0,1,0,0,1
0,6,0,0,6
0,3,0,0,3
0,2,0,0,2
0,2,0,0,2
0,4,0,0,4
0,4,0,0,4
0,2,0,0,2
0,1,0,0,1
0,4,0,0,4
0,1,0,0,1
0,9,0,0,9
0,2,0,0,2
0,12,0,0,12
0,3,0,0,3
0,2,0,0,2
0,4,0,0,4
0,10,0,0,10
0,33,0,0,33
0,8,0,0,8
0,2,0,0,2
0,1,1,0,2
0,1,0,0,1
0,2,0,0,2
0,2,0,0,2
0,1,0,0,1
0,6,0,0,6
0,6,0,0,6
0,1,0,0,1
0,4,0,0,4
0,5,0,0,5
0,2,0,0,2
0,3,0,0,3
0,37,0,0,37
0,1,0,0,1
0,3,1,0,4
0,1,0,0,1
0,1,1,0,2
0,1,0,0,1
0,5,1,0,6
0,2,0,0,2
0,2,0,0,2
0,14,0,0,14
0,3,0,0,3
0,1,0,0,1
0,2,0,0,2
0,1,1,0,2
0,6,0,0,6
0,12,12,0,24
0,12,11,0,23
0,2,0,0,2
0,2,0,0,2
0,3,0,0,3
0,2,0,0,2
0,4,3,0,7
0,2,0,0,2
0,2,0,0,2
0,1,0,0,1
0,2,0,0,2
0,25,0,0,25
0,4,0,0,4
0,1,1,0,2
0,1,0,0,1
0,17,0,0,17
0,2,0,0,2
0,11,1,0,12
0,9,1,0,10
0,8,0,0,8
0,4,0,0,4
0,4,0,0,4
0,8,0,0,8
0,1,1,0,2
0,1,0,0,1
0,2,0,0,2
0,5,0,0,5
0,2,0,0,2
0,2,0,0,2
0,3,0,0,3
0,6,0,0,6
0,4,3,0,7
0,6,0,0,6
0,1,0,0,1
0,1,0,0,1
0,2,0,0,2
0,3,0,0,3
0,3,0,0,3
0,4,0,0,4
0,4,0,0,4
0,4,1,0,5
0,3,0,0,3
0,3,0,0,3
0,3,0,0,3
0,7,0,0,7
0,2,0,0,2
0,2,0,0,2
0,2,0,0,2
0,2,0,0,2
0,5,1,0,6
0,3,0,0,3
0,5,0,0,5
0,2,0,0,2
0,1,0,0,1
0,14,8,0,22
0,1,1,0,2
0,13,0,0,13
0,9,0,0,9
0,1,0,0,1
0,2,0,0,2
0,1,0,0,1
0,2,0,0,2
0,33,0,0,33
0,2,0,0,2
0,3,0,0,3
0,1,0,0,1
0,2,0,0,2
0,6,1,0,7
0,2,0,0,2
0,2,0,0,2
0,8,0,0,8
0,2,0,0,2
0,3,0,0,3
0,2,0,0,2
0,2,0,0,2
0,8,0,0,8
0,3,0,0,3
0,3,0,0,3
0,1,0,0,1
0,4,0,0,4
0,3,0,0,3
0,14,0,0,14
0,15,0,0,15
0,5,0,0,5
0,10,0,0,10
0,11,0,0,11
0,14,0,0,14
0,13,0,0,13
0,10,0,0,10
0,12,0,0,12
0,2,0,0,2
0,11,0,0,11
0,5,0,0,5
0,23,0,0,23
0,15,0,0,15
0,2,0,0,2
0,12,1,0,13
0,4,0,0,4
0,2,0,0,2
0,1,0,0,1
0,8,0,0,8
0,8,0,0,8
0,15,0,0,15
0,1,0,0,1
0,2,0,0,2
0,4,0,0,4
0,4,0,0,4
0,1,0,0,1
0,5,0,0,5
0,22,0,0,22
0,3,0,0,3
0,3,0,0,3
0,2,1,0,3
0,8,0,0,8
0,12,0,0,12
0,3,0,0,3
0,3,0,0,3
0,4,0,0,4
0,3,0,0,3
0,2,0,0,2
0,11,1,0,12
0,2,0,0,2
0,46,0,0,46
0,2,0,0,2
0,2,1,0,3
0,8,0,0,8
0,8,0,0,8
0,2,0,0,2
0,3,0,0,3
0,5,1,0,6
0,5,1,0,6
0,2,0,0,2
0,1,0,0,1
0,2,0,0,2
0,6,0,0,6
0,41,0,0,41
0,8,0,0,8
0,8,1,0,9
0,2,0,0,2
0,1,1,0,2
0,1,0,0,1
0,1,0,0,1
0,2,0,0,2
0,3,0,0,3
0,3,0,0,3
0,9,0,0,9
0,2,0,0,2
0,25,0,0,25
0,3,0,0,3
0,3,0,0,3
0,4,0,0,4
0,4,0,0,4
0,4,0,0,4
0,3,0,0,3
0,19,0,0,19
0,4,0,0,4
0,5,0,0,5
0,2,0,0,2
0,2,0,0,2
0,3,0,0,3
0,3,0,0,3
0,2,0,0,2
0,5,0,0,5
0,2,0,0,2
0,7,0,0,7
0,1,0,0,1
0,20,0,0,20
0,3,0,0,3
0,1,0,0,1
0,7,0,0,7
0,7,0,0,7
0,2,0,0,2
0,2,0,0,2
0,2,0,0,2
0,2,0,0,2
0,3,0,0,3
0,3,0,0,3
0,1,0,0,1
0,4,1,0,5
0,5,0,0,5
0,6,0,0,6
0,3,0,0,3
0,1,0,0,1
0,2,0,0,2
0,1,0,0,1
0,2,0,0,2
0,1,0,0,1
0,2,0,0,2
0,3,1,0,4
0,6,0,0,6
0,2,0,0,2
0,1,0,0,1
0,4,0,0,4
0,1,0,0,1
0,4,0,0,4
0,2,0,0,2
0,4,1,0,5
0,3,0,0,3
0,5,0,0,5
0,8,0,0,8
0,39,0,0,39
0,3,2,0,5
0,1,1,0,2
0,1,0,0,1
0,5,0,0,5
0,4,0,0,4
0,4,0,0,4
0,4,0,0,4
0,21,0,0,21
0,14,2,0,16
0,2,0,0,2
0,2,0,0,2
0,1,0,0,1
0,1,0,0,1
0,18,0,0,18
0,4,0,0,4
0,6,0,0,6
0,3,0,0,3
0,12,0,0,12
0,12,0,0,12
0,5,0,0,5
0,7,0,0,7
0,10,0,0,10
0,2,0,0,2
0,1,0,0,1
0,9,0,0,9
0,2,0,0,2
0,10,0,0,10
0,20,0,0,20
0,4,0,0,4
0,1,1,0,2
0,1,0,0,1
0,1,1,0,2
0,1,0,0,1
0,2,0,0,2
0,2,0,0,2
0,2,0,0,2
0,2,0,0,2
0,1,0,0,1
0,15,0,0,15
0,6,0,0,6
0,5,0,0,5
0,6,0,0,6
0,5,0,0,5
0,5,0,0,5
0,20,0,0,20
0,3,0,0,3
0,2,0,0,2
0,4,0,0,4
0,3,3,0,6
0,3,2,0,5
0,1,0,0,1
0,2,0,0,2
0,1,0,0,1
0,3,0,0,3
0,4,0,0,4
0,4,0,0,4
0,1,0,0,1
0,10,0,0,10
0,6,0,0,6
0,1,0,0,1
0,11,4,0,15
0,42,0,0,42
0,2,0,0,2
0,2,0,0,2
0,2,0,0,2
0,2,0,0,2
0,19,1,0,20
0,4,1,0,5
0,1,0,0,1
0,1,0,0,1
0,3,0,0,3
0,3,0,0,3
0,2,0,0,2
0,2,0,0,2
0,15,0,0,15
0,13,0,0,13
0,4,0,0,4
0,18,0,0,18
0,13,0,0,13
0,7,0,0,7
0,10,8,0,18
0,1,1,0,2
0,1,1,0,2
0,1,0,0,1
0,1,1,0,2
0,9,0,0,9
0,2,0,0,2
0,2,0,0,2
0,1,2,0,3
0,1,0,0,1
0,1,0,0,1
0,8,0,0,8
0,5,1,0,6
0,2,0,0,2
0,4,0,0,4
0,2,3,0,5
0,1,0,0,1
0,4,0,0,4
0,2,0,0,2
0,2,0,0,2
0,6,0,0,6
0,7,0,0,7
0,2,1,0,3
0,2,0,0,2
0,2,0,0,2
0,4,0,0,4
0,14,8,0,22
0,2,0,0,2
0,6,11,0,17
0,6,10,0,16
0,11,0,0,11
0,3,0,0,3
0,1,0,0,1
0,1,0,0,1
0,1,1,0,2
0,1,0,0,1
0,8,0,0,8
0,4,0,0,4
0,4,0,0,4
0,2,0,0,2
0,2,0,0,2
0,2,0,0,2
0,3,0,0,3
0,4,0,0,4
0,2,0,0,2
0,1,0,0,1
0,8,0,0,8
0,2,0,0,2
0,7,0,0,7
0,2,0,0,2
0,2,0,0,2
0,2,0,0,2
0,4,0,0,4
0,12,0,0,12
0,9,0,0,9
0,4,0,0,4
0,3,0,0,3
0,2,0,0,2
0,4,0,0,4
0,4,1,0,5
0,2,0,0,2
0,3,0,0,3
0,1,0,0,1
0,6,0,0,6
0,8,0,0,8
0,24,0,0,24
0,25,0,0,25
0,2,0,0,2
0,31,0,0,31
0,19,0,0,19
0,2,0,0,2
0,2,0,0,2
0,2,0,0,2
0,5,0,0,5
0,3,0,0,3
0,10,0,0,10
0,3,0,0,3
0,3,0,0,3
0,3,0,0,3
0,3,0,0,3
0,4,0,0,4
0,15,0,0,15
0,13,0,0,13
0,8,1,0,9
0,1,0,0,1
0,1,0,0,1
0,4,0,0,4
0,5,1,0,6
0,2,0,0,2
0,4,0,0,4
0,2,0,0,2
0,1,1,0,2
0,1,0,0,1
0,2,0,0,2
0,7,0,0,7
0,2,0,0,2
0,2,0,0,2
0,12,0,0,12
0,11,0,0,11
0,11,0,0,11
0,6,0,0,6
0,5,0,0,5
0,1,0,0,1
0,2,0,0,2
0,1,0,0,1
0,2,0,0,2
0,2,0,0,2
0,46,0,0,46
0,7,0,0,7
0,5,1,0,6
0,2,0,0,2
0,3,0,0,3
0,4,0,0,4
0,2,0,0,2
0,2,0,0,2
0,1,0,0,1
0,3,0,0,3
0,4,0,0,4
0,11,0,0,11
0,6,0,0,6
0,5,1,0,6
0,3,0,0,3
0,1,0,0,1
0,1,0,0,1
0,4,0,0,4
0,2,0,0,2
0,8,0,0,8
0,8,0,0,8
0,8,0,0,8
0,1,0,0,1
0,1,1,0,2
0,1,0,0,1
0,3,0,0,3
0,5,3,0,8
0,2,0,0,2
0,6,0,0,6
0,1,0,0,1
0,1,0,0,1
0,3,0,0,3
0,3,0,0,3
0,4,0,0,4
0,2,0,0,2
0,3,0,0,3
0,4,0,0,4
0,14,0,0,14
0,4,0,0,4
0,4,0,0,4
0,9,0,0,9
0,2,0,0,2
0,3,1,0,4
0,4,0,0,4
0,4,0,0,4
0,7,0,0,7
0,12,0,0,12
0,23,0,0,23
0,1,0,0,1
0,1,0,0,1
0,1,0,0,1
0,3,0,0,3
0,37,0,0,37
0,12,0,0,12
0,10,0,0,10
0,6,0,0,6
0,6,0,0,6
0,5,0,0,5
0,18,0,0,18
0,3,1,0,4
0,2,1,0,3
0,2,0,0,2
0,3,0,0,3
0,3,0,0,3
0,3,0,0,3
0,5,0,0,5
0,1,0,0,1
0,2,1,0,3
0,2,0,0,2
0,12,0,0,12
0,6,0,0,6
0,7,0,0,7
0,3,0,0,3
0,2,0,0,2
0,3,0,0,3
0,6,3,0,9
0,5,1,0,6
0,1,1,0,2
0,1,2,0,3
0,5,0,0,5
0,1,0,0,1
0,2,0,0,2
0,4,0,0,4
0,14,0,0,14
0,3,0,0,3
0,10,0,0,10
0,10,0,0,10
0,19,0,0,19
0,2,0,0,2
0,8,0,0,8
0,2,0,0,2
0,1,1,0,2
0,2,2,0,4
0,15,0,0,15
0,10,0,0,10
0,2,0,0,2
0,8,0,0,8
0,10,0,0,10
0,3,0,0,3
0,4,0,0,4
0,4,0,0,4
0,5,0,0,5
0,4,0,0,4
0,4,0,0,4
0,1,1,0,2
0,2,0,0,2
0,1,0,0,1
0,4,0,0,4
0,3,0,0,3
0,2,0,0,2
0,2,0,0,2
0,4,0,0,4
0,1,0,0,1
0,1,1,0,2
0,4,2,0,6
0,2,0,0,2
0,2,0,0,2
0,2,0,0,2
0,1,0,0,1
0,6,0,0,6
0,2,0,0,2
0,5,1,0,6
0,1,0,0,1
0,2,0,0,2
0,13,0,0,13
0,3,0,0,3
0,10,0,0,10
0,2,0,0,2
0,2,0,0,2
0,9,0,0,9
0,2,0,0,2
0,3,2,0,5
0,6,0,0,6
0,1,0,0,1
0,2,0,0,2
0,5,0,0,5
0,6,0,0,6
0,2,0,0,2
0,2,0,0,2
0,2,0,0,2
0,1,0,0,1
0,1,2,0,3
0,39,0,0,39
0,25,2,0,27
0,3,0,0,3
0,3,1,0,4
0,3,0,0,3
0,4,0,0,4
0,4,0,0,4
0,2,0,0,2
0,2,0,0,2
0,8,0,0,8
0,1,1,0,2
0,1,0,0,1
0,3,0,0,3
0,11,0,0,11
0,11,0,0,11
0,11,0,0,11
0,24,0,0,24
0,2,0,0,2
0,2,0,0,2
0,8,0,0,8
0,2,0,0,2
0,13,0,0,13
0,6,0,0,6
0,2,0,0,2
0,6,0,0,6
0,6,0,0,6
0,4,0,0,4
0,10,0,0,10
0,2,0,0,2
0,10,0,0,10
0,5,1,0,6
0,2,0,0,2
0,5,0,0,5
0,3,0,0,3
0,2,0,0,2
0,9,0,0,9
0,1,1,0,2
0,3,0,0,3
0,1,0,0,1
0,2,0,0,2
0,1,1,0,2
0,1,1,0,2
0,3,0,0,3
0,6,0,0,6
0,4,0,0,4
0,6,0,0,6
0,2,0,0,2
0,1,0,0,1
0,5,0,0,5
0,2,0,0,2
0,4,0,0,4
0,2,0,0,2
0,3,0,0,3
0,1,0,0,1
0,5,0,0,5
0,10,0,0,10
0,3,0,0,3
0,2,0,0,2
0,9,2,0,11
0,2,0,0,2
0,15,0,0,15
0,14,0,0,14
0,2,0,0,2
0,4,0,0,4
0,4,0,0,4
0,1,0,0,1
0,4,0,0,4
0,15,0,0,15
0,2,0,0,2
0,2,0,0,2
0,4,0,0,4
0,7,0,0,7
0,7,0,0,7
0,34,0,0,34
0,11,0,0,11
0,1,0,0,1
0,6,0,0,6
0,4,0,0,4
0,1,0,0,1
0,3,0,0,3
0,2,2,0,4
0,5,0,0,5
0,4,0,0,4
0,2,0,0,2
0,5,1,0,6
0,3,1,0,4
0,3,0,0,3
0,2,0,0,2
0,16,0,0,16
0,3,0,0,3
0,1,0,0,1
0,13,0,0,13
0,6,0,0,6
0,9,1,0,10
0,2,0,0,2
0,1,0,0,1
0,4,0,0,4
0,7,0,0,7
0,3,0,0,3
0,1,0,0,1
0,1,0,0,1
0,3,0,0,3
0,4,0,0,4
0,1,0,0,1
0,6,2,0,8
0,13,2,0,15
0,3,0,0,3
0,1,0,0,1
0,4,0,0,4
0,26,0,0,26
0,6,0,0,6
0,2,0,0,2
0,1,0,0,1
0,5,0,0,5
0,1,0,0,1
0,31,0,0,31
0,5,0,0,5
0,4,0,0,4
0,4,0,0,4
0,3,0,0,3
0,3,0,0,3
0,4,0,0,4
0,13,0,0,13
0,2,1,0,3
0,5,0,0,5
0,2,0,0,2
0,5,0,0,5
0,19,0,0,19
0,2,0,0,2
0,5,0,0,5
0,2,0,0,2
0,7,1,0,8
0,2,0,0,2
0,1,0,0,1
0,4,0,0,4
0,8,0,0,8
0,8,0,0,8
0,3,1,0,4
0,2,1,0,3
0,5,1,0,6
0,3,0,0,3
0,5,0,0,5
0,13,0,0,13
0,2,0,0,2
0,2,0,0,2
0,2,0,0,2
0,1,0,0,1
0,1,0,0,1
0,2,0,0,2
0,1,0,0,1
0,4,0,0,4
0,1,1,0,2
0,1,0,0,1
0,1,0,0,1
0,18,5,0,23
0,4,0,0,4
0,4,0,0,4
0,3,0,0,3
0,3,0,0,3
0,6,0,0,6
0,2,0,0,2
0,16,0,0,16
0,1,0,0,1
0,4,0,0,4
0,2,0,0,2
0,6,0,0,6
0,1,0,0,1
0,2,0,0,2
0,3,4,0,7
0,6,0,0,6
0,4,0,0,4
0,2,0,0,2
0,1,0,0,1
0,5,0,0,5
0,2,0,0,2
0,11,0,0,11
0,3,0,0,3
0,2,0,0,2
0,4,0,0,4
0,2,0,0,2
0,2,0,0,2
0,3,0,0,3
0,9,0,0,9
0,2,0,0,2
0,3,0,0,3
0,5,0,0,5
0,5,0,0,5
0,12,0,0,12
0,1,2,0,3
0,3,0,0,3
0,3,0,0,3
0,5,0,0,5
0,1,0,0,1
0,7,0,0,7
0,1,1,0,2
0,1,0,0,1
0,1,0,0,1
0,2,0,0,2
0,2,0,0,2
0,3,0,0,3
0,3,0,0,3
0,6,0,0,6
0,3,0,0,3
0,11,0,0,11
0,2,0,0,2
0,11,0,0,11
0,3,1,0,4
0,4,0,0,4
0,8,0,0,8
0,4,0,0,4
0,6,0,0,6
0,11,0,0,11
0,3,0,0,3
0,2,0,0,2
0,2,2,0,4
0,11,0,0,11
0,12,0,0,12
0,2,0,0,2
0,2,0,0,2
0,5,0,0,5
0,4,0,0,4
0,1,0,0,1
0,9,0,0,9
0,4,0,0,4
0,3,0,0,3
0,19,0,0,19
0,2,0,0,2
0,8,0,0,8
0,3,0,0,3
0,2,0,0,2
0,1,0,0,1
0,2,0,0,2
0,3,0,0,3
0,3,0,0,3
0,4,1,0,5
0,2,0,0,2
0,2,0,0,2
0,5,0,0,5
0,3,0,0,3
0,2,2,0,4
0,3,0,0,3
0,1,0,0,1
0,2,0,0,2
0,2,0,0,2
0,4,0,0,4
0,4,0,0,4
0,5,0,0,5
0,4,0,0,4
0,4,0,0,4
0,1,0,0,1
0,1,0,0,1
0,4,0,0,4
0,2,0,0,2
0,20,0,0,20
0,12,0,0,12
0,2,0,0,2
0,3,0,0,3
0,12,0,0,12
0,2,0,0,2
0,1,0,0,1
0,2,1,0,3
0,2,0,0,2
0,10,0,0,10
0,9,0,0,9
0,9,0,0,9
0,12,0,0,12
0,2,0,0,2
0,6,0,0,6
0,5,0,0,5
0,9,0,0,9
0,9,0,0,9
0,5,0,0,5
0,3,0,0,3
0,4,0,0,4
0,3,0,0,3
0,2,0,0,2
0,23,0,0,23
0,2,0,0,2
0,1,0,0,1
0,1,0,0,1
0,10,1,0,11
0,6,0,0,6
0,8,2,0,10
0,5,0,0,5
0,4,0,0,4
0,3,0,0,3
0,8,0,0,8
0,7,0,0,7
0,1,2,0,3
0,2,0,0,2
0,2,0,0,2
0,2,0,0,2
0,1,1,0,2
0,1,0,0,1
0,1,0,0,1
0,12,0,0,12
0,7,0,0,7
0,8,0,0,8
0,9,0,0,9
0,3,0,0,3
0,4,0,0,4
0,3,0,0,3
0,21,0,0,21
0,2,1,0,3
0,2,0,0,2
0,1,0,0,1
0,1,0,0,1
0,8,0,0,8
0,2,0,0,2
0,2,0,0,2
0,2,0,0,2
0,21,0,0,21
0,2,0,0,2
0,6,0,0,6
0,19,1,0,20
0,1,0,0,1
0,2,0,0,2
0,1,0,0,1
0,1,0,0,1
0,6,0,0,6
0,3,1,0,4
0,1,0,0,1
0,2,0,0,2
0,18,0,0,18
0,1,0,0,1
0,7,0,0,7
0,8,2,0,10
0,3,0,0,3
0,2,0,0,2
0,3,0,0,3
0,4,0,0,4
0,14,0,0,14
0,4,0,0,4
0,8,0,0,8
0,5,1,0,6
0,1,0,0,1
0,4,0,0,4
0,6,0,0,6
0,2,0,0,2
0,21,0,0,21
0,9,0,0,9
0,1,0,0,1
0,1,0,0,1
0,2,0,0,2
0,4,0,0,4
0,13,0,0,13
0,8,0,0,8
0,2,0,0,2
0,3,1,0,4
0,4,0,0,4
0,13,0,0,13
0,14,0,0,14
0,11,0,0,11
0,10,0,0,10
0,10,0,0,10
0,3,1,0,4
0,5,0,0,5
0,6,0,0,6
0,5,0,0,5
0,24,0,0,24
0,13,0,0,13
0,3,0,0,3
0,3,1,0,4
0,3,0,0,3
0,5,1,0,6
0,2,0,0,2
0,1,0,0,1
0,12,0,0,12
0,2,0,0,2
0,7,0,0,7
0,4,1,0,5
0,4,1,0,5
0,10,0,0,10
0,8,0,0,8
0,2,0,0,2
0,2,1,0,3
0,7,0,0,7
0,20,0,0,20
0,4,0,0,4
0,1,0,0,1
0,2,0,0,2
0,2,0,0,2
0,1,0,0,1
0,1,0,0,1
0,1,0,0,1
0,4,0,0,4
0,6,0,0,6
0,3,0,0,3
0,4,0,0,4
0,5,0,0,5
0,5,0,0,5
0,2,1,0,3
0,2,0,0,2
0,4,1,0,5
0,4,0,0,4
0,2,0,0,2
0,3,0,0,3
0,12,0,0,12
0,4,0,0,4
0,4,0,0,4
0,7,0,0,7
0,16,0,0,16
0,2,0,0,2
0,3,0,0,3
0,12,0,0,12
0,1,0,0,1
0,2,0,0,2
0,6,0,0,6
0,17,0,0,17
0,16,0,0,16
0,4,0,0,4
0,8,2,0,10
0,3,0,0,3
0,5,0,0,5
0,7,0,0,7
0,2,0,0,2
0,3,0,0,3
0,15,0,0,15
0,5,0,0,5
0,5,0,0,5
0,4,0,0,4
0,2,0,0,2
0,2,0,0,2
0,6,0,0,6
0,1,0,0,1
0,1,1,0,2
0,2,0,0,2
0,5,0,0,5
0,4,0,0,4
0,14,0,0,14
0,2,0,0,2
0,1,0,0,1
0,7,0,0,7
0,2,0,0,2
0,1,1,0,2
0,2,0,0,2
0,12,0,0,12
0,4,0,0,4
0,4,0,0,4
0,3,0,0,3
0,2,0,0,2
0,6,0,0,6
0,8,0,0,8
0,8,1,0,9
0,2,0,0,2
0,4,0,0,4
0,4,0,0,4
0,7,1,0,8
0,3,0,0,3
0,5,2,0,7
0,2,0,0,2
0,24,6,0,30
0,2,0,0,2
0,3,2,0,5
0,2,0,0,2
0,2,1,0,3
0,2,0,0,2
0,3,0,0,3
0,4,2,0,6
0,1,1,0,2
0,5,0,0,5
0,3,0,0,3
0,2,0,0,2
0,4,0,0,4
0,4,0,0,4
0,4,0,0,4
0,9,0,0,9
0,2,0,0,2
0,14,0,0,14
0,2,0,0,2
0,2,0,0,2
0,3,1,0,4
0,3,3,0,6
0,3,3,0,6
0,2,0,0,2
0,1,1,0,2
0,2,0,0,2
0,11,0,0,11
0,2,0,0,2
0,14,0,0,14
0,10,0,0,10
0,3,0,0,3
0,3,0,0,3
0,3,0,0,3
0,4,0,0,4
0,3,0,0,3
0,1,0,0,1
0,1,0,0,1
0,2,0,0,2
0,6,0,0,6
0,2,0,0,2
0,2,0,0,2
0,7,0,0,7
0,8,0,0,8
0,8,0,0,8
0,2,0,0,2
0,4,0,0,4
0,24,0,0,24
0,2,0,0,2
0,18,1,0,19
0,4,0,0,4
0,13,0,0,13
0,4,0,0,4
0,3,0,0,3
0,2,0,0,2
0,5,0,0,5
0,6,0,0,6
0,6,0,0,6
0,4,0,0,4
0,3,0,0,3
0,2,0,0,2
0,2,0,0,2
0,6,0,0,6
0,8,0,0,8
0,9,1,0,10
0,9,0,0,9
0,3,1,0,4
0,2,0,0,2
0,3,0,0,3
0,2,1,0,3
0,2,2,0,4
0,1,1,0,2
0,1,0,0,1
0,3,0,0,3
0,11,0,0,11
0,2,2,0,4
0,2,2,0,4
0,3,0,0,3
0,6,0,0,6
0,5,0,0,5
0,7,0,0,7
0,4,0,0,4
0,1,0,0,1
0,1,0,0,1
0,6,0,0,6
0,1,0,0,1
0,2,0,0,2
0,6,0,0,6
0,6,0,0,6
0,5,2,0,7
0,11,0,0,11
0,6,2,0,8
0,11,0,0,11
0,42,0,0,42
0,21,0,0,21
0,2,0,0,2
0,2,0,0,2
0,2,0,0,2
0,5,0,0,5
0,11,0,0,11
0,6,0,0,6
0,2,0,0,2
0,10,0,0,10
0,12,1,0,13
0,1,0,0,1
0,2,0,0,2
0,2,0,0,2
0,7,1,0,8
0,7,0,0,7
0,3,0,0,3
0,2,0,0,2
0,4,0,0,4
0,3,0,0,3
0,3,0,0,3
0,4,0,0,4
0,9,0,0,9
0,8,0,0,8
0,4,0,0,4
0,5,0,0,5
0,4,0,0,4
0,4,0,0,4
0,16,0,0,16
0,7,1,0,8
0,10,0,0,10
0,2,0,0,2
0,10,0,0,10
0,4,0,0,4
0,19,0,0,19
0,18,0,0,18
0,2,2,0,4
0,1,0,0,1
0,2,1,0,3
0,8,0,0,8
0,8,0,0,8
0,4,0,0,4
0,2,0,0,2
0,2,0,0,2
0,2,0,0,2
0,1,0,0,1
0,2,0,0,2
0,11,0,0,11
0,8,1,0,9
0,4,0,0,4
0,4,0,0,4
0,2,0,0,2
0,2,0,0,2
0,10,1,0,11
0,4,0,0,4
0,11,0,0,11
0,11,0,0,11
0,3,0,0,3
0,9,0,0,9
0,1,0,0,1
0,2,0,0,2
0,2,0,0,2
0,2,0,0,2
0,3,0,0,3
0,2,0,0,2
0,5,0,0,5
0,4,0,0,4
0,1,1,0,2
0,2,0,0,2
0,7,0,0,7
0,2,0,0,2
0,3,0,0,3
0,47,0,0,47
0,4,0,0,4
0,2,0,0,2
0,12,12,0,24
0,2,0,0,2
0,10,0,0,10
0,11,0,0,11
0,3,0,0,3
0,1,0,0,1
0,4,0,0,4
0,4,0,0,4
0,7,0,0,7
0,3,0,0,3
0,3,0,0,3
0,2,0,0,2
0,2,0,0,2
0,4,0,0,4
0,3,1,0,4
0,3,0,0,3
0,2,0,0,2
0,2,1,0,3
0,12,0,0,12
0,1,1,0,2
0,2,0,0,2
0,2,0,0,2
0,2,0,0,2
0,2,0,0,2
0,16,29,0,45
0,2,0,0,2
0,8,0,0,8
0,3,0,0,3
0,3,0,0,3
0,4,0,0,4
0,5,1,0,6
0,2,0,0,2
0,2,0,0,2
0,4,0,0,4
0,2,1,0,3
0,4,0,0,4
0,4,0,0,4
0,3,0,0,3
0,3,0,0,3
0,8,0,0,8
0,9,0,0,9
0,7,0,0,7
0,5,0,0,5
0,4,0,0,4
0,2,0,0,2
0,1,1,0,2
0,2,0,0,2
0,6,0,0,6
0,1,0,0,1
0,2,0,0,2
0,2,1,0,3
0,1,1,0,2
0,1,1,0,2
0,16,0,0,16
0,12,0,0,12
0,3,0,0,3
0,42,0,0,42
0,6,0,0,6
0,3,0,0,3
0,12,1,0,13
0,1,1,0,2
0,1,0,0,1
0,28,0,0,28
0,16,0,0,16
0,6,0,0,6
0,3,0,0,3
0,7,0,0,7
0,2,0,0,2
0,8,0,0,8
0,2,0,0,2
0,10,0,0,10
0,13,0,0,13
0,3,0,0,3
0,2,0,0,2
0,2,0,0,2
0,1,0,0,1
0,1,0,0,1
0,1,0,0,1
0,1,0,0,1
0,4,0,0,4
0,4,0,0,4
0,1,0,0,1
0,4,0,0,4
0,2,0,0,2
0,6,0,0,6
0,3,0,0,3
0,2,0,0,2
0,3,0,0,3
0,3,0,0,3
0,4,2,0,6
0,1,0,0,1
0,3,0,0,3
0,3,0,0,3
0,2,0,0,2
0,3,0,0,3
0,3,0,0,3
0,1,0,0,1
0,2,0,0,2
0,2,0,0,2
0,1,1,0,2
0,1,0,0,1
0,2,0,0,2
0,1,0,0,1
0,1,1,0,2
0,13,0,0,13
0,15,0,0,15
0,1,0,0,1
0,2,0,0,2
0,2,0,0,2
0,2,0,0,2
0,2,0,0,2
0,2,0,0,2
0,4,1,0,5
0,3,1,0,4
0,2,0,0,2
0,2,0,0,2
0,2,0,0,2
0,2,0,0,2
0,4,0,0,4
0,1,0,0,1
0,3,0,0,3
0,2,0,0,2
0,3,0,0,3
0,2,0,0,2
0,4,0,0,4
0,4,0,0,4
0,40,0,0,40
0,1,1,0,2
0,2,0,0,2
0,1,0,0,1
0,15,4,0,19
0,6,0,0,6
0,4,0,0,4
0,13,0,0,13
0,45,2,0,47
0,2,0,0,2
0,1,0,0,1
0,25,0,0,25
0,4,1,0,5
0,4,0,0,4
0,5,0,0,5
0,2,0,0,2
0,3,0,0,3
0,6,0,0,6
0,14,0,0,14
0,2,0,0,2
0,5,0,0,5
0,2,0,0,2
0,9,0,0,9
0,2,0,0,2
0,1,0,0,1
0,16,0,0,16
0,7,0,0,7
0,27,0,0,27
0,12,0,0,12
0,3,0,0,3
0,3,0,0,3
0,3,1,0,4
0,1,1,0,2
0,3,0,0,3
0,8,0,0,8
0,10,1,0,11
0,11,0,0,11
0,2,0,0,2
0,29,0,0,29
0,8,0,0,8
0,1,1,0,2
0,5,0,0,5
0,6,2,0,8
0,3,0,0,3
0,2,0,0,2
0,2,0,0,2
0,2,0,0,2
0,3,1,0,4
0,4,0,0,4
0,3,0,0,3
0,2,0,0,2
0,2,0,0,2
0,1,0,0,1
0,7,0,0,7
0,12,2,0,14
0,2,0,0,2
0,1,0,0,1
0,1,1,0,2
0,3,0,0,3
0,3,0,0,3
0,3,0,0,3
0,3,0,0,3
0,6,0,0,6
0,10,0,0,10
0,2,0,0,2
0,12,0,0,12
0,3,0,0,3
0,8,0,0,8
0,1,1,0,2
0,2,0,0,2
0,1,0,0,1
0,7,0,0,7
0,7,0,0,7
0,11,0,0,11
0,23,0,0,23
0,3,0,0,3
0,6,1,0,7
0,20,1,0,21
0,6,0,0,6
0,1,0,0,1
0,4,0,0,4
0,3,0,0,3
0,5,2,0,7
0,7,1,0,8
0,11,0,0,11
0,6,0,0,6
0,6,0,0,6
0,4,0,0,4
0,5,0,0,5
0,1,0,0,1
0,3,1,0,4
0,1,0,0,1
0,2,0,0,2
0,14,0,0,14
0,10,0,0,10
0,7,0,0,7
0,15,1,0,16
0,1,0,0,1
0,4,0,0,4
0,8,0,0,8
0,9,0,0,9
0,4,0,0,4
0,4,0,0,4
0,3,1,0,4
0,25,0,0,25
0,3,1,0,4
0,1,1,0,2
0,7,0,0,7
0,7,0,0,7
0,1,0,0,1
0,6,0,0,6
0,13,0,0,13
0,2,0,0,2
0,2,0,0,2
0,4,0,0,4
0,5,0,0,5
0,1,0,0,1
0,9,0,0,9
0,10,0,0,10
0,6,0,0,6
0,7,1,0,8
0,1,1,0,2
0,10,0,0,10
0,7,0,0,7
0,3,0,0,3
0,3,0,0,3
0,7,0,0,7
0,1,1,0,2
0,10,0,0,10
0,3,0,0,3
0,1,0,0,1
0,2,0,0,2
0,4,0,0,4
0,5,0,0,5
0,2,0,0,2
0,2,0,0,2
0,1,0,0,1
0,4,0,0,4
0,5,0,0,5
0,6,0,0,6
0,4,0,0,4
0,4,0,0,4
0,4,0,0,4
0,4,0,0,4
0,1,1,0,2
0,1,0,0,1
0,2,0,0,2
0,5,0,0,5
0,2,0,0,2
0,3,0,0,3
0,1,0,0,1
0,7,0,0,7
0,7,0,0,7
0,3,0,0,3
0,1,0,0,1
0,1,0,0,1
0,1,0,0,1
0,3,0,0,3
0,3,1,0,4
0,1,0,0,1
0,11,0,0,11
0,1,0,0,1
0,1,0,0,1
0,8,0,0,8
0,5,0,0,5
0,2,0,0,2
0,2,0,0,2
0,2,0,0,2
0,8,0,0,8
0,4,0,0,4
0,9,0,0,9
0,12,0,0,12
0,4,0,0,4
0,7,0,0,7
0,2,0,0,2
0,1,0,0,1
0,18,0,0,18
0,7,0,0,7
0,2,0,0,2
0,7,0,0,7
0,7,0,0,7
0,2,0,0,2
0,1,0,0,1
0,2,0,0,2
0,2,0,0,2
0,13,0,0,13
0,50,1,0,51
0,2,0,0,2
0,1,3,0,4
0,1,0,0,1
0,1,0,0,1
0,2,2,0,4
0,1,1,0,2
0,3,0,0,3
0,3,0,0,3
0,2,1,0,3
0,6,0,0,6
0,4,1,0,5
0,8,0,0,8
0,7,0,0,7
0,3,0,0,3
0,4,1,0,5
0,3,0,0,3
0,1,0,0,1
0,28,0,0,28
0,6,0,0,6
0,2,0,0,2
0,2,0,0,2
0,1,0,0,1
0,3,0,0,3
0,2,2,0,4
0,2,0,0,2
0,5,0,0,5
0,9,1,0,10
0,3,0,0,3
0,4,0,0,4
0,12,0,0,12
0,23,0,0,23
0,22,0,0,22
0,1,1,0,2
0,16,0,0,16
0,1,0,0,1
0,1,1,0,2
0,12,0,0,12
0,2,0,0,2
0,2,0,0,2
0,1,0,0,1
0,9,0,0,9
0,1,1,0,2
0,8,0,0,8
0,10,0,0,10
0,4,0,0,4
0,12,0,0,12
0,5,1,0,6
0,1,0,0,1
0,2,0,0,2
0,1,1,0,2
0,11,0,0,11
0,1,1,0,2
0,1,0,0,1
0,4,0,0,4
0,4,0,0,4
0,1,0,0,1
0,1,0,0,1
0,2,0,0,2
0,6,0,0,6
0,6,0,0,6
0,6,0,0,6
0,1,0,0,1
0,1,0,0,1
0,3,0,0,3
0,1,0,0,1
0,4,0,0,4
0,6,0,0,6
0,3,0,0,3
0,3,0,0,3
0,5,0,0,5
0,3,0,0,3
0,3,0,0,3
0,1,0,0,1
0,2,0,0,2
0,22,0,0,22
0,2,0,0,2
0,4,0,0,4
0,14,0,0,14
0,6,0,0,6
0,2,1,0,3
0,1,0,0,1
0,2,0,0,2
0,1,0,0,1
0,10,0,0,10
0,4,0,0,4
0,7,0,0,7
0,5,0,0,5
0,19,0,0,19
0,3,0,0,3
0,5,1,0,6
0,3,0,0,3
0,3,0,0,3
0,1,0,0,1
0,5,0,0,5
0,5,0,0,5
0,2,0,0,2
0,7,1,0,8
0,4,0,0,4
0,2,0,0,2
0,2,0,0,2
0,3,0,0,3
0,5,0,0,5
0,4,0,0,4
0,7,1,0,8
0,6,1,0,7
0,1,0,0,1
0,5,6,0,11
0,1,0,0,1
0,6,0,0,6
0,7,0,0,7
0,2,0,0,2
0,2,0,0,2
0,1,0,0,1
0,6,0,0,6
0,3,0,0,3
0,3,0,0,3
0,3,0,0,3
0,2,0,0,2
0,1,0,0,1
0,12,0,0,12
0,3,1,0,4
0,1,1,0,2
0,1,0,0,1
0,1,0,0,1
0,3,1,0,4
0,3,0,0,3
0,1,0,0,1
0,1,0,0,1
0,1,0,0,1
0,16,0,0,16
0,16,0,0,16
0,1,0,0,1
0,6,0,0,6
0,6,0,0,6
0,1,0,0,1
0,1,0,0,1
0,7,0,0,7
0,2,0,0,2
0,8,0,0,8
0,24,0,0,24
0,2,0,0,2
0,3,2,0,5
0,3,0,0,3
0,1,0,0,1
0,2,0,0,2
0,5,0,0,5
0,2,0,0,2
0,2,0,0,2
0,13,0,0,13
0,1,1,0,2
0,1,0,0,1
0,3,0,0,3
0,1,0,0,1
0,10,0,0,10
0,8,0,0,8
0,8,0,0,8
0,6,0,0,6
0,5,0,0,5
0,8,0,0,8
0,2,0,0,2
0,1,0,0,1
0,3,1,0,4
0,4,0,0,4
0,3,0,0,3
0,3,0,0,3
0,3,0,0,3
0,1,0,0,1
0,1,0,0,1
0,2,0,0,2
0,1,0,0,1
0,2,0,0,2
0,2,0,0,2
0,3,0,0,3
0,3,0,0,3
0,2,0,0,2
0,2,0,0,2
0,8,0,0,8
0,1,0,0,1
0,1,0,0,1
0,1,0,0,1
0,11,0,0,11
0,5,0,0,5
0,3,3,0,6
0,2,0,0,2
0,18,0,0,18
0,4,1,0,5
0,3,1,0,4
0,4,0,0,4
0,2,0,0,2
0,2,1,0,3
0,2,0,0,2
0,2,0,0,2
0,15,0,0,15
0,3,0,0,3
0,7,0,0,7
0,15,0,0,15
0,22,0,0,22
0,15,0,0,15
0,10,0,0,10
0,1,0,0,1
0,1,1,0,2
0,1,0,0,1
0,4,0,0,4
0,3,0,0,3
0,6,0,0,6
0,10,0,0,10
0,6,0,0,6
0,13,0,0,13
0,6,0,0,6
0,6,0,0,6
0,3,0,0,3
0,3,0,0,3
0,10,0,0,10
0,8,0,0,8
0,11,0,0,11
0,4,0,0,4
0,2,1,0,3
0,2,0,0,2
0,2,0,0,2
0,3,0,0,3
0,9,0,0,9
0,6,0,0,6
0,6,0,0,6
0,6,0,0,6
0,2,0,0,2
0,2,0,0,2
0,2,0,0,2
0,1,0,0,1
0,13,0,0,13
0,17,0,0,17
0,5,0,0,5
0,16,0,0,16
0,6,0,0,6
0,3,0,0,3
0,4,0,0,4
0,2,0,0,2
0,23,0,0,23
0,1,0,0,1
0,11,0,0,11
0,10,0,0,10
0,2,0,0,2
0,5,1,0,6
0,6,0,0,6
0,25,0,0,25
0,2,0,0,2
0,1,0,0,1
0,1,0,0,1
0,2,0,0,2
0,7,0,0,7
0,4,0,0,4
0,9,0,0,9
0,4,0,0,4
0,2,0,0,2
0,2,0,0,2
0,4,3,0,7
0,2,0,0,2
0,3,0,0,3
0,1,1,0,2
0,1,0,0,1
0,10,0,0,10
0,8,0,0,8
0,4,0,0,4
0,3,0,0,3
0,3,0,0,3
0,1,0,0,1
0,6,0,0,6
0,4,0,0,4
0,2,0,0,2
0,11,0,0,11
0,2,0,0,2
0,2,0,0,2
0,4,0,0,4
0,4,0,0,4
0,2,0,0,2
0,6,0,0,6
0,3,0,0,3
0,7,0,0,7
0,3,0,0,3
0,9,2,0,11
0,4,0,0,4
0,3,0,0,3
0,1,0,0,1
0,1,0,0,1
0,1,0,0,1
0,3,0,0,3
0,12,0,0,12
0,13,0,0,13
0,2,2,0,4
0,10,0,0,10
0,4,0,0,4
0,29,0,0,29
0,6,0,0,6
0,4,0,0,4
0,13,0,0,13
0,10,3,0,13
0,3,1,0,4
0,4,0,0,4
0,4,0,0,4
0,2,0,0,2
0,3,0,0,3
0,5,0,0,5
0,6,0,0,6
0,23,0,0,23
0,1,1,0,2
0,1,0,0,1
0,4,0,0,4
0,4,0,0,4
0,1,0,0,1
0,1,0,0,1
0,2,0,0,2
0,1,0,0,1
0,3,0,0,3
0,2,0,0,2
0,1,0,0,1
0,11,0,0,11
0,4,0,0,4
0,5,2,0,7
0,15,0,0,15
0,5,0,0,5
0,2,0,0,2
0,2,0,0,2
0,6,0,0,6
0,12,0,0,12
0,2,0,0,2
0,11,0,0,11
0,2,0,0,2
0,2,0,0,2
0,4,0,0,4
0,4,0,0,4
0,2,0,0,2
0,3,0,0,3
0,4,0,0,4
0,9,0,0,9
0,1,0,0,1
0,12,0,0,12
0,1,0,0,1
0,2,0,0,2
0,8,2,0,10
0,2,0,0,2
0,1,0,0,1
0,15,0,0,15
0,1,0,0,1
0,11,0,0,11
0,5,0,0,5
0,1,0,0,1
0,5,0,0,5
0,5,0,0,5
0,13,0,0,13
0,2,0,0,2
0,10,2,0,12
0,3,0,0,3
0,2,0,0,2
0,10,0,0,10
0,2,0,0,2
0,7,0,0,7
0,2,1,0,3
0,10,0,0,10
0,2,0,0,2
0,2,0,0,2
0,1,0,0,1
0,2,0,0,2
0,2,0,0,2
0,1,0,0,1
0,3,0,0,3
0,2,0,0,2
0,5,0,0,5
0,1,0,0,1
0,1,0,0,1
0,12,0,0,12
0,21,0,0,21
0,3,0,0,3
0,7,0,0,7
0,10,0,0,10
0,19,0,0,19
0,2,0,0,2
0,1,0,0,1
0,8,0,0,8
0,3,0,0,3
0,1,1,0,2
0,2,0,0,2
0,2,1,0,3
0,6,0,0,6
0,8,0,0,8
0,1,0,0,1
0,3,0,0,3
0,3,0,0,3
0,3,0,0,3
0,2,0,0,2
0,4,0,0,4
0,4,0,0,4
0,1,0,0,1
0,2,0,0,2
0,11,0,0,11
0,13,0,0,13
0,4,0,0,4
0,3,0,0,3
0,6,0,0,6
0,1,0,0,1
0,11,1,0,12
0,4,0,0,4
0,4,0,0,4
0,2,0,0,2
0,7,0,0,7
0,25,0,0,25
0,2,0,0,2
0,8,0,0,8
0,4,0,0,4
0,12,0,0,12
0,6,0,0,6
0,14,0,0,14
0,3,2,0,5
0,7,0,0,7
0,29,0,0,29
0,12,0,0,12
0,3,0,0,3
0,3,0,0,3
0,15,0,0,15
0,15,0,0,15
0,5,0,0,5
0,4,0,0,4
0,3,0,0,3
0,4,0,0,4
0,2,0,0,2
0,4,0,0,4
0,2,0,0,2
0,3,0,0,3
0,9,0,0,9
0,8,0,0,8
0,1,0,0,1
0,10,0,0,10
0,6,0,0,6
0,2,0,0,2
0,2,0,0,2
0,4,6,0,10
0,1,0,0,1
0,2,0,0,2
0,3,0,0,3
0,16,0,0,16
0,5,2,0,7
0,4,0,0,4
0,9,0,0,9
0,7,0,0,7
0,6,0,0,6
0,6,0,0,6
0,2,0,0,2
0,1,0,0,1
0,13,0,0,13
0,14,0,0,14
0,5,0,0,5
0,2,0,0,2
0,7,0,0,7
0,2,0,0,2
0,1,0,0,1
0,11,0,0,11
0,9,0,0,9
0,12,0,0,12
0,11,0,0,11
0,1,0,0,1
0,1,0,0,1
0,2,0,0,2
0,3,0,0,3
0,1,0,0,1
0,3,0,0,3
0,6,0,0,6
0,18,0,0,18
0,12,0,0,12
0,3,1,0,4
0,6,0,0,6
0,2,1,0,3
0,2,1,0,3
0,2,0,0,2
0,5,0,0,5
0,6,0,0,6
0,7,0,0,7
0,8,0,0,8
0,17,0,0,17
0,9,0,0,9
0,7,0,0,7
0,6,1,0,7
0,9,0,0,9
0,8,1,0,9
0,2,0,0,2
0,9,0,0,9
0,6,2,0,8
0,8,0,0,8
0,4,0,0,4
0,4,1,0,5
0,2,0,0,2
0,3,0,0,3
0,3,0,0,3
0,2,0,0,2
0,2,0,0,2
0,2,0,0,2
0,4,0,0,4
0,3,0,0,3
0,2,0,0,2
0,2,0,0,2
0,2,0,0,2
0,2,0,0,2
0,11,0,0,11
0,4,0,0,4
0,4,0,0,4
0,4,0,0,4
0,4,0,0,4
0,2,0,0,2
0,1,0,0,1
0,4,1,0,5
0,3,0,0,3
0,15,0,0,15
0,2,1,0,3
0,2,0,0,2
0,2,0,0,2
0,1,0,0,1
0,1,1,0,2
0,2,0,0,2
0,1,1,0,2
0,2,0,0,2
0,2,0,0,2
0,1,0,0,1
0,1,0,0,1
0,2,0,0,2
0,3,0,0,3
0,1,0,0,1
0,6,0,0,6
0,3,0,0,3
0,1,0,0,1
0,1,0,0,1
0,2,0,0,2
0,8,0,0,8
0,4,1,0,5
0,4,0,0,4
0,2,0,0,2
0,5,0,0,5
0,1,1,0,2
0,2,0,0,2
0,24,1,0,25
0,3,0,0,3
0,3,0,0,3
0,2,0,0,2
0,1,0,0,1
0,1,0,0,1
0,9,0,0,9
0,1,0,0,1
0,1,0,0,1
0,4,0,0,4
0,3,0,0,3
0,3,0,0,3
0,6,0,0,6
0,4,0,0,4
0,13,0,0,13
0,6,1,0,7
0,8,0,0,8
0,1,0,0,1
0,3,0,0,3
0,5,0,0,5
0,2,0,0,2
0,4,0,0,4
0,5,0,0,5
0,2,0,0,2
0,6,0,0,6
0,4,0,0,4
0,1,1,0,2
0,1,0,0,1
0,10,0,0,10
0,1,2,0,3
0,2,0,0,2
0,1,1,0,2
0,6,0,0,6
0,8,3,0,11
0,4,0,0,4
0,4,0,0,4
0,6,0,0,6
0,7,0,0,7
0,4,0,0,4
0,2,1,0,3
0,1,1,0,2
0,1,0,0,1
0,4,0,0,4
0,3,0,0,3
0,6,0,0,6
0,2,1,0,3
0,10,0,0,10
0,2,0,0,2
0,1,0,0,1
0,3,0,0,3
0,3,0,0,3
0,5,0,0,5
0,19,1,0,20
0,7,0,0,7
0,9,0,0,9
0,6,0,0,6
0,2,0,0,2
0,2,3,0,5
0,4,0,0,4
0,2,0,0,2
0,6,0,0,6
0,4,0,0,4
0,2,0,0,2
0,3,0,0,3
0,3,0,0,3
0,3,0,0,3
0,1,0,0,1
0,3,0,0,3
0,4,0,0,4
0,4,0,0,4
0,3,0,0,3
0,4,0,0,4
0,2,0,0,2
0,1,0,0,1
0,13,0,0,13
0,15,0,0,15
0,1,1,0,2
0,6,0,0,6
0,2,0,0,2
0,3,0,0,3
0,11,0,0,11
0,3,0,0,3
0,2,1,0,3
0,2,0,0,2
0,1,0,0,1
0,4,1,0,5
0,1,0,0,1
0,2,0,0,2
0,3,0,0,3
0,2,0,0,2
0,1,0,0,1
0,4,0,0,4
0,2,0,0,2
0,2,0,0,2
0,2,1,0,3
0,2,0,0,2
0,23,1,0,24
0,1,1,0,2
0,1,0,0,1
0,1,0,0,1
0,21,0,0,21
0,4,0,0,4
0,4,0,0,4
0,2,0,0,2
0,1,0,0,1
0,3,0,0,3
0,2,1,0,3
0,14,0,0,14
0,4,0,0,4
0,4,2,0,6
0,7,0,0,7
0,7,0,0,7
0,6,0,0,6
0,2,0,0,2
0,16,0,0,16
0,16,0,0,16
0,2,0,0,2
0,1,0,0,1
0,5,3,0,8
0,3,0,0,3
0,5,0,0,5
0,2,0,0,2
0,3,0,0,3
0,3,1,0,4
0,4,0,0,4
0,1,0,0,1
0,1,0,0,1
0,2,1,0,3
0,2,0,0,2
0,2,0,0,2
0,2,0,0,2
0,6,0,0,6
0,6,0,0,6
0,4,0,0,4
0,1,0,0,1
0,1,0,0,1
0,1,0,0,1
0,3,0,0,3
0,3,0,0,3
0,10,0,0,10
0,3,0,0,3
0,2,0,0,2
0,26,2,0,28
0,2,0,0,2
0,1,0,0,1
0,3,0,0,3
0,5,0,0,5
0,5,1,0,6
0,24,0,0,24
0,4,0,0,4
0,6,0,0,6
0,6,1,0,7
0,1,1,0,2
0,1,0,0,1
0,10,0,0,10
0,13,0,0,13
0,8,2,0,10
0,1,0,0,1
0,5,0,0,5
0,8,0,0,8
0,4,0,0,4
0,7,0,0,7
0,6,0,0,6
0,2,2,0,4
0,1,0,0,1
0,2,0,0,2
0,8,0,0,8
0,2,0,0,2
0,12,0,0,12
0,1,0,0,1
0,4,0,0,4
0,2,0,0,2
0,8,0,0,8
0,2,0,0,2
0,6,0,0,6
0,10,0,0,10
0,3,0,0,3
0,2,0,0,2
0,4,0,0,4
0,9,1,0,10
0,3,0,0,3
0,25,0,0,25
0,2,0,0,2
0,2,0,0,2
0,4,0,0,4
0,3,0,0,3
0,2,0,0,2
0,2,0,0,2
0,2,0,0,2
0,2,0,0,2
0,2,0,0,2
0,1,0,0,1
0,4,0,0,4
0,3,0,0,3
0,6,1,0,7
0,1,0,0,1
0,13,0,0,13
0,2,0,0,2
0,2,0,0,2
0,4,0,0,4
0,1,0,0,1
0,3,1,0,4
0,3,0,0,3
0,3,2,0,5
0,3,0,0,3
0,4,0,0,4
0,4,0,0,4
0,2,0,0,2
0,11,1,0,12
0,15,0,0,15
0,4,0,0,4
0,1,0,0,1
0,1,0,0,1
0,2,0,0,2
0,10,0,0,10
0,2,0,0,2
0,11,0,0,11
0,3,0,0,3
0,4,0,0,4
0,3,0,0,3
0,2,0,0,2
0,2,0,0,2
0,1,0,0,1
0,4,0,0,4
0,2,1,0,3
0,7,0,0,7
0,7,0,0,7
0,4,0,0,4
0,6,0,0,6
0,2,0,0,2
0,2,0,0,2
0,4,0,0,4
0,4,1,0,5
0,4,0,0,4
0,6,0,0,6
0,2,1,0,3
0,4,0,0,4
0,4,0,0,4
0,4,0,0,4
0,1,3,0,4
0,3,0,0,3
0,5,0,0,5
0,4,0,0,4
0,5,0,0,5
0,9,0,0,9
0,3,0,0,3
0,2,0,0,2
0,2,0,0,2
0,2,0,0,2
0,2,0,0,2
0,4,0,0,4
0,4,1,0,5
0,1,0,0,1
0,2,0,0,2
0,4,0,0,4
0,3,0,0,3
0,2,0,0,2
0,20,0,0,20
0,3,1,0,4
0,33,0,0,33
0,2,0,0,2
0,2,0,0,2
0,6,0,0,6
0,16,6,0,22
0,6,0,0,6
0,3,0,0,3
0,2,0,0,2
0,3,0,0,3
0,11,1,0,12
0,1,0,0,1
0,1,0,0,1
0,4,0,0,4
0,1,0,0,1
0,3,0,0,3
0,2,0,0,2
0,2,0,0,2
0,1,0,0,1
0,1,0,0,1
0,7,4,0,11
0,8,0,0,8
0,2,0,0,2
0,3,0,0,3
0,3,0,0,3
0,1,0,0,1
0,4,0,0,4
0,15,0,0,15
0,29,0,0,29
0,2,0,0,2
0,1,2,0,3
0,1,0,0,1
0,2,1,0,3
0,4,0,0,4
0,10,1,0,11
0,17,0,0,17
0,1,0,0,1
0,12,0,0,12
0,1,0,0,1
0,2,0,0,2
0,2,0,0,2
0,2,0,0,2
0,6,0,0,6
0,2,1,0,3
0,2,0,0,2
0,24,0,0,24
0,9,0,0,9
0,2,0,0,2
0,2,0,0,2
0,2,0,0,2
0,3,0,0,3
0,2,0,0,2
0,13,0,0,13
0,29,0,0,29
0,8,4,0,12
0,2,0,0,2
0,1,0,0,1
0,1,0,0,1
0,1,0,0,1
0,1,0,0,1
0,3,1,0,4
0,3,0,0,3
0,1,0,0,1
0,1,0,0,1
0,1,0,0,1
0,5,0,0,5
0,2,1,0,3
0,5,0,0,5
0,4,2,0,6
0,1,0,0,1
0,2,0,0,2
0,9,2,0,11
0,7,0,0,7
0,4,0,0,4
0,1,0,0,1
0,6,0,0,6
0,2,0,0,2
0,2,0,0,2
0,2,0,0,2
0,2,0,0,2
0,4,0,0,4
0,1,0,0,1
0,4,0,0,4
0,4,0,0,4
0,5,0,0,5
0,20,0,0,20
0,2,0,0,2
0,4,0,0,4
0,2,0,0,2
0,1,1,0,2
0,4,0,0,4
0,3,0,0,3
0,10,0,0,10
0,4,0,0,4
0,6,1,0,7
0,6,0,0,6
0,1,0,0,1
0,2,0,0,2
0,5,1,0,6
0,2,1,0,3
0,2,0,0,2
0,2,0,0,2
0,3,0,0,3
0,2,1,0,3
0,1,0,0,1
0,7,1,0,8
0,9,0,0,9
0,3,0,0,3
0,1,0,0,1
0,6,0,0,6
0,6,0,0,6
0,2,1,0,3
0,6,4,0,10
0,9,0,0,9
0,2,2,0,4
0,1,0,0,1
0,2,0,0,2
0,3,0,0,3
0,5,0,0,5
0,4,0,0,4
0,2,0,0,2
0,2,0,0,2
0,7,0,0,7
0,9,0,0,9
0,8,0,0,8
0,8,0,0,8
0,2,1,0,3
0,14,2,0,16
0,1,0,0,1
0,2,0,0,2
0,2,0,0,2
0,2,0,0,2
0,3,0,0,3
0,1,0,0,1
0,3,0,0,3
0,3,0,0,3
0,1,0,0,1
0,2,0,0,2
0,12,0,0,12
0,2,0,0,2
0,1,0,0,1
0,4,0,0,4
0,2,0,0,2
0,2,0,0,2
0,5,0,0,5
0,4,0,0,4
0,2,0,0,2
0,1,1,0,2
0,6,0,0,6
0,4,0,0,4
0,5,0,0,5
0,1,1,0,2
0,2,0,0,2
0,15,0,0,15
0,1,1,0,2
0,4,0,0,4
0,6,0,0,6
0,1,0,0,1
0,2,0,0,2
0,1,0,0,1
0,2,0,0,2
0,1,0,0,1
0,6,0,0,6
0,1,0,0,1
0,3,0,0,3
0,12,5,0,17
0,3,0,0,3
0,2,0,0,2
0,2,0,0,2
0,5,2,0,7
0,1,1,0,2
0,11,0,0,11
0,12,0,0,12
0,8,0,0,8
0,3,0,0,3
0,1,1,0,2
0,1,0,0,1
0,9,0,0,9
0,5,0,0,5
0,11,0,0,11
0,9,0,0,9
0,4,1,0,5
0,4,1,0,5
0,24,8,0,32
0,2,0,0,2
0,3,0,0,3
0,3,0,0,3
0,2,0,0,2
0,6,0,0,6
0,6,0,0,6
0,3,0,0,3
0,2,0,0,2
0,3,0,0,3
0,9,0,0,9
0,2,0,0,2
0,6,0,0,6
0,6,0,0,6
0,3,0,0,3
0,13,0,0,13
0,10,0,0,10
0,3,0,0,3
0,4,0,0,4
0,3,0,0,3
0,7,0,0,7
0,2,0,0,2
0,2,1,0,3
0,2,0,0,2
0,3,0,0,3
0,2,0,0,2
0,5,0,0,5
0,7,0,0,7
0,5,0,0,5
0,3,0,0,3
0,3,1,0,4
0,5,0,0,5
0,1,0,0,1
0,2,0,0,2
0,2,0,0,2
0,12,0,0,12
0,11,0,0,11
0,10,0,0,10
0,2,0,0,2
0,1,0,0,1
0,1,0,0,1
0,3,0,0,3
0,12,0,0,12
0,6,0,0,6
0,1,0,0,1
0,3,0,0,3
0,3,0,0,3
0,3,0,0,3
0,26,0,0,26
0,4,0,0,4
0,4,0,0,4
0,2,0,0,2
0,3,2,0,5
0,5,0,0,5
0,8,0,0,8
0,3,0,0,3
0,8,0,0,8
0,8,0,0,8
0,4,0,0,4
0,4,0,0,4
0,1,1,0,2
0,2,0,0,2
0,3,0,0,3
0,4,0,0,4
0,16,0,0,16
0,12,0,0,12
0,17,0,0,17
0,1,0,0,1
0,1,0,0,1
0,2,0,0,2
0,3,0,0,3
0,2,0,0,2
0,1,0,0,1
0,1,0,0,1
0,7,0,0,7
0,3,0,0,3
0,1,1,0,2
0,1,0,0,1
0,2,0,0,2
0,6,0,0,6
0,29,0,0,29
0,2,0,0,2
0,3,0,0,3
0,2,0,0,2
0,6,0,0,6
0,4,0,0,4
0,1,1,0,2
0,10,0,0,10
0,15,0,0,15
0,3,0,0,3
0,2,1,0,3
0,2,0,0,2
0,2,0,0,2
0,9,0,0,9
0,1,1,0,2
0,1,0,0,1
0,5,0,0,5
0,8,0,0,8
0,7,0,0,7
0,6,0,0,6
0,1,0,0,1
0,4,0,0,4
0,2,0,0,2
0,3,0,0,3
0,7,0,0,7
0,3,0,0,3
0,1,0,0,1
0,1,0,0,1
0,2,0,0,2
0,1,0,0,1
0,2,0,0,2
0,2,0,0,2
0,1,0,0,1
0,9,0,0,9
0,17,0,0,17
0,11,8,0,19
0,1,1,0,2
0,20,0,0,20
0,15,0,0,15
0,1,0,0,1
0,1,0,0,1
0,4,0,0,4
0,1,0,0,1
0,6,0,0,6
0,4,1,0,5
0,4,0,0,4
0,3,0,0,3
0,9,0,0,9
0,4,0,0,4
0,4,0,0,4
0,1,0,0,1
0,2,0,0,2
0,1,1,0,2
0,6,0,0,6
0,2,0,0,2
0,6,0,0,6
0,1,0,0,1
0,4,0,0,4
0,6,0,0,6
0,9,0,0,9
0,2,0,0,2
0,5,0,0,5
0,9,0,0,9
0,5,0,0,5
0,8,0,0,8
0,6,0,0,6
0,1,0,0,1
0,4,0,0,4
0,2,0,0,2
0,9,0,0,9
0,1,0,0,1
0,2,0,0,2
0,5,0,0,5
0,2,0,0,2
0,11,0,0,11
0,12,0,0,12
0,11,0,0,11
0,20,0,0,20
0,3,0,0,3
0,4,0,0,4
0,2,0,0,2
0,2,0,0,2
0,7,0,0,7
0,6,0,0,6
0,1,0,0,1
0,3,1,0,4
0,8,0,0,8
0,3,0,0,3
0,3,0,0,3
0,2,0,0,2
0,4,0,0,4
0,17,1,0,18
0,1,0,0,1
0,2,0,0,2
0,2,0,0,2
0,2,0,0,2
0,2,0,0,2
0,1,0,0,1
0,1,1,0,2
0,2,0,0,2
0,2,0,0,2
0,1,0,0,1
0,2,0,0,2
0,2,0,0,2
0,2,0,0,2
0,2,0,0,2
0,3,0,0,3
0,4,0,0,4
0,4,0,0,4
0,11,0,0,11
0,2,0,0,2
0,7,7,0,14
0,6,7,0,13
0,1,0,0,1
0,2,0,0,2
0,2,0,0,2
0,4,2,0,6
0,4,0,0,4
0,5,0,0,5
0,2,0,0,2
0,3,0,0,3
0,3,0,0,3
0,15,6,0,21
0,28,0,0,28
0,4,0,0,4
0,1,1,0,2
0,1,0,0,1
0,3,0,0,3
0,3,0,0,3
0,4,0,0,4
0,8,0,0,8
0,2,0,0,2
0,3,0,0,3
0,7,1,0,8
0,2,0,0,2
0,5,0,0,5
0,10,0,0,10
0,8,0,0,8
0,5,0,0,5
0,1,0,0,1
0,2,0,0,2
0,6,5,0,11
0,2,0,0,2
0,2,0,0,2
0,9,0,0,9
0,3,0,0,3
0,1,0,0,1
0,3,0,0,3
0,10,0,0,10
0,24,0,0,24
0,2,0,0,2
0,7,0,0,7
0,5,0,0,5
0,6,0,0,6
0,7,0,0,7
0,4,0,0,4
0,2,0,0,2
0,2,0,0,2
0,5,0,0,5
0,6,0,0,6
0,10,0,0,10
0,3,0,0,3
0,2,0,0,2
0,3,0,0,3
0,4,0,0,4
0,8,1,0,9
0,5,0,0,5
0,10,0,0,10
0,2,0,0,2
0,12,0,0,12
0,1,1,0,2
0,10,1,0,11
0,13,0,0,13
0,3,0,0,3
0,3,0,0,3
0,4,0,0,4
0,6,0,0,6
0,4,0,0,4
0,4,0,0,4
0,2,1,0,3
0,2,0,0,2
0,4,0,0,4
0,3,0,0,3
0,8,0,0,8
0,3,2,0,5
0,2,0,0,2
0,8,1,0,9
0,5,0,0,5
0,1,4,0,5
0,3,0,0,3
0,3,0,0,3
0,8,0,0,8
0,8,0,0,8
0,2,0,0,2
0,3,0,0,3
0,1,0,0,1
0,2,0,0,2
0,2,2,0,4
0,2,0,0,2
0,8,0,0,8
0,10,0,0,10
0,2,0,0,2
0,4,0,0,4
0,4,0,0,4
0,4,0,0,4
0,2,0,0,2
0,2,0,0,2
0,12,0,0,12
0,6,0,0,6
0,4,0,0,4
0,1,0,0,1
0,3,0,0,3
0,5,0,0,5
0,2,0,0,2
0,4,0,0,4
0,7,0,0,7
0,2,0,0,2
0,1,0,0,1
0,2,0,0,2
0,1,0,0,1
0,1,0,0,1
0,2,0,0,2
0,3,0,0,3
0,1,0,0,1
0,4,0,0,4
0,3,0,0,3
0,3,0,0,3
0,10,0,0,10
0,4,0,0,4
0,2,0,0,2
0,5,1,0,6
0,2,0,0,2
0,2,0,0,2
0,4,0,0,4
0,1,1,0,2
0,1,0,0,1
0,2,0,0,2
0,4,1,0,5
0,4,1,0,5
0,3,0,0,3
0,3,1,0,4
0,2,0,0,2
0,5,1,0,6
0,6,0,0,6
0,6,0,0,6
0,7,0,0,7
0,2,0,0,2
0,9,0,0,9
0,5,0,0,5
0,4,0,0,4
0,4,0,0,4
0,1,0,0,1
0,1,0,0,1
0,1,0,0,1
0,2,0,0,2
0,12,0,0,12
0,13,0,0,13
0,3,0,0,3
0,5,0,0,5
0,7,0,0,7
0,4,0,0,4
0,4,0,0,4
0,8,1,0,9
0,12,1,0,13
0,1,0,0,1
0,3,0,0,3
0,3,0,0,3
0,5,0,0,5
0,4,0,0,4
0,2,1,0,3
0,1,0,0,1
0,8,1,0,9
0,2,1,0,3
0,2,1,0,3
0,8,0,0,8
0,2,0,0,2
0,4,0,0,4
0,2,0,0,2
0,9,0,0,9
0,2,0,0,2
0,1,0,0,1
0,6,0,0,6
0,1,0,0,1
0,23,0,0,23
0,33,0,0,33
0,10,0,0,10
0,3,1,0,4
0,2,0,0,2
0,2,0,0,2
0,2,0,0,2
0,7,0,0,7
0,6,0,0,6
0,7,0,0,7
0,7,0,0,7
0,2,0,0,2
0,13,0,0,13
0,5,0,0,5
0,6,0,0,6
0,1,0,0,1
0,3,0,0,3
0,6,1,0,7
0,2,0,0,2
0,2,0,0,2
0,1,1,0,2
0,1,0,0,1
0,5,0,0,5
0,6,1,0,7
0,7,0,0,7
0,4,0,0,4
0,6,0,0,6
0,11,0,0,11
0,16,0,0,16
0,3,0,0,3
0,1,0,0,1
0,5,0,0,5
0,2,0,0,2
0,1,0,0,1
0,1,0,0,1
0,2,1,0,3
0,1,0,0,1
0,2,0,0,2
0,3,0,0,3
0,4,0,0,4
0,1,0,0,1
0,1,0,0,1
0,7,0,0,7
0,4,0,0,4
0,20,0,0,20
0,3,0,0,3
0,6,0,0,6
0,2,0,0,2
0,14,0,0,14
0,3,0,0,3
0,3,0,0,3
0,10,0,0,10
0,4,0,0,4
0,2,0,0,2
0,6,0,0,6
0,4,0,0,4
0,3,0,0,3
0,2,0,0,2
0,5,0,0,5
0,2,0,0,2
0,1,0,0,1
0,2,0,0,2
0,25,0,0,25
0,13,0,0,13
0,14,0,0,14
0,2,0,0,2
0,9,0,0,9
0,7,0,0,7
0,2,0,0,2
0,5,1,0,6
0,3,0,0,3
0,1,0,0,1
0,2,0,0,2
0,11,0,0,11
0,2,0,0,2
0,3,0,0,3
0,1,1,0,2
0,2,0,0,2
0,4,0,0,4
0,11,0,0,11
0,5,0,0,5
0,3,0,0,3
0,4,0,0,4
0,1,1,0,2
0,3,0,0,3
0,2,0,0,2
0,10,0,0,10
0,1,0,0,1
0,3,0,0,3
0,3,0,0,3
0,4,0,0,4
0,4,0,0,4
0,4,1,0,5
0,2,0,0,2
0,1,0,0,1
0,1,0,0,1
0,2,0,0,2
0,9,0,0,9
0,7,0,0,7
0,2,0,0,2
0,2,0,0,2
0,4,0,0,4
0,2,0,0,2
0,5,0,0,5
0,6,0,0,6
0,2,0,0,2
0,2,0,0,2
0,17,0,0,17
0,2,0,0,2
0,14,0,0,14
0,9,0,0,9
0,3,1,0,4
0,4,0,0,4
0,5,0,0,5
0,8,0,0,8
0,2,0,0,2
0,33,0,0,33
0,3,0,0,3
0,2,1,0,3
0,12,0,0,12
0,2,0,0,2
0,2,0,0,2
0,1,0,0,1
0,11,0,0,11
0,4,0,0,4
0,3,0,0,3
0,5,0,0,5
0,4,0,0,4
0,2,0,0,2
0,2,0,0,2
0,5,0,0,5
0,2,0,0,2
0,1,0,0,1
0,2,0,0,2
0,3,0,0,3
0,3,0,0,3
0,5,0,0,5
0,5,0,0,5
0,5,0,0,5
0,7,0,0,7
0,3,0,0,3
0,3,0,0,3
0,3,0,0,3
0,1,0,0,1
0,2,0,0,2
0,2,1,0,3
0,1,1,0,2
0,2,0,0,2
0,2,0,0,2
0,5,0,0,5
0,7,0,0,7
0,2,0,0,2
0,2,0,0,2
0,4,0,0,4
0,9,1,0,10
0,1,0,0,1
0,2,0,0,2
0,1,0,0,1
0,5,0,0,5
0,5,0,0,5
0,15,0,0,15
0,17,0,0,17
0,1,0,0,1
0,3,0,0,3
0,4,1,0,5
0,3,0,0,3
0,4,0,0,4
0,4,0,0,4
0,1,0,0,1
0,4,0,0,4
0,8,0,0,8
0,9,0,0,9
0,1,1,0,2
0,1,1,0,2
0,1,0,0,1
0,2,0,0,2
0,1,0,0,1
0,18,0,0,18
0,14,0,0,14
0,26,0,0,26
0,2,0,0,2
0,2,0,0,2
0,2,0,0,2
0,25,0,0,25
0,12,2,0,14
0,1,0,0,1
0,3,0,0,3
0,12,0,0,12
0,7,0,0,7
0,6,0,0,6
0,3,0,0,3
0,5,0,0,5
0,2,0,0,2
0,6,8,0,14
0,4,0,0,4
0,2,0,0,2
0,4,0,0,4
0,4,0,0,4
0,4,0,0,4
0,17,0,0,17
0,6,0,0,6
0,1,0,0,1
0,2,0,0,2
0,4,0,0,4
0,3,0,0,3
0,3,0,0,3
0,2,0,0,2
0,4,0,0,4
0,4,1,0,5
0,2,0,0,2
0,1,0,0,1
0,8,0,0,8
0,7,0,0,7
0,3,0,0,3
0,2,0,0,2
0,3,0,0,3
0,11,0,0,11
0,2,0,0,2
0,3,0,0,3
0,9,2,0,11
0,1,0,0,1
0,8,0,0,8
0,7,1,0,8
0,3,0,0,3
0,2,0,0,2
0,16,0,0,16
0,17,0,0,17
0,6,0,0,6
0,2,0,0,2
0,8,0,0,8
0,10,0,0,10
0,10,0,0,10
0,8,0,0,8
0,8,0,0,8
0,3,0,0,3
0,5,0,0,5
0,5,0,0,5
0,4,0,0,4
0,4,0,0,4
0,2,0,0,2
0,2,0,0,2
0,7,0,0,7
0,3,0,0,3
0,19,0,0,19
0,15,0,0,15
0,6,0,0,6
0,1,1,0,2
0,1,0,0,1
0,3,0,0,3
0,4,0,0,4
0,3,0,0,3
0,6,0,0,6
0,3,1,0,4
0,2,0,0,2
0,21,1,0,22
0,2,0,0,2
0,2,0,0,2
0,10,0,0,10
0,5,0,0,5
0,5,1,0,6
0,5,0,0,5
0,8,0,0,8
0,3,0,0,3
0,3,0,0,3
0,1,0,0,1
0,1,0,0,1
0,3,0,0,3
0,4,2,0,6
0,1,0,0,1
0,32,0,0,32
0,1,0,0,1
0,2,0,0,2
0,2,0,0,2
0,2,0,0,2
0,1,0,0,1
0,6,0,0,6
0,12,0,0,12
0,13,0,0,13
0,4,0,0,4
0,7,0,0,7
0,8,0,0,8
0,4,0,0,4
0,3,3,0,6
0,3,0,0,3
0,3,0,0,3
0,7,0,0,7
0,2,0,0,2
0,3,0,0,3
0,3,0,0,3
0,5,0,0,5
0,3,0,0,3
0,10,0,0,10
0,3,0,0,3
0,9,0,0,9
0,2,0,0,2
0,5,0,0,5
0,3,0,0,3
0,2,0,0,2
0,3,0,0,3
0,6,0,0,6
0,1,0,0,1
0,3,0,0,3
0,3,0,0,3
0,8,0,0,8
0,15,6,0,21
0,7,1,0,8
0,1,0,0,1
0,6,0,0,6
0,3,1,0,4
0,1,2,0,3
0,1,1,0,2
0,1,0,0,1
0,3,0,0,3
0,5,1,0,6
0,2,0,0,2
0,1,1,0,2
0,1,0,0,1
0,2,0,0,2
0,4,0,0,4
0,3,0,0,3
0,1,0,0,1
0,4,0,0,4
0,1,0,0,1
0,3,0,0,3
0,5,0,0,5
0,2,0,0,2
0,1,0,0,1
0,3,0,0,3
0,4,0,0,4
0,7,0,0,7
0,7,0,0,7
0,3,0,0,3
0,4,0,0,4
0,6,0,0,6
0,2,0,0,2
0,1,0,0,1
0,3,0,0,3
0,1,0,0,1
0,2,0,0,2
0,1,0,0,1
0,12,1,0,13
0,12,0,0,12
0,4,0,0,4
0,2,0,0,2
0,2,0,0,2
0,21,0,0,21
0,2,0,0,2
0,5,0,0,5
0,2,0,0,2
0,2,1,0,3
0,2,0,0,2
0,3,0,0,3
0,3,1,0,4
0,2,0,0,2
0,1,0,0,1
0,2,0,0,2
0,3,0,0,3
0,2,0,0,2
0,5,1,0,6
0,14,0,0,14
0,17,0,0,17
0,7,0,0,7
0,1,0,0,1
0,3,0,0,3
0,9,0,0,9
0,2,0,0,2
0,1,0,0,1
0,2,0,0,2
0,2,0,0,2
0,3,0,0,3
0,17,0,0,17
0,1,0,0,1
0,10,1,0,11
0,6,0,0,6
0,2,0,0,2
0,1,0,0,1
0,1,0,0,1
0,1,0,0,1
0,4,0,0,4
0,2,0,0,2
0,2,0,0,2
0,2,0,0,2
0,2,0,0,2
0,1,0,0,1
0,6,0,0,6
0,7,0,0,7
0,14,0,0,14
0,1,1,0,2
0,1,0,0,1
0,3,0,0,3
0,2,0,0,2
0,1,0,0,1
0,1,0,0,1
0,2,0,0,2
0,2,0,0,2
0,1,0,0,1
0,7,0,0,7
0,5,0,0,5
0,2,0,0,2
0,2,0,0,2
0,3,1,0,4
0,3,0,0,3
0,2,0,0,2
0,1,0,0,1
0,2,0,0,2
0,2,0,0,2
0,2,0,0,2
0,3,3,0,6
0,6,0,0,6
0,1,0,0,1
0,3,0,0,3
0,5,0,0,5
0,1,0,0,1
0,9,1,0,10
0,1,0,0,1
0,3,0,0,3
0,8,0,0,8
0,5,0,0,5
0,28,0,0,28
0,5,1,0,6
0,5,0,0,5
0,11,0,0,11
0,8,0,0,8
0,14,2,0,16
0,5,0,0,5
0,5,1,0,6
0,5,1,0,6
0,9,0,0,9
0,2,0,0,2
0,19,0,0,19
0,6,0,0,6
0,5,0,0,5
0,9,0,0,9
0,10,0,0,10
0,2,0,0,2
0,1,0,0,1
0,3,1,0,4
0,1,0,0,1
0,7,1,0,8
0,2,0,0,2
0,2,0,0,2
0,2,0,0,2
0,3,0,0,3
0,2,0,0,2
0,3,0,0,3
0,3,0,0,3
0,25,0,0,25
0,2,0,0,2
0,4,0,0,4
0,5,0,0,5
0,2,0,0,2
0,4,3,0,7
0,2,0,0,2
0,12,2,0,14
0,2,0,0,2
0,6,0,0,6
0,2,0,0,2
0,6,0,0,6
0,2,0,0,2
0,1,0,0,1
0,2,0,0,2
0,2,0,0,2
0,6,0,0,6
0,3,0,0,3
0,2,0,0,2
0,2,0,0,2
0,6,0,0,6
0,4,0,0,4
0,4,0,0,4
0,9,0,0,9
0,7,0,0,7
0,4,0,0,4
0,2,0,0,2
0,1,0,0,1
0,1,0,0,1
0,2,0,0,2
0,2,0,0,2
0,2,0,0,2
0,8,0,0,8
0,4,0,0,4
0,9,0,0,9
0,5,0,0,5
0,6,0,0,6
0,8,0,0,8
0,3,0,0,3
0,4,0,0,4
0,3,0,0,3
0,2,0,0,2
0,1,0,0,1
0,1,1,0,2
0,2,0,0,2
0,2,0,0,2
0,3,2,0,5
0,1,1,0,2
0,1,1,0,2
0,1,0,0,1
0,4,0,0,4
0,7,2,0,9
0,2,0,0,2
0,10,0,0,10
0,11,0,0,11
0,4,0,0,4
0,4,0,0,4
0,2,0,0,2
0,2,0,0,2
0,2,0,0,2
0,6,0,0,6
0,1,0,0,1
0,4,0,0,4
0,2,2,0,4
0,3,1,0,4
0,2,0,0,2
0,4,0,0,4
0,1,0,0,1
0,3,0,0,3
0,3,0,0,3
0,3,0,0,3
0,3,1,0,4
0,7,0,0,7
0,2,0,0,2
0,2,0,0,2
0,4,0,0,4
0,1,1,0,2
0,3,0,0,3
0,9,0,0,9
0,8,0,0,8
0,3,0,0,3
0,4,0,0,4
0,2,0,0,2
0,15,0,0,15
0,12,2,0,14
0,3,0,0,3
0,4,0,0,4
0,4,0,0,4
0,3,1,0,4
0,1,0,0,1
0,1,0,0,1
0,2,0,0,2
0,2,0,0,2
0,3,0,0,3
0,2,0,0,2
0,4,0,0,4
0,4,0,0,4
0,2,0,0,2
0,3,0,0,3
0,1,0,0,1
0,5,0,0,5
0,6,0,0,6
0,3,1,0,4
0,1,0,0,1
0,2,0,0,2
0,2,0,0,2
0,3,1,0,4
0,2,0,0,2
0,1,1,0,2
0,1,0,0,1
0,8,0,0,8
0,2,0,0,2
0,2,0,0,2
0,11,0,0,11
0,3,0,0,3
0,3,0,0,3
0,3,1,0,4
0,3,0,0,3
0,2,0,0,2
0,1,0,0,1
0,3,0,0,3
0,13,1,0,14
0,2,0,0,2
0,1,0,0,1
0,2,0,0,2
0,6,0,0,6
0,2,0,0,2
0,1,0,0,1
0,5,0,0,5
0,2,0,0,2
0,4,0,0,4
0,5,0,0,5
0,9,0,0,9
0,3,0,0,3
0,3,0,0,3
0,1,0,0,1
0,3,0,0,3
0,3,0,0,3
0,2,0,0,2
0,4,0,0,4
0,3,0,0,3
0,5,1,0,6
0,6,0,0,6
0,4,0,0,4
0,3,0,0,3
0,4,0,0,4
0,8,0,0,8
0,2,0,0,2
0,1,1,0,2
0,1,0,0,1
0,6,0,0,6
0,2,0,0,2
0,3,0,0,3
0,8,0,0,8
0,3,0,0,3
0,9,0,0,9
0,3,0,0,3
0,4,0,0,4
0,3,0,0,3
0,6,0,0,6
0,1,1,0,2
0,1,0,0,1
0,2,0,0,2
0,2,0,0,2
0,2,0,0,2
0,2,1,0,3
0,2,0,0,2
0,3,0,0,3
0,2,1,0,3
0,4,0,0,4
0,4,0,0,4
0,12,0,0,12
0,3,0,0,3
0,3,0,0,3
0,6,0,0,6
0,4,0,0,4
0,1,0,0,1
0,1,0,0,1
0,4,0,0,4
0,6,1,0,7
0,1,1,0,2
0,17,1,0,18
0,7,0,0,7
0,6,0,0,6
0,9,1,0,10
0,9,0,0,9
0,3,0,0,3
0,6,0,0,6
0,4,0,0,4
0,5,3,0,8
0,2,0,0,2
0,1,0,0,1
0,2,0,0,2
0,3,0,0,3
0,2,0,0,2
0,3,1,0,4
0,4,0,0,4
0,4,0,0,4
0,8,0,0,8
0,2,0,0,2
0,3,0,0,3
0,1,0,0,1
0,7,2,0,9
0,5,0,0,5
0,4,0,0,4
0,3,0,0,3
0,4,0,0,4
0,4,0,0,4
0,2,0,0,2
0,2,0,0,2
0,4,1,0,5
0,4,0,0,4
0,2,0,0,2
0,19,0,0,19
0,2,0,0,2
0,2,0,0,2
0,2,0,0,2
0,14,3,0,17
0,3,0,0,3
0,6,1,0,7
0,1,0,0,1
0,4,0,0,4
0,11,0,0,11
0,5,0,0,5
0,2,0,0,2
0,4,0,0,4
0,2,0,0,2
0,2,0,0,2
0,1,0,0,1
0,2,0,0,2
0,1,0,0,1
0,6,0,0,6
0,5,0,0,5
0,2,0,0,2
0,11,0,0,11
0,2,0,0,2
0,1,0,0,1
0,1,0,0,1
0,5,0,0,5
0,4,0,0,4
0,1,1,0,2
0,4,0,0,4
0,2,0,0,2
0,2,0,0,2
0,1,0,0,1
0,1,0,0,1
0,4,0,0,4
0,4,0,0,4
0,4,0,0,4
0,3,0,0,3
0,2,0,0,2
0,1,0,0,1
0,20,0,0,20
0,4,0,0,4
0,2,0,0,2
0,6,0,0,6
0,7,0,0,7
0,15,0,0,15
0,5,0,0,5
0,3,0,0,3
0,3,0,0,3
0,3,0,0,3
0,1,1,0,2
0,1,0,0,1
0,2,0,0,2
0,13,0,0,13
0,4,0,0,4
0,4,1,0,5
0,4,0,0,4
0,2,0,0,2
0,3,0,0,3
0,1,0,0,1
0,3,0,0,3
0,2,0,0,2
0,3,0,0,3
0,1,0,0,1
0,2,0,0,2
0,2,0,0,2
0,2,1,0,3
0,4,0,0,4
0,2,0,0,2
0,1,0,0,1
0,1,0,0,1
0,1,1,0,2
0,1,0,0,1
0,1,0,0,1
0,3,0,0,3
0,4,0,0,4
0,3,0,0,3
0,1,0,0,1
0,17,0,0,17
0,6,3,0,9
0,5,0,0,5
0,5,0,0,5
0,11,0,0,11
0,1,1,0,2
0,3,0,0,3
0,8,0,0,8
0,2,0,0,2
0,2,0,0,2
0,7,0,0,7
0,1,0,0,1
0,1,0,0,1
0,2,0,0,2
0,2,0,0,2
0,1,0,0,1
0,6,0,0,6
0,2,0,0,2
0,12,0,0,12
0,8,0,0,8
0,5,0,0,5
0,4,2,0,6
0,3,0,0,3
0,3,0,0,3
0,1,0,0,1
0,1,0,0,1
0,2,4,0,6
0,3,0,0,3
0,5,0,0,5
0,5,0,0,5
0,10,0,0,10
0,3,0,0,3
0,10,0,0,10
0,3,0,0,3
0,3,0,0,3
0,4,0,0,4
0,18,0,0,18
0,1,0,0,1
0,3,0,0,3
0,15,0,0,15
0,2,0,0,2
0,4,0,0,4
0,18,0,0,18
0,2,0,0,2
0,1,0,0,1
0,3,0,0,3
0,15,0,0,15
0,14,0,0,14
0,17,0,0,17
0,2,0,0,2
0,2,0,0,2
0,4,0,0,4
0,8,0,0,8
0,1,1,0,2
0,8,0,0,8
0,5,0,0,5
0,6,0,0,6
0,5,0,0,5
0,1,0,0,1
0,2,0,0,2
0,2,1,0,3
0,1,0,0,1
0,13,0,0,13
0,6,0,0,6
0,4,0,0,4
0,10,0,0,10
0,2,0,0,2
0,1,1,0,2
0,2,0,0,2
0,11,0,0,11
0,1,0,0,1
0,1,0,0,1
0,2,0,0,2
0,2,0,0,2
0,15,0,0,15
0,11,0,0,11
0,10,0,0,10
0,3,0,0,3
0,3,0,0,3
0,16,0,0,16
0,5,0,0,5
0,6,0,0,6
0,5,0,0,5
0,27,0,0,27
0,4,0,0,4
0,2,0,0,2
0,2,0,0,2
0,9,0,0,9
0,3,0,0,3
0,2,0,0,2
0,11,3,0,14
0,11,0,0,11
0,5,0,0,5
0,2,1,0,3
0,2,1,0,3
0,1,0,0,1
0,2,0,0,2
0,4,0,0,4
0,3,0,0,3
0,5,0,0,5
0,3,0,0,3
0,4,0,0,4
0,3,0,0,3
0,2,0,0,2
0,1,0,0,1
0,3,0,0,3
0,5,0,0,5
0,42,0,0,42
0,8,0,0,8
0,5,0,0,5
0,1,1,0,2
0,2,0,0,2
0,6,0,0,6
0,4,0,0,4
0,2,0,0,2
0,1,0,0,1
0,1,0,0,1
0,6,0,0,6
0,2,0,0,2
0,2,0,0,2
0,2,0,0,2
0,9,4,0,13
0,4,0,0,4
0,1,1,0,2
0,23,0,0,23
0,19,0,0,19
0,2,0,0,2
0,4,0,0,4
0,2,0,0,2
0,9,0,0,9
0,2,3,0,5
0,5,0,0,5
0,4,0,0,4
0,2,0,0,2
0,2,0,0,2
0,3,0,0,3
0,4,0,0,4
0,2,0,0,2
0,4,0,0,4
0,2,0,0,2
0,2,0,0,2
0,2,0,0,2
0,2,0,0,2
0,1,0,0,1
0,2,0,0,2
0,6,0,0,6
0,7,0,0,7
0,1,1,0,2
0,6,0,0,6
0,2,0,0,2
0,1,0,0,1
0,2,0,0,2
0,1,1,0,2
0,1,0,0,1
0,7,3,0,10
0,2,0,0,2
0,2,0,0,2
0,2,1,0,3
0,4,0,0,4
0,4,0,0,4
0,1,0,0,1
0,14,1,0,15
0,3,2,0,5
0,9,0,0,9
0,10,0,0,10
0,2,0,0,2
0,2,0,0,2
0,5,0,0,5
0,6,0,0,6
0,4,1,0,5
0,1,0,0,1
0,2,0,0,2
0,2,0,0,2
0,6,0,0,6
0,2,0,0,2
0,7,0,0,7
0,5,2,0,7
0,1,1,0,2
0,1,0,0,1
0,1,0,0,1
0,9,0,0,9
0,1,0,0,1
0,2,0,0,2
0,3,1,0,4
0,6,0,0,6
0,4,0,0,4
0,5,1,0,6
0,4,0,0,4
0,4,0,0,4
0,4,0,0,4
0,2,0,0,2
0,5,0,0,5
0,3,0,0,3
0,1,0,0,1
0,15,0,0,15
0,4,0,0,4
0,5,0,0,5
0,8,2,0,10
0,1,0,0,1
0,1,0,0,1
0,7,4,0,11
0,3,0,0,3
0,9,1,0,10
0,1,1,0,2
0,1,0,0,1
0,2,0,0,2
0,8,0,0,8
0,4,0,0,4
0,3,0,0,3
0,2,0,0,2
0,2,0,0,2
0,3,0,0,3
0,2,1,0,3
0,6,0,0,6
0,2,0,0,2
0,21,0,0,21
0,1,0,0,1
0,1,0,0,1
0,5,0,0,5
0,2,0,0,2
0,2,0,0,2
0,6,0,0,6
0,5,0,0,5
0,13,0,0,13
0,1,0,0,1
0,2,0,0,2
0,2,0,0,2
0,7,0,0,7
0,4,4,0,8
0,2,0,0,2
0,5,0,0,5
0,2,0,0,2
0,8,0,0,8
0,5,0,0,5
0,6,0,0,6
0,2,0,0,2
0,2,0,0,2
0,2,0,0,2
0,3,0,0,3
0,3,1,0,4
0,3,0,0,3
0,3,0,0,3
0,1,0,0,1
0,1,0,0,1
0,2,0,0,2
0,2,0,0,2
0,2,0,0,2
0,3,0,0,3
0,10,0,0,10
0,7,0,0,7
0,2,0,0,2
0,2,0,0,2
0,4,0,0,4
0,3,0,0,3
0,3,0,0,3
0,3,0,0,3
0,3,0,0,3
0,2,0,0,2
0,3,0,0,3
0,2,0,0,2
0,2,0,0,2
0,2,0,0,2
0,5,0,0,5
0,3,1,0,4
0,2,0,0,2
0,7,0,0,7
0,7,0,0,7
0,7,0,0,7
0,3,0,0,3
0,6,0,0,6
0,1,0,0,1
0,1,0,0,1
0,9,0,0,9
0,8,0,0,8
0,1,0,0,1
0,2,0,0,2
0,2,0,0,2
0,2,0,0,2
0,1,0,0,1
0,15,0,0,15
0,5,0,0,5
0,10,0,0,10
0,6,1,0,7
0,2,0,0,2
0,8,0,0,8
0,2,0,0,2
0,1,0,0,1
0,3,0,0,3
0,1,0,0,1
0,12,0,0,12
0,1,0,0,1
0,2,0,0,2
0,2,0,0,2
0,13,0,0,13
0,2,0,0,2
0,3,0,0,3
0,6,0,0,6
0,2,0,0,2
0,1,0,0,1
0,1,0,0,1
0,9,0,0,9
0,3,0,0,3
0,2,0,0,2
0,5,4,0,9
0,2,0,0,2
0,2,0,0,2
0,10,0,0,10
0,1,0,0,1
0,8,0,0,8
0,1,0,0,1
0,3,0,0,3
0,5,0,0,5
0,5,0,0,5
0,10,0,0,10
0,7,0,0,7
0,6,0,0,6
0,3,0,0,3
0,10,0,0,10
0,2,0,0,2
0,2,0,0,2
0,2,0,0,2
0,3,1,0,4
0,2,0,0,2
0,2,0,0,2
0,4,0,0,4
0,2,0,0,2
0,2,0,0,2
0,2,0,0,2
0,3,0,0,3
0,6,0,0,6
0,2,0,0,2
0,4,0,0,4
0,1,1,0,2
0,1,0,0,1
0,1,0,0,1
0,1,0,0,1
0,7,1,0,8
0,6,0,0,6
0,12,0,0,12
0,2,0,0,2
0,15,0,0,15
0,13,0,0,13
0,4,0,0,4
0,1,0,0,1
0,9,0,0,9
0,11,0,0,11
0,2,0,0,2
0,1,0,0,1
0,13,0,0,13
0,1,0,0,1
0,2,0,0,2
0,2,0,0,2
0,1,0,0,1
0,21,0,0,21
0,6,1,0,7
0,1,2,0,3
0,1,0,0,1
0,3,0,0,3
0,4,0,0,4
0,3,0,0,3
0,3,0,0,3
0,2,0,0,2
0,8,0,0,8
0,4,0,0,4
0,1,1,0,2
0,1,1,0,2
0,1,1,0,2
0,7,0,0,7
0,5,0,0,5
0,2,1,0,3
0,2,0,0,2
0,2,0,0,2
0,10,0,0,10
0,2,0,0,2
0,9,0,0,9
0,1,0,0,1
0,2,0,0,2
0,1,0,0,1
0,1,0,0,1
0,2,0,0,2
0,27,0,0,27
0,6,0,0,6
0,2,0,0,2
0,2,0,0,2
0,4,0,0,4
0,2,0,0,2
0,6,0,0,6
0,2,0,0,2
0,2,0,0,2
0,2,0,0,2
0,2,2,0,4
0,1,0,0,1
0,2,0,0,2
0,2,0,0,2
0,2,0,0,2
0,2,0,0,2
0,1,0,0,1
0,1,1,0,2
0,2,0,0,2
0,15,0,0,15
0,2,0,0,2
0,1,0,0,1
0,1,0,0,1
0,2,0,0,2
0,1,1,0,2
0,1,0,0,1
0,2,0,0,2
0,2,1,0,3
0,6,0,0,6
0,5,1,0,6
0,2,0,0,2
0,2,0,0,2
0,8,0,0,8
0,9,0,0,9
0,1,1,0,2
0,2,0,0,2
0,9,0,0,9
0,3,1,0,4
0,4,0,0,4
0,3,0,0,3
0,2,0,0,2
0,1,0,0,1
0,1,0,0,1
0,5,0,0,5
0,3,0,0,3
0,3,0,0,3
0,2,0,0,2
0,2,0,0,2
0,7,0,0,7
0,2,0,0,2
0,6,0,0,6
0,6,0,0,6
0,5,0,0,5
0,3,0,0,3
0,3,0,0,3
0,6,0,0,6
0,10,1,0,11
0,2,0,0,2
0,22,0,0,22
0,7,1,0,8
0,5,0,0,5
0,2,0,0,2
0,6,0,0,6
0,2,0,0,2
0,1,0,0,1
0,1,0,0,1
0,7,0,0,7
0,2,0,0,2
0,4,0,0,4
0,4,1,0,5
0,1,1,0,2
0,2,0,0,2
0,3,0,0,3
0,14,0,0,14
0,2,0,0,2
0,4,0,0,4
0,4,0,0,4
0,3,0,0,3
0,1,0,0,1
0,2,0,0,2
0,7,0,0,7
0,3,0,0,3
0,5,1,0,6
0,2,0,0,2
0,8,0,0,8
0,2,0,0,2
0,2,1,0,3
0,2,1,0,3
0,5,0,0,5
0,1,1,0,2
0,11,0,0,11
0,1,0,0,1
0,2,0,0,2
0,2,0,0,2
0,1,0,0,1
0,1,0,0,1
0,6,0,0,6
0,2,0,0,2
0,2,0,0,2
0,2,0,0,2
0,2,0,0,2
0,1,0,0,1
0,2,0,0,2
0,4,0,0,4
0,7,0,0,7
0,6,0,0,6
0,3,0,0,3
0,3,0,0,3
0,5,1,0,6
0,2,0,0,2
0,18,0,0,18
0,1,0,0,1
0,3,0,0,3
0,2,0,0,2
0,8,0,0,8
0,4,0,0,4
0,1,0,0,1
0,1,0,0,1
0,9,0,0,9
0,8,0,0,8
0,2,0,0,2
0,14,0,0,14
0,1,0,0,1
0,19,0,0,19
0,3,0,0,3
0,2,0,0,2
0,1,1,0,2
0,1,0,0,1
0,2,0,0,2
0,2,0,0,2
0,1,0,0,1
0,2,0,0,2
0,3,0,0,3
0,7,0,0,7
0,6,0,0,6
0,2,0,0,2
0,3,0,0,3
0,9,0,0,9
0,6,0,0,6
0,4,0,0,4
0,1,0,0,1
0,2,0,0,2
0,6,0,0,6
0,1,0,0,1
0,2,0,0,2
0,4,1,0,5
0,3,0,0,3
0,3,0,0,3
0,1,0,0,1
0,2,0,0,2
0,8,0,0,8
0,7,0,0,7
0,7,1,0,8
0,1,1,0,2
0,1,0,0,1
0,5,1,0,6
0,11,0,0,11
0,4,0,0,4
0,6,0,0,6
0,5,0,0,5
0,5,0,0,5
0,2,0,0,2
0,2,0,0,2
0,1,0,0,1
0,2,0,0,2
0,2,0,0,2
0,8,0,0,8
0,8,0,0,8
0,3,0,0,3
0,5,1,0,6
0,9,0,0,9
0,2,0,0,2
0,8,2,0,10
0,2,0,0,2
0,4,0,0,4
0,3,0,0,3
0,3,0,0,3
0,3,0,0,3
0,2,1,0,3
0,1,0,0,1
0,2,0,0,2
0,2,0,0,2
0,6,0,0,6
0,2,0,0,2
0,4,0,0,4
0,4,0,0,4
0,7,0,0,7
0,3,0,0,3
0,2,0,0,2
0,4,0,0,4
0,4,1,0,5
0,1,0,0,1
0,1,0,0,1
0,1,0,0,1
0,2,0,0,2
0,1,0,0,1
0,3,0,0,3
0,2,0,0,2
0,8,5,0,13
0,1,0,0,1
0,4,0,0,4
0,9,0,0,9
0,2,0,0,2
0,1,0,0,1
0,2,0,0,2
0,7,0,0,7
0,9,0,0,9
0,5,0,0,5
0,2,0,0,2
0,1,0,0,1
0,1,1,0,2
0,2,0,0,2
0,1,1,0,2
0,2,0,0,2
0,4,0,0,4
0,2,0,0,2
0,5,0,0,5
0,3,0,0,3
0,1,1,0,2
0,1,0,0,1
0,2,0,0,2
0,1,1,0,2
0,2,0,0,2
0,2,0,0,2
0,10,4,0,14
0,4,0,0,4
0,7,0,0,7
0,3,1,0,4
0,2,0,0,2
0,4,0,0,4
0,1,0,0,1
0,2,0,0,2
0,2,0,0,2
0,8,0,0,8
0,1,1,0,2
0,14,0,0,14
0,3,0,0,3
0,1,0,0,1
0,1,0,0,1
0,2,0,0,2
0,3,0,0,3
0,12,0,0,12
0,1,0,0,1
0,3,0,0,3
0,2,0,0,2
0,2,0,0,2
0,9,0,0,9
0,6,0,0,6
0,2,0,0,2
0,5,0,0,5
0,1,0,0,1
0,4,0,0,4
0,4,0,0,4
0,1,0,0,1
0,3,0,0,3
0,8,0,0,8
0,4,0,0,4
0,3,0,0,3
0,1,0,0,1
0,4,0,0,4
0,4,0,0,4
0,7,1,0,8
0,2,0,0,2
0,3,0,0,3
0,2,0,0,2
0,2,0,0,2
0,5,0,0,5
0,3,1,0,4
0,2,0,0,2
0,10,0,0,10
0,3,0,0,3
0,10,0,0,10
0,3,0,0,3
0,1,0,0,1
0,28,0,0,28
0,5,0,0,5
0,5,0,0,5
0,5,0,0,5
0,5,0,0,5
0,1,1,0,2
0,1,0,0,1
0,4,0,0,4
0,1,0,0,1
0,1,1,0,2
0,2,0,0,2
0,3,0,0,3
0,1,0,0,1
0,2,0,0,2
0,4,0,0,4
0,3,0,0,3
0,3,0,0,3
0,7,0,0,7
0,5,0,0,5
0,9,0,0,9
0,5,0,0,5
0,2,0,0,2
0,3,0,0,3
0,4,0,0,4
0,2,0,0,2
0,8,12,0,20
0,1,1,0,2
0,4,0,0,4
0,4,0,0,4
0,5,0,0,5
0,10,0,0,10
0,4,1,0,5
0,2,0,0,2
0,1,0,0,1
0,8,0,0,8
0,7,0,0,7
0,4,0,0,4
0,2,0,0,2
0,2,0,0,2
0,1,1,0,2
0,10,0,0,10
0,6,0,0,6
0,4,0,0,4
0,2,0,0,2
0,3,0,0,3
0,11,0,0,11
0,2,0,0,2
0,4,0,0,4
0,4,0,0,4
0,2,0,0,2
0,3,0,0,3
0,1,0,0,1
0,3,0,0,3
0,2,0,0,2
0,2,0,0,2
0,4,0,0,4
0,15,0,0,15
0,3,0,0,3
0,1,0,0,1
0,2,0,0,2
0,11,0,0,11
0,4,0,0,4
0,1,0,0,1
0,2,0,0,2
0,2,0,0,2
0,2,3,0,5
0,2,0,0,2
0,28,0,0,28
0,28,0,0,28
0,2,1,0,3
0,2,0,0,2
0,4,0,0,4
0,1,0,0,1
0,14,0,0,14
0,13,0,0,13
0,3,1,0,4
0,4,0,0,4
0,5,0,0,5
0,9,0,0,9
0,8,0,0,8
0,1,0,0,1
0,2,0,0,2
0,2,0,0,2
0,3,0,0,3
0,3,0,0,3
0,5,0,0,5
0,2,0,0,2
0,9,0,0,9
0,2,0,0,2
0,6,0,0,6
0,4,0,0,4
0,1,0,0,1
0,1,0,0,1
0,3,0,0,3
0,2,0,0,2
0,2,0,0,2
0,7,0,0,7
0,7,0,0,7
0,4,0,0,4
0,1,1,0,2
0,2,0,0,2
0,1,0,0,1
0,3,0,0,3
0,4,0,0,4
0,1,0,0,1
0,7,0,0,7
0,6,1,0,7
0,4,0,0,4
0,2,0,0,2
0,1,0,0,1
0,18,7,0,25
0,3,1,0,4
0,2,0,0,2
0,2,0,0,2
0,2,0,0,2
0,10,0,0,10
0,10,1,0,11
0,3,0,0,3
0,2,0,0,2
0,5,0,0,5
0,6,0,0,6
0,1,1,0,2
0,1,0,0,1
0,4,0,0,4
0,4,0,0,4
0,5,0,0,5
0,6,0,0,6
0,2,0,0,2
0,2,0,0,2
0,1,0,0,1
0,1,0,0,1
0,3,0,0,3
0,4,0,0,4
0,2,0,0,2
0,8,1,0,9
0,4,0,0,4
0,2,0,0,2
0,1,0,0,1
0,2,0,0,2
0,1,0,0,1
0,2,0,0,2
0,9,0,0,9
0,8,0,0,8
0,2,0,0,2
0,1,0,0,1
0,2,0,0,2
0,2,0,0,2
0,1,0,0,1
0,1,0,0,1
0,2,0,0,2
0,2,0,0,2
0,2,0,0,2
0,2,0,0,2
0,5,1,0,6
0,1,0,0,1
0,1,0,0,1
0,2,0,0,2
0,2,0,0,2
0,6,0,0,6
0,2,0,0,2
0,1,1,0,2
0,4,1,0,5
0,9,0,0,9
0,2,0,0,2
0,2,0,0,2
0,2,0,0,2
0,2,0,0,2
0,2,0,0,2
0,1,0,0,1
0,1,0,0,1
0,5,0,0,5
0,2,0,0,2
0,7,0,0,7
0,3,0,0,3
0,9,0,0,9
0,8,0,0,8
0,4,0,0,4
0,1,0,0,1
0,1,0,0,1
0,3,0,0,3
0,3,0,0,3
0,3,0,0,3
0,15,0,0,15
0,14,0,0,14
0,3,1,0,4
0,1,0,0,1
0,1,1,0,2
0,4,0,0,4
0,3,0,0,3
0,2,0,0,2
0,1,0,0,1
0,2,0,0,2
0,4,0,0,4
0,6,0,0,6
0,1,0,0,1
0,1,0,0,1
0,2,0,0,2
0,1,0,0,1
0,1,1,0,2
0,2,0,0,2
0,3,1,0,4
0,5,0,0,5
0,8,0,0,8
0,3,0,0,3
0,2,0,0,2
0,2,0,0,2
0,2,0,0,2
0,2,1,0,3
0,1,0,0,1
0,2,0,0,2
0,6,0,0,6
0,4,0,0,4
0,2,0,0,2
0,7,0,0,7
0,6,1,0,7
0,1,0,0,1
0,5,0,0,5
0,5,1,0,6
0,2,0,0,2
0,2,0,0,2
0,11,0,0,11
0,1,0,0,1
0,3,0,0,3
0,3,0,0,3
0,11,0,0,11
0,1,0,0,1
0,1,1,0,2
0,1,0,0,1
0,3,0,0,3
0,9,0,0,9
0,6,0,0,6
0,4,0,0,4
0,12,0,0,12
0,3,0,0,3
0,2,0,0,2
0,2,0,0,2
0,2,0,0,2
0,3,0,0,3
0,2,0,0,2
0,3,0,0,3
0,3,0,0,3
0,4,0,0,4
0,4,0,0,4
0,2,0,0,2
0,2,0,0,2
0,11,0,0,11
0,2,0,0,2
0,4,0,0,4
0,17,0,0,17
0,17,0,0,17
0,25,0,0,25
0,8,0,0,8
0,4,0,0,4
0,1,1,0,2
0,2,0,0,2
0,4,0,0,4
0,11,0,0,11
0,1,0,0,1
0,3,0,0,3
0,2,0,0,2
0,1,0,0,1
0,20,2,0,22
0,15,0,0,15
0,3,0,0,3
0,3,0,0,3
0,2,0,0,2
0,1,0,0,1
0,1,1,0,2
0,1,1,0,2
0,1,0,0,1
0,1,0,0,1
0,10,0,0,10
0,2,0,0,2
0,2,0,0,2
0,2,0,0,2
0,3,0,0,3
0,2,0,0,2
0,2,1,0,3
0,6,0,0,6
0,2,0,0,2
0,1,0,0,1
0,15,0,0,15
0,4,0,0,4
0,5,0,0,5
0,8,1,0,9
0,3,0,0,3
0,3,0,0,3
0,6,0,0,6
0,3,0,0,3
0,4,0,0,4
0,5,0,0,5
0,2,0,0,2
0,4,0,0,4
0,2,0,0,2
0,3,0,0,3
0,4,0,0,4
0,6,1,0,7
0,4,0,0,4
0,1,0,0,1
0,7,0,0,7
0,10,0,0,10
0,2,0,0,2
0,3,2,0,5
0,5,0,0,5
0,8,0,0,8
0,2,0,0,2
0,2,0,0,2
0,6,3,0,9
0,6,0,0,6
0,2,0,0,2
0,1,1,0,2
0,18,0,0,18
0,7,1,0,8
0,1,1,0,2
0,2,0,0,2
0,2,0,0,2
0,2,0,0,2
0,1,1,0,2
0,1,0,0,1
0,1,0,0,1
0,2,0,0,2
0,4,0,0,4
0,3,0,0,3
0,2,0,0,2
0,1,0,0,1
0,1,1,0,2
0,1,1,0,2
0,2,0,0,2
0,1,1,0,2
0,1,0,0,1
0,1,0,0,1
0,2,0,0,2
0,1,0,0,1
0,1,0,0,1
0,2,0,0,2
0,4,1,0,5
0,5,0,0,5
0,2,0,0,2
0,2,0,0,2
0,3,0,0,3
0,3,0,0,3
0,2,0,0,2
0,24,0,0,24
0,1,0,0,1
0,1,1,0,2
0,2,0,0,2
0,2,0,0,2
0,2,1,0,3
0,2,0,0,2
0,2,0,0,2
0,2,0,0,2
0,2,0,0,2
0,1,0,0,1
0,7,0,0,7
0,2,0,0,2
0,1,0,0,1
0,2,1,0,3
0,1,0,0,1
0,2,1,0,3
0,2,1,0,3
0,20,0,0,20
0,6,0,0,6
0,4,0,0,4
0,7,0,0,7
0,6,0,0,6
0,17,0,0,17
0,4,0,0,4
0,5,0,0,5
0,5,0,0,5
0,2,0,0,2
0,12,0,0,12
0,7,0,0,7
0,3,0,0,3
0,2,0,0,2
0,7,0,0,7
0,7,0,0,7
0,7,1,0,8
0,4,0,0,4
0,4,0,0,4
0,1,0,0,1
0,5,2,0,7
0,2,0,0,2
0,4,0,0,4
0,4,1,0,5
0,1,0,0,1
0,3,0,0,3
0,2,0,0,2
0,2,1,0,3
0,2,1,0,3
0,2,0,0,2
0,3,0,0,3
0,6,2,0,8
0,1,0,0,1
0,2,0,0,2
0,2,1,0,3
0,1,0,0,1
0,2,1,0,3
0,2,0,0,2
0,2,0,0,2
0,7,0,0,7
0,12,0,0,12
0,6,0,0,6
0,2,0,0,2
0,3,0,0,3
0,6,0,0,6
0,2,0,0,2
0,1,0,0,1
0,1,0,0,1
0,12,4,0,16
0,4,0,0,4
0,2,0,0,2
0,3,0,0,3
0,2,0,0,2
0,7,0,0,7
0,2,0,0,2
0,1,1,0,2
0,1,0,0,1
0,1,0,0,1
0,1,0,0,1
0,2,0,0,2
0,17,0,0,17
0,2,0,0,2
0,6,0,0,6
0,2,0,0,2
0,2,1,0,3
0,4,0,0,4
0,3,0,0,3
0,7,0,0,7
0,3,0,0,3
0,6,0,0,6
0,2,0,0,2
0,2,0,0,2
0,6,0,0,6
0,2,0,0,2
0,3,0,0,3
0,2,0,0,2
0,1,0,0,1
0,1,0,0,1
0,2,1,0,3
0,3,1,0,4
0,2,0,0,2
0,3,0,0,3
0,6,0,0,6
0,2,0,0,2
0,2,0,0,2
0,3,0,0,3
0,3,0,0,3
0,4,0,0,4
0,4,0,0,4
0,6,0,0,6
0,2,0,0,2
0,3,0,0,3
0,2,2,0,4
0,5,0,0,5
0,11,0,0,11
0,3,0,0,3
0,3,0,0,3
0,14,0,0,14
0,5,1,0,6
0,2,0,0,2
0,9,0,0,9
0,5,0,0,5
0,11,0,0,11
0,2,0,0,2
0,8,0,0,8
0,4,2,0,6
0,2,0,0,2
0,1,0,0,1
0,3,0,0,3
0,1,1,0,2
0,2,0,0,2
0,2,0,0,2
0,7,1,0,8
0,7,0,0,7
0,3,0,0,3
0,3,0,0,3
0,1,0,0,1
0,2,0,0,2
0,1,0,0,1
0,21,0,0,21
0,2,0,0,2
0,6,0,0,6
0,1,0,0,1
0,2,0,0,2
0,2,0,0,2
0,6,0,0,6
0,2,0,0,2
0,1,1,0,2
0,2,0,0,2
0,5,0,0,5
0,5,0,0,5
0,2,0,0,2
0,16,2,0,18
0,4,0,0,4
0,4,0,0,4
0,5,0,0,5
0,5,0,0,5
0,5,0,0,5
0,2,0,0,2
0,6,0,0,6
0,6,0,0,6
0,11,1,0,12
0,1,0,0,1
0,1,0,0,1
0,1,0,0,1
0,1,0,0,1
0,1,0,0,1
0,2,0,0,2
0,1,0,0,1
0,2,0,0,2
0,6,1,0,7
0,2,0,0,2
0,6,0,0,6
0,5,0,0,5
0,1,0,0,1
0,1,0,0,1
0,2,0,0,2
0,1,1,0,2
0,2,0,0,2
0,3,0,0,3
0,4,0,0,4
0,6,0,0,6
0,2,0,0,2
0,2,0,0,2
0,2,0,0,2
0,7,0,0,7
0,3,0,0,3
0,5,0,0,5
0,2,0,0,2
0,1,0,0,1
0,2,0,0,2
0,2,0,0,2
0,2,0,0,2
0,2,0,0,2
0,10,0,0,10
0,8,0,0,8
0,3,0,0,3
0,2,0,0,2
0,2,0,0,2
0,2,0,0,2
0,3,0,0,3
0,2,0,0,2
0,7,0,0,7
0,2,0,0,2
0,1,0,0,1
0,4,0,0,4
0,4,0,0,4
0,1,0,0,1
0,1,0,0,1
0,1,0,0,1
0,2,0,0,2
0,5,0,0,5
0,8,0,0,8
0,3,0,0,3
0,3,0,0,3
0,2,0,0,2
0,5,0,0,5
0,1,0,0,1
0,1,0,0,1
0,7,0,0,7
0,1,0,0,1
0,2,0,0,2
0,8,0,0,8
0,2,0,0,2
0,3,0,0,3
0,4,0,0,4
0,1,0,0,1
0,2,0,0,2
0,3,0,0,3
0,2,0,0,2
0,2,0,0,2
0,5,0,0,5
0,7,1,0,8
0,1,0,0,1
0,2,0,0,2
0,2,0,0,2
0,19,0,0,19
0,1,0,0,1
0,6,0,0,6
0,1,1,0,2
0,1,0,0,1
0,2,0,0,2
0,1,0,0,1
0,2,0,0,2
0,1,0,0,1
0,3,1,0,4
0,6,0,0,6
0,13,0,0,13
0,5,0,0,5
0,4,0,0,4
0,6,0,0,6
0,1,0,0,1
0,15,0,0,15
0,6,0,0,6
0,1,1,0,2
0,2,0,0,2
0,2,0,0,2
0,2,0,0,2
0,5,0,0,5
0,7,0,0,7
0,1,0,0,1
0,1,0,0,1
0,3,0,0,3
0,14,0,0,14
0,5,0,0,5
0,17,1,0,18
0,4,0,0,4
0,2,0,0,2
0,1,1,0,2
0,2,0,0,2
0,2,0,0,2
0,7,1,0,8
0,7,0,0,7
0,8,0,0,8
0,6,0,0,6
0,11,0,0,11
0,19,0,0,19
0,1,0,0,1
0,2,0,0,2
0,2,0,0,2
0,2,0,0,2
0,1,1,0,2
0,2,0,0,2
0,2,0,0,2
0,2,0,0,2
0,1,0,0,1
0,1,0,0,1
0,2,0,0,2
0,2,0,0,2
0,1,0,0,1
0,4,0,0,4
0,1,0,0,1
0,8,0,0,8
0,2,0,0,2
0,6,0,0,6
0,1,1,0,2
0,2,0,0,2
0,1,0,0,1
0,2,0,0,2
0,7,0,0,7
0,1,0,0,1
0,2,1,0,3
0,2,0,0,2
0,4,0,0,4
0,4,0,0,4
0,5,0,0,5
0,2,0,0,2
0,2,0,0,2
0,8,0,0,8
0,5,4,0,9
0,1,0,0,1
0,8,0,0,8
0,2,0,0,2
0,3,0,0,3
0,2,0,0,2
0,17,0,0,17
0,2,0,0,2
0,1,0,0,1
0,1,0,0,1
0,1,0,0,1
0,2,0,0,2
0,8,0,0,8
0,3,0,0,3
0,2,1,0,3
0,2,0,0,2
0,3,0,0,3
0,19,6,0,25
0,13,0,0,13
0,5,0,0,5
0,2,0,0,2
0,4,0,0,4
0,2,0,0,2
0,5,1,0,6
0,4,0,0,4
0,1,1,0,2
0,2,0,0,2
0,2,0,0,2
0,1,0,0,1
0,1,0,0,1
0,1,0,0,1
0,8,1,0,9
0,7,2,0,9
0,5,0,0,5
0,4,1,0,5
0,1,0,0,1
0,4,1,0,5
0,4,0,0,4
0,1,0,0,1
0,18,0,0,18
0,5,1,0,6
0,2,0,0,2
0,1,1,0,2
0,2,0,0,2
0,5,0,0,5
0,5,0,0,5
0,5,0,0,5
0,6,0,0,6
0,2,0,0,2
0,2,0,0,2
0,4,0,0,4
0,11,0,0,11
0,1,1,0,2
0,2,0,0,2
0,4,0,0,4
0,4,0,0,4
0,1,0,0,1
0,1,0,0,1
0,32,0,0,32
0,6,0,0,6
0,1,0,0,1
0,2,0,0,2
0,3,0,0,3
0,2,0,0,2
0,1,0,0,1
0,1,0,0,1
0,1,0,0,1
0,1,0,0,1
0,2,0,0,2
0,1,0,0,1
0,1,0,0,1
0,6,0,0,6
0,3,2,0,5
0,1,0,0,1
0,1,0,0,1
0,1,1,0,2
0,2,0,0,2
0,5,0,0,5
0,5,0,0,5
0,3,1,0,4
0,3,0,0,3
0,2,1,0,3
0,2,0,0,2
0,3,0,0,3
0,1,0,0,1
0,3,0,0,3
0,2,0,0,2
0,2,0,0,2
0,24,0,0,24
0,1,0,0,1
0,1,0,0,1
0,2,0,0,2
0,2,0,0,2
0,2,0,0,2
0,1,0,0,1
0,3,1,0,4
0,2,0,0,2
0,6,1,0,7
0,4,0,0,4
0,2,0,0,2
0,1,0,0,1
0,1,0,0,1
0,4,1,0,5
0,6,0,0,6
0,5,0,0,5
0,4,0,0,4
0,3,0,0,3
0,2,0,0,2
0,8,0,0,8
0,5,0,0,5
0,4,0,0,4
0,7,0,0,7
0,7,0,0,7
0,1,0,0,1
0,1,1,0,2
0,1,0,0,1
0,7,1,0,8
0,4,0,0,4
0,4,0,0,4
0,4,0,0,4
0,2,0,0,2
0,4,0,0,4
0,2,0,0,2
0,3,0,0,3
0,1,0,0,1
0,1,0,0,1
0,2,0,0,2
0,2,0,0,2
0,3,0,0,3
0,3,0,0,3
0,4,0,0,4
0,5,0,0,5
0,3,0,0,3
0,17,0,0,17
0,2,0,0,2
0,3,0,0,3
0,4,1,0,5
0,9,0,0,9
0,7,0,0,7
0,6,6,0,12
0,1,0,0,1
0,1,0,0,1
0,3,0,0,3
0,3,0,0,3
0,4,0,0,4
0,2,0,0,2
0,3,0,0,3
0,2,0,0,2
0,3,0,0,3
0,4,0,0,4
0,3,0,0,3
0,2,0,0,2
0,1,0,0,1
0,6,0,0,6
0,8,1,0,9
0,6,0,0,6
0,3,0,0,3
0,4,0,0,4
0,1,0,0,1
0,1,0,0,1
0,7,0,0,7
0,6,0,0,6
0,3,0,0,3
0,3,0,0,3
0,1,0,0,1
0,1,0,0,1
0,2,0,0,2
0,2,0,0,2
0,4,0,0,4
0,1,1,0,2
0,5,0,0,5
0,2,0,0,2
0,6,0,0,6
0,2,0,0,2
0,10,1,0,11
0,3,0,0,3
0,3,0,0,3
0,3,0,0,3
0,4,0,0,4
0,2,0,0,2
0,2,0,0,2
0,4,0,0,4
0,1,1,0,2
0,5,0,0,5
0,2,0,0,2
0,5,0,0,5
0,3,0,0,3
0,1,0,0,1
0,1,0,0,1
0,3,0,0,3
0,2,0,0,2
0,3,2,0,5
0,1,2,0,3
0,1,0,0,1
0,2,0,0,2
0,2,0,0,2
0,11,4,0,15
0,2,0,0,2
0,2,0,0,2
0,14,0,0,14
0,2,0,0,2
0,3,0,0,3
0,4,0,0,4
0,5,0,0,5
0,3,0,0,3
0,2,0,0,2
0,2,0,0,2
0,3,0,0,3
0,7,0,0,7
0,7,0,0,7
0,7,0,0,7
0,9,0,0,9
0,7,1,0,8
0,1,0,0,1
0,4,0,0,4
0,2,0,0,2
0,7,0,0,7
0,7,0,0,7
0,1,0,0,1
0,3,0,0,3
0,3,0,0,3
0,2,0,0,2
0,2,0,0,2
0,1,0,0,1
0,10,0,0,10
0,3,0,0,3
0,9,0,0,9
0,2,0,0,2
0,2,0,0,2
0,4,0,0,4
0,2,0,0,2
0,1,1,0,2
0,2,0,0,2
0,1,1,0,2
0,2,0,0,2
0,13,3,0,16
0,15,3,0,18
0,1,0,0,1
0,7,0,0,7
0,4,0,0,4
0,2,0,0,2
0,5,0,0,5
0,5,0,0,5
0,2,0,0,2
0,1,0,0,1
0,1,0,0,1
0,3,1,0,4
0,3,0,0,3
0,3,1,0,4
0,8,0,0,8
0,7,0,0,7
0,3,2,0,5
0,12,0,0,12
0,7,0,0,7
0,2,0,0,2
0,1,0,0,1
0,2,0,0,2
0,2,0,0,2
0,9,0,0,9
0,2,0,0,2
0,5,0,0,5
0,2,0,0,2
0,2,0,0,2
0,2,0,0,2
0,5,0,0,5
0,1,1,0,2
0,1,0,0,1
0,1,0,0,1
0,1,0,0,1
0,3,0,0,3
0,2,0,0,2
0,10,0,0,10
0,2,0,0,2
0,2,0,0,2
0,2,0,0,2
0,16,0,0,16
0,6,0,0,6
0,6,0,0,6
0,10,0,0,10
0,4,0,0,4
0,4,3,0,7
0,1,0,0,1
0,1,0,0,1
0,3,0,0,3
0,1,0,0,1
0,3,0,0,3
0,4,0,0,4
0,2,0,0,2
0,1,0,0,1
0,12,0,0,12
0,11,0,0,11
0,8,0,0,8
0,3,0,0,3
0,16,1,0,17
0,7,0,0,7
0,7,0,0,7
0,17,0,0,17
0,3,0,0,3
0,2,0,0,2
0,5,0,0,5
0,2,0,0,2
0,4,0,0,4
0,8,0,0,8
0,5,0,0,5
0,9,0,0,9
0,12,0,0,12
0,13,0,0,13
0,12,0,0,12
0,2,0,0,2
0,2,0,0,2
0,2,0,0,2
0,8,0,0,8
0,10,0,0,10
0,10,0,0,10
0,2,1,0,3
0,4,246,0,250
0,9,0,0,9
0,1,0,0,1
0,3,0,0,3
0,8,0,0,8
0,5,0,0,5
0,7,0,0,7
0,5,0,0,5
0,2,0,0,2
0,1,0,0,1
0,3,0,0,3
0,1,0,0,1
0,2,0,0,2
0,1,1,0,2
0,1,0,0,1
0,5,0,0,5
0,2,0,0,2
0,4,0,0,4
0,1,0,0,1
0,1,0,0,1
0,3,0,0,3
0,3,0,0,3
0,1,0,0,1
0,2,0,0,2
0,3,0,0,3
0,4,0,0,4
0,4,0,0,4
0,1,0,0,1
0,3,0,0,3
0,4,0,0,4
0,2,0,0,2
0,3,0,0,3
0,12,0,0,12
0,5,0,0,5
0,3,0,0,3
0,18,0,0,18
0,20,0,0,20
0,19,0,0,19
0,1,0,0,1
0,1,0,0,1
0,7,0,0,7
0,6,0,0,6
0,2,0,0,2
0,1,0,0,1
0,3,0,0,3
0,2,0,0,2
0,9,0,0,9
0,3,0,0,3
0,8,1,0,9
0,3,1,0,4
0,2,0,0,2
0,1,0,0,1
0,2,0,0,2
0,3,0,0,3
0,4,0,0,4
0,2,0,0,2
0,2,0,0,2
0,1,1,0,2
0,2,0,0,2
0,1,1,0,2
0,1,0,0,1
0,2,1,0,3
0,1,0,0,1
0,3,0,0,3
0,3,0,0,3
0,2,0,0,2
0,1,2,0,3
0,1,0,0,1
0,2,0,0,2
0,4,0,0,4
0,3,1,0,4
0,3,0,0,3
0,1,1,0,2
0,3,0,0,3
0,7,0,0,7
0,1,0,0,1
0,1,0,0,1
0,2,0,0,2
0,5,0,0,5
0,14,0,0,14
0,1,0,0,1
0,1,0,0,1
0,2,1,0,3
0,2,0,0,2
0,2,0,0,2
0,2,0,0,2
0,4,0,0,4
0,3,0,0,3
0,3,0,0,3
0,1,2,0,3
0,1,1,0,2
0,2,0,0,2
0,2,0,0,2
0,1,0,0,1
0,4,0,0,4
0,4,1,0,5
0,2,0,0,2
0,1,0,0,1
0,2,0,0,2
0,6,0,0,6
0,5,0,0,5
0,5,0,0,5
0,3,0,0,3
0,1,1,0,2
0,1,0,0,1
0,6,1,0,7
0,14,0,0,14
0,4,0,0,4
0,2,13,0,15
0,4,25,0,29
0,4,0,0,4
0,1,0,0,1
0,14,0,0,14
0,4,0,0,4
0,1,0,0,1
0,3,2,0,5
0,1,1,0,2
0,3,0,0,3
0,2,0,0,2
0,10,0,0,10
0,4,0,0,4
0,3,0,0,3
0,4,0,0,4
0,2,0,0,2
0,2,0,0,2
0,8,0,0,8
0,5,0,0,5
0,3,1,0,4
0,3,0,0,3
0,2,0,0,2
0,1,0,0,1
0,5,0,0,5
0,6,0,0,6
0,2,0,0,2
0,1,1,0,2
0,1,1,0,2
0,1,0,0,1
0,2,0,0,2
0,7,0,0,7
0,2,0,0,2
0,1,0,0,1
0,2,0,0,2
0,2,0,0,2
0,2,0,0,2
0,3,0,0,3
0,3,0,0,3
0,3,0,0,3
0,4,0,0,4
0,2,0,0,2
0,2,0,0,2
0,1,0,0,1
0,5,0,0,5
0,18,0,0,18
0,1,3,0,4
0,7,3,0,10
0,4,0,0,4
0,2,0,0,2
0,5,0,0,5
0,1,0,0,1
0,1,2,0,3
0,2,0,0,2
0,23,0,0,23
0,1,1,0,2
0,1,0,0,1
0,16,2,0,18
0,23,2,0,25
0,3,0,0,3
0,4,0,0,4
0,2,0,0,2
0,1,0,0,1
0,2,1,0,3
0,2,0,0,2
0,5,0,0,5
0,2,0,0,2
0,2,0,0,2
0,2,1,0,3
0,2,0,0,2
0,1,0,0,1
0,3,0,0,3
0,15,0,0,15
0,1,1,0,2
0,1,0,0,1
0,6,1,0,7
0,5,0,0,5
0,24,0,0,24
0,2,0,0,2
0,1,0,0,1
0,1,1,0,2
0,1,0,0,1
0,4,0,0,4
0,4,0,0,4
0,4,0,0,4
0,3,0,0,3
0,13,0,0,13
0,1,0,0,1
0,9,0,0,9
0,8,0,0,8
0,1,0,0,1
0,2,0,0,2
0,2,1,0,3
0,10,0,0,10
0,2,0,0,2
0,4,0,0,4
0,2,0,0,2
0,2,0,0,2
0,5,0,0,5
0,5,0,0,5
0,1,0,0,1
0,2,0,0,2
0,2,0,0,2
0,2,0,0,2
0,6,0,0,6
0,1,0,0,1
0,1,1,0,2
0,12,0,0,12
0,2,0,0,2
0,3,0,0,3
0,4,0,0,4
0,4,0,0,4
0,2,1,0,3
0,3,0,0,3
0,3,0,0,3
0,3,0,0,3
0,3,0,0,3
0,3,0,0,3
0,5,0,0,5
0,3,0,0,3
0,3,0,0,3
0,3,0,0,3
0,2,0,0,2
0,3,1,0,4
0,3,0,0,3
0,2,0,0,2
0,3,0,0,3
0,2,0,0,2
0,2,0,0,2
0,2,0,0,2
0,5,0,0,5
0,4,0,0,4
0,9,0,0,9
0,9,0,0,9
0,8,1,0,9
0,5,0,0,5
0,6,0,0,6
0,7,0,0,7
0,3,0,0,3
0,4,0,0,4
0,3,0,0,3
0,1,1,0,2
0,5,0,0,5
0,2,0,0,2
0,2,0,0,2
0,1,0,0,1
0,12,0,0,12
0,4,0,0,4
0,1,0,0,1
0,1,0,0,1
0,4,0,0,4
0,4,0,0,4
0,1,1,0,2
0,1,0,0,1
0,14,1,0,15
0,11,0,0,11
0,8,0,0,8
0,4,5,0,9
0,2,0,0,2
0,2,0,0,2
0,2,1,0,3
0,5,0,0,5
0,9,1,0,10
0,4,0,0,4
0,2,0,0,2
0,2,0,0,2
0,4,0,0,4
0,2,0,0,2
0,12,0,0,12
0,4,0,0,4
0,3,0,0,3
0,4,0,0,4
0,3,0,0,3
0,5,0,0,5
0,1,0,0,1
0,8,0,0,8
0,2,0,0,2
0,5,0,0,5
0,9,0,0,9
0,2,0,0,2
0,1,1,0,2
0,1,0,0,1
0,6,3,0,9
0,2,0,0,2
0,12,0,0,12
0,4,0,0,4
0,6,0,0,6
0,1,0,0,1
0,7,0,0,7
0,5,0,0,5
0,7,0,0,7
0,2,0,0,2
0,8,0,0,8
0,4,0,0,4
0,4,0,0,4
0,5,0,0,5
0,2,0,0,2
0,4,0,0,4
0,8,1,0,9
0,8,2,0,10
0,3,0,0,3
0,5,0,0,5
0,8,0,0,8
0,1,0,0,1
0,3,0,0,3
0,2,0,0,2
0,3,0,0,3
0,3,0,0,3
0,1,0,0,1
0,1,0,0,1
0,7,0,0,7
0,4,0,0,4
0,4,0,0,4
0,1,0,0,1
0,5,0,0,5
0,12,0,0,12
0,1,0,0,1
0,2,1,0,3
0,2,1,0,3
0,3,1,0,4
0,2,0,0,2
0,2,0,0,2
0,2,0,0,2
0,3,0,0,3
0,5,0,0,5
0,2,0,0,2
0,3,0,0,3
0,9,0,0,9
0,5,0,0,5
0,4,0,0,4
0,1,0,0,1
0,1,0,0,1
0,1,0,0,1
0,5,0,0,5
0,4,0,0,4
0,4,0,0,4
0,4,0,0,4
0,3,0,0,3
0,2,0,0,2
0,1,1,0,2
0,1,0,0,1
0,1,0,0,1
0,1,1,0,2
0,6,0,0,6
0,6,0,0,6
0,4,0,0,4
0,6,0,0,6
0,3,0,0,3
0,10,0,0,10
0,8,0,0,8
0,2,0,0,2
0,35,2,0,37
0,2,0,0,2
0,4,0,0,4
0,1,0,0,1
0,2,0,0,2
0,4,0,0,4
0,3,0,0,3
0,1,4,0,5
0,1,1,0,2
0,1,0,0,1
0,18,0,0,18
0,1,0,0,1
0,1,0,0,1
0,9,0,0,9
0,2,0,0,2
0,2,0,0,2
0,3,0,0,3
0,1,0,0,1
0,3,0,0,3
0,2,0,0,2
0,4,0,0,4
0,2,0,0,2
0,4,5,0,9
0,2,0,0,2
0,2,0,0,2
0,12,0,0,12
0,6,0,0,6
0,7,0,0,7
0,1,0,0,1
0,4,1,0,5
0,3,1,0,4
0,2,0,0,2
0,8,0,0,8
0,9,0,0,9
0,5,0,0,5
0,4,0,0,4
0,6,0,0,6
0,10,0,0,10
0,2,0,0,2
0,9,0,0,9
0,9,0,0,9
0,8,2,0,10
0,6,0,0,6
0,6,0,0,6
0,3,0,0,3
0,3,0,0,3
0,2,0,0,2
0,5,0,0,5
0,6,0,0,6
0,2,0,0,2
0,3,0,0,3
0,1,0,0,1
0,6,0,0,6
0,1,0,0,1
0,1,1,0,2
0,1,1,0,2
0,1,1,0,2
0,1,0,0,1
0,2,0,0,2
0,1,0,0,1
0,1,0,0,1
0,6,0,0,6
0,3,0,0,3
0,2,0,0,2
0,9,0,0,9
0,3,0,0,3
0,9,0,0,9
0,1,0,0,1
0,1,1,0,2
0,4,0,0,4
0,9,0,0,9
0,2,0,0,2
0,5,0,0,5
0,1,0,0,1
0,3,0,0,3
0,6,0,0,6
0,2,0,0,2
0,7,0,0,7
0,4,0,0,4
0,7,1,0,8
0,15,0,0,15
0,4,0,0,4
0,1,0,0,1
0,2,0,0,2
0,2,0,0,2
0,4,0,0,4
0,4,0,0,4
0,1,0,0,1
0,4,0,0,4
0,4,0,0,4
0,3,0,0,3
0,6,0,0,6
0,6,0,0,6
0,9,0,0,9
0,9,0,0,9
0,2,0,0,2
0,2,0,0,2
0,6,0,0,6
0,6,1,0,7
0,2,0,0,2
0,1,0,0,1
0,5,0,0,5
0,3,0,0,3
0,2,3,0,5
0,8,0,0,8
0,6,1,0,7
0,1,0,0,1
0,1,0,0,1
0,2,2,0,4
0,1,0,0,1
0,1,1,0,2
0,2,0,0,2
0,1,0,0,1
0,2,0,0,2
0,18,0,0,18
0,5,0,0,5
0,5,0,0,5
0,3,1,0,4
0,1,0,0,1
0,6,0,0,6
0,6,0,0,6
0,4,0,0,4
0,8,1,0,9
0,4,0,0,4
0,3,0,0,3
0,4,0,0,4
0,1,1,0,2
0,5,1,0,6
0,4,0,0,4
0,2,0,0,2
0,2,0,0,2
0,2,0,0,2
0,6,0,0,6
0,4,0,0,4
0,13,0,0,13
0,14,0,0,14
0,4,0,0,4
0,2,0,0,2
0,16,0,0,16
0,9,0,0,9
0,4,0,0,4
0,7,0,0,7
0,1,1,0,2
0,1,0,0,1
0,3,1,0,4
0,3,0,0,3
0,1,1,0,2
0,4,0,0,4
0,4,0,0,4
0,2,0,0,2
0,2,1,0,3
0,10,1,0,11
0,4,0,0,4
0,1,0,0,1
0,1,0,0,1
0,1,0,0,1
0,1,0,0,1
0,1,0,0,1
0,3,3,0,6
0,2,0,0,2
0,16,0,0,16
0,2,0,0,2
0,7,0,0,7
0,7,0,0,7
0,11,0,0,11
0,2,0,0,2
0,4,0,0,4
0,6,0,0,6
0,4,0,0,4
0,3,4,0,7
0,2,1,0,3
0,2,0,0,2
0,5,0,0,5
0,3,0,0,3
0,1,0,0,1
0,6,1,0,7
0,2,0,0,2
0,3,0,0,3
0,2,0,0,2
0,3,0,0,3
0,5,0,0,5
0,5,0,0,5
0,2,0,0,2
0,1,0,0,1
0,1,0,0,1
0,5,0,0,5
0,4,0,0,4
0,3,0,0,3
0,1,0,0,1
0,1,0,0,1
0,4,0,0,4
0,2,0,0,2
0,6,0,0,6
0,3,0,0,3
0,1,0,0,1
0,1,0,0,1
0,6,0,0,6
0,1,1,0,2
0,2,0,0,2
0,7,0,0,7
0,4,0,0,4
0,3,0,0,3
0,2,0,0,2
0,1,1,0,2
0,3,0,0,3
0,2,0,0,2
0,3,0,0,3
0,3,0,0,3
0,3,0,0,3
0,2,0,0,2
0,2,0,0,2
0,2,0,0,2
0,4,1,0,5
0,2,0,0,2
0,7,0,0,7
0,7,0,0,7
0,5,0,0,5
0,7,0,0,7
0,7,0,0,7
0,3,0,0,3
0,2,0,0,2
0,6,0,0,6
0,6,0,0,6
0,5,0,0,5
0,5,0,0,5
0,1,1,0,2
0,1,0,0,1
0,1,0,0,1
0,6,0,0,6
0,6,0,0,6
0,7,0,0,7
0,7,1,0,8
0,8,0,0,8
0,5,0,0,5
0,1,0,0,1
0,2,0,0,2
0,3,0,0,3
0,2,0,0,2
0,13,0,0,13
0,14,0,0,14
0,6,0,0,6
0,6,0,0,6
0,1,0,0,1
0,2,0,0,2
0,1,0,0,1
0,2,0,0,2
0,1,1,0,2
0,1,0,0,1
0,2,0,0,2
0,1,0,0,1
0,6,0,0,6
0,3,0,0,3
0,2,0,0,2
0,2,0,0,2
0,2,0,0,2
0,5,0,0,5
0,3,0,0,3
0,4,0,0,4
0,5,0,0,5
0,3,0,0,3
0,1,0,0,1
0,2,0,0,2
0,1,0,0,1
0,2,0,0,2
0,1,0,0,1
0,19,1,0,20
0,3,0,0,3
0,2,0,0,2
0,4,0,0,4
0,15,0,0,15
0,5,0,0,5
0,7,0,0,7
0,3,1,0,4
0,8,1,0,9
0,7,0,0,7
0,1,1,0,2
0,1,0,0,1
0,2,0,0,2
0,2,0,0,2
0,1,0,0,1
0,2,0,0,2
0,2,0,0,2
0,2,0,0,2
0,1,1,0,2
0,2,0,0,2
0,5,0,0,5
0,3,0,0,3
0,1,0,0,1
0,1,2,0,3
0,1,0,0,1
0,3,0,0,3
0,1,1,0,2
0,2,0,0,2
0,7,0,0,7
0,7,0,0,7
0,9,0,0,9
0,2,0,0,2
0,1,0,0,1
0,2,0,0,2
0,5,0,0,5
0,4,0,0,4
0,29,1,0,30
0,3,0,0,3
0,4,0,0,4
0,3,0,0,3
0,4,0,0,4
0,1,0,0,1
0,3,0,0,3
0,2,0,0,2
0,17,0,0,17
0,6,0,0,6
0,6,1,0,7
0,1,0,0,1
0,11,0,0,11
0,2,0,0,2
0,3,0,0,3
0,2,0,0,2
0,2,0,0,2
0,6,0,0,6
0,7,0,0,7
0,7,1,0,8
0,1,0,0,1
0,2,0,0,2
0,2,0,0,2
0,11,0,0,11
0,9,0,0,9
0,20,0,0,20
0,1,0,0,1
0,7,0,0,7
0,21,0,0,21
0,2,0,0,2
0,1,0,0,1
0,1,0,0,1
0,29,0,0,29
0,1,0,0,1
0,4,0,0,4
0,2,0,0,2
0,6,0,0,6
0,3,0,0,3
0,2,0,0,2
0,1,0,0,1
0,1,0,0,1
0,4,0,0,4
0,4,0,0,4
0,6,0,0,6
0,4,0,0,4
0,2,0,0,2
0,2,1,0,3
0,7,0,0,7
0,2,0,0,2
0,2,0,0,2
0,2,0,0,2
0,2,0,0,2
0,2,0,0,2
0,3,0,0,3
0,1,0,0,1
0,1,0,0,1
0,2,0,0,2
0,2,0,0,2
0,5,0,0,5
0,9,0,0,9
0,4,0,0,4
0,1,1,0,2
0,8,0,0,8
0,2,1,0,3
0,2,0,0,2
0,3,0,0,3
0,1,0,0,1
0,20,0,0,20
0,1,1,0,2
0,2,0,0,2
0,4,0,0,4
0,4,0,0,4
0,2,0,0,2
0,2,0,0,2
0,4,0,0,4
0,3,0,0,3
0,3,0,0,3
0,3,0,0,3
0,2,2,0,4
0,1,2,0,3
0,5,0,0,5
0,2,0,0,2
0,1,0,0,1
0,1,1,0,2
0,8,0,0,8
0,3,0,0,3
0,3,0,0,3
0,2,2,0,4
0,4,2,0,6
0,2,0,0,2
0,3,0,0,3
0,4,0,0,4
0,5,0,0,5
0,3,0,0,3
0,1,0,0,1
0,2,0,0,2
0,2,0,0,2
0,2,0,0,2
0,3,0,0,3
0,2,0,0,2
0,4,0,0,4
0,1,0,0,1
0,2,0,0,2
0,1,0,0,1
0,1,0,0,1
0,3,2,0,5
0,3,0,0,3
0,2,0,0,2
0,1,0,0,1
0,2,0,0,2
0,17,0,0,17
0,18,0,0,18
0,2,0,0,2
0,1,0,0,1
0,3,0,0,3
0,2,0,0,2
0,2,0,0,2
0,2,1,0,3
0,2,0,0,2
0,2,0,0,2
0,1,0,0,1
0,5,1,0,6
0,8,0,0,8
0,5,0,0,5
0,2,0,0,2
0,2,1,0,3
0,4,0,0,4
0,4,0,0,4
0,2,0,0,2
0,2,0,0,2
0,3,0,0,3
0,10,0,0,10
0,2,0,0,2
0,3,1,0,4
0,5,0,0,5
0,7,0,0,7
0,3,0,0,3
0,3,0,0,3
0,3,0,0,3
0,8,0,0,8
0,2,0,0,2
0,2,0,0,2
0,1,0,0,1
0,2,0,0,2
0,2,0,0,2
0,2,0,0,2
0,1,0,0,1
0,3,0,0,3
0,1,0,0,1
0,1,0,0,1
0,2,0,0,2
0,3,2,0,5
0,2,0,0,2
0,4,1,0,5
0,6,0,0,6
0,5,0,0,5
0,6,0,0,6
0,13,1,0,14
0,13,1,0,14
0,5,0,0,5
0,1,0,0,1
0,3,0,0,3
0,2,0,0,2
0,2,0,0,2
0,8,0,0,8
0,2,0,0,2
0,1,2,0,3
0,2,0,0,2
0,8,0,0,8
0,1,0,0,1
0,5,0,0,5
0,2,0,0,2
0,8,0,0,8
0,9,0,0,9
0,7,0,0,7
0,1,1,0,2
0,5,0,0,5
0,4,0,0,4
0,3,0,0,3
0,4,1,0,5
0,3,2,0,5
0,1,1,0,2
0,1,1,0,2
0,1,0,0,1
0,2,0,0,2
0,5,1,0,6
0,3,0,0,3
0,1,1,0,2
0,4,0,0,4
0,2,0,0,2
0,1,1,0,2
0,6,0,0,6
0,3,0,0,3
0,5,0,0,5
0,4,0,0,4
0,2,0,0,2
0,2,0,0,2
0,2,1,0,3
0,2,0,0,2
0,3,1,0,4
0,5,0,0,5
0,4,0,0,4
0,2,0,0,2
0,1,0,0,1
0,2,0,0,2
0,2,0,0,2
0,2,0,0,2
0,2,0,0,2
0,2,0,0,2
0,2,0,0,2
0,2,0,0,2
0,5,0,0,5
0,3,0,0,3
0,3,0,0,3
0,2,0,0,2
0,6,0,0,6
0,2,0,0,2
0,1,0,0,1
0,7,0,0,7
0,4,0,0,4
0,3,0,0,3
0,3,0,0,3
0,3,1,0,4
0,3,0,0,3
0,3,2,0,5
0,3,1,0,4
0,3,0,0,3
0,2,0,0,2
0,1,0,0,1
0,3,0,0,3
0,4,0,0,4
0,2,0,0,2
0,2,0,0,2
0,1,0,0,1
0,2,0,0,2
0,6,0,0,6
0,6,0,0,6
0,2,0,0,2
0,1,0,0,1
0,1,1,0,2
0,10,1,0,11
0,1,0,0,1
0,2,0,0,2
0,2,0,0,2
0,3,2,0,5
0,6,0,0,6
0,2,0,0,2
0,1,0,0,1
0,4,0,0,4
0,2,0,0,2
0,1,0,0,1
0,2,0,0,2
0,2,0,0,2
0,2,0,0,2
0,8,0,0,8
0,4,0,0,4
0,7,2,0,9
0,3,0,0,3
0,1,0,0,1
0,2,0,0,2
0,5,1,0,6
0,2,0,0,2
0,2,0,0,2
0,2,0,0,2
0,2,0,0,2
0,2,0,0,2
0,2,0,0,2
0,5,1,0,6
0,5,0,0,5
0,3,0,0,3
0,2,1,0,3
0,2,1,0,3
0,2,0,0,2
0,7,0,0,7
0,3,0,0,3
0,4,0,0,4
0,2,0,0,2
0,11,0,0,11
0,8,0,0,8
0,2,0,0,2
0,2,0,0,2
0,1,0,0,1
0,2,0,0,2
0,1,1,0,2
0,2,1,0,3
0,2,1,0,3
0,1,0,0,1
0,3,0,0,3
0,2,0,0,2
0,4,0,0,4
0,2,0,0,2
0,2,0,0,2
0,1,0,0,1
0,1,0,0,1
0,3,0,0,3
0,6,0,0,6
0,2,0,0,2
0,2,0,0,2
0,5,3,0,8
0,3,0,0,3
0,1,0,0,1
0,2,0,0,2
0,1,0,0,1
0,1,0,0,1
0,2,0,0,2
0,2,0,0,2
0,1,0,0,1
0,1,1,0,2
0,1,0,0,1
0,1,0,0,1
0,1,0,0,1
0,2,0,0,2
0,1,0,0,1
0,5,0,0,5
0,1,0,0,1
0,2,0,0,2
0,3,0,0,3
0,2,0,0,2
0,4,0,0,4
0,5,11,0,16
0,3,0,0,3
0,1,1,0,2
0,1,0,0,1
0,8,0,0,8
0,9,0,0,9
0,1,1,0,2
0,2,0,0,2
0,2,0,0,2
0,2,0,0,2
0,10,3,0,13
0,1,1,0,2
0,2,0,0,2
0,3,0,0,3
0,5,0,0,5
0,4,0,0,4
0,1,1,0,2
0,4,0,0,4
0,3,0,0,3
0,4,0,0,4
0,1,0,0,1
0,4,0,0,4
0,4,0,0,4
0,1,0,0,1
0,1,0,0,1
0,1,2,0,3
0,7,0,0,7
0,9,0,0,9
0,2,0,0,2
0,2,0,0,2
0,1,0,0,1
0,2,0,0,2
0,9,1,0,10
0,4,1,0,5
0,8,1,0,9
0,1,1,0,2
0,2,0,0,2
0,7,0,0,7
0,10,0,0,10
0,2,0,0,2
0,7,0,0,7
0,2,0,0,2
0,2,0,0,2
0,5,0,0,5
0,8,0,0,8
0,2,0,0,2
0,2,0,0,2
0,4,0,0,4
0,3,0,0,3
0,3,0,0,3
0,3,0,0,3
0,1,0,0,1
0,1,0,0,1
0,3,0,0,3
0,1,2,0,3
0,1,0,0,1
0,3,0,0,3
0,2,0,0,2
0,2,0,0,2
0,1,0,0,1
0,1,0,0,1
0,2,1,0,3
0,2,0,0,2
0,6,0,0,6
0,6,0,0,6
0,5,0,0,5
0,8,0,0,8
0,6,0,0,6
0,2,0,0,2
0,2,0,0,2
0,12,0,0,12
0,2,0,0,2
0,1,0,0,1
0,1,0,0,1
0,13,0,0,13
0,14,0,0,14
0,2,0,0,2
0,5,0,0,5
0,18,1,0,19
0,2,0,0,2
0,11,0,0,11
0,3,0,0,3
0,6,0,0,6
0,3,4,0,7
0,1,0,0,1
0,1,0,0,1
0,1,0,0,1
0,7,0,0,7
0,2,0,0,2
0,7,0,0,7
0,1,0,0,1
0,5,0,0,5
0,3,0,0,3
0,6,0,0,6
0,2,0,0,2
0,1,0,0,1
0,4,0,0,4
0,4,0,0,4
0,4,0,0,4
0,3,1,0,4
0,4,0,0,4
0,5,0,0,5
0,2,0,0,2
0,2,0,0,2
0,2,0,0,2
0,2,0,0,2
0,2,0,0,2
0,3,0,0,3
0,3,0,0,3
0,4,0,0,4
0,10,0,0,10
0,4,0,0,4
0,7,0,0,7
0,8,0,0,8
0,2,0,0,2
0,12,1,0,13
0,6,0,0,6
0,8,5,0,13
0,3,0,0,3
0,7,0,0,7
0,2,0,0,2
0,4,0,0,4
0,17,1,0,18
0,19,0,0,19
0,3,0,0,3
0,2,0,0,2
0,2,2,0,4
0,4,0,0,4
0,4,0,0,4
0,2,0,0,2
0,2,0,0,2
0,4,0,0,4
0,6,0,0,6
0,6,0,0,6
0,1,0,0,1
0,7,0,0,7
0,2,0,0,2
0,15,0,0,15
0,12,0,0,12
0,4,0,0,4
0,2,0,0,2
0,2,0,0,2
0,12,6,0,18
0,4,0,0,4
0,7,0,0,7
0,3,0,0,3
0,3,0,0,3
0,1,0,0,1
0,2,0,0,2
0,2,0,0,2
0,1,0,0,1
0,2,0,0,2
0,2,0,0,2
0,8,0,0,8
0,4,0,0,4
0,13,0,0,13
0,1,0,0,1
0,14,2,0,16
0,2,1,0,3
0,2,0,0,2
0,2,1,0,3
0,2,0,0,2
0,3,0,0,3
0,2,0,0,2
0,1,0,0,1
0,7,0,0,7
0,5,0,0,5
0,2,0,0,2
0,1,1,0,2
0,1,0,0,1
0,3,0,0,3
0,3,0,0,3
0,3,0,0,3
0,4,0,0,4
0,2,0,0,2
0,4,0,0,4
0,1,0,0,1
0,1,0,0,1
0,3,0,0,3
0,2,1,0,3
0,2,0,0,2
0,6,0,0,6
0,1,1,0,2
0,2,0,0,2
0,4,0,0,4
0,5,0,0,5
0,1,0,0,1
0,9,0,0,9
0,11,0,0,11
0,1,0,0,1
0,4,0,0,4
0,4,0,0,4
0,2,0,0,2
0,1,0,0,1
0,12,6,0,18
0,2,0,0,2
0,1,0,0,1
0,2,0,0,2
0,2,0,0,2
0,2,0,0,2
0,4,0,0,4
0,4,0,0,4
0,1,0,0,1
0,10,0,0,10
0,9,0,0,9
0,5,3,0,8
0,3,0,0,3
0,3,0,0,3
0,1,0,0,1
0,1,0,0,1
0,2,0,0,2
0,3,0,0,3
0,4,0,0,4
0,5,0,0,5
0,2,0,0,2
0,3,0,0,3
0,1,0,0,1
0,4,0,0,4
0,2,0,0,2
0,10,0,0,10
0,1,0,0,1
0,2,1,0,3
0,2,0,0,2
0,3,0,0,3
0,2,0,0,2
0,3,1,0,4
0,2,0,0,2
0,8,0,0,8
0,5,0,0,5
0,6,2,0,8
0,9,0,0,9
0,2,0,0,2
0,2,0,0,2
0,6,0,0,6
0,5,0,0,5
0,5,0,0,5
0,6,0,0,6
0,1,0,0,1
0,1,0,0,1
0,2,0,0,2
0,2,0,0,2
0,1,0,0,1
0,2,0,0,2
0,2,0,0,2
0,3,1,0,4
0,3,1,0,4
0,3,0,0,3
0,1,1,0,2
0,1,0,0,1
0,1,0,0,1
0,2,0,0,2
0,10,0,0,10
0,16,1,0,17
0,1,0,0,1
0,2,0,0,2
0,2,0,0,2
0,3,0,0,3
0,7,0,0,7
0,10,0,0,10
0,1,0,0,1
0,1,0,0,1
0,1,0,0,1
0,2,0,0,2
0,1,2,0,3
0,4,0,0,4
0,1,0,0,1
0,4,0,0,4
0,3,0,0,3
0,1,0,0,1
0,4,0,0,4
0,6,0,0,6
0,8,0,0,8
0,9,0,0,9
0,4,0,0,4
0,2,0,0,2
0,3,0,0,3
0,1,0,0,1
0,1,0,0,1
0,15,0,0,15
0,1,0,0,1
0,2,0,0,2
0,2,0,0,2
0,6,0,0,6
0,3,2,0,5
0,1,0,0,1
0,1,1,0,2
0,1,0,0,1
0,2,0,0,2
0,2,0,0,2
0,4,0,0,4
0,3,0,0,3
0,11,0,0,11
0,6,0,0,6
0,6,0,0,6
0,4,11,0,15
0,4,1,0,5
0,7,0,0,7
0,2,0,0,2
0,2,0,0,2
0,1,1,0,2
0,5,0,0,5
0,2,0,0,2
0,3,0,0,3
0,29,0,0,29
0,5,1,0,6
0,2,0,0,2
0,5,0,0,5
0,3,0,0,3
0,16,0,0,16
0,2,0,0,2
0,3,5,0,8
0,1,0,0,1
0,1,0,0,1
0,9,0,0,9
0,6,0,0,6
0,2,0,0,2
0,4,0,0,4
0,5,0,0,5
0,1,0,0,1
0,7,0,0,7
0,8,0,0,8
0,2,0,0,2
0,1,0,0,1
0,1,0,0,1
0,3,0,0,3
0,3,0,0,3
0,13,0,0,13
0,2,0,0,2
0,1,0,0,1
0,5,1,0,6
0,1,0,0,1
0,1,1,0,2
0,1,0,0,1
0,1,1,0,2
0,1,0,0,1
0,4,0,0,4
0,1,1,0,2
0,1,0,0,1
0,5,0,0,5
0,7,0,0,7
0,2,0,0,2
0,2,0,0,2
0,2,0,0,2
0,1,0,0,1
0,1,1,0,2
0,10,0,0,10
0,2,0,0,2
0,2,0,0,2
0,3,0,0,3
0,2,0,0,2
0,1,1,0,2
0,1,0,0,1
0,1,0,0,1
0,2,0,0,2
0,5,0,0,5
0,5,0,0,5
0,2,0,0,2
0,2,1,0,3
0,2,0,0,2
0,5,0,0,5
0,2,0,0,2
0,2,0,0,2
0,2,0,0,2
0,12,0,0,12
0,15,0,0,15
0,1,1,0,2
0,1,0,0,1
0,4,0,0,4
0,5,0,0,5
0,2,0,0,2
0,2,0,0,2
0,10,0,0,10
0,12,0,0,12
0,1,0,0,1
0,2,0,0,2
0,6,0,0,6
0,4,6,0,10
0,4,0,0,4
0,1,0,0,1
0,3,0,0,3
0,1,0,0,1
0,2,0,0,2
0,1,0,0,1
0,2,0,0,2
0,3,0,0,3
0,2,0,0,2
0,3,0,0,3
0,3,0,0,3
0,2,0,0,2
0,3,0,0,3
0,3,0,0,3
0,2,0,0,2
0,6,2,0,8
0,6,0,0,6
0,5,0,0,5
0,4,0,0,4
0,1,1,0,2
0,2,0,0,2
0,2,1,0,3
0,3,0,0,3
0,2,0,0,2
0,5,0,0,5
0,8,0,0,8
0,5,1,0,6
0,2,0,0,2
0,3,1,0,4
0,5,0,0,5
0,4,0,0,4
0,3,0,0,3
0,4,0,0,4
0,4,0,0,4
0,1,0,0,1
0,1,0,0,1
0,2,0,0,2
0,2,0,0,2
0,5,0,0,5
0,4,0,0,4
0,2,0,0,2
0,2,0,0,2
0,1,0,0,1
0,1,0,0,1
0,1,0,0,1
0,1,0,0,1
0,4,0,0,4
0,3,1,0,4
0,1,0,0,1
0,3,0,0,3
0,12,0,0,12
0,1,1,0,2
0,3,0,0,3
0,1,0,0,1
0,3,0,0,3
0,3,1,0,4
0,3,0,0,3
0,1,0,0,1
0,1,0,0,1
0,1,0,0,1
0,3,0,0,3
0,2,0,0,2
0,1,1,0,2
0,1,0,0,1
0,1,1,0,2
0,3,0,0,3
0,10,0,0,10
0,3,0,0,3
0,15,0,0,15
0,8,0,0,8
0,2,0,0,2
0,1,0,0,1
0,7,0,0,7
0,2,0,0,2
0,4,0,0,4
0,4,0,0,4
0,12,0,0,12
0,3,0,0,3
0,4,0,0,4
0,7,0,0,7
0,8,0,0,8
0,2,0,0,2
0,1,0,0,1
0,3,0,0,3
0,6,0,0,6
0,3,0,0,3
0,2,0,0,2
0,2,0,0,2
0,5,0,0,5
0,5,1,0,6
0,6,0,0,6
0,2,1,0,3
0,2,0,0,2
0,1,1,0,2
0,2,0,0,2
0,8,0,0,8
0,6,0,0,6
0,4,0,0,4
0,3,0,0,3
0,1,0,0,1
0,4,0,0,4
0,1,0,0,1
0,2,0,0,2
0,2,0,0,2
0,2,0,0,2
0,2,0,0,2
0,2,0,0,2
0,1,1,0,2
0,1,0,0,1
0,5,0,0,5
0,15,0,0,15
0,3,0,0,3
0,8,0,0,8
0,3,0,0,3
0,3,0,0,3
0,14,0,0,14
0,6,0,0,6
0,1,0,0,1
0,2,0,0,2
0,12,0,0,12
0,32,0,0,32
0,2,0,0,2
0,4,0,0,4
0,1,0,0,1
0,1,1,0,2
0,4,0,0,4
0,6,0,0,6
0,12,0,0,12
0,2,0,0,2
0,2,0,0,2
0,4,1,0,5
0,5,0,0,5
0,18,0,0,18
0,2,0,0,2
0,1,0,0,1
0,8,0,0,8
0,5,0,0,5
0,5,0,0,5
0,2,0,0,2
0,6,0,0,6
0,4,0,0,4
0,6,0,0,6
0,3,0,0,3
0,1,0,0,1
0,4,0,0,4
0,2,0,0,2
0,2,2,0,4
0,2,0,0,2
0,1,0,0,1
0,2,0,0,2
0,6,0,0,6
0,1,0,0,1
0,3,0,0,3
0,1,0,0,1
0,2,0,0,2
0,2,0,0,2
0,4,0,0,4
0,15,0,0,15
0,4,0,0,4
0,4,0,0,4
0,2,0,0,2
0,2,0,0,2
0,3,0,0,3
0,6,0,0,6
0,3,0,0,3
0,4,0,0,4
0,4,0,0,4
0,1,0,0,1
0,5,0,0,5
0,8,0,0,8
0,8,0,0,8
0,2,0,0,2
0,3,1,0,4
0,1,0,0,1
0,1,0,0,1
0,6,0,0,6
0,6,0,0,6
0,12,0,0,12
0,11,0,0,11
0,19,0,0,19
0,3,0,0,3
0,3,0,0,3
0,3,1,0,4
0,3,0,0,3
0,3,0,0,3
0,1,1,0,2
0,24,0,0,24
0,2,0,0,2
0,4,0,0,4
0,2,0,0,2
0,2,0,0,2
0,2,0,0,2
0,1,0,0,1
0,1,0,0,1
0,9,0,0,9
0,3,0,0,3
0,5,0,0,5
0,5,0,0,5
0,2,5,0,7
0,1,0,0,1
0,4,0,0,4
0,1,1,0,2
0,4,1,0,5
0,3,0,0,3
0,1,0,0,1
0,3,2,0,5
0,4,0,0,4
0,2,0,0,2
0,3,0,0,3
0,3,0,0,3
0,3,0,0,3
0,3,0,0,3
0,3,0,0,3
0,1,0,0,1
0,4,1,0,5
0,2,0,0,2
0,8,0,0,8
0,4,0,0,4
0,2,0,0,2
0,3,0,0,3
0,5,0,0,5
0,2,0,0,2
0,2,0,0,2
0,3,0,0,3
0,2,0,0,2
0,1,0,0,1
0,4,0,0,4
0,2,0,0,2
0,1,0,0,1
0,1,0,0,1
0,4,0,0,4
0,4,0,0,4
0,2,0,0,2
0,1,0,0,1
0,7,0,0,7
0,2,0,0,2
0,3,0,0,3
0,4,0,0,4
0,2,0,0,2
0,8,0,0,8
0,3,0,0,3
0,2,0,0,2
0,4,0,0,4
0,8,0,0,8
0,4,0,0,4
0,2,1,0,3
0,2,0,0,2
0,5,0,0,5
0,6,0,0,6
0,5,0,0,5
0,2,0,0,2
0,2,0,0,2
0,6,0,0,6
0,7,0,0,7
0,4,0,0,4
0,3,0,0,3
0,2,0,0,2
0,6,0,0,6
0,4,0,0,4
0,16,0,0,16
0,2,0,0,2
0,4,0,0,4
0,5,0,0,5
0,1,0,0,1
0,2,0,0,2
0,8,0,0,8
0,1,0,0,1
0,10,2,0,12
0,6,0,0,6
0,2,0,0,2
0,1,0,0,1
0,4,0,0,4
0,1,0,0,1
0,11,0,0,11
0,3,0,0,3
0,3,0,0,3
0,3,0,0,3
0,3,0,0,3
0,2,0,0,2
0,3,0,0,3
0,12,0,0,12
0,3,0,0,3
0,2,0,0,2
0,1,1,0,2
0,1,0,0,1
0,1,0,0,1
0,2,0,0,2
0,2,0,0,2
0,3,0,0,3
0,5,0,0,5
0,8,0,0,8
0,3,0,0,3
0,2,0,0,2
0,1,0,0,1
0,6,0,0,6
0,3,2,0,5
0,1,0,0,1
0,3,0,0,3
0,2,0,0,2
0,2,2,0,4
0,2,0,0,2
0,4,0,0,4
0,1,0,0,1
0,3,0,0,3
0,3,0,0,3
0,4,0,0,4
0,2,0,0,2
0,2,0,0,2
0,1,0,0,1
0,2,0,0,2
0,2,0,0,2
0,5,0,0,5
0,2,0,0,2
0,2,0,0,2
0,1,0,0,1
0,6,0,0,6
0,6,0,0,6
0,6,0,0,6
0,2,0,0,2
0,1,0,0,1
0,2,0,0,2
0,2,5,0,7
0,1,0,0,1
0,2,0,0,2
0,2,0,0,2
0,1,0,0,1
0,1,1,0,2
0,1,0,0,1
0,1,1,0,2
0,1,0,0,1
0,4,0,0,4
0,4,0,0,4
0,13,0,0,13
0,14,0,0,14
0,8,0,0,8
0,23,0,0,23
0,4,0,0,4
0,3,0,0,3
0,8,0,0,8
0,2,0,0,2
0,2,1,0,3
0,19,0,0,19
0,2,0,0,2
0,1,0,0,1
0,4,0,0,4
0,1,0,0,1
0,2,0,0,2
0,8,0,0,8
0,3,0,0,3
0,12,1,0,13
0,1,0,0,1
0,1,0,0,1
0,3,0,0,3
0,8,0,0,8
0,3,0,0,3
0,4,0,0,4
0,3,1,0,4
0,3,0,0,3
0,14,0,0,14
0,7,0,0,7
0,7,0,0,7
0,3,0,0,3
0,5,0,0,5
0,2,0,0,2
0,2,0,0,2
0,1,1,0,2
0,2,0,0,2
0,2,0,0,2
0,2,0,0,2
0,7,0,0,7
0,2,0,0,2
0,1,0,0,1
0,1,0,0,1
0,7,0,0,7
0,3,0,0,3
0,3,0,0,3
0,29,1,0,30
0,2,0,0,2
0,2,0,0,2
0,8,0,0,8
0,5,0,0,5
0,2,1,0,3
0,2,1,0,3
0,10,0,0,10
0,3,0,0,3
0,1,0,0,1
0,1,0,0,1
0,2,0,0,2
0,2,0,0,2
0,2,0,0,2
0,1,0,0,1
0,2,0,0,2
0,2,0,0,2
0,2,0,0,2
0,3,0,0,3
0,4,0,0,4
0,14,0,0,14
0,3,0,0,3
0,5,0,0,5
0,5,0,0,5
0,9,0,0,9
0,2,0,0,2
0,3,0,0,3
0,2,0,0,2
0,7,2,0,9
0,1,0,0,1
0,2,1,0,3
0,2,0,0,2
0,2,0,0,2
0,1,0,0,1
0,4,0,0,4
0,4,0,0,4
0,5,0,0,5
0,1,0,0,1
0,4,0,0,4
0,4,0,0,4
0,17,0,0,17
0,2,0,0,2
0,5,0,0,5
0,2,0,0,2
0,1,0,0,1
0,1,0,0,1
0,2,0,0,2
0,1,0,0,1
0,3,0,0,3
0,3,1,0,4
0,1,1,0,2
0,2,0,0,2
0,2,0,0,2
0,2,0,0,2
0,1,0,0,1
0,6,0,0,6
0,2,0,0,2
0,5,0,0,5
0,1,0,0,1
0,18,3,0,21
0,2,0,0,2
0,2,0,0,2
0,7,0,0,7
0,6,0,0,6
0,2,0,0,2
0,6,0,0,6
0,2,1,0,3
0,3,0,0,3
0,2,0,0,2
0,1,1,0,2
0,1,0,0,1
0,7,0,0,7
0,2,0,0,2
0,6,0,0,6
0,2,0,0,2
0,5,0,0,5
0,2,1,0,3
0,4,0,0,4
0,3,0,0,3
0,3,0,0,3
0,2,0,0,2
0,3,0,0,3
0,4,2,0,6
0,1,0,0,1
0,2,0,0,2
0,1,0,0,1
0,5,0,0,5
0,4,0,0,4
0,2,1,0,3
0,2,0,0,2
0,2,0,0,2
0,2,0,0,2
0,4,0,0,4
0,4,0,0,4
0,4,0,0,4
0,1,1,0,2
0,2,0,0,2
0,2,0,0,2
0,6,1,0,7
0,5,0,0,5
0,1,0,0,1
0,6,0,0,6
0,1,0,0,1
0,2,0,0,2
0,1,0,0,1
0,1,0,0,1
0,4,0,0,4
0,9,0,0,9
0,1,0,0,1
0,3,0,0,3
0,2,0,0,2
0,3,1,0,4
0,2,0,0,2
0,2,0,0,2
0,2,1,0,3
0,2,0,0,2
0,2,0,0,2
0,2,0,0,2
0,5,1,0,6
0,2,0,0,2
0,2,0,0,2
0,3,0,0,3
0,2,0,0,2
0,2,0,0,2
0,4,0,0,4
0,1,0,0,1
0,1,0,0,1
0,1,0,0,1
0,2,0,0,2
0,2,0,0,2
0,8,0,0,8
0,6,0,0,6
0,2,1,0,3
0,3,1,0,4
0,4,0,0,4
0,5,0,0,5
0,12,0,0,12
0,3,0,0,3
0,2,0,0,2
0,4,0,0,4
0,3,0,0,3
0,1,0,0,1
0,3,0,0,3
0,4,0,0,4
0,2,0,0,2
0,2,0,0,2
0,2,0,0,2
0,4,1,0,5
0,2,0,0,2
0,1,0,0,1
0,4,0,0,4
0,16,0,0,16
0,3,1,0,4
0,3,0,0,3
0,2,0,0,2
0,2,0,0,2
0,4,0,0,4
0,2,0,0,2
0,1,0,0,1
0,1,0,0,1
0,3,0,0,3
0,4,0,0,4
0,4,1,0,5
0,1,0,0,1
0,10,0,0,10
0,18,0,0,18
0,2,0,0,2
0,4,0,0,4
0,3,0,0,3
0,4,0,0,4
0,2,0,0,2
0,10,0,0,10
0,2,0,0,2
0,1,0,0,1
0,5,0,0,5
0,2,2,0,4
0,1,0,0,1
0,4,0,0,4
0,2,0,0,2
0,1,1,0,2
0,1,1,0,2
0,4,0,0,4
0,3,0,0,3
0,2,0,0,2
0,4,0,0,4
0,1,0,0,1
0,2,0,0,2
0,5,0,0,5
0,6,2,0,8
0,1,0,0,1
0,2,0,0,2
0,14,0,0,14
0,4,0,0,4
0,2,1,0,3
0,2,0,0,2
0,5,0,0,5
0,3,0,0,3
0,1,0,0,1
0,5,0,0,5
0,6,0,0,6
0,2,0,0,2
0,7,0,0,7
0,2,0,0,2
0,3,0,0,3
0,2,0,0,2
0,1,1,0,2
0,29,0,0,29
0,1,0,0,1
0,5,1,0,6
0,1,0,0,1
0,2,0,0,2
0,4,0,0,4
0,2,0,0,2
0,5,0,0,5
0,5,0,0,5
0,10,0,0,10
0,1,0,0,1
0,1,0,0,1
0,2,0,0,2
0,5,0,0,5
0,14,2,0,16
0,2,0,0,2
0,4,0,0,4
0,2,0,0,2
0,3,0,0,3
0,1,0,0,1
0,6,4,0,10
0,2,0,0,2
0,4,0,0,4
0,4,0,0,4
0,4,0,0,4
0,2,0,0,2
0,2,3,0,5
0,11,1,0,12
0,12,0,0,12
0,5,0,0,5
0,1,0,0,1
0,1,0,0,1
0,9,0,0,9
0,3,0,0,3
0,2,0,0,2
0,6,0,0,6
0,3,0,0,3
0,3,0,0,3
0,2,0,0,2
0,9,0,0,9
0,1,0,0,1
0,2,0,0,2
0,8,0,0,8
0,3,0,0,3
0,2,0,0,2
0,5,2,0,7
0,4,0,0,4
0,10,0,0,10
0,15,0,0,15
0,4,0,0,4
0,4,0,0,4
0,7,1,0,8
0,7,0,0,7
0,4,0,0,4
0,7,0,0,7
0,5,0,0,5
0,2,0,0,2
0,1,0,0,1
0,2,1,0,3
0,9,0,0,9
0,6,0,0,6
0,8,0,0,8
0,2,0,0,2
0,3,0,0,3
0,4,0,0,4
0,5,0,0,5
0,4,0,0,4
0,6,0,0,6
0,3,0,0,3
0,3,0,0,3
0,2,0,0,2
0,3,0,0,3
0,4,0,0,4
0,2,0,0,2
0,2,0,0,2
0,22,1,0,23
0,4,0,0,4
0,3,0,0,3
0,3,0,0,3
0,3,0,0,3
0,8,0,0,8
0,18,0,0,18
0,12,1,0,13
0,9,0,0,9
0,1,0,0,1
0,8,0,0,8
0,3,0,0,3
0,2,0,0,2
0,2,0,0,2
0,4,0,0,4
0,2,0,0,2
0,2,0,0,2
0,3,0,0,3
0,2,0,0,2
0,1,0,0,1
0,13,0,0,13
0,3,0,0,3
0,4,0,0,4
0,9,9,0,18
0,11,0,0,11
0,1,0,0,1
0,1,0,0,1
0,2,0,0,2
0,2,0,0,2
0,1,1,0,2
0,1,0,0,1
0,4,0,0,4
0,1,0,0,1
0,2,0,0,2
0,2,0,0,2
0,2,0,0,2
0,3,0,0,3
0,4,0,0,4
0,2,0,0,2
0,2,1,0,3
0,1,0,0,1
0,1,0,0,1
0,2,0,0,2
0,3,0,0,3
0,7,1,0,8
0,4,0,0,4
0,2,0,0,2
0,1,0,0,1
0,2,0,0,2
0,2,0,0,2
0,2,0,0,2
0,2,0,0,2
0,7,0,0,7
0,9,0,0,9
0,8,0,0,8
0,1,0,0,1
0,1,1,0,2
0,3,0,0,3
0,3,0,0,3
0,2,0,0,2
0,3,2,0,5
0,5,0,0,5
0,6,0,0,6
0,5,0,0,5
0,1,0,0,1
0,2,0,0,2
0,16,0,0,16
0,4,0,0,4
0,1,0,0,1
0,4,0,0,4
0,2,0,0,2
0,1,0,0,1
0,5,0,0,5
0,2,0,0,2
0,4,0,0,4
0,5,0,0,5
0,2,0,0,2
0,2,0,0,2
0,10,0,0,10
0,3,2,0,5
0,1,0,0,1
0,3,0,0,3
0,2,0,0,2
0,2,0,0,2
0,1,0,0,1
0,6,0,0,6
0,2,0,0,2
0,1,0,0,1
0,2,0,0,2
0,1,1,0,2
0,3,0,0,3
0,6,0,0,6
0,2,0,0,2
0,6,0,0,6
0,3,0,0,3
0,3,0,0,3
0,5,0,0,5
0,6,0,0,6
0,9,0,0,9
0,4,0,0,4
0,4,0,0,4
0,9,0,0,9
0,12,1,0,13
0,2,0,0,2
0,3,0,0,3
0,2,0,0,2
0,1,0,0,1
0,2,0,0,2
0,3,0,0,3
0,4,0,0,4
0,3,0,0,3
0,3,0,0,3
0,10,0,0,10
0,14,0,0,14
0,1,0,0,1
0,1,0,0,1
0,1,0,0,1
0,4,1,0,5
0,3,0,0,3
0,3,0,0,3
0,2,1,0,3
0,2,1,0,3
0,3,0,0,3
0,2,0,0,2
0,7,0,0,7
0,4,1,0,5
0,6,3,0,9
0,2,0,0,2
0,2,2,0,4
0,2,0,0,2
0,7,1,0,8
0,11,0,0,11
0,2,0,0,2
0,5,0,0,5
0,2,0,0,2
0,1,0,0,1
0,5,1,0,6
0,1,0,0,1
0,6,0,0,6
0,6,0,0,6
0,5,0,0,5
0,8,0,0,8
0,5,0,0,5
0,6,0,0,6
0,3,0,0,3
0,1,0,0,1
0,6,0,0,6
0,2,0,0,2
0,5,0,0,5
0,4,0,0,4
0,1,0,0,1
0,2,0,0,2
0,8,0,0,8
0,5,0,0,5
0,8,0,0,8
0,10,0,0,10
0,15,0,0,15
0,1,0,0,1
0,2,0,0,2
0,3,0,0,3
0,1,0,0,1
0,2,0,0,2
0,10,0,0,10
0,9,0,0,9
0,2,1,0,3
0,1,0,0,1
0,4,0,0,4
0,10,0,0,10
0,8,0,0,8
0,3,0,0,3
0,4,0,0,4
0,3,0,0,3
0,5,0,0,5
0,1,1,0,2
0,1,0,0,1
0,2,1,0,3
0,2,0,0,2
0,1,0,0,1
0,6,0,0,6
0,4,0,0,4
0,4,0,0,4
0,2,0,0,2
0,4,0,0,4
0,3,1,0,4
0,2,0,0,2
0,4,0,0,4
0,12,0,0,12
0,7,0,0,7
0,2,0,0,2
0,1,0,0,1
0,2,0,0,2
0,2,0,0,2
0,3,4,0,7
0,4,2,0,6
0,3,0,0,3
0,5,0,0,5
0,2,0,0,2
0,2,0,0,2
0,3,0,0,3
0,4,0,0,4
0,3,0,0,3
0,2,0,0,2
0,5,1,0,6
0,4,1,0,5
0,19,0,0,19
0,5,0,0,5
0,3,0,0,3
0,2,0,0,2
0,18,0,0,18
0,5,0,0,5
0,4,0,0,4
0,2,0,0,2
0,3,0,0,3
0,3,0,0,3
0,3,0,0,3
0,9,1,0,10
0,1,0,0,1
0,2,0,0,2
0,2,0,0,2
0,4,0,0,4
0,6,0,0,6
0,2,0,0,2
0,4,0,0,4
0,3,0,0,3
0,13,0,0,13
0,1,0,0,1
0,5,0,0,5
0,14,0,0,14
0,1,0,0,1
0,2,0,0,2
0,1,0,0,1
0,2,0,0,2
0,5,2,0,7
0,2,2,0,4
0,6,0,0,6
0,2,0,0,2
0,2,0,0,2
0,4,0,0,4
0,5,0,0,5
0,5,0,0,5
0,1,1,0,2
0,1,0,0,1
0,16,1,0,17
0,3,1,0,4
0,6,0,0,6
0,6,0,0,6
0,3,1,0,4
0,2,3,0,5
0,2,0,0,2
0,2,0,0,2
0,2,0,0,2
0,18,0,0,18
0,1,0,0,1
0,4,0,0,4
0,5,0,0,5
0,1,0,0,1
0,2,0,0,2
0,3,1,0,4
0,2,0,0,2
0,2,0,0,2
0,2,0,0,2
0,7,0,0,7
0,1,0,0,1
0,2,0,0,2
0,1,0,0,1
0,1,0,0,1
0,3,0,0,3
0,4,0,0,4
0,1,1,0,2
0,1,0,0,1
0,6,0,0,6
0,2,0,0,2
0,2,0,0,2
0,2,0,0,2
0,2,1,0,3
0,11,0,0,11
0,4,0,0,4
0,5,11,0,16
0,5,2,0,7
0,1,0,0,1
0,1,1,0,2
0,2,0,0,2
0,3,1,0,4
0,6,0,0,6
0,4,0,0,4
0,3,0,0,3
0,4,0,0,4
0,8,0,0,8
0,5,2,0,7
0,1,1,0,2
0,1,1,0,2
0,2,0,0,2
0,2,0,0,2
0,2,0,0,2
0,2,0,0,2
0,3,0,0,3
0,4,0,0,4
0,3,0,0,3
0,5,1,0,6
0,2,0,0,2
0,4,0,0,4
0,2,0,0,2
0,3,0,0,3
0,2,0,0,2
0,3,0,0,3
0,4,0,0,4
0,1,0,0,1
0,2,0,0,2
0,3,0,0,3
0,1,1,0,2
0,2,0,0,2
0,3,0,0,3
0,8,2,0,10
0,6,0,0,6
0,1,1,0,2
0,1,0,0,1
0,3,0,0,3
0,2,0,0,2
0,2,0,0,2
0,6,0,0,6
0,12,1,0,13
0,1,1,0,2
0,2,0,0,2
0,14,0,0,14
0,7,0,0,7
0,3,1,0,4
0,2,0,0,2
0,4,0,0,4
0,4,0,0,4
0,3,0,0,3
0,1,0,0,1
0,2,0,0,2
0,16,0,0,16
0,1,0,0,1
0,4,0,0,4
0,11,0,0,11
0,1,0,0,1
0,9,0,0,9
0,2,0,0,2
0,2,0,0,2
0,4,0,0,4
0,1,0,0,1
0,2,0,0,2
0,7,0,0,7
0,4,0,0,4
0,2,0,0,2
0,1,0,0,1
0,3,0,0,3
0,1,0,0,1
0,1,0,0,1
0,3,0,0,3
0,2,0,0,2
0,2,0,0,2
0,5,0,0,5
0,6,0,0,6
0,6,0,0,6
0,19,0,0,19
0,1,1,0,2
0,1,0,0,1
0,1,0,0,1
0,4,0,0,4
0,5,0,0,5
0,5,1,0,6
0,1,4,0,5
0,1,1,0,2
0,2,0,0,2
0,3,0,0,3
0,6,2,0,8
0,2,0,0,2
0,3,0,0,3
0,2,0,0,2
0,2,0,0,2
0,2,0,0,2
0,1,0,0,1
0,2,0,0,2
0,7,1,0,8
0,1,0,0,1
0,19,0,0,19
0,17,0,0,17
0,3,0,0,3
0,3,0,0,3
0,3,0,0,3
0,6,0,0,6
0,6,0,0,6
0,6,0,0,6
0,3,0,0,3
0,2,0,0,2
0,1,0,0,1
0,7,0,0,7
0,1,0,0,1
0,3,0,0,3
0,2,0,0,2
0,3,0,0,3
0,3,0,0,3
0,2,0,0,2
0,9,0,0,9
0,5,0,0,5
0,4,0,0,4
0,2,0,0,2
0,2,0,0,2
0,4,0,0,4
0,7,0,0,7
0,4,0,0,4
0,1,0,0,1
0,2,0,0,2
0,2,0,0,2
0,4,1,0,5
0,2,0,0,2
0,5,1,0,6
0,6,0,0,6
0,2,0,0,2
0,4,0,0,4
0,5,0,0,5
0,16,0,0,16
0,2,0,0,2
0,4,0,0,4
0,12,0,0,12
0,4,0,0,4
0,1,0,0,1
0,2,0,0,2
0,1,1,0,2
0,4,0,0,4
0,5,0,0,5
0,4,1,0,5
0,4,3,0,7
0,2,0,0,2
0,2,0,0,2
0,7,0,0,7
0,3,1,0,4
0,3,0,0,3
0,2,0,0,2
0,1,0,0,1
0,1,0,0,1
0,1,0,0,1
0,1,0,0,1
0,3,0,0,3
0,6,1,0,7
0,1,0,0,1
0,3,0,0,3
0,2,0,0,2
0,4,0,0,4
0,6,0,0,6
0,2,0,0,2
0,1,0,0,1
0,8,0,0,8
0,5,0,0,5
0,4,0,0,4
0,2,0,0,2
0,2,0,0,2
0,2,0,0,2
0,6,0,0,6
0,6,0,0,6
0,6,0,0,6
0,2,0,0,2
0,8,0,0,8
0,1,0,0,1
0,5,3,0,8
0,6,0,0,6
0,3,0,0,3
0,8,0,0,8
0,5,1,0,6
0,4,0,0,4
0,4,1,0,5
0,2,0,0,2
0,1,0,0,1
0,3,0,0,3
0,1,1,0,2
0,1,0,0,1
0,3,0,0,3
0,3,0,0,3
0,7,0,0,7
0,7,0,0,7
0,1,0,0,1
0,8,0,0,8
0,2,0,0,2
0,13,0,0,13
0,7,0,0,7
0,7,0,0,7
0,2,0,0,2
0,3,0,0,3
0,1,0,0,1
0,1,0,0,1
0,2,0,0,2
0,2,0,0,2
0,6,0,0,6
0,1,1,0,2
0,1,1,0,2
0,1,0,0,1
0,1,0,0,1
0,3,0,0,3
0,4,0,0,4
0,2,0,0,2
0,2,0,0,2
0,3,0,0,3
0,4,1,0,5
0,4,1,0,5
0,1,1,0,2
0,1,0,0,1
0,1,1,0,2
0,1,1,0,2
0,2,0,0,2
0,2,0,0,2
0,2,0,0,2
0,5,0,0,5
0,1,0,0,1
0,7,1,0,8
0,2,0,0,2
0,2,0,0,2
0,6,0,0,6
0,2,0,0,2
0,2,0,0,2
0,2,0,0,2
0,1,0,0,1
0,5,1,0,6
0,1,0,0,1
0,1,0,0,1
0,2,0,0,2
0,6,0,0,6
0,5,0,0,5
0,1,0,0,1
0,1,0,0,1
0,2,0,0,2
0,2,2,0,4
0,2,0,0,2
0,3,0,0,3
0,4,0,0,4
0,1,1,0,2
0,1,0,0,1
0,6,0,0,6
0,8,0,0,8
0,2,0,0,2
0,8,0,0,8
0,5,0,0,5
0,26,6,0,32
0,12,0,0,12
0,2,0,0,2
0,2,0,0,2
0,2,0,0,2
0,4,0,0,4
0,1,0,0,1
0,8,1,0,9
0,4,0,0,4
0,6,0,0,6
0,2,0,0,2
0,1,0,0,1
0,4,0,0,4
0,11,0,0,11
0,2,0,0,2
0,2,0,0,2
0,5,0,0,5
0,5,0,0,5
0,2,0,0,2
0,1,0,0,1
0,4,0,0,4
0,3,0,0,3
0,3,1,0,4
0,2,0,0,2
0,1,1,0,2
0,1,0,0,1
0,2,0,0,2
0,2,0,0,2
0,12,0,0,12
0,8,0,0,8
0,6,0,0,6
0,4,0,0,4
0,4,0,0,4
0,6,0,0,6
0,4,0,0,4
0,2,0,0,2
0,3,0,0,3
0,12,0,0,12
0,2,0,0,2
0,11,1,0,12
0,9,0,0,9
0,2,0,0,2
0,2,0,0,2
0,3,0,0,3
0,1,1,0,2
0,1,0,0,1
0,2,1,0,3
0,1,1,0,2
0,1,0,0,1
0,5,0,0,5
0,3,0,0,3
0,3,0,0,3
0,4,0,0,4
0,3,0,0,3
0,3,0,0,3
0,3,0,0,3
0,2,0,0,2
0,2,0,0,2
0,11,0,0,11
0,4,0,0,4
0,2,0,0,2
0,2,0,0,2
0,2,0,0,2
0,1,0,0,1
0,4,1,0,5
0,3,1,0,4
0,4,0,0,4
0,2,0,0,2
0,1,0,0,1
0,2,0,0,2
0,5,0,0,5
0,1,0,0,1
0,12,2,0,14
0,1,1,0,2
0,1,0,0,1
0,2,2,0,4
0,1,0,0,1
0,8,0,0,8
0,1,0,0,1
0,2,2,0,4
0,2,0,0,2
0,8,0,0,8
0,8,0,0,8
0,2,0,0,2
0,1,0,0,1
0,2,0,0,2
0,1,0,0,1
0,5,0,0,5
0,8,0,0,8
0,14,0,0,14
0,9,0,0,9
0,1,0,0,1
0,1,0,0,1
0,3,0,0,3
0,1,0,0,1
0,8,0,0,8
0,5,0,0,5
0,2,0,0,2
0,3,0,0,3
0,4,0,0,4
0,1,0,0,1
0,2,0,0,2
0,1,0,0,1
0,1,0,0,1
0,2,0,0,2
0,3,0,0,3
0,4,0,0,4
0,1,0,0,1
0,1,1,0,2
0,4,0,0,4
0,1,0,0,1
0,2,0,0,2
0,3,0,0,3
0,6,0,0,6
0,2,0,0,2
0,4,1,0,5
0,21,0,0,21
0,5,0,0,5
0,6,0,0,6
0,8,0,0,8
0,1,1,0,2
0,4,1,0,5
0,4,0,0,4
0,2,0,0,2
0,1,0,0,1
0,2,1,0,3
0,3,1,0,4
0,3,1,0,4
0,2,0,0,2
0,1,0,0,1
0,3,0,0,3
0,2,0,0,2
0,1,0,0,1
0,9,0,0,9
0,4,1,0,5
0,4,0,0,4
0,5,1,0,6
0,1,0,0,1
0,2,0,0,2
0,3,0,0,3
0,3,0,0,3
0,6,0,0,6
0,4,0,0,4
0,2,0,0,2
0,4,0,0,4
0,2,0,0,2
0,12,0,0,12
0,12,0,0,12
0,2,0,0,2
0,3,0,0,3
0,5,1,0,6
0,8,0,0,8
0,7,0,0,7
0,5,0,0,5
0,1,0,0,1
0,2,0,0,2
0,1,1,0,2
0,6,0,0,6
0,6,0,0,6
0,6,0,0,6
0,2,0,0,2
0,3,0,0,3
0,3,0,0,3
0,2,0,0,2
0,2,0,0,2
0,2,0,0,2
0,2,0,0,2
0,2,0,0,2
0,14,0,0,14
0,4,0,0,4
0,1,1,0,2
0,8,0,0,8
0,2,0,0,2
0,7,0,0,7
0,3,0,0,3
0,1,0,0,1
0,3,0,0,3
0,3,0,0,3
0,5,0,0,5
0,4,0,0,4
0,5,1,0,6
0,5,0,0,5
0,1,0,0,1
0,4,0,0,4
0,1,0,0,1
0,2,1,0,3
0,3,0,0,3
0,3,0,0,3
0,2,0,0,2
0,1,0,0,1
0,8,0,0,8
0,9,0,0,9
0,10,0,0,10
0,5,0,0,5
0,3,0,0,3
0,3,0,0,3
0,2,0,0,2
0,1,0,0,1
0,1,0,0,1
0,3,0,0,3
0,3,0,0,3
0,4,0,0,4
0,2,0,0,2
0,2,0,0,2
0,2,0,0,2
0,2,0,0,2
0,2,0,0,2
0,4,0,0,4
0,4,0,0,4
0,8,1,0,9
0,4,0,0,4
0,10,0,0,10
0,5,0,0,5
0,3,0,0,3
0,1,0,0,1
0,4,0,0,4
0,10,0,0,10
0,6,0,0,6
0,2,0,0,2
0,16,0,0,16
0,2,0,0,2
0,9,0,0,9
0,8,0,0,8
0,2,1,0,3
0,2,0,0,2
0,1,0,0,1
0,1,0,0,1
0,2,0,0,2
0,3,0,0,3
0,2,0,0,2
0,6,0,0,6
0,15,1,0,16
0,14,0,0,14
0,4,0,0,4
0,1,0,0,1
0,1,0,0,1
0,4,0,0,4
0,1,0,0,1
0,2,0,0,2
0,3,0,0,3
0,7,0,0,7
0,2,0,0,2
0,2,0,0,2
0,1,0,0,1
0,3,0,0,3
0,2,0,0,2
0,1,0,0,1
0,3,0,0,3
0,1,0,0,1
0,11,1,0,12
0,2,0,0,2
0,6,0,0,6
0,4,0,0,4
0,7,2,0,9
0,3,0,0,3
0,10,0,0,10
0,3,0,0,3
0,2,0,0,2
0,1,0,0,1
0,3,0,0,3
0,1,0,0,1
0,1,0,0,1
0,2,0,0,2
0,1,0,0,1
0,1,0,0,1
0,1,0,0,1
0,16,0,0,16
0,17,0,0,17
0,4,0,0,4
0,1,1,0,2
0,3,0,0,3
0,1,1,0,2
0,2,0,0,2
0,4,1,0,5
0,3,0,0,3
0,9,0,0,9
0,5,0,0,5
0,3,0,0,3
0,2,0,0,2
0,1,0,0,1
0,3,0,0,3
0,3,0,0,3
0,2,0,0,2
0,1,0,0,1
0,1,1,0,2
0,5,0,0,5
0,1,0,0,1
0,4,0,0,4
0,7,0,0,7
0,1,0,0,1
0,7,0,0,7
0,3,1,0,4
0,2,0,0,2
0,1,0,0,1
0,1,0,0,1
0,6,0,0,6
0,2,0,0,2
0,7,0,0,7
0,2,0,0,2
0,1,0,0,1
0,10,0,0,10
0,3,0,0,3
0,4,0,0,4
0,9,1,0,10
0,1,0,0,1
0,1,0,0,1
0,2,0,0,2
0,2,0,0,2
0,8,0,0,8
0,3,0,0,3
0,1,0,0,1
0,4,0,0,4
0,1,1,0,2
0,4,1,0,5
0,4,0,0,4
0,1,0,0,1
0,4,0,0,4
0,1,1,0,2
0,4,1,0,5
0,1,0,0,1
0,5,0,0,5
0,2,0,0,2
0,2,0,0,2
0,1,0,0,1
0,1,0,0,1
0,1,0,0,1
0,7,3,0,10
0,4,0,0,4
0,4,0,0,4
0,3,0,0,3
0,11,0,0,11
0,3,0,0,3
0,5,0,0,5
0,1,0,0,1
0,2,0,0,2
0,3,0,0,3
0,2,0,0,2
0,2,0,0,2
0,4,0,0,4
0,7,0,0,7
0,2,0,0,2
0,3,0,0,3
0,3,0,0,3
0,6,0,0,6
0,2,2,0,4
0,3,0,0,3
0,1,0,0,1
0,2,0,0,2
0,1,0,0,1
0,2,0,0,2
0,2,0,0,2
0,4,0,0,4
0,5,0,0,5
0,3,0,0,3
0,2,0,0,2
0,2,0,0,2
0,2,0,0,2
0,4,0,0,4
0,2,0,0,2
0,4,0,0,4
0,4,0,0,4
0,2,0,0,2
0,2,0,0,2
0,1,1,0,2
0,1,1,0,2
0,3,0,0,3
0,1,0,0,1
0,6,0,0,6
0,2,0,0,2
0,3,0,0,3
0,10,0,0,10
0,6,0,0,6
0,14,0,0,14
0,14,0,0,14
0,2,0,0,2
0,3,0,0,3
0,1,0,0,1
0,1,0,0,1
0,3,0,0,3
0,1,0,0,1
0,1,0,0,1
0,18,1,0,19
0,3,0,0,3
0,1,0,0,1
0,1,0,0,1
0,7,0,0,7
0,6,0,0,6
0,3,0,0,3
0,1,0,0,1
0,1,0,0,1
0,1,0,0,1
0,5,0,0,5
0,5,0,0,5
0,1,0,0,1
0,1,0,0,1
0,5,0,0,5
0,1,0,0,1
0,11,0,0,11
0,2,0,0,2
0,1,1,0,2
0,1,0,0,1
0,1,1,0,2
0,4,0,0,4
0,32,0,0,32
0,3,0,0,3
0,1,1,0,2
0,1,1,0,2
0,2,0,0,2
0,2,0,0,2
0,3,0,0,3
0,2,0,0,2
0,2,0,0,2
0,2,2,0,4
0,1,0,0,1
0,1,0,0,1
0,1,1,0,2
0,1,1,0,2
0,4,0,0,4
0,3,0,0,3
0,2,0,0,2
0,9,0,0,9
0,2,0,0,2
0,2,0,0,2
0,1,0,0,1
0,2,1,0,3
0,3,0,0,3
0,2,0,0,2
0,1,0,0,1
0,1,0,0,1
0,3,0,0,3
0,4,0,0,4
0,2,0,0,2
0,1,1,0,2
0,6,0,0,6
0,2,0,0,2
0,2,1,0,3
0,5,0,0,5
0,1,1,0,2
0,1,0,0,1
0,2,0,0,2
0,3,0,0,3
0,2,0,0,2
0,3,0,0,3
0,1,0,0,1
0,2,0,0,2
0,2,0,0,2
0,2,0,0,2
0,4,0,0,4
0,5,0,0,5
0,3,0,0,3
0,1,0,0,1
0,6,0,0,6
0,2,0,0,2
0,1,0,0,1
0,8,0,0,8
0,1,0,0,1
0,1,0,0,1
0,1,0,0,1
0,2,0,0,2
0,2,0,0,2
0,2,0,0,2
0,1,0,0,1
0,6,0,0,6
0,6,2,0,8
0,3,0,0,3
0,6,0,0,6
0,3,0,0,3
0,1,1,0,2
0,4,0,0,4
0,1,0,0,1
0,7,0,0,7
0,2,0,0,2
0,1,1,0,2
0,1,0,0,1
0,2,0,0,2
0,2,0,0,2
0,5,0,0,5
0,1,0,0,1
0,1,0,0,1
0,2,0,0,2
0,3,0,0,3
0,2,0,0,2
0,1,0,0,1
0,4,0,0,4
0,2,0,0,2
0,2,0,0,2
0,3,0,0,3
0,4,0,0,4
0,2,0,0,2
0,4,0,0,4
0,3,0,0,3
0,14,2,0,16
0,2,0,0,2
0,6,0,0,6
0,6,0,0,6
0,7,3,0,10
0,1,1,0,2
0,3,0,0,3
0,2,0,0,2
0,4,0,0,4
0,2,0,0,2
0,1,0,0,1
0,1,0,0,1
0,2,0,0,2
0,2,0,0,2
0,1,0,0,1
0,2,1,0,3
0,2,1,0,3
0,1,1,0,2
0,1,0,0,1
0,3,0,0,3
0,5,0,0,5
0,3,0,0,3
0,2,0,0,2
0,2,0,0,2
0,2,0,0,2
0,2,0,0,2
0,2,0,0,2
0,2,0,0,2
0,2,0,0,2
0,5,0,0,5
0,1,0,0,1
0,4,0,0,4
0,4,0,0,4
0,2,0,0,2
0,2,0,0,2
0,2,0,0,2
0,7,0,0,7
0,3,0,0,3
0,3,0,0,3
0,3,0,0,3
0,7,0,0,7
0,6,0,0,6
0,3,0,0,3
0,2,3,0,5
0,6,0,0,6
0,1,0,0,1
0,4,0,0,4
0,1,0,0,1
0,3,0,0,3
0,2,1,0,3
0,2,1,0,3
0,4,0,0,4
0,5,0,0,5
0,4,0,0,4
0,4,0,0,4
0,1,0,0,1
0,4,0,0,4
0,1,0,0,1
0,3,0,0,3
0,17,4,0,21
0,5,0,0,5
0,1,0,0,1
0,22,0,0,22
0,7,0,0,7
0,1,0,0,1
0,1,0,0,1
0,2,0,0,2
0,1,0,0,1
0,4,0,0,4
0,3,0,0,3
0,3,0,0,3
0,3,0,0,3
0,2,0,0,2
0,1,0,0,1
0,3,0,0,3
0,1,0,0,1
0,7,0,0,7
0,1,0,0,1
0,1,0,0,1
0,1,1,0,2
0,2,0,0,2
0,1,0,0,1
0,1,1,0,2
0,1,0,0,1
0,1,1,0,2
0,1,0,0,1
0,1,0,0,1
0,1,0,0,1
0,3,0,0,3
0,2,0,0,2
0,4,0,0,4
0,4,0,0,4
0,2,0,0,2
0,2,0,0,2
0,4,0,0,4
0,2,0,0,2
0,9,0,0,9
0,4,0,0,4
0,2,0,0,2
0,2,0,0,2
0,22,9,0,31
0,5,0,0,5
0,4,0,0,4
0,5,0,0,5
0,6,0,0,6
0,2,0,0,2
0,3,1,0,4
0,6,0,0,6
0,10,1,0,11
0,8,0,0,8
0,20,0,0,20
0,4,0,0,4
0,4,0,0,4
0,1,1,0,2
0,3,0,0,3
0,6,0,0,6
0,4,1,0,5
0,1,0,0,1
0,6,0,0,6
0,2,0,0,2
0,1,1,0,2
0,1,0,0,1
0,4,0,0,4
0,4,0,0,4
0,2,0,0,2
0,3,0,0,3
0,1,0,0,1
0,2,0,0,2
0,3,0,0,3
0,15,0,0,15
0,1,0,0,1
0,6,0,0,6
0,12,2,0,14
0,2,0,0,2
0,2,2,0,4
0,2,0,0,2
0,1,1,0,2
0,4,0,0,4
0,6,0,0,6
0,20,0,0,20
0,6,1,0,7
0,4,1,0,5
0,2,0,0,2
0,2,0,0,2
0,3,0,0,3
0,9,0,0,9
0,1,0,0,1
0,1,0,0,1
0,2,0,0,2
0,2,0,0,2
0,3,0,0,3
0,3,0,0,3
0,2,0,0,2
0,1,0,0,1
0,4,0,0,4
0,1,0,0,1
0,1,0,0,1
0,1,0,0,1
0,6,4,0,10
0,1,0,0,1
0,2,0,0,2
0,3,0,0,3
0,1,0,0,1
0,2,0,0,2
0,4,0,0,4
0,2,0,0,2
0,2,0,0,2
0,1,0,0,1
0,1,0,0,1
0,2,0,0,2
0,4,0,0,4
0,1,0,0,1
0,5,0,0,5
0,3,0,0,3
0,1,1,0,2
0,2,0,0,2
0,1,0,0,1
0,2,0,0,2
0,1,0,0,1
0,2,0,0,2
0,3,0,0,3
0,4,1,0,5
0,5,0,0,5
0,5,0,0,5
0,8,0,0,8
0,4,0,0,4
0,2,1,0,3
0,4,0,0,4
0,3,0,0,3
0,3,0,0,3
0,3,0,0,3
0,2,0,0,2
0,6,0,0,6
0,1,1,0,2
0,2,0,0,2
0,2,1,0,3
0,7,0,0,7
0,3,0,0,3
0,3,0,0,3
0,19,0,0,19
0,1,0,0,1
0,3,2,0,5
0,2,2,0,4
0,2,0,0,2
0,2,0,0,2
0,2,0,0,2
0,19,0,0,19
0,3,0,0,3
0,7,1,0,8
0,1,0,0,1
0,14,0,0,14
0,1,1,0,2
0,4,0,0,4
0,2,0,0,2
0,5,0,0,5
0,4,0,0,4
0,1,0,0,1
0,8,0,0,8
0,7,0,0,7
0,7,1,0,8
0,2,0,0,2
0,2,0,0,2
0,3,0,0,3
0,4,0,0,4
0,1,0,0,1
0,2,0,0,2
0,2,0,0,2
0,3,0,0,3
0,4,0,0,4
0,6,0,0,6
0,2,0,0,2
0,1,0,0,1
0,4,0,0,4
0,3,0,0,3
0,2,0,0,2
0,3,0,0,3
0,3,0,0,3
0,8,0,0,8
0,2,0,0,2
0,11,0,0,11
0,1,1,0,2
0,2,0,0,2
0,3,0,0,3
0,3,0,0,3
0,6,0,0,6
0,2,0,0,2
0,2,0,0,2
0,4,0,0,4
0,5,0,0,5
0,4,0,0,4
0,6,0,0,6
0,1,2,0,3
0,2,0,0,2
0,2,0,0,2
0,4,0,0,4
0,3,0,0,3
0,6,0,0,6
0,3,1,0,4
0,5,0,0,5
0,2,0,0,2
0,8,0,0,8
0,4,0,0,4
0,5,0,0,5
0,2,0,0,2
0,2,0,0,2
0,1,0,0,1
0,3,0,0,3
0,1,2,0,3
0,1,1,0,2
0,1,0,0,1
0,2,1,0,3
0,4,0,0,4
0,2,0,0,2
0,1,1,0,2
0,2,0,0,2
0,1,0,0,1
0,4,0,0,4
0,5,0,0,5
0,3,0,0,3
0,5,0,0,5
0,2,0,0,2
0,2,0,0,2
0,17,0,0,17
0,3,0,0,3
0,4,0,0,4
0,1,0,0,1
0,1,1,0,2
0,5,0,0,5
0,10,8,0,18
0,1,0,0,1
0,2,0,0,2
0,2,0,0,2
0,14,0,0,14
0,4,0,0,4
0,1,0,0,1
0,4,0,0,4
0,2,0,0,2
0,1,0,0,1
0,2,0,0,2
0,4,0,0,4
0,2,0,0,2
0,6,0,0,6
0,5,0,0,5
0,1,1,0,2
0,1,0,0,1
0,1,0,0,1
0,1,0,0,1
0,2,0,0,2
0,5,0,0,5
0,3,0,0,3
0,6,0,0,6
0,3,2,0,5
0,1,1,0,2
0,1,0,0,1
0,3,1,0,4
0,5,0,0,5
0,2,0,0,2
0,5,0,0,5
0,3,0,0,3
0,3,0,0,3
0,4,0,0,4
0,2,0,0,2
0,1,0,0,1
0,2,0,0,2
0,2,0,0,2
0,1,0,0,1
0,2,0,0,2
0,2,0,0,2
0,3,0,0,3
0,1,0,0,1
0,1,1,0,2
0,11,0,0,11
0,4,0,0,4
0,1,0,0,1
0,5,0,0,5
0,2,0,0,2
0,2,0,0,2
0,3,0,0,3
0,2,0,0,2
0,1,1,0,2
0,12,1,0,13
0,6,0,0,6
0,10,0,0,10
0,3,1,0,4
0,3,0,0,3
0,7,0,0,7
0,2,0,0,2
0,1,0,0,1
0,1,0,0,1
0,3,2,0,5
0,1,0,0,1
0,2,0,0,2
0,4,0,0,4
0,1,0,0,1
0,1,0,0,1
0,2,0,0,2
0,2,0,0,2
0,1,0,0,1
0,1,0,0,1
0,6,0,0,6
0,4,0,0,4
0,6,0,0,6
0,8,0,0,8
0,1,0,0,1
0,1,1,0,2
0,2,0,0,2
0,3,0,0,3
0,2,0,0,2
0,5,0,0,5
0,8,0,0,8
0,11,0,0,11
0,4,0,0,4
0,7,0,0,7
0,1,1,0,2
0,1,0,0,1
0,9,0,0,9
0,1,0,0,1
0,9,0,0,9
0,3,0,0,3
0,3,0,0,3
0,2,14,0,16
0,2,0,0,2
0,1,0,0,1
0,1,1,0,2
0,1,0,0,1
0,3,0,0,3
0,2,0,0,2
0,1,0,0,1
0,2,0,0,2
0,1,1,0,2
0,1,0,0,1
0,2,0,0,2
0,4,0,0,4
0,4,0,0,4
0,2,0,0,2
0,11,0,0,11
0,10,0,0,10
0,1,0,0,1
0,4,0,0,4
0,2,0,0,2
0,2,0,0,2
0,3,0,0,3
0,3,0,0,3
0,4,0,0,4
0,4,0,0,4
0,5,0,0,5
0,5,0,0,5
0,3,1,0,4
0,4,0,0,4
0,6,0,0,6
0,4,0,0,4
0,3,0,0,3
0,4,0,0,4
0,10,0,0,10
0,4,0,0,4
0,1,0,0,1
0,6,0,0,6
0,1,0,0,1
0,2,0,0,2
0,1,0,0,1
0,4,1,0,5
0,17,0,0,17
0,2,0,0,2
0,2,0,0,2
0,1,0,0,1
0,1,0,0,1
0,8,0,0,8
0,5,0,0,5
0,3,0,0,3
0,1,0,0,1
0,2,0,0,2
0,1,0,0,1
0,2,0,0,2
0,1,0,0,1
0,2,0,0,2
0,6,0,0,6
0,6,0,0,6
0,1,0,0,1
0,2,0,0,2
0,5,0,0,5
0,2,0,0,2
0,2,0,0,2
0,2,0,0,2
0,1,0,0,1
0,1,0,0,1
0,1,0,0,1
0,1,0,0,1
0,1,0,0,1
0,9,0,0,9
0,3,0,0,3
0,6,0,0,6
0,6,0,0,6
0,7,0,0,7
0,4,0,0,4
0,2,0,0,2
0,2,0,0,2
0,2,0,0,2
0,2,0,0,2
0,2,0,0,2
0,2,0,0,2
0,4,0,0,4
0,1,0,0,1
0,1,0,0,1
0,5,0,0,5
0,1,0,0,1
0,1,0,0,1
0,11,7,0,18
0,5,0,0,5
0,7,0,0,7
0,7,0,0,7
0,2,0,0,2
0,4,0,0,4
0,25,0,0,25
0,2,0,0,2
0,5,0,0,5
0,3,0,0,3
0,3,0,0,3
0,3,0,0,3
0,3,0,0,3
0,1,0,0,1
0,3,0,0,3
0,1,0,0,1
0,3,0,0,3
0,2,0,0,2
0,1,0,0,1
0,2,1,0,3
0,2,1,0,3
0,2,0,0,2
0,2,0,0,2
0,1,0,0,1
0,3,1,0,4
0,3,0,0,3
0,2,0,0,2
0,3,0,0,3
0,1,0,0,1
0,2,0,0,2
0,2,1,0,3
0,1,0,0,1
0,2,0,0,2
0,1,0,0,1
0,2,0,0,2
0,5,0,0,5
0,3,0,0,3
0,5,0,0,5
0,2,0,0,2
0,2,0,0,2
0,3,1,0,4
0,8,1,0,9
0,1,0,0,1
0,1,0,0,1
0,2,0,0,2
0,1,0,0,1
0,1,0,0,1
0,2,0,0,2
0,3,0,0,3
0,1,1,0,2
0,1,0,0,1
0,1,0,0,1
0,2,0,0,2
0,2,0,0,2
0,2,0,0,2
0,2,0,0,2
0,2,0,0,2
0,1,0,0,1
0,7,0,0,7
0,10,1,0,11
0,10,1,0,11
0,5,0,0,5
0,5,0,0,5
0,10,0,0,10
0,3,1,0,4
0,2,0,0,2
0,2,0,0,2
0,19,0,0,19
0,14,0,0,14
0,3,0,0,3
0,2,0,0,2
0,2,0,0,2
0,7,0,0,7
0,5,0,0,5
0,1,0,0,1
0,3,0,0,3
0,4,0,0,4
0,13,0,0,13
0,2,2,0,4
0,1,0,0,1
0,2,0,0,2
0,3,0,0,3
0,3,0,0,3
0,6,0,0,6
0,2,0,0,2
0,4,0,0,4
0,1,1,0,2
0,1,0,0,1
0,2,0,0,2
0,9,0,0,9
0,2,0,0,2
0,2,0,0,2
0,2,0,0,2
0,8,0,0,8
0,1,1,0,2
0,6,0,0,6
0,2,0,0,2
0,2,0,0,2
0,3,0,0,3
0,3,0,0,3
0,1,0,0,1
0,1,0,0,1
0,3,1,0,4
0,2,0,0,2
0,5,0,0,5
0,6,0,0,6
0,4,1,0,5
0,4,0,0,4
0,2,0,0,2
0,16,0,0,16
0,6,1,0,7
0,12,0,0,12
0,4,1,0,5
0,1,0,0,1
0,1,0,0,1
0,2,0,0,2
0,2,0,0,2
0,2,0,0,2
0,2,0,0,2
0,1,0,0,1
0,2,0,0,2
0,2,0,0,2
0,2,0,0,2
0,1,0,0,1
0,2,0,0,2
0,1,0,0,1
0,1,1,0,2
0,6,0,0,6
0,4,0,0,4
0,2,0,0,2
0,1,0,0,1
0,10,0,0,10
0,10,0,0,10
0,4,0,0,4
0,2,0,0,2
0,2,0,0,2
0,8,0,0,8
0,1,0,0,1
0,1,0,0,1
0,3,0,0,3
0,2,0,0,2
0,1,1,0,2
0,1,0,0,1
0,2,0,0,2
0,2,0,0,2
0,2,0,0,2
0,2,0,0,2
0,1,0,0,1
0,1,0,0,1
0,2,0,0,2
0,3,0,0,3
0,1,1,0,2
0,1,0,0,1
0,2,0,0,2
0,2,0,0,2
0,1,0,0,1
0,5,0,0,5
0,6,0,0,6
0,3,0,0,3
0,1,0,0,1
0,1,0,0,1
0,1,0,0,1
0,1,1,0,2
0,1,0,0,1
0,2,1,0,3
0,2,0,0,2
0,1,0,0,1
0,4,0,0,4
0,2,0,0,2
0,1,0,0,1
0,4,0,0,4
0,3,1,0,4
0,3,0,0,3
0,2,0,0,2
0,2,0,0,2
0,2,0,0,2
0,1,0,0,1
0,1,0,0,1
0,2,0,0,2
0,2,0,0,2
0,1,0,0,1
0,3,0,0,3
0,1,0,0,1
0,1,0,0,1
0,1,0,0,1
0,2,0,0,2
0,1,0,0,1
0,1,0,0,1
0,2,0,0,2
0,3,3,0,6
0,9,0,0,9
0,7,0,0,7
0,4,1,0,5
0,1,0,0,1
0,2,0,0,2
0,2,0,0,2
0,3,0,0,3
0,2,0,0,2
0,8,2,0,10
0,3,0,0,3
0,24,0,0,24
0,2,0,0,2
0,1,0,0,1
0,4,0,0,4
0,5,0,0,5
0,2,1,0,3
0,1,0,0,1
0,2,0,0,2
0,2,0,0,2
0,2,0,0,2
0,1,0,0,1
0,4,0,0,4
0,2,0,0,2
0,2,0,0,2
0,3,0,0,3
0,3,0,0,3
0,3,0,0,3
0,3,0,0,3
0,7,0,0,7
0,2,0,0,2
0,2,0,0,2
0,3,0,0,3
0,3,0,0,3
0,5,0,0,5
0,1,0,0,1
0,1,0,0,1
0,1,1,0,2
0,1,0,0,1
0,4,0,0,4
0,7,1,0,8
0,1,1,0,2
0,3,0,0,3
0,2,0,0,2
0,3,0,0,3
0,5,0,0,5
0,4,0,0,4
0,2,0,0,2
0,5,0,0,5
0,5,0,0,5
0,3,0,0,3
0,1,0,0,1
0,3,0,0,3
0,3,0,0,3
0,1,0,0,1
0,1,0,0,1
0,2,0,0,2
0,6,0,0,6
0,2,0,0,2
0,4,0,0,4
0,4,0,0,4
0,12,0,0,12
0,12,0,0,12
0,4,1,0,5
0,4,1,0,5
0,6,0,0,6
0,4,0,0,4
0,2,0,0,2
0,3,0,0,3
0,4,0,0,4
0,1,1,0,2
0,1,0,0,1
0,19,0,0,19
0,2,0,0,2
0,1,0,0,1
0,5,0,0,5
0,2,0,0,2
0,1,1,0,2
0,1,0,0,1
0,2,0,0,2
0,3,0,0,3
0,4,0,0,4
0,2,0,0,2
0,4,0,0,4
0,7,1,0,8
0,4,0,0,4
0,8,0,0,8
0,7,0,0,7
0,3,0,0,3
0,2,0,0,2
0,2,0,0,2
0,13,0,0,13
0,4,0,0,4
0,3,0,0,3
0,3,0,0,3
0,10,1,0,11
0,2,0,0,2
0,2,0,0,2
0,7,0,0,7
0,1,0,0,1
0,4,0,0,4
0,3,0,0,3
0,7,0,0,7
0,3,0,0,3
0,8,0,0,8
0,3,0,0,3
0,3,0,0,3
0,2,0,0,2
0,1,0,0,1
0,4,0,0,4
0,3,0,0,3
0,4,7,0,11
0,2,0,0,2
0,1,0,0,1
0,16,1,0,17
0,4,0,0,4
0,2,0,0,2
0,2,0,0,2
0,2,0,0,2
0,2,0,0,2
0,3,0,0,3
0,2,0,0,2
0,4,4,0,8
0,4,4,0,8
0,2,0,0,2
0,2,0,0,2
0,1,0,0,1
0,12,0,0,12
0,7,0,0,7
0,2,0,0,2
0,4,1,0,5
0,2,0,0,2
0,2,0,0,2
0,3,0,0,3
0,3,0,0,3
0,3,0,0,3
0,3,0,0,3
0,2,0,0,2
0,1,1,0,2
0,3,0,0,3
0,3,0,0,3
0,3,0,0,3
0,1,0,0,1
0,1,0,0,1
0,2,0,0,2
0,9,0,0,9
0,10,0,0,10
0,1,0,0,1
0,2,0,0,2
0,11,0,0,11
0,3,0,0,3
0,9,0,0,9
0,8,0,0,8
0,2,0,0,2
0,2,0,0,2
0,2,0,0,2
0,4,0,0,4
0,6,0,0,6
0,2,0,0,2
0,15,0,0,15
0,2,0,0,2
0,2,1,0,3
0,2,0,0,2
0,6,0,0,6
0,3,0,0,3
0,1,1,0,2
0,6,0,0,6
0,5,0,0,5
0,3,1,0,4
0,2,0,0,2
0,2,0,0,2
0,1,0,0,1
0,5,0,0,5
0,5,0,0,5
0,1,0,0,1
0,1,0,0,1
0,4,1,0,5
0,8,0,0,8
0,6,0,0,6
0,6,0,0,6
0,2,1,0,3
0,2,0,0,2
0,1,0,0,1
0,2,0,0,2
0,1,0,0,1
0,2,0,0,2
0,37,0,0,37
0,3,0,0,3
0,6,0,0,6
0,1,0,0,1
0,2,1,0,3
0,5,0,0,5
0,6,0,0,6
0,3,0,0,3
0,2,0,0,2
0,5,0,0,5
0,2,0,0,2
0,1,0,0,1
0,1,1,0,2
0,1,0,0,1
0,1,0,0,1
0,2,0,0,2
0,1,0,0,1
0,4,6,0,10
0,3,0,0,3
0,1,0,0,1
0,3,0,0,3
0,7,0,0,7
0,6,0,0,6
0,2,0,0,2
0,2,0,0,2
0,3,0,0,3
0,1,0,0,1
0,1,1,0,2
0,1,0,0,1
0,5,0,0,5
0,7,0,0,7
0,4,0,0,4
0,7,1,0,8
0,1,1,0,2
0,2,0,0,2
0,3,0,0,3
0,1,0,0,1
0,4,0,0,4
0,1,0,0,1
0,2,0,0,2
0,1,0,0,1
0,1,1,0,2
0,1,0,0,1
0,8,0,0,8
0,2,0,0,2
0,1,0,0,1
0,2,1,0,3
0,2,0,0,2
0,3,1,0,4
0,5,0,0,5
0,3,0,0,3
0,1,1,0,2
0,2,0,0,2
0,1,0,0,1
0,6,2,0,8
0,2,0,0,2
0,1,0,0,1
0,3,0,0,3
0,3,1,0,4
0,8,0,0,8
0,2,0,0,2
0,2,0,0,2
0,3,0,0,3
0,2,0,0,2
0,6,0,0,6
0,5,0,0,5
0,8,0,0,8
0,1,0,0,1
0,2,1,0,3
0,4,0,0,4
0,7,0,0,7
0,2,0,0,2
0,3,0,0,3
0,11,0,0,11
0,3,0,0,3
0,2,0,0,2
0,5,0,0,5
0,3,0,0,3
0,1,0,0,1
0,4,0,0,4
0,2,0,0,2
0,1,0,0,1
0,2,0,0,2
0,4,0,0,4
0,3,0,0,3
0,1,1,0,2
0,2,0,0,2
0,2,0,0,2
0,3,0,0,3
0,3,0,0,3
0,2,0,0,2
0,1,1,0,2
0,1,0,0,1
0,2,0,0,2
0,3,0,0,3
0,6,0,0,6
0,2,0,0,2
0,3,0,0,3
0,2,0,0,2
0,3,0,0,3
0,2,0,0,2
0,3,0,0,3
0,2,0,0,2
0,2,0,0,2
0,3,0,0,3
0,4,0,0,4
0,7,0,0,7
0,6,0,0,6
0,6,0,0,6
0,2,0,0,2
0,2,0,0,2
0,2,2,0,4
0,6,0,0,6
0,6,0,0,6
0,7,0,0,7
0,6,1,0,7
0,2,0,0,2
0,6,2,0,8
0,3,0,0,3
0,1,0,0,1
0,4,0,0,4
0,2,0,0,2
0,3,0,0,3
0,1,1,0,2
0,1,0,0,1
0,4,0,0,4
0,13,1,0,14
0,2,0,0,2
0,3,0,0,3
0,4,0,0,4
0,9,0,0,9
0,5,0,0,5
0,14,0,0,14
0,2,0,0,2
0,2,0,0,2
0,1,0,0,1
0,1,0,0,1
0,1,0,0,1
0,2,1,0,3
0,3,0,0,3
0,1,1,0,2
0,1,0,0,1
0,3,3,0,6
0,8,0,0,8
0,1,0,0,1
0,2,0,0,2
0,16,2,0,18
0,1,1,0,2
0,1,0,0,1
0,3,0,0,3
0,6,0,0,6
0,1,0,0,1
0,2,0,0,2
0,2,0,0,2
0,1,0,0,1
0,1,0,0,1
0,2,0,0,2
0,1,0,0,1
0,1,0,0,1
0,3,0,0,3
0,3,1,0,4
0,3,1,0,4
0,1,0,0,1
0,1,0,0,1
0,2,0,0,2
0,2,0,0,2
0,2,1,0,3
0,2,0,0,2
0,4,0,0,4
0,1,0,0,1
0,1,0,0,1
0,2,0,0,2
0,1,0,0,1
0,2,0,0,2
0,2,0,0,2
0,3,0,0,3
0,2,0,0,2
0,2,0,0,2
0,4,0,0,4
0,2,0,0,2
0,2,0,0,2
0,7,0,0,7
0,1,1,0,2
0,1,0,0,1
0,5,2,0,7
0,2,0,0,2
0,2,0,0,2
0,2,0,0,2
0,4,0,0,4
0,1,0,0,1
0,2,0,0,2
0,3,0,0,3
0,1,1,0,2
0,1,0,0,1
0,1,0,0,1
0,1,0,0,1
0,1,0,0,1
0,2,0,0,2
0,4,0,0,4
0,2,0,0,2
0,3,0,0,3
0,2,0,0,2
0,4,0,0,4
0,8,0,0,8
0,7,1,0,8
0,4,0,0,4
0,4,0,0,4
0,3,0,0,3
0,2,0,0,2
0,4,0,0,4
0,2,0,0,2
0,2,0,0,2
0,5,0,0,5
0,1,0,0,1
0,2,0,0,2
0,1,1,0,2
0,1,0,0,1
0,3,0,0,3
0,5,0,0,5
0,4,0,0,4
0,4,0,0,4
0,1,0,0,1
0,2,0,0,2
0,2,0,0,2
0,9,0,0,9
0,6,0,0,6
0,1,1,0,2
0,1,0,0,1
0,1,0,0,1
0,1,0,0,1
0,1,0,0,1
0,2,0,0,2
0,7,1,0,8
0,1,0,0,1
0,5,0,0,5
0,7,0,0,7
0,18,2,0,20
0,1,0,0,1
0,1,0,0,1
0,1,0,0,1
0,5,0,0,5
0,5,0,0,5
0,2,0,0,2
0,2,0,0,2
0,1,0,0,1
0,1,0,0,1
0,1,0,0,1
0,1,0,0,1
0,1,1,0,2
0,1,0,0,1
0,3,1,0,4
0,4,1,0,5
0,1,1,0,2
0,1,0,0,1
0,2,0,0,2
0,1,0,0,1
0,2,0,0,2
0,6,0,0,6
0,2,1,0,3
0,2,0,0,2
0,2,0,0,2
0,2,0,0,2
0,1,0,0,1
0,1,0,0,1
0,1,1,0,2
0,2,0,0,2
0,6,0,0,6
0,8,2,0,10
0,2,0,0,2
0,2,0,0,2
0,2,0,0,2
0,1,0,0,1
0,2,0,0,2
0,2,0,0,2
0,2,0,0,2
0,2,0,0,2
0,2,0,0,2
0,2,0,0,2
0,2,0,0,2
0,2,0,0,2
0,1,0,0,1
0,5,0,0,5
0,2,0,0,2
0,1,0,0,1
0,2,3,0,5
0,1,0,0,1
0,2,0,0,2
0,2,0,0,2
0,2,0,0,2
0,3,0,0,3
0,1,0,0,1
0,9,0,0,9
0,1,0,0,1
0,2,0,0,2
0,2,0,0,2
0,3,0,0,3
0,1,1,0,2
0,1,0,0,1
0,4,0,0,4
0,4,0,0,4
0,2,0,0,2
0,4,0,0,4
0,2,0,0,2
0,2,0,0,2
0,5,3,0,8
0,1,0,0,1
0,2,0,0,2
0,1,0,0,1
0,2,0,0,2
0,2,0,0,2
0,2,0,0,2
0,5,1,0,6
0,2,0,0,2
0,2,1,0,3
0,15,0,0,15
0,5,0,0,5
0,2,0,0,2
0,2,0,0,2
0,3,0,0,3
0,3,0,0,3
0,10,0,0,10
0,1,0,0,1
0,2,1,0,3
0,2,0,0,2
0,2,1,0,3
0,3,0,0,3
0,1,0,0,1
0,1,0,0,1
0,4,1,0,5
0,2,0,0,2
0,2,0,0,2
0,4,0,0,4
0,2,0,0,2
0,2,0,0,2
0,2,0,0,2
0,2,0,0,2
0,1,0,0,1
0,6,1,0,7
0,1,0,0,1
0,5,2,0,7
0,1,1,0,2
0,1,0,0,1
0,7,0,0,7
0,17,0,0,17
0,1,0,0,1
0,2,0,0,2
0,1,0,0,1
0,4,0,0,4
0,4,1,0,5
0,3,1,0,4
0,2,0,0,2
0,2,0,0,2
0,1,0,0,1
0,1,0,0,1
0,2,0,0,2
0,1,0,0,1
0,1,0,0,1
0,1,0,0,1
0,2,0,0,2
0,3,0,0,3
0,3,1,0,4
0,8,0,0,8
0,1,0,0,1
0,1,0,0,1
0,6,0,0,6
0,6,0,0,6
0,2,0,0,2
0,2,0,0,2
0,5,0,0,5
0,1,0,0,1
0,2,0,0,2
0,8,0,0,8
0,3,0,0,3
0,7,0,0,7
0,9,0,0,9
0,1,1,0,2
0,1,0,0,1
0,1,0,0,1
0,6,0,0,6
0,1,0,0,1
0,1,0,0,1
0,4,0,0,4
0,4,0,0,4
0,1,1,0,2
0,11,0,0,11
0,6,0,0,6
0,2,0,0,2
0,8,0,0,8
0,6,1,0,7
0,4,0,0,4
0,2,0,0,2
0,1,0,0,1
0,2,0,0,2
0,2,1,0,3
0,12,0,0,12
0,13,0,0,13
0,3,0,0,3
0,14,0,0,14
0,7,0,0,7
0,2,0,0,2
0,7,0,0,7
0,11,0,0,11
0,2,0,0,2
0,4,0,0,4
0,2,0,0,2
0,4,0,0,4
0,5,0,0,5
0,2,0,0,2
0,8,0,0,8
0,1,0,0,1
0,1,0,0,1
0,8,0,0,8
0,6,0,0,6
0,6,1,0,7
0,1,1,0,2
0,1,0,0,1
0,4,0,0,4
0,6,2,0,8
0,4,1,0,5
0,2,0,0,2
0,1,0,0,1
0,2,0,0,2
0,2,0,0,2
0,3,0,0,3
0,3,0,0,3
0,1,2,0,3
0,1,1,0,2
0,2,0,0,2
0,1,0,0,1
0,1,0,0,1
0,6,0,0,6
0,8,0,0,8
0,4,0,0,4
0,2,0,0,2
0,2,0,0,2
0,7,0,0,7
0,5,0,0,5
0,2,0,0,2
0,1,0,0,1
0,4,0,0,4
0,6,0,0,6
0,6,1,0,7
0,3,1,0,4
0,3,1,0,4
0,1,0,0,1
0,1,0,0,1
0,2,0,0,2
0,4,0,0,4
0,4,0,0,4
0,2,0,0,2
0,2,0,0,2
0,4,0,0,4
0,17,1,0,18
0,4,0,0,4
0,2,0,0,2
0,2,0,0,2
0,6,4,0,10
0,1,1,0,2
0,2,0,0,2
0,4,0,0,4
0,7,0,0,7
0,1,0,0,1
0,1,0,0,1
0,2,0,0,2
0,2,0,0,2
0,2,0,0,2
0,14,0,0,14
0,4,0,0,4
0,1,0,0,1
0,4,0,0,4
0,3,0,0,3
0,3,0,0,3
0,6,0,0,6
0,1,0,0,1
0,3,0,0,3
0,3,0,0,3
0,2,0,0,2
0,3,0,0,3
0,8,0,0,8
0,7,0,0,7
0,5,0,0,5
0,4,0,0,4
0,2,0,0,2
0,4,0,0,4
0,3,1,0,4
0,2,0,0,2
0,6,0,0,6
0,4,0,0,4
0,1,0,0,1
0,1,0,0,1
0,1,0,0,1
0,5,0,0,5
0,5,0,0,5
0,1,0,0,1
0,15,0,0,15
0,15,0,0,15
0,1,0,0,1
0,5,0,0,5
0,2,0,0,2
0,2,0,0,2
0,4,0,0,4
0,6,0,0,6
0,6,0,0,6
0,2,0,0,2
0,6,0,0,6
0,5,0,0,5
0,10,0,0,10
0,1,0,0,1
0,6,1,0,7
0,5,0,0,5
0,3,0,0,3
0,19,0,0,19
0,7,0,0,7
0,7,0,0,7
0,12,0,0,12
0,3,0,0,3
0,3,0,0,3
0,2,0,0,2
0,3,0,0,3
0,5,0,0,5
0,4,0,0,4
0,6,0,0,6
0,6,0,0,6
0,3,0,0,3
0,1,0,0,1
0,3,0,0,3
0,2,0,0,2
0,4,0,0,4
0,6,0,0,6
0,4,1,0,5
0,4,0,0,4
0,2,0,0,2
0,6,0,0,6
0,2,0,0,2
0,3,0,0,3
0,1,0,0,1
0,1,0,0,1
0,4,0,0,4
0,3,0,0,3
0,1,1,0,2
0,3,0,0,3
0,5,0,0,5
0,1,0,0,1
0,1,0,0,1
0,2,0,0,2
0,2,0,0,2
0,2,0,0,2
0,7,0,0,7
0,6,0,0,6
0,2,1,0,3
0,3,0,0,3
0,5,0,0,5
0,5,0,0,5
0,1,0,0,1
0,2,0,0,2
0,6,0,0,6
0,3,0,0,3
0,1,0,0,1
0,3,0,0,3
0,2,0,0,2
0,9,0,0,9
0,2,0,0,2
0,7,1,0,8
0,2,0,0,2
0,3,0,0,3
0,6,0,0,6
0,2,0,0,2
0,2,0,0,2
0,8,0,0,8
0,2,0,0,2
0,2,2,0,4
0,2,0,0,2
0,4,0,0,4
0,7,0,0,7
0,2,0,0,2
0,3,0,0,3
0,3,0,0,3
0,6,0,0,6
0,1,0,0,1
0,1,0,0,1
0,2,0,0,2
0,3,1,0,4
0,2,0,0,2
0,1,0,0,1
0,3,0,0,3
0,1,0,0,1
0,3,0,0,3
0,2,0,0,2
0,3,0,0,3
0,2,0,0,2
0,3,0,0,3
0,3,0,0,3
0,2,0,0,2
0,2,0,0,2
0,3,0,0,3
0,4,0,0,4
0,4,0,0,4
0,2,0,0,2
0,1,0,0,1
0,2,0,0,2
0,1,0,0,1
0,1,2,0,3
0,3,0,0,3
0,3,0,0,3
0,1,0,0,1
0,3,1,0,4
0,3,0,0,3
0,5,0,0,5
0,3,0,0,3
0,4,0,0,4
0,1,1,0,2
0,4,0,0,4
0,10,0,0,10
0,3,0,0,3
0,2,0,0,2
0,1,0,0,1
0,3,0,0,3
0,2,0,0,2
0,2,0,0,2
0,1,0,0,1
0,11,0,0,11
0,3,0,0,3
0,2,0,0,2
0,4,0,0,4
0,2,0,0,2
0,2,0,0,2
0,3,0,0,3
0,3,0,0,3
0,1,0,0,1
0,1,1,0,2
0,9,0,0,9
0,3,0,0,3
0,3,1,0,4
0,4,2,0,6
0,2,0,0,2
0,2,0,0,2
0,2,0,0,2
0,3,0,0,3
0,5,7,0,12
0,2,0,0,2
0,3,0,0,3
0,8,1,0,9
0,2,0,0,2
0,1,0,0,1
0,3,0,0,3
0,4,0,0,4
0,4,0,0,4
0,4,0,0,4
0,5,0,0,5
0,3,0,0,3
0,11,0,0,11
0,3,0,0,3
0,1,0,0,1
0,2,0,0,2
0,4,0,0,4
0,6,0,0,6
0,1,0,0,1
0,4,0,0,4
0,1,0,0,1
0,11,1,0,12
0,6,0,0,6
0,1,0,0,1
0,7,0,0,7
0,3,0,0,3
0,3,0,0,3
0,3,0,0,3
0,2,2,0,4
0,4,0,0,4
0,1,0,0,1
0,7,1,0,8
0,1,0,0,1
0,3,0,0,3
0,4,0,0,4
0,5,0,0,5
0,2,0,0,2
0,1,0,0,1
0,4,0,0,4
0,2,0,0,2
0,8,0,0,8
0,3,0,0,3
0,2,0,0,2
0,1,0,0,1
0,3,0,0,3
0,6,0,0,6
0,5,0,0,5
0,2,0,0,2
0,1,0,0,1
0,3,0,0,3
0,3,0,0,3
0,3,0,0,3
0,2,0,0,2
0,1,0,0,1
0,4,0,0,4
0,2,0,0,2
0,2,0,0,2
0,2,0,0,2
0,7,0,0,7
0,4,0,0,4
0,5,0,0,5
0,5,0,0,5
0,3,0,0,3
0,2,0,0,2
0,3,1,0,4
0,2,0,0,2
0,1,1,0,2
0,2,0,0,2
0,6,2,0,8
0,1,0,0,1
0,2,0,0,2
0,3,0,0,3
0,5,0,0,5
0,6,0,0,6
0,1,0,0,1
0,1,0,0,1
0,1,1,0,2
0,2,0,0,2
0,2,0,0,2
0,3,0,0,3
0,3,0,0,3
0,3,0,0,3
0,2,0,0,2
0,1,0,0,1
0,1,1,0,2
0,2,0,0,2
0,1,0,0,1
0,5,0,0,5
0,1,1,0,2
0,1,0,0,1
0,2,0,0,2
0,1,1,0,2
0,5,0,0,5
0,4,0,0,4
0,4,0,0,4
0,2,0,0,2
0,2,0,0,2
0,3,0,0,3
0,2,1,0,3
0,2,0,0,2
0,5,0,0,5
0,2,0,0,2
0,2,0,0,2
0,2,0,0,2
0,2,1,0,3
0,1,1,0,2
0,1,0,0,1
0,2,0,0,2
0,4,0,0,4
0,2,0,0,2
0,2,0,0,2
0,2,1,0,3
0,2,0,0,2
0,14,1,0,15
0,3,0,0,3
0,6,1,0,7
0,2,0,0,2
0,2,0,0,2
0,2,0,0,2
0,2,0,0,2
0,2,1,0,3
0,1,0,0,1
0,2,1,0,3
0,2,0,0,2
0,5,0,0,5
0,1,0,0,1
0,1,0,0,1
0,1,0,0,1
0,2,0,0,2
0,1,0,0,1
0,1,0,0,1
0,2,0,0,2
0,4,0,0,4
0,1,0,0,1
0,4,7,0,11
0,3,0,0,3
0,2,0,0,2
0,3,0,0,3
0,4,0,0,4
0,3,0,0,3
0,2,0,0,2
0,5,0,0,5
0,2,0,0,2
0,3,1,0,4
0,10,0,0,10
0,3,1,0,4
0,2,0,0,2
0,3,0,0,3
0,2,0,0,2
0,2,0,0,2
0,3,0,0,3
0,2,0,0,2
0,4,0,0,4
0,2,0,0,2
0,3,0,0,3
0,1,0,0,1
0,1,1,0,2
0,4,0,0,4
0,1,0,0,1
0,3,0,0,3
0,3,0,0,3
0,3,0,0,3
0,1,0,0,1
0,4,0,0,4
0,8,8,0,16
0,2,0,0,2
0,2,0,0,2
0,1,1,0,2
0,7,0,0,7
0,2,0,0,2
0,3,1,0,4
0,1,0,0,1
0,1,0,0,1
0,9,0,0,9
0,1,0,0,1
0,2,0,0,2
0,3,0,0,3
0,1,0,0,1
0,3,0,0,3
0,2,0,0,2
0,6,0,0,6
0,4,0,0,4
0,1,1,0,2
0,1,0,0,1
0,2,0,0,2
0,2,0,0,2
0,3,0,0,3
0,3,0,0,3
0,1,0,0,1
0,2,0,0,2
0,5,4,0,9
0,2,0,0,2
0,3,0,0,3
0,2,0,0,2
0,4,0,0,4
0,4,0,0,4
0,3,0,0,3
0,7,0,0,7
0,5,0,0,5
0,4,0,0,4
0,5,0,0,5
0,4,0,0,4
0,13,0,0,13
0,6,0,0,6
0,7,0,0,7
0,8,0,0,8
0,1,1,0,2
0,1,1,0,2
0,2,0,0,2
0,4,0,0,4
0,1,1,0,2
0,1,1,0,2
0,1,0,0,1
0,4,0,0,4
0,1,1,0,2
0,10,0,0,10
0,3,0,0,3
0,3,0,0,3
0,3,0,0,3
0,2,0,0,2
0,4,0,0,4
0,1,1,0,2
0,1,1,0,2
0,5,0,0,5
0,5,0,0,5
0,1,0,0,1
0,2,0,0,2
0,6,0,0,6
0,6,0,0,6
0,4,0,0,4
0,1,0,0,1
0,2,0,0,2
0,1,1,0,2
0,3,0,0,3
0,4,0,0,4
0,1,0,0,1
0,1,0,0,1
0,1,0,0,1
0,8,0,0,8
0,4,1,0,5
0,2,0,0,2
0,3,0,0,3
0,4,0,0,4
0,2,0,0,2
0,3,0,0,3
0,2,0,0,2
0,1,1,0,2
0,2,0,0,2
0,2,0,0,2
0,2,0,0,2
0,2,0,0,2
0,2,0,0,2
0,4,0,0,4
0,4,0,0,4
0,3,0,0,3
0,3,0,0,3
0,6,0,0,6
0,5,0,0,5
0,4,0,0,4
0,18,0,0,18
0,3,0,0,3
0,1,0,0,1
0,4,0,0,4
0,4,0,0,4
0,4,0,0,4
0,1,0,0,1
0,2,0,0,2
0,2,0,0,2
0,8,0,0,8
0,1,0,0,1
0,1,0,0,1
0,2,0,0,2
0,1,0,0,1
0,3,0,0,3
0,1,1,0,2
0,1,0,0,1
0,1,0,0,1
0,3,0,0,3
0,5,0,0,5
0,3,0,0,3
0,2,0,0,2
0,3,0,0,3
0,4,0,0,4
0,4,0,0,4
0,2,0,0,2
0,3,0,0,3
0,3,0,0,3
0,2,0,0,2
0,2,0,0,2
0,2,0,0,2
0,5,0,0,5
0,6,0,0,6
0,4,0,0,4
0,4,0,0,4
0,1,0,0,1
0,1,0,0,1
0,2,0,0,2
0,1,0,0,1
0,3,0,0,3
0,5,0,0,5
0,5,0,0,5
0,3,1,0,4
0,3,0,0,3
0,3,0,0,3
0,2,0,0,2
0,2,0,0,2
0,2,0,0,2
0,1,0,0,1
0,1,0,0,1
0,1,0,0,1
0,2,0,0,2
0,6,0,0,6
0,2,0,0,2
0,1,0,0,1
0,1,0,0,1
0,2,0,0,2
0,1,0,0,1
0,1,0,0,1
0,1,0,0,1
0,1,0,0,1
0,7,0,0,7
0,2,0,0,2
0,2,0,0,2
0,2,0,0,2
0,2,0,0,2
0,5,0,0,5
0,4,0,0,4
0,4,0,0,4
0,3,0,0,3
0,2,0,0,2
0,4,0,0,4
0,1,0,0,1
0,8,0,0,8
0,3,3,0,6
0,2,1,0,3
0,7,0,0,7
0,2,0,0,2
0,1,0,0,1
0,1,0,0,1
0,6,0,0,6
0,1,0,0,1
0,1,1,0,2
0,1,2,0,3
0,5,0,0,5
0,2,0,0,2
0,9,0,0,9
0,1,1,0,2
0,2,0,0,2
0,3,2,0,5
0,1,0,0,1
0,2,0,0,2
0,3,0,0,3
0,2,0,0,2
0,8,0,0,8
0,3,2,0,5
0,1,1,0,2
0,1,1,0,2
0,5,0,0,5
0,5,1,0,6
0,2,0,0,2
0,2,0,0,2
0,2,0,0,2
0,1,0,0,1
0,1,0,0,1
0,2,0,0,2
0,1,0,0,1
0,1,1,0,2
0,13,0,0,13
0,1,0,0,1
0,2,0,0,2
0,1,0,0,1
0,4,1,0,5
0,14,0,0,14
0,2,0,0,2
0,5,0,0,5
0,11,0,0,11
0,1,0,0,1
0,2,0,0,2
0,3,0,0,3
0,3,0,0,3
0,2,1,0,3
0,2,0,0,2
0,6,0,0,6
0,1,0,0,1
0,2,0,0,2
0,2,0,0,2
0,8,0,0,8
0,11,0,0,11
0,2,0,0,2
0,1,0,0,1
0,4,0,0,4
0,2,0,0,2
0,8,0,0,8
0,6,0,0,6
0,4,0,0,4
0,12,0,0,12
0,2,0,0,2
0,5,0,0,5
0,2,0,0,2
0,3,0,0,3
0,1,0,0,1
0,4,0,0,4
0,8,0,0,8
0,8,0,0,8
0,6,1,0,7
0,2,0,0,2
0,1,0,0,1
0,2,0,0,2
0,2,0,0,2
0,2,0,0,2
0,2,1,0,3
0,2,1,0,3
0,1,0,0,1
0,3,0,0,3
0,3,0,0,3
0,1,0,0,1
0,4,0,0,4
0,1,0,0,1
0,1,0,0,1
0,2,0,0,2
0,7,0,0,7
0,2,0,0,2
0,7,0,0,7
0,3,0,0,3
0,5,1,0,6
0,2,0,0,2
0,2,0,0,2
0,3,0,0,3
0,3,0,0,3
0,2,0,0,2
0,2,0,0,2
0,5,0,0,5
0,1,1,0,2
0,1,0,0,1
0,2,0,0,2
0,10,0,0,10
0,2,0,0,2
0,2,0,0,2
0,1,0,0,1
0,9,0,0,9
0,9,1,0,10
0,4,0,0,4
0,9,0,0,9
0,8,0,0,8
0,1,0,0,1
0,3,0,0,3
0,11,0,0,11
0,3,0,0,3
0,1,0,0,1
0,2,0,0,2
0,8,2,0,10
0,1,1,0,2
0,1,0,0,1
0,1,0,0,1
0,9,0,0,9
0,3,0,0,3
0,1,1,0,2
0,1,0,0,1
0,6,0,0,6
0,7,0,0,7
0,2,0,0,2
0,2,1,0,3
0,1,0,0,1
0,4,0,0,4
0,2,0,0,2
0,2,0,0,2
0,3,0,0,3
0,4,1,0,5
0,3,0,0,3
0,1,0,0,1
0,1,0,0,1
0,3,0,0,3
0,1,1,0,2
0,2,0,0,2
0,3,0,0,3
0,2,0,0,2
0,3,0,0,3
0,5,0,0,5
0,2,0,0,2
0,3,0,0,3
0,3,0,0,3
0,3,0,0,3
0,5,0,0,5
0,5,0,0,5
0,6,0,0,6
0,1,0,0,1
0,3,0,0,3
0,3,0,0,3
0,1,0,0,1
0,4,0,0,4
0,3,0,0,3
0,2,0,0,2
0,2,2,0,4
0,1,0,0,1
0,2,0,0,2
0,2,0,0,2
0,2,0,0,2
0,7,1,0,8
0,2,0,0,2
0,1,0,0,1
0,8,6,0,14
0,4,0,0,4
0,4,0,0,4
0,4,0,0,4
0,1,0,0,1
0,2,0,0,2
0,4,1,0,5
0,2,0,0,2
0,10,0,0,10
0,11,0,0,11
0,5,0,0,5
0,4,2,0,6
0,1,1,0,2
0,1,1,0,2
0,1,0,0,1
0,3,0,0,3
0,3,0,0,3
0,1,1,0,2
0,1,0,0,1
0,1,0,0,1
0,2,0,0,2
0,1,0,0,1
0,3,0,0,3
0,2,0,0,2
0,9,0,0,9
0,2,1,0,3
0,2,0,0,2
0,4,14,0,18
0,1,0,0,1
0,13,1,0,14
0,2,0,0,2
0,5,0,0,5
0,2,0,0,2
0,1,0,0,1
0,1,0,0,1
0,2,0,0,2
0,2,0,0,2
0,1,0,0,1
0,2,0,0,2
0,1,0,0,1
0,1,0,0,1
0,8,0,0,8
0,6,0,0,6
0,8,0,0,8
0,2,0,0,2
0,2,0,0,2
0,2,0,0,2
0,6,0,0,6
0,2,0,0,2
0,2,0,0,2
0,2,0,0,2
0,1,0,0,1
0,10,0,0,10
0,2,0,0,2
0,1,1,0,2
0,2,0,0,2
0,10,0,0,10
0,3,1,0,4
0,1,1,0,2
0,1,0,0,1
0,1,0,0,1
0,1,1,0,2
0,17,0,0,17
0,5,0,0,5
0,7,1,0,8
0,3,0,0,3
0,3,0,0,3
0,4,0,0,4
0,4,0,0,4
0,11,0,0,11
0,7,0,0,7
0,1,0,0,1
0,2,0,0,2
0,2,0,0,2
0,1,0,0,1
0,4,0,0,4
0,3,0,0,3
0,3,0,0,3
0,2,0,0,2
0,2,0,0,2
0,5,0,0,5
0,2,0,0,2
0,2,0,0,2
0,1,0,0,1
0,3,0,0,3
0,1,0,0,1
0,5,0,0,5
0,6,0,0,6
0,2,0,0,2
0,2,0,0,2
0,1,0,0,1
0,2,0,0,2
0,2,0,0,2
0,4,1,0,5
0,1,0,0,1
0,5,0,0,5
0,5,0,0,5
0,2,0,0,2
0,2,0,0,2
0,7,1,0,8
0,3,1,0,4
0,8,0,0,8
0,2,0,0,2
0,2,0,0,2
0,3,0,0,3
0,3,0,0,3
0,3,1,0,4
0,2,0,0,2
0,1,0,0,1
0,1,1,0,2
0,1,0,0,1
0,2,0,0,2
0,3,0,0,3
0,3,0,0,3
0,1,0,0,1
0,1,0,0,1
0,12,0,0,12
0,3,0,0,3
0,4,0,0,4
0,3,0,0,3
0,2,0,0,2
0,3,0,0,3
0,3,0,0,3
0,4,0,0,4
0,2,0,0,2
0,5,0,0,5
0,14,0,0,14
0,6,1,0,7
0,3,0,0,3
0,2,1,0,3
0,2,0,0,2
0,2,0,0,2
0,5,2,0,7
0,5,2,0,7
0,1,1,0,2
0,2,0,0,2
0,6,0,0,6
0,6,0,0,6
0,8,0,0,8
0,3,0,0,3
0,2,0,0,2
0,2,0,0,2
0,2,0,0,2
0,3,0,0,3
0,2,0,0,2
0,2,0,0,2
0,3,0,0,3
0,2,0,0,2
0,4,0,0,4
0,6,0,0,6
0,12,0,0,12
0,3,0,0,3
0,2,0,0,2
0,3,0,0,3
0,3,0,0,3
0,1,1,0,2
0,4,0,0,4
0,2,0,0,2
0,1,1,0,2
0,10,1,0,11
0,4,0,0,4
0,5,0,0,5
0,1,0,0,1
0,1,0,0,1
0,7,2,0,9
0,1,1,0,2
0,4,0,0,4
0,3,0,0,3
0,2,0,0,2
0,2,0,0,2
0,3,0,0,3
0,2,0,0,2
0,1,0,0,1
0,2,1,0,3
0,4,0,0,4
0,2,0,0,2
0,5,1,0,6
0,2,0,0,2
0,2,1,0,3
0,5,2,0,7
0,2,0,0,2
0,14,1,0,15
0,2,0,0,2
0,7,0,0,7
0,2,0,0,2
0,3,0,0,3
0,4,0,0,4
0,4,1,0,5
0,7,0,0,7
0,3,0,0,3
0,3,0,0,3
0,3,0,0,3
0,2,0,0,2
0,2,5,0,7
0,2,0,0,2
0,2,0,0,2
0,3,0,0,3
0,3,0,0,3
0,16,0,0,16
0,3,1,0,4
0,2,1,0,3
0,3,0,0,3
0,3,0,0,3
0,11,0,0,11
0,2,0,0,2
0,2,0,0,2
0,1,0,0,1
0,1,1,0,2
0,12,1,0,13
0,6,0,0,6
0,3,0,0,3
0,2,0,0,2
0,14,6,0,20
0,2,5,0,7
0,1,1,0,2
0,1,0,0,1
0,2,0,0,2
0,8,0,0,8
0,2,0,0,2
0,2,0,0,2
0,4,0,0,4
0,5,0,0,5
0,2,0,0,2
0,3,2,0,5
0,4,0,0,4
0,1,0,0,1
0,2,0,0,2
0,4,0,0,4
0,8,0,0,8
0,8,0,0,8
0,2,0,0,2
0,1,0,0,1
0,2,0,0,2
0,8,0,0,8
0,4,0,0,4
0,4,0,0,4
0,2,1,0,3
0,1,0,0,1
0,1,1,0,2
0,2,0,0,2
0,1,1,0,2
0,1,0,0,1
0,2,0,0,2
0,1,2,0,3
0,1,0,0,1
0,1,0,0,1
0,2,0,0,2
0,6,0,0,6
0,1,1,0,2
0,1,0,0,1
0,2,0,0,2
0,2,0,0,2
0,2,0,0,2
0,10,0,0,10
0,11,0,0,11
0,7,0,0,7
0,2,1,0,3
0,3,3,0,6
0,2,0,0,2
0,2,0,0,2
0,10,0,0,10
0,20,0,0,20
0,1,0,0,1
0,3,0,0,3
0,3,0,0,3
0,2,0,0,2
0,6,0,0,6
0,4,0,0,4
0,1,1,0,2
0,1,0,0,1
0,1,0,0,1
0,6,0,0,6
0,2,0,0,2
0,3,0,0,3
0,2,0,0,2
0,5,0,0,5
0,3,0,0,3
0,3,0,0,3
0,3,0,0,3
0,2,0,0,2
0,2,0,0,2
0,11,0,0,11
0,1,0,0,1
0,3,1,0,4
0,2,0,0,2
0,5,1,0,6
0,5,0,0,5
0,2,0,0,2
0,2,0,0,2
0,1,0,0,1
0,3,0,0,3
0,4,0,0,4
0,5,0,0,5
0,4,0,0,4
0,2,0,0,2
0,2,0,0,2
0,12,0,0,12
0,4,2,0,6
0,3,0,0,3
0,3,0,0,3
0,1,0,0,1
0,4,0,0,4
0,1,1,0,2
0,1,0,0,1
0,7,0,0,7
0,3,0,0,3
0,4,0,0,4
0,4,0,0,4
0,2,0,0,2
0,1,0,0,1
0,3,0,0,3
0,2,0,0,2
0,9,0,0,9
0,2,0,0,2
0,1,1,0,2
0,2,1,0,3
0,1,0,0,1
0,6,0,0,6
0,2,0,0,2
0,3,0,0,3
0,1,0,0,1
0,2,1,0,3
0,2,0,0,2
0,3,3,0,6
0,2,0,0,2
0,2,0,0,2
0,3,0,0,3
0,9,0,0,9
0,2,0,0,2
0,2,0,0,2
0,1,1,0,2
0,4,0,0,4
0,2,1,0,3
0,3,0,0,3
0,2,0,0,2
0,1,1,0,2
0,1,0,0,1
0,1,1,0,2
0,1,1,0,2
0,1,0,0,1
0,2,1,0,3
0,2,0,0,2
0,1,0,0,1
0,1,0,0,1
0,6,0,0,6
0,6,0,0,6
0,1,0,0,1
0,1,0,0,1
0,4,0,0,4
0,2,0,0,2
0,6,0,0,6
0,4,1,0,5
0,3,0,0,3
0,2,0,0,2
0,2,0,0,2
0,2,0,0,2
0,2,0,0,2
0,3,0,0,3
0,1,1,0,2
0,1,0,0,1
0,2,0,0,2
0,1,0,0,1
0,3,0,0,3
0,3,0,0,3
0,2,0,0,2
0,4,0,0,4
0,6,0,0,6
0,1,0,0,1
0,2,0,0,2
0,4,0,0,4
0,3,0,0,3
0,3,0,0,3
0,3,0,0,3
0,4,0,0,4
0,4,0,0,4
0,5,0,0,5
0,3,0,0,3
0,3,0,0,3
0,8,0,0,8
0,6,0,0,6
0,2,0,0,2
0,1,0,0,1
0,3,0,0,3
0,3,0,0,3
0,2,0,0,2
0,1,0,0,1
0,1,0,0,1
0,5,1,0,6
0,1,0,0,1
0,2,0,0,2
0,2,0,0,2
0,2,0,0,2
0,2,0,0,2
0,4,0,0,4
0,2,0,0,2
0,4,0,0,4
0,6,8,0,14
0,2,2,0,4
0,4,0,0,4
0,2,0,0,2
0,1,0,0,1
0,2,0,0,2
0,2,0,0,2
0,1,0,0,1
0,3,0,0,3
0,2,0,0,2
0,7,0,0,7
0,1,0,0,1
0,2,0,0,2
0,2,0,0,2
0,3,0,0,3
0,3,0,0,3
0,4,0,0,4
0,3,0,0,3
0,2,0,0,2
0,18,0,0,18
0,3,0,0,3
0,2,0,0,2
0,2,0,0,2
0,1,1,0,2
0,3,0,0,3
0,1,0,0,1
0,4,0,0,4
0,1,0,0,1
0,4,0,0,4
0,4,0,0,4
0,2,0,0,2
0,2,0,0,2
0,2,0,0,2
0,1,0,0,1
0,1,0,0,1
0,2,0,0,2
0,3,0,0,3
0,5,0,0,5
0,2,0,0,2
0,2,0,0,2
0,2,0,0,2
0,2,1,0,3
0,2,0,0,2
0,2,0,0,2
0,3,0,0,3
0,4,0,0,4
0,2,0,0,2
0,4,0,0,4
0,3,0,0,3
0,6,0,0,6
0,6,1,0,7
0,2,0,0,2
0,5,1,0,6
0,3,0,0,3
0,6,0,0,6
0,3,0,0,3
0,13,0,0,13
0,4,5,0,9
0,1,1,0,2
0,2,0,0,2
0,4,0,0,4
0,1,0,0,1
0,2,0,0,2
0,2,0,0,2
0,2,0,0,2
0,8,0,0,8
0,2,0,0,2
0,1,0,0,1
0,7,0,0,7
0,2,0,0,2
0,1,0,0,1
0,1,0,0,1
0,3,0,0,3
0,4,0,0,4
0,3,0,0,3
0,5,1,0,6
0,3,0,0,3
0,6,0,0,6
0,6,0,0,6
0,3,0,0,3
0,5,0,0,5
0,13,0,0,13
0,6,0,0,6
0,3,0,0,3
0,2,0,0,2
0,4,0,0,4
0,5,0,0,5
0,8,0,0,8
0,3,0,0,3
0,4,0,0,4
0,2,0,0,2
0,2,0,0,2
0,1,1,0,2
0,1,0,0,1
0,1,1,0,2
0,5,1,0,6
0,5,0,0,5
0,7,0,0,7
0,3,0,0,3
0,2,0,0,2
0,2,0,0,2
0,12,0,0,12
0,2,0,0,2
0,4,0,0,4
0,12,0,0,12
0,3,2,0,5
0,1,0,0,1
0,6,0,0,6
0,7,0,0,7
0,2,0,0,2
0,3,0,0,3
0,1,0,0,1
0,4,0,0,4
0,1,0,0,1
0,1,0,0,1
0,4,0,0,4
0,2,0,0,2
0,7,8,0,15
0,1,0,0,1
0,3,0,0,3
0,8,0,0,8
0,1,0,0,1
0,1,0,0,1
0,4,0,0,4
0,1,1,0,2
0,1,0,0,1
0,1,1,0,2
0,3,1,0,4
0,6,0,0,6
0,1,0,0,1
0,1,0,0,1
0,3,0,0,3
0,3,0,0,3
0,2,0,0,2
0,4,0,0,4
0,1,0,0,1
0,2,0,0,2
0,2,0,0,2
0,2,1,0,3
0,2,0,0,2
0,1,1,0,2
0,2,2,0,4
0,3,0,0,3
0,2,0,0,2
0,5,0,0,5
0,8,0,0,8
0,2,0,0,2
0,3,0,0,3
0,18,0,0,18
0,9,0,0,9
0,7,1,0,8
0,2,0,0,2
0,2,0,0,2
0,1,1,0,2
0,2,0,0,2
0,2,1,0,3
0,2,0,0,2
0,2,0,0,2
0,2,0,0,2
0,3,0,0,3
0,3,0,0,3
0,1,1,0,2
0,4,0,0,4
0,2,0,0,2
0,1,0,0,1
0,4,0,0,4
0,1,1,0,2
0,1,0,0,1
0,2,0,0,2
0,2,0,0,2
0,1,0,0,1
0,2,0,0,2
0,1,0,0,1
0,2,0,0,2
0,2,0,0,2
0,2,0,0,2
0,1,0,0,1
0,1,1,0,2
0,1,0,0,1
0,5,0,0,5
0,3,0,0,3
0,2,0,0,2
0,7,0,0,7
0,2,0,0,2
0,3,1,0,4
0,3,0,0,3
0,3,0,0,3
0,3,0,0,3
0,2,0,0,2
0,1,0,0,1
0,2,0,0,2
0,3,0,0,3
0,2,0,0,2
0,1,0,0,1
0,2,0,0,2
0,2,0,0,2
0,8,0,0,8
0,2,0,0,2
0,3,0,0,3
0,2,0,0,2
0,2,0,0,2
0,2,1,0,3
0,4,0,0,4
0,2,0,0,2
0,5,0,0,5
0,2,1,0,3
0,2,0,0,2
0,4,0,0,4
0,4,0,0,4
0,9,0,0,9
0,7,0,0,7
0,6,0,0,6
0,2,0,0,2
0,3,0,0,3
0,2,0,0,2
0,3,0,0,3
0,3,0,0,3
0,5,0,0,5
0,2,0,0,2
0,2,0,0,2
0,6,0,0,6
0,3,0,0,3
0,4,0,0,4
0,4,0,0,4
0,4,0,0,4
0,1,0,0,1
0,2,0,0,2
0,2,0,0,2
0,1,1,0,2
0,3,1,0,4
0,12,0,0,12
0,2,1,0,3
0,9,2,0,11
0,6,1,0,7
0,1,0,0,1
0,4,0,0,4
0,2,0,0,2
0,3,1,0,4
0,3,1,0,4
0,3,0,0,3
0,4,0,0,4
0,3,0,0,3
0,2,0,0,2
0,3,0,0,3
0,2,0,0,2
0,1,1,0,2
0,1,0,0,1
0,1,0,0,1
0,1,0,0,1
0,7,1,0,8
0,3,0,0,3
0,2,0,0,2
0,1,0,0,1
0,3,0,0,3
0,3,0,0,3
0,5,0,0,5
0,1,0,0,1
0,1,0,0,1
0,4,0,0,4
0,3,0,0,3
0,1,0,0,1
0,1,0,0,1
0,6,0,0,6
0,1,0,0,1
0,3,0,0,3
0,2,0,0,2
0,4,0,0,4
0,1,0,0,1
0,2,0,0,2
0,2,0,0,2
0,3,0,0,3
0,1,0,0,1
0,1,0,0,1
0,1,1,0,2
0,6,0,0,6
0,4,2,0,6
0,4,0,0,4
0,5,0,0,5
0,3,1,0,4
0,2,0,0,2
0,1,0,0,1
0,1,0,0,1
0,2,0,0,2
0,1,0,0,1
0,1,0,0,1
0,2,0,0,2
0,1,0,0,1
0,1,1,0,2
0,5,0,0,5
0,3,0,0,3
0,2,0,0,2
0,2,0,0,2
0,2,0,0,2
0,2,0,0,2
0,2,0,0,2
0,3,0,0,3
0,6,0,0,6
0,4,0,0,4
0,2,0,0,2
0,2,0,0,2
0,2,0,0,2
0,1,0,0,1
0,1,0,0,1
0,1,0,0,1
0,1,0,0,1
0,2,0,0,2
0,2,0,0,2
0,2,0,0,2
0,2,1,0,3
0,2,0,0,2
0,1,0,0,1
0,3,0,0,3
0,2,0,0,2
0,2,0,0,2
0,4,0,0,4
0,4,0,0,4
0,3,0,0,3
0,2,0,0,2
0,5,0,0,5
0,8,0,0,8
0,1,1,0,2
0,4,2,0,6
0,5,0,0,5
0,4,0,0,4
0,3,0,0,3
0,7,0,0,7
0,1,0,0,1
0,3,0,0,3
0,1,0,0,1
0,2,0,0,2
0,6,0,0,6
0,2,0,0,2
0,2,0,0,2
0,4,0,0,4
0,3,0,0,3
0,2,0,0,2
0,6,0,0,6
0,3,0,0,3
0,2,0,0,2
0,2,0,0,2
0,2,0,0,2
0,1,2,0,3
0,1,0,0,1
0,1,0,0,1
0,5,0,0,5
0,2,0,0,2
0,2,0,0,2
0,7,0,0,7
0,1,0,0,1
0,3,0,0,3
0,3,1,0,4
0,6,1,0,7
0,2,0,0,2
0,10,0,0,10
0,5,0,0,5
0,4,0,0,4
0,2,0,0,2
0,2,0,0,2
0,3,1,0,4
0,2,0,0,2
0,6,0,0,6
0,2,0,0,2
0,3,0,0,3
0,4,0,0,4
0,6,1,0,7
0,4,0,0,4
0,6,0,0,6
0,4,0,0,4
0,1,1,0,2
0,1,0,0,1
0,33,0,0,33
0,2,0,0,2
0,2,0,0,2
0,5,0,0,5
0,5,0,0,5
0,8,0,0,8
0,3,0,0,3
0,5,0,0,5
0,2,0,0,2
0,5,4,0,9
0,2,0,0,2
0,3,0,0,3
0,2,0,0,2
0,2,0,0,2
0,2,1,0,3
0,11,0,0,11
0,8,0,0,8
0,2,0,0,2
0,3,0,0,3
0,2,0,0,2
0,1,0,0,1
0,2,0,0,2
0,2,0,0,2
0,3,0,0,3
0,1,4,0,5
0,1,0,0,1
0,1,0,0,1
0,1,0,0,1
0,3,0,0,3
0,8,0,0,8
0,2,0,0,2
0,1,0,0,1
0,2,0,0,2
0,4,0,0,4
0,1,1,0,2
0,1,0,0,1
0,1,1,0,2
0,2,0,0,2
0,15,0,0,15
0,5,0,0,5
0,3,0,0,3
0,3,0,0,3
0,11,0,0,11
0,4,0,0,4
0,2,0,0,2
0,1,0,0,1
0,4,0,0,4
0,3,0,0,3
0,2,0,0,2
0,1,0,0,1
0,1,0,0,1
0,1,0,0,1
0,4,0,0,4
0,4,0,0,4
0,3,0,0,3
0,6,0,0,6
0,1,0,0,1
0,1,0,0,1
0,9,0,0,9
0,2,0,0,2
0,2,0,0,2
0,4,0,0,4
0,5,1,0,6
0,9,0,0,9
0,9,0,0,9
0,8,1,0,9
0,1,1,0,2
0,2,0,0,2
0,3,0,0,3
0,2,0,0,2
0,2,0,0,2
0,2,0,0,2
0,2,0,0,2
0,2,0,0,2
0,5,0,0,5
0,4,1,0,5
0,10,0,0,10
0,2,0,0,2
0,6,0,0,6
0,4,0,0,4
0,2,0,0,2
0,4,0,0,4
0,5,0,0,5
0,3,0,0,3
0,2,0,0,2
0,6,0,0,6
0,3,0,0,3
0,1,1,0,2
0,1,0,0,1
0,4,0,0,4
0,1,0,0,1
0,3,0,0,3
0,1,0,0,1
0,4,0,0,4
0,8,0,0,8
0,4,0,0,4
0,2,0,0,2
0,1,0,0,1
0,1,1,0,2
0,2,0,0,2
0,1,0,0,1
0,3,0,0,3
0,1,1,0,2
0,1,1,0,2
0,3,0,0,3
0,5,0,0,5
0,2,0,0,2
0,2,0,0,2
0,2,0,0,2
0,2,0,0,2
0,2,0,0,2
0,2,0,0,2
0,6,0,0,6
0,2,0,0,2
0,1,0,0,1
0,1,0,0,1
0,1,0,0,1
0,1,0,0,1
0,3,0,0,3
0,3,1,0,4
0,1,1,0,2
0,2,0,0,2
0,3,0,0,3
0,1,0,0,1
0,2,0,0,2
0,1,0,0,1
0,1,0,0,1
0,1,1,0,2
0,9,0,0,9
0,12,0,0,12
0,11,0,0,11
0,2,0,0,2
0,1,1,0,2
0,1,0,0,1
0,1,1,0,2
0,1,0,0,1
0,5,0,0,5
0,1,0,0,1
0,5,0,0,5
0,2,0,0,2
0,3,0,0,3
0,6,0,0,6
0,1,0,0,1
0,1,1,0,2
0,1,1,0,2
0,1,0,0,1
0,3,0,0,3
0,4,0,0,4
0,7,0,0,7
0,2,0,0,2
0,2,0,0,2
0,3,0,0,3
0,3,0,0,3
0,4,0,0,4
0,4,0,0,4
0,3,0,0,3
0,5,0,0,5
0,3,1,0,4
0,2,0,0,2
0,2,0,0,2
0,2,0,0,2
0,2,0,0,2
0,5,0,0,5
0,5,0,0,5
0,4,0,0,4
0,5,0,0,5
0,2,0,0,2
0,2,0,0,2
0,2,0,0,2
0,1,0,0,1
0,4,0,0,4
0,2,0,0,2
0,3,0,0,3
0,3,0,0,3
0,5,0,0,5
0,2,0,0,2
0,2,0,0,2
0,2,0,0,2
0,3,0,0,3
0,1,0,0,1
0,3,0,0,3
0,2,0,0,2
0,2,0,0,2
0,2,0,0,2
0,6,0,0,6
0,6,2,0,8
0,4,0,0,4
0,3,0,0,3
0,2,0,0,2
0,2,0,0,2
0,1,0,0,1
0,1,0,0,1
0,4,0,0,4
0,2,0,0,2
0,2,0,0,2
0,3,0,0,3
0,1,0,0,1
0,3,0,0,3
0,3,0,0,3
0,2,0,0,2
0,1,0,0,1
0,4,0,0,4
0,4,0,0,4
0,1,0,0,1
0,3,0,0,3
0,3,0,0,3
0,7,0,0,7
0,1,0,0,1
0,2,0,0,2
0,2,0,0,2
0,2,0,0,2
0,1,0,0,1
0,5,0,0,5
0,7,0,0,7
0,1,0,0,1
0,1,0,0,1
0,4,0,0,4
0,1,1,0,2
0,2,0,0,2
0,2,0,0,2
0,4,0,0,4
0,4,0,0,4
0,3,0,0,3
0,5,0,0,5
0,1,0,0,1
0,2,0,0,2
0,1,0,0,1
0,1,0,0,1
0,1,0,0,1
0,1,0,0,1
0,1,0,0,1
0,2,0,0,2
0,2,0,0,2
0,2,0,0,2
0,1,1,0,2
0,2,0,0,2
0,1,1,0,2
0,3,1,0,4
0,1,0,0,1
0,4,0,0,4
0,2,0,0,2
0,1,0,0,1
0,7,4,0,11
0,4,0,0,4
0,1,0,0,1
0,3,0,0,3
0,2,0,0,2
0,6,0,0,6
0,3,0,0,3
0,2,0,0,2
0,1,0,0,1
0,1,0,0,1
0,5,1,0,6
0,2,1,0,3
0,2,0,0,2
0,3,0,0,3
0,2,0,0,2
0,2,0,0,2
0,1,0,0,1
0,3,0,0,3
0,2,0,0,2
0,1,0,0,1
0,2,0,0,2
0,2,0,0,2
0,1,0,0,1
0,1,1,0,2
0,1,0,0,1
0,2,0,0,2
0,4,0,0,4
0,2,0,0,2
0,2,0,0,2
0,3,0,0,3
0,3,0,0,3
0,3,0,0,3
0,2,0,0,2
0,9,0,0,9
0,1,0,0,1
0,1,0,0,1
0,1,0,0,1
0,3,0,0,3
0,3,0,0,3
0,8,0,0,8
0,1,0,0,1
0,3,0,0,3
0,1,0,0,1
0,5,0,0,5
0,3,0,0,3
0,3,0,0,3
0,2,0,0,2
0,3,1,0,4
0,2,1,0,3
0,5,0,0,5
0,5,0,0,5
0,2,0,0,2
0,3,0,0,3
0,1,0,0,1
0,2,0,0,2
0,3,0,0,3
0,5,0,0,5
0,1,0,0,1
0,2,0,0,2
0,1,1,0,2
0,3,0,0,3
0,3,0,0,3
0,4,0,0,4
0,4,0,0,4
0,4,0,0,4
0,1,0,0,1
0,2,0,0,2
0,4,0,0,4
0,3,0,0,3
0,7,0,0,7
0,2,0,0,2
0,2,0,0,2
0,2,0,0,2
0,2,0,0,2
0,1,2,0,3
0,1,0,0,1
0,3,1,0,4
0,3,0,0,3
0,8,1,0,9
0,1,0,0,1
0,10,0,0,10
0,9,0,0,9
0,1,1,0,2
0,4,0,0,4
0,2,0,0,2
0,1,0,0,1
0,2,0,0,2
0,2,0,0,2
0,3,0,0,3
0,5,0,0,5
0,3,0,0,3
0,1,0,0,1
0,1,0,0,1
0,1,0,0,1
0,6,10,0,16
0,7,0,0,7
0,4,0,0,4
0,2,0,0,2
0,2,0,0,2
0,1,1,0,2
0,1,0,0,1
0,2,0,0,2
0,1,0,0,1
0,1,0,0,1
0,1,1,0,2
0,6,0,0,6
0,3,0,0,3
0,11,0,0,11
0,10,0,0,10
0,3,0,0,3
0,2,0,0,2
0,10,0,0,10
0,6,0,0,6
0,7,0,0,7
0,3,0,0,3
0,10,0,0,10
0,1,1,0,2
0,2,0,0,2
0,2,0,0,2
0,1,0,0,1
0,5,0,0,5
0,5,0,0,5
0,1,1,0,2
0,1,0,0,1
0,3,0,0,3
0,1,0,0,1
0,1,0,0,1
0,6,0,0,6
0,2,0,0,2
0,2,0,0,2
0,1,0,0,1
0,3,0,0,3
0,2,0,0,2
0,9,0,0,9
0,6,0,0,6
0,1,0,0,1
0,4,0,0,4
0,1,0,0,1
0,4,0,0,4
0,6,0,0,6
0,4,0,0,4
0,8,0,0,8
0,2,0,0,2
0,2,0,0,2
0,8,0,0,8
0,5,2,0,7
0,3,0,0,3
0,4,0,0,4
0,2,0,0,2
0,1,0,0,1
0,1,0,0,1
0,2,0,0,2
0,2,0,0,2
0,2,0,0,2
0,1,0,0,1
0,1,0,0,1
0,2,0,0,2
0,4,6,0,10
0,1,0,0,1
0,4,0,0,4
0,2,0,0,2
0,5,0,0,5
0,3,0,0,3
0,2,0,0,2
0,2,0,0,2
0,1,0,0,1
0,3,0,0,3
0,1,0,0,1
0,2,0,0,2
0,11,0,0,11
0,2,0,0,2
0,1,1,0,2
0,2,0,0,2
0,2,0,0,2
0,1,0,0,1
0,2,0,0,2
0,2,1,0,3
0,1,0,0,1
0,1,0,0,1
0,2,0,0,2
0,1,0,0,1
0,1,0,0,1
0,1,0,0,1
0,4,0,0,4
0,2,0,0,2
0,1,0,0,1
0,3,0,0,3
0,3,1,0,4
0,4,0,0,4
0,5,0,0,5
0,6,0,0,6
0,2,0,0,2
0,2,0,0,2
0,1,0,0,1
0,8,0,0,8
0,3,0,0,3
0,6,0,0,6
0,6,0,0,6
0,2,0,0,2
0,2,0,0,2
0,2,0,0,2
0,2,0,0,2
0,2,0,0,2
0,3,0,0,3
0,4,0,0,4
0,7,0,0,7
0,3,2,0,5
0,2,0,0,2
0,1,0,0,1
0,2,0,0,2
0,6,0,0,6
0,2,0,0,2
0,4,0,0,4
0,1,0,0,1
0,2,0,0,2
0,11,0,0,11
0,1,0,0,1
0,1,0,0,1
0,1,0,0,1
0,4,0,0,4
0,2,0,0,2
0,1,0,0,1
0,3,0,0,3
0,2,0,0,2
0,1,0,0,1
0,16,0,0,16
0,2,0,0,2
0,5,0,0,5
0,2,0,0,2
0,1,0,0,1
0,1,0,0,1
0,1,0,0,1
0,2,0,0,2
0,2,0,0,2
0,2,0,0,2
0,2,0,0,2
0,2,0,0,2
0,6,0,0,6
0,4,0,0,4
0,1,0,0,1
0,3,0,0,3
0,2,0,0,2
0,1,0,0,1
0,1,1,0,2
0,4,0,0,4
0,5,1,0,6
0,1,0,0,1
0,1,0,0,1
0,1,0,0,1
0,3,0,0,3
0,5,0,0,5
0,2,1,0,3
0,2,0,0,2
0,2,1,0,3
0,1,0,0,1
0,1,1,0,2
0,2,0,0,2
0,1,1,0,2
0,1,0,0,1
0,1,0,0,1
0,4,0,0,4
0,5,0,0,5
0,6,0,0,6
0,8,0,0,8
0,4,0,0,4
0,2,0,0,2
0,2,0,0,2
0,14,0,0,14
0,2,0,0,2
0,2,0,0,2
0,4,3,0,7
0,2,0,0,2
0,3,3,0,6
0,2,2,0,4
0,4,0,0,4
0,4,0,0,4
0,3,0,0,3
0,4,0,0,4
0,1,0,0,1
0,1,1,0,2
0,3,0,0,3
0,2,0,0,2
0,3,0,0,3
0,2,0,0,2
0,1,0,0,1
0,2,0,0,2
0,8,0,0,8
0,2,0,0,2
0,2,1,0,3
0,6,0,0,6
0,5,0,0,5
0,5,0,0,5
0,2,0,0,2
0,2,0,0,2
0,2,0,0,2
0,1,0,0,1
0,4,0,0,4
0,1,0,0,1
0,6,0,0,6
0,1,1,0,2
0,1,0,0,1
0,2,0,0,2
0,5,0,0,5
0,5,0,0,5
0,2,0,0,2
0,2,0,0,2
0,6,0,0,6
0,2,0,0,2
0,2,0,0,2
0,5,0,0,5
0,4,0,0,4
0,1,0,0,1
0,1,0,0,1
0,3,0,0,3
0,2,0,0,2
0,1,0,0,1
0,3,0,0,3
0,2,0,0,2
0,3,0,0,3
0,7,0,0,7
0,2,0,0,2
0,1,0,0,1
0,3,1,0,4
0,1,0,0,1
0,4,0,0,4
0,2,0,0,2
0,2,0,0,2
0,1,0,0,1
0,5,0,0,5
0,6,0,0,6
0,2,0,0,2
0,4,0,0,4
0,6,0,0,6
0,4,0,0,4
0,4,0,0,4
0,2,0,0,2
0,4,0,0,4
0,3,0,0,3
0,2,0,0,2
0,2,0,0,2
0,1,1,0,2
0,2,2,0,4
0,1,1,0,2
0,8,1,0,9
0,2,0,0,2
0,4,0,0,4
0,2,0,0,2
0,1,0,0,1
0,1,0,0,1
0,2,0,0,2
0,3,0,0,3
0,2,0,0,2
0,1,0,0,1
0,2,0,0,2
0,2,0,0,2
0,19,3,0,22
0,6,0,0,6
0,6,0,0,6
0,3,0,0,3
0,3,0,0,3
0,6,0,0,6
0,6,0,0,6
0,2,0,0,2
0,1,0,0,1
0,7,0,0,7
0,1,0,0,1
0,2,0,0,2
0,3,0,0,3
0,6,0,0,6
0,12,0,0,12
0,10,0,0,10
0,1,1,0,2
0,1,0,0,1
0,2,0,0,2
0,2,0,0,2
0,2,0,0,2
0,2,0,0,2
0,1,1,0,2
0,1,0,0,1
0,1,0,0,1
0,5,0,0,5
0,2,0,0,2
0,2,0,0,2
0,5,0,0,5
0,8,0,0,8
0,4,0,0,4
0,2,0,0,2
0,5,2,0,7
0,1,1,0,2
0,7,0,0,7
0,4,0,0,4
0,3,0,0,3
0,1,0,0,1
0,3,0,0,3
0,4,0,0,4
0,2,0,0,2
0,1,3,0,4
0,1,0,0,1
0,2,0,0,2
0,2,0,0,2
0,1,0,0,1
0,2,0,0,2
0,3,0,0,3
0,3,0,0,3
0,3,0,0,3
0,3,0,0,3
0,4,0,0,4
0,3,0,0,3
0,2,0,0,2
0,2,0,0,2
0,6,0,0,6
0,6,0,0,6
0,2,1,0,3
0,4,0,0,4
0,6,0,0,6
0,7,0,0,7
0,4,2,0,6
0,1,0,0,1
0,3,0,0,3
0,3,0,0,3
0,1,0,0,1
0,11,0,0,11
0,2,0,0,2
0,3,0,0,3
0,2,0,0,2
0,1,0,0,1
0,6,0,0,6
0,2,0,0,2
0,1,0,0,1
0,2,0,0,2
0,1,0,0,1
0,5,0,0,5
0,2,0,0,2
0,2,0,0,2
0,9,0,0,9
0,3,0,0,3
0,1,0,0,1
0,1,0,0,1
0,3,0,0,3
0,9,0,0,9
0,2,0,0,2
0,1,0,0,1
0,2,0,0,2
0,2,0,0,2
0,2,0,0,2
0,2,0,0,2
0,2,1,0,3
0,14,0,0,14
0,3,0,0,3
0,1,0,0,1
0,1,0,0,1
0,1,0,0,1
0,3,0,0,3
0,14,3,0,17
0,7,0,0,7
0,2,0,0,2
0,1,0,0,1
0,1,1,0,2
0,9,0,0,9
0,2,0,0,2
0,1,0,0,1
0,5,0,0,5
0,3,0,0,3
0,3,0,0,3
0,2,0,0,2
0,2,0,0,2
0,14,1,0,15
0,4,0,0,4
0,9,0,0,9
0,5,0,0,5
0,2,0,0,2
0,2,0,0,2
0,1,0,0,1
0,1,0,0,1
0,3,0,0,3
0,1,1,0,2
0,3,0,0,3
0,2,0,0,2
0,1,0,0,1
0,2,0,0,2
0,2,0,0,2
0,8,0,0,8
0,1,0,0,1
0,1,0,0,1
0,1,0,0,1
0,2,0,0,2
0,2,0,0,2
0,1,0,0,1
0,2,0,0,2
0,15,0,0,15
0,3,0,0,3
0,2,0,0,2
0,4,0,0,4
0,5,0,0,5
0,2,1,0,3
0,1,0,0,1
0,1,0,0,1
0,2,0,0,2
0,1,0,0,1
0,2,0,0,2
0,6,1,0,7
0,11,0,0,11
0,4,0,0,4
0,2,0,0,2
0,3,0,0,3
0,2,0,0,2
0,3,0,0,3
0,1,1,0,2
0,1,0,0,1
0,4,0,0,4
0,11,0,0,11
0,3,0,0,3
0,1,0,0,1
0,3,0,0,3
0,2,0,0,2
0,2,0,0,2
0,2,0,0,2
0,2,0,0,2
0,1,0,0,1
0,3,0,0,3
0,1,0,0,1
0,7,0,0,7
0,1,1,0,2
0,7,1,0,8
0,4,0,0,4
0,2,0,0,2
0,5,0,0,5
0,1,0,0,1
0,1,0,0,1
0,3,0,0,3
0,4,0,0,4
0,2,0,0,2
0,4,2,0,6
0,3,0,0,3
0,1,0,0,1
0,2,0,0,2
0,2,0,0,2
0,3,0,0,3
0,9,0,0,9
0,2,0,0,2
0,7,0,0,7
0,2,0,0,2
0,2,0,0,2
0,2,1,0,3
0,3,0,0,3
0,3,0,0,3
0,1,0,0,1
0,3,0,0,3
0,7,0,0,7
0,2,1,0,3
0,2,0,0,2
0,4,0,0,4
0,5,0,0,5
0,5,1,0,6
0,5,0,0,5
0,1,0,0,1
0,2,0,0,2
0,1,0,0,1
0,2,0,0,2
0,2,0,0,2
0,2,0,0,2
0,6,0,0,6
0,2,0,0,2
0,2,0,0,2
0,1,1,0,2
0,1,0,0,1
0,4,0,0,4
0,1,1,0,2
0,4,0,0,4
0,2,0,0,2
0,2,0,0,2
0,3,0,0,3
0,1,0,0,1
0,3,0,0,3
0,3,0,0,3
0,2,0,0,2
0,1,0,0,1
0,4,0,0,4
0,8,0,0,8
0,2,0,0,2
0,1,0,0,1
0,1,0,0,1
0,2,0,0,2
0,5,0,0,5
0,1,0,0,1
0,4,2,0,6
0,2,0,0,2
0,2,0,0,2
0,2,0,0,2
0,1,0,0,1
0,6,0,0,6
0,2,0,0,2
0,6,6,0,12
0,6,0,0,6
0,8,0,0,8
0,7,0,0,7
0,2,0,0,2
0,2,0,0,2
0,2,0,0,2
0,2,0,0,2
0,2,0,0,2
0,6,0,0,6
0,2,0,0,2
0,1,0,0,1
0,1,1,0,2
0,3,1,0,4
0,1,1,0,2
0,2,0,0,2
0,4,0,0,4
0,6,0,0,6
0,1,0,0,1
0,3,0,0,3
0,3,0,0,3
0,2,0,0,2
0,1,0,0,1
0,1,1,0,2
0,1,0,0,1
0,4,0,0,4
0,1,0,0,1
0,1,0,0,1
0,4,0,0,4
0,3,0,0,3
0,12,0,0,12
0,1,0,0,1
0,2,0,0,2
0,3,0,0,3
0,3,0,0,3
0,1,0,0,1
0,3,0,0,3
0,2,0,0,2
0,2,0,0,2
0,2,0,0,2
0,2,0,0,2
0,2,0,0,2
0,4,0,0,4
0,2,0,0,2
0,2,0,0,2
0,4,0,0,4
0,3,0,0,3
0,3,0,0,3
0,3,0,0,3
0,3,0,0,3
0,2,0,0,2
0,4,1,0,5
0,3,0,0,3
0,4,0,0,4
0,3,0,0,3
0,4,0,0,4
0,5,0,0,5
0,10,0,0,10
0,1,1,0,2
0,2,0,0,2
0,2,0,0,2
0,2,0,0,2
0,1,0,0,1
0,1,0,0,1
0,3,1,0,4
0,1,0,0,1
0,2,0,0,2
0,6,0,0,6
0,1,0,0,1
0,2,0,0,2
0,2,0,0,2
0,1,0,0,1
0,6,0,0,6
0,1,0,0,1
0,1,1,0,2
0,1,0,0,1
0,2,0,0,2
0,3,0,0,3
0,1,0,0,1
0,1,12,0,13
0,1,0,0,1
0,2,0,0,2
0,3,0,0,3
0,10,0,0,10
0,3,0,0,3
0,5,0,0,5
0,2,0,0,2
0,2,0,0,2
0,2,0,0,2
0,1,0,0,1
0,4,0,0,4
0,1,0,0,1
0,1,0,0,1
0,12,0,0,12
0,2,2,0,4
0,1,0,0,1
0,1,0,0,1
0,1,1,0,2
0,1,0,0,1
0,1,0,0,1
0,3,0,0,3
0,2,0,0,2
0,1,0,0,1
0,2,0,0,2
0,10,0,0,10
0,11,0,0,11
0,1,1,0,2
0,3,2,0,5
0,1,1,0,2
0,7,0,0,7
0,2,3,0,5
0,6,1,0,7
0,3,0,0,3
0,2,0,0,2
0,1,1,0,2
0,2,0,0,2
0,4,0,0,4
0,1,0,0,1
0,4,0,0,4
0,2,0,0,2
0,1,0,0,1
0,4,0,0,4
0,1,0,0,1
0,2,0,0,2
0,11,0,0,11
0,12,0,0,12
0,3,0,0,3
0,1,0,0,1
0,3,0,0,3
0,1,0,0,1
0,1,0,0,1
0,6,0,0,6
0,3,0,0,3
0,3,0,0,3
0,3,0,0,3
0,1,0,0,1
0,3,0,0,3
0,3,0,0,3
0,7,2,0,9
0,3,0,0,3
0,3,0,0,3
0,3,0,0,3
0,5,0,0,5
0,2,0,0,2
0,8,0,0,8
0,4,0,0,4
0,3,0,0,3
0,3,1,0,4
0,3,1,0,4
0,10,0,0,10
0,1,0,0,1
0,2,0,0,2
0,1,0,0,1
0,2,0,0,2
0,5,12,0,17
0,1,0,0,1
0,2,0,0,2
0,1,0,0,1
0,1,0,0,1
0,3,0,0,3
0,1,0,0,1
0,1,0,0,1
0,1,0,0,1
0,3,0,0,3
0,2,0,0,2
0,6,0,0,6
0,2,0,0,2
0,3,0,0,3
0,2,0,0,2
0,3,0,0,3
0,1,0,0,1
0,1,0,0,1
0,2,0,0,2
0,3,0,0,3
0,1,0,0,1
0,1,0,0,1
0,2,0,0,2
0,2,0,0,2
0,2,0,0,2
0,4,0,0,4
0,4,0,0,4
0,1,0,0,1
0,4,0,0,4
0,4,0,0,4
0,4,0,0,4
0,2,0,0,2
0,1,0,0,1
0,2,0,0,2
0,4,0,0,4
0,2,0,0,2
0,7,1,0,8
0,2,0,0,2
0,7,0,0,7
0,3,0,0,3
0,1,0,0,1
0,1,0,0,1
0,2,1,0,3
0,2,1,0,3
0,1,0,0,1
0,4,1,0,5
0,1,1,0,2
0,1,0,0,1
0,2,0,0,2
0,1,0,0,1
0,1,0,0,1
0,1,1,0,2
0,2,0,0,2
0,2,3,0,5
0,1,0,0,1
0,1,1,0,2
0,1,0,0,1
0,1,1,0,2
0,1,0,0,1
0,2,0,0,2
0,2,0,0,2
0,3,3,0,6
0,2,0,0,2
0,4,0,0,4
0,4,0,0,4
0,5,0,0,5
0,2,0,0,2
0,2,0,0,2
0,1,0,0,1
0,2,0,0,2
0,2,0,0,2
0,1,0,0,1
0,2,0,0,2
0,2,0,0,2
0,5,1,0,6
0,2,0,0,2
0,1,0,0,1
0,2,0,0,2
0,2,0,0,2
0,4,0,0,4
0,2,0,0,2
0,14,0,0,14
0,3,0,0,3
0,3,0,0,3
0,2,0,0,2
0,2,0,0,2
0,2,0,0,2
0,3,0,0,3
0,2,0,0,2
0,2,0,0,2
0,1,0,0,1
0,1,0,0,1
0,2,0,0,2
0,1,0,0,1
0,2,0,0,2
0,1,0,0,1
0,3,0,0,3
0,9,1,0,10
0,5,0,0,5
0,2,0,0,2
0,2,0,0,2
0,2,0,0,2
0,4,0,0,4
0,4,0,0,4
0,6,0,0,6
0,1,0,0,1
0,3,0,0,3
0,2,0,0,2
0,1,0,0,1
0,1,0,0,1
0,2,0,0,2
0,1,0,0,1
0,1,1,0,2
0,4,1,0,5
0,4,1,0,5
0,5,0,0,5
0,1,0,0,1
0,1,0,0,1
0,3,0,0,3
0,1,0,0,1
0,2,0,0,2
0,2,0,0,2
0,2,1,0,3
0,2,0,0,2
0,1,0,0,1
0,10,0,0,10
0,1,0,0,1
0,1,0,0,1
0,3,0,0,3
0,14,0,0,14
0,8,0,0,8
0,4,0,0,4
0,4,1,0,5
0,2,0,0,2
0,4,0,0,4
0,4,0,0,4
0,1,0,0,1
0,1,0,0,1
0,5,0,0,5
0,2,0,0,2
0,4,0,0,4
0,1,3,0,4
0,12,0,0,12
0,4,0,0,4
0,4,0,0,4
0,2,1,0,3
0,3,0,0,3
0,6,0,0,6
0,2,0,0,2
0,4,0,0,4
0,2,0,0,2
0,6,1,0,7
0,6,1,0,7
0,1,0,0,1
0,1,0,0,1
0,1,1,0,2
0,3,0,0,3
0,2,0,0,2
0,2,0,0,2
0,14,2,0,16
0,3,0,0,3
0,6,0,0,6
0,1,0,0,1
0,4,0,0,4
0,2,0,0,2
0,2,0,0,2
0,1,0,0,1
0,2,0,0,2
0,1,0,0,1
0,1,0,0,1
0,2,0,0,2
0,1,0,0,1
0,2,0,0,2
0,6,0,0,6
0,2,0,0,2
0,2,0,0,2
0,3,0,0,3
0,3,0,0,3
0,3,0,0,3
0,2,0,0,2
0,1,1,0,2
0,2,0,0,2
0,4,0,0,4
0,2,0,0,2
0,2,0,0,2
0,2,0,0,2
0,2,0,0,2
0,2,0,0,2
0,3,0,0,3
0,2,1,0,3
0,8,0,0,8
0,1,0,0,1
0,5,0,0,5
0,2,0,0,2
0,1,0,0,1
0,3,0,0,3
0,2,0,0,2
0,2,0,0,2
0,3,0,0,3
0,4,0,0,4
0,2,0,0,2
0,4,0,0,4
0,1,0,0,1
0,4,0,0,4
0,3,0,0,3
0,2,0,0,2
0,5,0,0,5
0,1,0,0,1
0,1,0,0,1
0,1,1,0,2
0,1,0,0,1
0,2,0,0,2
0,3,0,0,3
0,2,0,0,2
0,2,0,0,2
0,1,0,0,1
0,1,0,0,1
0,2,0,0,2
0,1,1,0,2
0,1,0,0,1
0,1,0,0,1
0,3,0,0,3
0,5,0,0,5
0,1,0,0,1
0,2,0,0,2
0,2,0,0,2
0,2,1,0,3
0,2,0,0,2
0,4,0,0,4
0,9,0,0,9
0,1,0,0,1
0,3,0,0,3
0,7,0,0,7
0,1,1,0,2
0,3,0,0,3
0,3,0,0,3
0,3,1,0,4
0,1,0,0,1
0,1,0,0,1
0,2,0,0,2
0,3,0,0,3
0,3,0,0,3
0,8,0,0,8
0,4,0,0,4
0,2,0,0,2
0,1,0,0,1
0,2,3,0,5
0,1,0,0,1
0,2,0,0,2
0,1,0,0,1
0,2,0,0,2
0,3,0,0,3
0,3,0,0,3
0,2,0,0,2
0,1,0,0,1
0,2,0,0,2
0,2,0,0,2
0,4,0,0,4
0,2,0,0,2
0,1,1,0,2
0,2,0,0,2
0,2,0,0,2
0,4,0,0,4
0,5,0,0,5
0,2,0,0,2
0,2,0,0,2
0,4,0,0,4
0,4,0,0,4
0,3,2,0,5
0,4,0,0,4
0,3,0,0,3
0,3,0,0,3
0,6,0,0,6
0,1,0,0,1
0,1,1,0,2
0,7,0,0,7
0,7,0,0,7
0,5,0,0,5
0,2,0,0,2
0,2,0,0,2
0,3,3,0,6
0,3,0,0,3
0,2,0,0,2
0,8,0,0,8
0,2,0,0,2
0,1,0,0,1
0,2,0,0,2
0,3,0,0,3
0,1,0,0,1
0,2,0,0,2
0,1,0,0,1
0,2,0,0,2
0,8,0,0,8
0,1,0,0,1
0,2,0,0,2
0,3,0,0,3
0,2,0,0,2
0,1,0,0,1
0,2,0,0,2
0,2,0,0,2
0,1,1,0,2
0,6,0,0,6
0,3,0,0,3
0,1,1,0,2
0,2,0,0,2
0,2,0,0,2
0,1,0,0,1
0,1,0,0,1
0,3,0,0,3
0,3,0,0,3
0,1,1,0,2
0,2,0,0,2
0,2,0,0,2
0,5,0,0,5
0,4,0,0,4
0,2,0,0,2
0,1,0,0,1
0,2,0,0,2
0,2,0,0,2
0,1,0,0,1
0,1,0,0,1
0,2,0,0,2
0,2,0,0,2
0,3,0,0,3
0,2,0,0,2
0,1,0,0,1
0,3,0,0,3
0,4,0,0,4
0,3,0,0,3
0,3,0,0,3
0,2,0,0,2
0,4,0,0,4
0,2,0,0,2
0,2,0,0,2
0,4,0,0,4
0,1,0,0,1
0,3,0,0,3
0,2,0,0,2
0,2,0,0,2
0,2,0,0,2
0,2,1,0,3
0,1,1,0,2
0,1,0,0,1
0,3,0,0,3
0,1,0,0,1
0,4,2,0,6
0,3,0,0,3
0,2,1,0,3
0,2,0,0,2
0,1,0,0,1
0,4,0,0,4
0,6,0,0,6
0,3,0,0,3
0,3,0,0,3
0,3,0,0,3
0,1,1,0,2
0,4,0,0,4
0,1,1,0,2
0,1,0,0,1
0,1,0,0,1
0,4,0,0,4
0,3,0,0,3
0,2,1,0,3
0,6,0,0,6
0,2,0,0,2
0,1,0,0,1
0,4,0,0,4
0,4,0,0,4
0,3,0,0,3
0,2,0,0,2
0,2,0,0,2
0,5,0,0,5
0,6,0,0,6
0,12,0,0,12
0,2,0,0,2
0,2,0,0,2
0,5,0,0,5
0,3,0,0,3
0,3,0,0,3
0,5,0,0,5
0,2,0,0,2
0,4,0,0,4
0,10,0,0,10
0,5,0,0,5
0,3,0,0,3
0,3,0,0,3
0,4,0,0,4
0,1,0,0,1
0,7,0,0,7
0,5,0,0,5
0,2,0,0,2
0,1,1,0,2
0,1,0,0,1
0,6,0,0,6
0,3,0,0,3
0,1,0,0,1
0,1,0,0,1
0,1,1,0,2
0,1,1,0,2
0,1,1,0,2
0,2,0,0,2
0,1,0,0,1
0,6,0,0,6
0,1,1,0,2
0,2,0,0,2
0,6,0,0,6
0,7,0,0,7
0,2,0,0,2
0,2,0,0,2
0,8,0,0,8
0,2,0,0,2
0,7,0,0,7
0,7,0,0,7
0,5,0,0,5
0,3,0,0,3
0,3,0,0,3
0,2,1,0,3
0,4,0,0,4
0,4,0,0,4
0,4,0,0,4
0,2,0,0,2
0,1,0,0,1
0,2,0,0,2
0,6,0,0,6
0,5,0,0,5
0,5,0,0,5
0,1,0,0,1
0,1,0,0,1
0,7,1,0,8
0,2,0,0,2
0,4,0,0,4
0,5,0,0,5
0,1,0,0,1
0,3,0,0,3
0,1,0,0,1
0,2,0,0,2
0,2,1,0,3
0,2,0,0,2
0,2,0,0,2
0,2,1,0,3
0,2,0,0,2
0,2,0,0,2
0,4,0,0,4
0,2,0,0,2
0,1,1,0,2
0,6,0,0,6
0,4,0,0,4
0,2,0,0,2
0,1,0,0,1
0,2,0,0,2
0,3,0,0,3
0,2,5,0,7
0,2,0,0,2
0,2,4,0,6
0,4,0,0,4
0,2,2,0,4
0,5,0,0,5
0,1,0,0,1
0,1,0,0,1
0,2,1,0,3
0,4,0,0,4
0,4,2,0,6
0,3,0,0,3
0,2,0,0,2
0,1,1,0,2
0,1,0,0,1
0,1,0,0,1
0,3,0,0,3
0,3,0,0,3
0,1,0,0,1
0,1,0,0,1
0,6,0,0,6
0,4,0,0,4
0,14,0,0,14
0,2,0,0,2
0,2,0,0,2
0,6,0,0,6
0,1,0,0,1
0,4,0,0,4
0,4,0,0,4
0,9,0,0,9
0,1,0,0,1
0,2,0,0,2
0,4,0,0,4
0,2,0,0,2
0,3,0,0,3
0,4,0,0,4
0,7,0,0,7
0,2,0,0,2
0,2,0,0,2
0,1,0,0,1
0,2,0,0,2
0,3,0,0,3
0,1,0,0,1
0,2,0,0,2
0,1,0,0,1
0,7,0,0,7
0,2,0,0,2
0,7,0,0,7
0,8,0,0,8
0,4,0,0,4
0,1,0,0,1
0,3,0,0,3
0,1,0,0,1
0,2,0,0,2
0,3,0,0,3
0,3,0,0,3
0,2,0,0,2
0,2,1,0,3
0,2,0,0,2
0,6,0,0,6
0,1,0,0,1
0,2,0,0,2
0,3,0,0,3
0,3,0,0,3
0,3,0,0,3
0,2,0,0,2
0,2,0,0,2
0,7,0,0,7
0,8,0,0,8
0,2,0,0,2
0,2,0,0,2
0,2,0,0,2
0,4,0,0,4
0,4,0,0,4
0,1,0,0,1
0,1,0,0,1
0,9,0,0,9
0,2,0,0,2
0,17,0,0,17
0,2,0,0,2
0,3,0,0,3
0,2,0,0,2
0,6,0,0,6
0,5,0,0,5
0,6,0,0,6
0,4,0,0,4
0,1,1,0,2
0,1,0,0,1
0,3,0,0,3
0,2,0,0,2
0,2,0,0,2
0,2,0,0,2
0,1,0,0,1
0,1,0,0,1
0,7,0,0,7
0,4,0,0,4
0,4,0,0,4
0,3,0,0,3
0,1,1,0,2
0,1,0,0,1
0,2,0,0,2
0,3,0,0,3
0,5,0,0,5
0,1,0,0,1
0,2,0,0,2
0,2,0,0,2
0,3,0,0,3
0,5,0,0,5
0,4,0,0,4
0,1,0,0,1
0,2,0,0,2
0,7,0,0,7
0,11,0,0,11
0,1,1,0,2
0,1,0,0,1
0,5,0,0,5
0,4,0,0,4
0,4,1,0,5
0,2,2,0,4
0,1,0,0,1
0,1,0,0,1
0,2,0,0,2
0,2,0,0,2
0,4,0,0,4
0,3,0,0,3
0,2,0,0,2
0,3,0,0,3
0,4,0,0,4
0,1,0,0,1
0,2,1,0,3
0,2,1,0,3
0,6,0,0,6
0,1,0,0,1
0,1,0,0,1
0,1,0,0,1
0,1,0,0,1
0,1,0,0,1
0,5,0,0,5
0,3,0,0,3
0,2,0,0,2
0,3,0,0,3
0,3,0,0,3
0,2,0,0,2
0,1,0,0,1
0,1,0,0,1
0,1,1,0,2
0,1,0,0,1
0,23,1,0,24
0,1,2,0,3
0,5,0,0,5
0,4,0,0,4
0,5,0,0,5
0,2,0,0,2
0,8,0,0,8
0,2,0,0,2
0,2,0,0,2
0,3,0,0,3
0,14,0,0,14
0,5,0,0,5
0,1,1,0,2
0,1,0,0,1
0,5,1,0,6
0,3,0,0,3
0,4,0,0,4
0,2,3,0,5
0,2,0,0,2
0,11,0,0,11
0,8,0,0,8
0,1,0,0,1
0,1,0,0,1
0,1,1,0,2
0,4,0,0,4
0,4,0,0,4
0,1,1,0,2
0,4,0,0,4
0,3,0,0,3
0,10,0,0,10
0,4,0,0,4
0,4,0,0,4
0,2,0,0,2
0,3,0,0,3
0,3,0,0,3
0,1,1,0,2
0,1,0,0,1
0,3,0,0,3
0,1,1,0,2
0,1,0,0,1
0,2,0,0,2
0,3,0,0,3
0,1,1,0,2
0,1,2,0,3
0,1,1,0,2
0,6,0,0,6
0,1,0,0,1
0,3,0,0,3
0,2,0,0,2
0,4,0,0,4
0,3,0,0,3
0,2,0,0,2
0,6,0,0,6
0,6,0,0,6
0,3,0,0,3
0,1,0,0,1
0,1,1,0,2
0,10,0,0,10
0,2,0,0,2
0,4,0,0,4
0,2,0,0,2
0,1,0,0,1
0,3,0,0,3
0,1,0,0,1
0,1,1,0,2
0,4,1,0,5
0,5,0,0,5
0,2,0,0,2
0,2,0,0,2
0,2,0,0,2
0,2,1,0,3
0,2,0,0,2
0,4,0,0,4
0,6,0,0,6
0,3,0,0,3
0,3,0,0,3
0,2,2,0,4
0,1,0,0,1
0,4,0,0,4
0,4,0,0,4
0,2,0,0,2
0,1,0,0,1
0,2,0,0,2
0,2,0,0,2
0,2,0,0,2
0,2,0,0,2
0,1,0,0,1
0,1,1,0,2
0,4,0,0,4
0,2,0,0,2
0,1,0,0,1
0,1,0,0,1
0,4,2,0,6
0,5,2,0,7
0,5,0,0,5
0,2,0,0,2
0,2,0,0,2
0,2,0,0,2
0,3,0,0,3
0,4,1,0,5
0,1,1,0,2
0,1,0,0,1
0,12,0,0,12
0,1,1,0,2
0,1,0,0,1
0,4,0,0,4
0,1,0,0,1
0,4,0,0,4
0,3,0,0,3
0,7,0,0,7
0,6,0,0,6
0,2,0,0,2
0,2,0,0,2
0,1,0,0,1
0,2,0,0,2
0,1,0,0,1
0,3,0,0,3
0,3,0,0,3
0,10,0,0,10
0,1,1,0,2
0,3,3,0,6
0,3,0,0,3
0,6,0,0,6
0,2,0,0,2
0,2,1,0,3
0,2,0,0,2
0,2,0,0,2
0,2,0,0,2
0,1,0,0,1
0,1,1,0,2
0,3,0,0,3
0,3,0,0,3
0,2,0,0,2
0,2,0,0,2
0,5,0,0,5
0,12,0,0,12
0,3,1,0,4
0,2,0,0,2
0,2,0,0,2
0,4,0,0,4
0,3,0,0,3
0,1,0,0,1
0,4,0,0,4
0,2,0,0,2
0,4,0,0,4
0,1,1,0,2
0,2,0,0,2
0,1,0,0,1
0,1,0,0,1
0,3,0,0,3
0,4,1,0,5
0,1,0,0,1
0,2,1,0,3
0,1,1,0,2
0,3,0,0,3
0,2,0,0,2
0,2,0,0,2
0,3,1,0,4
0,2,0,0,2
0,1,0,0,1
0,2,0,0,2
0,3,0,0,3
0,6,0,0,6
0,1,0,0,1
0,1,0,0,1
0,3,0,0,3
0,2,1,0,3
0,2,0,0,2
0,1,0,0,1
0,5,0,0,5
0,2,0,0,2
0,2,0,0,2
0,6,0,0,6
0,6,0,0,6
0,2,0,0,2
0,2,0,0,2
0,2,0,0,2
0,3,0,0,3
0,4,1,0,5
0,2,0,0,2
0,5,0,0,5
0,2,0,0,2
0,1,0,0,1
0,2,0,0,2
0,2,0,0,2
0,4,3,0,7
0,6,0,0,6
0,1,0,0,1
0,2,0,0,2
0,2,0,0,2
0,10,0,0,10
0,8,0,0,8
0,1,0,0,1
0,1,0,0,1
0,2,0,0,2
0,4,0,0,4
0,7,0,0,7
0,3,0,0,3
0,2,0,0,2
0,3,0,0,3
0,1,0,0,1
0,2,0,0,2
0,1,0,0,1
0,1,0,0,1
0,2,0,0,2
0,1,0,0,1
0,1,2,0,3
0,4,0,0,4
0,8,0,0,8
0,2,0,0,2
0,1,0,0,1
0,1,0,0,1
0,8,0,0,8
0,5,0,0,5
0,1,0,0,1
0,2,0,0,2
0,1,0,0,1
0,1,0,0,1
0,2,0,0,2
0,2,0,0,2
0,3,0,0,3
0,1,0,0,1
0,2,0,0,2
0,1,0,0,1
0,4,0,0,4
0,6,0,0,6
0,2,0,0,2
0,3,0,0,3
0,8,0,0,8
0,4,0,0,4
0,2,0,0,2
0,1,0,0,1
0,4,0,0,4
0,2,0,0,2
0,2,0,0,2
0,9,1,0,10
0,8,2,0,10
0,4,1,0,5
0,2,0,0,2
0,3,0,0,3
0,3,0,0,3
0,2,0,0,2
0,2,0,0,2
0,1,0,0,1
0,5,0,0,5
0,5,1,0,6
0,6,0,0,6
0,6,0,0,6
0,4,0,0,4
0,1,0,0,1
0,2,0,0,2
0,2,2,0,4
0,2,2,0,4
0,2,0,0,2
0,2,0,0,2
0,4,0,0,4
0,5,0,0,5
0,7,0,0,7
0,1,0,0,1
0,2,0,0,2
0,2,0,0,2
0,1,0,0,1
0,3,0,0,3
0,2,0,0,2
0,6,0,0,6
0,8,0,0,8
0,1,0,0,1
0,1,0,0,1
0,1,0,0,1
0,3,0,0,3
0,3,0,0,3
0,2,1,0,3
0,2,0,0,2
0,1,1,0,2
0,1,0,0,1
0,2,0,0,2
0,1,2,0,3
0,2,0,0,2
0,8,0,0,8
0,1,0,0,1
0,2,0,0,2
0,2,0,0,2
0,3,0,0,3
0,1,0,0,1
0,1,0,0,1
0,2,0,0,2
0,3,0,0,3
0,7,0,0,7
0,2,0,0,2
0,2,0,0,2
0,2,0,0,2
0,2,0,0,2
0,2,0,0,2
0,1,0,0,1
0,2,0,0,2
0,4,0,0,4
0,2,0,0,2
0,1,0,0,1
0,2,0,0,2
0,1,0,0,1
0,1,0,0,1
0,2,0,0,2
0,2,0,0,2
0,9,0,0,9
0,1,1,0,2
0,6,0,0,6
0,4,0,0,4
0,4,0,0,4
0,3,0,0,3
0,1,0,0,1
0,1,0,0,1
0,2,0,0,2
0,9,0,0,9
0,2,0,0,2
0,2,0,0,2
0,3,0,0,3
0,3,0,0,3
0,1,0,0,1
0,3,0,0,3
0,4,0,0,4
0,2,0,0,2
0,5,0,0,5
0,4,0,0,4
0,1,0,0,1
0,1,0,0,1
0,3,0,0,3
0,2,0,0,2
0,8,0,0,8
0,6,0,0,6
0,5,1,0,6
0,10,0,0,10
0,4,0,0,4
0,1,1,0,2
0,2,0,0,2
0,2,0,0,2
0,2,0,0,2
0,4,0,0,4
0,1,0,0,1
0,1,0,0,1
0,4,1,0,5
0,6,0,0,6
0,2,0,0,2
0,2,0,0,2
0,2,0,0,2
0,1,0,0,1
0,2,2,0,4
0,2,0,0,2
0,1,1,0,2
0,1,0,0,1
0,3,0,0,3
0,3,0,0,3
0,2,0,0,2
0,3,0,0,3
0,5,0,0,5
0,2,0,0,2
0,2,0,0,2
0,1,1,0,2
0,4,1,0,5
0,1,0,0,1
0,2,0,0,2
0,2,0,0,2
0,4,0,0,4
0,4,0,0,4
0,4,0,0,4
0,1,0,0,1
0,2,0,0,2
0,2,0,0,2
0,2,0,0,2
0,2,0,0,2
0,2,0,0,2
0,6,0,0,6
0,1,0,0,1
0,3,4,0,7
0,3,0,0,3
0,4,0,0,4
0,2,0,0,2
0,2,0,0,2
0,2,0,0,2
0,3,0,0,3
0,4,0,0,4
0,5,0,0,5
0,4,0,0,4
0,2,0,0,2
0,2,0,0,2
0,4,0,0,4
0,10,6,0,16
0,1,0,0,1
0,3,0,0,3
0,5,0,0,5
0,2,0,0,2
0,2,0,0,2
0,1,0,0,1
0,3,1,0,4
0,3,0,0,3
0,4,0,0,4
0,2,0,0,2
0,1,1,0,2
0,1,0,0,1
0,4,0,0,4
0,1,1,0,2
0,7,0,0,7
0,1,0,0,1
0,1,1,0,2
0,6,0,0,6
0,2,0,0,2
0,1,0,0,1
0,2,0,0,2
0,3,0,0,3
0,2,0,0,2
0,3,0,0,3
0,2,0,0,2
0,5,0,0,5
0,3,0,0,3
0,1,1,0,2
0,1,0,0,1
0,1,0,0,1
0,1,0,0,1
0,5,0,0,5
0,2,0,0,2
0,1,1,0,2
0,3,0,0,3
0,2,0,0,2
0,1,0,0,1
0,2,0,0,2
0,2,0,0,2
0,3,0,0,3
0,1,0,0,1
0,2,0,0,2
0,3,0,0,3
0,4,0,0,4
0,3,0,0,3
0,4,0,0,4
0,2,0,0,2
0,1,0,0,1
0,1,0,0,1
0,5,0,0,5
0,1,0,0,1
0,1,0,0,1
0,2,0,0,2
0,2,0,0,2
0,1,1,0,2
0,4,7,0,11
0,1,1,0,2
0,8,0,0,8
0,2,0,0,2
0,2,0,0,2
0,4,0,0,4
0,2,0,0,2
0,1,0,0,1
0,6,0,0,6
0,1,1,0,2
0,1,0,0,1
0,1,1,0,2
0,1,0,0,1
0,4,0,0,4
0,3,0,0,3
0,1,0,0,1
0,2,0,0,2
0,2,0,0,2
0,2,0,0,2
0,1,1,0,2
0,2,0,0,2
0,2,0,0,2
0,2,0,0,2
0,2,0,0,2
0,2,0,0,2
0,1,0,0,1
0,8,1,0,9
0,6,1,0,7
0,1,0,0,1
0,4,0,0,4
0,1,0,0,1
0,2,0,0,2
0,1,0,0,1
0,2,0,0,2
0,2,0,0,2
0,2,0,0,2
0,4,1,0,5
0,3,0,0,3
0,4,0,0,4
0,8,0,0,8
0,3,0,0,3
0,9,0,0,9
0,4,0,0,4
0,4,0,0,4
0,1,0,0,1
0,2,0,0,2
0,2,0,0,2
0,3,0,0,3
0,2,0,0,2
0,2,0,0,2
0,2,0,0,2
0,2,0,0,2
0,1,0,0,1
0,2,0,0,2
0,2,1,0,3
0,1,0,0,1
0,4,0,0,4
0,2,0,0,2
0,2,0,0,2
0,2,0,0,2
0,3,0,0,3
0,2,0,0,2
0,2,0,0,2
0,2,0,0,2
0,1,0,0,1
0,1,1,0,2
0,2,0,0,2
0,2,0,0,2
0,5,0,0,5
0,1,0,0,1
0,4,0,0,4
0,4,0,0,4
0,1,0,0,1
0,1,0,0,1
0,3,0,0,3
0,1,0,0,1
0,1,0,0,1
0,1,0,0,1
0,2,0,0,2
0,2,0,0,2
0,2,0,0,2
0,2,0,0,2
0,1,0,0,1
0,2,0,0,2
0,5,0,0,5
0,4,0,0,4
0,4,0,0,4
0,2,0,0,2
0,1,0,0,1
0,7,0,0,7
0,1,0,0,1
0,15,0,0,15
0,1,0,0,1
0,1,1,0,2
0,1,0,0,1
0,3,2,0,5
0,2,0,0,2
0,2,0,0,2
0,2,0,0,2
0,3,0,0,3
0,3,0,0,3
0,3,0,0,3
0,2,0,0,2
0,4,0,0,4
0,1,2,0,3
0,2,0,0,2
0,3,0,0,3
0,3,0,0,3
0,1,0,0,1
0,1,0,0,1
0,7,0,0,7
0,5,0,0,5
0,1,0,0,1
0,2,0,0,2
0,5,0,0,5
0,1,0,0,1
0,4,0,0,4
0,4,0,0,4
0,1,0,0,1
0,8,0,0,8
0,9,0,0,9
0,4,0,0,4
0,4,0,0,4
0,2,0,0,2
0,2,0,0,2
0,1,0,0,1
0,2,0,0,2
0,4,1,0,5
0,2,0,0,2
0,1,0,0,1
0,1,0,0,1
0,1,0,0,1
0,2,0,0,2
0,2,0,0,2
0,4,0,0,4
0,7,0,0,7
0,6,0,0,6
0,3,0,0,3
0,3,0,0,3
0,9,0,0,9
0,2,0,0,2
0,2,0,0,2
0,2,0,0,2
0,9,0,0,9
0,3,0,0,3
0,2,0,0,2
0,2,0,0,2
0,1,0,0,1
0,2,0,0,2
0,4,0,0,4
0,5,0,0,5
0,1,0,0,1
0,2,0,0,2
0,2,0,0,2
0,8,0,0,8
0,4,0,0,4
0,2,0,0,2
0,4,0,0,4
0,1,0,0,1
0,1,2,0,3
0,1,0,0,1
0,3,0,0,3
0,3,0,0,3
0,3,0,0,3
0,1,1,0,2
0,4,0,0,4
0,2,0,0,2
0,1,1,0,2
0,1,0,0,1
0,3,1,0,4
0,1,0,0,1
0,3,0,0,3
0,3,0,0,3
0,2,0,0,2
0,6,0,0,6
0,2,0,0,2
0,1,0,0,1
0,1,0,0,1
0,2,0,0,2
0,2,0,0,2
0,3,1,0,4
0,3,0,0,3
0,3,0,0,3
0,1,0,0,1
0,5,0,0,5
0,3,0,0,3
0,2,0,0,2
0,1,0,0,1
0,1,1,0,2
0,2,0,0,2
0,2,0,0,2
0,2,0,0,2
0,3,0,0,3
0,1,0,0,1
0,5,0,0,5
0,1,0,0,1
0,5,0,0,5
0,5,0,0,5
0,5,0,0,5
0,1,0,0,1
0,1,0,0,1
0,1,2,0,3
0,5,0,0,5
0,5,0,0,5
0,8,0,0,8
0,1,0,0,1
0,5,7,0,12
0,1,0,0,1
0,1,0,0,1
0,4,0,0,4
0,4,0,0,4
0,1,1,0,2
0,1,1,0,2
0,1,0,0,1
0,2,0,0,2
0,4,0,0,4
0,1,1,0,2
0,1,0,0,1
0,3,0,0,3
0,6,0,0,6
0,7,0,0,7
0,1,1,0,2
0,1,0,0,1
0,4,0,0,4
0,4,0,0,4
0,8,0,0,8
0,2,0,0,2
0,6,0,0,6
0,4,0,0,4
0,4,0,0,4
0,5,0,0,5
0,3,0,0,3
0,4,0,0,4
0,1,0,0,1
0,12,0,0,12
0,2,2,0,4
0,1,0,0,1
0,2,0,0,2
0,2,0,0,2
0,1,1,0,2
0,2,0,0,2
0,2,0,0,2
0,1,0,0,1
0,9,8,0,17
0,3,0,0,3
0,4,0,0,4
0,7,0,0,7
0,3,0,0,3
0,3,0,0,3
0,1,0,0,1
0,1,0,0,1
0,2,0,0,2
0,1,0,0,1
0,2,1,0,3
0,2,0,0,2
0,2,0,0,2
0,6,0,0,6
0,3,0,0,3
0,2,0,0,2
0,7,0,0,7
0,9,0,0,9
0,1,0,0,1
0,5,0,0,5
0,2,0,0,2
0,1,2,0,3
0,1,0,0,1
0,3,0,0,3
0,4,0,0,4
0,3,0,0,3
0,2,0,0,2
0,2,0,0,2
0,3,0,0,3
0,1,0,0,1
0,2,0,0,2
0,2,1,0,3
0,4,0,0,4
0,5,0,0,5
0,4,0,0,4
0,1,0,0,1
0,4,0,0,4
0,3,0,0,3
0,2,1,0,3
0,2,0,0,2
0,1,0,0,1
0,2,0,0,2
0,6,0,0,6
0,5,0,0,5
0,3,0,0,3
0,2,0,0,2
0,1,0,0,1
0,1,0,0,1
0,1,0,0,1
0,2,0,0,2
0,2,0,0,2
0,2,0,0,2
0,1,0,0,1
0,4,0,0,4
0,3,0,0,3
0,8,1,0,9
0,2,0,0,2
0,2,0,0,2
0,1,0,0,1
0,1,0,0,1
0,15,1,0,16
0,1,0,0,1
0,12,0,0,12
0,8,0,0,8
0,5,0,0,5
0,1,0,0,1
0,2,0,0,2
0,1,1,0,2
0,4,0,0,4
0,4,0,0,4
0,6,1,0,7
0,4,0,0,4
0,2,0,0,2
0,1,0,0,1
0,3,1,0,4
0,1,0,0,1
0,4,4,0,8
0,4,0,0,4
0,4,0,0,4
0,2,0,0,2
0,3,0,0,3
0,7,0,0,7
0,2,0,0,2
0,1,1,0,2
0,2,1,0,3
0,1,0,0,1
0,10,0,0,10
0,1,1,0,2
0,1,0,0,1
0,1,0,0,1
0,1,0,0,1
0,1,0,0,1
0,2,0,0,2
0,2,0,0,2
0,2,1,0,3
0,2,0,0,2
0,3,0,0,3
0,5,0,0,5
0,6,0,0,6
0,1,0,0,1
0,2,0,0,2
0,1,0,0,1
0,4,0,0,4
0,2,0,0,2
0,4,0,0,4
0,4,0,0,4
0,2,0,0,2
0,3,0,0,3
0,1,0,0,1
0,1,1,0,2
0,1,0,0,1
0,3,0,0,3
0,3,0,0,3
0,4,0,0,4
0,1,1,0,2
0,2,0,0,2
0,1,0,0,1
0,1,0,0,1
0,2,0,0,2
0,1,0,0,1
0,1,0,0,1
0,2,2,0,4
0,4,0,0,4
0,2,0,0,2
0,3,0,0,3
0,2,2,0,4
0,2,0,0,2
0,3,0,0,3
0,13,0,0,13
0,1,0,0,1
0,1,0,0,1
0,2,0,0,2
0,7,3,0,10
0,1,0,0,1
0,1,1,0,2
0,1,0,0,1
0,3,0,0,3
0,2,0,0,2
0,2,0,0,2
0,2,0,0,2
0,2,0,0,2
0,2,0,0,2
0,2,0,0,2
0,2,0,0,2
0,1,0,0,1
0,4,0,0,4
0,3,1,0,4
0,10,6,0,16
0,1,0,0,1
0,2,0,0,2
0,1,0,0,1
0,1,0,0,1
0,2,0,0,2
0,2,0,0,2
0,1,1,0,2
0,7,2,0,9
0,2,0,0,2
0,2,0,0,2
0,1,0,0,1
0,1,0,0,1
0,1,0,0,1
0,7,0,0,7
0,1,0,0,1
0,1,1,0,2
0,2,0,0,2
0,1,0,0,1
0,2,0,0,2
0,1,0,0,1
0,1,0,0,1
0,1,0,0,1
0,2,0,0,2
0,6,0,0,6
0,3,0,0,3
0,4,0,0,4
0,1,1,0,2
0,1,0,0,1
0,9,0,0,9
0,2,1,0,3
0,3,0,0,3
0,9,0,0,9
0,3,0,0,3
0,4,0,0,4
0,8,0,0,8
0,5,0,0,5
0,2,0,0,2
0,2,0,0,2
0,1,2,0,3
0,1,0,0,1
0,1,0,0,1
0,1,2,0,3
0,1,0,0,1
0,4,0,0,4
0,2,0,0,2
0,2,0,0,2
0,9,0,0,9
0,2,0,0,2
0,5,0,0,5
0,2,0,0,2
0,2,0,0,2
0,2,0,0,2
0,2,0,0,2
0,2,0,0,2
0,2,0,0,2
0,4,0,0,4
0,1,0,0,1
0,2,0,0,2
0,1,0,0,1
0,1,1,0,2
0,1,0,0,1
0,2,0,0,2
0,2,0,0,2
0,2,0,0,2
0,2,0,0,2
0,1,0,0,1
0,4,0,0,4
0,1,0,0,1
0,2,0,0,2
0,3,1,0,4
0,8,1,0,9
0,2,0,0,2
0,5,0,0,5
0,7,0,0,7
0,3,1,0,4
0,3,0,0,3
0,2,0,0,2
0,6,0,0,6
0,2,0,0,2
0,1,1,0,2
0,1,0,0,1
0,2,0,0,2
0,1,0,0,1
0,1,0,0,1
0,1,0,0,1
0,2,0,0,2
0,2,0,0,2
0,3,0,0,3
0,3,0,0,3
0,2,0,0,2
0,5,0,0,5
0,3,1,0,4
0,1,0,0,1
0,4,0,0,4
0,1,1,0,2
0,1,0,0,1
0,3,0,0,3
0,2,0,0,2
0,8,2,0,10
0,3,0,0,3
0,2,0,0,2
0,1,0,0,1
0,2,0,0,2
0,3,0,0,3
0,5,0,0,5
0,2,0,0,2
0,1,0,0,1
0,1,0,0,1
0,2,0,0,2
0,6,1,0,7
0,1,0,0,1
0,3,1,0,4
0,4,2,0,6
0,1,0,0,1
0,2,0,0,2
0,2,0,0,2
0,1,0,0,1
0,2,0,0,2
0,3,0,0,3
0,1,0,0,1
0,3,0,0,3
0,1,1,0,2
0,8,0,0,8
0,1,1,0,2
0,2,0,0,2
0,2,0,0,2
0,2,0,0,2
0,5,0,0,5
0,4,0,0,4
0,4,0,0,4
0,14,0,0,14
0,3,1,0,4
0,1,0,0,1
0,3,0,0,3
0,1,2,0,3
0,2,2,0,4
0,7,3,0,10
0,2,0,0,2
0,2,0,0,2
0,1,0,0,1
0,1,0,0,1
0,3,0,0,3
0,3,0,0,3
0,4,0,0,4
0,11,0,0,11
0,1,0,0,1
0,3,0,0,3
0,3,0,0,3
0,2,0,0,2
0,1,0,0,1
0,1,1,0,2
0,6,0,0,6
0,2,0,0,2
0,1,1,0,2
0,8,0,0,8
0,3,1,0,4
0,7,0,0,7
0,1,0,0,1
0,3,0,0,3
0,10,0,0,10
0,7,0,0,7
0,2,0,0,2
0,2,0,0,2
0,2,0,0,2
0,3,0,0,3
0,2,0,0,2
0,3,1,0,4
0,2,0,0,2
0,2,0,0,2
0,2,0,0,2
0,1,0,0,1
0,1,1,0,2
0,1,0,0,1
0,1,1,0,2
0,2,0,0,2
0,4,0,0,4
0,2,0,0,2
0,1,0,0,1
0,2,0,0,2
0,1,0,0,1
0,2,1,0,3
0,1,1,0,2
0,1,0,0,1
0,2,0,0,2
0,3,0,0,3
0,3,0,0,3
0,1,0,0,1
0,1,0,0,1
0,1,0,0,1
0,1,0,0,1
0,3,0,0,3
0,4,0,0,4
0,2,0,0,2
0,1,2,0,3
0,1,0,0,1
0,1,0,0,1
0,3,1,0,4
0,2,0,0,2
0,3,1,0,4
0,2,0,0,2
0,1,1,0,2
0,2,0,0,2
0,2,0,0,2
0,8,0,0,8
0,3,0,0,3
0,1,0,0,1
0,2,0,0,2
0,2,0,0,2
0,11,0,0,11
0,12,0,0,12
0,12,0,0,12
0,2,0,0,2
0,1,0,0,1
0,2,0,0,2
0,1,1,0,2
0,1,0,0,1
0,1,1,0,2
0,1,0,0,1
0,2,5,0,7
0,3,0,0,3
0,1,0,0,1
0,2,0,0,2
0,2,0,0,2
0,4,0,0,4
0,1,0,0,1
0,1,0,0,1
0,1,0,0,1
0,2,0,0,2
0,4,0,0,4
0,2,0,0,2
0,3,0,0,3
0,3,0,0,3
0,2,0,0,2
0,4,3,0,7
0,1,1,0,2
0,2,0,0,2
0,2,0,0,2
0,3,1,0,4
0,4,0,0,4
0,1,0,0,1
0,3,5,0,8
0,1,0,0,1
0,4,0,0,4
0,1,1,0,2
0,1,1,0,2
0,4,0,0,4
0,1,0,0,1
0,3,0,0,3
0,3,0,0,3
0,5,0,0,5
0,1,0,0,1
0,2,0,0,2
0,2,0,0,2
0,1,0,0,1
0,3,0,0,3
0,2,0,0,2
0,4,0,0,4
0,2,0,0,2
0,5,0,0,5
0,6,0,0,6
0,2,0,0,2
0,2,1,0,3
0,1,0,0,1
0,1,0,0,1
0,2,1,0,3
0,2,0,0,2
0,2,0,0,2
0,1,0,0,1
0,2,0,0,2
0,2,0,0,2
0,1,0,0,1
0,1,0,0,1
0,1,0,0,1
0,3,0,0,3
0,4,0,0,4
0,2,0,0,2
0,7,0,0,7
0,5,0,0,5
0,9,2,0,11
0,6,0,0,6
0,6,0,0,6
0,2,0,0,2
0,2,0,0,2
0,5,0,0,5
0,3,0,0,3
0,1,0,0,1
0,2,0,0,2
0,1,0,0,1
0,6,0,0,6
0,6,0,0,6
0,1,0,0,1
0,3,0,0,3
0,7,0,0,7
0,1,0,0,1
0,2,0,0,2
0,4,0,0,4
0,2,0,0,2
0,1,0,0,1
0,2,0,0,2
0,4,0,0,4
0,4,0,0,4
0,2,0,0,2
0,1,1,0,2
0,1,0,0,1
0,8,0,0,8
0,1,1,0,2
0,1,0,0,1
0,5,4,0,9
0,2,0,0,2
0,1,0,0,1
0,4,0,0,4
0,3,0,0,3
0,4,0,0,4
0,1,1,0,2
0,1,0,0,1
0,2,0,0,2
0,1,0,0,1
0,1,0,0,1
0,5,0,0,5
0,5,0,0,5
0,2,0,0,2
0,2,0,0,2
0,2,0,0,2
0,1,1,0,2
0,1,1,0,2
0,2,0,0,2
0,1,0,0,1
0,4,0,0,4
0,1,0,0,1
0,1,0,0,1
0,1,4,0,5
0,6,0,0,6
0,8,0,0,8
0,2,0,0,2
0,1,0,0,1
0,2,0,0,2
0,4,0,0,4
0,1,1,0,2
0,3,0,0,3
0,2,0,0,2
0,4,2,0,6
0,4,0,0,4
0,8,0,0,8
0,4,0,0,4
0,1,0,0,1
0,1,0,0,1
0,2,0,0,2
0,1,0,0,1
0,5,0,0,5
0,2,0,0,2
0,2,1,0,3
0,4,0,0,4
0,7,0,0,7
0,1,1,0,2
0,1,0,0,1
0,1,0,0,1
0,2,0,0,2
0,1,0,0,1
0,10,0,0,10
0,3,0,0,3
0,1,1,0,2
0,1,0,0,1
0,1,1,0,2
0,2,0,0,2
0,1,1,0,2
0,1,0,0,1
0,4,0,0,4
0,6,0,0,6
0,2,0,0,2
0,1,0,0,1
0,2,0,0,2
0,2,0,0,2
0,2,0,0,2
0,1,0,0,1
0,4,0,0,4
0,3,1,0,4
0,4,0,0,4
0,1,0,0,1
0,2,0,0,2
0,1,0,0,1
0,4,0,0,4
0,2,0,0,2
0,2,0,0,2
0,4,0,0,4
0,1,1,0,2
0,2,0,0,2
0,1,0,0,1
0,3,0,0,3
0,3,0,0,3
0,2,0,0,2
0,2,0,0,2
0,1,0,0,1
0,5,0,0,5
0,5,1,0,6
0,3,0,0,3
0,1,0,0,1
0,4,2,0,6
0,3,0,0,3
0,2,0,0,2
0,1,0,0,1
0,1,0,0,1
0,4,0,0,4
0,1,0,0,1
0,2,0,0,2
0,5,0,0,5
0,5,0,0,5
0,8,0,0,8
0,2,0,0,2
0,4,0,0,4
0,3,0,0,3
0,3,0,0,3
0,2,0,0,2
0,1,0,0,1
0,4,0,0,4
0,1,1,0,2
0,10,0,0,10
0,1,0,0,1
0,2,0,0,2
0,2,0,0,2
0,2,0,0,2
0,3,0,0,3
0,2,0,0,2
0,2,0,0,2
0,2,0,0,2
0,3,0,0,3
0,5,1,0,6
0,1,1,0,2
0,2,0,0,2
0,2,0,0,2
0,2,0,0,2
0,2,0,0,2
0,2,0,0,2
0,4,0,0,4
0,2,0,0,2
0,2,0,0,2
0,2,0,0,2
0,1,0,0,1
0,4,0,0,4
0,2,0,0,2
0,1,0,0,1
0,3,0,0,3
0,2,0,0,2
0,1,0,0,1
0,2,0,0,2
0,1,0,0,1
0,4,0,0,4
0,5,0,0,5
0,2,0,0,2
0,4,0,0,4
0,3,0,0,3
0,2,0,0,2
0,3,0,0,3
0,2,0,0,2
0,3,0,0,3
0,3,0,0,3
0,1,0,0,1
0,5,0,0,5
0,1,0,0,1
0,1,0,0,1
0,2,0,0,2
0,1,0,0,1
0,2,1,0,3
0,4,1,0,5
0,8,0,0,8
0,6,0,0,6
0,7,0,0,7
0,2,0,0,2
0,3,0,0,3
0,6,0,0,6
0,2,0,0,2
0,1,0,0,1
0,9,1,0,10
0,6,0,0,6
0,2,1,0,3
0,2,0,0,2
0,6,0,0,6
0,2,0,0,2
0,2,0,0,2
0,1,0,0,1
0,4,0,0,4
0,3,0,0,3
0,5,1,0,6
0,3,0,0,3
0,3,0,0,3
0,2,0,0,2
0,7,0,0,7
0,2,0,0,2
0,3,0,0,3
0,4,0,0,4
0,4,0,0,4
0,1,0,0,1
0,4,0,0,4
0,1,2,0,3
0,2,0,0,2
0,6,0,0,6
0,2,0,0,2
0,1,0,0,1
0,1,0,0,1
0,2,0,0,2
0,2,0,0,2
0,1,0,0,1
0,2,0,0,2
0,1,0,0,1
0,11,0,0,11
0,1,2,0,3
0,2,0,0,2
0,2,1,0,3
0,3,1,0,4
0,5,0,0,5
0,2,0,0,2
0,1,0,0,1
0,3,0,0,3
0,1,0,0,1
0,3,0,0,3
0,2,0,0,2
0,1,0,0,1
0,2,0,0,2
0,1,0,0,1
0,2,0,0,2
0,4,0,0,4
0,1,1,0,2
0,1,0,0,1
0,5,0,0,5
0,1,0,0,1
0,1,0,0,1
0,6,0,0,6
0,4,0,0,4
0,2,1,0,3
0,8,0,0,8
0,8,1,0,9
0,6,0,0,6
0,3,0,0,3
0,1,0,0,1
0,12,0,0,12
0,1,0,0,1
0,1,0,0,1
0,1,0,0,1
0,2,1,0,3
0,7,0,0,7
0,1,1,0,2
0,4,0,0,4
0,2,0,0,2
0,4,2,0,6
0,8,0,0,8
0,2,0,0,2
0,5,0,0,5
0,4,0,0,4
0,2,0,0,2
0,2,0,0,2
0,1,3,0,4
0,2,0,0,2
0,3,0,0,3
0,1,1,0,2
0,6,0,0,6
0,3,0,0,3
0,3,0,0,3
0,1,0,0,1
0,1,1,0,2
0,6,6,0,12
0,2,0,0,2
0,2,0,0,2
0,2,1,0,3
0,3,1,0,4
0,1,0,0,1
0,3,0,0,3
0,1,0,0,1
0,2,0,0,2
0,2,0,0,2
0,6,0,0,6
0,6,0,0,6
0,3,0,0,3
0,4,0,0,4
0,1,1,0,2
0,3,0,0,3
0,4,0,0,4
0,2,0,0,2
0,5,0,0,5
0,7,0,0,7
0,1,0,0,1
0,1,0,0,1
0,3,0,0,3
0,1,1,0,2
0,1,1,0,2
0,1,0,0,1
0,1,2,0,3
0,1,0,0,1
0,2,0,0,2
0,2,0,0,2
0,4,0,0,4
0,1,1,0,2
0,1,0,0,1
0,1,2,0,3
0,3,0,0,3
0,1,1,0,2
0,1,0,0,1
0,1,0,0,1
0,1,0,0,1
0,2,0,0,2
0,6,0,0,6
0,4,0,0,4
0,2,0,0,2
0,11,0,0,11
0,3,0,0,3
0,2,0,0,2
0,2,0,0,2
0,2,0,0,2
0,2,0,0,2
0,2,0,0,2
0,2,0,0,2
0,1,0,0,1
0,1,0,0,1
0,4,0,0,4
0,6,0,0,6
0,2,0,0,2
0,2,0,0,2
0,1,0,0,1
0,2,0,0,2
0,3,0,0,3
0,2,0,0,2
0,1,0,0,1
0,3,0,0,3
0,3,0,0,3
0,3,0,0,3
0,2,0,0,2
0,1,0,0,1
0,1,1,0,2
0,2,0,0,2
0,2,0,0,2
0,1,0,0,1
0,3,1,0,4
0,2,0,0,2
0,4,0,0,4
0,2,0,0,2
0,3,0,0,3
0,3,0,0,3
0,16,0,0,16
0,6,0,0,6
0,4,0,0,4
0,2,0,0,2
0,1,0,0,1
0,6,0,0,6
0,2,0,0,2
0,2,0,0,2
0,4,0,0,4
0,9,0,0,9
0,2,0,0,2
0,5,0,0,5
0,2,0,0,2
0,2,0,0,2
0,4,0,0,4
0,1,0,0,1
0,2,0,0,2
0,3,0,0,3
0,2,0,0,2
0,4,0,0,4
0,9,0,0,9
0,8,0,0,8
0,2,0,0,2
0,2,1,0,3
0,2,0,0,2
0,2,0,0,2
0,1,1,0,2
0,3,0,0,3
0,2,0,0,2
0,1,0,0,1
0,4,0,0,4
0,2,1,0,3
0,10,0,0,10
0,4,0,0,4
0,4,0,0,4
0,6,0,0,6
0,2,0,0,2
0,1,0,0,1
0,1,0,0,1
0,2,0,0,2
0,2,1,0,3
0,1,1,0,2
0,6,0,0,6
0,6,0,0,6
0,5,0,0,5
0,1,0,0,1
0,1,1,0,2
0,1,0,0,1
0,6,0,0,6
0,2,0,0,2
0,1,1,0,2
0,1,1,0,2
0,1,1,0,2
0,1,3,0,4
0,2,1,0,3
0,2,0,0,2
0,2,0,0,2
0,1,0,0,1
0,1,1,0,2
0,8,0,0,8
0,1,0,0,1
0,1,0,0,1
0,2,0,0,2
0,2,0,0,2
0,1,0,0,1
0,2,0,0,2
0,2,0,0,2
0,1,0,0,1
0,2,0,0,2
0,2,0,0,2
0,3,0,0,3
0,8,1,0,9
0,1,0,0,1
0,1,0,0,1
0,2,0,0,2
0,2,0,0,2
0,5,0,0,5
0,1,0,0,1
0,2,0,0,2
0,3,0,0,3
0,5,0,0,5
0,9,0,0,9
0,3,0,0,3
0,3,0,0,3
0,2,0,0,2
0,2,0,0,2
0,1,0,0,1
0,2,0,0,2
0,4,0,0,4
0,2,0,0,2
0,2,0,0,2
0,1,0,0,1
0,1,0,0,1
0,1,0,0,1
0,2,0,0,2
0,3,0,0,3
0,1,1,0,2
0,1,0,0,1
0,2,0,0,2
0,2,0,0,2
0,5,0,0,5
0,1,0,0,1
0,2,0,0,2
0,5,0,0,5
0,2,0,0,2
0,6,0,0,6
0,1,1,0,2
0,1,0,0,1
0,2,0,0,2
0,2,0,0,2
0,1,1,0,2
0,3,0,0,3
0,2,0,0,2
0,2,0,0,2
0,1,1,0,2
0,2,0,0,2
0,2,2,0,4
0,3,2,0,5
0,5,0,0,5
0,4,0,0,4
0,2,0,0,2
0,2,0,0,2
0,3,0,0,3
0,2,0,0,2
0,1,0,0,1
0,1,1,0,2
0,1,0,0,1
0,2,1,0,3
0,2,0,0,2
0,1,1,0,2
0,3,0,0,3
0,3,0,0,3
0,4,0,0,4
0,6,0,0,6
0,5,0,0,5
0,2,0,0,2
0,1,0,0,1
0,1,0,0,1
0,2,0,0,2
0,2,0,0,2
0,3,1,0,4
0,4,0,0,4
0,2,0,0,2
0,2,0,0,2
0,2,0,0,2
0,1,0,0,1
0,1,1,0,2
0,1,1,0,2
0,1,0,0,1
0,2,1,0,3
0,3,1,0,4
0,6,1,0,7
0,5,0,0,5
0,4,0,0,4
0,1,1,0,2
0,5,0,0,5
0,4,0,0,4
0,1,0,0,1
0,8,0,0,8
0,3,0,0,3
0,2,0,0,2
0,1,0,0,1
0,2,0,0,2
0,2,0,0,2
0,1,0,0,1
0,4,0,0,4
0,11,0,0,11
0,1,1,0,2
0,11,8,0,19
0,1,0,0,1
0,2,1,0,3
0,1,1,0,2
0,2,0,0,2
0,1,1,0,2
0,3,0,0,3
0,4,0,0,4
0,7,0,0,7
0,5,0,0,5
0,2,0,0,2
0,2,0,0,2
0,1,0,0,1
0,3,0,0,3
0,1,0,0,1
0,1,0,0,1
0,5,0,0,5
0,5,0,0,5
0,8,0,0,8
0,6,0,0,6
0,6,0,0,6
0,2,0,0,2
0,2,0,0,2
0,1,0,0,1
0,1,1,0,2
0,2,0,0,2
0,5,0,0,5
0,2,0,0,2
0,3,2,0,5
0,2,0,0,2
0,1,0,0,1
0,1,1,0,2
0,1,0,0,1
0,2,0,0,2
0,3,0,0,3
0,3,0,0,3
0,3,0,0,3
0,3,0,0,3
0,1,0,0,1
0,2,0,0,2
0,2,0,0,2
0,1,0,0,1
0,4,0,0,4
0,1,0,0,1
0,4,0,0,4
0,3,0,0,3
0,1,0,0,1
0,2,0,0,2
0,5,0,0,5
0,2,0,0,2
0,4,0,0,4
0,4,0,0,4
0,4,0,0,4
0,2,0,0,2
0,2,0,0,2
0,1,0,0,1
0,2,0,0,2
0,1,0,0,1
0,2,0,0,2
0,3,0,0,3
0,1,0,0,1
0,1,0,0,1
0,6,0,0,6
0,10,0,0,10
0,1,1,0,2
0,1,1,0,2
0,1,0,0,1
0,1,0,0,1
0,2,0,0,2
0,2,0,0,2
0,2,0,0,2
0,1,0,0,1
0,1,0,0,1
0,1,0,0,1
0,5,0,0,5
0,1,0,0,1
0,4,0,0,4
0,4,0,0,4
0,2,0,0,2
0,4,0,0,4
0,1,1,0,2
0,3,1,0,4
0,2,0,0,2
0,2,0,0,2
0,3,0,0,3
0,2,0,0,2
0,7,1,0,8
0,2,0,0,2
0,2,0,0,2
0,7,0,0,7
0,2,0,0,2
0,1,1,0,2
0,1,0,0,1
0,3,2,0,5
0,1,0,0,1
0,19,0,0,19
0,2,0,0,2
0,5,0,0,5
0,2,0,0,2
0,3,0,0,3
0,3,0,0,3
0,3,0,0,3
0,7,0,0,7
0,1,0,0,1
0,1,0,0,1
0,2,0,0,2
0,2,0,0,2
0,2,0,0,2
0,4,0,0,4
0,4,0,0,4
0,3,0,0,3
0,2,0,0,2
0,2,0,0,2
0,2,0,0,2
0,3,0,0,3
0,1,1,0,2
0,2,0,0,2
0,3,0,0,3
0,2,0,0,2
0,2,0,0,2
0,1,0,0,1
0,1,0,0,1
0,1,1,0,2
0,1,0,0,1
0,2,0,0,2
0,2,0,0,2
0,2,0,0,2
0,2,0,0,2
0,1,1,0,2
0,2,0,0,2
0,2,0,0,2
0,1,2,0,3
0,1,0,0,1
0,5,0,0,5
0,12,0,0,12
0,3,0,0,3
0,2,0,0,2
0,2,0,0,2
0,3,0,0,3
0,3,0,0,3
0,2,0,0,2
0,2,1,0,3
0,2,0,0,2
0,1,1,0,2
0,12,0,0,12
0,9,0,0,9
0,3,0,0,3
0,1,0,0,1
0,1,0,0,1
0,1,0,0,1
0,4,3,0,7
0,1,0,0,1
0,1,0,0,1
0,3,0,0,3
0,2,0,0,2
0,1,0,0,1
0,10,0,0,10
0,3,0,0,3
0,4,0,0,4
0,8,0,0,8
0,1,0,0,1
0,2,0,0,2
0,1,0,0,1
0,1,0,0,1
0,3,0,0,3
0,2,0,0,2
0,3,1,0,4
0,1,0,0,1
0,1,0,0,1
0,2,0,0,2
0,1,0,0,1
0,1,0,0,1
0,1,0,0,1
0,5,0,0,5
0,2,0,0,2
0,1,0,0,1
0,1,0,0,1
0,3,0,0,3
0,3,0,0,3
0,2,0,0,2
0,3,0,0,3
0,10,0,0,10
0,5,0,0,5
0,6,0,0,6
0,5,0,0,5
0,5,0,0,5
0,1,0,0,1
0,1,0,0,1
0,4,0,0,4
0,3,0,0,3
0,5,0,0,5
0,5,0,0,5
0,1,1,0,2
0,4,0,0,4
0,4,0,0,4
0,1,0,0,1
0,2,0,0,2
0,5,0,0,5
0,2,0,0,2
0,2,0,0,2
0,1,1,0,2
0,2,0,0,2
0,2,0,0,2
0,1,0,0,1
0,1,1,0,2
0,1,0,0,1
0,1,0,0,1
0,4,0,0,4
0,3,0,0,3
0,4,2,0,6
0,4,2,0,6
0,4,0,0,4
0,4,0,0,4
0,1,1,0,2
0,1,0,0,1
0,3,0,0,3
0,3,0,0,3
0,2,0,0,2
0,1,0,0,1
0,2,0,0,2
0,4,0,0,4
0,1,0,0,1
0,1,0,0,1
0,2,2,0,4
0,2,0,0,2
0,4,0,0,4
0,2,0,0,2
0,2,0,0,2
0,10,0,0,10
0,4,0,0,4
0,4,0,0,4
0,2,0,0,2
0,2,0,0,2
0,3,0,0,3
0,1,0,0,1
0,5,0,0,5
0,2,0,0,2
0,5,0,0,5
0,5,0,0,5
0,1,6,0,7
0,1,0,0,1
0,4,0,0,4
0,3,1,0,4
0,3,0,0,3
0,4,0,0,4
0,2,0,0,2
0,3,1,0,4
0,2,0,0,2
0,1,1,0,2
0,1,0,0,1
0,7,2,0,9
0,2,1,0,3
0,1,0,0,1
0,1,0,0,1
0,1,1,0,2
0,2,0,0,2
0,1,0,0,1
0,2,0,0,2
0,2,0,0,2
0,2,0,0,2
0,8,0,0,8
0,4,0,0,4
0,1,1,0,2
0,1,1,0,2
0,8,0,0,8
0,3,0,0,3
0,2,0,0,2
0,2,0,0,2
0,3,0,0,3
0,2,0,0,2
0,2,0,0,2
0,5,0,0,5
0,2,0,0,2
0,5,4,0,9
0,2,0,0,2
0,2,0,0,2
0,2,0,0,2
0,2,0,0,2
0,1,0,0,1
0,8,0,0,8
0,2,0,0,2
0,1,0,0,1
0,2,0,0,2
0,1,1,0,2
0,1,1,0,2
0,1,0,0,1
0,1,0,0,1
0,2,1,0,3
0,5,0,0,5
0,1,1,0,2
0,3,0,0,3
0,4,0,0,4
0,7,0,0,7
0,4,0,0,4
0,1,0,0,1
0,4,0,0,4
0,5,1,0,6
0,2,0,0,2
0,1,0,0,1
0,2,0,0,2
0,1,0,0,1
0,2,0,0,2
0,4,0,0,4
0,4,0,0,4
0,9,0,0,9
0,7,1,0,8
0,6,0,0,6
0,6,0,0,6
0,3,0,0,3
0,1,1,0,2
0,2,0,0,2
0,2,0,0,2
0,2,0,0,2
0,2,0,0,2
0,4,0,0,4
0,1,0,0,1
0,1,0,0,1
0,4,0,0,4
0,1,0,0,1
0,2,0,0,2
0,2,0,0,2
0,1,1,0,2
0,2,0,0,2
0,2,0,0,2
0,1,0,0,1
0,1,0,0,1
0,4,0,0,4
0,6,0,0,6
0,1,0,0,1
0,2,5,0,7
0,2,0,0,2
0,1,0,0,1
0,1,0,0,1
0,1,0,0,1
0,2,0,0,2
0,1,0,0,1
0,1,0,0,1
0,2,0,0,2
0,2,0,0,2
0,3,0,0,3
0,2,0,0,2
0,4,0,0,4
0,3,0,0,3
0,1,0,0,1
0,6,0,0,6
0,2,0,0,2
0,1,0,0,1
0,1,0,0,1
0,6,4,0,10
0,1,0,0,1
0,1,0,0,1
0,1,1,0,2
0,1,0,0,1
0,2,4,0,6
0,2,0,0,2
0,1,0,0,1
0,4,0,0,4
0,1,0,0,1
0,2,0,0,2
0,2,0,0,2
0,3,0,0,3
0,6,0,0,6
0,4,0,0,4
0,3,0,0,3
0,4,0,0,4
0,3,0,0,3
0,1,1,0,2
0,1,0,0,1
0,1,0,0,1
0,10,0,0,10
0,2,0,0,2
0,2,0,0,2
0,1,0,0,1
0,2,1,0,3
0,2,0,0,2
0,2,0,0,2
0,2,0,0,2
0,1,0,0,1
0,4,0,0,4
0,1,0,0,1
0,2,0,0,2
0,3,0,0,3
0,1,1,0,2
0,3,1,0,4
0,2,1,0,3
0,1,1,0,2
0,2,0,0,2
0,2,0,0,2
0,1,0,0,1
0,2,0,0,2
0,9,2,0,11
0,2,0,0,2
0,1,0,0,1
0,2,0,0,2
0,3,0,0,3
0,1,0,0,1
0,1,1,0,2
0,1,0,0,1
0,4,0,0,4
0,2,0,0,2
0,1,0,0,1
0,4,0,0,4
0,1,1,0,2
0,1,1,0,2
0,1,0,0,1
0,1,0,0,1
0,2,0,0,2
0,4,0,0,4
0,4,0,0,4
0,5,0,0,5
0,1,1,0,2
0,1,0,0,1
0,2,0,0,2
0,1,0,0,1
0,11,0,0,11
0,1,0,0,1
0,2,0,0,2
0,1,0,0,1
0,4,0,0,4
0,3,0,0,3
0,3,0,0,3
0,4,0,0,4
0,1,1,0,2
0,1,0,0,1
0,1,0,0,1
0,2,0,0,2
0,5,4,0,9
0,2,0,0,2
0,1,0,0,1
0,1,0,0,1
0,2,0,0,2
0,1,0,0,1
0,3,0,0,3
0,3,0,0,3
0,2,0,0,2
0,2,0,0,2
0,1,1,0,2
0,1,0,0,1
0,1,0,0,1
0,4,1,0,5
0,4,0,0,4
0,6,0,0,6
0,5,1,0,6
0,4,0,0,4
0,4,0,0,4
0,2,0,0,2
0,3,1,0,4
0,1,0,0,1
0,2,0,0,2
0,3,0,0,3
0,1,0,0,1
0,3,0,0,3
0,2,0,0,2
0,3,0,0,3
0,7,0,0,7
0,2,0,0,2
0,1,0,0,1
0,3,0,0,3
0,4,0,0,4
0,4,0,0,4
0,1,0,0,1
0,1,1,0,2
0,1,0,0,1
0,1,1,0,2
0,3,0,0,3
0,2,0,0,2
0,1,0,0,1
0,2,0,0,2
0,1,0,0,1
0,2,1,0,3
0,1,0,0,1
0,1,0,0,1
0,3,0,0,3
0,6,0,0,6
0,4,0,0,4
0,3,0,0,3
0,4,0,0,4
0,5,1,0,6
0,3,0,0,3
0,2,0,0,2
0,1,0,0,1
0,2,0,0,2
0,2,0,0,2
0,1,0,0,1
0,8,0,0,8
0,1,0,0,1
0,1,0,0,1
0,1,0,0,1
0,2,0,0,2
0,2,0,0,2
0,2,1,0,3
0,1,0,0,1
0,2,2,0,4
0,1,0,0,1
0,1,1,0,2
0,4,0,0,4
0,1,1,0,2
0,3,0,0,3
0,4,0,0,4
0,1,0,0,1
0,5,0,0,5
0,5,0,0,5
0,1,0,0,1
0,4,0,0,4
0,1,1,0,2
0,1,1,0,2
0,2,3,0,5
0,4,0,0,4
0,1,0,0,1
0,3,0,0,3
0,1,0,0,1
0,1,0,0,1
0,4,0,0,4
0,4,0,0,4
0,3,0,0,3
0,2,0,0,2
0,1,0,0,1
0,1,0,0,1
0,1,0,0,1
0,2,0,0,2
0,2,0,0,2
0,3,0,0,3
0,2,0,0,2
0,6,0,0,6
0,1,0,0,1
0,2,0,0,2
0,2,0,0,2
0,2,0,0,2
0,4,0,0,4
0,1,0,0,1
0,2,0,0,2
0,3,0,0,3
0,3,0,0,3
0,5,0,0,5
0,4,0,0,4
0,1,0,0,1
0,2,0,0,2
0,2,0,0,2
0,2,0,0,2
0,2,0,0,2
0,8,0,0,8
0,1,0,0,1
0,2,1,0,3
0,2,1,0,3
0,1,0,0,1
0,1,0,0,1
0,2,0,0,2
0,3,0,0,3
0,3,0,0,3
0,3,1,0,4
0,1,0,0,1
0,3,0,0,3
0,2,0,0,2
0,2,0,0,2
0,2,0,0,2
0,1,0,0,1
0,4,0,0,4
0,4,0,0,4
0,10,0,0,10
0,3,0,0,3
0,3,0,0,3
0,5,0,0,5
0,3,0,0,3
0,1,1,0,2
0,2,0,0,2
0,5,0,0,5
0,5,0,0,5
0,2,0,0,2
0,2,0,0,2
0,3,4,0,7
0,4,0,0,4
0,2,1,0,3
0,2,0,0,2
0,1,0,0,1
0,2,0,0,2
0,1,0,0,1
0,1,0,0,1
0,3,0,0,3
0,2,0,0,2
0,4,0,0,4
0,2,0,0,2
0,1,0,0,1
0,4,0,0,4
0,1,0,0,1
0,2,0,0,2
0,3,1,0,4
0,1,1,0,2
0,2,0,0,2
0,3,0,0,3
0,3,0,0,3
0,7,0,0,7
0,3,0,0,3
0,3,0,0,3
0,3,0,0,3
0,2,0,0,2
0,6,0,0,6
0,2,0,0,2
0,2,1,0,3
0,2,0,0,2
0,2,0,0,2
0,2,0,0,2
0,1,0,0,1
0,2,0,0,2
0,2,0,0,2
0,3,0,0,3
0,1,0,0,1
0,3,1,0,4
0,3,1,0,4
0,3,0,0,3
0,2,0,0,2
0,1,0,0,1
0,1,1,0,2
0,1,0,0,1
0,2,0,0,2
0,1,0,0,1
0,1,0,0,1
0,2,0,0,2
0,11,1,0,12
0,13,0,0,13
0,2,0,0,2
0,2,0,0,2
0,4,0,0,4
0,6,0,0,6
0,3,0,0,3
0,1,0,0,1
0,2,0,0,2
0,2,0,0,2
0,2,0,0,2
0,2,0,0,2
0,1,0,0,1
0,2,0,0,2
0,1,0,0,1
0,1,0,0,1
0,2,0,0,2
0,2,1,0,3
0,3,0,0,3
0,3,0,0,3
0,1,0,0,1
0,1,0,0,1
0,5,0,0,5
0,3,0,0,3
0,8,0,0,8
0,8,0,0,8
0,4,0,0,4
0,3,2,0,5
0,2,0,0,2
0,6,1,0,7
0,8,0,0,8
0,2,2,0,4
0,2,0,0,2
0,1,0,0,1
0,2,0,0,2
0,2,0,0,2
0,2,0,0,2
0,1,0,0,1
0,2,1,0,3
0,4,0,0,4
0,4,0,0,4
0,2,1,0,3
0,4,0,0,4
0,3,0,0,3
0,6,0,0,6
0,5,0,0,5
0,3,0,0,3
0,2,0,0,2
0,2,0,0,2
0,1,0,0,1
0,4,0,0,4
0,4,0,0,4
0,3,0,0,3
0,2,0,0,2
0,1,1,0,2
0,1,0,0,1
0,1,1,0,2
0,3,0,0,3
0,3,0,0,3
0,2,0,0,2
0,2,0,0,2
0,1,1,0,2
0,3,0,0,3
0,2,0,0,2
0,2,0,0,2
0,3,0,0,3
0,4,0,0,4
0,2,0,0,2
0,2,0,0,2
0,2,0,0,2
0,10,0,0,10
0,2,0,0,2
0,1,0,0,1
0,1,0,0,1
0,1,0,0,1
0,3,0,0,3
0,3,0,0,3
0,2,0,0,2
0,4,1,0,5
0,2,0,0,2
0,3,0,0,3
0,1,0,0,1
0,2,0,0,2
0,1,1,0,2
0,1,0,0,1
0,2,0,0,2
0,3,0,0,3
0,2,0,0,2
0,5,0,0,5
0,2,0,0,2
0,3,0,0,3
0,1,1,0,2
0,2,0,0,2
0,2,0,0,2
0,2,0,0,2
0,2,0,0,2
0,1,0,0,1
0,4,0,0,4
0,1,0,0,1
0,2,0,0,2
0,2,0,0,2
0,2,0,0,2
0,2,0,0,2
0,2,0,0,2
0,1,0,0,1
0,1,0,0,1
0,1,0,0,1
0,4,1,0,5
0,4,0,0,4
0,1,1,0,2
0,1,1,0,2
0,1,1,0,2
0,2,0,0,2
0,2,0,0,2
0,1,0,0,1
0,1,0,0,1
0,4,0,0,4
0,1,0,0,1
0,4,0,0,4
0,2,0,0,2
0,1,0,0,1
0,2,0,0,2
0,3,0,0,3
0,1,0,0,1
0,5,0,0,5
0,2,0,0,2
0,2,1,0,3
0,1,0,0,1
0,12,1,0,13
0,12,1,0,13
0,4,0,0,4
0,3,0,0,3
0,3,2,0,5
0,10,1,0,11
0,3,0,0,3
0,2,0,0,2
0,11,0,0,11
0,1,1,0,2
0,1,0,0,1
0,2,0,0,2
0,2,0,0,2
0,1,1,0,2
0,5,0,0,5
0,2,0,0,2
0,1,0,0,1
0,2,0,0,2
0,3,0,0,3
0,4,0,0,4
0,2,0,0,2
0,4,0,0,4
0,2,0,0,2
0,1,0,0,1
0,2,0,0,2
0,2,3,0,5
0,2,0,0,2
0,3,0,0,3
0,2,2,0,4
0,2,0,0,2
0,3,0,0,3
0,2,0,0,2
0,1,1,0,2
0,5,0,0,5
0,2,0,0,2
0,2,0,0,2
0,2,0,0,2
0,2,0,0,2
0,2,0,0,2
0,3,0,0,3
0,3,0,0,3
0,1,0,0,1
0,1,0,0,1
0,1,0,0,1
0,1,0,0,1
0,7,0,0,7
0,6,0,0,6
0,1,1,0,2
0,2,0,0,2
0,2,0,0,2
0,1,1,0,2
0,2,0,0,2
0,1,0,0,1
0,4,0,0,4
0,3,0,0,3
0,1,0,0,1
0,2,0,0,2
0,6,0,0,6
0,10,0,0,10
0,3,3,0,6
0,1,1,0,2
0,1,0,0,1
0,3,1,0,4
0,2,0,0,2
0,1,0,0,1
0,1,0,0,1
0,2,0,0,2
0,4,0,0,4
0,4,0,0,4
0,2,0,0,2
0,1,0,0,1
0,2,0,0,2
0,1,0,0,1
0,5,0,0,5
0,1,0,0,1
0,1,0,0,1
0,2,0,0,2
0,2,0,0,2
0,2,1,0,3
0,2,1,0,3
0,2,0,0,2
0,4,0,0,4
0,2,1,0,3
0,1,0,0,1
0,2,1,0,3
0,3,0,0,3
0,1,1,0,2
0,1,0,0,1
0,1,0,0,1
0,1,0,0,1
0,3,0,0,3
0,2,0,0,2
0,2,0,0,2
0,2,0,0,2
0,2,0,0,2
0,1,0,0,1
0,2,0,0,2
0,13,1,0,14
0,1,0,0,1
0,2,0,0,2
0,1,1,0,2
0,1,0,0,1
0,1,0,0,1
0,2,0,0,2
0,2,0,0,2
0,2,0,0,2
0,3,0,0,3
0,3,3,0,6
0,1,0,0,1
0,2,0,0,2
0,2,0,0,2
0,4,0,0,4
0,2,0,0,2
0,2,0,0,2
0,1,0,0,1
0,2,0,0,2
0,3,0,0,3
0,1,1,0,2
0,1,0,0,1
0,2,0,0,2
0,2,0,0,2
0,8,0,0,8
0,3,0,0,3
0,4,0,0,4
0,1,0,0,1
0,8,6,0,14
0,3,0,0,3
0,1,0,0,1
0,4,0,0,4
0,2,0,0,2
0,2,0,0,2
0,1,0,0,1
0,4,0,0,4
0,1,1,0,2
0,1,0,0,1
0,6,0,0,6
0,2,0,0,2
0,2,0,0,2
0,4,0,0,4
0,2,0,0,2
0,5,1,0,6
0,4,0,0,4
0,3,0,0,3
0,4,0,0,4
0,4,1,0,5
0,6,0,0,6
0,6,0,0,6
0,2,0,0,2
0,2,0,0,2
0,2,0,0,2
0,2,0,0,2
0,2,0,0,2
0,1,1,0,2
0,1,0,0,1
0,1,1,0,2
0,1,0,0,1
0,4,0,0,4
0,3,0,0,3
0,2,0,0,2
0,1,0,0,1
0,2,0,0,2
0,1,0,0,1
0,8,0,0,8
0,3,0,0,3
0,1,0,0,1
0,1,0,0,1
0,2,0,0,2
0,1,0,0,1
0,2,0,0,2
0,1,0,0,1
0,1,0,0,1
0,1,0,0,1
0,2,0,0,2
0,2,0,0,2
0,2,0,0,2
0,2,0,0,2
0,1,1,0,2
0,1,0,0,1
0,2,0,0,2
0,4,0,0,4
0,8,0,0,8
0,2,0,0,2
0,1,0,0,1
0,2,1,0,3
0,2,0,0,2
0,4,0,0,4
0,4,0,0,4
0,2,0,0,2
0,2,0,0,2
0,3,0,0,3
0,2,0,0,2
0,3,0,0,3
0,1,0,0,1
0,3,1,0,4
0,1,0,0,1
0,2,0,0,2
0,1,0,0,1
0,1,0,0,1
0,4,0,0,4
0,5,0,0,5
0,2,0,0,2
0,2,0,0,2
0,1,1,0,2
0,2,0,0,2
0,2,0,0,2
0,4,0,0,4
0,2,0,0,2
0,4,1,0,5
0,3,0,0,3
0,2,0,0,2
0,1,1,0,2
0,2,1,0,3
0,1,0,0,1
0,1,0,0,1
0,6,0,0,6
0,2,0,0,2
0,1,0,0,1
0,1,0,0,1
0,3,3,0,6
0,1,0,0,1
0,1,0,0,1
0,7,1,0,8
0,2,0,0,2
0,1,1,0,2
0,2,0,0,2
0,11,0,0,11
0,4,0,0,4
0,2,0,0,2
0,7,0,0,7
0,4,0,0,4
0,2,0,0,2
0,2,0,0,2
0,2,0,0,2
0,3,0,0,3
0,11,0,0,11
0,3,0,0,3
0,4,0,0,4
0,4,0,0,4
0,3,0,0,3
0,6,0,0,6
0,2,1,0,3
0,1,0,0,1
0,6,1,0,7
0,2,1,0,3
0,4,0,0,4
0,3,0,0,3
0,15,0,0,15
0,17,0,0,17
0,2,0,0,2
0,1,0,0,1
0,4,0,0,4
0,2,1,0,3
0,10,0,0,10
0,2,0,0,2
0,3,0,0,3
0,2,0,0,2
0,4,0,0,4
0,2,0,0,2
0,4,0,0,4
0,1,0,0,1
0,3,0,0,3
0,5,0,0,5
0,1,0,0,1
0,1,0,0,1
0,2,0,0,2
0,6,1,0,7
0,5,0,0,5
0,1,0,0,1
0,1,0,0,1
0,9,0,0,9
0,7,0,0,7
0,3,2,0,5
0,2,0,0,2
0,2,0,0,2
0,4,0,0,4
0,9,0,0,9
0,2,0,0,2
0,11,0,0,11
0,10,0,0,10
0,3,0,0,3
0,3,0,0,3
0,4,0,0,4
0,4,0,0,4
0,1,0,0,1
0,4,0,0,4
0,2,0,0,2
0,7,1,0,8
0,3,0,0,3
0,1,0,0,1
0,1,0,0,1
0,1,0,0,1
0,2,0,0,2
0,2,0,0,2
0,2,0,0,2
0,7,1,0,8
0,2,0,0,2
0,2,0,0,2
0,6,0,0,6
0,1,1,0,2
0,2,0,0,2
0,4,0,0,4
0,2,0,0,2
0,2,0,0,2
0,3,0,0,3
0,1,0,0,1
0,1,0,0,1
0,2,0,0,2
0,8,0,0,8
0,2,0,0,2
0,2,0,0,2
0,1,0,0,1
0,2,0,0,2
0,9,0,0,9
0,3,0,0,3
0,2,0,0,2
0,1,0,0,1
0,4,0,0,4
0,2,0,0,2
0,1,0,0,1
0,4,0,0,4
0,3,1,0,4
0,3,0,0,3
0,1,0,0,1
0,2,0,0,2
0,2,0,0,2
0,3,0,0,3
0,2,0,0,2
0,1,0,0,1
0,2,0,0,2
0,1,0,0,1
0,3,0,0,3
0,3,0,0,3
0,1,1,0,2
0,4,0,0,4
0,3,0,0,3
0,4,0,0,4
0,5,1,0,6
0,1,0,0,1
0,3,2,0,5
0,2,0,0,2
0,1,0,0,1
0,2,0,0,2
0,1,0,0,1
0,5,0,0,5
0,5,0,0,5
0,1,0,0,1
0,3,0,0,3
0,1,0,0,1
0,2,0,0,2
0,1,0,0,1
0,1,0,0,1
0,3,0,0,3
0,2,0,0,2
0,1,0,0,1
0,5,1,0,6
0,2,0,0,2
0,2,1,0,3
0,3,0,0,3
0,2,0,0,2
0,2,0,0,2
0,3,0,0,3
0,1,0,0,1
0,8,1,0,9
0,9,0,0,9
0,2,0,0,2
0,4,0,0,4
0,6,0,0,6
0,2,0,0,2
0,1,0,0,1
0,2,0,0,2
0,1,1,0,2
0,3,0,0,3
0,1,0,0,1
0,1,0,0,1
0,1,0,0,1
0,1,0,0,1
0,3,0,0,3
0,1,0,0,1
0,1,0,0,1
0,5,1,0,6
0,3,0,0,3
0,1,0,0,1
0,3,0,0,3
0,3,0,0,3
0,1,0,0,1
0,3,0,0,3
0,2,0,0,2
0,2,0,0,2
0,1,0,0,1
0,3,0,0,3
0,1,0,0,1
0,7,0,0,7
0,5,1,0,6
0,2,0,0,2
0,8,3,0,11
0,2,2,0,4
0,2,2,0,4
0,3,0,0,3
0,3,1,0,4
0,1,0,0,1
0,1,0,0,1
0,2,1,0,3
0,4,0,0,4
0,3,0,0,3
0,2,0,0,2
0,1,0,0,1
0,5,0,0,5
0,2,0,0,2
0,1,0,0,1
0,2,0,0,2
0,2,0,0,2
0,2,0,0,2
0,1,0,0,1
0,1,0,0,1
0,2,0,0,2
0,2,0,0,2
0,2,0,0,2
0,7,0,0,7
0,2,0,0,2
0,1,0,0,1
0,2,0,0,2
0,4,1,0,5
0,3,1,0,4
0,1,0,0,1
0,3,0,0,3
0,2,0,0,2
0,4,0,0,4
0,2,0,0,2
0,1,0,0,1
0,1,1,0,2
0,5,0,0,5
0,2,1,0,3
0,1,0,0,1
0,1,0,0,1
0,4,0,0,4
0,1,1,0,2
0,1,0,0,1
0,1,0,0,1
0,1,0,0,1
0,5,0,0,5
0,2,0,0,2
0,3,0,0,3
0,1,0,0,1
0,8,0,0,8
0,2,0,0,2
0,2,0,0,2
0,3,0,0,3
0,3,0,0,3
0,13,0,0,13
0,2,0,0,2
0,1,0,0,1
0,3,0,0,3
0,1,0,0,1
0,2,0,0,2
0,3,0,0,3
0,3,0,0,3
0,2,0,0,2
0,1,0,0,1
0,3,0,0,3
0,3,0,0,3
0,2,0,0,2
0,2,0,0,2
0,4,0,0,4
0,5,1,0,6
0,1,0,0,1
0,1,0,0,1
0,2,0,0,2
0,3,0,0,3
0,2,0,0,2
0,1,1,0,2
0,1,1,0,2
0,2,0,0,2
0,1,0,0,1
0,6,3,0,9
0,1,0,0,1
0,2,0,0,2
0,1,0,0,1
0,3,0,0,3
0,4,4,0,8
0,3,0,0,3
0,1,0,0,1
0,1,0,0,1
0,2,0,0,2
0,6,0,0,6
0,5,0,0,5
0,5,2,0,7
0,10,0,0,10
0,2,0,0,2
0,2,0,0,2
0,3,0,0,3
0,3,0,0,3
0,3,1,0,4
0,3,0,0,3
0,4,0,0,4
0,2,0,0,2
0,3,0,0,3
0,1,1,0,2
0,1,0,0,1
0,2,0,0,2
0,1,0,0,1
0,4,0,0,4
0,5,0,0,5
0,4,0,0,4
0,1,0,0,1
0,1,1,0,2
0,2,0,0,2
0,2,0,0,2
0,3,0,0,3
0,3,0,0,3
0,1,0,0,1
0,2,0,0,2
0,3,0,0,3
0,2,1,0,3
0,1,0,0,1
0,2,0,0,2
0,2,1,0,3
0,2,0,0,2
0,2,0,0,2
0,2,0,0,2
0,1,0,0,1
0,1,0,0,1
0,3,0,0,3
0,3,0,0,3
0,1,0,0,1
0,4,1,0,5
0,3,0,0,3
0,4,0,0,4
0,2,0,0,2
0,1,0,0,1
0,4,0,0,4
0,1,0,0,1
0,2,0,0,2
0,4,0,0,4
0,2,0,0,2
0,2,0,0,2
0,1,0,0,1
0,2,0,0,2
0,3,0,0,3
0,3,2,0,5
0,2,0,0,2
0,2,0,0,2
0,2,0,0,2
0,4,0,0,4
0,1,0,0,1
0,2,0,0,2
0,2,0,0,2
0,2,1,0,3
0,2,0,0,2
0,2,0,0,2
0,4,0,0,4
0,4,0,0,4
0,1,0,0,1
0,2,0,0,2
0,2,0,0,2
0,2,0,0,2
0,1,0,0,1
0,1,1,0,2
0,1,0,0,1
0,2,0,0,2
0,2,0,0,2
0,1,0,0,1
0,2,0,0,2
0,2,0,0,2
0,1,0,0,1
0,2,0,0,2
0,2,0,0,2
0,2,0,0,2
0,4,0,0,4
0,4,0,0,4
0,5,0,0,5
0,2,0,0,2
0,1,0,0,1
0,3,0,0,3
0,1,0,0,1
0,1,1,0,2
0,2,0,0,2
0,2,0,0,2
0,1,1,0,2
0,2,0,0,2
0,10,0,0,10
0,1,0,0,1
0,4,0,0,4
0,2,0,0,2
0,1,1,0,2
0,2,0,0,2
0,3,1,0,4
0,1,0,0,1
0,2,0,0,2
0,1,0,0,1
0,2,0,0,2
0,1,0,0,1
0,2,0,0,2
0,1,0,0,1
0,13,0,0,13
0,1,0,0,1
0,1,0,0,1
0,1,1,0,2
0,1,0,0,1
0,8,0,0,8
0,2,1,0,3
0,1,0,0,1
0,5,0,0,5
0,3,3,0,6
0,2,0,0,2
0,6,0,0,6
0,1,0,0,1
0,1,0,0,1
0,10,0,0,10
0,8,0,0,8
0,2,1,0,3
0,2,0,0,2
0,3,0,0,3
0,1,0,0,1
0,1,0,0,1
0,1,1,0,2
0,1,0,0,1
0,2,0,0,2
0,4,0,0,4
0,2,0,0,2
0,2,0,0,2
0,1,0,0,1
0,1,2,0,3
0,2,0,0,2
0,5,0,0,5
0,4,0,0,4
0,4,0,0,4
0,3,0,0,3
0,3,0,0,3
0,1,0,0,1
0,1,0,0,1
0,2,0,0,2
0,3,1,0,4
0,3,0,0,3
0,1,0,0,1
0,5,0,0,5
0,10,0,0,10
0,3,0,0,3
0,4,0,0,4
0,2,0,0,2
0,3,0,0,3
0,3,1,0,4
0,1,0,0,1
0,2,0,0,2
0,2,0,0,2
0,1,0,0,1
0,2,0,0,2
0,2,0,0,2
0,2,0,0,2
0,2,0,0,2
0,2,0,0,2
0,7,0,0,7
0,1,0,0,1
0,1,0,0,1
0,1,0,0,1
0,3,0,0,3
0,3,0,0,3
0,3,0,0,3
0,4,0,0,4
0,5,0,0,5
0,1,0,0,1
0,2,0,0,2
0,2,0,0,2
0,3,0,0,3
0,3,0,0,3
0,2,0,0,2
0,2,0,0,2
0,2,0,0,2
0,4,0,0,4
0,1,1,0,2
0,1,1,0,2
0,1,0,0,1
0,3,0,0,3
0,1,1,0,2
0,4,0,0,4
0,1,0,0,1
0,2,0,0,2
0,3,0,0,3
0,3,0,0,3
0,3,0,0,3
0,8,0,0,8
0,3,0,0,3
0,3,0,0,3
0,1,0,0,1
0,2,0,0,2
0,2,0,0,2
0,1,0,0,1
0,2,0,0,2
0,2,1,0,3
0,3,0,0,3
0,7,0,0,7
0,4,0,0,4
0,2,0,0,2
0,3,1,0,4
0,2,0,0,2
0,1,1,0,2
0,2,0,0,2
0,4,1,0,5
0,3,0,0,3
0,9,1,0,10
0,9,0,0,9
0,2,0,0,2
0,3,0,0,3
0,2,0,0,2
0,2,0,0,2
0,1,0,0,1
0,1,0,0,1
0,2,0,0,2
0,3,0,0,3
0,1,0,0,1
0,6,0,0,6
0,3,0,0,3
0,3,1,0,4
0,2,0,0,2
0,2,0,0,2
0,1,1,0,2
0,6,0,0,6
0,1,0,0,1
0,4,0,0,4
0,1,0,0,1
0,1,0,0,1
0,3,0,0,3
0,1,1,0,2
0,2,0,0,2
0,2,0,0,2
0,2,0,0,2
0,4,0,0,4
0,2,0,0,2
0,1,0,0,1
0,4,0,0,4
0,2,0,0,2
0,2,0,0,2
0,2,0,0,2
0,3,0,0,3
0,2,1,0,3
0,3,0,0,3
0,1,1,0,2
0,1,0,0,1
0,5,0,0,5
0,1,0,0,1
0,3,0,0,3
0,1,0,0,1
0,2,0,0,2
0,4,0,0,4
0,2,0,0,2
0,2,0,0,2
0,3,0,0,3
0,1,0,0,1
0,2,0,0,2
0,3,0,0,3
0,2,0,0,2
0,2,0,0,2
0,2,0,0,2
0,1,0,0,1
0,6,0,0,6
0,6,0,0,6
0,1,1,0,2
0,2,0,0,2
0,2,0,0,2
0,1,1,0,2
0,2,0,0,2
0,4,0,0,4
0,3,0,0,3
0,1,0,0,1
0,2,0,0,2
0,2,0,0,2
0,1,1,0,2
0,2,0,0,2
0,2,0,0,2
0,3,0,0,3
0,4,0,0,4
0,6,0,0,6
0,3,0,0,3
0,2,0,0,2
0,1,0,0,1
0,8,0,0,8
0,2,0,0,2
0,2,0,0,2
0,2,0,0,2
0,3,0,0,3
0,6,0,0,6
0,2,0,0,2
0,1,0,0,1
0,4,0,0,4
0,1,1,0,2
0,3,0,0,3
0,2,0,0,2
0,1,0,0,1
0,1,0,0,1
0,2,0,0,2
0,2,0,0,2
0,1,0,0,1
0,12,0,0,12
0,2,0,0,2
0,2,0,0,2
0,1,0,0,1
0,6,0,0,6
0,1,0,0,1
0,1,0,0,1
0,1,0,0,1
0,3,0,0,3
0,1,0,0,1
0,1,0,0,1
0,2,0,0,2
0,3,0,0,3
0,4,0,0,4
0,1,0,0,1
0,2,0,0,2
0,2,0,0,2
0,2,0,0,2
0,1,1,0,2
0,2,0,0,2
0,1,0,0,1
0,2,0,0,2
0,6,0,0,6
0,2,0,0,2
0,2,0,0,2
0,4,0,0,4
0,4,0,0,4
0,1,0,0,1
0,2,0,0,2
0,3,0,0,3
0,6,0,0,6
0,1,0,0,1
0,1,0,0,1
0,1,4,0,5
0,1,0,0,1
0,4,0,0,4
0,2,1,0,3
0,4,0,0,4
0,10,0,0,10
0,2,0,0,2
0,1,0,0,1
0,1,0,0,1
0,2,0,0,2
0,1,0,0,1
0,1,0,0,1
0,1,0,0,1
0,2,0,0,2
0,2,0,0,2
0,2,0,0,2
0,3,0,0,3
0,1,1,0,2
0,2,0,0,2
0,3,1,0,4
0,2,0,0,2
0,3,0,0,3
0,1,0,0,1
0,1,0,0,1
0,4,0,0,4
0,2,0,0,2
0,1,0,0,1
0,3,1,0,4
0,4,0,0,4
0,1,0,0,1
0,1,0,0,1
0,2,0,0,2
0,2,1,0,3
0,3,0,0,3
0,2,0,0,2
0,3,2,0,5
0,1,0,0,1
0,2,0,0,2
0,4,0,0,4
0,2,0,0,2
0,3,0,0,3
0,3,0,0,3
0,3,0,0,3
0,2,0,0,2
0,1,0,0,1
0,2,0,0,2
0,8,0,0,8
0,7,0,0,7
0,1,1,0,2
0,2,0,0,2
0,2,0,0,2
0,1,1,0,2
0,1,0,0,1
0,4,0,0,4
0,3,0,0,3
0,3,1,0,4
0,1,0,0,1
0,12,0,0,12
0,12,0,0,12
0,1,0,0,1
0,2,0,0,2
0,2,0,0,2
0,3,0,0,3
0,3,0,0,3
0,1,0,0,1
0,1,0,0,1
0,2,2,0,4
0,1,0,0,1
0,1,0,0,1
0,4,0,0,4
0,1,0,0,1
0,1,0,0,1
0,4,0,0,4
0,4,0,0,4
0,1,0,0,1
0,7,0,0,7
0,4,0,0,4
0,5,0,0,5
0,1,0,0,1
0,2,0,0,2
0,3,0,0,3
0,2,0,0,2
0,1,0,0,1
0,4,0,0,4
0,4,0,0,4
0,1,0,0,1
0,2,0,0,2
0,2,0,0,2
0,3,0,0,3
0,1,0,0,1
0,2,0,0,2
0,6,0,0,6
0,3,0,0,3
0,4,0,0,4
0,4,1,0,5
0,4,0,0,4
0,1,0,0,1
0,2,0,0,2
0,3,0,0,3
0,1,0,0,1
0,1,0,0,1
0,1,0,0,1
0,3,0,0,3
0,3,0,0,3
0,1,0,0,1
0,1,0,0,1
0,2,0,0,2
0,1,0,0,1
0,1,0,0,1
0,1,0,0,1
0,2,0,0,2
0,3,0,0,3
0,1,0,0,1
0,1,0,0,1
0,4,0,0,4
0,1,0,0,1
0,2,0,0,2
0,2,0,0,2
0,1,0,0,1
0,2,0,0,2
0,1,0,0,1
0,2,0,0,2
0,4,0,0,4
0,4,0,0,4
0,2,0,0,2
0,4,0,0,4
0,5,0,0,5
0,1,0,0,1
0,1,0,0,1
0,1,1,0,2
0,1,0,0,1
0,3,0,0,3
0,2,2,0,4
0,2,0,0,2
0,5,0,0,5
0,2,0,0,2
0,1,1,0,2
0,1,0,0,1
0,2,0,0,2
0,1,1,0,2
0,1,0,0,1
0,3,1,0,4
0,3,0,0,3
0,3,0,0,3
0,1,1,0,2
0,2,0,0,2
0,1,0,0,1
0,8,0,0,8
0,2,0,0,2
0,2,0,0,2
0,4,0,0,4
0,1,0,0,1
0,10,0,0,10
0,4,0,0,4
0,1,1,0,2
0,5,0,0,5
0,2,0,0,2
0,2,0,0,2
0,2,0,0,2
0,2,0,0,2
0,3,0,0,3
0,2,0,0,2
0,1,0,0,1
0,2,0,0,2
0,2,0,0,2
0,2,0,0,2
0,10,0,0,10
0,1,0,0,1
0,1,0,0,1
0,6,0,0,6
0,2,0,0,2
0,1,0,0,1
0,2,0,0,2
0,2,0,0,2
0,2,1,0,3
0,7,0,0,7
0,7,0,0,7
0,2,0,0,2
0,1,0,0,1
0,1,0,0,1
0,1,0,0,1
0,7,0,0,7
0,5,0,0,5
0,1,0,0,1
0,1,0,0,1
0,2,0,0,2
0,1,0,0,1
0,2,0,0,2
0,11,0,0,11
0,6,0,0,6
0,1,0,0,1
0,1,0,0,1
0,2,0,0,2
0,3,0,0,3
0,2,0,0,2
0,2,0,0,2
0,2,0,0,2
0,9,0,0,9
0,3,0,0,3
0,4,0,0,4
0,5,0,0,5
0,1,1,0,2
0,3,0,0,3
0,1,0,0,1
0,1,0,0,1
0,1,0,0,1
0,1,0,0,1
0,3,0,0,3
0,3,0,0,3
0,2,0,0,2
0,1,0,0,1
0,1,0,0,1
0,2,0,0,2
0,1,0,0,1
0,2,0,0,2
0,2,0,0,2
0,3,0,0,3
0,2,1,0,3
0,5,0,0,5
0,3,0,0,3
0,1,1,0,2
0,1,0,0,1
0,1,0,0,1
0,3,0,0,3
0,4,2,0,6
0,4,2,0,6
0,2,0,0,2
0,2,0,0,2
0,1,0,0,1
0,4,0,0,4
0,1,0,0,1
0,2,0,0,2
0,4,0,0,4
0,1,0,0,1
0,1,0,0,1
0,2,1,0,3
0,3,0,0,3
0,3,0,0,3
0,3,0,0,3
0,2,0,0,2
0,5,0,0,5
0,3,0,0,3
0,2,0,0,2
0,6,1,0,7
0,2,0,0,2
0,4,0,0,4
0,2,0,0,2
0,2,0,0,2
0,2,0,0,2
0,3,0,0,3
0,2,0,0,2
0,1,0,0,1
0,1,1,0,2
0,4,0,0,4
0,7,0,0,7
0,3,0,0,3
0,2,0,0,2
0,1,0,0,1
0,7,0,0,7
0,2,0,0,2
0,10,0,0,10
0,2,0,0,2
0,2,0,0,2
0,1,0,0,1
0,5,0,0,5
0,6,0,0,6
0,1,0,0,1
0,3,0,0,3
0,1,0,0,1
0,4,0,0,4
0,2,0,0,2
0,5,0,0,5
0,4,0,0,4
0,3,0,0,3
0,6,13,0,19
0,1,0,0,1
0,2,0,0,2
0,2,0,0,2
0,3,0,0,3
0,3,0,0,3
0,10,0,0,10
0,4,0,0,4
0,2,0,0,2
0,3,0,0,3
0,2,0,0,2
0,1,0,0,1
0,1,1,0,2
0,4,0,0,4
0,2,0,0,2
0,2,1,0,3
0,1,0,0,1
0,3,0,0,3
0,1,1,0,2
0,6,0,0,6
0,6,0,0,6
0,2,0,0,2
0,1,0,0,1
0,1,0,0,1
0,5,0,0,5
0,4,0,0,4
0,12,0,0,12
0,2,0,0,2
0,1,0,0,1
0,1,0,0,1
0,2,0,0,2
0,1,0,0,1
0,2,0,0,2
0,4,0,0,4
0,3,0,0,3
0,1,0,0,1
0,2,2,0,4
0,2,0,0,2
0,3,0,0,3
0,9,0,0,9
0,1,0,0,1
0,2,0,0,2
0,2,0,0,2
0,1,0,0,1
0,5,0,0,5
0,2,0,0,2
0,1,0,0,1
0,1,0,0,1
0,2,0,0,2
0,2,0,0,2
0,2,0,0,2
0,4,0,0,4
0,3,0,0,3
0,6,0,0,6
0,2,0,0,2
0,7,0,0,7
0,1,1,0,2
0,1,0,0,1
0,1,0,0,1
0,2,0,0,2
0,1,0,0,1
0,2,0,0,2
0,2,0,0,2
0,1,0,0,1
0,3,0,0,3
0,1,1,0,2
0,1,1,0,2
0,1,0,0,1
0,1,0,0,1
0,6,0,0,6
0,2,0,0,2
0,3,0,0,3
0,1,0,0,1
0,2,0,0,2
0,2,0,0,2
0,2,0,0,2
0,2,0,0,2
0,1,0,0,1
0,2,0,0,2
0,1,0,0,1
0,1,0,0,1
0,1,0,0,1
0,2,0,0,2
0,2,1,0,3
0,2,0,0,2
0,3,0,0,3
0,1,0,0,1
0,3,0,0,3
0,2,2,0,4
0,2,0,0,2
0,3,0,0,3
0,2,1,0,3
0,2,0,0,2
0,2,0,0,2
0,1,0,0,1
0,1,1,0,2
0,2,0,0,2
0,1,1,0,2
0,4,1,0,5
0,6,0,0,6
0,1,0,0,1
0,4,0,0,4
0,5,0,0,5
0,1,0,0,1
0,1,0,0,1
0,1,0,0,1
0,1,0,0,1
0,4,0,0,4
0,2,0,0,2
0,3,0,0,3
0,3,0,0,3
0,1,1,0,2
0,1,0,0,1
0,1,0,0,1
0,5,0,0,5
0,1,0,0,1
0,3,0,0,3
0,1,0,0,1
0,3,0,0,3
0,2,0,0,2
0,2,1,0,3
0,1,0,0,1
0,2,0,0,2
0,2,0,0,2
0,2,0,0,2
0,1,0,0,1
0,1,0,0,1
0,2,0,0,2
0,3,0,0,3
0,2,0,0,2
0,2,0,0,2
0,5,0,0,5
0,2,0,0,2
0,1,0,0,1
0,2,0,0,2
0,2,0,0,2
0,10,0,0,10
0,6,0,0,6
0,4,0,0,4
0,3,0,0,3
0,1,0,0,1
0,2,0,0,2
0,2,1,0,3
0,2,2,0,4
0,3,2,0,5
0,2,0,0,2
0,1,0,0,1
0,2,0,0,2
0,6,0,0,6
0,2,4,0,6
0,1,0,0,1
0,2,0,0,2
0,1,0,0,1
0,1,0,0,1
0,2,0,0,2
0,4,0,0,4
0,2,0,0,2
0,5,0,0,5
0,2,1,0,3
0,4,0,0,4
0,1,0,0,1
0,1,1,0,2
0,1,0,0,1
0,1,0,0,1
0,2,0,0,2
0,1,1,0,2
0,1,0,0,1
0,1,0,0,1
0,1,1,0,2
0,3,0,0,3
0,2,0,0,2
0,3,0,0,3
0,1,1,0,2
0,2,0,0,2
0,5,1,0,6
0,2,0,0,2
0,1,0,0,1
0,1,1,0,2
0,1,1,0,2
0,2,0,0,2
0,1,1,0,2
0,2,0,0,2
0,2,0,0,2
0,2,0,0,2
0,2,0,0,2
0,2,0,0,2
0,1,0,0,1
0,3,0,0,3
0,2,0,0,2
0,1,0,0,1
0,2,0,0,2
0,2,0,0,2
0,5,0,0,5
0,1,0,0,1
0,3,0,0,3
0,3,0,0,3
0,8,0,0,8
0,4,0,0,4
0,3,0,0,3
0,3,0,0,3
0,2,0,0,2
0,3,0,0,3
0,2,0,0,2
0,2,0,0,2
0,2,0,0,2
0,4,0,0,4
0,2,0,0,2
0,3,0,0,3
0,2,0,0,2
0,1,0,0,1
0,2,0,0,2
0,1,0,0,1
0,1,0,0,1
0,1,0,0,1
0,3,0,0,3
0,3,1,0,4
0,3,0,0,3
0,1,0,0,1
0,4,0,0,4
0,2,0,0,2
0,5,0,0,5
0,5,0,0,5
0,5,0,0,5
0,6,0,0,6
0,2,0,0,2
0,2,0,0,2
0,2,0,0,2
0,2,0,0,2
0,2,0,0,2
0,1,0,0,1
0,4,0,0,4
0,2,0,0,2
0,2,0,0,2
0,2,0,0,2
0,2,0,0,2
0,2,0,0,2
0,1,0,0,1
0,1,0,0,1
0,2,0,0,2
0,4,0,0,4
0,2,0,0,2
0,3,0,0,3
0,4,0,0,4
0,5,1,0,6
0,1,0,0,1
0,1,0,0,1
0,2,0,0,2
0,3,1,0,4
0,5,0,0,5
0,4,0,0,4
0,3,0,0,3
0,1,0,0,1
0,3,2,0,5
0,3,0,0,3
0,6,0,0,6
0,1,0,0,1
0,2,0,0,2
0,2,0,0,2
0,4,0,0,4
0,2,0,0,2
0,1,0,0,1
0,4,0,0,4
0,4,0,0,4
0,4,0,0,4
0,1,0,0,1
0,3,0,0,3
0,2,0,0,2
0,2,0,0,2
0,1,0,0,1
0,2,0,0,2
0,1,0,0,1
0,5,0,0,5
0,3,0,0,3
0,1,0,0,1
0,2,0,0,2
0,2,0,0,2
0,3,0,0,3
0,2,1,0,3
0,1,0,0,1
0,1,0,0,1
0,1,0,0,1
0,4,2,0,6
0,2,0,0,2
0,2,0,0,2
0,2,0,0,2
0,2,0,0,2
0,3,3,0,6
0,2,2,0,4
0,3,0,0,3
0,1,1,0,2
0,1,0,0,1
0,2,0,0,2
0,4,0,0,4
0,2,0,0,2
0,2,0,0,2
0,2,0,0,2
0,2,0,0,2
0,5,0,0,5
0,1,0,0,1
0,1,2,0,3
0,1,0,0,1
0,2,0,0,2
0,1,0,0,1
0,2,0,0,2
0,2,0,0,2
0,2,0,0,2
0,4,0,0,4
0,5,0,0,5
0,1,0,0,1
0,2,0,0,2
0,2,0,0,2
0,2,0,0,2
0,4,0,0,4
0,1,1,0,2
0,4,0,0,4
0,3,0,0,3
0,1,0,0,1
0,4,1,0,5
0,1,0,0,1
0,1,0,0,1
0,2,0,0,2
0,2,0,0,2
0,3,0,0,3
0,2,0,0,2
0,1,0,0,1
0,2,0,0,2
0,1,0,0,1
0,2,0,0,2
0,2,1,0,3
0,2,0,0,2
0,2,0,0,2
0,2,0,0,2
0,2,0,0,2
0,2,1,0,3
0,2,0,0,2
0,2,0,0,2
0,3,0,0,3
0,2,0,0,2
0,2,0,0,2
0,1,0,0,1
0,1,0,0,1
0,1,1,0,2
0,6,0,0,6
0,4,0,0,4
0,5,0,0,5
0,1,0,0,1
0,1,0,0,1
0,1,0,0,1
0,2,0,0,2
0,3,0,0,3
0,1,0,0,1
0,1,1,0,2
0,2,0,0,2
0,1,0,0,1
0,1,0,0,1
0,2,0,0,2
0,2,0,0,2
0,4,0,0,4
0,1,0,0,1
0,2,0,0,2
0,3,1,0,4
0,4,2,0,6
0,4,0,0,4
0,4,0,0,4
0,2,0,0,2
0,2,0,0,2
0,1,0,0,1
0,5,0,0,5
0,3,0,0,3
0,2,0,0,2
0,1,0,0,1
0,1,1,0,2
0,2,0,0,2
0,2,0,0,2
0,7,0,0,7
0,2,2,0,4
0,4,0,0,4
0,2,0,0,2
0,2,0,0,2
0,2,0,0,2
0,2,0,0,2
0,2,0,0,2
0,8,0,0,8
0,8,0,0,8
0,3,1,0,4
0,3,0,0,3
0,8,0,0,8
0,8,0,0,8
0,2,0,0,2
0,1,0,0,1
0,2,0,0,2
0,1,0,0,1
0,4,0,0,4
0,4,0,0,4
0,2,0,0,2
0,3,1,0,4
0,1,0,0,1
0,4,0,0,4
0,4,0,0,4
0,2,0,0,2
0,3,0,0,3
0,4,0,0,4
0,2,0,0,2
0,3,0,0,3
0,3,0,0,3
0,1,0,0,1
0,3,0,0,3
0,6,0,0,6
0,5,1,0,6
0,4,0,0,4
0,1,1,0,2
0,2,0,0,2
0,4,0,0,4
0,6,0,0,6
0,2,0,0,2
0,3,3,0,6
0,6,0,0,6
0,2,1,0,3
0,2,0,0,2
0,1,0,0,1
0,2,0,0,2
0,3,0,0,3
0,4,0,0,4
0,3,0,0,3
0,1,1,0,2
0,1,0,0,1
0,1,0,0,1
0,3,0,0,3
0,2,0,0,2
0,1,0,0,1
0,2,1,0,3
0,2,0,0,2
0,2,0,0,2
0,2,1,0,3
0,3,0,0,3
0,1,0,0,1
0,2,0,0,2
0,4,0,0,4
0,1,0,0,1
0,1,1,0,2
0,1,0,0,1
0,2,0,0,2
0,2,0,0,2
0,5,0,0,5
0,3,2,0,5
0,3,0,0,3
0,1,0,0,1
0,6,1,0,7
0,3,0,0,3
0,1,0,0,1
0,3,0,0,3
0,1,0,0,1
0,1,0,0,1
0,6,0,0,6
0,2,0,0,2
0,2,0,0,2
0,2,0,0,2
0,1,1,0,2
0,2,0,0,2
0,1,0,0,1
0,3,0,0,3
0,3,0,0,3
0,1,0,0,1
0,1,0,0,1
0,2,0,0,2
0,7,4,0,11
0,4,0,0,4
0,2,0,0,2
0,2,0,0,2
0,3,1,0,4
0,4,0,0,4
0,3,0,0,3
0,3,0,0,3
0,6,6,0,12
0,1,0,0,1
0,1,1,0,2
0,2,0,0,2
0,2,0,0,2
0,4,0,0,4
0,2,0,0,2
0,1,0,0,1
0,4,0,0,4
0,2,0,0,2
0,1,0,0,1
0,1,1,0,2
0,8,0,0,8
0,8,0,0,8
0,3,0,0,3
0,2,0,0,2
0,4,0,0,4
0,1,0,0,1
0,2,0,0,2
0,1,0,0,1
0,1,0,0,1
0,1,0,0,1
0,2,0,0,2
0,3,0,0,3
0,2,0,0,2
0,3,0,0,3
0,5,1,0,6
0,2,0,0,2
0,1,0,0,1
0,1,0,0,1
0,1,1,0,2
0,2,0,0,2
0,2,0,0,2
0,9,0,0,9
0,4,0,0,4
0,1,0,0,1
0,2,0,0,2
0,3,0,0,3
0,2,0,0,2
0,1,0,0,1
0,1,0,0,1
0,1,0,0,1
0,4,3,0,7
0,5,0,0,5
0,4,0,0,4
0,5,0,0,5
0,1,0,0,1
0,1,0,0,1
0,2,0,0,2
0,1,0,0,1
0,2,0,0,2
0,1,0,0,1
0,4,0,0,4
0,5,0,0,5
0,4,0,0,4
0,1,0,0,1
0,3,0,0,3
0,2,0,0,2
0,1,0,0,1
0,1,1,0,2
0,1,0,0,1
0,4,0,0,4
0,4,0,0,4
0,1,0,0,1
0,2,0,0,2
0,1,0,0,1
0,2,0,0,2
0,1,0,0,1
0,5,0,0,5
0,5,0,0,5
0,2,0,0,2
0,4,0,0,4
0,1,2,0,3
0,2,0,0,2
0,1,0,0,1
0,2,0,0,2
0,1,0,0,1
0,2,0,0,2
0,7,0,0,7
0,1,0,0,1
0,1,0,0,1
0,2,0,0,2
0,1,1,0,2
0,1,0,0,1
0,2,0,0,2
0,1,0,0,1
0,2,0,0,2
0,4,0,0,4
0,3,0,0,3
0,2,0,0,2
0,1,1,0,2
0,11,0,0,11
0,1,0,0,1
0,2,0,0,2
0,3,0,0,3
0,3,1,0,4
0,3,0,0,3
0,3,0,0,3
0,4,0,0,4
0,4,0,0,4
0,2,0,0,2
0,2,1,0,3
0,2,0,0,2
0,1,0,0,1
0,1,1,0,2
0,2,0,0,2
0,5,0,0,5
0,5,0,0,5
0,1,0,0,1
0,3,1,0,4
0,2,0,0,2
0,4,0,0,4
0,5,0,0,5
0,4,0,0,4
0,1,1,0,2
0,1,0,0,1
0,3,0,0,3
0,1,0,0,1
0,2,0,0,2
0,5,1,0,6
0,4,1,0,5
0,1,0,0,1
0,7,0,0,7
0,2,0,0,2
0,11,0,0,11
0,1,0,0,1
0,1,0,0,1
0,3,0,0,3
0,2,0,0,2
0,2,0,0,2
0,3,0,0,3
0,2,0,0,2
0,1,0,0,1
0,2,0,0,2
0,2,1,0,3
0,2,0,0,2
0,1,0,0,1
0,2,0,0,2
0,2,0,0,2
0,1,0,0,1
0,5,6,0,11
0,3,0,0,3
0,3,0,0,3
0,3,0,0,3
0,3,0,0,3
0,1,0,0,1
0,1,0,0,1
0,5,1,0,6
0,1,0,0,1
0,8,0,0,8
0,4,0,0,4
0,1,1,0,2
0,1,1,0,2
0,2,0,0,2
0,2,0,0,2
0,3,0,0,3
0,2,0,0,2
0,1,0,0,1
0,1,0,0,1
0,1,0,0,1
0,3,0,0,3
0,1,1,0,2
0,3,0,0,3
0,6,0,0,6
0,7,1,0,8
0,8,0,0,8
0,3,0,0,3
0,2,0,0,2
0,2,0,0,2
0,3,0,0,3
0,2,0,0,2
0,3,0,0,3
0,3,0,0,3
0,1,0,0,1
0,2,0,0,2
0,5,0,0,5
0,7,0,0,7
0,1,0,0,1
0,5,0,0,5
0,4,0,0,4
0,1,0,0,1
0,1,1,0,2
0,1,0,0,1
0,3,0,0,3
0,2,0,0,2
0,10,0,0,10
0,3,0,0,3
0,8,0,0,8
0,2,0,0,2
0,1,0,0,1
0,2,0,0,2
0,2,0,0,2
0,1,0,0,1
0,4,0,0,4
0,2,0,0,2
0,4,0,0,4
0,4,0,0,4
0,7,0,0,7
0,6,0,0,6
0,4,0,0,4
0,2,0,0,2
0,2,0,0,2
0,1,0,0,1
0,1,0,0,1
0,1,0,0,1
0,2,0,0,2
0,1,0,0,1
0,1,0,0,1
0,1,0,0,1
0,2,0,0,2
0,2,0,0,2
0,3,1,0,4
0,2,0,0,2
0,6,0,0,6
0,2,0,0,2
0,4,0,0,4
0,1,1,0,2
0,2,0,0,2
0,1,0,0,1
0,2,2,0,4
0,2,0,0,2
0,2,0,0,2
0,1,1,0,2
0,2,0,0,2
0,1,0,0,1
0,4,0,0,4
0,3,0,0,3
0,3,0,0,3
0,2,0,0,2
0,1,0,0,1
0,2,0,0,2
0,2,0,0,2
0,10,0,0,10
0,1,0,0,1
0,1,1,0,2
0,3,0,0,3
0,6,0,0,6
0,1,1,0,2
0,3,0,0,3
0,2,0,0,2
0,1,0,0,1
0,6,0,0,6
0,4,0,0,4
0,3,0,0,3
0,3,0,0,3
0,2,0,0,2
0,2,0,0,2
0,1,0,0,1
0,6,0,0,6
0,1,0,0,1
0,1,0,0,1
0,1,0,0,1
0,2,0,0,2
0,3,0,0,3
0,4,1,0,5
0,2,0,0,2
0,2,1,0,3
0,2,3,0,5
0,1,0,0,1
0,2,0,0,2
0,3,0,0,3
0,2,0,0,2
0,1,0,0,1
0,4,0,0,4
0,1,1,0,2
0,3,0,0,3
0,2,0,0,2
0,3,0,0,3
0,1,0,0,1
0,2,0,0,2
0,3,0,0,3
0,3,0,0,3
0,2,0,0,2
0,1,1,0,2
0,6,0,0,6
0,2,0,0,2
0,1,0,0,1
0,2,0,0,2
0,3,0,0,3
0,1,1,0,2
0,2,1,0,3
0,1,0,0,1
0,1,0,0,1
0,2,0,0,2
0,2,0,0,2
0,1,0,0,1
0,2,0,0,2
0,2,0,0,2
0,1,0,0,1
0,1,1,0,2
0,2,0,0,2
0,2,0,0,2
0,2,1,0,3
0,1,0,0,1
0,1,1,0,2
0,1,0,0,1
0,1,1,0,2
0,5,0,0,5
0,2,0,0,2
0,1,1,0,2
0,1,0,0,1
0,5,0,0,5
0,6,0,0,6
0,1,0,0,1
0,2,0,0,2
0,2,0,0,2
0,2,0,0,2
0,4,0,0,4
0,2,0,0,2
0,2,0,0,2
0,3,0,0,3
0,2,0,0,2
0,1,0,0,1
0,1,0,0,1
0,3,0,0,3
0,1,0,0,1
0,5,0,0,5
0,1,1,0,2
0,8,0,0,8
0,16,0,0,16
0,12,0,0,12
0,4,0,0,4
0,2,0,0,2
0,1,0,0,1
0,3,0,0,3
0,3,0,0,3
0,1,0,0,1
0,1,0,0,1
0,7,0,0,7
0,1,1,0,2
0,1,1,0,2
0,1,0,0,1
0,1,0,0,1
0,2,0,0,2
0,2,0,0,2
0,4,0,0,4
0,3,0,0,3
0,2,0,0,2
0,4,0,0,4
0,7,0,0,7
0,1,0,0,1
0,2,0,0,2
0,3,0,0,3
0,3,0,0,3
0,2,0,0,2
0,2,0,0,2
0,2,0,0,2
0,1,0,0,1
0,4,0,0,4
0,1,1,0,2
0,3,0,0,3
0,2,0,0,2
0,1,0,0,1
0,1,0,0,1
0,3,0,0,3
0,1,1,0,2
0,1,0,0,1
0,2,0,0,2
0,5,0,0,5
0,2,0,0,2
0,1,0,0,1
0,2,0,0,2
0,6,0,0,6
0,6,0,0,6
0,2,2,0,4
0,2,1,0,3
0,1,0,0,1
0,1,1,0,2
0,1,0,0,1
0,2,1,0,3
0,5,1,0,6
0,2,0,0,2
0,2,0,0,2
0,2,0,0,2
0,2,0,0,2
0,2,0,0,2
0,2,0,0,2
0,2,0,0,2
0,1,0,0,1
0,1,0,0,1
0,2,0,0,2
0,2,0,0,2
0,2,0,0,2
0,2,0,0,2
0,2,0,0,2
0,2,0,0,2
0,1,1,0,2
0,1,0,0,1
0,1,0,0,1
0,2,0,0,2
0,2,0,0,2
0,2,0,0,2
0,1,0,0,1
0,2,0,0,2
0,4,0,0,4
0,2,0,0,2
0,1,1,0,2
0,1,1,0,2
0,2,0,0,2
0,4,0,0,4
0,1,0,0,1
0,5,0,0,5
0,1,0,0,1
0,4,0,0,4
0,2,0,0,2
0,3,0,0,3
0,3,0,0,3
0,3,0,0,3
0,6,0,0,6
0,6,0,0,6
0,3,0,0,3
0,3,0,0,3
0,1,0,0,1
0,7,1,0,8
0,1,0,0,1
0,1,1,0,2
0,5,0,0,5
0,1,0,0,1
0,1,0,0,1
0,2,0,0,2
0,1,0,0,1
0,2,0,0,2
0,2,1,0,3
0,1,0,0,1
0,1,0,0,1
0,2,0,0,2
0,1,0,0,1
0,2,0,0,2
0,1,0,0,1
0,3,1,0,4
0,3,0,0,3
0,2,0,0,2
0,3,0,0,3
0,4,0,0,4
0,1,0,0,1
0,2,0,0,2
0,2,0,0,2
0,2,1,0,3
0,2,1,0,3
0,1,0,0,1
0,2,0,0,2
0,2,0,0,2
0,2,0,0,2
0,2,0,0,2
0,1,0,0,1
0,2,0,0,2
0,3,0,0,3
0,5,0,0,5
0,2,6,0,8
0,2,0,0,2
0,1,0,0,1
0,2,0,0,2
0,2,0,0,2
0,1,1,0,2
0,1,1,0,2
0,4,0,0,4
0,5,1,0,6
0,1,0,0,1
0,1,0,0,1
0,1,0,0,1
0,1,0,0,1
0,2,0,0,2
0,1,0,0,1
0,8,0,0,8
0,2,1,0,3
0,2,0,0,2
0,1,0,0,1
0,1,3,0,4
0,3,0,0,3
0,3,0,0,3
0,3,0,0,3
0,15,3,0,18
0,5,0,0,5
0,1,0,0,1
0,1,0,0,1
0,1,0,0,1
0,2,0,0,2
0,3,0,0,3
0,3,0,0,3
0,2,0,0,2
0,4,0,0,4
0,1,0,0,1
0,2,0,0,2
0,1,0,0,1
0,1,0,0,1
0,2,0,0,2
0,3,0,0,3
0,4,0,0,4
0,2,0,0,2
0,1,0,0,1
0,2,0,0,2
0,2,0,0,2
0,9,0,0,9
0,2,0,0,2
0,3,0,0,3
0,1,0,0,1
0,2,0,0,2
0,2,0,0,2
0,2,0,0,2
0,1,0,0,1
0,2,0,0,2
0,2,0,0,2
0,2,0,0,2
0,2,1,0,3
0,2,0,0,2
0,1,1,0,2
0,2,0,0,2
0,3,0,0,3
0,2,1,0,3
0,1,0,0,1
0,3,0,0,3
0,1,1,0,2
0,1,0,0,1
0,2,0,0,2
0,1,0,0,1
0,2,3,0,5
0,2,0,0,2
0,2,0,0,2
0,2,0,0,2
0,2,0,0,2
0,2,0,0,2
0,2,0,0,2
0,3,0,0,3
0,1,0,0,1
0,10,0,0,10
0,2,0,0,2
0,1,0,0,1
0,5,0,0,5
0,4,0,0,4
0,1,0,0,1
0,4,0,0,4
0,3,1,0,4
0,6,0,0,6
0,6,0,0,6
0,2,0,0,2
0,4,0,0,4
0,3,0,0,3
0,3,0,0,3
0,3,1,0,4
0,2,0,0,2
0,1,0,0,1
0,1,0,0,1
0,1,1,0,2
0,2,0,0,2
0,3,0,0,3
0,3,0,0,3
0,9,0,0,9
0,2,0,0,2
0,6,1,0,7
0,3,0,0,3
0,1,0,0,1
0,2,0,0,2
0,3,0,0,3
0,1,0,0,1
0,2,0,0,2
0,2,0,0,2
0,2,0,0,2
0,1,0,0,1
0,1,0,0,1
0,2,0,0,2
0,8,2,0,10
0,4,0,0,4
0,4,0,0,4
0,1,0,0,1
0,1,0,0,1
0,1,0,0,1
0,3,0,0,3
0,1,0,0,1
0,1,0,0,1
0,4,0,0,4
0,2,0,0,2
0,3,0,0,3
0,2,0,0,2
0,1,1,0,2
0,1,1,0,2
0,1,0,0,1
0,2,0,0,2
0,2,0,0,2
0,1,1,0,2
0,1,0,0,1
0,4,0,0,4
0,3,0,0,3
0,2,0,0,2
0,1,0,0,1
0,4,0,0,4
0,4,0,0,4
0,1,0,0,1
0,2,0,0,2
0,4,0,0,4
0,2,0,0,2
0,2,0,0,2
0,3,0,0,3
0,2,0,0,2
0,2,0,0,2
0,2,0,0,2
0,2,0,0,2
0,2,0,0,2
0,1,0,0,1
0,2,0,0,2
0,2,0,0,2
0,2,0,0,2
0,3,0,0,3
0,4,0,0,4
0,6,1,0,7
0,8,1,0,9
0,4,0,0,4
0,8,0,0,8
0,2,1,0,3
0,1,0,0,1
0,4,2,0,6
0,1,0,0,1
0,2,0,0,2
0,2,0,0,2
0,2,0,0,2
0,2,0,0,2
0,2,0,0,2
0,2,0,0,2
0,4,0,0,4
0,1,1,0,2
0,1,0,0,1
0,2,0,0,2
0,2,0,0,2
0,1,0,0,1
0,3,0,0,3
0,2,0,0,2
0,2,0,0,2
0,2,0,0,2
0,2,1,0,3
0,2,0,0,2
0,2,0,0,2
0,5,0,0,5
0,9,0,0,9
0,8,0,0,8
0,1,1,0,2
0,1,0,0,1
0,4,0,0,4
0,1,0,0,1
0,2,0,0,2
0,4,1,0,5
0,4,1,0,5
0,3,0,0,3
0,1,0,0,1
0,5,0,0,5
0,1,0,0,1
0,1,1,0,2
0,1,0,0,1
0,1,0,0,1
0,1,1,0,2
0,9,0,0,9
0,1,0,0,1
0,1,0,0,1
0,2,0,0,2
0,2,0,0,2
0,2,2,0,4
0,2,0,0,2
0,2,0,0,2
0,3,0,0,3
0,2,0,0,2
0,2,0,0,2
0,2,0,0,2
0,3,0,0,3
0,1,0,0,1
0,1,0,0,1
0,1,0,0,1
0,2,0,0,2
0,2,0,0,2
0,2,0,0,2
0,3,1,0,4
0,1,0,0,1
0,1,0,0,1
0,1,1,0,2
0,2,0,0,2
0,2,0,0,2
0,3,0,0,3
0,2,0,0,2
0,2,0,0,2
0,3,0,0,3
0,4,0,0,4
0,4,0,0,4
0,1,0,0,1
0,1,1,0,2
0,1,0,0,1
0,1,0,0,1
0,2,0,0,2
0,2,0,0,2
0,2,0,0,2
0,1,0,0,1
0,6,0,0,6
0,1,0,0,1
0,4,0,0,4
0,2,0,0,2
0,2,0,0,2
0,2,0,0,2
0,1,0,0,1
0,1,0,0,1
0,1,0,0,1
0,1,0,0,1
0,1,0,0,1
0,2,0,0,2
0,3,0,0,3
0,5,0,0,5
0,3,0,0,3
0,1,0,0,1
0,1,0,0,1
0,3,0,0,3
0,2,0,0,2
0,1,0,0,1
0,2,0,0,2
0,2,0,0,2
0,1,0,0,1
0,1,0,0,1
0,1,1,0,2
0,1,0,0,1
0,1,1,0,2
0,1,0,0,1
0,2,0,0,2
0,1,0,0,1
0,3,0,0,3
0,2,0,0,2
0,5,1,0,6
0,1,0,0,1
0,2,0,0,2
0,4,0,0,4
0,3,0,0,3
0,2,0,0,2
0,3,0,0,3
0,1,1,0,2
0,1,0,0,1
0,2,0,0,2
0,3,0,0,3
0,2,0,0,2
0,1,0,0,1
0,1,1,0,2
0,6,0,0,6
0,7,0,0,7
0,1,0,0,1
0,6,0,0,6
0,5,0,0,5
0,2,0,0,2
0,2,0,0,2
0,1,0,0,1
0,1,0,0,1
0,1,1,0,2
0,4,0,0,4
0,2,0,0,2
0,1,0,0,1
0,2,0,0,2
0,2,0,0,2
0,1,0,0,1
0,1,1,0,2
0,1,0,0,1
0,2,0,0,2
0,1,0,0,1
0,5,0,0,5
0,1,0,0,1
0,4,0,0,4
0,3,0,0,3
0,3,0,0,3
0,1,0,0,1
0,8,0,0,8
0,2,0,0,2
0,3,0,0,3
0,3,0,0,3
0,1,0,0,1
0,3,0,0,3
0,2,0,0,2
0,1,0,0,1
0,3,0,0,3
0,2,0,0,2
0,2,0,0,2
0,4,0,0,4
0,2,0,0,2
0,1,1,0,2
0,1,0,0,1
0,3,0,0,3
0,3,0,0,3
0,7,0,0,7
0,2,0,0,2
0,3,0,0,3
0,2,0,0,2
0,1,0,0,1
0,1,0,0,1
0,2,0,0,2
0,1,0,0,1
0,1,0,0,1
0,1,0,0,1
0,1,0,0,1
0,3,0,0,3
0,3,0,0,3
0,1,1,0,2
0,2,0,0,2
0,5,0,0,5
0,1,1,0,2
0,1,0,0,1
0,5,1,0,6
0,5,1,0,6
0,1,0,0,1
0,2,0,0,2
0,2,0,0,2
0,2,1,0,3
0,1,0,0,1
0,1,0,0,1
0,2,0,0,2
0,1,0,0,1
0,2,0,0,2
0,1,0,0,1
0,2,0,0,2
0,1,0,0,1
0,2,0,0,2
0,5,0,0,5
0,6,0,0,6
0,5,0,0,5
0,1,0,0,1
0,1,0,0,1
0,1,0,0,1
0,2,0,0,2
0,1,0,0,1
0,2,0,0,2
0,3,0,0,3
0,4,0,0,4
0,1,0,0,1
0,1,0,0,1
0,2,0,0,2
0,2,0,0,2
0,2,0,0,2
0,1,0,0,1
0,3,0,0,3
0,5,0,0,5
0,2,0,0,2
0,1,0,0,1
0,4,0,0,4
0,2,0,0,2
0,1,1,0,2
0,4,0,0,4
0,3,0,0,3
0,1,0,0,1
0,3,0,0,3
0,5,0,0,5
0,4,0,0,4
0,2,0,0,2
0,2,0,0,2
0,2,0,0,2
0,7,0,0,7
0,4,0,0,4
0,3,0,0,3
0,1,1,0,2
0,6,0,0,6
0,3,0,0,3
0,2,0,0,2
0,3,0,0,3
0,1,0,0,1
0,2,0,0,2
0,2,0,0,2
0,1,0,0,1
0,2,0,0,2
0,1,0,0,1
0,1,0,0,1
0,5,0,0,5
0,1,1,0,2
0,1,0,0,1
0,1,0,0,1
0,2,0,0,2
0,1,0,0,1
0,2,0,0,2
0,1,0,0,1
0,1,0,0,1
0,2,0,0,2
0,2,0,0,2
0,1,0,0,1
0,3,0,0,3
0,1,0,0,1
0,6,0,0,6
0,2,0,0,2
0,2,0,0,2
0,5,1,0,6
0,1,1,0,2
0,2,0,0,2
0,13,0,0,13
0,1,0,0,1
0,2,0,0,2
0,2,0,0,2
0,2,0,0,2
0,1,0,0,1
0,2,0,0,2
0,1,0,0,1
0,2,0,0,2
0,2,0,0,2
0,2,0,0,2
0,4,0,0,4
0,6,0,0,6
0,2,0,0,2
0,1,0,0,1
0,1,0,0,1
0,2,0,0,2
0,1,0,0,1
0,3,0,0,3
0,3,0,0,3
0,1,0,0,1
0,2,0,0,2
0,2,2,0,4
0,6,0,0,6
0,2,0,0,2
0,3,0,0,3
0,2,0,0,2
0,1,1,0,2
0,1,0,0,1
0,2,0,0,2
0,2,0,0,2
0,3,1,0,4
0,1,1,0,2
0,2,1,0,3
0,5,1,0,6
0,2,1,0,3
0,2,0,0,2
0,1,0,0,1
0,4,0,0,4
0,1,0,0,1
0,4,4,0,8
0,1,2,0,3
0,3,0,0,3
0,2,0,0,2
0,3,0,0,3
0,3,0,0,3
0,3,1,0,4
0,1,0,0,1
0,1,1,0,2
0,1,1,0,2
0,1,0,0,1
0,1,0,0,1
0,3,0,0,3
0,1,0,0,1
0,2,0,0,2
0,2,0,0,2
0,1,1,0,2
0,1,0,0,1
0,1,0,0,1
0,4,0,0,4
0,3,0,0,3
0,3,0,0,3
0,4,0,0,4
0,4,1,0,5
0,4,0,0,4
0,4,0,0,4
0,3,0,0,3
0,1,0,0,1
0,3,0,0,3
0,1,0,0,1
0,1,0,0,1
0,2,0,0,2
0,2,0,0,2
0,3,0,0,3
0,1,0,0,1
0,3,1,0,4
0,2,2,0,4
0,1,1,0,2
0,5,0,0,5
0,1,0,0,1
0,1,0,0,1
0,3,0,0,3
0,8,0,0,8
0,4,0,0,4
0,4,0,0,4
0,2,0,0,2
0,2,0,0,2
0,3,0,0,3
0,1,1,0,2
0,2,0,0,2
0,2,0,0,2
0,1,0,0,1
0,1,0,0,1
0,1,2,0,3
0,1,1,0,2
0,3,0,0,3
0,1,0,0,1
0,2,0,0,2
0,1,0,0,1
0,3,2,0,5
0,2,0,0,2
0,5,0,0,5
0,3,0,0,3
0,3,0,0,3
0,2,0,0,2
0,2,1,0,3
0,2,0,0,2
0,2,0,0,2
0,4,0,0,4
0,4,1,0,5
0,1,0,0,1
0,2,0,0,2
0,1,0,0,1
0,5,0,0,5
0,5,0,0,5
0,3,0,0,3
0,1,0,0,1
0,1,0,0,1
0,1,0,0,1
0,2,0,0,2
0,2,0,0,2
0,6,0,0,6
0,1,0,0,1
0,4,0,0,4
0,3,0,0,3
0,10,0,0,10
0,8,0,0,8
0,2,0,0,2
0,3,0,0,3
0,2,0,0,2
0,1,0,0,1
0,2,0,0,2
0,1,0,0,1
0,3,0,0,3
0,3,0,0,3
0,2,0,0,2
0,1,0,0,1
0,1,1,0,2
0,4,0,0,4
0,2,0,0,2
0,2,0,0,2
0,1,0,0,1
0,6,2,0,8
0,3,1,0,4
0,2,0,0,2
0,3,0,0,3
0,5,0,0,5
0,5,0,0,5
0,6,0,0,6
0,2,1,0,3
0,2,0,0,2
0,4,0,0,4
0,3,0,0,3
0,7,0,0,7
0,1,0,0,1
0,2,0,0,2
0,2,0,0,2
0,1,0,0,1
0,1,0,0,1
0,2,0,0,2
0,1,0,0,1
0,2,0,0,2
0,1,0,0,1
0,3,0,0,3
0,4,0,0,4
0,6,0,0,6
0,2,0,0,2
0,1,0,0,1
0,1,0,0,1
0,1,0,0,1
0,1,0,0,1
0,1,0,0,1
0,1,2,0,3
0,2,0,0,2
0,1,0,0,1
0,2,0,0,2
0,1,0,0,1
0,3,0,0,3
0,8,0,0,8
0,4,0,0,4
0,2,0,0,2
0,1,4,0,5
0,2,0,0,2
0,2,0,0,2
0,1,0,0,1
0,4,0,0,4
0,4,0,0,4
0,2,0,0,2
0,2,0,0,2
0,2,0,0,2
0,3,0,0,3
0,2,0,0,2
0,5,0,0,5
0,2,0,0,2
0,2,0,0,2
0,2,0,0,2
0,2,0,0,2
0,4,0,0,4
0,2,0,0,2
0,2,0,0,2
0,4,0,0,4
0,2,1,0,3
0,2,0,0,2
0,2,0,0,2
0,3,0,0,3
0,1,0,0,1
0,1,1,0,2
0,2,0,0,2
0,2,1,0,3
0,2,0,0,2
0,9,0,0,9
0,6,0,0,6
0,1,0,0,1
0,1,0,0,1
0,2,0,0,2
0,1,0,0,1
0,2,0,0,2
0,6,0,0,6
0,2,0,0,2
0,1,0,0,1
0,2,0,0,2
0,2,0,0,2
0,2,0,0,2
0,2,0,0,2
0,2,0,0,2
0,3,0,0,3
0,2,0,0,2
0,5,0,0,5
0,5,0,0,5
0,1,0,0,1
0,4,2,0,6
0,2,0,0,2
0,3,0,0,3
0,1,0,0,1
0,1,0,0,1
0,1,0,0,1
0,1,0,0,1
0,1,2,0,3
0,3,0,0,3
0,1,1,0,2
0,2,0,0,2
0,1,0,0,1
0,1,3,0,4
0,1,0,0,1
0,8,0,0,8
0,1,1,0,2
0,2,0,0,2
0,3,0,0,3
0,2,0,0,2
0,2,0,0,2
0,1,0,0,1
0,2,0,0,2
0,2,0,0,2
0,2,0,0,2
0,4,0,0,4
0,4,0,0,4
0,3,0,0,3
0,1,0,0,1
0,6,0,0,6
0,1,0,0,1
0,3,0,0,3
0,1,0,0,1
0,1,0,0,1
0,10,0,0,10
0,5,1,0,6
0,2,0,0,2
0,2,0,0,2
0,1,0,0,1
0,1,0,0,1
0,1,0,0,1
0,4,0,0,4
0,2,1,0,3
0,3,0,0,3
0,6,0,0,6
0,4,0,0,4
0,1,1,0,2
0,1,0,0,1
0,1,0,0,1
0,1,0,0,1
0,4,0,0,4
0,4,0,0,4
0,1,0,0,1
0,2,0,0,2
0,1,0,0,1
0,2,0,0,2
0,2,0,0,2
0,2,0,0,2
0,1,0,0,1
0,1,0,0,1
0,2,0,0,2
0,1,0,0,1
0,2,0,0,2
0,3,0,0,3
0,2,0,0,2
0,2,0,0,2
0,5,0,0,5
0,1,0,0,1
0,4,1,0,5
0,1,1,0,2
0,1,0,0,1
0,1,0,0,1
0,6,0,0,6
0,3,0,0,3
0,3,0,0,3
0,2,0,0,2
0,3,1,0,4
0,2,0,0,2
0,2,0,0,2
0,1,0,0,1
0,4,3,0,7
0,1,0,0,1
0,1,0,0,1
0,3,0,0,3
0,5,0,0,5
0,6,0,0,6
0,3,0,0,3
0,2,0,0,2
0,2,0,0,2
0,1,1,0,2
0,1,0,0,1
0,1,0,0,1
0,2,0,0,2
0,2,0,0,2
0,1,1,0,2
0,4,1,0,5
0,6,0,0,6
0,2,0,0,2
0,1,1,0,2
0,1,0,0,1
0,2,0,0,2
0,3,0,0,3
0,1,0,0,1
0,2,0,0,2
0,4,0,0,4
0,5,0,0,5
0,2,0,0,2
0,1,0,0,1
0,1,0,0,1
0,2,1,0,3
0,1,0,0,1
0,2,0,0,2
0,3,0,0,3
0,4,1,0,5
0,2,0,0,2
0,3,0,0,3
0,3,0,0,3
0,5,0,0,5
0,2,0,0,2
0,3,0,0,3
0,4,1,0,5
0,1,1,0,2
0,2,0,0,2
0,2,0,0,2
0,3,0,0,3
0,1,0,0,1
0,2,0,0,2
0,2,0,0,2
0,1,1,0,2
0,2,0,0,2
0,3,0,0,3
0,4,0,0,4
0,2,1,0,3
0,1,0,0,1
0,1,1,0,2
0,1,0,0,1
0,2,0,0,2
0,1,0,0,1
0,3,0,0,3
0,3,1,0,4
0,2,0,0,2
0,1,1,0,2
0,1,0,0,1
0,1,0,0,1
0,2,0,0,2
0,2,0,0,2
0,3,0,0,3
0,6,0,0,6
0,1,1,0,2
0,1,0,0,1
0,6,0,0,6
0,5,0,0,5
0,4,0,0,4
0,2,0,0,2
0,1,0,0,1
0,1,0,0,1
0,1,0,0,1
0,2,0,0,2
0,4,0,0,4
0,2,0,0,2
0,2,0,0,2
0,4,0,0,4
0,4,0,0,4
0,3,0,0,3
0,2,0,0,2
0,2,0,0,2
0,7,1,0,8
0,2,0,0,2
0,2,0,0,2
0,2,0,0,2
0,2,0,0,2
0,3,0,0,3
0,4,0,0,4
0,3,0,0,3
0,4,0,0,4
0,2,0,0,2
0,1,2,0,3
0,1,3,0,4
0,4,0,0,4
0,2,0,0,2
0,1,0,0,1
0,8,0,0,8
0,1,0,0,1
0,1,0,0,1
0,2,1,0,3
0,2,1,0,3
0,4,0,0,4
0,1,0,0,1
0,2,0,0,2
0,1,0,0,1
0,6,0,0,6
0,3,0,0,3
0,3,0,0,3
0,1,0,0,1
0,2,0,0,2
0,2,0,0,2
0,2,0,0,2
0,2,0,0,2
0,2,0,0,2
0,1,4,0,5
0,3,0,0,3
0,1,1,0,2
0,3,0,0,3
0,3,0,0,3
0,1,0,0,1
0,4,1,0,5
0,4,0,0,4
0,5,0,0,5
0,4,0,0,4
0,6,0,0,6
0,3,0,0,3
0,1,0,0,1
0,2,2,0,4
0,1,0,0,1
0,2,0,0,2
0,1,0,0,1
0,1,0,0,1
0,2,1,0,3
0,2,0,0,2
0,5,0,0,5
0,2,0,0,2
0,2,0,0,2
0,1,0,0,1
0,2,0,0,2
0,4,0,0,4
0,2,0,0,2
0,2,0,0,2
0,1,0,0,1
0,1,0,0,1
0,1,1,0,2
0,2,0,0,2
0,2,0,0,2
0,2,0,0,2
0,3,1,0,4
0,1,0,0,1
0,1,0,0,1
0,4,0,0,4
0,2,0,0,2
0,4,0,0,4
0,1,1,0,2
0,1,1,0,2
0,1,0,0,1
0,1,0,0,1
0,1,0,0,1
0,4,2,0,6
0,1,0,0,1
0,1,0,0,1
0,2,0,0,2
0,4,0,0,4
0,1,1,0,2
0,3,0,0,3
0,1,0,0,1
0,2,0,0,2
0,1,0,0,1
0,1,0,0,1
0,1,0,0,1
0,6,0,0,6
0,1,0,0,1
0,2,0,0,2
0,2,2,0,4
0,1,1,0,2
0,4,0,0,4
0,1,0,0,1
0,1,0,0,1
0,2,0,0,2
0,1,0,0,1
0,1,0,0,1
0,1,0,0,1
0,2,0,0,2
0,2,1,0,3
0,5,0,0,5
0,2,0,0,2
0,10,0,0,10
0,1,0,0,1
0,1,0,0,1
0,7,0,0,7
0,8,0,0,8
0,2,0,0,2
0,2,0,0,2
0,2,0,0,2
0,3,0,0,3
0,4,0,0,4
0,4,0,0,4
0,2,0,0,2
0,2,0,0,2
0,2,0,0,2
0,13,0,0,13
0,1,0,0,1
0,2,0,0,2
0,3,0,0,3
0,3,2,0,5
0,1,0,0,1
0,4,0,0,4
0,4,1,0,5
0,2,0,0,2
0,1,1,0,2
0,1,0,0,1
0,1,1,0,2
0,3,0,0,3
0,1,0,0,1
0,2,0,0,2
0,2,0,0,2
0,2,0,0,2
0,2,0,0,2
0,2,1,0,3
0,1,1,0,2
0,3,0,0,3
0,4,0,0,4
0,3,1,0,4
0,2,0,0,2
0,1,0,0,1
0,1,0,0,1
0,1,0,0,1
0,2,1,0,3
0,4,0,0,4
0,2,0,0,2
0,2,0,0,2
0,3,1,0,4
0,3,0,0,3
0,3,0,0,3
0,2,0,0,2
0,2,0,0,2
0,7,0,0,7
0,1,0,0,1
0,2,0,0,2
0,2,0,0,2
0,1,0,0,1
0,4,0,0,4
0,1,0,0,1
0,1,1,0,2
0,1,0,0,1
0,2,0,0,2
0,2,0,0,2
0,3,0,0,3
0,3,0,0,3
0,2,0,0,2
0,2,0,0,2
0,2,0,0,2
0,2,1,0,3
0,1,0,0,1
0,1,0,0,1
0,2,0,0,2
0,2,1,0,3
0,2,0,0,2
0,2,0,0,2
0,2,0,0,2
0,2,0,0,2
0,2,0,0,2
0,2,0,0,2
0,2,0,0,2
0,5,1,0,6
0,1,1,0,2
0,2,0,0,2
0,2,0,0,2
0,2,0,0,2
0,1,2,0,3
0,4,0,0,4
0,2,0,0,2
0,2,0,0,2
0,2,0,0,2
0,1,1,0,2
0,3,0,0,3
0,2,0,0,2
0,2,0,0,2
0,1,1,0,2
0,1,0,0,1
0,1,0,0,1
0,2,1,0,3
0,1,0,0,1
0,3,0,0,3
0,2,0,0,2
0,2,0,0,2
0,3,0,0,3
0,2,0,0,2
0,2,0,0,2
0,3,2,0,5
0,1,1,0,2
0,3,1,0,4
0,3,0,0,3
0,2,1,0,3
0,2,0,0,2
0,2,0,0,2
0,4,0,0,4
0,2,0,0,2
0,1,1,0,2
0,3,0,0,3
0,1,0,0,1
0,2,0,0,2
0,14,0,0,14
0,4,0,0,4
0,1,0,0,1
0,2,0,0,2
0,2,0,0,2
0,2,0,0,2
0,2,0,0,2
0,1,0,0,1
0,2,0,0,2
0,2,0,0,2
0,3,0,0,3
0,3,0,0,3
0,2,2,0,4
0,2,0,0,2
0,2,0,0,2
0,1,0,0,1
0,1,0,0,1
0,2,0,0,2
0,4,0,0,4
0,2,0,0,2
0,1,0,0,1
0,1,0,0,1
0,2,0,0,2
0,2,1,0,3
0,2,0,0,2
0,2,0,0,2
0,6,3,0,9
0,1,0,0,1
0,1,0,0,1
0,1,1,0,2
0,1,0,0,1
0,1,0,0,1
0,4,0,0,4
0,1,0,0,1
0,2,0,0,2
0,11,0,0,11
0,2,0,0,2
0,8,0,0,8
0,6,0,0,6
0,3,0,0,3
0,3,0,0,3
0,4,0,0,4
0,1,0,0,1
0,2,0,0,2
0,10,0,0,10
0,2,0,0,2
0,3,0,0,3
0,1,0,0,1
0,4,1,0,5
0,4,0,0,4
0,7,0,0,7
0,1,1,0,2
0,3,0,0,3
0,1,0,0,1
0,2,0,0,2
0,2,1,0,3
0,2,0,0,2
0,1,1,0,2
0,1,0,0,1
0,3,0,0,3
0,6,0,0,6
0,1,0,0,1
0,1,0,0,1
0,1,0,0,1
0,1,0,0,1
0,2,1,0,3
0,2,0,0,2
0,5,0,0,5
0,1,0,0,1
0,1,2,0,3
0,2,1,0,3
0,5,0,0,5
0,2,0,0,2
0,1,0,0,1
0,5,0,0,5
0,3,0,0,3
0,2,0,0,2
0,3,0,0,3
0,1,0,0,1
0,2,0,0,2
0,2,0,0,2
0,2,0,0,2
0,2,0,0,2
0,2,0,0,2
0,2,0,0,2
0,1,0,0,1
0,2,0,0,2
0,2,0,0,2
0,3,0,0,3
0,1,0,0,1
0,2,0,0,2
0,1,1,0,2
0,3,0,0,3
0,2,0,0,2
0,6,1,0,7
0,1,0,0,1
0,2,0,0,2
0,2,0,0,2
0,1,1,0,2
0,2,0,0,2
0,2,1,0,3
0,2,1,0,3
0,2,0,0,2
0,1,0,0,1
0,2,0,0,2
0,2,0,0,2
0,3,0,0,3
0,2,0,0,2
0,5,0,0,5
0,16,0,0,16
0,1,0,0,1
0,1,0,0,1
0,2,0,0,2
0,2,1,0,3
0,2,0,0,2
0,2,0,0,2
0,1,0,0,1
0,1,0,0,1
0,3,0,0,3
0,7,0,0,7
0,7,0,0,7
0,5,0,0,5
0,2,0,0,2
0,1,0,0,1
0,2,0,0,2
0,2,0,0,2
0,3,0,0,3
0,3,0,0,3
0,4,0,0,4
0,4,0,0,4
0,2,0,0,2
0,2,0,0,2
0,2,0,0,2
0,2,1,0,3
0,4,0,0,4
0,2,0,0,2
0,3,0,0,3
0,3,0,0,3
0,2,0,0,2
0,3,0,0,3
0,3,0,0,3
0,2,0,0,2
0,9,0,0,9
0,1,0,0,1
0,2,0,0,2
0,1,0,0,1
0,5,1,0,6
0,2,0,0,2
0,2,0,0,2
0,1,0,0,1
0,2,0,0,2
0,1,2,0,3
0,1,1,0,2
0,1,0,0,1
0,1,1,0,2
0,1,0,0,1
0,4,0,0,4
0,2,0,0,2
0,2,0,0,2
0,2,0,0,2
0,3,0,0,3
0,3,0,0,3
0,1,0,0,1
0,2,0,0,2
0,11,0,0,11
0,1,0,0,1
0,1,0,0,1
0,1,1,0,2
0,1,0,0,1
0,12,0,0,12
0,1,0,0,1
0,2,0,0,2
0,2,0,0,2
0,6,0,0,6
0,7,0,0,7
0,2,0,0,2
0,2,0,0,2
0,4,0,0,4
0,1,0,0,1
0,1,1,0,2
0,2,0,0,2
0,2,0,0,2
0,3,0,0,3
0,3,0,0,3
0,4,3,0,7
0,3,0,0,3
0,3,0,0,3
0,3,0,0,3
0,7,0,0,7
0,3,0,0,3
0,1,0,0,1
0,3,1,0,4
0,2,0,0,2
0,2,0,0,2
0,1,0,0,1
0,2,0,0,2
0,1,1,0,2
0,2,0,0,2
0,2,0,0,2
0,3,0,0,3
0,4,0,0,4
0,2,0,0,2
0,1,0,0,1
0,6,0,0,6
0,9,0,0,9
0,1,0,0,1
0,4,0,0,4
0,4,0,0,4
0,2,0,0,2
0,7,0,0,7
0,7,1,0,8
0,5,0,0,5
0,2,0,0,2
0,1,0,0,1
0,2,1,0,3
0,2,0,0,2
0,2,0,0,2
0,2,1,0,3
0,2,0,0,2
0,7,2,0,9
0,3,0,0,3
0,4,4,0,8
0,3,3,0,6
0,2,0,0,2
0,3,1,0,4
0,3,0,0,3
0,2,0,0,2
0,2,0,0,2
0,1,0,0,1
0,4,2,0,6
0,3,0,0,3
0,2,0,0,2
0,1,0,0,1
0,6,0,0,6
0,2,0,0,2
0,1,0,0,1
0,1,0,0,1
0,1,0,0,1
0,4,0,0,4
0,5,0,0,5
0,1,0,0,1
0,1,0,0,1
0,1,0,0,1
0,1,0,0,1
0,4,0,0,4
0,1,0,0,1
0,3,0,0,3
0,10,0,0,10
0,5,0,0,5
0,4,1,0,5
0,5,0,0,5
0,3,0,0,3
0,3,0,0,3
0,1,1,0,2
0,1,0,0,1
0,1,0,0,1
0,3,0,0,3
0,1,0,0,1
0,1,1,0,2
0,4,0,0,4
0,3,0,0,3
0,1,0,0,1
0,3,0,0,3
0,4,0,0,4
0,1,0,0,1
0,2,0,0,2
0,1,0,0,1
0,2,0,0,2
0,2,0,0,2
0,1,0,0,1
0,1,0,0,1
0,2,0,0,2
0,4,0,0,4
0,4,0,0,4
0,4,0,0,4
0,2,0,0,2
0,1,1,0,2
0,1,0,0,1
0,3,0,0,3
0,3,0,0,3
0,5,0,0,5
0,1,0,0,1
0,2,0,0,2
0,4,0,0,4
0,1,0,0,1
0,2,1,0,3
0,1,0,0,1
0,2,0,0,2
0,4,0,0,4
0,1,0,0,1
0,2,0,0,2
0,1,0,0,1
0,4,0,0,4
0,4,0,0,4
0,2,0,0,2
0,1,0,0,1
0,5,0,0,5
0,1,0,0,1
0,1,1,0,2
0,2,0,0,2
0,4,0,0,4
0,4,0,0,4
0,1,1,0,2
0,1,0,0,1
0,2,0,0,2
0,2,0,0,2
0,2,0,0,2
0,5,0,0,5
0,2,0,0,2
0,1,0,0,1
0,1,1,0,2
0,6,2,0,8
0,2,0,0,2
0,1,0,0,1
0,2,0,0,2
0,1,0,0,1
0,1,0,0,1
0,1,0,0,1
0,2,0,0,2
0,1,0,0,1
0,1,0,0,1
0,1,0,0,1
0,1,0,0,1
0,2,0,0,2
0,2,0,0,2
0,2,0,0,2
0,2,0,0,2
0,2,0,0,2
0,1,1,0,2
0,3,0,0,3
0,1,0,0,1
0,1,0,0,1
0,3,0,0,3
0,2,0,0,2
0,1,0,0,1
0,2,0,0,2
0,2,0,0,2
0,2,1,0,3
0,2,0,0,2
0,2,0,0,2
0,4,0,0,4
0,2,0,0,2
0,4,0,0,4
0,1,0,0,1
0,2,0,0,2
0,2,0,0,2
0,1,0,0,1
0,1,0,0,1
0,1,1,0,2
0,1,0,0,1
0,2,0,0,2
0,1,0,0,1
0,2,0,0,2
0,1,0,0,1
0,2,0,0,2
0,2,0,0,2
0,1,0,0,1
0,1,1,0,2
0,2,0,0,2
0,1,1,0,2
0,1,0,0,1
0,2,0,0,2
0,2,0,0,2
0,2,0,0,2
0,1,0,0,1
0,1,0,0,1
0,1,0,0,1
0,2,0,0,2
0,1,2,0,3
0,1,1,0,2
0,1,0,0,1
0,3,0,0,3
0,1,0,0,1
0,1,0,0,1
0,3,0,0,3
0,3,1,0,4
0,3,0,0,3
0,4,0,0,4
0,1,0,0,1
0,1,0,0,1
0,2,0,0,2
0,5,0,0,5
0,2,0,0,2
0,6,0,0,6
0,1,0,0,1
0,2,0,0,2
0,1,1,0,2
0,1,0,0,1
0,1,0,0,1
0,1,0,0,1
0,1,0,0,1
0,4,0,0,4
0,2,0,0,2
0,1,0,0,1
0,1,0,0,1
0,1,0,0,1
0,5,0,0,5
0,1,0,0,1
0,1,1,0,2
0,1,0,0,1
0,2,0,0,2
0,1,0,0,1
0,4,0,0,4
0,1,1,0,2
0,1,0,0,1
0,5,1,0,6
0,1,0,0,1
0,1,0,0,1
0,1,0,0,1
0,2,0,0,2
0,1,0,0,1
0,2,0,0,2
0,1,0,0,1
0,5,0,0,5
0,2,0,0,2
0,5,0,0,5
0,1,0,0,1
0,7,0,0,7
0,1,0,0,1
0,4,0,0,4
0,2,0,0,2
0,4,1,0,5
0,1,0,0,1
0,2,0,0,2
0,3,0,0,3
0,2,0,0,2
0,2,0,0,2
0,1,0,0,1
0,2,0,0,2
0,1,0,0,1
0,8,0,0,8
0,1,0,0,1
0,3,0,0,3
0,1,0,0,1
0,1,1,0,2
0,1,0,0,1
0,2,0,0,2
0,1,0,0,1
0,3,0,0,3
0,1,0,0,1
0,1,1,0,2
0,2,0,0,2
0,3,0,0,3
0,1,0,0,1
0,1,1,0,2
0,2,0,0,2
0,4,0,0,4
0,2,0,0,2
0,2,0,0,2
0,2,0,0,2
0,3,0,0,3
0,5,0,0,5
0,2,0,0,2
0,3,0,0,3
0,2,0,0,2
0,3,0,0,3
0,1,0,0,1
0,1,1,0,2
0,2,0,0,2
0,2,0,0,2
0,2,0,0,2
0,2,0,0,2
0,2,0,0,2
0,1,1,0,2
0,1,0,0,1
0,1,0,0,1
0,1,0,0,1
0,5,0,0,5
0,1,0,0,1
0,1,0,0,1
0,4,0,0,4
0,2,0,0,2
0,1,0,0,1
0,3,0,0,3
0,2,0,0,2
0,1,0,0,1
0,1,0,0,1
0,1,0,0,1
0,6,1,0,7
0,3,0,0,3
0,2,0,0,2
0,2,0,0,2
0,2,0,0,2
0,4,0,0,4
0,1,0,0,1
0,1,0,0,1
0,1,0,0,1
0,1,0,0,1
0,3,2,0,5
0,2,0,0,2
0,2,0,0,2
0,2,0,0,2
0,1,0,0,1
0,4,0,0,4
0,1,0,0,1
0,1,0,0,1
0,1,0,0,1
0,1,1,0,2
0,1,1,0,2
0,3,0,0,3
0,2,0,0,2
0,1,0,0,1
0,1,1,0,2
0,3,0,0,3
0,8,0,0,8
0,10,0,0,10
0,1,0,0,1
0,1,0,0,1
0,2,0,0,2
0,2,0,0,2
0,3,0,0,3
0,2,0,0,2
0,2,0,0,2
0,4,0,0,4
0,1,0,0,1
0,5,0,0,5
0,2,0,0,2
0,1,0,0,1
0,3,0,0,3
0,2,0,0,2
0,1,0,0,1
0,1,0,0,1
0,2,0,0,2
0,1,0,0,1
0,1,0,0,1
0,1,0,0,1
0,6,0,0,6
0,2,0,0,2
0,1,0,0,1
0,1,0,0,1
0,4,0,0,4
0,1,0,0,1
0,2,0,0,2
0,1,1,0,2
0,1,0,0,1
0,3,0,0,3
0,3,0,0,3
0,9,0,0,9
0,1,0,0,1
0,1,0,0,1
0,4,0,0,4
0,1,0,0,1
0,3,0,0,3
0,1,0,0,1
0,2,0,0,2
0,2,0,0,2
0,5,0,0,5
0,4,0,0,4
0,2,0,0,2
0,1,0,0,1
0,3,0,0,3
0,4,0,0,4
0,2,0,0,2
0,3,0,0,3
0,3,0,0,3
0,1,1,0,2
0,1,0,0,1
0,2,0,0,2
0,2,0,0,2
0,1,1,0,2
0,1,1,0,2
0,4,0,0,4
0,2,0,0,2
0,3,0,0,3
0,2,0,0,2
0,2,0,0,2
0,2,0,0,2
0,2,0,0,2
0,2,0,0,2
0,1,0,0,1
0,1,0,0,1
0,2,0,0,2
0,2,0,0,2
0,5,0,0,5
0,4,1,0,5
0,2,0,0,2
0,2,0,0,2
0,2,0,0,2
0,3,0,0,3
0,2,0,0,2
0,1,0,0,1
0,1,0,0,1
0,12,0,0,12
0,6,0,0,6
0,2,0,0,2
0,2,0,0,2
0,2,0,0,2
0,2,4,0,6
0,2,0,0,2
0,1,0,0,1
0,2,0,0,2
0,2,0,0,2
0,2,0,0,2
0,1,1,0,2
0,2,0,0,2
0,6,0,0,6
0,1,0,0,1
0,1,0,0,1
0,1,0,0,1
0,1,0,0,1
0,14,0,0,14
0,1,0,0,1
0,2,0,0,2
0,2,0,0,2
0,1,0,0,1
0,2,0,0,2
0,2,0,0,2
0,1,0,0,1
0,3,1,0,4
0,1,0,0,1
0,1,0,0,1
0,2,0,0,2
0,1,1,0,2
0,1,0,0,1
0,1,1,0,2
0,2,0,0,2
0,2,1,0,3
0,4,0,0,4
0,1,0,0,1
0,1,0,0,1
0,4,0,0,4
0,2,0,0,2
0,2,0,0,2
0,1,1,0,2
0,1,0,0,1
0,3,0,0,3
0,3,0,0,3
0,9,0,0,9
0,3,0,0,3
0,1,1,0,2
0,3,0,0,3
0,5,0,0,5
0,6,0,0,6
0,2,0,0,2
0,1,0,0,1
0,2,0,0,2
0,2,0,0,2
0,2,0,0,2
0,2,0,0,2
0,4,2,0,6
0,1,1,0,2
0,4,1,0,5
0,5,0,0,5
0,4,0,0,4
0,2,0,0,2
0,5,0,0,5
0,2,0,0,2
0,2,0,0,2
0,1,0,0,1
0,1,0,0,1
0,2,1,0,3
0,1,0,0,1
0,1,0,0,1
0,2,0,0,2
0,2,0,0,2
0,2,0,0,2
0,1,0,0,1
0,1,0,0,1
0,1,1,0,2
0,2,0,0,2
0,2,2,0,4
0,1,1,0,2
0,1,0,0,1
0,2,0,0,2
0,2,0,0,2
0,2,0,0,2
0,1,0,0,1
0,1,3,0,4
0,1,0,0,1
0,2,0,0,2
0,1,1,0,2
0,2,0,0,2
0,2,0,0,2
0,1,0,0,1
0,2,0,0,2
0,3,1,0,4
0,2,0,0,2
0,2,0,0,2
0,1,0,0,1
0,2,0,0,2
0,1,0,0,1
0,2,0,0,2
0,4,0,0,4
0,3,0,0,3
0,5,0,0,5
0,2,0,0,2
0,2,0,0,2
0,2,0,0,2
0,4,0,0,4
0,3,0,0,3
0,2,1,0,3
0,2,0,0,2
0,5,0,0,5
0,3,0,0,3
0,1,0,0,1
0,3,4,0,7
0,6,0,0,6
0,2,0,0,2
0,5,0,0,5
0,5,0,0,5
0,5,0,0,5
0,4,0,0,4
0,1,0,0,1
0,2,0,0,2
0,4,1,0,5
0,8,0,0,8
0,1,0,0,1
0,2,0,0,2
0,3,0,0,3
0,2,0,0,2
0,1,0,0,1
0,1,3,0,4
0,1,0,0,1
0,1,0,0,1
0,1,0,0,1
0,2,0,0,2
0,1,0,0,1
0,1,0,0,1
0,1,0,0,1
0,2,0,0,2
0,2,0,0,2
0,1,1,0,2
0,1,0,0,1
0,2,0,0,2
0,2,0,0,2
0,3,0,0,3
0,3,0,0,3
0,2,0,0,2
0,2,0,0,2
0,1,0,0,1
0,1,0,0,1
0,2,0,0,2
0,2,0,0,2
0,1,0,0,1
0,6,0,0,6
0,1,0,0,1
0,3,0,0,3
0,8,0,0,8
0,5,0,0,5
0,6,0,0,6
0,2,0,0,2
0,1,0,0,1
0,4,0,0,4
0,6,2,0,8
0,1,1,0,2
0,1,0,0,1
0,1,0,0,1
0,2,0,0,2
0,1,0,0,1
0,2,0,0,2
0,2,0,0,2
0,3,0,0,3
0,2,0,0,2
0,2,0,0,2
0,1,0,0,1
0,1,0,0,1
0,4,0,0,4
0,5,0,0,5
0,1,0,0,1
0,4,0,0,4
0,6,0,0,6
0,2,0,0,2
0,2,0,0,2
0,2,0,0,2
0,1,1,0,2
0,2,0,0,2
0,2,0,0,2
0,1,0,0,1
0,1,1,0,2
0,3,0,0,3
0,1,0,0,1
0,1,0,0,1
0,2,0,0,2
0,5,2,0,7
0,2,0,0,2
0,4,0,0,4
0,4,0,0,4
0,2,0,0,2
0,4,1,0,5
0,4,1,0,5
0,2,0,0,2
0,1,0,0,1
0,3,0,0,3
0,2,0,0,2
0,2,0,0,2
0,1,0,0,1
0,3,0,0,3
0,3,0,0,3
0,2,0,0,2
0,2,0,0,2
0,1,0,0,1
0,8,0,0,8
0,11,1,0,12
0,1,0,0,1
0,2,0,0,2
0,2,0,0,2
0,4,1,0,5
0,4,0,0,4
0,4,0,0,4
0,1,0,0,1
0,2,0,0,2
0,1,0,0,1
0,3,0,0,3
0,7,0,0,7
0,2,0,0,2
0,1,0,0,1
0,2,0,0,2
0,6,0,0,6
0,7,0,0,7
0,1,0,0,1
0,1,0,0,1
0,3,0,0,3
0,3,0,0,3
0,3,0,0,3
0,1,0,0,1
0,3,0,0,3
0,1,1,0,2
0,3,1,0,4
0,3,0,0,3
0,1,0,0,1
0,2,0,0,2
0,2,0,0,2
0,1,1,0,2
0,1,0,0,1
0,1,1,0,2
0,2,0,0,2
0,4,0,0,4
0,2,0,0,2
0,7,0,0,7
0,2,0,0,2
0,5,0,0,5
0,4,0,0,4
0,1,0,0,1
0,1,1,0,2
0,1,0,0,1
0,2,0,0,2
0,2,0,0,2
0,1,0,0,1
0,3,0,0,3
0,4,0,0,4
0,4,0,0,4
0,6,0,0,6
0,1,0,0,1
0,6,0,0,6
0,3,0,0,3
0,1,0,0,1
0,2,0,0,2
0,2,0,0,2
0,6,1,0,7
0,2,1,0,3
0,1,0,0,1
0,1,0,0,1
0,1,1,0,2
0,1,0,0,1
0,3,0,0,3
0,3,0,0,3
0,1,0,0,1
0,2,0,0,2
0,1,0,0,1
0,3,0,0,3
0,3,0,0,3
0,3,0,0,3
0,6,0,0,6
0,5,0,0,5
0,2,0,0,2
0,1,0,0,1
0,1,0,0,1
0,1,0,0,1
0,1,0,0,1
0,2,0,0,2
0,1,0,0,1
0,2,0,0,2
0,2,0,0,2
0,2,0,0,2
0,1,1,0,2
0,1,1,0,2
0,3,0,0,3
0,2,0,0,2
0,2,1,0,3
0,1,0,0,1
0,2,0,0,2
0,1,0,0,1
0,2,0,0,2
0,2,0,0,2
0,1,1,0,2
0,1,0,0,1
0,1,0,0,1
0,5,2,0,7
0,1,0,0,1
0,1,0,0,1
0,2,0,0,2
0,3,1,0,4
0,1,0,0,1
0,1,1,0,2
0,2,0,0,2
0,5,0,0,5
0,6,0,0,6
0,4,0,0,4
0,4,0,0,4
0,1,0,0,1
0,6,0,0,6
0,2,1,0,3
0,1,0,0,1
0,3,0,0,3
0,10,0,0,10
0,2,0,0,2
0,2,0,0,2
0,1,0,0,1
0,7,4,0,11
0,2,0,0,2
0,1,0,0,1
0,2,0,0,2
0,2,0,0,2
0,6,0,0,6
0,6,0,0,6
0,2,0,0,2
0,1,0,0,1
0,1,0,0,1
0,2,0,0,2
0,2,0,0,2
0,2,0,0,2
0,2,0,0,2
0,2,0,0,2
0,2,0,0,2
0,2,0,0,2
0,1,0,0,1
0,1,0,0,1
0,2,0,0,2
0,1,0,0,1
0,1,0,0,1
0,1,0,0,1
0,2,0,0,2
0,2,0,0,2
0,2,0,0,2
0,2,0,0,2
0,1,0,0,1
0,1,0,0,1
0,1,0,0,1
0,1,0,0,1
0,1,0,0,1
0,2,0,0,2
0,1,1,0,2
0,2,0,0,2
0,2,0,0,2
0,3,0,0,3
0,1,1,0,2
0,1,0,0,1
0,2,0,0,2
0,1,0,0,1
0,4,0,0,4
0,2,0,0,2
0,4,1,0,5
0,2,0,0,2
0,2,0,0,2
0,1,2,0,3
0,3,1,0,4
0,2,0,0,2
0,2,0,0,2
0,2,0,0,2
0,2,0,0,2
0,1,0,0,1
0,2,0,0,2
0,2,0,0,2
0,1,0,0,1
0,2,0,0,2
0,1,0,0,1
0,3,0,0,3
0,3,1,0,4
0,1,0,0,1
0,2,0,0,2
0,2,0,0,2
0,1,0,0,1
0,2,0,0,2
0,4,0,0,4
0,2,0,0,2
0,2,0,0,2
0,1,0,0,1
0,2,0,0,2
0,4,0,0,4
0,2,0,0,2
0,3,0,0,3
0,5,0,0,5
0,3,0,0,3
0,6,0,0,6
0,2,0,0,2
0,4,0,0,4
0,2,0,0,2
0,5,0,0,5
0,1,0,0,1
0,2,0,0,2
0,1,0,0,1
0,1,0,0,1
0,4,0,0,4
0,3,0,0,3
0,1,0,0,1
0,1,0,0,1
0,1,0,0,1
0,1,0,0,1
0,1,0,0,1
0,1,0,0,1
0,1,0,0,1
0,1,0,0,1
0,1,0,0,1
0,2,0,0,2
0,1,0,0,1
0,2,0,0,2
0,6,0,0,6
0,8,0,0,8
0,2,0,0,2
0,2,0,0,2
0,2,1,0,3
0,2,0,0,2
0,7,0,0,7
0,6,0,0,6
0,1,0,0,1
0,2,0,0,2
0,2,0,0,2
0,5,0,0,5
0,3,0,0,3
0,4,0,0,4
0,3,0,0,3
0,2,0,0,2
0,2,0,0,2
0,1,1,0,2
0,2,0,0,2
0,1,0,0,1
0,4,0,0,4
0,6,0,0,6
0,1,1,0,2
0,1,0,0,1
0,1,1,0,2
0,1,0,0,1
0,1,1,0,2
0,1,0,0,1
0,1,0,0,1
0,1,0,0,1
0,2,0,0,2
0,2,0,0,2
0,1,1,0,2
0,1,0,0,1
0,2,0,0,2
0,3,0,0,3
0,6,0,0,6
0,4,0,0,4
0,2,0,0,2
0,3,0,0,3
0,9,0,0,9
0,6,0,0,6
0,6,0,0,6
0,5,0,0,5
0,2,0,0,2
0,2,1,0,3
0,4,0,0,4
0,6,0,0,6
0,2,0,0,2
0,1,0,0,1
0,1,0,0,1
0,1,0,0,1
0,3,0,0,3
0,4,0,0,4
0,2,0,0,2
0,2,0,0,2
0,2,1,0,3
0,2,0,0,2
0,1,0,0,1
0,4,0,0,4
0,4,0,0,4
0,2,0,0,2
0,1,0,0,1
0,2,0,0,2
0,2,0,0,2
0,1,0,0,1
0,7,2,0,9
0,1,0,0,1
0,1,0,0,1
0,1,0,0,1
0,1,0,0,1
0,5,0,0,5
0,4,0,0,4
0,2,0,0,2
0,1,0,0,1
0,1,1,0,2
0,1,0,0,1
0,2,0,0,2
0,1,0,0,1
0,1,1,0,2
0,2,0,0,2
0,1,0,0,1
0,1,0,0,1
0,2,0,0,2
0,2,1,0,3
0,1,0,0,1
0,1,1,0,2
0,2,0,0,2
0,2,0,0,2
0,4,0,0,4
0,2,0,0,2
0,2,0,0,2
0,1,0,0,1
0,1,0,0,1
0,2,0,0,2
0,1,1,0,2
0,2,0,0,2
0,5,1,0,6
0,4,0,0,4
0,1,2,0,3
0,1,0,0,1
0,2,0,0,2
0,1,0,0,1
0,2,0,0,2
0,2,0,0,2
0,1,0,0,1
0,2,0,0,2
0,2,1,0,3
0,4,0,0,4
0,4,0,0,4
0,1,0,0,1
0,2,0,0,2
0,2,0,0,2
0,1,0,0,1
0,1,0,0,1
0,1,0,0,1
0,2,0,0,2
0,3,0,0,3
0,2,0,0,2
0,2,0,0,2
0,1,0,0,1
0,1,0,0,1
0,1,1,0,2
0,1,0,0,1
0,2,0,0,2
0,3,0,0,3
0,1,0,0,1
0,2,0,0,2
0,1,0,0,1
0,5,2,0,7
0,1,0,0,1
0,2,0,0,2
0,1,1,0,2
0,2,0,0,2
0,1,0,0,1
0,5,0,0,5
0,1,0,0,1
0,3,1,0,4
0,3,0,0,3
0,4,0,0,4
0,1,1,0,2
0,1,0,0,1
0,1,1,0,2
0,1,0,0,1
0,2,1,0,3
0,2,0,0,2
0,1,0,0,1
0,1,0,0,1
0,1,1,0,2
0,2,0,0,2
0,2,1,0,3
0,4,0,0,4
0,1,0,0,1
0,2,0,0,2
0,1,0,0,1
0,1,0,0,1
0,2,0,0,2
0,1,0,0,1
0,3,0,0,3
0,3,0,0,3
0,2,0,0,2
0,2,0,0,2
0,1,1,0,2
0,1,0,0,1
0,2,0,0,2
0,2,0,0,2
0,3,0,0,3
0,1,0,0,1
0,1,0,0,1
0,2,2,0,4
0,2,0,0,2
0,2,0,0,2
0,1,0,0,1
0,1,0,0,1
0,2,1,0,3
0,1,1,0,2
0,1,1,0,2
0,1,1,0,2
0,1,0,0,1
0,1,0,0,1
0,4,0,0,4
0,5,0,0,5
0,5,0,0,5
0,2,0,0,2
0,2,0,0,2
0,4,0,0,4
0,2,0,0,2
0,2,1,0,3
0,3,4,0,7
0,1,0,0,1
0,1,0,0,1
0,5,0,0,5
0,3,0,0,3
0,3,2,0,5
0,2,0,0,2
0,3,0,0,3
0,3,0,0,3
0,1,1,0,2
0,1,0,0,1
0,2,0,0,2
0,2,0,0,2
0,2,0,0,2
0,1,1,0,2
0,1,0,0,1
0,2,1,0,3
0,2,1,0,3
0,2,0,0,2
0,2,0,0,2
0,1,0,0,1
0,2,0,0,2
0,1,0,0,1
0,3,0,0,3
0,1,2,0,3
0,2,0,0,2
0,3,0,0,3
0,1,1,0,2
0,1,0,0,1
0,3,1,0,4
0,3,2,0,5
0,1,1,0,2
0,2,0,0,2
0,1,0,0,1
0,3,0,0,3
0,4,0,0,4
0,2,0,0,2
0,6,0,0,6
0,1,0,0,1
0,2,0,0,2
0,2,0,0,2
0,2,0,0,2
0,1,0,0,1
0,1,0,0,1
0,1,1,0,2
0,1,0,0,1
0,1,0,0,1
0,2,0,0,2
0,6,0,0,6
0,3,0,0,3
0,2,0,0,2
0,1,0,0,1
0,2,0,0,2
0,1,0,0,1
0,1,0,0,1
0,1,0,0,1
0,1,0,0,1
0,2,0,0,2
0,2,0,0,2
0,1,0,0,1
0,2,0,0,2
0,2,1,0,3
0,4,0,0,4
0,2,0,0,2
0,4,0,0,4
0,4,0,0,4
0,1,0,0,1
0,1,0,0,1
0,2,0,0,2
0,2,0,0,2
0,3,0,0,3
0,3,0,0,3
0,3,0,0,3
0,4,0,0,4
0,3,0,0,3
0,2,0,0,2
0,2,0,0,2
0,1,0,0,1
0,1,0,0,1
0,2,0,0,2
0,2,0,0,2
0,2,0,0,2
0,2,0,0,2
0,3,0,0,3
0,4,0,0,4
0,2,0,0,2
0,2,0,0,2
0,1,0,0,1
0,8,1,0,9
0,2,0,0,2
0,4,2,0,6
0,2,0,0,2
0,2,0,0,2
0,3,0,0,3
0,2,0,0,2
0,2,0,0,2
0,1,0,0,1
0,2,1,0,3
0,2,0,0,2
0,1,0,0,1
0,4,0,0,4
0,2,0,0,2
0,2,0,0,2
0,1,0,0,1
0,2,0,0,2
0,2,0,0,2
0,2,0,0,2
0,4,0,0,4
0,1,0,0,1
0,2,0,0,2
0,3,0,0,3
0,2,0,0,2
0,4,1,0,5
0,1,1,0,2
0,2,0,0,2
0,2,0,0,2
0,1,0,0,1
0,2,0,0,2
0,2,0,0,2
0,1,0,0,1
0,1,0,0,1
0,2,0,0,2
0,1,0,0,1
0,3,1,0,4
0,3,0,0,3
0,1,0,0,1
0,1,0,0,1
0,3,0,0,3
0,1,0,0,1
0,2,0,0,2
0,1,0,0,1
0,1,0,0,1
0,3,0,0,3
0,2,0,0,2
0,5,0,0,5
0,1,0,0,1
0,2,1,0,3
0,1,1,0,2
0,1,0,0,1
0,2,0,0,2
0,1,0,0,1
0,4,0,0,4
0,1,0,0,1
0,1,0,0,1
0,1,0,0,1
0,2,0,0,2
0,2,0,0,2
0,4,0,0,4
0,1,1,0,2
0,9,0,0,9
0,3,0,0,3
0,3,0,0,3
0,1,0,0,1
0,1,0,0,1
0,1,0,0,1
0,2,0,0,2
0,1,0,0,1
0,3,1,0,4
0,2,0,0,2
0,2,0,0,2
0,1,0,0,1
0,4,0,0,4
0,1,0,0,1
0,3,0,0,3
0,3,1,0,4
0,1,0,0,1
0,1,0,0,1
0,1,1,0,2
0,1,0,0,1
0,1,0,0,1
0,1,0,0,1
0,7,0,0,7
0,4,0,0,4
0,1,0,0,1
0,3,0,0,3
0,3,0,0,3
0,2,0,0,2
0,3,0,0,3
0,1,0,0,1
0,2,0,0,2
0,1,0,0,1
0,7,2,0,9
0,1,0,0,1
0,2,0,0,2
0,2,0,0,2
0,2,0,0,2
0,4,0,0,4
0,6,0,0,6
0,2,0,0,2
0,3,0,0,3
0,2,0,0,2
0,9,1,0,10
0,1,0,0,1
0,1,0,0,1
0,1,0,0,1
0,3,0,0,3
0,2,0,0,2
0,3,0,0,3
0,2,0,0,2
0,2,2,0,4
0,1,0,0,1
0,2,0,0,2
0,4,0,0,4
0,2,0,0,2
0,1,0,0,1
0,5,0,0,5
0,6,0,0,6
0,1,0,0,1
0,3,0,0,3
0,1,0,0,1
0,2,0,0,2
0,2,0,0,2
0,2,0,0,2
0,2,0,0,2
0,2,0,0,2
0,7,0,0,7
0,9,0,0,9
0,2,0,0,2
0,1,0,0,1
0,3,0,0,3
0,4,0,0,4
0,1,1,0,2
0,1,0,0,1
0,2,0,0,2
0,1,0,0,1
0,1,1,0,2
0,1,1,0,2
0,2,0,0,2
0,2,0,0,2
0,2,0,0,2
0,1,0,0,1
0,2,0,0,2
0,2,0,0,2
0,3,0,0,3
0,2,0,0,2
0,1,0,0,1
0,5,0,0,5
0,2,0,0,2
0,4,0,0,4
0,3,1,0,4
0,3,0,0,3
0,2,0,0,2
0,2,0,0,2
0,2,0,0,2
0,2,0,0,2
0,1,0,0,1
0,3,0,0,3
0,4,0,0,4
0,4,0,0,4
0,4,0,0,4
0,2,0,0,2
0,1,0,0,1
0,1,0,0,1
0,2,0,0,2
0,1,0,0,1
0,2,0,0,2
0,1,0,0,1
0,4,0,0,4
0,6,0,0,6
0,2,0,0,2
0,4,0,0,4
0,1,0,0,1
0,2,0,0,2
0,3,1,0,4
0,1,0,0,1
0,2,0,0,2
0,1,1,0,2
0,3,0,0,3
0,2,0,0,2
0,1,0,0,1
0,2,0,0,2
0,1,0,0,1
0,1,0,0,1
0,3,0,0,3
0,2,1,0,3
0,3,0,0,3
0,2,0,0,2
0,2,0,0,2
0,1,0,0,1
0,2,0,0,2
0,2,0,0,2
0,2,0,0,2
0,1,1,0,2
0,4,0,0,4
0,3,0,0,3
0,3,0,0,3
0,2,0,0,2
0,2,0,0,2
0,3,0,0,3
0,2,0,0,2
0,1,1,0,2
0,1,0,0,1
0,3,2,0,5
0,3,0,0,3
0,1,0,0,1
0,2,0,0,2
0,2,0,0,2
0,3,0,0,3
0,1,0,0,1
0,1,0,0,1
0,2,1,0,3
0,3,0,0,3
0,4,0,0,4
0,2,0,0,2
0,1,1,0,2
0,5,0,0,5
0,1,0,0,1
0,7,1,0,8
0,2,0,0,2
0,1,0,0,1
0,4,0,0,4
0,3,0,0,3
0,1,1,0,2
0,2,1,0,3
0,2,1,0,3
0,2,0,0,2
0,2,0,0,2
0,1,0,0,1
0,1,1,0,2
0,1,0,0,1
0,3,0,0,3
0,2,0,0,2
0,2,0,0,2
0,1,0,0,1
0,2,0,0,2
0,1,0,0,1
0,2,0,0,2
0,4,0,0,4
0,4,0,0,4
0,7,0,0,7
0,1,0,0,1
0,1,0,0,1
0,2,0,0,2
0,4,0,0,4
0,3,0,0,3
0,1,0,0,1
0,3,0,0,3
0,1,1,0,2
0,1,0,0,1
0,1,0,0,1
0,2,0,0,2
0,4,0,0,4
0,2,0,0,2
0,3,0,0,3
0,2,0,0,2
0,3,0,0,3
0,2,1,0,3
0,1,0,0,1
0,1,1,0,2
0,1,1,0,2
0,1,0,0,1
0,8,0,0,8
0,4,0,0,4
0,2,0,0,2
0,2,0,0,2
0,1,0,0,1
0,1,0,0,1
0,3,0,0,3
0,1,0,0,1
0,2,0,0,2
0,2,0,0,2
0,1,1,0,2
0,1,1,0,2
0,2,0,0,2
0,1,0,0,1
0,4,0,0,4
0,3,0,0,3
0,3,0,0,3
0,1,0,0,1
0,2,0,0,2
0,1,0,0,1
0,5,0,0,5
0,2,0,0,2
0,1,0,0,1
0,2,0,0,2
0,4,0,0,4
0,3,0,0,3
0,4,0,0,4
0,2,0,0,2
0,2,0,0,2
0,2,0,0,2
0,2,0,0,2
0,2,0,0,2
0,2,0,0,2
0,3,0,0,3
0,4,0,0,4
0,5,0,0,5
0,2,0,0,2
0,2,0,0,2
0,1,0,0,1
0,1,0,0,1
0,2,0,0,2
0,4,0,0,4
0,1,0,0,1
0,1,0,0,1
0,3,0,0,3
0,3,0,0,3
0,2,0,0,2
0,1,2,0,3
0,1,2,0,3
0,2,0,0,2
0,8,0,0,8
0,1,2,0,3
0,2,0,0,2
0,3,0,0,3
0,1,1,0,2
0,1,0,0,1
0,3,0,0,3
0,2,0,0,2
0,1,1,0,2
0,1,0,0,1
0,2,0,0,2
0,4,0,0,4
0,1,1,0,2
0,3,0,0,3
0,3,0,0,3
0,1,0,0,1
0,1,0,0,1
0,1,1,0,2
0,3,0,0,3
0,3,0,0,3
0,1,1,0,2
0,1,0,0,1
0,3,0,0,3
0,3,0,0,3
0,4,0,0,4
0,1,0,0,1
0,1,1,0,2
0,1,0,0,1
0,1,0,0,1
0,2,0,0,2
0,8,0,0,8
0,1,1,0,2
0,1,0,0,1
0,1,0,0,1
0,1,0,0,1
0,1,0,0,1
0,1,0,0,1
0,1,0,0,1
0,1,0,0,1
0,1,0,0,1
0,3,4,0,7
0,1,0,0,1
0,2,0,0,2
0,1,1,0,2
0,1,0,0,1
0,2,0,0,2
0,3,0,0,3
0,1,1,0,2
0,1,0,0,1
0,1,1,0,2
0,1,0,0,1
0,4,0,0,4
0,1,0,0,1
0,1,1,0,2
0,1,0,0,1
0,2,1,0,3
0,1,0,0,1
0,3,2,0,5
0,1,0,0,1
0,3,0,0,3
0,2,0,0,2
0,1,0,0,1
0,1,0,0,1
0,4,0,0,4
0,1,0,0,1
0,3,0,0,3
0,1,0,0,1
0,1,0,0,1
0,5,1,0,6
0,5,1,0,6
0,2,2,0,4
0,1,1,0,2
0,1,0,0,1
0,1,0,0,1
0,1,0,0,1
0,3,0,0,3
0,3,0,0,3
0,3,0,0,3
0,1,0,0,1
0,3,0,0,3
0,3,0,0,3
0,2,0,0,2
0,1,0,0,1
0,5,0,0,5
0,6,0,0,6
0,2,0,0,2
0,1,0,0,1
0,1,0,0,1
0,4,0,0,4
0,1,0,0,1
0,4,0,0,4
0,2,0,0,2
0,2,1,0,3
0,2,0,0,2
0,1,0,0,1
0,1,0,0,1
0,2,0,0,2
0,1,1,0,2
0,1,0,0,1
0,1,1,0,2
0,1,0,0,1
0,6,0,0,6
0,2,0,0,2
0,3,0,0,3
0,1,0,0,1
0,2,0,0,2
0,1,0,0,1
0,1,0,0,1
0,2,0,0,2
0,4,0,0,4
0,1,0,0,1
0,3,0,0,3
0,2,0,0,2
0,6,0,0,6
0,6,0,0,6
0,1,0,0,1
0,1,0,0,1
0,1,0,0,1
0,1,0,0,1
0,1,0,0,1
0,9,0,0,9
0,1,1,0,2
0,4,1,0,5
0,2,0,0,2
0,3,0,0,3
0,2,0,0,2
0,1,0,0,1
0,1,1,0,2
0,2,0,0,2
0,2,0,0,2
0,5,1,0,6
0,1,0,0,1
0,2,0,0,2
0,4,0,0,4
0,1,1,0,2
0,1,0,0,1
0,1,1,0,2
0,5,2,0,7
0,1,0,0,1
0,1,0,0,1
0,1,0,0,1
0,3,0,0,3
0,2,0,0,2
0,2,0,0,2
0,2,0,0,2
0,3,0,0,3
0,3,0,0,3
0,1,0,0,1
0,2,0,0,2
0,2,0,0,2
0,2,0,0,2
0,3,0,0,3
0,1,0,0,1
0,2,1,0,3
0,1,0,0,1
0,2,0,0,2
0,2,0,0,2
0,1,1,0,2
0,4,0,0,4
0,3,0,0,3
0,2,0,0,2
0,1,0,0,1
0,3,0,0,3
0,3,0,0,3
0,1,0,0,1
0,2,0,0,2
0,5,0,0,5
0,2,0,0,2
0,2,0,0,2
0,2,0,0,2
0,2,0,0,2
0,2,0,0,2
0,1,0,0,1
0,1,0,0,1
0,2,0,0,2
0,1,0,0,1
0,3,0,0,3
0,3,0,0,3
0,1,0,0,1
0,1,0,0,1
0,2,0,0,2
0,2,0,0,2
0,1,0,0,1
0,2,0,0,2
0,1,0,0,1
0,2,0,0,2
0,2,0,0,2
0,2,0,0,2
0,2,1,0,3
0,2,1,0,3
0,2,0,0,2
0,2,0,0,2
0,2,0,0,2
0,2,0,0,2
0,1,1,0,2
0,2,0,0,2
0,1,0,0,1
0,2,0,0,2
0,2,0,0,2
0,1,0,0,1
0,3,1,0,4
0,1,0,0,1
0,2,0,0,2
0,1,0,0,1
0,2,0,0,2
0,1,0,0,1
0,1,1,0,2
0,2,0,0,2
0,2,0,0,2
0,1,0,0,1
0,2,1,0,3
0,3,0,0,3
0,1,0,0,1
0,2,1,0,3
0,2,1,0,3
0,4,0,0,4
0,2,0,0,2
0,2,0,0,2
0,3,0,0,3
0,2,0,0,2
0,3,0,0,3
0,3,0,0,3
0,2,6,0,8
0,2,0,0,2
0,6,0,0,6
0,4,0,0,4
0,2,0,0,2
0,1,0,0,1
0,2,0,0,2
0,1,0,0,1
0,1,0,0,1
0,1,0,0,1
0,1,0,0,1
0,1,0,0,1
0,1,0,0,1
0,1,0,0,1
0,2,0,0,2
0,2,0,0,2
0,1,0,0,1
0,2,0,0,2
0,1,0,0,1
0,2,0,0,2
0,2,0,0,2
0,1,0,0,1
0,3,0,0,3
0,2,0,0,2
0,2,0,0,2
0,1,0,0,1
0,1,0,0,1
0,1,0,0,1
0,2,0,0,2
0,1,0,0,1
0,1,0,0,1
0,2,0,0,2
0,2,0,0,2
0,4,0,0,4
0,4,1,0,5
0,4,0,0,4
0,8,0,0,8
0,5,0,0,5
0,6,0,0,6
0,2,0,0,2
0,2,0,0,2
0,2,0,0,2
0,9,0,0,9
0,2,0,0,2
0,2,0,0,2
0,2,0,0,2
0,1,1,0,2
0,1,0,0,1
0,2,0,0,2
0,1,0,0,1
0,1,0,0,1
0,2,0,0,2
0,2,0,0,2
0,2,0,0,2
0,1,0,0,1
0,2,0,0,2
0,2,0,0,2
0,1,1,0,2
0,2,1,0,3
0,1,0,0,1
0,1,0,0,1
0,1,0,0,1
0,3,0,0,3
0,3,0,0,3
0,1,0,0,1
0,2,0,0,2
0,2,0,0,2
0,1,1,0,2
0,1,0,0,1
0,2,0,0,2
0,4,1,0,5
0,1,0,0,1
0,1,1,0,2
0,2,0,0,2
0,1,0,0,1
0,2,0,0,2
0,5,0,0,5
0,4,0,0,4
0,2,2,0,4
0,1,0,0,1
0,2,0,0,2
0,2,0,0,2
0,2,0,0,2
0,3,0,0,3
0,2,0,0,2
0,1,0,0,1
0,1,0,0,1
0,2,0,0,2
0,3,0,0,3
0,3,0,0,3
0,2,0,0,2
0,2,0,0,2
0,1,0,0,1
0,1,0,0,1
0,2,0,0,2
0,4,2,0,6
0,1,1,0,2
0,5,0,0,5
0,6,0,0,6
0,2,0,0,2
0,2,0,0,2
0,2,1,0,3
0,6,0,0,6
0,1,0,0,1
0,3,0,0,3
0,3,0,0,3
0,1,0,0,1
0,1,0,0,1
0,1,0,0,1
0,2,0,0,2
0,2,0,0,2
0,2,0,0,2
0,1,0,0,1
0,2,0,0,2
0,2,0,0,2
0,1,0,0,1
0,3,1,0,4
0,3,0,0,3
0,1,1,0,2
0,1,0,0,1
0,1,0,0,1
0,2,0,0,2
0,1,1,0,2
0,2,0,0,2
0,1,0,0,1
0,1,0,0,1
0,2,0,0,2
0,2,0,0,2
0,2,0,0,2
0,2,1,0,3
0,3,0,0,3
0,1,0,0,1
0,2,0,0,2
0,2,0,0,2
0,2,0,0,2
0,2,0,0,2
0,1,0,0,1
0,2,0,0,2
0,1,0,0,1
0,2,0,0,2
0,3,0,0,3
0,2,0,0,2
0,3,0,0,3
0,2,0,0,2
0,2,0,0,2
0,5,0,0,5
0,3,0,0,3
0,2,0,0,2
0,1,1,0,2
0,1,0,0,1
0,4,0,0,4
0,9,0,0,9
0,1,1,0,2
0,1,0,0,1
0,2,2,0,4
0,1,0,0,1
0,2,0,0,2
0,1,0,0,1
0,1,1,0,2
0,1,0,0,1
0,1,0,0,1
0,1,2,0,3
0,2,0,0,2
0,2,0,0,2
0,4,0,0,4
0,1,0,0,1
0,8,0,0,8
0,2,0,0,2
0,2,0,0,2
0,4,0,0,4
0,2,0,0,2
0,3,0,0,3
0,8,0,0,8
0,1,0,0,1
0,6,0,0,6
0,6,0,0,6
0,4,0,0,4
0,4,0,0,4
0,2,0,0,2
0,2,0,0,2
0,1,0,0,1
0,2,0,0,2
0,3,0,0,3
0,1,0,0,1
0,2,0,0,2
0,2,0,0,2
0,3,0,0,3
0,3,0,0,3
0,1,0,0,1
0,6,0,0,6
0,3,0,0,3
0,2,0,0,2
0,2,0,0,2
0,4,0,0,4
0,4,0,0,4
0,1,0,0,1
0,2,0,0,2
0,1,0,0,1
0,1,2,0,3
0,1,0,0,1
0,1,0,0,1
0,2,0,0,2
0,2,0,0,2
0,3,0,0,3
0,2,0,0,2
0,1,0,0,1
0,1,0,0,1
0,2,0,0,2
0,2,0,0,2
0,1,0,0,1
0,1,1,0,2
0,5,0,0,5
0,3,0,0,3
0,2,0,0,2
0,2,0,0,2
0,2,0,0,2
0,2,0,0,2
0,1,0,0,1
0,2,0,0,2
0,1,0,0,1
0,1,0,0,1
0,2,0,0,2
0,1,0,0,1
0,2,0,0,2
0,2,0,0,2
0,1,0,0,1
0,3,0,0,3
0,2,0,0,2
0,2,1,0,3
0,2,0,0,2
0,1,0,0,1
0,1,0,0,1
0,1,1,0,2
0,1,1,0,2
0,4,0,0,4
0,5,1,0,6
0,2,1,0,3
0,2,1,0,3
0,2,0,0,2
0,2,0,0,2
0,3,0,0,3
0,4,0,0,4
0,4,0,0,4
0,1,0,0,1
0,1,0,0,1
0,10,0,0,10
0,9,0,0,9
0,9,0,0,9
0,1,1,0,2
0,1,0,0,1
0,1,0,0,1
0,3,0,0,3
0,2,0,0,2
0,1,0,0,1
0,3,0,0,3
0,5,0,0,5
0,6,0,0,6
0,4,0,0,4
0,4,0,0,4
0,3,1,0,4
0,2,0,0,2
0,2,0,0,2
0,1,0,0,1
0,3,1,0,4
0,2,0,0,2
0,2,0,0,2
0,2,0,0,2
0,2,0,0,2
0,1,0,0,1
0,4,0,0,4
0,2,0,0,2
0,1,0,0,1
0,1,0,0,1
0,1,0,0,1
0,5,0,0,5
0,1,1,0,2
0,2,0,0,2
0,4,0,0,4
0,1,2,0,3
0,5,0,0,5
0,4,0,0,4
0,2,0,0,2
0,1,0,0,1
0,1,0,0,1
0,5,0,0,5
0,5,0,0,5
0,1,1,0,2
0,1,0,0,1
0,1,0,0,1
0,1,0,0,1
0,2,0,0,2
0,2,0,0,2
0,1,0,0,1
0,2,0,0,2
0,2,0,0,2
0,1,0,0,1
0,1,0,0,1
0,2,0,0,2
0,2,0,0,2
0,5,0,0,5
0,4,0,0,4
0,3,0,0,3
0,5,0,0,5
0,4,0,0,4
0,1,0,0,1
0,2,0,0,2
0,2,0,0,2
0,2,0,0,2
0,2,0,0,2
0,1,0,0,1
0,3,0,0,3
0,1,0,0,1
0,2,0,0,2
0,2,1,0,3
0,1,0,0,1
0,8,0,0,8
0,2,0,0,2
0,1,0,0,1
0,1,0,0,1
0,4,0,0,4
0,2,0,0,2
0,1,1,0,2
0,2,0,0,2
0,1,0,0,1
0,4,1,0,5
0,6,0,0,6
0,1,0,0,1
0,2,0,0,2
0,2,0,0,2
0,2,0,0,2
0,3,0,0,3
0,2,0,0,2
0,1,0,0,1
0,1,0,0,1
0,2,0,0,2
0,4,0,0,4
0,1,0,0,1
0,1,0,0,1
0,5,4,0,9
0,2,0,0,2
0,1,1,0,2
0,1,0,0,1
0,1,0,0,1
0,2,2,0,4
0,2,0,0,2
0,2,0,0,2
0,3,0,0,3
0,1,1,0,2
0,2,0,0,2
0,1,1,0,2
0,2,0,0,2
0,2,0,0,2
0,1,1,0,2
0,1,0,0,1
0,2,0,0,2
0,2,0,0,2
0,2,0,0,2
0,4,0,0,4
0,4,1,0,5
0,3,0,0,3
0,2,0,0,2
0,2,0,0,2
0,2,0,0,2
0,2,0,0,2
0,2,1,0,3
0,2,0,0,2
0,2,0,0,2
0,5,0,0,5
0,9,0,0,9
0,1,0,0,1
0,3,0,0,3
0,2,0,0,2
0,2,0,0,2
0,3,0,0,3
0,3,0,0,3
0,2,0,0,2
0,1,0,0,1
0,1,0,0,1
0,2,0,0,2
0,3,0,0,3
0,3,0,0,3
0,2,0,0,2
0,1,0,0,1
0,2,0,0,2
0,2,0,0,2
0,2,0,0,2
0,1,1,0,2
0,2,0,0,2
0,2,0,0,2
0,2,0,0,2
0,1,1,0,2
0,1,1,0,2
0,1,0,0,1
0,3,1,0,4
0,2,0,0,2
0,2,0,0,2
0,3,0,0,3
0,2,0,0,2
0,4,0,0,4
0,3,1,0,4
0,3,1,0,4
0,2,0,0,2
0,2,0,0,2
0,7,0,0,7
0,3,1,0,4
0,2,0,0,2
0,2,0,0,2
0,1,0,0,1
0,6,0,0,6
0,2,0,0,2
0,1,1,0,2
0,1,0,0,1
0,1,1,0,2
0,2,0,0,2
0,1,1,0,2
0,1,0,0,1
0,2,0,0,2
0,3,0,0,3
0,2,0,0,2
0,1,0,0,1
0,5,0,0,5
0,1,1,0,2
0,2,1,0,3
0,3,0,0,3
0,2,0,0,2
0,2,0,0,2
0,3,0,0,3
0,1,1,0,2
0,1,1,0,2
0,1,0,0,1
0,2,0,0,2
0,4,0,0,4
0,4,0,0,4
0,3,0,0,3
0,2,0,0,2
0,3,3,0,6
0,1,0,0,1
0,4,0,0,4
0,2,0,0,2
0,3,0,0,3
0,3,0,0,3
0,3,0,0,3
0,2,0,0,2
0,1,1,0,2
0,1,1,0,2
0,1,0,0,1
0,2,0,0,2
0,2,0,0,2
0,1,0,0,1
0,2,0,0,2
0,2,0,0,2
0,1,0,0,1
0,1,0,0,1
0,5,0,0,5
0,5,0,0,5
0,2,0,0,2
0,2,0,0,2
0,2,0,0,2
0,1,0,0,1
0,2,0,0,2
0,2,0,0,2
0,2,0,0,2
0,2,0,0,2
0,1,0,0,1
0,3,0,0,3
0,3,0,0,3
0,3,0,0,3
0,2,0,0,2
0,2,1,0,3
0,2,0,0,2
0,1,0,0,1
0,5,0,0,5
0,7,0,0,7
0,1,1,0,2
0,2,0,0,2
0,5,0,0,5
0,1,0,0,1
0,2,0,0,2
0,1,0,0,1
0,2,0,0,2
0,3,0,0,3
0,2,0,0,2
0,2,1,0,3
0,1,0,0,1
0,2,0,0,2
0,2,0,0,2
0,2,0,0,2
0,1,1,0,2
0,1,0,0,1
0,2,0,0,2
0,2,0,0,2
0,2,0,0,2
0,2,0,0,2
0,4,0,0,4
0,2,0,0,2
0,2,0,0,2
0,2,0,0,2
0,2,0,0,2
0,2,0,0,2
0,2,0,0,2
0,2,0,0,2
0,2,0,0,2
0,2,0,0,2
0,3,0,0,3
0,2,0,0,2
0,2,0,0,2
0,1,1,0,2
0,1,0,0,1
0,2,0,0,2
0,2,0,0,2
0,2,0,0,2
0,5,0,0,5
0,5,0,0,5
0,1,0,0,1
0,4,0,0,4
0,1,1,0,2
0,1,0,0,1
0,1,0,0,1
0,1,0,0,1
0,3,1,0,4
0,3,0,0,3
0,3,2,0,5
0,1,1,0,2
0,1,0,0,1
0,2,0,0,2
0,3,0,0,3
0,3,0,0,3
0,1,0,0,1
0,2,0,0,2
0,4,0,0,4
0,2,0,0,2
0,2,0,0,2
0,1,0,0,1
0,2,0,0,2
0,2,0,0,2
0,1,1,0,2
0,1,0,0,1
0,1,0,0,1
0,1,0,0,1
0,1,1,0,2
0,1,1,0,2
0,1,2,0,3
0,2,0,0,2
0,1,1,0,2
0,1,0,0,1
0,1,0,0,1
0,6,0,0,6
0,3,0,0,3
0,2,0,0,2
0,3,0,0,3
0,1,1,0,2
0,4,1,0,5
0,1,1,0,2
0,1,0,0,1
0,1,0,0,1
0,3,2,0,5
0,1,0,0,1
0,3,0,0,3
0,3,0,0,3
0,2,0,0,2
0,2,0,0,2
0,1,0,0,1
0,2,0,0,2
0,1,0,0,1
0,2,0,0,2
0,1,0,0,1
0,2,0,0,2
0,1,1,0,2
0,2,0,0,2
0,1,0,0,1
0,5,3,0,8
0,2,0,0,2
0,2,0,0,2
0,5,0,0,5
0,1,0,0,1
0,1,0,0,1
0,1,0,0,1
0,1,1,0,2
0,2,0,0,2
0,1,0,0,1
0,2,0,0,2
0,3,1,0,4
0,1,0,0,1
0,2,1,0,3
0,1,1,0,2
0,1,0,0,1
0,1,0,0,1
0,2,0,0,2
0,2,0,0,2
0,1,0,0,1
0,2,0,0,2
0,2,1,0,3
0,5,0,0,5
0,6,0,0,6
0,2,0,0,2
0,6,0,0,6
0,2,0,0,2
0,2,0,0,2
0,1,1,0,2
0,2,0,0,2
0,1,0,0,1
0,2,1,0,3
0,1,0,0,1
0,1,0,0,1
0,4,0,0,4
0,4,0,0,4
0,5,0,0,5
0,2,0,0,2
0,1,0,0,1
0,2,0,0,2
0,4,0,0,4
0,1,0,0,1
0,1,1,0,2
0,1,0,0,1
0,2,0,0,2
0,3,0,0,3
0,3,1,0,4
0,2,0,0,2
0,4,0,0,4
0,1,0,0,1
0,1,0,0,1
0,1,0,0,1
0,3,0,0,3
0,2,0,0,2
0,3,0,0,3
0,10,0,0,10
0,2,0,0,2
0,2,0,0,2
0,3,0,0,3
0,1,0,0,1
0,2,0,0,2
0,2,0,0,2
0,2,0,0,2
0,1,0,0,1
0,6,0,0,6
0,2,2,0,4
0,1,0,0,1
0,3,0,0,3
0,3,0,0,3
0,2,0,0,2
0,2,0,0,2
0,2,0,0,2
0,3,0,0,3
0,7,0,0,7
0,2,0,0,2
0,2,0,0,2
0,2,0,0,2
0,4,0,0,4
0,1,0,0,1
0,1,1,0,2
0,1,0,0,1
0,1,1,0,2
0,2,0,0,2
0,2,1,0,3
0,2,0,0,2
0,2,0,0,2
0,1,0,0,1
0,2,0,0,2
0,2,0,0,2
0,1,0,0,1
0,4,0,0,4
0,2,3,0,5
0,2,0,0,2
0,5,1,0,6
0,8,0,0,8
0,2,0,0,2
0,2,0,0,2
0,2,0,0,2
0,2,0,0,2
0,5,0,0,5
0,2,1,0,3
0,2,0,0,2
0,9,0,0,9
0,13,1,0,14
0,2,0,0,2
0,2,0,0,2
0,3,0,0,3
0,2,0,0,2
0,2,0,0,2
0,3,0,0,3
0,5,0,0,5
0,2,0,0,2
0,1,0,0,1
0,2,0,0,2
0,3,0,0,3
0,2,0,0,2
0,2,0,0,2
0,2,0,0,2
0,1,0,0,1
0,6,0,0,6
0,1,0,0,1
0,1,0,0,1
0,3,1,0,4
0,1,1,0,2
0,5,0,0,5
0,3,0,0,3
0,1,1,0,2
0,2,0,0,2
0,2,0,0,2
0,4,0,0,4
0,1,1,0,2
0,1,1,0,2
0,7,0,0,7
0,1,0,0,1
0,3,0,0,3
0,2,0,0,2
0,1,0,0,1
0,1,0,0,1
0,2,0,0,2
0,2,0,0,2
0,1,1,0,2
0,1,0,0,1
0,2,1,0,3
0,2,0,0,2
0,3,0,0,3
0,3,0,0,3
0,1,0,0,1
0,1,0,0,1
0,2,0,0,2
0,1,0,0,1
0,2,0,0,2
0,1,0,0,1
0,2,0,0,2
0,1,0,0,1
0,2,0,0,2
0,2,0,0,2
0,2,0,0,2
0,3,0,0,3
0,1,0,0,1
0,1,1,0,2
0,1,0,0,1
0,1,0,0,1
0,2,0,0,2
0,2,0,0,2
0,1,0,0,1
0,1,1,0,2
0,2,0,0,2
0,2,1,0,3
0,1,0,0,1
0,1,0,0,1
0,5,0,0,5
0,3,0,0,3
0,3,0,0,3
0,2,0,0,2
0,2,0,0,2
0,1,0,0,1
0,1,0,0,1
0,3,0,0,3
0,1,1,0,2
0,3,0,0,3
0,4,0,0,4
0,2,0,0,2
0,3,0,0,3
0,2,0,0,2
0,2,0,0,2
0,3,0,0,3
0,1,0,0,1
0,4,0,0,4
0,11,0,0,11
0,1,0,0,1
0,1,0,0,1
0,2,0,0,2
0,1,0,0,1
0,2,0,0,2
0,2,0,0,2
0,3,0,0,3
0,1,0,0,1
0,4,0,0,4
0,2,0,0,2
0,2,2,0,4
0,2,0,0,2
0,1,0,0,1
0,2,0,0,2
0,1,0,0,1
0,2,0,0,2
0,2,0,0,2
0,1,0,0,1
0,1,0,0,1
0,1,0,0,1
0,3,9,0,12
0,1,0,0,1
0,1,0,0,1
0,1,0,0,1
0,2,0,0,2
0,2,1,0,3
0,2,0,0,2
0,2,0,0,2
0,1,0,0,1
0,2,0,0,2
0,2,1,0,3
0,1,1,0,2
0,2,0,0,2
0,5,0,0,5
0,1,0,0,1
0,3,0,0,3
0,2,0,0,2
0,1,0,0,1
0,1,0,0,1
0,2,0,0,2
0,2,0,0,2
0,2,0,0,2
0,2,0,0,2
0,2,0,0,2
0,1,2,0,3
0,3,1,0,4
0,1,1,0,2
0,2,0,0,2
0,2,0,0,2
0,3,0,0,3
0,5,0,0,5
0,4,0,0,4
0,3,0,0,3
0,2,0,0,2
0,1,0,0,1
0,2,0,0,2
0,2,0,0,2
0,4,0,0,4
0,4,0,0,4
0,3,0,0,3
0,3,0,0,3
0,1,0,0,1
0,1,0,0,1
0,2,0,0,2
0,2,0,0,2
0,2,0,0,2
0,2,0,0,2
0,2,0,0,2
0,1,0,0,1
0,1,0,0,1
0,2,0,0,2
0,1,0,0,1
0,1,1,0,2
0,2,1,0,3
0,4,2,0,6
0,1,0,0,1
0,1,0,0,1
0,2,0,0,2
0,4,0,0,4
0,1,0,0,1
0,1,1,0,2
0,1,0,0,1
0,2,0,0,2
0,3,0,0,3
0,1,0,0,1
0,2,0,0,2
0,2,2,0,4
0,2,0,0,2
0,2,0,0,2
0,2,1,0,3
0,1,1,0,2
0,1,0,0,1
0,2,0,0,2
0,2,0,0,2
0,1,1,0,2
0,2,0,0,2
0,2,0,0,2
0,2,1,0,3
0,2,0,0,2
0,3,0,0,3
0,1,1,0,2
0,1,0,0,1
0,1,1,0,2
0,2,0,0,2
0,1,0,0,1
0,2,0,0,2
0,1,0,0,1
0,3,0,0,3
0,3,0,0,3
0,3,0,0,3
0,1,0,0,1
0,2,0,0,2
0,2,0,0,2
0,1,0,0,1
0,1,1,0,2
0,1,0,0,1
0,2,0,0,2
0,2,0,0,2
0,3,0,0,3
0,1,4,0,5
0,1,0,0,1
0,1,0,0,1
0,2,0,0,2
0,2,0,0,2
0,1,0,0,1
0,4,2,0,6
0,2,0,0,2
0,3,0,0,3
0,1,1,0,2
0,1,0,0,1
0,1,0,0,1
0,1,0,0,1
0,3,0,0,3
0,1,0,0,1
0,1,0,0,1
0,1,0,0,1
0,3,0,0,3
0,1,0,0,1
0,2,0,0,2
0,2,1,0,3
0,1,2,0,3
0,2,0,0,2
0,2,0,0,2
0,2,0,0,2
0,2,0,0,2
0,1,0,0,1
0,1,0,0,1
0,2,0,0,2
0,1,0,0,1
0,2,0,0,2
0,5,0,0,5
0,2,0,0,2
0,1,0,0,1
0,2,0,0,2
0,1,0,0,1
0,1,0,0,1
0,2,0,0,2
0,4,0,0,4
0,2,0,0,2
0,3,0,0,3
0,1,0,0,1
0,2,0,0,2
0,2,0,0,2
0,2,0,0,2
0,3,1,0,4
0,2,0,0,2
0,3,0,0,3
0,2,0,0,2
0,2,0,0,2
0,2,0,0,2
0,2,0,0,2
0,1,0,0,1
0,4,1,0,5
0,2,0,0,2
0,1,0,0,1
0,1,0,0,1
0,1,0,0,1
0,1,1,0,2
0,2,0,0,2
0,3,0,0,3
0,1,0,0,1
0,2,0,0,2
0,1,1,0,2
0,1,0,0,1
0,2,0,0,2
0,3,0,0,3
0,2,0,0,2
0,1,0,0,1
0,3,0,0,3
0,2,0,0,2
0,1,0,0,1
0,1,0,0,1
0,6,0,0,6
0,1,1,0,2
0,2,1,0,3
0,3,0,0,3
0,3,0,0,3
0,2,0,0,2
0,1,0,0,1
0,1,1,0,2
0,3,0,0,3
0,2,0,0,2
0,1,1,0,2
0,2,0,0,2
0,2,1,0,3
0,1,0,0,1
0,2,0,0,2
0,2,0,0,2
0,3,1,0,4
0,3,0,0,3
0,2,0,0,2
0,1,3,0,4
0,2,1,0,3
0,2,0,0,2
0,2,0,0,2
0,2,0,0,2
0,2,0,0,2
0,1,1,0,2
0,2,0,0,2
0,2,0,0,2
0,1,0,0,1
0,1,0,0,1
0,4,0,0,4
0,4,0,0,4
0,1,0,0,1
0,1,1,0,2
0,2,0,0,2
0,3,0,0,3
0,3,0,0,3
0,1,0,0,1
0,2,0,0,2
0,2,0,0,2
0,1,0,0,1
0,4,0,0,4
0,2,0,0,2
0,3,0,0,3
0,1,1,0,2
0,1,0,0,1
0,2,0,0,2
0,4,0,0,4
0,1,0,0,1
0,1,0,0,1
0,2,0,0,2
0,1,1,0,2
0,1,0,0,1
0,1,1,0,2
0,1,1,0,2
0,1,0,0,1
0,1,0,0,1
0,2,2,0,4
0,2,1,0,3
0,2,0,0,2
0,2,2,0,4
0,2,3,0,5
0,2,0,0,2
0,6,2,0,8
0,1,0,0,1
0,1,0,0,1
0,2,0,0,2
0,2,0,0,2
0,2,1,0,3
0,4,0,0,4
0,2,0,0,2
0,4,0,0,4
0,2,0,0,2
0,2,0,0,2
0,6,0,0,6
0,4,0,0,4
0,3,0,0,3
0,1,0,0,1
0,2,0,0,2
0,1,0,0,1
0,1,0,0,1
0,1,0,0,1
0,2,0,0,2
0,1,0,0,1
0,3,0,0,3
0,1,2,0,3
0,5,1,0,6
0,4,0,0,4
0,3,0,0,3
0,1,0,0,1
0,1,0,0,1
0,1,0,0,1
0,1,0,0,1
0,4,0,0,4
0,4,0,0,4
0,2,0,0,2
0,2,0,0,2
0,2,0,0,2
0,2,0,0,2
0,2,0,0,2
0,2,0,0,2
0,2,0,0,2
0,2,0,0,2
0,2,0,0,2
0,2,0,0,2
0,2,0,0,2
0,2,2,0,4
0,1,0,0,1
0,1,0,0,1
0,1,0,0,1
0,2,0,0,2
0,1,0,0,1
0,2,0,0,2
0,2,0,0,2
0,2,0,0,2
0,1,0,0,1
0,2,0,0,2
0,1,0,0,1
0,1,1,0,2
0,1,0,0,1
0,1,0,0,1
0,1,0,0,1
0,1,0,0,1
0,1,0,0,1
0,1,0,0,1
0,2,0,0,2
0,1,1,0,2
0,1,2,0,3
0,2,0,0,2
0,2,0,0,2
0,3,0,0,3
0,1,0,0,1
0,2,0,0,2
0,6,0,0,6
0,2,0,0,2
0,1,0,0,1
0,1,0,0,1
0,2,0,0,2
0,2,0,0,2
0,2,0,0,2
0,2,0,0,2
0,1,0,0,1
0,3,1,0,4
0,2,0,0,2
0,2,0,0,2
0,3,0,0,3
0,1,0,0,1
0,1,0,0,1
0,1,0,0,1
0,4,0,0,4
0,5,0,0,5
0,4,0,0,4
0,1,1,0,2
0,1,0,0,1
0,1,1,0,2
0,1,0,0,1
0,1,0,0,1
0,1,1,0,2
0,1,0,0,1
0,3,0,0,3
0,1,1,0,2
0,1,1,0,2
0,2,0,0,2
0,2,0,0,2
0,1,1,0,2
0,2,0,0,2
0,3,0,0,3
0,2,0,0,2
0,2,0,0,2
0,2,0,0,2
0,2,0,0,2
0,2,1,0,3
0,2,3,0,5
0,3,0,0,3
0,1,0,0,1
0,2,0,0,2
0,1,0,0,1
0,3,0,0,3
0,4,0,0,4
0,1,0,0,1
0,1,0,0,1
0,1,0,0,1
0,1,1,0,2
0,1,0,0,1
0,2,0,0,2
0,2,0,0,2
0,6,0,0,6
0,2,0,0,2
0,2,0,0,2
0,4,0,0,4
0,1,0,0,1
0,3,0,0,3
0,1,1,0,2
0,1,0,0,1
0,3,0,0,3
0,3,0,0,3
0,1,0,0,1
0,7,0,0,7
0,1,0,0,1
0,1,0,0,1
0,1,0,0,1
0,1,0,0,1
0,1,0,0,1
0,1,2,0,3
0,1,0,0,1
0,2,0,0,2
0,1,0,0,1
0,4,0,0,4
0,3,0,0,3
0,2,0,0,2
0,1,1,0,2
0,3,3,0,6
0,1,0,0,1
0,1,1,0,2
0,1,0,0,1
0,1,0,0,1
0,2,0,0,2
0,4,0,0,4
0,1,0,0,1
0,1,0,0,1
0,2,0,0,2
0,1,0,0,1
0,1,0,0,1
0,3,0,0,3
0,4,0,0,4
0,1,0,0,1
0,4,0,0,4
0,4,0,0,4
0,1,1,0,2
0,1,1,0,2
0,1,0,0,1
0,1,0,0,1
0,1,0,0,1
0,3,0,0,3
0,4,0,0,4
0,2,2,0,4
0,2,1,0,3
0,2,0,0,2
0,2,0,0,2
0,2,0,0,2
0,1,0,0,1
0,3,0,0,3
0,2,0,0,2
0,2,0,0,2
0,2,0,0,2
0,2,0,0,2
0,3,0,0,3
0,3,0,0,3
0,1,0,0,1
0,2,0,0,2
0,2,0,0,2
0,2,0,0,2
0,2,0,0,2
0,1,0,0,1
0,3,1,0,4
0,3,0,0,3
0,1,0,0,1
0,2,0,0,2
0,2,0,0,2
0,2,1,0,3
0,1,1,0,2
0,1,0,0,1
0,1,0,0,1
0,1,1,0,2
0,1,0,0,1
0,1,0,0,1
0,1,0,0,1
0,2,0,0,2
0,1,1,0,2
0,2,1,0,3
0,4,0,0,4
0,2,0,0,2
0,1,0,0,1
0,2,0,0,2
0,1,0,0,1
0,1,0,0,1
0,1,0,0,1
0,3,0,0,3
0,1,0,0,1
0,1,1,0,2
0,1,0,0,1
0,2,0,0,2
0,2,0,0,2
0,4,0,0,4
0,1,0,0,1
0,1,0,0,1
0,1,0,0,1
0,2,0,0,2
0,5,0,0,5
0,1,0,0,1
0,3,0,0,3
0,2,0,0,2
0,3,0,0,3
0,3,0,0,3
0,1,0,0,1
0,1,0,0,1
0,2,0,0,2
0,5,0,0,5
0,5,0,0,5
0,6,0,0,6
0,2,1,0,3
0,4,0,0,4
0,3,0,0,3
0,2,0,0,2
0,2,0,0,2
0,1,1,0,2
0,3,0,0,3
0,1,0,0,1
0,1,1,0,2
0,4,0,0,4
0,3,0,0,3
0,1,0,0,1
0,1,0,0,1
0,1,0,0,1
0,1,0,0,1
0,3,0,0,3
0,3,0,0,3
0,1,0,0,1
0,1,0,0,1
0,1,0,0,1
0,1,1,0,2
0,1,0,0,1
0,1,1,0,2
0,2,0,0,2
0,2,0,0,2
0,2,0,0,2
0,1,0,0,1
0,3,0,0,3
0,2,0,0,2
0,1,1,0,2
0,2,1,0,3
0,3,0,0,3
0,5,0,0,5
0,2,0,0,2
0,3,0,0,3
0,1,0,0,1
0,4,0,0,4
0,3,0,0,3
0,2,0,0,2
0,3,0,0,3
0,3,0,0,3
0,10,0,0,10
0,2,1,0,3
0,1,0,0,1
0,2,0,0,2
0,1,0,0,1
0,2,6,0,8
0,2,0,0,2
0,5,0,0,5
0,1,0,0,1
0,2,0,0,2
0,2,0,0,2
0,1,0,0,1
0,1,6,0,7
0,2,0,0,2
0,2,0,0,2
0,3,1,0,4
0,3,0,0,3
0,4,0,0,4
0,4,0,0,4
0,1,2,0,3
0,1,1,0,2
0,1,0,0,1
0,3,0,0,3
0,4,0,0,4
0,2,0,0,2
0,1,0,0,1
0,1,0,0,1
0,4,0,0,4
0,4,0,0,4
0,1,0,0,1
0,1,0,0,1
0,2,0,0,2
0,1,0,0,1
0,3,0,0,3
0,3,0,0,3
0,2,0,0,2
0,1,0,0,1
0,2,0,0,2
0,1,0,0,1
0,2,0,0,2
0,3,0,0,3
0,2,0,0,2
0,1,1,0,2
0,3,1,0,4
0,3,0,0,3
0,1,1,0,2
0,4,0,0,4
0,1,0,0,1
0,1,0,0,1
0,2,0,0,2
0,2,0,0,2
0,1,0,0,1
0,1,0,0,1
0,2,0,0,2
0,1,0,0,1
0,1,0,0,1
0,1,0,0,1
0,1,0,0,1
0,2,0,0,2
0,2,0,0,2
0,2,0,0,2
0,1,0,0,1
0,1,0,0,1
0,1,0,0,1
0,2,0,0,2
0,5,0,0,5
0,2,0,0,2
0,2,0,0,2
0,2,1,0,3
0,2,0,0,2
0,1,0,0,1
0,1,0,0,1
0,2,0,0,2
0,5,0,0,5
0,3,0,0,3
0,1,0,0,1
0,1,0,0,1
0,3,1,0,4
0,4,0,0,4
0,1,0,0,1
0,2,0,0,2
0,2,0,0,2
0,3,0,0,3
0,1,0,0,1
0,2,0,0,2
0,3,0,0,3
0,1,0,0,1
0,1,0,0,1
0,2,0,0,2
0,1,0,0,1
0,4,0,0,4
0,1,0,0,1
0,1,0,0,1
0,2,0,0,2
0,2,0,0,2
0,2,0,0,2
0,2,0,0,2
0,2,0,0,2
0,2,0,0,2
0,7,0,0,7
0,2,0,0,2
0,1,1,0,2
0,1,0,0,1
0,1,1,0,2
0,2,0,0,2
0,2,0,0,2
0,2,0,0,2
0,1,1,0,2
0,2,0,0,2
0,3,0,0,3
0,2,0,0,2
0,1,0,0,1
0,1,0,0,1
0,2,0,0,2
0,1,1,0,2
0,1,1,0,2
0,2,1,0,3
0,1,1,0,2
0,1,0,0,1
0,2,0,0,2
0,1,1,0,2
0,1,0,0,1
0,3,1,0,4
0,3,0,0,3
0,1,0,0,1
0,2,0,0,2
0,4,0,0,4
0,2,0,0,2
0,1,1,0,2
0,2,1,0,3
0,1,2,0,3
0,1,2,0,3
0,1,0,0,1
0,2,0,0,2
0,2,0,0,2
0,3,0,0,3
0,1,0,0,1
0,1,0,0,1
0,1,0,0,1
0,2,2,0,4
0,1,0,0,1
0,1,1,0,2
0,1,0,0,1
0,1,1,0,2
0,4,0,0,4
0,1,0,0,1
0,1,0,0,1
0,2,0,0,2
0,3,0,0,3
0,2,0,0,2
0,1,1,0,2
0,2,0,0,2
0,3,0,0,3
0,2,0,0,2
0,1,0,0,1
0,2,0,0,2
0,2,0,0,2
0,2,0,0,2
0,6,0,0,6
0,2,0,0,2
0,1,0,0,1
0,1,1,0,2
0,1,0,0,1
0,1,0,0,1
0,3,0,0,3
0,3,0,0,3
0,1,1,0,2
0,2,0,0,2
0,4,0,0,4
0,4,0,0,4
0,2,0,0,2
0,1,1,0,2
0,1,1,0,2
0,1,0,0,1
0,4,0,0,4
0,1,0,0,1
0,1,0,0,1
0,4,0,0,4
0,4,0,0,4
0,2,0,0,2
0,3,2,0,5
0,4,0,0,4
0,1,1,0,2
0,2,0,0,2
0,2,0,0,2
0,1,0,0,1
0,6,0,0,6
0,2,0,0,2
0,1,0,0,1
0,2,1,0,3
0,2,0,0,2
0,2,1,0,3
0,1,0,0,1
0,2,0,0,2
0,4,0,0,4
0,1,0,0,1
0,1,0,0,1
0,1,0,0,1
0,1,0,0,1
0,1,0,0,1
0,1,0,0,1
0,4,0,0,4
0,1,0,0,1
0,2,0,0,2
0,4,0,0,4
0,2,0,0,2
0,2,0,0,2
0,2,0,0,2
0,2,0,0,2
0,1,0,0,1
0,1,0,0,1
0,1,2,0,3
0,2,0,0,2
0,4,0,0,4
0,1,0,0,1
0,1,0,0,1
0,4,0,0,4
0,1,1,0,2
0,2,0,0,2
0,2,0,0,2
0,1,0,0,1
0,3,1,0,4
0,1,0,0,1
0,2,0,0,2
0,2,0,0,2
0,2,0,0,2
0,3,1,0,4
0,3,0,0,3
0,2,0,0,2
0,4,0,0,4
0,2,0,0,2
0,1,0,0,1
0,3,0,0,3
0,3,0,0,3
0,1,1,0,2
0,1,0,0,1
0,1,0,0,1
0,2,0,0,2
0,1,1,0,2
0,9,0,0,9
0,3,0,0,3
0,1,0,0,1
0,1,0,0,1
0,1,0,0,1
0,1,0,0,1
0,1,0,0,1
0,2,4,0,6
0,3,2,0,5
0,1,1,0,2
0,2,0,0,2
0,2,0,0,2
0,1,1,0,2
0,4,0,0,4
0,1,0,0,1
0,1,0,0,1
0,2,0,0,2
0,3,0,0,3
0,1,0,0,1
0,2,0,0,2
0,1,0,0,1
0,2,0,0,2
0,2,0,0,2
0,3,1,0,4
0,1,1,0,2
0,4,0,0,4
0,3,2,0,5
0,3,0,0,3
0,1,1,0,2
0,1,0,0,1
0,3,0,0,3
0,1,0,0,1
0,2,0,0,2
0,1,0,0,1
0,2,0,0,2
0,1,0,0,1
0,1,0,0,1
0,1,1,0,2
0,1,0,0,1
0,2,1,0,3
0,2,0,0,2
0,4,0,0,4
0,1,0,0,1
0,1,0,0,1
0,2,0,0,2
0,2,0,0,2
0,4,0,0,4
0,6,0,0,6
0,2,0,0,2
0,3,0,0,3
0,1,0,0,1
0,4,0,0,4
0,2,0,0,2
0,2,0,0,2
0,4,0,0,4
0,2,0,0,2
0,2,0,0,2
0,1,1,0,2
0,2,0,0,2
0,2,0,0,2
0,2,0,0,2
0,2,0,0,2
0,1,1,0,2
0,1,0,0,1
0,2,0,0,2
0,2,0,0,2
0,1,0,0,1
0,2,0,0,2
0,1,0,0,1
0,2,0,0,2
0,2,0,0,2
0,1,0,0,1
0,2,0,0,2
0,2,0,0,2
0,2,0,0,2
0,1,0,0,1
0,1,0,0,1
0,2,0,0,2
0,3,0,0,3
0,1,0,0,1
0,2,0,0,2
0,2,0,0,2
0,1,1,0,2
0,2,0,0,2
0,4,0,0,4
0,2,0,0,2
0,3,0,0,3
0,3,0,0,3
0,2,0,0,2
0,3,0,0,3
0,1,0,0,1
0,3,0,0,3
0,1,0,0,1
0,1,0,0,1
0,1,0,0,1
0,3,0,0,3
0,3,0,0,3
0,3,0,0,3
0,3,1,0,4
0,5,0,0,5
0,2,0,0,2
0,2,0,0,2
0,2,0,0,2
0,1,0,0,1
0,1,1,0,2
0,1,0,0,1
0,2,4,0,6
0,3,1,0,4
0,1,1,0,2
0,1,0,0,1
0,2,0,0,2
0,4,0,0,4
0,1,1,0,2
0,1,0,0,1
0,3,0,0,3
0,2,0,0,2
0,3,0,0,3
0,1,1,0,2
0,2,0,0,2
0,1,1,0,2
0,2,0,0,2
0,4,0,0,4
0,2,0,0,2
0,1,0,0,1
0,6,0,0,6
0,7,0,0,7
0,2,0,0,2
0,2,0,0,2
0,2,0,0,2
0,2,0,0,2
0,2,0,0,2
0,2,0,0,2
0,1,1,0,2
0,4,0,0,4
0,1,0,0,1
0,10,0,0,10
0,2,0,0,2
0,1,0,0,1
0,2,0,0,2
0,3,0,0,3
0,2,0,0,2
0,2,0,0,2
0,1,0,0,1
0,3,0,0,3
0,2,1,0,3
0,1,0,0,1
0,2,0,0,2
0,3,2,0,5
0,1,0,0,1
0,2,0,0,2
0,1,0,0,1
0,2,0,0,2
0,2,0,0,2
0,1,1,0,2
0,1,0,0,1
0,1,0,0,1
0,6,0,0,6
0,3,0,0,3
0,2,0,0,2
0,2,0,0,2
0,4,0,0,4
0,1,0,0,1
0,1,1,0,2
0,2,0,0,2
0,1,0,0,1
0,2,0,0,2
0,1,0,0,1
0,3,0,0,3
0,1,0,0,1
0,3,0,0,3
0,2,0,0,2
0,3,0,0,3
0,4,0,0,4
0,2,0,0,2
0,3,0,0,3
0,1,0,0,1
0,1,0,0,1
0,1,0,0,1
0,2,0,0,2
0,1,0,0,1
0,4,0,0,4
0,6,0,0,6
0,1,0,0,1
0,2,0,0,2
0,3,0,0,3
0,1,0,0,1
0,2,0,0,2
0,2,0,0,2
0,2,0,0,2
0,1,1,0,2
0,1,0,0,1
0,1,0,0,1
0,4,0,0,4
0,3,0,0,3
0,1,0,0,1
0,3,1,0,4
0,2,0,0,2
0,2,0,0,2
0,1,1,0,2
0,1,1,0,2
0,2,0,0,2
0,2,0,0,2
0,2,0,0,2
0,2,0,0,2
0,1,1,0,2
0,1,0,0,1
0,1,0,0,1
0,4,0,0,4
0,4,0,0,4
0,1,1,0,2
0,2,0,0,2
0,1,0,0,1
0,1,1,0,2
0,1,0,0,1
0,2,0,0,2
0,1,0,0,1
0,4,0,0,4
0,2,0,0,2
0,4,0,0,4
0,1,0,0,1
0,2,0,0,2
0,1,1,0,2
0,2,0,0,2
0,5,0,0,5
0,2,0,0,2
0,1,0,0,1
0,2,0,0,2
0,6,0,0,6
0,2,0,0,2
0,4,1,0,5
0,1,0,0,1
0,1,1,0,2
0,3,0,0,3
0,1,0,0,1
0,1,0,0,1
0,5,0,0,5
0,3,0,0,3
0,2,0,0,2
0,8,0,0,8
0,1,0,0,1
0,1,0,0,1
0,2,0,0,2
0,1,1,0,2
0,1,0,0,1
0,1,0,0,1
0,1,0,0,1
0,1,1,0,2
0,3,0,0,3
0,1,0,0,1
0,2,0,0,2
0,2,0,0,2
0,1,0,0,1
0,2,0,0,2
0,3,0,0,3
0,3,0,0,3
0,2,0,0,2
0,1,0,0,1
0,2,0,0,2
0,3,0,0,3
0,2,0,0,2
0,2,0,0,2
0,2,0,0,2
0,2,0,0,2
0,1,0,0,1
0,4,0,0,4
0,1,0,0,1
0,2,0,0,2
0,2,0,0,2
0,1,1,0,2
0,2,0,0,2
0,2,0,0,2
0,5,0,0,5
0,10,1,0,11
0,4,0,0,4
0,4,0,0,4
0,7,0,0,7
0,3,0,0,3
0,1,0,0,1
0,1,0,0,1
0,1,1,0,2
0,1,0,0,1
0,1,0,0,1
0,2,0,0,2
0,1,0,0,1
0,1,0,0,1
0,2,0,0,2
0,2,0,0,2
0,2,0,0,2
0,3,0,0,3
0,1,1,0,2
0,2,0,0,2
0,3,0,0,3
0,3,2,0,5
0,1,1,0,2
0,1,0,0,1
0,4,1,0,5
0,1,0,0,1
0,3,0,0,3
0,2,0,0,2
0,1,0,0,1
0,1,0,0,1
0,1,1,0,2
0,1,0,0,1
0,2,0,0,2
0,2,0,0,2
0,2,0,0,2
0,1,1,0,2
0,1,1,0,2
0,1,1,0,2
0,2,0,0,2
0,8,0,0,8
0,3,0,0,3
0,3,0,0,3
0,2,0,0,2
0,1,0,0,1
0,3,0,0,3
0,1,1,0,2
0,1,0,0,1
0,5,0,0,5
0,3,0,0,3
0,1,1,0,2
0,1,0,0,1
0,2,0,0,2
0,1,0,0,1
0,4,0,0,4
0,2,0,0,2
0,1,0,0,1
0,2,1,0,3
0,1,1,0,2
0,2,0,0,2
0,2,0,0,2
0,1,1,0,2
0,1,0,0,1
0,3,0,0,3
0,2,0,0,2
0,1,0,0,1
0,5,0,0,5
0,3,0,0,3
0,1,0,0,1
0,2,0,0,2
0,1,0,0,1
0,6,0,0,6
0,2,0,0,2
0,1,1,0,2
0,2,0,0,2
0,2,0,0,2
0,2,0,0,2
0,1,0,0,1
0,2,0,0,2
0,1,1,0,2
0,1,0,0,1
0,2,0,0,2
0,1,3,0,4
0,1,0,0,1
0,2,0,0,2
0,3,1,0,4
0,2,1,0,3
0,3,0,0,3
0,4,0,0,4
0,2,0,0,2
0,2,0,0,2
0,2,0,0,2
0,2,0,0,2
0,3,0,0,3
0,3,0,0,3
0,1,1,0,2
0,2,0,0,2
0,1,0,0,1
0,2,0,0,2
0,1,0,0,1
0,1,0,0,1
0,3,0,0,3
0,1,1,0,2
0,1,0,0,1
0,1,0,0,1
0,2,0,0,2
0,2,0,0,2
0,3,0,0,3
0,2,0,0,2
0,3,0,0,3
0,2,0,0,2
0,3,0,0,3
0,2,0,0,2
0,2,0,0,2
0,2,0,0,2
0,1,1,0,2
0,1,0,0,1
0,3,0,0,3
0,2,0,0,2
0,1,1,0,2
0,1,0,0,1
0,2,0,0,2
0,2,0,0,2
0,3,0,0,3
0,2,0,0,2
0,2,0,0,2
0,4,2,0,6
0,2,0,0,2
0,1,0,0,1
0,1,0,0,1
0,3,0,0,3
0,2,0,0,2
0,4,0,0,4
0,3,0,0,3
0,1,0,0,1
0,1,0,0,1
0,2,0,0,2
0,1,1,0,2
0,1,0,0,1
0,2,0,0,2
0,2,0,0,2
0,1,1,0,2
0,2,0,0,2
0,1,0,0,1
0,3,0,0,3
0,2,0,0,2
0,2,0,0,2
0,2,0,0,2
0,1,0,0,1
0,11,0,0,11
0,4,0,0,4
0,1,0,0,1
0,2,0,0,2
0,4,0,0,4
0,1,0,0,1
0,2,0,0,2
0,2,0,0,2
0,3,0,0,3
0,1,0,0,1
0,3,0,0,3
0,1,1,0,2
0,2,0,0,2
0,1,0,0,1
0,1,0,0,1
0,3,1,0,4
0,1,1,0,2
0,1,0,0,1
0,1,0,0,1
0,2,0,0,2
0,2,0,0,2
0,2,0,0,2
0,2,0,0,2
0,2,0,0,2
0,1,0,0,1
0,1,1,0,2
0,2,0,0,2
0,2,0,0,2
0,2,0,0,2
0,1,1,0,2
0,4,0,0,4
0,4,0,0,4
0,1,0,0,1
0,2,0,0,2
0,2,0,0,2
0,2,0,0,2
0,2,0,0,2
0,2,0,0,2
0,3,0,0,3
0,3,0,0,3
0,1,1,0,2
0,1,0,0,1
0,2,0,0,2
0,2,0,0,2
0,2,0,0,2
0,2,0,0,2
0,2,0,0,2
0,1,0,0,1
0,2,0,0,2
0,3,0,0,3
0,2,0,0,2
0,3,0,0,3
0,3,0,0,3
0,3,0,0,3
0,1,0,0,1
0,2,0,0,2
0,2,0,0,2
0,1,0,0,1
0,2,0,0,2
0,2,1,0,3
0,2,0,0,2
0,2,0,0,2
0,6,0,0,6
0,2,0,0,2
0,3,0,0,3
0,3,0,0,3
0,2,0,0,2
0,2,0,0,2
0,1,1,0,2
0,1,1,0,2
0,1,0,0,1
0,3,0,0,3
0,2,0,0,2
0,2,1,0,3
0,1,0,0,1
0,2,0,0,2
0,1,1,0,2
0,2,0,0,2
0,7,0,0,7
0,3,0,0,3
0,2,0,0,2
0,1,0,0,1
0,2,0,0,2
0,2,0,0,2
0,1,0,0,1
0,1,1,0,2
0,1,0,0,1
0,4,1,0,5
0,1,1,0,2
0,4,1,0,5
0,1,0,0,1
0,3,0,0,3
0,1,0,0,1
0,2,0,0,2
0,2,1,0,3
0,3,0,0,3
0,3,0,0,3
0,1,0,0,1
0,1,0,0,1
0,1,0,0,1
0,2,0,0,2
0,2,0,0,2
0,2,0,0,2
0,2,0,0,2
0,1,1,0,2
0,2,0,0,2
0,3,0,0,3
0,1,0,0,1
0,1,0,0,1
0,2,0,0,2
0,1,0,0,1
0,1,0,0,1
0,2,0,0,2
0,2,0,0,2
0,4,2,0,6
0,3,0,0,3
0,2,0,0,2
0,1,3,0,4
0,1,1,0,2
0,4,0,0,4
0,1,0,0,1
0,1,0,0,1
0,6,0,0,6
0,1,0,0,1
0,2,0,0,2
0,4,0,0,4
0,1,0,0,1
0,2,0,0,2
0,1,0,0,1
0,3,2,0,5
0,1,0,0,1
0,2,0,0,2
0,2,0,0,2
0,2,0,0,2
0,1,0,0,1
0,7,0,0,7
0,1,0,0,1
0,2,0,0,2
0,2,1,0,3
0,2,0,0,2
0,1,0,0,1
0,6,0,0,6
0,1,3,0,4
0,1,0,0,1
0,1,0,0,1
0,2,2,0,4
0,3,0,0,3
0,1,0,0,1
0,1,0,0,1
0,3,0,0,3
0,2,0,0,2
0,1,0,0,1
0,4,0,0,4
0,6,0,0,6
0,1,0,0,1
0,1,0,0,1
0,6,0,0,6
0,1,0,0,1
0,1,0,0,1
0,2,0,0,2
0,2,0,0,2
0,6,0,0,6
0,1,2,0,3
0,2,0,0,2
0,2,0,0,2
0,2,1,0,3
0,1,0,0,1
0,1,1,0,2
0,1,1,0,2
0,1,0,0,1
0,1,0,0,1
0,1,0,0,1
0,4,0,0,4
0,2,0,0,2
0,1,0,0,1
0,2,0,0,2
0,3,1,0,4
0,3,0,0,3
0,2,0,0,2
0,2,1,0,3
0,1,0,0,1
0,1,0,0,1
0,1,0,0,1
0,1,1,0,2
0,1,1,0,2
0,3,0,0,3
0,3,0,0,3
0,1,0,0,1
0,2,0,0,2
0,3,0,0,3
0,4,0,0,4
0,3,0,0,3
0,2,0,0,2
0,1,0,0,1
0,1,0,0,1
0,1,0,0,1
0,4,0,0,4
0,1,0,0,1
0,1,1,0,2
0,1,0,0,1
0,2,0,0,2
0,1,0,0,1
0,2,0,0,2
0,2,0,0,2
0,1,0,0,1
0,1,0,0,1
0,2,1,0,3
0,1,0,0,1
0,3,0,0,3
0,1,1,0,2
0,1,1,0,2
0,1,1,0,2
0,1,0,0,1
0,4,0,0,4
0,3,0,0,3
0,2,0,0,2
0,1,0,0,1
0,1,0,0,1
0,2,0,0,2
0,2,0,0,2
0,2,0,0,2
0,1,0,0,1
0,1,0,0,1
0,2,1,0,3
0,2,0,0,2
0,1,0,0,1
0,2,0,0,2
0,2,0,0,2
0,2,1,0,3
0,2,0,0,2
0,1,1,0,2
0,1,0,0,1
0,2,0,0,2
0,1,0,0,1
0,1,0,0,1
0,4,0,0,4
0,3,0,0,3
0,2,0,0,2
0,2,0,0,2
0,2,0,0,2
0,3,0,0,3
0,1,0,0,1
0,1,0,0,1
0,1,0,0,1
0,2,0,0,2
0,2,0,0,2
0,2,0,0,2
0,3,0,0,3
0,2,0,0,2
0,1,0,0,1
0,2,0,0,2
0,1,1,0,2
0,1,0,0,1
0,3,0,0,3
0,1,0,0,1
0,2,0,0,2
0,1,0,0,1
0,1,1,0,2
0,2,0,0,2
0,2,0,0,2
0,2,0,0,2
0,1,1,0,2
0,4,0,0,4
0,2,0,0,2
0,2,0,0,2
0,5,0,0,5
0,5,0,0,5
0,1,0,0,1
0,4,0,0,4
0,2,0,0,2
0,1,1,0,2
0,2,0,0,2
0,1,0,0,1
0,2,0,0,2
0,2,0,0,2
0,3,0,0,3
0,3,0,0,3
0,2,0,0,2
0,1,0,0,1
0,2,0,0,2
0,3,0,0,3
0,2,0,0,2
0,1,0,0,1
0,1,0,0,1
0,2,0,0,2
0,3,0,0,3
0,1,0,0,1
0,1,0,0,1
0,1,0,0,1
0,2,0,0,2
0,2,1,0,3
0,2,0,0,2
0,1,0,0,1
0,3,0,0,3
0,5,0,0,5
0,1,1,0,2
0,2,0,0,2
0,3,0,0,3
0,3,0,0,3
0,3,1,0,4
0,2,0,0,2
0,4,0,0,4
0,1,0,0,1
0,3,0,0,3
0,1,1,0,2
0,1,0,0,1
0,4,0,0,4
0,2,0,0,2
0,1,0,0,1
0,2,0,0,2
0,2,0,0,2
0,2,0,0,2
0,1,0,0,1
0,2,0,0,2
0,2,0,0,2
0,5,0,0,5
0,4,0,0,4
0,4,0,0,4
0,2,0,0,2
0,1,0,0,1
0,3,0,0,3
0,1,0,0,1
0,5,0,0,5
0,4,0,0,4
0,2,1,0,3
0,2,0,0,2
0,2,1,0,3
0,2,0,0,2
0,2,0,0,2
0,3,0,0,3
0,3,0,0,3
0,1,1,0,2
0,3,0,0,3
0,2,0,0,2
0,1,0,0,1
0,2,0,0,2
0,8,3,0,11
0,4,1,0,5
0,2,0,0,2
0,1,0,0,1
0,2,0,0,2
0,2,0,0,2
0,2,0,0,2
0,1,1,0,2
0,1,0,0,1
0,2,0,0,2
0,2,0,0,2
0,1,0,0,1
0,3,2,0,5
0,2,0,0,2
0,3,0,0,3
0,3,0,0,3
0,3,1,0,4
0,3,0,0,3
0,1,0,0,1
0,1,0,0,1
0,2,0,0,2
0,1,2,0,3
0,2,0,0,2
0,1,0,0,1
0,2,0,0,2
0,2,0,0,2
0,1,0,0,1
0,1,0,0,1
0,1,0,0,1
0,2,0,0,2
0,1,1,0,2
0,3,2,0,5
0,2,0,0,2
0,2,0,0,2
0,1,0,0,1
0,2,0,0,2
0,2,0,0,2
0,1,0,0,1
0,2,0,0,2
0,2,0,0,2
0,2,0,0,2
0,1,0,0,1
0,6,0,0,6
0,1,0,0,1
0,2,0,0,2
0,2,1,0,3
0,1,0,0,1
0,2,0,0,2
0,1,2,0,3
0,1,1,0,2
0,1,0,0,1
0,2,0,0,2
0,3,1,0,4
0,3,0,0,3
0,1,0,0,1
0,4,0,0,4
0,2,0,0,2
0,2,0,0,2
0,2,0,0,2
0,6,1,0,7
0,1,0,0,1
0,1,0,0,1
0,1,0,0,1
0,1,0,0,1
0,2,0,0,2
0,4,0,0,4
0,4,0,0,4
0,2,0,0,2
0,3,0,0,3
0,2,2,0,4
0,2,0,0,2
0,4,0,0,4
0,2,0,0,2
0,2,0,0,2
0,1,6,0,7
0,3,0,0,3
0,1,0,0,1
0,1,0,0,1
0,6,0,0,6
0,4,0,0,4
0,2,0,0,2
0,1,1,0,2
0,1,0,0,1
0,1,0,0,1
0,2,0,0,2
0,2,0,0,2
0,2,0,0,2
0,2,0,0,2
0,5,0,0,5
0,2,0,0,2
0,2,0,0,2
0,3,0,0,3
0,2,0,0,2
0,1,0,0,1
0,2,0,0,2
0,2,0,0,2
0,1,0,0,1
0,1,0,0,1
0,2,0,0,2
0,1,0,0,1
0,2,0,0,2
0,2,0,0,2
0,1,0,0,1
0,1,0,0,1
0,1,0,0,1
0,2,0,0,2
0,1,1,0,2
0,1,0,0,1
0,2,0,0,2
0,2,0,0,2
0,2,0,0,2
0,2,0,0,2
0,2,0,0,2
0,2,0,0,2
0,1,0,0,1
0,1,0,0,1
0,2,2,0,4
0,1,0,0,1
0,2,0,0,2
0,3,0,0,3
0,1,0,0,1
0,1,0,0,1
0,2,0,0,2
0,1,0,0,1
0,4,0,0,4
0,4,0,0,4
0,9,0,0,9
0,2,0,0,2
0,4,2,0,6
0,1,0,0,1
0,3,0,0,3
0,4,0,0,4
0,4,0,0,4
0,2,0,0,2
0,3,0,0,3
0,3,0,0,3
0,1,1,0,2
0,1,0,0,1
0,1,0,0,1
0,2,0,0,2
0,1,0,0,1
0,2,0,0,2
0,3,0,0,3
0,3,1,0,4
0,2,0,0,2
0,3,0,0,3
0,1,1,0,2
0,2,0,0,2
0,2,0,0,2
0,1,0,0,1
0,2,0,0,2
0,2,2,0,4
0,1,0,0,1
0,2,0,0,2
0,2,0,0,2
0,1,0,0,1
0,1,1,0,2
0,2,0,0,2
0,1,0,0,1
0,2,0,0,2
0,1,0,0,1
0,1,0,0,1
0,1,0,0,1
0,2,1,0,3
0,2,0,0,2
0,3,0,0,3
0,2,1,0,3
0,2,0,0,2
0,1,0,0,1
0,2,0,0,2
0,1,0,0,1
0,3,2,0,5
0,1,0,0,1
0,1,0,0,1
0,1,0,0,1
0,2,0,0,2
0,2,0,0,2
0,1,0,0,1
0,2,0,0,2
0,1,0,0,1
0,1,0,0,1
0,2,0,0,2
0,5,0,0,5
0,1,0,0,1
0,1,0,0,1
0,2,0,0,2
0,3,0,0,3
0,2,0,0,2
0,4,0,0,4
0,4,0,0,4
0,2,0,0,2
0,1,0,0,1
0,5,0,0,5
0,2,0,0,2
0,2,0,0,2
0,5,0,0,5
0,1,1,0,2
0,1,0,0,1
0,1,1,0,2
0,1,0,0,1
0,1,0,0,1
0,1,0,0,1
0,2,0,0,2
0,2,0,0,2
0,2,0,0,2
0,1,0,0,1
0,1,0,0,1
0,3,0,0,3
0,2,0,0,2
0,1,0,0,1
0,2,0,0,2
0,1,0,0,1
0,1,0,0,1
0,6,1,0,7
0,2,0,0,2
0,2,0,0,2
0,1,0,0,1
0,2,0,0,2
0,1,0,0,1
0,1,0,0,1
0,3,0,0,3
0,2,0,0,2
0,2,0,0,2
0,2,0,0,2
0,1,0,0,1
0,1,0,0,1
0,1,0,0,1
0,2,0,0,2
0,3,0,0,3
0,1,0,0,1
0,1,0,0,1
0,2,0,0,2
0,2,0,0,2
0,1,1,0,2
0,2,0,0,2
0,2,0,0,2
0,1,0,0,1
0,1,0,0,1
0,1,0,0,1
0,2,0,0,2
0,2,0,0,2
0,1,0,0,1
0,2,0,0,2
0,5,0,0,5
0,2,0,0,2
0,2,0,0,2
0,2,0,0,2
0,3,0,0,3
0,4,0,0,4
0,4,0,0,4
0,1,0,0,1
0,4,0,0,4
0,2,1,0,3
0,2,0,0,2
0,4,0,0,4
0,1,0,0,1
0,1,0,0,1
0,1,0,0,1
0,1,0,0,1
0,1,0,0,1
0,2,0,0,2
0,2,0,0,2
0,2,0,0,2
0,1,0,0,1
0,2,0,0,2
0,2,0,0,2
0,4,0,0,4
0,4,0,0,4
0,2,1,0,3
0,1,0,0,1
0,4,0,0,4
0,2,0,0,2
0,2,0,0,2
0,1,0,0,1
0,1,1,0,2
0,1,1,0,2
0,1,0,0,1
0,1,0,0,1
0,1,1,0,2
0,1,0,0,1
0,1,0,0,1
0,1,0,0,1
0,2,0,0,2
0,6,0,0,6
0,2,0,0,2
0,2,0,0,2
0,4,0,0,4
0,1,1,0,2
0,1,0,0,1
0,1,0,0,1
0,3,0,0,3
0,1,0,0,1
0,3,0,0,3
0,1,1,0,2
0,1,1,0,2
0,1,0,0,1
0,1,0,0,1
0,2,0,0,2
0,1,0,0,1
0,1,0,0,1
0,2,1,0,3
0,2,0,0,2
0,1,0,0,1
0,1,0,0,1
0,1,0,0,1
0,2,0,0,2
0,2,0,0,2
0,1,0,0,1
0,3,0,0,3
0,1,0,0,1
0,1,1,0,2
0,1,0,0,1
0,1,0,0,1
0,1,0,0,1
0,4,0,0,4
0,3,0,0,3
0,1,1,0,2
0,1,0,0,1
0,1,0,0,1
0,3,0,0,3
0,3,0,0,3
0,1,0,0,1
0,2,0,0,2
0,2,0,0,2
0,2,0,0,2
0,2,0,0,2
0,1,1,0,2
0,1,0,0,1
0,2,0,0,2
0,1,0,0,1
0,5,3,0,8
0,1,0,0,1
0,1,0,0,1
0,2,0,0,2
0,2,0,0,2
0,2,0,0,2
0,2,0,0,2
0,1,0,0,1
0,1,0,0,1
0,1,0,0,1
0,1,0,0,1
0,2,0,0,2
0,2,0,0,2
0,2,0,0,2
0,2,0,0,2
0,6,0,0,6
0,2,0,0,2
0,1,0,0,1
0,2,0,0,2
0,2,0,0,2
0,1,0,0,1
0,1,0,0,1
0,1,0,0,1
0,1,0,0,1
0,1,1,0,2
0,1,0,0,1
0,1,1,0,2
0,1,0,0,1
0,2,0,0,2
0,2,0,0,2
0,3,0,0,3
0,1,0,0,1
0,2,0,0,2
0,2,0,0,2
0,3,1,0,4
0,3,0,0,3
0,2,0,0,2
0,1,0,0,1
0,2,0,0,2
0,2,0,0,2
0,2,0,0,2
0,3,0,0,3
0,3,0,0,3
0,2,0,0,2
0,1,1,0,2
0,1,0,0,1
0,1,0,0,1
0,3,0,0,3
0,1,0,0,1
0,1,0,0,1
0,3,0,0,3
0,2,0,0,2
0,1,0,0,1
0,3,0,0,3
0,3,0,0,3
0,1,0,0,1
0,2,0,0,2
0,1,0,0,1
0,1,0,0,1
0,4,0,0,4
0,5,0,0,5
0,5,0,0,5
0,1,0,0,1
0,2,0,0,2
0,1,0,0,1
0,1,0,0,1
0,1,0,0,1
0,2,0,0,2
0,1,0,0,1
0,1,0,0,1
0,3,0,0,3
0,2,0,0,2
0,2,0,0,2
0,2,1,0,3
0,3,0,0,3
0,1,0,0,1
0,1,1,0,2
0,6,0,0,6
0,5,0,0,5
0,6,0,0,6
0,2,0,0,2
0,3,0,0,3
0,4,0,0,4
0,4,0,0,4
0,3,0,0,3
0,4,0,0,4
0,1,0,0,1
0,4,0,0,4
0,1,0,0,1
0,1,0,0,1
0,1,0,0,1
0,1,1,0,2
0,3,0,0,3
0,3,0,0,3
0,2,0,0,2
0,2,0,0,2
0,1,0,0,1
0,2,0,0,2
0,2,0,0,2
0,1,0,0,1
0,1,0,0,1
0,1,1,0,2
0,1,0,0,1
0,1,1,0,2
0,1,0,0,1
0,3,0,0,3
0,2,0,0,2
0,1,1,0,2
0,2,0,0,2
0,1,1,0,2
0,3,0,0,3
0,4,0,0,4
0,1,0,0,1
0,1,0,0,1
0,2,0,0,2
0,1,1,0,2
0,1,0,0,1
0,1,1,0,2
0,4,0,0,4
0,3,0,0,3
0,2,0,0,2
0,2,0,0,2
0,2,0,0,2
0,2,0,0,2
0,1,0,0,1
0,1,0,0,1
0,1,0,0,1
0,4,0,0,4
0,1,0,0,1
0,1,0,0,1
0,1,0,0,1
0,2,0,0,2
0,4,1,0,5
0,1,0,0,1
0,4,0,0,4
0,2,0,0,2
0,2,0,0,2
0,2,0,0,2
0,1,0,0,1
0,2,0,0,2
0,1,0,0,1
0,1,0,0,1
0,1,0,0,1
0,2,0,0,2
0,1,0,0,1
0,1,0,0,1
0,1,0,0,1
0,1,0,0,1
0,10,0,0,10
0,6,0,0,6
0,3,0,0,3
0,3,0,0,3
0,3,0,0,3
0,3,0,0,3
0,2,1,0,3
0,2,0,0,2
0,1,1,0,2
0,1,0,0,1
0,3,0,0,3
0,5,0,0,5
0,2,0,0,2
0,1,0,0,1
0,1,1,0,2
0,2,0,0,2
0,1,1,0,2
0,1,0,0,1
0,3,2,0,5
0,3,1,0,4
0,2,0,0,2
0,1,0,0,1
0,9,0,0,9
0,2,0,0,2
0,1,0,0,1
0,2,0,0,2
0,2,0,0,2
0,1,1,0,2
0,2,0,0,2
0,1,0,0,1
0,1,1,0,2
0,1,1,0,2
0,2,0,0,2
0,4,0,0,4
0,2,0,0,2
0,2,0,0,2
0,2,0,0,2
0,2,1,0,3
0,3,0,0,3
0,4,0,0,4
0,2,0,0,2
0,1,0,0,1
0,3,0,0,3
0,3,1,0,4
0,2,0,0,2
0,3,1,0,4
0,1,0,0,1
0,2,0,0,2
0,6,0,0,6
0,1,1,0,2
0,2,0,0,2
0,2,0,0,2
0,1,0,0,1
0,1,0,0,1
0,3,0,0,3
0,1,0,0,1
0,2,0,0,2
0,1,0,0,1
0,6,2,0,8
0,2,0,0,2
0,2,0,0,2
0,1,0,0,1
0,3,0,0,3
0,4,0,0,4
0,3,0,0,3
0,3,3,0,6
0,1,0,0,1
0,2,0,0,2
0,3,0,0,3
0,1,0,0,1
0,1,0,0,1
0,2,0,0,2
0,1,0,0,1
0,1,0,0,1
0,1,0,0,1
0,2,0,0,2
0,4,0,0,4
0,2,0,0,2
0,2,0,0,2
0,1,1,0,2
0,1,0,0,1
0,2,0,0,2
0,4,0,0,4
0,4,0,0,4
0,3,0,0,3
0,2,0,0,2
0,3,0,0,3
0,1,0,0,1
0,1,0,0,1
0,3,0,0,3
0,4,0,0,4
0,2,0,0,2
0,4,0,0,4
0,2,1,0,3
0,2,0,0,2
0,2,0,0,2
0,1,0,0,1
0,2,0,0,2
0,1,0,0,1
0,2,0,0,2
0,2,0,0,2
0,2,1,0,3
0,2,1,0,3
0,2,0,0,2
0,2,0,0,2
0,1,0,0,1
0,2,0,0,2
0,5,0,0,5
0,1,0,0,1
0,1,0,0,1
0,1,0,0,1
0,1,0,0,1
0,3,0,0,3
0,3,0,0,3
0,1,0,0,1
0,1,0,0,1
0,1,0,0,1
0,2,0,0,2
0,2,0,0,2
0,5,0,0,5
0,2,0,0,2
0,2,0,0,2
0,6,0,0,6
0,3,0,0,3
0,1,0,0,1
0,1,0,0,1
0,2,0,0,2
0,6,0,0,6
0,5,0,0,5
0,4,0,0,4
0,1,0,0,1
0,2,0,0,2
0,2,0,0,2
0,1,0,0,1
0,2,0,0,2
0,1,1,0,2
0,1,0,0,1
0,2,0,0,2
0,1,0,0,1
0,1,0,0,1
0,2,0,0,2
0,2,0,0,2
0,1,0,0,1
0,2,0,0,2
0,1,0,0,1
0,2,0,0,2
0,2,0,0,2
0,1,0,0,1
0,1,0,0,1
0,1,0,0,1
0,1,0,0,1
0,1,0,0,1
0,3,0,0,3
0,1,1,0,2
0,2,3,0,5
0,2,0,0,2
0,2,0,0,2
0,3,0,0,3
0,1,1,0,2
0,1,0,0,1
0,3,0,0,3
0,2,0,0,2
0,1,0,0,1
0,3,0,0,3
0,2,0,0,2
0,1,0,0,1
0,1,0,0,1
0,1,0,0,1
0,1,0,0,1
0,1,0,0,1
0,1,0,0,1
0,2,0,0,2
0,2,0,0,2
0,2,0,0,2
0,1,0,0,1
0,2,0,0,2
0,3,0,0,3
0,1,0,0,1
0,1,0,0,1
0,1,0,0,1
0,3,0,0,3
0,2,0,0,2
0,1,1,0,2
0,2,0,0,2
0,6,0,0,6
0,2,0,0,2
0,1,1,0,2
0,1,0,0,1
0,3,0,0,3
0,3,0,0,3
0,1,1,0,2
0,4,0,0,4
0,2,0,0,2
0,2,0,0,2
0,2,0,0,2
0,2,0,0,2
0,1,0,0,1
0,2,0,0,2
0,1,0,0,1
0,2,1,0,3
0,5,0,0,5
0,1,0,0,1
0,1,1,0,2
0,2,1,0,3
0,2,0,0,2
0,2,0,0,2
0,2,0,0,2
0,1,0,0,1
0,1,0,0,1
0,1,1,0,2
0,1,0,0,1
0,2,0,0,2
0,1,1,0,2
0,1,0,0,1
0,1,0,0,1
0,2,0,0,2
0,1,0,0,1
0,1,1,0,2
0,1,2,0,3
0,4,0,0,4
0,3,0,0,3
0,1,1,0,2
0,1,0,0,1
0,1,0,0,1
0,2,0,0,2
0,2,0,0,2
0,1,1,0,2
0,1,0,0,1
0,2,0,0,2
0,1,1,0,2
0,1,0,0,1
0,1,0,0,1
0,2,0,0,2
0,8,0,0,8
0,7,0,0,7
0,1,0,0,1
0,2,0,0,2
0,2,0,0,2
0,3,0,0,3
0,1,0,0,1
0,3,1,0,4
0,1,0,0,1
0,1,0,0,1
0,4,0,0,4
0,2,0,0,2
0,3,0,0,3
0,2,0,0,2
0,3,1,0,4
0,1,1,0,2
0,3,0,0,3
0,2,0,0,2
0,2,0,0,2
0,2,0,0,2
0,7,0,0,7
0,2,0,0,2
0,4,0,0,4
0,4,0,0,4
0,2,0,0,2
0,2,0,0,2
0,2,0,0,2
0,2,0,0,2
0,2,0,0,2
0,1,0,0,1
0,2,0,0,2
0,2,0,0,2
0,1,0,0,1
0,1,0,0,1
0,5,0,0,5
0,3,0,0,3
0,2,0,0,2
0,2,0,0,2
0,2,0,0,2
0,1,0,0,1
0,2,0,0,2
0,2,0,0,2
0,2,0,0,2
0,2,0,0,2
0,2,0,0,2
0,2,0,0,2
0,2,2,0,4
0,1,0,0,1
0,3,0,0,3
0,2,0,0,2
0,1,0,0,1
0,1,0,0,1
0,1,0,0,1
0,1,0,0,1
0,3,0,0,3
0,2,0,0,2
0,2,0,0,2
0,2,0,0,2
0,5,0,0,5
0,3,0,0,3
0,2,0,0,2
0,1,0,0,1
0,5,0,0,5
0,2,0,0,2
0,1,0,0,1
0,3,0,0,3
0,1,0,0,1
0,1,0,0,1
0,1,0,0,1
0,2,0,0,2
0,5,0,0,5
0,1,1,0,2
0,1,0,0,1
0,5,0,0,5
0,1,0,0,1
0,1,0,0,1
0,1,1,0,2
0,2,0,0,2
0,2,0,0,2
0,3,0,0,3
0,2,0,0,2
0,2,0,0,2
0,1,0,0,1
0,1,0,0,1
0,1,0,0,1
0,2,0,0,2
0,1,1,0,2
0,1,0,0,1
0,1,0,0,1
0,2,0,0,2
0,2,0,0,2
0,1,1,0,2
0,1,0,0,1
0,4,0,0,4
0,1,0,0,1
0,2,0,0,2
0,2,0,0,2
0,1,1,0,2
0,1,0,0,1
0,1,0,0,1
0,1,0,0,1
0,1,0,0,1
0,4,0,0,4
0,1,0,0,1
0,6,0,0,6
0,2,0,0,2
0,2,0,0,2
0,4,0,0,4
0,5,0,0,5
0,2,0,0,2
0,1,0,0,1
0,2,0,0,2
0,2,0,0,2
0,2,0,0,2
0,1,0,0,1
0,1,0,0,1
0,4,0,0,4
0,1,0,0,1
0,1,0,0,1
0,1,0,0,1
0,2,0,0,2
0,1,0,0,1
0,1,0,0,1
0,2,0,0,2
0,2,0,0,2
0,2,2,0,4
0,1,0,0,1
0,1,0,0,1
0,2,0,0,2
0,1,1,0,2
0,1,0,0,1
0,2,0,0,2
0,2,0,0,2
0,2,0,0,2
0,2,0,0,2
0,5,0,0,5
0,5,1,0,6
0,1,1,0,2
0,2,0,0,2
0,3,0,0,3
0,1,0,0,1
0,1,0,0,1
0,2,0,0,2
0,2,0,0,2
0,1,0,0,1
0,4,0,0,4
0,1,0,0,1
0,1,0,0,1
0,2,0,0,2
0,2,0,0,2
0,1,1,0,2
0,1,0,0,1
0,1,0,0,1
0,2,0,0,2
0,3,0,0,3
0,1,0,0,1
0,2,0,0,2
0,1,0,0,1
0,2,1,0,3
0,2,1,0,3
0,2,0,0,2
0,1,0,0,1
0,2,0,0,2
0,1,0,0,1
0,2,0,0,2
0,2,0,0,2
0,2,0,0,2
0,1,1,0,2
0,3,1,0,4
0,2,0,0,2
0,1,0,0,1
0,7,0,0,7
0,5,0,0,5
0,1,1,0,2
0,1,0,0,1
0,4,0,0,4
0,4,0,0,4
0,1,3,0,4
0,1,0,0,1
0,1,0,0,1
0,1,0,0,1
0,2,0,0,2
0,2,0,0,2
0,1,0,0,1
0,2,0,0,2
0,2,0,0,2
0,2,0,0,2
0,1,0,0,1
0,2,1,0,3
0,3,0,0,3
0,1,0,0,1
0,1,0,0,1
0,1,0,0,1
0,2,0,0,2
0,1,0,0,1
0,2,0,0,2
0,3,0,0,3
0,2,0,0,2
0,5,0,0,5
0,1,0,0,1
0,2,0,0,2
0,1,0,0,1
0,2,0,0,2
0,2,0,0,2
0,3,0,0,3
0,1,0,0,1
0,2,0,0,2
0,1,0,0,1
0,2,0,0,2
0,3,0,0,3
0,2,0,0,2
0,1,0,0,1
0,1,0,0,1
0,2,0,0,2
0,2,1,0,3
0,2,0,0,2
0,1,1,0,2
0,1,0,0,1
0,3,0,0,3
0,1,0,0,1
0,1,0,0,1
0,1,0,0,1
0,3,0,0,3
0,1,0,0,1
0,2,0,0,2
0,2,0,0,2
0,2,0,0,2
0,1,0,0,1
0,1,1,0,2
0,4,0,0,4
0,1,0,0,1
0,1,0,0,1
0,1,1,0,2
0,5,0,0,5
0,1,0,0,1
0,1,0,0,1
0,3,0,0,3
0,1,0,0,1
0,1,0,0,1
0,3,1,0,4
0,1,1,0,2
0,3,0,0,3
0,3,0,0,3
0,2,0,0,2
0,5,0,0,5
0,2,2,0,4
0,1,0,0,1
0,1,0,0,1
0,2,0,0,2
0,5,0,0,5
0,2,0,0,2
0,3,1,0,4
0,2,0,0,2
0,1,0,0,1
0,1,1,0,2
0,1,0,0,1
0,1,0,0,1
0,2,0,0,2
0,1,0,0,1
0,2,0,0,2
0,1,0,0,1
0,1,0,0,1
0,1,0,0,1
0,1,0,0,1
0,2,0,0,2
0,2,2,0,4
0,2,1,0,3
0,5,0,0,5
0,2,0,0,2
0,2,0,0,2
0,1,0,0,1
0,2,0,0,2
0,3,0,0,3
0,2,0,0,2
0,2,0,0,2
0,1,0,0,1
0,3,0,0,3
0,2,0,0,2
0,2,0,0,2
0,1,0,0,1
0,1,5,0,6
0,2,0,0,2
0,1,0,0,1
0,3,0,0,3
0,1,0,0,1
0,1,0,0,1
0,3,0,0,3
0,2,0,0,2
0,1,0,0,1
0,2,0,0,2
0,4,0,0,4
0,5,0,0,5
0,2,0,0,2
0,4,0,0,4
0,1,0,0,1
0,4,0,0,4
0,1,0,0,1
0,1,0,0,1
0,1,0,0,1
0,1,0,0,1
0,2,2,0,4
0,1,1,0,2
0,1,0,0,1
0,2,0,0,2
0,2,0,0,2
0,2,0,0,2
0,4,0,0,4
0,2,0,0,2
0,2,0,0,2
0,1,1,0,2
0,1,1,0,2
0,1,0,0,1
0,2,0,0,2
0,2,0,0,2
0,2,0,0,2
0,2,0,0,2
0,1,0,0,1
0,3,0,0,3
0,3,0,0,3
0,4,0,0,4
0,5,2,0,7
0,2,0,0,2
0,6,0,0,6
0,2,0,0,2
0,2,0,0,2
0,2,0,0,2
0,1,0,0,1
0,2,0,0,2
0,1,0,0,1
0,1,0,0,1
0,1,1,0,2
0,4,0,0,4
0,1,0,0,1
0,1,1,0,2
0,1,0,0,1
0,1,0,0,1
0,2,0,0,2
0,2,0,0,2
0,3,0,0,3
0,2,0,0,2
0,1,0,0,1
0,1,0,0,1
0,2,0,0,2
0,2,0,0,2
0,2,0,0,2
0,1,0,0,1
0,1,0,0,1
0,2,0,0,2
0,2,0,0,2
0,1,0,0,1
0,3,0,0,3
0,2,0,0,2
0,2,0,0,2
0,2,0,0,2
0,2,0,0,2
0,2,0,0,2
0,1,0,0,1
0,2,0,0,2
0,1,0,0,1
0,1,1,0,2
0,1,0,0,1
0,1,0,0,1
0,1,0,0,1
0,1,0,0,1
0,6,3,0,9
0,2,0,0,2
0,2,0,0,2
0,3,0,0,3
0,4,0,0,4
0,2,0,0,2
0,1,0,0,1
0,1,0,0,1
0,3,0,0,3
0,1,0,0,1
0,1,0,0,1
0,3,0,0,3
0,2,0,0,2
0,1,0,0,1
0,1,0,0,1
0,2,0,0,2
0,1,0,0,1
0,1,0,0,1
0,1,0,0,1
0,2,0,0,2
0,2,0,0,2
0,1,0,0,1
0,3,0,0,3
0,1,0,0,1
0,2,0,0,2
0,1,1,0,2
0,2,0,0,2
0,1,0,0,1
0,3,0,0,3
0,1,0,0,1
0,1,0,0,1
0,1,0,0,1
0,2,0,0,2
0,1,0,0,1
0,2,0,0,2
0,1,0,0,1
0,1,0,0,1
0,3,0,0,3
0,3,0,0,3
0,2,0,0,2
0,2,0,0,2
0,1,0,0,1
0,2,0,0,2
0,2,0,0,2
0,2,0,0,2
0,1,3,0,4
0,1,0,0,1
0,2,0,0,2
0,2,0,0,2
0,1,0,0,1
0,1,1,0,2
0,1,0,0,1
0,1,0,0,1
0,3,0,0,3
0,2,0,0,2
0,1,0,0,1
0,2,0,0,2
0,2,0,0,2
0,1,0,0,1
0,2,0,0,2
0,2,0,0,2
0,1,0,0,1
0,3,0,0,3
0,2,0,0,2
0,2,0,0,2
0,1,0,0,1
0,2,0,0,2
0,2,0,0,2
0,1,1,0,2
0,1,0,0,1
0,1,0,0,1
0,2,0,0,2
0,3,0,0,3
0,2,0,0,2
0,2,0,0,2
0,1,2,0,3
0,1,0,0,1
0,1,0,0,1
0,2,0,0,2
0,1,0,0,1
0,1,1,0,2
0,3,0,0,3
0,1,0,0,1
0,1,1,0,2
0,2,0,0,2
0,2,0,0,2
0,1,0,0,1
0,1,0,0,1
0,1,0,0,1
0,4,0,0,4
0,2,0,0,2
0,1,1,0,2
0,1,0,0,1
0,1,0,0,1
0,2,0,0,2
0,2,1,0,3
0,2,0,0,2
0,2,0,0,2
0,2,0,0,2
0,1,2,0,3
0,1,0,0,1
0,1,0,0,1
0,1,0,0,1
0,1,0,0,1
0,1,0,0,1
0,1,1,0,2
0,1,0,0,1
0,4,0,0,4
0,3,0,0,3
0,1,0,0,1
0,1,0,0,1
0,1,0,0,1
0,2,0,0,2
0,1,1,0,2
0,2,0,0,2
0,2,0,0,2
0,1,1,0,2
0,1,0,0,1
0,4,0,0,4
0,2,0,0,2
0,2,0,0,2
0,1,0,0,1
0,2,0,0,2
0,2,0,0,2
0,2,0,0,2
0,2,0,0,2
0,2,0,0,2
0,2,0,0,2
0,1,0,0,1
0,3,0,0,3
0,1,1,0,2
0,1,0,0,1
0,2,0,0,2
0,2,0,0,2
0,2,0,0,2
0,1,0,0,1
0,1,0,0,1
0,2,0,0,2
0,2,0,0,2
0,2,0,0,2
0,2,0,0,2
0,3,1,0,4
0,1,1,0,2
0,1,0,0,1
0,1,0,0,1
0,2,0,0,2
0,2,0,0,2
0,2,0,0,2
0,3,0,0,3
0,3,0,0,3
0,2,0,0,2
0,1,0,0,1
0,3,1,0,4
0,1,0,0,1
0,4,1,0,5
0,1,1,0,2
0,2,0,0,2
0,2,0,0,2
0,3,0,0,3
0,2,0,0,2
0,2,0,0,2
0,2,0,0,2
0,1,0,0,1
0,2,0,0,2
0,3,0,0,3
0,2,0,0,2
0,2,0,0,2
0,5,0,0,5
0,1,0,0,1
0,1,0,0,1
0,1,0,0,1
0,2,0,0,2
0,1,0,0,1
0,2,0,0,2
0,2,0,0,2
0,2,0,0,2
0,6,1,0,7
0,2,0,0,2
0,3,2,0,5
0,3,2,0,5
0,1,0,0,1
0,2,0,0,2
0,1,0,0,1
0,1,0,0,1
0,1,0,0,1
0,2,0,0,2
0,2,1,0,3
0,1,0,0,1
0,2,0,0,2
0,2,0,0,2
0,5,0,0,5
0,1,0,0,1
0,1,2,0,3
0,1,1,0,2
0,1,0,0,1
0,1,0,0,1
0,3,0,0,3
0,1,0,0,1
0,3,0,0,3
0,2,0,0,2
0,1,0,0,1
0,1,0,0,1
0,1,0,0,1
0,1,0,0,1
0,3,1,0,4
0,3,0,0,3
0,2,0,0,2
0,2,0,0,2
0,2,0,0,2
0,2,0,0,2
0,4,9,0,13
0,2,0,0,2
0,3,0,0,3
0,1,0,0,1
0,2,0,0,2
0,1,0,0,1
0,1,0,0,1
0,1,0,0,1
0,1,0,0,1
0,2,0,0,2
0,1,0,0,1
0,1,0,0,1
0,2,0,0,2
0,4,1,0,5
0,2,0,0,2
0,6,0,0,6
0,2,0,0,2
0,4,0,0,4
0,2,0,0,2
0,1,0,0,1
0,2,1,0,3
0,2,0,0,2
0,1,0,0,1
0,2,0,0,2
0,2,0,0,2
0,2,0,0,2
0,2,0,0,2
0,2,0,0,2
0,2,0,0,2
0,1,1,0,2
0,2,0,0,2
0,1,0,0,1
0,1,1,0,2
0,2,0,0,2
0,1,1,0,2
0,1,0,0,1
0,3,0,0,3
0,2,0,0,2
0,2,0,0,2
0,1,0,0,1
0,2,0,0,2
0,1,0,0,1
0,3,0,0,3
0,3,0,0,3
0,1,0,0,1
0,1,1,0,2
0,3,0,0,3
0,1,0,0,1
0,1,0,0,1
0,1,0,0,1
0,2,0,0,2
0,6,0,0,6
0,1,0,0,1
0,3,0,0,3
0,4,0,0,4
0,2,0,0,2
0,2,0,0,2
0,2,0,0,2
0,2,0,0,2
0,2,0,0,2
0,2,0,0,2
0,1,0,0,1
0,4,0,0,4
0,2,1,0,3
0,1,1,0,2
0,2,0,0,2
0,1,0,0,1
0,1,1,0,2
0,1,0,0,1
0,2,0,0,2
0,3,0,0,3
0,1,0,0,1
0,2,0,0,2
0,1,0,0,1
0,2,0,0,2
0,1,0,0,1
0,3,0,0,3
0,3,0,0,3
0,2,0,0,2
0,2,0,0,2
0,3,0,0,3
0,1,0,0,1
0,1,0,0,1
0,1,0,0,1
0,2,0,0,2
0,5,0,0,5
0,3,0,0,3
0,2,0,0,2
0,2,0,0,2
0,2,0,0,2
0,2,0,0,2
0,4,0,0,4
0,2,0,0,2
0,1,0,0,1
0,1,0,0,1
0,2,0,0,2
0,1,0,0,1
0,2,0,0,2
0,4,0,0,4
0,1,0,0,1
0,1,0,0,1
0,2,0,0,2
0,1,1,0,2
0,1,0,0,1
0,4,0,0,4
0,4,1,0,5
0,2,0,0,2
0,3,0,0,3
0,1,0,0,1
0,1,21,0,22
0,1,0,0,1
0,1,0,0,1
0,6,0,0,6
0,3,0,0,3
0,2,0,0,2
0,1,0,0,1
0,1,1,0,2
0,2,0,0,2
0,2,0,0,2
0,3,0,0,3
0,1,0,0,1
0,3,0,0,3
0,2,0,0,2
0,5,0,0,5
0,2,0,0,2
0,4,0,0,4
0,2,0,0,2
0,2,0,0,2
0,2,1,0,3
0,1,1,0,2
0,2,0,0,2
0,1,0,0,1
0,2,0,0,2
0,2,0,0,2
0,7,0,0,7
0,1,0,0,1
0,2,0,0,2
0,2,0,0,2
0,2,0,0,2
0,2,0,0,2
0,1,1,0,2
0,1,0,0,1
0,2,0,0,2
0,2,0,0,2
0,1,1,0,2
0,1,0,0,1
0,3,0,0,3
0,2,0,0,2
0,1,0,0,1
0,1,0,0,1
0,2,0,0,2
0,2,0,0,2
0,2,0,0,2
0,4,0,0,4
0,2,3,0,5
0,1,1,0,2
0,1,0,0,1
0,2,0,0,2
0,1,0,0,1
0,2,0,0,2
0,1,0,0,1
0,2,0,0,2
0,2,0,0,2
0,2,0,0,2
0,1,0,0,1
0,3,0,0,3
0,4,0,0,4
0,1,1,0,2
0,2,0,0,2
0,2,1,0,3
0,2,0,0,2
0,1,1,0,2
0,3,0,0,3
0,1,0,0,1
0,1,2,0,3
0,1,0,0,1
0,2,0,0,2
0,1,0,0,1
0,2,0,0,2
0,2,0,0,2
0,1,0,0,1
0,4,0,0,4
0,2,0,0,2
0,2,0,0,2
0,1,1,0,2
0,1,0,0,1
0,2,0,0,2
0,2,0,0,2
0,2,0,0,2
0,1,0,0,1
0,1,0,0,1
0,1,0,0,1
0,2,0,0,2
0,1,1,0,2
0,2,1,0,3
0,3,0,0,3
0,2,0,0,2
0,1,0,0,1
0,1,0,0,1
0,1,0,0,1
0,2,0,0,2
0,2,0,0,2
0,1,1,0,2
0,2,0,0,2
0,2,0,0,2
0,8,0,0,8
0,2,0,0,2
0,2,0,0,2
0,2,2,0,4
0,2,0,0,2
0,3,0,0,3
0,3,0,0,3
0,5,1,0,6
0,3,0,0,3
0,2,0,0,2
0,2,1,0,3
0,2,2,0,4
0,1,0,0,1
0,1,1,0,2
0,1,0,0,1
0,1,0,0,1
0,2,0,0,2
0,1,0,0,1
0,1,0,0,1
0,1,0,0,1
0,1,0,0,1
0,1,0,0,1
0,2,0,0,2
0,2,0,0,2
0,4,0,0,4
0,2,0,0,2
0,2,0,0,2
0,3,0,0,3
0,3,0,0,3
0,1,0,0,1
0,1,0,0,1
0,1,0,0,1
0,1,0,0,1
0,1,0,0,1
0,1,0,0,1
0,1,0,0,1
0,2,0,0,2
0,2,0,0,2
0,2,0,0,2
0,4,0,0,4
0,1,0,0,1
0,3,2,0,5
0,3,2,0,5
0,1,0,0,1
0,1,0,0,1
0,1,1,0,2
0,3,1,0,4
0,1,0,0,1
0,2,0,0,2
0,4,0,0,4
0,1,1,0,2
0,1,0,0,1
0,3,10,0,13
0,4,0,0,4
0,4,0,0,4
0,2,3,0,5
0,2,0,0,2
0,3,0,0,3
0,2,0,0,2
0,6,0,0,6
0,1,0,0,1
0,2,1,0,3
0,2,0,0,2
0,1,1,0,2
0,1,0,0,1
0,1,0,0,1
0,1,0,0,1
0,2,0,0,2
0,1,0,0,1
0,2,0,0,2
0,2,0,0,2
0,4,0,0,4
0,1,0,0,1
0,1,0,0,1
0,2,0,0,2
0,1,0,0,1
0,3,1,0,4
0,1,0,0,1
0,2,1,0,3
0,2,0,0,2
0,1,0,0,1
0,2,0,0,2
0,3,0,0,3
0,2,0,0,2
0,1,0,0,1
0,1,0,0,1
0,1,0,0,1
0,1,0,0,1
0,2,0,0,2
0,4,0,0,4
0,2,0,0,2
0,1,0,0,1
0,2,0,0,2
0,2,0,0,2
0,2,0,0,2
0,2,0,0,2
0,2,0,0,2
0,2,0,0,2
0,2,0,0,2
0,2,0,0,2
0,1,0,0,1
0,1,0,0,1
0,1,0,0,1
0,2,0,0,2
0,4,0,0,4
0,1,0,0,1
0,2,0,0,2
0,2,0,0,2
0,1,0,0,1
0,1,0,0,1
0,1,0,0,1
0,2,0,0,2
0,1,0,0,1
0,1,1,0,2
0,1,0,0,1
0,3,1,0,4
0,1,1,0,2
0,2,0,0,2
0,1,0,0,1
0,2,0,0,2
0,1,0,0,1
0,1,0,0,1
0,1,1,0,2
0,2,1,0,3
0,2,0,0,2
0,2,0,0,2
0,2,0,0,2
0,1,0,0,1
0,2,2,0,4
0,1,1,0,2
0,2,0,0,2
0,2,0,0,2
0,1,0,0,1
0,1,0,0,1
0,2,1,0,3
0,2,0,0,2
0,2,0,0,2
0,2,0,0,2
0,1,1,0,2
0,1,0,0,1
0,1,1,0,2
0,3,0,0,3
0,3,0,0,3
0,3,0,0,3
0,1,0,0,1
0,1,0,0,1
0,1,0,0,1
0,2,1,0,3
0,1,1,0,2
0,1,0,0,1
0,3,0,0,3
0,2,0,0,2
0,5,10,0,15
0,1,0,0,1
0,1,0,0,1
0,1,0,0,1
0,2,0,0,2
0,2,0,0,2
0,2,0,0,2
0,3,0,0,3
0,2,0,0,2
0,1,0,0,1
0,3,0,0,3
0,3,0,0,3
0,5,0,0,5
0,1,0,0,1
0,1,0,0,1
0,1,0,0,1
0,1,0,0,1
0,2,0,0,2
0,2,0,0,2
0,1,1,0,2
0,2,0,0,2
0,2,0,0,2
0,2,0,0,2
0,3,2,0,5
0,1,0,0,1
0,1,0,0,1
0,2,0,0,2
0,1,0,0,1
0,2,0,0,2
0,5,0,0,5
0,2,0,0,2
0,2,0,0,2
0,3,0,0,3
0,1,0,0,1
0,2,0,0,2
0,1,1,0,2
0,2,0,0,2
0,4,0,0,4
0,3,0,0,3
0,1,0,0,1
0,1,1,0,2
0,2,0,0,2
0,1,0,0,1
0,1,0,0,1
0,1,0,0,1
0,2,0,0,2
0,2,0,0,2
0,2,0,0,2
0,2,0,0,2
0,2,0,0,2
0,4,0,0,4
0,2,0,0,2
0,2,0,0,2
0,2,0,0,2
0,2,0,0,2
0,1,1,0,2
0,2,1,0,3
0,5,0,0,5
0,5,0,0,5
0,2,0,0,2
0,3,0,0,3
0,2,0,0,2
0,2,0,0,2
0,2,1,0,3
0,1,0,0,1
0,3,0,0,3
0,2,0,0,2
0,2,0,0,2
0,5,0,0,5
0,1,0,0,1
0,1,0,0,1
0,2,0,0,2
0,2,1,0,3
0,1,0,0,1
0,3,0,0,3
0,1,0,0,1
0,4,0,0,4
0,3,0,0,3
0,2,0,0,2
0,1,1,0,2
0,1,0,0,1
0,1,0,0,1
0,2,0,0,2
0,1,0,0,1
0,1,0,0,1
0,1,0,0,1
0,1,1,0,2
0,2,1,0,3
0,1,0,0,1
0,2,0,0,2
0,1,0,0,1
0,2,0,0,2
0,1,0,0,1
0,2,0,0,2
0,2,0,0,2
0,1,2,0,3
0,3,0,0,3
0,3,0,0,3
0,2,0,0,2
0,2,0,0,2
0,3,0,0,3
0,3,1,0,4
0,1,0,0,1
0,2,0,0,2
0,1,0,0,1
0,1,0,0,1
0,1,0,0,1
0,2,0,0,2
0,2,0,0,2
0,2,0,0,2
0,1,0,0,1
0,1,0,0,1
0,1,0,0,1
0,1,0,0,1
0,2,0,0,2
0,2,0,0,2
0,2,0,0,2
0,1,0,0,1
0,2,0,0,2
0,1,0,0,1
0,1,1,0,2
0,1,1,0,2
0,2,0,0,2
0,1,0,0,1
0,1,0,0,1
0,1,0,0,1
0,2,0,0,2
0,2,0,0,2
0,3,0,0,3
0,2,0,0,2
0,2,0,0,2
0,1,1,0,2
0,3,0,0,3
0,2,0,0,2
0,3,0,0,3
0,3,0,0,3
0,5,1,0,6
0,2,0,0,2
0,2,0,0,2
0,2,0,0,2
0,3,0,0,3
0,1,0,0,1
0,2,0,0,2
0,1,0,0,1
0,1,0,0,1
0,4,0,0,4
0,2,0,0,2
0,1,1,0,2
0,1,0,0,1
0,1,0,0,1
0,2,0,0,2
0,1,0,0,1
0,1,0,0,1
0,2,0,0,2
0,2,0,0,2
0,2,0,0,2
0,2,0,0,2
0,2,1,0,3
0,1,0,0,1
0,1,0,0,1
0,1,0,0,1
0,4,0,0,4
0,2,0,0,2
0,1,1,0,2
0,2,0,0,2
0,2,0,0,2
0,1,0,0,1
0,1,0,0,1
0,2,2,0,4
0,1,1,0,2
0,1,0,0,1
0,1,0,0,1
0,2,0,0,2
0,2,0,0,2
0,1,0,0,1
0,2,0,0,2
0,1,0,0,1
0,2,0,0,2
0,1,1,0,2
0,2,0,0,2
0,1,1,0,2
0,2,0,0,2
0,1,0,0,1
0,3,0,0,3
0,7,0,0,7
0,1,0,0,1
0,4,0,0,4
0,2,0,0,2
0,2,0,0,2
0,2,0,0,2
0,2,0,0,2
0,1,0,0,1
0,1,0,0,1
0,1,0,0,1
0,2,0,0,2
0,1,0,0,1
0,2,0,0,2
0,1,0,0,1
0,1,0,0,1
0,1,0,0,1
0,3,0,0,3
0,2,0,0,2
0,1,0,0,1
0,1,0,0,1
0,1,0,0,1
0,1,0,0,1
0,1,0,0,1
0,1,0,0,1
0,3,0,0,3
0,3,0,0,3
0,1,0,0,1
0,2,0,0,2
0,1,0,0,1
0,2,0,0,2
0,1,0,0,1
0,2,0,0,2
0,2,0,0,2
0,1,0,0,1
0,1,0,0,1
0,1,0,0,1
0,2,0,0,2
0,1,0,0,1
0,2,0,0,2
0,1,0,0,1
0,6,0,0,6
0,1,0,0,1
0,3,0,0,3
0,1,0,0,1
0,1,1,0,2
0,3,0,0,3
0,2,0,0,2
0,1,0,0,1
0,1,1,0,2
0,2,0,0,2
0,1,0,0,1
0,1,0,0,1
0,2,0,0,2
0,2,0,0,2
0,1,0,0,1
0,4,0,0,4
0,1,0,0,1
0,3,0,0,3
0,1,0,0,1
0,1,0,0,1
0,2,0,0,2
0,1,0,0,1
0,2,0,0,2
0,2,0,0,2
0,1,0,0,1
0,1,1,0,2
0,1,0,0,1
0,3,0,0,3
0,4,0,0,4
0,1,0,0,1
0,4,1,0,5
0,1,1,0,2
0,1,0,0,1
0,4,0,0,4
0,4,0,0,4
0,4,0,0,4
0,2,0,0,2
0,1,1,0,2
0,1,0,0,1
0,2,0,0,2
0,1,0,0,1
0,3,0,0,3
0,1,0,0,1
0,1,0,0,1
0,2,0,0,2
0,5,0,0,5
0,1,0,0,1
0,5,0,0,5
0,3,0,0,3
0,2,0,0,2
0,2,0,0,2
0,2,0,0,2
0,2,1,0,3
0,3,0,0,3
0,2,0,0,2
0,1,1,0,2
0,4,0,0,4
0,1,0,0,1
0,1,0,0,1
0,1,0,0,1
0,2,0,0,2
0,5,0,0,5
0,2,0,0,2
0,1,0,0,1
0,1,0,0,1
0,2,0,0,2
0,1,0,0,1
0,1,0,0,1
0,1,0,0,1
0,1,0,0,1
0,1,0,0,1
0,1,0,0,1
0,2,0,0,2
0,1,0,0,1
0,1,0,0,1
0,2,0,0,2
0,1,1,0,2
0,1,0,0,1
0,1,0,0,1
0,2,0,0,2
0,2,0,0,2
0,1,0,0,1
0,1,0,0,1
0,5,0,0,5
0,3,0,0,3
0,2,0,0,2
0,1,0,0,1
0,3,3,0,6
0,1,0,0,1
0,4,0,0,4
0,2,0,0,2
0,1,0,0,1
0,1,0,0,1
0,6,0,0,6
0,2,0,0,2
0,2,0,0,2
0,2,0,0,2
0,3,0,0,3
0,1,0,0,1
0,2,0,0,2
0,1,0,0,1
0,1,0,0,1
0,1,0,0,1
0,3,0,0,3
0,2,0,0,2
0,1,0,0,1
0,1,0,0,1
0,1,0,0,1
0,1,0,0,1
0,1,0,0,1
0,1,0,0,1
0,2,0,0,2
0,2,0,0,2
0,3,0,0,3
0,2,0,0,2
0,1,0,0,1
0,1,0,0,1
0,1,0,0,1
0,3,0,0,3
0,3,0,0,3
0,1,0,0,1
0,1,0,0,1
0,4,0,0,4
0,2,0,0,2
0,1,0,0,1
0,4,0,0,4
0,2,0,0,2
0,4,0,0,4
0,2,0,0,2
0,1,0,0,1
0,1,3,0,4
0,1,1,0,2
0,1,0,0,1
0,6,0,0,6
0,7,0,0,7
0,1,0,0,1
0,1,0,0,1
0,2,1,0,3
0,1,1,0,2
0,1,0,0,1
0,2,0,0,2
0,4,0,0,4
0,1,0,0,1
0,1,0,0,1
0,1,0,0,1
0,2,0,0,2
0,2,0,0,2
0,2,0,0,2
0,1,0,0,1
0,1,0,0,1
0,5,1,0,6
0,4,0,0,4
0,1,0,0,1
0,1,1,0,2
0,2,0,0,2
0,1,0,0,1
0,2,0,0,2
0,2,0,0,2
0,1,0,0,1
0,1,1,0,2
0,1,0,0,1
0,2,0,0,2
0,4,0,0,4
0,1,0,0,1
0,2,0,0,2
0,1,1,0,2
0,1,0,0,1
0,2,0,0,2
0,1,0,0,1
0,4,0,0,4
0,1,0,0,1
0,3,0,0,3
0,1,1,0,2
0,1,0,0,1
0,2,0,0,2
0,1,0,0,1
0,1,0,0,1
0,1,0,0,1
0,1,0,0,1
0,3,0,0,3
0,1,1,0,2
0,1,1,0,2
0,1,0,0,1
0,1,0,0,1
0,2,0,0,2
0,2,1,0,3
0,2,0,0,2
0,1,0,0,1
0,1,0,0,1
0,1,0,0,1
0,2,0,0,2
0,1,0,0,1
0,1,0,0,1
0,2,0,0,2
0,1,0,0,1
0,2,0,0,2
0,2,1,0,3
0,2,1,0,3
0,1,1,0,2
0,2,0,0,2
0,1,1,0,2
0,3,0,0,3
0,1,0,0,1
0,2,0,0,2
0,3,0,0,3
0,3,0,0,3
0,1,2,0,3
0,1,1,0,2
0,2,1,0,3
0,2,0,0,2
0,2,0,0,2
0,1,0,0,1
0,1,1,0,2
0,1,0,0,1
0,1,0,0,1
0,3,0,0,3
0,1,0,0,1
0,1,3,0,4
0,1,1,0,2
0,1,0,0,1
0,4,0,0,4
0,2,0,0,2
0,3,0,0,3
0,2,0,0,2
0,1,0,0,1
0,1,0,0,1
0,1,0,0,1
0,2,0,0,2
0,1,1,0,2
0,1,0,0,1
0,2,0,0,2
0,1,0,0,1
0,1,0,0,1
0,2,0,0,2
0,2,1,0,3
0,2,0,0,2
0,7,0,0,7
0,1,0,0,1
0,1,0,0,1
0,2,0,0,2
0,1,0,0,1
0,2,0,0,2
0,1,1,0,2
0,1,0,0,1
0,1,1,0,2
0,1,0,0,1
0,1,0,0,1
0,1,0,0,1
0,3,0,0,3
0,4,0,0,4
0,1,0,0,1
0,1,0,0,1
0,6,0,0,6
0,1,0,0,1
0,2,0,0,2
0,1,0,0,1
0,2,0,0,2
0,2,0,0,2
0,2,0,0,2
0,2,1,0,3
0,2,0,0,2
0,2,0,0,2
0,2,0,0,2
0,2,0,0,2
0,1,0,0,1
0,2,1,0,3
0,1,0,0,1
0,1,0,0,1
0,2,0,0,2
0,2,0,0,2
0,1,0,0,1
0,2,0,0,2
0,2,0,0,2
0,1,0,0,1
0,3,0,0,3
0,2,0,0,2
0,1,0,0,1
0,2,0,0,2
0,2,0,0,2
0,1,0,0,1
0,1,0,0,1
0,1,0,0,1
0,3,0,0,3
0,3,1,0,4
0,2,0,0,2
0,2,0,0,2
0,1,0,0,1
0,1,1,0,2
0,1,1,0,2
0,1,0,0,1
0,2,0,0,2
0,1,0,0,1
0,2,1,0,3
0,2,0,0,2
0,1,0,0,1
0,1,0,0,1
0,1,0,0,1
0,1,0,0,1
0,2,0,0,2
0,4,0,0,4
0,2,0,0,2
0,1,0,0,1
0,5,0,0,5
0,3,0,0,3
0,1,0,0,1
0,1,0,0,1
0,1,0,0,1
0,1,0,0,1
0,2,0,0,2
0,1,0,0,1
0,1,0,0,1
0,1,0,0,1
0,1,1,0,2
0,1,0,0,1
0,1,0,0,1
0,2,0,0,2
0,2,0,0,2
0,1,2,0,3
0,1,0,0,1
0,1,0,0,1
0,2,2,0,4
0,2,0,0,2
0,2,2,0,4
0,2,0,0,2
0,2,0,0,2
0,4,0,0,4
0,6,0,0,6
0,2,0,0,2
0,2,0,0,2
0,1,0,0,1
0,2,0,0,2
0,3,0,0,3
0,2,0,0,2
0,7,0,0,7
0,1,1,0,2
0,1,0,0,1
0,2,0,0,2
0,3,0,0,3
0,3,0,0,3
0,1,0,0,1
0,2,0,0,2
0,2,0,0,2
0,1,2,0,3
0,1,0,0,1
0,1,1,0,2
0,1,1,0,2
0,2,0,0,2
0,2,0,0,2
0,9,0,0,9
0,2,0,0,2
0,2,0,0,2
0,1,1,0,2
0,1,0,0,1
0,1,0,0,1
0,3,0,0,3
0,2,0,0,2
0,1,0,0,1
0,2,0,0,2
0,1,0,0,1
0,2,0,0,2
0,1,0,0,1
0,1,0,0,1
0,4,0,0,4
0,1,0,0,1
0,2,0,0,2
0,1,0,0,1
0,2,0,0,2
0,3,1,0,4
0,2,0,0,2
0,2,0,0,2
0,1,1,0,2
0,1,0,0,1
0,1,0,0,1
0,1,0,0,1
0,2,0,0,2
0,2,0,0,2
0,2,0,0,2
0,2,0,0,2
0,1,1,0,2
0,2,0,0,2
0,2,0,0,2
0,1,0,0,1
0,3,0,0,3
0,1,1,0,2
0,4,0,0,4
0,2,0,0,2
0,1,0,0,1
0,2,0,0,2
0,2,0,0,2
0,1,1,0,2
0,3,0,0,3
0,2,0,0,2
0,2,0,0,2
0,1,0,0,1
0,2,0,0,2
0,1,0,0,1
0,4,0,0,4
0,5,0,0,5
0,2,0,0,2
0,2,0,0,2
0,2,0,0,2
0,2,0,0,2
0,1,1,0,2
0,1,0,0,1
0,1,0,0,1
0,5,0,0,5
0,1,0,0,1
0,1,0,0,1
0,1,0,0,1
0,1,0,0,1
0,1,0,0,1
0,2,2,0,4
0,2,0,0,2
0,1,0,0,1
0,1,0,0,1
0,1,0,0,1
0,2,0,0,2
0,1,0,0,1
0,2,0,0,2
0,2,0,0,2
0,1,1,0,2
0,1,0,0,1
0,2,0,0,2
0,2,0,0,2
0,1,0,0,1
0,3,0,0,3
0,1,0,0,1
0,2,0,0,2
0,3,0,0,3
0,1,0,0,1
0,1,1,0,2
0,1,0,0,1
0,1,0,0,1
0,3,0,0,3
0,1,1,0,2
0,1,0,0,1
0,2,0,0,2
0,1,0,0,1
0,2,0,0,2
0,2,0,0,2
0,3,0,0,3
0,1,0,0,1
0,3,2,0,5
0,3,0,0,3
0,1,0,0,1
0,1,0,0,1
0,2,0,0,2
0,1,0,0,1
0,1,0,0,1
0,1,0,0,1
0,1,1,0,2
0,1,0,0,1
0,4,0,0,4
0,1,0,0,1
0,2,0,0,2
0,2,1,0,3
0,2,1,0,3
0,2,0,0,2
0,1,1,0,2
0,1,1,0,2
0,3,0,0,3
0,1,1,0,2
0,1,0,0,1
0,1,0,0,1
0,4,0,0,4
0,2,0,0,2
0,2,0,0,2
0,2,0,0,2
0,3,0,0,3
0,6,0,0,6
0,1,0,0,1
0,1,0,0,1
0,1,0,0,1
0,1,0,0,1
0,2,0,0,2
0,4,0,0,4
0,2,0,0,2
0,2,0,0,2
0,1,1,0,2
0,2,0,0,2
0,1,0,0,1
0,1,1,0,2
0,1,0,0,1
0,3,0,0,3
0,4,0,0,4
0,2,0,0,2
0,2,0,0,2
0,1,0,0,1
0,1,0,0,1
0,2,0,0,2
0,2,0,0,2
0,1,1,0,2
0,1,1,0,2
0,1,0,0,1
0,4,0,0,4
0,1,0,0,1
0,3,0,0,3
0,1,0,0,1
0,2,0,0,2
0,2,1,0,3
0,2,0,0,2
0,1,0,0,1
0,1,0,0,1
0,1,0,0,1
0,1,1,0,2
0,1,0,0,1
0,2,0,0,2
0,1,0,0,1
0,2,0,0,2
0,2,0,0,2
0,2,0,0,2
0,2,0,0,2
0,3,1,0,4
0,3,1,0,4
0,4,0,0,4
0,4,0,0,4
0,1,0,0,1
0,1,0,0,1
0,1,0,0,1
0,2,3,0,5
0,1,0,0,1
0,4,0,0,4
0,2,0,0,2
0,2,0,0,2
0,2,0,0,2
0,2,0,0,2
0,2,0,0,2
0,2,0,0,2
0,2,0,0,2
0,2,0,0,2
0,1,0,0,1
0,1,0,0,1
0,1,0,0,1
0,1,0,0,1
0,1,1,0,2
0,2,0,0,2
0,2,0,0,2
0,1,1,0,2
0,3,0,0,3
0,2,2,0,4
0,2,0,0,2
0,1,0,0,1
0,2,0,0,2
0,1,1,0,2
0,1,0,0,1
0,2,0,0,2
0,1,3,0,4
0,2,1,0,3
0,3,0,0,3
0,1,1,0,2
0,3,0,0,3
0,2,0,0,2
0,2,0,0,2
0,1,1,0,2
0,4,0,0,4
0,1,0,0,1
0,2,0,0,2
0,1,0,0,1
0,2,0,0,2
0,1,0,0,1
0,2,0,0,2
0,1,0,0,1
0,1,0,0,1
0,2,0,0,2
0,2,0,0,2
0,2,0,0,2
0,1,0,0,1
0,1,0,0,1
0,2,0,0,2
0,1,1,0,2
0,2,0,0,2
0,1,1,0,2
0,1,0,0,1
0,2,0,0,2
0,3,0,0,3
0,2,0,0,2
0,1,0,0,1
0,1,0,0,1
0,2,0,0,2
0,2,0,0,2
0,1,1,0,2
0,1,0,0,1
0,5,0,0,5
0,1,0,0,1
0,1,0,0,1
0,2,0,0,2
0,2,0,0,2
0,1,0,0,1
0,1,0,0,1
0,3,0,0,3
0,4,0,0,4
0,1,0,0,1
0,1,0,0,1
0,1,1,0,2
0,1,0,0,1
0,2,0,0,2
0,2,0,0,2
0,2,0,0,2
0,2,0,0,2
0,2,0,0,2
0,2,0,0,2
0,2,0,0,2
0,2,0,0,2
0,1,0,0,1
0,1,0,0,1
0,2,0,0,2
0,1,0,0,1
0,2,1,0,3
0,2,0,0,2
0,2,0,0,2
0,1,1,0,2
0,2,0,0,2
0,1,0,0,1
0,1,0,0,1
0,4,6,0,10
0,1,0,0,1
0,2,0,0,2
0,2,0,0,2
0,1,0,0,1
0,3,0,0,3
0,3,0,0,3
0,5,0,0,5
0,4,0,0,4
0,2,0,0,2
0,1,1,0,2
0,1,0,0,1
0,2,0,0,2
0,2,0,0,2
0,2,2,0,4
0,1,0,0,1
0,2,0,0,2
0,2,0,0,2
0,2,0,0,2
0,1,2,0,3
0,3,0,0,3
0,1,0,0,1
0,2,0,0,2
0,1,0,0,1
0,1,1,0,2
0,2,0,0,2
0,1,0,0,1
0,2,0,0,2
0,1,1,0,2
0,1,0,0,1
0,1,1,0,2
0,2,0,0,2
0,2,0,0,2
0,2,0,0,2
0,2,0,0,2
0,2,0,0,2
0,2,0,0,2
0,2,0,0,2
0,2,0,0,2
0,2,0,0,2
0,1,0,0,1
0,4,0,0,4
0,2,0,0,2
0,2,0,0,2
0,1,1,0,2
0,1,1,0,2
0,2,0,0,2
0,1,1,0,2
0,1,0,0,1
0,2,0,0,2
0,2,0,0,2
0,2,0,0,2
0,1,2,0,3
0,1,2,0,3
0,1,1,0,2
0,1,0,0,1
0,2,0,0,2
0,1,1,0,2
0,1,1,0,2
0,3,0,0,3
0,3,0,0,3
0,1,0,0,1
0,1,0,0,1
0,2,0,0,2
0,1,2,0,3
0,1,1,0,2
0,2,0,0,2
0,2,0,0,2
0,2,0,0,2
0,1,0,0,1
0,1,0,0,1
0,1,2,0,3
0,2,0,0,2
0,1,0,0,1
0,3,0,0,3
0,3,0,0,3
0,2,0,0,2
0,1,0,0,1
0,1,0,0,1
0,2,0,0,2
0,2,0,0,2
0,2,0,0,2
0,1,0,0,1
0,2,0,0,2
0,1,0,0,1
0,2,0,0,2
0,1,1,0,2
0,1,0,0,1
0,2,0,0,2
0,1,1,0,2
0,1,1,0,2
0,1,0,0,1
0,2,0,0,2
0,1,0,0,1
0,2,0,0,2
0,2,0,0,2
0,6,0,0,6
0,1,0,0,1
0,1,0,0,1
0,1,0,0,1
0,2,0,0,2
0,1,0,0,1
0,5,0,0,5
0,1,0,0,1
0,2,0,0,2
0,1,1,0,2
0,2,0,0,2
0,3,0,0,3
0,1,0,0,1
0,1,1,0,2
0,1,0,0,1
0,2,0,0,2
0,2,0,0,2
0,2,0,0,2
0,1,0,0,1
0,1,0,0,1
0,2,0,0,2
0,1,0,0,1
0,6,1,0,7
0,1,0,0,1
0,2,0,0,2
0,1,0,0,1
0,2,0,0,2
0,2,0,0,2
0,1,0,0,1
0,2,0,0,2
0,1,0,0,1
0,2,0,0,2
0,1,1,0,2
0,1,0,0,1
0,1,0,0,1
0,1,1,0,2
0,1,0,0,1
0,2,0,0,2
0,2,0,0,2
0,2,0,0,2
0,1,0,0,1
0,1,0,0,1
0,2,0,0,2
0,1,0,0,1
0,2,0,0,2
0,4,1,0,5
0,1,0,0,1
0,2,0,0,2
0,1,1,0,2
0,2,0,0,2
0,2,0,0,2
0,2,1,0,3
0,1,0,0,1
0,4,0,0,4
0,1,1,0,2
0,1,0,0,1
0,1,0,0,1
0,1,0,0,1
0,2,0,0,2
0,1,0,0,1
0,1,0,0,1
0,1,0,0,1
0,1,0,0,1
0,2,0,0,2
0,4,0,0,4
0,3,0,0,3
0,3,0,0,3
0,2,0,0,2
0,1,1,0,2
0,1,0,0,1
0,2,1,0,3
0,1,0,0,1
0,2,0,0,2
0,2,0,0,2
0,1,0,0,1
0,1,0,0,1
0,1,1,0,2
0,2,0,0,2
0,1,0,0,1
0,1,0,0,1
0,5,0,0,5
0,2,0,0,2
0,1,0,0,1
0,2,0,0,2
0,3,1,0,4
0,2,0,0,2
0,2,0,0,2
0,1,0,0,1
0,1,0,0,1
0,1,1,0,2
0,2,1,0,3
0,4,0,0,4
0,2,0,0,2
0,1,0,0,1
0,1,0,0,1
0,1,0,0,1
0,1,0,0,1
0,2,0,0,2
0,1,0,0,1
0,1,1,0,2
0,1,2,0,3
0,1,1,0,2
0,1,0,0,1
0,2,1,0,3
0,1,0,0,1
0,1,0,0,1
0,1,0,0,1
0,3,0,0,3
0,2,1,0,3
0,1,0,0,1
0,2,0,0,2
0,1,0,0,1
0,2,1,0,3
0,1,1,0,2
0,1,0,0,1
0,1,0,0,1
0,2,0,0,2
0,2,0,0,2
0,3,1,0,4
0,3,0,0,3
0,2,0,0,2
0,2,0,0,2
0,1,0,0,1
0,2,1,0,3
0,2,0,0,2
0,3,0,0,3
0,3,0,0,3
0,4,0,0,4
0,2,0,0,2
0,1,0,0,1
0,2,0,0,2
0,4,0,0,4
0,1,1,0,2
0,2,0,0,2
0,4,0,0,4
0,1,0,0,1
0,2,0,0,2
0,1,0,0,1
0,1,0,0,1
0,3,0,0,3
0,2,0,0,2
0,2,0,0,2
0,1,0,0,1
0,2,0,0,2
0,2,0,0,2
0,1,0,0,1
0,4,0,0,4
0,4,0,0,4
0,2,0,0,2
0,1,0,0,1
0,1,0,0,1
0,2,0,0,2
0,6,0,0,6
0,2,0,0,2
0,1,0,0,1
0,1,0,0,1
0,1,1,0,2
0,3,0,0,3
0,2,0,0,2
0,1,0,0,1
0,1,0,0,1
0,2,0,0,2
0,2,0,0,2
0,4,0,0,4
0,2,0,0,2
0,1,0,0,1
0,1,1,0,2
0,2,0,0,2
0,2,0,0,2
0,2,0,0,2
0,1,1,0,2
0,1,1,0,2
0,1,0,0,1
0,1,0,0,1
0,1,0,0,1
0,1,0,0,1
0,1,0,0,1
0,2,0,0,2
0,1,0,0,1
0,2,0,0,2
0,2,0,0,2
0,1,0,0,1
0,1,0,0,1
0,1,1,0,2
0,5,1,0,6
0,1,1,0,2
0,1,0,0,1
0,1,0,0,1
0,1,0,0,1
0,2,0,0,2
0,1,0,0,1
0,1,0,0,1
0,2,0,0,2
0,2,0,0,2
0,1,0,0,1
0,1,0,0,1
0,2,0,0,2
0,1,0,0,1
0,2,0,0,2
0,2,0,0,2
0,2,0,0,2
0,1,0,0,1
0,1,1,0,2
0,3,0,0,3
0,4,1,0,5
0,1,1,0,2
0,1,0,0,1
0,1,0,0,1
0,2,0,0,2
0,2,0,0,2
0,2,0,0,2
0,1,1,0,2
0,1,1,0,2
0,1,0,0,1
0,2,0,0,2
0,4,0,0,4
0,1,0,0,1
0,2,0,0,2
0,1,0,0,1
0,1,0,0,1
0,1,0,0,1
0,2,0,0,2
0,2,0,0,2
0,1,0,0,1
0,1,0,0,1
0,1,0,0,1
0,1,0,0,1
0,1,2,0,3
0,1,0,0,1
0,1,0,0,1
0,6,0,0,6
0,2,0,0,2
0,2,0,0,2
0,2,0,0,2
0,4,0,0,4
0,1,0,0,1
0,2,0,0,2
0,4,0,0,4
0,1,0,0,1
0,2,0,0,2
0,2,0,0,2
0,1,0,0,1
0,2,0,0,2
0,4,0,0,4
0,1,1,0,2
0,1,0,0,1
0,2,0,0,2
0,4,0,0,4
0,2,0,0,2
0,3,0,0,3
0,1,0,0,1
0,2,0,0,2
0,1,7,0,8
0,2,0,0,2
0,2,0,0,2
0,1,0,0,1
0,2,0,0,2
0,2,0,0,2
0,2,0,0,2
0,1,0,0,1
0,2,0,0,2
0,1,0,0,1
0,1,0,0,1
0,2,0,0,2
0,2,0,0,2
0,1,0,0,1
0,2,0,0,2
0,1,2,0,3
0,2,0,0,2
0,5,0,0,5
0,1,0,0,1
0,2,0,0,2
0,2,0,0,2
0,1,0,0,1
0,1,0,0,1
0,1,0,0,1
0,2,0,0,2
0,6,0,0,6
0,3,0,0,3
0,2,0,0,2
0,2,0,0,2
0,1,1,0,2
0,2,0,0,2
0,2,0,0,2
0,1,0,0,1
0,1,0,0,1
0,2,0,0,2
0,2,0,0,2
0,1,0,0,1
0,2,0,0,2
0,2,1,0,3
0,2,0,0,2
0,3,0,0,3
0,2,1,0,3
0,1,0,0,1
0,2,0,0,2
0,1,1,0,2
0,1,0,0,1
0,2,0,0,2
0,2,1,0,3
0,3,0,0,3
0,2,0,0,2
0,4,0,0,4
0,1,1,0,2
0,3,0,0,3
0,2,0,0,2
0,2,0,0,2
0,1,0,0,1
0,1,0,0,1
0,1,0,0,1
0,2,1,0,3
0,2,0,0,2
0,1,0,0,1
0,1,0,0,1
0,1,0,0,1
0,2,2,0,4
0,2,0,0,2
0,1,0,0,1
0,1,0,0,1
0,2,0,0,2
0,1,0,0,1
0,1,0,0,1
0,1,1,0,2
0,1,0,0,1
0,1,1,0,2
0,1,0,0,1
0,1,0,0,1
0,6,0,0,6
0,3,0,0,3
0,2,0,0,2
0,1,1,0,2
0,1,0,0,1
0,1,0,0,1
0,3,0,0,3
0,1,1,0,2
0,1,0,0,1
0,2,0,0,2
0,1,0,0,1
0,3,0,0,3
0,3,0,0,3
0,1,1,0,2
0,1,0,0,1
0,1,0,0,1
0,1,0,0,1
0,3,0,0,3
0,2,0,0,2
0,2,0,0,2
0,2,0,0,2
0,2,0,0,2
0,2,0,0,2
0,1,0,0,1
0,2,0,0,2
0,2,0,0,2
0,3,0,0,3
0,1,0,0,1
0,1,0,0,1
0,2,0,0,2
0,1,0,0,1
0,1,0,0,1
0,1,0,0,1
0,2,0,0,2
0,2,0,0,2
0,4,0,0,4
0,2,0,0,2
0,2,0,0,2
0,1,0,0,1
0,1,1,0,2
0,2,0,0,2
0,2,0,0,2
0,1,0,0,1
0,3,0,0,3
0,3,0,0,3
0,1,0,0,1
0,3,0,0,3
0,1,1,0,2
0,2,0,0,2
0,2,0,0,2
0,2,1,0,3
0,2,1,0,3
0,2,0,0,2
0,3,0,0,3
0,2,0,0,2
0,2,0,0,2
0,2,1,0,3
0,1,0,0,1
0,6,0,0,6
0,2,0,0,2
0,1,0,0,1
0,2,0,0,2
0,1,0,0,1
0,1,0,0,1
0,2,0,0,2
0,2,0,0,2
0,1,0,0,1
0,1,0,0,1
0,2,0,0,2
0,2,1,0,3
0,2,1,0,3
0,1,1,0,2
0,1,0,0,1
0,2,0,0,2
0,3,0,0,3
0,2,0,0,2
0,2,0,0,2
0,1,0,0,1
0,1,0,0,1
0,1,0,0,1
0,2,0,0,2
0,1,0,0,1
0,1,0,0,1
0,2,0,0,2
0,2,0,0,2
0,1,1,0,2
0,2,0,0,2
0,1,0,0,1
0,2,0,0,2
0,1,0,0,1
0,1,1,0,2
0,1,0,0,1
0,3,0,0,3
0,1,0,0,1
0,3,0,0,3
0,2,0,0,2
0,3,0,0,3
0,1,0,0,1
0,1,0,0,1
0,2,0,0,2
0,1,0,0,1
0,1,0,0,1
0,1,0,0,1
0,2,0,0,2
0,2,0,0,2
0,2,0,0,2
0,4,0,0,4
0,1,0,0,1
0,1,1,0,2
0,1,1,0,2
0,2,0,0,2
0,2,0,0,2
0,4,0,0,4
0,1,0,0,1
0,2,0,0,2
0,1,0,0,1
0,1,0,0,1
0,2,0,0,2
0,1,1,0,2
0,1,0,0,1
0,1,0,0,1
0,1,0,0,1
0,2,0,0,2
0,2,0,0,2
0,1,0,0,1
0,1,0,0,1
0,1,0,0,1
0,1,1,0,2
0,5,0,0,5
0,2,0,0,2
0,1,0,0,1
0,3,0,0,3
0,3,0,0,3
0,2,1,0,3
0,2,0,0,2
0,2,0,0,2
0,2,0,0,2
0,1,0,0,1
0,1,0,0,1
0,3,0,0,3
0,1,0,0,1
0,2,4,0,6
0,2,0,0,2
0,6,0,0,6
0,3,1,0,4
0,2,0,0,2
0,2,0,0,2
0,1,0,0,1
0,2,0,0,2
0,1,0,0,1
0,5,0,0,5
0,1,0,0,1
0,1,0,0,1
0,2,0,0,2
0,1,0,0,1
0,2,0,0,2
0,2,0,0,2
0,2,0,0,2
0,2,0,0,2
0,1,0,0,1
0,2,0,0,2
0,1,0,0,1
0,1,0,0,1
0,1,0,0,1
0,2,0,0,2
0,1,0,0,1
0,1,0,0,1
0,2,0,0,2
0,2,0,0,2
0,2,0,0,2
0,1,0,0,1
0,1,1,0,2
0,1,1,0,2
0,1,0,0,1
0,2,0,0,2
0,2,0,0,2
0,3,0,0,3
0,1,0,0,1
0,2,0,0,2
0,1,0,0,1
0,1,0,0,1
0,2,3,0,5
0,4,0,0,4
0,1,0,0,1
0,2,0,0,2
0,2,1,0,3
0,2,1,0,3
0,1,0,0,1
0,1,0,0,1
0,1,1,0,2
0,1,0,0,1
0,2,0,0,2
0,2,0,0,2
0,1,0,0,1
0,2,0,0,2
0,1,0,0,1
0,1,1,0,2
0,1,0,0,1
0,1,0,0,1
0,2,2,0,4
0,1,0,0,1
0,3,0,0,3
0,2,0,0,2
0,2,0,0,2
0,2,0,0,2
0,2,0,0,2
0,2,3,0,5
0,3,3,0,6
0,1,1,0,2
0,2,1,0,3
0,1,1,0,2
0,2,0,0,2
0,2,0,0,2
0,1,0,0,1
0,1,0,0,1
0,1,0,0,1
0,1,0,0,1
0,2,0,0,2
0,2,0,0,2
0,2,0,0,2
0,3,1,0,4
0,2,0,0,2
0,1,0,0,1
0,2,0,0,2
0,2,0,0,2
0,4,0,0,4
0,4,0,0,4
0,4,0,0,4
0,1,0,0,1
0,1,0,0,1
0,1,0,0,1
0,2,0,0,2
0,1,0,0,1
0,3,0,0,3
0,3,1,0,4
0,1,1,0,2
0,1,0,0,1
0,2,0,0,2
0,1,0,0,1
0,2,0,0,2
0,2,0,0,2
0,2,0,0,2
0,1,0,0,1
0,1,0,0,1
0,1,2,0,3
0,1,0,0,1
0,2,0,0,2
0,3,0,0,3
0,3,0,0,3
0,1,0,0,1
0,1,0,0,1
0,2,1,0,3
0,1,0,0,1
0,1,0,0,1
0,2,1,0,3
0,1,0,0,1
0,1,1,0,2
0,1,1,0,2
0,1,0,0,1
0,2,0,0,2
0,1,0,0,1
0,2,0,0,2
0,1,0,0,1
0,1,0,0,1
0,1,0,0,1
0,3,0,0,3
0,1,0,0,1
0,1,0,0,1
0,1,1,0,2
0,2,0,0,2
0,1,0,0,1
0,1,0,0,1
0,1,0,0,1
0,2,0,0,2
0,4,0,0,4
0,4,0,0,4
0,2,1,0,3
0,1,0,0,1
0,1,1,0,2
0,1,0,0,1
0,2,0,0,2
0,2,1,0,3
0,2,0,0,2
0,2,0,0,2
0,1,0,0,1
0,1,0,0,1
0,3,0,0,3
0,1,0,0,1
0,1,0,0,1
0,2,2,0,4
0,2,0,0,2
0,2,0,0,2
0,3,0,0,3
0,3,0,0,3
0,4,0,0,4
0,2,0,0,2
0,3,1,0,4
0,1,1,0,2
0,3,0,0,3
0,5,0,0,5
0,2,0,0,2
0,3,0,0,3
0,1,1,0,2
0,1,0,0,1
0,2,0,0,2
0,2,0,0,2
0,1,1,0,2
0,1,0,0,1
0,1,0,0,1
0,2,0,0,2
0,2,0,0,2
0,1,0,0,1
0,1,0,0,1
0,1,0,0,1
0,2,0,0,2
0,2,0,0,2
0,4,0,0,4
0,2,0,0,2
0,1,0,0,1
0,2,0,0,2
0,5,0,0,5
0,1,0,0,1
0,1,0,0,1
0,3,0,0,3
0,1,0,0,1
0,2,0,0,2
0,2,0,0,2
0,2,0,0,2
0,2,0,0,2
0,1,1,0,2
0,2,0,0,2
0,2,0,0,2
0,1,0,0,1
0,1,1,0,2
0,1,0,0,1
0,1,0,0,1
0,5,1,0,6
0,1,0,0,1
0,2,0,0,2
0,2,0,0,2
0,2,1,0,3
0,6,0,0,6
0,1,0,0,1
0,1,0,0,1
0,2,0,0,2
0,2,0,0,2
0,1,2,0,3
0,2,0,0,2
0,2,0,0,2
0,2,1,0,3
0,2,0,0,2
0,2,0,0,2
0,2,0,0,2
0,2,0,0,2
0,2,0,0,2
0,1,0,0,1
0,2,0,0,2
0,1,0,0,1
0,1,4,0,5
0,2,0,0,2
0,1,0,0,1
0,1,0,0,1
0,1,0,0,1
0,1,0,0,1
0,1,0,0,1
0,1,0,0,1
0,1,0,0,1
0,5,0,0,5
0,8,0,0,8
0,2,1,0,3
0,3,0,0,3
0,1,1,0,2
0,1,0,0,1
0,2,0,0,2
0,1,0,0,1
0,1,0,0,1
0,1,1,0,2
0,3,0,0,3
0,2,0,0,2
0,3,0,0,3
0,1,0,0,1
0,1,0,0,1
0,1,0,0,1
0,2,0,0,2
0,1,0,0,1
0,2,0,0,2
0,1,0,0,1
0,1,0,0,1
0,1,0,0,1
0,2,0,0,2
0,2,0,0,2
0,2,0,0,2
0,2,0,0,2
0,1,0,0,1
0,2,0,0,2
0,1,0,0,1
0,1,0,0,1
0,2,0,0,2
0,2,0,0,2
0,1,1,0,2
0,1,0,0,1
0,1,0,0,1
0,2,1,0,3
0,4,0,0,4
0,1,1,0,2
0,1,0,0,1
0,2,0,0,2
0,1,0,0,1
0,1,1,0,2
0,2,0,0,2
0,2,0,0,2
0,1,0,0,1
0,2,0,0,2
0,1,1,0,2
0,1,1,0,2
0,2,0,0,2
0,2,0,0,2
0,1,0,0,1
0,1,0,0,1
0,1,0,0,1
0,2,0,0,2
0,4,0,0,4
0,4,0,0,4
0,2,0,0,2
0,1,0,0,1
0,1,0,0,1
0,1,0,0,1
0,2,0,0,2
0,2,2,0,4
0,1,0,0,1
0,2,0,0,2
0,1,0,0,1
0,1,0,0,1
0,3,0,0,3
0,1,0,0,1
0,1,0,0,1
0,1,0,0,1
0,10,0,0,10
0,4,0,0,4
0,1,3,0,4
0,1,0,0,1
0,2,0,0,2
0,1,1,0,2
0,1,0,0,1
0,1,0,0,1
0,2,0,0,2
0,8,0,0,8
0,5,0,0,5
0,3,0,0,3
0,2,0,0,2
0,1,0,0,1
0,1,0,0,1
0,1,1,0,2
0,3,0,0,3
0,3,0,0,3
0,4,0,0,4
0,3,0,0,3
0,1,0,0,1
0,2,0,0,2
0,2,0,0,2
0,1,0,0,1
0,2,0,0,2
0,2,0,0,2
0,2,0,0,2
0,1,0,0,1
0,1,0,0,1
0,4,0,0,4
0,1,0,0,1
0,2,1,0,3
0,2,0,0,2
0,1,0,0,1
0,1,1,0,2
0,1,1,0,2
0,1,0,0,1
0,2,0,0,2
0,1,2,0,3
0,1,0,0,1
0,2,0,0,2
0,2,0,0,2
0,1,1,0,2
0,1,0,0,1
0,1,1,0,2
0,1,0,0,1
0,3,0,0,3
0,2,0,0,2
0,1,1,0,2
0,3,0,0,3
0,3,0,0,3
0,1,1,0,2
0,1,0,0,1
0,1,1,0,2
0,2,0,0,2
0,1,0,0,1
0,1,0,0,1
0,1,0,0,1
0,2,0,0,2
0,2,0,0,2
0,2,0,0,2
0,2,0,0,2
0,3,1,0,4
0,2,0,0,2
0,1,1,0,2
0,1,1,0,2
0,2,2,0,4
0,1,0,0,1
0,1,2,0,3
0,1,0,0,1
0,1,0,0,1
0,1,0,0,1
0,1,0,0,1
0,1,0,0,1
0,1,1,0,2
0,3,3,0,6
0,1,0,0,1
0,2,1,0,3
0,2,0,0,2
0,2,0,0,2
0,2,0,0,2
0,1,0,0,1
0,2,0,0,2
0,1,0,0,1
0,4,0,0,4
0,2,0,0,2
0,1,0,0,1
0,1,0,0,1
0,4,0,0,4
0,2,0,0,2
0,1,0,0,1
0,2,0,0,2
0,2,0,0,2
0,1,0,0,1
0,3,0,0,3
0,1,1,0,2
0,2,0,0,2
0,2,0,0,2
0,3,0,0,3
0,3,0,0,3
0,1,0,0,1
0,1,0,0,1
0,2,0,0,2
0,2,0,0,2
0,3,0,0,3
0,2,0,0,2
0,1,0,0,1
0,4,0,0,4
0,2,0,0,2
0,1,0,0,1
0,1,0,0,1
0,3,0,0,3
0,1,0,0,1
0,1,0,0,1
0,2,0,0,2
0,1,1,0,2
0,1,1,0,2
0,1,0,0,1
0,1,1,0,2
0,1,0,0,1
0,2,0,0,2
0,3,0,0,3
0,1,1,0,2
0,1,0,0,1
0,3,0,0,3
0,1,0,0,1
0,2,0,0,2
0,2,0,0,2
0,1,0,0,1
0,4,0,0,4
0,1,0,0,1
0,1,0,0,1
0,1,1,0,2
0,1,1,0,2
0,5,2,0,7
0,1,0,0,1
0,1,1,0,2
0,1,0,0,1
0,2,0,0,2
0,1,0,0,1
0,3,0,0,3
0,4,0,0,4
0,4,0,0,4
0,2,0,0,2
0,1,0,0,1
0,1,0,0,1
0,1,0,0,1
0,1,0,0,1
0,1,0,0,1
0,2,0,0,2
0,1,1,0,2
0,1,0,0,1
0,2,0,0,2
0,2,0,0,2
0,1,0,0,1
0,1,1,0,2
0,1,0,0,1
0,1,0,0,1
0,2,0,0,2
0,1,1,0,2
0,2,0,0,2
0,1,1,0,2
0,1,0,0,1
0,1,1,0,2
0,6,0,0,6
0,1,0,0,1
0,1,0,0,1
0,1,0,0,1
0,1,1,0,2
0,1,0,0,1
0,1,0,0,1
0,2,0,0,2
0,1,0,0,1
0,2,0,0,2
0,2,0,0,2
0,2,0,0,2
0,3,1,0,4
0,2,0,0,2
0,2,0,0,2
0,1,0,0,1
0,2,0,0,2
0,2,0,0,2
0,3,0,0,3
0,2,0,0,2
0,2,0,0,2
0,2,0,0,2
0,3,0,0,3
0,1,0,0,1
0,1,0,0,1
0,1,1,0,2
0,1,0,0,1
0,2,0,0,2
0,1,1,0,2
0,1,0,0,1
0,1,0,0,1
0,2,0,0,2
0,4,0,0,4
0,1,0,0,1
0,1,0,0,1
0,1,0,0,1
0,1,0,0,1
0,2,0,0,2
0,1,0,0,1
0,5,0,0,5
0,2,0,0,2
0,1,0,0,1
0,2,0,0,2
0,2,0,0,2
0,2,0,0,2
0,1,0,0,1
0,1,0,0,1
0,2,0,0,2
0,1,1,0,2
0,1,0,0,1
0,1,0,0,1
0,1,0,0,1
0,5,0,0,5
0,3,0,0,3
0,1,1,0,2
0,1,0,0,1
0,1,0,0,1
0,1,0,0,1
0,1,0,0,1
0,1,1,0,2
0,2,0,0,2
0,1,0,0,1
0,1,1,0,2
0,1,0,0,1
0,1,0,0,1
0,1,0,0,1
0,1,0,0,1
0,1,1,0,2
0,1,0,0,1
0,2,0,0,2
0,3,0,0,3
0,3,0,0,3
0,2,0,0,2
0,1,0,0,1
0,3,0,0,3
0,2,0,0,2
0,2,0,0,2
0,1,0,0,1
0,1,0,0,1
0,1,1,0,2
0,1,0,0,1
0,2,0,0,2
0,1,0,0,1
0,2,0,0,2
0,4,1,0,5
0,2,0,0,2
0,2,0,0,2
0,3,0,0,3
0,1,0,0,1
0,3,0,0,3
0,3,0,0,3
0,1,1,0,2
0,1,0,0,1
0,5,0,0,5
0,1,0,0,1
0,1,0,0,1
0,1,3,0,4
0,1,0,0,1
0,2,0,0,2
0,1,0,0,1
0,2,0,0,2
0,1,0,0,1
0,2,0,0,2
0,1,0,0,1
0,2,0,0,2
0,2,0,0,2
0,1,0,0,1
0,1,0,0,1
0,1,1,0,2
0,1,0,0,1
0,1,0,0,1
0,2,0,0,2
0,3,0,0,3
0,2,2,0,4
0,3,2,0,5
0,2,0,0,2
0,2,0,0,2
0,1,0,0,1
0,1,0,0,1
0,1,0,0,1
0,2,0,0,2
0,1,1,0,2
0,2,0,0,2
0,2,0,0,2
0,1,0,0,1
0,1,0,0,1
0,2,0,0,2
0,1,0,0,1
0,3,0,0,3
0,3,0,0,3
0,1,0,0,1
0,1,0,0,1
0,3,1,0,4
0,3,0,0,3
0,2,0,0,2
0,1,0,0,1
0,1,1,0,2
0,2,0,0,2
0,1,0,0,1
0,2,0,0,2
0,1,0,0,1
0,2,0,0,2
0,2,0,0,2
0,1,0,0,1
0,2,0,0,2
0,1,2,0,3
0,1,1,0,2
0,2,0,0,2
0,2,0,0,2
0,2,0,0,2
0,2,0,0,2
0,1,1,0,2
0,1,0,0,1
0,2,0,0,2
0,2,0,0,2
0,1,0,0,1
0,1,0,0,1
0,2,0,0,2
0,1,0,0,1
0,1,0,0,1
0,2,0,0,2
0,2,0,0,2
0,2,0,0,2
0,2,0,0,2
0,2,0,0,2
0,1,0,0,1
0,2,1,0,3
0,2,1,0,3
0,1,0,0,1
0,3,0,0,3
0,3,0,0,3
0,2,0,0,2
0,2,0,0,2
0,2,0,0,2
0,2,0,0,2
0,2,0,0,2
0,2,1,0,3
0,2,0,0,2
0,1,0,0,1
0,3,0,0,3
0,1,0,0,1
0,1,0,0,1
0,1,1,0,2
0,4,0,0,4
0,1,1,0,2
0,1,0,0,1
0,2,2,0,4
0,1,0,0,1
0,1,1,0,2
0,1,0,0,1
0,2,0,0,2
0,2,0,0,2
0,1,0,0,1
0,1,0,0,1
0,1,0,0,1
0,1,0,0,1
0,1,1,0,2
0,1,0,0,1
0,1,0,0,1
0,3,0,0,3
0,2,0,0,2
0,2,0,0,2
0,1,0,0,1
0,1,1,0,2
0,1,0,0,1
0,1,0,0,1
0,2,4,0,6
0,1,0,0,1
0,2,0,0,2
0,2,0,0,2
0,1,0,0,1
0,2,0,0,2
0,1,0,0,1
0,1,0,0,1
0,2,0,0,2
0,1,0,0,1
0,2,0,0,2
0,3,0,0,3
0,3,0,0,3
0,1,0,0,1
0,2,0,0,2
0,3,1,0,4
0,2,0,0,2
0,1,0,0,1
0,4,0,0,4
0,4,0,0,4
0,1,0,0,1
0,1,0,0,1
0,2,0,0,2
0,1,0,0,1
0,3,0,0,3
0,4,0,0,4
0,2,0,0,2
0,3,0,0,3
0,3,1,0,4
0,1,0,0,1
0,1,0,0,1
0,1,0,0,1
0,3,0,0,3
0,3,2,0,5
0,2,0,0,2
0,1,0,0,1
0,1,0,0,1
0,4,0,0,4
0,1,0,0,1
0,1,0,0,1
0,1,0,0,1
0,2,0,0,2
0,1,1,0,2
0,2,0,0,2
0,1,0,0,1
0,2,0,0,2
0,1,1,0,2
0,2,0,0,2
0,2,0,0,2
0,1,0,0,1
0,2,0,0,2
0,1,0,0,1
0,2,0,0,2
0,2,0,0,2
0,1,0,0,1
0,1,3,0,4
0,2,0,0,2
0,1,1,0,2
0,1,0,0,1
0,1,0,0,1
0,1,1,0,2
0,1,0,0,1
0,1,1,0,2
0,2,0,0,2
0,1,0,0,1
0,2,0,0,2
0,2,0,0,2
0,3,0,0,3
0,2,0,0,2
0,1,0,0,1
0,1,0,0,1
0,2,0,0,2
0,1,0,0,1
0,1,0,0,1
0,1,0,0,1
0,1,0,0,1
0,3,1,0,4
0,1,1,0,2
0,1,0,0,1
0,1,0,0,1
0,2,0,0,2
0,2,0,0,2
0,2,0,0,2
0,1,0,0,1
0,1,0,0,1
0,3,0,0,3
0,1,0,0,1
0,1,0,0,1
0,4,0,0,4
0,3,0,0,3
0,1,0,0,1
0,2,0,0,2
0,1,0,0,1
0,1,0,0,1
0,1,0,0,1
0,2,0,0,2
0,1,0,0,1
0,2,0,0,2
0,2,0,0,2
0,2,0,0,2
0,1,0,0,1
0,1,0,0,1
0,1,0,0,1
0,2,0,0,2
0,1,0,0,1
0,1,0,0,1
0,6,0,0,6
0,2,0,0,2
0,1,0,0,1
0,1,0,0,1
0,2,0,0,2
0,2,0,0,2
0,1,0,0,1
0,2,0,0,2
0,2,0,0,2
0,7,0,0,7
0,1,0,0,1
0,1,0,0,1
0,1,1,0,2
0,1,0,0,1
0,2,0,0,2
0,1,0,0,1
0,1,1,0,2
0,2,2,0,4
0,1,1,0,2
0,4,0,0,4
0,1,1,0,2
0,1,0,0,1
0,1,0,0,1
0,1,0,0,1
0,1,0,0,1
0,4,1,0,5
0,2,0,0,2
0,3,0,0,3
0,3,0,0,3
0,3,0,0,3
0,1,0,0,1
0,1,0,0,1
0,1,0,0,1
0,2,0,0,2
0,2,0,0,2
0,1,0,0,1
0,4,0,0,4
0,2,0,0,2
0,1,1,0,2
0,1,1,0,2
0,1,0,0,1
0,1,0,0,1
0,1,0,0,1
0,1,0,0,1
0,2,0,0,2
0,2,0,0,2
0,1,1,0,2
0,1,0,0,1
0,2,0,0,2
0,2,0,0,2
0,2,0,0,2
0,1,0,0,1
0,2,0,0,2
0,2,0,0,2
0,1,0,0,1
0,2,0,0,2
0,2,0,0,2
0,1,0,0,1
0,2,0,0,2
0,1,1,0,2
0,1,0,0,1
0,1,0,0,1
0,1,0,0,1
0,6,0,0,6
0,7,0,0,7
0,1,0,0,1
0,2,0,0,2
0,2,0,0,2
0,1,0,0,1
0,4,0,0,4
0,2,0,0,2
0,1,0,0,1
0,1,0,0,1
0,1,0,0,1
0,2,0,0,2
0,1,0,0,1
0,2,0,0,2
0,2,0,0,2
0,2,0,0,2
0,1,0,0,1
0,2,0,0,2
0,7,0,0,7
0,2,0,0,2
0,2,1,0,3
0,1,0,0,1
0,1,0,0,1
0,1,0,0,1
0,1,1,0,2
0,1,0,0,1
0,2,0,0,2
0,1,1,0,2
0,1,0,0,1
0,1,0,0,1
0,1,1,0,2
0,1,0,0,1
0,2,0,0,2
0,3,0,0,3
0,1,0,0,1
0,2,0,0,2
0,1,0,0,1
0,1,0,0,1
0,1,0,0,1
0,2,0,0,2
0,1,0,0,1
0,2,0,0,2
0,2,0,0,2
0,1,0,0,1
0,1,0,0,1
0,2,0,0,2
0,3,0,0,3
0,2,0,0,2
0,1,0,0,1
0,1,1,0,2
0,1,0,0,1
0,2,0,0,2
0,2,1,0,3
0,1,0,0,1
0,1,0,0,1
0,1,0,0,1
0,2,0,0,2
0,2,0,0,2
0,1,0,0,1
0,2,0,0,2
0,4,0,0,4
0,2,0,0,2
0,1,0,0,1
0,1,0,0,1
0,1,0,0,1
0,2,0,0,2
0,2,0,0,2
0,1,0,0,1
0,1,0,0,1
0,2,0,0,2
0,1,0,0,1
0,1,0,0,1
0,2,1,0,3
0,2,0,0,2
0,2,0,0,2
0,2,0,0,2
0,1,0,0,1
0,1,0,0,1
0,3,0,0,3
0,3,0,0,3
0,1,0,0,1
0,1,0,0,1
0,1,0,0,1
0,2,0,0,2
0,3,1,0,4
0,2,0,0,2
0,2,0,0,2
0,2,0,0,2
0,2,0,0,2
0,1,0,0,1
0,2,0,0,2
0,2,1,0,3
0,1,1,0,2
0,4,1,0,5
0,1,0,0,1
0,1,0,0,1
0,3,0,0,3
0,3,0,0,3
0,1,1,0,2
0,2,0,0,2
0,1,0,0,1
0,7,1,0,8
0,1,1,0,2
0,1,0,0,1
0,1,0,0,1
0,5,2,0,7
0,2,0,0,2
0,2,0,0,2
0,1,2,0,3
0,2,0,0,2
0,2,0,0,2
0,2,0,0,2
0,2,0,0,2
0,1,0,0,1
0,4,0,0,4
0,2,0,0,2
0,1,0,0,1
0,1,0,0,1
0,2,0,0,2
0,2,0,0,2
0,1,1,0,2
0,2,0,0,2
0,1,0,0,1
0,1,0,0,1
0,1,1,0,2
0,4,1,0,5
0,3,0,0,3
0,2,0,0,2
0,1,0,0,1
0,1,0,0,1
0,1,0,0,1
0,3,0,0,3
0,1,0,0,1
0,2,0,0,2
0,2,0,0,2
0,1,0,0,1
0,1,1,0,2
0,3,0,0,3
0,4,0,0,4
0,1,0,0,1
0,1,0,0,1
0,1,1,0,2
0,1,0,0,1
0,1,1,0,2
0,2,0,0,2
0,5,0,0,5
0,5,0,0,5
0,1,0,0,1
0,1,0,0,1
0,1,1,0,2
0,1,0,0,1
0,1,1,0,2
0,4,0,0,4
0,2,0,0,2
0,1,1,0,2
0,1,0,0,1
0,1,0,0,1
0,1,0,0,1
0,2,0,0,2
0,2,0,0,2
0,2,0,0,2
0,1,0,0,1
0,1,0,0,1
0,1,0,0,1
0,1,0,0,1
0,1,1,0,2
0,1,0,0,1
0,2,0,0,2
0,6,0,0,6
0,1,0,0,1
0,1,0,0,1
0,1,0,0,1
0,1,1,0,2
0,1,0,0,1
0,2,0,0,2
0,2,0,0,2
0,1,0,0,1
0,2,0,0,2
0,3,0,0,3
0,2,0,0,2
0,1,0,0,1
0,2,0,0,2
0,5,0,0,5
0,2,0,0,2
0,2,0,0,2
0,2,0,0,2
0,1,0,0,1
0,1,0,0,1
0,3,0,0,3
0,2,0,0,2
0,2,0,0,2
0,2,0,0,2
0,1,0,0,1
0,4,0,0,4
0,2,1,0,3
0,2,0,0,2
0,4,0,0,4
0,1,0,0,1
0,1,0,0,1
0,4,0,0,4
0,1,0,0,1
0,2,0,0,2
0,7,0,0,7
0,2,0,0,2
0,3,0,0,3
0,3,0,0,3
0,2,0,0,2
0,1,1,0,2
0,1,0,0,1
0,2,0,0,2
0,1,0,0,1
0,1,1,0,2
0,1,0,0,1
0,2,0,0,2
0,2,0,0,2
0,3,0,0,3
0,2,0,0,2
0,1,1,0,2
0,1,0,0,1
0,1,0,0,1
0,1,1,0,2
0,1,1,0,2
0,1,0,0,1
0,1,0,0,1
0,1,0,0,1
0,1,0,0,1
0,5,0,0,5
0,2,0,0,2
0,1,0,0,1
0,2,0,0,2
0,2,0,0,2
0,2,0,0,2
0,2,0,0,2
0,1,0,0,1
0,1,0,0,1
0,1,0,0,1
0,1,0,0,1
0,1,0,0,1
0,4,0,0,4
0,1,0,0,1
0,2,0,0,2
0,1,0,0,1
0,2,0,0,2
0,1,1,0,2
0,1,0,0,1
0,1,0,0,1
0,1,0,0,1
0,2,0,0,2
0,2,0,0,2
0,2,0,0,2
0,2,2,0,4
0,2,0,0,2
0,1,1,0,2
0,1,0,0,1
0,2,0,0,2
0,3,0,0,3
0,5,0,0,5
0,2,0,0,2
0,2,0,0,2
0,1,0,0,1
0,3,0,0,3
0,1,0,0,1
0,1,0,0,1
0,1,0,0,1
0,3,0,0,3
0,2,0,0,2
0,2,0,0,2
0,2,0,0,2
0,4,0,0,4
0,3,0,0,3
0,4,0,0,4
0,1,1,0,2
0,1,0,0,1
0,1,1,0,2
0,2,0,0,2
0,1,1,0,2
0,1,0,0,1
0,1,0,0,1
0,2,0,0,2
0,1,0,0,1
0,1,0,0,1
0,2,0,0,2
0,2,0,0,2
0,1,0,0,1
0,2,0,0,2
0,4,0,0,4
0,2,0,0,2
0,1,0,0,1
0,1,1,0,2
0,2,0,0,2
0,1,1,0,2
0,1,0,0,1
0,2,0,0,2
0,2,0,0,2
0,4,0,0,4
0,2,0,0,2
0,1,0,0,1
0,1,1,0,2
0,2,0,0,2
0,2,0,0,2
0,3,0,0,3
0,1,0,0,1
0,2,0,0,2
0,3,0,0,3
0,1,0,0,1
0,3,0,0,3
0,1,1,0,2
0,1,0,0,1
0,1,0,0,1
0,1,0,0,1
0,1,0,0,1
0,2,0,0,2
0,2,1,0,3
0,1,0,0,1
0,1,1,0,2
0,2,2,0,4
0,1,0,0,1
0,2,0,0,2
0,1,1,0,2
0,1,1,0,2
0,1,0,0,1
0,2,0,0,2
0,1,0,0,1
0,1,0,0,1
0,1,0,0,1
0,1,0,0,1
0,1,0,0,1
0,1,1,0,2
0,1,0,0,1
0,1,0,0,1
0,2,0,0,2
0,1,0,0,1
0,1,0,0,1
0,2,0,0,2
0,2,0,0,2
0,2,0,0,2
0,2,1,0,3
0,2,0,0,2
0,1,0,0,1
0,1,1,0,2
0,1,0,0,1
0,2,0,0,2
0,1,0,0,1
0,1,0,0,1
0,1,1,0,2
0,1,1,0,2
0,1,0,0,1
0,1,1,0,2
0,1,0,0,1
0,2,0,0,2
0,1,1,0,2
0,2,0,0,2
0,1,0,0,1
0,2,0,0,2
0,2,0,0,2
0,1,0,0,1
0,1,0,0,1
0,2,0,0,2
0,2,0,0,2
0,2,0,0,2
0,1,1,0,2
0,1,0,0,1
0,1,0,0,1
0,2,0,0,2
0,3,0,0,3
0,3,0,0,3
0,1,1,0,2
0,1,0,0,1
0,1,1,0,2
0,1,0,0,1
0,2,0,0,2
0,1,1,0,2
0,1,0,0,1
0,1,0,0,1
0,2,0,0,2
0,2,0,0,2
0,2,0,0,2
0,1,0,0,1
0,1,0,0,1
0,1,0,0,1
0,1,0,0,1
0,1,1,0,2
0,2,0,0,2
0,1,0,0,1
0,2,0,0,2
0,1,0,0,1
0,1,0,0,1
0,1,0,0,1
0,5,0,0,5
0,3,0,0,3
0,3,0,0,3
0,2,0,0,2
0,2,1,0,3
0,2,0,0,2
0,1,1,0,2
0,1,0,0,1
0,1,0,0,1
0,1,0,0,1
0,1,0,0,1
0,3,0,0,3
0,1,0,0,1
0,2,0,0,2
0,1,1,0,2
0,2,0,0,2
0,1,0,0,1
0,1,0,0,1
0,2,0,0,2
0,2,0,0,2
0,2,0,0,2
0,2,0,0,2
0,3,0,0,3
0,1,1,0,2
0,1,1,0,2
0,1,1,0,2
0,1,1,0,2
0,1,0,0,1
0,2,0,0,2
0,1,0,0,1
0,1,4,0,5
0,1,0,0,1
0,1,0,0,1
0,4,1,0,5
0,1,0,0,1
0,2,0,0,2
0,2,0,0,2
0,1,0,0,1
0,2,0,0,2
0,1,0,0,1
0,1,0,0,1
0,3,0,0,3
0,2,0,0,2
0,3,0,0,3
0,1,1,0,2
0,1,0,0,1
0,1,0,0,1
0,1,0,0,1
0,2,1,0,3
0,1,0,0,1
0,3,0,0,3
0,2,0,0,2
0,1,1,0,2
0,5,2,0,7
0,3,0,0,3
0,1,0,0,1
0,1,4,0,5
0,1,0,0,1
0,1,0,0,1
0,1,0,0,1
0,1,0,0,1
0,1,0,0,1
0,1,1,0,2
0,1,0,0,1
0,1,1,0,2
0,1,0,0,1
0,1,0,0,1
0,1,0,0,1
0,1,0,0,1
0,2,0,0,2
0,1,1,0,2
0,1,0,0,1
0,1,1,0,2
0,1,0,0,1
0,1,0,0,1
0,1,0,0,1
0,2,0,0,2
0,1,0,0,1
0,1,0,0,1
0,2,0,0,2
0,2,0,0,2
0,1,0,0,1
0,2,0,0,2
0,2,0,0,2
0,3,0,0,3
0,2,0,0,2
0,1,0,0,1
0,1,0,0,1
0,1,0,0,1
0,2,0,0,2
0,2,0,0,2
0,1,1,0,2
0,1,0,0,1
0,1,0,0,1
0,2,0,0,2
0,1,1,0,2
0,1,0,0,1
0,1,0,0,1
0,1,0,0,1
0,1,0,0,1
0,2,0,0,2
0,2,1,0,3
0,2,0,0,2
0,3,0,0,3
0,1,0,0,1
0,1,0,0,1
0,2,0,0,2
0,1,1,0,2
0,1,1,0,2
0,2,0,0,2
0,2,0,0,2
0,1,0,0,1
0,1,1,0,2
0,1,0,0,1
0,1,0,0,1
0,1,1,0,2
0,1,0,0,1
0,2,0,0,2
0,1,0,0,1
0,1,0,0,1
0,1,0,0,1
0,1,0,0,1
0,1,0,0,1
0,2,0,0,2
0,1,0,0,1
0,4,0,0,4
0,2,0,0,2
0,1,0,0,1
0,1,1,0,2
0,1,0,0,1
0,1,1,0,2
0,1,0,0,1
0,1,0,0,1
0,2,0,0,2
0,2,0,0,2
0,1,0,0,1
0,1,0,0,1
0,1,1,0,2
0,2,0,0,2
0,1,0,0,1
0,1,0,0,1
0,1,0,0,1
0,2,0,0,2
0,2,0,0,2
0,3,0,0,3
0,1,0,0,1
0,1,0,0,1
0,3,0,0,3
0,2,0,0,2
0,2,1,0,3
0,1,0,0,1
0,2,0,0,2
0,2,0,0,2
0,1,0,0,1
0,2,0,0,2
0,2,0,0,2
0,1,1,0,2
0,1,0,0,1
0,1,0,0,1
0,1,0,0,1
0,2,0,0,2
0,1,0,0,1
0,1,0,0,1
0,2,0,0,2
0,1,0,0,1
0,3,0,0,3
0,2,0,0,2
0,1,0,0,1
0,1,0,0,1
0,3,2,0,5
0,1,0,0,1
0,2,0,0,2
0,1,0,0,1
0,2,0,0,2
0,1,1,0,2
0,1,1,0,2
0,2,1,0,3
0,2,0,0,2
0,3,1,0,4
0,3,0,0,3
0,3,0,0,3
0,1,0,0,1
0,1,0,0,1
0,2,0,0,2
0,1,0,0,1
0,1,1,0,2
0,2,2,0,4
0,2,0,0,2
0,1,0,0,1
0,2,0,0,2
0,1,0,0,1
0,1,0,0,1
0,2,0,0,2
0,2,0,0,2
0,1,0,0,1
0,1,0,0,1
0,1,1,0,2
0,4,0,0,4
0,2,0,0,2
0,1,0,0,1
0,1,0,0,1
0,2,1,0,3
0,1,0,0,1
0,1,0,0,1
0,1,0,0,1
0,2,0,0,2
0,1,0,0,1
0,1,0,0,1
0,1,0,0,1
0,1,0,0,1
0,1,0,0,1
0,1,0,0,1
0,3,0,0,3
0,1,0,0,1
0,1,0,0,1
0,1,0,0,1
0,1,0,0,1
0,2,0,0,2
0,3,0,0,3
0,2,0,0,2
0,2,0,0,2
0,2,0,0,2
0,3,1,0,4
0,1,0,0,1
0,1,0,0,1
0,1,0,0,1
0,2,0,0,2
0,1,0,0,1
0,4,0,0,4
0,2,0,0,2
0,1,1,0,2
0,2,0,0,2
0,2,0,0,2
0,2,0,0,2
0,1,1,0,2
0,1,0,0,1
0,2,0,0,2
0,1,0,0,1
0,2,0,0,2
0,1,1,0,2
0,1,0,0,1
0,2,4,0,6
0,2,0,0,2
0,1,0,0,1
0,3,0,0,3
0,1,0,0,1
0,1,1,0,2
0,2,0,0,2
0,1,0,0,1
0,1,0,0,1
0,1,0,0,1
0,1,3,0,4
0,2,0,0,2
0,2,0,0,2
0,2,0,0,2
0,1,0,0,1
0,2,0,0,2
0,1,0,0,1
0,1,0,0,1
0,2,0,0,2
0,2,0,0,2
0,2,0,0,2
0,1,1,0,2
0,1,0,0,1
0,2,0,0,2
0,1,0,0,1
0,1,0,0,1
0,1,0,0,1
0,2,0,0,2
0,2,0,0,2
0,1,0,0,1
0,1,0,0,1
0,1,0,0,1
0,1,1,0,2
0,1,1,0,2
0,1,0,0,1
0,1,0,0,1
0,2,0,0,2
0,3,0,0,3
0,2,0,0,2
0,1,0,0,1
0,2,0,0,2
0,2,0,0,2
0,1,0,0,1
0,2,0,0,2
0,2,0,0,2
0,2,0,0,2
0,1,0,0,1
0,3,0,0,3
0,3,0,0,3
0,2,0,0,2
0,2,0,0,2
0,1,0,0,1
0,1,0,0,1
0,2,0,0,2
0,2,0,0,2
0,2,0,0,2
0,1,1,0,2
0,1,0,0,1
0,1,1,0,2
0,2,0,0,2
0,1,0,0,1
0,1,0,0,1
0,1,0,0,1
0,1,0,0,1
0,1,1,0,2
0,1,0,0,1
0,3,0,0,3
0,2,0,0,2
0,3,0,0,3
0,1,1,0,2
0,1,1,0,2
0,1,0,0,1
0,2,0,0,2
0,3,0,0,3
0,2,0,0,2
0,2,0,0,2
0,1,0,0,1
0,1,0,0,1
0,1,1,0,2
0,1,0,0,1
0,1,0,0,1
0,2,0,0,2
0,1,0,0,1
0,1,1,0,2
0,2,0,0,2
0,2,0,0,2
0,1,1,0,2
0,1,1,0,2
0,1,0,0,1
0,2,0,0,2
0,2,0,0,2
0,1,0,0,1
0,2,0,0,2
0,1,0,0,1
0,1,0,0,1
0,1,0,0,1
0,1,0,0,1
0,4,0,0,4
0,2,0,0,2
0,2,2,0,4
0,1,0,0,1
0,1,1,0,2
0,1,1,0,2
0,1,1,0,2
0,2,0,0,2
0,2,0,0,2
0,2,0,0,2
0,3,1,0,4
0,2,1,0,3
0,2,0,0,2
0,1,0,0,1
0,2,0,0,2
0,2,0,0,2
0,1,1,0,2
0,1,0,0,1
0,1,1,0,2
0,1,0,0,1
0,5,0,0,5
0,1,0,0,1
0,1,1,0,2
0,1,0,0,1
0,1,0,0,1
0,1,0,0,1
0,1,0,0,1
0,1,1,0,2
0,1,0,0,1
0,2,0,0,2
0,1,1,0,2
0,2,0,0,2
0,2,0,0,2
0,1,0,0,1
0,1,0,0,1
0,1,0,0,1
0,2,1,0,3
0,1,0,0,1
0,1,1,0,2
0,1,0,0,1
0,2,0,0,2
0,1,0,0,1
0,1,1,0,2
0,1,1,0,2
0,1,0,0,1
0,1,0,0,1
0,2,2,0,4
0,1,0,0,1
0,1,0,0,1
0,2,0,0,2
0,1,1,0,2
0,1,0,0,1
0,2,0,0,2
0,5,0,0,5
0,2,1,0,3
0,3,1,0,4
0,1,0,0,1
0,2,0,0,2
0,1,0,0,1
0,2,0,0,2
0,1,0,0,1
0,1,0,0,1
0,1,0,0,1
0,1,0,0,1
0,2,0,0,2
0,1,1,0,2
0,1,0,0,1
0,1,1,0,2
0,1,0,0,1
0,1,0,0,1
0,1,0,0,1
0,1,1,0,2
0,2,0,0,2
0,2,0,0,2
0,4,0,0,4
0,1,0,0,1
0,1,0,0,1
0,2,0,0,2
0,1,1,0,2
0,2,0,0,2
0,2,0,0,2
0,1,1,0,2
0,4,0,0,4
0,2,0,0,2
0,2,1,0,3
0,2,0,0,2
0,1,0,0,1
0,2,0,0,2
0,2,0,0,2
0,2,0,0,2
0,1,0,0,1
0,1,0,0,1
0,2,0,0,2
0,2,0,0,2
0,1,0,0,1
0,1,1,0,2
0,1,0,0,1
0,2,0,0,2
0,1,0,0,1
0,2,0,0,2
0,2,0,0,2
0,3,1,0,4
0,1,2,0,3
0,1,0,0,1
0,3,1,0,4
0,2,0,0,2
0,2,0,0,2
0,1,1,0,2
0,2,0,0,2
0,1,0,0,1
0,1,0,0,1
0,1,0,0,1
0,3,0,0,3
0,2,2,0,4
0,2,0,0,2
0,2,0,0,2
0,1,0,0,1
0,1,0,0,1
0,2,0,0,2
0,1,0,0,1
0,1,0,0,1
0,1,1,0,2
0,1,0,0,1
0,3,0,0,3
0,2,0,0,2
0,2,0,0,2
0,2,0,0,2
0,1,0,0,1
0,4,0,0,4
0,3,0,0,3
0,3,0,0,3
0,2,0,0,2
0,1,0,0,1
0,2,0,0,2
0,2,0,0,2
0,2,0,0,2
0,2,0,0,2
0,2,0,0,2
0,2,0,0,2
0,2,0,0,2
0,2,0,0,2
0,1,1,0,2
0,1,0,0,1
0,1,0,0,1
0,1,0,0,1
0,1,0,0,1
0,1,0,0,1
0,3,0,0,3
0,1,0,0,1
0,1,1,0,2
0,1,0,0,1
0,1,0,0,1
0,1,0,0,1
0,2,0,0,2
0,2,0,0,2
0,2,0,0,2
0,1,0,0,1
0,2,0,0,2
0,3,0,0,3
0,3,0,0,3
0,1,0,0,1
0,1,0,0,1
0,1,1,0,2
0,1,0,0,1
0,3,0,0,3
0,1,0,0,1
0,1,0,0,1
0,1,0,0,1
0,1,0,0,1
0,1,0,0,1
0,1,0,0,1
0,1,0,0,1
0,2,0,0,2
0,1,0,0,1
0,1,0,0,1
0,1,3,0,4
0,1,1,0,2
0,1,0,0,1
0,1,0,0,1
0,2,0,0,2
0,2,0,0,2
0,2,0,0,2
0,1,0,0,1
0,2,0,0,2
0,1,0,0,1
0,1,0,0,1
0,1,0,0,1
0,3,0,0,3
0,1,0,0,1
0,1,0,0,1
0,5,1,0,6
0,2,0,0,2
0,3,0,0,3
0,3,0,0,3
0,1,0,0,1
0,4,0,0,4
0,2,0,0,2
0,1,1,0,2
0,1,0,0,1
0,1,0,0,1
0,1,3,0,4
0,1,1,0,2
0,1,1,0,2
0,2,0,0,2
0,2,0,0,2
0,1,1,0,2
0,1,0,0,1
0,1,0,0,1
0,1,0,0,1
0,1,1,0,2
0,1,0,0,1
0,2,0,0,2
0,1,0,0,1
0,1,0,0,1
0,2,0,0,2
0,2,0,0,2
0,2,1,0,3
0,1,2,0,3
0,2,0,0,2
0,2,0,0,2
0,2,0,0,2
0,1,1,0,2
0,1,0,0,1
0,1,0,0,1
0,1,0,0,1
0,3,0,0,3
0,1,1,0,2
0,1,0,0,1
0,1,0,0,1
0,2,0,0,2
0,1,1,0,2
0,1,0,0,1
0,2,0,0,2
0,2,0,0,2
0,2,0,0,2
0,2,0,0,2
0,2,0,0,2
0,2,0,0,2
0,1,0,0,1
0,2,0,0,2
0,1,0,0,1
0,3,0,0,3
0,2,0,0,2
0,1,0,0,1
0,2,0,0,2
0,1,0,0,1
0,1,1,0,2
0,1,1,0,2
0,3,1,0,4
0,4,2,0,6
0,3,0,0,3
0,1,0,0,1
0,1,3,0,4
0,1,0,0,1
0,2,0,0,2
0,1,0,0,1
0,2,0,0,2
0,2,0,0,2
0,1,0,0,1
0,2,0,0,2
0,1,0,0,1
0,4,0,0,4
0,1,0,0,1
0,2,0,0,2
0,1,2,0,3
0,2,0,0,2
0,3,1,0,4
0,3,0,0,3
0,1,0,0,1
0,2,0,0,2
0,2,0,0,2
0,1,0,0,1
0,2,0,0,2
0,1,1,0,2
0,1,0,0,1
0,2,0,0,2
0,2,0,0,2
0,1,0,0,1
0,1,0,0,1
0,1,0,0,1
0,1,0,0,1
0,1,1,0,2
0,1,0,0,1
0,1,1,0,2
0,1,0,0,1
0,1,0,0,1
0,4,0,0,4
0,3,0,0,3
0,1,0,0,1
0,2,0,0,2
0,1,0,0,1
0,1,0,0,1
0,1,0,0,1
0,1,0,0,1
0,1,0,0,1
0,1,0,0,1
0,1,1,0,2
0,1,2,0,3
0,1,0,0,1
0,1,1,0,2
0,1,1,0,2
0,2,0,0,2
0,1,1,0,2
0,2,0,0,2
0,1,0,0,1
0,1,0,0,1
0,1,0,0,1
0,2,0,0,2
0,1,0,0,1
0,2,0,0,2
0,1,1,0,2
0,1,0,0,1
0,2,0,0,2
0,1,0,0,1
0,1,0,0,1
0,1,0,0,1
0,1,0,0,1
0,1,1,0,2
0,1,0,0,1
0,3,0,0,3
0,3,0,0,3
0,1,1,0,2
0,1,0,0,1
0,2,0,0,2
0,2,0,0,2
0,1,0,0,1
0,1,1,0,2
0,1,1,0,2
0,2,0,0,2
0,1,1,0,2
0,2,0,0,2
0,1,0,0,1
0,2,0,0,2
0,3,0,0,3
0,1,0,0,1
0,2,0,0,2
0,2,0,0,2
0,2,0,0,2
0,2,0,0,2
0,2,0,0,2
0,2,0,0,2
0,1,0,0,1
0,1,0,0,1
0,1,0,0,1
0,1,1,0,2
0,1,0,0,1
0,1,0,0,1
0,1,0,0,1
0,2,0,0,2
0,1,0,0,1
0,3,1,0,4
0,1,1,0,2
0,1,1,0,2
0,1,0,0,1
0,1,0,0,1
0,1,0,0,1
0,3,0,0,3
0,2,2,0,4
0,4,0,0,4
0,1,0,0,1
0,2,0,0,2
0,1,0,0,1
0,1,1,0,2
0,1,0,0,1
0,1,0,0,1
0,1,0,0,1
0,1,1,0,2
0,2,0,0,2
0,1,0,0,1
0,1,0,0,1
0,1,0,0,1
0,3,0,0,3
0,3,1,0,4
0,3,0,0,3
0,3,1,0,4
0,1,0,0,1
0,1,0,0,1
0,2,0,0,2
0,1,0,0,1
0,2,2,0,4
0,2,0,0,2
0,1,0,0,1
0,1,0,0,1
0,2,0,0,2
0,1,0,0,1
0,2,0,0,2
0,1,0,0,1
0,1,0,0,1
0,2,0,0,2
0,2,0,0,2
0,1,0,0,1
0,1,1,0,2
0,1,1,0,2
0,1,1,0,2
0,1,0,0,1
0,3,0,0,3
0,1,0,0,1
0,1,1,0,2
0,2,0,0,2
0,1,1,0,2
0,2,0,0,2
0,1,0,0,1
0,2,0,0,2
0,2,0,0,2
0,1,0,0,1
0,2,0,0,2
0,6,1,0,7
0,1,0,0,1
0,1,0,0,1
0,1,0,0,1
0,1,1,0,2
0,1,0,0,1
0,1,0,0,1
0,1,0,0,1
0,2,0,0,2
0,2,0,0,2
0,1,0,0,1
0,2,0,0,2
0,2,0,0,2
0,1,0,0,1
0,1,0,0,1
0,1,0,0,1
0,1,1,0,2
0,1,0,0,1
0,2,0,0,2
0,2,0,0,2
0,1,0,0,1
0,1,0,0,1
0,2,0,0,2
0,2,0,0,2
0,1,1,0,2
0,2,0,0,2
0,3,2,0,5
0,1,0,0,1
0,4,0,0,4
0,1,1,0,2
0,1,0,0,1
0,1,1,0,2
0,1,0,0,1
0,2,0,0,2
0,1,1,0,2
0,1,0,0,1
0,2,1,0,3
0,2,0,0,2
0,1,0,0,1
0,1,0,0,1
0,3,0,0,3
0,1,1,0,2
0,2,0,0,2
0,3,0,0,3
0,4,1,0,5
0,1,0,0,1
0,1,1,0,2
0,1,1,0,2
0,1,1,0,2
0,1,0,0,1
0,1,0,0,1
0,2,0,0,2
0,1,0,0,1
0,2,0,0,2
0,1,0,0,1
0,2,0,0,2
0,2,0,0,2
0,1,0,0,1
0,2,0,0,2
0,3,0,0,3
0,2,0,0,2
0,1,0,0,1
0,1,0,0,1
0,2,0,0,2
0,1,0,0,1
0,4,1,0,5
0,1,0,0,1
0,2,0,0,2
0,2,0,0,2
0,1,0,0,1
0,1,0,0,1
0,2,0,0,2
0,2,0,0,2
0,2,1,0,3
0,1,0,0,1
0,2,0,0,2
0,1,0,0,1
0,2,0,0,2
0,2,0,0,2
0,2,0,0,2
0,1,0,0,1
0,1,0,0,1
0,2,0,0,2
0,3,0,0,3
0,1,0,0,1
0,3,0,0,3
0,1,0,0,1
0,1,0,0,1
0,1,0,0,1
0,2,0,0,2
0,1,0,0,1
0,1,0,0,1
0,1,0,0,1
0,1,0,0,1
0,2,0,0,2
0,1,0,0,1
0,3,1,0,4
0,1,0,0,1
0,2,0,0,2
0,1,0,0,1
0,2,0,0,2
0,2,0,0,2
0,1,2,0,3
0,2,0,0,2
0,1,0,0,1
0,1,0,0,1
0,2,0,0,2
0,2,0,0,2
0,1,0,0,1
0,2,0,0,2
0,1,0,0,1
0,2,0,0,2
0,2,0,0,2
0,2,0,0,2
0,1,1,0,2
0,1,0,0,1
0,1,0,0,1
0,1,0,0,1
0,1,0,0,1
0,1,0,0,1
0,1,0,0,1
0,1,0,0,1
0,1,0,0,1
0,1,0,0,1
0,2,0,0,2
0,1,0,0,1
0,1,1,0,2
0,1,0,0,1
0,1,0,0,1
0,1,0,0,1
0,2,0,0,2
0,1,2,0,3
0,1,1,0,2
0,1,1,0,2
0,2,0,0,2
0,2,0,0,2
0,3,0,0,3
0,1,1,0,2
0,1,0,0,1
0,2,0,0,2
0,3,0,0,3
0,1,0,0,1
0,1,0,0,1
0,1,0,0,1
0,5,2,0,7
0,1,0,0,1
0,1,0,0,1
0,1,0,0,1
0,1,1,0,2
0,1,0,0,1
0,1,2,0,3
0,1,0,0,1
0,2,0,0,2
0,2,0,0,2
0,1,0,0,1
0,1,0,0,1
0,2,1,0,3
0,2,0,0,2
0,1,0,0,1
0,2,0,0,2
0,2,0,0,2
0,1,2,0,3
0,4,0,0,4
0,4,0,0,4
0,2,0,0,2
0,2,1,0,3
0,1,1,0,2
0,1,1,0,2
0,1,0,0,1
0,1,0,0,1
0,2,0,0,2
0,1,0,0,1
0,1,0,0,1
0,1,0,0,1
0,2,0,0,2
0,1,0,0,1
0,2,0,0,2
0,1,0,0,1
0,1,0,0,1
0,2,0,0,2
0,1,0,0,1
0,1,0,0,1
0,1,2,0,3
0,1,0,0,1
0,1,0,0,1
0,1,0,0,1
0,2,0,0,2
0,2,0,0,2
0,3,0,0,3
0,1,1,0,2
0,2,0,0,2
0,1,0,0,1
0,3,0,0,3
0,2,0,0,2
0,1,0,0,1
0,1,1,0,2
0,1,0,0,1
0,1,1,0,2
0,1,0,0,1
0,3,0,0,3
0,1,0,0,1
0,1,0,0,1
0,2,0,0,2
0,1,0,0,1
0,1,0,0,1
0,1,1,0,2
0,1,0,0,1
0,2,0,0,2
0,5,0,0,5
0,1,0,0,1
0,1,1,0,2
0,4,0,0,4
0,2,0,0,2
0,1,0,0,1
0,1,1,0,2
0,4,0,0,4
0,4,0,0,4
0,2,0,0,2
0,2,0,0,2
0,2,0,0,2
0,1,0,0,1
0,3,0,0,3
0,2,0,0,2
0,1,0,0,1
0,2,0,0,2
0,3,1,0,4
0,2,1,0,3
0,1,0,0,1
0,2,0,0,2
0,2,0,0,2
0,1,0,0,1
0,1,1,0,2
0,1,1,0,2
0,2,0,0,2
0,2,0,0,2
0,2,0,0,2
0,3,0,0,3
0,1,1,0,2
0,2,0,0,2
0,1,0,0,1
0,1,0,0,1
0,1,0,0,1
0,2,0,0,2
0,1,0,0,1
0,2,0,0,2
0,2,0,0,2
0,2,0,0,2
0,1,0,0,1
0,2,0,0,2
0,1,0,0,1
0,1,0,0,1
0,1,0,0,1
0,2,0,0,2
0,1,0,0,1
0,1,0,0,1
0,2,0,0,2
0,1,0,0,1
0,1,0,0,1
0,3,0,0,3
0,1,0,0,1
0,1,1,0,2
0,1,0,0,1
0,1,0,0,1
0,1,1,0,2
0,1,0,0,1
0,4,0,0,4
0,2,0,0,2
0,1,0,0,1
0,1,1,0,2
0,1,1,0,2
0,1,0,0,1
0,2,0,0,2
0,2,0,0,2
0,1,0,0,1
0,2,0,0,2
0,1,0,0,1
0,2,0,0,2
0,2,0,0,2
0,2,0,0,2
0,5,0,0,5
0,1,1,0,2
0,1,0,0,1
0,3,0,0,3
0,2,0,0,2
0,2,0,0,2
0,1,0,0,1
0,1,0,0,1
0,1,0,0,1
0,1,1,0,2
0,1,1,0,2
0,2,0,0,2
0,1,0,0,1
0,4,0,0,4
0,3,0,0,3
0,1,0,0,1
0,1,0,0,1
0,2,0,0,2
0,1,0,0,1
0,1,1,0,2
0,1,0,0,1
0,1,0,0,1
0,2,0,0,2
0,1,1,0,2
0,1,0,0,1
0,1,1,0,2
0,1,0,0,1
0,1,1,0,2
0,1,1,0,2
0,1,0,0,1
0,2,0,0,2
0,1,0,0,1
0,1,0,0,1
0,2,0,0,2
0,1,0,0,1
0,1,0,0,1
0,1,0,0,1
0,2,0,0,2
0,2,0,0,2
0,2,0,0,2
0,2,0,0,2
0,4,5,0,9
0,2,0,0,2
0,1,0,0,1
0,2,0,0,2
0,1,0,0,1
0,1,0,0,1
0,1,1,0,2
0,3,0,0,3
0,1,0,0,1
0,2,0,0,2
0,3,1,0,4
0,1,0,0,1
0,1,0,0,1
0,2,0,0,2
0,1,1,0,2
0,1,0,0,1
0,2,0,0,2
0,2,0,0,2
0,5,3,0,8
0,3,0,0,3
0,1,1,0,2
0,1,0,0,1
0,1,0,0,1
0,2,1,0,3
0,1,0,0,1
0,1,0,0,1
0,1,0,0,1
0,1,0,0,1
0,2,0,0,2
0,1,1,0,2
0,1,0,0,1
0,1,0,0,1
0,2,0,0,2
0,2,0,0,2
0,1,0,0,1
0,1,1,0,2
0,1,1,0,2
0,2,0,0,2
0,2,0,0,2
0,1,0,0,1
0,2,0,0,2
0,1,0,0,1
0,1,0,0,1
0,2,0,0,2
0,3,0,0,3
0,3,0,0,3
0,5,0,0,5
0,2,0,0,2
0,4,0,0,4
0,4,0,0,4
0,2,0,0,2
0,2,0,0,2
0,8,0,0,8
0,1,0,0,1
0,3,0,0,3
0,3,0,0,3
0,2,0,0,2
0,1,0,0,1
0,1,2,0,3
0,2,0,0,2
0,1,0,0,1
0,1,0,0,1
0,2,0,0,2
0,1,0,0,1
0,1,0,0,1
0,1,0,0,1
0,1,0,0,1
0,1,1,0,2
0,1,0,0,1
0,1,0,0,1
0,1,0,0,1
0,1,0,0,1
0,4,0,0,4
0,3,0,0,3
0,1,0,0,1
0,1,0,0,1
0,1,0,0,1
0,2,0,0,2
0,1,1,0,2
0,1,0,0,1
0,1,0,0,1
0,1,0,0,1
0,1,0,0,1
0,3,0,0,3
0,1,0,0,1
0,2,1,0,3
0,1,1,0,2
0,2,0,0,2
0,2,0,0,2
0,1,1,0,2
0,1,0,0,1
0,1,0,0,1
0,2,0,0,2
0,1,0,0,1
0,1,0,0,1
0,1,0,0,1
0,2,0,0,2
0,3,0,0,3
0,3,0,0,3
0,1,0,0,1
0,2,0,0,2
0,2,0,0,2
0,2,0,0,2
0,2,0,0,2
0,2,0,0,2
0,1,0,0,1
0,1,0,0,1
0,1,0,0,1
0,2,0,0,2
0,1,0,0,1
0,3,0,0,3
0,1,0,0,1
0,2,0,0,2
0,1,0,0,1
0,2,0,0,2
0,1,0,0,1
0,8,0,0,8
0,1,0,0,1
0,1,0,0,1
0,2,0,0,2
0,1,0,0,1
0,2,0,0,2
0,1,0,0,1
0,2,0,0,2
0,1,0,0,1
0,1,0,0,1
0,1,0,0,1
0,3,0,0,3
0,2,0,0,2
0,4,0,0,4
0,2,0,0,2
0,2,1,0,3
0,1,0,0,1
0,1,0,0,1
0,1,0,0,1
0,1,0,0,1
0,1,0,0,1
0,1,0,0,1
0,2,0,0,2
0,1,0,0,1
0,2,0,0,2
0,3,0,0,3
0,1,0,0,1
0,3,0,0,3
0,1,0,0,1
0,1,0,0,1
0,2,0,0,2
0,1,0,0,1
0,1,0,0,1
0,2,0,0,2
0,2,0,0,2
0,3,0,0,3
0,1,0,0,1
0,1,0,0,1
0,3,0,0,3
0,2,0,0,2
0,1,0,0,1
0,2,0,0,2
0,2,0,0,2
0,1,2,0,3
0,2,0,0,2
0,1,0,0,1
0,1,0,0,1
0,1,1,0,2
0,1,0,0,1
0,1,0,0,1
0,1,0,0,1
0,1,1,0,2
0,1,0,0,1
0,2,0,0,2
0,1,0,0,1
0,1,2,0,3
0,1,1,0,2
0,2,0,0,2
0,2,0,0,2
0,1,0,0,1
0,1,0,0,1
0,2,0,0,2
0,2,0,0,2
0,2,0,0,2
0,1,0,0,1
0,1,0,0,1
0,2,0,0,2
0,1,0,0,1
0,1,0,0,1
0,1,0,0,1
0,1,0,0,1
0,4,0,0,4
0,2,0,0,2
0,2,0,0,2
0,2,0,0,2
0,1,0,0,1
0,2,0,0,2
0,1,1,0,2
0,1,0,0,1
0,1,0,0,1
0,1,0,0,1
0,2,0,0,2
0,2,0,0,2
0,1,0,0,1
0,2,0,0,2
0,2,0,0,2
0,2,0,0,2
0,2,0,0,2
0,2,0,0,2
0,1,0,0,1
0,1,1,0,2
0,2,0,0,2
0,1,0,0,1
0,2,0,0,2
0,1,0,0,1
0,1,0,0,1
0,1,0,0,1
0,1,0,0,1
0,1,0,0,1
0,2,0,0,2
0,1,0,0,1
0,3,1,0,4
0,1,0,0,1
0,2,1,0,3
0,4,0,0,4
0,1,0,0,1
0,1,1,0,2
0,1,0,0,1
0,2,0,0,2
0,3,0,0,3
0,1,0,0,1
0,1,0,0,1
0,1,0,0,1
0,1,0,0,1
0,2,0,0,2
0,2,0,0,2
0,1,0,0,1
0,3,0,0,3
0,1,1,0,2
0,2,0,0,2
0,2,0,0,2
0,2,0,0,2
0,2,0,0,2
0,1,0,0,1
0,1,1,0,2
0,1,0,0,1
0,2,0,0,2
0,1,1,0,2
0,2,0,0,2
0,2,0,0,2
0,2,0,0,2
0,1,1,0,2
0,1,1,0,2
0,1,0,0,1
0,1,1,0,2
0,1,0,0,1
0,1,1,0,2
0,2,0,0,2
0,1,1,0,2
0,1,0,0,1
0,1,2,0,3
0,1,0,0,1
0,2,0,0,2
0,3,0,0,3
0,1,0,0,1
0,1,0,0,1
0,1,2,0,3
0,1,0,0,1
0,2,1,0,3
0,1,0,0,1
0,2,2,0,4
0,2,0,0,2
0,1,0,0,1
0,2,0,0,2
0,1,0,0,1
0,1,0,0,1
0,1,0,0,1
0,2,0,0,2
0,1,0,0,1
0,3,0,0,3
0,1,1,0,2
0,1,0,0,1
0,1,1,0,2
0,1,0,0,1
0,4,0,0,4
0,4,0,0,4
0,3,0,0,3
0,2,0,0,2
0,2,0,0,2
0,1,0,0,1
0,1,0,0,1
0,1,1,0,2
0,3,1,0,4
0,3,0,0,3
0,1,0,0,1
0,1,0,0,1
0,1,1,0,2
0,2,0,0,2
0,2,0,0,2
0,2,0,0,2
0,2,0,0,2
0,2,0,0,2
0,1,0,0,1
0,2,0,0,2
0,1,1,0,2
0,1,2,0,3
0,2,0,0,2
0,1,1,0,2
0,2,0,0,2
0,3,0,0,3
0,3,1,0,4
0,1,0,0,1
0,1,0,0,1
0,1,1,0,2
0,1,0,0,1
0,1,0,0,1
0,1,0,0,1
0,1,0,0,1
0,1,0,0,1
0,2,0,0,2
0,3,0,0,3
0,1,2,0,3
0,1,0,0,1
0,2,0,0,2
0,2,0,0,2
0,1,1,0,2
0,2,0,0,2
0,2,0,0,2
0,3,0,0,3
0,1,0,0,1
0,3,0,0,3
0,2,0,0,2
0,3,0,0,3
0,3,0,0,3
0,1,1,0,2
0,3,0,0,3
0,1,1,0,2
0,2,0,0,2
0,2,0,0,2
0,1,0,0,1
0,1,0,0,1
0,1,1,0,2
0,1,2,0,3
0,2,0,0,2
0,1,0,0,1
0,1,0,0,1
0,4,0,0,4
0,3,0,0,3
0,3,0,0,3
0,1,0,0,1
0,1,0,0,1
0,1,0,0,1
0,2,0,0,2
0,2,2,0,4
0,1,1,0,2
0,1,0,0,1
0,1,0,0,1
0,2,0,0,2
0,1,0,0,1
0,3,0,0,3
0,1,0,0,1
0,1,0,0,1
0,4,0,0,4
0,2,1,0,3
0,2,1,0,3
0,2,0,0,2
0,2,1,0,3
0,1,0,0,1
0,1,1,0,2
0,1,0,0,1
0,3,0,0,3
0,3,0,0,3
0,1,1,0,2
0,3,0,0,3
0,1,0,0,1
0,1,0,0,1
0,1,0,0,1
0,3,0,0,3
0,2,0,0,2
0,2,0,0,2
0,2,0,0,2
0,2,0,0,2
0,1,0,0,1
0,1,1,0,2
0,1,0,0,1
0,1,0,0,1
0,2,0,0,2
0,1,0,0,1
0,3,0,0,3
0,1,0,0,1
0,3,0,0,3
0,1,0,0,1
0,1,1,0,2
0,1,0,0,1
0,2,0,0,2
0,1,1,0,2
0,3,1,0,4
0,3,1,0,4
0,1,0,0,1
0,1,0,0,1
0,1,0,0,1
0,2,0,0,2
0,2,0,0,2
0,1,0,0,1
0,1,0,0,1
0,1,1,0,2
0,1,0,0,1
0,2,0,0,2
0,2,0,0,2
0,1,1,0,2
0,1,0,0,1
0,3,0,0,3
0,1,0,0,1
0,4,1,0,5
0,3,1,0,4
0,2,0,0,2
0,2,0,0,2
0,1,0,0,1
0,1,0,0,1
0,2,0,0,2
0,2,0,0,2
0,2,0,0,2
0,1,0,0,1
0,1,0,0,1
0,2,0,0,2
0,2,0,0,2
0,1,0,0,1
0,1,0,0,1
0,2,0,0,2
0,2,0,0,2
0,2,0,0,2
0,1,0,0,1
0,2,0,0,2
0,1,1,0,2
0,1,1,0,2
0,1,0,0,1
0,1,0,0,1
0,2,0,0,2
0,2,0,0,2
0,2,0,0,2
0,1,1,0,2
0,1,0,0,1
0,2,0,0,2
0,2,1,0,3
0,1,0,0,1
0,1,0,0,1
0,1,0,0,1
0,3,1,0,4
0,1,0,0,1
0,1,1,0,2
0,1,0,0,1
0,2,0,0,2
0,3,0,0,3
0,3,0,0,3
0,1,0,0,1
0,1,0,0,1
0,2,0,0,2
0,2,0,0,2
0,2,0,0,2
0,1,1,0,2
0,1,0,0,1
0,1,0,0,1
0,1,0,0,1
0,1,0,0,1
0,1,0,0,1
0,2,0,0,2
0,1,0,0,1
0,1,0,0,1
0,2,0,0,2
0,1,0,0,1
0,2,0,0,2
0,1,0,0,1
0,1,0,0,1
0,2,0,0,2
0,1,0,0,1
0,3,0,0,3
0,2,0,0,2
0,2,0,0,2
0,2,0,0,2
0,2,0,0,2
0,5,0,0,5
0,2,0,0,2
0,2,0,0,2
0,1,1,0,2
0,1,0,0,1
0,3,0,0,3
0,2,0,0,2
0,1,0,0,1
0,1,1,0,2
0,1,0,0,1
0,1,0,0,1
0,2,1,0,3
0,2,0,0,2
0,1,0,0,1
0,1,2,0,3
0,1,0,0,1
0,2,0,0,2
0,1,1,0,2
0,1,0,0,1
0,2,0,0,2
0,4,0,0,4
0,1,1,0,2
0,1,0,0,1
0,1,0,0,1
0,1,0,0,1
0,1,0,0,1
0,1,0,0,1
0,2,0,0,2
0,3,1,0,4
0,2,0,0,2
0,2,0,0,2
0,1,0,0,1
0,2,1,0,3
0,1,0,0,1
0,2,0,0,2
0,1,0,0,1
0,1,0,0,1
0,2,0,0,2
0,1,0,0,1
0,2,0,0,2
0,2,0,0,2
0,2,1,0,3
0,2,0,0,2
0,1,1,0,2
0,1,0,0,1
0,2,0,0,2
0,1,0,0,1
0,1,0,0,1
0,3,0,0,3
0,2,0,0,2
0,1,0,0,1
0,1,0,0,1
0,2,0,0,2
0,1,2,0,3
0,2,0,0,2
0,2,0,0,2
0,2,0,0,2
0,2,0,0,2
0,1,0,0,1
0,1,0,0,1
0,2,0,0,2
0,2,1,0,3
0,2,0,0,2
0,1,0,0,1
0,4,0,0,4
0,3,0,0,3
0,3,0,0,3
0,2,0,0,2
0,1,0,0,1
0,1,0,0,1
0,1,0,0,1
0,1,0,0,1
0,1,0,0,1
0,1,0,0,1
0,1,2,0,3
0,1,1,0,2
0,2,0,0,2
0,1,0,0,1
0,2,0,0,2
0,2,0,0,2
0,1,1,0,2
0,2,0,0,2
0,2,0,0,2
0,1,0,0,1
0,1,1,0,2
0,1,0,0,1
0,2,0,0,2
0,2,0,0,2
0,1,1,0,2
0,1,0,0,1
0,2,0,0,2
0,2,0,0,2
0,2,0,0,2
0,1,0,0,1
0,2,0,0,2
0,1,0,0,1
0,2,0,0,2
0,2,0,0,2
0,2,0,0,2
0,2,0,0,2
0,2,0,0,2
0,2,0,0,2
0,3,0,0,3
0,1,0,0,1
0,1,0,0,1
0,3,0,0,3
0,2,0,0,2
0,2,0,0,2
0,2,0,0,2
0,1,0,0,1
0,4,0,0,4
0,1,3,0,4
0,2,1,0,3
0,2,0,0,2
0,2,0,0,2
0,1,0,0,1
0,1,0,0,1
0,2,0,0,2
0,1,0,0,1
0,2,0,0,2
0,1,0,0,1
0,1,0,0,1
0,2,0,0,2
0,1,0,0,1
0,4,0,0,4
0,1,0,0,1
0,2,0,0,2
0,1,0,0,1
0,4,0,0,4
0,1,1,0,2
0,2,0,0,2
0,2,0,0,2
0,1,0,0,1
0,1,0,0,1
0,1,0,0,1
0,1,0,0,1
0,1,0,0,1
0,2,0,0,2
0,3,0,0,3
0,3,0,0,3
0,1,0,0,1
0,2,0,0,2
0,2,0,0,2
0,1,0,0,1
0,1,1,0,2
0,2,0,0,2
0,3,0,0,3
0,3,0,0,3
0,1,1,0,2
0,2,0,0,2
0,1,0,0,1
0,3,0,0,3
0,2,0,0,2
0,1,0,0,1
0,1,0,0,1
0,2,0,0,2
0,1,1,0,2
0,1,0,0,1
0,1,0,0,1
0,1,0,0,1
0,2,0,0,2
0,2,0,0,2
0,2,0,0,2
0,2,0,0,2
0,3,0,0,3
0,1,0,0,1
0,1,0,0,1
0,2,0,0,2
0,2,0,0,2
0,3,0,0,3
0,1,0,0,1
0,2,0,0,2
0,1,0,0,1
0,2,0,0,2
0,1,0,0,1
0,1,0,0,1
0,2,4,0,6
0,1,2,0,3
0,2,0,0,2
0,3,1,0,4
0,3,0,0,3
0,2,0,0,2
0,1,0,0,1
0,1,0,0,1
0,3,0,0,3
0,2,0,0,2
0,2,0,0,2
0,5,0,0,5
0,1,0,0,1
0,1,1,0,2
0,2,0,0,2
0,3,0,0,3
0,2,0,0,2
0,2,0,0,2
0,2,0,0,2
0,1,0,0,1
0,2,0,0,2
0,1,0,0,1
0,2,0,0,2
0,2,0,0,2
0,1,0,0,1
0,1,0,0,1
0,1,1,0,2
0,1,0,0,1
0,1,1,0,2
0,1,0,0,1
0,1,0,0,1
0,2,0,0,2
0,1,0,0,1
0,2,0,0,2
0,2,0,0,2
0,1,0,0,1
0,2,0,0,2
0,1,0,0,1
0,3,0,0,3
0,2,0,0,2
0,2,0,0,2
0,1,1,0,2
0,1,0,0,1
0,3,0,0,3
0,1,0,0,1
0,2,0,0,2
0,2,0,0,2
0,1,0,0,1
0,1,0,0,1
0,2,0,0,2
0,1,0,0,1
0,3,7,0,10
0,1,0,0,1
0,1,1,0,2
0,1,0,0,1
0,2,0,0,2
0,2,0,0,2
0,2,1,0,3
0,2,0,0,2
0,1,0,0,1
0,1,1,0,2
0,1,0,0,1
0,2,1,0,3
0,2,0,0,2
0,1,0,0,1
0,1,0,0,1
0,1,0,0,1
0,1,0,0,1
0,1,0,0,1
0,2,0,0,2
0,3,0,0,3
0,3,0,0,3
0,1,0,0,1
0,1,0,0,1
0,1,0,0,1
0,2,0,0,2
0,2,0,0,2
0,2,0,0,2
0,2,1,0,3
0,2,0,0,2
0,2,0,0,2
0,2,0,0,2
0,4,0,0,4
0,1,0,0,1
0,1,0,0,1
0,2,0,0,2
0,2,0,0,2
0,2,0,0,2
0,1,0,0,1
0,1,0,0,1
0,3,1,0,4
0,3,0,0,3
0,1,0,0,1
0,1,0,0,1
0,2,0,0,2
0,1,1,0,2
0,1,1,0,2
0,1,0,0,1
0,2,0,0,2
0,2,0,0,2
0,1,1,0,2
0,1,0,0,1
0,1,0,0,1
0,1,0,0,1
0,4,0,0,4
0,1,1,0,2
0,1,0,0,1
0,2,0,0,2
0,2,0,0,2
0,2,0,0,2
0,1,0,0,1
0,3,0,0,3
0,1,0,0,1
0,1,1,0,2
0,1,0,0,1
0,1,0,0,1
0,2,0,0,2
0,1,0,0,1
0,3,1,0,4
0,1,1,0,2
0,1,0,0,1
0,2,0,0,2
0,1,0,0,1
0,1,0,0,1
0,3,0,0,3
0,2,0,0,2
0,1,1,0,2
0,1,0,0,1
0,2,0,0,2
0,2,0,0,2
0,1,0,0,1
0,2,5,0,7
0,2,0,0,2
0,1,0,0,1
0,2,0,0,2
0,3,0,0,3
0,3,0,0,3
0,2,0,0,2
0,2,0,0,2
0,1,0,0,1
0,3,0,0,3
0,1,0,0,1
0,2,0,0,2
0,1,1,0,2
0,1,0,0,1
0,2,0,0,2
0,2,0,0,2
0,1,13,0,14
0,1,1,0,2
0,1,0,0,1
0,1,0,0,1
0,2,0,0,2
0,1,0,0,1
0,1,0,0,1
0,1,0,0,1
0,5,0,0,5
0,1,0,0,1
0,2,0,0,2
0,1,0,0,1
0,1,0,0,1
0,2,1,0,3
0,2,0,0,2
0,2,0,0,2
0,1,0,0,1
0,1,0,0,1
0,1,1,0,2
0,1,1,0,2
0,2,0,0,2
0,2,0,0,2
0,1,0,0,1
0,1,0,0,1
0,2,0,0,2
0,2,0,0,2
0,2,0,0,2
0,1,1,0,2
0,1,0,0,1
0,1,0,0,1
0,3,0,0,3
0,3,0,0,3
0,1,1,0,2
0,1,0,0,1
0,1,0,0,1
0,2,0,0,2
0,2,0,0,2
0,1,0,0,1
0,1,0,0,1
0,1,0,0,1
0,2,2,0,4
0,1,0,0,1
0,1,0,0,1
0,1,0,0,1
0,2,0,0,2
0,1,0,0,1
0,1,0,0,1
0,1,2,0,3
0,1,1,0,2
0,1,0,0,1
0,1,0,0,1
0,1,0,0,1
0,1,1,0,2
0,1,0,0,1
0,1,2,0,3
0,1,2,0,3
0,1,1,0,2
0,1,0,0,1
0,2,0,0,2
0,2,0,0,2
0,2,0,0,2
0,2,0,0,2
0,1,0,0,1
0,1,0,0,1
0,1,1,0,2
0,1,0,0,1
0,1,0,0,1
0,2,0,0,2
0,1,0,0,1
0,2,0,0,2
0,2,0,0,2
0,1,0,0,1
0,1,0,0,1
0,1,0,0,1
0,3,1,0,4
0,1,0,0,1
0,1,0,0,1
0,1,1,0,2
0,2,0,0,2
0,2,0,0,2
0,1,0,0,1
0,2,0,0,2
0,1,0,0,1
0,1,0,0,1
0,1,0,0,1
0,1,0,0,1
0,1,0,0,1
0,1,1,0,2
0,1,0,0,1
0,1,0,0,1
0,2,0,0,2
0,1,0,0,1
0,1,0,0,1
0,1,0,0,1
0,2,0,0,2
0,1,0,0,1
0,2,0,0,2
0,1,0,0,1
0,2,0,0,2
0,2,0,0,2
0,2,0,0,2
0,2,0,0,2
0,2,0,0,2
0,1,0,0,1
0,1,0,0,1
0,1,1,0,2
0,1,1,0,2
0,1,0,0,1
0,2,0,0,2
0,2,0,0,2
0,1,0,0,1
0,2,0,0,2
0,1,0,0,1
0,2,0,0,2
0,3,0,0,3
0,3,0,0,3
0,1,1,0,2
0,1,0,0,1
0,2,1,0,3
0,1,0,0,1
0,1,0,0,1
0,3,0,0,3
0,1,0,0,1
0,1,0,0,1
0,2,0,0,2
0,1,0,0,1
0,3,0,0,3
0,1,1,0,2
0,1,1,0,2
0,1,0,0,1
0,1,0,0,1
0,2,0,0,2
0,4,0,0,4
0,1,0,0,1
0,1,0,0,1
0,2,0,0,2
0,2,0,0,2
0,2,0,0,2
0,1,0,0,1
0,1,0,0,1
0,1,0,0,1
0,2,0,0,2
0,3,0,0,3
0,1,0,0,1
0,2,0,0,2
0,1,0,0,1
0,1,2,0,3
0,2,0,0,2
0,1,0,0,1
0,2,0,0,2
0,3,1,0,4
0,1,1,0,2
0,1,1,0,2
0,1,0,0,1
0,1,0,0,1
0,1,0,0,1
0,1,0,0,1
0,2,0,0,2
0,2,0,0,2
0,3,0,0,3
0,2,0,0,2
0,2,0,0,2
0,6,0,0,6
0,1,0,0,1
0,2,0,0,2
0,1,0,0,1
0,1,1,0,2
0,1,1,0,2
0,1,0,0,1
0,1,0,0,1
0,2,0,0,2
0,1,0,0,1
0,1,1,0,2
0,1,0,0,1
0,1,1,0,2
0,1,0,0,1
0,1,0,0,1
0,1,1,0,2
0,1,0,0,1
0,1,0,0,1
0,3,0,0,3
0,2,1,0,3
0,1,1,0,2
0,2,0,0,2
0,1,0,0,1
0,1,1,0,2
0,2,0,0,2
0,1,0,0,1
0,1,0,0,1
0,1,0,0,1
0,1,0,0,1
0,2,0,0,2
0,2,0,0,2
0,1,1,0,2
0,3,0,0,3
0,1,0,0,1
0,1,0,0,1
0,1,0,0,1
0,1,0,0,1
0,1,0,0,1
0,2,0,0,2
0,2,0,0,2
0,2,0,0,2
0,2,0,0,2
0,2,0,0,2
0,1,0,0,1
0,2,0,0,2
0,1,0,0,1
0,1,1,0,2
0,2,0,0,2
0,1,0,0,1
0,1,0,0,1
0,1,0,0,1
0,1,0,0,1
0,1,0,0,1
0,1,0,0,1
0,1,8,0,9
0,2,0,0,2
0,2,0,0,2
0,2,0,0,2
0,1,0,0,1
0,1,0,0,1
0,1,0,0,1
0,1,0,0,1
0,2,0,0,2
0,2,0,0,2
0,2,0,0,2
0,1,0,0,1
0,1,0,0,1
0,1,1,0,2
0,1,1,0,2
0,1,1,0,2
0,1,0,0,1
0,1,0,0,1
0,1,0,0,1
0,1,0,0,1
0,1,0,0,1
0,1,0,0,1
0,1,0,0,1
0,2,0,0,2
0,1,1,0,2
0,1,0,0,1
0,1,0,0,1
0,1,0,0,1
0,1,0,0,1
0,1,0,0,1
0,1,0,0,1
0,2,0,0,2
0,2,0,0,2
0,2,0,0,2
0,2,0,0,2
0,1,0,0,1
0,1,0,0,1
0,1,0,0,1
0,2,1,0,3
0,1,0,0,1
0,3,0,0,3
0,3,0,0,3
0,1,0,0,1
0,1,0,0,1
0,3,0,0,3
0,1,1,0,2
0,1,0,0,1
0,1,0,0,1
0,1,0,0,1
0,1,1,0,2
0,1,0,0,1
0,2,0,0,2
0,1,0,0,1
0,1,0,0,1
0,1,1,0,2
0,1,0,0,1
0,1,0,0,1
0,1,0,0,1
0,1,0,0,1
0,1,0,0,1
0,1,0,0,1
0,1,0,0,1
0,2,1,0,3
0,1,0,0,1
0,1,0,0,1
0,2,0,0,2
0,2,0,0,2
0,2,0,0,2
0,1,0,0,1
0,2,0,0,2
0,1,0,0,1
0,2,0,0,2
0,2,0,0,2
0,2,0,0,2
0,1,1,0,2
0,1,0,0,1
0,2,0,0,2
0,2,0,0,2
0,2,0,0,2
0,1,0,0,1
0,1,0,0,1
0,1,0,0,1
0,1,0,0,1
0,2,0,0,2
0,1,1,0,2
0,2,0,0,2
0,2,0,0,2
0,1,0,0,1
0,1,0,0,1
0,2,0,0,2
0,1,0,0,1
0,1,0,0,1
0,3,0,0,3
0,3,0,0,3
0,3,0,0,3
0,2,0,0,2
0,1,1,0,2
0,2,0,0,2
0,2,0,0,2
0,1,0,0,1
0,2,0,0,2
0,1,0,0,1
0,4,0,0,4
0,4,0,0,4
0,2,1,0,3
0,2,0,0,2
0,2,0,0,2
0,3,0,0,3
0,3,0,0,3
0,2,0,0,2
0,1,1,0,2
0,2,0,0,2
0,1,1,0,2
0,1,0,0,1
0,1,2,0,3
0,2,1,0,3
0,1,0,0,1
0,2,0,0,2
0,1,1,0,2
0,1,1,0,2
0,1,0,0,1
0,1,0,0,1
0,2,0,0,2
0,3,0,0,3
0,1,0,0,1
0,1,0,0,1
0,2,0,0,2
0,2,0,0,2
0,1,0,0,1
0,3,0,0,3
0,3,0,0,3
0,1,0,0,1
0,1,0,0,1
0,1,0,0,1
0,1,0,0,1
0,1,1,0,2
0,2,0,0,2
0,1,0,0,1
0,2,0,0,2
0,1,0,0,1
0,1,0,0,1
0,1,0,0,1
0,1,1,0,2
0,1,0,0,1
0,2,0,0,2
0,1,1,0,2
0,1,0,0,1
0,1,1,0,2
0,2,0,0,2
0,1,1,0,2
0,1,0,0,1
0,1,1,0,2
0,1,0,0,1
0,2,0,0,2
0,1,0,0,1
0,2,0,0,2
0,2,0,0,2
0,1,0,0,1
0,1,0,0,1
0,1,1,0,2
0,1,2,0,3
0,1,0,0,1
0,1,0,0,1
0,2,0,0,2
0,1,2,0,3
0,2,0,0,2
0,1,0,0,1
0,1,1,0,2
0,1,1,0,2
0,1,0,0,1
0,2,0,0,2
0,2,0,0,2
0,2,0,0,2
0,2,0,0,2
0,1,0,0,1
0,2,0,0,2
0,4,0,0,4
0,1,0,0,1
0,1,0,0,1
0,2,0,0,2
0,1,0,0,1
0,1,0,0,1
0,1,2,0,3
0,1,0,0,1
0,1,0,0,1
0,2,0,0,2
0,1,0,0,1
0,1,0,0,1
0,2,0,0,2
0,2,0,0,2
0,1,0,0,1
0,1,1,0,2
0,2,0,0,2
0,1,1,0,2
0,1,0,0,1
0,1,0,0,1
0,1,0,0,1
0,1,0,0,1
0,2,0,0,2
0,1,0,0,1
0,2,0,0,2
0,1,0,0,1
0,2,0,0,2
0,4,0,0,4
0,1,0,0,1
0,1,1,0,2
0,1,0,0,1
0,2,2,0,4
0,3,1,0,4
0,3,0,0,3
0,1,1,0,2
0,1,0,0,1
0,1,1,0,2
0,2,0,0,2
0,1,0,0,1
0,1,0,0,1
0,1,0,0,1
0,2,0,0,2
0,5,0,0,5
0,2,0,0,2
0,2,0,0,2
0,2,0,0,2
0,2,0,0,2
0,1,1,0,2
0,1,0,0,1
0,1,0,0,1
0,3,0,0,3
0,1,0,0,1
0,1,0,0,1
0,2,0,0,2
0,1,0,0,1
0,2,0,0,2
0,2,0,0,2
0,1,0,0,1
0,1,1,0,2
0,4,0,0,4
0,4,0,0,4
0,2,0,0,2
0,2,0,0,2
0,1,0,0,1
0,1,0,0,1
0,1,0,0,1
0,1,0,0,1
0,2,0,0,2
0,3,1,0,4
0,1,0,0,1
0,1,0,0,1
0,2,0,0,2
0,2,0,0,2
0,1,0,0,1
0,1,0,0,1
0,3,4,0,7
0,1,0,0,1
0,1,1,0,2
0,2,0,0,2
0,1,0,0,1
0,1,1,0,2
0,2,0,0,2
0,2,0,0,2
0,1,1,0,2
0,1,0,0,1
0,1,1,0,2
0,1,0,0,1
0,1,0,0,1
0,1,1,0,2
0,1,0,0,1
0,2,0,0,2
0,2,0,0,2
0,4,0,0,4
0,1,0,0,1
0,2,0,0,2
0,1,0,0,1
0,1,1,0,2
0,1,0,0,1
0,2,0,0,2
0,1,1,0,2
0,2,1,0,3
0,1,0,0,1
0,1,0,0,1
0,2,0,0,2
0,2,0,0,2
0,1,0,0,1
0,1,0,0,1
0,2,0,0,2
0,2,0,0,2
0,1,0,0,1
0,1,0,0,1
0,1,0,0,1
0,1,1,0,2
0,1,0,0,1
0,4,1,0,5
0,3,0,0,3
0,1,1,0,2
0,2,0,0,2
0,1,1,0,2
0,1,0,0,1
0,1,0,0,1
0,2,1,0,3
0,1,0,0,1
0,2,0,0,2
0,2,0,0,2
0,1,0,0,1
0,2,0,0,2
0,1,1,0,2
0,1,0,0,1
0,2,0,0,2
0,1,1,0,2
0,1,0,0,1
0,1,1,0,2
0,1,0,0,1
0,1,0,0,1
0,2,0,0,2
0,2,0,0,2
0,2,0,0,2
0,1,0,0,1
0,2,0,0,2
0,2,0,0,2
0,2,1,0,3
0,1,2,0,3
0,3,2,0,5
0,2,0,0,2
0,1,0,0,1
0,2,0,0,2
0,2,0,0,2
0,2,0,0,2
0,1,0,0,1
0,2,0,0,2
0,2,0,0,2
0,1,3,0,4
0,2,0,0,2
0,2,0,0,2
0,2,0,0,2
0,1,0,0,1
0,1,1,0,2
0,1,0,0,1
0,2,0,0,2
0,2,0,0,2
0,1,1,0,2
0,2,0,0,2
0,3,0,0,3
0,2,0,0,2
0,1,0,0,1
0,1,0,0,1
0,1,0,0,1
0,1,1,0,2
0,1,0,0,1
0,1,0,0,1
0,2,0,0,2
0,1,0,0,1
0,1,0,0,1
0,2,0,0,2
0,1,0,0,1
0,1,0,0,1
0,1,0,0,1
0,2,0,0,2
0,2,0,0,2
0,2,0,0,2
0,1,0,0,1
0,1,0,0,1
0,2,0,0,2
0,2,0,0,2
0,2,0,0,2
0,3,0,0,3
0,3,0,0,3
0,1,0,0,1
0,2,0,0,2
0,2,0,0,2
0,2,0,0,2
0,1,0,0,1
0,1,1,0,2
0,1,1,0,2
0,1,0,0,1
0,1,0,0,1
0,2,0,0,2
0,2,0,0,2
0,1,0,0,1
0,1,0,0,1
0,1,0,0,1
0,1,0,0,1
0,1,0,0,1
0,2,0,0,2
0,1,0,0,1
0,1,0,0,1
0,1,0,0,1
0,3,0,0,3
0,1,0,0,1
0,1,0,0,1
0,2,0,0,2
0,2,0,0,2
0,2,0,0,2
0,1,0,0,1
0,2,0,0,2
0,2,0,0,2
0,2,0,0,2
0,1,0,0,1
0,1,0,0,1
0,1,0,0,1
0,3,0,0,3
0,1,0,0,1
0,1,0,0,1
0,2,0,0,2
0,1,1,0,2
0,1,0,0,1
0,2,0,0,2
0,1,1,0,2
0,1,0,0,1
0,1,0,0,1
0,1,0,0,1
0,1,0,0,1
0,1,1,0,2
0,2,1,0,3
0,1,0,0,1
0,1,0,0,1
0,1,0,0,1
0,1,0,0,1
0,1,1,0,2
0,2,0,0,2
0,1,0,0,1
0,1,0,0,1
0,1,0,0,1
0,2,0,0,2
0,2,0,0,2
0,1,0,0,1
0,3,0,0,3
0,1,1,0,2
0,2,0,0,2
0,1,0,0,1
0,2,0,0,2
0,2,0,0,2
0,1,0,0,1
0,1,0,0,1
0,1,0,0,1
0,1,1,0,2
0,1,1,0,2
0,1,0,0,1
0,2,0,0,2
0,1,0,0,1
0,1,0,0,1
0,1,0,0,1
0,1,0,0,1
0,2,0,0,2
0,2,0,0,2
0,1,0,0,1
0,1,0,0,1
0,1,0,0,1
0,2,0,0,2
0,1,0,0,1
0,1,1,0,2
0,1,0,0,1
0,1,0,0,1
0,1,0,0,1
0,1,0,0,1
0,3,1,0,4
0,1,0,0,1
0,2,0,0,2
0,2,0,0,2
0,1,0,0,1
0,2,0,0,2
0,1,1,0,2
0,1,0,0,1
0,1,0,0,1
0,1,0,0,1
0,2,0,0,2
0,2,0,0,2
0,1,0,0,1
0,1,0,0,1
0,2,0,0,2
0,1,0,0,1
0,2,0,0,2
0,2,0,0,2
0,1,0,0,1
0,1,1,0,2
0,1,1,0,2
0,1,0,0,1
0,1,0,0,1
0,3,0,0,3
0,1,0,0,1
0,2,0,0,2
0,1,0,0,1
0,1,0,0,1
0,1,0,0,1
0,2,0,0,2
0,2,0,0,2
0,3,0,0,3
0,2,0,0,2
0,1,0,0,1
0,2,0,0,2
0,2,0,0,2
0,2,0,0,2
0,2,0,0,2
0,2,0,0,2
0,2,5,0,7
0,2,1,0,3
0,2,0,0,2
0,2,0,0,2
0,1,2,0,3
0,2,0,0,2
0,2,0,0,2
0,1,0,0,1
0,1,0,0,1
0,1,0,0,1
0,1,0,0,1
0,1,1,0,2
0,3,0,0,3
0,2,0,0,2
0,1,0,0,1
0,1,0,0,1
0,1,0,0,1
0,1,0,0,1
0,2,0,0,2
0,1,1,0,2
0,1,0,0,1
0,1,0,0,1
0,2,0,0,2
0,1,0,0,1
0,2,0,0,2
0,2,0,0,2
0,2,0,0,2
0,1,0,0,1
0,1,0,0,1
0,1,0,0,1
0,1,0,0,1
0,1,0,0,1
0,1,0,0,1
0,1,0,0,1
0,1,0,0,1
0,2,1,0,3
0,1,0,0,1
0,1,0,0,1
0,1,2,0,3
0,3,0,0,3
0,1,1,0,2
0,1,0,0,1
0,1,0,0,1
0,3,0,0,3
0,1,1,0,2
0,3,0,0,3
0,2,0,0,2
0,2,0,0,2
0,1,0,0,1
0,1,1,0,2
0,1,1,0,2
0,1,1,0,2
0,2,0,0,2
0,2,0,0,2
0,2,0,0,2
0,1,1,0,2
0,2,0,0,2
0,1,0,0,1
0,4,0,0,4
0,1,0,0,1
0,2,0,0,2
0,2,1,0,3
0,1,0,0,1
0,2,0,0,2
0,1,0,0,1
0,2,0,0,2
0,1,0,0,1
0,3,1,0,4
0,1,0,0,1
0,1,1,0,2
0,1,0,0,1
0,3,1,0,4
0,1,1,0,2
0,2,0,0,2
0,1,1,0,2
0,1,0,0,1
0,1,0,0,1
0,2,0,0,2
0,1,0,0,1
0,1,0,0,1
0,2,1,0,3
0,1,1,0,2
0,2,0,0,2
0,2,0,0,2
0,1,0,0,1
0,3,0,0,3
0,2,0,0,2
0,2,0,0,2
0,1,0,0,1
0,1,1,0,2
0,1,0,0,1
0,2,0,0,2
0,2,0,0,2
0,2,0,0,2
0,1,0,0,1
0,1,0,0,1
0,1,0,0,1
0,1,0,0,1
0,1,0,0,1
0,2,0,0,2
0,1,0,0,1
0,1,1,0,2
0,2,0,0,2
0,6,0,0,6
0,2,0,0,2
0,1,0,0,1
0,1,0,0,1
0,2,0,0,2
0,1,0,0,1
0,1,0,0,1
0,2,0,0,2
0,1,0,0,1
0,2,0,0,2
0,1,0,0,1
0,1,0,0,1
0,2,1,0,3
0,1,1,0,2
0,1,1,0,2
0,1,0,0,1
0,3,0,0,3
0,1,0,0,1
0,1,1,0,2
0,3,0,0,3
0,2,0,0,2
0,1,0,0,1
0,2,0,0,2
0,1,1,0,2
0,2,0,0,2
0,2,0,0,2
0,1,0,0,1
0,2,0,0,2
0,1,0,0,1
0,1,0,0,1
0,1,0,0,1
0,2,0,0,2
0,2,0,0,2
0,1,0,0,1
0,1,0,0,1
0,3,0,0,3
0,1,0,0,1
0,3,0,0,3
0,3,0,0,3
0,2,0,0,2
0,2,0,0,2
0,1,0,0,1
0,2,0,0,2
0,2,0,0,2
0,2,0,0,2
0,2,0,0,2
0,1,1,0,2
0,1,0,0,1
0,2,0,0,2
0,1,1,0,2
0,2,0,0,2
0,1,0,0,1
0,2,0,0,2
0,2,0,0,2
0,1,0,0,1
0,2,0,0,2
0,2,0,0,2
0,2,0,0,2
0,1,1,0,2
0,1,1,0,2
0,2,0,0,2
0,1,0,0,1
0,1,0,0,1
0,2,0,0,2
0,1,0,0,1
0,1,0,0,1
0,1,1,0,2
0,1,0,0,1
0,2,0,0,2
0,2,0,0,2
0,2,0,0,2
0,1,0,0,1
0,1,0,0,1
0,1,0,0,1
0,2,0,0,2
0,2,0,0,2
0,1,0,0,1
0,1,0,0,1
0,1,1,0,2
0,2,0,0,2
0,2,0,0,2
0,2,1,0,3
0,1,0,0,1
0,1,0,0,1
0,2,0,0,2
0,1,0,0,1
0,1,1,0,2
0,1,0,0,1
0,1,0,0,1
0,2,0,0,2
0,1,2,0,3
0,1,0,0,1
0,1,0,0,1
0,2,0,0,2
0,1,1,0,2
0,1,1,0,2
0,2,0,0,2
0,5,0,0,5
0,2,0,0,2
0,2,0,0,2
0,2,0,0,2
0,1,0,0,1
0,2,1,0,3
0,1,0,0,1
0,2,0,0,2
0,3,1,0,4
0,1,0,0,1
0,1,1,0,2
0,1,0,0,1
0,1,0,0,1
0,1,2,0,3
0,1,0,0,1
0,2,0,0,2
0,1,1,0,2
0,2,0,0,2
0,1,0,0,1
0,2,0,0,2
0,1,0,0,1
0,1,0,0,1
0,2,0,0,2
0,2,0,0,2
0,1,5,0,6
0,2,0,0,2
0,1,0,0,1
0,2,0,0,2
0,1,0,0,1
0,1,0,0,1
0,2,0,0,2
0,2,0,0,2
0,2,0,0,2
0,2,0,0,2
0,2,0,0,2
0,1,0,0,1
0,2,0,0,2
0,1,1,0,2
0,1,0,0,1
0,1,1,0,2
0,1,0,0,1
0,2,0,0,2
0,1,0,0,1
0,1,0,0,1
0,1,1,0,2
0,1,0,0,1
0,1,0,0,1
0,1,0,0,1
0,1,0,0,1
0,1,0,0,1
0,2,0,0,2
0,2,0,0,2
0,2,0,0,2
0,1,1,0,2
0,1,0,0,1
0,3,0,0,3
0,1,0,0,1
0,1,0,0,1
0,1,0,0,1
0,1,0,0,1
0,2,0,0,2
0,1,0,0,1
0,2,0,0,2
0,2,0,0,2
0,2,0,0,2
0,2,0,0,2
0,1,0,0,1
0,1,0,0,1
0,1,0,0,1
0,1,1,0,2
0,2,0,0,2
0,1,0,0,1
0,1,0,0,1
0,1,0,0,1
0,2,0,0,2
0,3,0,0,3
0,2,0,0,2
0,1,0,0,1
0,2,0,0,2
0,1,0,0,1
0,3,0,0,3
0,3,0,0,3
0,1,0,0,1
0,1,0,0,1
0,1,0,0,1
0,2,0,0,2
0,2,0,0,2
0,1,0,0,1
0,3,0,0,3
0,1,0,0,1
0,2,0,0,2
0,5,1,0,6
0,5,0,0,5
0,1,0,0,1
0,2,0,0,2
0,2,0,0,2
0,1,0,0,1
0,1,0,0,1
0,1,0,0,1
0,2,0,0,2
0,2,0,0,2
0,2,0,0,2
0,1,0,0,1
0,1,0,0,1
0,2,0,0,2
0,2,0,0,2
0,2,0,0,2
0,1,0,0,1
0,2,0,0,2
0,1,0,0,1
0,2,0,0,2
0,2,0,0,2
0,1,0,0,1
0,4,0,0,4
0,3,0,0,3
0,1,0,0,1
0,1,0,0,1
0,1,1,0,2
0,1,0,0,1
0,2,0,0,2
0,2,0,0,2
0,1,1,0,2
0,1,0,0,1
0,3,1,0,4
0,2,5,0,7
0,2,2,0,4
0,1,0,0,1
0,1,0,0,1
0,2,0,0,2
0,1,0,0,1
0,2,0,0,2
0,1,1,0,2
0,1,1,0,2
0,1,0,0,1
0,2,0,0,2
0,1,0,0,1
0,2,0,0,2
0,2,0,0,2
0,1,1,0,2
0,1,1,0,2
0,2,0,0,2
0,1,0,0,1
0,3,0,0,3
0,1,0,0,1
0,1,1,0,2
0,1,0,0,1
0,2,0,0,2
0,2,0,0,2
0,1,0,0,1
0,1,0,0,1
0,1,0,0,1
0,1,0,0,1
0,1,0,0,1
0,1,0,0,1
0,2,0,0,2
0,2,0,0,2
0,1,0,0,1
0,3,0,0,3
0,2,0,0,2
0,1,1,0,2
0,1,0,0,1
0,2,0,0,2
0,2,0,0,2
0,1,0,0,1
0,4,0,0,4
0,1,0,0,1
0,1,0,0,1
0,1,0,0,1
0,1,0,0,1
0,1,0,0,1
0,1,0,0,1
0,3,3,0,6
0,1,0,0,1
0,1,0,0,1
0,3,0,0,3
0,1,0,0,1
0,1,1,0,2
0,1,0,0,1
0,1,1,0,2
0,2,0,0,2
0,2,0,0,2
0,1,0,0,1
0,1,0,0,1
0,1,0,0,1
0,1,0,0,1
0,2,0,0,2
0,1,2,0,3
0,1,0,0,1
0,1,0,0,1
0,2,0,0,2
0,2,0,0,2
0,3,0,0,3
0,2,0,0,2
0,2,0,0,2
0,2,0,0,2
0,3,0,0,3
0,1,0,0,1
0,1,0,0,1
0,1,0,0,1
0,1,1,0,2
0,2,0,0,2
0,1,0,0,1
0,1,0,0,1
0,1,0,0,1
0,1,1,0,2
0,1,0,0,1
0,3,0,0,3
0,1,0,0,1
0,3,0,0,3
0,1,0,0,1
0,1,0,0,1
0,1,1,0,2
0,2,0,0,2
0,1,0,0,1
0,1,0,0,1
0,1,0,0,1
0,1,0,0,1
0,2,0,0,2
0,2,0,0,2
0,1,0,0,1
0,1,0,0,1
0,1,0,0,1
0,1,0,0,1
0,1,1,0,2
0,1,0,0,1
0,1,0,0,1
0,1,0,0,1
0,1,0,0,1
0,1,1,0,2
0,1,0,0,1
0,1,0,0,1
0,1,0,0,1
0,2,0,0,2
0,2,0,0,2
0,3,0,0,3
0,1,1,0,2
0,1,1,0,2
0,1,0,0,1
0,1,0,0,1
0,3,1,0,4
0,2,0,0,2
0,1,0,0,1
0,3,0,0,3
0,1,0,0,1
0,2,0,0,2
0,2,1,0,3
0,2,0,0,2
0,1,0,0,1
0,1,0,0,1
0,1,1,0,2
0,1,0,0,1
0,1,0,0,1
0,1,0,0,1
0,4,0,0,4
0,1,0,0,1
0,1,1,0,2
0,1,0,0,1
0,1,0,0,1
0,1,0,0,1
0,1,1,0,2
0,1,0,0,1
0,1,0,0,1
0,1,0,0,1
0,1,0,0,1
0,2,0,0,2
0,2,0,0,2
0,2,0,0,2
0,1,0,0,1
0,3,3,0,6
0,1,0,0,1
0,2,0,0,2
0,1,0,0,1
0,2,2,0,4
0,2,0,0,2
0,2,1,0,3
0,1,0,0,1
0,2,0,0,2
0,1,0,0,1
0,1,1,0,2
0,1,0,0,1
0,3,0,0,3
0,1,0,0,1
0,1,0,0,1
0,1,0,0,1
0,3,0,0,3
0,1,0,0,1
0,1,0,0,1
0,1,1,0,2
0,2,1,0,3
0,1,0,0,1
0,1,1,0,2
0,1,0,0,1
0,1,0,0,1
0,1,1,0,2
0,1,0,0,1
0,2,2,0,4
0,2,0,0,2
0,2,2,0,4
0,2,0,0,2
0,2,0,0,2
0,1,1,0,2
0,1,0,0,1
0,1,0,0,1
0,1,1,0,2
0,1,0,0,1
0,1,0,0,1
0,1,0,0,1
0,1,0,0,1
0,2,0,0,2
0,3,1,0,4
0,2,0,0,2
0,2,0,0,2
0,1,0,0,1
0,2,0,0,2
0,1,0,0,1
0,1,0,0,1
0,2,0,0,2
0,1,0,0,1
0,2,0,0,2
0,2,0,0,2
0,1,0,0,1
0,1,1,0,2
0,1,0,0,1
0,1,0,0,1
0,1,0,0,1
0,1,0,0,1
0,1,0,0,1
0,1,1,0,2
0,1,0,0,1
0,1,0,0,1
0,1,1,0,2
0,1,0,0,1
0,1,4,0,5
0,1,0,0,1
0,3,1,0,4
0,3,0,0,3
0,1,0,0,1
0,2,0,0,2
0,1,0,0,1
0,1,1,0,2
0,1,0,0,1
0,1,0,0,1
0,1,0,0,1
0,2,1,0,3
0,1,2,0,3
0,2,0,0,2
0,1,0,0,1
0,1,0,0,1
0,2,0,0,2
0,2,0,0,2
0,1,1,0,2
0,1,0,0,1
0,1,0,0,1
0,2,0,0,2
0,2,0,0,2
0,2,0,0,2
0,2,0,0,2
0,1,0,0,1
0,1,0,0,1
0,1,1,0,2
0,1,0,0,1
0,2,0,0,2
0,1,1,0,2
0,1,0,0,1
0,2,0,0,2
0,2,0,0,2
0,2,0,0,2
0,2,0,0,2
0,1,0,0,1
0,2,0,0,2
0,1,0,0,1
0,2,0,0,2
0,1,2,0,3
0,2,0,0,2
0,1,0,0,1
0,2,0,0,2
0,2,0,0,2
0,2,0,0,2
0,1,0,0,1
0,1,0,0,1
0,1,0,0,1
0,1,0,0,1
0,2,0,0,2
0,2,0,0,2
0,2,0,0,2
0,1,0,0,1
0,1,1,0,2
0,1,1,0,2
0,1,0,0,1
0,3,0,0,3
0,1,0,0,1
0,1,0,0,1
0,1,0,0,1
0,2,0,0,2
0,1,0,0,1
0,1,0,0,1
0,1,0,0,1
0,1,0,0,1
0,2,0,0,2
0,2,0,0,2
0,2,1,0,3
0,1,0,0,1
0,1,0,0,1
0,2,0,0,2
0,1,0,0,1
0,1,0,0,1
0,1,0,0,1
0,1,0,0,1
0,5,1,0,6
0,1,0,0,1
0,1,0,0,1
0,1,0,0,1
0,1,0,0,1
0,1,1,0,2
0,1,1,0,2
0,1,1,0,2
0,1,0,0,1
0,1,0,0,1
0,1,1,0,2
0,1,0,0,1
0,2,0,0,2
0,2,0,0,2
0,1,0,0,1
0,1,0,0,1
0,1,0,0,1
0,1,0,0,1
0,1,0,0,1
0,1,1,0,2
0,2,0,0,2
0,2,0,0,2
0,1,0,0,1
0,1,1,0,2
0,1,0,0,1
0,1,0,0,1
0,1,0,0,1
0,1,0,0,1
0,1,0,0,1
0,2,0,0,2
0,2,0,0,2
0,1,0,0,1
0,1,0,0,1
0,2,0,0,2
0,1,0,0,1
0,1,0,0,1
0,1,0,0,1
0,1,0,0,1
0,1,0,0,1
0,3,0,0,3
0,1,0,0,1
0,1,1,0,2
0,1,0,0,1
0,2,0,0,2
0,2,0,0,2
0,2,0,0,2
0,1,0,0,1
0,1,0,0,1
0,1,1,0,2
0,1,0,0,1
0,8,0,0,8
0,2,0,0,2
0,2,0,0,2
0,1,0,0,1
0,2,1,0,3
0,2,0,0,2
0,1,0,0,1
0,1,1,0,2
0,2,0,0,2
0,1,0,0,1
0,1,0,0,1
0,1,0,0,1
0,1,0,0,1
0,1,1,0,2
0,1,0,0,1
0,2,0,0,2
0,2,0,0,2
0,1,0,0,1
0,1,0,0,1
0,2,0,0,2
0,1,1,0,2
0,2,0,0,2
0,1,0,0,1
0,1,0,0,1
0,1,0,0,1
0,1,0,0,1
0,1,0,0,1
0,2,0,0,2
0,1,1,0,2
0,1,0,0,1
0,2,0,0,2
0,1,3,0,4
0,1,0,0,1
0,2,0,0,2
0,1,1,0,2
0,1,0,0,1
0,2,0,0,2
0,1,0,0,1
0,2,0,0,2
0,1,0,0,1
0,2,0,0,2
0,1,0,0,1
0,1,0,0,1
0,1,0,0,1
0,1,0,0,1
0,1,0,0,1
0,1,0,0,1
0,1,0,0,1
0,1,0,0,1
0,2,0,0,2
0,2,1,0,3
0,1,0,0,1
0,3,0,0,3
0,2,0,0,2
0,3,0,0,3
0,1,0,0,1
0,2,0,0,2
0,2,0,0,2
0,2,1,0,3
0,1,1,0,2
0,1,0,0,1
0,2,0,0,2
0,2,0,0,2
0,2,0,0,2
0,4,0,0,4
0,1,0,0,1
0,4,0,0,4
0,1,0,0,1
0,1,1,0,2
0,1,1,0,2
0,1,0,0,1
0,2,0,0,2
0,1,0,0,1
0,1,0,0,1
0,1,0,0,1
0,2,0,0,2
0,2,0,0,2
0,1,1,0,2
0,2,0,0,2
0,2,0,0,2
0,1,0,0,1
0,1,0,0,1
0,1,1,0,2
0,1,0,0,1
0,1,0,0,1
0,1,0,0,1
0,2,5,0,7
0,2,0,0,2
0,1,1,0,2
0,1,0,0,1
0,2,0,0,2
0,1,1,0,2
0,1,0,0,1
0,1,0,0,1
0,1,0,0,1
0,1,1,0,2
0,1,0,0,1
0,1,0,0,1
0,2,0,0,2
0,1,0,0,1
0,1,1,0,2
0,1,0,0,1
0,1,3,0,4
0,1,0,0,1
0,1,0,0,1
0,1,0,0,1
0,1,1,0,2
0,2,0,0,2
0,1,1,0,2
0,1,0,0,1
0,1,0,0,1
0,1,1,0,2
0,2,0,0,2
0,1,0,0,1
0,2,0,0,2
0,1,0,0,1
0,2,0,0,2
0,2,0,0,2
0,2,0,0,2
0,1,0,0,1
0,2,0,0,2
0,1,0,0,1
0,1,0,0,1
0,2,0,0,2
0,1,1,0,2
0,1,0,0,1
0,2,1,0,3
0,1,1,0,2
0,1,1,0,2
0,2,0,0,2
0,1,0,0,1
0,1,0,0,1
0,1,0,0,1
0,1,0,0,1
0,1,0,0,1
0,2,0,0,2
0,1,0,0,1
0,1,1,0,2
0,1,1,0,2
0,1,0,0,1
0,1,0,0,1
0,3,0,0,3
0,1,0,0,1
0,2,0,0,2
0,2,0,0,2
0,1,0,0,1
0,1,0,0,1
0,1,0,0,1
0,2,1,0,3
0,1,0,0,1
0,1,1,0,2
0,1,0,0,1
0,2,0,0,2
0,2,0,0,2
0,2,0,0,2
0,2,0,0,2
0,1,1,0,2
0,1,0,0,1
0,1,0,0,1
0,1,0,0,1
0,2,0,0,2
0,1,0,0,1
0,2,0,0,2
0,2,2,0,4
0,1,1,0,2
0,2,0,0,2
0,2,0,0,2
0,1,1,0,2
0,1,1,0,2
0,2,0,0,2
0,2,0,0,2
0,2,0,0,2
0,1,2,0,3
0,1,1,0,2
0,2,0,0,2
0,2,0,0,2
0,2,1,0,3
0,2,1,0,3
0,2,0,0,2
0,2,1,0,3
0,1,0,0,1
0,1,0,0,1
0,1,0,0,1
0,1,1,0,2
0,1,0,0,1
0,1,1,0,2
0,1,0,0,1
0,1,0,0,1
0,1,0,0,1
0,1,1,0,2
0,2,0,0,2
0,3,0,0,3
0,4,0,0,4
0,1,0,0,1
0,1,1,0,2
0,1,1,0,2
0,1,0,0,1
0,1,1,0,2
0,2,0,0,2
0,3,0,0,3
0,1,0,0,1
0,2,0,0,2
0,1,0,0,1
0,1,0,0,1
0,1,0,0,1
0,2,0,0,2
0,3,0,0,3
0,2,0,0,2
0,2,2,0,4
0,2,0,0,2
0,2,0,0,2
0,1,1,0,2
0,1,0,0,1
0,1,0,0,1
0,1,0,0,1
0,1,0,0,1
0,1,0,0,1
0,1,0,0,1
0,1,0,0,1
0,1,3,0,4
0,1,0,0,1
0,2,0,0,2
0,2,0,0,2
0,2,0,0,2
0,1,1,0,2
0,1,0,0,1
0,1,0,0,1
0,1,0,0,1
0,1,0,0,1
0,2,0,0,2
0,2,0,0,2
0,1,0,0,1
0,1,2,0,3
0,2,0,0,2
0,2,0,0,2
0,1,1,0,2
0,1,0,0,1
0,2,0,0,2
0,2,0,0,2
0,1,1,0,2
0,1,0,0,1
0,1,0,0,1
0,1,0,0,1
0,1,0,0,1
0,1,0,0,1
0,2,0,0,2
0,2,0,0,2
0,1,0,0,1
0,2,0,0,2
0,2,0,0,2
0,1,0,0,1
0,2,0,0,2
0,2,0,0,2
0,2,0,0,2
0,1,1,0,2
0,1,0,0,1
0,2,0,0,2
0,2,0,0,2
0,2,0,0,2
0,1,0,0,1
0,2,0,0,2
0,2,0,0,2
0,2,0,0,2
0,1,0,0,1
0,1,0,0,1
0,2,0,0,2
0,2,0,0,2
0,1,0,0,1
0,1,0,0,1
0,1,0,0,1
0,1,0,0,1
0,1,0,0,1
0,3,0,0,3
0,1,0,0,1
0,1,1,0,2
0,1,0,0,1
0,1,1,0,2
0,1,0,0,1
0,1,0,0,1
0,2,0,0,2
0,1,0,0,1
0,1,1,0,2
0,1,1,0,2
0,1,0,0,1
0,4,0,0,4
0,1,0,0,1
0,1,0,0,1
0,1,0,0,1
0,1,1,0,2
0,1,0,0,1
0,1,1,0,2
0,1,0,0,1
0,2,0,0,2
0,2,0,0,2
0,1,0,0,1
0,3,0,0,3
0,2,0,0,2
0,1,0,0,1
0,1,0,0,1
0,1,1,0,2
0,1,0,0,1
0,2,0,0,2
0,1,1,0,2
0,2,1,0,3
0,1,0,0,1
0,1,0,0,1
0,2,0,0,2
0,3,0,0,3
0,1,1,0,2
0,1,0,0,1
0,1,0,0,1
0,1,0,0,1
0,1,0,0,1
0,2,0,0,2
0,1,0,0,1
0,1,2,0,3
0,1,0,0,1
0,1,1,0,2
0,1,0,0,1
0,1,0,0,1
0,1,0,0,1
0,1,0,0,1
0,1,0,0,1
0,1,0,0,1
0,1,0,0,1
0,1,0,0,1
0,2,0,0,2
0,1,0,0,1
0,2,0,0,2
0,1,1,0,2
0,1,0,0,1
0,1,0,0,1
0,1,0,0,1
0,2,0,0,2
0,1,0,0,1
0,1,0,0,1
0,1,1,0,2
0,1,0,0,1
0,2,0,0,2
0,1,0,0,1
0,1,0,0,1
0,5,0,0,5
0,1,0,0,1
0,2,0,0,2
0,1,0,0,1
0,3,0,0,3
0,1,1,0,2
0,1,0,0,1
0,1,0,0,1
0,1,0,0,1
0,1,0,0,1
0,2,0,0,2
0,1,0,0,1
0,2,0,0,2
0,1,0,0,1
0,2,0,0,2
0,2,0,0,2
0,1,1,0,2
0,1,0,0,1
0,1,0,0,1
0,2,0,0,2
0,2,0,0,2
0,1,0,0,1
0,1,1,0,2
0,1,0,0,1
0,2,0,0,2
0,2,0,0,2
0,1,0,0,1
0,1,0,0,1
0,1,0,0,1
0,3,1,0,4
0,1,0,0,1
0,1,1,0,2
0,1,1,0,2
0,2,0,0,2
0,1,0,0,1
0,1,0,0,1
0,1,1,0,2
0,1,0,0,1
0,1,0,0,1
0,1,0,0,1
0,1,0,0,1
0,2,0,0,2
0,2,0,0,2
0,1,0,0,1
0,2,0,0,2
0,1,0,0,1
0,1,0,0,1
0,2,0,0,2
0,1,0,0,1
0,3,0,0,3
0,1,0,0,1
0,2,1,0,3
0,2,0,0,2
0,1,0,0,1
0,2,0,0,2
0,2,0,0,2
0,1,0,0,1
0,2,0,0,2
0,1,0,0,1
0,1,1,0,2
0,1,1,0,2
0,1,0,0,1
0,1,0,0,1
0,2,0,0,2
0,4,0,0,4
0,2,0,0,2
0,2,0,0,2
0,2,0,0,2
0,1,0,0,1
0,1,0,0,1
0,1,0,0,1
0,2,0,0,2
0,2,0,0,2
0,1,0,0,1
0,1,0,0,1
0,1,1,0,2
0,3,0,0,3
0,3,0,0,3
0,2,0,0,2
0,2,0,0,2
0,1,0,0,1
0,1,0,0,1
0,1,0,0,1
0,2,0,0,2
0,1,0,0,1
0,1,0,0,1
0,1,0,0,1
0,1,0,0,1
0,1,0,0,1
0,2,0,0,2
0,1,0,0,1
0,2,0,0,2
0,1,0,0,1
0,1,1,0,2
0,1,0,0,1
0,2,0,0,2
0,2,0,0,2
0,1,1,0,2
0,1,0,0,1
0,2,0,0,2
0,1,0,0,1
0,2,0,0,2
0,1,0,0,1
0,2,0,0,2
0,1,0,0,1
0,1,0,0,1
0,2,0,0,2
0,1,0,0,1
0,6,0,0,6
0,1,0,0,1
0,2,0,0,2
0,3,0,0,3
0,2,0,0,2
0,1,0,0,1
0,1,0,0,1
0,2,0,0,2
0,1,0,0,1
0,4,1,0,5
0,4,0,0,4
0,1,0,0,1
0,1,0,0,1
0,1,1,0,2
0,2,0,0,2
0,1,0,0,1
0,1,0,0,1
0,1,1,0,2
0,1,0,0,1
0,1,1,0,2
0,2,0,0,2
0,1,1,0,2
0,1,0,0,1
0,2,2,0,4
0,1,0,0,1
0,1,0,0,1
0,1,1,0,2
0,2,0,0,2
0,2,0,0,2
0,1,0,0,1
0,1,0,0,1
0,1,0,0,1
0,1,1,0,2
0,1,0,0,1
0,1,0,0,1
0,1,0,0,1
0,1,0,0,1
0,1,0,0,1
0,1,0,0,1
0,1,2,0,3
0,1,0,0,1
0,1,0,0,1
0,2,1,0,3
0,2,0,0,2
0,2,0,0,2
0,2,0,0,2
0,2,2,0,4
0,2,0,0,2
0,1,0,0,1
0,2,0,0,2
0,1,0,0,1
0,2,1,0,3
0,1,0,0,1
0,1,0,0,1
0,1,0,0,1
0,2,0,0,2
0,1,0,0,1
0,1,1,0,2
0,1,0,0,1
0,1,0,0,1
0,1,0,0,1
0,1,0,0,1
0,2,0,0,2
0,1,0,0,1
0,1,0,0,1
0,2,0,0,2
0,1,0,0,1
0,1,1,0,2
0,1,0,0,1
0,1,1,0,2
0,1,0,0,1
0,1,1,0,2
0,1,0,0,1
0,1,0,0,1
0,1,0,0,1
0,1,0,0,1
0,2,0,0,2
0,2,0,0,2
0,1,0,0,1
0,3,0,0,3
0,3,0,0,3
0,1,0,0,1
0,1,1,0,2
0,2,0,0,2
0,2,0,0,2
0,2,0,0,2
0,1,0,0,1
0,2,0,0,2
0,1,0,0,1
0,1,0,0,1
0,1,0,0,1
0,1,1,0,2
0,2,0,0,2
0,1,1,0,2
0,2,1,0,3
0,1,0,0,1
0,2,0,0,2
0,2,0,0,2
0,1,0,0,1
0,1,0,0,1
0,2,2,0,4
0,1,0,0,1
0,1,0,0,1
0,1,0,0,1
0,1,0,0,1
0,1,0,0,1
0,1,1,0,2
0,1,0,0,1
0,1,1,0,2
0,1,0,0,1
0,2,0,0,2
0,2,0,0,2
0,1,0,0,1
0,2,0,0,2
0,1,1,0,2
0,1,0,0,1
0,2,0,0,2
0,2,0,0,2
0,2,0,0,2
0,2,0,0,2
0,2,0,0,2
0,2,0,0,2
0,1,0,0,1
0,1,0,0,1
0,1,0,0,1
0,1,0,0,1
0,2,0,0,2
0,2,0,0,2
0,1,0,0,1
0,1,0,0,1
0,1,0,0,1
0,1,0,0,1
0,1,0,0,1
0,1,0,0,1
0,1,0,0,1
0,1,0,0,1
0,1,0,0,1
0,1,0,0,1
0,1,1,0,2
0,3,0,0,3
0,1,0,0,1
0,1,0,0,1
0,1,0,0,1
0,2,0,0,2
0,1,0,0,1
0,1,0,0,1
0,1,0,0,1
0,1,0,0,1
0,1,0,0,1
0,2,0,0,2
0,1,0,0,1
0,1,1,0,2
0,1,0,0,1
0,1,1,0,2
0,2,0,0,2
0,1,1,0,2
0,1,0,0,1
0,4,0,0,4
0,3,0,0,3
0,3,0,0,3
0,1,1,0,2
0,2,0,0,2
0,2,0,0,2
0,2,0,0,2
0,2,0,0,2
0,1,0,0,1
0,1,0,0,1
0,2,0,0,2
0,1,0,0,1
0,3,0,0,3
0,2,0,0,2
0,2,0,0,2
0,2,0,0,2
0,1,0,0,1
0,2,0,0,2
0,2,0,0,2
0,4,0,0,4
0,5,0,0,5
0,1,0,0,1
0,1,0,0,1
0,1,0,0,1
0,1,0,0,1
0,1,0,0,1
0,2,1,0,3
0,2,0,0,2
0,1,0,0,1
0,1,0,0,1
0,2,0,0,2
0,2,0,0,2
0,2,0,0,2
0,2,0,0,2
0,1,0,0,1
0,2,1,0,3
0,2,0,0,2
0,1,0,0,1
0,1,0,0,1
0,1,0,0,1
0,1,0,0,1
0,2,0,0,2
0,1,1,0,2
0,1,0,0,1
0,1,0,0,1
0,1,0,0,1
0,2,0,0,2
0,1,0,0,1
0,1,0,0,1
0,1,0,0,1
0,1,3,0,4
0,1,0,0,1
0,2,0,0,2
0,1,1,0,2
0,1,1,0,2
0,2,0,0,2
0,2,0,0,2
0,1,0,0,1
0,2,0,0,2
0,1,1,0,2
0,1,2,0,3
0,1,0,0,1
0,2,0,0,2
0,1,0,0,1
0,1,1,0,2
0,2,0,0,2
0,2,0,0,2
0,1,0,0,1
0,1,1,0,2
0,2,0,0,2
0,2,0,0,2
0,1,0,0,1
0,1,0,0,1
0,1,0,0,1
0,2,0,0,2
0,1,0,0,1
0,1,0,0,1
0,1,1,0,2
0,2,0,0,2
0,2,0,0,2
0,1,1,0,2
0,1,0,0,1
0,1,0,0,1
0,2,0,0,2
0,2,1,0,3
0,2,0,0,2
0,1,0,0,1
0,3,1,0,4
0,2,0,0,2
0,1,0,0,1
0,1,0,0,1
0,1,0,0,1
0,1,0,0,1
0,1,0,0,1
0,1,0,0,1
0,1,0,0,1
0,1,0,0,1
0,1,0,0,1
0,1,0,0,1
0,1,0,0,1
0,1,1,0,2
0,2,0,0,2
0,1,0,0,1
0,3,1,0,4
0,1,0,0,1
0,2,0,0,2
0,2,0,0,2
0,2,0,0,2
0,1,0,0,1
0,2,0,0,2
0,3,0,0,3
0,1,0,0,1
0,1,0,0,1
0,1,0,0,1
0,1,3,0,4
0,2,0,0,2
0,3,0,0,3
0,2,0,0,2
0,1,1,0,2
0,1,0,0,1
0,1,0,0,1
0,1,1,0,2
0,1,1,0,2
0,2,0,0,2
0,1,0,0,1
0,1,0,0,1
0,2,0,0,2
0,3,0,0,3
0,1,1,0,2
0,1,2,0,3
0,1,0,0,1
0,2,0,0,2
0,1,0,0,1
0,1,0,0,1
0,1,0,0,1
0,1,1,0,2
0,1,0,0,1
0,2,0,0,2
0,1,0,0,1
0,1,0,0,1
0,2,0,0,2
0,1,0,0,1
0,1,1,0,2
0,1,0,0,1
0,2,0,0,2
0,1,0,0,1
0,2,0,0,2
0,1,0,0,1
0,1,0,0,1
0,1,0,0,1
0,1,0,0,1
0,1,0,0,1
0,2,0,0,2
0,1,0,0,1
0,1,1,0,2
0,2,0,0,2
0,1,0,0,1
0,2,0,0,2
0,1,0,0,1
0,1,0,0,1
0,1,0,0,1
0,1,0,0,1
0,1,3,0,4
0,3,0,0,3
0,2,0,0,2
0,2,0,0,2
0,1,0,0,1
0,3,0,0,3
0,1,1,0,2
0,1,0,0,1
0,1,1,0,2
0,1,1,0,2
0,1,0,0,1
0,1,1,0,2
0,2,0,0,2
0,2,0,0,2
0,1,0,0,1
0,1,0,0,1
0,1,0,0,1
0,2,0,0,2
0,1,0,0,1
0,1,0,0,1
0,1,0,0,1
0,2,0,0,2
0,1,0,0,1
0,2,0,0,2
0,1,0,0,1
0,2,0,0,2
0,1,0,0,1
0,1,0,0,1
0,1,0,0,1
0,1,0,0,1
0,1,2,0,3
0,1,0,0,1
0,1,0,0,1
0,1,1,0,2
0,1,0,0,1
0,2,0,0,2
0,1,0,0,1
0,3,0,0,3
0,3,0,0,3
0,2,0,0,2
0,1,0,0,1
0,1,0,0,1
0,1,0,0,1
0,1,6,0,7
0,1,1,0,2
0,1,0,0,1
0,1,0,0,1
0,1,0,0,1
0,1,0,0,1
0,2,0,0,2
0,2,0,0,2
0,1,0,0,1
0,1,0,0,1
0,1,0,0,1
0,1,0,0,1
0,1,1,0,2
0,1,0,0,1
0,1,0,0,1
0,1,0,0,1
0,2,0,0,2
0,1,0,0,1
0,1,2,0,3
0,1,1,0,2
0,2,0,0,2
0,1,0,0,1
0,2,0,0,2
0,1,0,0,1
0,1,1,0,2
0,1,0,0,1
0,1,1,0,2
0,1,0,0,1
0,1,0,0,1
0,1,0,0,1
0,1,0,0,1
0,2,0,0,2
0,2,1,0,3
0,1,1,0,2
0,2,0,0,2
0,1,0,0,1
0,1,0,0,1
0,1,0,0,1
0,1,0,0,1
0,1,0,0,1
0,3,0,0,3
0,2,0,0,2
0,1,0,0,1
0,1,1,0,2
0,1,0,0,1
0,2,0,0,2
0,1,0,0,1
0,1,0,0,1
0,1,0,0,1
0,1,0,0,1
0,1,0,0,1
0,1,0,0,1
0,1,1,0,2
0,1,0,0,1
0,1,0,0,1
0,1,1,0,2
0,1,0,0,1
0,2,0,0,2
0,2,0,0,2
0,1,1,0,2
0,1,0,0,1
0,2,0,0,2
0,1,0,0,1
0,1,0,0,1
0,1,0,0,1
0,1,1,0,2
0,1,0,0,1
0,3,1,0,4
0,3,0,0,3
0,3,0,0,3
0,1,0,0,1
0,2,0,0,2
0,2,0,0,2
0,1,0,0,1
0,1,0,0,1
0,1,0,0,1
0,1,0,0,1
0,1,0,0,1
0,2,0,0,2
0,1,0,0,1
0,1,0,0,1
0,4,0,0,4
0,2,0,0,2
0,3,0,0,3
0,2,0,0,2
0,1,0,0,1
0,1,1,0,2
0,1,0,0,1
0,2,0,0,2
0,1,0,0,1
0,1,0,0,1
0,1,0,0,1
0,1,0,0,1
0,1,0,0,1
0,2,0,0,2
0,1,1,0,2
0,1,0,0,1
0,1,0,0,1
0,2,0,0,2
0,1,0,0,1
0,1,0,0,1
0,1,0,0,1
0,1,0,0,1
0,1,0,0,1
0,1,0,0,1
0,1,0,0,1
0,1,0,0,1
0,2,0,0,2
0,1,0,0,1
0,1,0,0,1
0,1,0,0,1
0,1,0,0,1
0,4,0,0,4
0,3,1,0,4
0,1,1,0,2
0,2,0,0,2
0,1,0,0,1
0,2,0,0,2
0,1,1,0,2
0,2,0,0,2
0,2,0,0,2
0,3,0,0,3
0,2,0,0,2
0,2,0,0,2
0,1,0,0,1
0,1,0,0,1
0,1,0,0,1
0,1,0,0,1
0,1,0,0,1
0,1,1,0,2
0,1,0,0,1
0,1,0,0,1
0,2,0,0,2
0,1,0,0,1
0,2,0,0,2
0,1,0,0,1
0,1,0,0,1
0,2,0,0,2
0,2,0,0,2
0,2,0,0,2
0,1,0,0,1
0,2,0,0,2
0,1,0,0,1
0,1,0,0,1
0,1,0,0,1
0,2,0,0,2
0,1,0,0,1
0,2,0,0,2
0,1,1,0,2
0,1,0,0,1
0,1,0,0,1
0,1,0,0,1
0,1,1,0,2
0,1,0,0,1
0,2,0,0,2
0,2,0,0,2
0,2,0,0,2
0,2,0,0,2
0,2,0,0,2
0,1,1,0,2
0,1,0,0,1
0,1,0,0,1
0,1,0,0,1
0,2,0,0,2
0,1,1,0,2
0,1,1,0,2
0,1,1,0,2
0,1,0,0,1
0,1,0,0,1
0,1,0,0,1
0,2,0,0,2
0,1,0,0,1
0,1,0,0,1
0,1,1,0,2
0,2,0,0,2
0,2,0,0,2
0,1,0,0,1
0,2,0,0,2
0,1,1,0,2
0,1,0,0,1
0,2,0,0,2
0,2,0,0,2
0,2,0,0,2
0,1,0,0,1
0,1,1,0,2
0,1,0,0,1
0,1,0,0,1
0,2,0,0,2
0,1,0,0,1
0,1,0,0,1
0,1,0,0,1
0,2,0,0,2
0,1,0,0,1
0,1,0,0,1
0,1,0,0,1
0,1,1,0,2
0,2,0,0,2
0,1,0,0,1
0,1,0,0,1
0,1,0,0,1
0,1,0,0,1
0,1,0,0,1
0,1,0,0,1
0,1,0,0,1
0,1,0,0,1
0,2,0,0,2
0,1,0,0,1
0,2,0,0,2
0,2,0,0,2
0,1,0,0,1
0,2,0,0,2
0,2,0,0,2
0,1,0,0,1
0,2,0,0,2
0,1,0,0,1
0,2,1,0,3
0,2,0,0,2
0,2,0,0,2
0,1,0,0,1
0,1,1,0,2
0,1,0,0,1
0,2,0,0,2
0,1,0,0,1
0,2,0,0,2
0,2,0,0,2
0,1,0,0,1
0,2,0,0,2
0,1,0,0,1
0,2,0,0,2
0,2,0,0,2
0,1,0,0,1
0,2,0,0,2
0,2,0,0,2
0,2,0,0,2
0,3,0,0,3
0,1,0,0,1
0,1,0,0,1
0,4,0,0,4
0,1,0,0,1
0,1,2,0,3
0,1,0,0,1
0,2,0,0,2
0,1,0,0,1
0,1,0,0,1
0,2,0,0,2
0,2,1,0,3
0,1,0,0,1
0,1,0,0,1
0,2,0,0,2
0,1,0,0,1
0,1,0,0,1
0,1,0,0,1
0,2,0,0,2
0,1,1,0,2
0,1,0,0,1
0,1,3,0,4
0,2,0,0,2
0,1,0,0,1
0,2,0,0,2
0,2,0,0,2
0,1,1,0,2
0,3,0,0,3
0,1,0,0,1
0,2,1,0,3
0,2,0,0,2
0,2,0,0,2
0,1,1,0,2
0,1,0,0,1
0,2,0,0,2
0,2,0,0,2
0,2,0,0,2
0,2,0,0,2
0,1,0,0,1
0,1,0,0,1
0,1,1,0,2
0,1,0,0,1
0,2,0,0,2
0,1,0,0,1
0,2,0,0,2
0,1,0,0,1
0,2,0,0,2
0,2,0,0,2
0,1,0,0,1
0,4,0,0,4
0,1,0,0,1
0,3,0,0,3
0,2,0,0,2
0,1,0,0,1
0,1,1,0,2
0,1,0,0,1
0,1,0,0,1
0,1,0,0,1
0,1,0,0,1
0,1,0,0,1
0,2,0,0,2
0,1,0,0,1
0,1,0,0,1
0,1,0,0,1
0,1,0,0,1
0,1,0,0,1
0,2,0,0,2
0,2,0,0,2
0,1,0,0,1
0,1,0,0,1
0,1,0,0,1
0,1,0,0,1
0,1,0,0,1
0,1,0,0,1
0,1,0,0,1
0,1,0,0,1
0,1,0,0,1
0,2,0,0,2
0,1,0,0,1
0,1,0,0,1
0,1,0,0,1
0,3,0,0,3
0,2,0,0,2
0,1,1,0,2
0,1,0,0,1
0,1,0,0,1
0,1,1,0,2
0,2,0,0,2
0,1,0,0,1
0,2,0,0,2
0,1,0,0,1
0,3,0,0,3
0,2,0,0,2
0,2,0,0,2
0,1,0,0,1
0,1,0,0,1
0,2,0,0,2
0,1,0,0,1
0,2,0,0,2
0,2,0,0,2
0,1,1,0,2
0,2,0,0,2
0,4,0,0,4
0,1,0,0,1
0,3,0,0,3
0,3,0,0,3
0,1,0,0,1
0,1,0,0,1
0,1,0,0,1
0,1,0,0,1
0,1,1,0,2
0,1,1,0,2
0,1,0,0,1
0,1,0,0,1
0,2,0,0,2
0,1,0,0,1
0,1,0,0,1
0,1,1,0,2
0,2,0,0,2
0,1,2,0,3
0,1,0,0,1
0,1,0,0,1
0,1,1,0,2
0,1,0,0,1
0,1,0,0,1
0,1,0,0,1
0,2,0,0,2
0,1,0,0,1
0,1,0,0,1
0,2,0,0,2
0,1,0,0,1
0,2,1,0,3
0,1,0,0,1
0,2,0,0,2
0,2,0,0,2
0,1,0,0,1
0,1,0,0,1
0,2,0,0,2
0,2,0,0,2
0,1,0,0,1
0,2,1,0,3
0,1,0,0,1
0,1,0,0,1
0,1,0,0,1
0,1,1,0,2
0,1,0,0,1
0,1,0,0,1
0,1,0,0,1
0,1,0,0,1
0,1,0,0,1
0,1,0,0,1
0,1,0,0,1
0,2,0,0,2
0,1,0,0,1
0,1,0,0,1
0,1,0,0,1
0,1,1,0,2
0,1,0,0,1
0,1,0,0,1
0,2,0,0,2
0,2,0,0,2
0,2,0,0,2
0,2,0,0,2
0,2,1,0,3
0,1,0,0,1
0,1,0,0,1
0,1,0,0,1
0,2,0,0,2
0,1,0,0,1
0,2,0,0,2
0,2,0,0,2
0,2,0,0,2
0,1,0,0,1
0,1,1,0,2
0,1,0,0,1
0,1,0,0,1
0,2,0,0,2
0,1,0,0,1
0,1,0,0,1
0,1,1,0,2
0,1,0,0,1
0,1,0,0,1
0,2,2,0,4
0,1,2,0,3
0,1,0,0,1
0,1,1,0,2
0,1,0,0,1
0,1,1,0,2
0,1,0,0,1
0,2,0,0,2
0,1,0,0,1
0,2,0,0,2
0,1,0,0,1
0,1,1,0,2
0,1,0,0,1
0,1,0,0,1
0,1,1,0,2
0,2,0,0,2
0,2,0,0,2
0,1,0,0,1
0,1,1,0,2
0,1,1,0,2
0,1,1,0,2
0,1,1,0,2
0,2,0,0,2
0,1,0,0,1
0,1,0,0,1
0,1,0,0,1
0,1,0,0,1
0,1,0,0,1
0,1,0,0,1
0,2,0,0,2
0,1,0,0,1
0,1,0,0,1
0,1,0,0,1
0,2,0,0,2
0,1,0,0,1
0,1,1,0,2
0,3,0,0,3
0,3,0,0,3
0,1,0,0,1
0,1,0,0,1
0,1,0,0,1
0,1,1,0,2
0,1,0,0,1
0,1,0,0,1
0,1,0,0,1
0,1,0,0,1
0,1,0,0,1
0,2,2,0,4
0,2,0,0,2
0,1,0,0,1
0,1,0,0,1
0,2,0,0,2
0,1,0,0,1
0,1,0,0,1
0,4,0,0,4
0,1,0,0,1
0,2,0,0,2
0,1,1,0,2
0,1,0,0,1
0,2,0,0,2
0,1,0,0,1
0,1,0,0,1
0,1,0,0,1
0,1,0,0,1
0,2,0,0,2
0,2,0,0,2
0,1,0,0,1
0,2,0,0,2
0,1,0,0,1
0,1,1,0,2
0,1,0,0,1
0,2,0,0,2
0,1,0,0,1
0,1,0,0,1
0,1,1,0,2
0,1,0,0,1
0,1,0,0,1
0,2,0,0,2
0,1,0,0,1
0,3,1,0,4
0,3,0,0,3
0,1,1,0,2
0,1,0,0,1
0,1,1,0,2
0,1,0,0,1
0,1,0,0,1
0,2,0,0,2
0,1,1,0,2
0,1,0,0,1
0,1,0,0,1
0,2,0,0,2
0,1,0,0,1
0,2,0,0,2
0,1,1,0,2
0,1,0,0,1
0,1,1,0,2
0,1,0,0,1
0,1,0,0,1
0,1,1,0,2
0,1,0,0,1
0,2,0,0,2
0,1,0,0,1
0,1,0,0,1
0,3,0,0,3
0,3,0,0,3
0,1,1,0,2
0,1,0,0,1
0,1,1,0,2
0,1,0,0,1
0,1,0,0,1
0,1,0,0,1
0,1,1,0,2
0,1,0,0,1
0,1,0,0,1
0,1,0,0,1
0,2,0,0,2
0,1,0,0,1
0,1,0,0,1
0,2,0,0,2
0,1,0,0,1
0,1,1,0,2
0,1,0,0,1
0,1,0,0,1
0,1,0,0,1
0,1,0,0,1
0,2,0,0,2
0,1,1,0,2
0,1,0,0,1
0,1,0,0,1
0,1,0,0,1
0,2,0,0,2
0,1,0,0,1
0,1,0,0,1
0,1,0,0,1
0,2,0,0,2
0,1,0,0,1
0,2,0,0,2
0,2,0,0,2
0,1,0,0,1
0,2,0,0,2
0,1,1,0,2
0,1,1,0,2
0,2,0,0,2
0,4,0,0,4
0,1,0,0,1
0,2,0,0,2
0,2,0,0,2
0,2,0,0,2
0,1,0,0,1
0,2,0,0,2
0,3,0,0,3
0,1,0,0,1
0,1,1,0,2
0,1,0,0,1
0,2,0,0,2
0,1,0,0,1
0,4,0,0,4
0,3,0,0,3
0,1,0,0,1
0,3,0,0,3
0,1,0,0,1
0,1,0,0,1
0,1,0,0,1
0,1,0,0,1
0,1,0,0,1
0,1,0,0,1
0,1,0,0,1
0,1,1,0,2
0,2,0,0,2
0,1,0,0,1
0,1,1,0,2
0,2,0,0,2
0,1,0,0,1
0,1,1,0,2
0,1,0,0,1
0,1,0,0,1
0,2,0,0,2
0,1,0,0,1
0,1,0,0,1
0,1,0,0,1
0,1,1,0,2
0,1,1,0,2
0,1,1,0,2
0,1,0,0,1
0,1,0,0,1
0,1,0,0,1
0,1,0,0,1
0,2,0,0,2
0,1,1,0,2
0,2,0,0,2
0,1,0,0,1
0,1,0,0,1
0,1,0,0,1
0,1,0,0,1
0,2,0,0,2
0,2,4,0,6
0,1,0,0,1
0,1,0,0,1
0,1,0,0,1
0,1,0,0,1
0,2,0,0,2
0,1,0,0,1
0,1,0,0,1
0,1,1,0,2
0,1,0,0,1
0,1,1,0,2
0,1,0,0,1
0,1,0,0,1
0,1,1,0,2
0,2,0,0,2
0,1,0,0,1
0,2,0,0,2
0,2,0,0,2
0,1,0,0,1
0,2,0,0,2
0,2,0,0,2
0,2,0,0,2
0,1,0,0,1
0,1,0,0,1
0,1,0,0,1
0,1,0,0,1
0,1,0,0,1
0,1,1,0,2
0,1,0,0,1
0,2,0,0,2
0,1,0,0,1
0,1,0,0,1
0,1,1,0,2
0,2,0,0,2
0,1,0,0,1
0,3,2,0,5
0,1,0,0,1
0,1,1,0,2
0,2,1,0,3
0,1,0,0,1
0,1,0,0,1
0,2,0,0,2
0,1,0,0,1
0,1,0,0,1
0,3,0,0,3
0,2,0,0,2
0,1,1,0,2
0,1,0,0,1
0,1,1,0,2
0,1,1,0,2
0,1,1,0,2
0,1,0,0,1
0,1,0,0,1
0,1,0,0,1
0,2,0,0,2
0,3,10,0,13
0,1,0,0,1
0,2,0,0,2
0,1,0,0,1
0,1,0,0,1
0,1,0,0,1
0,1,1,0,2
0,1,0,0,1
0,1,0,0,1
0,2,0,0,2
0,1,1,0,2
0,1,1,0,2
0,1,0,0,1
0,1,0,0,1
0,3,0,0,3
0,1,0,0,1
0,1,1,0,2
0,1,0,0,1
0,2,0,0,2
0,1,1,0,2
0,1,0,0,1
0,1,1,0,2
0,1,0,0,1
0,1,0,0,1
0,1,0,0,1
0,1,0,0,1
0,1,0,0,1
0,1,1,0,2
0,1,0,0,1
0,1,1,0,2
0,1,0,0,1
0,1,0,0,1
0,1,1,0,2
0,1,0,0,1
0,1,0,0,1
0,1,0,0,1
0,1,0,0,1
0,1,0,0,1
0,1,0,0,1
0,1,2,0,3
0,2,0,0,2
0,3,0,0,3
0,1,0,0,1
0,2,0,0,2
0,1,0,0,1
0,1,0,0,1
0,2,0,0,2
0,1,0,0,1
0,1,1,0,2
0,1,0,0,1
0,1,0,0,1
0,1,0,0,1
0,2,0,0,2
0,1,0,0,1
0,1,0,0,1
0,1,0,0,1
0,1,0,0,1
0,1,0,0,1
0,2,0,0,2
0,1,1,0,2
0,1,0,0,1
0,2,0,0,2
0,1,0,0,1
0,1,1,0,2
0,2,0,0,2
0,3,0,0,3
0,2,0,0,2
0,2,0,0,2
0,1,1,0,2
0,2,3,0,5
0,1,0,0,1
0,1,0,0,1
0,1,0,0,1
0,1,1,0,2
0,1,2,0,3
0,1,1,0,2
0,1,0,0,1
0,1,4,0,5
0,1,0,0,1
0,2,0,0,2
0,2,0,0,2
0,1,0,0,1
0,2,0,0,2
0,2,0,0,2
0,2,0,0,2
0,1,0,0,1
0,1,0,0,1
0,2,0,0,2
0,1,1,0,2
0,1,0,0,1
0,1,0,0,1
0,1,0,0,1
0,1,0,0,1
0,1,0,0,1
0,1,0,0,1
0,1,0,0,1
0,1,1,0,2
0,1,1,0,2
0,2,0,0,2
0,1,0,0,1
0,1,0,0,1
0,1,0,0,1
0,3,0,0,3
0,1,0,0,1
0,2,0,0,2
0,3,4,0,7
0,1,1,0,2
0,2,0,0,2
0,1,0,0,1
0,1,0,0,1
0,1,0,0,1
0,1,1,0,2
0,1,0,0,1
0,1,1,0,2
0,2,0,0,2
0,2,0,0,2
0,3,0,0,3
0,2,0,0,2
0,2,0,0,2
0,1,0,0,1
0,1,0,0,1
0,1,0,0,1
0,1,0,0,1
0,1,0,0,1
0,1,0,0,1
0,2,0,0,2
0,1,0,0,1
0,2,0,0,2
0,1,0,0,1
0,1,0,0,1
0,1,0,0,1
0,1,1,0,2
0,1,0,0,1
0,1,0,0,1
0,4,0,0,4
0,2,0,0,2
0,2,0,0,2
0,2,0,0,2
0,1,0,0,1
0,1,0,0,1
0,2,1,0,3
0,1,0,0,1
0,1,0,0,1
0,1,0,0,1
0,1,1,0,2
0,1,0,0,1
0,1,1,0,2
0,3,3,0,6
0,1,0,0,1
0,1,0,0,1
0,1,1,0,2
0,1,0,0,1
0,1,0,0,1
0,1,0,0,1
0,1,1,0,2
0,1,0,0,1
0,1,0,0,1
0,1,1,0,2
0,1,1,0,2
0,1,1,0,2
0,1,0,0,1
0,1,0,0,1
0,1,0,0,1
0,1,0,0,1
0,2,0,0,2
0,1,1,0,2
0,1,1,0,2
0,1,0,0,1
0,2,0,0,2
0,3,0,0,3
0,1,0,0,1
0,1,0,0,1
0,1,1,0,2
0,1,0,0,1
0,2,0,0,2
0,1,0,0,1
0,1,0,0,1
0,1,0,0,1
0,2,1,0,3
0,3,0,0,3
0,2,0,0,2
0,1,3,0,4
0,1,2,0,3
0,1,0,0,1
0,3,0,0,3
0,2,1,0,3
0,1,0,0,1
0,1,0,0,1
0,2,0,0,2
0,1,0,0,1
0,1,0,0,1
0,1,0,0,1
0,2,0,0,2
0,1,2,0,3
0,1,0,0,1
0,1,0,0,1
0,1,0,0,1
0,1,0,0,1
0,1,1,0,2
0,2,0,0,2
0,3,0,0,3
0,2,0,0,2
0,1,0,0,1
0,1,1,0,2
0,1,0,0,1
0,1,0,0,1
0,1,0,0,1
0,1,0,0,1
0,2,0,0,2
0,1,0,0,1
0,1,0,0,1
0,1,0,0,1
0,1,0,0,1
0,1,0,0,1
0,1,1,0,2
0,1,0,0,1
0,1,1,0,2
0,1,0,0,1
0,1,0,0,1
0,2,0,0,2
0,1,0,0,1
0,1,0,0,1
0,2,0,0,2
0,2,0,0,2
0,2,0,0,2
0,3,1,0,4
0,1,0,0,1
0,1,0,0,1
0,1,0,0,1
0,1,0,0,1
0,1,1,0,2
0,1,0,0,1
0,1,0,0,1
0,6,0,0,6
0,1,0,0,1
0,1,1,0,2
0,1,0,0,1
0,1,0,0,1
0,1,0,0,1
0,2,0,0,2
0,1,0,0,1
0,2,0,0,2
0,2,0,0,2
0,1,0,0,1
0,2,0,0,2
0,1,0,0,1
0,2,0,0,2
0,2,0,0,2
0,1,0,0,1
0,1,0,0,1
0,2,0,0,2
0,2,0,0,2
0,1,0,0,1
0,1,0,0,1
0,1,0,0,1
0,1,0,0,1
0,1,0,0,1
0,1,2,0,3
0,1,0,0,1
0,1,0,0,1
0,1,1,0,2
0,1,1,0,2
0,1,0,0,1
0,2,0,0,2
0,2,0,0,2
0,2,0,0,2
0,1,0,0,1
0,1,0,0,1
0,1,0,0,1
0,1,0,0,1
0,1,0,0,1
0,1,0,0,1
0,1,0,0,1
0,1,0,0,1
0,1,0,0,1
0,1,0,0,1
0,2,0,0,2
0,1,0,0,1
0,1,0,0,1
0,2,0,0,2
0,1,0,0,1
0,1,0,0,1
0,1,0,0,1
0,2,0,0,2
0,1,0,0,1
0,2,0,0,2
0,2,0,0,2
0,5,1,0,6
0,1,0,0,1
0,2,0,0,2
0,1,0,0,1
0,1,0,0,1
0,1,0,0,1
0,1,0,0,1
0,2,0,0,2
0,2,0,0,2
0,1,0,0,1
0,1,0,0,1
0,2,0,0,2
0,2,0,0,2
0,1,1,0,2
0,1,0,0,1
0,2,0,0,2
0,1,0,0,1
0,1,0,0,1
0,1,0,0,1
0,2,0,0,2
0,2,0,0,2
0,1,0,0,1
0,1,0,0,1
0,1,0,0,1
0,1,0,0,1
0,1,0,0,1
0,1,1,0,2
0,1,0,0,1
0,1,0,0,1
0,2,0,0,2
0,3,2,0,5
0,1,0,0,1
0,2,0,0,2
0,1,1,0,2
0,2,0,0,2
0,2,0,0,2
0,1,0,0,1
0,2,0,0,2
0,3,0,0,3
0,2,0,0,2
0,1,1,0,2
0,1,0,0,1
0,2,1,0,3
0,2,0,0,2
0,1,1,0,2
0,1,0,0,1
0,1,1,0,2
0,1,0,0,1
0,1,1,0,2
0,1,0,0,1
0,1,0,0,1
0,1,0,0,1
0,1,0,0,1
0,3,0,0,3
0,1,0,0,1
0,1,0,0,1
0,1,0,0,1
0,1,0,0,1
0,2,0,0,2
0,2,0,0,2
0,4,0,0,4
0,2,1,0,3
0,1,0,0,1
0,1,0,0,1
0,1,0,0,1
0,1,1,0,2
0,1,0,0,1
0,3,0,0,3
0,1,0,0,1
0,2,0,0,2
0,2,0,0,2
0,2,0,0,2
0,2,0,0,2
0,1,0,0,1
0,3,0,0,3
0,1,1,0,2
0,2,0,0,2
0,2,0,0,2
0,1,1,0,2
0,1,0,0,1
0,1,0,0,1
0,2,0,0,2
0,2,1,0,3
0,2,0,0,2
0,1,0,0,1
0,1,0,0,1
0,2,0,0,2
0,1,0,0,1
0,1,0,0,1
0,2,1,0,3
0,2,0,0,2
0,1,0,0,1
0,2,0,0,2
0,1,0,0,1
0,2,0,0,2
0,1,2,0,3
0,1,0,0,1
0,1,1,0,2
0,1,0,0,1
0,1,1,0,2
0,1,1,0,2
0,1,1,0,2
0,1,1,0,2
0,1,0,0,1
0,1,1,0,2
0,1,1,0,2
0,1,0,0,1
0,1,0,0,1
0,2,0,0,2
0,1,0,0,1
0,1,0,0,1
0,1,0,0,1
0,1,0,0,1
0,2,0,0,2
0,1,0,0,1
0,2,0,0,2
0,1,0,0,1
0,1,1,0,2
0,1,0,0,1
0,2,0,0,2
0,1,0,0,1
0,2,0,0,2
0,1,1,0,2
0,1,0,0,1
0,1,0,0,1
0,1,1,0,2
0,1,0,0,1
0,1,0,0,1
0,1,1,0,2
0,1,0,0,1
0,3,0,0,3
0,1,1,0,2
0,2,2,0,4
0,2,0,0,2
0,1,0,0,1
0,1,1,0,2
0,1,0,0,1
0,1,0,0,1
0,1,0,0,1
0,2,0,0,2
0,1,0,0,1
0,1,1,0,2
0,2,0,0,2
0,1,0,0,1
0,1,0,0,1
0,2,0,0,2
0,1,0,0,1
0,2,0,0,2
0,1,0,0,1
0,1,0,0,1
0,2,0,0,2
0,2,0,0,2
0,1,0,0,1
0,2,0,0,2
0,2,0,0,2
0,1,0,0,1
0,1,0,0,1
0,2,0,0,2
0,1,0,0,1
0,2,0,0,2
0,1,0,0,1
0,1,0,0,1
0,1,0,0,1
0,1,0,0,1
0,1,0,0,1
0,1,0,0,1
0,1,1,0,2
0,4,0,0,4
0,1,1,0,2
0,1,0,0,1
0,2,0,0,2
0,1,1,0,2
0,1,0,0,1
0,1,0,0,1
0,1,0,0,1
0,1,0,0,1
0,1,0,0,1
0,1,1,0,2
0,1,0,0,1
0,1,0,0,1
0,1,0,0,1
0,1,0,0,1
0,1,1,0,2
0,2,0,0,2
0,2,0,0,2
0,1,0,0,1
0,1,0,0,1
0,1,0,0,1
0,1,0,0,1
0,1,0,0,1
0,3,0,0,3
0,1,0,0,1
0,2,0,0,2
0,2,0,0,2
0,1,0,0,1
0,1,0,0,1
0,1,0,0,1
0,1,0,0,1
0,1,0,0,1
0,4,0,0,4
0,1,0,0,1
0,1,0,0,1
0,2,0,0,2
0,2,0,0,2
0,2,0,0,2
0,1,1,0,2
0,1,0,0,1
0,2,0,0,2
0,1,0,0,1
0,1,1,0,2
0,4,0,0,4
0,1,0,0,1
0,1,0,0,1
0,1,1,0,2
0,1,0,0,1
0,1,0,0,1
0,1,0,0,1
0,1,0,0,1
0,1,0,0,1
0,1,0,0,1
0,2,0,0,2
0,1,0,0,1
0,1,0,0,1
0,1,0,0,1
0,1,1,0,2
0,1,0,0,1
0,1,0,0,1
0,1,1,0,2
0,1,0,0,1
0,1,0,0,1
0,1,0,0,1
0,1,0,0,1
0,1,0,0,1
0,1,0,0,1
0,1,0,0,1
0,2,0,0,2
0,1,0,0,1
0,2,0,0,2
0,2,1,0,3
0,4,0,0,4
0,1,0,0,1
0,1,0,0,1
0,1,0,0,1
0,1,0,0,1
0,1,0,0,1
0,1,0,0,1
0,1,0,0,1
0,1,0,0,1
0,1,0,0,1
0,1,0,0,1
0,1,1,0,2
0,1,0,0,1
0,1,0,0,1
0,1,0,0,1
0,1,0,0,1
0,1,0,0,1
0,1,3,0,4
0,2,0,0,2
0,1,0,0,1
0,3,0,0,3
0,2,0,0,2
0,2,0,0,2
0,2,0,0,2
0,1,0,0,1
0,1,0,0,1
0,1,0,0,1
0,1,0,0,1
0,1,0,0,1
0,2,0,0,2
0,2,0,0,2
0,3,0,0,3
0,1,0,0,1
0,2,1,0,3
0,1,1,0,2
0,1,0,0,1
0,1,1,0,2
0,1,0,0,1
0,1,0,0,1
0,1,0,0,1
0,1,0,0,1
0,2,0,0,2
0,2,0,0,2
0,2,0,0,2
0,1,0,0,1
0,2,0,0,2
0,1,0,0,1
0,1,0,0,1
0,1,0,0,1
0,2,0,0,2
0,1,0,0,1
0,1,1,0,2
0,1,0,0,1
0,1,0,0,1
0,1,0,0,1
0,1,1,0,2
0,1,0,0,1
0,1,0,0,1
0,2,0,0,2
0,1,0,0,1
0,2,0,0,2
0,3,0,0,3
0,1,0,0,1
0,1,0,0,1
0,1,0,0,1
0,1,1,0,2
0,1,0,0,1
0,1,0,0,1
0,1,0,0,1
0,1,0,0,1
0,1,0,0,1
0,1,0,0,1
0,1,0,0,1
0,2,1,0,3
0,2,0,0,2
0,1,0,0,1
0,1,0,0,1
0,1,0,0,1
0,2,0,0,2
0,2,0,0,2
0,2,0,0,2
0,1,0,0,1
0,2,0,0,2
0,1,1,0,2
0,1,0,0,1
0,1,0,0,1
0,1,1,0,2
0,1,0,0,1
0,1,0,0,1
0,1,0,0,1
0,2,0,0,2
0,2,0,0,2
0,1,0,0,1
0,1,1,0,2
0,1,0,0,1
0,1,1,0,2
0,1,0,0,1
0,2,0,0,2
0,1,1,0,2
0,1,0,0,1
0,1,0,0,1
0,1,0,0,1
0,1,0,0,1
0,1,0,0,1
0,1,0,0,1
0,1,0,0,1
0,2,0,0,2
0,1,0,0,1
0,3,0,0,3
0,1,0,0,1
0,1,0,0,1
0,1,1,0,2
0,1,0,0,1
0,1,0,0,1
0,1,0,0,1
0,2,0,0,2
0,1,0,0,1
0,2,0,0,2
0,2,0,0,2
0,1,0,0,1
0,2,0,0,2
0,1,1,0,2
0,1,1,0,2
0,1,0,0,1
0,1,0,0,1
0,2,0,0,2
0,1,0,0,1
0,1,0,0,1
0,1,1,0,2
0,1,1,0,2
0,1,0,0,1
0,1,0,0,1
0,1,1,0,2
0,1,0,0,1
0,1,0,0,1
0,2,0,0,2
0,1,0,0,1
0,2,0,0,2
0,2,0,0,2
0,1,1,0,2
0,1,0,0,1
0,1,0,0,1
0,1,0,0,1
0,1,0,0,1
0,1,0,0,1
0,2,0,0,2
0,1,0,0,1
0,3,1,0,4
0,3,0,0,3
0,1,1,0,2
0,3,0,0,3
0,1,0,0,1
0,1,1,0,2
0,1,0,0,1
0,2,1,0,3
0,2,0,0,2
0,1,0,0,1
0,1,0,0,1
0,2,0,0,2
0,2,0,0,2
0,1,0,0,1
0,2,0,0,2
0,1,1,0,2
0,1,3,0,4
0,1,0,0,1
0,1,0,0,1
0,3,0,0,3
0,2,0,0,2
0,2,0,0,2
0,1,0,0,1
0,1,0,0,1
0,1,0,0,1
0,1,0,0,1
0,1,1,0,2
0,1,0,0,1
0,1,0,0,1
0,1,0,0,1
0,2,0,0,2
0,2,0,0,2
0,1,0,0,1
0,1,0,0,1
0,1,0,0,1
0,2,0,0,2
0,2,1,0,3
0,1,1,0,2
0,1,1,0,2
0,1,0,0,1
0,1,0,0,1
0,1,0,0,1
0,1,0,0,1
0,1,1,0,2
0,1,0,0,1
0,1,0,0,1
0,1,1,0,2
0,2,0,0,2
0,2,0,0,2
0,2,0,0,2
0,1,0,0,1
0,1,0,0,1
0,1,0,0,1
0,3,0,0,3
0,1,2,0,3
0,1,0,0,1
0,2,0,0,2
0,1,0,0,1
0,1,0,0,1
0,1,0,0,1
0,1,0,0,1
0,1,1,0,2
0,1,0,0,1
0,1,1,0,2
0,1,0,0,1
0,1,0,0,1
0,2,0,0,2
0,1,0,0,1
0,1,0,0,1
0,1,0,0,1
0,1,1,0,2
0,1,0,0,1
0,1,0,0,1
0,1,0,0,1
0,1,1,0,2
0,1,0,0,1
0,2,0,0,2
0,2,0,0,2
0,2,0,0,2
0,1,0,0,1
0,1,0,0,1
0,1,0,0,1
0,1,0,0,1
0,1,0,0,1
0,2,0,0,2
0,2,0,0,2
0,1,1,0,2
0,1,0,0,1
0,1,0,0,1
0,2,0,0,2
0,2,0,0,2
0,2,0,0,2
0,1,1,0,2
0,2,0,0,2
0,2,0,0,2
0,3,0,0,3
0,2,0,0,2
0,2,0,0,2
0,2,0,0,2
0,1,1,0,2
0,1,0,0,1
0,1,1,0,2
0,1,0,0,1
0,3,0,0,3
0,2,1,0,3
0,1,1,0,2
0,1,0,0,1
0,1,1,0,2
0,1,0,0,1
0,2,1,0,3
0,1,0,0,1
0,1,0,0,1
0,1,2,0,3
0,1,0,0,1
0,2,0,0,2
0,1,0,0,1
0,1,0,0,1
0,1,0,0,1
0,1,1,0,2
0,1,0,0,1
0,2,0,0,2
0,2,0,0,2
0,1,1,0,2
0,1,0,0,1
0,2,0,0,2
0,1,1,0,2
0,1,0,0,1
0,2,0,0,2
0,1,0,0,1
0,2,0,0,2
0,1,0,0,1
0,2,0,0,2
0,1,0,0,1
0,2,0,0,2
0,1,0,0,1
0,1,0,0,1
0,1,0,0,1
0,1,0,0,1
0,1,0,0,1
0,1,0,0,1
0,1,0,0,1
0,1,0,0,1
0,1,0,0,1
0,1,1,0,2
0,2,0,0,2
0,1,1,0,2
0,1,0,0,1
0,1,0,0,1
0,1,0,0,1
0,1,1,0,2
0,1,0,0,1
0,1,1,0,2
0,1,0,0,1
0,2,0,0,2
0,2,0,0,2
0,1,0,0,1
0,1,0,0,1
0,3,0,0,3
0,2,0,0,2
0,1,0,0,1
0,1,1,0,2
0,2,0,0,2
0,2,0,0,2
0,3,0,0,3
0,1,0,0,1
0,1,0,0,1
0,1,0,0,1
0,1,0,0,1
0,1,0,0,1
0,1,0,0,1
0,2,0,0,2
0,1,0,0,1
0,1,0,0,1
0,1,1,0,2
0,1,0,0,1
0,1,0,0,1
0,1,0,0,1
0,1,0,0,1
0,1,0,0,1
0,1,0,0,1
0,1,0,0,1
0,1,1,0,2
0,1,0,0,1
0,1,0,0,1
0,1,2,0,3
0,1,0,0,1
0,2,0,0,2
0,2,0,0,2
0,1,0,0,1
0,1,0,0,1
0,1,0,0,1
0,1,0,0,1
0,1,1,0,2
0,1,2,0,3
0,1,0,0,1
0,2,0,0,2
0,2,0,0,2
0,1,0,0,1
0,2,0,0,2
0,2,1,0,3
0,1,0,0,1
0,3,2,0,5
0,1,1,0,2
0,1,1,0,2
0,2,0,0,2
0,2,0,0,2
0,1,1,0,2
0,1,0,0,1
0,1,0,0,1
0,1,0,0,1
0,1,0,0,1
0,1,1,0,2
0,1,0,0,1
0,1,1,0,2
0,1,0,0,1
0,1,0,0,1
0,1,0,0,1
0,2,0,0,2
0,1,0,0,1
0,1,0,0,1
0,1,0,0,1
0,1,0,0,1
0,2,0,0,2
0,4,0,0,4
0,1,0,0,1
0,1,4,0,5
0,1,0,0,1
0,1,0,0,1
0,1,0,0,1
0,2,0,0,2
0,1,1,0,2
0,1,0,0,1
0,1,0,0,1
0,2,0,0,2
0,1,0,0,1
0,2,0,0,2
0,2,1,0,3
0,2,0,0,2
0,1,1,0,2
0,2,0,0,2
0,1,1,0,2
0,1,1,0,2
0,1,0,0,1
0,1,0,0,1
0,2,0,0,2
0,1,1,0,2
0,2,0,0,2
0,1,0,0,1
0,1,0,0,1
0,1,1,0,2
0,1,0,0,1
0,2,0,0,2
0,1,0,0,1
0,1,0,0,1
0,1,0,0,1
0,2,0,0,2
0,1,0,0,1
0,1,0,0,1
0,1,0,0,1
0,1,0,0,1
0,1,0,0,1
0,1,1,0,2
0,3,0,0,3
0,2,0,0,2
0,1,0,0,1
0,1,0,0,1
0,1,0,0,1
0,2,0,0,2
0,2,0,0,2
0,1,0,0,1
0,1,2,0,3
0,1,3,0,4
0,2,0,0,2
0,1,0,0,1
0,1,0,0,1
0,2,0,0,2
0,1,0,0,1
0,1,0,0,1
0,1,0,0,1
0,1,0,0,1
0,1,0,0,1
0,2,0,0,2
0,1,0,0,1
0,1,1,0,2
0,1,0,0,1
0,1,0,0,1
0,1,0,0,1
0,1,0,0,1
0,1,0,0,1
0,1,0,0,1
0,1,0,0,1
0,1,0,0,1
0,1,0,0,1
0,1,0,0,1
0,1,1,0,2
0,1,0,0,1
0,1,0,0,1
0,1,1,0,2
0,1,0,0,1
0,1,0,0,1
0,1,0,0,1
0,2,0,0,2
0,2,0,0,2
0,1,0,0,1
0,1,0,0,1
0,2,0,0,2
0,3,1,0,4
0,1,0,0,1
0,1,0,0,1
0,3,0,0,3
0,4,0,0,4
0,1,0,0,1
0,1,0,0,1
0,1,1,0,2
0,1,0,0,1
0,1,0,0,1
0,2,0,0,2
0,3,0,0,3
0,2,0,0,2
0,1,0,0,1
0,2,0,0,2
0,2,0,0,2
0,1,0,0,1
0,2,0,0,2
0,2,0,0,2
0,1,0,0,1
0,1,0,0,1
0,1,0,0,1
0,1,0,0,1
0,2,0,0,2
0,1,0,0,1
0,1,1,0,2
0,1,1,0,2
0,1,0,0,1
0,1,1,0,2
0,1,0,0,1
0,1,0,0,1
0,1,0,0,1
0,1,0,0,1
0,1,0,0,1
0,1,0,0,1
0,1,0,0,1
0,2,0,0,2
0,2,0,0,2
0,2,0,0,2
0,2,0,0,2
0,2,0,0,2
0,2,0,0,2
0,1,0,0,1
0,1,0,0,1
0,1,0,0,1
0,2,0,0,2
0,2,0,0,2
0,1,1,0,2
0,1,1,0,2
0,1,0,0,1
0,2,0,0,2
0,1,1,0,2
0,1,0,0,1
0,1,0,0,1
0,1,0,0,1
0,1,0,0,1
0,1,0,0,1
0,1,0,0,1
0,1,0,0,1
0,1,0,0,1
0,1,2,0,3
0,2,0,0,2
0,3,0,0,3
0,1,0,0,1
0,1,1,0,2
0,2,0,0,2
0,2,0,0,2
0,2,0,0,2
0,2,0,0,2
0,1,0,0,1
0,1,1,0,2
0,1,0,0,1
0,1,0,0,1
0,1,0,0,1
0,1,0,0,1
0,1,0,0,1
0,2,0,0,2
0,1,0,0,1
0,1,0,0,1
0,2,0,0,2
0,2,0,0,2
0,1,0,0,1
0,1,1,0,2
0,1,1,0,2
0,3,2,0,5
0,3,2,0,5
0,1,0,0,1
0,2,0,0,2
0,2,0,0,2
0,2,0,0,2
0,1,0,0,1
0,1,0,0,1
0,1,0,0,1
0,1,1,0,2
0,1,0,0,1
0,1,0,0,1
0,1,1,0,2
0,2,0,0,2
0,1,0,0,1
0,1,0,0,1
0,1,0,0,1
0,1,0,0,1
0,1,0,0,1
0,2,0,0,2
0,1,1,0,2
0,1,0,0,1
0,1,0,0,1
0,1,0,0,1
0,1,0,0,1
0,1,0,0,1
0,3,0,0,3
0,1,1,0,2
0,1,0,0,1
0,2,0,0,2
0,1,1,0,2
0,1,0,0,1
0,1,0,0,1
0,1,0,0,1
0,1,0,0,1
0,1,0,0,1
0,1,1,0,2
0,1,1,0,2
0,1,0,0,1
0,1,0,0,1
0,1,0,0,1
0,1,0,0,1
0,2,0,0,2
0,1,0,0,1
0,1,0,0,1
0,1,0,0,1
0,1,0,0,1
0,2,0,0,2
0,1,2,0,3
0,1,0,0,1
0,1,0,0,1
0,1,2,0,3
0,1,0,0,1
0,1,1,0,2
0,1,0,0,1
0,1,0,0,1
0,1,1,0,2
0,1,0,0,1
0,1,0,0,1
0,2,0,0,2
0,2,0,0,2
0,2,0,0,2
0,2,0,0,2
0,1,0,0,1
0,2,0,0,2
0,3,0,0,3
0,1,0,0,1
0,1,0,0,1
0,2,0,0,2
0,1,1,0,2
0,1,0,0,1
0,3,0,0,3
0,1,0,0,1
0,1,0,0,1
0,1,0,0,1
0,1,0,0,1
0,2,0,0,2
0,2,0,0,2
0,1,0,0,1
0,1,0,0,1
0,1,0,0,1
0,1,0,0,1
0,1,1,0,2
0,1,1,0,2
0,2,0,0,2
0,1,0,0,1
0,1,0,0,1
0,1,0,0,1
0,2,0,0,2
0,1,0,0,1
0,1,1,0,2
0,1,0,0,1
0,1,0,0,1
0,1,0,0,1
0,2,0,0,2
0,1,0,0,1
0,2,0,0,2
0,2,0,0,2
0,1,0,0,1
0,1,0,0,1
0,2,0,0,2
0,1,0,0,1
0,1,0,0,1
0,2,0,0,2
0,1,0,0,1
0,1,0,0,1
0,1,0,0,1
0,1,0,0,1
0,2,0,0,2
0,1,0,0,1
0,1,0,0,1
0,1,0,0,1
0,2,1,0,3
0,2,0,0,2
0,1,1,0,2
0,2,0,0,2
0,1,1,0,2
0,1,0,0,1
0,1,0,0,1
0,1,0,0,1
0,1,1,0,2
0,1,0,0,1
0,1,0,0,1
0,1,0,0,1
0,1,0,0,1
0,1,0,0,1
0,1,0,0,1
0,2,0,0,2
0,3,1,0,4
0,1,0,0,1
0,1,0,0,1
0,1,0,0,1
0,1,0,0,1
0,1,0,0,1
0,1,0,0,1
0,1,0,0,1
0,1,1,0,2
0,1,1,0,2
0,1,1,0,2
0,1,0,0,1
0,2,0,0,2
0,1,0,0,1
0,1,0,0,1
0,1,1,0,2
0,1,0,0,1
0,2,0,0,2
0,1,0,0,1
0,1,0,0,1
0,1,0,0,1
0,1,3,0,4
0,1,1,0,2
0,1,0,0,1
0,1,0,0,1
0,1,0,0,1
0,1,0,0,1
0,1,0,0,1
0,1,0,0,1
0,1,1,0,2
0,2,0,0,2
0,1,1,0,2
0,1,0,0,1
0,1,0,0,1
0,1,0,0,1
0,1,0,0,1
0,1,0,0,1
0,1,0,0,1
0,1,0,0,1
0,1,0,0,1
0,2,0,0,2
0,1,0,0,1
0,1,0,0,1
0,1,0,0,1
0,1,0,0,1
0,1,0,0,1
0,1,0,0,1
0,1,0,0,1
0,1,0,0,1
0,2,0,0,2
0,3,0,0,3
0,1,0,0,1
0,1,0,0,1
0,1,1,0,2
0,1,0,0,1
0,1,2,0,3
0,1,0,0,1
0,1,0,0,1
0,2,0,0,2
0,2,0,0,2
0,1,0,0,1
0,1,0,0,1
0,2,0,0,2
0,1,0,0,1
0,1,0,0,1
0,2,0,0,2
0,1,0,0,1
0,1,0,0,1
0,1,0,0,1
0,1,0,0,1
0,1,0,0,1
0,2,0,0,2
0,2,0,0,2
0,1,0,0,1
0,1,1,0,2
0,1,1,0,2
0,1,0,0,1
0,1,0,0,1
0,1,0,0,1
0,1,0,0,1
0,4,0,0,4
0,4,0,0,4
0,2,0,0,2
0,1,0,0,1
0,1,0,0,1
0,1,0,0,1
0,2,0,0,2
0,1,0,0,1
0,1,0,0,1
0,1,0,0,1
0,1,0,0,1
0,1,0,0,1
0,1,0,0,1
0,3,0,0,3
0,2,0,0,2
0,1,1,0,2
0,1,0,0,1
0,3,0,0,3
0,1,0,0,1
0,1,0,0,1
0,1,0,0,1
0,1,0,0,1
0,1,1,0,2
0,1,1,0,2
0,4,0,0,4
0,1,0,0,1
0,1,1,0,2
0,1,2,0,3
0,1,0,0,1
0,1,0,0,1
0,1,0,0,1
0,1,0,0,1
0,3,0,0,3
0,3,0,0,3
0,1,0,0,1
0,2,0,0,2
0,1,0,0,1
0,1,0,0,1
0,2,0,0,2
0,3,0,0,3
0,2,0,0,2
0,1,1,0,2
0,1,0,0,1
0,2,0,0,2
0,2,0,0,2
0,1,0,0,1
0,1,1,0,2
0,1,0,0,1
0,1,0,0,1
0,1,0,0,1
0,1,0,0,1
0,1,0,0,1
0,2,0,0,2
0,2,0,0,2
0,1,0,0,1
0,2,0,0,2
0,2,0,0,2
0,3,2,0,5
0,3,3,0,6
0,2,1,0,3
0,1,0,0,1
0,1,0,0,1
0,1,0,0,1
0,3,0,0,3
0,3,0,0,3
0,2,0,0,2
0,1,0,0,1
0,1,0,0,1
0,1,1,0,2
0,2,0,0,2
0,2,0,0,2
0,1,0,0,1
0,1,1,0,2
0,1,0,0,1
0,1,1,0,2
0,1,0,0,1
0,1,0,0,1
0,1,0,0,1
0,1,0,0,1
0,2,3,0,5
0,1,0,0,1
0,1,1,0,2
0,2,0,0,2
0,1,1,0,2
0,1,0,0,1
0,1,0,0,1
0,2,0,0,2
0,1,0,0,1
0,1,0,0,1
0,1,0,0,1
0,1,0,0,1
0,1,0,0,1
0,1,0,0,1
0,2,0,0,2
0,1,1,0,2
0,1,0,0,1
0,1,0,0,1
0,2,0,0,2
0,1,0,0,1
0,1,1,0,2
0,2,0,0,2
0,1,0,0,1
0,2,0,0,2
0,1,0,0,1
0,2,0,0,2
0,1,0,0,1
0,1,0,0,1
0,2,0,0,2
0,1,0,0,1
0,1,0,0,1
0,2,0,0,2
0,2,0,0,2
0,1,0,0,1
0,1,0,0,1
0,2,0,0,2
0,1,0,0,1
0,1,1,0,2
0,1,0,0,1
0,1,0,0,1
0,1,0,0,1
0,1,0,0,1
0,1,1,0,2
0,1,1,0,2
0,1,1,0,2
0,1,1,0,2
0,2,0,0,2
0,2,0,0,2
0,1,0,0,1
0,1,0,0,1
0,2,0,0,2
0,2,0,0,2
0,1,0,0,1
0,1,0,0,1
0,1,0,0,1
0,1,2,0,3
0,2,0,0,2
0,1,0,0,1
0,1,0,0,1
0,1,0,0,1
0,1,0,0,1
0,1,0,0,1
0,1,2,0,3
0,1,0,0,1
0,1,0,0,1
0,1,0,0,1
0,1,0,0,1
0,1,0,0,1
0,1,0,0,1
0,1,0,0,1
0,1,1,0,2
0,1,0,0,1
0,2,0,0,2
0,2,0,0,2
0,1,0,0,1
0,1,0,0,1
0,1,0,0,1
0,1,0,0,1
0,1,1,0,2
0,2,0,0,2
0,2,0,0,2
0,1,0,0,1
0,1,0,0,1
0,1,0,0,1
0,1,0,0,1
0,1,0,0,1
0,1,0,0,1
0,2,0,0,2
0,1,0,0,1
0,1,0,0,1
0,1,0,0,1
0,1,0,0,1
0,1,0,0,1
0,1,0,0,1
0,1,0,0,1
0,1,0,0,1
0,1,0,0,1
0,2,0,0,2
0,1,1,0,2
0,1,0,0,1
0,1,0,0,1
0,1,0,0,1
0,1,0,0,1
0,1,0,0,1
0,1,0,0,1
0,1,0,0,1
0,2,0,0,2
0,1,0,0,1
0,1,0,0,1
0,2,0,0,2
0,1,0,0,1
0,1,1,0,2
0,1,0,0,1
0,1,1,0,2
0,1,0,0,1
0,1,0,0,1
0,1,0,0,1
0,1,0,0,1
0,2,0,0,2
0,1,0,0,1
0,3,2,0,5
0,1,0,0,1
0,1,0,0,1
0,1,0,0,1
0,1,0,0,1
0,1,0,0,1
0,2,0,0,2
0,3,0,0,3
0,2,0,0,2
0,1,0,0,1
0,1,0,0,1
0,1,0,0,1
0,1,0,0,1
0,1,0,0,1
0,1,1,0,2
0,1,0,0,1
0,1,0,0,1
0,1,0,0,1
0,1,0,0,1
0,1,1,0,2
0,1,2,0,3
0,1,0,0,1
0,1,0,0,1
0,1,1,0,2
0,1,0,0,1
0,1,0,0,1
0,2,0,0,2
0,1,0,0,1
0,1,1,0,2
0,1,0,0,1
0,2,0,0,2
0,2,0,0,2
0,1,0,0,1
0,1,0,0,1
0,1,1,0,2
0,1,1,0,2
0,1,0,0,1
0,1,1,0,2
0,1,0,0,1
0,1,1,0,2
0,2,0,0,2
0,1,0,0,1
0,1,0,0,1
0,1,0,0,1
0,1,0,0,1
0,1,0,0,1
0,2,0,0,2
0,1,0,0,1
0,1,0,0,1
0,3,0,0,3
0,1,1,0,2
0,1,0,0,1
0,1,0,0,1
0,2,0,0,2
0,1,0,0,1
0,1,0,0,1
0,1,0,0,1
0,1,0,0,1
0,1,0,0,1
0,1,0,0,1
0,2,0,0,2
0,2,0,0,2
0,1,0,0,1
0,1,0,0,1
0,1,1,0,2
0,1,0,0,1
0,1,0,0,1
0,1,0,0,1
0,3,0,0,3
0,1,0,0,1
0,2,0,0,2
0,2,0,0,2
0,2,0,0,2
0,1,0,0,1
0,1,0,0,1
0,2,0,0,2
0,1,0,0,1
0,1,1,0,2
0,1,0,0,1
0,2,0,0,2
0,2,0,0,2
0,1,0,0,1
0,1,2,0,3
0,1,1,0,2
0,1,0,0,1
0,1,0,0,1
0,1,0,0,1
0,1,0,0,1
0,1,0,0,1
0,3,0,0,3
0,3,0,0,3
0,1,1,0,2
0,1,1,0,2
0,1,0,0,1
0,2,0,0,2
0,1,3,0,4
0,1,0,0,1
0,1,0,0,1
0,2,0,0,2
0,1,0,0,1
0,1,0,0,1
0,1,1,0,2
0,1,0,0,1
0,1,1,0,2
0,1,0,0,1
0,1,1,0,2
0,1,0,0,1
0,2,0,0,2
0,2,0,0,2
0,1,0,0,1
0,1,1,0,2
0,1,0,0,1
0,2,1,0,3
0,1,0,0,1
0,1,2,0,3
0,1,0,0,1
0,1,0,0,1
0,2,2,0,4
0,2,0,0,2
0,2,0,0,2
0,1,0,0,1
0,1,0,0,1
0,1,0,0,1
0,1,0,0,1
0,1,0,0,1
0,1,1,0,2
0,1,1,0,2
0,1,1,0,2
0,2,0,0,2
0,1,0,0,1
0,1,1,0,2
0,1,0,0,1
0,1,0,0,1
0,1,0,0,1
0,1,0,0,1
0,1,1,0,2
0,1,1,0,2
0,2,1,0,3
0,2,0,0,2
0,1,0,0,1
0,2,0,0,2
0,1,0,0,1
0,1,0,0,1
0,1,0,0,1
0,1,0,0,1
0,1,0,0,1
0,1,0,0,1
0,1,0,0,1
0,1,0,0,1
0,1,0,0,1
0,1,1,0,2
0,1,1,0,2
0,1,0,0,1
0,1,0,0,1
0,1,1,0,2
0,1,0,0,1
0,1,0,0,1
0,2,0,0,2
0,1,1,0,2
0,1,0,0,1
0,1,0,0,1
0,1,0,0,1
0,1,0,0,1
0,1,0,0,1
0,1,1,0,2
0,1,1,0,2
0,1,0,0,1
0,1,0,0,1
0,1,0,0,1
0,1,0,0,1
0,1,0,0,1
0,1,0,0,1
0,1,0,0,1
0,1,0,0,1
0,1,1,0,2
0,1,0,0,1
0,1,0,0,1
0,1,1,0,2
0,2,0,0,2
0,1,0,0,1
0,1,0,0,1
0,1,0,0,1
0,1,0,0,1
0,1,0,0,1
0,1,0,0,1
0,2,0,0,2
0,1,2,0,3
0,1,0,0,1
0,2,0,0,2
0,1,0,0,1
0,1,0,0,1
0,1,0,0,1
0,1,0,0,1
0,1,0,0,1
0,1,0,0,1
0,1,0,0,1
0,1,0,0,1
0,2,0,0,2
0,1,0,0,1
0,1,0,0,1
0,1,0,0,1
0,1,0,0,1
0,2,0,0,2
0,1,0,0,1
0,1,0,0,1
0,1,1,0,2
0,1,0,0,1
0,1,0,0,1
0,1,0,0,1
0,1,0,0,1
0,2,0,0,2
0,1,0,0,1
0,1,1,0,2
0,1,0,0,1
0,2,1,0,3
0,2,0,0,2
0,2,0,0,2
0,1,0,0,1
0,1,0,0,1
0,1,0,0,1
0,1,0,0,1
0,1,0,0,1
0,1,1,0,2
0,1,0,0,1
0,1,0,0,1
0,2,0,0,2
0,1,0,0,1
0,1,0,0,1
0,1,0,0,1
0,1,0,0,1
0,1,1,0,2
0,1,0,0,1
0,1,0,0,1
0,1,0,0,1
0,1,0,0,1
0,1,0,0,1
0,1,0,0,1
0,1,0,0,1
0,1,1,0,2
0,3,1,0,4
0,1,0,0,1
0,1,1,0,2
0,1,0,0,1
0,1,0,0,1
0,2,0,0,2
0,1,0,0,1
0,2,0,0,2
0,1,0,0,1
0,1,0,0,1
0,1,0,0,1
0,2,1,0,3
0,1,0,0,1
0,1,0,0,1
0,1,0,0,1
0,1,0,0,1
0,1,0,0,1
0,1,1,0,2
0,1,0,0,1
0,2,0,0,2
0,2,0,0,2
0,1,0,0,1
0,1,0,0,1
0,2,0,0,2
0,2,0,0,2
0,1,0,0,1
0,2,0,0,2
0,1,0,0,1
0,1,1,0,2
0,1,0,0,1
0,1,1,0,2
0,1,0,0,1
0,1,0,0,1
0,1,0,0,1
0,1,0,0,1
0,1,0,0,1
0,1,0,0,1
0,1,0,0,1
0,1,1,0,2
0,2,0,0,2
0,1,0,0,1
0,2,0,0,2
0,1,0,0,1
0,2,0,0,2
0,1,1,0,2
0,1,0,0,1
0,1,1,0,2
0,1,0,0,1
0,1,0,0,1
0,1,0,0,1
0,1,0,0,1
0,1,0,0,1
0,1,0,0,1
0,2,0,0,2
0,3,0,0,3
0,3,0,0,3
0,1,0,0,1
0,1,0,0,1
0,1,1,0,2
0,2,0,0,2
0,2,1,0,3
0,1,0,0,1
0,2,1,0,3
0,1,0,0,1
0,1,1,0,2
0,2,0,0,2
0,1,1,0,2
0,2,0,0,2
0,2,0,0,2
0,1,0,0,1
0,1,0,0,1
0,1,0,0,1
0,2,0,0,2
0,2,1,0,3
0,1,1,0,2
0,1,0,0,1
0,1,1,0,2
0,1,1,0,2
0,2,0,0,2
0,2,0,0,2
0,2,0,0,2
0,1,0,0,1
0,2,0,0,2
0,1,0,0,1
0,2,0,0,2
0,1,1,0,2
0,1,0,0,1
0,1,0,0,1
0,1,1,0,2
0,3,0,0,3
0,1,0,0,1
0,1,0,0,1
0,1,0,0,1
0,2,0,0,2
0,1,0,0,1
0,1,1,0,2
0,1,0,0,1
0,2,0,0,2
0,1,0,0,1
0,1,0,0,1
0,1,0,0,1
0,1,0,0,1
0,1,0,0,1
0,3,0,0,3
0,1,0,0,1
0,1,0,0,1
0,1,0,0,1
0,2,0,0,2
0,1,0,0,1
0,1,0,0,1
0,1,5,0,6
0,1,0,0,1
0,1,3,0,4
0,1,0,0,1
0,1,0,0,1
0,1,1,0,2
0,1,0,0,1
0,1,0,0,1
0,1,0,0,1
0,1,0,0,1
0,2,0,0,2
0,1,0,0,1
0,1,0,0,1
0,1,1,0,2
0,1,1,0,2
0,2,0,0,2
0,1,1,0,2
0,1,0,0,1
0,1,1,0,2
0,1,0,0,1
0,3,0,0,3
0,1,0,0,1
0,1,0,0,1
0,1,0,0,1
0,1,1,0,2
0,1,0,0,1
0,1,0,0,1
0,1,0,0,1
0,1,1,0,2
0,2,0,0,2
0,2,1,0,3
0,2,0,0,2
0,2,0,0,2
0,2,1,0,3
0,3,0,0,3
0,1,0,0,1
0,1,0,0,1
0,2,0,0,2
0,3,0,0,3
0,1,0,0,1
0,1,1,0,2
0,1,0,0,1
0,2,0,0,2
0,1,0,0,1
0,1,1,0,2
0,1,1,0,2
0,1,0,0,1
0,1,1,0,2
0,1,0,0,1
0,1,1,0,2
0,1,0,0,1
0,1,1,0,2
0,1,0,0,1
0,2,0,0,2
0,1,0,0,1
0,2,0,0,2
0,1,0,0,1
0,1,0,0,1
0,1,1,0,2
0,1,0,0,1
0,1,0,0,1
0,2,0,0,2
0,1,1,0,2
0,1,0,0,1
0,1,1,0,2
0,1,1,0,2
0,1,0,0,1
0,1,0,0,1
0,2,0,0,2
0,1,0,0,1
0,2,0,0,2
0,1,0,0,1
0,1,0,0,1
0,1,1,0,2
0,1,1,0,2
0,1,0,0,1
0,2,0,0,2
0,1,1,0,2
0,2,0,0,2
0,1,0,0,1
0,1,0,0,1
0,2,0,0,2
0,1,1,0,2
0,1,1,0,2
0,1,0,0,1
0,2,0,0,2
0,1,0,0,1
0,2,0,0,2
0,1,0,0,1
0,2,0,0,2
0,2,0,0,2
0,1,0,0,1
0,1,1,0,2
0,1,0,0,1
0,1,0,0,1
0,1,0,0,1
0,1,0,0,1
0,1,0,0,1
0,1,0,0,1
0,1,0,0,1
0,1,1,0,2
0,2,0,0,2
0,1,0,0,1
0,1,0,0,1
0,1,0,0,1
0,1,0,0,1
0,1,0,0,1
0,1,1,0,2
0,1,0,0,1
0,1,1,0,2
0,1,1,0,2
0,1,0,0,1
0,1,0,0,1
0,2,0,0,2
0,1,1,0,2
0,1,0,0,1
0,1,0,0,1
0,1,1,0,2
0,1,0,0,1
0,1,0,0,1
0,1,0,0,1
0,1,0,0,1
0,2,0,0,2
0,2,0,0,2
0,1,0,0,1
0,2,0,0,2
0,1,0,0,1
0,2,0,0,2
0,2,0,0,2
0,1,0,0,1
0,2,0,0,2
0,1,0,0,1
0,2,0,0,2
0,1,0,0,1
0,1,0,0,1
0,1,0,0,1
0,1,0,0,1
0,2,0,0,2
0,1,0,0,1
0,1,0,0,1
0,1,0,0,1
0,1,0,0,1
0,1,0,0,1
0,1,0,0,1
0,1,0,0,1
0,1,0,0,1
0,1,0,0,1
0,1,0,0,1
0,3,0,0,3
0,1,1,0,2
0,1,1,0,2
0,2,0,0,2
0,1,0,0,1
0,1,0,0,1
0,1,0,0,1
0,1,0,0,1
0,1,0,0,1
0,1,0,0,1
0,1,0,0,1
0,1,1,0,2
0,1,0,0,1
0,2,0,0,2
0,2,0,0,2
0,1,1,0,2
0,1,0,0,1
0,2,0,0,2
0,1,0,0,1
0,2,0,0,2
0,1,0,0,1
0,1,0,0,1
0,1,1,0,2
0,1,2,0,3
0,1,0,0,1
0,1,0,0,1
0,2,0,0,2
0,1,0,0,1
0,2,0,0,2
0,1,0,0,1
0,1,0,0,1
0,1,0,0,1
0,1,1,0,2
0,1,0,0,1
0,1,1,0,2
0,1,0,0,1
0,1,0,0,1
0,1,1,0,2
0,1,0,0,1
0,1,1,0,2
0,1,0,0,1
0,1,1,0,2
0,1,0,0,1
0,1,0,0,1
0,1,1,0,2
0,2,0,0,2
0,1,0,0,1
0,2,0,0,2
0,1,0,0,1
0,2,0,0,2
0,1,0,0,1
0,1,0,0,1
0,3,0,0,3
0,1,0,0,1
0,3,0,0,3
0,2,0,0,2
0,1,0,0,1
0,2,0,0,2
0,1,1,0,2
0,1,0,0,1
0,2,0,0,2
0,2,0,0,2
0,1,1,0,2
0,1,0,0,1
0,1,1,0,2
0,1,0,0,1
0,1,0,0,1
0,1,0,0,1
0,2,0,0,2
0,2,0,0,2
0,2,1,0,3
0,1,0,0,1
0,3,0,0,3
0,2,0,0,2
0,1,0,0,1
0,1,2,0,3
0,1,1,0,2
0,1,1,0,2
0,1,0,0,1
0,1,0,0,1
0,2,0,0,2
0,2,0,0,2
0,3,0,0,3
0,1,0,0,1
0,1,0,0,1
0,1,0,0,1
0,1,0,0,1
0,2,1,0,3
0,1,0,0,1
0,1,1,0,2
0,1,0,0,1
0,1,0,0,1
0,1,1,0,2
0,1,0,0,1
0,1,1,0,2
0,1,0,0,1
0,1,0,0,1
0,1,0,0,1
0,1,0,0,1
0,2,0,0,2
0,1,0,0,1
0,1,0,0,1
0,1,0,0,1
0,1,0,0,1
0,2,0,0,2
0,1,0,0,1
0,1,0,0,1
0,1,1,0,2
0,1,0,0,1
0,1,0,0,1
0,1,0,0,1
0,1,1,0,2
0,1,0,0,1
0,1,0,0,1
0,1,0,0,1
0,1,0,0,1
0,1,0,0,1
0,2,0,0,2
0,1,0,0,1
0,2,0,0,2
0,1,0,0,1
0,1,0,0,1
0,1,1,0,2
0,1,0,0,1
0,2,0,0,2
0,2,0,0,2
0,2,0,0,2
0,1,0,0,1
0,1,0,0,1
0,1,0,0,1
0,2,0,0,2
0,1,0,0,1
0,1,0,0,1
0,1,0,0,1
0,1,0,0,1
0,1,0,0,1
0,1,1,0,2
0,1,0,0,1
0,2,0,0,2
0,1,0,0,1
0,1,0,0,1
0,1,0,0,1
0,1,0,0,1
0,1,0,0,1
0,2,0,0,2
0,2,0,0,2
0,1,0,0,1
0,1,0,0,1
0,1,0,0,1
0,2,0,0,2
0,1,0,0,1
0,2,0,0,2
0,1,0,0,1
0,2,0,0,2
0,2,0,0,2
0,1,1,0,2
0,1,0,0,1
0,1,0,0,1
0,2,0,0,2
0,2,0,0,2
0,1,0,0,1
0,1,0,0,1
0,1,0,0,1
0,1,0,0,1
0,1,0,0,1
0,1,0,0,1
0,2,1,0,3
0,1,0,0,1
0,1,1,0,2
0,1,0,0,1
0,2,0,0,2
0,1,0,0,1
0,1,0,0,1
0,1,1,0,2
0,1,0,0,1
0,1,0,0,1
0,1,0,0,1
0,2,1,0,3
0,1,0,0,1
0,2,0,0,2
0,1,0,0,1
0,1,0,0,1
0,1,0,0,1
0,1,0,0,1
0,1,0,0,1
0,1,0,0,1
0,1,0,0,1
0,1,0,0,1
0,1,0,0,1
0,2,0,0,2
0,1,1,0,2
0,1,0,0,1
0,2,1,0,3
0,2,0,0,2
0,1,0,0,1
0,1,1,0,2
0,1,0,0,1
0,1,1,0,2
0,1,0,0,1
0,1,0,0,1
0,1,0,0,1
0,1,0,0,1
0,1,0,0,1
0,2,0,0,2
0,1,0,0,1
0,2,0,0,2
0,1,1,0,2
0,1,0,0,1
0,2,0,0,2
0,2,0,0,2
0,1,0,0,1
0,1,1,0,2
0,1,0,0,1
0,1,0,0,1
0,1,1,0,2
0,2,0,0,2
0,2,0,0,2
0,1,0,0,1
0,1,0,0,1
0,2,0,0,2
0,1,0,0,1
0,1,0,0,1
0,1,0,0,1
0,1,0,0,1
0,1,0,0,1
0,1,0,0,1
0,1,0,0,1
0,1,0,0,1
0,1,0,0,1
0,2,0,0,2
0,2,0,0,2
0,1,0,0,1
0,2,0,0,2
0,2,0,0,2
0,1,0,0,1
0,1,0,0,1
0,1,0,0,1
0,1,1,0,2
0,1,0,0,1
0,1,1,0,2
0,1,0,0,1
0,1,1,0,2
0,1,1,0,2
0,1,1,0,2
0,1,0,0,1
0,1,0,0,1
0,1,1,0,2
0,1,0,0,1
0,2,0,0,2
0,1,0,0,1
0,1,0,0,1
0,1,0,0,1
0,3,0,0,3
0,1,0,0,1
0,3,0,0,3
0,1,1,0,2
0,1,0,0,1
0,1,1,0,2
0,1,1,0,2
0,1,1,0,2
0,1,0,0,1
0,1,1,0,2
0,2,0,0,2
0,2,0,0,2
0,1,0,0,1
0,2,0,0,2
0,2,4,0,6
0,1,0,0,1
0,2,0,0,2
0,1,0,0,1
0,1,0,0,1
0,1,0,0,1
0,1,0,0,1
0,1,1,0,2
0,1,0,0,1
0,1,0,0,1
0,1,0,0,1
0,1,0,0,1
0,2,0,0,2
0,1,0,0,1
0,1,0,0,1
0,1,0,0,1
0,1,1,0,2
0,1,0,0,1
0,1,0,0,1
0,1,1,0,2
0,2,0,0,2
0,1,0,0,1
0,1,1,0,2
0,1,0,0,1
0,1,0,0,1
0,1,0,0,1
0,1,0,0,1
0,1,0,0,1
0,3,0,0,3
0,1,2,0,3
0,1,1,0,2
0,2,0,0,2
0,1,1,0,2
0,2,0,0,2
0,1,0,0,1
0,1,0,0,1
0,1,0,0,1
0,1,1,0,2
0,1,1,0,2
0,1,0,0,1
0,1,0,0,1
0,1,0,0,1
0,1,0,0,1
0,1,0,0,1
0,1,1,0,2
0,1,0,0,1
0,1,1,0,2
0,1,1,0,2
0,1,0,0,1
0,1,0,0,1
0,1,1,0,2
0,1,0,0,1
0,2,0,0,2
0,1,0,0,1
0,1,0,0,1
0,1,0,0,1
0,2,0,0,2
0,1,0,0,1
0,1,0,0,1
0,1,1,0,2
0,1,0,0,1
0,1,0,0,1
0,2,3,0,5
0,2,0,0,2
0,2,0,0,2
0,1,0,0,1
0,1,0,0,1
0,1,0,0,1
0,1,0,0,1
0,1,0,0,1
0,1,0,0,1
0,1,0,0,1
0,1,1,0,2
0,1,0,0,1
0,1,0,0,1
0,1,1,0,2
0,1,0,0,1
0,1,0,0,1
0,1,0,0,1
0,2,0,0,2
0,2,0,0,2
0,1,0,0,1
0,1,0,0,1
0,1,0,0,1
0,1,0,0,1
0,1,1,0,2
0,1,1,0,2
0,2,0,0,2
0,1,0,0,1
0,1,0,0,1
0,1,1,0,2
0,1,1,0,2
0,1,0,0,1
0,1,0,0,1
0,1,0,0,1
0,1,0,0,1
0,1,1,0,2
0,1,0,0,1
0,2,0,0,2
0,1,0,0,1
0,2,0,0,2
0,1,1,0,2
0,1,0,0,1
0,1,1,0,2
0,2,0,0,2
0,1,0,0,1
0,1,0,0,1
0,1,0,0,1
0,1,0,0,1
0,1,0,0,1
0,1,0,0,1
0,1,0,0,1
0,1,0,0,1
0,1,1,0,2
0,2,0,0,2
0,1,0,0,1
0,1,1,0,2
0,1,0,0,1
0,1,0,0,1
0,1,0,0,1
0,2,0,0,2
0,1,0,0,1
0,1,0,0,1
0,2,0,0,2
0,1,0,0,1
0,1,1,0,2
0,1,0,0,1
0,1,0,0,1
0,2,0,0,2
0,2,0,0,2
0,1,2,0,3
0,1,0,0,1
0,2,0,0,2
0,2,0,0,2
0,1,1,0,2
0,1,0,0,1
0,2,0,0,2
0,1,0,0,1
0,1,1,0,2
0,2,1,0,3
0,1,1,0,2
0,1,1,0,2
0,2,0,0,2
0,2,0,0,2
0,1,0,0,1
0,1,0,0,1
0,1,0,0,1
0,1,0,0,1
0,1,0,0,1
0,1,0,0,1
0,1,0,0,1
0,1,0,0,1
0,1,0,0,1
0,1,0,0,1
0,3,0,0,3
0,3,0,0,3
0,1,0,0,1
0,1,0,0,1
0,1,0,0,1
0,2,0,0,2
0,1,0,0,1
0,1,0,0,1
0,1,0,0,1
0,1,0,0,1
0,1,1,0,2
0,1,1,0,2
0,1,1,0,2
0,1,1,0,2
0,1,1,0,2
0,1,0,0,1
0,1,0,0,1
0,1,0,0,1
0,1,0,0,1
0,1,0,0,1
0,1,0,0,1
0,1,0,0,1
0,1,0,0,1
0,1,0,0,1
0,1,1,0,2
0,1,0,0,1
0,1,1,0,2
0,1,0,0,1
0,1,1,0,2
0,1,1,0,2
0,1,0,0,1
0,1,1,0,2
0,1,0,0,1
0,2,0,0,2
0,1,0,0,1
0,1,0,0,1
0,1,0,0,1
0,1,0,0,1
0,1,0,0,1
0,1,0,0,1
0,1,2,0,3
0,2,0,0,2
0,2,0,0,2
0,2,0,0,2
0,1,0,0,1
0,1,0,0,1
0,1,0,0,1
0,1,0,0,1
0,1,0,0,1
0,1,1,0,2
0,1,0,0,1
0,1,0,0,1
0,1,0,0,1
0,3,0,0,3
0,2,0,0,2
0,1,0,0,1
0,1,1,0,2
0,1,0,0,1
0,1,0,0,1
0,1,1,0,2
0,1,0,0,1
0,1,0,0,1
0,1,1,0,2
0,1,0,0,1
0,1,0,0,1
0,1,1,0,2
0,1,0,0,1
0,1,0,0,1
0,2,0,0,2
0,1,0,0,1
0,1,1,0,2
0,1,2,0,3
0,1,0,0,1
0,1,0,0,1
0,2,0,0,2
0,1,0,0,1
0,1,1,0,2
0,1,0,0,1
0,1,0,0,1
0,1,0,0,1
0,2,0,0,2
0,1,0,0,1
0,1,0,0,1
0,1,1,0,2
0,1,0,0,1
0,2,1,0,3
0,1,0,0,1
0,1,0,0,1
0,1,1,0,2
0,1,0,0,1
0,1,0,0,1
0,1,0,0,1
0,1,0,0,1
0,1,0,0,1
0,1,0,0,1
0,1,1,0,2
0,1,0,0,1
0,2,3,0,5
0,1,0,0,1
0,1,0,0,1
0,1,0,0,1
0,1,0,0,1
0,2,0,0,2
0,1,0,0,1
0,1,1,0,2
0,1,0,0,1
0,1,0,0,1
0,1,1,0,2
0,1,0,0,1
0,1,0,0,1
0,2,0,0,2
0,2,0,0,2
0,1,0,0,1
0,1,1,0,2
0,1,1,0,2
0,1,0,0,1
0,1,1,0,2
0,1,2,0,3
0,1,1,0,2
0,1,0,0,1
0,1,0,0,1
0,1,0,0,1
0,1,1,0,2
0,1,0,0,1
0,2,0,0,2
0,1,0,0,1
0,1,0,0,1
0,1,0,0,1
0,1,0,0,1
0,2,1,0,3
0,2,1,0,3
0,1,0,0,1
0,2,0,0,2
0,1,1,0,2
0,1,0,0,1
0,1,0,0,1
0,1,0,0,1
0,1,1,0,2
0,1,1,0,2
0,1,0,0,1
0,1,0,0,1
0,1,0,0,1
0,2,0,0,2
0,2,3,0,5
0,1,0,0,1
0,1,1,0,2
0,2,0,0,2
0,1,1,0,2
0,1,0,0,1
0,1,1,0,2
0,1,0,0,1
0,1,1,0,2
0,1,0,0,1
0,1,0,0,1
0,2,0,0,2
0,2,0,0,2
0,2,0,0,2
0,1,0,0,1
0,3,0,0,3
0,2,0,0,2
0,1,0,0,1
0,1,0,0,1
0,1,1,0,2
0,1,0,0,1
0,3,0,0,3
0,1,0,0,1
0,1,0,0,1
0,1,0,0,1
0,1,1,0,2
0,1,0,0,1
0,1,1,0,2
0,1,0,0,1
0,1,0,0,1
0,1,0,0,1
0,3,0,0,3
0,2,0,0,2
0,1,0,0,1
0,1,0,0,1
0,1,0,0,1
0,2,0,0,2
0,1,0,0,1
0,1,0,0,1
0,2,0,0,2
0,1,0,0,1
0,2,0,0,2
0,1,0,0,1
0,1,1,0,2
0,1,0,0,1
0,1,1,0,2
0,1,0,0,1
0,1,1,0,2
0,1,0,0,1
0,1,0,0,1
0,1,0,0,1
0,2,0,0,2
0,1,0,0,1
0,1,0,0,1
0,2,0,0,2
0,2,0,0,2
0,1,0,0,1
0,1,1,0,2
0,1,0,0,1
0,2,0,0,2
0,1,0,0,1
0,1,0,0,1
0,1,0,0,1
0,1,0,0,1
0,1,0,0,1
0,2,0,0,2
0,1,0,0,1
0,1,0,0,1
0,1,0,0,1
0,1,2,0,3
0,1,0,0,1
0,1,0,0,1
0,1,0,0,1
0,2,0,0,2
0,1,0,0,1
0,1,1,0,2
0,1,1,0,2
0,1,0,0,1
0,3,0,0,3
0,2,0,0,2
0,1,0,0,1
0,1,0,0,1
0,1,0,0,1
0,1,2,0,3
0,1,0,0,1
0,1,0,0,1
0,1,0,0,1
0,1,0,0,1
0,1,0,0,1
0,1,0,0,1
0,1,0,0,1
0,1,0,0,1
0,1,0,0,1
0,1,0,0,1
0,2,0,0,2
0,2,0,0,2
0,2,0,0,2
0,1,0,0,1
0,1,0,0,1
0,1,0,0,1
0,1,1,0,2
0,1,0,0,1
0,2,1,0,3
0,1,0,0,1
0,1,2,0,3
0,1,0,0,1
0,1,0,0,1
0,1,0,0,1
0,1,0,0,1
0,1,1,0,2
0,1,0,0,1
0,1,0,0,1
0,1,0,0,1
0,1,0,0,1
0,1,1,0,2
0,2,1,0,3
0,1,0,0,1
0,1,0,0,1
0,1,4,0,5
0,1,0,0,1
0,1,0,0,1
0,1,0,0,1
0,1,0,0,1
0,1,0,0,1
0,1,0,0,1
0,1,0,0,1
0,1,0,0,1
0,1,1,0,2
0,1,1,0,2
0,2,1,0,3
0,2,0,0,2
0,1,0,0,1
0,2,0,0,2
0,1,1,0,2
0,1,0,0,1
0,1,0,0,1
0,1,0,0,1
0,2,0,0,2
0,1,0,0,1
0,1,0,0,1
0,1,0,0,1
0,1,1,0,2
0,1,0,0,1
0,1,0,0,1
0,1,0,0,1
0,2,0,0,2
0,1,1,0,2
0,1,0,0,1
0,1,0,0,1
0,1,0,0,1
0,2,0,0,2
0,1,0,0,1
0,1,0,0,1
0,1,0,0,1
0,1,1,0,2
0,1,0,0,1
0,2,0,0,2
0,2,0,0,2
0,2,0,0,2
0,1,3,0,4
0,1,0,0,1
0,1,0,0,1
0,2,0,0,2
0,1,0,0,1
0,1,1,0,2
0,1,0,0,1
0,1,0,0,1
0,1,0,0,1
0,1,0,0,1
0,1,0,0,1
0,2,0,0,2
0,1,1,0,2
0,1,1,0,2
0,2,0,0,2
0,2,0,0,2
0,1,1,0,2
0,1,0,0,1
0,1,0,0,1
0,1,0,0,1
0,1,0,0,1
0,1,1,0,2
0,1,0,0,1
0,1,1,0,2
0,1,0,0,1
0,1,0,0,1
0,1,0,0,1
0,1,0,0,1
0,1,0,0,1
0,2,1,0,3
0,1,0,0,1
0,1,0,0,1
0,2,0,0,2
0,2,0,0,2
0,1,1,0,2
0,1,1,0,2
0,2,0,0,2
0,1,1,0,2
0,1,0,0,1
0,1,0,0,1
0,1,0,0,1
0,1,0,0,1
0,1,1,0,2
0,1,0,0,1
0,1,0,0,1
0,1,0,0,1
0,1,1,0,2
0,1,0,0,1
0,1,0,0,1
0,1,0,0,1
0,1,1,0,2
0,1,0,0,1
0,1,0,0,1
0,1,0,0,1
0,1,0,0,1
0,1,0,0,1
0,1,1,0,2
0,1,0,0,1
0,1,0,0,1
0,1,0,0,1
0,1,1,0,2
0,1,0,0,1
0,1,0,0,1
0,1,0,0,1
0,2,0,0,2
0,1,0,0,1
0,1,0,0,1
0,1,0,0,1
0,1,0,0,1
0,1,0,0,1
0,1,0,0,1
0,1,0,0,1
0,1,0,0,1
0,1,0,0,1
0,1,0,0,1
0,1,1,0,2
0,1,1,0,2
0,2,0,0,2
0,1,1,0,2
0,1,0,0,1
0,1,0,0,1
0,1,1,0,2
0,1,0,0,1
0,3,1,0,4
0,3,0,0,3
0,1,1,0,2
0,2,0,0,2
0,2,0,0,2
0,1,0,0,1
0,1,0,0,1
0,1,0,0,1
0,1,0,0,1
0,1,0,0,1
0,1,0,0,1
0,2,0,0,2
0,2,0,0,2
0,2,0,0,2
0,1,0,0,1
0,1,1,0,2
0,1,0,0,1
0,1,0,0,1
0,1,0,0,1
0,1,1,0,2
0,1,0,0,1
0,1,0,0,1
0,1,0,0,1
0,1,0,0,1
0,1,0,0,1
0,1,0,0,1
0,1,0,0,1
0,1,0,0,1
0,1,0,0,1
0,2,0,0,2
0,1,0,0,1
0,1,1,0,2
0,2,0,0,2
0,1,1,0,2
0,1,1,0,2
0,1,0,0,1
0,1,1,0,2
0,1,1,0,2
0,1,0,0,1
0,2,0,0,2
0,2,0,0,2
0,1,0,0,1
0,1,0,0,1
0,1,1,0,2
0,1,0,0,1
0,1,1,0,2
0,1,0,0,1
0,2,0,0,2
0,1,0,0,1
0,1,0,0,1
0,1,0,0,1
0,1,0,0,1
0,1,0,0,1
0,1,0,0,1
0,1,0,0,1
0,1,0,0,1
0,1,0,0,1
0,2,0,0,2
0,1,0,0,1
0,1,0,0,1
0,1,0,0,1
0,1,0,0,1
0,1,0,0,1
0,1,0,0,1
0,1,0,0,1
0,1,0,0,1
0,1,0,0,1
0,1,0,0,1
0,1,0,0,1
0,1,0,0,1
0,1,0,0,1
0,1,1,0,2
0,1,0,0,1
0,1,1,0,2
0,1,0,0,1
0,1,2,0,3
0,2,0,0,2
0,2,0,0,2
0,1,0,0,1
0,1,2,0,3
0,1,0,0,1
0,1,0,0,1
0,1,0,0,1
0,1,1,0,2
0,1,0,0,1
0,1,0,0,1
0,1,0,0,1
0,1,0,0,1
0,1,0,0,1
0,1,0,0,1
0,1,1,0,2
0,1,0,0,1
0,1,1,0,2
0,1,0,0,1
0,1,0,0,1
0,1,0,0,1
0,2,0,0,2
0,1,0,0,1
0,1,1,0,2
0,1,0,0,1
0,3,0,0,3
0,1,0,0,1
0,1,0,0,1
0,1,0,0,1
0,1,1,0,2
0,2,0,0,2
0,1,0,0,1
0,1,1,0,2
0,1,0,0,1
0,2,0,0,2
0,1,0,0,1
0,2,1,0,3
0,1,0,0,1
0,1,1,0,2
0,1,0,0,1
0,1,0,0,1
0,1,0,0,1
0,1,1,0,2
0,1,0,0,1
0,1,0,0,1
0,1,0,0,1
0,1,0,0,1
0,2,0,0,2
0,1,0,0,1
0,1,0,0,1
0,1,0,0,1
0,1,0,0,1
0,1,0,0,1
0,1,1,0,2
0,1,0,0,1
0,1,0,0,1
0,1,0,0,1
0,1,1,0,2
0,1,0,0,1
0,3,1,0,4
0,1,1,0,2
0,1,0,0,1
0,1,1,0,2
0,1,0,0,1
0,1,0,0,1
0,1,0,0,1
0,1,1,0,2
0,1,0,0,1
0,1,0,0,1
0,2,0,0,2
0,1,0,0,1
0,1,0,0,1
0,1,0,0,1
0,2,0,0,2
0,1,1,0,2
0,1,0,0,1
0,1,1,0,2
0,1,0,0,1
0,1,0,0,1
0,1,0,0,1
0,1,0,0,1
0,2,0,0,2
0,1,1,0,2
0,1,1,0,2
0,1,0,0,1
0,1,0,0,1
0,1,0,0,1
0,1,0,0,1
0,1,0,0,1
0,1,1,0,2
0,1,0,0,1
0,1,1,0,2
0,2,2,0,4
0,1,0,0,1
0,1,0,0,1
0,1,0,0,1
0,1,0,0,1
0,1,0,0,1
0,1,0,0,1
0,1,0,0,1
0,1,1,0,2
0,1,0,0,1
0,2,0,0,2
0,1,0,0,1
0,1,0,0,1
0,2,0,0,2
0,1,0,0,1
0,1,0,0,1
0,1,0,0,1
0,3,1,0,4
0,1,0,0,1
0,1,0,0,1
0,1,0,0,1
0,1,0,0,1
0,1,0,0,1
0,1,0,0,1
0,2,0,0,2
0,2,0,0,2
0,1,1,0,2
0,1,0,0,1
0,1,0,0,1
0,2,0,0,2
0,1,0,0,1
0,1,0,0,1
0,2,0,0,2
0,2,0,0,2
0,2,0,0,2
0,1,0,0,1
0,1,1,0,2
0,1,0,0,1
0,1,0,0,1
0,1,1,0,2
0,1,0,0,1
0,1,0,0,1
0,1,0,0,1
0,2,0,0,2
0,1,1,0,2
0,1,1,0,2
0,1,0,0,1
0,1,2,0,3
0,1,0,0,1
0,1,1,0,2
0,1,0,0,1
0,2,0,0,2
0,1,0,0,1
0,1,0,0,1
0,2,0,0,2
0,1,1,0,2
0,1,0,0,1
0,2,0,0,2
0,1,0,0,1
0,1,1,0,2
0,1,0,0,1
0,1,0,0,1
0,1,0,0,1
0,1,0,0,1
0,1,0,0,1
0,1,0,0,1
0,1,0,0,1
0,2,0,0,2
0,2,0,0,2
0,1,1,0,2
0,1,1,0,2
0,1,0,0,1
0,1,0,0,1
0,1,0,0,1
0,1,0,0,1
0,1,0,0,1
0,1,1,0,2
0,1,0,0,1
0,2,0,0,2
0,2,0,0,2
0,1,0,0,1
0,1,1,0,2
0,1,0,0,1
0,1,0,0,1
0,1,0,0,1
0,1,1,0,2
0,1,0,0,1
0,1,0,0,1
0,1,0,0,1
0,1,1,0,2
0,1,0,0,1
0,1,0,0,1
0,1,0,0,1
0,1,0,0,1
0,1,0,0,1
0,1,0,0,1
0,1,0,0,1
0,1,0,0,1
0,1,0,0,1
0,3,0,0,3
0,2,0,0,2
0,1,0,0,1
0,1,1,0,2
0,1,0,0,1
0,1,1,0,2
0,1,0,0,1
0,2,0,0,2
0,1,0,0,1
0,1,0,0,1
0,1,0,0,1
0,1,0,0,1
0,1,0,0,1
0,2,0,0,2
0,1,0,0,1
0,1,0,0,1
0,1,0,0,1
0,1,0,0,1
0,1,0,0,1
0,1,0,0,1
0,1,0,0,1
0,1,0,0,1
0,2,0,0,2
0,2,0,0,2
0,1,0,0,1
0,1,0,0,1
0,1,0,0,1
0,1,1,0,2
0,1,0,0,1
0,1,1,0,2
0,1,0,0,1
0,1,1,0,2
0,1,0,0,1
0,2,0,0,2
0,1,0,0,1
0,1,0,0,1
0,1,0,0,1
0,1,0,0,1
0,1,0,0,1
0,1,0,0,1
0,2,0,0,2
0,1,0,0,1
0,1,0,0,1
0,1,0,0,1
0,1,0,0,1
0,2,0,0,2
0,1,1,0,2
0,1,0,0,1
0,1,1,0,2
0,1,1,0,2
0,1,0,0,1
0,1,0,0,1
0,2,0,0,2
0,1,0,0,1
0,1,4,0,5
0,1,0,0,1
0,1,0,0,1
0,1,0,0,1
0,1,0,0,1
0,1,0,0,1
0,1,0,0,1
0,1,0,0,1
0,1,0,0,1
0,1,1,0,2
0,1,0,0,1
0,1,0,0,1
0,1,0,0,1
0,1,0,0,1
0,1,0,0,1
0,1,0,0,1
0,1,0,0,1
0,1,0,0,1
0,1,0,0,1
0,1,3,0,4
0,1,0,0,1
0,1,0,0,1
0,1,0,0,1
0,1,0,0,1
0,1,0,0,1
0,1,0,0,1
0,1,1,0,2
0,1,1,0,2
0,2,0,0,2
0,1,0,0,1
0,1,0,0,1
0,1,6,0,7
0,1,2,0,3
0,1,0,0,1
0,1,0,0,1
0,1,0,0,1
0,2,0,0,2
0,1,0,0,1
0,1,0,0,1
0,1,0,0,1
0,1,0,0,1
0,1,0,0,1
0,1,0,0,1
0,1,0,0,1
0,1,0,0,1
0,1,0,0,1
0,1,0,0,1
0,1,0,0,1
0,1,0,0,1
0,1,0,0,1
0,1,0,0,1
0,1,0,0,1
0,1,1,0,2
0,1,0,0,1
0,1,1,0,2
0,1,0,0,1
0,1,0,0,1
0,1,0,0,1
0,1,0,0,1
0,1,0,0,1
0,1,0,0,1
0,1,0,0,1
0,3,0,0,3
0,1,0,0,1
0,1,0,0,1
0,1,0,0,1
0,2,0,0,2
0,1,1,0,2
0,1,0,0,1
0,1,0,0,1
0,1,1,0,2
0,1,1,0,2
0,1,0,0,1
0,1,0,0,1
0,1,0,0,1
0,1,0,0,1
0,2,0,0,2
0,2,0,0,2
0,1,0,0,1
0,2,0,0,2
0,1,1,0,2
0,2,0,0,2
0,2,0,0,2
0,1,0,0,1
0,1,0,0,1
0,1,0,0,1
0,1,0,0,1
0,1,0,0,1
0,1,1,0,2
0,1,0,0,1
0,1,0,0,1
0,1,0,0,1
0,1,0,0,1
0,2,0,0,2
0,1,0,0,1
0,1,0,0,1
0,1,0,0,1
0,1,1,0,2
0,1,0,0,1
0,1,0,0,1
0,1,0,0,1
0,2,0,0,2
0,2,0,0,2
0,1,0,0,1
0,1,1,0,2
0,1,0,0,1
0,2,0,0,2
0,1,0,0,1
0,1,0,0,1
0,1,0,0,1
0,1,0,0,1
0,1,1,0,2
0,1,0,0,1
0,1,0,0,1
0,1,0,0,1
0,1,0,0,1
0,1,0,0,1
0,1,0,0,1
0,1,0,0,1
0,2,0,0,2
0,1,0,0,1
0,1,1,0,2
0,1,0,0,1
0,1,0,0,1
0,1,0,0,1
0,1,0,0,1
0,3,0,0,3
0,1,1,0,2
0,1,0,0,1
0,1,0,0,1
0,1,0,0,1
0,1,0,0,1
0,1,0,0,1
0,5,0,0,5
0,1,0,0,1
0,1,0,0,1
0,1,0,0,1
0,1,0,0,1
0,3,0,0,3
0,1,0,0,1
0,1,0,0,1
0,1,2,0,3
0,1,0,0,1
0,1,0,0,1
0,1,1,0,2
0,1,0,0,1
0,1,0,0,1
0,2,0,0,2
0,2,0,0,2
0,3,0,0,3
0,1,1,0,2
0,1,0,0,1
0,2,0,0,2
0,1,0,0,1
0,1,0,0,1
0,1,1,0,2
0,1,1,0,2
0,2,0,0,2
0,1,0,0,1
0,2,0,0,2
0,1,0,0,1
0,1,1,0,2
0,1,0,0,1
0,2,1,0,3
0,1,0,0,1
0,1,0,0,1
0,1,1,0,2
0,2,0,0,2
0,1,0,0,1
0,2,0,0,2
0,2,0,0,2
0,1,1,0,2
0,1,0,0,1
0,1,0,0,1
0,2,0,0,2
0,1,1,0,2
0,1,0,0,1
0,2,0,0,2
0,1,0,0,1
0,1,1,0,2
0,1,0,0,1
0,1,1,0,2
0,1,0,0,1
0,1,1,0,2
0,1,1,0,2
0,1,0,0,1
0,1,0,0,1
0,1,0,0,1
0,1,0,0,1
0,2,0,0,2
0,2,0,0,2
0,1,1,0,2
0,1,0,0,1
0,1,0,0,1
0,1,0,0,1
0,1,0,0,1
0,1,0,0,1
0,1,0,0,1
0,1,0,0,1
0,1,0,0,1
0,2,0,0,2
0,2,0,0,2
0,2,0,0,2
0,2,0,0,2
0,2,0,0,2
0,1,0,0,1
0,1,0,0,1
0,1,0,0,1
0,1,1,0,2
0,1,0,0,1
0,1,0,0,1
0,1,1,0,2
0,1,0,0,1
0,1,0,0,1
0,1,1,0,2
0,1,1,0,2
0,2,1,0,3
0,1,0,0,1
0,1,0,0,1
0,1,0,0,1
0,1,0,0,1
0,1,0,0,1
0,2,0,0,2
0,1,0,0,1
0,1,0,0,1
0,1,1,0,2
0,1,0,0,1
0,1,0,0,1
0,1,0,0,1
0,1,1,0,2
0,2,0,0,2
0,3,0,0,3
0,3,0,0,3
0,1,0,0,1
0,1,1,0,2
0,1,0,0,1
0,1,0,0,1
0,1,1,0,2
0,1,0,0,1
0,2,0,0,2
0,1,1,0,2
0,1,0,0,1
0,2,0,0,2
0,1,1,0,2
0,1,0,0,1
0,1,0,0,1
0,1,1,0,2
0,1,0,0,1
0,1,0,0,1
0,1,0,0,1
0,1,1,0,2
0,1,1,0,2
0,1,0,0,1
0,1,0,0,1
0,1,1,0,2
0,1,0,0,1
0,1,0,0,1
0,2,1,0,3
0,1,0,0,1
0,1,1,0,2
0,1,0,0,1
0,1,0,0,1
0,1,0,0,1
0,2,0,0,2
0,1,0,0,1
0,1,0,0,1
0,1,1,0,2
0,1,0,0,1
0,1,1,0,2
0,2,0,0,2
0,1,1,0,2
0,1,0,0,1
0,1,0,0,1
0,2,0,0,2
0,1,0,0,1
0,1,0,0,1
0,2,0,0,2
0,1,0,0,1
0,1,1,0,2
0,1,0,0,1
0,1,0,0,1
0,1,0,0,1
0,2,0,0,2
0,1,0,0,1
0,2,0,0,2
0,1,0,0,1
0,1,0,0,1
0,1,0,0,1
0,1,0,0,1
0,1,0,0,1
0,1,0,0,1
0,1,0,0,1
0,1,0,0,1
0,1,0,0,1
0,1,0,0,1
0,1,0,0,1
0,1,0,0,1
0,1,0,0,1
0,1,0,0,1
0,1,0,0,1
0,1,1,0,2
0,1,1,0,2
0,1,1,0,2
0,1,0,0,1
0,1,0,0,1
0,1,0,0,1
0,1,0,0,1
0,1,0,0,1
0,1,0,0,1
0,1,0,0,1
0,1,0,0,1
0,1,0,0,1
0,1,0,0,1
0,1,0,0,1
0,1,1,0,2
0,1,0,0,1
0,2,0,0,2
0,2,0,0,2
0,1,3,0,4
0,1,0,0,1
0,2,0,0,2
0,1,1,0,2
0,1,1,0,2
0,1,1,0,2
0,1,0,0,1
0,1,0,0,1
0,2,0,0,2
0,1,0,0,1
0,1,0,0,1
0,1,0,0,1
0,1,0,0,1
0,1,1,0,2
0,1,0,0,1
0,1,0,0,1
0,1,0,0,1
0,1,0,0,1
0,1,0,0,1
0,1,1,0,2
0,1,2,0,3
0,2,0,0,2
0,1,0,0,1
0,2,0,0,2
0,1,0,0,1
0,1,0,0,1
0,1,1,0,2
0,1,0,0,1
0,2,0,0,2
0,1,2,0,3
0,1,0,0,1
0,1,0,0,1
0,1,1,0,2
0,1,0,0,1
0,1,1,0,2
0,1,0,0,1
0,1,1,0,2
0,1,2,0,3
0,1,0,0,1
0,1,0,0,1
0,1,1,0,2
0,2,0,0,2
0,1,0,0,1
0,1,0,0,1
0,1,0,0,1
0,1,0,0,1
0,1,0,0,1
0,1,1,0,2
0,2,0,0,2
0,1,0,0,1
0,1,2,0,3
0,1,0,0,1
0,1,1,0,2
0,1,0,0,1
0,1,1,0,2
0,1,1,0,2
0,1,0,0,1
0,1,1,0,2
0,1,0,0,1
0,1,0,0,1
0,1,0,0,1
0,1,0,0,1
0,1,0,0,1
0,1,0,0,1
0,3,0,0,3
0,1,1,0,2
0,1,1,0,2
0,1,0,0,1
0,1,1,0,2
0,1,1,0,2
0,1,0,0,1
0,1,0,0,1
0,1,0,0,1
0,1,0,0,1
0,1,0,0,1
0,1,0,0,1
0,2,0,0,2
0,1,1,0,2
0,1,0,0,1
0,1,0,0,1
0,1,0,0,1
0,1,0,0,1
0,1,0,0,1
0,1,1,0,2
0,1,0,0,1
0,1,0,0,1
0,1,0,0,1
0,2,0,0,2
0,1,1,0,2
0,1,0,0,1
0,1,0,0,1
0,1,0,0,1
0,1,0,0,1
0,1,1,0,2
0,2,1,0,3
0,1,0,0,1
0,2,0,0,2
0,1,0,0,1
0,1,0,0,1
0,1,0,0,1
0,1,0,0,1
0,1,0,0,1
0,1,0,0,1
0,1,0,0,1
0,1,0,0,1
0,1,0,0,1
0,1,0,0,1
0,1,0,0,1
0,1,0,0,1
0,1,0,0,1
0,1,1,0,2
0,2,0,0,2
0,1,0,0,1
0,1,0,0,1
0,1,0,0,1
0,1,1,0,2
0,2,0,0,2
0,1,0,0,1
0,1,1,0,2
0,1,1,0,2
0,1,0,0,1
0,1,0,0,1
0,1,1,0,2
0,1,0,0,1
0,1,0,0,1
0,1,0,0,1
0,1,1,0,2
0,1,0,0,1
0,1,0,0,1
0,1,0,0,1
0,1,0,0,1
0,1,0,0,1
0,1,1,0,2
0,1,1,0,2
0,1,0,0,1
0,1,3,0,4
0,1,0,0,1
0,1,0,0,1
0,2,0,0,2
0,1,0,0,1
0,1,0,0,1
0,2,0,0,2
0,1,0,0,1
0,1,0,0,1
0,1,0,0,1
0,1,0,0,1
0,1,1,0,2
0,1,0,0,1
0,1,0,0,1
0,1,0,0,1
0,1,0,0,1
0,1,0,0,1
0,1,0,0,1
0,1,0,0,1
0,2,0,0,2
0,1,0,0,1
0,2,0,0,2
0,1,0,0,1
0,1,0,0,1
0,1,3,0,4
0,1,0,0,1
0,1,1,0,2
0,1,0,0,1
0,1,0,0,1
0,1,0,0,1
0,1,0,0,1
0,1,0,0,1
0,1,0,0,1
0,1,1,0,2
0,1,0,0,1
0,1,0,0,1
0,1,0,0,1
0,1,0,0,1
0,1,1,0,2
0,1,0,0,1
0,2,0,0,2
0,1,0,0,1
0,1,0,0,1
0,1,0,0,1
0,1,0,0,1
0,1,0,0,1
0,1,0,0,1
0,1,1,0,2
0,1,0,0,1
0,1,0,0,1
0,1,0,0,1
0,2,0,0,2
0,1,0,0,1
0,1,0,0,1
0,1,0,0,1
0,1,0,0,1
0,1,1,0,2
0,1,0,0,1
0,1,0,0,1
0,1,0,0,1
0,1,1,0,2
0,1,0,0,1
0,1,0,0,1
0,1,0,0,1
0,1,2,0,3
0,1,1,0,2
0,1,0,0,1
0,1,0,0,1
0,1,0,0,1
0,1,0,0,1
0,1,1,0,2
0,1,0,0,1
0,1,0,0,1
0,1,1,0,2
0,1,0,0,1
0,1,0,0,1
0,1,0,0,1
0,1,0,0,1
0,1,0,0,1
0,1,0,0,1
0,1,1,0,2
0,1,0,0,1
0,1,0,0,1
0,1,0,0,1
0,1,1,0,2
0,1,1,0,2
0,1,1,0,2
0,1,0,0,1
0,1,1,0,2
0,1,0,0,1
0,2,0,0,2
0,1,0,0,1
0,1,0,0,1
0,1,0,0,1
0,1,0,0,1
0,1,0,0,1
0,1,3,0,4
0,1,0,0,1
0,1,0,0,1
0,1,0,0,1
0,2,0,0,2
0,1,0,0,1
0,1,0,0,1
0,1,0,0,1
0,1,0,0,1
0,1,0,0,1
0,1,1,0,2
0,1,0,0,1
0,1,0,0,1
0,1,0,0,1
0,1,0,0,1
0,1,0,0,1
0,1,0,0,1
0,1,0,0,1
0,1,0,0,1
0,1,0,0,1
0,1,0,0,1
0,1,0,0,1
0,1,1,0,2
0,1,0,0,1
0,2,0,0,2
0,2,0,0,2
0,1,0,0,1
0,1,0,0,1
0,1,0,0,1
0,1,0,0,1
0,1,0,0,1
0,1,0,0,1
0,1,0,0,1
0,1,0,0,1
0,1,0,0,1
0,2,1,0,3
0,1,0,0,1
0,1,0,0,1
0,1,0,0,1
0,1,0,0,1
0,1,0,0,1
0,1,0,0,1
0,1,0,0,1
0,1,1,0,2
0,1,0,0,1
0,1,0,0,1
0,1,1,0,2
0,1,0,0,1
0,1,0,0,1
0,1,0,0,1
0,2,0,0,2
0,1,0,0,1
0,2,0,0,2
0,1,0,0,1
0,1,0,0,1
0,1,0,0,1
0,1,0,0,1
0,1,0,0,1
0,1,1,0,2
0,1,1,0,2
0,1,0,0,1
0,1,0,0,1
0,1,0,0,1
0,2,0,0,2
0,1,0,0,1
0,1,0,0,1
0,1,0,0,1
0,1,0,0,1
0,1,0,0,1
0,2,0,0,2
0,1,0,0,1
0,1,0,0,1
0,1,0,0,1
0,1,0,0,1
0,1,1,0,2
0,1,1,0,2
0,1,0,0,1
0,1,0,0,1
0,1,0,0,1
0,1,1,0,2
0,1,0,0,1
0,1,0,0,1
0,1,0,0,1
0,1,2,0,3
0,1,0,0,1
0,1,0,0,1
0,1,0,0,1
0,1,0,0,1
0,1,0,0,1
0,1,0,0,1
0,1,1,0,2
0,1,0,0,1
0,1,1,0,2
0,1,0,0,1
0,1,0,0,1
0,2,0,0,2
0,1,0,0,1
0,1,0,0,1
0,1,0,0,1
0,1,1,0,2
0,1,0,0,1
0,1,0,0,1
0,1,0,0,1
0,1,0,0,1
0,1,0,0,1
0,2,0,0,2
0,1,0,0,1
0,1,1,0,2
0,1,0,0,1
0,1,1,0,2
0,1,1,0,2
0,1,0,0,1
0,1,0,0,1
0,1,1,0,2
0,1,0,0,1
0,1,0,0,1
0,1,0,0,1
0,1,0,0,1
0,2,0,0,2
0,1,0,0,1
0,1,0,0,1
0,1,0,0,1
0,1,0,0,1
0,1,0,0,1
0,1,1,0,2
0,1,1,0,2
0,1,0,0,1
0,1,0,0,1
0,2,0,0,2
0,1,0,0,1
0,1,0,0,1
0,1,0,0,1
0,1,0,0,1
0,1,0,0,1
0,1,1,0,2
0,1,3,0,4
0,1,0,0,1
0,1,0,0,1
0,1,0,0,1
0,1,0,0,1
0,2,0,0,2
0,1,0,0,1
0,1,0,0,1
0,2,0,0,2
0,1,1,0,2
0,1,0,0,1
0,1,0,0,1
0,1,0,0,1
0,1,1,0,2
0,1,0,0,1
0,1,0,0,1
0,1,0,0,1
0,2,0,0,2
0,1,1,0,2
0,2,1,0,3
0,1,0,0,1
0,1,0,0,1
0,1,0,0,1
0,1,0,0,1
0,1,0,0,1
0,1,0,0,1
0,1,1,0,2
0,2,0,0,2
0,1,0,0,1
0,1,1,0,2
0,1,1,0,2
0,1,0,0,1
0,1,0,0,1
0,1,0,0,1
0,1,1,0,2
0,1,1,0,2
0,1,1,0,2
0,1,0,0,1
0,1,0,0,1
0,1,1,0,2
0,1,0,0,1
0,1,1,0,2
0,1,0,0,1
0,2,0,0,2
0,1,0,0,1
0,1,0,0,1
0,1,0,0,1
0,1,0,0,1
0,1,0,0,1
0,1,0,0,1
0,1,0,0,1
0,1,0,0,1
0,1,3,0,4
0,1,1,0,2
0,1,0,0,1
0,1,0,0,1
0,1,0,0,1
0,1,0,0,1
0,1,0,0,1
0,1,0,0,1
0,1,0,0,1
0,1,0,0,1
0,1,1,0,2
0,1,0,0,1
0,1,0,0,1
0,1,0,0,1
0,2,0,0,2
0,1,0,0,1
0,1,0,0,1
0,1,0,0,1
0,1,0,0,1
0,1,0,0,1
0,1,0,0,1
0,1,0,0,1
0,1,1,0,2
0,1,0,0,1
0,1,2,0,3
0,1,0,0,1
0,1,1,0,2
0,1,1,0,2
0,1,0,0,1
0,1,0,0,1
0,1,0,0,1
0,1,0,0,1
0,1,0,0,1
0,1,0,0,1
0,1,0,0,1
0,1,1,0,2
0,1,0,0,1
0,1,0,0,1
0,1,0,0,1
0,1,1,0,2
0,1,0,0,1
0,1,0,0,1
0,2,0,0,2
0,1,1,0,2
0,1,0,0,1
0,1,0,0,1
0,1,0,0,1
0,1,0,0,1
0,1,0,0,1
0,1,0,0,1
0,1,1,0,2
0,1,0,0,1
0,1,0,0,1
0,1,0,0,1
0,1,0,0,1
0,1,0,0,1
0,1,1,0,2
0,1,0,0,1
0,1,0,0,1
0,1,0,0,1
0,2,1,0,3
0,1,0,0,1
0,2,0,0,2
0,1,0,0,1
0,1,0,0,1
0,1,0,0,1
0,1,1,0,2
0,1,0,0,1
0,1,0,0,1
0,1,0,0,1
0,1,0,0,1
0,1,0,0,1
0,1,0,0,1
0,1,0,0,1
0,1,1,0,2
0,1,1,0,2
0,1,0,0,1
0,1,0,0,1
0,1,1,0,2
0,1,0,0,1
0,1,1,0,2
0,1,0,0,1
0,1,0,0,1
0,1,0,0,1
0,2,0,0,2
0,2,0,0,2
0,1,0,0,1
0,1,0,0,1
0,1,1,0,2
0,1,0,0,1
0,1,0,0,1
0,1,0,0,1
0,1,0,0,1
0,2,0,0,2
0,1,0,0,1
0,1,0,0,1
0,1,0,0,1
0,1,0,0,1
0,1,0,0,1
0,2,0,0,2
0,2,0,0,2
0,1,0,0,1
0,1,0,0,1
0,1,0,0,1
0,1,1,0,2
0,1,0,0,1
0,1,0,0,1
0,1,0,0,1
0,1,0,0,1
0,1,2,0,3
0,1,0,0,1
0,1,0,0,1
0,1,0,0,1
0,1,0,0,1
0,1,0,0,1
0,1,0,0,1
0,1,0,0,1
0,1,0,0,1
0,1,0,0,1
0,1,0,0,1
0,1,0,0,1
0,2,0,0,2
0,1,1,0,2
0,1,0,0,1
0,1,1,0,2
0,1,0,0,1
0,2,0,0,2
0,1,0,0,1
0,1,0,0,1
0,1,0,0,1
0,1,0,0,1
0,1,0,0,1
0,2,0,0,2
0,1,0,0,1
0,1,2,0,3
0,1,0,0,1
0,1,1,0,2
0,1,0,0,1
0,2,0,0,2
0,1,0,0,1
0,1,0,0,1
0,1,0,0,1
0,1,0,0,1
0,1,0,0,1
0,1,0,0,1
0,1,0,0,1
0,1,0,0,1
0,1,0,0,1
0,1,0,0,1
0,1,0,0,1
0,1,0,0,1
0,1,0,0,1
0,1,0,0,1
0,1,0,0,1
0,1,0,0,1
0,1,0,0,1
0,1,0,0,1
0,2,0,0,2
0,1,1,0,2
0,1,0,0,1
0,1,0,0,1
0,1,0,0,1
0,1,1,0,2
0,1,0,0,1
0,1,0,0,1
0,1,1,0,2
0,1,1,0,2
0,1,0,0,1
0,2,0,0,2
0,1,0,0,1
0,1,0,0,1
0,1,0,0,1
0,1,0,0,1
0,1,0,0,1
0,1,1,0,2
0,1,0,0,1
0,1,0,0,1
0,1,0,0,1
0,1,0,0,1
0,1,0,0,1
0,1,0,0,1
0,1,0,0,1
0,1,0,0,1
0,1,0,0,1
0,1,0,0,1
0,2,0,0,2
0,2,0,0,2
0,1,0,0,1
0,1,0,0,1
0,1,0,0,1
0,1,0,0,1
0,1,0,0,1
0,1,1,0,2
0,1,0,0,1
0,1,0,0,1
0,1,0,0,1
0,1,0,0,1
0,1,1,0,2
0,1,0,0,1
0,1,1,0,2
0,1,0,0,1
0,1,0,0,1
0,1,1,0,2
0,1,0,0,1
0,1,0,0,1
0,1,1,0,2
0,1,0,0,1
0,1,0,0,1
0,1,1,0,2
0,1,1,0,2
0,1,0,0,1
0,1,0,0,1
0,1,0,0,1
0,1,1,0,2
0,1,0,0,1
0,1,0,0,1
0,1,0,0,1
0,1,0,0,1
0,1,0,0,1
0,1,0,0,1
0,1,0,0,1
0,1,0,0,1
0,1,0,0,1
0,1,0,0,1
0,1,0,0,1
0,1,0,0,1
0,1,0,0,1
0,1,0,0,1
0,1,0,0,1
0,1,0,0,1
0,1,0,0,1
0,1,0,0,1
0,2,0,0,2
0,1,0,0,1
0,1,0,0,1
0,1,0,0,1
0,2,0,0,2
0,1,0,0,1
0,1,0,0,1
0,1,0,0,1
0,1,0,0,1
0,1,0,0,1
0,1,0,0,1
0,2,0,0,2
0,1,0,0,1
0,1,0,0,1
0,2,0,0,2
0,2,0,0,2
0,1,0,0,1
0,1,0,0,1
0,1,0,0,1
0,1,0,0,1
0,1,1,0,2
0,1,0,0,1
0,1,0,0,1
0,1,0,0,1
0,1,0,0,1
0,1,0,0,1
0,2,0,0,2
0,2,0,0,2
0,1,0,0,1
0,1,1,0,2
0,2,0,0,2
0,1,0,0,1
0,1,0,0,1
0,1,1,0,2
0,1,0,0,1
0,1,0,0,1
0,1,0,0,1
0,1,0,0,1
0,1,0,0,1
0,1,1,0,2
0,1,0,0,1
0,1,1,0,2
0,2,0,0,2
0,1,0,0,1
0,1,1,0,2
0,1,1,0,2
0,1,0,0,1
0,1,0,0,1
0,1,0,0,1
0,1,0,0,1
0,1,0,0,1
0,1,1,0,2
0,1,0,0,1
0,1,1,0,2
0,1,1,0,2
0,1,0,0,1
0,1,0,0,1
0,1,0,0,1
0,1,1,0,2
0,1,0,0,1
0,1,0,0,1
0,1,0,0,1
0,1,0,0,1
0,1,0,0,1
0,1,1,0,2
0,1,0,0,1
0,1,0,0,1
0,1,0,0,1
0,1,1,0,2
0,1,0,0,1
0,1,0,0,1
0,1,1,0,2
0,1,0,0,1
0,1,0,0,1
0,2,0,0,2
0,1,0,0,1
0,1,0,0,1
0,1,0,0,1
0,1,0,0,1
0,2,0,0,2
0,1,1,0,2
0,1,1,0,2
0,2,0,0,2
0,1,1,0,2
0,1,0,0,1
0,1,0,0,1
0,1,0,0,1
0,1,0,0,1
0,1,0,0,1
0,1,0,0,1
0,1,0,0,1
0,1,0,0,1
0,1,0,0,1
0,1,1,0,2
0,1,0,0,1
0,1,0,0,1
0,1,0,0,1
0,1,0,0,1
0,1,1,0,2
0,1,0,0,1
0,1,0,0,1
0,1,0,0,1
0,1,0,0,1
0,2,0,0,2
0,2,0,0,2
0,1,0,0,1
0,1,0,0,1
0,1,0,0,1
0,1,1,0,2
0,1,0,0,1
0,2,0,0,2
0,1,0,0,1
0,1,0,0,1
0,1,0,0,1
0,1,0,0,1
0,1,0,0,1
0,1,0,0,1
0,1,0,0,1
0,1,1,0,2
0,1,0,0,1
0,1,0,0,1
0,2,0,0,2
0,1,0,0,1
0,1,0,0,1
0,1,0,0,1
0,1,1,0,2
0,1,0,0,1
0,1,0,0,1
0,1,0,0,1
0,1,1,0,2
0,1,0,0,1
0,3,0,0,3
0,1,0,0,1
0,1,0,0,1
0,1,1,0,2
0,1,0,0,1
0,1,0,0,1
0,1,0,0,1
0,1,1,0,2
0,1,0,0,1
0,1,1,0,2
0,1,0,0,1
0,1,0,0,1
0,2,0,0,2
0,1,1,0,2
0,1,0,0,1
0,1,0,0,1
0,1,0,0,1
0,1,1,0,2
0,1,1,0,2
0,1,0,0,1
0,2,0,0,2
0,2,1,0,3
0,1,0,0,1
0,1,0,0,1
0,1,0,0,1
0,1,0,0,1
0,1,1,0,2
0,1,0,0,1
0,1,0,0,1
0,1,0,0,1
0,1,0,0,1
0,1,1,0,2
0,1,0,0,1
0,1,1,0,2
0,1,1,0,2
0,1,1,0,2
0,1,0,0,1
0,1,0,0,1
0,1,0,0,1
0,1,0,0,1
0,1,1,0,2
0,1,0,0,1
0,1,1,0,2
0,1,1,0,2
0,1,1,0,2
0,1,0,0,1
0,1,0,0,1
0,1,0,0,1
0,1,0,0,1
0,1,0,0,1
0,1,1,0,2
0,1,0,0,1
0,1,0,0,1
0,1,0,0,1
0,1,0,0,1
0,2,0,0,2
0,1,1,0,2
0,1,0,0,1
0,1,0,0,1
0,1,0,0,1
0,1,1,0,2
0,1,0,0,1
0,2,3,0,5
0,1,0,0,1
0,1,1,0,2
0,1,0,0,1
0,1,0,0,1
0,1,1,0,2
0,1,0,0,1
0,1,0,0,1
0,1,0,0,1
0,1,1,0,2
0,1,0,0,1
0,1,0,0,1
0,1,0,0,1
0,1,0,0,1
0,1,0,0,1
0,1,0,0,1
0,1,0,0,1
0,1,0,0,1
0,1,1,0,2
0,1,0,0,1
0,1,0,0,1
0,1,1,0,2
0,1,0,0,1
0,1,0,0,1
0,1,0,0,1
0,1,0,0,1
0,1,1,0,2
0,1,0,0,1
0,1,0,0,1
0,1,0,0,1
0,1,0,0,1
0,1,0,0,1
0,1,0,0,1
0,1,0,0,1
0,1,1,0,2
0,1,1,0,2
0,1,0,0,1
0,1,0,0,1
0,1,0,0,1
0,1,0,0,1
0,1,1,0,2
0,2,0,0,2
0,1,0,0,1
0,1,0,0,1
0,1,0,0,1
0,1,0,0,1
0,1,0,0,1
0,1,0,0,1
0,2,0,0,2
0,1,0,0,1
0,1,1,0,2
0,1,0,0,1
0,1,0,0,1
0,1,1,0,2
0,1,0,0,1
0,1,0,0,1
0,1,1,0,2
0,1,0,0,1
0,1,0,0,1
0,1,0,0,1
0,1,0,0,1
0,1,0,0,1
0,2,0,0,2
0,1,0,0,1
0,2,0,0,2
0,1,0,0,1
0,1,0,0,1
0,1,0,0,1
0,1,0,0,1
0,1,0,0,1
0,1,0,0,1
0,1,0,0,1
0,1,0,0,1
0,1,0,0,1
0,1,0,0,1
0,2,0,0,2
0,1,0,0,1
0,1,0,0,1
0,1,1,0,2
0,1,1,0,2
0,1,0,0,1
0,1,0,0,1
0,1,1,0,2
0,1,0,0,1
0,1,1,0,2
0,1,0,0,1
0,1,0,0,1
0,1,0,0,1
0,1,0,0,1
0,1,0,0,1
0,1,0,0,1
0,1,1,0,2
0,1,1,0,2
0,1,0,0,1
0,1,1,0,2
0,1,0,0,1
0,1,0,0,1
0,1,0,0,1
0,1,0,0,1
0,1,0,0,1
0,1,0,0,1
0,1,0,0,1
0,1,1,0,2
0,1,0,0,1
0,1,0,0,1
0,1,0,0,1
0,1,0,0,1
0,1,0,0,1
0,1,1,0,2
0,1,0,0,1
0,1,0,0,1
0,1,0,0,1
0,1,0,0,1
0,1,1,0,2
0,1,1,0,2
0,1,0,0,1
0,1,0,0,1
0,1,0,0,1
0,1,0,0,1
0,2,0,0,2
0,1,0,0,1
0,1,0,0,1
0,1,0,0,1
0,1,0,0,1
0,1,0,0,1
0,1,0,0,1
0,1,0,0,1
0,1,0,0,1
0,2,0,0,2
0,2,0,0,2
0,2,0,0,2
0,1,0,0,1
0,1,0,0,1
0,1,0,0,1
0,1,0,0,1
0,1,0,0,1
0,1,0,0,1
0,1,0,0,1
0,1,0,0,1
0,1,0,0,1
0,1,1,0,2
0,1,1,0,2
0,1,1,0,2
0,1,0,0,1
0,1,0,0,1
0,1,1,0,2
0,1,0,0,1
0,1,0,0,1
0,1,1,0,2
0,1,0,0,1
0,1,1,0,2
0,1,0,0,1
0,1,0,0,1
0,1,0,0,1
0,2,0,0,2
0,1,0,0,1
0,1,0,0,1
0,1,3,0,4
0,1,0,0,1
0,1,0,0,1
0,1,0,0,1
0,1,0,0,1
0,1,0,0,1
0,1,0,0,1
0,1,0,0,1
0,1,0,0,1
0,1,1,0,2
0,1,0,0,1
0,1,0,0,1
0,1,0,0,1
0,1,0,0,1
0,1,0,0,1
0,1,0,0,1
0,1,0,0,1
0,1,1,0,2
0,1,0,0,1
0,1,0,0,1
0,1,1,0,2
0,1,0,0,1
0,1,0,0,1
0,1,0,0,1
0,1,0,0,1
0,1,0,0,1
0,1,0,0,1
0,1,0,0,1
0,1,2,0,3
0,1,0,0,1
0,2,0,0,2
0,1,1,0,2
0,1,0,0,1
0,1,1,0,2
0,1,0,0,1
0,1,0,0,1
0,1,1,0,2
0,1,0,0,1
0,1,0,0,1
0,1,0,0,1
0,1,0,0,1
0,1,0,0,1
0,1,0,0,1
0,1,0,0,1
0,1,0,0,1
0,1,0,0,1
0,1,0,0,1
0,1,0,0,1
0,1,0,0,1
0,1,0,0,1
0,1,0,0,1
0,1,0,0,1
0,1,0,0,1
0,1,0,0,1
0,1,0,0,1
0,1,1,0,2
0,1,0,0,1
0,1,0,0,1
0,1,2,0,3
0,1,0,0,1
0,1,0,0,1
0,1,0,0,1
0,1,0,0,1
0,1,0,0,1
0,1,1,0,2
0,1,0,0,1
0,1,0,0,1
0,1,0,0,1
0,1,0,0,1
0,1,0,0,1
0,1,0,0,1
0,1,2,0,3
0,1,0,0,1
0,1,0,0,1
0,1,0,0,1
0,1,1,0,2
0,1,0,0,1
0,1,0,0,1
0,1,0,0,1
0,1,0,0,1
0,1,0,0,1
0,1,0,0,1
0,1,1,0,2
0,1,0,0,1
0,1,0,0,1
0,1,0,0,1
0,1,0,0,1
0,1,0,0,1
0,1,0,0,1
0,1,0,0,1
0,1,0,0,1
0,1,1,0,2
0,1,0,0,1
0,1,0,0,1
0,1,1,0,2
0,1,0,0,1
0,1,0,0,1
0,1,0,0,1
0,1,1,0,2
0,1,1,0,2
0,1,0,0,1
0,1,0,0,1
0,1,0,0,1
0,1,0,0,1
0,1,0,0,1
0,1,1,0,2
0,1,0,0,1
0,1,0,0,1
0,1,0,0,1
0,1,0,0,1
0,1,1,0,2
0,1,0,0,1
0,1,0,0,1
0,1,0,0,1
0,1,0,0,1
0,1,2,0,3
0,1,0,0,1
0,1,0,0,1
0,1,1,0,2
0,1,0,0,1
0,1,1,0,2
0,1,0,0,1
0,1,1,0,2
0,1,0,0,1
0,1,0,0,1
0,1,1,0,2
0,1,0,0,1
0,1,0,0,1
0,1,0,0,1
0,1,1,0,2
0,1,0,0,1
0,1,1,0,2
0,1,1,0,2
0,1,1,0,2
0,1,1,0,2
0,1,0,0,1
0,1,0,0,1
0,1,1,0,2
0,1,0,0,1
0,1,0,0,1
0,1,0,0,1
0,1,0,0,1
0,1,0,0,1
0,1,1,0,2
0,1,0,0,1
0,1,1,0,2
0,1,0,0,1
0,1,0,0,1
0,1,0,0,1
0,1,0,0,1
0,1,0,0,1
0,1,0,0,1
0,1,0,0,1
0,2,0,0,2
0,1,0,0,1
0,1,0,0,1
0,1,1,0,2
0,1,1,0,2
0,1,0,0,1
0,1,0,0,1
0,1,1,0,2
0,1,0,0,1
0,1,0,0,1
0,1,1,0,2
0,1,1,0,2
0,1,0,0,1
0,1,1,0,2
0,1,1,0,2
0,1,0,0,1
0,1,0,0,1
0,1,0,0,1
0,1,1,0,2
0,1,1,0,2
0,1,0,0,1
0,1,0,0,1
0,1,0,0,1
0,1,0,0,1
0,1,0,0,1
0,1,1,0,2
0,1,0,0,1
0,1,0,0,1
0,1,0,0,1
0,1,0,0,1
0,1,1,0,2
0,1,0,0,1
0,1,0,0,1
0,1,0,0,1
0,1,1,0,2
0,1,0,0,1
0,1,0,0,1
0,1,0,0,1
0,1,0,0,1
0,1,0,0,1
0,1,1,0,2
0,1,0,0,1
0,1,1,0,2
0,1,0,0,1
0,2,0,0,2
0,1,0,0,1
0,1,0,0,1
0,1,0,0,1
0,1,0,0,1
0,1,0,0,1
0,1,0,0,1
0,1,1,0,2
0,1,0,0,1
0,1,0,0,1
0,1,0,0,1
0,1,0,0,1
0,1,0,0,1
0,1,1,0,2
0,1,1,0,2
0,1,0,0,1
0,1,0,0,1
0,1,1,0,2
0,2,1,0,3
0,1,0,0,1
0,1,0,0,1
0,1,0,0,1
0,1,0,0,1
0,1,0,0,1
0,1,2,0,3
0,1,1,0,2
0,1,0,0,1
0,1,0,0,1
0,1,0,0,1
0,1,0,0,1
0,1,0,0,1
0,1,0,0,1
0,1,0,0,1
0,1,0,0,1
0,1,0,0,1
0,1,1,0,2
0,1,0,0,1
0,1,1,0,2
0,1,0,0,1
0,1,0,0,1
0,1,0,0,1
0,1,0,0,1
0,1,0,0,1
0,1,0,0,1
0,1,0,0,1
0,1,0,0,1
0,1,1,0,2
0,1,0,0,1
0,1,0,0,1
0,1,0,0,1
0,1,0,0,1
0,1,0,0,1
0,1,1,0,2
0,1,0,0,1
0,1,0,0,1
0,1,0,0,1
0,1,0,0,1
0,1,0,0,1
0,1,0,0,1
0,1,0,0,1
0,1,0,0,1
0,1,0,0,1
0,1,0,0,1
0,1,0,0,1
0,1,0,0,1
0,1,0,0,1
0,1,0,0,1
0,1,0,0,1
0,1,1,0,2
0,1,0,0,1
0,1,1,0,2
0,1,0,0,1
0,1,0,0,1
0,1,0,0,1
0,1,1,0,2
0,1,0,0,1
0,1,0,0,1
0,1,0,0,1
0,1,1,0,2
0,1,0,0,1
0,1,0,0,1
0,1,1,0,2
0,1,0,0,1
0,1,0,0,1
0,1,0,0,1
0,1,0,0,1
0,1,0,0,1
0,1,0,0,1
0,1,0,0,1
0,1,0,0,1
0,1,0,0,1
0,1,2,0,3
0,1,0,0,1
0,1,0,0,1
0,1,0,0,1
0,1,0,0,1
0,1,0,0,1
0,1,0,0,1
0,1,0,0,1
0,2,0,0,2
0,1,0,0,1
0,1,1,0,2
0,1,0,0,1
0,1,0,0,1
0,1,0,0,1
0,1,1,0,2
0,1,0,0,1
0,1,0,0,1
0,1,1,0,2
0,1,1,0,2
0,1,0,0,1
0,1,0,0,1
0,1,0,0,1
0,1,1,0,2
0,1,0,0,1
0,1,0,0,1
0,1,0,0,1
0,1,1,0,2
0,1,1,0,2
0,1,1,0,2
0,1,1,0,2
0,1,0,0,1
0,1,1,0,2
0,1,1,0,2
0,1,1,0,2
0,1,1,0,2
0,1,2,0,3
0,1,1,0,2
0,1,1,0,2
0,1,0,0,1
0,1,0,0,1
0,1,0,0,1
0,1,0,0,1
0,1,0,0,1
0,1,0,0,1
0,1,0,0,1
0,1,0,0,1
0,2,0,0,2
0,1,1,0,2
0,1,0,0,1
0,1,0,0,1
0,1,1,0,2
0,1,1,0,2
0,1,1,0,2
0,1,0,0,1
0,1,0,0,1
0,1,0,0,1
0,1,0,0,1
0,1,0,0,1
0,1,0,0,1
0,1,0,0,1
0,1,0,0,1
0,1,0,0,1
0,1,1,0,2
0,1,0,0,1
0,1,1,0,2
0,1,1,0,2
0,1,0,0,1
0,1,0,0,1
0,1,0,0,1
0,1,1,0,2
0,1,0,0,1
0,1,0,0,1
0,1,0,0,1
0,1,4,0,5
0,1,0,0,1
0,1,0,0,1
0,1,0,0,1
0,1,0,0,1
0,1,1,0,2
0,1,0,0,1
0,1,1,0,2
0,1,0,0,1
0,1,1,0,2
0,1,0,0,1
0,1,0,0,1
0,1,0,0,1
0,1,1,0,2
0,1,1,0,2
0,1,0,0,1
0,1,1,0,2
0,1,0,0,1
0,1,1,0,2
0,1,0,0,1
0,1,1,0,2
0,1,0,0,1
0,1,0,0,1
0,1,0,0,1
0,1,0,0,1
0,1,0,0,1
0,1,0,0,1
0,1,0,0,1
0,1,1,0,2
0,1,0,0,1
0,1,0,0,1
0,1,0,0,1
0,1,0,0,1
0,1,1,0,2
0,1,1,0,2
0,1,1,0,2
0,1,0,0,1
0,1,0,0,1
0,1,0,0,1
0,1,0,0,1
0,1,0,0,1
0,1,1,0,2
0,1,1,0,2
0,1,1,0,2
0,1,1,0,2
0,1,0,0,1
0,1,0,0,1
0,1,1,0,2
0,1,0,0,1
0,1,0,0,1
0,1,0,0,1
0,1,0,0,1
0,1,0,0,1
0,1,0,0,1
0,1,1,0,2
0,1,0,0,1
0,1,0,0,1
0,1,0,0,1
0,1,0,0,1
0,1,0,0,1
0,1,0,0,1
0,1,0,0,1
0,1,0,0,1
0,1,0,0,1
0,1,0,0,1
0,1,0,0,1
0,1,1,0,2
0,1,0,0,1
0,1,0,0,1
0,1,0,0,1
0,1,0,0,1
0,1,0,0,1
0,1,0,0,1
0,1,0,0,1
0,1,0,0,1
0,1,0,0,1
0,1,0,0,1
0,1,0,0,1
0,1,0,0,1
0,1,0,0,1
0,1,0,0,1
0,1,0,0,1
0,1,0,0,1
0,1,1,0,2
0,1,0,0,1
0,1,0,0,1
0,1,0,0,1
0,1,1,0,2
0,1,0,0,1
0,1,0,0,1
0,1,0,0,1
0,1,0,0,1
0,1,0,0,1
0,1,0,0,1
0,1,0,0,1
0,1,0,0,1
0,0,2,0,2
0,0,1,0,1
0,0,1,0,1
0,0,2,0,2
0,0,1,0,1
0,0,2,0,2
0,0,1,0,1
0,0,1,0,1
0,0,1,0,1
0,0,1,0,1
0,0,1,0,1
0,0,1,0,1
0,0,1,0,1
0,0,1,0,1
0,0,2,0,2
0,0,1,0,1
0,0,1,0,1
0,0,1,0,1
0,0,1,0,1
0,0,1,0,1
0,0,1,0,1
0,0,1,0,1
0,0,8,0,8
0,0,1,0,1
0,0,2,0,2
0,0,1,0,1
0,0,1,0,1
0,0,1,0,1
0,0,1,0,1
0,0,1,0,1
0,0,2,0,2
0,0,1,0,1
0,0,2,0,2
0,0,1,0,1
0,0,2,0,2
0,0,1,0,1
0,0,2,0,2
0,0,1,0,1
0,0,2,0,2
0,0,3,0,3
0,0,1,0,1
0,0,1,0,1
0,0,1,0,1
0,0,1,0,1
0,0,1,0,1
0,0,1,0,1
0,0,1,0,1
0,0,1,0,1
0,0,1,0,1
0,0,1,0,1
0,0,2,0,2
0,0,1,0,1
0,0,2,0,2
0,0,2,0,2
0,0,1,0,1
0,0,1,0,1
0,0,1,0,1
0,0,1,0,1
0,0,1,0,1
0,0,1,0,1
0,0,1,0,1
0,0,1,0,1
0,0,1,0,1
0,0,1,0,1
0,0,2,0,2
0,0,1,0,1
0,0,1,0,1
0,0,1,0,1
0,0,1,0,1
0,0,1,0,1
0,0,1,0,1
0,0,1,0,1
0,0,1,0,1
0,0,2,0,2
0,0,2,0,2
0,0,2,0,2
0,0,1,0,1
0,0,1,0,1
0,0,2,0,2
0,0,4,0,4
0,0,1,0,1
0,0,1,0,1
0,0,2,0,2
0,0,1,0,1
0,0,1,0,1
0,0,1,0,1
0,0,2,0,2
0,0,1,0,1
0,0,2,0,2
0,0,1,0,1
0,0,2,0,2
0,0,1,0,1
0,0,1,0,1
0,0,3,0,3
0,0,1,0,1
0,0,1,0,1
0,0,2,0,2
0,0,1,0,1
0,0,1,0,1
0,0,2,0,2
0,0,1,0,1
0,0,1,0,1
0,0,2,0,2
0,0,1,0,1
0,0,1,0,1
0,0,1,0,1
0,0,1,0,1
0,0,1,0,1
0,0,1,0,1
0,0,1,0,1
0,0,1,0,1
0,0,1,0,1
0,0,1,0,1
0,0,2,0,2
0,0,1,0,1
0,0,2,0,2
0,0,2,0,2
0,0,1,0,1
0,0,1,0,1
0,0,1,0,1
0,0,1,0,1
0,0,3,0,3
0,0,1,0,1
0,0,1,0,1
0,0,1,0,1
0,0,3,0,3
0,0,2,0,2
0,0,1,0,1
0,0,1,0,1
0,0,1,0,1
0,0,1,0,1
0,0,1,0,1
0,0,1,0,1
0,0,1,0,1
0,0,6,0,6
0,0,1,0,1
0,0,1,0,1
0,0,1,0,1
0,0,1,0,1
0,0,1,0,1
0,0,1,0,1
0,0,1,0,1
0,0,1,0,1
0,0,1,0,1
0,0,1,0,1
0,0,2,0,2
0,0,2,0,2
0,0,1,0,1
0,0,1,0,1
0,0,1,0,1
0,0,2,0,2
0,0,1,0,1
0,0,2,0,2
0,0,1,0,1
0,0,4,0,4
0,0,1,0,1
0,0,1,0,1
0,0,1,0,1
0,0,1,0,1
0,0,3,0,3
0,0,2,0,2
0,0,1,0,1
0,0,2,0,2
0,0,2,0,2
0,0,2,0,2
0,0,1,0,1
0,0,1,0,1
0,0,1,0,1
0,0,2,0,2
0,0,1,0,1
0,0,1,0,1
0,0,1,0,1
0,0,1,0,1
0,0,2,0,2
0,0,1,0,1
0,0,2,0,2
0,0,1,0,1
0,0,2,0,2
0,0,4,0,4
0,0,1,0,1
0,0,1,0,1
0,0,1,0,1
0,0,1,0,1
0,0,2,0,2
0,0,2,0,2
0,0,1,0,1
0,0,2,0,2
0,0,1,0,1
0,0,1,0,1
0,0,1,0,1
0,0,1,0,1
0,0,1,0,1
0,0,1,0,1
0,0,2,0,2
0,0,1,0,1
0,0,1,0,1
0,0,1,0,1
0,0,1,0,1
0,0,1,0,1
0,0,2,0,2
0,0,1,0,1
0,0,4,0,4
0,0,2,0,2
0,0,1,0,1
0,0,1,0,1
0,0,1,0,1
0,0,1,0,1
0,0,1,0,1
0,0,2,0,2
0,0,2,0,2
0,0,2,0,2
0,0,1,0,1
0,0,2,0,2
0,0,1,0,1
0,0,1,0,1
0,0,1,0,1
0,0,2,0,2
0,0,1,0,1
0,0,2,0,2
0,0,1,0,1
0,0,2,0,2
0,0,1,0,1
0,0,1,0,1
0,0,1,0,1
0,0,1,0,1
0,0,1,0,1
0,0,1,0,1
0,0,1,0,1
0,0,1,0,1
0,0,3,0,3
0,0,1,0,1
0,0,1,0,1
0,0,1,0,1
0,0,1,0,1
0,0,1,0,1
0,0,1,0,1
0,0,2,0,2
0,0,1,0,1
0,0,1,0,1
0,0,1,0,1
0,0,6,0,6
0,0,1,0,1
0,0,1,0,1
0,0,1,0,1
0,0,1,0,1
0,0,1,0,1
0,0,2,0,2
0,0,1,0,1
0,0,1,0,1
0,0,1,0,1
0,0,1,0,1
0,0,3,0,3
0,0,1,0,1
0,0,1,0,1
0,0,1,0,1
0,0,1,0,1
0,0,1,0,1
0,0,1,0,1
0,0,2,0,2
0,0,1,0,1
0,0,2,0,2
0,0,1,0,1
0,0,1,0,1
0,0,1,0,1
0,0,1,0,1
0,0,2,0,2
0,0,2,0,2
0,0,2,0,2
0,0,1,0,1
0,0,1,0,1
0,0,1,0,1
0,0,2,0,2
0,0,1,0,1
0,0,1,0,1
0,0,2,0,2
0,0,2,0,2
0,0,1,0,1
0,0,1,0,1
0,0,4,0,4
0,0,1,0,1
0,0,2,0,2
0,0,1,0,1
0,0,2,0,2
0,0,1,0,1
0,0,1,0,1
0,0,1,0,1
0,0,2,0,2
0,0,2,0,2
0,0,1,0,1
0,0,1,0,1
0,0,1,0,1
0,0,1,0,1
0,0,1,0,1
0,0,1,0,1
0,0,1,0,1
0,0,1,0,1
0,0,1,0,1
0,0,1,0,1
0,0,1,0,1
0,0,1,0,1
0,0,2,0,2
0,0,1,0,1
0,0,1,0,1
0,0,2,0,2
0,0,1,0,1
0,0,1,0,1
0,0,1,0,1
0,0,1,0,1
0,0,1,0,1
0,0,1,0,1
0,0,3,0,3
0,0,1,0,1
0,0,2,0,2
0,0,2,0,2
0,0,1,0,1
0,0,1,0,1
0,0,2,0,2
0,0,1,0,1
0,0,1,0,1
0,0,1,0,1
0,0,2,0,2
0,0,1,0,1
0,0,1,0,1
0,0,1,0,1
0,0,1,0,1
0,0,3,0,3
0,0,1,0,1
0,0,1,0,1
0,0,1,0,1
0,0,1,0,1
0,0,1,0,1
0,0,1,0,1
0,0,1,0,1
0,0,1,0,1
0,0,2,0,2
0,0,1,0,1
0,0,2,0,2
0,0,1,0,1
0,0,4,0,4
0,0,1,0,1
0,0,1,0,1
0,0,1,0,1
0,0,1,0,1
0,0,2,0,2
0,0,1,0,1
0,0,1,0,1
0,0,2,0,2
0,0,2,0,2
0,0,1,0,1
0,0,1,0,1
0,0,1,0,1
0,0,2,0,2
0,0,1,0,1
0,0,1,0,1
0,0,2,0,2
0,0,1,0,1
0,0,1,0,1
0,0,1,0,1
0,0,2,0,2
0,0,1,0,1
0,0,1,0,1
0,0,1,0,1
0,0,1,0,1
0,0,1,0,1
0,0,1,0,1
0,0,1,0,1
0,0,1,0,1
0,0,1,0,1
0,0,2,0,2
0,0,1,0,1
0,0,1,0,1
0,0,1,0,1
0,0,2,0,2
0,0,3,0,3
0,0,8,0,8
0,0,1,0,1
0,0,1,0,1
0,0,1,0,1
0,0,1,0,1
0,0,1,0,1
0,0,1,0,1
0,0,2,0,2
0,0,1,0,1
0,0,1,0,1
0,0,1,0,1
0,0,2,0,2
0,0,1,0,1
0,0,2,0,2
0,0,1,0,1
0,0,3,0,3
0,0,4,0,4
0,0,1,0,1
0,0,1,0,1
0,0,2,0,2
0,0,1,0,1
0,0,1,0,1
0,0,1,0,1
0,0,2,0,2
0,0,1,0,1
0,0,1,0,1
0,0,1,0,1
0,0,4,0,4
0,0,5,0,5
0,0,1,0,1
0,0,1,0,1
0,0,1,0,1
0,0,1,0,1
0,0,1,0,1
0,0,1,0,1
0,0,1,0,1
0,0,1,0,1
0,0,2,0,2
0,0,1,0,1
0,0,1,0,1
0,0,2,0,2
0,0,1,0,1
0,0,2,0,2
0,0,2,0,2
0,0,1,0,1
0,0,1,0,1
0,0,1,0,1
0,0,1,0,1
0,0,1,0,1
0,0,1,0,1
0,0,5,0,5
0,0,1,0,1
0,0,1,0,1
0,0,1,0,1
0,0,1,0,1
0,0,2,0,2
0,0,2,0,2
0,0,1,0,1
0,0,1,0,1
0,0,1,0,1
0,0,2,0,2
0,0,1,0,1
0,0,3,0,3
0,0,1,0,1
0,0,2,0,2
0,0,1,0,1
0,0,2,0,2
0,0,1,0,1
0,0,2,0,2
0,0,1,0,1
0,0,1,0,1
0,0,1,0,1
0,0,1,0,1
0,0,1,0,1
0,0,1,0,1
0,0,1,0,1
0,0,1,0,1
0,0,1,0,1
0,0,1,0,1
0,0,1,0,1
0,0,2,0,2
0,0,1,0,1
0,0,12,0,12
0,0,1,0,1
0,0,2,0,2
0,0,1,0,1
0,0,1,0,1
0,0,1,0,1
0,0,1,0,1
0,0,1,0,1
0,0,3,0,3
0,0,1,0,1
0,0,1,0,1
0,0,1,0,1
0,0,2,0,2
0,0,2,0,2
0,0,2,0,2
0,0,1,0,1
0,0,2,0,2
0,0,2,0,2
0,0,2,0,2
0,0,1,0,1
0,0,1,0,1
0,0,2,0,2
0,0,1,0,1
0,0,4,0,4
0,0,1,0,1
0,0,2,0,2
0,0,1,0,1
0,0,2,0,2
0,0,1,0,1
0,0,1,0,1
0,0,1,0,1
0,0,1,0,1
0,0,1,0,1
0,0,1,0,1
0,0,1,0,1
0,0,1,0,1
0,0,1,0,1
0,0,2,0,2
0,0,1,0,1
0,0,4,0,4
0,0,1,0,1
0,0,1,0,1
0,0,1,0,1
0,0,1,0,1
0,0,1,0,1
0,0,3,0,3
0,0,2,0,2
0,0,1,0,1
0,0,2,0,2
0,0,2,0,2
0,0,1,0,1
0,0,1,0,1
0,0,1,0,1
0,0,1,0,1
0,0,1,0,1
0,0,2,0,2
0,0,4,0,4
0,0,2,0,2
0,0,2,0,2
0,0,5,0,5
0,0,1,0,1
0,0,2,0,2
0,0,1,0,1
0,0,1,0,1
0,0,2,0,2
0,0,1,0,1
0,0,1,0,1
0,0,2,0,2
0,0,1,0,1
0,0,1,0,1
0,0,1,0,1
0,0,2,0,2
0,0,2,0,2
0,0,1,0,1
0,0,1,0,1
0,0,1,0,1
0,0,1,0,1
0,0,1,0,1
0,0,1,0,1
0,0,1,0,1
0,0,1,0,1
0,0,1,0,1
0,0,1,0,1
0,0,1,0,1
0,0,2,0,2
0,0,1,0,1
0,0,1,0,1
0,0,1,0,1
0,0,2,0,2
0,0,1,0,1
0,0,1,0,1
0,0,5,0,5
0,0,1,0,1
0,0,1,0,1
0,0,1,0,1
0,0,2,0,2
0,0,1,0,1
0,0,1,0,1
0,0,1,0,1
0,0,1,0,1
0,0,1,0,1
0,0,1,0,1
0,0,1,0,1
0,0,1,0,1
0,0,1,0,1
0,0,1,0,1
0,0,1,0,1
0,0,2,0,2
0,0,1,0,1
0,0,1,0,1
0,0,3,0,3
0,0,1,0,1
0,0,1,0,1
0,0,3,0,3
0,0,1,0,1
0,0,1,0,1
0,0,1,0,1
0,0,1,0,1
0,0,1,0,1
0,0,1,0,1
0,0,1,0,1
0,0,1,0,1
0,0,1,0,1
0,0,1,0,1
0,0,1,0,1
0,0,2,0,2
0,0,1,0,1
0,0,1,0,1
0,0,2,0,2
0,0,1,0,1
0,0,2,0,2
0,0,1,0,1
0,0,1,0,1
0,0,1,0,1
0,0,1,0,1
0,0,1,0,1
0,0,1,0,1
0,0,1,0,1
0,0,4,0,4
0,0,2,0,2
0,0,1,0,1
0,0,1,0,1
0,0,1,0,1
0,0,1,0,1
0,0,1,0,1
0,0,2,0,2
0,0,1,0,1
0,0,1,0,1
0,0,1,0,1
0,0,3,0,3
0,0,1,0,1
0,0,3,0,3
0,0,1,0,1
0,0,2,0,2
0,0,1,0,1
0,0,1,0,1
0,0,1,0,1
0,0,2,0,2
0,0,1,0,1
0,0,1,0,1
0,0,2,0,2
0,0,1,0,1
0,0,1,0,1
0,0,1,0,1
0,0,2,0,2
0,0,1,0,1
0,0,1,0,1
0,0,2,0,2
0,0,1,0,1
0,0,2,0,2
0,0,1,0,1
0,0,1,0,1
0,0,1,0,1
0,0,1,0,1
0,0,8,0,8
0,0,2,0,2
0,0,1,0,1
0,0,4,0,4
0,0,1,0,1
0,0,1,0,1
0,0,1,0,1
0,0,2,0,2
0,0,1,0,1
0,0,1,0,1
0,0,1,0,1
0,0,1,0,1
0,0,2,0,2
0,0,1,0,1
0,0,2,0,2
0,0,2,0,2
0,0,1,0,1
0,0,3,0,3
0,0,1,0,1
0,0,1,0,1
0,0,1,0,1
0,0,1,0,1
0,0,1,0,1
0,0,3,0,3
0,0,1,0,1
0,0,1,0,1
0,0,1,0,1
0,0,1,0,1
0,0,1,0,1
0,0,1,0,1
0,0,1,0,1
0,0,1,0,1
0,0,1,0,1
0,0,1,0,1
0,0,5,0,5
0,0,1,0,1
0,0,1,0,1
0,0,1,0,1
0,0,1,0,1
0,0,1,0,1
0,0,1,0,1
0,0,1,0,1
0,0,2,0,2
0,0,1,0,1
0,0,1,0,1
0,0,2,0,2
0,0,3,0,3
0,0,1,0,1
0,0,3,0,3
0,0,2,0,2
0,0,1,0,1
0,0,4,0,4
0,0,1,0,1
0,0,2,0,2
0,0,1,0,1
0,0,1,0,1
0,0,1,0,1
0,0,2,0,2
0,0,1,0,1
0,0,2,0,2
0,0,1,0,1
0,0,1,0,1
0,0,1,0,1
0,0,1,0,1
0,0,1,0,1
0,0,1,0,1
0,0,1,0,1
0,0,1,0,1
0,0,1,0,1
0,0,4,0,4
0,0,2,0,2
0,0,1,0,1
0,0,1,0,1
0,0,2,0,2
0,0,1,0,1
0,0,1,0,1
0,0,1,0,1
0,0,2,0,2
0,0,1,0,1
0,0,1,0,1
0,0,2,0,2
0,0,1,0,1
0,0,1,0,1
0,0,1,0,1
0,0,2,0,2
0,0,1,0,1
0,0,2,0,2
0,0,1,0,1
0,0,1,0,1
0,0,1,0,1
0,0,2,0,2
0,0,2,0,2
0,0,2,0,2
0,0,1,0,1
0,0,1,0,1
0,0,1,0,1
0,0,1,0,1
0,0,1,0,1
0,0,1,0,1
0,0,1,0,1
0,0,1,0,1
0,0,1,0,1
0,0,1,0,1
0,0,1,0,1
0,0,1,0,1
0,0,1,0,1
0,0,1,0,1
0,0,1,0,1
0,0,4,0,4
0,0,1,0,1
0,0,1,0,1
0,0,3,0,3
0,0,1,0,1
0,0,2,0,2
0,0,1,0,1
0,0,1,0,1
0,0,1,0,1
0,0,1,0,1
0,0,2,0,2
0,0,1,0,1
0,0,1,0,1
0,0,1,0,1
0,0,4,0,4
0,0,1,0,1
0,0,2,0,2
0,0,1,0,1
0,0,2,0,2
0,0,1,0,1
0,0,1,0,1
0,0,2,0,2
0,0,1,0,1
0,0,1,0,1
0,0,1,0,1
0,0,1,0,1
0,0,1,0,1
0,0,1,0,1
0,0,1,0,1
0,0,1,0,1
0,0,2,0,2
0,0,2,0,2
0,0,2,0,2
0,0,1,0,1
0,0,1,0,1
0,0,2,0,2
0,0,1,0,1
0,0,4,0,4
0,0,1,0,1
0,0,1,0,1
0,0,2,0,2
0,0,1,0,1
0,0,2,0,2
0,0,1,0,1
0,0,1,0,1
0,0,1,0,1
0,0,1,0,1
0,0,1,0,1
0,0,1,0,1
0,0,2,0,2
0,0,1,0,1
0,0,1,0,1
0,0,1,0,1
0,0,1,0,1
0,0,2,0,2
0,0,3,0,3
0,0,1,0,1
0,0,1,0,1
0,0,1,0,1
0,0,1,0,1
0,0,1,0,1
0,0,1,0,1
0,0,1,0,1
0,0,1,0,1
0,0,2,0,2
0,0,1,0,1
0,0,1,0,1
0,0,2,0,2
0,0,1,0,1
0,0,2,0,2
0,0,1,0,1
0,0,2,0,2
0,0,1,0,1
0,0,2,0,2
0,0,2,0,2
0,0,1,0,1
0,0,1,0,1
0,0,1,0,1
0,0,1,0,1
0,0,2,0,2
0,0,1,0,1
0,0,1,0,1
0,0,2,0,2
0,0,5,0,5
0,0,1,0,1
0,0,1,0,1
0,0,1,0,1
0,0,1,0,1
0,0,2,0,2
0,0,2,0,2
0,0,2,0,2
0,0,1,0,1
0,0,1,0,1
0,0,3,0,3
0,0,1,0,1
0,0,1,0,1
0,0,2,0,2
0,0,1,0,1
0,0,1,0,1
0,0,2,0,2
0,0,1,0,1
0,0,1,0,1
0,0,1,0,1
0,0,1,0,1
0,0,1,0,1
0,0,1,0,1
0,0,1,0,1
0,0,2,0,2
0,0,1,0,1
0,0,1,0,1
0,0,1,0,1
0,0,1,0,1
0,0,1,0,1
0,0,1,0,1
0,0,1,0,1
0,0,2,0,2
0,0,1,0,1
0,0,1,0,1
0,0,1,0,1
0,0,1,0,1
0,0,2,0,2
0,0,1,0,1
0,0,1,0,1
0,0,1,0,1
0,0,1,0,1
0,0,1,0,1
0,0,1,0,1
0,0,1,0,1
0,0,3,0,3
0,0,1,0,1
0,0,1,0,1
0,0,2,0,2
0,0,1,0,1
0,0,1,0,1
0,0,1,0,1
0,0,1,0,1
0,0,1,0,1
0,0,2,0,2
0,0,1,0,1
0,0,1,0,1
0,0,1,0,1
0,0,2,0,2
0,0,1,0,1
0,0,3,0,3
0,0,1,0,1
0,0,1,0,1
0,0,1,0,1
0,0,1,0,1
0,0,1,0,1
0,0,2,0,2
0,0,1,0,1
0,0,1,0,1
0,0,1,0,1
0,0,1,0,1
0,0,1,0,1
0,0,1,0,1
0,0,1,0,1
0,0,1,0,1
0,0,1,0,1
0,0,1,0,1
0,0,1,0,1
0,0,1,0,1
0,0,1,0,1
0,0,1,0,1
0,0,1,0,1
0,0,1,0,1
0,0,2,0,2
0,0,2,0,2
0,0,1,0,1
0,0,2,0,2
0,0,1,0,1
0,0,2,0,2
0,0,1,0,1
0,0,1,0,1
0,0,1,0,1
0,0,1,0,1
0,0,4,0,4
0,0,1,0,1
0,0,1,0,1
0,0,1,0,1
0,0,1,0,1
0,0,1,0,1
0,0,2,0,2
0,0,2,0,2
0,0,1,0,1
0,0,1,0,1
0,0,3,0,3
0,0,2,0,2
0,0,1,0,1
0,0,2,0,2
0,0,1,0,1
0,0,1,0,1
0,0,1,0,1
0,0,1,0,1
0,0,2,0,2
0,0,1,0,1
0,0,2,0,2
0,0,1,0,1
0,0,2,0,2
0,0,2,0,2
0,0,1,0,1
0,0,1,0,1
0,0,1,0,1
0,0,2,0,2
0,0,1,0,1
0,0,1,0,1
0,0,1,0,1
0,0,2,0,2
0,0,2,0,2
0,0,2,0,2
0,0,1,0,1
0,0,1,0,1
0,0,1,0,1
0,0,1,0,1
0,0,1,0,1
0,0,1,0,1
0,0,1,0,1
0,0,1,0,1
0,0,2,0,2
0,0,2,0,2
0,0,1,0,1
0,0,1,0,1
0,0,1,0,1
0,0,1,0,1
0,0,1,0,1
0,0,1,0,1
0,0,2,0,2
0,0,1,0,1
0,0,1,0,1
0,0,1,0,1
0,0,1,0,1
0,0,1,0,1
0,0,1,0,1
0,0,1,0,1
0,0,1,0,1
0,0,1,0,1
0,0,1,0,1
0,0,1,0,1
0,0,1,0,1
0,0,2,0,2
0,0,1,0,1
0,0,2,0,2
0,0,2,0,2
0,0,1,0,1
0,0,1,0,1
0,0,1,0,1
0,0,1,0,1
0,0,2,0,2
0,0,2,0,2
0,0,1,0,1
0,0,1,0,1
0,0,1,0,1
0,0,2,0,2
0,0,2,0,2
0,0,1,0,1
0,0,1,0,1
0,0,1,0,1
0,0,1,0,1
0,0,2,0,2
0,0,1,0,1
0,0,2,0,2
0,0,2,0,2
0,0,2,0,2
0,0,1,0,1
0,0,1,0,1
0,0,1,0,1
0,0,1,0,1
0,0,1,0,1
0,0,1,0,1
0,0,1,0,1
0,0,1,0,1
0,0,1,0,1
0,0,1,0,1
0,0,1,0,1
0,0,1,0,1
0,0,3,0,3
0,0,1,0,1
0,0,1,0,1
0,0,1,0,1
0,0,2,0,2
0,0,1,0,1
0,0,1,0,1
0,0,1,0,1
0,0,1,0,1
0,0,1,0,1
0,0,1,0,1
0,0,1,0,1
0,0,1,0,1
0,0,4,0,4
0,0,4,0,4
0,0,1,0,1
0,0,1,0,1
0,0,1,0,1
0,0,1,0,1
0,0,2,0,2
0,0,1,0,1
0,0,2,0,2
0,0,2,0,2
0,0,1,0,1
0,0,2,0,2
0,0,2,0,2
0,0,1,0,1
0,0,1,0,1
0,0,1,0,1
0,0,1,0,1
0,0,1,0,1
0,0,1,0,1
0,0,4,0,4
0,0,1,0,1
0,0,3,0,3
0,0,1,0,1
0,0,1,0,1
0,0,1,0,1
0,0,1,0,1
0,0,1,0,1
0,0,2,0,2
0,0,1,0,1
0,0,1,0,1
0,0,1,0,1
0,0,1,0,1
0,0,1,0,1
0,0,2,0,2
0,0,2,0,2
0,0,2,0,2
0,0,1,0,1
0,0,2,0,2
0,0,2,0,2
0,0,1,0,1
0,0,2,0,2
0,0,1,0,1
0,0,2,0,2
0,0,1,0,1
0,0,1,0,1
0,0,1,0,1
0,0,2,0,2
0,0,1,0,1
0,0,1,0,1
0,0,5,0,5
0,0,2,0,2
0,0,1,0,1
0,0,1,0,1
0,0,1,0,1
0,0,2,0,2
0,0,1,0,1
0,0,1,0,1
0,0,2,0,2
0,0,2,0,2
0,0,1,0,1
0,0,1,0,1
0,0,2,0,2
0,0,2,0,2
0,0,3,0,3
0,0,1,0,1
0,0,2,0,2
0,0,1,0,1
0,0,1,0,1
0,0,1,0,1
0,0,2,0,2
0,0,1,0,1
0,0,1,0,1
0,0,1,0,1
0,0,2,0,2
0,0,1,0,1
0,0,1,0,1
0,0,2,0,2
0,0,1,0,1
0,0,1,0,1
0,0,1,0,1
0,0,1,0,1
0,0,2,0,2
0,0,2,0,2
0,0,4,0,4
0,0,1,0,1
0,0,2,0,2
0,0,1,0,1
0,0,1,0,1
0,0,6,0,6
0,0,1,0,1
0,0,1,0,1
0,0,1,0,1
0,0,1,0,1
0,0,1,0,1
0,0,3,0,3
0,0,1,0,1
0,0,1,0,1
0,0,1,0,1
0,0,1,0,1
0,0,1,0,1
0,0,1,0,1
0,0,2,0,2
0,0,1,0,1
0,0,1,0,1
0,0,1,0,1
0,0,1,0,1
0,0,2,0,2
0,0,1,0,1
0,0,1,0,1
0,0,1,0,1
0,0,1,0,1
0,0,1,0,1
0,0,1,0,1
0,0,1,0,1
0,0,1,0,1
0,0,1,0,1
0,0,1,0,1
0,0,2,0,2
0,0,1,0,1
0,0,1,0,1
0,0,1,0,1
0,0,1,0,1
0,0,1,0,1
0,0,1,0,1
0,0,1,0,1
0,0,2,0,2
0,0,1,0,1
0,0,1,0,1
0,0,1,0,1
0,0,1,0,1
0,0,1,0,1
0,0,2,0,2
0,0,1,0,1
0,0,4,0,4
0,0,1,0,1
0,0,1,0,1
0,0,1,0,1
0,0,1,0,1
0,0,1,0,1
0,0,2,0,2
0,0,1,0,1
0,0,1,0,1
0,0,1,0,1
0,0,2,0,2
0,0,2,0,2
0,0,1,0,1
0,0,1,0,1
0,0,1,0,1
0,0,1,0,1
0,0,1,0,1
0,0,1,0,1
0,0,1,0,1
0,0,1,0,1
0,0,1,0,1
0,0,1,0,1
0,0,2,0,2
0,0,1,0,1
0,0,1,0,1
0,0,1,0,1
0,0,1,0,1
0,0,1,0,1
0,0,1,0,1
0,0,1,0,1
0,0,2,0,2
0,0,1,0,1
0,0,1,0,1
0,0,1,0,1
0,0,1,0,1
0,0,2,0,2
0,0,1,0,1
0,0,3,0,3
0,0,1,0,1
0,0,1,0,1
0,0,3,0,3
0,0,1,0,1
0,0,1,0,1
0,0,1,0,1
0,0,2,0,2
0,0,1,0,1
0,0,1,0,1
0,0,1,0,1
0,0,1,0,1
0,0,1,0,1
0,0,1,0,1
0,0,1,0,1
0,0,1,0,1
0,0,1,0,1
0,0,1,0,1
0,0,1,0,1
0,0,1,0,1
0,0,1,0,1
0,0,1,0,1
0,0,2,0,2
0,0,1,0,1
0,0,1,0,1
0,0,2,0,2
0,0,2,0,2
0,0,1,0,1
0,0,1,0,1
0,0,1,0,1
0,0,1,0,1
0,0,2,0,2
0,0,1,0,1
0,0,2,0,2
0,0,1,0,1
0,0,1,0,1
0,0,1,0,1
0,0,1,0,1
0,0,1,0,1
0,0,1,0,1
0,0,1,0,1
0,0,1,0,1
0,0,1,0,1
0,0,1,0,1
0,0,1,0,1
0,0,1,0,1
0,0,2,0,2
0,0,3,0,3
0,0,1,0,1
0,0,1,0,1
0,0,1,0,1
0,0,2,0,2
0,0,1,0,1
0,0,1,0,1
0,0,1,0,1
0,0,1,0,1
0,0,1,0,1
0,0,2,0,2
0,0,1,0,1
0,0,1,0,1
0,0,1,0,1
0,0,1,0,1
0,0,1,0,1
0,0,1,0,1
0,0,1,0,1
0,0,1,0,1
0,0,1,0,1
0,0,1,0,1
0,0,1,0,1
0,0,1,0,1
0,0,1,0,1
0,0,2,0,2
0,0,1,0,1
0,0,1,0,1
0,0,1,0,1
0,0,1,0,1
0,0,1,0,1
0,0,1,0,1
0,0,1,0,1
0,0,1,0,1
0,0,1,0,1
0,0,2,0,2
0,0,1,0,1
0,0,1,0,1
0,0,2,0,2
0,0,1,0,1
0,0,1,0,1
0,0,1,0,1
0,0,1,0,1
0,0,1,0,1
0,0,1,0,1
0,0,1,0,1
0,0,1,0,1
0,0,1,0,1
0,0,1,0,1
0,0,1,0,1
0,0,1,0,1
0,0,1,0,1
0,0,1,0,1
0,0,1,0,1
0,0,1,0,1
0,0,1,0,1
0,0,2,0,2
0,0,1,0,1
0,0,1,0,1
0,0,1,0,1
0,0,1,0,1
0,0,1,0,1
0,0,2,0,2
0,0,1,0,1
0,0,1,0,1
0,0,1,0,1
0,0,2,0,2
0,0,1,0,1
0,0,1,0,1
0,0,1,0,1
0,0,1,0,1
0,0,1,0,1
0,0,1,0,1
0,0,1,0,1
0,0,2,0,2
0,0,1,0,1
0,0,1,0,1
0,0,1,0,1
0,0,7,0,7
0,0,1,0,1
0,0,1,0,1
0,0,2,0,2
0,0,1,0,1
0,0,2,0,2
0,0,1,0,1
0,0,1,0,1
0,0,1,0,1
0,0,1,0,1
0,0,1,0,1
0,0,1,0,1
0,0,2,0,2
0,0,1,0,1
0,0,2,0,2
0,0,1,0,1
0,0,1,0,1
0,0,2,0,2
0,0,1,0,1
0,0,1,0,1
0,0,1,0,1
0,0,1,0,1
0,0,2,0,2
0,0,1,0,1
0,0,1,0,1
0,0,1,0,1
0,0,1,0,1
0,0,2,0,2
0,0,1,0,1
0,0,1,0,1
0,0,1,0,1
0,0,1,0,1
0,0,1,0,1
0,0,1,0,1
0,0,1,0,1
0,0,1,0,1
0,0,1,0,1
0,0,1,0,1
0,0,1,0,1
0,0,1,0,1
0,0,2,0,2
0,0,1,0,1
0,0,1,0,1
0,0,2,0,2
0,0,2,0,2
0,0,1,0,1
0,0,1,0,1
0,0,1,0,1
0,0,2,0,2
0,0,1,0,1
0,0,1,0,1
0,0,2,0,2
0,0,1,0,1
0,0,1,0,1
0,0,1,0,1
0,0,1,0,1
0,0,1,0,1
0,0,1,0,1
0,0,1,0,1
0,0,1,0,1
0,0,1,0,1
0,0,1,0,1
0,0,2,0,2
0,0,1,0,1
0,0,1,0,1
0,0,1,0,1
0,0,2,0,2
0,0,1,0,1
0,0,2,0,2
0,0,1,0,1
0,0,1,0,1
0,0,1,0,1
0,0,2,0,2
0,0,2,0,2
0,0,1,0,1
0,0,1,0,1
0,0,1,0,1
0,0,1,0,1
0,0,1,0,1
0,0,1,0,1
0,0,1,0,1
0,0,2,0,2
0,0,1,0,1
0,0,1,0,1
0,0,2,0,2
0,0,1,0,1
0,0,1,0,1
0,0,1,0,1
0,0,1,0,1
0,0,1,0,1
0,0,2,0,2
0,0,2,0,2
0,0,1,0,1
0,0,1,0,1
0,0,1,0,1
0,0,1,0,1
0,0,1,0,1
0,0,1,0,1
0,0,1,0,1
0,0,2,0,2
0,0,1,0,1
0,0,1,0,1
0,0,2,0,2
0,0,1,0,1
0,0,1,0,1
0,0,1,0,1
0,0,1,0,1
0,0,1,0,1
0,0,1,0,1
0,0,2,0,2
0,0,1,0,1
0,0,1,0,1
0,0,1,0,1
0,0,2,0,2
0,0,2,0,2
0,0,1,0,1
0,0,1,0,1
0,0,1,0,1
0,0,1,0,1
0,0,1,0,1
0,0,1,0,1
0,0,1,0,1
0,0,1,0,1
0,0,1,0,1
0,0,1,0,1
0,0,2,0,2
0,0,1,0,1
0,0,1,0,1
0,0,1,0,1
0,0,1,0,1
0,0,1,0,1
0,0,1,0,1
0,0,1,0,1
0,0,1,0,1
0,0,2,0,2
0,0,1,0,1
0,0,1,0,1
0,0,1,0,1
0,0,1,0,1
0,0,2,0,2
0,0,1,0,1
0,0,2,0,2
0,0,1,0,1
0,0,1,0,1
0,0,1,0,1
0,0,1,0,1
0,0,1,0,1
0,0,1,0,1
0,0,1,0,1
0,0,1,0,1
0,0,1,0,1
0,0,1,0,1
0,0,2,0,2
0,0,1,0,1
0,0,1,0,1
0,0,2,0,2
0,0,1,0,1
0,0,1,0,1
0,0,1,0,1
0,0,1,0,1
0,0,1,0,1
0,0,1,0,1
0,0,1,0,1
0,0,1,0,1
0,0,1,0,1
0,0,1,0,1
0,0,1,0,1
0,0,1,0,1
0,0,1,0,1
0,0,1,0,1
0,0,1,0,1
0,0,1,0,1
0,0,2,0,2
0,0,1,0,1
0,0,1,0,1
0,0,1,0,1
0,0,2,0,2
0,0,1,0,1
0,0,2,0,2
0,0,1,0,1
0,0,1,0,1
0,0,2,0,2
0,0,2,0,2
0,0,1,0,1
0,0,2,0,2
0,0,1,0,1
0,0,2,0,2
0,0,1,0,1
0,0,1,0,1
0,0,2,0,2
0,0,1,0,1
0,0,1,0,1
0,0,2,0,2
0,0,1,0,1
0,0,2,0,2
0,0,2,0,2
0,0,1,0,1
0,0,1,0,1
0,0,1,0,1
0,0,1,0,1
0,0,2,0,2
0,0,2,0,2
0,0,2,0,2
0,0,1,0,1
0,0,1,0,1
0,0,2,0,2
0,0,1,0,1
0,0,1,0,1
0,0,2,0,2
0,0,1,0,1
0,0,2,0,2
0,0,2,0,2
0,0,1,0,1
0,0,1,0,1
0,0,1,0,1
0,0,1,0,1
0,0,1,0,1
0,0,1,0,1
0,0,1,0,1
0,0,2,0,2
0,0,1,0,1
0,0,1,0,1
0,0,1,0,1
0,0,2,0,2
0,0,2,0,2
0,0,1,0,1
0,0,1,0,1
0,0,1,0,1
0,0,1,0,1
0,0,1,0,1
0,0,1,0,1
0,0,1,0,1
0,0,2,0,2
0,0,2,0,2
0,0,1,0,1
0,0,1,0,1
0,0,1,0,1
0,0,2,0,2
0,0,1,0,1
0,0,1,0,1
0,0,1,0,1
0,0,1,0,1
0,0,1,0,1
0,0,2,0,2
0,0,1,0,1
0,0,1,0,1
0,0,1,0,1
0,0,1,0,1
0,0,1,0,1
0,0,1,0,1
0,0,1,0,1
0,0,2,0,2
0,0,1,0,1
0,0,1,0,1
0,0,1,0,1
0,0,1,0,1
0,0,2,0,2
0,0,2,0,2
0,0,1,0,1
0,0,2,0,2
0,0,1,0,1
0,0,1,0,1
0,0,1,0,1
0,0,1,0,1
0,0,1,0,1
0,0,1,0,1
0,0,2,0,2
0,0,1,0,1
0,0,3,0,3
0,0,1,0,1
0,0,1,0,1
0,0,1,0,1
0,0,1,0,1
0,0,2,0,2
0,0,2,0,2
0,0,1,0,1
0,0,1,0,1
0,0,1,0,1
0,0,1,0,1
0,0,1,0,1
0,0,1,0,1
0,0,1,0,1
0,0,1,0,1
0,0,1,0,1
0,0,2,0,2
0,0,2,0,2
0,0,1,0,1
0,0,1,0,1
0,0,1,0,1
0,0,1,0,1
0,0,1,0,1
0,0,2,0,2
0,0,1,0,1
0,0,1,0,1
0,0,2,0,2
0,0,1,0,1
0,0,1,0,1
0,0,2,0,2
0,0,1,0,1
0,0,2,0,2
0,0,1,0,1
0,0,1,0,1
0,0,1,0,1
0,0,1,0,1
0,0,1,0,1
0,0,1,0,1
0,0,1,0,1
0,0,1,0,1
0,0,1,0,1
0,0,1,0,1
0,0,1,0,1
0,0,2,0,2
0,0,1,0,1
0,0,1,0,1
0,0,1,0,1
0,0,1,0,1
0,0,1,0,1
0,0,1,0,1
0,0,1,0,1
0,0,1,0,1
0,0,1,0,1
0,0,1,0,1
0,0,2,0,2
0,0,1,0,1
0,0,2,0,2
0,0,1,0,1
0,0,1,0,1
0,0,1,0,1
0,0,1,0,1
0,0,1,0,1
0,0,1,0,1
0,0,1,0,1
0,0,1,0,1
0,0,1,0,1
0,0,1,0,1
0,0,1,0,1
0,0,2,0,2
0,0,1,0,1
0,0,1,0,1
0,0,1,0,1
0,0,1,0,1
0,0,1,0,1
0,0,1,0,1
0,0,1,0,1
0,0,2,0,2
0,0,2,0,2
0,0,1,0,1
0,0,2,0,2
0,0,1,0,1
0,0,2,0,2
0,0,1,0,1
0,0,1,0,1
0,0,1,0,1
0,0,1,0,1
0,0,1,0,1
0,0,1,0,1
0,0,1,0,1
0,0,3,0,3
0,0,1,0,1
0,0,1,0,1
0,0,1,0,1
0,0,1,0,1
0,0,2,0,2
0,0,2,0,2
0,0,3,0,3
0,0,1,0,1
0,0,1,0,1
0,0,1,0,1
0,0,1,0,1
0,0,2,0,2
0,0,1,0,1
0,0,2,0,2
0,0,1,0,1
0,0,1,0,1
0,0,1,0,1
0,0,1,0,1
0,0,1,0,1
0,0,2,0,2
0,0,1,0,1
0,0,1,0,1
0,0,1,0,1
0,0,1,0,1
0,0,2,0,2
0,0,1,0,1
0,0,2,0,2
0,0,1,0,1
0,0,3,0,3
0,0,1,0,1
0,0,1,0,1
0,0,1,0,1
0,0,1,0,1
0,0,1,0,1
0,0,1,0,1
0,0,1,0,1
0,0,1,0,1
0,0,1,0,1
0,0,1,0,1
0,0,1,0,1
0,0,1,0,1
0,0,1,0,1
0,0,1,0,1
0,0,1,0,1
0,0,1,0,1
0,0,1,0,1
0,0,1,0,1
0,0,1,0,1
0,0,1,0,1
0,0,2,0,2
0,0,1,0,1
0,0,1,0,1
0,0,1,0,1
0,0,1,0,1
0,0,1,0,1
0,0,1,0,1
0,0,2,0,2
0,0,1,0,1
0,0,1,0,1
0,0,1,0,1
0,0,1,0,1
0,0,1,0,1
0,0,1,0,1
0,0,1,0,1
0,0,1,0,1
0,0,1,0,1
0,0,1,0,1
0,0,1,0,1
0,0,1,0,1
0,0,1,0,1
0,0,1,0,1
0,0,1,0,1
0,0,1,0,1
0,0,1,0,1
0,0,1,0,1
0,0,1,0,1
0,0,1,0,1
0,0,1,0,1
0,0,1,0,1
0,0,1,0,1
0,0,1,0,1
0,0,2,0,2
0,0,1,0,1
0,0,1,0,1
0,0,1,0,1
0,0,2,0,2
0,0,1,0,1
0,0,1,0,1
0,0,1,0,1
0,0,1,0,1
0,0,2,0,2
0,0,1,0,1
0,0,1,0,1
0,0,1,0,1
0,0,1,0,1
0,0,1,0,1
0,0,1,0,1
0,0,1,0,1
0,0,2,0,2
0,0,1,0,1
0,0,1,0,1
0,0,2,0,2
0,0,2,0,2
0,0,1,0,1
0,0,1,0,1
0,0,1,0,1
0,0,1,0,1
0,0,1,0,1
0,0,1,0,1
0,0,1,0,1
0,0,1,0,1
0,0,1,0,1
0,0,2,0,2
0,0,1,0,1
0,0,1,0,1
0,0,1,0,1
0,0,2,0,2
0,0,1,0,1
0,0,1,0,1
0,0,1,0,1
0,0,2,0,2
0,0,1,0,1
0,0,1,0,1
0,0,1,0,1
0,0,1,0,1
0,0,1,0,1
0,0,1,0,1
0,0,1,0,1
0,0,1,0,1
0,0,2,0,2
0,0,1,0,1
0,0,1,0,1
0,0,1,0,1
0,0,1,0,1
0,0,1,0,1
0,0,2,0,2
0,0,1,0,1
0,0,1,0,1
0,0,1,0,1
0,0,1,0,1
0,0,1,0,1
0,0,1,0,1
0,0,1,0,1
0,0,1,0,1
0,0,1,0,1
0,0,1,0,1
0,0,2,0,2
0,0,1,0,1
0,0,1,0,1
0,0,2,0,2
0,0,1,0,1
0,0,2,0,2
0,0,1,0,1
0,0,2,0,2
0,0,1,0,1
0,0,1,0,1
0,0,2,0,2
0,0,1,0,1
0,0,1,0,1
0,0,1,0,1
0,0,1,0,1
0,0,1,0,1
0,0,1,0,1
0,0,1,0,1
0,0,1,0,1
0,0,1,0,1
0,0,2,0,2
0,0,1,0,1
0,0,1,0,1
0,0,1,0,1
0,0,2,0,2
0,0,1,0,1
0,0,1,0,1
0,0,1,0,1
0,0,1,0,1
0,0,1,0,1
0,0,1,0,1
0,0,2,0,2
0,0,1,0,1
0,0,1,0,1
0,0,1,0,1
0,0,1,0,1
0,0,1,0,1
0,0,2,0,2
0,0,1,0,1
0,0,1,0,1
0,0,1,0,1
0,0,1,0,1
0,0,1,0,1
0,0,1,0,1
0,0,2,0,2
0,0,1,0,1
0,0,1,0,1
0,0,1,0,1
0,0,1,0,1
0,0,1,0,1
0,0,1,0,1
0,0,1,0,1
0,0,1,0,1
0,0,1,0,1
0,0,1,0,1
0,0,2,0,2
0,0,1,0,1
0,0,1,0,1
0,0,1,0,1
0,0,1,0,1
0,0,1,0,1
0,0,1,0,1
0,0,1,0,1
0,0,1,0,1
0,0,1,0,1
0,0,4,0,4
0,0,2,0,2
0,0,1,0,1
0,0,2,0,2
0,0,1,0,1
0,0,1,0,1
0,0,1,0,1
0,0,1,0,1
0,0,1,0,1
0,0,1,0,1
0,0,1,0,1
0,0,1,0,1
0,0,3,0,3
0,0,1,0,1
0,0,1,0,1
0,0,1,0,1
0,0,3,0,3
0,0,1,0,1
0,0,1,0,1
0,0,1,0,1
0,0,1,0,1
0,0,2,0,2
0,0,1,0,1
0,0,1,0,1
0,0,2,0,2
0,0,1,0,1
0,0,2,0,2
0,0,1,0,1
0,0,1,0,1
0,0,1,0,1
0,0,2,0,2
0,0,1,0,1
0,0,2,0,2
0,0,1,0,1
0,0,1,0,1
0,0,2,0,2
0,0,1,0,1
0,0,1,0,1
0,0,1,0,1
0,0,2,0,2
0,0,1,0,1
0,0,1,0,1
0,0,1,0,1
0,0,1,0,1
0,0,3,0,3
0,0,1,0,1
0,0,2,0,2
0,0,1,0,1
0,0,1,0,1
0,0,1,0,1
0,0,1,0,1
0,0,2,0,2
0,0,1,0,1
0,0,1,0,1
0,0,1,0,1
0,0,1,0,1
0,0,2,0,2
0,0,1,0,1
0,0,1,0,1
0,0,1,0,1
0,0,1,0,1
0,0,1,0,1
0,0,1,0,1
0,0,1,0,1
0,0,1,0,1
0,0,1,0,1
0,0,1,0,1
0,0,1,0,1
0,0,1,0,1
0,0,1,0,1
0,0,1,0,1
0,0,1,0,1
0,0,1,0,1
0,0,1,0,1
0,0,1,0,1
0,0,1,0,1
0,0,1,0,1
0,0,1,0,1
0,0,1,0,1
0,0,1,0,1
0,0,1,0,1
0,0,1,0,1
0,0,1,0,1
0,0,1,0,1
0,0,1,0,1
0,0,1,0,1
0,0,1,0,1
0,0,1,0,1
0,0,2,0,2
0,0,1,0,1
0,0,2,0,2
0,0,1,0,1
0,0,1,0,1
0,0,1,0,1
0,0,1,0,1
0,0,1,0,1
0,0,1,0,1
0,0,2,0,2
0,0,1,0,1
0,0,1,0,1
0,0,1,0,1
0,0,1,0,1
0,0,1,0,1
0,0,2,0,2
0,0,1,0,1
0,0,1,0,1
0,0,1,0,1
0,0,2,0,2
0,0,2,0,2
0,0,1,0,1
0,0,2,0,2
0,0,1,0,1
0,0,1,0,1
0,0,1,0,1
0,0,1,0,1
0,0,1,0,1
0,0,2,0,2
0,0,1,0,1
0,0,1,0,1
0,0,2,0,2
0,0,1,0,1
0,0,1,0,1
0,0,1,0,1
0,0,1,0,1
0,0,1,0,1
0,0,1,0,1
0,0,1,0,1
0,0,2,0,2
0,0,1,0,1
0,0,1,0,1
0,0,2,0,2
0,0,1,0,1
0,0,1,0,1
0,0,1,0,1
0,0,1,0,1
0,0,1,0,1
0,0,1,0,1
0,0,1,0,1
0,0,1,0,1
0,0,2,0,2
0,0,1,0,1
0,0,1,0,1
0,0,2,0,2
0,0,1,0,1
0,0,1,0,1
0,0,2,0,2
0,0,1,0,1
0,0,2,0,2
0,0,1,0,1
0,0,1,0,1
0,0,1,0,1
0,0,1,0,1
0,0,1,0,1
0,0,2,0,2
0,0,1,0,1
0,0,1,0,1
0,0,1,0,1
0,0,1,0,1
0,0,1,0,1
0,0,1,0,1
0,0,1,0,1
0,0,1,0,1
0,0,1,0,1
0,0,1,0,1
0,0,1,0,1
0,0,1,0,1
0,0,1,0,1
0,0,1,0,1
0,0,1,0,1
0,0,1,0,1
0,0,1,0,1
0,0,1,0,1
0,0,1,0,1
0,0,2,0,2
0,0,1,0,1
0,0,2,0,2
0,0,1,0,1
0,0,1,0,1
0,0,1,0,1
0,0,1,0,1
0,0,1,0,1
0,0,1,0,1
0,0,1,0,1
0,0,2,0,2
0,0,1,0,1
0,0,1,0,1
0,0,1,0,1
0,0,1,0,1
0,0,1,0,1
0,0,2,0,2
0,0,1,0,1
0,0,1,0,1
0,0,1,0,1
0,0,1,0,1
0,0,1,0,1
0,0,1,0,1
0,0,2,0,2
0,0,1,0,1
0,0,1,0,1
0,0,1,0,1
0,0,1,0,1
0,0,2,0,2
0,0,1,0,1
0,0,1,0,1
0,0,2,0,2
0,0,1,0,1
0,0,1,0,1
0,0,1,0,1
0,0,1,0,1
0,0,1,0,1
0,0,2,0,2
0,0,1,0,1
0,0,1,0,1
0,0,1,0,1
0,0,1,0,1
0,0,2,0,2
0,0,1,0,1
0,0,2,0,2
0,0,2,0,2
0,0,1,0,1
0,0,1,0,1
0,0,1,0,1
0,0,1,0,1
0,0,1,0,1
0,0,1,0,1
0,0,1,0,1
0,0,4,0,4
0,0,1,0,1
0,0,1,0,1
0,0,1,0,1
0,0,1,0,1
0,0,1,0,1
0,0,1,0,1
0,0,1,0,1
0,0,1,0,1
0,0,1,0,1
0,0,1,0,1
0,0,1,0,1
0,0,1,0,1
0,0,1,0,1
0,0,1,0,1
0,0,1,0,1
0,0,1,0,1
0,0,1,0,1
0,0,1,0,1
0,0,1,0,1
0,0,1,0,1
0,0,1,0,1
0,0,1,0,1
0,0,2,0,2
0,0,2,0,2
0,0,1,0,1
0,0,2,0,2
0,0,1,0,1
0,0,1,0,1
0,0,1,0,1
0,0,1,0,1
0,0,1,0,1
0,0,1,0,1
0,0,1,0,1
0,0,1,0,1
0,0,1,0,1
0,0,1,0,1
0,0,1,0,1
0,0,1,0,1
0,0,1,0,1
0,0,2,0,2
0,0,1,0,1
0,0,1,0,1
0,0,1,0,1
0,0,1,0,1
0,0,1,0,1
0,0,1,0,1
0,0,1,0,1
0,0,1,0,1
0,0,1,0,1
0,0,1,0,1
0,0,1,0,1
0,0,2,0,2
0,0,1,0,1
0,0,1,0,1
0,0,1,0,1
0,0,1,0,1
0,0,2,0,2
0,0,1,0,1
0,0,1,0,1
0,0,1,0,1
0,0,1,0,1
0,0,1,0,1
0,0,1,0,1
0,0,1,0,1
0,0,1,0,1
0,0,1,0,1
0,0,2,0,2
0,0,1,0,1
0,0,2,0,2
0,0,1,0,1
0,0,1,0,1
0,0,1,0,1
0,0,1,0,1
0,0,1,0,1
0,0,2,0,2
0,0,1,0,1
0,0,1,0,1
0,0,2,0,2
0,0,1,0,1
0,0,1,0,1
0,0,1,0,1
0,0,1,0,1
0,0,1,0,1
0,0,1,0,1
0,0,2,0,2
0,0,1,0,1
0,0,1,0,1
0,0,1,0,1
0,0,1,0,1
0,0,1,0,1
0,0,1,0,1
0,0,3,0,3
0,0,1,0,1
0,0,2,0,2
0,0,3,0,3
0,0,1,0,1
0,0,1,0,1
0,0,1,0,1
0,0,1,0,1
0,0,2,0,2
0,0,1,0,1
0,0,2,0,2
0,0,1,0,1
0,0,1,0,1
0,0,1,0,1
0,0,1,0,1
0,0,1,0,1
0,0,2,0,2
0,0,1,0,1
0,0,1,0,1
0,0,1,0,1
0,0,1,0,1
0,0,1,0,1
0,0,1,0,1
0,0,1,0,1
0,0,1,0,1
0,0,1,0,1
0,0,2,0,2
0,0,1,0,1
0,0,1,0,1
0,0,1,0,1
0,0,1,0,1
0,0,1,0,1
0,0,1,0,1
0,0,2,0,2
0,0,2,0,2
0,0,1,0,1
0,0,3,0,3
0,0,1,0,1
0,0,1,0,1
0,0,1,0,1
0,0,1,0,1
0,0,1,0,1
0,0,1,0,1
0,0,1,0,1
0,0,1,0,1
0,0,2,0,2
0,0,1,0,1
0,0,1,0,1
0,0,2,0,2
0,0,1,0,1
0,0,2,0,2
0,0,1,0,1
0,0,1,0,1
0,0,1,0,1
0,0,1,0,1
0,0,1,0,1
0,0,2,0,2
0,0,1,0,1
0,0,1,0,1
0,0,1,0,1
0,0,1,0,1
0,0,2,0,2
0,0,1,0,1
0,0,1,0,1
0,0,1,0,1
0,0,3,0,3
0,0,1,0,1
0,0,1,0,1
0,0,1,0,1
0,0,1,0,1
0,0,1,0,1
0,0,1,0,1
0,0,1,0,1
0,0,1,0,1
0,0,2,0,2
0,0,1,0,1
0,0,1,0,1
0,0,1,0,1
0,0,1,0,1
0,0,1,0,1
0,0,1,0,1
0,0,1,0,1
0,0,1,0,1
0,0,1,0,1
0,0,1,0,1
0,0,1,0,1
0,0,2,0,2
0,0,2,0,2
0,0,1,0,1
0,0,1,0,1
0,0,1,0,1
0,0,1,0,1
0,0,1,0,1
0,0,1,0,1
0,0,1,0,1
0,0,3,0,3
0,0,2,0,2
0,0,1,0,1
0,0,1,0,1
0,0,1,0,1
0,0,1,0,1
0,0,1,0,1
0,0,1,0,1
0,0,1,0,1
0,0,2,0,2
0,0,1,0,1
0,0,1,0,1
0,0,1,0,1
0,0,1,0,1
0,0,1,0,1
0,0,1,0,1
0,0,1,0,1
0,0,1,0,1
0,0,1,0,1
0,0,1,0,1
0,0,1,0,1
0,0,1,0,1
0,0,1,0,1
0,0,1,0,1
0,0,1,0,1
0,0,1,0,1
0,0,2,0,2
0,0,1,0,1
0,0,2,0,2
0,0,1,0,1
0,0,1,0,1
0,0,2,0,2
0,0,2,0,2
0,0,1,0,1
0,0,1,0,1
0,0,1,0,1
0,0,1,0,1
0,0,1,0,1
0,0,1,0,1
0,0,1,0,1
0,0,2,0,2
0,0,1,0,1
0,0,1,0,1
0,0,1,0,1
0,0,1,0,1
0,0,1,0,1
0,0,2,0,2
0,0,1,0,1
0,0,1,0,1
0,0,1,0,1
0,0,1,0,1
0,0,2,0,2
0,0,1,0,1
0,0,1,0,1
0,0,1,0,1
0,0,1,0,1
0,0,1,0,1
0,0,1,0,1
0,0,1,0,1
0,0,1,0,1
0,0,1,0,1
0,0,1,0,1
0,0,1,0,1
0,0,2,0,2
0,0,1,0,1
0,0,1,0,1
0,0,1,0,1
0,0,1,0,1
0,0,1,0,1
0,0,1,0,1
0,0,1,0,1
0,0,1,0,1
0,0,1,0,1
0,0,1,0,1
0,0,1,0,1
0,0,2,0,2
0,0,1,0,1
0,0,1,0,1
0,0,1,0,1
0,0,1,0,1
0,0,1,0,1
0,0,1,0,1
0,0,1,0,1
0,0,1,0,1
0,0,1,0,1
0,0,1,0,1
0,0,1,0,1
0,0,1,0,1
0,0,1,0,1
0,0,1,0,1
0,0,1,0,1
0,0,1,0,1
0,0,1,0,1
0,0,1,0,1
0,0,1,0,1
0,0,1,0,1
0,0,1,0,1
0,0,1,0,1
0,0,1,0,1
0,0,1,0,1
0,0,1,0,1
0,0,1,0,1
0,0,1,0,1
0,0,1,0,1
0,0,1,0,1
0,0,2,0,2
0,0,1,0,1
0,0,1,0,1
0,0,1,0,1
0,0,1,0,1
0,0,1,0,1
0,0,2,0,2
0,0,1,0,1
0,0,1,0,1
0,0,1,0,1
0,0,1,0,1
0,0,1,0,1
0,0,1,0,1
0,0,1,0,1
0,0,1,0,1
0,0,1,0,1
0,0,1,0,1
0,0,1,0,1
0,0,1,0,1
0,0,1,0,1
0,0,1,0,1
0,0,1,0,1
0,0,1,0,1
0,0,1,0,1
0,0,1,0,1
0,0,1,0,1
0,0,1,0,1
0,0,1,0,1
0,0,1,0,1
0,0,1,0,1
0,0,1,0,1
0,0,2,0,2
0,0,1,0,1
0,0,2,0,2
0,0,1,0,1
0,0,1,0,1
0,0,1,0,1
0,0,1,0,1
0,0,1,0,1
0,0,1,0,1
0,0,1,0,1
0,0,1,0,1
0,0,1,0,1
0,0,1,0,1
0,0,1,0,1
0,0,1,0,1
0,0,1,0,1
0,0,1,0,1
0,0,1,0,1
0,0,1,0,1
0,0,1,0,1
0,0,1,0,1
0,0,1,0,1
0,0,1,0,1
0,0,1,0,1
0,0,1,0,1
0,0,1,0,1
0,0,2,0,2
0,0,1,0,1
0,0,1,0,1
0,0,1,0,1
0,0,1,0,1
0,0,1,0,1
0,0,1,0,1
0,0,1,0,1
0,0,1,0,1
0,0,1,0,1
0,0,1,0,1
0,0,1,0,1
0,0,1,0,1
0,0,1,0,1
0,0,2,0,2
0,0,1,0,1
0,0,1,0,1
0,0,1,0,1
0,0,1,0,1
0,0,1,0,1
0,0,2,0,2
0,0,1,0,1
0,0,1,0,1
0,0,1,0,1
0,0,1,0,1
0,0,1,0,1
0,0,1,0,1
0,0,1,0,1
0,0,1,0,1
0,0,1,0,1
0,0,2,0,2
0,0,1,0,1
0,0,1,0,1
0,0,1,0,1
0,0,1,0,1
0,0,1,0,1
0,0,2,0,2
0,0,2,0,2
0,0,1,0,1
0,0,1,0,1
0,0,2,0,2
0,0,2,0,2
0,0,1,0,1
0,0,1,0,1
0,0,1,0,1
0,0,2,0,2
0,0,1,0,1
0,0,1,0,1
0,0,1,0,1
0,0,1,0,1
0,0,1,0,1
0,0,1,0,1
0,0,1,0,1
0,0,1,0,1
0,0,1,0,1
0,0,1,0,1
0,0,2,0,2
0,0,1,0,1
0,0,1,0,1
0,0,1,0,1
0,0,1,0,1
0,0,1,0,1
0,0,1,0,1
0,0,1,0,1
0,0,1,0,1
0,0,1,0,1
0,0,1,0,1
0,0,1,0,1
0,0,1,0,1
0,0,1,0,1
0,0,1,0,1
0,0,1,0,1
0,0,1,0,1
0,0,2,0,2
0,0,2,0,2
0,0,1,0,1
0,0,1,0,1
0,0,1,0,1
0,0,1,0,1
0,0,1,0,1
0,0,1,0,1
0,0,1,0,1
0,0,1,0,1
0,0,2,0,2
0,0,1,0,1
0,0,1,0,1
0,0,1,0,1
0,0,1,0,1
0,0,1,0,1
0,0,2,0,2
0,0,2,0,2
0,0,1,0,1
0,0,1,0,1
0,0,1,0,1
0,0,1,0,1
0,0,1,0,1
0,0,1,0,1
0,0,1,0,1
0,0,1,0,1
0,0,1,0,1
0,0,3,0,3
0,0,1,0,1
0,0,1,0,1
0,0,2,0,2
0,0,1,0,1
0,0,1,0,1
0,0,1,0,1
0,0,1,0,1
0,0,2,0,2
0,0,1,0,1
0,0,1,0,1
0,0,2,0,2
0,0,1,0,1
0,0,1,0,1
0,0,1,0,1
0,0,1,0,1
0,0,1,0,1
0,0,1,0,1
0,0,1,0,1
0,0,1,0,1
0,0,1,0,1
0,0,1,0,1
0,0,1,0,1
0,0,1,0,1
0,0,1,0,1
0,0,1,0,1
0,0,1,0,1
0,0,1,0,1
0,0,1,0,1
0,0,1,0,1
0,0,1,0,1
0,0,1,0,1
0,0,1,0,1
0,0,2,0,2
0,0,1,0,1
0,0,1,0,1
0,0,1,0,1
0,0,1,0,1
0,0,1,0,1
0,0,2,0,2
0,0,2,0,2
0,0,1,0,1
0,0,1,0,1
0,0,1,0,1
0,0,1,0,1
0,0,1,0,1
0,0,2,0,2
0,0,1,0,1
0,0,1,0,1
0,0,1,0,1
0,0,1,0,1
0,0,2,0,2
0,0,2,0,2
0,0,1,0,1
0,0,1,0,1
0,0,1,0,1
0,0,1,0,1
0,0,1,0,1
0,0,1,0,1
0,0,1,0,1
0,0,1,0,1
0,0,2,0,2
0,0,1,0,1
0,0,1,0,1
0,0,1,0,1
0,0,1,0,1
0,0,1,0,1
0,0,1,0,1
0,0,1,0,1
0,0,1,0,1
0,0,2,0,2
0,0,1,0,1
0,0,1,0,1
0,0,2,0,2
0,0,1,0,1
0,0,1,0,1
0,0,1,0,1
0,0,1,0,1
0,0,1,0,1
0,0,1,0,1
0,0,1,0,1
0,0,1,0,1
0,0,2,0,2
0,0,1,0,1
0,0,2,0,2
0,0,1,0,1
0,0,1,0,1
0,0,1,0,1
0,0,1,0,1
0,0,1,0,1
0,0,2,0,2
0,0,1,0,1
0,0,1,0,1
0,0,1,0,1
0,0,1,0,1
0,0,1,0,1
0,0,1,0,1
0,0,1,0,1
0,0,1,0,1
0,0,1,0,1
0,0,1,0,1
0,0,1,0,1
0,0,1,0,1
0,0,1,0,1
0,0,1,0,1
0,0,1,0,1
0,0,1,0,1
0,0,1,0,1
0,0,1,0,1
0,0,2,0,2
0,0,1,0,1
0,0,1,0,1
0,0,1,0,1
0,0,1,0,1
0,0,1,0,1
0,0,1,0,1
0,0,1,0,1
0,0,1,0,1
0,0,1,0,1
0,0,1,0,1
0,0,1,0,1
0,0,1,0,1
0,0,1,0,1
0,0,1,0,1
0,0,1,0,1
0,0,1,0,1
0,0,1,0,1
0,0,1,0,1
0,0,1,0,1
0,0,1,0,1
0,0,1,0,1
0,0,1,0,1
0,0,1,0,1
0,0,1,0,1
0,0,1,0,1
0,0,1,0,1
0,0,1,0,1
0,0,2,0,2
0,0,1,0,1
0,0,1,0,1
0,0,1,0,1
0,0,1,0,1
0,0,1,0,1
0,0,1,0,1
0,0,1,0,1
0,0,1,0,1
0,0,1,0,1
0,0,1,0,1
0,0,1,0,1
0,0,1,0,1
0,0,1,0,1
0,0,2,0,2
0,0,1,0,1
0,0,1,0,1
0,0,3,0,3
0,0,1,0,1
0,0,1,0,1
0,0,1,0,1
0,0,1,0,1
0,0,1,0,1
0,0,1,0,1
0,0,1,0,1
0,0,1,0,1
0,0,1,0,1
0,0,1,0,1
0,0,1,0,1
0,0,1,0,1
0,0,1,0,1
0,0,1,0,1
0,0,1,0,1
0,0,1,0,1
0,0,1,0,1
0,0,1,0,1
0,0,2,0,2
0,0,1,0,1
0,0,1,0,1
0,0,1,0,1
0,0,1,0,1
0,0,1,0,1
0,0,1,0,1
0,0,1,0,1
0,0,1,0,1
0,0,1,0,1
0,0,1,0,1
0,0,1,0,1
0,0,1,0,1
0,0,1,0,1
0,0,1,0,1
0,0,1,0,1
0,0,1,0,1
0,0,2,0,2
0,0,1,0,1
0,0,1,0,1
0,0,1,0,1
0,0,1,0,1
0,0,2,0,2
0,0,1,0,1
0,0,1,0,1
0,0,1,0,1
0,0,2,0,2
0,0,1,0,1
0,0,1,0,1
0,0,1,0,1
0,0,1,0,1
0,0,1,0,1
0,0,1,0,1
0,0,1,0,1
0,0,2,0,2
0,0,1,0,1
0,0,1,0,1
0,0,1,0,1
0,0,1,0,1
0,0,1,0,1
0,0,1,0,1
0,0,1,0,1
0,0,1,0,1
0,0,1,0,1
0,0,1,0,1
0,0,2,0,2
0,0,1,0,1
0,0,1,0,1
0,0,1,0,1
0,0,1,0,1
0,0,1,0,1
0,0,2,0,2
0,0,1,0,1
0,0,1,0,1
0,0,1,0,1
0,0,1,0,1
0,0,1,0,1
0,0,2,0,2
0,0,1,0,1
0,0,1,0,1
0,0,1,0,1
0,0,1,0,1
0,0,2,0,2
0,0,1,0,1
0,0,1,0,1
0,0,1,0,1
0,0,1,0,1
0,0,2,0,2
0,0,1,0,1
0,0,1,0,1
0,0,1,0,1
0,0,1,0,1
0,0,1,0,1
0,0,1,0,1
0,0,1,0,1
0,0,1,0,1
0,0,1,0,1
0,0,1,0,1
0,0,1,0,1
0,0,1,0,1
0,0,1,0,1
0,0,1,0,1
0,0,1,0,1
0,0,1,0,1
0,0,1,0,1
0,0,1,0,1
0,0,1,0,1
0,0,1,0,1
0,0,1,0,1
0,0,2,0,2
0,0,2,0,2
0,0,1,0,1
0,0,1,0,1
0,0,1,0,1
0,0,1,0,1
0,0,1,0,1
0,0,1,0,1
0,0,1,0,1
0,0,1,0,1
0,0,1,0,1
0,0,1,0,1
0,0,1,0,1
0,0,1,0,1
0,0,2,0,2
0,0,1,0,1
0,0,1,0,1
0,0,1,0,1
0,0,1,0,1
0,0,1,0,1
0,0,1,0,1
0,0,1,0,1
0,0,1,0,1
0,0,1,0,1
0,0,1,0,1
0,0,1,0,1
0,0,2,0,2
0,0,1,0,1
0,0,1,0,1
0,0,1,0,1
0,0,1,0,1
0,0,2,0,2
0,0,1,0,1
0,0,1,0,1
0,0,1,0,1
0,0,1,0,1
0,0,2,0,2
0,0,1,0,1
0,0,1,0,1
0,0,1,0,1
0,0,1,0,1
0,0,1,0,1
0,0,2,0,2
0,0,1,0,1
0,0,1,0,1
0,0,1,0,1
0,0,1,0,1
0,0,1,0,1
0,0,1,0,1
0,0,1,0,1
0,0,1,0,1
0,0,1,0,1
0,0,1,0,1
0,0,1,0,1
0,0,1,0,1
0,0,1,0,1
0,0,1,0,1
0,0,1,0,1
0,0,2,0,2
0,0,1,0,1
0,0,1,0,1
0,0,1,0,1
0,0,1,0,1
0,0,1,0,1
0,0,1,0,1
0,0,1,0,1
0,0,1,0,1
0,0,1,0,1
0,0,1,0,1
0,0,1,0,1
0,0,1,0,1
0,0,1,0,1
0,0,1,0,1
0,0,1,0,1
0,0,1,0,1
0,0,1,0,1
0,0,1,0,1
0,0,2,0,2
0,0,1,0,1
0,0,1,0,1
0,0,1,0,1
0,0,1,0,1
0,0,1,0,1
0,0,1,0,1
0,0,1,0,1
0,0,1,0,1
0,0,1,0,1
0,0,1,0,1
0,0,1,0,1
0,0,1,0,1
0,0,1,0,1
0,0,2,0,2
0,0,1,0,1
0,0,1,0,1
0,0,1,0,1
0,0,1,0,1
0,0,2,0,2
0,0,1,0,1
0,0,1,0,1
0,0,1,0,1
0,0,1,0,1
0,0,1,0,1
0,0,1,0,1
0,0,1,0,1
0,0,1,0,1
0,0,1,0,1
0,0,1,0,1
0,0,1,0,1
0,0,1,0,1
0,0,1,0,1
0,0,1,0,1
0,0,1,0,1
0,0,1,0,1
0,0,2,0,2
0,0,1,0,1
0,0,1,0,1
0,0,1,0,1
0,0,1,0,1
0,0,1,0,1
0,0,1,0,1
0,0,1,0,1
0,0,1,0,1
0,0,1,0,1
0,0,1,0,1
0,0,1,0,1
0,0,1,0,1
0,0,1,0,1
0,0,1,0,1
0,0,1,0,1
0,0,2,0,2
0,0,1,0,1
0,0,1,0,1
0,0,1,0,1
0,0,1,0,1
0,0,1,0,1
0,0,1,0,1
0,0,1,0,1
0,0,1,0,1
0,0,1,0,1
0,0,1,0,1
0,0,1,0,1
0,0,1,0,1
0,0,1,0,1
0,0,1,0,1
0,0,1,0,1
0,0,1,0,1
0,0,2,0,2
0,0,1,0,1
0,0,1,0,1
0,0,1,0,1
0,0,1,0,1
0,0,1,0,1
0,0,1,0,1
0,0,1,0,1
0,0,1,0,1
0,0,1,0,1
0,0,1,0,1
0,0,2,0,2
0,0,1,0,1
0,0,1,0,1
0,0,2,0,2
0,0,1,0,1
0,0,1,0,1
0,0,1,0,1
0,0,1,0,1
0,0,1,0,1
0,0,1,0,1
0,0,1,0,1
0,0,1,0,1
0,0,2,0,2
0,0,1,0,1
0,0,1,0,1
0,0,1,0,1
0,0,1,0,1
0,0,1,0,1
0,0,1,0,1
0,0,1,0,1
0,0,1,0,1
0,0,1,0,1
0,0,1,0,1
0,0,1,0,1
0,0,1,0,1
0,0,1,0,1
0,0,1,0,1
0,0,1,0,1
0,0,1,0,1
0,0,1,0,1
0,0,1,0,1
0,0,1,0,1
0,0,1,0,1
0,0,1,0,1
0,0,1,0,1
0,0,1,0,1
0,0,1,0,1
0,0,1,0,1
0,0,1,0,1
0,0,1,0,1
0,0,1,0,1
0,0,1,0,1
0,0,1,0,1
0,0,2,0,2
0,0,1,0,1
0,0,1,0,1
0,0,1,0,1
0,0,1,0,1
0,0,1,0,1
0,0,1,0,1
0,0,1,0,1
0,0,1,0,1
0,0,1,0,1
0,0,1,0,1
0,0,1,0,1
0,0,1,0,1
0,0,1,0,1
0,0,1,0,1
0,0,1,0,1
0,0,1,0,1
0,0,1,0,1
0,0,1,0,1
0,0,1,0,1
0,0,1,0,1
0,0,1,0,1
0,0,1,0,1
0,0,1,0,1
0,0,1,0,1
0,0,1,0,1
0,0,1,0,1
0,0,1,0,1
0,0,2,0,2
0,0,1,0,1
0,0,1,0,1
0,0,1,0,1
0,0,1,0,1
0,0,1,0,1
0,0,1,0,1
0,0,1,0,1
0,0,1,0,1
0,0,1,0,1
0,0,1,0,1
0,0,1,0,1
0,0,1,0,1
0,0,1,0,1
0,0,1,0,1
0,0,1,0,1
0,0,1,0,1
0,0,1,0,1
0,0,1,0,1
0,0,1,0,1
0,0,1,0,1
0,0,1,0,1
0,0,1,0,1
0,0,1,0,1
0,0,1,0,1
0,0,1,0,1
0,0,1,0,1
0,0,1,0,1
0,0,1,0,1
0,0,1,0,1
0,0,1,0,1
0,0,2,0,2
0,0,1,0,1
0,0,1,0,1
0,0,2,0,2
0,0,1,0,1
0,0,1,0,1
0,0,1,0,1
0,0,1,0,1
0,0,1,0,1
0,0,1,0,1
0,0,1,0,1
0,0,1,0,1
0,0,1,0,1
0,0,1,0,1
0,0,1,0,1
0,0,1,0,1
0,0,1,0,1
0,0,1,0,1
0,0,1,0,1
0,0,1,0,1
0,0,1,0,1
0,0,1,0,1
0,0,1,0,1
0,0,1,0,1
0,0,1,0,1
0,0,1,0,1
0,0,1,0,1
0,0,1,0,1
0,0,1,0,1
0,0,1,0,1
0,0,1,0,1
0,0,1,0,1
0,0,1,0,1
0,0,1,0,1
0,0,1,0,1
0,0,1,0,1
0,0,1,0,1
0,0,1,0,1
0,0,2,0,2
0,0,1,0,1
0,0,1,0,1
0,0,1,0,1
0,0,1,0,1
0,0,1,0,1
0,0,1,0,1
0,0,1,0,1
0,0,1,0,1
0,0,1,0,1
0,0,1,0,1
0,0,1,0,1
0,0,1,0,1
0,0,1,0,1
0,0,1,0,1
0,0,1,0,1
0,0,1,0,1
0,0,1,0,1
0,0,1,0,1
0,0,1,0,1
0,0,1,0,1
0,0,1,0,1
0,0,1,0,1
0,0,1,0,1
0,0,1,0,1
0,0,1,0,1
0,0,1,0,1
0,0,1,0,1
0,0,1,0,1
0,0,1,0,1
0,0,1,0,1
0,0,1,0,1
0,0,1,0,1
0,0,1,0,1
0,0,1,0,1
0,0,1,0,1
0,0,1,0,1
0,0,1,0,1
0,0,2,0,2
0,0,1,0,1
0,0,1,0,1
0,0,1,0,1
0,0,1,0,1
0,0,1,0,1
0,0,1,0,1
0,0,1,0,1
0,0,1,0,1
0,0,1,0,1
0,0,1,0,1
0,0,1,0,1
0,0,1,0,1
0,0,1,0,1
0,0,1,0,1
0,0,2,0,2
0,0,1,0,1
0,0,1,0,1
0,0,1,0,1
0,0,1,0,1
0,0,1,0,1
0,0,1,0,1
0,0,1,0,1
0,0,1,0,1
0,0,1,0,1
0,0,1,0,1
0,0,2,0,2
0,0,1,0,1
0,0,1,0,1
0,0,1,0,1
0,0,1,0,1
0,0,1,0,1
0,0,1,0,1
0,0,1,0,1
0,0,1,0,1
0,0,1,0,1
0,0,1,0,1
0,0,1,0,1
0,0,2,0,2
0,0,1,0,1
0,0,2,0,2
0,0,1,0,1
0,0,1,0,1
0,0,1,0,1
0,0,1,0,1
0,0,1,0,1
0,0,1,0,1
0,0,1,0,1
0,0,1,0,1
0,0,1,0,1
0,0,1,0,1
0,0,1,0,1
0,0,1,0,1
0,0,1,0,1
0,0,2,0,2
0,0,1,0,1
0,0,1,0,1
0,0,1,0,1
0,0,1,0,1
0,0,1,0,1
0,0,1,0,1
0,0,1,0,1
0,0,1,0,1
0,0,1,0,1
0,0,1,0,1
0,0,1,0,1
0,0,1,0,1
0,0,1,0,1
0,0,1,0,1
0,0,1,0,1
0,0,1,0,1
0,0,1,0,1
0,0,1,0,1
0,0,1,0,1
0,0,1,0,1
0,0,1,0,1
0,0,1,0,1
0,0,1,0,1
0,0,1,0,1
0,0,1,0,1
0,0,1,0,1
0,0,1,0,1
0,0,1,0,1
0,0,1,0,1
0,0,1,0,1
0,0,1,0,1
0,0,2,0,2
0,0,1,0,1
0,0,1,0,1
0,0,1,0,1
0,0,1,0,1
0,0,1,0,1
0,0,1,0,1
0,0,1,0,1
0,0,1,0,1
0,0,1,0,1
0,0,1,0,1
0,0,2,0,2
0,0,1,0,1
0,0,1,0,1
0,0,2,0,2
0,0,1,0,1
0,0,1,0,1
0,0,1,0,1
0,0,1,0,1
0,0,1,0,1
0,0,1,0,1
0,0,1,0,1
0,0,1,0,1
0,0,1,0,1
0,0,1,0,1
0,0,1,0,1
0,0,1,0,1
0,0,1,0,1
0,0,1,0,1
0,0,1,0,1
0,0,1,0,1
0,0,1,0,1
0,0,1,0,1
0,0,2,0,2
0,0,1,0,1
0,0,1,0,1
0,0,1,0,1
0,0,1,0,1
0,0,1,0,1
0,0,1,0,1
0,0,1,0,1
0,0,1,0,1
0,0,1,0,1
0,0,1,0,1
0,0,1,0,1
0,0,1,0,1
0,0,1,0,1
0,0,1,0,1
0,0,1,0,1
0,0,1,0,1
0,0,1,0,1
0,0,1,0,1
0,0,1,0,1
0,0,1,0,1
0,0,1,0,1
0,0,1,0,1
0,0,1,0,1
0,0,1,0,1
0,0,1,0,1
0,0,1,0,1
0,0,1,0,1
0,0,1,0,1
0,0,1,0,1
0,0,2,0,2
0,0,1,0,1
0,0,1,0,1
0,0,1,0,1
0,0,1,0,1
0,0,1,0,1
0,0,1,0,1
0,0,1,0,1
0,0,1,0,1
0,0,1,0,1
0,0,1,0,1
0,0,1,0,1
0,0,1,0,1
0,0,1,0,1
0,0,2,0,2
0,0,2,0,2
0,0,1,0,1
0,0,1,0,1
0,0,1,0,1
0,0,1,0,1
0,0,1,0,1
0,0,1,0,1
0,0,1,0,1
0,0,1,0,1
0,0,2,0,2
0,0,1,0,1
0,0,1,0,1
0,0,1,0,1
0,0,1,0,1
0,0,1,0,1
0,0,1,0,1
0,0,1,0,1
0,0,1,0,1
0,0,1,0,1
0,0,1,0,1
0,0,1,0,1
0,0,1,0,1
0,0,1,0,1
0,0,1,0,1
0,0,1,0,1
0,0,1,0,1
0,0,1,0,1
0,0,1,0,1
0,0,1,0,1
0,0,1,0,1
0,0,1,0,1
0,0,1,0,1
0,0,1,0,1
0,0,1,0,1
0,0,1,0,1
0,0,1,0,1
0,0,1,0,1
0,0,2,0,2
0,0,1,0,1
0,0,1,0,1
0,0,1,0,1
0,0,1,0,1
0,0,1,0,1
0,0,1,0,1
0,0,1,0,1
0,0,2,0,2
0,0,1,0,1
0,0,1,0,1
0,0,1,0,1
0,0,1,0,1
0,0,1,0,1
0,0,1,0,1
0,0,1,0,1
0,0,1,0,1
0,0,1,0,1
0,0,1,0,1
0,0,1,0,1
0,0,1,0,1
0,0,1,0,1
0,0,1,0,1
0,0,1,0,1
0,0,1,0,1
0,0,1,0,1
0,0,1,0,1
0,0,1,0,1
0,0,1,0,1
0,0,1,0,1
0,0,1,0,1
0,0,1,0,1
0,0,1,0,1
0,0,1,0,1
0,0,1,0,1
0,0,1,0,1
0,0,1,0,1
0,0,1,0,1
0,0,1,0,1
0,0,1,0,1
0,0,1,0,1
0,0,1,0,1
0,0,1,0,1
0,0,1,0,1
0,0,1,0,1
0,0,1,0,1
0,0,1,0,1
0,0,1,0,1
0,0,1,0,1
0,0,1,0,1
0,0,1,0,1
0,0,1,0,1
0,0,1,0,1
0,0,1,0,1
0,0,1,0,1
0,0,1,0,1
0,0,1,0,1
0,0,1,0,1
0,0,1,0,1
0,0,1,0,1
0,0,1,0,1
0,0,1,0,1
0,0,1,0,1
0,0,1,0,1
0,0,2,0,2
0,0,1,0,1
0,0,1,0,1
0,0,1,0,1
0,0,1,0,1
0,0,1,0,1
0,0,1,0,1
0,0,1,0,1
0,0,1,0,1
0,0,1,0,1
0,0,1,0,1
0,0,1,0,1
0,0,1,0,1
0,0,1,0,1
0,0,1,0,1
0,0,1,0,1
0,0,1,0,1
0,0,1,0,1
0,0,1,0,1
0,0,1,0,1
0,0,1,0,1
0,0,1,0,1
0,0,1,0,1
0,0,1,0,1
0,0,1,0,1
0,0,1,0,1
0,0,1,0,1
0,0,1,0,1
0,0,1,0,1
0,0,1,0,1
0,0,1,0,1
0,0,1,0,1
0,0,1,0,1
0,0,1,0,1
0,0,1,0,1
0,0,1,0,1
0,0,1,0,1
0,0,1,0,1
0,0,1,0,1
0,0,1,0,1
0,0,1,0,1
0,0,1,0,1
0,0,1,0,1
0,0,1,0,1
0,0,1,0,1
0,0,1,0,1
0,0,1,0,1
0,0,1,0,1
0,0,1,0,1
0,0,1,0,1
0,0,1,0,1
0,0,1,0,1
0,0,1,0,1
0,0,1,0,1
0,0,1,0,1
0,0,1,0,1
0,0,2,0,2
0,0,1,0,1
0,0,1,0,1
0,0,1,0,1
0,0,1,0,1
0,0,1,0,1
0,0,1,0,1
0,0,1,0,1
0,0,1,0,1
0,0,1,0,1
0,0,1,0,1
0,0,1,0,1
0,0,1,0,1
0,0,1,0,1
0,0,1,0,1
0,0,1,0,1
0,0,1,0,1
0,0,1,0,1
0,0,1,0,1
0,0,1,0,1
0,0,1,0,1
0,0,1,0,1
0,0,1,0,1
0,0,1,0,1
0,0,1,0,1
0,0,1,0,1
0,0,1,0,1
0,0,1,0,1
0,0,1,0,1
0,0,1,0,1
0,0,1,0,1
0,0,1,0,1
0,0,1,0,1
0,0,1,0,1
0,0,1,0,1
0,0,1,0,1
0,0,1,0,1
0,0,1,0,1
0,0,1,0,1
0,0,1,0,1
0,0,1,0,1
0,0,1,0,1
0,0,2,0,2
0,0,1,0,1
0,0,1,0,1
0,0,1,0,1
0,0,1,0,1
0,0,1,0,1
0,0,1,0,1
0,0,1,0,1
0,0,1,0,1
0,0,2,0,2
0,0,1,0,1
0,0,1,0,1
0,0,1,0,1
0,0,1,0,1
0,0,1,0,1
0,0,1,0,1
0,0,1,0,1
0,0,1,0,1
0,0,1,0,1
0,0,1,0,1
0,0,1,0,1
0,0,1,0,1
0,0,1,0,1
0,0,2,0,2
0,0,1,0,1
0,0,1,0,1
0,0,1,0,1
0,0,1,0,1
0,0,1,0,1
0,0,1,0,1
0,0,1,0,1
0,0,1,0,1
0,0,1,0,1
0,0,1,0,1
0,0,1,0,1
0,0,2,0,2
0,0,1,0,1
0,0,1,0,1
0,0,1,0,1
0,0,1,0,1
0,0,1,0,1
0,0,1,0,1
0,0,1,0,1
0,0,1,0,1
0,0,1,0,1
0,0,1,0,1
0,0,1,0,1
0,0,1,0,1
0,0,1,0,1
0,0,1,0,1
0,0,1,0,1
0,0,2,0,2
0,0,1,0,1
0,0,2,0,2
0,0,1,0,1
0,0,1,0,1
0,0,1,0,1
0,0,1,0,1
0,0,1,0,1
0,0,1,0,1
0,0,1,0,1
0,0,1,0,1
0,0,1,0,1
0,0,1,0,1
0,0,1,0,1
0,0,1,0,1
0,0,1,0,1
0,0,1,0,1
0,0,1,0,1
0,0,1,0,1
0,0,1,0,1
0,0,1,0,1
0,0,1,0,1
0,0,1,0,1
0,0,1,0,1
0,0,1,0,1
0,0,1,0,1
0,0,1,0,1
0,0,1,0,1
0,0,1,0,1
0,0,1,0,1
0,0,1,0,1
0,0,1,0,1
0,0,1,0,1
0,0,1,0,1
0,0,1,0,1
0,0,1,0,1
0,0,1,0,1
0,0,1,0,1
0,0,1,0,1
0,0,1,0,1
0,0,1,0,1
0,0,1,0,1
0,0,1,0,1
0,0,1,0,1
0,0,1,0,1
0,0,1,0,1
0,0,1,0,1
0,0,1,0,1
0,0,1,0,1
0,0,1,0,1
0,0,1,0,1
0,0,1,0,1
0,0,1,0,1
0,0,1,0,1
0,0,1,0,1
0,0,1,0,1
0,0,1,0,1
0,0,1,0,1
0,0,1,0,1
0,0,1,0,1
0,0,1,0,1
0,0,1,0,1
0,0,1,0,1
0,0,1,0,1
0,0,1,0,1
0,0,1,0,1
0,0,1,0,1
0,0,1,0,1
0,0,1,0,1
0,0,1,0,1
0,0,1,0,1
0,0,1,0,1
0,0,1,0,1
0,0,1,0,1
0,0,1,0,1
0,0,1,0,1
0,0,1,0,1
0,0,1,0,1
0,0,1,0,1
0,0,1,0,1
0,0,1,0,1
0,0,1,0,1
0,0,1,0,1
0,0,1,0,1
0,0,1,0,1
0,0,1,0,1
0,0,1,0,1
0,0,1,0,1
0,0,1,0,1
0,0,1,0,1
0,0,1,0,1
0,0,1,0,1
0,0,1,0,1
0,0,1,0,1
0,0,1,0,1
0,0,1,0,1
0,0,1,0,1
0,0,1,0,1
0,0,1,0,1
0,0,1,0,1
0,0,1,0,1
0,0,1,0,1
0,0,1,0,1
0,0,1,0,1
0,0,1,0,1
0,0,1,0,1
0,0,1,0,1
0,0,1,0,1
0,0,1,0,1
0,0,1,0,1
0,0,1,0,1
0,0,1,0,1
0,0,1,0,1
0,0,1,0,1
0,0,1,0,1
0,0,1,0,1
0,0,1,0,1
0,0,1,0,1
0,0,1,0,1
0,0,1,0,1
0,0,1,0,1
0,0,1,0,1
0,0,1,0,1
0,0,1,0,1
0,0,1,0,1
0,0,1,0,1
0,0,1,0,1
0,0,1,0,1
0,0,1,0,1
0,0,1,0,1
0,0,1,0,1
0,0,2,0,2
0,0,1,0,1
0,0,1,0,1
0,0,1,0,1
0,0,1,0,1
0,0,1,0,1
0,0,1,0,1
0,0,1,0,1
0,0,1,0,1
0,0,1,0,1
0,0,1,0,1
0,0,1,0,1
0,0,1,0,1
0,0,1,0,1
0,0,1,0,1
0,0,1,0,1
0,0,1,0,1
0,0,1,0,1
0,0,1,0,1
0,0,1,0,1
0,0,1,0,1
0,0,1,0,1
0,0,1,0,1
0,0,1,0,1
0,0,1,0,1
0,0,1,0,1
0,0,1,0,1
0,0,1,0,1
0,0,1,0,1
0,0,2,0,2
0,0,1,0,1
0,0,1,0,1
0,0,1,0,1
0,0,1,0,1
0,0,1,0,1
0,0,1,0,1
0,0,1,0,1
0,0,1,0,1
0,0,1,0,1
0,0,1,0,1
0,0,1,0,1
0,0,1,0,1
0,0,1,0,1
0,0,1,0,1
0,0,1,0,1
0,0,1,0,1
0,0,1,0,1
0,0,1,0,1
0,0,1,0,1
0,0,1,0,1
0,0,1,0,1
0,0,1,0,1
0,0,1,0,1
0,0,1,0,1
0,0,1,0,1
0,0,1,0,1
0,0,1,0,1
0,0,1,0,1
0,0,1,0,1
0,0,1,0,1
0,0,1,0,1
0,0,1,0,1
0,0,1,0,1
0,0,1,0,1
0,0,1,0,1
0,0,1,0,1
0,0,1,0,1
0,0,1,0,1
0,0,1,0,1
0,0,1,0,1
